Price,Adj Close,Adj Close,Adj Close,Adj Close,Adj Close,Adj Close,Adj Close,Adj Close,Adj Close,Adj Close,Adj Close,Adj Close,Adj Close,Adj Close,Adj Close,Adj Close,Adj Close,Adj Close,Adj Close,Adj Close,Adj Close,Adj Close,Adj Close,Adj Close,Adj Close,Adj Close,Adj Close,Adj Close,Adj Close,Adj Close,Adj Close,Adj Close,Adj Close,Adj Close,Adj Close,Adj Close,Close,Close,Close,Close,Close,Close,Close,Close,Close,Close,Close,Close,Close,Close,Close,Close,Close,Close,Close,Close,Close,Close,Close,Close,Close,Close,Close,Close,Close,Close,Close,Close,Close,Close,Close,Close,High,High,High,High,High,High,High,High,High,High,High,High,High,High,High,High,High,High,High,High,High,High,High,High,High,High,High,High,High,High,High,High,High,High,High,High,Low,Low,Low,Low,Low,Low,Low,Low,Low,Low,Low,Low,Low,Low,Low,Low,Low,Low,Low,Low,Low,Low,Low,Low,Low,Low,Low,Low,Low,Low,Low,Low,Low,Low,Low,Low,Open,Open,Open,Open,Open,Open,Open,Open,Open,Open,Open,Open,Open,Open,Open,Open,Open,Open,Open,Open,Open,Open,Open,Open,Open,Open,Open,Open,Open,Open,Open,Open,Open,Open,Open,Open,Volume,Volume,Volume,Volume,Volume,Volume,Volume,Volume,Volume,Volume,Volume,Volume,Volume,Volume,Volume,Volume,Volume,Volume,Volume,Volume,Volume,Volume,Volume,Volume,Volume,Volume,Volume,Volume,Volume,Volume,Volume,Volume,Volume,Volume,Volume,Volume
Ticker,ABBV,AMD,AMGN,ASML,AVGO,BAC,BMY,C,COP,CVX,DVN,EOG,GS,INTC,JNJ,JPM,LLY,MPC,MRK,MS,MU,NVDA,PFE,PNC,QCOM,SLB,SOXX,TSM,UNH,USB,VLO,WFC,XLE,XLF,XLV,XOM,ABBV,AMD,AMGN,ASML,AVGO,BAC,BMY,C,COP,CVX,DVN,EOG,GS,INTC,JNJ,JPM,LLY,MPC,MRK,MS,MU,NVDA,PFE,PNC,QCOM,SLB,SOXX,TSM,UNH,USB,VLO,WFC,XLE,XLF,XLV,XOM,ABBV,AMD,AMGN,ASML,AVGO,BAC,BMY,C,COP,CVX,DVN,EOG,GS,INTC,JNJ,JPM,LLY,MPC,MRK,MS,MU,NVDA,PFE,PNC,QCOM,SLB,SOXX,TSM,UNH,USB,VLO,WFC,XLE,XLF,XLV,XOM,ABBV,AMD,AMGN,ASML,AVGO,BAC,BMY,C,COP,CVX,DVN,EOG,GS,INTC,JNJ,JPM,LLY,MPC,MRK,MS,MU,NVDA,PFE,PNC,QCOM,SLB,SOXX,TSM,UNH,USB,VLO,WFC,XLE,XLF,XLV,XOM,ABBV,AMD,AMGN,ASML,AVGO,BAC,BMY,C,COP,CVX,DVN,EOG,GS,INTC,JNJ,JPM,LLY,MPC,MRK,MS,MU,NVDA,PFE,PNC,QCOM,SLB,SOXX,TSM,UNH,USB,VLO,WFC,XLE,XLF,XLV,XOM,ABBV,AMD,AMGN,ASML,AVGO,BAC,BMY,C,COP,CVX,DVN,EOG,GS,INTC,JNJ,JPM,LLY,MPC,MRK,MS,MU,NVDA,PFE,PNC,QCOM,SLB,SOXX,TSM,UNH,USB,VLO,WFC,XLE,XLF,XLV,XOM
2016-05-23,39.27241897583008,4.039999961853027,110.80461120605469,87.2713851928711,11.335275650024414,11.600855827331543,49.79032516479492,33.4401969909668,32.018104553222656,65.0652847290039,24.145977020263672,59.167572021484375,126.57039642333984,24.309663772583008,85.79975891113281,48.63685989379883,63.03656005859375,26.23141098022461,38.52373504638672,20.22274398803711,10.864701271057129,1.0869174003601074,20.465545654296875,63.38943099975586,40.99770736694336,56.51780700683594,27.37443733215332,18.640705108642578,110.70925903320312,28.891538619995117,36.85683059692383,36.895668029785156,21.99474334716797,15.626413345336914,58.7343635559082,58.05088424682617,59.29999923706055,4.039999961853027,149.3000030517578,95.69999694824219,14.8100004196167,14.470000267028809,70.4000015258789,45.11000061035156,43.59000015258789,99.37999725341797,34.540000915527344,81.2699966430664,155.4499969482422,30.229999542236328,112.16000366210938,63.459999084472656,74.08000183105469,35.56999969482422,52.404579162597656,26.829999923706055,11.140000343322754,1.1100000143051147,31.944971084594727,87.81999969482422,54.18000030517578,75.01000213623047,30.260000228881836,24.270000457763672,130.4199981689453,41.65999984741211,54.459999084472656,48.70000076293945,32.994998931884766,18.838342666625977,69.41000366210938,89.5999984741211,59.84000015258789,4.199999809265137,150.75,96.23999786376953,15.034000396728516,14.600000381469727,71.0,45.18000030517578,43.91999816894531,100.12999725341797,34.7400016784668,81.87000274658203,156.08999633789062,30.479999542236328,112.81999969482422,63.869998931884766,75.13999938964844,37.09000015258789,52.700382232666016,26.940000534057617,11.170000076293945,1.1172499656677246,32.17267608642578,88.4800033569336,54.86000061035156,75.66000366210938,30.530000686645508,24.760000228881836,131.1999969482422,41.869998931884766,55.810001373291016,48.880001068115234,33.13999938964844,18.903331756591797,69.72000122070312,89.9000015258789,59.130001068115234,3.880000114440918,149.14999389648438,95.20999908447266,14.788000106811523,14.399999618530273,69.61000061035156,44.56999969482422,43.0,99.06999969482422,33.77000045776367,79.7300033569336,153.74000549316406,30.1299991607666,112.04000091552734,63.15999984741211,73.91999816894531,35.54999923706055,52.270992279052734,26.600000381469727,10.819999694824219,1.1032500267028809,31.925996780395508,87.30999755859375,54.150001525878906,74.37999725341797,30.25,24.209999084472656,130.00999450683594,41.41999816894531,54.38999938964844,48.349998474121094,32.77000045776367,18.757108688354492,69.3499984741211,88.81999969482422,59.75,3.9000000953674316,150.0399932861328,95.31999969482422,14.819000244140625,14.539999961853027,70.93000030517578,44.849998474121094,43.20000076293945,99.18000030517578,33.970001220703125,79.80000305175781,154.44000244140625,30.229999542236328,112.7699966430664,63.45000076293945,75.0,36.40999984741211,52.48091506958008,26.719999313354492,10.84000015258789,1.1130000352859497,32.09677505493164,88.19000244140625,54.20000076293945,75.5199966430664,30.25,24.6299991607666,130.1300048828125,41.75,55.34000015258789,48.7599983215332,32.8849983215332,18.81397247314453,69.58999633789062,89.0,6468900,35467000,1543400,387200,17609000,66303200,5905300,15050500,6753800,4231200,6494600,3215300,2767600,20881900,6462300,9347500,4440500,3577400,5837674,8913100,28369200,413636000,25126833,1610700,9685300,6250900,735900,6840000,3036500,6422300,4635500,10644000,20545000,38575724,5061400,11766100
2016-05-24,40.19959259033203,4.199999809265137,113.3427963256836,88.93106842041016,11.589381217956543,11.76921558380127,50.37733840942383,33.99616622924805,31.922609329223633,65.59557342529297,24.11103057861328,60.05577087402344,128.31285095214844,24.977113723754883,86.20519256591797,49.46459197998047,63.81089782714844,26.40840721130371,39.000728607177734,20.659915924072266,11.206048011779785,1.1133019924163818,20.726909637451172,64.2627944946289,42.06464767456055,56.97743606567383,28.034832000732422,18.7943172454834,112.55130004882812,29.32151985168457,37.45914840698242,37.27446746826172,22.104732513427734,15.862258911132812,59.58056640625,58.09623336791992,60.70000076293945,4.199999809265137,152.72000122070312,97.5199966430664,15.142000198364258,14.680000305175781,71.2300033569336,45.86000061035156,43.459999084472656,100.19000244140625,34.4900016784668,82.48999786376953,157.58999633789062,31.059999465942383,112.69000244140625,64.54000091552734,74.98999786376953,35.810001373291016,53.053436279296875,27.40999984741211,11.489999771118164,1.1339999437332153,32.35293960571289,89.02999877929688,55.59000015258789,75.62000274658203,30.989999771118164,24.469999313354492,132.58999633789062,42.279998779296875,55.349998474121094,49.20000076293945,33.15999984741211,19.122665405273438,70.41000366210938,89.66999816894531,60.90999984741211,4.210000038146973,152.94000244140625,97.66000366210938,15.168000221252441,14.75,71.44000244140625,46.189998626708984,43.97999954223633,100.76000213623047,35.349998474121094,83.08000183105469,158.5500030517578,31.1200008392334,113.5,64.7699966430664,75.19999694824219,36.189998626708984,53.33015441894531,27.65999984741211,11.5,1.1375000476837158,32.4288444519043,89.45999908447266,55.619998931884766,76.05000305175781,31.02666664123535,24.56999969482422,132.99000549316406,42.47999954223633,55.540000915527344,49.369998931884766,33.35499954223633,19.16328239440918,70.5199966430664,90.4000015258789,59.52000045776367,3.9200000762939453,150.38999938964844,95.52999877929688,14.835000038146973,14.529999732971191,70.83000183105469,45.310001373291016,43.290000915527344,99.62000274658203,34.11000061035156,80.6500015258789,156.44000244140625,30.450000762939453,112.5199966430664,63.810001373291016,74.36000061035156,35.400001525878906,52.652671813964844,26.959999084472656,11.15999984741211,1.1074999570846558,31.963947296142578,88.12000274658203,54.400001525878906,75.11000061035156,30.47333335876465,24.260000228881836,130.30999755859375,41.86000061035156,54.560001373291016,48.689998626708984,32.95500183105469,18.94394874572754,69.66999816894531,89.55000305175781,59.72999954223633,4.090000152587891,150.7100067138672,95.52999877929688,14.859999656677246,14.600000381469727,70.94000244140625,45.45000076293945,43.91999816894531,99.94000244140625,34.790000915527344,81.79000091552734,156.6699981689453,30.5,112.5199966430664,63.939998626708984,74.55000305175781,35.77000045776367,52.700382232666016,27.040000915527344,11.3100004196167,1.1104999780654907,31.963947296142578,88.4000015258789,54.41999816894531,75.5,30.510000228881836,24.309999465942383,130.75999450683594,42.0099983215332,55.02000045776367,49.04999923706055,33.165000915527344,18.968318939208984,69.76000213623047,89.88999938964844,8888100,34283900,2581000,785500,19907000,96183700,3878800,18976500,5989300,4383300,7883800,3312900,3038800,23699200,6125300,13839400,3711800,4533300,6614138,18026100,25437300,415788000,29890808,2133200,13097700,6500600,1587600,7573600,2702400,5611200,5390800,16597700,22605800,47386483,11936400,10056600
2016-05-25,40.543968200683594,4.179999828338623,115.45795440673828,90.207763671875,11.753936767578125,11.961630821228027,49.99542236328125,34.796783447265625,32.980342864990234,66.63002014160156,25.474224090576172,60.485321044921875,131.29290771484375,25.242483139038086,86.71009063720703,50.21567153930664,63.427974700927734,26.31252670288086,39.68113708496094,20.938793182373047,11.313331604003906,1.1086386442184448,20.87887191772461,65.12898254394531,42.3597526550293,58.702884674072266,28.200666427612305,18.909530639648438,113.25588989257812,29.7930965423584,36.96510696411133,38.259368896484375,22.45470428466797,16.030715942382812,59.95290756225586,58.47848892211914,61.220001220703125,4.179999828338623,155.57000732421875,98.91999816894531,15.357000350952148,14.920000076293945,70.69000244140625,46.939998626708984,44.900001525878906,101.7699966430664,36.439998626708984,83.08000183105469,161.25,31.389999389648438,113.3499984741211,65.5199966430664,74.54000091552734,35.68000030517578,53.979007720947266,27.780000686645508,11.600000381469727,1.1292500495910645,32.59013366699219,90.2300033569336,55.97999954223633,77.91000366210938,31.17333221435547,24.6200008392334,133.4199981689453,42.959999084472656,54.619998931884766,50.5,33.685001373291016,19.32575035095215,70.8499984741211,90.26000213623047,61.470001220703125,4.349999904632568,155.83999633789062,99.2300033569336,15.399999618530273,15.149999618530273,71.56999969482422,47.599998474121094,45.060001373291016,101.9800033569336,36.65999984741211,83.37999725341797,162.2899932861328,31.56999969482422,113.7300033569336,66.19999694824219,75.5,36.209999084472656,54.07442855834961,28.290000915527344,11.779999732971191,1.1422499418258667,32.637569427490234,90.8499984741211,56.27000045776367,78.0,31.25666618347168,24.719999313354492,134.3000030517578,43.22999954223633,55.47999954223633,50.83000183105469,33.73500061035156,19.423233032226562,70.98999786376953,90.37000274658203,60.790000915527344,4.150000095367432,153.14999389648438,98.1500015258789,15.048999786376953,14.829999923706055,70.54000091552734,46.189998626708984,43.849998474121094,100.81999969482422,34.77000045776367,82.29000091552734,158.02999877929688,31.149999618530273,112.8499984741211,64.91999816894531,74.44999694824219,35.22999954223633,53.21564865112305,27.600000381469727,11.420000076293945,1.1202499866485596,32.32447814941406,89.37000274658203,55.689998626708984,75.91999816894531,30.933332443237305,24.520000457763672,132.77999877929688,42.52000045776367,54.0,49.5099983215332,33.33000183105469,19.195775985717773,70.58999633789062,89.58999633789062,61.08000183105469,4.239999771118164,153.5399932861328,98.3499984741211,15.184000015258789,14.829999923706055,71.30000305175781,46.189998626708984,43.900001525878906,100.81999969482422,35.0,82.5,158.05999755859375,31.200000762939453,113.18000030517578,64.94000244140625,75.48999786376953,36.209999084472656,53.25381851196289,27.610000610351562,11.59000015258789,1.1375000476837158,32.371917724609375,89.4800033569336,55.70000076293945,76.0,31.18000030517578,24.610000610351562,133.2100067138672,42.58000183105469,55.38999938964844,49.58000183105469,33.36000061035156,19.203899383544922,70.5999984741211,89.8499984741211,5857600,24703600,3053100,1000800,21737000,123498700,5810100,23944600,6456200,5428200,9777800,2895200,3259900,18359600,5453800,18935200,4621700,4667800,10052626,15856700,29175600,458076000,22152761,2322800,9266500,7489300,1248600,5151600,2211300,7808000,6709800,22478600,28511000,51504178,8949200,9578400
2016-05-26,40.99431228637695,4.349999904632568,115.44313049316406,90.65462493896484,11.711838722229004,11.785250663757324,50.02372741699219,34.18149948120117,32.8554801940918,66.45325469970703,25.09672737121582,59.917449951171875,129.64004516601562,25.322898864746094,86.36582946777344,49.84012985229492,64.26190185546875,25.479204177856445,39.554874420166016,20.667451858520508,11.654682159423828,1.1204192638397217,20.927494049072266,64.5948486328125,42.17815399169922,58.68027877807617,28.294153213500977,19.040096282958984,112.88235473632812,29.59198570251465,36.606414794921875,38.2972412109375,22.361379623413086,15.936382293701172,59.961334228515625,58.180458068847656,61.900001525878906,4.349999904632568,155.5500030517578,99.41000366210938,15.302000045776367,14.699999809265137,70.7300033569336,46.11000061035156,44.72999954223633,101.5,35.900001525878906,82.30000305175781,159.22000122070312,31.489999771118164,112.9000015258789,65.02999877929688,75.5199966430664,34.54999923706055,53.8072509765625,27.420000076293945,11.949999809265137,1.1412500143051147,32.66603469848633,89.48999786376953,55.7400016784668,77.87999725341797,31.27666664123535,24.790000915527344,132.97999572753906,42.66999816894531,54.09000015258789,50.54999923706055,33.54499816894531,19.21202278137207,70.86000061035156,89.80000305175781,62.16999816894531,4.380000114440918,156.27999877929688,99.7699966430664,15.425000190734863,14.989999771118164,70.9800033569336,47.119998931884766,45.779998779296875,102.37000274658203,37.08000183105469,83.94000244140625,161.3300018310547,31.6299991607666,113.31999969482422,65.58000183105469,75.5999984741211,35.900001525878906,54.122135162353516,27.90999984741211,12.029999732971191,1.1495000123977661,32.87476348876953,90.3499984741211,56.13999938964844,78.97000122070312,31.350000381469727,24.920000076293945,133.9600067138672,43.04999923706055,54.88999938964844,50.65999984741211,33.959999084472656,19.358245849609375,71.0,90.45999908447266,60.900001525878906,4.170000076293945,154.5500030517578,98.41000366210938,15.182000160217285,14.6899995803833,70.29000091552734,46.06999969482422,44.689998626708984,100.97000122070312,35.849998474121094,82.20999908447266,159.1699981689453,31.399999618530273,112.8499984741211,64.91000366210938,74.2699966430664,34.380001068115234,53.75954055786133,27.350000381469727,11.6899995803833,1.128000020980835,32.50474548339844,89.41000366210938,55.5099983215332,77.68000030517578,31.143333435058594,24.59000015258789,132.66000366210938,42.59000015258789,53.5099983215332,50.400001525878906,33.439998626708984,19.187652587890625,70.62999725341797,89.2699966430664,61.0,4.190000057220459,154.9199981689453,99.19000244140625,15.376999855041504,14.979999542236328,70.54000091552734,47.040000915527344,45.41999816894531,101.8499984741211,36.81999969482422,83.55000305175781,161.16000366210938,31.489999771118164,113.11000061035156,65.56999969482422,74.5999984741211,35.900001525878906,53.88358688354492,27.90999984741211,11.710000038146973,1.131250023841858,32.50474548339844,90.33999633789062,55.970001220703125,78.37999725341797,31.219999313354492,24.799999237060547,133.5,42.90999984741211,54.869998931884766,50.52000045776367,33.814998626708984,19.33387565612793,70.87999725341797,90.25,6537100,22625700,1808600,748900,18431000,65356600,3995000,16956600,7813700,4147200,7546100,2367300,2576100,12692300,3973600,9428400,2654600,3698400,5995084,10080100,23644100,309964000,26656292,2113400,7020900,7932200,912300,8204700,1499300,4372000,5436700,14983300,21433600,36198417,5257700,7867900
2016-05-27,41.53074264526367,4.599999904632568,116.32634735107422,91.26561737060547,11.733270645141602,11.929564476013184,50.43392562866211,34.529911041259766,32.56167221069336,66.79369354248047,25.09672737121582,59.385982513427734,130.42481994628906,25.387237548828125,86.48821258544922,50.14670181274414,63.81089782714844,25.892181396484375,39.61801528930664,20.7503604888916,12.00578498840332,1.1265555620193481,21.036903381347656,65.13622283935547,42.2239990234375,58.52103042602539,28.47206687927246,19.047780990600586,113.74822235107422,29.786165237426758,36.93126678466797,38.5245246887207,22.374710083007812,16.04419708251953,60.23212432861328,58.31652069091797,62.709999084472656,4.599999904632568,156.74000549316406,100.08000183105469,15.329999923706055,14.880000114440918,71.30999755859375,46.58000183105469,44.33000183105469,102.0199966430664,35.900001525878906,81.56999969482422,159.52999877929688,31.56999969482422,113.05999755859375,65.43000030517578,74.98999786376953,35.11000061035156,53.893131256103516,27.530000686645508,12.3100004196167,1.1475000381469727,32.83681106567383,90.23999786376953,55.27000045776367,77.16999816894531,31.47333335876465,24.799999237060547,134.0,42.95000076293945,54.56999969482422,50.849998474121094,33.564998626708984,19.341997146606445,71.18000030517578,90.01000213623047,63.20000076293945,4.630000114440918,156.8800048828125,100.48999786376953,15.392999649047852,14.880000114440918,71.54000091552734,46.66999816894531,44.43000030517578,102.11000061035156,35.93000030517578,82.26000213623047,160.39999389648438,31.649999618530273,113.33999633789062,65.45999908447266,75.72000122070312,35.130001068115234,54.23664093017578,27.639999389648438,12.430000305175781,1.1492500305175781,32.96963882446289,90.26000213623047,55.38999938964844,77.25,31.52666664123535,25.010000228881836,134.52999877929688,42.95000076293945,54.93000030517578,50.86000061035156,33.59000015258789,19.350122451782227,71.33999633789062,90.05000305175781,61.900001525878906,4.369999885559082,155.11000061035156,99.37999725341797,15.246000289916992,14.6899995803833,70.70999908447266,46.08000183105469,43.849998474121094,100.87000274658203,35.099998474121094,80.7699966430664,158.32000732421875,31.450000762939453,112.69000244140625,65.05000305175781,74.66999816894531,34.060001373291016,53.654579162597656,27.309999465942383,11.829999923706055,1.1387499570846558,32.618595123291016,89.44000244140625,55.02000045776367,76.37999725341797,31.25,24.780000686645508,132.9600067138672,42.630001068115234,53.529998779296875,50.4900016784668,33.2400016784668,19.22014617919922,70.80999755859375,89.31999969482422,61.9900016784668,4.389999866485596,156.1999969482422,99.37999725341797,15.300000190734863,14.760000228881836,70.94000244140625,46.2400016784668,44.27000045776367,101.37999725341797,35.560001373291016,81.94000244140625,158.6999969482422,31.600000381469727,113.04000091552734,65.20999908447266,75.5199966430664,34.65999984741211,53.91221237182617,27.450000762939453,11.970000267028809,1.1425000429153442,32.618595123291016,89.83999633789062,55.33000183105469,77.05000305175781,31.25,24.93000030517578,132.97999572753906,42.779998779296875,54.15999984741211,50.599998474121094,33.42499923706055,19.244516372680664,70.80999755859375,89.4000015258789,5768000,34429600,1364000,765500,18693000,62411300,3630900,13854500,6068600,5008900,5385500,2100600,2157000,13341300,4647000,10116000,3247500,3097300,7869222,10156100,29838400,277416000,21569056,1924600,5918200,5050300,861600,5381300,1833400,3905000,4437700,13430500,18517400,37026264,9641300,7505900
2016-05-31,41.67644119262695,4.570000171661377,117.22433471679688,91.17442321777344,11.814399719238281,11.857405662536621,50.7097282409668,34.52250671386719,32.16502380371094,66.12590789794922,25.229549407958984,59.23310852050781,130.384033203125,25.4033203125,86.20519256591797,50.02406692504883,63.844947814941406,25.685701370239258,39.463687896728516,20.6297664642334,12.405652046203613,1.1466811895370483,21.09160804748535,64.77529907226562,41.95660400390625,57.86127853393555,28.63791275024414,18.986326217651367,113.46809387207031,29.69602394104004,37.01925277709961,38.426025390625,22.288057327270508,16.003768920898438,60.375972747802734,57.67511749267578,62.93000030517578,4.570000171661377,157.9499969482422,99.9800033569336,15.435999870300293,14.789999961853027,71.69999694824219,46.56999969482422,43.790000915527344,101.0,36.09000015258789,81.36000061035156,159.47999572753906,31.59000015258789,112.69000244140625,65.2699966430664,75.02999877929688,34.83000183105469,53.683204650878906,27.3700008392334,12.720000267028809,1.1679999828338623,32.92219924926758,89.73999786376953,54.91999816894531,76.30000305175781,31.656667709350586,24.719999313354492,133.6699981689453,42.81999969482422,54.70000076293945,50.720001220703125,33.435001373291016,19.293258666992188,71.3499984741211,89.0199966430664,63.4900016784668,4.710000038146973,158.42999267578125,100.23999786376953,15.494999885559082,15.050000190734863,71.87999725341797,46.900001525878906,45.27000045776367,102.27999877929688,37.15999984741211,82.4800033569336,161.64999389648438,31.649999618530273,113.62999725341797,65.81999969482422,75.62999725341797,35.560001373291016,54.122135162353516,27.8700008392334,12.90999984741211,1.1705000400543213,32.96963882446289,90.80000305175781,55.43000030517578,77.5999984741211,31.68666648864746,24.850000381469727,134.75,43.20000076293945,55.20000076293945,51.189998626708984,33.90999984741211,19.43947982788086,71.5199966430664,90.19999694824219,62.63999938964844,4.5,156.86000061035156,99.33999633789062,15.329999923706055,14.729999542236328,70.94000244140625,46.310001373291016,43.68000030517578,100.56999969482422,35.880001068115234,81.08000183105469,158.5500030517578,31.309999465942383,112.31999969482422,64.95999908447266,74.70999908447266,34.38999938964844,53.511451721191406,27.239999771118164,12.260000228881836,1.1517499685287476,32.618595123291016,89.33000183105469,54.81999969482422,75.80999755859375,31.446666717529297,24.530000686645508,133.47999572753906,42.650001525878906,53.880001068115234,50.4900016784668,33.28499984741211,19.228269577026367,71.04000091552734,88.7300033569336,62.709999084472656,4.670000076293945,157.4199981689453,100.05000305175781,15.399999618530273,15.029999732971191,71.36000061035156,46.880001068115234,44.59000015258789,102.1500015258789,36.189998626708984,82.02999877929688,160.39999389648438,31.510000228881836,113.26000213623047,65.7300033569336,75.01000213623047,35.15999984741211,53.902671813964844,27.639999389648438,12.65999984741211,1.152500033378601,32.89373779296875,90.77999877929688,55.38999938964844,77.06999969482422,31.53333282470703,24.829999923706055,134.60000610351562,43.15999984741211,54.56999969482422,51.02000045776367,33.64500045776367,19.43947982788086,71.4000015258789,90.0,7147900,25379200,3204400,509600,32058000,85635900,7162500,21404000,9511600,8141800,6883100,3009200,2916100,23040200,10104700,15139400,4438800,6214000,9922988,12723400,49604300,412524000,34547274,2494600,15093400,5780000,2144400,7999900,3634100,6605800,6194400,19725000,30812200,40884834,7669800,13178800
2016-06-01,41.61021423339844,4.429999828338623,117.29852294921875,91.05587768554688,11.845780372619629,11.953938484191895,50.82999038696289,34.796783447265625,32.363338470458984,66.21102905273438,25.271486282348633,58.78898620605469,130.78466796875,25.459609985351562,86.27404022216797,50.34596633911133,63.76836013793945,26.87299919128418,39.51277542114258,20.720211029052734,12.766508102416992,1.1488902568817139,21.12200355529785,64.77529907226562,41.85728073120117,57.52761459350586,28.788692474365234,19.393400192260742,114.1981201171875,29.820838928222656,37.72985076904297,38.6381721496582,22.294719696044922,16.03745460510254,60.59600067138672,57.81765365600586,62.83000183105469,4.429999828338623,158.0500030517578,99.8499984741211,15.47700023651123,14.859999656677246,71.87000274658203,46.939998626708984,44.060001373291016,101.12999725341797,36.150001525878906,80.75,159.97000122070312,31.65999984741211,112.77999877929688,65.69000244140625,74.94000244140625,36.439998626708984,53.75,27.489999771118164,13.09000015258789,1.1702500581741333,32.96963882446289,89.73999786376953,54.790000915527344,75.86000061035156,31.823333740234375,25.25,134.52999877929688,43.0,55.75,51.0,33.44499969482422,19.33387565612793,71.61000061035156,89.23999786376953,63.16999816894531,4.639999866485596,158.83999633789062,100.06999969482422,15.531999588012695,14.899999618530273,72.11000061035156,46.9900016784668,44.08000183105469,101.37999725341797,36.16999816894531,81.30999755859375,160.5500030517578,31.719999313354492,113.05999755859375,65.91999816894531,75.44000244140625,36.529998779296875,53.931297302246094,27.56999969482422,13.09000015258789,1.18149995803833,33.149906158447266,89.95999908447266,54.970001220703125,76.33999633789062,31.863332748413086,25.260000228881836,134.85000610351562,43.060001373291016,56.08000183105469,51.040000915527344,33.54499816894531,19.358245849609375,71.7699966430664,89.44999694824219,62.630001068115234,4.380000114440918,156.6699981689453,98.87999725341797,15.333999633789062,14.449999809265137,71.4000015258789,45.47999954223633,43.209999084472656,99.88999938964844,34.88999938964844,80.0,156.0,31.469999313354492,112.06999969482422,64.26000213623047,74.68000030517578,34.43000030517578,53.38740539550781,26.670000076293945,12.3100004196167,1.159000039100647,32.84629821777344,88.41000366210938,54.45000076293945,74.91000366210938,31.50666618347168,24.719999313354492,133.02000427246094,42.33000183105469,54.459999084472656,50.16999816894531,33.025001525878906,19.073923110961914,71.06999969482422,88.12999725341797,62.93000030517578,4.599999904632568,157.61000061035156,98.91000366210938,15.340999603271484,14.600000381469727,71.70999908447266,46.040000915527344,43.369998931884766,100.23999786376953,35.369998931884766,80.6500015258789,157.89999389648438,31.6200008392334,112.69000244140625,64.76000213623047,74.9000015258789,34.83000183105469,53.625953674316406,27.110000610351562,12.609999656677246,1.162500023841858,32.92219924926758,88.91000366210938,54.5,76.30000305175781,31.6299991607666,24.719999313354492,133.5800018310547,42.45000076293945,54.70000076293945,50.2599983215332,33.11000061035156,19.1551570892334,71.12999725341797,88.43000030517578,5284400,29696400,1716400,1335700,30777000,62612100,3726000,17212500,7262100,4815200,8027500,3337100,2581600,17753500,4748900,14031000,2450200,7371800,7012168,11175000,35762100,387132000,24361207,1750400,12156800,5542200,1314300,6126800,2618000,5170800,6355000,16774300,33391400,38452378,9301700,7994800
2016-06-02,43.106937408447266,4.239999771118164,118.64924621582031,91.3203353881836,11.856497764587402,12.018290519714355,51.6291618347168,34.81902313232422,32.59837341308594,65.81820678710938,25.73288345336914,58.59971237182617,130.22048950195312,25.540023803710938,87.58214569091797,50.43792724609375,64.21084594726562,27.049997329711914,39.85649871826172,20.561931610107422,12.78601360321045,1.1569894552230835,21.19493293762207,64.9701919555664,41.92604064941406,57.216697692871094,28.794719696044922,19.33963966369629,115.47988891601562,29.862451553344727,37.709556579589844,38.721492767333984,22.264728546142578,16.071149826049805,61.37449645996094,57.35765075683594,65.08999633789062,4.239999771118164,159.8699951171875,100.13999938964844,15.491000175476074,14.9399995803833,73.0,46.970001220703125,44.380001068115234,100.52999877929688,36.810001373291016,80.48999786376953,159.27999877929688,31.760000228881836,114.48999786376953,65.80999755859375,75.45999908447266,36.68000030517578,54.21755599975586,27.280000686645508,13.109999656677246,1.1785000562667847,33.083492279052734,90.01000213623047,54.880001068115234,75.44999694824219,31.829999923706055,25.18000030517578,136.0399932861328,43.060001373291016,55.720001220703125,51.11000061035156,33.400001525878906,19.374492645263672,72.52999877929688,88.52999877929688,65.1500015258789,4.400000095367432,159.8699951171875,100.22000122070312,15.552000045776367,14.979999542236328,73.0,47.060001373291016,44.630001068115234,100.56999969482422,36.81999969482422,80.58000183105469,160.3300018310547,31.760000228881836,114.6500015258789,65.80999755859375,75.68000030517578,37.4900016784668,54.2557258605957,27.549999237060547,13.210000038146973,1.1885000467300415,33.19734191894531,90.0999984741211,54.91999816894531,75.70999908447266,31.829999923706055,25.25,136.14999389648438,43.099998474121094,56.72999954223633,51.11000061035156,33.41999816894531,19.374492645263672,72.52999877929688,88.52999877929688,62.83000183105469,4.070000171661377,157.9499969482422,99.29000091552734,15.33899974822998,14.770000457763672,71.79000091552734,46.599998474121094,43.45000076293945,99.72000122070312,35.38999938964844,79.19999694824219,158.4600067138672,31.450000762939453,112.86000061035156,65.16000366210938,74.9000015258789,36.119998931884766,53.77862548828125,27.219999313354492,12.75,1.1649999618530273,32.75142288208008,89.19999694824219,54.290000915527344,74.61000061035156,31.626667022705078,25.06999969482422,134.00999450683594,42.70000076293945,55.650001525878906,50.709999084472656,33.064998626708984,19.22014617919922,71.45999908447266,87.61000061035156,62.869998931884766,4.369999885559082,158.22999572753906,99.70999908447266,15.520999908447266,14.949999809265137,71.91999816894531,46.86000061035156,43.75,100.4000015258789,35.439998626708984,79.95999908447266,160.13999938964844,31.559999465942383,112.87000274658203,65.5199966430664,75.22000122070312,36.47999954223633,53.85496139526367,27.459999084472656,12.949999809265137,1.1764999628067017,32.91271209716797,89.58999633789062,54.650001525878906,75.47000122070312,31.766666412353516,25.209999084472656,134.25999450683594,42.880001068115234,55.70000076293945,50.959999084472656,33.189998626708984,19.285133361816406,71.55000305175781,88.20999908447266,11628000,35335000,2386300,614600,46746000,64327300,4610800,15483800,7016600,6714100,6622900,2069800,2257100,14140100,7310800,10637600,3231000,6626000,7645684,8077400,31941900,329208000,31807717,1553100,9036200,4827300,740700,4188200,4015000,4216500,5520900,14206700,25700000,28227076,12473100,9837500
2016-06-03,43.04732894897461,4.159999847412109,118.14459991455078,91.96778869628906,12.442010879516602,11.599985122680664,51.551361083984375,33.64778137207031,32.45146560668945,65.9032974243164,25.110702514648438,58.03182601928711,127.26911163330078,25.427440643310547,87.7886734008789,49.541229248046875,63.9215087890625,26.15028953552246,39.7302360534668,20.004161834716797,12.542192459106445,1.140790581703186,21.085529327392578,63.930789947509766,41.97187423706055,57.35319137573242,28.879154205322266,19.608455657958984,116.15898132324219,29.38393783569336,37.32379913330078,38.02450180053711,22.178064346313477,15.842044830322266,61.171417236328125,57.25397491455078,65.0,4.159999847412109,159.19000244140625,100.8499984741211,16.256000518798828,14.420000076293945,72.88999938964844,45.38999938964844,44.18000030517578,100.66000366210938,35.91999816894531,79.70999908447266,155.6699981689453,31.6200008392334,114.76000213623047,64.63999938964844,75.12000274658203,35.459999084472656,54.04580307006836,26.540000915527344,12.859999656677246,1.1619999408721924,32.91271209716797,88.56999969482422,54.939998626708984,75.62999725341797,31.92333221435547,25.530000686645508,136.83999633789062,42.369998931884766,55.150001525878906,50.189998626708984,33.27000045776367,19.09829330444336,72.29000091552734,88.37000274658203,65.37000274658203,4.199999809265137,159.99000549316406,101.06999969482422,16.600000381469727,14.5,73.37000274658203,45.599998474121094,44.720001220703125,101.13999938964844,37.439998626708984,80.80000305175781,156.5399932861328,31.739999771118164,115.38999938964844,64.86000061035156,75.5999984741211,36.709999084472656,54.35114669799805,26.649999618530273,13.039999961853027,1.1684999465942383,33.092979431152344,88.81999969482422,55.0099983215332,76.0999984741211,32.12333297729492,25.600000381469727,137.1199951171875,42.5099983215332,55.75,50.310001373291016,33.57500076293945,19.1551570892334,72.55000305175781,88.83000183105469,63.75,4.079999923706055,156.82000732421875,100.16000366210938,16.1200008392334,14.1899995803833,72.33000183105469,44.25,43.70000076293945,100.0,35.599998474121094,79.11000061035156,153.86000061035156,31.399999618530273,114.12000274658203,63.54999923706055,74.25,35.16999816894531,53.70228958129883,26.010000228881836,12.630000114440918,1.1414999961853027,32.68500900268555,87.11000061035156,54.470001220703125,74.86000061035156,31.73666763305664,25.309999465942383,135.14999389648438,41.77000045776367,54.380001068115234,49.61000061035156,33.07500076293945,18.895206451416016,71.70999908447266,88.02999877929688,64.76000213623047,4.159999847412109,159.86000061035156,100.8499984741211,16.57699966430664,14.460000038146973,72.76000213623047,45.11000061035156,44.38999938964844,100.6500015258789,36.88999938964844,80.23999786376953,155.86000061035156,31.739999771118164,114.47000122070312,64.25,75.5,36.650001525878906,54.23664093017578,26.600000381469727,13.020000457763672,1.1670000553131104,33.083492279052734,88.61000061035156,54.9900016784668,75.69999694824219,32.106666564941406,25.34000015258789,135.61000061035156,42.279998779296875,55.54999923706055,50.16999816894531,33.400001525878906,19.1389102935791,72.30999755859375,88.44000244140625,10621600,17561800,2149300,279900,82985000,148600900,5039500,36961500,6086800,4957800,6990300,2134500,4329300,15777500,6881700,20261700,5319000,5428400,5697871,14562600,28326000,461076000,28377580,2472900,10008100,4342200,1316100,5041800,3625600,11485600,4541500,25452600,24315400,86083215,13896000,9367100
2016-06-06,41.603599548339844,4.46999979019165,118.88676452636719,91.2564926147461,12.463441848754883,11.680427551269531,52.54151916503906,33.9072151184082,33.43575668334961,66.2372055053711,26.257186889648438,59.167572021484375,128.40553283691406,25.47570037841797,88.56130981445312,50.031734466552734,63.68324661254883,26.024927139282227,40.10200500488281,20.237825393676758,12.45441722869873,1.1349002122879028,21.23140525817871,64.9124526977539,41.933685302734375,59.9770393371582,28.812816619873047,19.562374114990234,117.27101135253906,29.737628936767578,37.16813659667969,38.25177764892578,22.668012619018555,15.936382293701172,61.50143051147461,57.882423400878906,62.81999969482422,4.46999979019165,160.19000244140625,100.06999969482422,16.284000396728516,14.520000457763672,74.29000091552734,45.7400016784668,45.52000045776367,101.16999816894531,37.560001373291016,81.2699966430664,157.05999755859375,31.68000030517578,115.7699966430664,65.27999877929688,74.83999633789062,35.290000915527344,54.5515251159668,26.850000381469727,12.770000457763672,1.156000018119812,33.14041519165039,89.93000030517578,54.88999938964844,79.08999633789062,31.850000381469727,25.469999313354492,138.14999389648438,42.880001068115234,54.91999816894531,50.4900016784668,34.005001068115234,19.21202278137207,72.68000030517578,89.33999633789062,62.9900016784668,4.510000228881836,160.75,101.29000091552734,16.393999099731445,14.699999809265137,75.12000274658203,46.2599983215332,45.630001068115234,102.04000091552734,37.689998626708984,81.41999816894531,157.91000366210938,31.81999969482422,116.0,65.76000213623047,75.5,35.70000076293945,54.742366790771484,27.010000228881836,13.039999961853027,1.1740000247955322,33.19734191894531,90.43000030517578,55.369998931884766,79.27999877929688,32.11333465576172,25.670000076293945,138.38999938964844,43.150001525878906,55.290000915527344,50.869998931884766,34.03499984741211,19.301380157470703,72.80999755859375,89.5,61.869998931884766,4.170000076293945,158.88999938964844,100.0,16.101999282836914,14.369999885559082,73.41000366210938,45.209999084472656,44.470001220703125,100.91999816894531,36.65999984741211,79.97000122070312,155.77000427246094,31.579999923706055,114.93000030517578,64.5999984741211,74.19999694824219,34.720001220703125,54.05534362792969,26.549999237060547,12.760000228881836,1.149999976158142,32.84629821777344,88.7300033569336,54.65999984741211,76.22000122070312,31.796667098999023,25.43000030517578,136.50999450683594,42.310001373291016,53.970001220703125,50.189998626708984,33.53499984741211,19.090171813964844,72.12000274658203,88.69000244140625,62.130001068115234,4.199999809265137,159.5800018310547,101.06999969482422,16.34000015258789,14.4399995803833,73.41999816894531,45.38999938964844,44.79999923706055,101.33999633789062,37.2599983215332,80.61000061035156,156.25,31.639999389648438,114.97000122070312,64.63999938964844,75.11000061035156,35.68000030517578,54.064884185791016,26.6200008392334,12.890000343322754,1.1649999618530273,32.92219924926758,88.80999755859375,54.97999954223633,76.55999755859375,31.94333267211914,25.600000381469727,136.9199981689453,42.45000076293945,55.20000076293945,50.2400016784668,33.595001220703125,19.10641860961914,72.30000305175781,88.87000274658203,16403400,21329600,1897600,389000,34010000,80949300,9599500,17321400,7813100,5948200,7977200,2037300,2540400,15139600,6349400,13193500,3253800,4926300,7235392,10174200,24861200,322512000,21526791,1724300,7905100,8019200,1886100,7579500,2959900,7748500,5254700,14528500,36447600,46925474,9117600,8573000
2016-06-07,41.78902816772461,4.510000228881836,117.92192840576172,92.27784729003906,12.6165189743042,11.543675422668457,52.27276611328125,33.75895309448242,34.919498443603516,67.64482116699219,27.096073150634766,62.18889236450195,126.86032104492188,25.636526107788086,88.5307388305664,49.86311721801758,63.56414794921875,27.027873992919922,39.982765197753906,19.98908805847168,12.678732872009277,1.137109637260437,21.17670249938965,64.31333923339844,41.89548110961914,60.742950439453125,29.08721923828125,20.015525817871094,116.243896484375,29.585052490234375,37.65542221069336,38.085105895996094,23.181316375732422,15.902692794799805,61.12064743041992,58.77006530761719,63.099998474121094,4.510000228881836,158.88999938964844,101.19000244140625,16.483999252319336,14.350000381469727,73.91000366210938,45.540000915527344,47.540000915527344,103.31999969482422,38.7599983215332,85.41999816894531,155.1699981689453,31.8799991607666,115.7300033569336,65.05999755859375,74.69999694824219,36.650001525878906,54.389312744140625,26.520000457763672,13.0,1.1582499742507935,33.05502700805664,89.0999984741211,54.84000015258789,80.0999984741211,32.1533317565918,26.059999465942383,136.94000244140625,42.65999984741211,55.63999938964844,50.27000045776367,34.775001525878906,19.171405792236328,72.2300033569336,90.70999908447266,63.59000015258789,4.670000076293945,159.63999938964844,101.37999725341797,16.594999313354492,14.600000381469727,74.6500015258789,46.099998474121094,47.56999969482422,103.69999694824219,39.099998474121094,85.62999725341797,157.47000122070312,32.02000045776367,116.2300033569336,65.73999786376953,75.05000305175781,36.880001068115234,54.80915832519531,26.940000534057617,13.149999618530273,1.1694999933242798,33.19734191894531,90.30000305175781,55.18000030517578,80.37000274658203,32.21666717529297,26.1200008392334,138.5,43.0,56.150001525878906,50.72999954223633,34.8650016784668,19.285133361816406,72.44999694824219,90.91999816894531,62.29999923706055,4.46999979019165,158.27999877929688,100.66000366210938,16.2810001373291,14.34000015258789,73.69000244140625,45.5099983215332,45.79999923706055,101.61000061035156,37.81999969482422,81.91000366210938,155.1699981689453,31.700000762939453,115.44999694824219,65.04000091552734,74.51000213623047,35.34000015258789,54.3129768371582,26.5,12.8100004196167,1.1577500104904175,32.96963882446289,89.06999969482422,54.66999816894531,79.27999877929688,31.983333587646484,25.700000762939453,136.8800048828125,42.65999984741211,54.91999816894531,50.27000045776367,34.10499954223633,19.1551570892334,72.05000305175781,89.70999908447266,62.59000015258789,4.559999942779541,159.1300048828125,101.16999816894531,16.333999633789062,14.539999961853027,74.23999786376953,46.040000915527344,45.970001220703125,101.83999633789062,37.959999084472656,81.98999786376953,157.1999969482422,31.75,116.01000213623047,65.44999694824219,74.62000274658203,35.459999084472656,54.58015441894531,26.90999984741211,12.829999923706055,1.1629999876022339,33.05502700805664,89.9000015258789,54.939998626708984,79.44999694824219,31.98666763305664,25.719999313354492,138.16000366210938,42.939998626708984,55.11000061035156,50.72999954223633,34.1150016784668,19.228269577026367,72.37999725341797,89.75,10980100,20676200,1896700,444400,32340000,67447100,5037500,12089800,11227800,9807000,9766400,4369500,2489700,19339100,6417400,9924100,2902900,5602200,6552515,9949100,21409500,193400000,24776905,1831600,5400200,8546400,1399200,6624300,2943200,7264000,5563300,15310100,31236600,26503799,6439100,12889100
2016-06-08,40.88172912597656,4.460000038146973,117.26138305664062,92.1957778930664,12.529261589050293,11.608030319213867,51.91916275024414,33.773780822753906,34.88277816772461,67.49425506591797,26.27116584777832,62.14524841308594,126.42703247070312,25.64456558227539,88.58426666259766,50.00874328613281,63.74283981323242,27.197484970092773,40.417659759521484,20.004161834716797,12.269113540649414,1.1334275007247925,21.425914764404297,64.60206604003906,41.97187423706055,61.28138732910156,29.07516098022461,20.222904205322266,119.18096160888672,29.689085006713867,36.80944061279297,37.88056182861328,23.127979278564453,15.916168212890625,61.332191467285156,58.821868896484375,61.72999954223633,4.460000038146973,158.0,101.0999984741211,16.3700008392334,14.430000305175781,73.41000366210938,45.560001373291016,47.4900016784668,103.08999633789062,37.58000183105469,85.36000061035156,154.63999938964844,31.889999389648438,115.80000305175781,65.25,74.91000366210938,36.880001068115234,54.98091506958008,26.540000915527344,12.579999923706055,1.1545000076293945,33.44402313232422,89.5,54.939998626708984,80.80999755859375,32.13999938964844,26.329999923706055,140.39999389648438,42.810001373291016,54.38999938964844,50.0,34.69499969482422,19.187652587890625,72.4800033569336,90.79000091552734,62.29999923706055,4.559999942779541,158.94000244140625,101.2300033569336,16.461999893188477,14.460000038146973,73.98999786376953,45.900001525878906,48.45000076293945,104.08000183105469,39.470001220703125,86.87000274658203,156.5800018310547,32.0,115.94999694824219,65.4800033569336,75.08999633789062,37.119998931884766,55.21946716308594,26.81999969482422,13.09000015258789,1.162750005722046,33.51992416381836,89.68000030517578,55.04999923706055,81.41000366210938,32.223331451416016,26.579999923706055,140.88999938964844,43.0099983215332,56.040000915527344,50.439998626708984,35.130001068115234,19.236392974853516,72.61000061035156,91.30000305175781,61.369998931884766,4.380000114440918,157.5399932861328,100.33999633789062,16.333999633789062,14.300000190734863,73.27999877929688,45.29999923706055,47.439998626708984,102.66999816894531,37.4900016784668,85.13999938964844,153.91000366210938,31.790000915527344,115.41000366210938,64.91999816894531,74.4000015258789,36.0099983215332,54.360687255859375,26.399999618530273,12.510000228881836,1.1449999809265137,32.89373779296875,88.88999938964844,54.66999816894531,80.01000213623047,32.040000915527344,26.290000915527344,137.0,42.630001068115234,54.2599983215332,49.7400016784668,34.599998474121094,19.1389102935791,72.01000213623047,90.52999877929688,62.209999084472656,4.539999961853027,158.47999572753906,100.8499984741211,16.409000396728516,14.350000381469727,73.95999908447266,45.47999954223633,47.95000076293945,103.55000305175781,39.13999938964844,86.5999984741211,155.1999969482422,31.799999237060547,115.5199966430664,64.93000030517578,74.66000366210938,36.9900016784668,54.360687255859375,26.459999084472656,13.079999923706055,1.1584999561309814,32.98861312866211,88.9000015258789,54.72999954223633,80.7300033569336,32.1533317565918,26.510000228881836,137.27000427246094,42.63999938964844,56.0,50.25,34.98500061035156,19.1389102935791,72.16999816894531,91.02999877929688,13173000,16074300,2476000,527300,25620000,58292900,5702700,13147300,9641000,6318100,9518100,3796800,2426800,12732100,5863800,9428000,3194900,7202300,8164025,10311500,25869800,234616000,23703195,1834600,6314800,6979900,418800,6173600,6180800,5017300,6276500,18168500,36259400,30469958,4621300,9983000
2016-06-09,40.232704162597656,4.519999980926514,116.35597229003906,91.6942367553711,12.562938690185547,11.414966583251953,51.438209533691406,33.36606979370117,34.20701217651367,67.3109359741211,26.18028450012207,61.57737731933594,125.2251968383789,25.684772491455078,89.50222778320312,49.62553787231445,63.33436965942383,27.249109268188477,40.10902404785156,19.65744400024414,12.200841903686523,1.1628800630569458,21.46238899230957,63.757530212402344,42.00243377685547,60.63679504394531,29.108327865600586,20.146095275878906,119.4186782836914,29.5018367767334,36.416927337646484,37.229007720947266,22.951332092285156,15.801614761352539,61.23063278198242,58.7441291809082,60.75,4.519999980926514,156.77999877929688,100.55000305175781,16.413999557495117,14.1899995803833,72.7300033569336,45.0099983215332,46.56999969482422,102.80999755859375,37.45000076293945,84.58000183105469,153.1699981689453,31.940000534057617,117.0,64.75,74.43000030517578,36.95000076293945,54.56106948852539,26.079999923706055,12.510000228881836,1.184499979019165,33.50094985961914,88.33000183105469,54.97999954223633,79.95999908447266,32.176666259765625,26.229999542236328,140.67999267578125,42.540000915527344,53.810001373291016,49.13999938964844,34.43000030517578,19.04955291748047,72.36000061035156,90.66999816894531,62.16999816894531,4.539999961853027,158.97999572753906,100.56999969482422,16.5049991607666,14.319999694824219,73.70999908447266,45.209999084472656,47.13999938964844,103.12999725341797,37.630001068115234,85.44000244140625,154.2899932861328,32.0,117.19000244140625,64.9000015258789,75.54000091552734,37.16999816894531,55.171756744384766,26.309999465942383,12.699999809265137,1.1862499713897705,33.68121337890625,89.44000244140625,55.040000915527344,80.12000274658203,32.19333267211914,26.25,140.8699951171875,42.58000183105469,54.2400016784668,49.68000030517578,34.60499954223633,19.10641860961914,72.83000183105469,91.02999877929688,60.52000045776367,4.320000171661377,156.0,99.4000015258789,16.211999893188477,14.079999923706055,72.63999938964844,44.650001525878906,46.54999923706055,102.02999877929688,36.43000030517578,84.0,152.4600067138672,31.68000030517578,115.61000061035156,64.2699966430664,74.23999786376953,35.79999923706055,54.32251739501953,25.950000762939453,12.239999771118164,1.1480000019073486,33.235294342041016,87.7300033569336,54.189998626708984,79.30999755859375,31.823333740234375,25.90999984741211,139.5399932861328,42.029998779296875,53.369998931884766,48.849998474121094,34.2599983215332,18.952070236206055,72.1500015258789,90.11000061035156,61.5,4.409999847412109,157.75999450683594,99.45999908447266,16.214000701904297,14.319999694824219,73.37000274658203,45.18000030517578,46.720001220703125,102.04000091552734,36.939998626708984,84.16999816894531,153.7899932861328,31.68000030517578,115.77999877929688,64.79000091552734,74.7699966430664,36.349998474121094,54.875953674316406,26.270000457763672,12.470000267028809,1.1505000591278076,33.254268646240234,88.87000274658203,54.400001525878906,79.47000122070312,31.933332443237305,25.90999984741211,140.49000549316406,42.459999084472656,54.13999938964844,49.650001525878906,34.29499816894531,19.073923110961914,72.31999969482422,90.18000030517578,11503700,16219100,2383200,624600,29143000,74814900,5693700,17069000,5425100,4247500,5823500,3588100,2711700,11276800,7375500,10817800,2760500,6032100,9670630,9893000,21881700,472168000,25440187,1512800,8726200,5030200,1087200,5760100,3682400,5936900,6292200,19464400,24681200,39571234,9608500,8974300
2016-06-10,40.398277282714844,4.320000171661377,114.87166595458984,88.80340576171875,12.308835983276367,11.125367164611816,51.38161849975586,32.543212890625,32.69388961791992,66.76752471923828,24.551441192626953,59.378692626953125,122.54362487792969,25.76518440246582,89.50990295410156,48.928077697753906,62.92594528198242,26.843509674072266,39.849491119384766,19.25042724609375,11.839987754821777,1.1339188814163208,21.450227737426758,62.79751968383789,41.123897552490234,59.5523567199707,28.631887435913086,19.86191749572754,118.19628143310547,29.099599838256836,36.15975570678711,36.622920989990234,22.45470428466797,15.60619831085205,60.73981857299805,58.297096252441406,61.0,4.320000171661377,154.77999877929688,97.37999725341797,16.082000732421875,13.829999923706055,72.6500015258789,43.900001525878906,44.5099983215332,101.9800033569336,35.119998931884766,81.55999755859375,149.88999938964844,32.040000915527344,117.01000213623047,63.84000015258789,73.94999694824219,36.400001525878906,54.20801544189453,25.540000915527344,12.140000343322754,1.1549999713897705,33.481971740722656,87.0,53.83000183105469,78.52999877929688,31.649999618530273,25.860000610351562,139.24000549316406,41.959999084472656,53.43000030517578,48.34000015258789,33.685001373291016,18.81397247314453,71.77999877929688,89.9800033569336,61.0099983215332,4.46999979019165,156.32000732421875,98.23999786376953,16.29800033569336,14.0,72.9800033569336,44.400001525878906,46.119998931884766,102.97000122070312,36.81999969482422,84.33999633789062,151.66000366210938,32.2400016784668,117.2300033569336,64.06999969482422,74.19000244140625,36.939998626708984,54.46564865112305,25.850000381469727,12.369999885559082,1.180999994277954,33.57685089111328,87.61000061035156,54.75,79.48999786376953,31.850000381469727,25.969999313354492,140.38999938964844,42.220001220703125,53.959999084472656,48.709999084472656,34.29499816894531,18.903331756591797,71.9800033569336,90.91999816894531,59.720001220703125,4.300000190734863,153.63999938964844,96.79000091552734,16.0,13.75,72.18000030517578,43.68000030517578,44.2599983215332,101.26000213623047,34.849998474121094,81.33000183105469,149.57000732421875,31.649999618530273,116.36000061035156,63.58000183105469,73.16999816894531,36.22999954223633,53.979007720947266,25.440000534057617,12.050000190734863,1.153499960899353,33.225807189941406,86.77999877929688,53.400001525878906,78.26000213623047,31.536666870117188,25.540000915527344,138.63999938964844,41.869998931884766,53.130001068115234,48.16999816894531,33.63999938964844,18.757108688354492,71.44999694824219,89.77999877929688,59.9900016784668,4.400000095367432,155.25999450683594,97.63999938964844,16.216999053955078,13.979999542236328,72.5,44.27000045776367,45.900001525878906,102.47000122070312,36.56999969482422,83.31999969482422,151.35000610351562,31.700000762939453,116.73999786376953,63.93000030517578,74.08999633789062,36.31999969482422,54.21755599975586,25.639999389648438,12.319999694824219,1.1705000400543213,33.311195373535156,87.30999755859375,54.459999084472656,78.69000244140625,31.850000381469727,25.899999618530273,140.25,42.029998779296875,53.52000045776367,48.4900016784668,34.07500076293945,18.830219268798828,71.94000244140625,90.4000015258789,11052300,15106500,2626100,1514900,26657000,90725700,5007100,23071100,9008300,8108400,8044300,2983600,4335700,35749100,6067400,16678400,4124200,5103300,9989222,13449800,21439300,400024000,21645366,2065100,15791600,5585100,1038900,6699400,2805800,7329300,4673700,16815300,28980400,47349676,10270900,10353800
2016-06-13,39.68965148925781,4.400000095367432,113.60997772216797,87.84590911865234,12.246841430664062,10.940345764160156,51.077518463134766,31.994646072387695,32.23114013671875,66.84608459472656,25.055639266967773,59.25494384765625,121.5135498046875,25.869722366333008,89.34160614013672,48.491233825683594,62.849361419677734,25.044109344482422,39.67975997924805,19.039379119873047,11.75221061706543,1.1483991146087646,21.115924835205078,62.32114791870117,40.35994338989258,58.8774528503418,28.484127044677734,19.685266494750977,117.22010803222656,28.905410766601562,34.528743743896484,36.342613220214844,22.388050079345703,15.49838924407959,60.25749969482422,58.69229507446289,59.93000030517578,4.400000095367432,153.0800018310547,96.33000183105469,16.000999450683594,13.600000381469727,72.22000122070312,43.15999984741211,43.880001068115234,102.0999984741211,35.779998779296875,81.38999938964844,148.6300048828125,32.16999816894531,116.79000091552734,63.27000045776367,73.86000061035156,33.959999084472656,53.540077209472656,25.260000228881836,12.050000190734863,1.1697499752044678,32.96015167236328,86.33999633789062,52.83000183105469,77.63999938964844,31.48666763305664,25.6299991607666,138.08999633789062,41.68000030517578,51.02000045776367,47.970001220703125,33.584999084472656,18.683996200561523,71.20999908447266,90.58999633789062,61.38999938964844,4.480000019073486,156.1199951171875,97.18000030517578,16.225000381469727,13.90999984741211,73.16999816894531,44.060001373291016,44.959999084472656,103.0999984741211,36.529998779296875,83.0999984741211,151.32000732421875,32.5,117.63999938964844,64.33999633789062,74.97000122070312,36.220001220703125,54.08396911621094,25.729999542236328,12.359999656677246,1.1924999952316284,33.34914779663086,87.62000274658203,53.900001525878906,78.94000244140625,31.836666107177734,25.81999969482422,140.1300048828125,42.119998931884766,53.25,48.5099983215332,34.040000915527344,18.927701950073242,72.05999755859375,91.43000030517578,59.849998474121094,4.320000171661377,152.99000549316406,95.62999725341797,15.96399974822998,13.579999923706055,72.0,43.150001525878906,43.79999923706055,101.37999725341797,34.779998779296875,80.51000213623047,148.58999633789062,32.040000915527344,116.79000091552734,63.2599983215332,73.66999816894531,33.93000030517578,53.520992279052734,25.239999771118164,11.9399995803833,1.15625,32.92219924926758,86.33999633789062,52.7400016784668,77.56999969482422,31.420000076293945,25.5,138.0800018310547,41.66999816894531,50.88999938964844,47.959999084472656,33.48500061035156,18.675872802734375,71.19000244140625,89.69999694824219,60.459999084472656,4.320000171661377,155.05999755859375,95.63999938964844,16.013999938964844,13.640000343322754,72.66999816894531,43.22999954223633,43.959999084472656,101.5,34.84000015258789,80.98999786376953,149.0,32.04999923706055,117.12999725341797,63.47999954223633,74.08000183105469,36.060001373291016,53.606868743896484,25.309999465942383,12.0,1.15625,33.225807189941406,86.72000122070312,53.599998474121094,78.01000213623047,31.446666717529297,25.549999237060547,139.0,41.709999084472656,53.130001068115234,48.130001068115234,33.52000045776367,18.70836639404297,71.5199966430664,89.91999816894531,11673600,13500700,2340300,1055100,21568000,71925000,4726800,20612100,7394900,6360100,7993900,2235300,3385800,23004800,7940900,14314900,3767000,8104000,6502630,12824300,15538900,475588000,31296000,2668300,12128900,5115400,1664400,7414600,2804300,6665600,8842700,16150100,23147600,56062079,8538400,11370000
2016-06-14,39.669776916503906,4.389999866485596,113.54318237304688,86.26824188232422,12.168767929077148,10.666837692260742,51.69989013671875,31.105085372924805,32.554317474365234,66.30923461914062,24.89457893371582,60.41251754760742,119.51866149902344,25.845605850219727,89.59404754638672,47.579200744628906,63.24077224731445,24.196025848388672,39.77876663208008,18.54191780090332,11.6254243850708,1.1506081819534302,21.26787757873535,60.92805862426758,40.26061248779297,58.74095153808594,28.475078582763672,19.639175415039062,117.0333251953125,28.56559181213379,34.373085021972656,35.516815185546875,22.374710083007812,15.269283294677734,60.35057830810547,58.588645935058594,59.900001525878906,4.389999866485596,152.99000549316406,94.5999984741211,15.89900016784668,13.260000228881836,73.0999984741211,41.959999084472656,44.31999969482422,101.27999877929688,35.54999923706055,82.9800033569336,146.19000244140625,32.13999938964844,117.12000274658203,62.08000183105469,74.31999969482422,32.810001373291016,53.67366409301758,24.600000381469727,11.920000076293945,1.1720000505447388,33.19734191894531,84.41000366210938,52.70000076293945,77.45999908447266,31.476667404174805,25.56999969482422,137.8699951171875,41.189998626708984,50.790000915527344,46.880001068115234,33.564998626708984,18.407798767089844,71.31999969482422,90.43000030517578,60.380001068115234,4.510000228881836,153.47999572753906,94.69999694824219,16.05299949645996,13.729999542236328,73.1500015258789,43.540000915527344,44.599998474121094,102.05000305175781,36.43000030517578,83.05000305175781,149.0500030517578,32.2400016784668,117.18000030517578,63.470001220703125,74.37000274658203,34.5,53.73091506958008,25.420000076293945,12.319999694824219,1.1775000095367432,33.235294342041016,86.72000122070312,53.25,77.88999938964844,31.559999465942383,25.709999084472656,138.25999450683594,41.77000045776367,51.900001525878906,48.119998931884766,33.73500061035156,18.70836639404297,71.3499984741211,90.87000274658203,59.15999984741211,4.329999923706055,151.63999938964844,93.33000183105469,15.812999725341797,13.170000076293945,72.16000366210938,41.52000045776367,43.349998474121094,100.5199966430664,34.52000045776367,81.06999969482422,145.4499969482422,31.790000915527344,116.30000305175781,61.68000030517578,73.05999755859375,32.130001068115234,53.07251739501953,24.420000076293945,11.739999771118164,1.1540000438690186,32.808349609375,83.86000061035156,52.470001220703125,76.62000274658203,31.176666259765625,25.389999389648438,137.33999633789062,40.95000076293945,50.029998779296875,46.5099983215332,33.185001373291016,18.31031608581543,70.73999786376953,89.8499984741211,59.459999084472656,4.400000095367432,152.74000549316406,93.5,15.927000045776367,13.5600004196167,72.22000122070312,43.040000915527344,43.84000015258789,101.76000213623047,35.599998474121094,81.22000122070312,148.22000122070312,32.0099983215332,116.44999694824219,62.68000030517578,73.54000091552734,33.90999984741211,53.21564865112305,25.09000015258789,12.069999694824219,1.1670000553131104,32.82732391357422,86.05000305175781,52.65999984741211,77.18000030517578,31.383333206176758,25.540000915527344,137.8800048828125,41.529998779296875,51.0,47.86000061035156,33.44499969482422,18.610885620117188,71.04000091552734,90.44999694824219,11560200,16757400,2115200,1624300,25669000,85377800,4691900,27621300,7324500,6924000,7375800,2335700,5069600,18754300,6378400,19509300,3691900,9838400,9006722,15812900,21913200,298344000,33410430,2754300,8887300,5361900,1265700,7191500,2970700,8446000,7432000,25311700,24405000,66888232,8000500,10161000
2016-06-15,40.000919342041016,4.420000076293945,112.7342758178711,85.8852310180664,12.161861419677734,10.731193542480469,51.325042724609375,31.142147064208984,32.106258392333984,65.88365936279297,24.57245445251465,60.019378662109375,119.49415588378906,25.41939926147461,89.0509262084961,47.49490737915039,62.72172164916992,24.48363494873047,39.665611267089844,18.632369995117188,11.72295093536377,1.1623893976211548,21.146312713623047,60.790897369384766,40.703704833984375,58.27836608886719,28.47206687927246,19.846553802490234,117.04610443115234,28.447690963745117,34.71147155761719,35.44105529785156,22.321386337280273,15.28948974609375,59.93595504760742,58.41371154785156,60.400001525878906,4.420000076293945,151.89999389648438,94.18000030517578,15.84000015258789,13.34000015258789,72.56999969482422,42.0099983215332,43.709999084472656,100.62999725341797,35.09000015258789,82.44000244140625,146.16000366210938,31.610000610351562,116.41000366210938,61.970001220703125,73.70999908447266,33.20000076293945,53.520992279052734,24.719999313354492,12.020000457763672,1.184000015258789,33.007591247558594,84.22000122070312,53.279998779296875,76.8499984741211,31.47333335876465,25.84000015258789,137.25999450683594,41.02000045776367,51.290000915527344,46.779998779296875,33.48500061035156,18.43216896057129,70.83000183105469,90.16000366210938,61.27000045776367,4.480000019073486,154.0800018310547,95.2300033569336,16.011999130249023,13.65999984741211,73.76000213623047,42.88999938964844,44.5099983215332,101.63999938964844,36.0099983215332,83.54000091552734,148.6999969482422,32.2599983215332,117.73999786376953,62.97999954223633,74.88999938964844,34.54999923706055,53.931297302246094,25.170000076293945,12.25,1.1942499876022339,33.3870964050293,85.62000274658203,53.560001373291016,77.88999938964844,31.690000534057617,26.030000686645508,138.1699981689453,41.619998931884766,51.779998779296875,47.560001373291016,33.88999938964844,18.64337921142578,71.66000366210938,90.9000015258789,60.0099983215332,4.300000190734863,151.82000732421875,94.12999725341797,15.817999839782715,13.279999732971191,72.48999786376953,41.970001220703125,43.40999984741211,100.25,34.66999816894531,81.5,145.89999389648438,31.59000015258789,116.33999633789062,61.90999984741211,73.61000061035156,32.02000045776367,53.38740539550781,24.56999969482422,11.949999809265137,1.1687500476837158,32.87476348876953,84.1500015258789,52.66999816894531,76.7300033569336,31.420000076293945,25.65999984741211,137.0500030517578,40.97999954223633,50.150001525878906,46.7400016784668,33.25,18.415922164916992,70.7699966430664,90.0,60.290000915527344,4.440000057220459,153.1300048828125,94.70999908447266,15.881999969482422,13.380000114440918,73.25,42.29999923706055,43.90999984741211,100.62999725341797,35.41999816894531,82.7300033569336,147.16000366210938,32.25,117.63999938964844,62.40999984741211,74.7300033569336,32.380001068115234,53.82633590698242,24.84000015258789,12.15999984741211,1.1817500591278076,33.2163200378418,84.66999816894531,53.04999923706055,77.18000030517578,31.636667251586914,25.670000076293945,137.74000549316406,41.25,50.45000076293945,47.27000045776367,33.439998626708984,18.456539154052734,71.51000213623047,90.2300033569336,7739300,11575300,2443700,740100,30884000,100659100,5390100,21934200,6898000,5627000,7003900,2150800,2981400,23783300,6371400,16982100,3408900,8382500,8015942,17393000,17491700,301036000,21372696,2097400,8832400,5384800,706500,6926800,2369400,7863900,8192100,20142000,33659000,58034633,7861100,10655800
2016-06-16,40.33204650878906,4.75,113.0311050415039,87.15283203125,12.179519653320312,10.707059860229492,50.7309684753418,31.223703384399414,31.702260971069336,66.1717529296875,24.36937713623047,58.37399673461914,119.87841796875,25.483732223510742,89.22685241699219,47.68648910522461,63.18120193481445,24.62375831604004,40.662742614746094,18.89617347717285,11.654682159423828,1.167052984237671,21.12200355529785,60.538272857666016,40.81066131591797,57.89162063598633,28.46905517578125,19.86191749572754,118.2399673461914,28.47543716430664,35.04985809326172,35.494075775146484,22.214733123779297,15.329926490783691,60.14751434326172,59.100460052490234,60.900001525878906,4.75,152.3000030517578,95.56999969482422,15.86299991607666,13.3100004196167,71.7300033569336,42.119998931884766,43.15999984741211,101.06999969482422,34.79999923706055,80.18000030517578,146.6300048828125,31.690000534057617,116.63999938964844,62.220001220703125,74.25,33.38999938964844,54.86641311645508,25.06999969482422,11.949999809265137,1.1887500286102295,32.96963882446289,83.87000274658203,53.41999816894531,76.33999633789062,31.469999313354492,25.860000610351562,138.66000366210938,41.060001373291016,51.790000915527344,46.849998474121094,33.32500076293945,18.48090934753418,71.08000183105469,91.22000122070312,60.939998626708984,4.75,152.89999389648438,95.62000274658203,15.883999824523926,13.329999923706055,72.5199966430664,42.18000030517578,43.31999969482422,101.26000213623047,35.400001525878906,81.3499984741211,146.99000549316406,31.770000457763672,116.88999938964844,62.29999923706055,74.47000122070312,33.5,55.02862548828125,25.110000610351562,11.989999771118164,1.190750002861023,33.007591247558594,84.0199966430664,53.470001220703125,76.4800033569336,31.489999771118164,25.90999984741211,138.88999938964844,41.08000183105469,51.95000076293945,46.86000061035156,33.375,18.497156143188477,71.19999694824219,91.38999938964844,59.90999984741211,4.460000038146973,150.6999969482422,93.20999908447266,15.5600004196167,13.020000457763672,70.7699966430664,41.150001525878906,42.220001220703125,98.7699966430664,33.61000061035156,79.33000183105469,143.52999877929688,31.219999313354492,115.22000122070312,60.900001525878906,72.94999694824219,32.34000015258789,53.55915832519531,24.229999542236328,11.579999923706055,1.1637500524520874,32.65654754638672,82.69999694824219,52.47999954223633,74.91999816894531,30.93000030517578,25.3799991607666,136.3800048828125,40.34000015258789,50.70000076293945,45.959999084472656,32.66999816894531,18.180341720581055,70.2699966430664,89.11000061035156,59.93000030517578,4.5,151.67999267578125,93.79000091552734,15.704999923706055,13.229999542236328,72.3499984741211,41.61000061035156,43.20000076293945,99.97000122070312,34.959999084472656,81.25,145.0,31.440000534057617,115.69000244140625,61.45000076293945,73.47000122070312,32.939998626708984,54.3797721862793,24.450000762939453,11.869999885559082,1.1752500534057617,32.90322494506836,83.43000030517578,52.970001220703125,76.1500015258789,31.163333892822266,25.510000228881836,137.2100067138672,40.650001525878906,51.04999923706055,46.470001220703125,33.125,18.285945892333984,70.62000274658203,89.69999694824219,7011200,34182700,2321700,501300,22804000,90152000,10778200,19904800,7010100,8043000,17231400,3139800,3499200,18547900,6664300,16791200,4788700,5010100,23110706,16309400,22453100,246456000,23540563,2096400,5907500,6033100,4066500,4637700,3176100,6458800,5707900,15619300,39987400,71488109,9341200,12824800
2016-06-17,39.74263381958008,5.260000228881836,111.0420913696289,86.31387329101562,11.977593421936035,10.779458999633789,49.98127746582031,31.490562438964844,32.42945098876953,66.49910736083984,25.195697784423828,58.89091873168945,119.0689926147461,25.540023803710938,88.33948516845703,47.73247146606445,62.849361419677734,24.704875946044922,39.524192810058594,19.077072143554688,11.898503303527832,1.1466811895370483,20.79985237121582,60.40111541748047,40.909976959228516,58.77127456665039,28.227815628051758,19.854238510131836,117.41277313232422,28.510122299194336,34.9957160949707,35.304683685302734,22.441530227661133,15.317057609558105,59.52305221557617,58.77650833129883,60.0099983215332,5.260000228881836,149.6199951171875,94.6500015258789,15.600000381469727,13.399999618530273,70.66999816894531,42.47999954223633,44.150001525878906,101.56999969482422,35.97999954223633,80.88999938964844,145.63999938964844,31.760000228881836,115.4800033569336,62.279998779296875,73.86000061035156,33.5,53.33015441894531,25.309999465942383,12.199999809265137,1.1679999828338623,32.466793060302734,83.68000030517578,53.54999923706055,77.5,31.203332901000977,25.850000381469727,137.69000244140625,41.11000061035156,51.709999084472656,46.599998474121094,33.44499969482422,18.3671817779541,70.05999755859375,90.72000122070312,60.970001220703125,5.269999980926514,152.75999450683594,94.95999908447266,15.975000381469727,13.529999732971191,72.0,42.939998626708984,44.7400016784668,101.73999786376953,36.439998626708984,81.55000305175781,148.22999572753906,31.809999465942383,116.66999816894531,62.709999084472656,75.08000183105469,34.27000045776367,54.799617767333984,25.489999771118164,12.350000381469727,1.190500020980835,33.02656555175781,84.52999877929688,53.81999969482422,77.79000091552734,31.420000076293945,25.93000030517578,138.85000610351562,41.31999969482422,52.65999984741211,47.0,33.5099983215332,18.456539154052734,70.93000030517578,91.58999633789062,59.56999969482422,4.679999828338623,149.5500030517578,93.2699966430664,15.493000030517578,13.279999732971191,70.12999725341797,42.150001525878906,43.5099983215332,100.4000015258789,35.150001525878906,80.33999633789062,145.4600067138672,31.469999313354492,115.01000213623047,61.93000030517578,73.47000122070312,33.16999816894531,53.14885330200195,25.049999237060547,11.949999809265137,1.1632499694824219,32.31499099731445,82.83000183105469,53.099998474121094,76.22000122070312,30.976667404174805,25.600000381469727,136.5500030517578,40.790000915527344,51.36000061035156,46.52000045776367,33.25,18.285945892333984,69.80000305175781,90.19000244140625,60.880001068115234,4.75,152.61000061035156,94.61000061035156,15.897000312805176,13.380000114440918,72.0,42.439998626708984,43.599998474121094,101.44000244140625,35.279998779296875,80.94999694824219,146.6300048828125,31.729999542236328,116.62000274658203,62.29999923706055,74.6500015258789,33.540000915527344,54.799617767333984,25.100000381469727,11.970000267028809,1.190250039100647,32.99810028076172,83.83999633789062,53.72999954223633,76.87999725341797,31.420000076293945,25.889999389648438,138.75999450683594,41.060001373291016,51.90999984741211,46.849998474121094,33.45000076293945,18.407798767089844,70.9000015258789,91.48999786376953,12574700,64894100,4681500,702400,43333000,89022300,15007700,25113400,9672800,8762200,13328500,3280800,4296500,27047900,10702200,15751500,6604900,7417300,18323651,19295900,20604200,471000000,35423464,4244800,14548800,6583900,1817700,5813100,4430900,8413000,7102000,25661300,34871800,46524537,10799100,17483200
2016-06-20,39.80885314941406,5.099999904632568,111.80654907226562,88.32007598876953,12.048994064331055,10.892080307006836,50.186370849609375,31.727785110473633,32.82609176635742,67.17997741699219,26.134050369262695,60.565399169921875,120.79409790039062,25.869722366333008,89.1503677368164,47.80146026611328,62.355831146240234,25.50870132446289,39.700984954833984,19.521778106689453,12.01553726196289,1.167297601699829,20.97004508972168,60.64653396606445,41.16971969604492,58.839515686035156,28.541418075561523,20.25362777709961,118.12059020996094,28.586395263671875,34.97541046142578,35.55469512939453,22.6361141204834,15.405119895935059,59.8968620300293,59.03569030761719,60.11000061035156,5.099999904632568,150.64999389648438,96.8499984741211,15.692999839782715,13.539999961853027,70.95999908447266,42.79999923706055,44.689998626708984,102.61000061035156,37.31999969482422,83.19000244140625,147.75,32.16999816894531,116.54000091552734,62.369998931884766,73.27999877929688,34.59000015258789,53.568702697753906,25.899999618530273,12.319999694824219,1.1890000104904175,32.73244857788086,84.0199966430664,53.88999938964844,77.58999633789062,31.549999237060547,26.3700008392334,138.52000427246094,41.220001220703125,51.68000030517578,46.93000030517578,33.73500061035156,18.47278594970703,70.5,91.12000274658203,61.18000030517578,5.449999809265137,152.69000244140625,97.62000274658203,15.960000038146973,13.850000381469727,71.75,44.04999923706055,45.36000061035156,103.4000015258789,37.7599983215332,83.38999938964844,150.5,32.439998626708984,117.13999938964844,63.849998474121094,74.69999694824219,34.650001525878906,54.007633209228516,26.299999237060547,12.65999984741211,1.2042499780654907,32.92219924926758,85.73999786376953,54.65999984741211,79.12000274658203,31.926666259765625,26.639999389648438,139.83999633789062,42.0,52.63999938964844,47.900001525878906,34.0,18.757108688354492,71.0,91.58999633789062,60.060001373291016,5.090000152587891,150.3699951171875,96.70999908447266,15.668999671936035,13.510000228881836,70.95999908447266,42.779998779296875,44.56999969482422,102.5999984741211,36.7400016784668,81.80999755859375,147.5800018310547,32.0099983215332,116.43000030517578,62.34000015258789,73.22000122070312,33.61000061035156,53.549617767333984,25.850000381469727,12.289999961853027,1.1859999895095825,32.4288444519043,83.8499984741211,53.86000061035156,77.5199966430664,31.53333282470703,26.280000686645508,138.13999938964844,41.15999984741211,51.58000183105469,46.91999816894531,33.70500183105469,18.464662551879883,70.41000366210938,91.06999969482422,60.63999938964844,5.389999866485596,151.7899932861328,97.33000183105469,15.84000015258789,13.739999771118164,71.33000183105469,43.459999084472656,45.0,102.87999725341797,36.79999923706055,82.33000183105469,148.5,32.06999969482422,116.5999984741211,63.45000076293945,74.44999694824219,34.0,53.75954055786133,25.8799991607666,12.510000228881836,1.186750054359436,32.713470458984375,85.22000122070312,54.16999816894531,78.87999725341797,31.656667709350586,26.31999969482422,139.22000122070312,41.75,52.2400016784668,47.4900016784668,33.92499923706055,18.659626007080078,70.66000366210938,91.29000091552734,7076500,43541300,3250500,949900,20265000,89874000,5165800,20244000,8374600,6627000,9509700,3215000,3338900,21961600,5588200,12213200,3640100,6165600,9116238,17426400,21481700,293768000,23814919,4684900,8680800,5257200,1106100,10019300,3731700,5766200,4520000,19490100,21826400,70566829,7983700,9388500
2016-06-21,39.722755432128906,5.449999809265137,110.8936996459961,89.81563568115234,11.963001251220703,10.956433296203613,50.391483306884766,31.816743850708008,32.90689468383789,67.59244537353516,26.74329376220703,61.81760787963867,121.28462982177734,25.990354537963867,88.87494659423828,48.24597930908203,61.751670837402344,25.95855140686035,39.77876663208008,19.747900009155273,12.434910774230957,1.1601802110671997,21.12200355529785,61.014678955078125,41.16209030151367,59.54478073120117,28.63187026977539,20.42259979248047,117.83915710449219,28.690431594848633,35.51005935668945,35.781978607177734,22.90451431274414,15.49318790435791,59.69295120239258,59.30131912231445,59.97999954223633,5.449999809265137,149.4199981689453,98.48999786376953,15.581000328063965,13.619999885559082,71.25,42.91999816894531,44.79999923706055,103.23999786376953,38.189998626708984,84.91000366210938,148.35000610351562,32.31999969482422,116.18000030517578,62.95000076293945,72.56999969482422,35.20000076293945,53.67366409301758,26.200000762939453,12.75,1.1817500591278076,32.96963882446289,84.52999877929688,53.880001068115234,78.5199966430664,31.549999237060547,26.59000015258789,138.19000244140625,41.369998931884766,52.470001220703125,47.22999954223633,34.1349983215332,18.578392028808594,70.26000213623047,91.52999877929688,60.400001525878906,5.5,151.47000122070312,98.80999755859375,15.84000015258789,13.649999618530273,71.5,43.209999084472656,45.08000183105469,103.44999694824219,38.41999816894531,85.22000122070312,148.8300018310547,32.380001068115234,117.1500015258789,63.0,73.80000305175781,35.380001068115234,54.07442855834961,26.299999237060547,12.829999923706055,1.1972500085830688,33.092979431152344,84.83999633789062,54.25,78.97000122070312,31.643333435058594,26.649999618530273,139.22999572753906,41.5099983215332,52.689998626708984,47.34000015258789,34.20500183105469,18.619009017944336,70.80999755859375,91.63999938964844,59.75,5.090000152587891,148.5,97.81999969482422,15.560999870300293,13.449999809265137,70.36000061035156,42.470001220703125,44.25,102.2699966430664,36.7599983215332,82.83000183105469,147.1199951171875,32.09000015258789,116.18000030517578,62.13999938964844,72.52999877929688,34.29999923706055,53.66412353515625,25.799999237060547,12.420000076293945,1.1799999475479126,32.74193572998047,83.52999877929688,53.599998474121094,77.18000030517578,31.43666648864746,26.34000015258789,138.07000732421875,41.09000015258789,51.27000045776367,46.77000045776367,33.560001373291016,18.464662551879883,70.0999984741211,90.25,60.20000076293945,5.099999904632568,151.13999938964844,98.16000366210938,15.76099967956543,13.619999885559082,71.16000366210938,43.16999816894531,44.58000183105469,102.69000244140625,37.16999816894531,82.98999786376953,148.5,32.2599983215332,116.98999786376953,62.72999954223633,73.69999694824219,34.61000061035156,53.950382232666016,26.059999465942383,12.539999961853027,1.194000005722046,32.74193572998047,84.69000244140625,54.25,77.5,31.583332061767578,26.450000762939453,139.1999969482422,41.47999954223633,51.70000076293945,47.290000915527344,33.65999984741211,18.5458984375,70.73999786376953,90.72000122070312,6366500,35864600,2622200,691700,16126000,73810800,6450900,14714900,6783300,4938700,7597400,3539800,2424600,15476500,5493500,11611600,5999200,5464000,6710344,12357100,25060500,212508000,26725962,3023100,6431700,5634800,966600,6095200,2021400,4447800,4809500,11731600,22444600,40308110,7014900,8557500
2016-06-22,39.99429702758789,5.019999980926514,111.18312072753906,90.05274963378906,11.911561965942383,10.948389053344727,51.14117431640625,31.638832092285156,32.31193161010742,66.97050476074219,26.568212509155273,60.86389923095703,121.11290740966797,25.966230392456055,89.08914947509766,48.06203842163086,62.17711639404297,26.002805709838867,40.33744430541992,19.891103744506836,12.405652046203613,1.1591986417770386,20.951807022094727,61.1806640625,41.284324645996094,59.355194091796875,28.604646682739258,20.38419532775879,117.59188079833984,28.676549911499023,35.74016189575195,35.584999084472656,22.777021408081055,15.479637145996094,59.86290740966797,59.068084716796875,60.38999938964844,5.019999980926514,149.80999755859375,98.75,15.513999938964844,13.609999656677246,72.30999755859375,42.68000030517578,43.9900016784668,102.29000091552734,37.939998626708984,83.5999984741211,148.13999938964844,32.290000915527344,116.45999908447266,62.709999084472656,73.06999969482422,35.2599983215332,54.42748260498047,26.389999389648438,12.720000267028809,1.1807500123977661,32.703983306884766,84.76000213623047,54.040000915527344,78.2699966430664,31.520000457763672,26.540000915527344,137.89999389648438,41.349998474121094,52.810001373291016,46.970001220703125,33.94499969482422,18.562145233154297,70.45999908447266,91.16999816894531,61.18000030517578,5.519999980926514,152.17999267578125,99.55000305175781,15.717000007629395,13.779999732971191,73.44000244140625,43.43000030517578,45.18000030517578,103.55000305175781,38.90999984741211,85.08999633789062,150.1199951171875,32.630001068115234,117.20999908447266,63.709999084472656,73.91000366210938,35.630001068115234,54.64694595336914,26.68000030517578,13.039999961853027,1.1920000314712524,33.159393310546875,85.79000091552734,54.970001220703125,79.13999938964844,31.85333251953125,26.920000076293945,139.5399932861328,41.869998931884766,53.20000076293945,47.58000183105469,34.28499984741211,18.71649169921875,71.25,91.93000030517578,59.91999816894531,4.960000038146973,149.0,98.69000244140625,15.479999542236328,13.59000015258789,71.22000122070312,42.63999938964844,43.90999984741211,102.19000244140625,37.560001373291016,83.43000030517578,147.99000549316406,32.25,116.30999755859375,62.68000030517578,72.5,34.939998626708984,53.53053283691406,26.139999389648438,12.670000076293945,1.1787500381469727,32.64706039428711,84.54000091552734,53.900001525878906,78.19999694824219,31.483333587646484,26.520000457763672,137.6300048828125,41.31999969482422,52.220001220703125,46.93000030517578,33.915000915527344,18.521526336669922,70.19999694824219,91.01000213623047,60.0,5.460000038146973,149.0800018310547,99.19999694824219,15.572999954223633,13.600000381469727,71.25,42.869998931884766,45.119998931884766,103.5,38.540000915527344,84.9000015258789,148.00999450683594,32.29999923706055,116.54000091552734,62.95000076293945,72.5,35.20000076293945,53.568702697753906,26.229999542236328,12.779999732971191,1.184249997138977,32.96015167236328,84.6500015258789,53.900001525878906,79.01000213623047,31.59666633605957,26.600000381469727,138.4499969482422,41.349998474121094,52.54999923706055,47.150001525878906,34.28499984741211,18.578392028808594,70.26000213623047,91.83999633789062,6718600,47943300,4470100,501700,16039000,77980500,8093800,18087600,8649100,4866400,6678300,2415600,2487600,18304800,5833800,12643500,4410800,4887700,13076420,14542900,26968200,202620000,26515583,2500500,8481600,5274000,918900,8010400,2375200,4486900,5301500,17072100,20516400,54005201,11207600,8785400
2016-06-23,40.603572845458984,5.210000038146973,113.00884246826172,92.46025848388672,12.178751945495605,11.29429817199707,51.37456130981445,32.958351135253906,33.516544342041016,68.37812042236328,27.170455932617188,61.519126892089844,124.80828857421875,26.529142379760742,89.79293823242188,49.08903121948242,62.91743469238281,27.005752563476562,40.79002380371094,20.5694637298584,13.702783584594727,1.1901235580444336,21.024747848510742,62.559322357177734,42.43789291381836,60.356201171875,29.318557739257812,20.59156608581543,118.69188690185547,29.28683853149414,36.349239349365234,36.29714584350586,23.15277862548828,15.804815292358398,60.64451217651367,59.47626495361328,61.310001373291016,5.210000038146973,152.27000427246094,101.38999938964844,15.862000465393066,14.039999961853027,72.63999938964844,44.459999084472656,45.630001068115234,104.44000244140625,38.79999923706055,84.5,152.66000366210938,32.9900016784668,117.37999725341797,64.05000305175781,73.94000244140625,36.619998931884766,55.038169860839844,27.290000915527344,14.050000190734863,1.212249994277954,32.81783676147461,86.66999816894531,55.54999923706055,79.58999633789062,32.30666732788086,26.809999465942383,139.19000244140625,42.22999954223633,53.709999084472656,47.90999984741211,34.505001068115234,18.952070236206055,71.37999725341797,91.80000305175781,61.31999969482422,5.260000228881836,152.39999389648438,101.41000366210938,15.86299991607666,14.050000190734863,72.91000366210938,44.5,45.63999938964844,104.44999694824219,38.86000061035156,84.97000122070312,152.8000030517578,33.0,117.37999725341797,64.1500015258789,73.94000244140625,36.630001068115234,55.038169860839844,27.290000915527344,14.15999984741211,1.2135000228881836,32.96015167236328,86.76000213623047,55.56999969482422,79.58999633789062,32.34333419799805,26.809999465942383,139.97999572753906,42.2400016784668,53.93000030517578,47.90999984741211,34.51499938964844,18.952070236206055,71.38999938964844,92.06999969482422,60.619998931884766,5.050000190734863,150.6300048828125,99.31999969482422,15.597000122070312,13.819999694824219,72.1500015258789,43.470001220703125,44.27000045776367,103.06999969482422,38.060001373291016,83.97000122070312,150.13999938964844,32.5,116.68000030517578,63.529998779296875,73.19999694824219,35.439998626708984,54.4942741394043,26.799999237060547,13.40999984741211,1.191249966621399,32.542694091796875,85.79000091552734,54.56999969482422,78.69000244140625,31.836666107177734,26.520000457763672,138.00999450683594,41.880001068115234,53.31999969482422,47.38999938964844,34.16999816894531,18.77335548400879,70.75,91.19000244140625,60.86000061035156,5.170000076293945,151.2100067138672,100.54000091552734,15.734999656677246,13.84000015258789,72.86000061035156,43.5099983215332,44.599998474121094,103.44999694824219,38.439998626708984,84.76000213623047,150.55999755859375,32.58000183105469,117.19999694824219,63.70000076293945,73.58999633789062,35.869998931884766,54.847328186035156,26.93000030517578,13.40999984741211,1.1920000314712524,32.92219924926758,85.8499984741211,54.849998474121094,78.98999786376953,31.933332443237305,26.639999389648438,139.35000610351562,41.91999816894531,53.400001525878906,47.63999938964844,34.29999923706055,18.781478881835938,71.08000183105469,91.93000030517578,5328200,29159200,3000400,888700,24435000,82494600,5624500,25703000,7714800,5593600,5841200,2413200,2940500,22048800,6775900,16583600,2989700,5518700,7302883,18027200,71203000,297880000,25111339,2228600,8952200,4734400,1099200,6708600,2646800,7393700,5570900,16270000,19077000,73745517,7626900,9464500
2016-06-24,39.643287658691406,4.880000114440918,108.68950653076172,86.64213562011719,11.418636322021484,10.457686424255371,49.9388542175293,29.874526977539062,31.709606170654297,66.71514892578125,25.104658126831055,59.014678955078125,115.9786376953125,25.371152877807617,88.45421600341797,45.67848205566406,63.249290466308594,26.054426193237305,39.51710891723633,18.481618881225586,12.883544921875,1.1223829984664917,20.64789390563965,58.524436950683594,39.817508697509766,58.134273529052734,27.72739028930664,19.723669052124023,117.07172393798828,27.643226623535156,35.570960998535156,34.63039779663086,22.404619216918945,14.958009719848633,58.885868072509766,57.91483688354492,59.86000061035156,4.880000114440918,146.4499969482422,95.01000213623047,14.871999740600586,13.0,70.61000061035156,40.29999923706055,43.16999816894531,101.9000015258789,35.849998474121094,81.05999755859375,141.86000061035156,31.549999237060547,115.62999725341797,59.599998474121094,74.33000183105469,35.33000183105469,53.32061004638672,24.520000457763672,13.210000038146973,1.1432499885559082,32.2296028137207,81.08000183105469,52.119998931884766,76.66000366210938,30.553333282470703,25.68000030517578,137.2899932861328,39.86000061035156,52.560001373291016,45.709999084472656,33.38999938964844,17.93663787841797,69.30999755859375,89.38999938964844,60.599998474121094,5.070000171661377,149.3000030517578,96.5999984741211,15.487000465393066,13.4399995803833,71.8499984741211,41.38999938964844,44.41999816894531,103.01000213623047,37.7599983215332,82.87999725341797,146.4199981689453,32.31999969482422,117.12000274658203,61.70000076293945,75.12000274658203,35.880001068115234,54.45610809326172,25.530000686645508,13.850000381469727,1.184000015258789,32.68500900268555,83.37000274658203,53.81999969482422,77.7699966430664,31.43666648864746,26.200000762939453,138.6199951171875,41.119998931884766,53.2400016784668,46.970001220703125,33.775001525878906,18.350933074951172,70.4000015258789,90.80000305175781,59.18000030517578,4.760000228881836,146.02999877929688,93.95999908447266,14.84000015258789,12.970000267028809,70.52999877929688,40.2599983215332,42.91999816894531,101.16999816894531,35.650001525878906,80.80999755859375,140.9199981689453,31.399999618530273,115.0,59.34000015258789,71.87000274658203,34.75,53.21564865112305,24.510000228881836,13.130000114440918,1.1325000524520874,32.01138687133789,80.93000030517578,52.119998931884766,76.2300033569336,30.43666648864746,25.510000228881836,135.14999389648438,39.83000183105469,51.619998931884766,45.279998779296875,33.14500045776367,17.87164878845215,69.05000305175781,89.1500015258789,59.2599983215332,4.820000171661377,147.1999969482422,94.08000183105469,15.199999809265137,13.050000190734863,70.75,40.630001068115234,43.31999969482422,101.45999908447266,36.43000030517578,81.58000183105469,143.02999877929688,31.799999237060547,115.06999969482422,60.47999954223633,72.44999694824219,34.88999938964844,53.47328186035156,25.06999969482422,13.5,1.162500023841858,32.06830978393555,82.0999984741211,53.0099983215332,76.62999725341797,30.940000534057617,25.59000015258789,135.66000366210938,40.220001220703125,51.900001525878906,45.7599983215332,33.17499923706055,17.96100616455078,69.3499984741211,89.87999725341797,9878500,36735200,4919200,2063600,64177000,231499200,7414100,71849800,13630200,11481400,18759500,4942200,9442200,38094300,13939500,44108700,10471300,11571600,18087013,49311900,77486100,1017684000,46376211,4741900,17018500,9561500,2657100,9529800,4475100,13335700,8054900,46744100,53759800,165914672,22576500,20010500
2016-06-27,38.86180877685547,4.71999979019165,107.30158996582031,84.35321044921875,11.02782917022705,9.798047065734863,49.733734130859375,28.525365829467773,29.954084396362305,65.70687866210938,23.63409423828125,57.2164192199707,114.05738830566406,24.703702926635742,89.15801239013672,44.15330505371094,63.725791931152344,24.284526824951172,39.114013671875,17.79572105407715,11.927762031555176,1.1103568077087402,20.544559478759766,56.21461486816406,39.06882858276367,56.92854309082031,26.60207748413086,19.842395782470703,116.91822052001953,26.831823348999023,34.60318374633789,34.10007858276367,21.686647415161133,14.531216621398926,58.095726013183594,57.571468353271484,58.68000030517578,4.71999979019165,144.5800018310547,92.5,14.36299991607666,12.180000305175781,70.31999969482422,38.47999954223633,40.779998779296875,100.36000061035156,33.75,78.58999633789062,139.50999450683594,30.719999313354492,116.55000305175781,57.61000061035156,74.88999938964844,32.93000030517578,52.77671813964844,23.610000610351562,12.229999542236328,1.13100004196167,32.06830978393555,77.87999725341797,51.13999938964844,75.06999969482422,29.31333351135254,24.899999618530273,137.11000061035156,38.689998626708984,51.130001068115234,45.0099983215332,32.31999969482422,17.42485809326172,68.37999725341797,88.86000061035156,59.68000030517578,5.050000190734863,147.07000732421875,92.9000015258789,14.725000381469727,12.770000457763672,71.12999725341797,39.63999938964844,42.65999984741211,101.4000015258789,35.34000015258789,80.80000305175781,141.22999572753906,31.40999984741211,116.63999938964844,58.75,75.06999969482422,34.84000015258789,53.1297721862793,24.110000610351562,13.239999771118164,1.1425000429153442,32.23908996582031,79.7699966430664,52.290000915527344,75.69999694824219,30.139999389648438,24.959999084472656,137.38999938964844,39.2599983215332,52.16999816894531,45.33000183105469,32.96500015258789,17.69293212890625,69.08000183105469,89.0999984741211,58.33000183105469,4.650000095367432,143.82000732421875,91.1500015258789,14.22700023651123,12.050000190734863,70.08999633789062,38.310001373291016,40.52000045776367,99.5199966430664,32.810001373291016,78.11000061035156,138.1999969482422,30.440000534057617,115.0,57.04999923706055,73.19999694824219,32.84000015258789,52.57633590698242,23.110000610351562,12.100000381469727,1.1142499446868896,31.812143325805664,77.4000015258789,50.84000015258789,74.52999877929688,29.113332748413086,24.360000610351562,135.47999572753906,38.4900016784668,50.75,44.5,32.05500030517578,17.31925392150879,68.08999633789062,88.11000061035156,59.380001068115234,4.880000114440918,146.16000366210938,92.4000015258789,14.649999618530273,12.770000457763672,70.38999938964844,39.58000183105469,42.5099983215332,101.25,35.16999816894531,80.0,140.07000732421875,31.40999984741211,115.0,58.709999084472656,74.05999755859375,34.83000183105469,52.9484748840332,24.049999237060547,13.130000114440918,1.1337499618530273,32.06830978393555,79.7699966430664,52.290000915527344,75.41000366210938,30.136667251586914,24.639999389648438,136.14999389648438,39.22999954223633,52.06999969482422,45.20000076293945,32.935001373291016,17.668561935424805,68.83999633789062,88.9000015258789,7945500,31025300,4176700,2285900,37864000,250847700,7473500,53380200,11940900,8248700,15020900,4234100,7381000,34965100,10877400,37300700,7657800,8203000,13721778,25434000,45700500,449088000,31359662,5335300,11642700,7036800,5307000,10314300,3996200,12952100,6175400,35030100,43319400,140642119,18241500,14169400
2016-06-28,39.72937774658203,5.119999885559082,110.15153503417969,86.08586883544922,11.499255180358887,10.216354370117188,50.928993225097656,29.978313446044922,30.8134822845459,66.5383529663086,25.20270347595215,59.51701736450195,116.4283218383789,25.08165740966797,90.44315338134766,45.617164611816406,63.947059631347656,26.32729148864746,39.30495071411133,18.54945182800293,12.668977737426758,1.1265555620193481,20.933574676513672,57.00138473510742,40.11545944213867,58.111515045166016,27.297840118408203,20.12928009033203,118.28260040283203,27.28211212158203,35.07693099975586,34.925872802734375,22.290555953979492,14.90381145477295,59.22568893432617,58.89963150024414,59.9900016784668,5.119999885559082,148.4199981689453,94.4000015258789,14.97700023651123,12.699999809265137,72.01000213623047,40.439998626708984,41.95000076293945,101.62999725341797,35.9900016784668,81.75,142.41000366210938,31.190000534057617,118.2300033569336,59.52000045776367,75.1500015258789,35.70000076293945,53.03435134887695,24.610000610351562,12.989999771118164,1.1475000381469727,32.67552185058594,78.97000122070312,52.5099983215332,76.62999725341797,30.079999923706055,25.260000228881836,138.7100067138672,39.08000183105469,51.83000183105469,46.099998474121094,33.220001220703125,17.87164878845215,69.70999908447266,90.91000366210938,60.130001068115234,5.190000057220459,148.4199981689453,94.56999969482422,14.993000030517578,12.720000267028809,72.08000183105469,40.630001068115234,42.13999938964844,102.0,36.130001068115234,81.7699966430664,142.6199951171875,31.200000762939453,118.37000274658203,59.54999923706055,76.25,35.720001220703125,53.1202278137207,24.6299991607666,13.050000190734863,1.153749942779541,32.703983306884766,79.30000305175781,52.560001373291016,76.7300033569336,30.139999389648438,25.3700008392334,139.08999633789062,39.220001220703125,52.04999923706055,46.11000061035156,33.224998474121094,17.87164878845215,69.7699966430664,90.93000030517578,59.150001525878906,4.909999847412109,145.60000610351562,93.05000305175781,14.657999992370605,12.350000381469727,70.66999816894531,39.20000076293945,41.439998626708984,100.63999938964844,34.880001068115234,79.8499984741211,139.82000732421875,30.809999465942383,116.55000305175781,58.2599983215332,73.75,33.79999923706055,52.58587646484375,23.8799991607666,12.619999885559082,1.1317499876022339,32.18216323852539,77.94999694824219,51.529998779296875,75.5199966430664,29.690000534057617,25.09000015258789,137.64999389648438,38.47999954223633,50.529998779296875,45.34000015258789,32.73500061035156,17.587326049804688,68.8499984741211,89.5199966430664,59.279998779296875,4.949999809265137,145.88999938964844,93.5999984741211,14.670000076293945,12.569999694824219,70.94999694824219,39.810001373291016,41.970001220703125,101.22000122070312,35.02000045776367,80.6500015258789,142.2100067138672,30.969999313354492,117.16999816894531,59.189998626708984,75.12999725341797,33.900001525878906,52.90076446533203,24.260000228881836,12.640000343322754,1.152500033378601,32.4003791809082,79.2699966430664,51.70000076293945,75.95999908447266,29.770000457763672,25.219999313354492,138.2100067138672,39.09000015258789,52.04999923706055,45.88999938964844,32.92499923706055,17.74167251586914,68.86000061035156,89.7300033569336,9897600,29221400,4348000,707900,37233000,150136300,7066400,38605600,8996500,7171100,8328700,3105700,5041500,23693900,10089600,29088700,8012300,9479600,13372585,19792300,34838100,381920000,25068547,4975900,7470400,5555300,2741700,14428100,4160200,10100600,7708900,27525700,29100800,109722231,13652400,13254300
2016-06-29,40.93470764160156,5.130000114440918,111.39836120605469,87.64525604248047,11.900811195373535,10.610527038574219,51.90304946899414,31.223703384399414,32.25315856933594,67.71029663085938,25.69287872314453,60.747413635253906,118.95454406738281,25.67673110961914,91.28463745117188,46.904747009277344,66.49982452392578,27.47772789001465,40.34450912475586,19.01677131652832,12.864036560058594,1.1449637413024902,21.28003692626953,57.990291595458984,40.909976959228516,59.021522521972656,27.848398208618164,20.559600830078125,119.8260498046875,27.700963973999023,35.13783264160156,35.584999084472656,22.713281631469727,15.242535591125488,60.35565948486328,59.90385818481445,61.810001373291016,5.130000114440918,150.10000610351562,96.11000061035156,15.5,13.1899995803833,73.0,42.119998931884766,43.90999984741211,103.41999816894531,36.689998626708984,83.44000244140625,145.5,31.93000030517578,119.33000183105469,61.20000076293945,78.1500015258789,37.2599983215332,54.4370231628418,25.229999542236328,13.1899995803833,1.1662499904632568,33.2163200378418,80.33999633789062,53.54999923706055,77.83000183105469,30.68666648864746,25.799999237060547,140.52000427246094,39.68000030517578,51.91999816894531,46.970001220703125,33.849998474121094,18.277822494506836,71.04000091552734,92.45999908447266,62.029998779296875,5.400000095367432,150.75,96.58999633789062,15.5649995803833,13.220000267028809,73.16999816894531,42.189998626708984,44.220001220703125,104.68000030517578,37.150001525878906,84.01000213623047,145.5500030517578,31.979999542236328,119.41000366210938,61.209999084472656,78.23999786376953,37.66999816894531,54.52289962768555,25.25,13.420000076293945,1.1752500534057617,33.34914779663086,80.51000213623047,53.84000015258789,78.88999938964844,30.77666664123535,25.969999313354492,140.67999267578125,39.75,52.650001525878906,46.9900016784668,34.04999923706055,18.277822494506836,71.23999786376953,92.69999694824219,60.22999954223633,5.099999904632568,148.6300048828125,95.62999725341797,15.07800006866455,12.920000076293945,71.95999908447266,40.900001525878906,42.189998626708984,102.30000305175781,36.31999969482422,82.41000366210938,142.92999267578125,31.309999465942383,118.0999984741211,60.0,75.87000274658203,35.84000015258789,53.41603088378906,24.639999389648438,12.9399995803833,1.1545000076293945,32.79886245727539,78.69000244140625,52.75,77.4000015258789,30.323333740234375,25.670000076293945,139.60000610351562,39.13999938964844,51.5099983215332,46.150001525878906,33.42499923706055,17.98537826538086,70.19999694824219,91.12000274658203,60.58000183105469,5.309999942779541,149.11000061035156,95.86000061035156,15.201000213623047,13.069999694824219,72.12000274658203,41.13999938964844,42.5,102.5199966430664,36.61000061035156,82.80000305175781,143.60000610351562,31.350000381469727,118.83999633789062,60.36000061035156,75.87999725341797,36.060001373291016,53.568702697753906,24.940000534057617,13.300000190734863,1.1575000286102295,32.84629821777344,79.9000015258789,53.060001373291016,77.52999877929688,30.433332443237305,25.68000030517578,139.8000030517578,39.59000015258789,52.06999969482422,46.630001068115234,33.42499923706055,18.0259952545166,70.19999694824219,91.41000366210938,9308000,33118300,3771100,556100,47860000,118484000,6539800,34004100,10234900,8887500,6788500,2870300,3804100,22771100,8341500,21483000,7123700,9061600,10284862,13760800,36879800,318932000,26206761,4596900,7126900,5854500,2353800,8758600,3704500,6242200,7510100,20856400,32708800,100009025,8968400,13920600
2016-06-30,41.00092697143555,5.139999866485596,112.91974639892578,90.47222137451172,11.93152141571045,10.674883842468262,52.29410171508789,31.423860549926758,32.025447845458984,68.63345336914062,25.384769439697266,60.73284149169922,121.4726333618164,26.376352310180664,92.79164123535156,47.62516784667969,67.0103759765625,27.993938446044922,40.740535736083984,19.582073211669922,13.419954299926758,1.1537994146347046,21.40159797668457,58.74817657470703,40.92525863647461,59.96945571899414,28.326345443725586,20.90225601196289,120.40592956542969,28.154733657836914,34.51520919799805,35.85773468017578,22.89444923400879,15.486414909362793,60.924888610839844,60.733154296875,61.90999984741211,5.139999866485596,152.14999389648438,99.20999908447266,15.539999961853027,13.270000457763672,73.55000305175781,42.38999938964844,43.599998474121094,104.83000183105469,36.25,83.41999816894531,148.5800018310547,32.79999923706055,121.30000305175781,62.13999938964844,78.75,37.959999084472656,54.97137451171875,25.979999542236328,13.760000228881836,1.1752500534057617,33.406070709228516,81.38999938964844,53.56999969482422,79.08000183105469,31.213333129882812,26.229999542236328,141.1999969482422,40.33000183105469,51.0,47.33000183105469,34.119998931884766,18.570268630981445,71.70999908447266,93.73999786376953,62.02000045776367,5.190000057220459,152.42999267578125,99.20999908447266,15.723999977111816,13.380000114440918,73.75,42.79999923706055,44.119998931884766,105.0,36.790000915527344,83.95999908447266,148.8800048828125,32.880001068115234,121.41000366210938,62.189998626708984,78.80999755859375,37.9900016784668,55.038169860839844,26.0,13.779999732971191,1.1825000047683716,33.46299743652344,81.6500015258789,53.56999969482422,79.13999938964844,31.246667861938477,26.420000076293945,141.30999755859375,40.34000015258789,51.939998626708984,47.36000061035156,34.13999938964844,18.570268630981445,71.75,93.83000183105469,61.13999938964844,4.949999809265137,149.8300018310547,96.91999816894531,15.416999816894531,13.069999694824219,72.70999908447266,41.68000030517578,43.209999084472656,103.27999877929688,35.81999969482422,82.63999938964844,145.3699951171875,31.969999313354492,119.16000366210938,61.02000045776367,77.45999908447266,36.040000915527344,54.303436279296875,25.18000030517578,13.220000267028809,1.158750057220459,33.149906158447266,80.27999877929688,52.459999084472656,77.8499984741211,30.666667938232422,25.829999923706055,140.24000549316406,39.59000015258789,49.90999984741211,46.529998779296875,33.6349983215332,18.245328903198242,70.83000183105469,92.30000305175781,61.790000915527344,5.130000114440918,150.8300018310547,97.37000274658203,15.5,13.369999885559082,73.0999984741211,42.68000030517578,43.720001220703125,103.55999755859375,36.540000915527344,83.44000244140625,146.6699981689453,32.0,119.18000030517578,61.630001068115234,78.19999694824219,37.15999984741211,54.53244400024414,25.34000015258789,13.34000015258789,1.1682499647140503,33.339656829833984,81.04000091552734,52.900001525878906,77.95999908447266,30.726667404174805,26.06999969482422,140.67999267578125,39.970001220703125,51.810001373291016,47.2400016784668,33.70500183105469,18.334686279296875,71.18000030517578,92.33000183105469,7920600,26124800,3480700,669800,42626000,125773900,5763900,34485400,9342200,7649700,6254100,3364000,4528600,34528900,11559900,21343600,4017200,8066400,9723030,19736300,48486100,430940000,28451465,3735800,9254400,4941300,1577400,9765900,4730800,8765100,10412900,22538800,24264600,72707045,9535200,14073700
2016-07-01,41.53074264526367,5.070000171661377,114.50057983398438,89.77007293701172,11.840926170349121,10.538128852844238,52.4576416015625,31.26076316833496,31.959346771240234,68.18824768066406,26.2250919342041,61.72296905517578,121.20281219482422,26.336137771606445,92.78401184082031,47.31621551513672,67.18055725097656,28.960012435913086,40.97389602661133,19.53685188293457,12.191088676452637,1.1452088356018066,21.620420455932617,58.416141510009766,40.48980712890625,60.303138732910156,28.093414306640625,21.14132308959961,120.1159439086914,27.966245651245117,34.80622100830078,35.63045883178711,23.01522445678711,15.405119895935059,61.307220458984375,60.797943115234375,62.709999084472656,5.070000171661377,154.27999877929688,98.44000244140625,15.42199993133545,13.100000381469727,73.77999877929688,42.16999816894531,43.5099983215332,104.1500015258789,37.45000076293945,84.77999877929688,148.25,32.75,121.29000091552734,61.2599983215332,78.94999694824219,39.27000045776367,55.286258697509766,25.920000076293945,12.5,1.1664999723434448,33.74762725830078,80.93000030517578,53.0,79.5199966430664,30.956666946411133,26.530000686645508,140.86000061035156,40.060001373291016,51.43000030517578,47.029998779296875,34.29999923706055,18.47278594970703,72.16000366210938,93.83999633789062,63.220001220703125,5.139999866485596,154.9499969482422,98.66999816894531,15.586999893188477,13.270000457763672,74.16000366210938,42.689998626708984,44.41999816894531,104.87999725341797,37.63999938964844,85.7300033569336,150.6999969482422,32.88999938964844,121.54000091552734,62.0099983215332,79.33000183105469,39.439998626708984,55.343509674072266,26.399999618530273,12.899999618530273,1.184000015258789,33.82352828979492,81.6500015258789,53.38999938964844,79.91000366210938,31.06333351135254,26.649999618530273,141.7899932861328,40.2599983215332,51.779998779296875,47.279998779296875,34.42499923706055,18.60276222229004,72.33000183105469,93.9800033569336,61.83000183105469,5.0,152.25,98.0999984741211,15.362000465393066,13.020000457763672,73.33000183105469,41.970001220703125,43.5,103.77999877929688,35.880001068115234,83.37000274658203,148.07000732421875,32.470001220703125,120.79000091552734,61.15999984741211,78.37000274658203,37.63999938964844,54.790077209472656,25.760000228881836,12.3100004196167,1.162500023841858,33.320682525634766,80.62000274658203,52.84000015258789,79.01000213623047,30.893333435058594,26.489999771118164,140.6199951171875,39.90999984741211,50.7599983215332,46.86000061035156,34.05500030517578,18.440292358398438,71.63999938964844,93.06999969482422,61.97999954223633,5.090000152587891,152.42999267578125,98.37000274658203,15.446999549865723,13.1899995803833,73.66000366210938,42.29999923706055,43.849998474121094,104.77999877929688,35.97999954223633,83.77999877929688,148.49000549316406,32.63999938964844,121.30000305175781,61.65999984741211,78.88999938964844,37.65999984741211,54.904579162597656,25.770000457763672,12.579999923706055,1.1687500476837158,33.34914779663086,81.02999877929688,52.9900016784668,79.13999938964844,30.976667404174805,26.6299991607666,141.16000366210938,40.150001525878906,50.790000915527344,47.08000183105469,34.08000183105469,18.497156143188477,71.87000274658203,93.36000061035156,6533700,18255900,2758100,957500,19779000,88888100,3123100,19399600,9611800,6117800,7255300,2675400,3096800,17084600,7051400,14217800,2909600,7446200,8245978,8863400,68847100,218488000,20371290,2140600,6385000,4050100,1338000,5939300,2882500,4684400,5896200,19013600,25357600,45095346,6793100,9946300
2016-07-05,41.0075569152832,4.960000038146973,114.49317169189453,86.9430923461914,11.57526683807373,10.248531341552734,52.4576416015625,30.2303524017334,30.62985610961914,67.80850982666016,25.31473731994629,60.25234603881836,118.09613800048828,26.27985191345215,93.53369140625,45.99544143676758,67.76771545410156,28.59866714477539,41.016319274902344,18.843408584594727,11.615668296813965,1.1621439456939697,21.76629638671875,56.90034866333008,39.68000030517578,58.86985778808594,27.579160690307617,20.926164627075195,120.71288299560547,27.26814079284668,33.73014831542969,35.00920867919922,22.552244186401367,15.174787521362305,61.247745513916016,60.266685485839844,61.91999816894531,4.960000038146973,154.27000427246094,95.33999633789062,15.076000213623047,12.739999771118164,73.77999877929688,40.779998779296875,41.70000076293945,103.56999969482422,36.150001525878906,82.76000213623047,144.4499969482422,32.68000030517578,122.2699966430664,59.54999923706055,79.63999938964844,38.779998779296875,55.343509674072266,25.0,11.90999984741211,1.183750033378601,33.9753303527832,78.83000183105469,51.939998626708984,77.62999725341797,30.389999389648438,26.260000228881836,141.55999755859375,39.060001373291016,49.84000015258789,46.209999084472656,33.61000061035156,18.19658851623535,72.08999633789062,93.0199966430664,62.709999084472656,5.050000190734863,154.94000244140625,97.12000274658203,15.170999526977539,12.9399995803833,74.19000244140625,41.5,42.77000045776367,103.87000274658203,36.72999954223633,84.02999877929688,146.94000244140625,32.72999954223633,123.2300033569336,60.599998474121094,79.9000015258789,38.91999816894531,55.5057258605957,25.56999969482422,12.449999809265137,1.1857500076293945,34.07969665527344,80.36000061035156,52.970001220703125,78.95999908447266,30.713333129882812,26.299999237060547,141.91000366210938,39.779998779296875,51.470001220703125,46.7599983215332,33.959999084472656,18.342811584472656,72.37999725341797,93.5999984741211,61.77000045776367,4.880000114440918,153.3800048828125,95.0199966430664,14.95300006866455,12.630000114440918,73.29000091552734,40.41999816894531,41.369998931884766,102.8499984741211,35.470001220703125,81.66999816894531,143.3300018310547,32.459999084472656,121.33999633789062,59.099998474121094,78.75,37.83000183105469,55.13358688354492,24.829999923706055,11.800000190734863,1.1507500410079956,33.6337776184082,78.5,51.88999938964844,76.87999725341797,30.206666946411133,26.1200008392334,140.02999877929688,38.900001525878906,49.33000183105469,45.810001373291016,33.275001525878906,18.107229232788086,71.7300033569336,92.25,62.5,5.03000020980835,154.2899932861328,96.6500015258789,15.157999992370605,12.930000305175781,73.75,41.380001068115234,42.720001220703125,103.5,36.43000030517578,83.12000274658203,146.72000122070312,32.5,121.36000061035156,60.45000076293945,78.80999755859375,38.810001373291016,55.13358688354492,25.5,12.380000114440918,1.159999966621399,33.71916580200195,80.02999877929688,52.95000076293945,78.7300033569336,30.713333129882812,26.15999984741211,140.14999389648438,39.66999816894531,51.41999816894531,46.70000076293945,33.84000015258789,18.294069290161133,71.7300033569336,93.12000274658203,6293600,16332500,2349100,1007800,26321000,98246500,4255900,25571100,10189600,7766600,6408600,2704800,3943000,20107200,9334100,23357700,3286600,7322800,7749017,13317300,37298900,371084000,21972843,2755800,10626200,5656900,2583300,5678400,3749300,5955900,7937300,22213000,30139800,59557011,8359800,10744100
2016-07-06,41.967838287353516,5.039999961853027,115.8142318725586,86.53271484375,11.565285682678223,10.345063209533691,52.5145149230957,30.43791961669922,30.776763916015625,68.46976470947266,25.89596176147461,60.25234603881836,119.01996612548828,26.513057708740234,93.81671142578125,46.48977279663086,68.09105682373047,26.917253494262695,41.836647033691406,18.95647430419922,11.440118789672852,1.1695071458816528,21.796689987182617,57.2973518371582,40.008506774902344,59.195945739746094,27.615468978881836,20.83850860595703,121.41212463378906,27.365877151489258,32.93156814575195,35.34255599975586,22.6495304107666,15.21543025970459,61.93590545654297,60.95993423461914,63.369998931884766,5.039999961853027,156.0500030517578,94.88999938964844,15.062999725341797,12.859999656677246,73.86000061035156,41.060001373291016,41.900001525878906,104.58000183105469,36.97999954223633,82.76000213623047,145.5800018310547,32.970001220703125,122.63999938964844,60.189998626708984,80.0199966430664,36.5,56.450382232666016,25.149999618530273,11.729999542236328,1.191249966621399,34.022769927978516,79.37999725341797,52.369998931884766,78.05999755859375,30.43000030517578,26.149999618530273,142.3800048828125,39.20000076293945,48.65999984741211,46.650001525878906,33.755001068115234,18.245328903198242,72.9000015258789,94.08999633789062,63.7599983215332,5.110000133514404,156.82000732421875,94.97000122070312,15.126999855041504,12.920000076293945,74.05999755859375,41.08000183105469,42.029998779296875,104.5999984741211,37.02000045776367,83.11000061035156,145.94000244140625,33.0,122.66000366210938,60.290000915527344,80.4000015258789,38.58000183105469,56.55534362792969,25.229999542236328,11.850000381469727,1.1982500553131104,34.06072235107422,79.77999877929688,52.529998779296875,78.11000061035156,30.479999542236328,26.200000762939453,142.9600067138672,39.31999969482422,49.7400016784668,46.65999984741211,33.779998779296875,18.269699096679688,73.05000305175781,94.12000274658203,61.79999923706055,4.900000095367432,152.9499969482422,92.83999633789062,14.715999603271484,12.449999809265137,72.87000274658203,40.029998779296875,41.16999816894531,102.45999908447266,35.68000030517578,81.86000061035156,142.6199951171875,32.380001068115234,121.54000091552734,58.7599983215332,79.0999984741211,35.939998626708984,55.41030502319336,24.56999969482422,11.5,1.1694999933242798,33.56736373901367,77.86000061035156,51.15999984741211,76.83000183105469,29.876667022705078,25.75,140.97000122070312,38.630001068115234,47.380001068115234,45.70000076293945,33.185001373291016,18.001625061035156,71.9000015258789,92.44000244140625,61.84000015258789,4.909999847412109,153.44000244140625,93.41999816894531,14.935999870300293,12.520000457763672,74.01000213623047,40.150001525878906,41.54999923706055,103.26000213623047,35.83000183105469,82.02999877929688,142.94000244140625,32.79999923706055,121.93000030517578,59.0099983215332,79.31999969482422,38.560001373291016,55.60114669799805,24.729999542236328,11.760000228881836,1.1755000352859497,33.98482131958008,78.3499984741211,51.56999969482422,77.43000030517578,30.170000076293945,25.799999237060547,140.97999572753906,38.72999954223633,49.56999969482422,45.88999938964844,33.415000915527344,18.0422420501709,71.9800033569336,93.3499984741211,9202200,19392900,3834000,1257500,20603000,94983300,6517600,27713900,7023900,6166900,6966500,2207300,2941800,21070200,9332400,20429800,4669800,10528800,15015430,14165000,35747800,273104000,27226928,2921700,7740700,4562800,1725300,6062900,4083300,6255700,11096200,19024100,31795000,58561132,18791500,13144400
2016-07-07,42.007564544677734,5.019999980926514,116.2149887084961,86.27739715576172,11.592924118041992,10.465730667114258,52.67094039916992,30.608423233032227,30.490291595458984,67.46804809570312,25.776918411254883,59.415103912353516,120.18086242675781,26.698009490966797,93.71727752685547,46.79100799560547,67.49542236328125,26.1650447845459,41.56793975830078,19.36349105834961,11.898503303527832,1.199940800666809,21.741985321044922,57.37673568725586,40.43632888793945,58.92296600341797,27.951244354248047,20.966005325317383,120.06475067138672,27.386823654174805,31.970550537109375,35.4561882019043,22.41804313659668,15.235758781433105,61.84245300292969,60.227806091308594,63.43000030517578,5.019999980926514,156.58999633789062,94.61000061035156,15.098999977111816,13.010000228881836,74.08000183105469,41.290000915527344,41.5099983215332,103.05000305175781,36.810001373291016,81.61000061035156,147.0,33.20000076293945,122.51000213623047,60.58000183105469,79.31999969482422,35.47999954223633,56.08778762817383,25.690000534057617,12.199999809265137,1.222249984741211,33.937381744384766,79.48999786376953,52.93000030517578,77.69999694824219,30.799999237060547,26.309999465942383,140.8000030517578,39.22999954223633,47.2400016784668,46.79999923706055,33.40999984741211,18.269699096679688,72.79000091552734,92.95999908447266,63.75,5.099999904632568,156.75999450683594,95.23999786376953,15.300000190734863,13.109999656677246,74.1500015258789,42.060001373291016,42.790000915527344,105.0,38.38999938964844,83.86000061035156,148.08999633789062,33.54999923706055,122.80999755859375,61.13999938964844,80.05000305175781,37.31999969482422,56.316795349121094,25.920000076293945,12.550000190734863,1.2265000343322754,34.08918380737305,80.4800033569336,53.380001068115234,79.22000122070312,31.02666664123535,26.530000686645508,142.66000366210938,39.619998931884766,50.099998474121094,47.220001220703125,34.16999816894531,18.42404556274414,73.3499984741211,94.48999786376953,63.209999084472656,4.940000057220459,155.25,94.08000183105469,15.013999938964844,12.84000015258789,73.62999725341797,41.09000015258789,41.189998626708984,102.13999938964844,36.349998474121094,81.12000274658203,145.36000061035156,32.959999084472656,122.01000213623047,60.15999984741211,78.6500015258789,35.15999984741211,55.6202278137207,25.260000228881836,11.890000343322754,1.193750023841858,33.73814010620117,78.83999633789062,52.40999984741211,77.01000213623047,30.476667404174805,26.239999771118164,139.9499969482422,39.02000045776367,47.16999816894531,46.439998626708984,33.17499923706055,18.180341720581055,72.45999908447266,92.3499984741211,63.599998474121094,5.070000171661377,155.86000061035156,94.0999984741211,15.013999938964844,12.869999885559082,73.8499984741211,41.33000183105469,42.29999923706055,104.88999938964844,37.540000915527344,83.83000183105469,146.0,32.959999084472656,122.58999633789062,60.52000045776367,79.83000183105469,36.7599983215332,56.1927490234375,25.270000457763672,11.899999618530273,1.1992499828338623,33.956356048583984,79.77999877929688,52.58000183105469,78.30000305175781,30.476667404174805,26.25,142.3699951171875,39.15999984741211,48.95000076293945,46.58000183105469,33.95500183105469,18.30219268798828,73.33999633789062,94.33999633789062,7081900,15813800,2437100,827900,19248000,101100300,4056700,24585500,8827900,7707400,7558900,2145800,2578300,26119400,6058700,13771400,3587300,10002000,9800791,13428700,33457100,395400000,19081089,5437300,5763300,4922500,1184100,5327900,3515500,5510600,10444200,17946200,28195600,65731461,8022400,12240700
2016-07-08,42.49103546142578,5.099999904632568,119.5621109008789,88.65750122070312,11.911561965942383,10.594438552856445,53.524139404296875,31.119922637939453,31.070560455322266,68.59415435791016,26.31612205505371,60.09215545654297,122.94428253173828,27.341341018676758,93.97736358642578,47.756492614746094,67.78475189208984,26.843509674072266,41.97102737426758,19.876028060913086,12.308121681213379,1.2480472326278687,21.95472526550293,58.1923828125,41.39890670776367,59.71160888671875,28.728670120239258,21.300697326660156,120.4655532836914,27.98719024658203,32.30216979980469,36.20623779296875,22.71663475036621,15.527059555053711,62.60710906982422,60.603572845458984,64.16000366210938,5.099999904632568,161.10000610351562,97.22000122070312,15.513999938964844,13.170000076293945,75.27999877929688,41.97999954223633,42.29999923706055,104.7699966430664,37.58000183105469,82.54000091552734,150.3800048828125,34.0,122.8499984741211,61.83000183105469,79.66000366210938,36.400001525878906,56.63167953491211,26.3700008392334,12.619999885559082,1.2712500095367432,34.26945114135742,80.62000274658203,54.189998626708984,78.73999786376953,31.656667709350586,26.729999542236328,141.27000427246094,40.09000015258789,47.72999954223633,47.790000915527344,33.85499954223633,18.619009017944336,73.69000244140625,93.54000091552734,64.4800033569336,5.150000095367432,161.11000061035156,97.26000213623047,15.524999618530273,13.319999694824219,75.72000122070312,42.27000045776367,42.43000030517578,104.97000122070312,37.90999984741211,83.06999969482422,150.9199981689453,34.0,123.0999984741211,62.16999816894531,79.9000015258789,36.880001068115234,56.84160232543945,26.43000030517578,12.720000267028809,1.277250051498413,34.33586120605469,81.3499984741211,54.33000183105469,78.97000122070312,31.683332443237305,26.799999237060547,141.77999877929688,40.2599983215332,48.41999816894531,47.91999816894531,33.974998474121094,18.64337921142578,73.70999908447266,93.77999877929688,62.7400016784668,4.820000171661377,156.1999969482422,95.94999694824219,15.194000244140625,13.109999656677246,74.0,41.630001068115234,41.619998931884766,103.0,36.63999938964844,81.56999969482422,148.30999755859375,33.5,121.95999908447266,61.33000183105469,78.93000030517578,35.43000030517578,56.106868743896484,26.030000686645508,12.380000114440918,1.2304999828338623,33.870967864990234,80.44999694824219,53.31999969482422,78.12000274658203,31.100000381469727,26.40999984741211,139.5500030517578,39.84000015258789,46.880001068115234,47.45000076293945,33.525001525878906,18.497156143188477,72.76000213623047,92.91999816894531,63.47999954223633,4.840000152587891,157.6199951171875,96.0999984741211,15.265000343322754,13.279999732971191,74.29000091552734,41.79999923706055,42.349998474121094,103.87999725341797,37.58000183105469,82.83999633789062,149.36000061035156,33.650001525878906,123.0,61.33000183105469,79.31999969482422,35.91999816894531,56.27862548828125,26.170000076293945,12.390000343322754,1.2352499961853027,34.041744232177734,80.58000183105469,53.4900016784668,78.31999969482422,31.116666793823242,26.5,141.6999969482422,39.84000015258789,47.619998931884766,47.45000076293945,33.709999084472656,18.521526336669922,73.1500015258789,93.38999938964844,7921700,28140700,3741500,588200,26741000,92698900,5428100,29468600,10801900,9043600,5699800,1979500,3281400,23341900,6129900,16998800,3134900,5719300,9934411,14141600,27955700,481932000,18752873,3745000,6853900,4217400,1075200,5780600,3605500,6015200,9573700,19775700,23135800,55327418,11013200,9807600
2016-07-11,42.61686706542969,5.010000228881836,118.87931823730469,90.97378540039062,12.082012176513672,10.626616477966309,53.60234069824219,31.34972381591797,31.180747985839844,69.00009155273438,26.379150390625,60.35426330566406,124.42401123046875,27.646913528442383,94.03856658935547,48.09634780883789,67.34223175048828,26.87299919128418,41.96394348144531,19.943866729736328,12.327630043029785,1.276762843132019,21.97295570373535,58.50998306274414,41.34543228149414,59.16563034057617,29.052349090576172,21.67523765563965,119.65547943115234,28.133800506591797,32.8165168762207,36.425941467285156,22.760251998901367,15.615134239196777,62.43716812133789,60.830345153808594,64.3499984741211,5.010000228881836,160.17999267578125,99.76000213623047,15.736000061035156,13.210000038146973,75.38999938964844,42.290000915527344,42.45000076293945,105.38999938964844,37.66999816894531,82.9000015258789,152.19000244140625,34.380001068115234,122.93000030517578,62.27000045776367,79.13999938964844,36.439998626708984,56.622135162353516,26.459999084472656,12.640000343322754,1.3005000352859497,34.29791259765625,81.05999755859375,54.119998931884766,78.0199966430664,32.01333236694336,27.200000762939453,140.32000732421875,40.29999923706055,48.4900016784668,48.08000183105469,33.91999816894531,18.724613189697266,73.48999786376953,93.88999938964844,64.98999786376953,5.190000057220459,162.32000732421875,99.94999694824219,15.847000122070312,13.399999618530273,75.83999633789062,42.75,42.959999084472656,106.0,38.459999084472656,83.88999938964844,152.97999572753906,34.5,123.44999694824219,62.95000076293945,79.7699966430664,37.11000061035156,57.01335906982422,26.920000076293945,12.979999542236328,1.309999942779541,34.487667083740234,81.45999908447266,54.709999084472656,79.20999908447266,32.150001525878906,27.3700008392334,141.60000610351562,40.529998779296875,48.630001068115234,48.45000076293945,34.19499969482422,18.781478881835938,74.0999984741211,94.41000366210938,64.06999969482422,5.0,160.0,99.0,15.628000259399414,13.199999809265137,75.02999877929688,42.290000915527344,42.400001525878906,104.80000305175781,37.619998931884766,82.5999984741211,151.3800048828125,34.040000915527344,122.41000366210938,62.13999938964844,78.94999694824219,36.09000015258789,56.488548278808594,26.389999389648438,12.609999656677246,1.2879999876022339,34.184059143066406,80.83000183105469,53.939998626708984,77.95999908447266,31.873332977294922,27.1299991607666,140.00999450683594,40.2400016784668,47.709999084472656,47.939998626708984,33.88999938964844,18.659626007080078,73.41999816894531,93.6500015258789,64.25,5.130000114440918,161.36000061035156,99.12000274658203,15.710000038146973,13.289999961853027,75.30000305175781,42.38999938964844,42.7400016784668,104.80999755859375,38.099998474121094,82.94000244140625,151.49000549316406,34.040000915527344,122.70999908447266,62.41999816894531,79.54000091552734,36.41999816894531,56.54580307006836,26.690000534057617,12.789999961853027,1.2894999980926514,34.22201156616211,81.2300033569336,53.959999084472656,79.0,31.89666748046875,27.15999984741211,141.27000427246094,40.400001525878906,48.130001068115234,48.099998474121094,34.03499984741211,18.71649169921875,73.91000366210938,93.75,9641500,21027900,2464700,493000,25201000,67267300,5278000,19752600,6345700,7206100,5611900,1689200,3041600,23820700,6711600,13151400,3461400,5288300,7688862,13213000,22797100,448776000,17406915,3986900,6941600,4702800,960900,6051600,4084000,4417200,6178200,16008700,19500800,42557517,7375100,8335700
2016-07-12,43.37847137451172,5.139999866485596,120.2004165649414,91.99515533447266,12.1764497756958,10.892080307006836,54.17825698852539,32.20222473144531,32.17236328125,69.9101333618164,28.017776489257812,61.985076904296875,128.2910614013672,28.097244262695312,94.0308837890625,48.81465530395508,67.79322814941406,27.684215545654297,42.14780807495117,20.6297664642334,12.903047561645508,1.2959072589874268,22.02766227722168,59.43389129638672,41.7274169921875,60.40170669555664,29.430477142333984,21.4919490814209,119.26321411132812,28.39209747314453,33.33085632324219,36.6304931640625,23.323881149291992,15.811589241027832,62.7430305480957,61.51709747314453,65.5,5.139999866485596,161.9600067138672,100.87999725341797,15.859000205993652,13.539999961853027,76.19999694824219,43.439998626708984,43.79999923706055,106.77999877929688,40.0099983215332,85.13999938964844,156.9199981689453,34.939998626708984,122.91999816894531,63.20000076293945,79.66999816894531,37.540000915527344,56.8702278137207,27.3700008392334,13.229999542236328,1.3200000524520874,34.38330078125,82.33999633789062,54.619998931884766,79.6500015258789,32.43000030517578,26.969999313354492,139.86000061035156,40.66999816894531,49.25,48.349998474121094,34.7599983215332,18.960195541381836,73.8499984741211,94.94999694824219,65.80999755859375,5.170000076293945,162.27999877929688,101.83000183105469,16.090999603271484,13.600000381469727,76.55000305175781,43.47999954223633,44.290000915527344,107.30000305175781,40.29999923706055,85.95999908447266,157.25,34.970001220703125,123.19999694824219,63.560001373291016,79.83999633789062,37.7599983215332,57.0515251159668,27.440000534057617,13.460000038146973,1.3320000171661377,34.44022750854492,82.62999725341797,54.7400016784668,80.16000366210938,32.540000915527344,27.290000915527344,140.9499969482422,40.86000061035156,49.31999969482422,48.630001068115234,34.90999984741211,18.98456573486328,73.95999908447266,94.94999694824219,64.31999969482422,5.010000228881836,160.50999450683594,100.0,15.824999809265137,13.399999618530273,75.4800033569336,42.7599983215332,43.11000061035156,106.18000030517578,38.619998931884766,84.13999938964844,153.9199981689453,34.47999954223633,122.61000061035156,62.88999938964844,78.97000122070312,36.5099983215332,56.374046325683594,26.790000915527344,12.979999542236328,1.2984999418258667,34.184059143066406,81.72000122070312,54.209999084472656,78.69000244140625,32.246665954589844,26.84000015258789,139.3699951171875,40.529998779296875,48.560001373291016,48.220001220703125,34.36000061035156,18.838342666625977,73.58999633789062,94.08999633789062,64.66999816894531,5.010000228881836,160.6199951171875,100.87000274658203,15.857999801635742,13.40999984741211,75.4800033569336,42.81999969482422,43.15999984741211,106.30000305175781,38.81999969482422,84.55000305175781,154.0,34.5099983215332,122.6500015258789,63.029998779296875,79.62999725341797,36.72999954223633,56.55534362792969,26.81999969482422,13.0,1.315000057220459,34.29791259765625,81.94999694824219,54.45000076293945,79.13999938964844,32.30666732788086,27.200000762939453,140.88999938964844,40.560001373291016,48.97999954223633,48.41999816894531,34.43000030517578,18.862712860107422,73.6500015258789,94.66999816894531,11870500,20832500,2407200,1280100,20306000,89070600,5934800,23803600,10303100,8377200,8801300,2860700,5110800,28064100,6415900,16588100,4430000,5724500,8804562,15516900,35226800,436760000,17066368,2958800,7413700,6356300,3075300,8538700,4310100,6378100,7872400,15067900,31049000,55059306,10237200,9870800
2016-07-13,43.271575927734375,5.090000152587891,119.13166809082031,92.20491027832031,12.085846900939941,10.811635971069336,54.44845962524414,32.12068557739258,31.489255905151367,69.82502746582031,27.31051254272461,61.1592903137207,129.108642578125,28.153532028198242,94.09210968017578,48.78375244140625,67.52944946289062,27.271228790283203,42.11245346069336,20.471477508544922,12.961568832397461,1.2954161167144775,22.070209503173828,59.26065444946289,41.88784408569336,59.817787170410156,29.46678924560547,21.42820167541504,120.64462280273438,28.36417007446289,33.52712631225586,36.56988525390625,23.122587203979492,15.811589241027832,62.717529296875,61.471736907958984,64.7699966430664,5.090000152587891,160.52000427246094,101.11000061035156,15.741000175476074,13.4399995803833,76.58000183105469,43.33000183105469,42.869998931884766,106.6500015258789,39.0,83.83999633789062,157.9199981689453,35.0099983215332,123.0,63.15999984741211,79.36000061035156,36.97999954223633,56.82251739501953,27.15999984741211,13.289999961853027,1.3194999694824219,34.44971466064453,82.0999984741211,54.83000183105469,78.87999725341797,32.470001220703125,26.889999389648438,141.47999572753906,40.630001068115234,49.540000915527344,48.27000045776367,34.459999084472656,18.960195541381836,73.81999969482422,94.87999725341797,65.04000091552734,5.190000057220459,162.66000366210938,101.80999755859375,16.038000106811523,13.579999923706055,76.88999938964844,43.68000030517578,44.04999923706055,107.19999694824219,40.25,85.06999969482422,158.27000427246094,35.25,123.4000015258789,63.43000030517578,80.02999877929688,37.81999969482422,57.20419692993164,27.479999542236328,13.390000343322754,1.3300000429153442,34.563568115234375,82.62999725341797,55.0,80.12999725341797,32.66666793823242,27.010000228881836,141.58999633789062,40.900001525878906,49.689998626708984,48.470001220703125,34.849998474121094,19.000812530517578,74.18000030517578,94.91999816894531,64.25,5.039999961853027,160.30999755859375,100.86000061035156,15.734000205993652,13.319999694824219,76.0999984741211,43.02000045776367,42.11000061035156,105.86000061035156,38.18000030517578,82.62000274658203,156.14999389648438,34.880001068115234,122.30000305175781,62.63999938964844,79.33000183105469,36.15999984741211,56.7557258605957,26.940000534057617,13.069999694824219,1.3174999952316284,34.35483932495117,81.5,54.630001068115234,78.30999755859375,32.41999816894531,26.760000228881836,139.9199981689453,40.470001220703125,48.22999954223633,47.97999954223633,34.13999938964844,18.854589462280273,73.75,94.11000061035156,64.80999755859375,5.139999866485596,162.63999938964844,101.08999633789062,15.890999794006348,13.5,76.69000244140625,43.33000183105469,43.79999923706055,106.77999877929688,40.040000915527344,84.58999633789062,157.0,35.040000915527344,122.68000030517578,63.08000183105469,79.91000366210938,37.5,57.04198455810547,27.450000762939453,13.239999771118164,1.3224999904632568,34.4212532043457,82.26000213623047,54.90999984741211,79.6500015258789,32.54666519165039,26.920000076293945,140.9600067138672,40.75,49.290000915527344,48.310001373291016,34.65999984741211,18.94394874572754,74.08000183105469,94.6500015258789,7684200,14032500,2691800,547200,15734000,74595600,4651000,20488200,9203700,5959900,6592900,2812000,4276400,29120900,5230800,18526900,2917200,6007500,7119274,12911900,23067400,324604000,14611497,3025800,5676400,5328900,1431000,10553300,3164700,6239600,8156300,14389600,25092400,57377156,6401900,9458200
2016-07-14,42.50328826904297,5.170000076293945,120.7792739868164,93.90106964111328,12.34536361694336,10.980567932128906,54.583553314208984,32.95094299316406,31.59943199157715,69.85775756835938,26.883344650268555,61.735595703125,132.88571166992188,28.30632209777832,94.22982025146484,49.525245666503906,68.57608795166016,27.57359504699707,42.18317794799805,21.104623794555664,12.961568832397461,1.3086698055267334,22.440982818603516,60.21261978149414,41.92604064941406,59.9846076965332,29.681554794311523,21.603517532348633,120.09890747070312,28.7970027923584,34.10914611816406,37.07749557495117,23.240005493164062,15.96062183380127,62.98944091796875,61.51709747314453,63.619998931884766,5.170000076293945,162.74000549316406,102.97000122070312,16.07900047302246,13.649999618530273,76.7699966430664,44.45000076293945,43.02000045776367,106.69999694824219,38.38999938964844,84.62999725341797,162.5399932861328,35.20000076293945,123.18000030517578,64.12000274658203,80.58999633789062,37.38999938964844,56.917938232421875,28.0,13.289999961853027,1.3329999446868896,35.02846145629883,82.86000061035156,54.880001068115234,79.0999984741211,32.706668853759766,27.110000610351562,140.83999633789062,41.25,50.400001525878906,48.939998626708984,34.6349983215332,19.1389102935791,74.13999938964844,94.94999694824219,64.13999938964844,5.239999771118164,162.99000549316406,103.8499984741211,16.106000900268555,13.779999732971191,76.91999816894531,44.77000045776367,43.52000045776367,107.58000183105469,39.900001525878906,84.93000030517578,163.24000549316406,35.29999923706055,123.73999786376953,64.9800033569336,80.69000244140625,37.779998779296875,57.185115814208984,28.079999923706055,13.550000190734863,1.3450000286102295,35.06641387939453,83.58999633789062,55.369998931884766,79.93000030517578,32.79666519165039,27.229999542236328,142.85000610351562,41.5099983215332,50.459999084472656,49.150001525878906,34.814998626708984,19.33387565612793,74.66000366210938,95.52999877929688,62.939998626708984,5.059999942779541,160.74000549316406,102.5999984741211,15.88599967956543,13.640000343322754,76.29000091552734,44.119998931884766,42.68000030517578,106.43000030517578,38.279998779296875,83.87999725341797,160.00999450683594,34.959999084472656,122.91000366210938,64.05000305175781,79.4000015258789,36.939998626708984,56.7557258605957,27.65999984741211,13.270000457763672,1.315500020980835,34.39278793334961,82.45999908447266,54.560001373291016,78.9800033569336,32.5,26.639999389648438,140.47000122070312,41.16999816894531,49.41999816894531,48.66999816894531,34.53499984741211,19.090171813964844,73.87000274658203,94.62000274658203,63.70000076293945,5.150000095367432,162.0,103.7300033569336,15.954999923706055,13.729999542236328,76.79000091552734,44.380001068115234,43.5099983215332,107.19999694824219,39.83000183105469,84.83999633789062,160.2899932861328,35.130001068115234,122.9800033569336,64.73999786376953,79.5,37.25,57.127864837646484,27.799999237060547,13.5,1.3265000581741333,34.6204948425293,83.41000366210938,55.189998626708984,79.7699966430664,32.76333236694336,27.0,142.38999938964844,41.380001068115234,49.959999084472656,49.04999923706055,34.72999954223633,19.33387565612793,74.30999755859375,95.05000305175781,12090100,20050100,2444800,1023800,23550000,97852100,4352600,37093600,6580800,4750900,6364100,2018100,5087700,25296400,5322700,28985900,3823800,7515800,7698084,15436600,18698900,316892000,29155116,3689000,6601500,3817600,1401300,12145100,3000700,12183400,5975100,17578400,21797200,67039521,4813200,9293500
2016-07-15,42.302860260009766,5.139999866485596,121.18003845214844,92.6608657836914,12.373772621154785,10.988614082336426,54.036067962646484,32.861976623535156,31.540658950805664,70.07381439208984,26.81331443786621,61.34895706176758,132.14991760253906,28.201780319213867,94.09210968017578,49.57159423828125,68.2612533569336,26.954130172729492,42.16902542114258,21.11216163635254,12.805520057678223,1.2934523820877075,22.349809646606445,59.63127899169922,41.826725006103516,60.17420196533203,29.672483444213867,21.523826599121094,120.51673126220703,29.243789672851562,33.7978401184082,36.14562225341797,23.22659683227539,15.933528900146484,62.938438415527344,61.62725067138672,63.31999969482422,5.139999866485596,163.27999877929688,101.61000061035156,16.115999221801758,13.65999984741211,76.0,44.33000183105469,42.939998626708984,107.02999877929688,38.290000915527344,84.0999984741211,161.63999938964844,35.06999969482422,123.0,64.18000030517578,80.22000122070312,36.54999923706055,56.89885330200195,28.010000228881836,13.130000114440918,1.3174999952316284,34.886146545410156,82.05999755859375,54.75,79.3499984741211,32.6966667175293,27.010000228881836,141.3300018310547,41.88999938964844,49.939998626708984,47.709999084472656,34.6150016784668,19.10641860961914,74.08000183105469,95.12000274658203,64.16999816894531,5.199999809265137,164.57000732421875,101.94000244140625,16.156999588012695,13.789999961853027,77.12000274658203,45.029998779296875,43.4900016784668,107.54000091552734,39.0099983215332,84.9000015258789,163.13999938964844,35.290000915527344,124.30000305175781,64.80000305175781,81.0,37.83000183105469,57.185115814208984,28.280000686645508,13.5,1.3235000371932983,35.284629821777344,85.44000244140625,54.86000061035156,79.95999908447266,32.753334045410156,27.260000228881836,142.77999877929688,42.5,50.849998474121094,48.880001068115234,34.84000015258789,19.228269577026367,74.62999725341797,95.55000305175781,63.130001068115234,5.099999904632568,161.55999755859375,101.19000244140625,15.965999603271484,13.520000457763672,75.08000183105469,43.849998474121094,42.68000030517578,106.38999938964844,37.91999816894531,83.63999938964844,160.6999969482422,34.900001525878906,122.70999908447266,63.61000061035156,79.94000244140625,36.38999938964844,56.536258697509766,27.690000534057617,13.039999961853027,1.2960000038146973,34.75332260131836,81.73999786376953,54.16999816894531,79.02999877929688,32.56666564941406,26.969999313354492,141.05999755859375,41.439998626708984,49.81999969482422,47.40999984741211,34.48500061035156,18.98456573486328,73.98999786376953,94.63999938964844,63.81999969482422,5.199999809265137,163.4499969482422,101.25,16.111000061035156,13.779999732971191,77.11000061035156,44.45000076293945,43.27000045776367,107.33000183105469,38.59000015258789,84.51000213623047,162.86000061035156,35.2599983215332,123.7699966430664,64.75,80.9800033569336,37.63999938964844,57.06106948852539,28.25,13.3100004196167,1.315999984741211,35.07590103149414,85.02999877929688,54.86000061035156,79.81999969482422,32.71333312988281,27.190000534057617,141.64999389648438,42.400001525878906,50.630001068115234,48.849998474121094,34.7599983215332,19.21202278137207,74.41999816894531,95.44000244140625,8827500,14219300,3179700,538600,19259000,78652500,7523600,29198800,5898400,6164300,5250900,2473800,3078400,23661900,7192800,17607100,4529100,10004800,8554510,18519800,18046200,428616000,26445387,4066500,10236900,4723400,1151100,5996500,3748700,9964700,5729900,35121000,18259000,62710956,7131300,10334500
2016-07-18,42.46321105957031,5.510000228881836,120.9202651977539,94.0469970703125,12.463601112365723,11.35060977935791,54.00759506225586,33.03989791870117,31.371721267700195,69.45838165283203,26.68726348876953,60.72891616821289,133.5316162109375,28.185701370239258,94.19918060302734,49.40166473388672,68.03150177001953,27.315481185913086,41.7376594543457,21.262910842895508,13.010331153869629,1.300079345703125,22.270793914794922,59.653079986572266,42.285099029541016,60.43962860107422,30.10807991027832,22.025863647460938,120.02217102050781,29.23680877685547,34.12944030761719,36.57746124267578,23.24337387084961,15.987722396850586,62.96392059326172,61.43288040161133,63.560001373291016,5.510000228881836,162.92999267578125,103.12999725341797,16.232999801635742,14.109999656677246,75.95999908447266,44.56999969482422,42.709999084472656,106.08999633789062,38.11000061035156,83.25,163.3300018310547,35.04999923706055,123.13999938964844,63.959999084472656,79.94999694824219,37.040000915527344,56.316795349121094,28.209999084472656,13.34000015258789,1.3242499828338623,34.76280975341797,82.08999633789062,55.349998474121094,79.69999694824219,33.176666259765625,27.639999389648438,140.75,41.880001068115234,50.43000030517578,48.279998779296875,34.63999938964844,19.171405792236328,74.11000061035156,94.81999969482422,63.77000045776367,5.570000171661377,164.0,103.37000274658203,16.3700008392334,14.229999542236328,76.36000061035156,44.900001525878906,42.939998626708984,106.75,38.380001068115234,84.30999755859375,164.08999633789062,35.20000076293945,123.22000122070312,64.4000015258789,80.58999633789062,37.47999954223633,56.76526641845703,28.229999542236328,13.359999656677246,1.3357499837875366,35.09487533569336,82.44999694824219,55.650001525878906,79.70999908447266,33.23666763305664,27.649999618530273,141.89999389648438,42.09000015258789,50.900001525878906,48.33000183105469,34.654998779296875,19.195775985717773,74.25,95.1500015258789,63.18000030517578,5.130000114440918,162.7899932861328,102.45999908447266,16.19499969482422,13.819999694824219,75.62000274658203,44.2400016784668,42.209999084472656,106.0199966430664,37.380001068115234,82.73999786376953,162.00999450683594,34.95000076293945,122.44000244140625,63.900001525878906,79.86000061035156,35.970001220703125,56.03053283691406,27.860000610351562,13.09000015258789,1.3192499876022339,34.67741775512695,81.66999816894531,54.97999954223633,78.4800033569336,33.016666412353516,27.149999618530273,139.6199951171875,41.72999954223633,49.400001525878906,47.779998779296875,34.29499816894531,19.09829330444336,73.83999633789062,94.4000015258789,63.22999954223633,5.190000057220459,163.82000732421875,102.75,16.242000579833984,13.84000015258789,76.2699966430664,44.279998779296875,42.72999954223633,106.66999816894531,37.880001068115234,83.91999816894531,162.36000061035156,35.18000030517578,123.0,64.12999725341797,80.37000274658203,36.58000183105469,56.29771041870117,28.059999465942383,13.25,1.3337500095367432,34.810245513916016,81.66999816894531,55.13999938964844,78.80999755859375,33.11000061035156,27.309999465942383,141.75999450683594,41.72999954223633,49.849998474121094,47.810001373291016,34.51499938964844,19.114540100097656,74.0999984741211,94.91999816894531,6384800,38619400,1815600,802800,14626000,187187100,3793900,18683900,5261500,4931500,5425600,1864800,4734500,19347200,6599200,10824400,3087600,6841400,9190122,14083900,17180500,252992000,17827567,2273600,9225900,4333600,1426200,7767300,4166300,8616200,5078600,24139200,18802200,38953149,3954300,9865900
2016-07-19,42.302860260009766,5.409999847412109,120.5937271118164,96.3268051147461,12.325401306152344,11.471278190612793,53.659244537353516,32.87680435180664,30.784099578857422,69.42567443847656,26.43516731262207,59.846248626708984,131.96188354492188,28.266117095947266,95.81331634521484,49.324424743652344,68.04852294921875,27.67683219909668,41.48306655883789,21.247835159301758,12.893294334411621,1.3135782480239868,22.270793914794922,59.856544494628906,42.12467575073242,60.52305221557617,30.005229949951172,21.731016159057617,121.59122467041016,29.299650192260742,34.413700103759766,36.64564514160156,23.11252212524414,15.994499206542969,62.8279914855957,61.20610427856445,63.31999969482422,5.409999847412109,162.49000549316406,105.62999725341797,16.05299949645996,14.260000228881836,75.47000122070312,44.349998474121094,41.90999984741211,106.04000091552734,37.75,82.04000091552734,161.41000366210938,35.150001525878906,125.25,63.86000061035156,79.97000122070312,37.529998779296875,55.97328186035156,28.190000534057617,13.220000267028809,1.3380000591278076,34.76280975341797,82.37000274658203,55.13999938964844,79.80999755859375,33.063331604003906,27.270000457763672,142.58999633789062,41.970001220703125,50.849998474121094,48.369998931884766,34.44499969482422,19.179529190063477,73.94999694824219,94.47000122070312,63.970001220703125,5.550000190734863,164.7100067138672,106.30000305175781,16.200000762939453,14.369999885559082,76.19000244140625,44.689998626708984,42.650001525878906,106.2699966430664,38.4900016784668,83.1500015258789,164.0800018310547,35.15999984741211,125.75,64.0999984741211,80.25,37.689998626708984,56.774810791015625,28.399999618530273,13.260000228881836,1.343250036239624,34.98102569580078,82.73999786376953,55.900001525878906,80.30000305175781,33.1533317565918,27.520000457763672,142.6300048828125,42.040000915527344,51.04999923706055,48.54999923706055,34.61000061035156,19.187652587890625,74.37999725341797,94.94000244140625,63.09000015258789,5.340000152587891,161.94000244140625,103.16000366210938,15.979000091552734,14.029999732971191,75.43000030517578,44.060001373291016,41.70000076293945,105.6500015258789,37.650001525878906,81.86000061035156,160.72999572753906,34.849998474121094,123.33999633789062,63.459999084472656,79.58000183105469,36.88999938964844,55.877864837646484,27.770000457763672,13.050000190734863,1.3209999799728394,34.67741775512695,81.5,54.95000076293945,79.51000213623047,32.959999084472656,27.190000534057617,139.32000732421875,41.599998474121094,50.2599983215332,48.04999923706055,34.314998626708984,19.057676315307617,73.7300033569336,94.19999694824219,63.40999984741211,5.5,163.1999969482422,103.2699966430664,16.14699935913086,14.0600004196167,75.9000015258789,44.189998626708984,42.45000076293945,105.9800033569336,38.33000183105469,82.87000274658203,162.02000427246094,34.88999938964844,124.77999877929688,63.61000061035156,79.8499984741211,37.0,56.374046325683594,27.950000762939453,13.220000267028809,1.3235000371932983,34.7912712097168,81.79000091552734,55.72999954223633,79.58999633789062,33.12333297729492,27.3799991607666,140.75,41.709999084472656,50.54999923706055,48.08000183105469,34.55500030517578,19.082046508789062,74.19999694824219,94.76000213623047,5794500,23439600,2249500,3330400,14797000,96940100,3693200,15297300,7262300,4630800,5817200,2173800,5399700,20395400,11325700,9737400,3303700,4975700,9307602,21511200,30569900,382652000,17614975,2563000,8164200,5780700,845400,4997300,5326200,6774600,4880900,15982900,13983800,30777585,6634700,5901800
2016-07-20,42.36298751831055,5.409999847412109,121.15776062011719,98.63396453857422,12.489710807800293,11.583895683288574,53.83698272705078,32.965763092041016,30.87224006652832,69.13101959228516,26.58222007751465,59.897315979003906,132.25619506835938,28.70036506652832,95.7291488647461,49.37848663330078,68.31231689453125,27.87594223022461,41.57500076293945,21.69253921508789,13.254151344299316,1.3307585716247559,22.295103073120117,60.02368927001953,42.644161224365234,61.12213897705078,30.48016929626465,21.954139709472656,121.9579086303711,29.299650192260742,34.366302490234375,36.82747268676758,23.0789737701416,16.021596908569336,63.39723205566406,60.856239318847656,63.40999984741211,5.409999847412109,163.25,108.16000366210938,16.267000198364258,14.399999618530273,75.72000122070312,44.470001220703125,42.029998779296875,105.58999633789062,37.959999084472656,82.11000061035156,161.77000427246094,35.689998626708984,125.13999938964844,63.93000030517578,80.27999877929688,37.79999923706055,56.097328186035156,28.780000686645508,13.59000015258789,1.3554999828338623,34.800758361816406,82.5999984741211,55.81999969482422,80.5999984741211,33.586666107177734,27.549999237060547,143.02000427246094,41.970001220703125,50.779998779296875,48.61000061035156,34.39500045776367,19.21202278137207,74.62000274658203,93.93000030517578,63.900001525878906,5.5,163.64999389648438,108.3499984741211,16.37700080871582,14.430000305175781,76.04000091552734,44.70000076293945,42.33000183105469,106.12999725341797,38.31999969482422,82.86000061035156,162.88999938964844,35.93000030517578,126.06999969482422,64.2300033569336,80.5199966430664,37.97999954223633,56.41221237182617,29.139999389648438,13.619999885559082,1.3627500534057617,35.0379524230957,82.88999938964844,55.95000076293945,80.83000183105469,33.66999816894531,27.59000015258789,144.47999572753906,42.15999984741211,51.150001525878906,48.689998626708984,34.564998626708984,19.252639770507812,74.75,94.41999816894531,63.33000183105469,5.400000095367432,161.82000732421875,107.05999755859375,16.091999053955078,14.260000228881836,75.54000091552734,44.20000076293945,41.279998779296875,105.0,36.779998779296875,80.91999816894531,159.22000122070312,35.060001373291016,125.04000091552734,63.709999084472656,79.98999786376953,36.779998779296875,56.068702697753906,28.190000534057617,13.239999771118164,1.3370000123977661,34.800758361816406,82.02999877929688,55.040000915527344,78.87000274658203,33.143333435058594,27.280000686645508,142.80999755859375,41.900001525878906,50.5,48.400001525878906,34.02000045776367,19.130788803100586,74.19000244140625,93.80000305175781,63.56999969482422,5.480000019073486,162.4499969482422,107.58000183105469,16.15999984741211,14.350000381469727,75.70999908447266,44.529998779296875,41.720001220703125,105.93000030517578,37.310001373291016,81.52999877929688,162.5500030517578,35.29999923706055,125.83999633789062,64.11000061035156,80.2699966430664,37.29999923706055,56.29771041870117,29.139999389648438,13.329999923706055,1.3424999713897705,35.00948715209961,82.86000061035156,55.36000061035156,79.43000030517578,33.25,27.399999618530273,143.47000122070312,42.099998474121094,51.060001373291016,48.59000015258789,34.30500030517578,19.252639770507812,74.29000091552734,94.25,7502800,20102400,2161400,1642100,18064000,79277900,3949500,16547100,6695900,6802000,6062000,2156700,3547800,42994200,7334600,10411100,2811100,3506000,6786848,28606100,35666000,296460000,12937112,2463400,17204300,5937900,1967100,5805100,5489800,4924300,4509000,16569900,23110000,31817657,6855000,7383800
2016-07-21,42.68366622924805,5.21999979019165,121.85540008544922,96.19002532958984,12.31618595123291,11.47932243347168,53.680564880371094,32.713722229003906,30.325439453125,69.00009155273438,26.14105796813965,59.445037841796875,130.85006713867188,27.558462142944336,95.73680114746094,49.193119049072266,68.41442108154297,27.38184928894043,41.57500076293945,21.760374069213867,12.85428524017334,1.3062154054641724,22.313343048095703,59.914676666259766,45.784034729003906,60.68231964111328,30.265382766723633,21.898361206054688,121.82994842529297,29.23680877685547,33.88581848144531,36.59261703491211,22.8508358001709,15.940299987792969,63.584144592285156,60.80443572998047,63.88999938964844,5.21999979019165,164.19000244140625,105.4800033569336,16.041000366210938,14.270000457763672,75.5,44.130001068115234,41.040000915527344,105.38999938964844,37.33000183105469,81.48999786376953,160.0500030517578,34.27000045776367,125.1500015258789,63.689998626708984,80.4000015258789,37.130001068115234,56.097328186035156,28.8700008392334,13.180000305175781,1.3305000066757202,34.8292236328125,82.44999694824219,59.93000030517578,80.0199966430664,33.349998474121094,27.479999542236328,142.8699951171875,41.880001068115234,50.06999969482422,48.29999923706055,34.05500030517578,19.114540100097656,74.83999633789062,93.8499984741211,64.0,5.449999809265137,164.25999450683594,106.37000274658203,16.347999572753906,14.470000267028809,76.08000183105469,44.70000076293945,42.209999084472656,105.8499984741211,38.90999984741211,83.45999908447266,161.89999389648438,34.4900016784668,125.73999786376953,64.18000030517578,80.5999984741211,38.209999084472656,56.402671813964844,29.079999923706055,13.5,1.3567500114440918,34.93358612060547,83.26000213623047,60.470001220703125,81.36000061035156,33.63999938964844,27.81999969482422,143.72999572753906,42.18000030517578,50.9900016784668,48.810001373291016,34.6150016784668,19.22014617919922,74.98999786376953,94.26000213623047,63.16999816894531,5.099999904632568,162.7100067138672,104.95999908447266,15.982000350952148,14.260000228881836,75.1500015258789,44.11000061035156,40.880001068115234,104.87000274658203,37.2599983215332,81.19999694824219,159.77000427246094,33.86000061035156,124.88999938964844,63.630001068115234,80.0199966430664,37.06999969482422,55.877864837646484,28.6299991607666,13.079999923706055,1.3259999752044678,34.648956298828125,82.30999755859375,59.130001068115234,79.66000366210938,33.21333312988281,27.420000076293945,142.1300048828125,41.83000183105469,50.0,48.290000915527344,33.970001220703125,19.090171813964844,74.55000305175781,93.45999908447266,63.22999954223633,5.429999828338623,163.38999938964844,105.41000366210938,16.301000595092773,14.430000305175781,75.61000061035156,44.5,41.79999923706055,105.4000015258789,37.959999084472656,82.1500015258789,161.7100067138672,34.33000183105469,125.20999908447266,64.0,80.19999694824219,37.88999938964844,56.29771041870117,28.719999313354492,13.479999542236328,1.3524999618530273,34.7912712097168,82.77999877929688,59.79999923706055,80.51000213623047,33.619998931884766,27.670000076293945,142.7100067138672,41.970001220703125,50.900001525878906,48.650001525878906,34.29999923706055,19.187652587890625,74.62000274658203,93.88999938964844,6145500,40242000,1971800,2199400,19530000,65376300,3376600,14924900,8733800,5701000,5794200,1825300,2855500,63708600,5492600,9808700,2685900,3777800,6337361,20312700,16734700,361308000,13772091,2057800,33912300,6140700,1458000,6369300,3475100,5118000,4521300,15532000,18513800,36524509,9230800,6854600
2016-07-22,42.630226135253906,5.840000152587891,122.95378875732422,96.3268051147461,12.259367942810059,11.567808151245117,53.80854415893555,32.83974075317383,30.118541717529297,69.17686462402344,26.43516731262207,59.07300567626953,131.14434814453125,27.87207794189453,95.64501190185547,49.46345520019531,69.42701721191406,27.89069938659668,41.596221923828125,21.798053741455078,12.805520057678223,1.341804027557373,22.33157730102539,60.19081115722656,46.716068267822266,61.888057708740234,30.4166316986084,22.105548858642578,122.52918243408203,29.453229904174805,33.757225036621094,36.607765197753906,22.921293258666992,16.041921615600586,63.711570739746094,60.908077239990234,63.810001373291016,5.840000152587891,165.6699981689453,105.62999725341797,15.967000007629395,14.380000114440918,75.68000030517578,44.29999923706055,40.7599983215332,105.66000366210938,37.75,80.9800033569336,160.41000366210938,34.65999984741211,125.02999877929688,64.04000091552734,81.58999633789062,37.81999969482422,56.125953674316406,28.920000076293945,13.130000114440918,1.3667500019073486,34.85768508911133,82.83000183105469,61.150001525878906,81.61000061035156,33.516666412353516,27.739999771118164,143.69000244140625,42.189998626708984,49.880001068115234,48.31999969482422,34.15999984741211,19.236392974853516,74.98999786376953,94.01000213623047,64.08999633789062,5.96999979019165,166.3300018310547,105.86000061035156,16.030000686645508,14.399999618530273,75.9800033569336,44.36000061035156,41.290000915527344,106.0,37.93000030517578,82.19999694824219,160.72999572753906,34.70000076293945,125.3499984741211,64.08999633789062,81.70999908447266,37.84000015258789,56.374046325683594,29.06999969482422,13.229999542236328,1.3667500019073486,34.95256042480469,83.08000183105469,61.18000030517578,81.61000061035156,33.53666687011719,27.790000915527344,144.0500030517578,42.25,50.279998779296875,48.36000061035156,34.21500015258789,19.244516372680664,75.08000183105469,94.29000091552734,63.58000183105469,5.449999809265137,164.0,105.19000244140625,15.668999671936035,14.180000305175781,75.0,43.83000183105469,40.619998931884766,105.19999694824219,37.220001220703125,80.19000244140625,159.86000061035156,34.2599983215332,124.6500015258789,63.599998474121094,80.27999877929688,36.7599983215332,55.86832046508789,28.729999542236328,13.020000457763672,1.3255000114440918,34.800758361816406,82.23999786376953,59.83000183105469,78.87000274658203,33.03333282470703,27.479999542236328,142.9199981689453,41.83000183105469,49.33000183105469,48.099998474121094,33.939998626708984,19.10641860961914,74.61000061035156,93.72000122070312,64.0,5.730000019073486,164.77999877929688,105.55000305175781,15.958999633789062,14.260000228881836,75.5,44.099998474121094,41.11000061035156,105.68000030517578,37.599998474121094,82.05000305175781,160.2899932861328,34.380001068115234,125.12000274658203,63.900001525878906,80.4000015258789,37.2599983215332,56.288169860839844,28.770000457763672,13.210000038146973,1.3352500200271606,34.91461181640625,82.58999633789062,60.209999084472656,80.0199966430664,33.23666763305664,27.530000686645508,143.69000244140625,41.97999954223633,50.060001373291016,48.31999969482422,34.130001068115234,19.1389102935791,74.83000183105469,94.11000061035156,4972900,101838300,2500400,397800,19664000,46604800,5276200,12764200,7306100,5255400,4792500,2620100,1811700,33033700,5839200,8195700,4315900,4291800,6570436,12996700,18755900,315768000,14209501,2069500,12505700,10027500,1398900,5116800,2697500,5021500,6151300,13588500,15981200,23484772,5446500,7139700
2016-07-25,42.970947265625,6.699999809265137,123.61428833007812,97.1019287109375,12.267816543579102,11.559762001037598,53.72321701049805,32.64700698852539,29.734312057495117,67.48116302490234,25.26572036743164,57.4462890625,131.22610473632812,27.89620018005371,95.53790283203125,49.3321533203125,69.75886535644531,27.212238311767578,41.412357330322266,21.956344604492188,13.575996398925781,1.3665927648544312,22.355892181396484,60.13996124267578,46.39520263671875,61.20556640625,30.592082977294922,22.201175689697266,120.85785675048828,29.299650192260742,34.03470230102539,36.45624542236328,22.465011596679688,16.008041381835938,63.643646240234375,59.73540115356445,64.31999969482422,6.699999809265137,166.55999755859375,106.4800033569336,15.977999687194824,14.369999885559082,75.55999755859375,44.040000915527344,40.2400016784668,103.06999969482422,36.08000183105469,78.75,160.50999450683594,34.689998626708984,124.88999938964844,63.869998931884766,81.9800033569336,36.900001525878906,55.877864837646484,29.1299991607666,13.920000076293945,1.3919999599456787,34.89563751220703,82.76000213623047,60.72999954223633,80.70999908447266,33.709999084472656,27.860000610351562,141.72999572753906,41.970001220703125,50.290000915527344,48.119998931884766,33.47999954223633,19.195775985717773,74.91000366210938,92.19999694824219,64.5,6.949999809265137,166.9499969482422,106.56999969482422,16.06999969482422,14.390000343322754,75.75,44.36000061035156,40.66999816894531,105.11000061035156,37.439998626708984,80.55999755859375,161.3300018310547,34.7599983215332,125.12999725341797,64.16999816894531,82.0,37.470001220703125,56.183204650878906,29.139999389648438,14.329999923706055,1.3952499628067017,34.95256042480469,83.06999969482422,60.970001220703125,81.5,33.77333450317383,27.920000076293945,143.88999938964844,42.18000030517578,50.29999923706055,48.2599983215332,34.0099983215332,19.244516372680664,75.06999969482422,93.62000274658203,63.709999084472656,5.920000076293945,164.07000732421875,105.93000030517578,15.927000045776367,14.279999732971191,75.06999969482422,43.90999984741211,39.810001373291016,102.77999877929688,36.0,78.19000244140625,159.61000061035156,34.56999969482422,124.13999938964844,63.68000030517578,81.0,36.72999954223633,55.32442855834961,28.790000915527344,13.880000114440918,1.36899995803833,34.639469146728516,82.51000213623047,60.150001525878906,80.0999984741211,33.5099983215332,27.489999771118164,141.41000366210938,41.790000915527344,49.2599983215332,47.849998474121094,33.35499954223633,19.1389102935791,74.44999694824219,91.76000213623047,63.90999984741211,5.929999828338623,165.6999969482422,106.19000244140625,15.96399974822998,14.3100004196167,75.69999694824219,44.310001373291016,40.43000030517578,104.86000061035156,37.34000015258789,80.37999725341797,159.63999938964844,34.619998931884766,125.06999969482422,63.97999954223633,81.58999633789062,37.43000030517578,55.94465637207031,28.81999969482422,14.0,1.375,34.91461181640625,82.61000061035156,60.959999084472656,81.30000305175781,33.5099983215332,27.489999771118164,143.5500030517578,42.099998474121094,49.86000061035156,48.2400016784668,33.935001373291016,19.203899383544922,75.01000213623047,93.47000122070312,7241200,118328600,2704900,500300,9627000,46420800,3989000,14391400,7482400,7784000,6405100,4280300,1956100,20277700,4880600,8168300,4180100,5337200,8422986,10622900,51357000,312528000,12833293,1819600,9166200,11223400,710100,7799700,2725600,4752800,7659200,12122200,25543400,37096308,5868400,10845900
2016-07-26,43.057796478271484,6.980000019073486,124.43814086914062,99.19025421142578,12.548829078674316,11.688475608825684,53.36771774291992,32.72854232788086,30.14071273803711,67.22582244873047,26.232091903686523,58.68639373779297,131.7575225830078,28.21787452697754,95.73680114746094,49.53296661376953,69.85245513916016,28.473289489746094,41.270904541015625,22.031719207763672,14.307463645935059,1.389909029006958,22.386276245117188,60.08906555175781,46.868858337402344,61.12213897705078,31.77790641784668,22.575712203979492,120.83226776123047,29.299650192260742,35.64541244506836,36.342613220214844,22.595853805541992,16.021596908569336,63.53317642211914,59.30131912231445,64.44999694824219,6.980000019073486,167.6699981689453,108.7699966430664,16.3439998626709,14.529999732971191,75.05999755859375,44.150001525878906,40.790000915527344,102.68000030517578,37.459999084472656,80.44999694824219,161.16000366210938,35.09000015258789,125.1500015258789,64.12999725341797,82.08999633789062,38.61000061035156,55.6870231628418,29.229999542236328,14.670000076293945,1.4157500267028809,34.94307327270508,82.69000244140625,61.349998474121094,80.5999984741211,35.016666412353516,28.329999923706055,141.6999969482422,41.970001220703125,52.66999816894531,47.970001220703125,33.67499923706055,19.21202278137207,74.77999877929688,91.52999877929688,64.7300033569336,7.159999847412109,168.0500030517578,108.91000366210938,16.350000381469727,14.550000190734863,75.87000274658203,44.2400016784668,40.86000061035156,103.16000366210938,37.7400016784668,80.44999694824219,161.5,35.22999954223633,125.55000305175781,64.26000213623047,83.3499984741211,38.77000045776367,56.11641311645508,29.280000686645508,14.6899995803833,1.4229999780654907,34.98102569580078,83.41000366210938,61.5,80.61000061035156,35.17333221435547,28.40999984741211,142.19000244140625,42.150001525878906,52.779998779296875,48.16999816894531,33.70500183105469,19.236392974853516,74.88999938964844,92.02999877929688,63.959999084472656,6.710000038146973,165.77000427246094,107.30999755859375,16.03700065612793,14.3100004196167,74.88999938964844,43.900001525878906,39.95000076293945,102.08000183105469,36.0,78.04000091552734,159.4199981689453,34.70000076293945,124.75,63.709999084472656,81.62999725341797,36.58000183105469,55.47710037231445,28.8700008392334,13.930000305175781,1.402250051498413,34.77229690551758,82.55000305175781,60.77000045776367,78.94999694824219,34.03333282470703,27.959999084472656,141.02000427246094,41.77000045776367,49.95000076293945,47.79999923706055,33.26499938964844,19.130788803100586,74.4800033569336,91.11000061035156,64.41000366210938,6.760000228881836,165.88999938964844,107.48999786376953,16.141000747680664,14.319999694824219,75.77999877929688,43.93000030517578,40.04999923706055,102.56999969482422,36.06999969482422,78.47000122070312,160.67999267578125,34.75,125.02999877929688,63.97999954223633,82.75,36.79999923706055,56.011451721191406,29.020000457763672,14.0,1.4042500257492065,34.94307327270508,82.69999694824219,61.0,79.9000015258789,34.03333282470703,27.969999313354492,141.94000244140625,41.81999969482422,50.56999969482422,48.029998779296875,33.28499984741211,19.147035598754883,74.62000274658203,91.62999725341797,4885200,81230600,2883600,926600,28631000,60205600,3826400,16152500,5896000,6101100,11555500,2548000,2150100,29644400,5589900,8067800,5134900,5789700,7494038,15019500,38959800,514508000,12773953,2146300,11272600,11685500,4409700,10178800,2668100,4879500,12769500,16130100,24787800,34484126,6904200,12143500
2016-07-27,43.35842514038086,6.849999904632568,126.6720199584961,99.91065216064453,12.719277381896973,11.768918991088867,54.370235443115234,32.83232498168945,29.60869598388672,66.95083618164062,25.300731658935547,58.1976318359375,131.6185760498047,28.008792877197266,95.44612884521484,49.68743896484375,70.96717834472656,27.898086547851562,41.44063949584961,22.024131774902344,13.839323997497559,1.3759194612503052,22.398439407348633,60.038204193115234,47.75504684448242,60.576133728027344,31.774869918823242,22.39243507385254,120.81520080566406,29.327560424804688,35.334102630615234,36.365333557128906,22.37442970275879,16.014820098876953,63.82203674316406,58.89963150024414,64.9000015258789,6.849999904632568,170.67999267578125,109.55999755859375,16.56599998474121,14.630000114440918,76.47000122070312,44.290000915527344,40.06999969482422,102.26000213623047,36.130001068115234,79.77999877929688,160.99000549316406,34.83000183105469,124.7699966430664,64.33000183105469,83.4000015258789,37.83000183105469,55.91603088378906,29.020000457763672,14.1899995803833,1.4014999866485596,34.9620475769043,82.62000274658203,62.5099983215332,79.87999725341797,35.01333236694336,28.100000381469727,141.67999267578125,42.0099983215332,52.209999084472656,48.0,33.345001220703125,19.203899383544922,75.12000274658203,90.91000366210938,65.11000061035156,6.980000019073486,171.08999633789062,109.91000366210938,16.760000228881836,14.699999809265137,76.80000305175781,44.709999084472656,41.439998626708984,103.31999969482422,38.470001220703125,81.94999694824219,162.1699981689453,35.279998779296875,125.2300033569336,64.69000244140625,83.58999633789062,39.029998779296875,56.03053283691406,29.3700008392334,14.890000343322754,1.4305000305175781,35.02846145629883,83.44000244140625,62.65999984741211,80.97000122070312,35.34333419799805,28.489999771118164,142.33999633789062,42.20000076293945,53.66999816894531,48.220001220703125,33.96500015258789,19.26076316833496,75.23999786376953,91.80999755859375,64.31999969482422,6.679999828338623,167.44000244140625,108.37999725341797,16.270999908447266,14.449999809265137,75.01000213623047,44.130001068115234,40.0,101.80000305175781,35.900001525878906,79.6500015258789,160.41000366210938,34.630001068115234,124.33999633789062,64.05999755859375,82.1500015258789,37.650001525878906,55.27671813964844,28.93000030517578,14.0600004196167,1.3930000066757202,34.77229690551758,82.51000213623047,61.650001525878906,79.66000366210938,34.810001373291016,27.940000534057617,139.91000366210938,41.869998931884766,51.63999938964844,47.779998779296875,33.20000076293945,19.1389102935791,74.48999786376953,90.62999725341797,64.41999816894531,6.929999828338623,167.4499969482422,109.63999938964844,16.5939998626709,14.569999694824219,75.19999694824219,44.20000076293945,40.939998626708984,102.68000030517578,37.81999969482422,80.76000213623047,161.1999969482422,35.0,125.0999984741211,64.08000183105469,82.25,38.65999984741211,55.71564865112305,29.030000686645508,14.850000381469727,1.4279999732971191,34.86717224121094,82.83000183105469,61.81999969482422,80.68000030517578,35.33000183105469,28.489999771118164,141.1699981689453,41.959999084472656,52.70000076293945,47.95000076293945,33.720001220703125,19.179529190063477,74.62999725341797,91.51000213623047,6220400,38567300,4200200,876300,30493000,100986000,5542600,17814200,10159400,5412200,11405300,3450200,2317200,23601800,4812600,11806800,4057200,7513800,8267462,13672200,35035800,446676000,15877456,4301000,13395100,8415100,3430500,7057700,2684100,5483500,9149300,17886800,32355800,50709937,7983100,10037900
2016-07-28,43.238182067871094,6.820000171661377,127.1173095703125,100.38488006591797,12.609484672546387,11.809138298034668,53.08332443237305,32.79513168334961,29.749088287353516,66.64311981201172,25.300731658935547,58.28514862060547,131.2424774169922,27.960535049438477,95.20896911621094,49.509788513183594,70.56724548339844,28.14881134033203,41.320411682128906,21.90269660949707,13.46871566772461,1.3788645267486572,22.289030075073242,60.32889938354492,47.69393539428711,59.94672775268555,31.59942626953125,22.42430305480957,121.73616790771484,29.37643814086914,35.10399627685547,36.46381759643555,22.377779006958008,16.048694610595703,63.76254653930664,58.43963623046875,64.72000122070312,6.820000171661377,171.27999877929688,110.08000183105469,16.42300033569336,14.680000305175781,74.66000366210938,44.08000183105469,40.2599983215332,101.79000091552734,36.130001068115234,79.9000015258789,160.52999877929688,34.77000045776367,124.45999908447266,64.0999984741211,82.93000030517578,38.16999816894531,55.75381851196289,28.860000610351562,13.8100004196167,1.4045000076293945,34.7912712097168,83.0199966430664,62.43000030517578,79.05000305175781,34.81999969482422,28.139999389648438,142.75999450683594,42.08000183105469,51.869998931884766,48.130001068115234,33.349998474121094,19.244516372680664,75.05000305175781,90.19999694824219,65.05999755859375,6.980000019073486,171.8000030517578,110.20999908447266,16.69700050354004,14.6899995803833,76.4800033569336,44.16999816894531,40.77000045776367,102.22000122070312,36.63999938964844,80.70999908447266,160.9600067138672,34.83000183105469,125.0,64.19000244140625,83.38999938964844,38.95000076293945,55.906490325927734,29.030000686645508,14.1899995803833,1.4149999618530273,35.01897430419922,83.16000366210938,62.790000915527344,80.51000213623047,35.0533332824707,28.389999389648438,143.02999877929688,42.209999084472656,52.59000015258789,48.220001220703125,33.5099983215332,19.285133361816406,75.23999786376953,90.7300033569336,63.93000030517578,6.739999771118164,166.50999450683594,109.48999786376953,16.392000198364258,14.460000038146973,74.5,43.68000030517578,39.66999816894531,100.9800033569336,35.65999984741211,79.25,158.83999633789062,34.52000045776367,124.41000366210938,63.720001220703125,81.94999694824219,37.02000045776367,55.4484748840332,28.65999984741211,13.699999809265137,1.40024995803833,34.629981994628906,81.9800033569336,62.16999816894531,78.5999984741211,34.66666793823242,28.0,141.19000244140625,41.709999084472656,50.650001525878906,47.68000030517578,33.1150016784668,19.090171813964844,74.68000030517578,89.61000061035156,64.79000091552734,6.789999961853027,168.92999267578125,109.87000274658203,16.5,14.569999694824219,75.41000366210938,44.0,40.25,102.08999633789062,36.209999084472656,79.73999786376953,160.17999267578125,34.83000183105469,124.9800033569336,64.0,83.25,38.220001220703125,55.83969497680664,28.899999618530273,14.130000114440918,1.4047499895095825,34.99051284790039,82.4000015258789,62.439998626708984,79.7699966430664,34.856666564941406,28.290000915527344,141.36000061035156,41.880001068115234,52.38999938964844,47.939998626708984,33.30500030517578,19.1551570892334,75.0,90.54000091552734,6556100,27515600,5192500,530000,19512000,72049500,7412600,13239600,11526700,8226200,6028500,2537400,2047400,21667400,4320400,10013400,4862000,6364200,7639606,11528400,25504200,221916000,17134878,1825800,8514200,5567300,2495700,4746300,2517000,3934900,5808300,12562600,21727000,33001387,5470100,12439200
2016-07-29,44.24697494506836,6.860000133514404,127.67393493652344,99.96540069580078,12.436732292175293,11.656294822692871,53.18996047973633,32.594261169433594,30.162883758544922,67.0948486328125,26.80630874633789,59.598236083984375,129.83624267578125,28.032909393310547,95.7979965209961,49.40937805175781,70.53318786621094,29.048511505126953,41.48306655883789,21.804039001464844,13.400445938110352,1.401444911956787,22.422746658325195,60.06001281738281,47.80852508544922,61.06147384643555,31.460281372070312,22.13743019104004,122.111328125,29.43926239013672,35.3814697265625,36.342613220214844,22.605920791625977,16.021596908569336,63.8900032043457,57.62974548339844,66.2300033569336,6.860000133514404,172.02999877929688,109.62000274658203,16.197999954223633,14.489999771118164,74.80999755859375,43.810001373291016,40.81999969482422,102.4800033569336,38.279998779296875,81.69999694824219,158.80999755859375,34.86000061035156,125.2300033569336,63.970001220703125,82.88999938964844,39.38999938964844,55.97328186035156,28.729999542236328,13.739999771118164,1.4275000095367432,35.0,82.6500015258789,62.58000183105469,80.5199966430664,34.66666793823242,27.780000686645508,143.1999969482422,42.16999816894531,52.279998779296875,47.970001220703125,33.689998626708984,19.21202278137207,75.19999694824219,88.94999694824219,66.4000015258789,6.960000038146973,172.25999450683594,110.8499984741211,16.46500015258789,14.699999809265137,75.16000366210938,44.15999984741211,40.90999984741211,102.66000366210938,38.36000061035156,81.88999938964844,160.19000244140625,34.91999816894531,125.31999969482422,64.29000091552734,83.44999694824219,39.61000061035156,56.488548278808594,29.010000228881836,13.9399995803833,1.431249976158142,35.05692672729492,83.31999969482422,62.81999969482422,80.62000274658203,34.926666259765625,28.100000381469727,143.89999389648438,42.34000015258789,52.34000015258789,48.16999816894531,33.72999954223633,19.301380157470703,75.33999633789062,89.01000213623047,65.1500015258789,6.75,170.52999877929688,109.30999755859375,16.110000610351562,14.479999542236328,74.22000122070312,43.7599983215332,39.66999816894531,99.8499984741211,35.61000061035156,78.86000061035156,158.64999389648438,34.599998474121094,124.33999633789062,63.75,82.63999938964844,37.63999938964844,55.60114669799805,28.59000015258789,13.619999885559082,1.3845000267028809,34.77229690551758,82.6500015258789,62.2400016784668,78.11000061035156,34.5099983215332,27.65999984741211,141.60000610351562,41.91999816894531,51.15999984741211,47.95000076293945,32.845001220703125,19.171405792236328,74.7300033569336,86.12000274658203,65.2699966430664,6.880000114440918,171.57000732421875,110.4800033569336,16.39299964904785,14.5600004196167,74.56999969482422,43.869998931884766,39.77000045776367,100.52999877929688,35.939998626708984,79.0,159.50999450683594,34.77000045776367,124.33999633789062,63.79999923706055,83.06999969482422,38.0099983215332,56.3072509765625,28.770000457763672,13.90999984741211,1.409749984741211,34.800758361816406,82.70999908447266,62.599998474121094,78.2300033569336,34.813331604003906,28.100000381469727,141.85000610351562,41.91999816894531,51.66999816894531,47.95000076293945,32.875,19.171405792236328,74.91000366210938,87.61000061035156,10525000,22580500,3121600,1399700,26030000,63276500,4861100,13773700,8138900,10157600,10235300,2886900,2388200,18171200,7020900,13210400,3016200,8334900,8898778,10498500,21792900,409588000,22675545,2374600,8291000,6200600,1017000,7366600,3269700,5802700,5116400,13111700,33003600,54440606,4889200,23928100
2016-08-01,44.7213134765625,6.639999866485596,129.2547149658203,100.03833770751953,12.554203033447266,11.527585983276367,54.17116928100586,32.30409622192383,29.268781661987305,64.88849639892578,25.146669387817383,57.40979766845703,129.32119750976562,28.024869918823242,95.92803192138672,49.27808380126953,70.77997589111328,28.613405227661133,41.48306655883789,21.629484176635742,13.224895477294922,1.3923635482788086,22.67804527282715,59.89286422729492,47.25083541870117,59.49929428100586,31.484472274780273,22.80681037902832,122.37566375732422,29.097185134887695,34.94157028198242,36.221370697021484,21.861108779907227,15.98094367980957,64.29780578613281,55.62779235839844,66.94000244140625,6.639999866485596,174.16000366210938,109.69999694824219,16.35099983215332,14.329999923706055,76.19000244140625,43.41999816894531,39.61000061035156,99.11000061035156,35.90999984741211,78.69999694824219,158.17999267578125,34.849998474121094,125.4000015258789,63.79999923706055,83.18000030517578,38.79999923706055,55.97328186035156,28.5,13.5600004196167,1.4182499647140503,35.39848327636719,82.41999816894531,61.849998474121094,78.45999908447266,34.69333267211914,28.6200008392334,143.50999450683594,41.68000030517578,51.630001068115234,47.810001373291016,32.58000183105469,19.16328239440918,75.68000030517578,85.86000061035156,67.08000183105469,6.920000076293945,174.97999572753906,110.1500015258789,16.38800048828125,14.600000381469727,76.30000305175781,44.02000045776367,40.41999816894531,102.0999984741211,37.7599983215332,81.12999725341797,159.9199981689453,34.90999984741211,125.70999908447266,64.30999755859375,83.79000091552734,39.56999969482422,56.29771041870117,28.920000076293945,13.920000076293945,1.4387500286102295,35.47438430786133,83.41999816894531,62.400001525878906,79.87999725341797,34.81999969482422,28.75,144.16000366210938,42.220001220703125,52.630001068115234,48.04999923706055,33.41999816894531,19.30950355529785,76.0,88.1500015258789,66.2300033569336,6.570000171661377,172.27999877929688,109.29000091552734,16.190000534057617,14.260000228881836,74.88999938964844,43.2400016784668,39.41999816894531,98.62000274658203,35.7400016784668,78.26000213623047,157.92999267578125,34.560001373291016,125.0999984741211,63.61000061035156,82.94000244140625,38.540000915527344,55.82061004638672,28.3700008392334,13.550000190734863,1.409000039100647,35.08538818359375,82.30000305175781,61.58000183105469,78.08000183105469,34.573333740234375,28.350000381469727,143.0399932861328,41.61000061035156,51.38999938964844,47.630001068115234,32.46500015258789,19.122665405273438,75.2699966430664,85.58999633789062,66.2300033569336,6.889999866485596,172.91000366210938,109.62000274658203,16.277999877929688,14.520000457763672,75.12999725341797,43.91999816894531,40.40999984741211,101.33000183105469,37.7400016784668,81.04000091552734,158.80999755859375,34.81999969482422,125.30999755859375,64.1500015258789,83.0199966430664,39.130001068115234,56.135494232177734,28.84000015258789,13.8100004196167,1.433500051498413,35.12334060668945,83.08999633789062,62.369998931884766,79.79000091552734,34.74333190917969,28.350000381469727,143.4199981689453,42.150001525878906,52.130001068115234,47.97999954223633,33.39500045776367,19.228269577026367,75.2699966430664,88.08000183105469,7599000,26729000,3571900,419800,17876000,61460900,5081900,14794400,9592300,11550600,8791900,3591800,2316300,18824400,4615100,11422600,3131100,8869100,9297018,10396000,16363900,301120000,29911044,2355900,14606200,8197800,1479300,7328200,2494900,5488900,6897300,16026600,61297000,39409726,9255100,22908400
2016-08-02,44.61442565917969,6.260000228881836,129.24725341796875,99.74651336669922,12.506599426269531,11.36669921875,53.36061477661133,31.984174728393555,29.40178108215332,65.2027587890625,25.293731689453125,58.277889251708984,127.58794403076172,27.791664123535156,95.5073013305664,49.162227630615234,70.89913177490234,28.606037139892578,41.24970245361328,21.250017166137695,13.068848609924316,1.3754286766052246,22.11882972717285,59.34059143066406,46.2958869934082,59.82537078857422,31.000478744506836,22.44024085998535,122.08572387695312,28.922664642333984,35.428836822509766,36.138057708740234,22.059057235717773,15.845459938049316,64.0513916015625,56.392295837402344,66.77999877929688,6.260000228881836,174.14999389648438,109.37999725341797,16.288999557495117,14.130000114440918,75.05000305175781,42.9900016784668,39.790000915527344,99.58999633789062,36.119998931884766,79.88999938964844,156.05999755859375,34.560001373291016,124.8499984741211,63.650001525878906,83.31999969482422,38.790000915527344,55.65839767456055,28.0,13.399999618530273,1.4010000228881836,34.52561569213867,81.66000366210938,60.599998474121094,78.88999938964844,34.15999984741211,28.15999984741211,143.1699981689453,41.43000030517578,52.349998474121094,47.70000076293945,32.875,19.000812530517578,75.38999938964844,87.04000091552734,67.05999755859375,6.599999904632568,176.5,109.58999633789062,16.39900016784668,14.449999809265137,76.06999969482422,43.630001068115234,40.04999923706055,100.06999969482422,36.849998474121094,80.36000061035156,158.4600067138672,34.869998931884766,125.9000015258789,64.01000213623047,83.69999694824219,39.779998779296875,56.040077209472656,28.559999465942383,13.579999923706055,1.4257500171661377,34.93358612060547,82.66999816894531,61.95000076293945,78.91999816894531,34.630001068115234,28.489999771118164,143.97000122070312,41.68000030517578,52.84000015258789,47.83000183105469,33.03499984741211,19.179529190063477,75.73999786376953,87.31999969482422,66.05000305175781,6.150000095367432,173.1699981689453,108.77999877929688,16.226999282836914,14.09000015258789,74.70999908447266,42.5,38.79999923706055,97.91000366210938,35.0099983215332,78.5199966430664,155.3699951171875,34.33000183105469,124.4800033569336,63.380001068115234,82.56999969482422,38.22999954223633,55.582061767578125,27.790000915527344,13.020000457763672,1.3875000476837158,34.27893829345703,81.3499984741211,60.02000045776367,77.91000366210938,33.95333480834961,28.059999465942383,142.33999633789062,41.130001068115234,51.75,47.38999938964844,32.28499984741211,18.952070236206055,74.93000030517578,85.58000183105469,66.93000030517578,6.559999942779541,175.0500030517578,109.56999969482422,16.309999465942383,14.279999732971191,76.0199966430664,43.22999954223633,39.810001373291016,99.5199966430664,36.220001220703125,79.37000274658203,157.64999389648438,34.810001373291016,125.6500015258789,63.59000015258789,83.13999938964844,39.310001373291016,55.992366790771484,28.389999389648438,13.550000190734863,1.4249999523162842,34.87665939331055,82.37000274658203,61.7400016784668,78.80999755859375,34.630001068115234,28.489999771118164,143.80999755859375,41.5099983215332,52.13999938964844,47.65999984741211,32.810001373291016,19.10641860961914,75.73999786376953,86.44999694824219,8763200,40816400,6589000,358600,22689000,83776300,4479000,20089100,7145800,9752700,9254100,3039100,3182800,20057300,7158700,13550000,3340100,6052000,7153962,16915500,23707600,282748000,34914488,2121600,14732800,6648300,4523400,6088500,2679100,5858300,6961900,17033100,51200200,39709475,12149300,18919200
2016-08-03,44.47412872314453,6.300000190734863,128.71298217773438,98.89842987060547,12.600268363952637,11.648249626159668,53.18286895751953,32.65377426147461,29.786033630371094,65.8705825805664,26.610244750976562,60.08696365356445,129.4519805908203,27.75115394592285,94.78059387207031,49.94234085083008,70.38855743408203,30.398059844970703,40.76881408691406,21.56876564025879,13.176130294799805,1.3791104555130005,21.628530502319336,60.93202209472656,46.60911178588867,60.37896728515625,31.03980827331543,22.44024085998535,121.83850860595703,29.41133689880371,37.0260124206543,36.32897186279297,22.485137939453125,16.008041381835938,63.87302780151367,56.68384552001953,66.56999969482422,6.300000190734863,173.42999267578125,108.44999694824219,16.410999298095703,14.479999542236328,74.80000305175781,43.88999938964844,40.310001373291016,100.61000061035156,38.0,82.37000274658203,158.33999633789062,34.25,123.9000015258789,64.66000366210938,82.72000122070312,41.220001220703125,55.00954055786133,28.420000076293945,13.510000228881836,1.4047499895095825,33.481971740722656,83.8499984741211,61.0099983215332,79.62000274658203,34.20333480834961,28.15999984741211,142.8800048828125,42.130001068115234,54.709999084472656,47.56999969482422,33.5099983215332,19.195775985717773,75.18000030517578,87.48999786376953,67.0,6.449999809265137,174.38999938964844,108.75,16.415000915527344,14.479999542236328,75.05999755859375,43.939998626708984,40.34000015258789,100.63999938964844,38.130001068115234,82.41999816894531,158.9499969482422,34.279998779296875,125.0,64.66999816894531,83.41999816894531,41.45000076293945,55.6297721862793,28.510000228881836,13.579999923706055,1.4075000286102295,34.108158111572266,83.95999908447266,61.11000061035156,79.63999938964844,34.209999084472656,28.239999771118164,143.6199951171875,42.25,54.88999938964844,47.63999938964844,33.525001525878906,19.203899383544922,75.38999938964844,87.48999786376953,66.22000122070312,6.150000095367432,172.27999877929688,107.88999938964844,16.128000259399414,14.100000381469727,74.25,42.86000061035156,39.5,99.29000091552734,35.540000915527344,79.66999816894531,156.17999267578125,33.9900016784668,123.69000244140625,63.650001525878906,82.36000061035156,38.369998931884766,54.56106948852539,27.950000762939453,13.270000457763672,1.3914999961853027,33.263755798339844,82.16999816894531,60.5,78.2699966430664,33.970001220703125,27.90999984741211,142.42999267578125,41.470001220703125,52.0,47.33000183105469,32.75,19.000812530517578,75.02999877929688,86.5999984741211,66.80999755859375,6.179999828338623,173.74000549316406,107.94999694824219,16.187999725341797,14.109999656677246,74.93000030517578,42.93000030517578,39.81999969482422,99.6500015258789,36.119998931884766,80.0,156.4499969482422,34.099998474121094,125.0,63.689998626708984,83.41999816894531,38.369998931884766,55.5057258605957,27.969999313354492,13.270000457763672,1.3992500305175781,34.07020950317383,82.16999816894531,60.59000015258789,78.70999908447266,33.97666549682617,28.079999923706055,143.3300018310547,41.54999923706055,52.16999816894531,47.33000183105469,32.880001068115234,19.000812530517578,75.33999633789062,87.01000213623047,6355100,23807800,3911800,414200,15019000,65305400,4349600,14708300,8586700,6611700,11775400,3036500,2284700,18388800,5310600,13122300,2940900,10374100,10099890,10562000,17316600,299828000,44941190,3615200,6448200,5416300,1248900,3872000,1963600,6723200,11362100,14913500,47811200,33511513,9761200,14632900
2016-08-04,44.16011428833008,6.46999979019165,128.14892578125,100.39399719238281,12.821394920349121,11.648249626159668,53.552581787109375,32.61656951904297,29.630855560302734,65.72653198242188,27.03740882873535,61.45107650756836,129.21487426757812,28.018537521362305,94.7499771118164,49.8651008605957,70.13325500488281,29.96295928955078,40.90318298339844,21.4625244140625,13.683279037475586,1.4046356678009033,21.542728424072266,60.953819274902344,46.58618927001953,60.96288299560547,31.3302001953125,22.631488800048828,121.6935043334961,29.34152603149414,36.09208297729492,36.5351676940918,22.451589584350586,15.96740436553955,63.77952194213867,56.6773796081543,66.0999984741211,6.46999979019165,172.6699981689453,110.08999633789062,16.698999404907227,14.479999542236328,75.31999969482422,43.84000015258789,40.099998474121094,100.38999938964844,38.61000061035156,84.23999786376953,158.0500030517578,34.58000183105469,123.86000061035156,64.55999755859375,82.41999816894531,40.630001068115234,55.19084167480469,28.280000686645508,14.029999732971191,1.4307500123977661,33.34914779663086,83.87999725341797,60.97999954223633,80.38999938964844,34.52333450317383,28.399999618530273,142.7100067138672,42.029998779296875,53.33000183105469,47.84000015258789,33.459999084472656,19.147035598754883,75.06999969482422,87.4800033569336,66.9800033569336,6.610000133514404,173.6699981689453,110.2300033569336,16.700000762939453,14.539999961853027,75.62000274658203,44.040000915527344,40.459999084472656,101.08000183105469,38.88999938964844,84.30000305175781,158.89999389648438,34.619998931884766,124.38999938964844,64.81999969482422,83.0199966430664,41.65999984741211,55.5629768371582,28.399999618530273,14.199999809265137,1.437250018119812,33.700191497802734,84.3499984741211,61.22999954223633,80.41000366210938,34.53666687011719,28.43000030517578,143.47999572753906,42.2599983215332,54.650001525878906,48.0,33.689998626708984,19.21202278137207,75.3499984741211,87.6500015258789,66.08000183105469,6.369999885559082,172.0399932861328,109.54000091552734,16.420000076293945,14.359999656677246,74.56999969482422,43.65999984741211,39.65999984741211,100.0,37.279998779296875,81.5999984741211,157.41000366210938,34.220001220703125,123.63999938964844,64.2699966430664,82.37000274658203,40.31999969482422,55.095420837402344,27.989999771118164,13.600000381469727,1.408750057220459,33.34914779663086,83.63999938964844,60.72999954223633,79.11000061035156,34.22666549682617,28.1200008392334,142.25999450683594,41.959999084472656,53.09000015258789,47.56999969482422,33.27000045776367,19.10641860961914,74.97000122070312,87.02999877929688,66.58000183105469,6.389999866485596,173.3000030517578,109.69999694824219,16.427000045776367,14.479999542236328,74.95999908447266,43.7400016784668,40.16999816894531,100.27999877929688,37.79999923706055,82.02999877929688,158.22000122070312,34.290000915527344,124.23999786376953,64.48999786376953,83.0199966430664,41.189998626708984,55.095420837402344,28.270000457763672,13.609999656677246,1.4114999771118164,33.68121337890625,84.05999755859375,61.11000061035156,79.5999984741211,34.290000915527344,28.219999313354492,143.10000610351562,42.029998779296875,54.209999084472656,47.599998474121094,33.3849983215332,19.179529190063477,75.2300033569336,87.5,4901900,22411000,2122200,288500,19978000,46176600,3474900,11747900,6914900,6088100,9601100,4243000,2005700,16362600,4728200,9873000,2093800,7258700,5807387,12162900,23400100,272712000,26482593,2629800,5169600,8183100,1218600,3165000,1890900,4167700,8840400,14662600,33580400,31363295,8415500,13451400
2016-08-05,44.454078674316406,6.610000133514404,128.8836669921875,99.9471435546875,13.06171703338623,12.106781005859375,44.99213790893555,34.015281677246094,30.000316619873047,65.80509948730469,27.66765022277832,65.76960754394531,132.517822265625,28.342636108398438,95.04068756103516,51.20905685424805,69.4014892578125,30.906896591186523,45.160404205322266,22.016538619995117,14.16117000579834,1.4284428358078003,21.720462799072266,62.81411361694336,47.36543655395508,61.5771484375,31.729501724243164,22.94228172302246,121.93226623535156,29.997745513916016,36.20713424682617,37.17667007446289,22.65625,16.272247314453125,63.932456970214844,56.72919464111328,66.54000091552734,6.610000133514404,173.66000366210938,109.5999984741211,17.011999130249023,15.050000190734863,63.279998779296875,45.720001220703125,40.599998474121094,100.51000213623047,39.5099983215332,90.16000366210938,162.08999633789062,34.97999954223633,124.23999786376953,66.30000305175781,81.55999755859375,41.90999984741211,60.935115814208984,29.010000228881836,14.520000457763672,1.4550000429153442,33.62428665161133,86.44000244140625,62.0,81.19999694824219,34.96333312988281,28.790000915527344,142.99000549316406,42.970001220703125,53.5,48.68000030517578,33.76499938964844,19.512590408325195,75.25,87.55999755859375,66.5999984741211,6.760000228881836,174.52000427246094,110.66000366210938,17.020000457763672,15.0600004196167,64.7699966430664,45.72999954223633,40.63999938964844,101.06999969482422,39.68000030517578,90.7699966430664,162.1300048828125,35.130001068115234,124.37999725341797,66.37000274658203,82.5199966430664,42.189998626708984,61.068702697753906,29.18000030517578,14.779999732971191,1.4557499885559082,33.709678649902344,86.4800033569336,62.11000061035156,81.41999816894531,35.0,28.850000381469727,143.5399932861328,42.970001220703125,54.16999816894531,48.70000076293945,33.810001373291016,19.512590408325195,75.4000015258789,87.83000183105469,66.12000274658203,6.46999979019165,172.50999450683594,109.4000015258789,16.722999572753906,14.75,61.560001373291016,44.5099983215332,39.91999816894531,99.72000122070312,38.060001373291016,86.75,159.1999969482422,34.70000076293945,123.76000213623047,65.06999969482422,81.04000091552734,40.61000061035156,55.19084167480469,28.59000015258789,14.199999809265137,1.440250039100647,33.41556167602539,84.63999938964844,61.27000045776367,80.0199966430664,34.676666259765625,28.6299991607666,142.39999389648438,42.369998931884766,53.040000915527344,48.130001068115234,33.41999816894531,19.293258666992188,74.83000183105469,87.1500015258789,66.1500015258789,6.559999942779541,173.35000610351562,109.94999694824219,16.795000076293945,14.75,62.0,44.630001068115234,40.290000915527344,100.98999786376953,38.66999816894531,87.2300033569336,159.75,34.79999923706055,124.37999725341797,65.13999938964844,82.41999816894531,40.79999923706055,55.19084167480469,28.600000381469727,14.220000267028809,1.4472500085830688,33.54838562011719,84.72000122070312,61.52000045776367,80.62000274658203,34.72666549682617,28.649999618530273,143.3300018310547,42.630001068115234,53.27000045776367,48.38999938964844,33.47999954223633,19.350122451782227,75.4000015258789,87.7300033569336,5045600,20164000,2228300,599800,25594000,120947800,86212600,28566800,8736100,6710500,6639500,8928300,2676100,20046200,5146900,20752700,5886900,5781200,76374048,11881900,29098400,371588000,28665006,3227200,8320700,6838600,1239000,5573000,2000100,7568900,8010300,19064700,22853600,51542339,8244400,9617300
2016-08-08,44.32046890258789,6.679999828338623,127.90399169921875,99.62798309326172,12.925813674926758,12.171134948730469,42.87334442138672,34.19383239746094,30.709686279296875,66.25685119628906,28.15083122253418,66.13434600830078,133.122802734375,28.391252517700195,94.5893325805664,51.05455780029297,69.43551635742188,30.921653747558594,44.453208923339844,22.100019454956055,14.063641548156738,1.4416968822479248,21.407899856567383,62.850460052490234,47.0445671081543,62.562984466552734,31.693193435668945,23.181346893310547,121.19894409179688,29.9768123626709,36.67409896850586,37.35232925415039,22.958200454711914,16.29257583618164,63.38874435424805,57.39653778076172,66.33999633789062,6.679999828338623,172.33999633789062,109.25,16.834999084472656,15.130000114440918,60.29999923706055,45.959999084472656,41.560001373291016,101.19999694824219,40.20000076293945,90.66000366210938,162.8300018310547,35.040000915527344,123.6500015258789,66.0999984741211,81.5999984741211,41.93000030517578,59.98091506958008,29.1200008392334,14.420000076293945,1.468500018119812,33.14041519165039,86.48999786376953,61.58000183105469,82.5,34.92333221435547,29.09000015258789,142.1300048828125,42.939998626708984,54.189998626708984,48.90999984741211,34.21500015258789,19.536962509155273,74.61000061035156,88.58999633789062,66.66999816894531,6.849999904632568,174.16000366210938,109.55999755859375,17.12299919128418,15.170000076293945,63.650001525878906,46.15999984741211,41.79999923706055,101.68000030517578,41.099998474121094,92.0,163.97999572753906,35.16999816894531,124.1500015258789,66.48999786376953,81.8499984741211,42.59000015258789,60.13358688354492,29.420000076293945,14.720000267028809,1.4785000085830688,33.47248458862305,86.97000122070312,62.189998626708984,82.98999786376953,35.16666793823242,29.139999389648438,143.07000732421875,43.150001525878906,54.619998931884766,49.04999923706055,34.44499969482422,19.593826293945312,75.19000244140625,88.88999938964844,65.75,6.650000095367432,171.8300018310547,109.04000091552734,16.785999298095703,14.920000076293945,60.0,45.47999954223633,40.90999984741211,100.72000122070312,39.84000015258789,90.47000122070312,162.00999450683594,34.86000061035156,123.2300033569336,65.83999633789062,80.45999908447266,41.689998626708984,59.11259460449219,29.0,14.380000114440918,1.4529999494552612,32.93169021606445,86.22000122070312,61.369998931884766,81.56999969482422,34.86000061035156,28.709999084472656,141.86000061035156,42.86000061035156,53.90999984741211,48.7400016784668,33.9900016784668,19.4800968170166,74.3499984741211,88.02999877929688,66.37999725341797,6.699999809265137,173.30999755859375,109.25,17.0,15.079999923706055,63.5,45.83000183105469,40.97999954223633,100.98999786376953,40.0,90.97000122070312,162.10000610351562,34.900001525878906,124.0,66.06999969482422,81.44000244140625,42.2400016784668,59.790077209472656,29.020000457763672,14.529999732971191,1.475000023841858,33.47248458862305,86.36000061035156,62.04999923706055,81.63999938964844,35.08333206176758,28.760000228881836,142.61000061035156,42.9900016784668,54.0,48.779998779296875,34.0,19.569456100463867,75.19000244140625,88.05000305175781,5309300,21462200,2706500,352200,19084000,71960300,60132800,16861600,9679500,5447500,9180300,4506100,2266600,19497300,5232500,11359200,4227300,5419400,26248103,9018600,16163500,305064000,32189687,2511700,8410600,6213900,695700,8731700,1846400,4461200,6624400,14871600,43326800,45019886,6655500,10492700
2016-08-09,44.60106658935547,6.599999904632568,127.7110366821289,100.21160888671875,13.142335891723633,12.219400405883789,43.80476760864258,34.149192810058594,30.47323226928711,66.33541107177734,27.94075584411621,65.93006896972656,133.62155151367188,28.294025421142578,94.42105865478516,50.87692642211914,69.35041809082031,30.257932662963867,44.19155502319336,22.266983032226562,14.12215805053711,1.445378303527832,21.499826431274414,62.67604446411133,47.35779571533203,62.054908752441406,31.950332641601562,23.42837905883789,120.93461608886719,29.9000186920166,35.92131805419922,37.36760330200195,22.837419509887695,16.30612564086914,63.54167175292969,57.4677848815918,66.76000213623047,6.599999904632568,172.0800018310547,109.88999938964844,17.117000579833984,15.1899995803833,61.61000061035156,45.900001525878906,41.2400016784668,101.31999969482422,39.900001525878906,90.37999725341797,163.44000244140625,34.91999816894531,123.43000030517578,65.87000274658203,81.5,41.029998779296875,59.627864837646484,29.34000015258789,14.479999542236328,1.472249984741211,33.28273010253906,86.25,61.9900016784668,81.83000183105469,35.206668853759766,29.399999618530273,141.82000732421875,42.83000183105469,52.4900016784668,48.93000030517578,34.03499984741211,19.55320930480957,74.79000091552734,88.69999694824219,67.25,6.78000020980835,173.3000030517578,110.11000061035156,17.216999053955078,15.1899995803833,62.25,46.11000061035156,41.93000030517578,102.0,40.77000045776367,91.38999938964844,164.5800018310547,35.15999984741211,124.0,66.27999877929688,82.13999938964844,41.95000076293945,60.24809265136719,29.489999771118164,14.699999809265137,1.4865000247955322,33.49146270751953,86.72000122070312,62.439998626708984,83.04000091552734,35.31999969482422,29.43000030517578,143.1300048828125,43.04999923706055,53.689998626708984,49.150001525878906,34.3650016784668,19.585702896118164,75.05000305175781,88.76000213623047,66.25,6.539999961853027,171.67999267578125,109.45999908447266,16.8700008392334,15.069999694824219,60.56999969482422,45.66999816894531,41.040000915527344,100.7699966430664,39.650001525878906,89.9000015258789,162.5,34.84000015258789,123.33000183105469,65.69000244140625,80.69999694824219,40.86000061035156,59.57061004638672,29.149999618530273,14.399999618530273,1.468500018119812,33.11195373535156,85.95999908447266,61.83000183105469,81.4800033569336,35.05666732788086,29.139999389648438,141.67999267578125,42.72999954223633,52.09000015258789,48.810001373291016,33.900001525878906,19.50446891784668,74.58000183105469,88.18000030517578,66.33999633789062,6.75,172.66000366210938,109.45999908447266,16.893999099731445,15.109999656677246,60.650001525878906,45.95000076293945,41.7400016784668,101.8499984741211,40.5,91.29000091552734,162.5,35.040000915527344,123.91000366210938,66.18000030517578,81.75,41.91999816894531,59.98091506958008,29.149999618530273,14.5600004196167,1.4757499694824219,33.19734191894531,86.41000366210938,61.90999984741211,83.02999877929688,35.116668701171875,29.18000030517578,142.5500030517578,42.939998626708984,53.52000045776367,49.02000045776367,34.310001373291016,19.528837203979492,75.01000213623047,88.62000274658203,5717300,16772400,2094200,558600,32743000,49973300,25005600,12203800,7076600,4957300,4908000,3064200,1957400,12578900,3941500,10097000,2242800,3650100,12821651,11012600,12573700,372344000,18054388,2028600,5350300,4143800,1128000,6660600,2140700,3698200,6853600,10449800,22256800,32239890,11261100,9654600
2016-08-10,44.38059616088867,6.489999771118164,127.0802230834961,99.8468246459961,13.194540977478027,11.913717269897461,43.07243728637695,33.81439208984375,30.000316619873047,65.56285095214844,27.709671020507812,65.22978210449219,132.5995330810547,27.9780216217041,94.36749267578125,50.42121124267578,68.54206085205078,30.228445053100586,44.297630310058594,22.092435836791992,13.849077224731445,1.4360511302947998,21.530467987060547,62.05111312866211,47.143882751464844,61.31171798706055,31.732532501220703,23.28493881225586,121.25010681152344,29.66964340209961,36.21559143066406,36.79481887817383,22.58914566040039,16.177410125732422,63.329261779785156,56.46154022216797,66.43000030517578,6.489999771118164,171.22999572753906,109.48999786376953,17.184999465942383,14.8100004196167,60.58000183105469,45.45000076293945,40.599998474121094,100.13999938964844,39.56999969482422,89.41999816894531,162.19000244140625,34.529998779296875,123.36000061035156,65.27999877929688,80.55000305175781,40.9900016784668,59.770992279052734,29.110000610351562,14.199999809265137,1.46274995803833,33.330169677734375,85.38999938964844,61.709999084472656,80.8499984741211,34.96666717529297,29.219999313354492,142.19000244140625,42.5,52.91999816894531,48.18000030517578,33.665000915527344,19.398862838745117,74.54000091552734,86.41000366210938,66.95999908447266,6.579999923706055,172.1999969482422,110.4000015258789,17.218000411987305,15.180000305175781,61.83000183105469,45.900001525878906,41.540000915527344,101.80999755859375,40.41999816894531,90.87000274658203,163.60000610351562,35.0,123.77999877929688,66.06999969482422,81.16000366210938,42.16999816894531,60.209922790527344,29.469999313354492,14.5,1.4874999523162842,33.37760925292969,86.2699966430664,62.15999984741211,82.33999633789062,35.276668548583984,29.450000762939453,142.33999633789062,42.9900016784668,54.0099983215332,48.93000030517578,34.18000030517578,19.569456100463867,74.76000213623047,87.91999816894531,66.19000244140625,6.25,170.7100067138672,109.20999908447266,16.983999252319336,14.779999732971191,60.5,45.38999938964844,40.5,99.94000244140625,39.400001525878906,89.19999694824219,162.00999450683594,34.5,123.23999786376953,65.16000366210938,79.66999816894531,40.790000915527344,59.22710037231445,29.049999237060547,14.029999732971191,1.4579999446868896,33.12144088745117,85.30000305175781,61.439998626708984,80.63999938964844,34.81999969482422,29.18000030517578,140.92999267578125,42.439998626708984,52.529998779296875,48.08000183105469,33.595001220703125,19.366369247436523,74.33999633789062,86.01000213623047,66.69999694824219,6.349999904632568,171.88999938964844,110.30999755859375,17.121999740600586,15.15999984741211,61.77000045776367,45.79999923706055,41.45000076293945,101.6500015258789,40.150001525878906,90.87000274658203,163.4499969482422,35.0,123.58999633789062,65.91999816894531,80.12000274658203,41.16999816894531,59.24618148803711,29.389999389648438,14.479999542236328,1.4852499961853027,33.36812210083008,86.08000183105469,62.0,82.02999877929688,35.23666763305664,29.420000076293945,141.8699951171875,42.939998626708984,52.59000015258789,48.81999969482422,34.10499954223633,19.536962509155273,74.76000213623047,87.77999877929688,4506100,29070700,2476600,840300,19523000,79080700,14455100,16566700,6375500,5081300,4835300,2664100,1656100,19579000,4333500,11556100,4956700,5790600,9259499,8186700,15003200,375740000,14887328,1798400,3836200,3863100,2446800,8229100,1866300,3746800,7119200,16782700,36073600,33545242,7031600,12714800
2016-08-11,44.72800064086914,6.579999923706055,127.9708251953125,100.94116973876953,13.212969779968262,11.970029830932617,43.34972381591797,34.02272033691406,30.584074020385742,66.3877944946289,28.928131103515625,65.85713195800781,133.96495056152344,28.099557876586914,94.68114471435547,50.56025314331055,68.98735809326172,30.89952278137207,44.997737884521484,22.297340393066406,14.073393821716309,1.465258002281189,21.542728424072266,62.131038665771484,47.16679763793945,61.80464553833008,31.85352325439453,23.22118377685547,121.62533569335938,29.89304542541504,37.19419860839844,36.84064483642578,22.921293258666992,16.21128273010254,63.6945915222168,56.66408920288086,66.94999694824219,6.579999923706055,172.42999267578125,110.69000244140625,17.208999633789062,14.880000114440918,60.970001220703125,45.72999954223633,41.38999938964844,101.4000015258789,41.310001373291016,90.27999877929688,163.86000061035156,34.68000030517578,123.7699966430664,65.45999908447266,80.55999755859375,41.900001525878906,60.71564865112305,29.3799991607666,14.430000305175781,1.4924999475479126,33.34914779663086,85.5,61.7400016784668,81.5,35.099998474121094,29.139999389648438,142.6300048828125,42.81999969482422,54.349998474121094,48.2400016784668,34.15999984741211,19.43947982788086,74.97000122070312,86.72000122070312,67.11000061035156,6.590000152587891,172.77999877929688,111.04000091552734,17.31599998474121,14.970000267028809,61.130001068115234,45.90999984741211,41.709999084472656,101.86000061035156,41.65999984741211,91.1500015258789,164.25,34.7400016784668,124.13999938964844,65.69000244140625,80.66999816894531,42.40999984741211,60.81106948852539,29.450000762939453,14.489999771118164,1.4987499713897705,33.47248458862305,85.72000122070312,62.15999984741211,82.41000366210938,35.14666748046875,29.3700008392334,143.05999755859375,42.91999816894531,54.83000183105469,48.5,34.30500030517578,19.48822021484375,75.05000305175781,87.2699966430664,66.69999694824219,6.460000038146973,171.0500030517578,110.12000274658203,17.09000015258789,14.75,60.25,45.290000915527344,40.31999969482422,100.38999938964844,39.599998474121094,89.08000183105469,161.92999267578125,34.4900016784668,123.47000122070312,65.0199966430664,79.9800033569336,40.959999084472656,59.61832046508789,29.030000686645508,14.210000038146973,1.4674999713897705,33.30170822143555,85.0,61.66999816894531,80.97000122070312,34.91666793823242,28.799999237060547,141.44000244140625,42.41999816894531,52.95000076293945,47.91999816894531,33.73500061035156,19.366369247436523,74.5999984741211,86.26000213623047,66.86000061035156,6.5,172.24000549316406,110.6500015258789,17.207000732421875,14.829999923706055,60.70000076293945,45.5099983215332,40.790000915527344,100.6500015258789,40.09000015258789,90.06999969482422,162.1999969482422,34.65999984741211,123.8499984741211,65.2699966430664,79.9800033569336,41.08000183105469,59.742366790771484,29.190000534057617,14.25,1.4704999923706055,33.330169677734375,85.41000366210938,61.88999938964844,81.13999938964844,35.116668701171875,29.139999389648438,142.24000549316406,42.65999984741211,53.0099983215332,48.22999954223633,33.810001373291016,19.43947982788086,74.73999786376953,86.69000244140625,4246600,13240300,2142800,879600,15745000,68945400,14576300,14819400,8784800,4836600,7407000,3445400,1827700,16364100,4052000,9604500,2408000,4496100,10862520,8741100,14451300,681064000,14106841,1686500,4988300,4385400,1129500,9134000,1857500,6211600,7812100,14614100,34859400,25139605,6599800,11616000
2016-08-12,44.888336181640625,6.730000019073486,128.40867614746094,100.55814361572266,13.242148399353027,11.994160652160645,43.10797119140625,33.9111213684082,30.56928825378418,66.88536071777344,29.18022346496582,66.52823638916016,133.46617126464844,28.01042938232422,94.26042175292969,50.45209503173828,68.69620513916016,30.75942611694336,44.79973602294922,22.137964248657227,14.561037063598633,1.547234296798706,21.438539505004883,61.767696380615234,47.143882751464844,61.5771484375,32.00175094604492,23.300872802734375,121.83850860595703,29.830202102661133,37.18051528930664,36.58100509643555,23.048782348632812,16.163864135742188,63.53317642211914,57.402442932128906,67.19000244140625,6.730000019073486,173.02000427246094,110.2699966430664,17.246999740600586,14.90999984741211,60.630001068115234,45.58000183105469,41.369998931884766,102.16000366210938,41.66999816894531,91.19999694824219,163.25,34.56999969482422,123.22000122070312,65.31999969482422,80.22000122070312,41.709999084472656,60.4484748840332,29.170000076293945,14.930000305175781,1.5759999752044678,33.1878547668457,85.0,61.709999084472656,81.19999694824219,35.26333236694336,29.239999771118164,142.8800048828125,42.72999954223633,54.33000183105469,47.900001525878906,34.349998474121094,19.38261604309082,74.77999877929688,87.8499984741211,67.38999938964844,6.789999961853027,173.14999389648438,111.12999725341797,17.261999130249023,14.90999984741211,61.29999923706055,45.599998474121094,41.650001525878906,102.33000183105469,42.099998474121094,91.41999816894531,163.3699951171875,34.7599983215332,123.7699966430664,65.3499984741211,80.72000122070312,42.16999816894531,60.54389190673828,29.200000762939453,14.989999771118164,1.5844999551773071,33.311195373535156,85.08999633789062,61.9900016784668,82.08999633789062,35.34000015258789,29.270000457763672,143.13999938964844,42.77000045776367,54.529998779296875,48.08000183105469,34.45500183105469,19.415109634399414,74.86000061035156,87.9800033569336,66.55000305175781,6.550000190734863,170.67999267578125,109.98999786376953,17.13800048828125,14.699999809265137,60.61000061035156,45.220001220703125,41.18000030517578,101.26000213623047,41.369998931884766,90.0,162.07000732421875,34.439998626708984,122.94999694824219,64.86000061035156,79.9000015258789,41.0099983215332,60.04771041870117,28.860000610351562,14.430000305175781,1.5157500505447388,32.96963882446289,84.5999984741211,61.279998779296875,80.93000030517578,35.130001068115234,29.059999465942383,141.5,42.38999938964844,53.77000045776367,47.83000183105469,34.15999984741211,19.301380157470703,74.51000213623047,86.9000015258789,66.86000061035156,6.599999904632568,171.24000549316406,110.94000244140625,17.21299934387207,14.770000457763672,61.22999954223633,45.40999984741211,41.54999923706055,101.73999786376953,41.56999969482422,90.6500015258789,162.6699981689453,34.52000045776367,123.47000122070312,64.97000122070312,80.19000244140625,42.13999938964844,60.24809265136719,29.149999618530273,14.460000038146973,1.5475000143051147,33.28273010253906,84.62999725341797,61.540000915527344,81.80000305175781,35.16666793823242,29.170000076293945,142.16000366210938,42.47999954223633,54.400001525878906,48.04999923706055,34.25,19.30950355529785,74.83000183105469,86.95999908447266,5215400,25466400,1863200,540400,16530000,63031300,9376500,12472900,4948800,5199000,4589800,1912000,1440800,15708300,4234800,7685400,2525000,5268200,6544026,9749000,24909900,1425744000,15840777,1085300,4947700,3902400,575100,3481800,1787900,4349200,4847100,13227500,20379400,28861534,6211900,9986900
2016-08-15,45.02194595336914,6.949999809265137,130.3196563720703,101.0688247680664,13.477861404418945,12.082650184631348,42.68138122558594,34.51375198364258,31.167802810668945,67.28474426269531,29.383304595947266,66.0541000366211,135.34657287597656,28.285921096801758,93.56426239013672,50.76105499267578,68.73043823242188,30.6552734375,44.77851486206055,22.509838104248047,15.146208763122559,1.545762062072754,21.518211364746094,62.22550964355469,47.69393539428711,62.21416091918945,32.437355041503906,23.4204044342041,120.7640151977539,30.004732131958008,37.310546875,36.863555908203125,23.233306884765625,16.272247314453125,63.643646240234375,57.376304626464844,67.38999938964844,6.949999809265137,174.5800018310547,110.83000183105469,17.554000854492188,15.020000457763672,60.029998779296875,46.38999938964844,42.18000030517578,102.7699966430664,41.959999084472656,90.55000305175781,165.5500030517578,34.90999984741211,122.30999755859375,65.72000122070312,80.26000213623047,41.209999084472656,60.41984558105469,29.65999984741211,15.529999732971191,1.5744999647140503,33.311195373535156,85.62999725341797,62.43000030517578,82.04000091552734,35.74333190917969,29.389999389648438,141.6199951171875,42.97999954223633,54.52000045776367,48.27000045776367,34.625,19.512590408325195,74.91000366210938,87.80999755859375,68.12000274658203,6.96999979019165,174.72000122070312,111.58000183105469,17.58099937438965,15.029999732971191,60.86000061035156,46.5,42.2400016784668,103.05999755859375,42.68000030517578,91.97000122070312,165.83999633789062,35.15999984741211,123.2699966430664,65.83000183105469,80.62000274658203,41.77000045776367,60.83015441894531,29.799999237060547,15.699999809265137,1.587499976158142,33.36812210083008,85.77999877929688,62.4900016784668,82.12999725341797,35.83000183105469,29.450000762939453,143.11000061035156,43.040000915527344,54.709999084472656,48.34000015258789,34.69499969482422,19.528837203979492,75.08000183105469,88.5,67.31999969482422,6.78000020980835,171.47999572753906,110.79000091552734,17.25,14.949999809265137,60.0099983215332,45.81999969482422,41.56999969482422,102.41999816894531,41.849998474121094,90.54000091552734,163.8000030517578,34.630001068115234,122.27999877929688,65.45999908447266,80.06999969482422,40.90999984741211,60.314884185791016,29.309999465942383,15.079999923706055,1.5532499551773071,33.14041519165039,85.05999755859375,61.79999923706055,81.08999633789062,35.336666107177734,29.309999465942383,141.49000549316406,42.77000045776367,53.86000061035156,48.029998779296875,34.44499969482422,19.43947982788086,74.77999877929688,87.63999938964844,67.47000122070312,6.789999961853027,171.47999572753906,111.27999877929688,17.336999893188477,14.970000267028809,60.7400016784668,45.81999969482422,41.65999984741211,102.61000061035156,42.150001525878906,91.51000213623047,163.8699951171875,34.70000076293945,123.12000274658203,65.55999755859375,80.33000183105469,41.720001220703125,60.4484748840332,29.3700008392334,15.09000015258789,1.5777499675750732,33.254268646240234,85.08000183105469,61.79999923706055,81.75,35.336666107177734,29.3799991607666,142.9600067138672,42.77000045776367,54.380001068115234,48.04999923706055,34.54499816894531,19.455726623535156,74.77999877929688,88.41999816894531,5215400,28339400,2784300,329400,25807000,48592100,12142900,12252700,5896200,4886300,3928800,2794100,2222200,18931100,6469500,8371600,2780400,4106300,6969305,9411000,29105200,573304000,13021116,1862600,6499000,4016000,683100,3187000,2369600,5279100,4942600,11758900,21406800,26275941,4122500,6432600
2016-08-16,44.58769226074219,6.78000020980835,128.51321411132812,98.44247436523438,13.236775398254395,12.203312873840332,42.24056625366211,34.68486404418945,31.670276641845703,67.18651580810547,29.740447998046875,65.842529296875,135.42832946777344,28.52899742126465,92.04962158203125,50.75333786010742,68.37079620361328,31.339628219604492,44.58050537109375,22.957609176635742,15.107195854187012,1.5364353656768799,21.322092056274414,62.25459289550781,47.41889953613281,62.12314987182617,32.21047592163086,23.173376083374023,120.3035888671875,30.032663345336914,37.29685974121094,36.99339294433594,23.270206451416016,16.231609344482422,63.07438659667969,57.44818878173828,66.73999786376953,6.78000020980835,172.16000366210938,107.94999694824219,17.239999771118164,15.170000076293945,59.40999984741211,46.619998931884766,42.86000061035156,102.62000274658203,42.470001220703125,90.26000213623047,165.64999389648438,35.209999084472656,120.33000183105469,65.70999908447266,79.83999633789062,42.130001068115234,60.152671813964844,30.25,15.489999771118164,1.565000057220459,33.007591247558594,85.66999816894531,62.06999969482422,81.91999816894531,35.49333190917969,29.079999923706055,141.0800018310547,43.02000045776367,54.5,48.439998626708984,34.68000030517578,19.463851928710938,74.23999786376953,87.91999816894531,67.61000061035156,6.940000057220459,174.91000366210938,110.94000244140625,17.499000549316406,15.1899995803833,60.38999938964844,46.790000915527344,43.060001373291016,102.93000030517578,42.77000045776367,90.80000305175781,166.75999450683594,35.209999084472656,122.31999969482422,65.95999908447266,80.4000015258789,42.38999938964844,60.41984558105469,30.3700008392334,15.59000015258789,1.5747499465942383,33.28273010253906,85.95999908447266,62.5,82.37999725341797,35.686668395996094,29.200000762939453,141.6199951171875,43.130001068115234,54.84000015258789,48.599998474121094,34.790000915527344,19.512590408325195,74.80999755859375,88.18000030517578,66.5,6.650000095367432,172.07000732421875,107.01000213623047,17.209999084472656,14.930000305175781,59.29999923706055,46.13999938964844,41.7599983215332,102.33000183105469,41.58000183105469,88.83999633789062,164.72000122070312,34.77000045776367,120.05999755859375,65.23999786376953,79.83999633789062,41.13999938964844,59.961830139160156,29.8700008392334,15.229999542236328,1.5602500438690186,32.98861312866211,85.12000274658203,61.7599983215332,81.44999694824219,35.45333480834961,28.979999542236328,140.3300018310547,42.720001220703125,54.209999084472656,48.060001373291016,34.35499954223633,19.415109634399414,74.23999786376953,87.37000274658203,67.12999725341797,6.940000057220459,174.5399932861328,110.83000183105469,17.481000900268555,14.970000267028809,60.02000045776367,46.25,42.18000030517578,102.7699966430664,42.72999954223633,90.19000244140625,164.99000549316406,34.77000045776367,122.11000061035156,65.36000061035156,80.25,41.15999984741211,60.114505767822266,29.989999771118164,15.579999923706055,1.5722500085830688,33.149906158447266,85.18000030517578,62.08000183105469,81.93000030517578,35.686668395996094,29.15999984741211,141.14999389648438,42.7400016784668,54.470001220703125,48.15999984741211,34.564998626708984,19.4800968170166,74.80000305175781,87.83000183105469,7147600,26768800,2622800,1531000,19069000,80307500,13273700,15202100,10973800,5384300,7562300,2463400,2523800,16320900,11289100,10128900,2158700,4935600,5952745,22161900,21872700,287652000,15944174,1258600,7650600,3584400,1883100,5914400,1688500,4833000,4319900,13957600,20485600,27637427,6042300,6817900
2016-08-17,44.6478271484375,6.679999828338623,130.1180877685547,96.16266632080078,13.285141944885254,12.187223434448242,41.451351165771484,34.69231414794922,31.9215145111084,67.62980651855469,30.328676223754883,65.8133544921875,135.44467163085938,28.37504768371582,92.79931640625,50.89236068725586,68.60197448730469,31.399145126342773,44.757301330566406,23.048683166503906,15.136457443237305,1.500846266746521,21.536596298217773,62.33451461791992,47.579345703125,62.34306716918945,32.204429626464844,23.093687057495117,120.84080505371094,30.172292709350586,37.75535583496094,37.12321472167969,23.340673446655273,16.285797119140625,63.201820373535156,57.57233810424805,66.83000183105469,6.679999828338623,174.30999755859375,105.44999694824219,17.30299949645996,15.149999618530273,58.29999923706055,46.630001068115234,43.20000076293945,102.22000122070312,43.310001373291016,90.22000122070312,165.6699981689453,35.02000045776367,121.30999755859375,65.88999938964844,80.11000061035156,42.209999084472656,60.39122009277344,30.3700008392334,15.520000457763672,1.528749942779541,33.339656829833984,85.77999877929688,62.279998779296875,82.20999908447266,35.48666763305664,28.979999542236328,141.7100067138672,43.220001220703125,55.16999816894531,48.61000061035156,34.78499984741211,19.528837203979492,74.38999938964844,88.11000061035156,67.3499984741211,6.75,174.5,105.79000091552734,17.327999114990234,15.239999771118164,59.52000045776367,46.79999923706055,43.25,102.30000305175781,43.40999984741211,90.66000366210938,166.32000732421875,35.209999084472656,121.33000183105469,65.9800033569336,80.3499984741211,42.439998626708984,60.524810791015625,30.469999313354492,15.760000228881836,1.56850004196167,33.34914779663086,85.95999908447266,62.400001525878906,82.25,35.51333236694336,29.0,141.91000366210938,43.380001068115234,55.290000915527344,48.65999984741211,34.80500030517578,19.536962509155273,74.44999694824219,88.18000030517578,66.3499984741211,6.610000133514404,171.67999267578125,104.7300033569336,17.176000595092773,15.079999923706055,58.06999969482422,46.380001068115234,42.400001525878906,101.0199966430664,42.0099983215332,89.30000305175781,164.74000549316406,34.77000045776367,119.8499984741211,65.54000091552734,79.58000183105469,41.779998779296875,59.73282241821289,30.1200008392334,15.460000038146973,1.5164999961853027,32.96963882446289,85.52999877929688,61.790000915527344,81.22000122070312,35.29666519165039,28.739999771118164,140.66000366210938,43.02000045776367,54.36000061035156,48.310001373291016,34.474998474121094,19.415109634399414,73.93000030517578,87.66000366210938,66.69000244140625,6.699999809265137,172.00999450683594,105.30999755859375,17.225000381469727,15.15999984741211,59.5,46.5099983215332,42.689998626708984,101.5,42.470001220703125,89.80999755859375,165.94000244140625,35.16999816894531,120.5,65.80000305175781,80.16000366210938,42.189998626708984,60.143131256103516,30.270000457763672,15.529999732971191,1.565000057220459,32.96963882446289,85.6500015258789,62.220001220703125,81.5999984741211,35.50666809082031,29.0,141.2899932861328,43.08000183105469,54.43000030517578,48.369998931884766,34.5099983215332,19.463851928710938,74.08000183105469,87.91999816894531,7945400,13791300,2580900,2084100,16613000,93407300,21007400,17899300,8857700,5311600,7074400,3160400,2061700,18221600,10442800,11868100,2519500,4217500,8668532,12327000,22552100,595212000,17961109,1510800,6812400,3905500,1782300,6996800,1849100,6347800,5803400,13062900,29439000,25676567,7296300,7104600
2016-08-18,44.60774230957031,7.039999961853027,130.44651794433594,96.69158172607422,13.354247093200684,12.195269584655762,41.72153091430664,34.595584869384766,32.209693908691406,68.5097427368164,31.344058990478516,66.91488647460938,135.76356506347656,28.33453369140625,92.34796905517578,50.93871307373047,68.31941223144531,31.607446670532227,44.997737884521484,23.185287475585938,15.380279541015625,1.5241632461547852,21.56724739074707,62.10197830200195,48.15993881225586,63.59431076049805,32.437355041503906,23.237125396728516,121.23307037353516,30.172292709350586,37.68008804321289,37.06211471557617,23.820419311523438,16.272247314453125,63.22733688354492,58.09505844116211,66.7699966430664,7.039999961853027,174.75,106.02999877929688,17.39299964904785,15.15999984741211,58.68000030517578,46.5,43.59000015258789,103.55000305175781,44.7599983215332,91.7300033569336,166.05999755859375,34.970001220703125,120.72000122070312,65.94999694824219,79.77999877929688,42.4900016784668,60.71564865112305,30.549999237060547,15.770000457763672,1.5525000095367432,33.3870964050293,85.45999908447266,63.040000915527344,83.86000061035156,35.74333190917969,29.15999984741211,142.1699981689453,43.220001220703125,55.060001373291016,48.529998779296875,35.5,19.512590408325195,74.41999816894531,88.91000366210938,67.43000030517578,7.070000171661377,176.63999938964844,106.5199966430664,17.417999267578125,15.239999771118164,59.47999954223633,46.70000076293945,43.689998626708984,103.5999984741211,45.0099983215332,92.0999984741211,166.55999755859375,35.09000015258789,121.38999938964844,65.98999786376953,80.37999725341797,42.5,60.725189208984375,30.739999771118164,15.800000190734863,1.5549999475479126,33.54838562011719,85.93000030517578,63.040000915527344,83.97000122070312,35.746665954589844,29.200000762939453,142.83999633789062,43.290000915527344,55.189998626708984,48.65999984741211,35.5,19.55320930480957,74.58000183105469,88.94000244140625,66.55000305175781,6.730000019073486,173.57000732421875,105.72000122070312,17.263999938964844,15.0600004196167,58.2599983215332,46.209999084472656,43.13999938964844,102.05999755859375,43.65999984741211,90.29000091552734,164.6300048828125,34.75,119.9000015258789,65.52999877929688,79.48999786376953,41.77000045776367,60.19084167480469,30.200000762939453,15.510000228881836,1.5204999446868896,33.19734191894531,85.23999786376953,62.18000030517578,82.36000061035156,35.46666717529297,28.84000015258789,141.27000427246094,43.040000915527344,54.5099983215332,48.33000183105469,34.869998931884766,19.455726623535156,74.19000244140625,88.12000274658203,66.56999969482422,6.739999771118164,174.42999267578125,106.12000274658203,17.281999588012695,15.109999656677246,58.27000045776367,46.56999969482422,43.34000015258789,102.62999725341797,43.65999984741211,90.81999969482422,165.33999633789062,34.959999084472656,121.16999816894531,65.62000274658203,80.0999984741211,42.279998779296875,60.19084167480469,30.270000457763672,15.550000190734863,1.5264999866485596,33.339656829833984,85.7300033569336,62.349998474121094,82.4800033569336,35.496665954589844,28.90999984741211,141.6699981689453,43.11000061035156,55.11000061035156,48.5,34.904998779296875,19.4963436126709,74.37999725341797,88.37999725341797,8205800,30783300,3422400,679500,21120000,62804300,14693300,14190300,6991500,6944400,6775400,4122200,1750500,16085200,8728000,9313600,3037200,4337000,7259077,13369400,16590700,331684000,17002390,1654000,7935900,5467000,693000,4254200,1572700,4651800,5096400,12189200,48297000,26595016,4180100,10342700
2016-08-19,44.828208923339844,7.619999885559082,129.60302734375,97.32994842529297,13.431025505065918,12.243535041809082,42.155235290527344,34.61791229248047,32.01018142700195,67.69599914550781,31.042940139770508,66.936767578125,135.9025115966797,28.553302764892578,92.34796905517578,50.86919403076172,67.70281982421875,31.250375747680664,44.80680465698242,23.185287475585938,15.848413467407227,1.5280903577804565,21.438539505004883,62.07291793823242,47.94602966308594,63.1772346496582,32.71565628051758,22.8227481842041,121.12216186523438,30.26303482055664,37.51585006713867,37.15376663208008,23.62248992919922,16.26547622680664,63.17634582519531,57.369773864746094,67.0999984741211,7.619999885559082,173.6199951171875,106.7300033569336,17.493000030517578,15.220000267028809,59.290000915527344,46.529998779296875,43.31999969482422,102.31999969482422,44.33000183105469,91.76000213623047,166.22999572753906,35.2400016784668,119.91999816894531,65.86000061035156,79.05999755859375,42.0099983215332,60.45801544189453,30.549999237060547,16.25,1.55649995803833,33.1878547668457,85.41999816894531,62.7599983215332,83.30999755859375,36.04999923706055,28.639999389648438,142.0399932861328,43.349998474121094,54.81999969482422,48.650001525878906,35.20500183105469,19.50446891784668,74.36000061035156,87.80000305175781,67.18000030517578,8.0,174.9600067138672,106.97000122070312,17.506000518798828,15.25,59.349998474121094,46.59000015258789,43.47999954223633,103.12999725341797,44.72999954223633,91.94000244140625,166.89999389648438,35.27000045776367,119.98999786376953,65.91000366210938,79.79000091552734,42.33000183105469,60.53435134887695,30.719999313354492,16.450000762939453,1.5682499408721924,33.320682525634766,85.56999969482422,62.84000015258789,83.66999816894531,36.13666534423828,28.690000534057617,142.25,43.40999984741211,55.189998626708984,48.72999954223633,35.3849983215332,19.520715713500977,74.41000366210938,88.73999786376953,66.51000213623047,7.21999979019165,172.25999450683594,106.2699966430664,17.343000411987305,15.050000190734863,58.529998779296875,46.02000045776367,43.02000045776367,102.12000274658203,43.86000061035156,90.66000366210938,164.5,34.7400016784668,119.31999969482422,65.22000122070312,78.77999877929688,41.810001373291016,59.99045944213867,30.260000228881836,16.030000686645508,1.5449999570846558,33.04553985595703,84.97000122070312,62.0099983215332,82.72000122070312,35.776668548583984,28.510000228881836,141.22000122070312,43.0099983215332,54.349998474121094,48.20000076293945,35.07500076293945,19.38261604309082,74.04000091552734,87.79000091552734,66.56999969482422,7.239999771118164,174.10000610351562,106.80000305175781,17.417999267578125,15.130000114440918,58.7400016784668,46.34000015258789,43.279998779296875,103.06999969482422,44.470001220703125,91.16999816894531,165.36000061035156,34.84000015258789,119.91000366210938,65.72000122070312,79.55000305175781,42.150001525878906,60.286258697509766,30.399999618530273,16.15999984741211,1.5517499446868896,33.263755798339844,85.30999755859375,62.61000061035156,83.51000213623047,35.776668548583984,28.6299991607666,141.64999389648438,43.15999984741211,54.65999984741211,48.439998626708984,35.3849983215332,19.455726623535156,74.2699966430664,88.62999725341797,6709400,75129300,2696400,525400,15349000,59834800,12134900,12207600,6190100,5057200,4460600,2338600,1840900,16417600,7798300,9084900,3745500,3460300,8887040,8831900,35059400,291560000,20624777,1395300,7093000,5185600,1472400,6241800,1950200,3977100,3976600,12557700,22091400,31510153,4323500,8615300
2016-08-22,44.768089294433594,7.579999923706055,130.1479949951172,97.72207641601562,13.507805824279785,12.211356163024902,42.133907318115234,34.714630126953125,31.50032615661621,67.444580078125,30.881885528564453,66.50634765625,135.9270782470703,28.650537490844727,91.73957824707031,50.822845458984375,67.8997802734375,30.573448181152344,44.941162109375,23.22323226928711,15.789898872375488,1.5344716310501099,21.352737426757812,62.15283966064453,47.99953079223633,62.22174072265625,32.73078155517578,22.631488800048828,121.16480255126953,30.276996612548828,37.24895477294922,37.13849639892578,23.350727081298828,16.26547622680664,63.30379104614258,57.49391555786133,67.01000213623047,7.579999923706055,174.35000610351562,107.16000366210938,17.593000411987305,15.180000305175781,59.2599983215332,46.65999984741211,42.630001068115234,101.94000244140625,44.099998474121094,91.16999816894531,166.25999450683594,35.36000061035156,119.12999725341797,65.80000305175781,79.29000091552734,41.099998474121094,60.639312744140625,30.600000381469727,16.190000534057617,1.562999963760376,33.05502700805664,85.52999877929688,62.83000183105469,82.05000305175781,36.06666564941406,28.399999618530273,142.08999633789062,43.369998931884766,54.43000030517578,48.630001068115234,34.79999923706055,19.50446891784668,74.51000213623047,87.98999786376953,67.79000091552734,7.949999809265137,175.17999267578125,107.3499984741211,17.631000518798828,15.25,59.68000030517578,46.75,42.93000030517578,102.4000015258789,44.439998626708984,91.83999633789062,166.91000366210938,35.45000076293945,119.9000015258789,65.87999725341797,79.9000015258789,41.810001373291016,60.725189208984375,30.700000762939453,16.43000030517578,1.565250039100647,33.47248458862305,85.62999725341797,62.869998931884766,82.70999908447266,36.1533317565918,28.479999542236328,143.0,43.400001525878906,54.56999969482422,48.7400016784668,34.96500015258789,19.520715713500977,74.79000091552734,88.0999984741211,66.91999816894531,7.369999885559082,173.22000122070312,106.5999984741211,17.4060001373291,15.119999885559082,59.0099983215332,46.25,42.310001373291016,101.23999786376953,43.400001525878906,90.2699966430664,164.88999938964844,35.119998931884766,118.94999694824219,65.41000366210938,79.0199966430664,40.52000045776367,60.19084167480469,30.389999389648438,15.90999984741211,1.5427500009536743,32.9791259765625,85.08999633789062,62.349998474121094,81.61000061035156,35.913333892822266,28.219999313354492,141.7100067138672,43.16999816894531,53.86000061035156,48.5,34.63999938964844,19.423233032226562,74.30999755859375,86.8499984741211,67.30999755859375,7.829999923706055,173.74000549316406,106.9800033569336,17.5,15.199999809265137,59.650001525878906,46.41999816894531,42.7400016784668,101.75,43.650001525878906,90.83000183105469,166.0,35.20000076293945,119.9000015258789,65.75,79.31999969482422,41.720001220703125,60.35305404663086,30.440000534057617,16.149999618530273,1.5612499713897705,33.0170783996582,85.30999755859375,62.70000076293945,82.6500015258789,35.99333190917969,28.299999237060547,142.11000061035156,43.20000076293945,54.56999969482422,48.63999938964844,34.900001525878906,19.471973419189453,74.38999938964844,87.30999755859375,7884800,41519200,2603700,486300,15393000,60877100,11133600,11007500,6179600,5494900,4682800,2276100,1448100,14941400,6544900,9055600,3157000,5527100,6756666,6613900,22145800,244748000,27448690,1131400,5720900,5091600,770700,6415400,1587900,3386600,5185800,9212600,28273400,32517481,4090200,8235400
2016-08-23,44.2068977355957,7.670000076293945,130.18527221679688,98.93489074707031,13.616063117980957,12.34811019897461,42.56051254272461,34.66255187988281,31.936302185058594,67.27255249023438,31.673185348510742,66.53555297851562,135.7799072265625,28.68294334411621,91.97830200195312,50.799659729003906,68.13957214355469,31.190866470336914,44.962371826171875,23.31430435180664,15.780144691467285,1.546888828277588,21.505958557128906,62.28363037109375,48.198143005371094,61.99421310424805,32.89110565185547,22.711179733276367,121.09660339355469,30.32586097717285,37.78274917602539,36.97047424316406,23.515125274658203,16.285797119140625,63.363243103027344,57.3175048828125,66.16999816894531,7.670000076293945,174.39999389648438,108.48999786376953,17.733999252319336,15.350000381469727,59.86000061035156,46.59000015258789,43.220001220703125,101.68000030517578,45.22999954223633,91.20999908447266,166.0800018310547,35.400001525878906,119.44000244140625,65.7699966430664,79.56999969482422,41.93000030517578,60.667938232421875,30.719999313354492,16.18000030517578,1.5727499723434448,33.29222106933594,85.70999908447266,63.09000015258789,81.75,36.24333190917969,28.5,142.00999450683594,43.439998626708984,55.209999084472656,48.40999984741211,35.04499816894531,19.528837203979492,74.58000183105469,87.72000122070312,67.48999786376953,7.739999771118164,175.99000549316406,109.13999938964844,17.746999740600586,15.40999984741211,60.040000915527344,47.060001373291016,43.33000183105469,102.16999816894531,45.45000076293945,91.8499984741211,167.85000610351562,35.689998626708984,119.95999908447266,66.33999633789062,79.97000122070312,42.2400016784668,60.95419692993164,30.969999313354492,16.540000915527344,1.5829999446868896,33.46299743652344,86.37999725341797,63.689998626708984,82.4000015258789,36.4033317565918,28.690000534057617,142.8699951171875,43.65999984741211,55.349998474121094,48.75,35.1349983215332,19.626319885253906,75.0,88.0199966430664,65.98999786376953,7.53000020980835,173.66000366210938,108.20999908447266,17.61199951171875,15.260000228881836,59.29999923706055,46.59000015258789,42.459999084472656,101.5,43.709999084472656,90.70999908447266,165.97999572753906,35.29999923706055,119.0199966430664,65.76000213623047,79.44000244140625,41.31999969482422,60.46755599975586,30.670000076293945,16.139999389648438,1.5682499408721924,33.12144088745117,85.69999694824219,62.83000183105469,81.54000091552734,36.22666549682617,28.459999084472656,141.75,43.43000030517578,54.2599983215332,48.38999938964844,34.79999923706055,19.528837203979492,74.54000091552734,87.55999755859375,67.26000213623047,7.659999847412109,174.44000244140625,108.66000366210938,17.672000885009766,15.260000228881836,59.5099983215332,46.900001525878906,42.599998474121094,102.02999877929688,43.709999084472656,90.7300033569336,167.0,35.5,119.66999816894531,66.06999969482422,79.68000030517578,41.540000915527344,60.79198455810547,30.799999237060547,16.270000457763672,1.5759999752044678,33.20683288574219,85.9800033569336,63.0,82.16999816894531,36.22666549682617,28.600000381469727,142.72999572753906,43.45000076293945,54.52000045776367,48.63999938964844,34.79999923706055,19.577579498291016,74.7699966430664,87.83999633789062,10227800,27531100,2375700,723200,19741000,67817900,10583000,13345500,6179700,4929700,5730900,2986400,1965500,18316000,5603200,8949600,3406900,4376400,6076723,7907700,23741400,339764000,17873627,1503700,5970600,4473700,825600,5501800,2295500,4160100,4353800,15430200,24912400,29855443,8557900,6514800
2016-08-24,43.46531677246094,7.429999828338623,127.52783203125,97.2843246459961,13.459431648254395,12.388337135314941,41.65753173828125,34.714630126953125,31.744190216064453,67.6165771484375,31.168989181518555,66.18541717529297,135.1422119140625,28.480371475219727,91.41616821289062,50.93871307373047,67.171875,31.220632553100586,44.36127471923828,23.45850372314453,15.126703262329102,1.5230371952056885,21.34048080444336,62.25459289550781,47.83144760131836,61.67570114135742,32.618858337402344,22.623523712158203,119.27174377441406,30.186235427856445,38.11807632446289,37.13849639892578,23.421180725097656,16.279033660888672,62.36921310424805,57.51353073120117,65.05999755859375,7.429999828338623,170.83999633789062,106.68000030517578,17.530000686645508,15.399999618530273,58.59000015258789,46.65999984741211,42.959999084472656,102.19999694824219,44.5099983215332,90.7300033569336,165.3000030517578,35.150001525878906,118.70999908447266,65.94999694824219,78.44000244140625,41.970001220703125,59.856868743896484,30.90999984741211,15.510000228881836,1.5484999418258667,33.03605270385742,85.66999816894531,62.61000061035156,81.33000183105469,35.94333267211914,28.389999389648438,139.8699951171875,43.2400016784668,55.70000076293945,48.630001068115234,34.904998779296875,19.520715713500977,73.41000366210938,88.0199966430664,66.52999877929688,7.670000076293945,174.8699951171875,107.8499984741211,17.768999099731445,15.5,60.0,47.119998931884766,43.369998931884766,102.29000091552734,45.380001068115234,91.4000015258789,166.6999969482422,35.40999984741211,119.61000061035156,66.2300033569336,79.98999786376953,42.369998931884766,60.85877990722656,31.15999984741211,16.239999771118164,1.5789999961853027,33.56736373901367,86.08000183105469,63.2400016784668,81.81999969482422,36.323333740234375,28.600000381469727,142.0800018310547,43.65999984741211,55.939998626708984,48.77000045776367,35.08000183105469,19.585702896118164,74.70999908447266,88.16000366210938,64.83999633789062,7.369999885559082,170.27999877929688,106.45999908447266,17.437000274658203,15.359999656677246,58.400001525878906,46.540000915527344,42.849998474121094,101.27999877929688,44.310001373291016,90.55999755859375,164.85000610351562,35.02000045776367,118.62000274658203,65.7699966430664,78.18000030517578,41.650001525878906,59.64694595336914,30.719999313354492,15.380000114440918,1.5412499904632568,32.9791259765625,85.5,62.470001220703125,81.11000061035156,35.849998474121094,28.34000015258789,139.50999450683594,43.16999816894531,54.970001220703125,48.349998474121094,34.814998626708984,19.471973419189453,73.2300033569336,87.3499984741211,66.30999755859375,7.670000076293945,174.0,107.72000122070312,17.756999969482422,15.369999885559082,59.79999923706055,46.630001068115234,42.959999084472656,101.4000015258789,44.84000015258789,90.7699966430664,165.77999877929688,35.31999969482422,119.4800033569336,65.98999786376953,79.69999694824219,42.11000061035156,60.6870231628418,30.81999969482422,16.200000762939453,1.5782500505447388,33.425048828125,85.79000091552734,62.91999816894531,81.4800033569336,36.293331146240234,28.56999969482422,142.0,43.5,55.31999969482422,48.5,34.849998474121094,19.536962509155273,74.55000305175781,87.5,8551100,22943900,3055000,473600,21802000,65484900,13198700,16054400,5511400,5178300,4770200,2329200,2035300,16343500,6303900,10167200,3423000,4455800,7842079,12453500,26686900,298448000,23755157,1713400,6902400,4462500,917700,5391500,2529800,8589800,5688200,16315800,32905200,24299201,8670400,7985400
2016-08-25,43.238182067871094,7.46999979019165,127.07247924804688,97.09281921386719,13.516250610351562,12.49290943145752,41.77840805053711,34.759273529052734,31.61117172241211,67.41149139404297,31.077951431274414,65.83524322509766,135.63267517089844,28.431760787963867,91.308349609375,51.031394958496094,66.80364990234375,31.16854476928711,44.07134246826172,23.50403594970703,15.799650192260742,1.512956142425537,21.309837341308594,62.399940490722656,47.85436248779297,61.68330001831055,32.751949310302734,22.79087257385254,117.08023834228516,30.29793930053711,37.65270233154297,36.947574615478516,23.357439041137695,16.312898635864258,61.84245300292969,57.147613525390625,64.72000122070312,7.46999979019165,170.22999572753906,106.47000122070312,17.604000091552734,15.529999732971191,58.7599983215332,46.720001220703125,42.779998779296875,101.88999938964844,44.380001068115234,90.25,165.89999389648438,35.09000015258789,118.56999969482422,66.06999969482422,78.01000213623047,41.900001525878906,59.46564865112305,30.969999313354492,16.200000762939453,1.5382499694824219,32.98861312866211,85.87000274658203,62.63999938964844,81.33999633789062,36.09000015258789,28.600000381469727,137.3000030517578,43.400001525878906,55.02000045776367,48.380001068115234,34.810001373291016,19.56133270263672,72.79000091552734,87.45999908447266,65.43000030517578,7.489999771118164,171.4600067138672,106.79000091552734,17.714000701904297,15.539999961853027,59.40999984741211,46.81999969482422,43.029998779296875,102.29000091552734,45.0,90.8499984741211,166.0399932861328,35.220001220703125,119.20999908447266,66.13999938964844,79.16999816894531,42.20000076293945,60.209922790527344,31.059999465942383,16.549999237060547,1.5497499704360962,33.3870964050293,86.08000183105469,62.959999084472656,81.7300033569336,36.25666809082031,28.84000015258789,139.75,43.54999923706055,55.81999969482422,48.689998626708984,34.95500183105469,19.593826293945312,73.51000213623047,88.02999877929688,64.2699966430664,7.199999809265137,168.75999450683594,106.25,17.4689998626709,15.399999618530273,58.36000061035156,46.470001220703125,42.41999816894531,101.52999877929688,43.939998626708984,90.0,164.61000061035156,34.900001525878906,118.33000183105469,65.79000091552734,77.80000305175781,41.470001220703125,59.417938232421875,30.770000457763672,15.880000114440918,1.5190000534057617,32.88425064086914,85.54000091552734,62.58000183105469,81.02999877929688,35.83333206176758,28.520000457763672,137.02999877929688,43.25,54.560001373291016,48.29999923706055,34.69499969482422,19.471973419189453,72.47000122070312,87.23999786376953,65.04000091552734,7.489999771118164,169.9199981689453,106.55999755859375,17.552000045776367,15.420000076293945,58.59000015258789,46.5099983215332,42.900001525878906,102.29000091552734,44.5099983215332,90.69999694824219,165.0800018310547,35.04999923706055,118.86000061035156,65.91000366210938,78.44000244140625,42.060001373291016,59.98091506958008,30.90999984741211,15.899999618530273,1.5490000247955322,32.9791259765625,85.62000274658203,62.66999816894531,81.38999938964844,35.83333206176758,28.6299991607666,139.75,43.279998779296875,55.540000915527344,48.619998931884766,34.849998474121094,19.4963436126709,73.20999908447266,88.0199966430664,6379000,16451300,2623800,271700,18735000,67714400,9116500,16520200,4504900,4490100,4122700,1929900,1441400,12428000,5566000,9978700,2800500,3486300,8329190,7838700,34837800,406032000,19083092,1191000,4916700,3767100,940200,6388200,3891000,5771900,5914400,13643200,23791600,27249662,8766500,6935300
2016-08-26,43.16469192504883,7.670000076293945,128.37135314941406,96.94690704345703,13.602245330810547,12.70206356048584,41.7855224609375,35.049434661865234,31.256488800048828,67.03436279296875,31.112977981567383,65.7841796875,135.68997192382812,28.56949806213379,91.67029571533203,51.147254943847656,67.0006332397461,31.131366729736328,44.44614791870117,23.648237228393555,16.10198974609375,1.525251030921936,21.34048080444336,62.99579620361328,48.106468200683594,61.34962844848633,32.89716339111328,22.8227481842041,116.5003433227539,30.29793930053711,37.83063507080078,37.046844482421875,23.276912689208984,16.333223342895508,62.080345153808594,57.02346420288086,64.61000061035156,7.670000076293945,171.97000122070312,106.30999755859375,17.715999603271484,15.789999961853027,58.77000045776367,47.11000061035156,42.29999923706055,101.31999969482422,44.43000030517578,90.18000030517578,165.97000122070312,35.2599983215332,119.04000091552734,66.22000122070312,78.23999786376953,41.849998474121094,59.97137451171875,31.15999984741211,16.510000228881836,1.5507500171661377,33.03605270385742,86.69000244140625,62.970001220703125,80.9000015258789,36.25,28.639999389648438,136.6199951171875,43.400001525878906,55.279998779296875,48.5099983215332,34.689998626708984,19.585702896118164,73.06999969482422,87.2699966430664,65.0199966430664,7.800000190734863,172.99000549316406,107.9800033569336,17.864999771118164,15.899999618530273,59.400001525878906,47.2400016784668,43.290000915527344,102.4800033569336,45.22999954223633,91.51000213623047,168.07000732421875,35.58000183105469,119.73999786376953,66.87999725341797,78.81999969482422,42.36000061035156,60.10496139526367,31.579999923706055,16.809999465942383,1.559499979019165,33.30170822143555,87.0,63.5099983215332,82.02999877929688,36.52333450317383,28.899999618530273,138.3000030517578,43.630001068115234,55.599998474121094,48.84000015258789,35.13999938964844,19.731924057006836,73.44999694824219,88.11000061035156,64.20999908447266,7.460000038146973,169.77000427246094,105.52999877929688,17.51300048828125,15.579999923706055,58.540000915527344,46.70000076293945,42.13999938964844,100.86000061035156,44.099998474121094,89.91999816894531,165.36000061035156,35.04999923706055,118.55999755859375,65.8499984741211,77.83999633789062,41.40999984741211,59.332061767578125,30.93000030517578,16.290000915527344,1.5299999713897705,32.88425064086914,85.80000305175781,62.650001525878906,80.47000122070312,36.00666809082031,28.43000030517578,135.99000549316406,43.189998626708984,54.66999816894531,48.279998779296875,34.525001525878906,19.463851928710938,72.62999725341797,87.0,64.68000030517578,7.489999771118164,170.8000030517578,106.7699966430664,17.683000564575195,15.609999656677246,58.7599983215332,46.83000183105469,42.900001525878906,102.11000061035156,44.58000183105469,90.7300033569336,166.75999450683594,35.11000061035156,118.83999633789062,66.33000183105469,78.05000305175781,42.02000045776367,59.61832046508789,31.1200008392334,16.34000015258789,1.5422500371932983,33.0170783996582,86.30999755859375,62.88999938964844,81.27999877929688,36.150001525878906,28.600000381469727,137.6699981689453,43.45000076293945,55.060001373291016,48.58000183105469,34.869998931884766,19.618196487426758,72.87000274658203,87.62999725341797,7041600,31387900,2925300,870400,22586000,126886300,7845200,23338500,5654600,4776200,4760500,1641100,2402200,14469900,6482700,14038600,2602300,2898100,8167902,10693400,24243700,300024000,19785688,1922000,7255600,4535400,932100,5267500,3082400,6590700,4064600,15527300,29150200,64953346,9974300,6474400
2016-08-29,43.097877502441406,7.590000152587891,128.0279541015625,97.64909362792969,13.620671272277832,12.742289543151855,41.77840805053711,35.16101837158203,31.293426513671875,67.51732635498047,31.519119262695312,66.4844741821289,136.42576599121094,28.804481506347656,92.34796905517578,51.711097717285156,67.30889892578125,31.458656311035156,44.559295654296875,23.83796501159668,16.49210548400879,1.524267315864563,21.518211364746094,63.88960266113281,48.52250289916992,61.53163146972656,33.0272331237793,22.870559692382812,117.05467224121094,30.6050968170166,38.07016372680664,37.84872817993164,23.434602737426758,16.475482940673828,62.2162971496582,57.39591598510742,64.51000213623047,7.590000152587891,171.50999450683594,107.08000183105469,17.739999771118164,15.84000015258789,58.7599983215332,47.2599983215332,42.349998474121094,102.05000305175781,45.0099983215332,91.13999938964844,166.8699951171875,35.54999923706055,119.91999816894531,66.94999694824219,78.5999984741211,42.290000915527344,60.124046325683594,31.40999984741211,16.90999984741211,1.5497499704360962,33.311195373535156,87.91999816894531,62.97999954223633,81.13999938964844,36.393333435058594,28.700000762939453,137.27000427246094,43.84000015258789,55.630001068115234,49.560001373291016,34.92499923706055,19.756296157836914,73.2300033569336,87.83999633789062,65.08999633789062,7.789999961853027,172.5,107.12000274658203,17.868000030517578,16.010000228881836,59.13999938964844,47.689998626708984,42.470001220703125,102.2300033569336,45.060001373291016,91.33000183105469,167.86000061035156,35.66999816894531,120.12999725341797,67.0999984741211,78.73999786376953,42.650001525878906,60.39122009277344,31.600000381469727,17.25,1.563249945640564,33.36812210083008,88.18000030517578,63.09000015258789,81.5,36.53333282470703,28.770000457763672,138.0399932861328,44.11000061035156,55.939998626708984,49.75,34.95500183105469,19.82940673828125,73.41000366210938,87.91999816894531,64.19000244140625,7.570000171661377,171.1199951171875,106.23999786376953,17.690000534057617,15.779999732971191,58.459999084472656,47.11000061035156,42.02000045776367,101.0,44.220001220703125,89.61000061035156,166.14999389648438,35.150001525878906,119.05999755859375,66.45999908447266,78.05000305175781,41.81999969482422,59.770992279052734,31.149999618530273,16.610000610351562,1.5472500324249268,33.03605270385742,86.54000091552734,62.369998931884766,80.61000061035156,36.349998474121094,28.559999465942383,136.47999572753906,43.5099983215332,55.25,48.689998626708984,34.54999923706055,19.61007308959961,72.91999816894531,87.04000091552734,64.83999633789062,7.71999979019165,172.3699951171875,106.23999786376953,17.729999542236328,15.8100004196167,58.88999938964844,47.189998626708984,42.18000030517578,101.23999786376953,44.38999938964844,89.9800033569336,166.60000610351562,35.47999954223633,119.30000305175781,66.48999786376953,78.33000183105469,41.849998474121094,60.038169860839844,31.209999084472656,16.920000076293945,1.5570000410079956,33.149906158447266,86.77999877929688,62.41999816894531,80.61000061035156,36.4033317565918,28.579999923706055,137.1999969482422,43.5099983215332,55.31999969482422,48.75,34.59000015258789,19.634443283081055,73.0999984741211,87.04000091552734,5099200,16916300,2512200,280400,16726000,120144900,6573300,16700000,4461000,4026900,5571300,2226100,2620900,15264300,5074900,14583100,2203300,2414600,5843438,9167800,34467800,274652000,15941645,3048500,5354700,3359000,810900,3143900,2315900,7241300,3559300,21201400,14788000,40451522,7372100,7027200
2016-08-30,42.864044189453125,7.489999771118164,127.4681167602539,98.05033111572266,13.589957237243652,13.02383804321289,40.69768524169922,35.63717269897461,31.204761505126953,67.28577423095703,31.11997413635254,65.70394134521484,139.0111541748047,28.926027297973633,92.00141143798828,52.135887145996094,66.59813690185547,31.74876594543457,44.347137451171875,24.429929733276367,16.32630729675293,1.5154153108596802,21.377256393432617,64.57994842529297,48.4916877746582,61.15245819091797,32.96371078491211,22.80681037902832,116.71355438232422,30.772653579711914,38.18650817871094,38.658241271972656,23.354084014892578,16.624526977539062,62.00392150878906,57.186824798583984,64.16000366210938,7.489999771118164,170.75999450683594,107.5199966430664,17.700000762939453,16.190000534057617,57.2400016784668,47.900001525878906,42.22999954223633,101.69999694824219,44.439998626708984,90.06999969482422,169.3699951171875,35.70000076293945,119.47000122070312,67.5,77.7699966430664,42.68000030517578,59.83778762817383,32.189998626708984,16.739999771118164,1.5407500267028809,33.092979431152344,88.87000274658203,62.939998626708984,80.63999938964844,36.323333740234375,28.6200008392334,136.8699951171875,44.08000183105469,55.79999923706055,50.619998931884766,34.80500030517578,19.935012817382812,72.9800033569336,87.5199966430664,64.70999908447266,7.639999866485596,171.94000244140625,108.7300033569336,17.941999435424805,16.229999542236328,58.970001220703125,47.93000030517578,42.869998931884766,102.62999725341797,45.619998931884766,91.69000244140625,169.50999450683594,35.7400016784668,120.66999816894531,67.5999984741211,78.5999984741211,42.77000045776367,60.143131256103516,32.189998626708984,17.010000228881836,1.555999994277954,33.37760925292969,88.87000274658203,63.5099983215332,81.9000015258789,36.599998474121094,28.690000534057617,137.69000244140625,44.099998474121094,55.88999938964844,50.63999938964844,35.13999938964844,19.935012817382812,73.31999969482422,88.25,64.11000061035156,7.409999847412109,170.1199951171875,107.33000183105469,17.5939998626709,15.800000190734863,57.15999984741211,47.220001220703125,42.099998474121094,101.37000274658203,44.029998779296875,89.63999938964844,166.22000122070312,35.52000045776367,119.26000213623047,66.94999694824219,77.62999725341797,41.959999084472656,59.64694595336914,31.40999984741211,16.510000228881836,1.5364999771118164,33.06451416015625,87.88999938964844,62.709999084472656,80.48999786376953,36.19333267211914,28.530000686645508,136.24000549316406,43.779998779296875,55.119998931884766,49.68000030517578,34.67499923706055,19.764419555664062,72.80000305175781,87.37000274658203,64.54000091552734,7.610000133514404,171.16000366210938,108.69999694824219,17.81599998474121,15.84000015258789,58.970001220703125,47.2599983215332,42.59000015258789,102.05000305175781,45.0099983215332,91.2699966430664,166.22000122070312,35.59000015258789,120.66999816894531,66.94999694824219,78.5999984741211,42.290000915527344,60.07633590698242,31.40999984741211,17.0,1.5477499961853027,33.311195373535156,87.91999816894531,63.0,81.66999816894531,36.400001525878906,28.59000015258789,137.27000427246094,43.81999969482422,55.630001068115234,49.72999954223633,35.005001068115234,19.788789749145508,73.31999969482422,87.87000274658203,5531800,16088100,1803100,602800,27838000,121280600,16800500,17519800,5425200,3712800,5286700,1618400,2934100,15183200,3820500,13791200,2025700,2865800,6474544,13745600,23620900,285544000,15274779,2364000,5047600,7873600,3181200,5001800,2026600,5560600,4046800,25055800,14265800,39359132,5497900,6441100
2016-08-31,42.82395935058594,7.400000095367432,126.94562530517578,97.165771484375,13.545427322387695,13.04404354095459,40.80434036254883,35.51813888549805,30.33283042907715,66.5447769165039,30.342679977416992,64.55134582519531,139.08499145507812,29.07996368408203,91.90131378173828,52.135887145996094,66.58100891113281,31.622310638427734,44.403709411621094,24.33127212524414,16.082487106323242,1.508284330368042,21.328218460083008,65.47377014160156,48.59185028076172,59.908809661865234,32.942527770996094,22.902429580688477,116.01432037353516,30.82151985168457,37.87854766845703,38.795711517333984,22.98503875732422,16.63807487487793,61.816986083984375,56.93851089477539,64.0999984741211,7.400000095367432,170.05999755859375,106.55000305175781,17.642000198364258,16.139999389648438,57.38999938964844,47.7400016784668,41.04999923706055,100.58000183105469,43.33000183105469,88.48999786376953,169.4600067138672,35.88999938964844,119.33999633789062,67.5,77.75,42.5099983215332,59.91412353515625,32.060001373291016,16.489999771118164,1.5334999561309814,33.0170783996582,90.0999984741211,63.06999969482422,79.0,36.29999923706055,28.739999771118164,136.0500030517578,44.150001525878906,55.349998474121094,50.79999923706055,34.255001068115234,19.95125961303711,72.76000213623047,87.13999938964844,64.44999694824219,7.519999980926514,171.38999938964844,106.94000244140625,17.832000732421875,16.239999771118164,57.5099983215332,48.18000030517578,42.130001068115234,101.33000183105469,44.16999816894531,89.9000015258789,170.24000549316406,35.900001525878906,119.62000274658203,67.7699966430664,78.08999633789062,42.970001220703125,60.229007720947266,32.310001373291016,16.739999771118164,1.5479999780654907,33.149906158447266,90.16000366210938,63.119998931884766,80.33999633789062,36.35333251953125,28.979999542236328,136.82000732421875,44.22999954223633,56.0,50.91999816894531,34.65999984741211,19.967506408691406,72.97000122070312,87.20999908447266,63.5,7.28000020980835,169.82000732421875,105.9000015258789,17.53499984741211,15.880000114440918,56.91999816894531,47.25,40.77000045776367,99.91999816894531,42.7400016784668,88.0199966430664,167.47000122070312,35.58000183105469,119.01000213623047,66.86000061035156,77.52999877929688,41.95000076293945,59.56106948852539,31.719999313354492,16.139999389648438,1.5290000438690186,32.83681106567383,88.72000122070312,62.529998779296875,78.62999725341797,36.0966682434082,28.670000076293945,135.5500030517578,43.75,55.06999969482422,50.2400016784668,34.064998626708984,19.788789749145508,72.4800033569336,86.22000122070312,64.20999908447266,7.519999980926514,170.72999572753906,106.83000183105469,17.709999084472656,16.209999084472656,57.369998931884766,47.959999084472656,42.060001373291016,101.19999694824219,43.939998626708984,89.76000213623047,169.25,35.619998931884766,119.54000091552734,67.45999908447266,77.88999938964844,42.540000915527344,60.19084167480469,32.130001068115234,16.700000762939453,1.5437500476837158,33.074005126953125,89.47000122070312,62.97999954223633,80.1500015258789,36.313331604003906,28.760000228881836,136.5500030517578,44.099998474121094,55.63999938964844,50.70000076293945,34.61000061035156,19.94313621520996,72.87999725341797,87.13999938964844,6750000,18808800,2936400,346400,32753000,127664300,12533900,20826600,8770600,6249100,6948600,2709100,3688200,20562700,5693100,14952300,2182600,3362800,9285804,15561200,21963700,388544000,21919616,4314900,6516600,8306100,1447200,4674700,2837300,6994700,5006200,24533600,26465600,56386078,4756800,12491400
2016-09-01,42.77718734741211,7.349999904632568,126.99785614013672,98.02298736572266,13.596870422363281,12.91473388671875,40.356422424316406,35.23542404174805,30.000316619873047,66.29997253417969,30.601774215698242,64.59517669677734,138.3052978515625,29.18529510498047,91.70108795166016,51.911903381347656,66.13571166992188,31.175979614257812,44.481502532958984,24.217432022094727,16.228778839111328,1.552790641784668,21.254676818847656,65.39383697509766,48.900028228759766,59.87847900390625,33.202693939208984,23.0777530670166,115.74998474121094,30.737743377685547,37.15314865112305,38.51313781738281,22.917932510375977,16.570335388183594,61.655555725097656,56.74250030517578,64.02999877929688,7.349999904632568,170.1300048828125,107.48999786376953,17.708999633789062,15.979999542236328,56.7599983215332,47.36000061035156,40.599998474121094,100.20999908447266,43.70000076293945,88.55000305175781,168.50999450683594,36.02000045776367,119.08000183105469,67.20999908447266,77.2300033569336,41.90999984741211,60.01908493041992,31.90999984741211,16.639999389648438,1.5787500143051147,32.90322494506836,89.98999786376953,63.470001220703125,78.95999908447266,36.586666107177734,28.959999084472656,135.74000549316406,44.029998779296875,54.290000915527344,50.43000030517578,34.154998779296875,19.870023727416992,72.56999969482422,86.83999633789062,64.13999938964844,7.440000057220459,170.55999755859375,107.52999877929688,17.767000198364258,16.149999618530273,57.619998931884766,48.029998779296875,41.099998474121094,100.58000183105469,43.91999816894531,88.63999938964844,170.07000732421875,36.040000915527344,119.38999938964844,67.72000122070312,78.0,42.599998474121094,60.095420837402344,32.369998931884766,16.799999237060547,1.5844999551773071,33.149906158447266,90.63999938964844,63.5,79.12999725341797,36.61333465576172,29.030000686645508,136.97999572753906,44.2599983215332,55.400001525878906,51.0,34.23500061035156,20.016246795654297,72.8499984741211,86.83999633789062,63.61000061035156,7.090000152587891,168.6199951171875,106.2699966430664,17.48200035095215,15.75,56.4900016784668,46.7599983215332,40.130001068115234,99.47000122070312,42.83000183105469,87.44000244140625,166.66000366210938,35.58000183105469,118.5999984741211,66.6500015258789,76.80000305175781,41.38999938964844,59.53244400024414,31.440000534057617,16.299999237060547,1.5334999561309814,32.83681106567383,89.19000244140625,62.5099983215332,78.23999786376953,36.116668701171875,28.6299991607666,135.35000610351562,43.65999984741211,53.869998931884766,50.11000061035156,33.8849983215332,19.71567726135254,72.23999786376953,86.08999633789062,64.0999984741211,7.179999828338623,170.5500030517578,106.31999969482422,17.687999725341797,16.149999618530273,57.599998474121094,47.81999969482422,40.900001525878906,100.3499984741211,43.18000030517578,88.30999755859375,170.0,35.9900016784668,119.19000244140625,67.63999938964844,77.75,42.54999923706055,59.828243255615234,32.13999938964844,16.610000610351562,1.534749984741211,32.95066452026367,90.29000091552734,62.869998931884766,78.44000244140625,36.4033317565918,28.690000534057617,136.82000732421875,44.25,55.369998931884766,50.91999816894531,34.11000061035156,20.0,72.76000213623047,86.72000122070312,5126700,22284600,1876100,455400,39128000,128812600,12873900,19403900,7536600,6045000,6026800,2420700,2843300,18925800,4551800,12226500,3544700,3870600,6858846,11986500,15719500,428492000,16780945,3061200,6906300,6705200,1393800,6066600,2765400,5195500,5281500,17017100,33337000,62960480,9501400,8434700
2016-09-02,42.83732986450195,7.510000228881836,126.72911834716797,98.36041259765625,13.291287422180176,12.930900573730469,40.06489944458008,35.3470344543457,30.236770629882812,66.77633666992188,31.000925064086914,64.85775756835938,138.85516357421875,29.233917236328125,91.88591766357422,52.12815856933594,65.81027221679688,31.480968475341797,44.5380744934082,24.20224952697754,16.287294387817383,1.5375449657440186,21.309837341308594,65.79351043701172,48.80756759643555,59.947139739990234,33.16941452026367,23.22118377685547,116.49185943603516,30.8284854888916,37.5226936340332,38.60478591918945,23.17626953125,16.644845962524414,61.723548889160156,57.121482849121094,64.12000274658203,7.510000228881836,169.77000427246094,107.86000061035156,17.31100082397461,16.0,56.349998474121094,47.5099983215332,40.91999816894531,100.93000030517578,44.27000045776367,88.91000366210938,169.17999267578125,36.08000183105469,119.31999969482422,67.48999786376953,76.8499984741211,42.31999969482422,60.095420837402344,31.889999389648438,16.700000762939453,1.563249945640564,32.98861312866211,90.54000091552734,63.349998474121094,78.55000305175781,36.54999923706055,29.139999389648438,136.61000061035156,44.15999984741211,54.83000183105469,50.54999923706055,34.540000915527344,19.959383010864258,72.6500015258789,87.41999816894531,64.4800033569336,7.639999866485596,171.0500030517578,108.25,17.733999252319336,16.059999465942383,56.93000030517578,47.709999084472656,41.310001373291016,101.45999908447266,45.06999969482422,89.5,169.74000549316406,36.33000183105469,119.80999755859375,67.58000183105469,77.62999725341797,42.529998779296875,60.372135162353516,32.209999084472656,16.969999313354492,1.5837500095367432,33.05502700805664,90.88999938964844,63.70000076293945,79.69999694824219,36.776668548583984,29.209999084472656,136.77999877929688,44.220001220703125,54.93000030517578,50.65999984741211,34.625,20.016246795654297,72.87000274658203,87.58000183105469,63.869998931884766,7.380000114440918,168.91000366210938,107.5,16.8799991607666,15.819999694824219,55.11000061035156,47.0099983215332,40.81999969482422,100.26000213623047,44.040000915527344,88.69000244140625,167.89999389648438,35.95000076293945,118.9000015258789,66.9800033569336,76.44999694824219,41.77000045776367,59.72328186035156,31.670000076293945,16.56999969482422,1.5455000400543213,32.83681106567383,89.52999877929688,63.09000015258789,78.51000213623047,36.383331298828125,29.030000686645508,135.75999450683594,43.93000030517578,54.15999984741211,50.18000030517578,34.32500076293945,19.870023727416992,72.44999694824219,86.93000030517578,64.37000274658203,7.489999771118164,170.5500030517578,108.05000305175781,17.700000762939453,15.9399995803833,56.93000030517578,47.5,41.150001525878906,100.88999938964844,44.18000030517578,89.2699966430664,168.52000427246094,36.209999084472656,119.36000061035156,67.4000015258789,77.5199966430664,42.369998931884766,59.72328186035156,31.959999084472656,16.959999084472656,1.5820000171661377,32.99810028076172,90.08999633789062,63.529998779296875,79.25,36.75,29.100000381469727,136.5,44.20000076293945,54.779998779296875,50.45000076293945,34.4900016784668,19.89439582824707,72.72000122070312,87.41999816894531,4100800,18538400,2083800,259200,80668000,100997300,34001000,16293000,5606700,4676600,5105900,1938400,1747500,16726700,5806400,13720700,3943400,3164800,7978634,12288200,16099500,323148000,15215333,2020100,6325900,4912100,1664400,6050200,2390500,4264200,4872900,12684000,21588800,66918391,8052300,7099600
2016-09-06,43.16469192504883,7.340000152587891,127.52783203125,98.42424011230469,13.13696002960205,12.753095626831055,40.49861526489258,35.1833381652832,30.29588508605957,67.76875305175781,30.958908081054688,69.1762466430664,138.97830200195312,29.63093376159668,92.21703338623047,52.08955764770508,67.23181915283203,31.964508056640625,44.72194290161133,24.096006393432617,16.589628219604492,1.5520527362823486,21.309837341308594,65.02323150634766,48.607269287109375,60.122684478759766,33.09379196166992,23.50009536743164,115.94609069824219,30.619054794311523,37.82379913330078,38.17710494995117,23.525190353393555,16.61775779724121,61.94441604614258,57.8729133605957,64.61000061035156,7.340000152587891,170.83999633789062,107.93000030517578,17.110000610351562,15.779999732971191,56.959999084472656,47.290000915527344,41.0,102.43000030517578,44.209999084472656,94.83000183105469,169.3300018310547,36.56999969482422,119.75,67.44000244140625,78.51000213623047,42.970001220703125,60.343509674072266,31.75,17.010000228881836,1.5779999494552612,32.98861312866211,89.4800033569336,63.09000015258789,78.77999877929688,36.46666717529297,29.489999771118164,135.97000122070312,43.86000061035156,55.27000045776367,49.9900016784668,35.060001373291016,19.926889419555664,72.91000366210938,88.56999969482422,64.9000015258789,7.599999904632568,171.77000427246094,108.04000091552734,17.399999618530273,16.059999465942383,57.130001068115234,47.650001525878906,41.22999954223633,102.61000061035156,44.630001068115234,95.19999694824219,169.7899932861328,36.599998474121094,119.97000122070312,67.55000305175781,78.69999694824219,43.13999938964844,60.5629768371582,32.220001220703125,17.079999923706055,1.5779999494552612,33.19734191894531,90.51000213623047,63.38999938964844,78.94999694824219,36.663333892822266,29.719999313354492,136.85000610351562,44.18000030517578,55.619998931884766,50.56999969482422,35.09000015258789,19.983753204345703,73.06999969482422,88.63999938964844,64.05000305175781,7.25,169.38999938964844,107.4800033569336,16.964000701904297,15.699999809265137,56.119998931884766,46.650001525878906,40.61000061035156,100.97000122070312,43.59000015258789,90.05999755859375,167.47000122070312,36.16999816894531,119.36000061035156,66.70999908447266,77.12000274658203,42.25,59.89503860473633,31.549999237060547,16.75,1.5607500076293945,32.96963882446289,88.8499984741211,62.880001068115234,78.25,36.279998779296875,29.299999237060547,135.6300048828125,43.61000061035156,54.7599983215332,49.630001068115234,34.599998474121094,19.77254295349121,72.66000366210938,87.66000366210938,64.69999694824219,7.559999942779541,169.85000610351562,107.77999877929688,17.36199951171875,16.049999237060547,56.689998626708984,47.5099983215332,41.040000915527344,101.20999908447266,44.099998474121094,90.25,168.72000122070312,36.380001068115234,119.77999877929688,67.5,77.12000274658203,42.560001373291016,60.10496139526367,31.959999084472656,16.799999237060547,1.568750023841858,33.092979431152344,90.36000061035156,63.119998931884766,78.66000366210938,36.61333465576172,29.510000228881836,136.6199951171875,44.119998931884766,55.130001068115234,50.560001373291016,34.630001068115234,19.95125961303711,72.7699966430664,87.83999633789062,6286300,24994600,1919700,346300,36132000,96542200,11710600,17649500,6654500,5429000,5178800,7421600,2034900,22337800,5280700,16649400,5528600,4003300,8310954,14191400,22998600,306812000,17882059,2143400,5603000,5560900,1085400,6433000,2242400,6601800,3554000,21832200,25688200,60299920,8735800,9851200
2016-09-07,43.40520477294922,6.840000152587891,127.37110900878906,96.96513366699219,12.968047142028809,12.688440322875977,40.2213134765625,35.324703216552734,30.650569915771484,68.06645965576172,30.9519100189209,68.80419921875,139.25738525390625,29.541807174682617,92.10921478271484,51.873294830322266,67.30032348632812,32.05376434326172,44.46027755737305,24.050466537475586,16.735931396484375,1.5291848182678223,21.352737426757812,65.706298828125,48.098758697509766,59.992942810058594,32.84271240234375,23.763071060180664,115.64197540283203,30.47944450378418,38.38496780395508,38.009098052978516,23.65938949584961,16.610973358154297,61.94441604614258,57.65730285644531,64.97000122070312,6.840000152587891,170.6300048828125,106.33000183105469,16.889999389648438,15.699999809265137,56.56999969482422,47.47999954223633,41.47999954223633,102.87999725341797,44.20000076293945,94.31999969482422,169.6699981689453,36.459999084472656,119.61000061035156,67.16000366210938,78.58999633789062,43.09000015258789,59.99045944213867,31.690000534057617,17.15999984741211,1.5547499656677246,33.05502700805664,90.41999816894531,62.43000030517578,78.61000061035156,36.189998626708984,29.81999969482422,134.99000549316406,43.65999984741211,56.09000015258789,49.77000045776367,35.2599983215332,19.918764114379883,72.91000366210938,88.23999786376953,65.13999938964844,7.070000171661377,171.44000244140625,108.30000305175781,17.200000762939453,15.850000381469727,57.45000076293945,47.63999938964844,41.5,103.05000305175781,44.900001525878906,95.16000366210938,170.2100067138672,36.650001525878906,119.94999694824219,67.58999633789062,78.88999938964844,43.439998626708984,60.582061767578125,31.940000534057617,17.350000381469727,1.5807499885559082,33.10246658325195,90.43000030517578,63.25,79.05000305175781,36.526668548583984,30.549999237060547,135.9600067138672,43.880001068115234,56.189998626708984,50.029998779296875,35.334999084472656,19.94313621520996,73.16999816894531,88.66999816894531,64.29000091552734,6.78000020980835,169.1999969482422,106.05999755859375,16.770999908447266,15.649999618530273,56.41999816894531,46.86000061035156,41.02000045776367,102.23999786376953,43.77000045776367,94.04000091552734,168.64999389648438,36.380001068115234,119.44000244140625,66.95999908447266,78.26000213623047,42.77000045776367,59.73282241821289,31.579999923706055,17.020000457763672,1.5457500219345093,32.90322494506836,89.06999969482422,62.31999969482422,78.4800033569336,36.12333297729492,29.780000686645508,134.1999969482422,43.56999969482422,55.040000915527344,49.650001525878906,35.064998626708984,19.813159942626953,72.69999694824219,87.97000122070312,64.37000274658203,7.050000190734863,169.77999877929688,108.01000213623047,17.142000198364258,15.720000267028809,57.02000045776367,47.0,41.220001220703125,102.75,44.54999923706055,94.77999877929688,168.6999969482422,36.650001525878906,119.83999633789062,67.16000366210938,78.48999786376953,42.9900016784668,60.41030502319336,31.68000030517578,17.209999084472656,1.5729999542236328,32.94117736816406,89.56999969482422,63.189998626708984,78.83000183105469,36.52000045776367,30.350000381469727,135.0,43.7400016784668,55.16999816894531,49.790000915527344,35.220001220703125,19.853776931762695,72.8499984741211,88.6500015258789,5714300,57721900,2013000,992100,31437000,63310300,11719300,13610600,6368800,5284300,4112800,4271500,1584300,18495600,4753800,10070400,2971400,4288200,9084169,10845000,23023500,397988000,15615537,2179000,6281600,3970700,3814200,14429800,2816300,7524200,4613600,12437300,30189000,38671003,7561600,7470400
2016-09-08,42.7972412109375,6.230000019073486,127.62484741210938,94.91329956054688,12.928117752075195,12.817750930786133,40.39195251464844,35.555335998535156,31.980632781982422,68.88687896728516,31.708200454711914,69.61394500732422,140.890625,29.525596618652344,92.00141143798828,51.94281768798828,68.4135971069336,32.321556091308594,44.72194290161133,24.31609535217285,17.01875877380371,1.5402497053146362,21.279191970825195,65.92430114746094,48.2990837097168,60.58058547973633,32.785240173339844,23.739164352416992,116.02745056152344,30.6050968170166,38.426029205322266,38.10837936401367,24.102243423461914,16.597423553466797,61.99537658691406,58.18653869628906,64.05999755859375,6.230000019073486,170.97000122070312,104.08000183105469,16.83799934387207,15.859999656677246,56.810001373291016,47.790000915527344,43.279998779296875,104.12000274658203,45.279998779296875,95.43000030517578,171.66000366210938,36.439998626708984,119.47000122070312,67.25,79.88999938964844,43.45000076293945,60.343509674072266,32.040000915527344,17.450000762939453,1.565999984741211,32.94117736816406,90.72000122070312,62.689998626708984,79.37999725341797,36.12666702270508,29.790000915527344,135.44000244140625,43.84000015258789,56.150001525878906,49.900001525878906,35.91999816894531,19.902517318725586,72.97000122070312,89.05000305175781,64.1500015258789,6.650000095367432,171.36000061035156,104.73999786376953,16.882999420166016,15.9399995803833,57.25,48.06999969482422,43.34000015258789,104.3499984741211,45.52000045776367,95.93000030517578,171.8800048828125,36.59000015258789,119.81999969482422,67.68000030517578,80.16999816894531,43.86000061035156,60.39122009277344,32.209999084472656,17.860000610351562,1.56850004196167,33.02656555175781,91.12999725341797,62.810001373291016,79.76000213623047,36.223331451416016,29.920000076293945,135.6199951171875,43.939998626708984,56.630001068115234,49.9900016784668,35.970001220703125,19.975629806518555,73.02999877929688,89.37000274658203,63.439998626708984,6.150000095367432,169.72999572753906,103.63999938964844,16.6560001373291,15.680000305175781,56.279998779296875,47.31999969482422,41.66999816894531,102.47000122070312,44.209999084472656,94.16000366210938,168.7100067138672,36.119998931884766,119.13999938964844,67.0,79.41000366210938,42.72999954223633,59.475189208984375,31.610000610351562,16.8799991607666,1.5355000495910645,32.84629821777344,90.23999786376953,62.0099983215332,78.2300033569336,35.913333892822266,29.639999389648438,134.41000366210938,43.58000183105469,55.52000045776367,49.560001373291016,35.314998626708984,19.861900329589844,72.61000061035156,88.04000091552734,63.959999084472656,6.639999866485596,170.07000732421875,104.13999938964844,16.839000701904297,15.770000457763672,56.630001068115234,47.459999084472656,41.91999816894531,103.33999633789062,44.79999923706055,95.18000030517578,169.35000610351562,36.349998474121094,119.37000274658203,67.22000122070312,80.02999877929688,43.290000915527344,59.58969497680664,31.700000762939453,17.18000030517578,1.5532499551773071,32.93169021606445,90.52999877929688,62.029998779296875,78.98999786376953,36.073333740234375,29.899999618530273,134.47000122070312,43.630001068115234,56.0,49.810001373291016,35.48500061035156,19.918764114379883,72.68000030517578,88.55000305175781,8238800,90814700,2611200,919700,18680000,69292700,11571500,15856400,10714900,5788800,6448900,3697300,3031600,20356500,4833000,12253000,4405400,4807200,9627242,12696100,39212100,315808000,19216212,2186000,7698100,4845300,1353300,6361600,2826700,6421700,4467100,14169200,36010600,72066064,4822200,9579500
2016-09-09,42.3295783996582,5.900000095367432,124.325439453125,92.75206756591797,12.344596862792969,12.720767974853516,39.57430648803711,35.09406280517578,31.21954917907715,67.00127410888672,30.36368179321289,67.58600616455078,138.3545379638672,28.715354919433594,91.04651641845703,51.4793701171875,67.0006332397461,31.421463012695312,44.19155502319336,23.97457504272461,16.394575119018555,1.4635326862335205,20.899208068847656,65.34297180175781,46.627220153808594,59.191612243652344,31.6205997467041,22.782901763916016,114.46834564208984,30.304920196533203,37.58427429199219,37.20721435546875,23.384281158447266,16.285797119140625,60.75497055053711,56.74250030517578,63.36000061035156,5.900000095367432,166.5500030517578,101.70999908447266,16.077999114990234,15.739999771118164,55.65999984741211,47.16999816894531,42.25,101.2699966430664,43.36000061035156,92.6500015258789,168.57000732421875,35.439998626708984,118.2300033569336,66.6500015258789,78.23999786376953,42.2400016784668,59.627864837646484,31.59000015258789,16.809999465942383,1.4880000352859497,32.35293960571289,89.91999816894531,60.52000045776367,77.55999755859375,34.84333419799805,28.59000015258789,133.6199951171875,43.40999984741211,54.91999816894531,48.720001220703125,34.849998474121094,19.528837203979492,71.51000213623047,86.83999633789062,64.0,6.239999771118164,169.75999450683594,103.4800033569336,16.704999923706055,16.149999618530273,57.0099983215332,48.16999816894531,43.43000030517578,103.41000366210938,44.869998931884766,94.87000274658203,172.4199981689453,36.38999938964844,119.16000366210938,67.43000030517578,79.62000274658203,43.25,59.83778762817383,32.27000045776367,17.739999771118164,1.5575000047683716,32.81783676147461,91.3499984741211,62.290000915527344,79.22000122070312,35.84333419799805,29.329999923706055,135.14999389648438,43.959999084472656,56.02000045776367,49.86000061035156,35.69499969482422,19.861900329589844,72.55999755859375,88.66000366210938,63.060001373291016,5.849999904632568,166.52999877929688,101.69999694824219,16.066999435424805,15.739999771118164,55.65999984741211,47.16999816894531,42.220001220703125,101.2300033569336,43.209999084472656,92.62000274658203,168.50999450683594,35.439998626708984,118.18000030517578,66.63999938964844,78.19999694824219,42.22999954223633,59.46564865112305,31.59000015258789,16.690000534057617,1.475000023841858,32.34345245361328,89.91999816894531,60.5,77.55999755859375,34.73666763305664,28.549999237060547,133.6199951171875,43.40999984741211,54.86000061035156,48.720001220703125,34.849998474121094,19.528837203979492,71.48999786376953,86.80000305175781,63.220001220703125,6.230000019073486,169.69000244140625,103.16000366210938,16.632999420166016,15.90999984741211,56.599998474121094,47.900001525878906,42.83000183105469,103.3499984741211,44.65999984741211,94.36000061035156,170.8300018310547,36.099998474121094,119.02999877929688,67.02999877929688,79.62000274658203,42.939998626708984,59.818702697753906,31.979999542236328,17.329999923706055,1.5487500429153442,32.779884338378906,90.54000091552734,62.0099983215332,78.76000213623047,35.84333419799805,29.299999237060547,134.7100067138672,43.84000015258789,55.95000076293945,49.4900016784668,35.584999084472656,19.788789749145508,72.55999755859375,88.66000366210938,8848500,170828000,3131400,818200,45022000,135182500,12349600,20468100,12586100,7808700,6411600,3013300,3411800,29457900,7957300,19686900,4152500,4367200,13191700,16493900,31389600,697760000,23595055,2913800,10625600,7626600,2546400,8325600,3322300,6671200,5773700,32147200,43543600,66476831,14135500,12820200
2016-09-12,42.81060791015625,5.940000057220459,128.42359924316406,94.05609893798828,12.628682136535645,12.850080490112305,40.04356002807617,35.555335998535156,31.52988052368164,67.649658203125,30.24462890625,67.82672119140625,140.3982391357422,29.233917236328125,91.7626953125,51.796051025390625,67.719970703125,32.23973846435547,44.686588287353516,24.46787452697754,16.726171493530273,1.4937770366668701,21.236289978027344,66.05511474609375,47.9600830078125,60.13792419433594,32.21047592163086,23.101655960083008,116.10456848144531,30.577177047729492,38.241241455078125,37.069759368896484,23.615768432617188,16.46870994567871,61.655555725097656,57.036537170410156,64.08000183105469,5.940000057220459,172.0399932861328,103.13999938964844,16.447999954223633,15.899999618530273,56.31999969482422,47.790000915527344,42.66999816894531,102.25,43.189998626708984,92.9800033569336,171.05999755859375,36.08000183105469,119.16000366210938,67.05999755859375,79.08000183105469,43.34000015258789,60.29580307006836,32.2400016784668,17.149999618530273,1.5187499523162842,32.87476348876953,90.9000015258789,62.25,78.80000305175781,35.49333190917969,28.989999771118164,135.52999877929688,43.79999923706055,55.880001068115234,48.540000915527344,35.19499969482422,19.748172760009766,72.56999969482422,87.29000091552734,64.2300033569336,6.070000171661377,172.5800018310547,103.2699966430664,16.475000381469727,15.9399995803833,56.439998626708984,47.869998931884766,43.130001068115234,102.55000305175781,43.66999816894531,93.52999877929688,171.6699981689453,36.119998931884766,119.44999694824219,67.30000305175781,79.29000091552734,43.66999816894531,60.582061767578125,32.31999969482422,17.200000762939453,1.5217499732971191,32.95066452026367,91.13999938964844,62.27000045776367,79.2699966430664,35.53333282470703,29.040000915527344,135.72000122070312,43.90999984741211,56.20000076293945,48.63999938964844,35.375,19.8212833404541,72.76000213623047,87.70999908447266,62.65999984741211,5.769999980926514,165.92999267578125,100.93000030517578,15.875,15.479999542236328,55.02000045776367,46.33000183105469,41.560001373291016,100.56999969482422,42.02000045776367,91.3499984741211,166.22999572753906,35.060001373291016,117.37999725341797,65.76000213623047,77.80999755859375,41.25,59.07442855834961,31.139999389648438,16.3700008392334,1.4329999685287476,32.20113754272461,88.86000061035156,59.93000030517578,77.0999984741211,34.44333267211914,28.200000762939453,132.38999938964844,42.83000183105469,54.25,47.97999954223633,34.540000915527344,19.350122451782227,71.08999633789062,86.62999725341797,62.97999954223633,5.829999923706055,166.0800018310547,101.02999877929688,15.913000106811523,15.649999618530273,55.29999923706055,46.63999938964844,41.970001220703125,101.19999694824219,42.689998626708984,92.05000305175781,167.00999450683594,35.189998626708984,117.76000213623047,66.13999938964844,77.98999786376953,41.72999954223633,59.16030502319336,31.31999969482422,16.610000610351562,1.468250036239624,32.25806427001953,89.2699966430664,60.22999954223633,77.80999755859375,34.560001373291016,28.549999237060547,132.7100067138672,43.189998626708984,54.709999084472656,48.369998931884766,34.60499954223633,19.43947982788086,71.11000061035156,86.77999877929688,6653000,78014400,4451500,502100,35673000,109724000,9958900,22074800,10222600,8149100,5414700,2498800,2647900,22796600,7239800,16453000,3288900,6157400,11139716,13888100,28239200,598260000,20472685,2601900,10158600,6343100,2162700,5844500,3457400,9276000,5791400,35588400,43945800,87153077,13023400,10889000
2016-09-13,42.316219329833984,5.739999771118164,126.37828063964844,92.7794189453125,12.687031745910645,12.704607009887695,39.531646728515625,34.90806198120117,30.303274154663086,65.78392028808594,28.849163055419922,65.94466400146484,137.06597900390625,28.85309410095215,90.569091796875,51.38668441772461,67.20613098144531,31.614883422851562,44.03120803833008,23.875911712646484,16.3360595703125,1.47213876247406,20.862438201904297,65.34297180175781,47.22045135498047,58.82529067993164,31.926122665405273,22.703216552734375,114.75104522705078,30.17925453186035,37.87854766845703,35.863121032714844,22.941417694091797,16.177410125732422,60.83143615722656,55.67744445800781,63.34000015258789,5.739999771118164,169.3000030517578,101.73999786376953,16.52400016784668,15.720000267028809,55.599998474121094,46.91999816894531,41.0099983215332,99.43000030517578,41.13999938964844,90.4000015258789,167.0,35.61000061035156,117.61000061035156,66.52999877929688,78.4800033569336,42.5,58.979007720947266,31.459999084472656,16.75,1.496749997138977,32.296016693115234,89.91999816894531,61.290000915527344,77.08000183105469,35.18000030517578,28.489999771118164,133.9499969482422,43.22999954223633,55.349998474121094,46.959999084472656,34.189998626708984,19.398862838745117,71.5999984741211,85.20999908447266,64.1500015258789,5.949999809265137,171.5,102.9800033569336,16.736000061035156,15.859999656677246,56.130001068115234,47.290000915527344,42.02000045776367,101.6500015258789,42.40999984741211,92.12999725341797,169.97000122070312,35.880001068115234,118.83000183105469,66.86000061035156,78.87000274658203,43.11000061035156,59.904579162597656,32.0,17.149999618530273,1.5325000286102295,32.67552185058594,90.23999786376953,62.20000076293945,78.0999984741211,35.616668701171875,28.780000686645508,135.14999389648438,43.459999084472656,55.790000915527344,47.86000061035156,34.82500076293945,19.569456100463867,72.12000274658203,86.47000122070312,63.0099983215332,5.659999847412109,167.80999755859375,101.47000122070312,16.43000030517578,15.550000190734863,55.09000015258789,46.61000061035156,40.66999816894531,99.16999816894531,40.900001525878906,89.52999877929688,166.3800048828125,35.31999969482422,117.48999786376953,65.81999969482422,77.98999786376953,42.04999923706055,58.55915832519531,31.270000457763672,16.459999084472656,1.4882500171661377,32.11574935913086,88.80999755859375,60.939998626708984,76.87999725341797,35.003334045410156,28.309999465942383,133.3699951171875,42.959999084472656,55.04999923706055,46.52000045776367,34.09000015258789,19.32575035095215,71.22000122070312,85.08000183105469,63.65999984741211,5.920000076293945,171.24000549316406,102.5,16.447999954223633,15.670000076293945,56.08000183105469,46.900001525878906,41.91999816894531,101.6500015258789,42.38999938964844,91.61000061035156,168.5399932861328,35.75,118.41999816894531,66.11000061035156,78.87000274658203,42.58000183105469,59.51335906982422,31.690000534057617,16.920000076293945,1.5149999856948853,32.67552185058594,89.86000061035156,61.81999969482422,77.9800033569336,35.31666564941406,28.709999084472656,134.24000549316406,43.310001373291016,55.529998779296875,47.79999923706055,34.810001373291016,19.520715713500977,72.12000274658203,86.45999908447266,7640400,50819500,3162600,516200,36003000,89317600,9473400,19885000,11732300,9300400,7034900,3985900,2788200,23591300,7957900,18876100,3149000,4355700,10714123,13954100,24345800,471768000,21878510,2719600,8397100,7482000,1202100,6857800,3331500,7898600,4689500,59000500,49160800,83230864,12194200,13214300
2016-09-14,42.316219329833984,6.039999961853027,127.00537109375,92.998291015625,13.02255630493164,12.63187313079834,39.268585205078125,34.78158187866211,29.549564361572266,65.11570739746094,28.175966262817383,64.52218627929688,136.37652587890625,28.86119842529297,90.7615966796875,51.286277770996094,67.04344177246094,31.146230697631836,43.703514099121094,23.95180892944336,16.511613845825195,1.485170841217041,20.801143646240234,64.88514709472656,47.45159149169922,58.28345489501953,32.20745849609375,22.80681037902832,114.52831268310547,29.962833404541016,37.34475326538086,35.5270881652832,22.669668197631836,16.136768341064453,60.83143615722656,55.27885818481445,63.34000015258789,6.039999961853027,170.13999938964844,101.9800033569336,16.961000442504883,15.630000114440918,55.22999954223633,46.75,39.9900016784668,98.41999816894531,40.18000030517578,88.44999694824219,166.16000366210938,35.619998931884766,117.86000061035156,66.4000015258789,78.29000091552734,41.869998931884766,58.540077209472656,31.559999465942383,16.93000030517578,1.5099999904632568,32.20113754272461,89.29000091552734,61.59000015258789,76.37000274658203,35.4900016784668,28.6200008392334,133.69000244140625,42.91999816894531,54.56999969482422,46.52000045776367,33.78499984741211,19.350122451782227,71.5999984741211,84.5999984741211,63.959999084472656,6.079999923706055,171.77000427246094,102.29000091552734,16.993000030517578,15.84000015258789,56.09000015258789,47.439998626708984,41.45000076293945,99.94999694824219,41.79999923706055,90.81999969482422,167.86000061035156,35.81999969482422,118.33000183105469,67.25,79.23999786376953,43.029998779296875,59.48473358154297,31.809999465942383,17.079999923706055,1.5149999856948853,32.59013366699219,90.44999694824219,61.95000076293945,77.9000015258789,35.57666778564453,28.760000228881836,134.69000244140625,43.439998626708984,55.95000076293945,47.58000183105469,34.560001373291016,19.528837203979492,72.06999969482422,85.83000183105469,63.060001373291016,5.75,169.5,100.83000183105469,16.5049991607666,15.5600004196167,55.11000061035156,46.68000030517578,39.880001068115234,98.16999816894531,39.90999984741211,88.16999816894531,165.58999633789062,35.400001525878906,117.45999908447266,66.20999908447266,78.0199966430664,41.5099983215332,58.492366790771484,31.309999465942383,16.649999618530273,1.4877500534057617,32.12523651123047,89.16999816894531,61.040000915527344,76.16999816894531,35.043331146240234,28.360000610351562,132.97999572753906,42.869998931884766,54.5,46.5,33.70000076293945,19.293258666992188,71.30999755859375,84.2699966430664,63.40999984741211,5.75,169.64999389648438,100.9800033569336,16.523000717163086,15.670000076293945,55.849998474121094,46.88999938964844,40.86000061035156,99.12000274658203,40.970001220703125,89.87999725341797,167.0,35.5099983215332,117.8499984741211,66.2699966430664,78.66999816894531,42.459999084472656,59.08396911621094,31.489999771118164,16.8799991607666,1.500249981880188,32.371917724609375,89.80000305175781,61.290000915527344,76.9000015258789,35.09000015258789,28.520000457763672,133.8699951171875,43.15999984741211,55.470001220703125,47.08000183105469,34.150001525878906,19.398862838745117,71.56999969482422,85.04000091552734,5890000,64251100,2799000,1069200,40324000,75528100,9007200,19778400,10031800,8201400,6536100,3673700,1995900,14074500,6124900,12648600,2660900,5301700,10922046,11687600,18591300,319048000,19924921,3413700,5982400,5190400,1094100,5088700,4592400,6161400,5416800,44841700,52940400,82876829,13108500,13957000
2016-09-15,42.322898864746094,6.019999980926514,128.87152099609375,94.51205444335938,13.301340103149414,12.664200782775879,39.79472351074219,35.02710723876953,29.579132080078125,65.83021545410156,28.680866241455078,66.34587860107422,137.952392578125,29.622846603393555,91.35455322265625,51.471656799316406,67.49730682373047,32.53729248046875,44.437252044677734,24.247785568237305,17.01875877380371,1.541479229927063,20.92371940612793,65.63361358642578,48.18351364135742,58.61161422729492,32.95161819458008,23.25306510925293,116.17311096191406,30.039630889892578,38.45340347290039,35.244529724121094,22.95148277282715,16.231609344482422,61.460147857666016,55.59248733520508,63.349998474121094,6.019999980926514,172.63999938964844,103.63999938964844,17.27199935913086,15.670000076293945,55.970001220703125,47.08000183105469,40.029998779296875,99.5,40.900001525878906,90.94999694824219,168.0800018310547,36.560001373291016,118.62999725341797,66.63999938964844,78.81999969482422,43.7400016784668,59.52289962768555,31.950000762939453,17.450000762939453,1.5672500133514404,32.390892028808594,90.31999969482422,62.540000915527344,76.80000305175781,36.310001373291016,29.18000030517578,135.61000061035156,43.029998779296875,56.189998626708984,46.150001525878906,34.20500183105469,19.463851928710938,72.33999633789062,85.08000183105469,63.81999969482422,6.199999809265137,173.38999938964844,103.8499984741211,17.299999237060547,15.75,56.34000015258789,47.31999969482422,40.4900016784668,100.38999938964844,41.25,92.38999938964844,168.75999450683594,36.650001525878906,118.94000244140625,66.93000030517578,79.05999755859375,44.13999938964844,59.742366790771484,32.13999938964844,17.459999084472656,1.569000005722046,32.5711555480957,90.63999938964844,62.66999816894531,77.1500015258789,36.37666702270508,29.270000457763672,136.08999633789062,43.11000061035156,56.849998474121094,46.349998474121094,34.45500183105469,19.520715713500977,72.54000091552734,85.6500015258789,62.91999816894531,5.949999809265137,169.47000122070312,102.0999984741211,16.81999969482422,15.579999923706055,55.27000045776367,46.59000015258789,39.77000045776367,98.43000030517578,40.2599983215332,88.48999786376953,165.75999450683594,35.540000915527344,117.31999969482422,66.08999633789062,77.7699966430664,42.040000915527344,58.32061004638672,31.5,16.850000381469727,1.5089999437332153,31.831119537353516,88.81999969482422,61.54999923706055,76.08999633789062,35.426666259765625,28.610000610351562,132.8800048828125,42.18000030517578,54.54999923706055,45.189998626708984,33.8650016784668,19.26888656616211,71.30000305175781,84.5199966430664,63.16999816894531,6.090000152587891,170.0399932861328,102.31999969482422,16.933000564575195,15.640000343322754,55.349998474121094,46.75,40.0099983215332,98.5,40.38999938964844,88.8499984741211,165.77999877929688,35.7400016784668,117.80999755859375,66.29000091552734,78.12000274658203,42.040000915527344,58.435115814208984,31.549999237060547,16.899999618530273,1.5125000476837158,32.15370178222656,89.05999755859375,61.95000076293945,76.16000366210938,35.473331451416016,28.610000610351562,133.02999877929688,42.439998626708984,54.65999984741211,46.119998931884766,33.91999816894531,19.30950355529785,71.47000122070312,84.66999816894531,7806800,52669500,2923900,1072000,36322000,67322600,9835200,14133200,7802700,6701600,4470500,3931800,1645200,23736000,5812100,12531300,2652300,6668000,9429694,9947900,24303700,515212000,21890104,2929300,8871200,5177400,1795500,6305100,3302900,10474900,6651900,60827800,32954800,68626527,9613600,9062600
2016-09-16,42.269447326660156,6.050000190734863,129.1103515625,93.19889068603516,13.187360763549805,12.518728256225586,39.531646728515625,34.52863693237305,29.46089744567871,64.73196411132812,28.743972778320312,66.36048126220703,136.24517822265625,30.522205352783203,91.06193542480469,50.83830642700195,67.48017883300781,32.448020935058594,44.366024017333984,23.97457504272461,17.048017501831055,1.5451679229736328,20.801143646240234,64.95783996582031,48.530216217041016,58.25292205810547,32.9606819152832,23.037906646728516,118.6231460571289,29.73944664001465,38.82294845581055,34.69466018676758,22.766183853149414,16.077770233154297,61.501956939697266,54.906410217285156,63.27000045776367,6.050000190734863,172.9600067138672,102.19999694824219,17.124000549316406,15.489999771118164,55.599998474121094,46.40999984741211,39.869998931884766,97.83999633789062,40.9900016784668,90.97000122070312,166.0,37.66999816894531,118.25,65.81999969482422,78.80000305175781,43.619998931884766,59.42748260498047,31.59000015258789,17.479999542236328,1.5709999799728394,32.20113754272461,89.38999938964844,62.9900016784668,76.33000183105469,36.31999969482422,28.90999984741211,138.47000122070312,42.599998474121094,56.72999954223633,45.43000030517578,33.724998474121094,19.187652587890625,72.11000061035156,84.02999877929688,63.790000915527344,6.21999979019165,173.38999938964844,102.48999786376953,17.298999786376953,15.680000305175781,56.40999984741211,46.790000915527344,39.97999954223633,98.80999755859375,41.130001068115234,91.45999908447266,168.0500030517578,38.04999923706055,119.13999938964844,66.26000213623047,78.91000366210938,43.849998474121094,59.75190734863281,31.799999237060547,18.079999923706055,1.5812499523162842,32.466793060302734,89.9000015258789,63.439998626708984,77.0999984741211,36.689998626708984,29.219999313354492,138.5500030517578,42.790000915527344,57.18000030517578,45.869998931884766,33.849998474121094,19.301380157470703,72.20999908447266,85.05000305175781,63.16999816894531,5.96999979019165,171.0500030517578,101.37000274658203,16.985000610351562,15.479999542236328,55.529998779296875,46.2400016784668,39.5,97.52999877929688,39.91999816894531,89.2699966430664,165.61000061035156,37.25,118.12000274658203,65.44000244140625,78.16999816894531,42.43000030517578,59.21755599975586,31.3799991607666,17.34000015258789,1.5529999732971191,32.09677505493164,88.83000183105469,62.369998931884766,75.93000030517578,36.043331146240234,28.770000457763672,135.52999877929688,42.40999984741211,56.029998779296875,45.25,33.505001068115234,19.130788803100586,71.83000183105469,83.55999755859375,63.529998779296875,6.21999979019165,172.58999633789062,102.04000091552734,17.242000579833984,15.65999984741211,56.220001220703125,46.599998474121094,39.619998931884766,98.33000183105469,40.0,89.54000091552734,167.85000610351562,37.720001220703125,118.51000213623047,66.08999633789062,78.69999694824219,43.09000015258789,59.58969497680664,31.670000076293945,18.079999923706055,1.5727499723434448,32.438331604003906,89.02999877929688,62.880001068115234,76.0999984741211,36.57666778564453,29.1299991607666,135.61000061035156,42.72999954223633,56.029998779296875,45.70000076293945,33.505001068115234,19.293258666992188,71.98999786376953,84.51000213623047,11165300,47829400,4028300,1040000,83067000,90926200,12082900,24820800,9604200,12725600,5589600,4559700,4534900,74577900,12408800,25161500,4255100,7023600,13029050,14756200,37447400,902444000,26998737,3535000,14677700,7243200,1916100,7329300,7421900,9204900,7316500,51871400,34788800,75235766,8691000,21538400
2016-09-19,42.028953552246094,6.159999847412109,127.9309310913086,94.23849487304688,13.148083686828613,12.5995454788208,39.16191864013672,34.66255187988281,29.024932861328125,64.8642807006836,28.645797729492188,65.6893539428711,136.41757202148438,30.108978271484375,90.6075668334961,51.12407684326172,67.78844451904297,32.52985763549805,43.68928527832031,23.98216438293457,16.531118392944336,1.5655763149261475,20.6234073638916,65.48103332519531,48.430049896240234,57.97052764892578,33.00001525878906,23.850727081298828,117.94639587402344,29.92095947265625,39.10353088378906,35.13761520385742,22.7526798248291,16.180288314819336,61.280181884765625,54.775726318359375,62.90999984741211,6.159999847412109,171.3800048828125,103.33999633789062,17.072999954223633,15.59000015258789,55.08000183105469,46.59000015258789,39.279998779296875,98.04000091552734,40.849998474121094,90.05000305175781,166.2100067138672,37.15999984741211,117.66000366210938,66.19000244140625,79.16000366210938,43.72999954223633,58.520992279052734,31.600000381469727,16.950000762939453,1.5917500257492065,31.925996780395508,90.11000061035156,62.86000061035156,75.95999908447266,36.36333465576172,29.93000030517578,137.67999267578125,42.86000061035156,57.13999938964844,46.0099983215332,33.70500183105469,19.309999465942383,71.8499984741211,83.83000183105469,63.709999084472656,6.28000020980835,173.5,104.18000030517578,17.357999801635742,15.779999732971191,55.970001220703125,47.2400016784668,40.2400016784668,98.8499984741211,41.849998474121094,91.87000274658203,168.30999755859375,38.02000045776367,118.66000366210938,66.63999938964844,79.37000274658203,44.560001373291016,59.67557144165039,32.099998474121094,17.770000457763672,1.631500005722046,32.286529541015625,91.0999984741211,63.38999938964844,77.4000015258789,36.89666748046875,30.1200008392334,139.38999938964844,43.130001068115234,58.08000183105469,46.290000915527344,34.095001220703125,19.450000762939453,72.44000244140625,84.62000274658203,62.83000183105469,6.079999923706055,171.17999267578125,103.19999694824219,16.940000534057617,15.550000190734863,55.02000045776367,46.5099983215332,39.279998779296875,97.98999786376953,40.79999923706055,90.0199966430664,165.67999267578125,37.09000015258789,117.63999938964844,65.8499984741211,78.48999786376953,43.40999984741211,58.511451721191406,31.520000457763672,16.850000381469727,1.5802500247955322,31.869070053100586,89.81999969482422,62.7599983215332,75.93000030517578,36.24333190917969,29.8700008392334,137.52000427246094,42.58000183105469,56.47999954223633,45.47999954223633,33.70000076293945,19.18000030517578,71.76000213623047,83.80999755859375,63.619998931884766,6.119999885559082,173.25,103.22000122070312,17.155000686645508,15.550000190734863,55.95000076293945,46.619998931884766,40.119998931884766,98.33000183105469,41.540000915527344,91.66000366210938,167.33999633789062,37.689998626708984,118.36000061035156,66.1500015258789,78.79000091552734,43.959999084472656,59.67557144165039,31.719999313354492,17.6299991607666,1.587499976158142,32.24857711791992,89.88999938964844,63.130001068115234,76.83999633789062,36.54666519165039,29.90999984741211,138.67999267578125,42.7400016784668,56.86000061035156,45.619998931884766,34.0,19.18000030517578,72.29000091552734,84.58000183105469,7903500,37837200,2226800,550000,28306000,66186400,10517400,12759700,5424200,6182000,3869200,3740000,2030700,30531700,5457600,13466900,3321500,6621300,11829510,7806500,23999900,417128000,18489584,1922700,6759900,5925000,1180500,7696400,3239500,5492600,5976500,33562400,23595000,50396100,9919700,7929100
2016-09-20,42.2761344909668,6.170000076293945,129.4238739013672,95.64286041259766,12.955557823181152,12.607625961303711,39.503211975097656,34.625343322753906,28.825424194335938,64.63933563232422,28.512571334838867,65.94466400146484,136.63092041015625,30.092784881591797,90.83088684082031,51.33261489868164,68.405029296875,31.65207862854004,44.12381362915039,24.05805778503418,16.50185775756836,1.5513150691986084,20.721466064453125,65.6627426147461,48.30678939819336,57.52027893066406,32.851783752441406,23.826818466186523,117.76649475097656,30.032663345336914,37.946990966796875,35.557647705078125,22.58729362487793,16.18866539001465,61.46780776977539,53.93280029296875,63.279998779296875,6.170000076293945,173.3800048828125,104.87999725341797,16.822999954223633,15.600000381469727,55.560001373291016,46.540000915527344,39.0099983215332,97.69999694824219,40.65999984741211,90.4000015258789,166.47000122070312,37.13999938964844,117.94999694824219,66.45999908447266,79.87999725341797,42.54999923706055,59.10305404663086,31.700000762939453,16.920000076293945,1.5772500038146973,32.07780075073242,90.36000061035156,62.70000076293945,75.37000274658203,36.20000076293945,29.899999618530273,137.47000122070312,43.02000045776367,55.45000076293945,46.560001373291016,33.459999084472656,19.31999969482422,72.06999969482422,82.54000091552734,63.54999923706055,6.28000020980835,174.25999450683594,105.27999877929688,17.22100067138672,15.760000228881836,56.279998779296875,47.189998626708984,39.83000183105469,98.4800033569336,41.70000076293945,91.8499984741211,168.27999877929688,37.43000030517578,118.23999786376953,66.8499984741211,80.3499984741211,43.939998626708984,59.5515251159668,32.0,17.270000457763672,1.6100000143051147,32.20113754272461,90.95999908447266,63.29999923706055,76.19999694824219,36.5966682434082,30.239999771118164,138.52999877929688,43.25,57.2599983215332,47.20000076293945,33.89500045776367,19.479999542236328,72.33999633789062,83.94999694824219,62.7599983215332,6.119999885559082,172.4600067138672,104.31999969482422,16.816999435424805,15.510000228881836,55.15999984741211,46.45000076293945,39.0,97.68000030517578,40.470001220703125,90.04000091552734,166.38999938964844,36.939998626708984,117.69000244140625,66.23999786376953,79.29000091552734,42.54999923706055,58.864505767822266,31.649999618530273,16.719999313354492,1.56850004196167,31.878557205200195,90.06999969482422,62.529998779296875,75.37000274658203,36.11000061035156,29.889999389648438,137.05999755859375,42.81999969482422,55.43000030517578,46.119998931884766,33.435001373291016,19.290000915527344,72.04000091552734,82.54000091552734,63.36000061035156,6.230000019073486,172.94000244140625,104.69999694824219,17.22100067138672,15.739999771118164,55.349998474121094,47.040000915527344,39.33000183105469,98.16999816894531,40.84000015258789,90.16000366210938,167.67999267578125,37.41999816894531,118.16999816894531,66.75,79.62999725341797,43.86000061035156,59.064884185791016,31.84000015258789,17.049999237060547,1.6100000143051147,32.10626220703125,90.91999816894531,63.27000045776367,76.08000183105469,36.573333740234375,30.15999984741211,138.1300048828125,43.18000030517578,57.25,47.150001525878906,33.665000915527344,19.450000762939453,72.16000366210938,83.7300033569336,4826500,28990900,2607700,773900,18722000,68210400,9940200,13749400,5877200,5771900,3887500,3049400,1532900,24796900,5187700,10092200,3629400,5480100,9653757,8849000,17775800,331112000,14875313,1909100,5471400,6821800,1076100,5763300,2425700,7091700,6201100,51510400,28265800,39903200,5286600,17522000
2016-09-21,42.82395935058594,6.289999961853027,129.7747344970703,97.31171417236328,13.078776359558105,12.64803409576416,39.76628112792969,34.893184661865234,29.60130500793457,65.916259765625,29.57144546508789,68.22066497802734,137.09056091308594,30.343955993652344,91.57017517089844,51.62611389160156,69.2528305053711,32.14303207397461,44.66521453857422,24.225021362304688,17.22357177734375,1.5948373079299927,21.0095272064209,65.93885040283203,48.977073669433594,58.42844009399414,33.305545806884766,24.30495262145996,119.85680389404297,30.200206756591797,38.10438537597656,35.00013732910156,23.110462188720703,16.289216995239258,62.08189010620117,54.429420471191406,64.0999984741211,6.289999961853027,173.85000610351562,106.70999908447266,16.982999801635742,15.649999618530273,55.93000030517578,46.900001525878906,40.060001373291016,99.62999725341797,42.16999816894531,93.5199966430664,167.02999877929688,37.45000076293945,118.91000366210938,66.83999633789062,80.87000274658203,43.209999084472656,59.828243255615234,31.920000076293945,17.65999984741211,1.621500015258789,32.523719787597656,90.73999786376953,63.56999969482422,76.55999755859375,36.70000076293945,30.5,139.91000366210938,43.2599983215332,55.68000030517578,45.83000183105469,34.23500061035156,19.440000534057617,72.79000091552734,83.30000305175781,64.25,6.320000171661377,174.25,106.87000274658203,17.00200080871582,15.829999923706055,56.119998931884766,47.279998779296875,40.130001068115234,99.69000244140625,42.220001220703125,93.79000091552734,168.27999877929688,37.459999084472656,119.0,67.12999725341797,81.0,43.27000045776367,59.9427490234375,32.060001373291016,17.700000762939453,1.624500036239624,32.5711555480957,91.38999938964844,63.63999938964844,76.70999908447266,36.75666809082031,30.559999465942383,139.9600067138672,43.43000030517578,56.130001068115234,46.540000915527344,34.25,19.459999084472656,72.93000030517578,83.62000274658203,63.20000076293945,6.139999866485596,171.61000061035156,105.41000366210938,16.76099967956543,15.390000343322754,55.2599983215332,46.290000915527344,39.34000015258789,98.25,41.150001525878906,91.0999984741211,165.92999267578125,36.86000061035156,117.63999938964844,66.30999755859375,79.68000030517578,42.56999969482422,59.02671813964844,31.5,17.229999542236328,1.5817500352859497,32.01138687133789,90.06999969482422,62.90999984741211,75.86000061035156,36.223331451416016,30.049999237060547,137.99000549316406,42.970001220703125,55.0099983215332,45.33000183105469,33.709999084472656,19.25,71.87000274658203,82.30999755859375,63.4900016784668,6.199999809265137,174.24000549316406,105.69000244140625,16.839000701904297,15.710000038146973,55.86000061035156,47.0,39.47999954223633,98.3499984741211,41.2400016784668,91.55999755859375,167.4199981689453,37.209999084472656,117.94999694824219,66.83999633789062,79.80000305175781,42.91999816894531,59.40839767456055,31.84000015258789,17.25,1.5820000171661377,32.16318893432617,90.91999816894531,63.099998474121094,76.0,36.380001068115234,30.09000015258789,138.1999969482422,43.25,55.880001068115234,46.5099983215332,33.75,19.40999984741211,72.30999755859375,82.81999969482422,7587400,33450000,2516400,832500,17977000,95464600,11651400,16605200,6385800,6361600,4746400,3188900,2333600,21233700,6337300,14116800,3147600,4879300,7565512,10073600,31384900,336212000,16397500,1889300,7488600,7152500,1295700,8097200,3506600,7157000,6032900,64530200,40521800,64029700,8485900,15055900
2016-09-22,43.47868347167969,6.369999885559082,131.09600830078125,99.20850372314453,13.002532958984375,12.607625961303711,40.11465835571289,35.049434661865234,30.31066131591797,66.14781188964844,29.368083953857422,67.55682373046875,137.90309143066406,30.424972534179688,91.99374389648438,52.05095672607422,69.61248779296875,31.75621223449707,44.89316940307617,24.46787452697754,17.15530014038086,1.5987718105316162,20.92984962463379,65.40111541748047,48.93854904174805,58.7718620300293,33.41443634033203,24.432453155517578,120.82481384277344,30.137365341186523,38.04963684082031,34.916133880615234,23.13746452331543,16.322731018066406,62.55097579956055,54.586219787597656,65.08000183105469,6.369999885559082,175.6199951171875,108.79000091552734,16.884000778198242,15.600000381469727,56.41999816894531,47.11000061035156,41.02000045776367,99.9800033569336,41.880001068115234,92.61000061035156,168.02000427246094,37.54999923706055,119.45999908447266,67.38999938964844,81.29000091552734,42.689998626708984,60.13358688354492,32.2400016784668,17.59000015258789,1.625499963760376,32.4003791809082,90.0,63.52000045776367,77.01000213623047,36.81999969482422,30.65999984741211,141.0399932861328,43.16999816894531,55.599998474121094,45.720001220703125,34.275001525878906,19.479999542236328,73.33999633789062,83.54000091552734,65.19999694824219,6.440000057220459,175.72999572753906,109.55999755859375,17.125,15.710000038146973,56.650001525878906,47.29999923706055,41.33000183105469,100.75,43.11000061035156,95.0,169.3300018310547,37.83000183105469,119.83999633789062,67.41999816894531,81.45999908447266,43.81999969482422,60.5629768371582,32.439998626708984,18.049999237060547,1.6360000371932983,32.66603469848633,91.12999725341797,64.0,77.63999938964844,37.04999923706055,30.950000762939453,141.41000366210938,43.540000915527344,56.439998626708984,46.119998931884766,34.72999954223633,19.559999465942383,73.47000122070312,84.55000305175781,64.08000183105469,6.329999923706055,173.75,108.69000244140625,16.80699920654297,15.5,55.869998931884766,46.75,40.75,99.83999633789062,41.7599983215332,92.43000030517578,167.6999969482422,37.439998626708984,119.13999938964844,66.83999633789062,80.7300033569336,42.66999816894531,59.95228958129883,31.979999542236328,17.40999984741211,1.6162500381469727,32.32447814941406,89.79000091552734,63.36000061035156,76.91000366210938,36.71333312988281,30.510000228881836,140.3300018310547,43.130001068115234,55.540000915527344,45.369998931884766,34.244998931884766,19.440000534057617,73.05000305175781,83.37999725341797,64.12000274658203,6.349999904632568,174.60000610351562,109.04000091552734,17.097000122070312,15.6899995803833,56.029998779296875,46.9900016784668,40.75,100.5199966430664,42.90999984741211,94.61000061035156,168.4499969482422,37.599998474121094,119.25,66.98999786376953,81.05000305175781,43.599998474121094,60.038169860839844,32.130001068115234,17.889999389648438,1.63100004196167,32.5711555480957,90.93000030517578,63.709999084472656,77.19999694824219,36.939998626708984,30.760000228881836,140.49000549316406,43.369998931884766,56.09000015258789,45.83000183105469,34.60499954223633,19.540000915527344,73.08999633789062,84.27999877929688,5416100,35848200,2338300,579500,20619000,75611300,10611000,16247600,7920200,5416700,4600200,3047100,2467700,17013400,5340500,12781700,2639800,5651300,8853294,8185300,25278000,308732000,17641220,2909200,7895700,5639400,1056600,5329000,3018300,4788200,4741800,36964400,26631800,38355700,6501900,10738500
2016-09-23,43.41187286376953,6.550000190734863,130.48390197753906,99.00785827636719,12.833882331848145,12.542972564697266,40.15732955932617,35.079185485839844,29.512632369995117,65.64495086669922,27.7271728515625,65.47051239013672,135.53111267089844,30.133296966552734,91.49314880371094,51.94281768798828,69.50117492675781,31.45121955871582,44.850425720214844,24.217432022094727,17.048017501831055,1.5970501899719238,20.99726676940918,64.97236633300781,48.34531021118164,57.94000244140625,33.0726203918457,24.002134323120117,120.3707504272461,29.990760803222656,38.0975456237793,34.93141174316406,22.83030891418457,16.238941192626953,62.354835510253906,54.527427673339844,64.9800033569336,6.550000190734863,174.8000030517578,108.56999969482422,16.665000915527344,15.520000457763672,56.47999954223633,47.150001525878906,39.939998626708984,99.22000122070312,39.540000915527344,89.75,165.1300048828125,37.189998626708984,118.80999755859375,67.25,81.16000366210938,42.279998779296875,60.07633590698242,31.90999984741211,17.479999542236328,1.6237499713897705,32.50474548339844,89.41000366210938,62.75,75.91999816894531,36.44333267211914,30.1200008392334,140.50999450683594,42.959999084472656,55.66999816894531,45.7400016784668,33.81999969482422,19.3799991607666,73.11000061035156,83.44999694824219,65.33000183105469,6.650000095367432,176.85000610351562,109.26000213623047,16.902999877929688,15.670000076293945,56.95000076293945,47.459999084472656,41.209999084472656,100.55000305175781,41.97999954223633,92.36000061035156,168.10000610351562,37.650001525878906,119.5999984741211,67.9000015258789,81.45999908447266,42.970001220703125,60.35305404663086,32.25,17.739999771118164,1.6322499513626099,32.609107971191406,90.5,63.56999969482422,77.05999755859375,36.78333282470703,30.670000076293945,141.77999877929688,43.27000045776367,56.029998779296875,45.90999984741211,34.41999816894531,19.510000228881836,73.41000366210938,84.30999755859375,64.75,6.309999942779541,174.61000061035156,108.41999816894531,16.551000595092773,15.5,56.2599983215332,46.84000015258789,39.599998474121094,98.87000274658203,39.189998626708984,89.4000015258789,165.0500030517578,37.119998931884766,118.70999908447266,67.18000030517578,80.7699966430664,41.439998626708984,59.828243255615234,31.670000076293945,17.43000030517578,1.6165000200271606,32.26755142211914,89.41000366210938,62.66999816894531,75.56999969482422,36.39666748046875,30.020000457763672,140.36000061035156,42.70000076293945,54.90999984741211,45.43000030517578,33.625,19.350000381469727,73.0999984741211,82.58999633789062,65.05000305175781,6.309999942779541,176.27000427246094,108.76000213623047,16.8700008392334,15.529999732971191,56.29999923706055,47.02000045776367,40.36000061035156,99.33999633789062,41.56999969482422,92.25,167.75,37.45000076293945,119.41000366210938,67.38999938964844,80.97000122070312,42.290000915527344,59.99045944213867,32.119998931884766,17.450000762939453,1.627500057220459,32.40986633300781,89.86000061035156,63.0,76.69000244140625,36.766666412353516,30.649999618530273,141.02000427246094,42.75,55.380001068115234,45.5,34.11000061035156,19.40999984741211,73.2300033569336,82.68000030517578,5154200,61022400,2238700,664700,26875000,51604400,8569100,14793500,8530000,7396800,8050100,3679800,3421200,18062500,4773000,13967400,2197700,7784300,8048430,9400600,17947600,276132000,13635703,2480200,7794700,6847400,818100,7959800,2802000,5960300,5392000,28710500,46150400,59009500,5420400,12667100
2016-09-26,42.803924560546875,6.320000171661377,129.5358428955078,99.19025421142578,12.83696174621582,12.195454597473145,39.446327209472656,34.141746520996094,29.571744918823242,65.35386657714844,27.797292709350586,65.11306762695312,132.535400390625,29.69576072692871,90.69999694824219,50.807395935058594,68.09675598144531,30.856122970581055,44.27341079711914,23.549571990966797,16.930984497070312,1.5820510387420654,20.617279052734375,63.780609130859375,48.00630569458008,57.68052673339844,32.74665451049805,23.779008865356445,119.69403839111328,29.648696899414062,37.15314865112305,34.274627685546875,22.729045867919922,15.979188919067383,61.62989044189453,54.272586822509766,64.06999969482422,6.320000171661377,173.52999877929688,108.7699966430664,16.66900062561035,15.09000015258789,55.47999954223633,45.88999938964844,40.02000045776367,98.77999877929688,39.63999938964844,89.26000213623047,161.47999572753906,36.650001525878906,117.77999877929688,65.77999877929688,79.5199966430664,41.47999954223633,59.303436279296875,31.030000686645508,17.360000610351562,1.6085000038146973,31.9165096282959,87.7699966430664,62.310001373291016,75.58000183105469,35.93333435058594,29.84000015258789,139.72000122070312,42.470001220703125,54.290000915527344,44.880001068115234,33.66999816894531,19.06999969482422,72.26000213623047,83.05999755859375,64.87999725341797,6.539999961853027,174.4499969482422,109.16000366210938,16.722999572753906,15.4399995803833,56.310001373291016,46.630001068115234,40.77000045776367,100.27999877929688,40.29999923706055,90.62999725341797,163.97000122070312,36.939998626708984,118.63999938964844,66.80000305175781,81.1500015258789,42.66999816894531,59.713741302490234,31.56999969482422,17.600000381469727,1.6150000095367432,32.26755142211914,89.02999877929688,62.560001373291016,76.61000061035156,36.1533317565918,30.06999969482422,140.1699981689453,42.779998779296875,55.849998474121094,45.5,34.1150016784668,19.270000457763672,72.9000015258789,84.5,64.0199966430664,6.309999942779541,172.8300018310547,108.27999877929688,16.275999069213867,15.020000457763672,55.400001525878906,45.83000183105469,39.9900016784668,98.66000366210938,39.2599983215332,89.01000213623047,161.0,36.599998474121094,117.55999755859375,65.54000091552734,79.5,41.439998626708984,59.04580307006836,30.959999084472656,17.18000030517578,1.5882500410079956,31.707780838012695,87.52999877929688,61.86000061035156,75.4800033569336,35.78333282470703,29.709999084472656,138.89999389648438,42.400001525878906,54.209999084472656,44.650001525878906,33.60499954223633,19.020000457763672,72.08999633789062,82.93000030517578,64.5199966430664,6.539999961853027,174.22000122070312,108.48999786376953,16.510000228881836,15.399999618530273,56.2599983215332,46.5099983215332,40.08000183105469,99.48999786376953,39.810001373291016,90.22000122070312,163.8300018310547,36.91999816894531,118.62999725341797,66.5999984741211,81.0,42.4900016784668,59.66603088378906,31.530000686645508,17.350000381469727,1.6052500009536743,32.18216323852539,88.87999725341797,62.4900016784668,76.12999725341797,36.03333282470703,30.020000457763672,139.9499969482422,42.689998626708984,55.66999816894531,45.369998931884766,33.935001373291016,19.260000228881836,72.83999633789062,83.5199966430664,5567700,29875800,1798500,663300,32033000,94972100,8599800,22646700,4985900,5781800,6357400,2131500,2772200,25518800,5998900,16408100,4332800,6550300,7319022,10217700,19567200,230040000,31119982,3067900,6207400,5499300,1149300,4363300,2636500,8526200,4827200,30938000,26480400,54189000,5534100,10860300
2016-09-27,43.137962341308594,6.539999961853027,128.1175537109375,99.96540069580078,13.158097267150879,12.357091903686523,39.63119125366211,34.49886703491211,29.135770797729492,65.4861831665039,26.913734436035156,64.60242462158203,133.692626953125,30.125198364257812,91.80890655517578,51.25538635253906,69.2613754272461,31.131366729736328,44.57260513305664,23.792434692382812,17.5551700592041,1.636146903038025,20.73373031616211,64.347412109375,48.776756286621094,57.48973083496094,33.311668395996094,24.225257873535156,120.61062622070312,29.94889259338379,37.65270233154297,34.43500900268555,22.577165603637695,16.104867935180664,62.06484603881836,54.390201568603516,64.56999969482422,6.539999961853027,171.6300048828125,109.62000274658203,17.086000442504883,15.289999961853027,55.7400016784668,46.369998931884766,39.43000030517578,98.9800033569336,38.380001068115234,88.55999755859375,162.88999938964844,37.18000030517578,119.22000122070312,66.36000061035156,80.87999725341797,41.849998474121094,59.70419692993164,31.350000381469727,18.0,1.6634999513626099,32.09677505493164,88.55000305175781,63.310001373291016,75.33000183105469,36.5533332824707,30.399999618530273,140.7899932861328,42.900001525878906,55.02000045776367,45.09000015258789,33.44499969482422,19.219999313354492,72.7699966430664,83.23999786376953,64.75,6.579999923706055,171.97999572753906,109.80000305175781,17.08799934387207,15.34000015258789,55.88999938964844,46.47999954223633,39.599998474121094,99.66000366210938,39.0,89.0,163.4499969482422,37.220001220703125,119.22000122070312,66.41000366210938,80.93000030517578,42.040000915527344,59.828243255615234,31.489999771118164,18.079999923706055,1.6660000085830688,32.14421463012695,88.69000244140625,63.36000061035156,75.45999908447266,36.560001373291016,30.43000030517578,140.83999633789062,42.91999816894531,55.279998779296875,45.099998474121094,33.53499984741211,19.239999771118164,72.77999877929688,83.33999633789062,63.689998626708984,6.289999961853027,169.5,107.83999633789062,16.601999282836914,14.8100004196167,55.5,45.15999984741211,39.0,97.79000091552734,37.849998474121094,87.18000030517578,159.82000732421875,36.630001068115234,117.72000122070312,65.11000061035156,79.61000061035156,40.810001373291016,58.99809265136719,30.6200008392334,17.350000381469727,1.6015000343322754,31.764705657958984,87.04000091552734,62.439998626708984,74.33000183105469,35.83000183105469,29.649999618530273,138.69000244140625,42.16999816894531,53.650001525878906,44.65999984741211,33.06999969482422,18.940000534057617,72.01000213623047,82.29000091552734,63.95000076293945,6.449999809265137,170.24000549316406,107.95999908447266,16.68899917602539,15.010000228881836,55.68000030517578,45.52000045776367,39.540000915527344,98.23999786376953,39.0,88.1500015258789,160.72000122070312,36.900001525878906,118.38999938964844,65.41000366210938,80.62000274658203,41.18000030517578,59.45610809326172,30.81999969482422,17.530000686645508,1.6022499799728394,32.04933547973633,87.37999725341797,62.529998779296875,75.12999725341797,35.849998474121094,29.799999237060547,139.99000549316406,42.31999969482422,54.119998931884766,44.790000915527344,33.334999084472656,19.0,72.16999816894531,82.58999633789062,4358300,30035900,4798900,591600,25353000,81992600,8619900,16165700,7796400,6476100,8866400,2939000,2602700,22391600,5349500,13711400,6888900,4728400,7693158,9753500,28621000,402752000,16453572,3116500,5228300,6457200,1034700,5707200,3048600,6747800,5952000,24359000,38820400,47620000,7839000,9595000
2016-09-28,42.904136657714844,6.590000152587891,126.68431091308594,100.18426513671875,13.14577579498291,12.429826736450195,39.169036865234375,34.870853424072266,31.167802810668945,67.58349609375,29.157716751098633,68.5416030883789,134.15223693847656,30.335847854614258,91.93983459472656,51.525726318359375,69.11579132080078,31.719022750854492,45.09262466430664,24.111181259155273,17.009008407592773,1.6420481204986572,20.831790924072266,64.97236633300781,48.88461685180664,59.53504943847656,33.37850570678711,24.16948127746582,120.28508758544922,30.082393646240234,37.71430206298828,34.603031158447266,23.552623748779297,16.180288314819336,61.97103500366211,56.78171920776367,64.22000122070312,6.590000152587891,169.7100067138672,109.86000061035156,17.06999969482422,15.380000114440918,55.09000015258789,46.869998931884766,42.18000030517578,102.1500015258789,41.58000183105469,93.95999908447266,163.4499969482422,37.439998626708984,119.38999938964844,66.70999908447266,80.70999908447266,42.63999938964844,60.40076446533203,31.770000457763672,17.440000534057617,1.6694999933242798,32.24857711791992,89.41000366210938,63.45000076293945,78.01000213623047,36.62666702270508,30.329999923706055,140.41000366210938,42.810001373291016,55.11000061035156,45.310001373291016,34.88999938964844,19.309999465942383,72.66000366210938,86.9000015258789,64.94000244140625,6.650000095367432,172.22000122070312,110.04000091552734,17.270999908447266,15.390000343322754,55.810001373291016,46.90999984741211,42.27000045776367,102.27999877929688,41.849998474121094,94.58000183105469,163.7899932861328,37.5,119.5199966430664,66.7699966430664,81.16999816894531,42.689998626708984,60.57251739501953,31.799999237060547,18.15999984741211,1.6707500219345093,32.25806427001953,89.48999786376953,63.689998626708984,78.0999984741211,36.813331604003906,30.5,141.7100067138672,42.970001220703125,55.630001068115234,45.47999954223633,34.939998626708984,19.34000015258789,72.8499984741211,87.2300033569336,63.88999938964844,6.480000019073486,169.0500030517578,108.87000274658203,16.97800064086914,15.149999618530273,54.93000030517578,46.099998474121094,39.119998931884766,98.75,37.97999954223633,88.56999969482422,161.67999267578125,37.150001525878906,118.80999755859375,65.98999786376953,80.0199966430664,41.470001220703125,59.63740539550781,31.31999969482422,17.149999618530273,1.6482499837875366,31.963947296142578,88.4800033569336,63.0,75.06999969482422,36.4033317565918,30.1299991607666,139.66000366210938,42.380001068115234,54.06999969482422,44.959999084472656,33.35499954223633,19.1200008392334,72.27999877929688,83.33999633789062,64.94000244140625,6.570000171661377,172.22000122070312,109.27999877929688,17.17799949645996,15.359999656677246,55.810001373291016,46.58000183105469,39.599998474121094,99.5199966430664,38.75,89.45999908447266,163.33999633789062,37.310001373291016,119.05000305175781,66.58000183105469,80.83999633789062,42.20000076293945,60.114505767822266,31.440000534057617,18.15999984741211,1.6660000085830688,32.11574935913086,88.87000274658203,63.22999954223633,75.58999633789062,36.686668395996094,30.469999313354492,141.1300048828125,42.790000915527344,55.25,45.36000061035156,33.63999938964844,19.299999237060547,72.83999633789062,83.45999908447266,5645600,27878300,3300700,316300,20843000,66076400,13768400,15871600,13568400,10190900,10634800,4533800,1678100,19020800,5076100,11278000,2467800,5304400,12361160,7425100,42715600,319788000,15080421,3313100,5251900,9420800,840600,4125100,1990400,4482600,6715600,28220300,82286800,42936400,6522600,28117900
2016-09-29,41.968814849853516,6.670000076293945,123.50432586669922,99.15377044677734,13.281315803527832,12.25202751159668,38.301612854003906,34.07480239868164,32.261417388916016,67.00127410888672,30.181522369384766,69.33674621582031,130.45889282226562,30.238630294799805,90.3072509765625,50.70699691772461,68.28514862060547,29.561777114868164,44.10245132446289,23.557165145874023,17.106534957885742,1.657293438911438,20.421161651611328,64.66715240478516,51.96638107299805,59.046592712402344,33.788597106933594,24.225257873535156,118.49468231201172,29.850507736206055,35.38752746582031,33.88514709472656,23.512117385864258,15.95405101776123,60.879310607910156,56.49420166015625,62.81999969482422,6.670000076293945,165.4499969482422,108.7300033569336,17.246000289916992,15.15999984741211,53.869998931884766,45.79999923706055,43.65999984741211,101.2699966430664,43.040000915527344,95.05000305175781,158.9499969482422,37.31999969482422,117.2699966430664,65.6500015258789,79.73999786376953,39.7400016784668,59.07442855834961,31.040000915527344,17.540000915527344,1.684999942779541,31.612903594970703,88.98999786376953,67.44999694824219,77.37000274658203,37.07666778564453,30.399999618530273,138.32000732421875,42.47999954223633,51.709999084472656,44.369998931884766,34.83000183105469,19.040000915527344,71.37999725341797,86.45999908447266,64.30999755859375,6.730000019073486,170.38999938964844,109.73999786376953,17.39900016784668,15.5,55.27000045776367,47.400001525878906,44.15999984741211,102.2699966430664,43.9900016784668,95.94000244140625,163.9600067138672,37.529998779296875,119.2699966430664,67.20999908447266,80.47000122070312,42.709999084472656,60.13358688354492,32.11000061035156,17.770000457763672,1.690250039100647,32.32447814941406,90.44000244140625,68.83000183105469,78.97000122070312,37.30666732788086,30.649999618530273,140.27999877929688,43.2400016784668,55.099998474121094,45.2599983215332,35.224998474121094,19.399999618530273,72.66000366210938,87.19999694824219,62.79999923706055,6.539999961853027,165.3300018310547,107.55000305175781,16.948999404907227,15.0600004196167,53.7599983215332,45.40999984741211,41.970001220703125,100.4800033569336,41.54999923706055,93.13999938964844,157.77000427246094,37.0,117.04000091552734,65.3499984741211,79.2300033569336,39.290000915527344,58.74045944213867,30.739999771118164,17.350000381469727,1.6512500047683716,31.59392738342285,88.5199966430664,62.709999084472656,77.37000274658203,36.24333190917969,30.170000076293945,137.83999633789062,42.349998474121094,51.16999816894531,44.209999084472656,34.51499938964844,18.940000534057617,71.16999816894531,85.68000030517578,64.30000305175781,6.570000171661377,170.38999938964844,109.2699966430664,17.0,15.380000114440918,55.2599983215332,46.79999923706055,41.970001220703125,102.0,41.75,94.27999877929688,163.3800048828125,37.4900016784668,118.87999725341797,66.69999694824219,80.3499984741211,42.41999816894531,60.13358688354492,31.770000457763672,17.450000762939453,1.6667499542236328,32.20113754272461,89.22000122070312,63.279998779296875,78.11000061035156,36.643333435058594,30.309999465942383,140.17999267578125,42.65999984741211,54.869998931884766,45.189998626708984,34.8650016784668,19.299999237060547,72.56999969482422,86.97000122070312,6431200,30746100,3804000,551900,38570000,78997700,17228500,28066800,16585900,8148400,9428300,4486500,3733800,17675000,6190200,18727200,3269200,13820900,11454640,12529700,31870200,336684000,26396376,3940800,43098800,9859500,2580900,5985800,2201000,7683900,13909600,45266700,54003200,62580800,8857900,19082900
2016-09-30,42.135841369628906,6.909999847412109,124.51954650878906,99.92891693115234,13.285935401916504,12.64803409576416,38.337158203125,35.138702392578125,32.121028900146484,68.0929183959961,30.93185043334961,70.54766082763672,132.363037109375,30.587038040161133,90.96951293945312,51.43303298950195,68.73043823242188,30.194080352783203,44.458614349365234,24.33127212524414,17.340606689453125,1.6848325729370117,20.758241653442383,65.46647644042969,52.77534484863281,60.01580047607422,34.32323455810547,24.376663208007812,119.93392181396484,30.138599395751953,36.27033996582031,33.8164176940918,23.832767486572266,16.17190933227539,61.501956939697266,57.03000259399414,63.06999969482422,6.909999847412109,166.80999755859375,109.58000183105469,17.25200080871582,15.649999618530273,53.91999816894531,47.22999954223633,43.470001220703125,102.91999816894531,44.11000061035156,96.70999908447266,161.27000427246094,37.75,118.12999725341797,66.58999633789062,80.26000213623047,40.59000015258789,59.5515251159668,32.060001373291016,17.780000686645508,1.7130000591278076,32.13472366333008,90.08999633789062,68.5,78.63999938964844,37.663333892822266,30.59000015258789,140.0,42.88999938964844,53.0,44.279998779296875,35.30500030517578,19.299999237060547,72.11000061035156,87.27999877929688,63.2599983215332,7.039999961853027,167.72000122070312,110.13999938964844,17.46500015258789,15.729999542236328,54.369998931884766,47.5,44.119998931884766,103.5999984741211,44.25,97.19999694824219,162.41000366210938,37.91999816894531,118.62000274658203,67.05999755859375,80.6500015258789,40.9900016784668,59.856868743896484,32.31999969482422,18.0,1.7297500371932983,32.27703857421875,90.5,70.4000015258789,78.98999786376953,37.90666580200195,30.68000030517578,140.47999572753906,43.15999984741211,53.27000045776367,44.72999954223633,35.4900016784668,19.399999618530273,72.30999755859375,87.80999755859375,62.45000076293945,6.699999809265137,165.27000427246094,109.0199966430664,17.243999481201172,15.170000076293945,53.900001525878906,46.060001373291016,43.22999954223633,101.2300033569336,42.88999938964844,94.69000244140625,157.8000030517578,37.439998626708984,117.38999938964844,66.08000183105469,80.02999877929688,39.52000045776367,59.02671813964844,31.0,17.579999923706055,1.684249997138977,31.688804626464844,89.27999877929688,68.1500015258789,77.61000061035156,37.29666519165039,30.229999542236328,138.4199981689453,42.58000183105469,51.54999923706055,44.099998474121094,34.849998474121094,19.110000610351562,71.48999786376953,86.6500015258789,62.66999816894531,6.699999809265137,166.3800048828125,109.19000244140625,17.299999237060547,15.260000228881836,53.93000030517578,46.33000183105469,43.81999969482422,101.83000183105469,43.54999923706055,95.55000305175781,159.9499969482422,37.470001220703125,117.77999877929688,66.08000183105469,80.0999984741211,40.11000061035156,59.05534362792969,31.270000457763672,17.75,1.6942499876022339,31.726755142211914,89.56999969482422,68.4000015258789,77.83999633789062,37.29666519165039,30.290000915527344,139.17999267578125,42.70000076293945,51.869998931884766,44.33000183105469,35.07500076293945,19.139999389648438,71.52999877929688,86.83999633789062,7325400,47453100,3999600,338000,34220000,119428700,13326700,25563100,8814000,9431500,5969800,4006500,4497200,24279300,7941100,21680100,3623000,7756300,14258354,16269700,21363100,429932000,30138076,3380100,34879500,6485700,1372500,5725700,4164100,7613600,8318600,54117700,29429000,47336900,7453500,15961500
2016-10-03,42.242740631103516,6.949999809265137,124.91515350341797,99.33616638183594,13.097259521484375,12.63187313079834,38.8632926940918,34.98990249633789,32.09146499633789,67.78197479248047,30.994964599609375,70.10997009277344,132.1988525390625,30.514114379882812,91.49314880371094,51.371238708496094,69.36414337158203,30.46929931640625,44.536983489990234,24.247785568237305,17.29183578491211,1.683111548423767,20.641796112060547,64.96510314941406,51.70444107055664,60.214256286621094,34.09237289428711,24.480262756347656,118.64030456542969,29.976987838745117,36.201908111572266,33.472755432128906,23.815895080566406,16.09649658203125,61.45073699951172,56.87970733642578,63.22999954223633,6.949999809265137,167.33999633789062,108.93000030517578,17.006999969482422,15.630000114440918,54.65999984741211,47.029998779296875,43.43000030517578,102.44999694824219,44.20000076293945,96.11000061035156,161.07000732421875,37.65999984741211,118.80999755859375,66.51000213623047,81.0,40.959999084472656,59.656490325927734,31.950000762939453,17.729999542236328,1.7112499475479126,31.954458236694336,89.4000015258789,67.11000061035156,78.9000015258789,37.40999984741211,30.719999313354492,138.49000549316406,42.65999984741211,52.900001525878906,43.83000183105469,35.279998779296875,19.209999084472656,72.05000305175781,87.05000305175781,63.290000915527344,7.150000095367432,167.5800018310547,109.61000061035156,17.388999938964844,15.729999542236328,54.70000076293945,47.2599983215332,43.810001373291016,102.83000183105469,44.34000015258789,96.70999908447266,161.72000122070312,37.95000076293945,119.01000213623047,66.91999816894531,81.06999969482422,41.029998779296875,59.70419692993164,32.150001525878906,18.020000457763672,1.7377500534057617,32.00189971923828,89.97000122070312,69.27999877929688,79.05999755859375,37.91666793823242,30.809999465942383,139.72000122070312,42.81999969482422,53.25,44.15999984741211,35.41999816894531,19.309999465942383,72.05000305175781,87.19999694824219,62.25,6.869999885559082,164.44000244140625,108.54000091552734,16.972000122070312,15.5,53.560001373291016,46.779998779296875,42.79999923706055,101.91000366210938,43.38999938964844,95.05999755859375,160.25,37.529998779296875,117.43000030517578,66.26000213623047,79.69000244140625,40.27000045776367,58.845420837402344,31.469999313354492,17.600000381469727,1.7082500457763672,31.669828414916992,89.12000274658203,66.87000274658203,78.3499984741211,37.336666107177734,30.56999969482422,138.02999877929688,42.45000076293945,52.5099983215332,43.560001373291016,34.98500061035156,19.15999984741211,71.48999786376953,86.54000091552734,63.02000045776367,6.949999809265137,166.0500030517578,109.36000061035156,17.301000595092773,15.59000015258789,53.939998626708984,47.02000045776367,43.68000030517578,102.55000305175781,43.959999084472656,96.2699966430664,160.5,37.689998626708984,118.0,66.3499984741211,80.0,40.77000045776367,59.3702278137207,32.02000045776367,17.989999771118164,1.7130000591278076,32.00189971923828,89.55000305175781,68.08000183105469,78.81999969482422,37.753334045410156,30.639999389648438,139.35000610351562,42.689998626708984,53.040000915527344,44.119998931884766,35.3650016784668,19.239999771118164,71.79000091552734,86.94000244140625,4239600,30456700,2514600,416800,22807000,69873100,9697200,13819800,5244200,4334700,4248500,2318600,2444700,14113600,6098600,14901700,3983500,5327300,7881065,10324300,26856100,242596000,18862384,1776200,10153600,4854700,3632100,4198500,2724400,5421900,5172200,38197700,26309800,33170500,9187900,7111200
2016-10-04,42.089073181152344,6.96999979019165,125.07192993164062,99.363525390625,13.018707275390625,12.76926326751709,39.25434875488281,35.52557373046875,31.677677154541016,67.00127410888672,30.349811553955078,69.40238952636719,133.18374633789062,30.41687774658203,91.50086212158203,51.8147087097168,69.45835876464844,30.781734466552734,44.494239807128906,24.31609535217285,17.360111236572266,1.679423213005066,20.666309356689453,65.76444244384766,51.37315368652344,59.939517974853516,34.004276275634766,24.217294692993164,118.35761260986328,30.11050796508789,36.71516036987305,33.41166305541992,23.5728702545166,16.163528442382812,61.33136749267578,56.35696792602539,63.0,6.96999979019165,167.5500030517578,108.95999908447266,16.905000686645508,15.800000190734863,55.209999084472656,47.75,42.869998931884766,101.2699966430664,43.279998779296875,95.13999938964844,162.27000427246094,37.540000915527344,118.81999969482422,66.5999984741211,81.11000061035156,41.380001068115234,59.59923553466797,32.040000915527344,17.799999237060547,1.7074999809265137,31.99241065979004,90.5,66.68000030517578,78.54000091552734,37.313331604003906,30.389999389648438,138.16000366210938,42.849998474121094,53.650001525878906,43.75,34.91999816894531,19.290000915527344,71.91000366210938,86.25,63.529998779296875,7.090000152587891,168.69000244140625,109.8499984741211,17.09000015258789,16.049999237060547,55.81999969482422,48.43000030517578,43.540000915527344,102.91999816894531,44.5099983215332,96.37000274658203,164.14999389648438,37.939998626708984,119.4800033569336,67.18000030517578,81.41000366210938,42.310001373291016,60.066795349121094,32.400001525878906,18.040000915527344,1.7424999475479126,32.17267608642578,90.7699966430664,67.69999694824219,79.0999984741211,37.68333435058594,30.920000076293945,139.36000061035156,43.150001525878906,54.349998474121094,44.09000015258789,35.39500045776367,19.43000030517578,72.2699966430664,87.5,62.54999923706055,6.889999866485596,167.13999938964844,108.61000061035156,16.808000564575195,15.670000076293945,54.79999923706055,47.08000183105469,42.59000015258789,100.76000213623047,42.939998626708984,94.51000213623047,161.22999572753906,37.33000183105469,118.27999877929688,66.0999984741211,80.68000030517578,41.09000015258789,59.10305404663086,31.809999465942383,17.65999984741211,1.6947499513626099,31.793169021606445,89.44000244140625,66.55999755859375,78.33999633789062,37.16999816894531,30.360000610351562,137.16000366210938,42.5099983215332,53.16999816894531,43.54999923706055,34.779998779296875,19.190000534057617,71.55000305175781,86.06999969482422,63.310001373291016,7.0,167.33999633789062,109.38999938964844,17.06100082397461,15.699999809265137,54.900001525878906,47.099998474121094,43.43000030517578,102.70999908447266,44.27000045776367,96.31999969482422,161.24000549316406,37.77000045776367,118.83999633789062,66.20999908447266,81.05999755859375,41.11000061035156,59.61832046508789,32.06999969482422,17.979999542236328,1.7137500047683716,31.888046264648438,90.2300033569336,67.69999694824219,78.9800033569336,37.56666564941406,30.81999969482422,138.69000244140625,42.7400016784668,53.16999816894531,43.619998931884766,35.310001373291016,19.260000228881836,71.97000122070312,87.37999725341797,4719400,25770000,2797600,324300,19596000,98501500,14042700,25542000,6263800,6505400,3923700,1724700,2469900,14393100,5733900,17226900,3184100,4106900,8276475,9525400,54502800,281624000,22029759,2583700,9746400,5211100,1019400,5104800,2452600,8364700,5804000,44008300,23705600,68471600,10594600,8222000
2016-10-05,42.34962463378906,6.78000020980835,124.84054565429688,99.22673797607422,13.35986614227295,13.019798278808594,39.22572326660156,36.1951789855957,32.446163177490234,67.63642883300781,30.980939865112305,71.03641510009766,136.57350158691406,30.781494140625,91.77809143066406,52.66272735595703,70.00638580322266,31.443788528442383,44.73645782470703,24.71074104309082,17.262582778930664,1.6777021884918213,20.776626586914062,66.50564575195312,51.49641036987305,61.16823196411133,34.25337600708008,24.328853607177734,117.87789154052734,30.672658920288086,37.502159118652344,34.358638763427734,23.934030532836914,16.42328453063965,61.570167541503906,56.84706115722656,63.38999938964844,6.78000020980835,167.24000549316406,108.80999755859375,17.347999572753906,16.110000610351562,54.790000915527344,48.650001525878906,43.90999984741211,102.2300033569336,44.18000030517578,97.37999725341797,166.39999389648438,37.9900016784668,119.18000030517578,67.69000244140625,81.75,42.27000045776367,59.92366409301758,32.560001373291016,17.700000762939453,1.7057499885559082,32.16318893432617,91.5199966430664,66.83999633789062,80.1500015258789,37.586666107177734,30.530000686645508,137.60000610351562,43.650001525878906,54.79999923706055,44.9900016784668,35.45500183105469,19.600000381469727,72.19000244140625,87.0,63.75,7.010000228881836,168.38999938964844,109.30000305175781,17.410999298095703,16.229999542236328,55.20000076293945,48.880001068115234,44.119998931884766,102.87000274658203,44.939998626708984,98.31999969482422,166.57000732421875,38.310001373291016,119.44000244140625,68.06999969482422,82.08999633789062,42.650001525878906,60.152671813964844,32.72999954223633,18.329999923706055,1.7395000457763672,32.23908996582031,91.94000244140625,67.41999816894531,80.94999694824219,37.849998474121094,30.709999084472656,138.92999267578125,43.810001373291016,55.38999938964844,45.08000183105469,35.619998931884766,19.639999389648438,72.3499984741211,87.16999816894531,63.0,6.699999809265137,166.9199981689453,108.70999908447266,17.06800079345703,15.960000038146973,54.4900016784668,48.0099983215332,43.310001373291016,101.75,43.70000076293945,96.08999633789062,163.00999450683594,37.63999938964844,118.5999984741211,66.80000305175781,81.2300033569336,41.66999816894531,59.61832046508789,32.099998474121094,17.280000686645508,1.7005000114440918,31.954458236694336,90.33999633789062,66.55000305175781,79.05999755859375,37.34333419799805,30.5,136.60000610351562,43.02000045776367,53.810001373291016,43.83000183105469,35.2400016784668,19.34000015258789,71.98999786376953,86.69999694824219,63.08000183105469,6.96999979019165,167.5500030517578,109.0999984741211,17.149999618530273,15.960000038146973,54.900001525878906,48.0099983215332,43.5,101.98999786376953,44.04999923706055,96.37000274658203,163.32000732421875,37.75,119.22000122070312,66.88999938964844,81.3499984741211,41.84000015258789,59.828243255615234,32.16999816894531,17.549999237060547,1.722000002861023,32.00189971923828,90.7699966430664,66.83999633789062,79.41000366210938,37.43333435058594,30.670000076293945,138.2100067138672,43.060001373291016,54.08000183105469,43.83000183105469,35.275001525878906,19.3700008392334,72.0999984741211,86.83000183105469,4442500,31235600,1953400,280100,26149000,86056900,10964100,18173400,6424100,5912800,6381700,3284500,2548200,22420800,5778700,16280000,3560400,4099500,8249122,11157700,67739500,305440000,14698346,3382500,6362000,7249400,3852600,6205000,4625600,6858500,6393900,40459000,26702400,58651900,12842100,8796200
2016-10-06,41.975502014160156,6.960000038146973,124.58670806884766,99.16291046142578,13.414546966552734,13.108696937561035,39.411865234375,36.50763702392578,32.89690017700195,67.6033706665039,30.49007797241211,70.86134338378906,137.1890869140625,30.8463134765625,91.44693756103516,52.802757263183594,69.76657104492188,31.510730743408203,44.636722564697266,24.581716537475586,17.29183578491211,1.6558181047439575,20.6234073638916,66.72366333007812,52.03574752807617,62.1374626159668,34.453861236572266,24.520103454589844,116.90982818603516,30.8413028717041,37.57059097290039,34.503746032714844,23.971145629882812,16.448423385620117,61.339881896972656,56.87318420410156,62.83000183105469,6.960000038146973,166.89999389648438,108.73999786376953,17.41900062561035,16.219999313354492,55.04999923706055,49.06999969482422,44.52000045776367,102.18000030517578,43.47999954223633,97.13999938964844,167.14999389648438,38.06999969482422,118.75,67.87000274658203,81.47000122070312,42.36000061035156,59.790077209472656,32.38999938964844,17.729999542236328,1.683500051498413,31.925996780395508,91.81999969482422,67.54000091552734,81.41999816894531,37.80666732788086,30.770000457763672,136.47000122070312,43.88999938964844,54.900001525878906,45.18000030517578,35.5099983215332,19.6299991607666,71.91999816894531,87.04000091552734,63.209999084472656,6.980000019073486,167.7899932861328,108.98999786376953,17.46500015258789,16.229999542236328,55.36000061035156,49.09000015258789,44.560001373291016,102.69999694824219,44.83000183105469,98.05999755859375,167.2899932861328,38.15999984741211,118.8499984741211,67.97000122070312,81.77999877929688,42.70000076293945,59.818702697753906,32.650001525878906,17.889999389648438,1.6957499980926514,32.06830978393555,91.98999786376953,69.31999969482422,81.58999633789062,37.836666107177734,30.809999465942383,137.49000549316406,44.0,55.189998626708984,45.38999938964844,35.67499923706055,19.65999984741211,72.0199966430664,87.47000122070312,62.560001373291016,6.630000114440918,165.7899932861328,107.80999755859375,17.125999450683594,16.040000915527344,54.47999954223633,48.369998931884766,43.529998779296875,101.33999633789062,43.15999984741211,96.38999938964844,164.82000732421875,37.58000183105469,117.91999816894531,67.05000305175781,80.7300033569336,41.63999938964844,58.91221237182617,32.20000076293945,17.540000915527344,1.656499981880188,31.755218505859375,90.9800033569336,66.2300033569336,80.2699966430664,37.32666778564453,30.3799991607666,135.66000366210938,43.45000076293945,54.16999816894531,44.83000183105469,35.189998626708984,19.459999084472656,71.48999786376953,86.44000244140625,63.15999984741211,6.71999979019165,166.3300018310547,108.2699966430664,17.329999923706055,16.170000076293945,54.56999969482422,48.83000183105469,44.06999969482422,102.31999969482422,44.560001373291016,97.55000305175781,167.17999267578125,37.84000015258789,118.5,67.7300033569336,81.25,42.61000061035156,59.627864837646484,32.47999954223633,17.639999389648438,1.6852500438690186,32.04933547973633,91.75,66.80000305175781,80.43000030517578,37.560001373291016,30.700000762939453,137.30999755859375,43.75,54.79999923706055,45.18000030517578,35.560001373291016,19.649999618530273,71.94999694824219,87.25,4446100,27059700,1904100,473500,21014000,75886700,10955300,15721000,8231600,4362900,5452300,1789700,2858000,15171400,4448500,17485000,2994200,5607400,11979164,11347200,21606800,360212000,16809824,3004600,12957200,6469500,2603700,4099900,4025300,12170200,4045600,29878200,22351600,53337300,9308900,7718300
2016-10-07,42.04231643676758,6.75,125.03460693359375,97.01074981689453,13.416084289550781,13.035961151123047,39.68391799926758,36.66388702392578,32.67522048950195,67.66287994384766,30.02024269104004,70.35070037841797,139.38868713378906,30.87062644958496,91.82431030273438,52.98947525024414,70.29753875732422,31.07184600830078,44.71506881713867,24.5210018157959,17.174806594848633,1.6437695026397705,20.56825065612793,66.43297576904297,52.53650665283203,62.053497314453125,34.402225494384766,24.846832275390625,117.07258605957031,30.707796096801758,37.13945770263672,34.6182975769043,23.832767486572266,16.44005012512207,61.2972412109375,56.67716598510742,62.93000030517578,6.75,167.5,106.37999725341797,17.42099952697754,16.1299991607666,55.43000030517578,49.279998779296875,44.220001220703125,102.2699966430664,42.810001373291016,96.44000244140625,169.8300018310547,38.099998474121094,119.23999786376953,68.11000061035156,82.08999633789062,41.77000045776367,59.89503860473633,32.310001373291016,17.610000610351562,1.6712499856948853,31.840606689453125,91.41999816894531,68.19000244140625,81.30999755859375,37.75,31.18000030517578,136.66000366210938,43.70000076293945,54.27000045776367,45.33000183105469,35.30500030517578,19.6200008392334,71.87000274658203,86.73999786376953,63.58000183105469,6.960000038146973,168.14999389648438,107.16999816894531,17.4950008392334,16.25,55.900001525878906,49.40999984741211,44.689998626708984,103.47000122070312,43.970001220703125,97.33000183105469,169.97999572753906,38.220001220703125,119.56999969482422,68.18000030517578,82.30999755859375,42.470001220703125,60.10496139526367,32.52000045776367,17.799999237060547,1.6992499828338623,32.25806427001953,91.98999786376953,68.33000183105469,82.0999984741211,37.866668701171875,31.209999084472656,137.5500030517578,43.959999084472656,55.16999816894531,45.45000076293945,35.665000915527344,19.65999984741211,72.20999908447266,87.4000015258789,62.5,6.619999885559082,166.3000030517578,105.36000061035156,17.23900032043457,15.979999542236328,55.060001373291016,48.68000030517578,44.02000045776367,102.19000244140625,42.38999938964844,96.05000305175781,166.24000549316406,37.779998779296875,118.69000244140625,67.4000015258789,81.30000305175781,41.5099983215332,59.18893051147461,31.950000762939453,17.299999237060547,1.6664999723434448,31.707780838012695,90.79000091552734,67.48999786376953,80.9800033569336,37.40999984741211,30.649999618530273,135.97999572753906,43.38999938964844,53.75,44.93000030517578,35.20000076293945,19.489999771118164,71.44999694824219,86.41999816894531,63.099998474121094,6.920000076293945,167.94000244140625,107.04000091552734,17.488000869750977,16.190000534057617,55.220001220703125,49.0,44.5,102.5,43.75,96.87999725341797,167.5,38.08000183105469,119.16999816894531,67.79000091552734,81.56999969482422,42.36000061035156,59.89503860473633,32.34000015258789,17.719999313354492,1.6947499513626099,31.973434448242188,91.77999877929688,67.52999877929688,81.79000091552734,37.866668701171875,30.8799991607666,137.2100067138672,43.88999938964844,54.81999969482422,45.20000076293945,35.51499938964844,19.549999237060547,71.8499984741211,86.94999694824219,3812700,33059000,1679800,861900,21842000,99605400,12714400,16584000,8281700,5844500,4907400,1742900,3390200,16942500,4799300,18497000,4241400,4427900,11292410,11406100,23849000,286260000,15619964,2081700,8398100,5305300,1383900,5753400,2568700,6560300,5564700,24893600,23488800,55532800,9920400,6614900
2016-10-10,42.29617691040039,6.840000152587891,125.6392593383789,97.5670166015625,13.459206581115723,13.17335033416748,35.6603889465332,36.86476135253906,32.80084228515625,68.79425048828125,31.128211975097656,70.97077178955078,140.38177490234375,30.80579948425293,92.25555419921875,53.40180969238281,71.12821960449219,31.592559814453125,45.520050048828125,24.71074104309082,17.067522048950195,1.6499165296554565,20.59889793395996,66.62919616699219,51.81230163574219,62.83192825317383,34.22907638549805,24.926517486572266,118.28907012939453,30.778059005737305,37.461097717285156,34.86268615722656,24.207414627075195,16.52383804321289,61.57869338989258,57.78793716430664,63.310001373291016,6.840000152587891,168.30999755859375,106.98999786376953,17.476999282836914,16.299999237060547,49.810001373291016,49.54999923706055,44.38999938964844,103.9800033569336,44.38999938964844,97.29000091552734,171.0399932861328,38.02000045776367,119.80000305175781,68.63999938964844,83.05999755859375,42.470001220703125,60.97328186035156,32.560001373291016,17.5,1.6775000095367432,31.888046264648438,91.69000244140625,67.25,82.33000183105469,37.560001373291016,31.280000686645508,138.0800018310547,43.79999923706055,54.7400016784668,45.650001525878906,35.86000061035156,19.719999313354492,72.19999694824219,88.44000244140625,63.65999984741211,6.940000057220459,168.58999633789062,107.73999786376953,17.59000015258789,16.399999618530273,51.29999923706055,49.959999084472656,45.040000915527344,104.41999816894531,44.5,98.0999984741211,171.75,38.36000061035156,120.19999694824219,69.05999755859375,83.23999786376953,42.630001068115234,61.889312744140625,32.709999084472656,17.84000015258789,1.6890000104904175,32.10626220703125,92.05999755859375,68.58000183105469,82.44000244140625,38.06999969482422,31.479999542236328,138.35000610351562,43.9900016784668,54.9900016784668,45.91999816894531,35.9900016784668,19.809999465942383,72.41999816894531,88.66999816894531,62.91999816894531,6.800000190734863,167.6699981689453,106.98999786376953,17.375999450683594,16.18000030517578,49.540000915527344,49.369998931884766,44.36000061035156,103.20999908447266,43.25,97.12999725341797,170.10000610351562,37.900001525878906,119.3499984741211,68.2300033569336,82.0999984741211,42.02000045776367,60.53435134887695,32.40999984741211,17.489999771118164,1.6617499589920044,31.850095748901367,91.41000366210938,67.05999755859375,81.7300033569336,37.54666519165039,31.15999984741211,136.97000122070312,43.66999816894531,54.45000076293945,45.439998626708984,35.30500030517578,19.700000762939453,72.0,87.51000213623047,63.06999969482422,6.820000171661377,168.1999969482422,107.62999725341797,17.472999572753906,16.219999313354492,50.790000915527344,49.459999084472656,44.630001068115234,103.20999908447266,43.4900016784668,97.27999877929688,170.52000427246094,38.25,119.51000213623047,68.33999633789062,82.12999725341797,42.47999954223633,61.26908493041992,32.619998931884766,17.719999313354492,1.6799999475479126,31.925996780395508,91.79000091552734,68.33999633789062,81.7300033569336,37.926666259765625,31.190000534057617,136.97000122070312,43.91999816894531,54.66999816894531,45.70000076293945,35.30500030517578,19.719999313354492,72.0,87.54000091552734,3135300,13800500,1628200,686400,16336000,64158500,65259700,14022700,9102100,5982700,4893500,1963600,2532000,14954300,3657000,13027500,4608400,3808300,21322503,6609200,18857600,287876000,17268420,2392500,7029800,4565100,1210500,7810500,2586000,4797400,4118400,21804900,23069000,37997400,11039500,10060000
2016-10-11,41.68154525756836,6.5,122.66079711914062,93.66398620605469,13.181970596313477,13.019798278808594,35.4742546081543,36.448143005371094,32.0175895690918,68.1723403930664,30.95288848876953,70.06620025634766,138.74024963378906,30.19811248779297,90.5921630859375,53.145084381103516,70.05778503417969,31.21318244934082,44.11669158935547,24.42234230041504,16.443344116210938,1.6260650157928467,20.30471420288086,65.7717056274414,50.91858673095703,62.34352493286133,33.512168884277344,24.488229751586914,115.43639373779297,30.419694900512695,37.0847053527832,34.70994186401367,23.930648803710938,16.373014450073242,60.03496551513672,57.33055877685547,62.38999938964844,6.5,164.32000732421875,102.70999908447266,17.117000579833984,16.110000610351562,49.54999923706055,48.9900016784668,43.33000183105469,103.04000091552734,44.13999938964844,96.05000305175781,169.0399932861328,37.27000045776367,117.63999938964844,68.30999755859375,81.80999755859375,41.959999084472656,59.093509674072266,32.18000030517578,16.860000610351562,1.653249979019165,31.43263816833496,90.51000213623047,66.08999633789062,81.69000244140625,36.77333450317383,30.729999542236328,134.75,43.290000915527344,54.189998626708984,45.45000076293945,35.45000076293945,19.540000915527344,70.38999938964844,87.73999786376953,63.2599983215332,6.840000152587891,167.82000732421875,105.63999938964844,17.549999237060547,16.329999923706055,50.22999954223633,49.650001525878906,44.59000015258789,104.0999984741211,44.34000015258789,97.06999969482422,170.8699951171875,38.0,119.62999725341797,68.81999969482422,82.8499984741211,42.95000076293945,60.639312744140625,32.7599983215332,17.469999313354492,1.6744999885559082,31.850095748901367,91.88999938964844,67.08999633789062,82.2300033569336,37.51333236694336,30.989999771118164,137.69000244140625,43.84000015258789,55.2599983215332,45.81999969482422,35.79499816894531,19.719999313354492,71.8499984741211,88.19000244140625,62.04999923706055,6.380000114440918,163.50999450683594,102.41000366210938,16.952999114990234,16.020000457763672,49.5,48.689998626708984,43.18000030517578,102.68000030517578,43.650001525878906,95.72000122070312,167.91000366210938,36.81999969482422,117.05999755859375,67.93000030517578,81.25,41.560001373291016,58.921756744384766,31.950000762939453,16.530000686645508,1.6404999494552612,31.25237274169922,90.18000030517578,65.44999694824219,81.16000366210938,36.45000076293945,30.510000228881836,134.3699951171875,43.060001373291016,54.0,45.150001525878906,35.255001068115234,19.40999984741211,70.08000183105469,87.30000305175781,63.08000183105469,6.800000190734863,167.82000732421875,105.61000061035156,17.52899932861328,16.260000228881836,49.66999816894531,49.279998779296875,44.31999969482422,103.77999877929688,44.2400016784668,96.75,169.83999633789062,37.90999984741211,119.41000366210938,68.5,82.5999984741211,42.5,60.6202278137207,32.4900016784668,17.399999618530273,1.6720000505447388,31.840606689453125,91.63999938964844,67.0,82.08000183105469,37.51333236694336,30.989999771118164,137.32000732421875,43.790000915527344,55.04999923706055,45.79999923706055,35.73500061035156,19.65999984741211,71.8499984741211,88.08000183105469,5308400,32510800,2761900,959100,26181000,77374000,24532500,16033300,6899400,5337300,4444700,2099900,2680000,27650500,6394200,15657100,4218200,5130600,14625259,6827700,38070200,388540000,18268033,2822100,8910600,5063000,1871400,10157600,3353600,6334700,4419700,25442600,27424400,78581200,12499700,9309000
2016-10-12,41.270259857177734,6.619999885559082,122.3323745727539,93.54545593261719,13.128064155578613,12.955142974853516,35.80357360839844,36.23236846923828,32.121028900146484,67.58349609375,31.24741554260254,70.24857330322266,138.95370483398438,30.084688186645508,90.84630584716797,53.00503158569336,68.94454956054688,30.99001121520996,43.92435836791992,24.217432022094727,16.365318298339844,1.6334420442581177,20.267942428588867,65.67723083496094,50.89546585083008,62.152713775634766,33.39975357055664,24.982301712036133,115.73621368408203,30.49698257446289,36.810970306396484,34.61065673828125,23.829387664794922,16.35625457763672,59.753509521484375,56.931976318359375,61.209999084472656,6.619999885559082,163.8800048828125,102.58000183105469,17.047000885009766,16.030000686645508,50.0099983215332,48.70000076293945,43.470001220703125,102.1500015258789,44.560001373291016,96.30000305175781,169.3000030517578,37.130001068115234,117.97000122070312,68.12999725341797,80.51000213623047,41.65999984741211,58.83587646484375,31.90999984741211,16.780000686645508,1.6607500314712524,31.37571144104004,90.37999725341797,66.05999755859375,81.44000244140625,36.650001525878906,31.350000381469727,135.10000610351562,43.400001525878906,53.790000915527344,45.31999969482422,35.29999923706055,19.520000457763672,70.05999755859375,87.12999725341797,62.22999954223633,6.769999980926514,165.58999633789062,102.66999816894531,17.106000900268555,16.239999771118164,50.970001220703125,49.220001220703125,43.540000915527344,102.83000183105469,44.70000076293945,96.76000213623047,169.99000549316406,37.25,118.43000030517578,68.58999633789062,82.22000122070312,41.9900016784668,59.761451721191406,32.380001068115234,17.040000915527344,1.6694999933242798,31.537002563476562,91.0999984741211,66.48999786376953,81.79000091552734,36.7599983215332,31.40999984741211,135.72000122070312,43.68000030517578,54.060001373291016,45.83000183105469,35.42499923706055,19.649999618530273,70.70999908447266,87.72000122070312,61.02000045776367,6.420000076293945,163.61000061035156,101.41999816894531,16.84000015258789,16.010000228881836,49.7400016784668,48.65999984741211,42.56999969482422,101.5999984741211,43.15999984741211,95.1500015258789,168.3000030517578,36.810001373291016,117.5,68.05000305175781,80.45999908447266,40.95000076293945,58.75954055786133,31.8799991607666,16.670000076293945,1.6327500343322754,31.25237274169922,90.16999816894531,65.05999755859375,81.02999877929688,36.323333740234375,30.700000762939453,133.63999938964844,43.279998779296875,52.63999938964844,45.31999969482422,35.0,19.489999771118164,69.98999786376953,86.66999816894531,62.0,6.639999866485596,164.32000732421875,102.30999755859375,17.075000762939453,16.09000015258789,49.81999969482422,48.970001220703125,43.16999816894531,102.73999786376953,43.93000030517578,95.87999725341797,169.0399932861328,37.20000076293945,117.95999908447266,68.26000213623047,81.80999755859375,41.810001373291016,59.54198455810547,32.18000030517578,16.8799991607666,1.6464999914169312,31.44212532043457,90.6500015258789,66.48999786376953,81.76000213623047,36.75,30.899999618530273,134.97999572753906,43.36000061035156,54.02000045776367,45.5099983215332,35.29999923706055,19.520000457763672,70.43000030517578,87.22000122070312,4563800,33592700,2250600,794500,21740000,67165800,18137500,14407300,5759100,4935100,6757900,2415800,2404000,14053900,4685200,11899800,3629800,3738600,10607751,6743300,17901800,419920000,15956295,2975900,6615700,4059400,1567500,9587000,4287900,4025200,5334200,21780500,20878200,51378700,11746400,8172600
2016-10-13,41.22980499267578,6.489999771118164,122.63838958740234,91.54830932617188,13.010233879089355,12.793508529663086,35.9682502746582,36.061248779296875,31.325801849365234,66.6837158203125,30.784597396850586,69.7867431640625,137.41065979003906,29.955041885375977,91.06961059570312,52.70161437988281,68.5077896118164,30.915632247924805,44.52986526489258,24.08082389831543,16.43358612060547,1.6068861484527588,20.077945709228516,64.29541015625,50.61811447143555,62.22140121459961,33.00486373901367,24.328853607177734,114.95665740966797,30.131576538085938,36.85203170776367,34.17535400390625,23.697751998901367,16.19704818725586,59.77909469604492,56.55952835083008,61.150001525878906,6.489999771118164,164.2899932861328,100.38999938964844,16.893999099731445,15.829999923706055,50.2400016784668,48.470001220703125,42.150001525878906,100.79000091552734,43.900001525878906,95.5,167.4199981689453,36.970001220703125,118.26000213623047,67.73999786376953,80.0,41.560001373291016,59.64694595336914,31.729999542236328,16.850000381469727,1.6337499618530273,31.081594467163086,87.94000244140625,65.69999694824219,81.52999877929688,36.21666717529297,30.530000686645508,134.19000244140625,42.880001068115234,53.849998474121094,44.75,35.10499954223633,19.329999923706055,70.08999633789062,86.55999755859375,61.61000061035156,6.539999961853027,165.08999633789062,100.6500015258789,16.989999771118164,16.09000015258789,50.4900016784668,48.68000030517578,42.689998626708984,101.72000122070312,44.7599983215332,95.93000030517578,167.6300048828125,37.130001068115234,119.19999694824219,67.87000274658203,80.48999786376953,41.790000915527344,60.066795349121094,33.0,17.0,1.6449999809265137,31.214420318603516,89.25,66.05999755859375,81.91999816894531,36.323333740234375,30.93000030517578,134.64999389648438,43.0099983215332,54.25,45.2400016784668,35.28499984741211,19.3700008392334,70.3499984741211,86.87000274658203,60.68000030517578,6.239999771118164,162.50999450683594,100.04000091552734,16.68000030517578,15.600000381469727,49.119998931884766,47.540000915527344,41.869998931884766,99.61000061035156,43.27000045776367,93.98999786376953,165.50999450683594,36.459999084472656,117.27999877929688,66.81999969482422,79.5999984741211,40.45000076293945,59.10305404663086,30.959999084472656,16.170000076293945,1.5924999713897705,30.85388946533203,87.33999633789062,64.30000305175781,80.62000274658203,35.633331298828125,29.520000457763672,133.61000061035156,42.369998931884766,53.0,44.279998779296875,34.64500045776367,19.110000610351562,69.41999816894531,85.43000030517578,60.959999084472656,6.5,162.85000610351562,100.58999633789062,16.87700080871582,16.09000015258789,49.630001068115234,47.91999816894531,42.650001525878906,101.48999786376953,44.040000915527344,95.43000030517578,167.60000610351562,36.849998474121094,117.54000091552734,67.45999908447266,79.93000030517578,41.27000045776367,59.39885330200195,31.489999771118164,16.559999465942383,1.6412500143051147,30.90132713317871,89.0,65.55000305175781,81.0199966430664,36.323333740234375,30.93000030517578,134.64999389648438,43.0099983215332,53.56999969482422,45.2400016784668,35.08000183105469,19.360000610351562,69.6500015258789,86.3499984741211,5988600,30401700,2430900,1161200,22373000,78637000,15096000,22302200,7443500,7883000,4636300,2252400,2713700,16936000,7387400,17890000,3565000,4327500,15239492,13893500,28593700,390116000,25488144,4091800,7236600,4656600,2082000,17323000,3425700,6522000,3862400,44174600,27086800,73171100,13623100,9890300
2016-10-14,40.56904983520508,6.75,120.85437774658203,92.21402740478516,13.098798751831055,12.930900573730469,35.63176345825195,36.16541290283203,30.96907615661621,66.87556457519531,30.209577560424805,69.04141235351562,139.9550323486328,30.343955993652344,90.53057861328125,52.53044891357422,67.8826675415039,30.982582092285156,44.26628875732422,24.338857650756836,16.706668853759766,1.622623085975647,20.016653060913086,64.3612060546875,50.61811447143555,62.06114959716797,33.253963470458984,24.432453155517578,114.7253646850586,30.11050796508789,36.810970306396484,34.144805908203125,23.559370040893555,16.2724609375,59.37823486328125,56.54648208618164,60.16999816894531,6.75,161.89999389648438,101.12000274658203,17.009000778198242,16.0,49.77000045776367,48.61000061035156,41.66999816894531,101.08000183105469,43.08000183105469,94.4800033569336,170.52000427246094,37.45000076293945,117.55999755859375,67.5199966430664,79.2699966430664,41.650001525878906,59.29389190673828,32.06999969482422,17.1299991607666,1.649749994277954,30.986717224121094,88.02999877929688,65.69999694824219,81.31999969482422,36.4900016784668,30.65999984741211,133.9199981689453,42.849998474121094,53.790000915527344,44.709999084472656,34.900001525878906,19.420000076293945,69.62000274658203,86.54000091552734,61.52000045776367,7.119999885559082,165.25,102.11000061035156,17.263999938964844,16.229999542236328,50.650001525878906,49.95000076293945,42.7400016784668,101.95999908447266,44.4900016784668,96.2699966430664,172.9499969482422,37.70000076293945,118.80000305175781,69.02999877929688,80.31999969482422,41.97999954223633,59.98091506958008,32.790000915527344,17.40999984741211,1.6649999618530273,31.214420318603516,90.08999633789062,66.58999633789062,82.36000061035156,36.91666793823242,31.270000457763672,135.50999450683594,43.439998626708984,54.369998931884766,45.52000045776367,35.400001525878906,19.6200008392334,70.44000244140625,87.54000091552734,60.150001525878906,6.739999771118164,161.83999633789062,100.94999694824219,16.93400001525879,15.9399995803833,49.7599983215332,48.38999938964844,41.63999938964844,100.61000061035156,43.06999969482422,93.91000366210938,169.11000061035156,37.15999984741211,117.55999755859375,67.30000305175781,79.20999908447266,41.13999938964844,59.28435134887695,31.889999389648438,16.989999771118164,1.6399999856948853,30.986717224121094,87.58999633789062,65.44999694824219,81.30999755859375,36.456668853759766,30.56999969482422,133.88999938964844,42.720001220703125,53.599998474121094,44.31999969482422,34.875,19.360000610351562,69.5999984741211,86.4800033569336,61.45000076293945,6.920000076293945,165.0500030517578,101.58000183105469,16.99799919128418,16.149999618530273,50.349998474121094,49.599998474121094,42.349998474121094,101.4800033569336,44.13999938964844,96.2699966430664,171.60000610351562,37.189998626708984,118.5,68.80000305175781,80.16999816894531,41.939998626708984,59.847328186035156,32.2400016784668,17.030000686645508,1.653749942779541,31.053131103515625,89.58999633789062,65.94000244140625,81.97000122070312,36.54666519165039,31.059999465942383,134.77999877929688,43.31999969482422,53.97999954223633,45.16999816894531,35.28499984741211,19.559999465942383,70.25,87.19000244140625,5606500,66934400,2817500,331200,19570000,108865700,13848400,28291800,6571300,5114700,3257600,2526800,5282300,19123900,5640500,24163800,3143900,4642100,12790002,13734100,23539800,330636000,16410042,4586400,6743100,4681500,1365000,9822900,3452900,5785400,3071900,45418600,22744800,76176500,8382400,7991700
2016-10-17,40.54882049560547,6.670000076293945,121.39183044433594,92.25048828125,13.005615234375,12.971305847167969,35.32390213012695,36.15796661376953,30.545455932617188,67.06085205078125,29.290943145751953,68.52985382080078,138.7074432373047,30.214326858520508,91.24671936035156,52.25814437866211,67.24896240234375,31.131366729736328,43.82463073730469,24.126358032226562,16.570125579833984,1.6132789850234985,19.918598175048828,64.4928207397461,50.22519302368164,61.80166244506836,33.080810546875,24.360729217529297,114.90521240234375,30.019153594970703,37.05733108520508,33.98442459106445,23.444612503051758,16.19704818725586,59.18205261230469,56.54648208618164,60.13999938964844,6.670000076293945,162.6199951171875,101.16000366210938,16.88800048828125,16.049999237060547,49.34000015258789,48.599998474121094,41.099998474121094,101.36000061035156,41.77000045776367,93.77999877929688,169.0,37.290000915527344,118.48999786376953,67.16999816894531,78.52999877929688,41.849998474121094,58.70228958129883,31.790000915527344,16.989999771118164,1.6402499675750732,30.834915161132812,88.20999908447266,65.19000244140625,80.9800033569336,36.29999923706055,30.56999969482422,134.1300048828125,42.720001220703125,54.150001525878906,44.5,34.72999954223633,19.329999923706055,69.38999938964844,86.54000091552734,60.709999084472656,6.96999979019165,163.4499969482422,101.33999633789062,17.094999313354492,16.200000762939453,49.790000915527344,49.13999938964844,41.81999969482422,101.48999786376953,43.15999984741211,94.94999694824219,171.27000427246094,37.720001220703125,118.55000305175781,67.79000091552734,79.52999877929688,42.279998779296875,59.20801544189453,32.16999816894531,17.170000076293945,1.6649999618530273,31.034156799316406,89.18000030517578,65.70999908447266,81.76000213623047,36.650001525878906,30.760000228881836,134.42999267578125,43.06999969482422,55.59000015258789,44.7599983215332,35.02000045776367,19.469999313354492,69.6500015258789,86.79000091552734,59.86000061035156,6.639999866485596,161.13999938964844,100.51000213623047,16.87299919128418,15.899999618530273,49.099998474121094,48.40999984741211,40.81999969482422,100.62000274658203,41.400001525878906,93.05000305175781,168.4499969482422,37.2400016784668,117.5,66.73999786376953,78.01000213623047,41.459999084472656,58.01526641845703,31.610000610351562,16.93000030517578,1.6380000114440918,30.81593894958496,87.97000122070312,65.08999633789062,80.69000244140625,36.279998779296875,30.3799991607666,133.02999877929688,42.52000045776367,53.599998474121094,44.31999969482422,34.540000915527344,19.280000686645508,69.23999786376953,86.06999969482422,60.099998474121094,6.920000076293945,162.1999969482422,100.62000274658203,16.969999313354492,16.170000076293945,49.689998626708984,48.59000015258789,41.58000183105469,100.94000244140625,42.939998626708984,94.45999908447266,170.5,37.54999923706055,117.5,67.41999816894531,79.52999877929688,41.63999938964844,59.20801544189453,32.04999923706055,17.020000457763672,1.6495000123977661,30.910816192626953,88.41999816894531,65.52999877929688,81.31999969482422,36.45333480834961,30.520000457763672,134.05999755859375,42.880001068115234,53.91999816894531,44.540000915527344,34.90999984741211,19.43000030517578,69.51000213623047,86.4800033569336,6138700,24261500,2348400,399000,12741000,101795500,11578000,16655000,5645300,4540800,6840100,2100100,3061400,15788100,6956400,14963400,3884700,4100300,13681221,10114300,12657800,195328000,17837369,3053800,6348200,3710900,701100,7598400,3602500,6288100,5476200,18861300,14850000,41236100,8463000,7263100
2016-10-18,41.49950408935547,6.730000019073486,121.52620697021484,93.31745147705078,13.258981704711914,13.141027450561523,35.832218170166016,36.448143005371094,30.211015701293945,67.34532165527344,29.382099151611328,68.05487060546875,141.68678283691406,30.587038040161133,88.87488555908203,52.670509338378906,67.45448303222656,31.785964965820312,44.23067092895508,24.528593063354492,16.979753494262695,1.6378682851791382,20.035045623779297,65.69917297363281,50.92628479003906,62.114566802978516,33.463565826416016,24.591833114624023,122.83805084228516,30.222929000854492,37.95383071899414,34.328094482421875,23.53912353515625,16.331113815307617,59.889957427978516,56.69675827026367,61.54999923706055,6.730000019073486,162.8000030517578,102.33000183105469,17.216999053955078,16.260000228881836,50.04999923706055,48.9900016784668,40.650001525878906,101.79000091552734,41.900001525878906,93.12999725341797,172.6300048828125,37.75,115.41000366210938,67.69999694824219,78.7699966430664,42.72999954223633,59.24618148803711,32.31999969482422,17.40999984741211,1.6652499437332153,31.015180587768555,89.86000061035156,66.0999984741211,81.38999938964844,36.720001220703125,30.860000610351562,143.38999938964844,43.0099983215332,55.459999084472656,44.95000076293945,34.869998931884766,19.489999771118164,70.22000122070312,86.7699966430664,61.619998931884766,6.889999866485596,163.86000061035156,102.58000183105469,17.28700065612793,16.270000457763672,50.349998474121094,49.290000915527344,41.619998931884766,102.25,42.7400016784668,95.16000366210938,173.47000122070312,38.04999923706055,118.4800033569336,68.20999908447266,79.1500015258789,43.040000915527344,59.75190734863281,32.5099983215332,17.65999984741211,1.6747499704360962,31.185958862304688,89.95999908447266,66.22000122070312,81.80000305175781,36.869998931884766,30.979999542236328,143.9499969482422,43.20000076293945,55.61000061035156,45.0,35.150001525878906,19.549999237060547,70.37000274658203,87.33000183105469,60.400001525878906,6.690000057220459,162.75,101.83000183105469,17.054000854492188,16.110000610351562,49.34000015258789,48.810001373291016,40.369998931884766,101.12000274658203,41.56999969482422,92.94000244140625,171.10000610351562,37.529998779296875,115.16000366210938,67.54000091552734,78.5,42.150001525878906,58.99809265136719,32.040000915527344,17.200000762939453,1.65625,30.939279556274414,88.63999938964844,65.56999969482422,80.66999816894531,36.650001525878906,30.690000534057617,137.8699951171875,42.83000183105469,54.15999984741211,44.40999984741211,34.71500015258789,19.40999984741211,69.86000061035156,86.37999725341797,60.619998931884766,6.760000228881836,163.74000549316406,102.51000213623047,17.065000534057617,16.190000534057617,49.47999954223633,49.18000030517578,41.59000015258789,101.98999786376953,42.599998474121094,94.95999908447266,172.00999450683594,37.970001220703125,117.37999725341797,67.8499984741211,79.08999633789062,42.22999954223633,59.064884185791016,32.25,17.209999084472656,1.6629999876022339,31.062618255615234,89.45999908447266,66.18000030517578,81.58000183105469,36.746665954589844,30.90999984741211,139.1999969482422,43.13999938964844,54.349998474121094,44.75,35.07500076293945,19.530000686645508,70.02999877929688,87.16999816894531,6655100,25314800,2001800,955700,14167000,71433100,8773300,18159900,6896900,4720900,5126700,2735400,4482500,42907800,12598300,11870300,3218300,3060700,10467424,13091600,20185700,269372000,15624074,2630200,5966900,3956800,891600,5487500,10141900,6297900,6109400,23877600,13890200,45958700,5495800,5429300
2016-10-19,41.4185905456543,6.769999980926514,120.24224090576172,94.92243957519531,13.235878944396973,13.31074333190918,35.7033576965332,36.81268310546875,31.006227493286133,67.66287994384766,30.12542152404785,69.46520233154297,143.2298126220703,28.772071838378906,88.243408203125,53.176204681396484,67.27467346191406,31.72646141052246,44.07395553588867,24.991540908813477,16.794443130493164,1.6344256401062012,19.97988510131836,66.9713363647461,50.68745040893555,63.67906188964844,33.323829650878906,24.68745231628418,123.67754364013672,30.623470306396484,37.32423782348633,34.564842224121094,23.873271942138672,16.473560333251953,59.66822052001953,56.958152770996094,61.43000030517578,6.769999980926514,161.0800018310547,104.08999633789062,17.187000274658203,16.469999313354492,49.869998931884766,49.47999954223633,41.720001220703125,102.2699966430664,42.959999084472656,95.05999755859375,174.50999450683594,35.5099983215332,114.58999633789062,68.3499984741211,78.55999755859375,42.650001525878906,59.036258697509766,32.93000030517578,17.219999313354492,1.6617499589920044,30.929790496826172,91.5999984741211,65.79000091552734,83.44000244140625,36.56666564941406,30.979999542236328,144.3699951171875,43.58000183105469,54.540000915527344,45.2599983215332,35.3650016784668,19.65999984741211,69.95999908447266,87.16999816894531,62.15999984741211,6.800000190734863,163.61000061035156,104.75,17.22800064086914,16.530000686645508,50.18000030517578,49.709999084472656,42.099998474121094,103.69999694824219,43.5,96.18000030517578,175.67999267578125,36.09000015258789,115.88999938964844,68.5,79.33000183105469,43.06999969482422,59.446563720703125,33.0,17.25,1.6694999933242798,31.166982650756836,91.87000274658203,66.06999969482422,84.30000305175781,36.61333465576172,31.040000915527344,146.36000061035156,44.189998626708984,55.54999923706055,45.529998779296875,35.6349983215332,19.709999084472656,70.37000274658203,87.8499984741211,61.16999816894531,6.570000171661377,161.02000427246094,103.19999694824219,17.01099967956543,16.280000686645508,49.79999923706055,49.029998779296875,40.880001068115234,102.23999786376953,41.95000076293945,94.0,173.17999267578125,35.22999954223633,114.45999908447266,67.80999755859375,78.52999877929688,42.25,58.979007720947266,32.18000030517578,16.850000381469727,1.6454999446868896,30.82542610168457,90.12999725341797,65.30999755859375,82.0,36.220001220703125,30.65999984741211,142.82000732421875,42.849998474121094,53.900001525878906,44.86000061035156,35.10499954223633,19.530000686645508,69.94000244140625,86.87999725341797,62.040000915527344,6.699999809265137,163.4199981689453,104.75,17.117000579833984,16.299999237060547,49.95000076293945,49.11000061035156,40.959999084472656,102.47000122070312,42.15999984741211,94.26000213623047,173.3699951171875,36.06999969482422,115.56999969482422,67.80999755859375,78.95999908447266,42.91999816894531,59.28435134887695,32.84000015258789,17.0,1.6540000438690186,31.072105407714844,90.2300033569336,65.87999725341797,82.0,36.400001525878906,30.950000762939453,143.82000732421875,44.189998626708984,55.400001525878906,44.86000061035156,35.13999938964844,19.549999237060547,70.30999755859375,87.19000244140625,5588900,29420200,2502700,1109900,20440000,97969000,7636200,14663600,9634100,5905700,5655800,3163600,3676000,75229000,7400900,12705800,2988500,7261200,5850670,18522700,18629500,199060000,17247445,3442800,5414700,9926100,1192200,6733000,5796000,10319300,7486700,26977000,28631800,49835900,5296700,9373400
2016-10-20,41.641090393066406,6.960000038146973,120.55573272705078,94.45735168457031,13.354473114013672,13.383478164672852,36.05415344238281,36.88707733154297,30.83529281616211,67.39824676513672,30.111400604248047,69.35560607910156,143.2298126220703,28.707244873046875,88.45905303955078,53.10618591308594,67.42880249023438,32.02401351928711,44.10957336425781,24.96877098083496,16.77493667602539,1.665407419204712,19.943115234375,68.21424102783203,51.881629943847656,63.335609436035156,33.557735443115234,24.751201629638672,124.2772445678711,30.88346290588379,37.48163986206055,34.31282043457031,23.846267700195312,16.473560333251953,59.94967269897461,56.984249114990234,61.7599983215332,6.960000038146973,161.5,103.58000183105469,17.340999603271484,16.559999465942383,50.36000061035156,49.58000183105469,41.4900016784668,101.87000274658203,42.939998626708984,94.91000366210938,174.50999450683594,35.43000030517578,114.87000274658203,68.26000213623047,78.73999786376953,43.04999923706055,59.08396911621094,32.900001525878906,17.200000762939453,1.6932499408721924,30.872865676879883,93.30000305175781,67.33999633789062,82.98999786376953,36.823333740234375,31.059999465942383,145.07000732421875,43.95000076293945,54.77000045776367,44.93000030517578,35.32500076293945,19.65999984741211,70.29000091552734,87.20999908447266,61.97999954223633,6.980000019073486,163.35000610351562,103.62000274658203,17.45800018310547,16.6299991607666,50.47999954223633,49.900001525878906,42.06999969482422,102.22000122070312,43.220001220703125,95.5,175.7899932861328,35.66999816894531,115.69999694824219,68.68000030517578,79.11000061035156,43.2400016784668,59.417938232421875,33.189998626708984,17.5,1.6987500190734863,31.062618255615234,93.43000030517578,68.16999816894531,83.36000061035156,36.956668853759766,31.149999618530273,145.8800048828125,44.09000015258789,54.959999084472656,45.290000915527344,35.470001220703125,19.780000686645508,70.51000213623047,87.5,61.33000183105469,6.769999980926514,161.0,102.47000122070312,17.101999282836914,16.40999984741211,49.7599983215332,49.209999084472656,41.09000015258789,100.69000244140625,41.97999954223633,93.7699966430664,173.8000030517578,35.099998474121094,114.58999633789062,67.94000244140625,78.38999938964844,42.220001220703125,58.864505767822266,32.58000183105469,17.049999237060547,1.6575000286102295,30.82542610168457,91.04000091552734,65.4800033569336,81.87999725341797,36.276668548583984,30.799999237060547,143.97999572753906,43.52000045776367,54.29999923706055,44.65999984741211,34.959999084472656,19.579999923706055,69.91999816894531,86.5999984741211,61.45000076293945,6.809999942779541,161.0,102.5199966430664,17.166000366210938,16.450000762939453,49.810001373291016,49.459999084472656,41.380001068115234,101.63999938964844,42.2599983215332,93.97000122070312,174.0,35.40999984741211,114.83000183105469,68.08000183105469,78.7300033569336,42.40999984741211,59.11259460449219,32.84000015258789,17.049999237060547,1.681249976158142,30.82542610168457,91.19000244140625,65.4800033569336,82.75,36.5,30.93000030517578,144.49000549316406,43.59000015258789,54.83000183105469,44.970001220703125,35.154998779296875,19.639999389648438,70.05000305175781,86.79000091552734,4391300,64607500,2922600,739900,18961000,88081200,9310200,13522600,6446100,4820900,4258100,2472200,2471100,25669500,6973000,14122000,2661900,3051100,6626923,10650700,17129700,312084000,20334190,4775500,13579000,7773200,2059800,7329800,5203700,8553000,3650900,27210600,24989000,56238200,6876000,6866900
2016-10-21,41.11518096923828,6.519999980926514,118.32380676269531,95.9894027709961,13.31673812866211,13.472379684448242,35.81074523925781,36.87963104248047,30.872451782226562,67.0211181640625,29.936084747314453,68.6029281616211,143.3611297607422,28.480371475219727,87.35784149169922,53.28510284423828,67.00918579101562,32.79763412475586,43.596675872802734,25.378589630126953,16.5213623046875,1.6607357263565063,19.72247886657715,67.9364242553711,52.33619689941406,61.41242599487305,33.47268295288086,24.767141342163086,124.53422546386719,30.813201904296875,38.15913009643555,34.43500900268555,23.691011428833008,16.46518325805664,59.45499038696289,56.598751068115234,60.97999954223633,6.519999980926514,158.50999450683594,105.26000213623047,17.29199981689453,16.670000076293945,50.02000045776367,49.56999969482422,41.540000915527344,101.30000305175781,42.689998626708984,93.87999725341797,174.6699981689453,35.150001525878906,113.44000244140625,68.48999786376953,78.25,44.09000015258789,58.39694595336914,33.439998626708984,16.940000534057617,1.6885000467300415,30.531309127807617,92.91999816894531,67.93000030517578,80.47000122070312,36.72999954223633,31.079999923706055,145.3699951171875,43.849998474121094,55.7599983215332,45.09000015258789,35.095001220703125,19.649999618530273,69.70999908447266,86.62000274658203,61.439998626708984,6.650000095367432,161.22000122070312,105.31999969482422,17.34000015258789,16.670000076293945,50.45000076293945,49.630001068115234,41.599998474121094,101.55999755859375,43.040000915527344,95.0199966430664,174.89999389648438,35.400001525878906,114.23999786376953,68.52999877929688,78.77999877929688,44.27000045776367,59.064884185791016,33.52000045776367,17.06999969482422,1.691499948501587,30.7874755859375,93.18000030517578,69.44000244140625,82.41999816894531,36.766666412353516,31.139999389648438,145.44000244140625,43.88999938964844,55.90999984741211,45.29999923706055,35.154998779296875,19.670000076293945,69.93000030517578,86.81999969482422,60.650001525878906,6.369999885559082,158.35000610351562,103.4000015258789,17.06999969482422,16.399999618530273,49.880001068115234,48.97999954223633,40.959999084472656,100.62999725341797,42.27000045776367,93.63999938964844,172.50999450683594,34.810001373291016,112.98999786376953,67.69999694824219,78.08000183105469,42.560001373291016,58.23473358154297,32.540000915527344,16.799999237060547,1.6725000143051147,30.531309127807617,92.37000274658203,66.69999694824219,79.68000030517578,36.383331298828125,30.760000228881836,143.75999450683594,43.5,54.209999084472656,44.65999984741211,34.88999938964844,19.469999313354492,69.52999877929688,85.69999694824219,61.380001068115234,6.5,160.69000244140625,103.47000122070312,17.229000091552734,16.459999084472656,50.11000061035156,49.06999969482422,41.16999816894531,101.05999755859375,42.41999816894531,94.19000244140625,172.83999633789062,35.209999084472656,114.11000061035156,67.80999755859375,78.54000091552734,42.65999984741211,58.73091506958008,32.599998474121094,17.0,1.687250018119812,30.75901222229004,92.79000091552734,67.11000061035156,81.8499984741211,36.529998779296875,30.920000076293945,144.25999450683594,43.59000015258789,54.5,44.7400016784668,35.095001220703125,19.5,69.93000030517578,86.41999816894531,4341700,64243500,3541000,1638300,15842000,77954900,8558700,12728600,5553200,5622400,3173700,2729600,2004400,20813200,8422000,12175700,3215000,4808900,7762222,13910300,18710300,279508000,19852090,3901000,19676600,10221800,1095900,3817100,3331800,6422300,5287900,21490800,28477000,39543100,5511600,10736200
2016-10-24,41.20957565307617,7.010000228881836,118.51041412353516,96.00762939453125,13.596288681030273,13.553196907043457,35.245155334472656,36.88707733154297,31.3927001953125,66.59770202636719,29.255882263183594,68.41293334960938,143.73046875,28.56949806213379,87.48876953125,53.580753326416016,66.42688751220703,32.56704330444336,43.276092529296875,25.333059310913086,16.638397216796875,1.7386822700500488,19.69183349609375,68.009521484375,52.436363220214844,61.29033279418945,34.0862922668457,25.030109405517578,123.95169830322266,30.93265151977539,38.432865142822266,34.76339340209961,23.6201229095459,16.515459060668945,59.34410858154297,56.788238525390625,61.119998931884766,7.010000228881836,158.75999450683594,105.27999877929688,17.655000686645508,16.770000457763672,49.22999954223633,49.58000183105469,42.2400016784668,100.66000366210938,41.720001220703125,93.62000274658203,175.1199951171875,35.2599983215332,113.61000061035156,68.87000274658203,77.56999969482422,43.779998779296875,57.96755599975586,33.380001068115234,17.059999465942383,1.7677500247955322,30.483871459960938,93.0199966430664,68.05999755859375,80.30999755859375,37.4033317565918,31.40999984741211,144.69000244140625,44.02000045776367,56.15999984741211,45.52000045776367,34.9900016784668,19.709999084472656,69.58000183105469,86.91000366210938,61.68000030517578,7.010000228881836,159.6999969482422,105.41999816894531,17.700000762939453,16.799999237060547,50.16999816894531,49.880001068115234,42.560001373291016,101.58000183105469,42.65999984741211,94.66999816894531,175.7899932861328,35.4900016784668,114.19000244140625,69.05000305175781,78.69000244140625,44.33000183105469,58.66412353515625,33.68000030517578,17.15999984741211,1.7697499990463257,30.70208740234375,93.66999816894531,68.44999694824219,80.73999786376953,37.426666259765625,31.40999984741211,146.22000122070312,44.150001525878906,56.439998626708984,45.68000030517578,35.21500015258789,19.809999465942383,70.08999633789062,87.31999969482422,61.02000045776367,6.539999961853027,158.24000549316406,104.7699966430664,17.356000900268555,16.610000610351562,49.040000915527344,49.52000045776367,41.63999938964844,100.05999755859375,40.95000076293945,92.27999877929688,174.35000610351562,35.11000061035156,113.44000244140625,68.5,77.44000244140625,43.56999969482422,57.86259460449219,33.34000015258789,16.969999313354492,1.6997499465942383,30.407970428466797,92.87000274658203,67.4800033569336,79.51000213623047,36.92333221435547,31.079999923706055,144.02000427246094,43.939998626708984,55.619998931884766,45.290000915527344,34.60499954223633,19.700000762939453,69.58000183105469,86.06999969482422,61.130001068115234,6.570000171661377,159.36000061035156,104.91999816894531,17.416000366210938,16.75,50.11000061035156,49.81999969482422,41.869998931884766,101.55999755859375,42.54999923706055,93.9800033569336,175.5,35.43000030517578,113.93000030517578,68.97000122070312,78.48999786376953,44.13999938964844,58.58778762817383,33.56999969482422,17.06999969482422,1.7000000476837158,30.645160675048828,93.37999725341797,68.4000015258789,80.55999755859375,36.92333221435547,31.139999389648438,146.0,44.08000183105469,56.040000915527344,45.45000076293945,35.095001220703125,19.739999771118164,70.0199966430664,86.73999786376953,3934800,52998400,2920200,971000,19772000,68244800,12107600,10753500,9333800,6077300,4414700,2569000,1943200,21524700,6141900,10197100,4363200,5061700,10420264,9221300,13838700,339836000,20644066,2778700,6669600,5617400,711000,3768900,2930200,4919500,5358700,19303800,21336800,33808700,7384700,8354900
2016-10-25,41.49950408935547,7.5,117.86845397949219,95.33277893066406,13.372958183288574,13.512788772583008,35.4742546081543,36.894527435302734,31.073110580444336,66.67047882080078,28.519567489624023,67.71871185302734,144.08343505859375,28.439863204956055,87.75829315185547,53.52629089355469,66.58100891113281,32.50008773803711,44.13093566894531,25.310285568237305,17.106534957885742,1.767206072807312,19.783767700195312,68.09728240966797,52.16670227050781,61.22163009643555,34.05592346191406,25.14167594909668,123.1720962524414,30.806171417236328,40.32850646972656,34.916133880615234,23.512117385864258,16.49869728088379,59.17353820800781,56.66408920288086,61.54999923706055,7.5,157.89999389648438,104.54000091552734,17.364999771118164,16.719999313354492,49.54999923706055,49.59000015258789,41.810001373291016,100.7699966430664,40.66999816894531,92.66999816894531,175.5500030517578,35.099998474121094,113.95999908447266,68.80000305175781,77.75,43.689998626708984,59.11259460449219,33.349998474121094,17.540000915527344,1.7967499494552612,30.62618637084961,93.13999938964844,67.70999908447266,80.22000122070312,37.369998931884766,31.549999237060547,143.77999877929688,43.84000015258789,58.93000030517578,45.720001220703125,34.83000183105469,19.690000534057617,69.37999725341797,86.72000122070312,61.65999984741211,7.5,159.27000427246094,105.13999938964844,17.649999618530273,16.81999969482422,50.130001068115234,49.810001373291016,42.650001525878906,101.66999816894531,41.93000030517578,94.19000244140625,175.9600067138672,35.25,114.16000366210938,68.93000030517578,78.27999877929688,44.59000015258789,59.34160232543945,33.59000015258789,17.610000610351562,1.8075000047683716,30.71157455444336,93.69000244140625,68.25,81.5,37.53666687011719,31.6200008392334,145.3800048828125,44.16999816894531,59.5,45.79999923706055,35.35499954223633,19.760000228881836,69.70999908447266,87.6500015258789,60.95000076293945,6.869999885559082,157.8000030517578,104.12999725341797,17.35099983215332,16.68000030517578,49.029998779296875,49.29999923706055,41.77000045776367,100.5199966430664,40.650001525878906,92.56999969482422,174.63999938964844,35.0099983215332,113.08999633789062,68.37999725341797,75.5,43.380001068115234,56.82251739501953,33.20000076293945,17.100000381469727,1.756250023841858,30.351043701171875,92.87000274658203,67.4800033569336,79.91999816894531,37.29999923706055,31.3799991607666,143.60000610351562,43.779998779296875,56.540000915527344,45.40999984741211,34.77000045776367,19.639999389648438,69.29000091552734,86.5999984741211,61.060001373291016,6.900000095367432,158.83999633789062,104.68000030517578,17.60300064086914,16.709999084472656,49.220001220703125,49.4900016784668,42.130001068115234,100.75,41.41999816894531,93.4800033569336,175.0399932861328,35.13999938964844,113.63999938964844,68.87999725341797,76.87999725341797,43.83000183105469,57.50954055786133,33.38999938964844,17.100000381469727,1.7647500038146973,30.379507064819336,93.61000061035156,67.9000015258789,80.3499984741211,37.42333221435547,31.399999618530273,144.8800048828125,43.959999084472656,57.290000915527344,45.470001220703125,34.97999954223633,19.75,69.5,86.66999816894531,6432800,78862000,2414300,567100,21622000,49350300,10212800,9790500,6268300,4730700,3670800,1429100,2423300,17860300,5595000,9945100,8496000,6612700,15917548,7912200,27444000,397460000,20380249,3935300,5370000,5436600,823500,3214700,3095400,5589600,10808900,20402000,26454200,36177800,7922100,6835900
2016-10-26,41.142147064208984,7.289999961853027,118.68212890625,94.70357513427734,13.322898864746094,13.634018898010254,35.28811264038086,37.206993103027344,31.065689086914062,66.94833374023438,28.18998908996582,67.33143615722656,145.33096313476562,28.294025421142578,88.22030639648438,53.78302764892578,65.73322296142578,32.92410659790039,43.3615837097168,25.492431640625,17.20406150817871,1.774336814880371,19.857311248779297,68.93075561523438,52.544212341308594,61.069007873535156,34.007320404052734,24.87073516845703,121.84425354003906,31.08022117614746,40.732261657714844,35.244529724121094,23.566120147705078,16.5992488861084,58.81531524658203,56.90585708618164,61.02000045776367,7.289999961853027,158.99000549316406,103.8499984741211,17.299999237060547,16.8700008392334,49.290000915527344,50.0099983215332,41.79999923706055,101.19000244140625,40.20000076293945,92.13999938964844,177.07000732421875,34.91999816894531,114.55999755859375,69.12999725341797,76.76000213623047,44.2599983215332,58.082061767578125,33.59000015258789,17.639999389648438,1.8040000200271606,30.74003791809082,94.27999877929688,68.19999694824219,80.0199966430664,37.31666564941406,31.209999084472656,142.22999572753906,44.22999954223633,59.52000045776367,46.150001525878906,34.90999984741211,19.809999465942383,68.95999908447266,87.08999633789062,61.709999084472656,7.480000019073486,160.0500030517578,104.7300033569336,17.47800064086914,16.8700008392334,49.7599983215332,50.060001373291016,42.290000915527344,101.52999877929688,40.720001220703125,93.0999984741211,177.89999389648438,35.209999084472656,115.22000122070312,69.25,77.6500015258789,44.88999938964844,59.01717758178711,33.650001525878906,17.93000030517578,1.8237500190734863,30.929790496826172,94.4000015258789,68.62000274658203,80.6500015258789,37.53666687011719,31.43000030517578,143.77999877929688,44.369998931884766,60.36000061035156,46.16999816894531,35.05500030517578,19.84000015258789,69.37999725341797,87.44999694824219,60.709999084472656,7.260000228881836,158.02999877929688,103.7300033569336,17.110000610351562,16.6200008392334,49.06999969482422,49.209999084472656,41.130001068115234,99.87000274658203,39.40999984741211,90.37999725341797,173.92999267578125,34.7400016784668,113.5999984741211,68.37000274658203,76.37000274658203,43.2599983215332,57.77671813964844,33.060001373291016,17.200000762939453,1.7799999713897705,30.502845764160156,92.76000213623047,67.25,79.31999969482422,37.0533332824707,31.06999969482422,141.88999938964844,43.70000076293945,58.45000076293945,45.439998626708984,34.459999084472656,19.579999923706055,68.68000030517578,85.94999694824219,61.5099983215332,7.400000095367432,158.67999267578125,104.47000122070312,17.21500015258789,16.639999389648438,49.58000183105469,49.27000045776367,41.25,100.31999969482422,40.09000015258789,91.8499984741211,174.7899932861328,35.040000915527344,113.63999938964844,68.37000274658203,77.41999816894531,43.31999969482422,58.91221237182617,33.150001525878906,17.299999237060547,1.781749963760376,30.62618637084961,92.91999816894531,67.30999755859375,79.48999786376953,37.08333206176758,31.190000534057617,143.75,43.720001220703125,58.720001220703125,45.459999084472656,34.52000045776367,19.600000381469727,69.2699966430664,86.25,4560800,47619300,2716800,376200,21075000,58730400,8331100,13960000,8420200,6353700,6910600,3286400,2533800,19977600,6429200,9801300,2988700,6606600,10435774,9113000,23610500,333792000,18026246,2631700,9241200,4238200,1119900,4121500,3267600,6012500,7770800,25181900,35735600,40419200,8073700,8488100
2016-10-27,41.43881607055664,7.110000133514404,119.86156463623047,94.8859634399414,13.264373779296875,13.666340827941895,37.19963455200195,37.14748001098633,32.700721740722656,66.10810089111328,28.3723087310791,67.03913116455078,145.8890380859375,28.20488929748535,89.09823608398438,53.86083221435547,65.21940612792969,31.845487594604492,43.6607780456543,25.820728302001953,17.096786499023438,1.7379451990127563,19.906343460083008,69.77156829833984,54.00035858154297,60.74849319458008,33.849365234375,24.520103454589844,121.59587097167969,31.410490036010742,40.24637985229492,35.44308090209961,23.478361129760742,16.641143798828125,59.088253021240234,56.794776916503906,61.459999084472656,7.110000133514404,160.57000732421875,104.05000305175781,17.224000930786133,16.90999984741211,51.959999084472656,49.93000030517578,44.0,99.91999816894531,40.459999084472656,91.73999786376953,177.75,34.810001373291016,115.69999694824219,69.2300033569336,76.16000366210938,42.810001373291016,58.48282241821289,33.81999969482422,17.530000686645508,1.7669999599456787,30.81593894958496,95.43000030517578,70.08999633789062,79.5999984741211,37.143333435058594,30.770000457763672,141.94000244140625,44.70000076293945,58.810001373291016,46.40999984741211,34.779998779296875,19.860000610351562,69.27999877929688,86.91999816894531,61.720001220703125,7.460000038146973,161.60000610351562,105.2699966430664,17.524999618530273,17.100000381469727,53.16999816894531,50.599998474121094,44.849998474121094,101.9800033569336,41.220001220703125,92.88999938964844,178.85000610351562,35.22999954223633,116.55000305175781,69.7699966430664,77.41999816894531,44.15999984741211,59.21755599975586,34.0099983215332,17.899999618530273,1.8212499618530273,31.129032135009766,95.58999633789062,71.62000274658203,80.58000183105469,37.766666412353516,31.260000228881836,143.25,45.13999938964844,60.0,46.810001373291016,35.11000061035156,19.950000762939453,69.76000213623047,87.66000366210938,60.599998474121094,7.099999904632568,159.63999938964844,103.86000061035156,17.17799949645996,16.860000610351562,50.65999984741211,49.900001525878906,42.150001525878906,99.91999816894531,40.20000076293945,91.30000305175781,176.57000732421875,34.75,114.79000091552734,69.0999984741211,76.12999725341797,41.5,58.20610809326172,33.58000183105469,17.399999618530273,1.7597500085830688,30.71157455444336,94.45999908447266,70.0,79.52999877929688,37.09333419799805,30.75,141.5800018310547,44.380001068115234,58.7400016784668,46.2599983215332,34.77000045776367,19.770000457763672,69.0999984741211,86.80000305175781,61.45000076293945,7.440000057220459,159.7100067138672,105.18000030517578,17.430999755859375,16.950000762939453,52.41999816894531,50.31999969482422,42.189998626708984,101.51000213623047,40.459999084472656,92.51000213623047,178.19000244140625,35.099998474121094,114.9800033569336,69.48999786376953,77.36000061035156,44.04999923706055,58.34923553466797,33.81999969482422,17.81999969482422,1.8177499771118164,30.910816192626953,94.58000183105469,70.80000305175781,80.4000015258789,37.68000030517578,31.229999542236328,142.72000122070312,44.43000030517578,59.34000015258789,46.41999816894531,35.060001373291016,19.920000076293945,69.48999786376953,87.27999877929688,6612500,37804200,3366900,606800,19840000,97937300,31896700,19181400,16604200,9897800,4303900,3581300,3021900,14634700,7548700,14210700,3789900,13679400,10847534,12608400,21198300,388664000,19238662,3482000,33941700,3919600,1385700,6243200,3358000,12715600,6598100,25661000,28412600,45545800,6974700,9071100
2016-10-28,38.83624267578125,7.199999809265137,108.37329864501953,96.17178344726562,13.0418119430542,13.480462074279785,36.512351989746094,36.87221145629883,33.42162322998047,68.68839263916016,27.474727630615234,66.35223388671875,145.38841247558594,28.148178100585938,88.81327056884766,53.76747512817383,63.82355880737305,31.852914810180664,41.915489196777344,25.591686248779297,16.77493667602539,1.7349939346313477,19.569263458251953,69.53025817871094,52.69831085205078,60.44320297241211,33.645835876464844,24.520103454589844,120.23375701904297,31.368324279785156,40.10267639160156,35.30562973022461,23.41423797607422,16.56573486328125,57.808929443359375,55.396461486816406,57.599998474121094,7.199999809265137,145.17999267578125,105.45999908447266,16.934999465942383,16.68000030517578,51.0,49.560001373291016,44.970001220703125,103.81999969482422,39.18000030517578,90.80000305175781,177.13999938964844,34.7400016784668,115.33000183105469,69.11000061035156,74.52999877929688,42.81999969482422,56.14503860473633,33.52000045776367,17.200000762939453,1.7640000581741333,30.294118881225586,95.0999984741211,68.4000015258789,79.19999694824219,36.91999816894531,30.770000457763672,140.35000610351562,44.63999938964844,58.599998474121094,46.22999954223633,34.685001373291016,19.770000457763672,67.77999877929688,84.77999877929688,58.38999938964844,7.53000020980835,151.75999450683594,105.94999694824219,17.28700065612793,16.979999542236328,52.220001220703125,50.119998931884766,45.84000015258789,105.02999877929688,40.7400016784668,94.08999633789062,178.50999450683594,35.16999816894531,115.91000366210938,69.55000305175781,75.68000030517578,43.040000915527344,58.27289962768555,34.029998779296875,17.670000076293945,1.8025000095367432,30.891841888427734,95.73999786376953,70.52999877929688,80.19000244140625,37.516666412353516,31.100000381469727,142.35000610351562,44.90999984741211,59.66999816894531,46.63999938964844,35.21500015258789,19.920000076293945,68.63999938964844,86.36000061035156,55.060001373291016,7.019999980926514,142.63999938964844,104.69000244140625,16.90399932861328,16.5,50.65999984741211,48.95000076293945,44.290000915527344,100.94999694824219,38.90999984741211,90.68000030517578,175.4600067138672,34.709999084472656,114.56999969482422,68.47000122070312,73.86000061035156,41.880001068115234,55.77289962768555,33.16999816894531,17.100000381469727,1.7607500553131104,30.246679306030273,94.38999938964844,67.66000366210938,78.62999725341797,36.880001068115234,30.760000228881836,139.44000244140625,44.38999938964844,58.369998931884766,45.880001068115234,34.46500015258789,19.6200008392334,67.4800033569336,84.13999938964844,57.54999923706055,7.099999904632568,151.69000244140625,104.86000061035156,17.249000549316406,16.950000762939453,52.11000061035156,49.97999954223633,44.70000076293945,101.12000274658203,40.439998626708984,91.6500015258789,178.50999450683594,34.869998931884766,115.81999969482422,69.52999877929688,75.62000274658203,42.560001373291016,58.225189208984375,33.689998626708984,17.600000381469727,1.7755000591278076,30.85388946533203,95.69999694824219,70.5199966430664,79.76000213623047,37.293331146240234,30.940000534057617,141.66000366210938,44.790000915527344,58.77000045776367,46.56999969482422,34.720001220703125,19.899999618530273,68.44999694824219,85.27999877929688,24865300,77261300,18311600,915500,20651000,115123600,13798700,17780300,18410500,17435400,5872900,3269800,2042800,22296400,8813300,12766500,5651500,8268500,21335603,10183500,20832400,290856000,30048170,2593000,17952700,5001000,1798500,5210800,4033600,8548400,4742100,20882000,37116800,55749900,18469300,19072200
2016-10-31,37.60913848876953,7.230000019073486,105.3724594116211,96.31768798828125,13.113431930541992,13.334988594055176,36.44791793823242,36.56715774536133,32.29195022583008,69.30369567871094,26.57012367248535,66.07453918457031,146.29124450683594,28.253509521484375,89.32154083251953,53.884178161621094,63.23270797729492,32.42570495605469,41.83000946044922,25.629854202270508,16.735931396484375,1.7497475147247314,19.43442153930664,69.8958511352539,52.944854736328125,59.702938079833984,33.82810592651367,24.783082962036133,121.07327270507812,31.452655792236328,40.5406608581543,35.13761520385742,23.16108512878418,16.540590286254883,57.45069885253906,54.44247817993164,55.779998779296875,7.230000019073486,141.16000366210938,105.62000274658203,17.027999877929688,16.5,50.90999984741211,49.150001525878906,43.45000076293945,104.75,37.88999938964844,90.41999816894531,178.24000549316406,34.869998931884766,115.98999786376953,69.26000213623047,73.83999633789062,43.59000015258789,56.03053283691406,33.56999969482422,17.15999984741211,1.7790000438690186,30.08538818359375,95.5999984741211,68.72000122070312,78.2300033569336,37.119998931884766,31.100000381469727,141.3300018310547,44.7599983215332,59.2400016784668,46.0099983215332,34.310001373291016,19.739999771118164,67.36000061035156,83.31999969482422,57.29999923706055,7.460000038146973,146.67999267578125,106.36000061035156,17.166000366210938,16.729999542236328,51.619998931884766,49.86000061035156,44.79999923706055,105.45999908447266,39.060001373291016,91.2300033569336,178.5,35.08000183105469,116.2300033569336,69.58000183105469,74.73999786376953,43.959999084472656,56.44084167480469,33.880001068115234,17.760000228881836,1.7907500267028809,30.398481369018555,95.7300033569336,69.51000213623047,79.0999984741211,37.29666519165039,31.1299991607666,141.5399932861328,44.959999084472656,59.68000030517578,46.560001373291016,34.744998931884766,19.8700008392334,67.7699966430664,84.4000015258789,55.720001220703125,7.199999809265137,140.94000244140625,104.94000244140625,16.868999481201172,16.5,50.650001525878906,49.13999938964844,43.25,103.77999877929688,37.810001373291016,90.18000030517578,177.22999572753906,34.84000015258789,114.5,69.2300033569336,73.80000305175781,43.18000030517578,55.696563720703125,33.4900016784668,17.15999984741211,1.7687499523162842,29.99051284790039,95.08000183105469,68.68000030517578,78.02999877929688,37.04999923706055,30.84000015258789,139.97000122070312,44.689998626708984,58.540000915527344,46.0,34.25,19.739999771118164,67.33000183105469,82.98999786376953,57.060001373291016,7.239999771118164,146.5500030517578,105.51000213623047,17.0,16.68000030517578,51.04999923706055,49.7400016784668,44.7599983215332,103.81999969482422,39.04999923706055,90.66000366210938,177.67999267578125,34.91999816894531,115.27999877929688,69.43000030517578,74.62999725341797,43.209999084472656,56.38358688354492,33.709999084472656,17.540000915527344,1.7697499990463257,30.398481369018555,95.45999908447266,69.0,78.87999725341797,37.04999923706055,30.93000030517578,140.8000030517578,44.81999969482422,58.599998474121094,46.400001525878906,34.560001373291016,19.8700008392334,67.76000213623047,83.87999725341797,14185800,42345900,8693700,794000,20317000,70387600,11326200,15173400,11284000,12340800,6902400,2406900,1828200,19188600,8552500,14336300,3562100,8739900,14939030,8687200,23267600,252388000,37890668,2951500,10108300,6225100,913200,3212300,3761100,7262200,4969500,20115900,25947600,38579100,12689000,16663800
2016-11-01,38.060874938964844,7.090000152587891,105.0738525390625,94.74005126953125,12.9994535446167,13.423888206481934,36.36915969848633,36.41093826293945,32.35884475708008,70.4482650756836,26.429868698120117,66.61529541015625,146.1435089111328,27.96991729736328,88.82098388671875,53.65855026245117,62.4962272644043,31.495851516723633,42.24317169189453,25.469532012939453,16.560373306274414,1.6978652477264404,19.042179107666016,69.87390899658203,52.65207290649414,60.061622619628906,33.52734375,24.4722957611084,119.4455795288086,31.241844177246094,40.711734771728516,35.122337341308594,23.164459228515625,16.473560333251953,57.14365768432617,54.6580924987793,56.45000076293945,7.090000152587891,140.75999450683594,103.88999938964844,16.8799991607666,16.610000610351562,50.79999923706055,48.939998626708984,43.540000915527344,106.4800033569336,37.689998626708984,91.16000366210938,178.05999755859375,34.52000045776367,115.33999633789062,68.97000122070312,72.9800033569336,42.34000015258789,56.58396911621094,33.36000061035156,16.979999542236328,1.7262500524520874,29.478178024291992,95.56999969482422,68.33999633789062,78.69999694824219,36.790000915527344,30.709999084472656,139.42999267578125,44.459999084472656,59.4900016784668,45.9900016784668,34.314998626708984,19.65999984741211,67.0,83.6500015258789,56.61000061035156,7.429999828338623,142.41000366210938,105.68000030517578,17.155000686645508,16.75,51.36000061035156,49.66999816894531,44.06999969482422,106.73999786376953,38.7599983215332,92.22000122070312,179.17999267578125,35.15999984741211,115.94000244140625,69.77999877929688,73.9800033569336,44.90999984741211,56.860687255859375,33.83000183105469,17.40999984741211,1.7952500581741333,30.094877243041992,96.26000213623047,69.3499984741211,78.80999755859375,37.41999816894531,31.200000762939453,141.50999450683594,45.0,61.619998931884766,46.279998779296875,34.685001373291016,19.860000610351562,67.58999633789062,83.91999816894531,55.68000030517578,6.920000076293945,139.30999755859375,103.29000091552734,16.58300018310547,16.329999923706055,50.380001068115234,48.400001525878906,42.540000915527344,105.44999694824219,36.63999938964844,89.9000015258789,176.61000061035156,34.27000045776367,114.62999725341797,68.33000183105469,71.8499984741211,41.7400016784668,55.83015441894531,32.90999984741211,16.579999923706055,1.7072499990463257,29.17457389831543,94.63999938964844,67.54000091552734,77.70999908447266,36.38666534423828,30.479999542236328,138.82000732421875,44.099998474121094,59.099998474121094,45.599998474121094,33.939998626708984,19.5,66.4800033569336,83.2699966430664,56.0,7.320000171661377,141.1699981689453,105.6500015258789,17.07200050354004,16.559999465942383,50.93000030517578,49.400001525878906,43.970001220703125,105.51000213623047,38.470001220703125,91.31999969482422,179.0,34.900001525878906,114.76000213623047,69.4800033569336,73.80999755859375,44.279998779296875,56.29771041870117,33.68000030517578,17.200000762939453,1.7855000495910645,29.354839324951172,96.06999969482422,69.0,78.66000366210938,37.12666702270508,31.1200008392334,141.50999450683594,44.880001068115234,60.369998931884766,46.119998931884766,34.564998626708984,19.809999465942383,67.4000015258789,83.5,9799400,39906900,5589300,936100,28452000,88587100,8740800,20691100,8954800,12755600,6471200,2496000,2900600,25368200,7591900,15564500,8190500,12845600,15036075,8988700,27146100,473224000,57285005,2588800,8910100,6825500,1674000,5815800,3391400,9440300,7816800,20020200,37649600,62758900,14908700,13050600
2016-11-02,38.290122985839844,6.760000228881836,103.5361099243164,94.86772155761719,13.289016723632812,13.318824768066406,36.204490661621094,36.11333084106445,32.128456115722656,69.72711944580078,27.73418426513672,66.45451354980469,144.9287567138672,28.03473663330078,88.45135498046875,53.43293380737305,62.213645935058594,30.499061584472656,41.915489196777344,25.133602142333984,16.267789840698242,1.6907340288162231,18.772506713867188,69.28900909423828,51.689022064208984,59.34423828125,33.305606842041016,24.217294692993164,119.06007385253906,30.918590545654297,39.986331939697266,34.83742141723633,22.907943725585938,16.364633560180664,56.845149993896484,54.527427673339844,56.790000915527344,6.760000228881836,138.6999969482422,104.02999877929688,17.256000518798828,16.479999542236328,50.56999969482422,48.540000915527344,43.22999954223633,105.38999938964844,39.54999923706055,90.94000244140625,176.5800018310547,34.599998474121094,114.86000061035156,68.68000030517578,72.6500015258789,41.0,56.14503860473633,32.91999816894531,16.68000030517578,1.718999981880188,29.060720443725586,94.7699966430664,67.08999633789062,77.76000213623047,36.54666519165039,30.389999389648438,138.97999572753906,44.0,58.43000030517578,45.2400016784668,33.935001373291016,19.530000686645508,66.6500015258789,83.44999694824219,57.189998626708984,7.059999942779541,140.61000061035156,104.7300033569336,17.415000915527344,16.559999465942383,50.97999954223633,48.72999954223633,43.560001373291016,106.05000305175781,39.86000061035156,91.79000091552734,177.5,34.900001525878906,115.76000213623047,68.8499984741211,73.48999786376953,42.529998779296875,56.78435134887695,33.16999816894531,17.020000457763672,1.7630000114440918,29.44971466064453,95.30000305175781,68.5999984741211,78.22000122070312,37.016666412353516,30.729999542236328,141.22999572753906,44.33000183105469,59.86000061035156,45.5099983215332,34.11000061035156,19.6299991607666,67.38999938964844,83.87999725341797,56.400001525878906,6.670000076293945,138.63999938964844,103.66999816894531,16.981000900268555,16.280000686645508,50.529998779296875,48.15999984741211,42.349998474121094,104.25,37.16999816894531,88.94000244140625,176.07000732421875,34.470001220703125,114.83000183105469,68.01000213623047,72.63999938964844,40.70000076293945,56.05915832519531,32.72999954223633,16.5,1.715999960899353,28.804553985595703,94.44000244140625,67.02999877929688,76.91999816894531,36.426666259765625,30.239999771118164,138.92999267578125,43.91999816894531,58.0099983215332,45.06999969482422,33.5,19.440000534057617,66.6500015258789,82.94000244140625,56.459999084472656,7.03000020980835,140.30999755859375,104.01000213623047,17.291000366210938,16.459999084472656,50.93000030517578,48.630001068115234,42.91999816894531,105.6500015258789,37.33000183105469,89.91000366210938,177.07000732421875,34.599998474121094,115.5199966430664,68.6500015258789,73.1500015258789,41.88999938964844,56.35496139526367,33.119998931884766,16.950000762939453,1.7395000457763672,29.40227699279785,95.08999633789062,68.45999908447266,78.08000183105469,36.813331604003906,30.670000076293945,139.02000427246094,44.2400016784668,59.189998626708984,45.380001068115234,33.9900016784668,19.6200008392334,66.87000274658203,83.30000305175781,9746200,33852200,4622500,564400,43501000,119202000,8197300,15824100,7498400,8405200,12156400,3302600,2104800,21416400,6591300,12449800,4433900,7099100,11239486,8900400,24949700,295848000,38033063,3283200,15183000,6395900,2461200,5274700,3149700,7794000,7317600,19566600,45966000,66529900,17942900,11226100
2016-11-03,37.68330001831055,6.699999809265137,100.93840789794922,92.81587219238281,13.32213020324707,13.318824768066406,35.94676208496094,35.97149658203125,32.403438568115234,69.72711944580078,28.407384872436523,67.2875747680664,144.6250762939453,27.70002555847168,88.58226776123047,53.19953918457031,61.75121307373047,30.63295555114746,41.6234245300293,25.049617767333984,16.209274291992188,1.6710624694824219,18.318981170654297,69.38406372070312,51.5811767578125,59.87846755981445,33.24788284301758,24.129640579223633,118.07493591308594,30.9537353515625,39.59625244140625,34.9144172668457,22.999080657958984,16.381385803222656,56.30781173706055,54.664634704589844,55.88999938964844,6.699999809265137,135.22000122070312,101.77999877929688,17.298999786376953,16.479999542236328,50.209999084472656,48.189998626708984,43.599998474121094,105.38999938964844,40.5099983215332,92.08000183105469,176.2100067138672,33.93000030517578,115.02999877929688,68.37999725341797,72.11000061035156,41.18000030517578,55.75381851196289,32.810001373291016,16.6200008392334,1.6990000009536743,28.35863494873047,94.9000015258789,66.94999694824219,78.45999908447266,36.483333587646484,30.280000686645508,137.8300018310547,44.04999923706055,57.86000061035156,45.34000015258789,34.06999969482422,19.549999237060547,66.0199966430664,83.66000366210938,57.290000915527344,6.789999961853027,139.77000427246094,103.5999984741211,17.534000396728516,16.670000076293945,50.880001068115234,48.9900016784668,44.0099983215332,106.19000244140625,41.0,92.87999725341797,177.97000122070312,34.52000045776367,115.44000244140625,69.19000244140625,73.27999877929688,41.459999084472656,56.507633209228516,33.22999954223633,16.809999465942383,1.7285000085830688,29.127134323120117,96.3499984741211,68.56999969482422,78.66000366210938,36.8033332824707,30.5,140.33999633789062,44.47999954223633,58.91999816894531,45.790000915527344,34.130001068115234,19.729999542236328,67.1500015258789,83.87999725341797,55.849998474121094,6.559999942779541,135.0,101.77999877929688,17.21500015258789,16.450000762939453,50.099998474121094,48.02000045776367,43.09000015258789,104.94999694824219,39.81999969482422,90.58999633789062,176.2100067138672,33.869998931884766,114.75,68.22000122070312,71.87999725341797,40.0099983215332,55.6202278137207,32.77000045776367,16.559999465942383,1.6660000085830688,28.301708221435547,94.54000091552734,65.93000030517578,77.80000305175781,36.349998474121094,30.18000030517578,137.64999389648438,43.93000030517578,57.400001525878906,45.25,33.75,19.520000457763672,65.95999908447266,83.05000305175781,57.119998931884766,6.78000020980835,139.6999969482422,103.3499984741211,17.2450008392334,16.479999542236328,50.5099983215332,48.529998779296875,43.459999084472656,105.52999877929688,39.880001068115234,90.87999725341797,176.77000427246094,34.45000076293945,114.87999725341797,68.86000061035156,72.80999755859375,41.209999084472656,56.46946716308594,33.06999969482422,16.65999984741211,1.7269999980926514,29.127134323120117,95.05000305175781,67.69000244140625,77.93000030517578,36.563331604003906,30.350000381469727,139.17999267578125,44.0099983215332,58.470001220703125,45.33000183105469,33.935001373291016,19.549999237060547,66.87000274658203,83.68000030517578,9842600,33673600,5791200,707000,20654000,69690400,14924800,16224300,6653900,5703200,7930300,4157900,1972700,19400000,6227100,10369700,4843200,5769600,11866504,8172500,17255100,309664000,38290977,3138800,15642500,4935800,1512600,4890800,2989700,5532800,3855900,14982700,25496200,53462100,22074200,8836500
2016-11-04,37.7844352722168,6.559999942779541,101.07278442382812,93.46336364746094,13.258981704711914,13.37540054321289,36.519508361816406,35.956573486328125,31.779159545898438,69.32354736328125,28.18297576904297,67.08297729492188,144.3870849609375,27.438777923583984,88.64389038085938,52.717185974121094,62.07661437988281,30.670146942138672,41.9012565612793,25.026710510253906,16.267789840698242,1.6614733934402466,18.386404037475586,69.2012939453125,51.41167449951172,59.40528869628906,33.038291931152344,24.097761154174805,117.97211456298828,30.869409561157227,39.60311508178711,34.344573974609375,22.874187469482422,16.331113815307617,56.70016098022461,54.6058235168457,56.040000915527344,6.559999942779541,135.39999389648438,102.48999786376953,17.216999053955078,16.549999237060547,51.0099983215332,48.16999816894531,42.7599983215332,104.77999877929688,40.189998626708984,91.80000305175781,175.9199981689453,33.61000061035156,115.11000061035156,67.76000213623047,72.48999786376953,41.22999954223633,56.125953674316406,32.779998779296875,16.68000030517578,1.6892499923706055,28.462997436523438,94.6500015258789,66.7300033569336,77.83999633789062,36.253334045410156,30.239999771118164,137.7100067138672,43.93000030517578,57.869998931884766,44.599998474121094,33.8849983215332,19.489999771118164,66.4800033569336,83.56999969482422,56.869998931884766,6.71999979019165,137.61000061035156,103.01000213623047,17.452999114990234,16.709999084472656,51.45000076293945,48.79999923706055,43.79999923706055,105.48999786376953,40.939998626708984,96.0,177.33999633789062,33.93000030517578,115.94000244140625,68.55999755859375,73.02999877929688,41.77000045776367,56.55534362792969,33.209999084472656,17.020000457763672,1.718250036239624,28.814041137695312,95.5999984741211,67.41000366210938,78.93000030517578,36.573333740234375,30.450000762939453,138.88999938964844,44.400001525878906,58.83000183105469,45.41999816894531,34.22999954223633,19.649999618530273,67.02999877929688,84.33000183105469,55.869998931884766,6.460000038146973,133.63999938964844,101.4800033569336,17.023000717163086,16.350000381469727,50.459999084472656,47.70000076293945,42.68000030517578,104.37999725341797,39.630001068115234,91.51000213623047,174.72999572753906,33.41999816894531,115.04000091552734,67.63999938964844,71.66999816894531,40.93000030517578,55.92557144165039,32.560001373291016,16.450000762939453,1.6644999980926514,28.368120193481445,94.30000305175781,65.73999786376953,77.66000366210938,36.0,30.020000457763672,137.69000244140625,43.83000183105469,57.56999969482422,44.4900016784668,33.68000030517578,19.399999618530273,66.12999725341797,82.76000213623047,56.06999969482422,6.690000057220459,133.7100067138672,102.22000122070312,17.040000915527344,16.530000686645508,50.5,48.11000061035156,43.34000015258789,105.25,40.41999816894531,94.87000274658203,176.3300018310547,33.529998779296875,115.04000091552734,68.48999786376953,72.12000274658203,41.0,56.00190734863281,32.81999969482422,16.459999084472656,1.687749981880188,28.377609252929688,95.19000244140625,65.73999786376953,78.5199966430664,36.27000045776367,30.209999084472656,138.4499969482422,44.150001525878906,57.75,45.36000061035156,33.900001525878906,19.559999465942383,66.19999694824219,83.62999725341797,11187000,32215700,5051500,791600,21753000,82437400,12818000,14152500,7323000,7085400,5988300,6775100,1846500,21914700,7160600,13571300,3617200,3246400,11861893,7897800,18026600,328780000,36919723,2753700,8584300,5178300,1259100,4431900,3520700,6284100,3729900,27391600,35108200,64891400,21382600,13877100
2016-11-07,39.71949768066406,6.960000038146973,103.91682434082031,95.5243148803711,13.627864837646484,13.747159957885742,37.672142028808594,37.188228607177734,32.64126205444336,70.6930923461914,29.325998306274414,68.27409362792969,148.95045471191406,28.320476531982422,89.83748626708984,54.36652374267578,63.26693344116211,31.689258575439453,42.77745056152344,25.958148956298828,16.95049285888672,1.7524524927139282,18.619293212890625,70.4807357788086,52.74452209472656,60.86293411254883,33.96783447265625,24.982301712036133,121.58727264404297,31.565086364746094,40.04792404174805,34.960628509521484,23.36698341369629,16.7416934967041,58.15008544921875,55.83423614501953,58.90999984741211,6.960000038146973,139.2100067138672,104.75,17.695999145507812,17.010000228881836,52.619998931884766,49.81999969482422,43.91999816894531,106.8499984741211,41.81999969482422,93.43000030517578,181.47999572753906,34.689998626708984,116.66000366210938,69.87999725341797,73.87999725341797,42.599998474121094,57.299617767333984,34.0,17.3799991607666,1.781749963760376,28.823528289794922,96.4000015258789,68.45999908447266,79.75,37.27333450317383,31.350000381469727,141.92999267578125,44.91999816894531,58.52000045776367,45.400001525878906,34.6150016784668,19.979999542236328,68.18000030517578,85.44999694824219,61.15999984741211,6.989999771118164,140.22999572753906,104.76000213623047,17.788000106811523,17.040000915527344,53.099998474121094,49.84000015258789,44.0,106.9800033569336,41.84000015258789,93.5999984741211,181.5,34.75,116.72000122070312,69.97000122070312,73.93000030517578,42.619998931884766,57.45228958129883,34.0,17.43000030517578,1.7929999828338623,28.880455017089844,96.55999755859375,68.58000183105469,79.80000305175781,37.29666519165039,31.3799991607666,142.44000244140625,44.93000030517578,58.709999084472656,45.689998626708984,34.6349983215332,19.989999771118164,68.36000061035156,85.47000122070312,56.63999938964844,6.760000228881836,137.16000366210938,103.5999984741211,17.410999298095703,16.850000381469727,51.59000015258789,49.209999084472656,43.18000030517578,105.77999877929688,40.970001220703125,92.20999908447266,179.0,34.150001525878906,115.83999633789062,69.0,73.05000305175781,41.81999969482422,56.7557258605957,33.56999969482422,17.020000457763672,1.7374999523162842,28.538898468017578,95.97000122070312,67.38999938964844,78.70999908447266,36.779998779296875,30.68000030517578,139.5500030517578,44.650001525878906,57.9900016784668,45.209999084472656,34.27000045776367,19.799999237060547,67.16000366210938,84.4000015258789,56.810001373291016,6.789999961853027,137.85000610351562,103.80000305175781,17.43899917602539,16.860000610351562,51.70000076293945,49.2599983215332,43.5,106.0,41.029998779296875,93.5999984741211,179.0,34.2400016784668,115.88999938964844,69.08000183105469,73.22000122070312,41.97999954223633,56.79389190673828,33.56999969482422,17.020000457763672,1.7387499809265137,28.68121337890625,96.01000213623047,67.72000122070312,78.9000015258789,36.926666259765625,30.719999313354492,139.60000610351562,44.65999984741211,58.400001525878906,45.220001220703125,34.27000045776367,19.81999969482422,67.19999694824219,84.48999786376953,17763100,36999200,5146000,413000,26126000,91581900,12825300,19357600,5780400,7333800,5336900,2988200,3338800,19296600,6398200,16515100,4969400,7400800,10981258,11328000,21673200,487580000,32544885,2467000,9205300,4756400,4797900,3981800,3896600,6908800,4075100,25769400,29599000,59001800,17367800,13576200
2016-11-08,39.65208435058594,7.0,103.3495101928711,95.57901763916016,13.630946159362793,13.739078521728516,38.05876541137695,37.255409240722656,32.94598388671875,70.98419952392578,29.438213348388672,68.22293853759766,149.3115692138672,28.361297607421875,90.13785552978516,54.48323440551758,63.38682174682617,31.109039306640625,43.105133056640625,26.034496307373047,16.979753494262695,1.7497475147247314,18.569778442382812,70.6562271118164,52.59814453125,60.931617736816406,34.037681579589844,24.974328994750977,122.418212890625,31.60724449157715,39.787879943847656,35.06843185424805,23.39736557006836,16.75007438659668,58.31211853027344,56.23637008666992,58.810001373291016,7.0,138.4499969482422,104.80999755859375,17.700000762939453,17.0,53.15999984741211,49.90999984741211,44.33000183105469,107.29000091552734,41.97999954223633,93.36000061035156,181.9199981689453,34.7400016784668,117.05000305175781,70.02999877929688,74.0199966430664,41.81999969482422,57.738548278808594,34.099998474121094,17.40999984741211,1.7790000438690186,28.462997436523438,96.63999938964844,68.2699966430664,79.83999633789062,37.349998474121094,31.34000015258789,142.89999389648438,44.97999954223633,58.13999938964844,45.540000915527344,34.65999984741211,19.989999771118164,68.37000274658203,85.30999755859375,59.61000061035156,7.179999828338623,140.0,105.22000122070312,17.802000045776367,17.110000610351562,53.34000015258789,50.029998779296875,44.849998474121094,108.19000244140625,42.31999969482422,94.0999984741211,182.67999267578125,34.95000076293945,117.56999969482422,70.55000305175781,74.47000122070312,42.540000915527344,57.99618148803711,34.279998779296875,17.549999237060547,1.7942500114440918,28.889942169189453,96.98999786376953,68.70999908447266,80.48999786376953,37.59000015258789,31.5,143.61000061035156,45.09000015258789,58.619998931884766,45.81999969482422,34.85499954223633,20.09000015258789,68.83000183105469,85.83000183105469,58.029998779296875,6.75,137.35000610351562,103.52999877929688,17.51099967956543,16.709999084472656,52.02000045776367,49.040000915527344,43.5,106.41999816894531,41.220001220703125,92.56999969482422,178.4600067138672,34.4900016784668,116.47000122070312,69.23999786376953,73.36000061035156,41.65999984741211,56.79389190673828,33.540000915527344,17.059999465942383,1.7625000476837158,28.425046920776367,95.30000305175781,67.62999725341797,79.12999725341797,37.0533332824707,31.010000228881836,141.0,44.59000015258789,57.56999969482422,44.869998931884766,34.39500045776367,19.790000915527344,67.6500015258789,84.48999786376953,58.79999923706055,6.849999904632568,139.5500030517578,103.58999633789062,17.707000732421875,16.81999969482422,52.290000915527344,49.41999816894531,43.630001068115234,106.56999969482422,41.33000183105469,92.9000015258789,180.11000061035156,34.599998474121094,116.4800033569336,69.69999694824219,73.56999969482422,42.529998779296875,57.08015441894531,33.810001373291016,17.299999237060547,1.7884999513626099,28.58633804321289,95.94999694824219,68.22000122070312,79.33000183105469,37.26333236694336,31.200000762939453,141.35000610351562,44.779998779296875,58.15999984741211,45.18000030517578,34.44499969482422,19.920000076293945,67.73999786376953,84.7300033569336,9353200,37728500,3668500,516600,18923000,95842800,10094000,17548300,6343200,8050000,4293300,2382200,2646200,14833100,6675300,17531700,2690800,4412300,8323321,7370500,18062700,429884000,37365670,2492000,6696600,4012600,1226100,4077100,4389300,4516300,3802900,19462600,22417400,63290400,15943900,9735200
2016-11-09,42.23442459106445,6.940000057220459,109.29889678955078,94.5394287109375,13.355244636535645,14.5230131149292,40.3067626953125,38.50943374633789,33.9864616394043,71.21575164794922,30.58824348449707,68.27409362792969,158.10189819335938,28.369457244873047,92.64830780029297,56.98839569091797,67.12905883789062,32.41082763671875,45.719512939453125,27.882104873657227,16.77493667602539,1.720240831375122,19.88204002380371,74.02674865722656,52.29768371582031,61.007957458496094,33.87670135498047,24.376663208007812,121.56157684326172,32.7947883605957,42.449974060058594,36.955078125,23.778757095336914,17.462305068969727,60.36759567260742,56.85599899291992,62.63999938964844,6.940000057220459,146.4199981689453,103.66999816894531,17.341999053955078,17.969999313354492,56.29999923706055,51.59000015258789,45.72999954223633,107.63999938964844,43.619998931884766,93.43000030517578,192.6300048828125,34.75,120.30999755859375,73.25,78.38999938964844,43.56999969482422,61.24045944213867,36.52000045776367,17.200000762939453,1.7489999532699585,30.474382400512695,101.25,67.87999725341797,79.94000244140625,37.17333221435547,30.59000015258789,141.89999389648438,46.66999816894531,62.029998779296875,47.9900016784668,35.224998474121094,20.84000015258789,70.77999877929688,86.25,64.69000244140625,7.050000190734863,152.85000610351562,103.81999969482422,17.649999618530273,18.049999237060547,57.29999923706055,51.939998626708984,46.209999084472656,108.26000213623047,44.119998931884766,94.66999816894531,193.5399932861328,34.849998474121094,122.5,74.1500015258789,79.30000305175781,43.90999984741211,62.02289962768555,36.90999984741211,17.350000381469727,1.7725000381469727,31.660341262817383,101.62999725341797,68.08999633789062,80.43000030517578,37.293331146240234,30.989999771118164,144.19000244140625,46.93000030517578,62.70000076293945,48.61000061035156,35.48500061035156,20.940000534057617,71.56999969482422,86.70999908447266,60.40999984741211,6.639999866485596,142.75,102.33000183105469,17.115999221801758,17.399999618530273,54.900001525878906,49.470001220703125,43.38999938964844,105.69000244140625,41.810001373291016,92.5199966430664,183.4499969482422,33.66999816894531,118.0999984741211,71.31999969482422,76.58000183105469,41.43000030517578,59.885494232177734,34.470001220703125,16.75,1.718000054359436,29.88614845275879,97.30000305175781,66.25,78.8499984741211,36.33333206176758,30.309999465942383,136.22000122070312,45.130001068115234,58.470001220703125,46.0,34.375,20.110000610351562,68.37000274658203,83.66000366210938,64.0999984741211,6.699999809265137,146.75,102.33000183105469,17.14699935913086,17.65999984741211,55.25,50.06999969482422,43.470001220703125,106.04000091552734,41.93000030517578,93.3499984741211,185.0,34.130001068115234,120.0,71.45999908447266,77.1500015258789,41.52000045776367,61.03053283691406,34.70000076293945,16.950000762939453,1.7307499647140503,31.31878662109375,98.29000091552734,66.62999725341797,79.26000213623047,36.51333236694336,30.639999389648438,139.5399932861328,45.45000076293945,58.72999954223633,46.33000183105469,34.779998779296875,20.540000915527344,68.37000274658203,84.05000305175781,18694000,38479500,11793400,495700,32506000,319516900,28681000,59210400,10856700,9161800,6196300,4685900,7823800,25999400,16220000,50948400,7332700,8587700,29187953,28311000,33873300,456532000,125166505,5235200,11604400,6737600,3111000,8996700,8042400,14953300,10909100,67615000,51987600,268936600,49750100,15901300
2016-11-10,43.151390075683594,6.300000190734863,113.14329528808594,92.46936798095703,12.933226585388184,15.161481857299805,40.56449508666992,40.017269134521484,33.28041458129883,71.31498718261719,30.251651763916016,67.68949890136719,164.86489868164062,28.165359497070312,92.05532836914062,59.63359069824219,67.52558135986328,32.596805572509766,46.2751579284668,29.027315139770508,16.570125579833984,1.6663908958435059,20.730052947998047,77.48495483398438,51.088077545166016,60.96217346191406,33.144588470458984,23.460256576538086,125.18529510498047,33.45533752441406,43.08642578125,39.75807189941406,23.880022048950195,18.10750961303711,61.03285217285156,57.38337707519531,64.0,6.300000190734863,151.57000732421875,101.4000015258789,16.79400062561035,18.760000228881836,56.65999984741211,53.61000061035156,44.779998779296875,107.79000091552734,43.13999938964844,92.62999725341797,200.8699951171875,34.5,119.54000091552734,76.6500015258789,78.33999633789062,43.81999969482422,61.98473358154297,38.02000045776367,16.989999771118164,1.6942499876022339,31.774194717407227,105.9800033569336,66.30999755859375,79.87999725341797,36.369998931884766,29.440000534057617,146.1300048828125,47.61000061035156,62.959999084472656,51.630001068115234,35.375,21.610000610351562,71.55999755859375,87.05000305175781,65.05000305175781,6.909999847412109,152.22999572753906,103.41000366210938,17.450000762939453,18.989999771118164,57.54999923706055,54.20000076293945,45.7400016784668,108.5,43.77000045776367,93.69999694824219,204.6699981689453,34.95000076293945,121.0999984741211,77.25,79.69999694824219,44.599998474121094,62.461830139160156,38.939998626708984,17.760000228881836,1.787500023841858,32.09677505493164,106.33999633789062,68.20999908447266,80.70999908447266,37.633331298828125,30.549999237060547,146.57000732421875,48.5,64.19999694824219,51.93000030517578,35.63999938964844,21.700000762939453,72.08000183105469,87.98999786376953,62.790000915527344,6.21999979019165,148.75999450683594,100.70999908447266,16.329999923706055,18.25,56.220001220703125,51.7400016784668,44.349998474121094,107.23999786376953,42.2599983215332,92.05999755859375,194.0,34.029998779296875,119.0199966430664,74.22000122070312,78.0,43.279998779296875,61.564884185791016,36.720001220703125,16.75,1.6690000295639038,31.166982650756836,102.41999816894531,64.31999969482422,79.4800033569336,36.03333282470703,29.3700008392334,142.0,46.97999954223633,62.040000915527344,48.790000915527344,35.08000183105469,21.079999923706055,71.05999755859375,85.66000366210938,63.060001373291016,6.820000171661377,150.39999389648438,102.77999877929688,17.371999740600586,18.260000228881836,57.0,52.04999923706055,45.66999816894531,107.54000091552734,43.52000045776367,92.63999938964844,194.52999877929688,34.95000076293945,120.7699966430664,74.22000122070312,78.95999908447266,43.54999923706055,61.58396911621094,36.720001220703125,17.350000381469727,1.78725004196167,31.612903594970703,102.41999816894531,67.80999755859375,79.4800033569336,37.38999938964844,30.549999237060547,142.33999633789062,47.04999923706055,62.130001068115234,48.93000030517578,35.20000076293945,21.15999984741211,71.94000244140625,85.91000366210938,15948700,71749500,8933400,934900,51217000,304986400,17744300,52067300,11182100,8739500,5621600,2983000,11345400,28249900,11904500,56192300,6904800,5939900,18719690,38586800,30282200,869280000,70908061,6897500,17774400,6798600,6669000,10104300,6075500,17493900,8019800,100988800,41269600,241635500,28378900,14106100
2016-11-11,42.544559478759766,6.690000057220459,111.25464630126953,91.4206314086914,12.902420997619629,15.371609687805176,40.35688781738281,39.4350471496582,32.65612030029297,70.55413818359375,29.347047805786133,66.79798126220703,167.38462829589844,28.255163192749023,91.2313461303711,59.66471862792969,66.94808197021484,32.70093536376953,45.5556526184082,29.38616371154785,17.23332405090332,2.1630868911743164,20.172964096069336,77.4483871459961,51.52724075317383,60.03108596801758,34.41437530517578,23.850727081298828,125.43370819091797,33.65911102294922,42.73741149902344,39.835086822509766,23.444612503051758,18.157787322998047,60.12022399902344,56.47368621826172,63.099998474121094,6.690000057220459,149.0399932861328,100.25,16.753999710083008,19.020000457763672,56.369998931884766,52.83000183105469,43.939998626708984,106.63999938964844,41.849998474121094,91.41000366210938,203.94000244140625,34.61000061035156,118.47000122070312,76.69000244140625,77.66999816894531,43.959999084472656,61.020992279052734,38.4900016784668,17.670000076293945,2.1992499828338623,30.920303344726562,105.93000030517578,66.87999725341797,78.66000366210938,37.76333236694336,29.93000030517578,146.4199981689453,47.900001525878906,62.45000076293945,51.72999954223633,34.72999954223633,21.670000076293945,70.48999786376953,85.66999816894531,63.849998474121094,6.690000057220459,150.83999633789062,100.51000213623047,17.0,19.030000686645508,56.72999954223633,53.15999984741211,44.68000030517578,107.6500015258789,42.79999923706055,92.54000091552734,205.0,34.869998931884766,119.48999786376953,76.72000122070312,78.08999633789062,44.060001373291016,61.55534362792969,38.75,17.68000030517578,2.219249963760376,31.631879806518555,106.2300033569336,67.0,79.43000030517578,37.823333740234375,30.079999923706055,147.5,47.959999084472656,63.16999816894531,51.9900016784668,35.23500061035156,21.700000762939453,71.36000061035156,86.7300033569336,62.790000915527344,6.46999979019165,146.8000030517578,98.72000122070312,16.572999954223633,18.6299991607666,55.880001068115234,51.599998474121094,43.41999816894531,105.94000244140625,41.09000015258789,90.12000274658203,198.25,34.34000015258789,118.12999725341797,75.7699966430664,76.79000091552734,42.91999816894531,60.667938232421875,37.34000015258789,16.899999618530273,1.962499976158142,30.540796279907227,104.77999877929688,65.83999633789062,78.06999969482422,36.78333282470703,28.760000228881836,146.00999450683594,47.43000030517578,61.40999984741211,50.72999954223633,34.44499969482422,21.399999618530273,70.18000030517578,84.88999938964844,63.540000915527344,6.639999866485596,150.0500030517578,99.69999694824219,16.735000610351562,18.639999389648438,56.310001373291016,52.7599983215332,44.310001373291016,107.4800033569336,42.52000045776367,92.06999969482422,198.25,34.56999969482422,119.48999786376953,76.30000305175781,77.97000122070312,43.61000061035156,61.14503860473633,37.369998931884766,17.079999923706055,1.9877500534057617,31.51802635192871,105.43000030517578,65.87000274658203,79.19999694824219,36.78333282470703,29.059999465942383,146.7100067138672,47.56999969482422,62.81999969482422,51.09000015258789,35.165000915527344,21.469999313354492,71.36000061035156,86.52999877929688,10201600,39492200,5159400,1212200,29793000,212952500,12438300,41858600,8155500,7939500,5287900,2340300,6290200,22665000,8134800,27574300,3072700,6497300,14734566,22845500,31043300,2175344000,37736994,4186800,10239800,4955700,2595300,7506800,4475400,9661100,4273700,46594900,35319400,134954500,15866100,13812200
2016-11-14,42.4569206237793,6.789999961853027,110.03721618652344,90.46314239501953,12.612861633300781,16.2282772064209,40.49292755126953,40.81598663330078,32.797340393066406,70.52104949951172,30.02024269104004,67.72603607177734,171.6853485107422,28.149038314819336,89.7912826538086,61.85865783691406,66.38778686523438,32.69343948364258,45.25647735595703,30.04274559020996,17.272335052490234,2.056617021560669,20.042972564697266,79.03495788574219,50.79530334472656,60.06926727294922,34.23514938354492,22.990093231201172,130.45384216308594,34.24234390258789,42.82636260986328,40.982479095458984,23.57624053955078,18.601882934570312,59.932621002197266,56.21657943725586,62.970001220703125,6.789999961853027,146.4199981689453,99.19999694824219,16.378000259399414,20.079999923706055,56.560001373291016,54.68000030517578,44.130001068115234,106.58999633789062,42.810001373291016,92.68000030517578,209.17999267578125,34.47999954223633,116.5999984741211,79.51000213623047,77.0199966430664,43.59000015258789,60.6202278137207,39.349998474121094,17.709999084472656,2.0910000801086426,30.7210636138916,108.0999984741211,65.93000030517578,78.70999908447266,37.56666564941406,28.850000381469727,152.27999877929688,48.72999954223633,62.58000183105469,53.220001220703125,34.92499923706055,22.200000762939453,70.2699966430664,85.27999877929688,63.63999938964844,6.840000152587891,149.14999389648438,99.7699966430664,16.777000427246094,20.200000762939453,56.849998474121094,54.88999938964844,44.2599983215332,106.7300033569336,42.869998931884766,92.80000305175781,211.77000427246094,34.72999954223633,118.98999786376953,80.44000244140625,78.23999786376953,44.189998626708984,61.154579162597656,39.880001068115234,17.979999542236328,2.2047500610351562,31.214420318603516,109.16999816894531,67.41999816894531,78.91999816894531,37.95333480834961,29.600000381469727,152.9199981689453,48.75,63.09000015258789,54.060001373291016,34.959999084472656,22.329999923706055,70.87999725341797,85.6500015258789,62.25,6.610000133514404,146.00999450683594,98.70999908447266,16.302000045776367,19.399999618530273,56.02000045776367,53.0,43.41999816894531,105.58999633789062,41.18000030517578,90.08999633789062,204.14999389648438,34.20000076293945,116.5,77.25,76.69000244140625,43.369998931884766,60.343509674072266,38.779998779296875,17.530000686645508,2.0905001163482666,30.483871459960938,106.4800033569336,65.93000030517578,77.4800033569336,37.46666717529297,28.809999465942383,147.0399932861328,47.810001373291016,62.02000045776367,51.90999984741211,34.415000915527344,21.850000381469727,70.12999725341797,84.33000183105469,63.400001525878906,6.829999923706055,148.47000122070312,98.94000244140625,16.64699935913086,19.40999984741211,56.65999984741211,53.040000915527344,43.58000183105469,106.1500015258789,41.65999984741211,91.19000244140625,204.14999389648438,34.560001373291016,118.58000183105469,77.25,78.01000213623047,43.61000061035156,61.068702697753906,38.880001068115234,17.770000457763672,2.2022500038146973,31.166982650756836,106.91000366210938,67.41999816894531,78.4000015258789,37.95000076293945,29.280000686645508,147.32000732421875,48.06999969482422,62.54999923706055,51.90999984741211,34.60499954223633,21.8799991607666,70.80000305175781,85.30000305175781,8315700,29596400,5060000,687800,28187000,320959900,7234900,43113100,10020100,7656000,4828100,2467000,8248100,22558900,10054900,46130700,3221700,6751800,10610476,25619000,26313300,1348796000,32219094,6834000,8256800,6060900,1340100,8551400,5740400,15228100,4614100,59154400,25144000,261730900,17406200,12607500
2016-11-15,42.38949203491211,6.96999979019165,110.51819610595703,91.21089935302734,12.8184814453125,16.292932510375977,40.58597946166992,41.39073944091797,33.652008056640625,72.08906555175781,31.55595588684082,69.107177734375,173.3350372314453,28.50008201599121,89.57566833496094,61.741943359375,66.64639282226562,32.873443603515625,45.34196090698242,30.53899383544922,17.65270233154297,2.119318962097168,19.95012855529785,79.53211212158203,51.44249725341797,61.939029693603516,34.876102447509766,23.269006729125977,130.4109649658203,34.22126770019531,43.21643829345703,40.49734115600586,24.241172790527344,18.58513069152832,60.10319137573242,57.23174285888672,62.869998931884766,6.96999979019165,147.05999755859375,100.0199966430664,16.645000457763672,20.15999984741211,56.689998626708984,55.45000076293945,45.279998779296875,108.95999908447266,45.0,94.56999969482422,211.19000244140625,34.90999984741211,116.31999969482422,79.36000061035156,77.31999969482422,43.83000183105469,60.73473358154297,40.0,18.100000381469727,2.154750108718872,30.57874870300293,108.77999877929688,66.7699966430664,81.16000366210938,38.27000045776367,29.200000762939453,152.22999572753906,48.70000076293945,63.150001525878906,52.59000015258789,35.90999984741211,22.18000030517578,70.47000122070312,86.81999969482422,63.38999938964844,7.079999923706055,148.4600067138672,100.27999877929688,16.75,20.18000030517578,56.790000915527344,55.470001220703125,45.59000015258789,109.05999755859375,45.0,94.98999786376953,211.1999969482422,35.290000915527344,116.69000244140625,79.41000366210938,77.54000091552734,44.34000015258789,60.81106948852539,40.029998779296875,18.170000076293945,2.1862499713897705,31.081594467163086,108.83000183105469,67.16000366210938,81.55999755859375,38.369998931884766,29.440000534057617,153.9600067138672,48.72999954223633,63.310001373291016,52.59000015258789,35.93000030517578,22.200000762939453,70.54000091552734,87.05999755859375,61.97999954223633,6.789999961853027,145.00999450683594,98.75,16.361000061035156,19.600000381469727,55.7599983215332,53.709999084472656,44.25,107.4000015258789,43.470001220703125,93.05000305175781,205.1699981689453,34.61000061035156,115.81999969482422,77.77999877929688,76.18000030517578,42.779998779296875,60.19084167480469,38.40999984741211,17.65999984741211,2.098249912261963,30.246679306030273,105.47000122070312,65.94999694824219,79.4000015258789,37.630001068115234,28.770000457763672,151.50999450683594,48.040000915527344,61.63999938964844,51.540000915527344,35.20000076293945,21.790000915527344,69.81999969482422,85.7699966430664,63.38999938964844,6.820000171661377,146.8699951171875,99.12000274658203,16.482999801635742,19.790000915527344,56.72999954223633,53.9900016784668,44.25,107.48999786376953,43.4900016784668,94.02999877929688,206.55999755859375,34.63999938964844,116.4000015258789,78.37000274658203,77.43000030517578,43.689998626708984,60.76335906982422,38.810001373291016,17.65999984741211,2.1072499752044678,31.081594467163086,106.87999725341797,66.26000213623047,79.44000244140625,37.720001220703125,29.309999465942383,153.50999450683594,48.2599983215332,62.77000045776367,52.380001068115234,35.22999954223633,22.010000228881836,70.54000091552734,85.7699966430664,5610300,28909400,4515100,491100,25380000,190293100,9312800,33433800,11199700,12156500,6640700,8288400,4893800,20676100,7446700,28126300,3097600,8535100,7640339,18608000,25153900,626092000,31213472,3821100,9615200,5833900,1415100,11135600,4910700,13446700,4652200,39437900,38457400,122754500,10371600,12883500
2016-11-16,41.49274826049805,7.670000076293945,110.64591979980469,91.83098602294922,12.924755096435547,15.961578369140625,40.23518371582031,40.77865219116211,32.98313522338867,72.40315246582031,30.8406982421875,69.58214569091797,169.28872680664062,28.44293212890625,89.60649108886719,60.21709442138672,66.31884765625,32.618446350097656,44.615360260009766,29.920589447021484,17.78923225402832,2.2530834674835205,19.782997131347656,78.60359191894531,51.08038330078125,61.84743881225586,35.2770881652832,23.794944763183594,129.78561401367188,33.63803482055664,43.54492950439453,39.79658508300781,24.07241439819336,18.316991806030273,59.847328186035156,56.52641296386719,61.540000915527344,7.670000076293945,147.22999572753906,100.69999694824219,16.783000946044922,19.75,56.20000076293945,54.630001068115234,44.380001068115234,108.3499984741211,43.97999954223633,95.22000122070312,206.25999450683594,34.84000015258789,116.36000061035156,77.4000015258789,76.94000244140625,43.4900016784668,59.761451721191406,39.189998626708984,18.239999771118164,2.290750026702881,30.322580337524414,107.51000213623047,66.30000305175781,81.04000091552734,38.709999084472656,29.860000610351562,151.5,47.869998931884766,63.630001068115234,51.68000030517578,35.65999984741211,21.860000610351562,70.16999816894531,85.75,62.970001220703125,7.75,148.5,100.7699966430664,16.816999435424805,19.959999084472656,56.720001220703125,55.0,45.650001525878906,109.0,45.04999923706055,96.0199966430664,208.0800018310547,34.91999816894531,116.77999877929688,78.3499984741211,77.5199966430664,43.880001068115234,61.020992279052734,39.47999954223633,18.329999923706055,2.313999891281128,30.67362403869629,108.16000366210938,66.70999908447266,81.9000015258789,38.74333190917969,29.899999618530273,153.0,48.38999938964844,64.11000061035156,52.16999816894531,36.06999969482422,22.030000686645508,70.62999725341797,86.77999877929688,61.41999816894531,7.070000171661377,146.44000244140625,99.1500015258789,16.575000762939453,19.68000030517578,55.93000030517578,54.209999084472656,44.18000030517578,107.73999786376953,43.86000061035156,94.05000305175781,204.8300018310547,34.540000915527344,116.08000183105469,76.87999725341797,76.81999969482422,43.11000061035156,59.58969497680664,38.959999084472656,17.93000030517578,2.158750057220459,30.294118881225586,106.97000122070312,65.6500015258789,80.7699966430664,38.19333267211914,29.09000015258789,151.22999572753906,47.59000015258789,63.150001525878906,51.36000061035156,35.54999923706055,21.799999237060547,70.08000183105469,85.58000183105469,62.66999816894531,7.090000152587891,147.57000732421875,99.19999694824219,16.6299991607666,19.780000686645508,56.70000076293945,54.209999084472656,45.15999984741211,108.19999694824219,44.779998779296875,94.51000213623047,207.35000610351562,34.900001525878906,116.6500015258789,78.22000122070312,77.5199966430664,43.599998474121094,60.78244400024414,39.0099983215332,17.940000534057617,2.183500051498413,30.55028533935547,107.73999786376953,66.70999908447266,81.0199966430664,38.20333480834961,29.09000015258789,151.99000549316406,47.59000015258789,63.400001525878906,51.790000915527344,35.83000183105469,21.979999542236328,70.29000091552734,86.73999786376953,6571200,78083200,4108200,1036300,13333000,126734500,8935500,24200100,6800600,7723700,5611300,4103400,5276200,18565500,6594800,26054900,1922300,4165600,11297650,18234900,21629000,987984000,23864246,3355200,9552200,4501300,1212300,8802600,3899000,10900900,4684100,26996200,33218200,117887700,7585000,8201200
2016-11-17,41.600643157958984,8.460000038146973,110.74366760253906,93.52719116210938,12.863914489746094,16.2282772064209,40.57883071899414,41.39073944091797,32.41087341308594,72.24945068359375,30.062314987182617,67.47756958007812,172.05467224121094,28.589887619018555,89.76818084716797,60.699440002441406,66.98255920410156,32.52093505859375,44.66521453857422,30.516098022460938,18.706005096435547,2.2717697620391846,19.6406307220459,80.86276245117188,51.365447998046875,61.13005447387695,35.65679931640625,23.484161376953125,129.1602325439453,34.20719909667969,44.25664138793945,40.42033386230469,23.910402297973633,18.568370819091797,60.08613586425781,56.18362808227539,61.70000076293945,8.460000038146973,147.36000061035156,102.55999755859375,16.70400047302246,20.079999923706055,56.68000030517578,55.45000076293945,43.61000061035156,108.12000274658203,42.869998931884766,92.33999633789062,209.6300048828125,35.02000045776367,116.56999969482422,78.0199966430664,77.70999908447266,43.36000061035156,59.828243255615234,39.970001220703125,19.18000030517578,2.3097500801086426,30.1043643951416,110.5999984741211,66.66999816894531,80.0999984741211,39.12666702270508,29.469999313354492,150.77000427246094,48.68000030517578,64.66999816894531,52.4900016784668,35.41999816894531,22.15999984741211,70.44999694824219,85.2300033569336,61.9900016784668,8.770000457763672,148.4499969482422,102.8499984741211,16.902000427246094,20.219999313354492,57.099998474121094,55.97999954223633,45.08000183105469,110.0999984741211,44.689998626708984,96.58000183105469,209.69000244140625,35.02000045776367,116.68000030517578,78.45999908447266,77.80999755859375,44.290000915527344,59.91412353515625,39.970001220703125,19.34000015258789,2.3697500228881836,30.474382400512695,110.80999755859375,66.7699966430664,81.87000274658203,39.31999969482422,30.020000457763672,151.9199981689453,48.77000045776367,64.77999877929688,52.900001525878906,36.19499969482422,22.18000030517578,70.47000122070312,86.87999725341797,61.130001068115234,7.769999980926514,146.50999450683594,101.19000244140625,16.601999282836914,19.700000762939453,56.060001373291016,54.36000061035156,43.5,107.58999633789062,42.75,92.04000091552734,205.6699981689453,34.630001068115234,116.12000274658203,77.5999984741211,76.7300033569336,43.189998626708984,59.274810791015625,38.720001220703125,18.25,2.266249895095825,30.056926727294922,107.45999908447266,66.16000366210938,79.87000274658203,38.62333297729492,29.350000381469727,150.19000244140625,47.97999954223633,63.849998474121094,50.959999084472656,35.33000183105469,21.809999465942383,70.0199966430664,85.0199966430664,61.75,7.789999961853027,147.72999572753906,101.23999786376953,16.735000610351562,19.760000228881836,56.75,54.599998474121094,44.79999923706055,109.0,44.369998931884766,96.0999984741211,206.25999450683594,34.810001373291016,116.68000030517578,77.93000030517578,77.0,43.849998474121094,59.64694595336914,39.02000045776367,18.350000381469727,2.3077499866485596,30.370019912719727,107.5199966430664,66.44000244140625,81.51000213623047,38.856666564941406,30.0,151.82000732421875,48.099998474121094,64.19999694824219,51.38999938964844,35.959999084472656,21.860000610351562,70.19000244140625,86.44000244140625,4879500,124235500,3957300,1344700,18100000,167979200,6820500,24579000,6757600,6638100,6041600,5877700,3572400,15748500,5730300,19306700,4519200,3985300,8762642,12676900,45958100,832988000,27502549,4154600,6982500,4733600,1084500,7065100,4683000,9369800,5854900,29205900,20676000,98536400,12856200,8200500
2016-11-18,40.805030822753906,8.710000038146973,109.14291381835938,95.37841796875,12.95016860961914,16.163619995117188,40.63610076904297,41.398216247558594,33.26555252075195,72.97113800048828,30.728485107421875,68.06946563720703,172.6456298828125,28.53274154663086,89.45027923583984,60.458248138427734,66.08609008789062,32.48343276977539,44.07395553588867,30.8673038482666,18.735265731811523,2.2956221103668213,19.485881805419922,81.33067321777344,51.8585205078125,61.053749084472656,35.915000915527344,23.484161376953125,128.0294189453125,34.59370040893555,43.78694152832031,40.67445755004883,24.008281707763672,18.568370819091797,59.44647979736328,56.21657943725586,60.52000045776367,8.710000038146973,145.22999572753906,104.58999633789062,16.81599998474121,20.0,56.7599983215332,55.459999084472656,44.7599983215332,109.19999694824219,43.81999969482422,93.1500015258789,210.35000610351562,34.95000076293945,115.36000061035156,77.70999908447266,76.66999816894531,43.310001373291016,59.036258697509766,40.43000030517578,19.209999084472656,2.3340001106262207,29.867172241210938,111.23999786376953,67.30999755859375,80.0,39.40999984741211,29.469999313354492,149.4499969482422,49.22999954223633,63.38999938964844,52.81999969482422,35.564998626708984,22.15999984741211,69.69999694824219,85.27999877929688,62.13999938964844,8.829999923706055,148.35000610351562,104.75,16.916000366210938,20.139999389648438,56.84000015258789,55.84000015258789,44.959999084472656,109.66999816894531,44.369998931884766,94.27999877929688,212.07000732421875,35.0,115.91999816894531,78.41999816894531,77.91999816894531,43.599998474121094,59.75190734863281,40.66999816894531,19.329999923706055,2.3582499027252197,30.313093185424805,111.38999938964844,67.45999908447266,80.5199966430664,39.459999084472656,29.56999969482422,151.66000366210938,49.400001525878906,63.97999954223633,52.97999954223633,35.76499938964844,22.239999771118164,70.69999694824219,85.6500015258789,60.38999938964844,8.399999618530273,144.89999389648438,103.37999725341797,16.674999237060547,19.8700008392334,56.25,54.97999954223633,43.66999816894531,108.1500015258789,43.20000076293945,92.37999725341797,209.72000122070312,34.63999938964844,114.80999755859375,77.55000305175781,76.5199966430664,42.56999969482422,58.902671813964844,39.88999938964844,18.850000381469727,2.2950000762939453,29.829221725463867,110.2699966430664,65.94000244140625,79.72000122070312,39.0099983215332,29.190000534057617,149.39999389648438,48.65999984741211,62.939998626708984,51.9900016784668,35.3650016784668,22.059999465942383,69.66000366210938,84.83000183105469,61.650001525878906,8.680000305175781,147.0500030517578,103.58000183105469,16.674999237060547,20.059999465942383,56.58000183105469,55.380001068115234,43.709999084472656,108.56999969482422,43.349998474121094,92.75,209.8699951171875,34.900001525878906,115.79000091552734,77.95999908447266,77.58000183105469,43.20000076293945,59.70419692993164,40.0,18.899999618530273,2.3097500801086426,30.313093185424805,110.91000366210938,66.68000030517578,80.0999984741211,39.0099983215332,29.43000030517578,151.0500030517578,48.7400016784668,63.93000030517578,52.45000076293945,35.54499816894531,22.139999389648438,70.51000213623047,85.20999908447266,7023200,62336200,3764600,1914300,19524000,120620200,7387400,24990000,8429400,6815500,4769900,2755400,4278200,16806900,7717800,19770000,4571600,4892600,8066351,16413300,29121600,576060000,25460846,5245800,9889300,3951100,1064400,5136600,5664800,9090500,4737700,29673400,23924600,92344300,12185000,8457800
2016-11-21,40.73760986328125,8.9399995803833,109.3833999633789,95.83435821533203,13.290555000305176,16.430320739746094,40.61461639404297,41.457923889160156,34.454673767089844,73.6259994506836,31.4858341217041,69.91096496582031,173.24473571777344,28.557228088378906,89.17112731933594,60.722782135009766,66.06024932861328,35.37851333618164,44.38027572631836,30.966548919677734,19.008344650268555,2.286278247833252,19.541593551635742,80.94316101074219,51.69672775268555,62.35873794555664,36.154991149902344,23.627601623535156,128.851806640625,34.62883758544922,44.5813102722168,40.13541793823242,24.57870864868164,18.635404586791992,59.65968322753906,57.01421356201172,60.41999816894531,8.9399995803833,145.5500030517578,105.08999633789062,17.257999420166016,20.329999923706055,56.72999954223633,55.540000915527344,46.36000061035156,110.18000030517578,44.900001525878906,95.66999816894531,211.0800018310547,34.97999954223633,115.0,78.05000305175781,76.63999938964844,47.16999816894531,59.446563720703125,40.560001373291016,19.489999771118164,2.32450008392334,29.95256233215332,110.70999908447266,67.0999984741211,81.70999908447266,39.67333221435547,29.649999618530273,150.41000366210938,49.279998779296875,64.54000091552734,52.119998931884766,36.40999984741211,22.239999771118164,69.94999694824219,86.48999786376953,60.79999923706055,9.220000267028809,146.1699981689453,105.11000061035156,17.275999069213867,20.350000381469727,56.849998474121094,55.9900016784668,46.5,111.0,45.29999923706055,97.0,211.69000244140625,35.20000076293945,115.68000030517578,78.16999816894531,77.04000091552734,47.279998779296875,59.53244400024414,40.79999923706055,19.670000076293945,2.358750104904175,30.06641387939453,111.3499984741211,67.19999694824219,81.91000366210938,39.733333587646484,29.739999771118164,150.66000366210938,49.38999938964844,64.7300033569336,52.97999954223633,36.45000076293945,22.299999237060547,70.0199966430664,86.69000244140625,60.20000076293945,8.859999656677246,145.11000061035156,104.0199966430664,16.913000106811523,20.010000228881836,56.400001525878906,55.13999938964844,45.540000915527344,110.06999969482422,44.40999984741211,94.86000061035156,209.17999267578125,34.84000015258789,114.80000305175781,77.29000091552734,76.0999984741211,44.900001525878906,58.893131256103516,40.11000061035156,19.350000381469727,2.309999942779541,29.876659393310547,110.22000122070312,66.1500015258789,81.02999877929688,39.393333435058594,29.459999084472656,148.55999755859375,49.0099983215332,63.13999938964844,52.02000045776367,36.064998626708984,22.09000015258789,69.7699966430664,86.13999938964844,60.70000076293945,8.869999885559082,145.99000549316406,104.08999633789062,16.913000106811523,20.100000381469727,56.709999084472656,55.959999084472656,45.63999938964844,110.36000061035156,44.97999954223633,95.0,211.4600067138672,35.099998474121094,115.44000244140625,78.0,76.80000305175781,45.400001525878906,59.10305404663086,40.439998626708984,19.389999389648438,2.352250099182129,29.8956356048584,111.3499984741211,66.86000061035156,81.11000061035156,39.529998779296875,29.600000381469727,149.72000122070312,49.31999969482422,63.849998474121094,52.849998474121094,36.064998626708984,22.280000686645508,69.8499984741211,86.44000244140625,6328300,65595900,2860500,1408200,21384000,117479100,11312300,20410400,9890700,8476800,4861900,4642400,2860200,14259500,5843300,11983500,4060300,20270900,7164862,10122300,22744000,436436000,23053931,2270600,7868900,5202100,1140300,4477100,3867800,5184100,4922800,23587200,33750800,71943900,6791800,8861500
2016-11-22,39.73299026489258,8.6899995803833,108.46656799316406,96.04412841796875,13.632486343383789,16.406078338623047,40.48575973510742,41.87594223022461,34.239139556884766,73.92002868652344,31.191316604614258,69.61868286132812,173.2694091796875,28.96541976928711,87.41873168945312,61.096229553222656,65.49999237060547,35.90352249145508,43.952850341796875,30.951278686523438,19.252166748046875,2.3027517795562744,19.393033981323242,80.97974395751953,52.628971099853516,62.19850540161133,36.54078674316406,23.83478355407715,130.43663024902344,34.45315933227539,45.07174301147461,40.21242141723633,24.56519889831543,18.643774032592773,58.79826736450195,57.13945388793945,58.93000030517578,8.6899995803833,144.3300018310547,105.31999969482422,17.70199966430664,20.299999237060547,56.54999923706055,56.099998474121094,46.06999969482422,110.62000274658203,44.47999954223633,95.2699966430664,211.11000061035156,35.47999954223633,112.73999786376953,78.52999877929688,75.98999786376953,47.869998931884766,58.874046325683594,40.540000915527344,19.739999771118164,2.341249942779541,29.724857330322266,110.76000213623047,68.30999755859375,81.5,40.0966682434082,29.90999984741211,152.25999450683594,49.029998779296875,65.25,52.220001220703125,36.38999938964844,22.25,68.94000244140625,86.68000030517578,60.560001373291016,9.0600004196167,146.9499969482422,105.61000061035156,17.742000579833984,20.469999313354492,56.900001525878906,56.150001525878906,46.689998626708984,111.0,45.290000915527344,96.19999694824219,211.9499969482422,35.5,115.0,78.55999755859375,77.80999755859375,48.810001373291016,59.78053283691406,40.77000045776367,19.799999237060547,2.3434998989105225,30.351043701171875,111.44000244140625,68.5999984741211,82.0,40.133331298828125,30.149999618530273,152.92999267578125,49.56999969482422,66.16999816894531,52.58000183105469,36.599998474121094,22.350000381469727,69.91999816894531,87.23999786376953,58.61000061035156,8.539999961853027,142.82000732421875,104.80000305175781,17.33099937438965,20.1200008392334,56.2599983215332,55.43000030517578,45.279998779296875,109.30999755859375,43.59000015258789,93.41999816894531,209.88999938964844,35.11000061035156,112.2699966430664,77.76000213623047,75.5,47.33000183105469,58.406490325927734,39.970001220703125,19.450000762939453,2.309499979019165,29.459203720092773,110.19000244140625,67.04000091552734,80.27999877929688,39.8466682434082,29.770000457763672,150.55999755859375,48.77000045776367,64.55000305175781,51.810001373291016,35.95000076293945,22.1200008392334,68.47000122070312,85.97000122070312,60.4900016784668,9.050000190734863,146.82000732421875,105.44999694824219,17.371999740600586,20.329999923706055,56.65999984741211,55.65999984741211,46.290000915527344,110.79000091552734,45.08000183105469,95.79000091552734,211.36000061035156,35.18000030517578,114.58999633789062,78.3499984741211,77.80999755859375,47.45000076293945,59.63740539550781,40.560001373291016,19.639999389648438,2.3324999809265137,30.294118881225586,110.87000274658203,67.56999969482422,81.9800033569336,39.883331298828125,29.969999313354492,151.0800018310547,49.27000045776367,64.95999908447266,52.43000030517578,36.41999816894531,22.34000015258789,69.91999816894531,86.69000244140625,8518600,71312800,3586200,876300,31024000,104771800,10350000,21975900,7255500,6440500,4356400,3867800,2945700,22327400,11649700,14410100,5208800,13037000,10052626,12341100,22219100,330368000,27862279,2878900,9803600,4646400,1418700,8937500,4992100,10580100,4427400,22816900,32026400,98286500,14522100,9390200
2016-11-23,40.57579040527344,8.800000190734863,108.99259185791016,95.84349060058594,13.637104988098145,16.61620330810547,40.628936767578125,42.31634521484375,34.41006851196289,74.17395782470703,31.584020614624023,70.88286590576172,174.2543182373047,28.736841201782227,87.67462158203125,61.35297775268555,58.61296081542969,35.78352355957031,43.91011428833008,31.333017349243164,19.41796875,2.314079999923706,19.448745727539062,81.257568359375,52.49030303955078,62.12218475341797,36.586341857910156,23.81884765625,131.533203125,34.67802047729492,44.70565414428711,40.16621398925781,24.66646385192871,18.75271224975586,59.0285530090332,57.297672271728516,60.18000030517578,8.800000190734863,145.02999877929688,105.0999984741211,17.70800018310547,20.559999465942383,56.75,56.689998626708984,46.29999923706055,111.0,45.040000915527344,97.0,212.30999755859375,35.20000076293945,113.06999969482422,78.86000061035156,68.0,47.709999084472656,58.816795349121094,41.040000915527344,19.90999984741211,2.349250078201294,29.81024742126465,111.13999938964844,68.12999725341797,81.4000015258789,40.14666748046875,29.889999389648438,153.5399932861328,49.349998474121094,64.72000122070312,52.15999984741211,36.540000915527344,22.3799991607666,69.20999908447266,86.91999816894531,60.380001068115234,8.859999656677246,145.1699981689453,105.3499984741211,17.775999069213867,20.65999984741211,56.779998779296875,56.83000183105469,46.45000076293945,111.47000122070312,45.04999923706055,97.69999694824219,213.41000366210938,35.52000045776367,113.43000030517578,79.23999786376953,68.43000030517578,48.119998931884766,58.874046325683594,41.18000030517578,19.93000030517578,2.3812499046325684,29.83871078491211,111.97000122070312,68.5,81.91999816894531,40.22999954223633,30.1299991607666,153.74000549316406,49.5,65.41999816894531,52.630001068115234,36.654998779296875,22.40999984741211,69.22000122070312,87.08000183105469,58.599998474121094,8.5,142.83999633789062,104.25,17.52400016784668,20.200000762939453,55.779998779296875,55.810001373291016,45.529998779296875,110.04000091552734,43.75,94.63999938964844,209.3699951171875,35.099998474121094,111.55999755859375,77.88999938964844,64.18000030517578,47.310001373291016,57.08015441894531,40.220001220703125,19.469999313354492,2.3192501068115234,29.060720443725586,110.37000274658203,67.75,81.01000213623047,39.900001525878906,29.739999771118164,150.9600067138672,49.08000183105469,64.05000305175781,51.95000076293945,36.17499923706055,22.170000076293945,67.79000091552734,86.30999755859375,58.810001373291016,8.720000267028809,142.94000244140625,104.4800033569336,17.63599967956543,20.420000076293945,56.04999923706055,56.29999923706055,45.720001220703125,110.4000015258789,44.099998474121094,94.79000091552734,211.5,35.47999954223633,112.25,78.87000274658203,64.33999633789062,47.5,57.566795349121094,40.5,19.6299991607666,2.3429999351501465,29.582542419433594,111.30999755859375,68.33000183105469,81.06999969482422,40.11333465576172,29.899999618530273,152.00999450683594,49.29999923706055,64.83999633789062,52.45000076293945,36.21500015258789,22.34000015258789,67.79000091552734,86.54000091552734,5546600,34646000,3216900,432300,22123000,110801300,10151000,19906300,4870600,4472700,2920700,2675500,3717400,15843100,7892600,13373700,53877200,4399300,9588152,9841000,20041300,443236000,22399924,3708300,4820300,3122000,1044000,4017500,2697200,7053400,4277500,19986800,22924000,101948400,13676000,5996300
2016-11-25,40.798282623291016,8.770000457763672,109.2932357788086,94.96803283691406,13.61169147491455,16.85865592956543,40.79359817504883,42.383514404296875,34.001319885253906,74.17395782470703,31.0159969329834,70.13751220703125,173.4910430908203,28.932764053344727,88.49652099609375,61.329612731933594,59.578346252441406,36.151039123535156,44.316158294677734,31.37881088256836,19.632532119750977,2.3187592029571533,19.615873336791992,81.93751525878906,52.613555908203125,62.0382194519043,36.650146484375,23.63556480407715,130.9078369140625,34.727203369140625,44.80236053466797,40.52044677734375,24.54494857788086,18.777849197387695,59.25883483886719,57.42952346801758,60.5099983215332,8.770000457763672,145.42999267578125,104.13999938964844,17.674999237060547,20.860000610351562,56.97999954223633,56.779998779296875,45.75,111.0,44.22999954223633,95.9800033569336,211.3800048828125,35.439998626708984,114.12999725341797,78.83000183105469,69.12000274658203,48.20000076293945,59.360687255859375,41.099998474121094,20.1299991607666,2.3540000915527344,30.06641387939453,112.06999969482422,68.29000091552734,81.29000091552734,40.21666717529297,29.65999984741211,152.80999755859375,49.41999816894531,64.86000061035156,52.619998931884766,36.36000061035156,22.40999984741211,69.4800033569336,87.12000274658203,60.66999816894531,8.90999984741211,146.0,104.45999908447266,17.70199966430664,20.8799991607666,57.13999938964844,56.79999923706055,46.040000915527344,111.22000122070312,44.810001373291016,96.80999755859375,212.75,35.45000076293945,114.2300033569336,79.44999694824219,69.13999938964844,48.22999954223633,59.54198455810547,41.20000076293945,20.440000534057617,2.377500057220459,30.11385154724121,112.06999969482422,68.41999816894531,81.38999938964844,40.23666763305664,29.809999465942383,154.5,49.5,64.87999725341797,52.619998931884766,36.46500015258789,22.450000762939453,69.54000091552734,87.13999938964844,59.66999816894531,8.6899995803833,144.75999450683594,103.7699966430664,17.55699920654297,20.5,56.709999084472656,56.189998626708984,45.16999816894531,110.12000274658203,43.56999969482422,95.19000244140625,211.0,35.11000061035156,113.37999725341797,78.47000122070312,67.77999877929688,47.369998931884766,58.921756744384766,40.790000915527344,19.790000915527344,2.335249900817871,29.93358612060547,111.1500015258789,67.70999908447266,80.75,40.043331146240234,29.610000610351562,152.61000061035156,49.119998931884766,64.27999877929688,52.040000915527344,36.18000030517578,22.31999969482422,69.20999908447266,86.54000091552734,60.040000915527344,8.800000190734863,145.22000122070312,103.98999786376953,17.67799949645996,20.6200008392334,56.849998474121094,56.599998474121094,45.79999923706055,110.54000091552734,44.540000915527344,96.38999938964844,211.36000061035156,35.11000061035156,113.5999984741211,79.0999984741211,68.52999877929688,47.47999954223633,58.988548278808594,41.099998474121094,19.950000762939453,2.3605000972747803,29.98102569580078,111.2300033569336,68.16000366210938,81.02999877929688,40.220001220703125,29.75,153.92999267578125,49.36000061035156,64.47000122070312,52.400001525878906,36.3849983215332,22.43000030517578,69.41000366210938,86.70999908447266,2941600,14214100,2004000,251900,8198000,62610400,6228600,11488200,3494400,3238600,1962400,1518300,1974000,6372800,3433300,6185700,8620700,1987600,3669362,4027500,16308000,195564000,11017357,1047900,4200100,1819700,411900,2101800,1664500,2631500,1735400,9635500,17583600,33114800,4009300,5042300
2016-11-28,40.090335845947266,8.829999923706055,109.02265930175781,94.5029525756836,13.449968338012695,16.406078338623047,40.45711898803711,41.40567398071289,33.815521240234375,73.83983612060547,29.908037185668945,68.30330657958984,172.6456298828125,28.98991584777832,87.72111511230469,60.932838439941406,57.923404693603516,35.288516998291016,44.02408218383789,30.874940872192383,19.495990753173828,2.317528486251831,19.523025512695312,80.27786254882812,52.10108947753906,61.862701416015625,36.54078674316406,23.63556480407715,130.3081512451172,34.3618049621582,44.063236236572266,39.71958923339844,24.204050064086914,18.55998992919922,58.81531524658203,57.001033782958984,59.459999084472656,8.829999923706055,145.07000732421875,103.62999725341797,17.46500015258789,20.299999237060547,56.5099983215332,55.470001220703125,45.5,110.5,42.650001525878906,93.47000122070312,210.35000610351562,35.5099983215332,113.12999725341797,78.31999969482422,67.19999694824219,47.04999923706055,58.96946716308594,40.439998626708984,19.989999771118164,2.352750062942505,29.92409896850586,109.80000305175781,67.0999984741211,81.05999755859375,40.0966682434082,29.65999984741211,152.11000061035156,48.900001525878906,63.790000915527344,51.58000183105469,35.85499954223633,22.149999618530273,68.95999908447266,86.47000122070312,59.939998626708984,8.979999542236328,145.9199981689453,103.91000366210938,17.707000732421875,20.850000381469727,56.959999084472656,56.349998474121094,46.849998474121094,111.56999969482422,44.97999954223633,96.83999633789062,211.75999450683594,35.65999984741211,114.12000274658203,78.87000274658203,68.43000030517578,48.83000183105469,59.21755599975586,41.0,20.280000686645508,2.368499994277954,30.208728790283203,111.62000274658203,67.69999694824219,82.02999877929688,40.279998779296875,29.940000534057617,152.85000610351562,49.45000076293945,65.0199966430664,52.47999954223633,36.54499816894531,22.3799991607666,69.36000061035156,87.12999725341797,59.0099983215332,8.720000267028809,144.5,103.22000122070312,17.45400047302246,20.25,56.25,55.43000030517578,45.38999938964844,110.37999725341797,42.54999923706055,93.2699966430664,209.60000610351562,35.209999084472656,113.05000305175781,78.0199966430664,67.0999984741211,46.959999084472656,58.79771041870117,40.349998474121094,19.950000762939453,2.3399999141693115,29.88614845275879,109.61000061035156,66.80000305175781,80.83000183105469,40.029998779296875,29.540000915527344,150.0,48.779998779296875,63.61000061035156,51.38999938964844,35.790000915527344,22.09000015258789,68.8499984741211,86.37000274658203,59.130001068115234,8.720000267028809,145.25,103.30000305175781,17.606000900268555,20.670000076293945,56.91999816894531,55.86000061035156,46.720001220703125,110.94999694824219,44.849998474121094,96.63999938964844,210.0,35.43000030517578,113.79000091552734,78.18000030517578,68.43000030517578,48.52000045776367,58.950382232666016,40.630001068115234,20.18000030517578,2.346750020980835,30.06641387939453,111.2300033569336,67.41999816894531,81.41000366210938,40.119998931884766,29.709999084472656,152.74000549316406,49.13999938964844,64.87000274658203,52.119998931884766,36.53499984741211,22.25,69.3499984741211,86.94999694824219,6274600,25907800,2411700,453200,26570000,108651200,8724200,23645000,9429500,6406700,5810300,3031200,3297400,13549000,9065700,13007200,12507700,5624500,7806971,10123600,22205900,278736000,18692901,2183300,8225200,5909400,661500,5435000,5029600,5887300,4666400,26518500,37580200,99791400,6507200,7449600
2016-11-29,41.52646255493164,8.930000305175781,109.72159576416016,94.64885711669922,13.511580467224121,16.397994995117188,40.34972381591797,41.442996978759766,32.87165069580078,73.06468200683594,29.564428329467773,67.5506591796875,174.33340454101562,28.82663917541504,87.21712493896484,61.399654388427734,57.880279541015625,34.485992431640625,44.30189514160156,30.997093200683594,18.940078735351562,2.2963497638702393,19.75823974609375,79.88304901123047,51.8448600769043,60.9926643371582,36.47395706176758,23.547908782958984,135.002685546875,34.50234603881836,44.04943084716797,39.93519973754883,23.907020568847656,18.610260009765625,59.19913101196289,56.62529754638672,61.59000015258789,8.930000305175781,146.0,103.79000091552734,17.545000076293945,20.290000915527344,56.36000061035156,55.52000045776367,44.22999954223633,109.33999633789062,42.15999984741211,92.44000244140625,211.75,35.310001373291016,112.4800033569336,78.91999816894531,67.1500015258789,45.97999954223633,59.34160232543945,40.599998474121094,19.420000076293945,2.331249952316284,30.284629821777344,109.26000213623047,66.7699966430664,79.91999816894531,40.02333450317383,29.549999237060547,157.58999633789062,49.099998474121094,63.77000045776367,51.86000061035156,35.415000915527344,22.209999084472656,69.41000366210938,85.9000015258789,62.099998474121094,9.229999542236328,146.7899932861328,104.01000213623047,17.697999954223633,20.540000915527344,56.88999938964844,55.939998626708984,44.54999923706055,109.72000122070312,42.40999984741211,93.37999725341797,212.9199981689453,35.63999938964844,113.41000366210938,79.16000366210938,67.63999938964844,46.95000076293945,59.59923553466797,40.91999816894531,20.200000762939453,2.3610000610351562,30.332067489624023,110.43000030517578,67.54000091552734,80.29000091552734,40.2599983215332,29.75,158.1199951171875,49.349998474121094,64.31999969482422,52.130001068115234,35.630001068115234,22.280000686645508,69.61000061035156,86.08000183105469,59.52000045776367,8.850000381469727,145.30999755859375,102.70999908447266,17.343000411987305,20.25,56.13999938964844,55.31999969482422,43.83000183105469,108.4000015258789,40.43000030517578,90.0,209.9199981689453,35.27000045776367,112.16999816894531,78.38999938964844,66.4800033569336,45.869998931884766,59.08396911621094,40.290000915527344,19.3799991607666,2.3132500648498535,29.99051284790039,109.16000366210938,66.62999725341797,78.73999786376953,39.83333206176758,29.139999389648438,155.17999267578125,49.0099983215332,63.09000015258789,51.560001373291016,35.03499984741211,22.110000610351562,69.11000061035156,85.08000183105469,59.70000076293945,9.0,145.36000061035156,102.87999725341797,17.38599967956543,20.3799991607666,56.619998931884766,55.5,44.470001220703125,109.0999984741211,41.2400016784668,91.5999984741211,209.99000549316406,35.63999938964844,112.94999694824219,78.38999938964844,67.56999969482422,46.59000015258789,59.11259460449219,40.439998626708984,19.920000076293945,2.3499999046325684,30.218215942382812,110.0,67.2300033569336,79.61000061035156,40.06666564941406,29.579999923706055,156.94000244140625,49.119998931884766,63.290000915527344,51.560001373291016,35.310001373291016,22.190000534057617,69.12000274658203,85.41999816894531,11858800,54831400,2939100,1194200,18514000,114216800,9818900,15725400,9376700,7461900,7671900,4010400,2577600,19581000,7799600,14144100,8930000,7758700,10516575,8602900,37924400,444568000,22810879,3943800,6544900,6326400,1172700,9254600,5827400,5726600,4427900,16267300,36723400,74645700,7093900,9181100
2016-11-30,40.99382400512695,8.90999984741211,108.27116394042969,94.0469970703125,13.12960147857666,17.132110595703125,40.40700149536133,42.0924072265625,36.05998229980469,74.54817199707031,33.89111328125,74.91663360595703,180.5410919189453,28.328641891479492,86.30213928222656,62.37212371826172,57.854434967041016,35.266021728515625,43.589542388916016,31.577316284179688,19.0473575592041,2.2704930305480957,19.894420623779297,80.81891632080078,52.900856018066406,64.14461517333984,36.264339447021484,23.659473419189453,136.16819763183594,34.86774826049805,42.52285385131836,40.751461029052734,25.122127532958984,18.861642837524414,58.636226654052734,57.54816818237305,60.79999923706055,8.90999984741211,144.07000732421875,103.12999725341797,17.048999786376953,21.1200008392334,56.439998626708984,56.38999938964844,48.52000045776367,111.55999755859375,48.33000183105469,102.5199966430664,219.2899932861328,34.70000076293945,111.30000305175781,80.16999816894531,67.12000274658203,47.02000045776367,58.38740539550781,41.36000061035156,19.530000686645508,2.305000066757202,30.493358612060547,110.54000091552734,68.12999725341797,84.05000305175781,39.793331146240234,29.690000534057617,158.32000732421875,49.619998931884766,61.560001373291016,52.91999816894531,37.21500015258789,22.510000228881836,68.75,87.30000305175781,61.84000015258789,9.119999885559082,146.32000732421875,103.81999969482422,17.59000015258789,21.190000534057617,56.689998626708984,56.720001220703125,49.31999969482422,112.9800033569336,48.709999084472656,103.06999969482422,220.77000427246094,35.29999923706055,112.5199966430664,80.52999877929688,67.81999969482422,47.27000045776367,59.46564865112305,41.63999938964844,19.760000228881836,2.3540000915527344,30.71157455444336,111.2300033569336,68.30999755859375,84.37000274658203,40.106666564941406,29.81999969482422,159.75999450683594,49.77000045776367,63.52000045776367,53.15999984741211,37.560001373291016,22.56999969482422,69.4800033569336,88.19000244140625,60.630001068115234,8.899999618530273,144.07000732421875,102.93000030517578,17.04400062561035,20.719999313354492,56.0,56.060001373291016,46.22999954223633,111.30000305175781,46.5099983215332,97.08999633789062,214.97000122070312,34.70000076293945,111.30000305175781,79.69999694824219,66.80999755859375,44.599998474121094,58.196563720703125,41.0099983215332,19.360000610351562,2.302500009536743,30.123340606689453,110.12000274658203,66.5,82.05000305175781,39.776668548583984,29.399999618530273,157.07000732421875,49.43000030517578,60.349998474121094,52.29999923706055,36.64500045776367,22.43000030517578,68.72000122070312,87.19999694824219,61.630001068115234,9.020000457763672,145.6999969482422,103.7699966430664,17.511999130249023,20.770000457763672,56.290000915527344,56.22999954223633,46.29999923706055,112.05000305175781,46.720001220703125,97.30999755859375,215.1999969482422,35.20000076293945,112.19000244140625,79.91999816894531,67.30000305175781,46.2599983215332,59.45610809326172,41.02000045776367,19.579999923706055,2.3399999141693115,30.341556549072266,110.5999984741211,66.80000305175781,82.47000122070312,40.003334045410156,29.549999237060547,157.47000122070312,49.56999969482422,62.470001220703125,52.47999954223633,36.64500045776367,22.520000457763672,69.45999908447266,87.5999984741211,9025200,36511900,4296900,434200,31249000,191699600,16418900,24395100,20897800,17301900,17514200,10121000,6507900,27016100,11178500,25351900,9085300,11079900,13132174,14726600,26031700,440500000,40599553,5570200,12470000,13534300,591900,6403400,7142400,6887100,14238400,26567200,89709600,98843700,8640700,22696200
2016-12-01,39.8880615234375,8.390000343322754,107.00862121582031,91.18354797363281,12.536619186401367,17.440364837646484,39.948795318603516,42.74928665161133,35.837005615234375,75.70421600341797,33.554508209228516,76.54620361328125,186.58404541015625,27.561233520507812,86.36418151855469,63.63248825073242,56.863182067871094,35.8060302734375,43.283233642578125,32.1881103515625,18.0233097076416,2.1581993103027344,19.473501205444336,82.32501983642578,49.81827926635742,64.57196807861328,34.49335861206055,22.751026153564453,138.42152404785156,35.40882110595703,41.81139373779297,41.844947814941406,25.182876586914062,19.188425064086914,58.20976257324219,57.508609771728516,59.15999984741211,8.390000343322754,142.38999938964844,99.98999786376953,16.27899932861328,21.5,55.79999923706055,57.27000045776367,48.220001220703125,113.29000091552734,47.849998474121094,104.75,226.6300048828125,33.7599983215332,111.37999725341797,81.79000091552734,65.97000122070312,47.7400016784668,57.97710037231445,42.15999984741211,18.479999542236328,2.190999984741211,29.84819793701172,112.5999984741211,64.16000366210938,84.61000061035156,37.849998474121094,28.549999237060547,160.94000244140625,50.38999938964844,60.529998779296875,54.34000015258789,37.30500030517578,22.899999618530273,68.25,87.23999786376953,60.83000183105469,9.029999732971191,144.24000549316406,102.73999786376953,17.048999786376953,21.940000534057617,56.27000045776367,57.56999969482422,50.150001525878906,114.91000366210938,49.59000015258789,107.47000122070312,227.16000366210938,34.93000030517578,111.54000091552734,82.27999877929688,67.30000305175781,49.290000915527344,58.55915832519531,42.540000915527344,19.829999923706055,2.3042500019073486,30.59772300720215,112.68000030517578,67.91999816894531,86.41000366210938,39.76333236694336,29.520000457763672,161.72000122070312,50.619998931884766,62.209999084472656,54.470001220703125,38.029998779296875,22.950000762939453,69.0,88.5,58.75,8.260000228881836,142.13999938964844,99.68000030517578,16.121000289916992,21.34000015258789,55.439998626708984,56.540000915527344,48.040000915527344,112.52999877929688,47.54999923706055,103.8499984741211,220.35000610351562,33.560001373291016,111.0,80.6500015258789,65.66000366210938,47.189998626708984,57.872135162353516,41.58000183105469,18.18000030517578,2.1192500591278076,29.791271209716797,110.68000030517578,63.779998779296875,84.37000274658203,37.62333297729492,28.34000015258789,159.1199951171875,49.630001068115234,60.40999984741211,53.060001373291016,37.275001525878906,22.600000381469727,68.05000305175781,87.23999786376953,60.83000183105469,8.920000076293945,144.24000549316406,102.66999816894531,17.000999450683594,21.420000076293945,55.939998626708984,56.77000045776367,50.13999938964844,112.79000091552734,49.5099983215332,105.70999908447266,220.92999267578125,34.86000061035156,111.36000061035156,80.6500015258789,67.29000091552734,47.4900016784668,58.492366790771484,41.7599983215332,19.700000762939453,2.302500009536743,30.59772300720215,111.2300033569336,67.72000122070312,84.98999786376953,39.76333236694336,29.5,159.1199951171875,49.810001373291016,61.5,53.130001068115234,37.904998779296875,22.6299991607666,68.83000183105469,87.9800033569336,8266200,56682400,3894000,837900,46389000,199233900,12719600,27592500,11105900,11792300,7155000,6505300,7606500,29618700,8143300,23823600,7168100,8711700,8802047,14053900,40713100,1035524000,32259146,5430000,16563900,7991700,3488400,12499600,5250200,10571300,10720500,35623100,54764800,120088300,11360700,13005600
2016-12-02,40.07011413574219,8.529999732971191,108.22607421875,90.99203491210938,12.646744728088379,17.221343994140625,40.06334686279297,41.81623077392578,35.76271057128906,75.51043701171875,33.554508209228516,75.80814361572266,183.89193725585938,27.887788772583008,86.81392669677734,63.48466491699219,58.36298370361328,35.85102462768555,43.546810150146484,31.9361629486084,18.325651168823242,2.1781466007232666,19.5787296295166,81.21369934082031,51.12274169921875,64.87722778320312,34.918636322021484,22.998064041137695,138.24098205566406,35.134769439697266,42.45378494262695,41.25968933105469,25.257125854492188,18.97895050048828,58.34624481201172,57.37677764892578,59.43000030517578,8.529999732971191,144.00999450683594,99.77999877929688,16.422000885009766,21.229999542236328,55.959999084472656,56.02000045776367,48.119998931884766,113.0,47.849998474121094,103.73999786376953,223.36000061035156,34.15999984741211,111.95999908447266,81.5999984741211,67.70999908447266,47.79999923706055,58.33015441894531,41.83000183105469,18.790000915527344,2.211250066757202,30.00948715209961,111.08000183105469,65.83999633789062,85.01000213623047,38.31666564941406,28.860000610351562,160.72999572753906,50.0,61.459999084472656,53.58000183105469,37.415000915527344,22.649999618530273,68.41000366210938,87.04000091552734,60.0,8.739999771118164,144.91000366210938,100.30000305175781,16.492000579833984,21.5,56.11000061035156,57.2400016784668,48.47999954223633,113.80999755859375,48.790000915527344,105.47000122070312,226.25,34.2599983215332,112.52999877929688,81.83000183105469,68.38999938964844,48.689998626708984,58.70228958129883,42.09000015258789,19.200000762939453,2.2200000286102295,30.1043643951416,112.41999816894531,66.33000183105469,85.44000244140625,38.383331298828125,28.8700008392334,162.52000427246094,50.41999816894531,61.70000076293945,54.27000045776367,37.59000015258789,22.850000381469727,68.68000030517578,87.98999786376953,58.95000076293945,8.380000114440918,141.5,98.83999633789062,16.062000274658203,21.020000457763672,55.29999923706055,55.93000030517578,47.72999954223633,112.27999877929688,47.2400016784668,103.38999938964844,221.22000122070312,33.599998474121094,111.44000244140625,80.9000015258789,65.95999908447266,47.650001525878906,57.85305404663086,41.13999938964844,18.299999237060547,2.128000020980835,29.753320693969727,110.69000244140625,63.95000076293945,84.26000213623047,37.66666793823242,28.389999389648438,160.55999755859375,49.84000015258789,60.40999984741211,53.310001373291016,37.18000030517578,22.549999237060547,68.13999938964844,86.5999984741211,59.189998626708984,8.380000114440918,142.2899932861328,99.01000213623047,16.35700035095215,21.489999771118164,55.689998626708984,57.20000076293945,48.04999923706055,113.19999694824219,47.2400016784668,104.80999755859375,226.0,33.720001220703125,111.72000122070312,81.80000305175781,66.30000305175781,47.650001525878906,58.25381851196289,42.09000015258789,18.459999084472656,2.15625,29.92409896850586,112.41999816894531,63.95000076293945,84.5999984741211,37.79666519165039,28.520000457763672,161.0,50.349998474121094,60.65999984741211,54.2400016784668,37.28499984741211,22.84000015258789,68.37000274658203,87.19000244140625,8020700,42398900,3517300,701100,26945000,128468700,9281500,25110300,5805000,6167400,4454200,4078300,5297400,21492500,6167700,16931500,12272200,4422900,8376769,11288400,25887600,478292000,20034221,2449400,9687000,5090300,2997000,5195800,3480000,5864800,5295700,21894700,36677600,82108300,7964500,9706600
2016-12-05,41.03427505493164,8.680000305175781,109.18800354003906,93.8554916381836,12.793835639953613,17.71616554260254,39.76982498168945,42.756744384765625,36.327537536621094,75.67748260498047,33.47736740112305,76.33427429199219,188.16482543945312,28.075557708740234,86.79842376708984,64.77613830566406,57.9751091003418,36.00853729248047,42.919925689697266,32.134674072265625,18.150094985961914,2.2626123428344727,19.55396842956543,81.5207748413086,51.52650833129883,64.81582641601562,35.34392166137695,23.12556266784668,135.57470703125,35.38774490356445,44.56749725341797,41.852630615234375,25.479896545410156,19.205190658569336,58.243892669677734,57.66682052612305,60.86000061035156,8.680000305175781,145.2899932861328,102.91999816894531,16.613000869750977,21.84000015258789,55.54999923706055,57.279998779296875,48.880001068115234,113.25,47.7400016784668,104.45999908447266,228.5500030517578,34.38999938964844,111.94000244140625,83.26000213623047,67.26000213623047,48.0099983215332,57.49045944213867,42.09000015258789,18.610000610351562,2.296999931335449,29.97153663635254,111.5,66.36000061035156,84.43000030517578,38.78333282470703,29.020000457763672,157.6300048828125,50.36000061035156,64.5199966430664,54.349998474121094,37.744998931884766,22.920000076293945,68.29000091552734,87.4800033569336,61.220001220703125,8.710000038146973,146.3699951171875,103.0199966430664,16.660999298095703,21.8700008392334,55.959999084472656,57.529998779296875,50.099998474121094,114.4800033569336,48.90999984741211,106.80999755859375,229.1999969482422,34.41999816894531,112.41999816894531,83.29000091552734,68.30999755859375,48.619998931884766,58.711830139160156,42.849998474121094,19.0,2.3152499198913574,30.142314910888672,112.5199966430664,66.94000244140625,85.18000030517578,38.90666580200195,29.290000915527344,160.6699981689453,50.630001068115234,64.58999633789062,54.529998779296875,38.04999923706055,23.0,68.79000091552734,87.81999969482422,59.56999969482422,8.449999809265137,143.72000122070312,101.69000244140625,16.239999771118164,21.459999084472656,55.22999954223633,56.58000183105469,48.630001068115234,113.02999877929688,47.63999938964844,104.31999969482422,225.24000549316406,33.970001220703125,111.7300033569336,82.29000091552734,66.73999786376953,47.66999816894531,57.09923553466797,41.810001373291016,18.399999618530273,2.2249999046325684,29.781784057617188,111.0999984741211,65.69000244140625,84.2300033569336,38.39666748046875,28.8700008392334,156.22999572753906,50.189998626708984,61.65999984741211,53.869998931884766,37.595001220703125,22.790000915527344,68.06999969482422,86.91999816894531,59.599998474121094,8.6899995803833,145.4499969482422,102.29000091552734,16.60099983215332,21.469999313354492,55.86000061035156,56.61000061035156,48.83000183105469,113.38999938964844,48.43000030517578,104.87999725341797,225.52000427246094,34.310001373291016,112.4000015258789,82.30000305175781,68.16000366210938,48.27000045776367,58.70228958129883,42.29999923706055,19.0,2.2497498989105225,30.11385154724121,112.04000091552734,66.37999725341797,84.91999816894531,38.650001525878906,28.940000534057617,160.19000244140625,50.40999984741211,61.869998931884766,53.900001525878906,37.755001068115234,22.850000381469727,68.69000244140625,87.38999938964844,10227700,31410100,3855500,818600,21372000,130377300,9904400,24404500,8860700,6909800,4282100,5883900,4599300,14462000,5451600,18529800,7286000,4806600,13608490,12264200,26635500,602284000,20342516,3607500,8708200,5976100,1120500,3953100,5854200,7209600,8277900,24793900,45070200,95145700,5832100,11741100
2016-12-06,41.54670333862305,9.449999809265137,109.05274200439453,93.66398620605469,12.688332557678223,17.975736618041992,40.11347198486328,43.234474182128906,37.08559036254883,75.35003662109375,33.17583465576172,75.9761962890625,190.49472045898438,28.34496307373047,86.89144897460938,65.11070251464844,58.44057083129883,35.423519134521484,42.94130325317383,32.455322265625,18.588972091674805,2.299797296524048,19.535396575927734,81.51344299316406,52.37284851074219,64.45501708984375,35.8329963684082,23.516036987304688,135.3080291748047,35.64773941040039,44.70565414428711,42.77670669555664,25.432641983032227,19.372774124145508,58.40593719482422,57.71955490112305,61.619998931884766,9.449999809265137,145.11000061035156,102.70999908447266,16.47599983215332,22.15999984741211,56.029998779296875,57.91999816894531,49.900001525878906,112.76000213623047,47.310001373291016,103.97000122070312,231.3800048828125,34.720001220703125,112.05999755859375,83.69000244140625,67.80000305175781,47.22999954223633,57.51908493041992,42.5099983215332,19.059999465942383,2.334749937057495,29.943073272705078,111.48999786376953,67.44999694824219,83.95999908447266,39.31999969482422,29.510000228881836,157.32000732421875,50.72999954223633,64.72000122070312,55.54999923706055,37.67499923706055,23.1200008392334,68.4800033569336,87.55999755859375,61.720001220703125,9.539999961853027,145.99000549316406,102.9000015258789,16.797000885009766,22.15999984741211,56.040000915527344,58.08000183105469,50.04999923706055,113.48999786376953,47.959999084472656,105.30000305175781,232.6699981689453,34.75,113.19999694824219,83.80999755859375,67.93000030517578,47.90999984741211,57.624046325683594,42.7400016784668,19.09000015258789,2.343250036239624,30.07590103149414,111.98999786376953,67.4800033569336,84.29000091552734,39.36333465576172,29.610000610351562,158.22999572753906,50.77000045776367,64.9000015258789,55.56999969482422,37.82500076293945,23.139999389648438,68.5,87.87000274658203,60.33000183105469,8.819999694824219,144.27999877929688,101.79000091552734,16.344999313354492,21.719999313354492,55.560001373291016,57.0,48.130001068115234,112.20999908447266,45.779998779296875,102.55999755859375,227.89999389648438,34.29999923706055,111.8499984741211,82.43000030517578,67.12999725341797,47.150001525878906,56.8797721862793,41.970001220703125,18.579999923706055,2.289249897003174,29.819734573364258,110.8499984741211,66.5,83.16000366210938,38.893333435058594,29.200000762939453,156.25999450683594,50.22999954223633,63.84000015258789,54.220001220703125,37.290000915527344,22.84000015258789,68.08999633789062,86.69999694824219,60.7599983215332,8.949999809265137,145.8000030517578,101.88999938964844,16.680999755859375,22.09000015258789,55.709999084472656,57.97999954223633,48.470001220703125,112.38999938964844,46.90999984741211,103.5199966430664,230.17999267578125,34.38999938964844,112.23999786376953,83.5999984741211,67.19999694824219,47.88999938964844,57.42366409301758,42.4900016784668,18.6200008392334,2.3052499294281006,30.02846336364746,111.45999908447266,66.6500015258789,83.76000213623047,38.893333435058594,29.309999465942383,158.1699981689453,50.529998779296875,64.2300033569336,54.45000076293945,37.51499938964844,23.06999969482422,68.48999786376953,87.2699966430664,7610400,92242900,2399000,399900,39184000,120789200,5924400,21487500,7168300,6033600,5334800,3539700,5259300,15297700,6530400,16130000,4617200,5347900,11171261,11769500,22267800,498796000,18662967,4162800,6701800,4878600,1454700,4336200,3216700,9259100,5149300,30706700,33927000,79142600,5490800,11293600
2016-12-07,40.447696685791016,9.5600004196167,106.10676574707031,94.43000030517578,12.98020076751709,18.308324813842773,39.54789352416992,44.08543014526367,37.08559036254883,76.47269439697266,33.34412384033203,75.65467071533203,193.93609619140625,28.98174476623535,86.14705657958984,65.40632629394531,58.07854461669922,37.238563537597656,42.78456115722656,32.5545768737793,19.934864044189453,2.34116792678833,19.30637550354004,82.376220703125,53.06390380859375,64.75440979003906,36.5711555480957,23.850727081298828,137.09707641601562,36.0904426574707,46.6535758972168,44.108909606933594,25.635154724121094,19.674423217773438,57.90272903442383,58.05575942993164,59.9900016784668,9.5600004196167,141.19000244140625,103.55000305175781,16.854999542236328,22.56999969482422,55.2400016784668,59.060001373291016,49.900001525878906,114.44000244140625,47.54999923706055,103.52999877929688,235.55999755859375,35.5,111.0999984741211,84.06999969482422,67.37999725341797,49.650001525878906,57.30915832519531,42.63999938964844,20.440000534057617,2.3767499923706055,29.592029571533203,112.66999816894531,68.33999633789062,84.3499984741211,40.130001068115234,29.93000030517578,159.39999389648438,51.36000061035156,67.54000091552734,57.279998779296875,37.974998474121094,23.479999542236328,67.88999938964844,88.06999969482422,60.650001525878906,9.789999961853027,143.8800048828125,103.91999816894531,16.854999542236328,22.56999969482422,55.68000030517578,59.15999984741211,50.040000915527344,114.4800033569336,48.13999938964844,104.97000122070312,236.08999633789062,35.56999969482422,111.88999938964844,84.08999633789062,67.37999725341797,50.290000915527344,57.30915832519531,42.790000915527344,20.540000915527344,2.382499933242798,29.724857330322266,112.69000244140625,68.33999633789062,84.80000305175781,40.22666549682617,29.940000534057617,159.97999572753906,51.400001525878906,67.61000061035156,57.290000915527344,38.029998779296875,23.5,67.94000244140625,88.1500015258789,58.79999923706055,9.239999771118164,139.66000366210938,101.83000183105469,16.367000579833984,21.950000762939453,54.36000061035156,57.88999938964844,49.25,112.81999969482422,46.93000030517578,102.69000244140625,230.39999389648438,34.45000076293945,109.31999969482422,82.8499984741211,66.55999755859375,47.650001525878906,55.935115814208984,42.290000915527344,19.299999237060547,2.302500009536743,29.041746139526367,110.97000122070312,66.95999908447266,83.55999755859375,39.16666793823242,29.25,156.35000610351562,50.4900016784668,64.56999969482422,55.22999954223633,37.59000015258789,23.100000381469727,66.97000122070312,87.19999694824219,60.2599983215332,9.649999618530273,143.52000427246094,101.9800033569336,16.47599983215332,22.190000534057617,55.54999923706055,57.88999938964844,49.459999084472656,113.04000091552734,47.150001525878906,103.91999816894531,230.39999389648438,34.66999816894531,111.88999938964844,83.55000305175781,67.25,47.849998474121094,56.96564865112305,42.5,19.5,2.321000099182129,29.724857330322266,111.69999694824219,67.3499984741211,84.05000305175781,39.29666519165039,29.479999542236328,157.88999938964844,50.7400016784668,64.87000274658203,55.54999923706055,37.59000015258789,23.18000030517578,67.94000244140625,87.62999725341797,13095600,54897300,7031300,566600,32659000,168005200,12210800,30517600,9074300,6434100,4936700,3777700,6595200,21710300,11761100,18996900,5835900,9689700,14723981,16213400,44735700,480804000,46432600,4257700,7202700,5138900,1300500,3911600,4552300,9559000,6398000,46617000,32016600,120172500,12758900,11182600
2016-12-08,41.061241149902344,10.34000015258789,105.65584564208984,94.02876281738281,13.146546363830566,18.6165714263916,39.54072952270508,44.89907455444336,36.996395111083984,76.96048736572266,33.47736740112305,76.67774963378906,198.7853546142578,29.14503288269043,86.061767578125,66.2232437133789,57.91477584838867,37.546077728271484,42.82730484008789,33.27224349975586,20.149431228637695,2.302013635635376,19.151628494262695,83.94813537597656,53.22696304321289,64.84654998779297,36.89012145996094,23.93838119506836,137.02825927734375,36.46989059448242,47.22689437866211,44.116615295410156,25.773548126220703,19.8587703704834,58.01361083984375,58.22056579589844,60.900001525878906,10.34000015258789,140.58999633789062,103.11000061035156,17.070999145507812,22.950000762939453,55.22999954223633,60.150001525878906,49.779998779296875,115.16999816894531,47.7400016784668,104.93000030517578,241.4499969482422,35.70000076293945,110.98999786376953,85.12000274658203,67.19000244140625,50.060001373291016,57.36641311645508,43.58000183105469,20.65999984741211,2.3369998931884766,29.354839324951172,114.81999969482422,68.55000305175781,84.47000122070312,40.47999954223633,30.040000915527344,159.32000732421875,51.900001525878906,68.37000274658203,57.290000915527344,38.18000030517578,23.700000762939453,68.0199966430664,88.31999969482422,60.97999954223633,10.65999984741211,141.10000610351562,103.7300033569336,17.13800048828125,23.239999771118164,55.41999816894531,60.79999923706055,50.18000030517578,115.4000015258789,48.40999984741211,105.25,242.4199981689453,36.029998779296875,111.19999694824219,85.5,67.2699966430664,50.709999084472656,57.595420837402344,43.720001220703125,20.989999771118164,2.4154999256134033,29.506641387939453,115.69000244140625,69.18000030517578,84.76000213623047,40.71666717529297,30.270000457763672,160.24000549316406,52.290000915527344,69.27999877929688,58.02000045776367,38.22999954223633,23.84000015258789,68.08999633789062,88.8499984741211,59.09000015258789,9.800000190734863,138.8300018310547,102.6500015258789,16.750999450683594,22.690000534057617,54.779998779296875,59.04999923706055,48.91999816894531,114.19999694824219,46.810001373291016,102.36000061035156,236.0,35.220001220703125,109.93000030517578,83.94000244140625,66.38999938964844,49.56999969482422,56.774810791015625,42.70000076293945,20.290000915527344,2.3262500762939453,28.946868896484375,112.87999725341797,68.37000274658203,83.80000305175781,40.186668395996094,29.860000610351562,158.0,51.560001373291016,67.8499984741211,56.709999084472656,37.779998779296875,23.469999313354492,67.29000091552734,87.6500015258789,60.02000045776367,9.899999618530273,140.8300018310547,103.19000244140625,16.954999923706055,22.790000915527344,54.93000030517578,59.400001525878906,50.09000015258789,114.7300033569336,48.099998474121094,104.02999877929688,236.8800048828125,35.47999954223633,110.54000091552734,84.2300033569336,67.05000305175781,50.099998474121094,56.9942741394043,42.900001525878906,20.75,2.3797500133514404,29.25996208190918,113.33000183105469,68.41999816894531,84.44000244140625,40.23666763305664,30.270000457763672,159.41000366210938,51.560001373291016,67.9000015258789,57.290000915527344,38.07500076293945,23.610000610351562,67.68000030517578,88.05000305175781,9192300,104613000,4387600,478800,38361000,182693900,8191200,32536000,5904600,5519700,4987300,6189100,7343700,19966500,7774900,20844900,4811400,5206800,8998757,14972900,36257400,381544000,37409622,3083400,5552600,4848400,1262700,4094600,3407500,10423500,5556100,39828600,29200400,116856500,7586600,9086700
2016-12-09,41.49274826049805,10.34000015258789,107.80521392822266,93.6183853149414,13.791897773742676,18.73013687133789,40.83656311035156,44.81694412231445,37.73216247558594,77.38816833496094,33.708778381347656,77.7884750366211,199.11465454101562,29.194002151489258,87.04652404785156,66.5110855102539,58.48366165161133,37.08106994628906,43.61803436279297,33.386775970458984,19.993391036987305,2.261134624481201,19.622058868408203,84.0943603515625,53.20366668701172,65.08451843261719,36.76557540893555,24.002134323120117,137.71629333496094,36.568267822265625,46.97130584716797,44.00110626220703,25.85454750061035,19.900663375854492,58.72150421142578,58.668819427490234,61.540000915527344,10.34000015258789,143.4499969482422,102.66000366210938,17.909000396728516,23.09000015258789,57.040000915527344,60.040000915527344,50.77000045776367,115.80999755859375,48.06999969482422,106.44999694824219,241.85000610351562,35.7599983215332,112.26000213623047,85.48999786376953,67.8499984741211,49.439998626708984,58.42557144165039,43.72999954223633,20.5,2.2955000400543213,30.07590103149414,115.0199966430664,68.5199966430664,84.77999877929688,40.34333419799805,30.1200008392334,160.1199951171875,52.040000915527344,68.0,57.13999938964844,38.29999923706055,23.75,68.8499984741211,89.0,61.93000030517578,10.539999961853027,144.5800018310547,103.11000061035156,18.190000534057617,23.170000076293945,57.18000030517578,60.220001220703125,50.81999969482422,115.98999786376953,48.4900016784668,106.98999786376953,242.0,35.900001525878906,112.43000030517578,85.5,68.16999816894531,50.58000183105469,58.6927490234375,44.040000915527344,20.850000381469727,2.356750011444092,30.284629821777344,115.0199966430664,68.88999938964844,84.9800033569336,40.88999938964844,30.6299991607666,160.16000366210938,52.08000183105469,68.08000183105469,57.2400016784668,38.380001068115234,23.75,68.9800033569336,89.0,60.91999816894531,9.869999885559082,141.0,102.08999633789062,17.690000534057617,22.780000686645508,55.099998474121094,59.220001220703125,49.81999969482422,114.97000122070312,47.7400016784668,105.3499984741211,238.8800048828125,35.59000015258789,111.19999694824219,84.13999938964844,67.22000122070312,49.15999984741211,57.63358688354492,43.22999954223633,20.1299991607666,2.2677500247955322,29.497154235839844,113.56999969482422,67.80000305175781,83.94000244140625,40.060001373291016,29.959999084472656,157.7100067138672,51.59000015258789,67.22000122070312,56.4900016784668,38.08000183105469,23.530000686645508,68.26000213623047,88.18000030517578,61.189998626708984,10.380000114440918,141.5,102.91999816894531,18.094999313354492,22.950000762939453,55.15999984741211,59.959999084472656,49.970001220703125,114.98999786376953,48.279998779296875,105.58999633789062,240.61000061035156,35.75,111.41000366210938,85.0199966430664,67.37999725341797,49.95000076293945,57.71946716308594,43.4900016784668,20.729999542236328,2.3550000190734863,29.516128540039062,114.55999755859375,68.61000061035156,84.87000274658203,40.80666732788086,30.31999969482422,159.52000427246094,51.900001525878906,67.91000366210938,56.90999984741211,38.380001068115234,23.700000762939453,68.26000213623047,88.63999938964844,7102900,60600800,4637300,362500,75744000,130590400,11782800,22804900,6126100,5771600,3675200,4049600,5456000,16326900,7672100,14567200,4350800,6294500,11021187,12115100,23978000,382312000,30935743,2565800,5551800,4829000,1004400,4387400,4007200,8612900,5124500,20331200,17949600,95677300,12100200,8021700
2016-12-12,41.82988739013672,10.680000305175781,109.54121398925781,93.83726501464844,13.720279693603516,18.340774536132812,40.48575973510742,44.451194763183594,38.185516357421875,78.28358459472656,33.74383544921875,77.33543395996094,195.2616424560547,29.36545181274414,89.45027923583984,65.9197998046875,58.276798248291016,36.81856155395508,43.967098236083984,32.81415939331055,19.525245666503906,2.206219434738159,20.05535888671875,83.39974975585938,53.16486358642578,65.26107788085938,36.47700119018555,23.826818466186523,137.17440795898438,36.24504089355469,46.156219482421875,42.95383071899414,25.97606658935547,19.70794677734375,59.002960205078125,59.974029541015625,62.040000915527344,10.680000305175781,145.75999450683594,102.9000015258789,17.81599998474121,22.610000610351562,56.54999923706055,59.54999923706055,51.380001068115234,117.1500015258789,48.119998931884766,105.83000183105469,237.1699981689453,35.970001220703125,115.36000061035156,84.7300033569336,67.61000061035156,49.09000015258789,58.893131256103516,42.97999954223633,20.020000457763672,2.2397499084472656,30.74003791809082,114.06999969482422,68.47000122070312,85.01000213623047,40.026668548583984,29.899999618530273,159.49000549316406,51.58000183105469,66.81999969482422,55.779998779296875,38.47999954223633,23.520000457763672,69.18000030517578,90.9800033569336,62.45000076293945,10.930000305175781,146.0399932861328,103.33999633789062,18.07699966430664,23.25,56.970001220703125,60.09000015258789,53.099998474121094,118.98999786376953,50.689998626708984,109.37000274658203,242.8300018310547,36.09000015258789,115.4000015258789,85.79000091552734,68.54000091552734,50.650001525878906,59.2557258605957,43.90999984741211,20.510000228881836,2.2487499713897705,30.977230072021484,115.30999755859375,68.6500015258789,86.81999969482422,40.253334045410156,29.969999313354492,159.66000366210938,52.099998474121094,69.16999816894531,57.099998474121094,39.224998474121094,23.780000686645508,69.27999877929688,91.5,61.5099983215332,10.380000114440918,142.7899932861328,102.41000366210938,17.6560001373291,22.540000915527344,56.400001525878906,58.869998931884766,51.27000045776367,116.56999969482422,47.95000076293945,105.19000244140625,236.3699951171875,35.66999816894531,112.58000183105469,84.29000091552734,67.41999816894531,48.470001220703125,58.492366790771484,42.65999984741211,19.489999771118164,2.188499927520752,30.03795051574707,113.94999694824219,67.91999816894531,84.66999816894531,39.706668853759766,29.6299991607666,157.75,51.45000076293945,66.30999755859375,55.54999923706055,38.31999969482422,23.459999084472656,68.72000122070312,90.13999938964844,61.529998779296875,10.399999618530273,142.9199981689453,103.16999816894531,17.80500030517578,23.0,56.83000183105469,59.45000076293945,52.15999984741211,117.7699966430664,50.36000061035156,109.0999984741211,240.5,35.779998779296875,112.69000244140625,85.36000061035156,67.9800033569336,50.43000030517578,58.625953674316406,43.5,20.299999237060547,2.2462499141693115,30.07590103149414,114.69000244140625,68.37000274658203,86.08999633789062,40.18333435058594,29.969999313354492,158.8300018310547,51.88999938964844,69.02999877929688,56.5,39.150001525878906,23.68000030517578,68.8499984741211,90.13999938964844,5984500,63342900,3310100,308500,37194000,136986000,8829300,21879400,10748300,10044700,7603100,5758500,5022000,21985800,9544600,14511300,5273700,5550300,8641808,12052000,28676100,601332000,33997508,3342800,5615200,8233600,2093700,3428000,3471200,6113400,6769800,27886200,32260400,85143200,15018100,15545400
2016-12-13,41.79616928100586,10.539999961853027,111.50267028808594,95.42399597167969,13.818856239318848,18.340774536132812,40.92963409423828,44.63035583496094,39.12195587158203,78.46401977539062,33.83510971069336,78.9284439086914,196.3978271484375,30.043052673339844,89.86124420166016,65.94316101074219,59.16461181640625,36.93105697631836,44.354732513427734,32.493492126464844,19.632532119750977,2.2451281547546387,20.321521759033203,83.86038208007812,53.84037399291992,66.1208724975586,36.90226745605469,24.193391799926758,138.07752990722656,36.3293571472168,46.4187126159668,43.00003433227539,26.269716262817383,19.75821304321289,59.48057174682617,61.02875518798828,61.9900016784668,10.539999961853027,148.3699951171875,104.63999938964844,17.944000244140625,22.610000610351562,57.16999816894531,59.790000915527344,52.63999938964844,117.41999816894531,48.189998626708984,108.01000213623047,238.5500030517578,36.79999923706055,115.88999938964844,84.76000213623047,68.63999938964844,49.2400016784668,58.959922790527344,42.560001373291016,20.1299991607666,2.279249906539917,31.148008346557617,114.69999694824219,69.33999633789062,86.12999725341797,40.49333190917969,30.360000610351562,160.5399932861328,51.70000076293945,67.19999694824219,55.84000015258789,38.915000915527344,23.579999923706055,69.73999786376953,92.58000183105469,62.439998626708984,10.800000190734863,149.97000122070312,104.86000061035156,18.194000244140625,22.8799991607666,57.34000015258789,59.970001220703125,53.16999816894531,118.30999755859375,48.7599983215332,109.12999725341797,240.17999267578125,36.88999938964844,115.97000122070312,85.66999816894531,68.88999938964844,49.779998779296875,59.122135162353516,43.29999923706055,20.469999313354492,2.3072500228881836,31.195446014404297,115.25,70.23999786376953,86.7300033569336,40.75666809082031,30.639999389648438,161.7100067138672,51.91999816894531,68.04000091552734,56.209999084472656,39.19499969482422,23.719999313354492,69.83999633789062,93.22000122070312,61.36000061035156,10.399999618530273,146.5500030517578,104.0,17.799999237060547,22.290000915527344,56.70000076293945,58.7599983215332,51.630001068115234,116.02999877929688,47.470001220703125,105.80000305175781,235.50999450683594,35.93000030517578,115.01000213623047,83.81999969482422,67.98999786376953,48.93000030517578,58.44465637207031,42.15999984741211,19.799999237060547,2.2512500286102295,30.891841888427734,113.62000274658203,68.48999786376953,85.05000305175781,40.11333465576172,30.030000686645508,160.07000732421875,51.189998626708984,66.36000061035156,55.290000915527344,38.415000915527344,23.3799991607666,69.2300033569336,91.16999816894531,62.33000183105469,10.75,146.80999755859375,104.11000061035156,17.874000549316406,22.799999237060547,57.0,59.630001068115234,52.2599983215332,117.9000015258789,48.75,107.0,239.0,36.0099983215332,115.52999877929688,84.9800033569336,67.98999786376953,49.31999969482422,58.96946716308594,43.119998931884766,20.139999389648438,2.2522499561309814,31.129032135009766,114.22000122070312,68.72000122070312,85.7300033569336,40.16666793823242,30.059999465942383,160.39999389648438,51.72999954223633,66.36000061035156,55.849998474121094,38.77000045776367,23.579999923706055,69.43000030517578,91.88999938964844,8599600,46967800,4308700,308400,69076000,118204100,6902800,22014500,7962200,8644200,4485200,3912600,4680500,35773600,7051600,16669000,6010900,4919100,8218626,16674900,26252400,387796000,30313356,3153900,8494200,6273400,1004100,5857700,3868900,7358600,4336400,24355600,32057200,113420700,11041400,18829300
2016-12-14,41.58040237426758,10.550000190734863,111.7431640625,94.5029525756836,13.756888389587402,18.389440536499023,41.881813049316406,44.37654495239258,38.26728057861328,77.4884033203125,33.013641357421875,76.15159606933594,197.53395080566406,29.838960647583008,89.16334533691406,65.9197998046875,58.32850646972656,36.316043853759766,44.361900329589844,32.7225456237793,19.525245666503906,2.375152111053467,20.315332412719727,83.49481201171875,52.45826721191406,65.37623596191406,36.868858337402344,23.80291748046875,137.49266052246094,36.35043716430664,45.92827224731445,42.122161865234375,25.7431697845459,19.666044235229492,59.17353820800781,59.71034240722656,61.66999816894531,10.550000190734863,148.69000244140625,103.62999725341797,17.761999130249023,22.670000076293945,58.5,59.45000076293945,51.4900016784668,115.95999908447266,47.02000045776367,104.20999908447266,239.92999267578125,36.54999923706055,114.98999786376953,84.7300033569336,67.66999816894531,48.41999816894531,58.96946716308594,42.86000061035156,20.020000457763672,2.411250114440918,31.138519287109375,114.19999694824219,67.55999755859375,85.16000366210938,40.456668853759766,29.8700008392334,159.86000061035156,51.72999954223633,66.48999786376953,54.70000076293945,38.1349983215332,23.469999313354492,69.37999725341797,90.58000183105469,62.29999923706055,10.739999771118164,149.5500030517578,104.94000244140625,17.922000885009766,23.299999237060547,58.52000045776367,60.79999923706055,52.619998931884766,117.87999725341797,48.88999938964844,107.47000122070312,243.1199951171875,36.88999938964844,117.30000305175781,86.12000274658203,68.91999816894531,49.47999954223633,59.885494232177734,43.650001525878906,20.329999923706055,2.4277501106262207,31.59392738342285,115.7699966430664,69.18000030517578,86.45999908447266,40.71666717529297,30.389999389648438,161.8000030517578,52.29999923706055,67.81999969482422,55.619998931884766,38.8849983215332,23.829999923706055,70.0999984741211,92.2699966430664,61.5099983215332,10.270000457763672,147.4199981689453,103.52999877929688,17.62299919128418,22.209999084472656,57.27000045776367,58.83000183105469,51.380001068115234,115.76000213623047,46.81999969482422,104.08000183105469,235.3699951171875,36.459999084472656,114.58000183105469,83.76000213623047,67.54000091552734,48.310001373291016,58.76908493041992,42.119998931884766,19.780000686645508,2.289249897003174,30.967742919921875,112.61000061035156,67.3499984741211,84.80999755859375,40.31666564941406,29.850000381469727,158.72000122070312,51.189998626708984,66.3499984741211,54.029998779296875,38.029998779296875,23.309999465942383,69.13999938964844,90.16999816894531,61.54999923706055,10.430000305175781,148.16000366210938,104.58000183105469,17.875,22.309999465942383,57.29999923706055,58.959999084472656,52.2400016784668,116.70999908447266,47.5,106.69000244140625,235.6699981689453,36.70000076293945,116.12000274658203,83.87999725341797,68.41999816894531,48.7400016784668,59.01717758178711,42.27000045776367,19.93000030517578,2.313499927520752,31.233396530151367,113.76000213623047,68.63999938964844,85.52999877929688,40.5099983215332,30.260000228881836,161.13999938964844,51.310001373291016,67.26000213623047,54.7400016784668,38.72999954223633,23.399999618530273,69.7300033569336,92.26000213623047,5115700,46968600,3196700,390800,46795000,225340900,12603900,31399400,8596500,7878400,5678900,4010300,6172400,30819400,9378700,22622600,6140300,5243300,11612574,15136500,19489100,983980000,38309843,5157900,9957700,5858700,1989300,6108400,3885700,9356800,4534300,54590600,39702800,142995800,11682200,16325400
2016-12-15,41.81639099121094,10.859999656677246,113.02074432373047,95.77964782714844,13.941999435424805,18.78691864013672,41.989192962646484,44.958778381347656,38.45307922363281,78.2167739868164,33.3717155456543,75.93963623046875,200.0614471435547,30.034896850585938,89.86124420166016,66.90789031982422,61.51774215698242,36.66105651855469,44.77107620239258,32.83705520629883,19.7885799407959,2.4308056831359863,20.27199935913086,84.54033660888672,52.82320022583008,65.46834564208984,37.497657775878906,24.034006118774414,138.14637756347656,36.52611541748047,46.72263717651367,42.49948501586914,25.800546646118164,19.83363151550293,59.55735778808594,59.914695739746094,62.02000045776367,10.859999656677246,150.38999938964844,105.02999877929688,18.000999450683594,23.15999984741211,58.650001525878906,60.22999954223633,51.7400016784668,117.05000305175781,47.529998779296875,103.91999816894531,243.0,36.790000915527344,115.88999938964844,86.0,71.37000274658203,48.880001068115234,59.51335906982422,43.0099983215332,20.290000915527344,2.467750072479248,31.072105407714844,115.62999725341797,68.02999877929688,85.27999877929688,41.14666748046875,30.15999984741211,160.6199951171875,51.97999954223633,67.63999938964844,55.189998626708984,38.220001220703125,23.670000076293945,69.83000183105469,90.88999938964844,62.11000061035156,10.930000305175781,150.47000122070312,105.38999938964844,18.1200008392334,23.389999389648438,59.79999923706055,60.619998931884766,52.130001068115234,117.38999938964844,47.72999954223633,105.05000305175781,245.57000732421875,37.15999984741211,115.91999816894531,86.48999786376953,71.58999633789062,49.25,59.770992279052734,43.5099983215332,20.5,2.498500108718872,31.271347045898438,116.19999694824219,68.7699966430664,85.69999694824219,41.323333740234375,30.290000915527344,161.2899932861328,52.310001373291016,68.04000091552734,56.25,38.36000061035156,23.8700008392334,69.9000015258789,90.9800033569336,61.54999923706055,10.640000343322754,148.77999877929688,104.31999969482422,17.656999588012695,22.799999237060547,58.279998779296875,59.560001373291016,50.58000183105469,115.36000061035156,46.41999816894531,102.54000091552734,241.6199951171875,36.529998779296875,114.88999938964844,84.9000015258789,69.66000366210938,48.38999938964844,59.007633209228516,42.88999938964844,19.979999542236328,2.4149999618530273,30.929790496826172,114.44000244140625,67.30999755859375,84.30000305175781,40.5533332824707,30.030000686645508,159.42999267578125,51.47999954223633,66.12999725341797,54.900001525878906,37.7599983215332,23.5,69.41000366210938,89.76000213623047,61.79999923706055,10.680000305175781,149.17999267578125,104.47000122070312,17.83099937438965,22.899999618530273,58.5099983215332,60.099998474121094,51.119998931884766,115.62999725341797,46.70000076293945,103.02999877929688,242.49000549316406,36.7400016784668,115.33000183105469,85.4000015258789,70.37000274658203,48.38999938964844,59.16030502319336,43.369998931884766,20.100000381469727,2.422499895095825,30.958253860473633,115.77999877929688,68.0999984741211,84.5,40.62333297729492,30.15999984741211,159.8699951171875,51.970001220703125,66.5,55.16999816894531,37.974998474121094,23.59000015258789,69.66000366210938,90.0999984741211,6416900,48871300,2950500,655400,38103000,162025800,13210800,22389300,7934900,7458300,4984000,4646800,4829700,23721500,6738100,19438900,14320800,5436000,8917851,15725700,19453100,746548000,22004463,2801800,7162400,6171000,2221200,5073300,4422700,7602000,5106900,31345900,40503600,110426000,8210100,11155100
2016-12-16,41.95124053955078,10.65999984741211,112.25418853759766,96.883056640625,13.818854331970215,18.381328582763672,41.96772766113281,44.60048294067383,38.601715087890625,78.9050521850586,33.266395568847656,75.99813842773438,196.68589782714844,29.643024444580078,89.85347747802734,66.08317565917969,63.18992614746094,37.583580017089844,44.82130813598633,32.60802459716797,19.769075393676758,2.472669839859009,20.327709197998047,83.97736358642578,51.604156494140625,65.63726806640625,37.11794662475586,23.492130279541016,141.00184631347656,36.35746765136719,46.97130584716797,42.614994049072266,25.9606990814209,19.662763595581055,59.60445022583008,60.105865478515625,62.220001220703125,10.65999984741211,149.3699951171875,106.23999786376953,17.841999053955078,22.65999984741211,58.619998931884766,59.75,51.939998626708984,118.08000183105469,47.380001068115234,104.0,238.89999389648438,36.310001373291016,115.87999725341797,84.94000244140625,73.30999755859375,50.11000061035156,59.58015441894531,42.709999084472656,20.270000457763672,2.5102500915527344,31.157495498657227,114.86000061035156,66.45999908447266,85.5,40.72999954223633,29.479999542236328,163.94000244140625,51.7400016784668,68.0,55.34000015258789,38.255001068115234,23.360000610351562,69.58000183105469,91.18000030517578,62.4900016784668,11.229999542236328,151.2100067138672,106.72000122070312,18.108999252319336,23.31999969482422,59.04999923706055,60.61000061035156,52.13999938964844,118.58000183105469,47.88999938964844,104.58999633789062,243.19000244140625,36.869998931884766,116.45999908447266,86.29000091552734,73.70999908447266,50.47999954223633,60.143131256103516,43.54999923706055,21.0,2.5174999237060547,31.25237274169922,116.20999908447266,68.48999786376953,85.55000305175781,41.473331451416016,30.079999923706055,164.0,52.22999954223633,68.45999908447266,55.650001525878906,38.290000915527344,23.690000534057617,69.87000274658203,91.66999816894531,61.83000183105469,10.600000381469727,148.80999755859375,105.95999908447266,17.74799919128418,22.649999618530273,58.20000076293945,59.63999938964844,51.56999969482422,117.41999816894531,47.029998779296875,102.79000091552734,238.39999389648438,36.09000015258789,115.45999908447266,84.88999938964844,71.76000213623047,49.0,59.20801544189453,42.61000061035156,20.190000534057617,2.4432499408721924,30.85388946533203,114.6500015258789,66.30000305175781,84.9800033569336,40.54666519165039,29.389999389648438,161.19000244140625,51.61000061035156,67.5199966430664,54.91999816894531,38.060001373291016,23.329999923706055,69.37999725341797,90.63999938964844,62.119998931884766,10.9399995803833,150.9199981689453,106.26000213623047,18.075000762939453,23.15999984741211,58.91999816894531,60.59000015258789,51.97999954223633,117.83999633789062,47.880001068115234,104.08999633789062,242.8000030517578,36.720001220703125,116.41000366210938,86.29000091552734,72.86000061035156,49.150001525878906,59.790077209472656,43.119998931884766,20.530000686645508,2.4957499504089355,31.195446014404297,115.9800033569336,68.48999786376953,85.5,41.38999938964844,30.049999237060547,161.3800048828125,52.22999954223633,67.97000122070312,55.4900016784668,38.290000915527344,23.68000030517578,69.68000030517578,91.5199966430664,10555800,77777700,6356800,865800,41541000,147497700,12218200,28405900,10313100,13752300,4847600,8906300,6876400,38212800,11291100,23008500,17584700,6769600,18406758,19076900,36643400,1089528000,39615012,3318300,18155600,9524800,1474200,6662100,7605300,11033300,8009900,33171800,35729800,83096500,8257100,20560400
2016-12-19,41.95124053955078,10.949999809265137,111.02921295166016,100.51254272460938,13.976852416992188,18.235315322875977,42.54045867919922,44.5333137512207,38.63145065307617,78.61771392822266,33.027687072753906,75.61814880371094,196.825927734375,30.11652374267578,89.96202850341797,66.46440887451172,63.2847785949707,37.08106994628906,43.88813781738281,32.69963836669922,19.84709358215332,2.5027127265930176,20.321521759033203,84.6646499633789,52.038978576660156,65.34552764892578,37.485511779785156,23.324785232543945,138.93759155273438,36.448822021484375,46.591400146484375,42.52259826660156,25.84194564819336,19.671180725097656,59.356048583984375,59.60487365722656,62.220001220703125,10.949999809265137,147.74000549316406,110.22000122070312,18.04599952697754,22.479999542236328,59.41999816894531,59.65999984741211,51.97999954223633,117.6500015258789,47.040000915527344,103.4800033569336,239.07000732421875,36.88999938964844,116.0199966430664,85.43000030517578,73.41999816894531,49.439998626708984,58.33969497680664,42.83000183105469,20.350000381469727,2.540750026702881,31.148008346557617,115.80000305175781,67.0199966430664,85.12000274658203,41.133331298828125,29.270000457763672,161.5399932861328,51.869998931884766,67.44999694824219,55.220001220703125,38.08000183105469,23.3700008392334,69.29000091552734,90.41999816894531,63.33000183105469,11.0,150.35000610351562,110.4800033569336,18.141000747680664,22.719999313354492,59.849998474121094,59.779998779296875,52.09000015258789,118.44999694824219,47.540000915527344,104.4000015258789,239.74000549316406,36.95000076293945,116.66000366210938,85.44000244140625,74.48999786376953,49.779998779296875,59.417938232421875,42.86000061035156,20.700000762939453,2.5612499713897705,31.280834197998047,116.25,67.43000030517578,85.69999694824219,41.290000915527344,29.540000915527344,163.94000244140625,51.97999954223633,68.06999969482422,55.470001220703125,38.28499984741211,23.43000030517578,69.94000244140625,91.54000091552734,62.119998931884766,10.520000457763672,147.2100067138672,108.36000061035156,17.812000274658203,22.329999923706055,59.02000045776367,58.91999816894531,51.560001373291016,117.41999816894531,46.7400016784668,103.12999725341797,236.25999450683594,36.27000045776367,115.94000244140625,84.19000244140625,73.30000305175781,49.0099983215332,58.082061767578125,42.13999938964844,20.190000534057617,2.4749999046325684,31.043643951416016,114.37999725341797,66.63999938964844,84.97000122070312,40.78666687011719,29.170000076293945,161.22000122070312,51.380001068115234,66.91000366210938,54.650001525878906,38.005001068115234,23.18000030517578,69.19999694824219,90.19999694824219,62.369998931884766,10.8100004196167,149.75,108.36000061035156,17.906999588012695,22.600000381469727,59.040000915527344,59.4900016784668,52.0,118.37000274658203,47.20000076293945,104.2699966430664,238.33999633789062,36.34000015258789,116.06999969482422,84.80000305175781,73.4800033569336,49.689998626708984,58.96946716308594,42.65999984741211,20.43000030517578,2.492500066757202,31.081594467163086,114.43000030517578,66.79000091552734,85.4000015258789,40.836666107177734,29.489999771118164,163.08999633789062,51.59000015258789,68.0,55.18000030517578,38.21500015258789,23.389999389648438,69.62999725341797,91.37999725341797,5976800,46085800,3013800,1709400,22219000,97508900,8399100,17654400,4748000,5772500,3657500,2238900,3743300,18744300,6310800,21685100,6102400,4203200,12512072,12663500,23555900,744656000,26276958,3657800,7884700,3155900,1245600,6157000,4732600,5439400,3612300,16801400,14226400,73717600,9318300,9674400
2016-12-20,41.91077423095703,11.510000228881836,110.638427734375,100.04747009277344,14.101554870605469,18.42188835144043,42.325679779052734,45.38426208496094,38.311866760253906,78.81817626953125,32.7608757019043,75.38430786132812,200.13558959960938,30.37776756286621,89.6828842163086,67.32020568847656,63.250282287597656,37.03606033325195,43.428733825683594,33.21116638183594,20.139678955078125,2.5898890495300293,20.333900451660156,86.32428741455078,51.953548431396484,65.46834564208984,37.84396743774414,23.356658935546875,138.98060607910156,36.919612884521484,46.674293518066406,43.20023727416992,25.78426170349121,19.915283203125,59.31321716308594,59.61148452758789,62.15999984741211,11.510000228881836,147.22000122070312,109.70999908447266,18.207000732421875,22.709999084472656,59.119998931884766,60.79999923706055,51.54999923706055,117.94999694824219,46.65999984741211,103.16000366210938,243.08999633789062,37.209999084472656,115.66000366210938,86.52999877929688,73.37999725341797,49.380001068115234,57.729007720947266,43.5,20.649999618530273,2.6292500495910645,31.166982650756836,118.06999969482422,66.91000366210938,85.27999877929688,41.526668548583984,29.309999465942383,161.58999633789062,52.540000915527344,67.56999969482422,56.099998474121094,37.994998931884766,23.65999984741211,69.23999786376953,90.43000030517578,62.709999084472656,11.510000228881836,147.99000549316406,109.80000305175781,18.327999114990234,22.829999923706055,59.529998779296875,60.79999923706055,52.58000183105469,118.62999725341797,47.58000183105469,104.33999633789062,243.64999389648438,37.2400016784668,116.25,86.54000091552734,74.0999984741211,49.810001373291016,58.85496139526367,43.58000183105469,20.799999237060547,2.653249979019165,31.195446014404297,118.33000183105469,67.55999755859375,85.87999725341797,41.606666564941406,29.559999465942383,163.11000061035156,52.68000030517578,68.27999877929688,56.31999969482422,38.32500076293945,23.65999984741211,69.4800033569336,90.8499984741211,61.75,11.149999618530273,146.47000122070312,109.11000061035156,18.013999938964844,22.610000610351562,58.939998626708984,59.91999816894531,51.36000061035156,117.66999816894531,46.5,102.70999908447266,240.22999572753906,36.88999938964844,114.91000366210938,85.55000305175781,73.0,49.060001373291016,57.60496139526367,43.130001068115234,20.469999313354492,2.6029999256134033,30.90132713317871,116.30000305175781,66.7699966430664,85.02999877929688,41.3466682434082,29.139999389648438,161.41000366210938,52.060001373291016,67.19999694824219,55.150001525878906,37.88999938964844,23.510000228881836,69.08000183105469,90.29000091552734,62.34000015258789,11.1899995803833,146.82000732421875,109.37000274658203,18.100000381469727,22.6299991607666,59.29999923706055,59.91999816894531,52.220001220703125,117.8499984741211,47.11000061035156,104.19999694824219,240.52000427246094,36.95000076293945,115.9800033569336,85.79000091552734,73.6500015258789,49.599998474121094,58.38740539550781,43.130001068115234,20.729999542236328,2.614500045776367,31.100568771362305,116.79000091552734,67.37999725341797,85.61000061035156,41.54666519165039,29.350000381469727,161.7100067138672,52.130001068115234,67.19999694824219,55.470001220703125,38.275001525878906,23.510000228881836,69.31999969482422,90.51000213623047,5751800,59314200,2615600,810500,27352000,83879500,3918800,23439800,4659500,4319100,3371400,2383100,4487700,18551800,5715200,14587300,6001500,3368100,10875201,8647400,23018500,848056000,26428312,1998900,6685400,5185600,2156700,5570800,3131200,6144300,2765100,19245300,17964200,60793600,4885000,7221000
2016-12-21,41.43206787109375,11.470000267028809,109.8493423461914,100.3575210571289,14.118587493896484,18.35698890686035,42.01783752441406,45.34693908691406,38.259849548339844,78.79144287109375,32.69767761230469,74.93855285644531,198.77711486816406,30.189992904663086,89.4114990234375,67.49140167236328,63.13822937011719,36.74356460571289,42.66065216064453,33.11191177368164,20.071409225463867,2.6061418056488037,20.05535888671875,86.00990295410156,52.14768981933594,66.14393615722656,37.84396743774414,23.22118377685547,138.7570037841797,36.65962600708008,46.92295837402344,42.89992141723633,25.824974060058594,19.864778518676758,58.97910690307617,59.5125846862793,61.45000076293945,11.470000267028809,146.1699981689453,110.05000305175781,18.229000091552734,22.6299991607666,58.689998626708984,60.75,51.47999954223633,117.91000366210938,46.56999969482422,102.55000305175781,241.44000244140625,36.97999954223633,115.30999755859375,86.75,73.25,48.9900016784668,56.70801544189453,43.369998931884766,20.579999923706055,2.645750045776367,30.74003791809082,117.63999938964844,67.16000366210938,86.16000366210938,41.43000030517578,29.139999389648438,161.3300018310547,52.16999816894531,67.93000030517578,55.709999084472656,38.05500030517578,23.600000381469727,68.8499984741211,90.27999877929688,62.40999984741211,11.720000267028809,147.6300048828125,110.30000305175781,18.39900016784668,22.719999313354492,59.58000183105469,60.90999984741211,52.15999984741211,119.0,47.20000076293945,103.86000061035156,242.39999389648438,37.349998474121094,116.19999694824219,86.80999755859375,73.88999938964844,49.369998931884766,58.024810791015625,43.65999984741211,20.829999923706055,2.648750066757202,31.242883682250977,118.29000091552734,67.3499984741211,86.26000213623047,41.616668701171875,29.280000686645508,162.2899932861328,52.5,68.30999755859375,56.09000015258789,38.22999954223633,23.670000076293945,69.30999755859375,90.9000015258789,61.43000030517578,11.3100004196167,145.6999969482422,109.72000122070312,18.17799949645996,22.469999313354492,58.68000030517578,60.150001525878906,51.439998626708984,117.86000061035156,46.209999084472656,102.33000183105469,240.0800018310547,36.90999984741211,114.73999786376953,86.02999877929688,73.0999984741211,48.099998474121094,56.622135162353516,43.279998779296875,20.34000015258789,2.592750072479248,30.67362403869629,117.37999725341797,66.81999969482422,85.05999755859375,41.36333465576172,28.90999984741211,159.6199951171875,52.16999816894531,66.5999984741211,55.63999938964844,37.8650016784668,23.520000457763672,68.7300033569336,90.18000030517578,62.22999954223633,11.609999656677246,147.07000732421875,110.02999877929688,18.37299919128418,22.719999313354492,59.22999954223633,60.70000076293945,51.84000015258789,118.33999633789062,47.09000015258789,103.75,242.24000549316406,37.25,116.19999694824219,86.43000030517578,73.33000183105469,49.20000076293945,57.814884185791016,43.63999938964844,20.75,2.6410000324249268,31.053131103515625,118.26000213623047,67.06999969482422,85.56999969482422,41.516666412353516,29.229999542236328,161.4199981689453,52.470001220703125,67.51000213623047,56.09000015258789,38.07500076293945,23.65999984741211,69.27999877929688,90.68000030517578,5498700,44814100,2491800,659500,21013000,61079100,4471200,15090200,4187200,5024600,2788200,2364900,3277800,14323600,5907600,11400500,5054100,8127100,12630706,6859300,32034500,576136000,19751644,1282000,5211400,4825200,787200,6267500,2767700,3871600,3206400,14058400,16205400,37738000,5432300,7308000
2016-12-22,41.573665618896484,11.600000381469727,109.99213409423828,100.29369354248047,13.987690925598145,18.283987045288086,42.067955017089844,45.152862548828125,38.30442810058594,79.36613464355469,32.92937088012695,75.36238098144531,197.6903839111328,30.149192810058594,89.5123062133789,67.60028076171875,63.1468620300293,37.75608825683594,42.7683219909668,32.66909408569336,22.61690902709961,2.637662172317505,20.01821517944336,85.85637664794922,51.83709716796875,66.31282043457031,38.02663803100586,22.902429580688477,138.9719696044922,36.64557647705078,47.468666076660156,42.930721282958984,25.930171966552734,19.81427574157715,59.056209564208984,59.901512145996094,61.65999984741211,11.600000381469727,146.36000061035156,109.9800033569336,18.059999465942383,22.540000915527344,58.7599983215332,60.4900016784668,51.540000915527344,118.7699966430664,46.900001525878906,103.12999725341797,240.1199951171875,36.93000030517578,115.44000244140625,86.88999938964844,73.26000213623047,50.34000015258789,56.85114669799805,42.790000915527344,23.190000534057617,2.6777501106262207,30.6831111907959,117.43000030517578,66.76000213623047,86.37999725341797,41.630001068115234,28.739999771118164,161.5800018310547,52.150001525878906,68.72000122070312,55.75,38.209999084472656,23.540000915527344,68.94000244140625,90.87000274658203,61.91999816894531,11.75,146.61000061035156,110.41999816894531,18.299999237060547,22.729999542236328,58.97999954223633,60.93000030517578,51.779998779296875,118.98999786376953,47.630001068115234,103.33000183105469,242.86000061035156,37.2400016784668,115.52999877929688,87.16999816894531,73.4800033569336,50.70000076293945,57.25190734863281,43.38999938964844,23.489999771118164,2.721750020980835,30.76850128173828,118.0,67.75,87.0,41.89666748046875,29.0,161.8800048828125,52.279998779296875,69.23999786376953,56.029998779296875,38.310001373291016,23.59000015258789,68.95999908447266,90.9000015258789,61.349998474121094,11.470000267028809,145.1199951171875,109.7699966430664,17.937999725341797,22.469999313354492,58.52000045776367,60.40999984741211,51.380001068115234,117.7699966430664,46.380001068115234,101.87000274658203,239.5500030517578,36.810001373291016,113.87999725341797,86.20999908447266,72.68000030517578,49.279998779296875,56.450382232666016,42.7599983215332,22.770000457763672,2.663249969482422,30.407970428466797,117.20999908447266,66.45999908447266,85.58999633789062,41.473331451416016,28.5,160.27000427246094,51.970001220703125,68.26000213623047,55.5,38.005001068115234,23.459999084472656,68.4800033569336,90.0199966430664,61.58000183105469,11.649999618530273,146.30999755859375,110.36000061035156,18.28499984741211,22.600000381469727,58.7400016784668,60.65999984741211,51.54999923706055,117.94000244140625,46.5099983215332,102.66999816894531,241.22999572753906,37.22999954223633,115.0,86.44000244140625,73.16000366210938,49.33000183105469,56.889312744140625,43.29999923706055,22.90999984741211,2.6705000400543213,30.63567352294922,117.75,67.63999938964844,85.79000091552734,41.88666534423828,28.989999771118164,161.38999938964844,51.9900016784668,68.30000305175781,55.7599983215332,38.08000183105469,23.59000015258789,68.76000213623047,90.0199966430664,5626000,36450800,1820500,324200,17557000,67123500,4812000,14571100,4594800,4992500,4874500,2722400,2636500,10793900,4602300,13924200,4827500,6110000,10584800,8200300,85870000,718612000,19618418,1457600,5900200,3991700,869400,7455900,2741700,5141200,3212400,14515500,21940800,37796100,4458400,8003100
2016-12-23,42.03215408325195,11.579999923706055,110.8864517211914,100.9776382446289,14.09147834777832,18.332656860351562,42.67648696899414,45.52607727050781,38.1781005859375,79.13226318359375,32.6766242980957,74.55853271484375,198.3901824951172,30.181840896606445,89.91551971435547,67.72476196289062,63.603694915771484,38.086090087890625,42.753963470458984,32.875221252441406,22.685178756713867,2.7034130096435547,20.104875564575195,86.24385833740234,51.91474914550781,65.6449203491211,38.22153091430664,23.149463653564453,140.2191162109375,36.680694580078125,47.63443374633789,43.09244155883789,25.906408309936523,19.84793472290039,59.50163269042969,59.79604721069336,62.34000015258789,11.579999923706055,147.5500030517578,110.7300033569336,18.194000244140625,22.600000381469727,59.61000061035156,60.9900016784668,51.369998931884766,118.41999816894531,46.540000915527344,102.02999877929688,240.97000122070312,36.970001220703125,115.95999908447266,87.05000305175781,73.79000091552734,50.779998779296875,56.832061767578125,43.060001373291016,23.260000228881836,2.744499921798706,30.81593894958496,117.95999908447266,66.86000061035156,85.51000213623047,41.84333419799805,29.049999237060547,163.02999877929688,52.20000076293945,68.95999908447266,55.959999084472656,38.17499923706055,23.579999923706055,69.45999908447266,90.70999908447266,62.400001525878906,11.600000381469727,147.72999572753906,110.8499984741211,18.197999954223633,22.649999618530273,59.93000030517578,61.0,51.650001525878906,118.69999694824219,47.20000076293945,103.04000091552734,241.89999389648438,36.97999954223633,116.31999969482422,87.1500015258789,74.0,51.0,57.11832046508789,43.06999969482422,23.489999771118164,2.746000051498413,30.891841888427734,117.9800033569336,66.94000244140625,86.2699966430664,41.866668701171875,29.1299991607666,163.0399932861328,52.33000183105469,69.19999694824219,55.97999954223633,38.255001068115234,23.579999923706055,69.5,90.95999908447266,61.470001220703125,11.260000228881836,146.24000549316406,110.2699966430664,17.965999603271484,22.43000030517578,58.77000045776367,60.380001068115234,51.220001220703125,118.05000305175781,46.31999969482422,101.62000274658203,238.91000366210938,36.77000045776367,115.30000305175781,86.4000015258789,73.26000213623047,49.869998931884766,56.536258697509766,42.75,23.059999465942383,2.656749963760376,30.70208740234375,117.06999969482422,66.5199966430664,85.2300033569336,41.52000045776367,28.690000534057617,160.5500030517578,52.06999969482422,68.25,55.619998931884766,38.09000015258789,23.469999313354492,68.95999908447266,90.5199966430664,61.779998779296875,11.300000190734863,146.35000610351562,110.41999816894531,18.0049991607666,22.510000228881836,58.849998474121094,60.529998779296875,51.34000015258789,118.41000366210938,46.72999954223633,102.69999694824219,239.5399932861328,36.93000030517578,115.4000015258789,87.0,73.4800033569336,50.13999938964844,57.03244400024414,42.86000061035156,23.06999969482422,2.6594998836517334,30.74952507019043,117.48999786376953,66.88999938964844,86.02999877929688,41.59000015258789,28.780000686645508,161.55999755859375,52.290000915527344,68.5,55.779998779296875,38.150001525878906,23.540000915527344,68.95999908447266,90.88999938964844,4795900,32288200,2169700,183900,8977000,38187800,5412800,9314000,2860000,2682900,2727100,1706200,2187500,6287300,2992500,10759400,2570100,3346400,7955892,6733000,27780100,647692000,11387943,912700,3088100,2894200,480000,4853500,2044400,3773200,1696600,8313000,12796200,18276700,4188700,4266500
2016-12-27,42.140037536621094,12.069999694824219,111.49515533447266,101.68893432617188,14.120140075683594,18.340774536132812,42.476036071777344,45.600730895996094,38.349029541015625,78.99861145019531,32.88726043701172,74.9312515258789,198.8759002685547,30.263469696044922,89.87673950195312,67.78701782226562,63.62092208862305,38.34111022949219,42.91907501220703,32.92103576660156,22.72418785095215,2.889092206954956,20.135826110839844,86.49977111816406,52.21755599975586,65.59117126464844,38.69346237182617,23.189315795898438,139.88365173339844,36.75800704956055,47.9729118347168,43.08473205566406,25.964094161987305,19.873197555541992,59.621585845947266,59.82243728637695,62.5,12.069999694824219,148.36000061035156,111.51000213623047,18.231000900268555,22.610000610351562,59.33000183105469,61.09000015258789,51.599998474121094,118.22000122070312,46.84000015258789,102.54000091552734,241.55999755859375,37.06999969482422,115.91000366210938,87.12999725341797,73.80999755859375,51.119998931884766,57.0515251159668,43.119998931884766,23.299999237060547,2.933000087738037,30.863378524780273,118.30999755859375,67.25,85.44000244140625,42.36000061035156,29.100000381469727,162.63999938964844,52.310001373291016,69.44999694824219,55.95000076293945,38.2599983215332,23.610000610351562,69.5999984741211,90.75,63.02000045776367,12.079999923706055,150.11000061035156,111.62000274658203,18.3700008392334,22.739999771118164,59.75,61.29999923706055,51.939998626708984,118.9000015258789,47.029998779296875,103.12000274658203,242.58999633789062,37.33000183105469,116.0,87.16000366210938,74.45999908447266,51.13999938964844,57.385494232177734,43.27000045776367,23.639999389648438,2.934000015258789,31.043643951416016,118.5199966430664,67.58000183105469,85.94999694824219,42.42333221435547,29.229999542236328,163.9600067138672,52.38999938964844,69.8499984741211,56.099998474121094,38.38999938964844,23.639999389648438,70.0,91.11000061035156,62.40999984741211,11.600000381469727,147.77000427246094,110.79000091552734,18.204999923706055,22.540000915527344,59.290000915527344,60.849998474121094,51.349998474121094,118.11000061035156,46.61000061035156,102.31999969482422,240.39999389648438,36.90999984741211,115.37999725341797,86.75,73.68000030517578,50.66999816894531,56.832061767578125,42.95000076293945,23.209999084472656,2.7804999351501465,30.81593894958496,117.88999938964844,67.05999755859375,85.2300033569336,41.90666580200195,29.0,162.4499969482422,52.20000076293945,69.13999938964844,55.84000015258789,38.20000076293945,23.579999923706055,69.52999877929688,90.58000183105469,62.52000045776367,11.649999618530273,147.77000427246094,110.79000091552734,18.211000442504883,22.709999084472656,59.61000061035156,61.029998779296875,51.45000076293945,118.5,46.709999084472656,102.81999969482422,241.9499969482422,36.90999984741211,115.88999938964844,87.05000305175781,74.05999755859375,50.810001373291016,57.127864837646484,43.27000045776367,23.350000381469727,2.801500082015991,30.90132713317871,117.88999938964844,67.13999938964844,85.80000305175781,41.926666259765625,29.0,163.25999450683594,52.33000183105469,69.2300033569336,55.900001525878906,38.23500061035156,23.6299991607666,69.55000305175781,90.83000183105469,5396200,44336500,1941000,308500,8283000,39988600,4251900,9544000,2995400,2986900,1792100,1410800,1998200,9033700,3232600,6946400,2786700,3501000,6094749,5927000,24214100,1194272000,11826302,1076500,3028200,2634200,1408500,3083000,1344000,3135800,2153900,8893900,20017800,38241100,5141200,4960600
2016-12-28,41.98495101928711,11.550000190734863,110.97660064697266,101.02323150634766,13.955941200256348,18.113645553588867,41.96055603027344,44.81694412231445,37.73216247558594,78.79144287109375,32.46598815917969,74.2808609008789,198.126708984375,29.90426254272461,89.24867248535156,67.2968978881836,62.97445297241211,37.74858856201172,42.545799255371094,32.53931427001953,22.217039108276367,2.690361261367798,20.024404525756836,85.58584594726562,51.052860260009766,64.96935272216797,37.95966720581055,23.20525360107422,138.85159301757812,36.581382751464844,47.434112548828125,42.59959030151367,25.682464599609375,19.671180725097656,59.16756057739258,59.5257682800293,62.27000045776367,11.550000190734863,147.6699981689453,110.77999877929688,18.018999099731445,22.329999923706055,58.61000061035156,60.040000915527344,50.77000045776367,117.91000366210938,46.2400016784668,101.6500015258789,240.64999389648438,36.630001068115234,115.0999984741211,86.5,73.05999755859375,50.33000183105469,56.55534362792969,42.619998931884766,22.780000686645508,2.731250047683716,30.69260025024414,117.05999755859375,65.75,84.62999725341797,41.55666732788086,29.1200008392334,161.44000244140625,51.779998779296875,68.66999816894531,55.31999969482422,37.845001220703125,23.3700008392334,69.06999969482422,90.30000305175781,62.75,12.420000076293945,149.14999389648438,111.30999755859375,18.299999237060547,22.670000076293945,59.439998626708984,61.20000076293945,51.7400016784668,118.86000061035156,47.20000076293945,102.83000183105469,244.5,37.20000076293945,116.16000366210938,87.38999938964844,73.77999877929688,51.150001525878906,57.11832046508789,43.290000915527344,23.40999984741211,2.9982500076293945,31.015180587768555,118.56999969482422,67.06999969482422,85.4800033569336,42.63666534423828,29.31999969482422,163.25,52.2599983215332,69.33000183105469,56.08000183105469,38.36000061035156,23.670000076293945,69.75,91.11000061035156,62.25,11.460000038146973,147.36000061035156,110.43000030517578,17.983999252319336,22.260000228881836,58.540000915527344,59.97999954223633,50.630001068115234,117.75,46.060001373291016,101.3499984741211,240.44000244140625,36.58000183105469,115.05000305175781,86.3499984741211,72.97000122070312,50.290000915527344,56.49809265136719,42.56999969482422,22.760000228881836,2.717250108718872,30.6831111907959,116.93000030517578,65.69999694824219,84.41000366210938,41.53333282470703,29.040000915527344,161.32000732421875,51.779998779296875,68.47000122070312,55.27000045776367,37.814998626708984,23.350000381469727,69.05999755859375,90.26000213623047,62.5099983215332,12.279999732971191,148.6300048828125,110.80999755859375,18.263999938964844,22.6200008392334,59.290000915527344,61.0,51.470001220703125,118.30999755859375,47.0099983215332,102.48999786376953,243.69000244140625,37.099998474121094,115.87999725341797,87.16000366210938,73.66000366210938,51.06999969482422,56.98473358154297,43.25,23.399999618530273,2.990000009536743,30.834915161132812,118.37999725341797,66.6500015258789,85.27999877929688,42.60333251953125,29.260000228881836,162.16000366210938,52.119998931884766,69.13999938964844,55.97999954223633,38.345001220703125,23.649999618530273,69.66999816894531,90.68000030517578,5190400,71254500,1804000,509900,14039000,52652900,4249100,17127400,4275500,4086700,2392300,1896100,3053000,12868600,3278300,9455600,3256800,3240700,6470981,4854500,24026900,2295764000,14691495,1184300,6547200,4222700,1738500,3663300,1669100,8111900,2471100,10609100,16187400,30834400,4558800,6745900
2016-12-29,42.295108795166016,11.59000015258789,111.05927276611328,101.3697509765625,13.931154251098633,17.845951080322266,42.16818618774414,44.32429885864258,37.56122970581055,78.7313232421875,32.26236343383789,74.01046752929688,196.0931854248047,29.928756713867188,89.5510482788086,66.82228088378906,63.405418395996094,37.838592529296875,42.38068771362305,32.180484771728516,21.719646453857422,2.7440457344055176,20.111066818237305,84.88394927978516,51.27803039550781,64.63925170898438,37.95357894897461,23.213220596313477,138.50759887695312,36.24227523803711,47.40647888183594,42.229976654052734,25.631572723388672,19.528085708618164,59.2703857421875,59.558719635009766,62.72999954223633,11.59000015258789,147.77999877929688,111.16000366210938,17.98699951171875,22.0,58.900001525878906,59.380001068115234,50.540000915527344,117.81999969482422,45.95000076293945,101.27999877929688,238.17999267578125,36.65999984741211,115.48999786376953,85.88999938964844,73.55999755859375,50.45000076293945,56.33587646484375,42.150001525878906,22.270000457763672,2.785749912261963,30.82542610168457,116.0999984741211,66.04000091552734,84.19999694824219,41.54999923706055,29.1299991607666,161.0399932861328,51.29999923706055,68.62999725341797,54.84000015258789,37.77000045776367,23.200000762939453,69.19000244140625,90.3499984741211,63.060001373291016,11.619999885559082,148.69000244140625,111.37000274658203,18.066999435424805,22.389999389648438,59.189998626708984,60.119998931884766,50.81999969482422,118.41999816894531,46.209999084472656,101.94999694824219,241.07000732421875,36.720001220703125,115.87000274658203,86.66999816894531,73.87000274658203,51.08000183105469,56.860687255859375,42.77000045776367,22.799999237060547,2.78725004196167,30.948766708374023,117.61000061035156,66.08000183105469,84.8499984741211,41.54999923706055,29.15999984741211,162.36000061035156,51.869998931884766,69.6500015258789,55.459999084472656,37.900001525878906,23.43000030517578,69.41000366210938,90.5999984741211,62.38999938964844,11.010000228881836,147.3699951171875,110.69999694824219,17.863000869750977,21.770000457763672,58.630001068115234,58.68000030517578,50.2400016784668,117.4800033569336,45.630001068115234,100.54000091552734,236.63999938964844,36.43000030517578,115.01000213623047,85.04000091552734,73.23999786376953,50.08000183105469,56.27862548828125,41.72999954223633,22.149999618530273,2.569999933242798,30.71157455444336,115.36000061035156,65.41999816894531,83.79000091552734,41.11333465576172,28.809999465942383,160.38999938964844,51.040000915527344,68.25,54.47999954223633,37.6349983215332,23.100000381469727,69.08000183105469,90.02999877929688,62.38999938964844,11.239999771118164,147.3699951171875,110.97000122070312,17.969999313354492,22.329999923706055,58.810001373291016,60.02000045776367,50.65999984741211,118.01000213623047,46.0,101.5999984741211,240.75,36.5099983215332,115.2300033569336,86.58000183105469,73.38999938964844,50.36000061035156,56.57442855834961,42.650001525878906,22.579999923706055,2.622499942779541,30.73055076599121,117.27999877929688,65.5,84.26000213623047,41.366668701171875,28.989999771118164,161.9199981689453,51.75,68.66999816894531,55.189998626708984,37.790000915527344,23.389999389648438,69.11000061035156,90.0999984741211,4990000,50234300,1655500,754900,13671000,79188400,3642700,17121200,3634500,3214500,2111800,1517700,2619000,8447300,2993600,14689000,3031600,2684000,6833065,7180200,19890500,2175368000,14827250,1542300,3700800,3535400,1046700,5323900,2476300,4625700,1913000,15933500,13394800,39251800,5539200,6684700
2016-12-30,42.2209358215332,11.34000015258789,109.87940216064453,102.31816864013672,13.691061019897461,17.927074432373047,41.83885192871094,44.36162185668945,37.263946533203125,78.65111541748047,32.065773010253906,73.87895202636719,197.1387481689453,29.610363006591797,89.33396911621094,67.13348388671875,63.39681625366211,37.763587951660156,42.258644104003906,32.25682067871094,21.378293991088867,2.6285510063171387,20.104875564575195,85.51275634765625,50.625797271728516,64.44731903076172,37.365928649902344,22.910404205322266,137.64747619628906,36.291725158691406,47.192352294921875,42.43788146972656,25.55692481994629,19.570171356201172,59.056209564208984,59.49940872192383,62.619998931884766,11.34000015258789,146.2100067138672,112.19999694824219,17.677000045776367,22.100000381469727,58.439998626708984,59.43000030517578,50.13999938964844,117.69999694824219,45.66999816894531,101.0999984741211,239.4499969482422,36.27000045776367,115.20999908447266,86.29000091552734,73.55000305175781,50.349998474121094,56.17366409301758,42.25,21.920000076293945,2.6684999465942383,30.81593894958496,116.95999908447266,65.19999694824219,83.94999694824219,40.90666580200195,28.75,160.0399932861328,51.369998931884766,68.31999969482422,55.11000061035156,37.65999984741211,23.25,68.94000244140625,90.26000213623047,62.93000030517578,11.779999732971191,148.75,112.66000366210938,18.09000015258789,22.260000228881836,58.959999084472656,59.79999923706055,50.84000015258789,118.23999786376953,46.65999984741211,102.18000030517578,240.5,36.79999923706055,115.98999786376953,86.41999816894531,73.75,50.61000061035156,56.25,42.54999923706055,22.399999618530273,2.7980000972747803,30.929790496826172,117.16000366210938,66.3499984741211,84.5,41.88666534423828,29.229999542236328,161.47999572753906,51.61000061035156,69.16999816894531,55.36000061035156,37.94499969482422,23.329999923706055,69.2699966430664,90.69999694824219,62.40999984741211,11.25,145.6199951171875,111.2699966430664,17.601999282836914,21.950000762939453,58.209999084472656,59.189998626708984,49.93000030517578,117.30999755859375,45.5099983215332,100.7300033569336,237.39999389648438,36.20000076293945,114.9800033569336,85.66000366210938,73.2300033569336,50.0,55.877864837646484,41.880001068115234,21.75,2.6575000286102295,30.65464973449707,115.91999816894531,65.04000091552734,83.66000366210938,40.77333450317383,28.6200008392334,159.85000610351562,51.209999084472656,68.12000274658203,54.790000915527344,37.540000915527344,23.170000076293945,68.72000122070312,90.01000213623047,62.72999954223633,11.699999809265137,147.6300048828125,112.05999755859375,18.03700065612793,22.020000457763672,58.86000061035156,59.5,50.40999984741211,117.44000244140625,45.95000076293945,101.1500015258789,238.50999450683594,36.790000915527344,115.80000305175781,86.0999984741211,73.47000122070312,50.439998626708984,56.08778762817383,42.16999816894531,22.350000381469727,2.783750057220459,30.6831111907959,116.20999908447266,66.25,84.30000305175781,41.70000076293945,29.200000762939453,161.3699951171875,51.5,68.55999755859375,54.88999938964844,37.73500061035156,23.290000915527344,69.19999694824219,90.02999877929688,5999200,44095400,3193100,858700,25421000,72605900,7008900,16588500,4806300,5020500,2871800,2178200,2355500,17468000,5506700,13617800,2933900,3477200,11289685,6943500,20268900,1212932000,19885396,1624900,5941900,4149700,3403800,4862800,2855600,5184600,2552900,15095500,17706600,44761200,6649000,9117800
2017-01-03,42.079341888427734,11.430000305175781,113.27627563476562,100.7222900390625,13.812653541564941,18.2758731842041,42.56194305419922,45.22751235961914,37.613258361816406,78.75137329101562,33.055763244628906,75.6619644165039,198.8841094970703,29.879770278930664,89.82246398925781,67.86483001708984,64.3018569946289,39.698638916015625,43.17747497558594,32.86759948730469,21.992721557617188,2.512071371078491,20.42675018310547,86.25115966796875,50.781097412109375,65.0998764038086,37.365928649902344,23.356658935546875,138.8601531982422,36.355316162109375,48.6429443359375,43.12324142456055,25.845346450805664,19.789016723632812,59.827171325683594,59.914695739746094,62.40999984741211,11.430000305175781,150.72999572753906,110.44999694824219,17.833999633789062,22.530000686645508,59.45000076293945,60.59000015258789,50.61000061035156,117.8499984741211,47.08000183105469,103.54000091552734,241.57000732421875,36.599998474121094,115.83999633789062,87.2300033569336,74.5999984741211,52.93000030517578,57.39503860473633,43.04999923706055,22.549999237060547,2.5502500534057617,31.309297561645508,117.97000122070312,65.4000015258789,84.80000305175781,40.90666580200195,29.309999465942383,161.4499969482422,51.459999084472656,70.41999816894531,56.0,38.084999084472656,23.510000228881836,69.83999633789062,90.88999938964844,63.029998779296875,11.649999618530273,151.0,111.27999877929688,18.09000015258789,22.68000030517578,59.68000030517578,61.09000015258789,51.61000061035156,119.0,47.560001373291016,104.62999725341797,244.97000122070312,36.93000030517578,116.0,87.76000213623047,74.66999816894531,54.59000015258789,57.614505767822266,43.630001068115234,22.739999771118164,2.659250020980835,31.309297561645508,119.47000122070312,66.13999938964844,85.11000061035156,41.49333190917969,29.510000228881836,162.27000427246094,52.2400016784668,71.4000015258789,56.349998474121094,38.404998779296875,23.670000076293945,69.86000061035156,91.33999633789062,61.939998626708984,11.020000457763672,147.1199951171875,110.1500015258789,17.65399932861328,22.200000762939453,58.58000183105469,59.75,49.91999816894531,116.58999633789062,45.619998931884766,101.83000183105469,237.97000122070312,36.27000045776367,115.2300033569336,85.9800033569336,73.54000091552734,52.439998626708984,56.345420837402344,42.45000076293945,22.049999237060547,2.484499931335449,30.920303344726562,116.97000122070312,64.5999984741211,83.70999908447266,40.55666732788086,29.059999465942383,159.14999389648438,51.11000061035156,68.83999633789062,55.459999084472656,37.68000030517578,23.260000228881836,69.22000122070312,90.1500015258789,62.91999816894531,11.420000076293945,147.86000061035156,110.9800033569336,17.82900047302246,22.600000381469727,58.779998779296875,60.68000030517578,50.81999969482422,118.37999725341797,46.81999969482422,102.62999725341797,242.6999969482422,36.61000061035156,115.77999877929688,87.33999633789062,73.94000244140625,53.70000076293945,56.44084167480469,43.09000015258789,22.06999969482422,2.609999895095825,31.024667739868164,118.77999877929688,65.86000061035156,84.86000061035156,41.04666519165039,29.25,161.1300048828125,51.619998931884766,69.55000305175781,55.66999816894531,38.05500030517578,23.610000610351562,69.30999755859375,90.94000244140625,9328200,55182000,3640900,874700,32098000,99298100,10061700,18322400,7032600,7404800,5828600,4151200,4384200,20196500,5953000,20550700,3622700,13329200,12564158,8316900,24962900,1501996000,23391844,2989100,9519800,6667100,2654100,6280300,3539700,7859000,4425000,22063800,49246200,71259900,11792900,10360600
2017-01-04,42.67267990112305,11.430000305175781,114.884521484375,100.23896789550781,13.71429443359375,18.6165714263916,42.61960220336914,45.839595794677734,37.96255874633789,78.7313232421875,33.35065460205078,75.72044372558594,200.16848754882812,29.72466468811035,89.67513275146484,67.98999786376953,64.40530395507812,38.43110656738281,43.16312789916992,33.302772521972656,21.807422637939453,2.570680856704712,20.606260299682617,86.9823226928711,50.835445404052734,65.5835189819336,37.469444274902344,23.348691940307617,139.25582885742188,36.623775482177734,46.89534378051758,43.16173553466797,25.791044235229492,19.948945999145508,60.2983283996582,59.25550079345703,63.290000915527344,11.430000305175781,152.8699951171875,109.91999816894531,17.707000732421875,22.950000762939453,59.13999938964844,61.40999984741211,51.08000183105469,117.81999969482422,47.5,103.62000274658203,243.1300048828125,36.40999984741211,115.6500015258789,86.91000366210938,74.72000122070312,51.2400016784668,57.375953674316406,43.619998931884766,22.360000610351562,2.6097500324249268,31.584440231323242,118.97000122070312,65.47000122070312,85.43000030517578,41.02000045776367,29.299999237060547,161.91000366210938,51.84000015258789,67.88999938964844,56.04999923706055,38.005001068115234,23.700000762939453,70.38999938964844,89.88999938964844,63.79999923706055,11.520000457763672,153.72000122070312,110.3499984741211,17.899999618530273,22.959999084472656,59.75,61.630001068115234,51.099998474121094,118.6500015258789,47.529998779296875,104.47000122070312,243.32000732421875,36.77000045776367,116.2300033569336,87.18000030517578,75.0,53.5,58.0057258605957,43.81999969482422,22.84000015258789,2.637500047683716,31.64136505126953,119.2699966430664,65.94999694824219,85.70999908447266,41.220001220703125,29.459999084472656,162.5800018310547,51.97999954223633,69.91000366210938,56.310001373291016,38.185001373291016,23.729999542236328,70.58000183105469,91.1500015258789,62.63999938964844,11.239999771118164,151.77000427246094,109.62000274658203,17.667999267578125,22.600000381469727,59.029998779296875,60.61000061035156,50.31999969482422,117.5999984741211,46.4900016784668,102.97000122070312,240.02999877929688,36.34000015258789,115.30999755859375,86.4000015258789,74.37999725341797,51.029998779296875,57.290077209472656,43.040000915527344,22.25,2.538249969482422,31.33776092529297,117.76000213623047,65.26000213623047,84.54000091552734,40.83000183105469,29.200000762939453,159.74000549316406,51.40999984741211,67.38999938964844,55.61000061035156,37.880001068115234,23.510000228881836,69.94999694824219,89.75,62.63999938964844,11.449999809265137,152.08999633789062,109.83999633789062,17.826000213623047,22.719999313354492,59.459999084472656,60.689998626708984,50.70000076293945,118.41000366210938,46.939998626708984,104.25,241.44000244140625,36.709999084472656,115.5,86.95999908447266,74.94999694824219,52.95000076293945,57.729007720947266,43.29999923706055,22.670000076293945,2.5850000381469727,31.43263816833496,118.31999969482422,65.66999816894531,85.0,41.11000061035156,29.389999389648438,162.35000610351562,51.47999954223633,69.54000091552734,56.15999984741211,38.1150016784668,23.579999923706055,69.94999694824219,91.12000274658203,8674800,40781200,3945900,846200,23965000,76875100,6703400,16947500,4990000,6679900,3706200,2417900,2728700,15915700,5828900,15266600,3021600,10980400,9863671,7747400,20426800,1199220000,22753963,2279700,6221700,4655400,1354200,4391800,2695200,6199000,7431000,15036100,22371000,45092200,9174500,9434200
2017-01-05,42.996315002441406,11.239999771118164,114.9671859741211,101.44271087646484,13.498208045959473,18.397550582885742,43.333045959472656,45.040897369384766,37.8510856628418,78.39051818847656,34.41084671020508,76.12967681884766,198.67828369140625,29.675682067871094,90.61338806152344,67.3641357421875,65.15520477294922,38.28860092163086,43.14876937866211,32.99739074707031,21.5635986328125,2.505422353744507,20.804338455200195,85.81982421875,50.89756393432617,65.48371124267578,37.149749755859375,23.747133255004883,139.48805236816406,36.00914001464844,46.75027084350586,42.491790771484375,25.726581573486328,19.746931076049805,60.60673141479492,58.372169494628906,63.77000045776367,11.239999771118164,152.97999572753906,111.23999786376953,17.42799949645996,22.68000030517578,60.130001068115234,60.34000015258789,50.93000030517578,117.30999755859375,49.0099983215332,104.18000030517578,241.32000732421875,36.349998474121094,116.86000061035156,86.11000061035156,75.58999633789062,51.04999923706055,57.356868743896484,43.220001220703125,22.110000610351562,2.5434999465942383,31.888046264648438,117.37999725341797,65.55000305175781,85.30000305175781,40.66999816894531,29.799999237060547,162.17999267578125,50.970001220703125,67.68000030517578,55.18000030517578,37.90999984741211,23.459999084472656,70.75,88.55000305175781,63.95000076293945,11.6899995803833,153.39999389648438,111.9000015258789,17.700000762939453,22.93000030517578,60.41999816894531,61.43000030517578,51.68000030517578,118.4800033569336,49.45000076293945,104.8499984741211,243.22999572753906,36.720001220703125,116.97000122070312,87.11000061035156,77.87000274658203,51.790000915527344,57.80534362792969,43.630001068115234,22.56999969482422,2.6454999446868896,31.963947296142578,119.02999877929688,65.9800033569336,85.87000274658203,41.2599983215332,29.90999984741211,162.6300048828125,51.7599983215332,68.38999938964844,55.81999969482422,38.16999816894531,23.65999984741211,70.7699966430664,90.30000305175781,63.029998779296875,11.229999542236328,151.50999450683594,110.75,17.38800048828125,22.350000381469727,59.310001373291016,59.90999984741211,50.720001220703125,116.72000122070312,47.66999816894531,103.41999816894531,236.77999877929688,36.310001373291016,115.44000244140625,85.26000213623047,74.43000030517578,50.029998779296875,57.25190734863281,42.189998626708984,21.959999084472656,2.526249885559082,31.42314910888672,116.5999984741211,65.05000305175781,85.19000244140625,40.59333419799805,29.520000457763672,161.50999450683594,50.790000915527344,66.54000091552734,54.47999954223633,37.72999954223633,23.239999771118164,70.2699966430664,88.44000244140625,63.380001068115234,11.430000305175781,152.72000122070312,110.80000305175781,17.632999420166016,22.81999969482422,59.38999938964844,60.970001220703125,51.209999084472656,118.0,47.72999954223633,103.62999725341797,242.72000122070312,36.45000076293945,116.0,86.80999755859375,74.93000030517578,51.5,57.461830139160156,43.529998779296875,22.399999618530273,2.6132500171661377,31.660341262817383,118.41000366210938,65.22000122070312,85.58000183105469,41.043331146240234,29.530000686645508,161.75,51.63999938964844,68.38999938964844,55.4900016784668,38.029998779296875,23.6299991607666,70.33000183105469,90.19000244140625,5359400,38855200,3441700,493800,24861000,86826400,8422300,18317900,4727100,5928600,7513000,3084800,3562600,13986000,6217200,14300800,3310800,9534900,10581446,9883200,19759400,984296000,21083584,2405000,5998900,4543000,942000,4775700,2961100,6574900,6450600,18831600,22282400,62201100,5979300,14443200
2017-01-06,43.009796142578125,11.319999694824219,117.82293701171875,101.33329010009766,13.677117347717285,18.397550582885742,43.20332717895508,45.19765090942383,37.70988845825195,78.07643127441406,34.17213439941406,76.8823471069336,201.62579345703125,29.78180503845215,90.1791763305664,67.37195587158203,65.22412872314453,37.77858352661133,43.26362228393555,33.47838592529297,21.495328903198242,2.538912773132324,20.7238712310791,87.04080963134766,50.88202667236328,66.38957214355469,37.445098876953125,23.611661911010742,139.6858673095703,36.24227523803711,46.045711517333984,42.383975982666016,25.750335693359375,19.81427574157715,60.778045654296875,58.339210510253906,63.790000915527344,11.319999694824219,156.77999877929688,111.12000274658203,17.659000396728516,22.68000030517578,59.95000076293945,60.54999923706055,50.7400016784668,116.83999633789062,48.66999816894531,105.20999908447266,244.89999389648438,36.47999954223633,116.30000305175781,86.12000274658203,75.66999816894531,50.369998931884766,57.50954055786133,43.849998474121094,22.040000915527344,2.577500104904175,31.764705657958984,119.05000305175781,65.52999877929688,86.4800033569336,40.99333190917969,29.6299991607666,162.41000366210938,51.29999923706055,66.66000366210938,55.040000915527344,37.94499969482422,23.540000915527344,70.94999694824219,88.5,64.0,11.489999771118164,161.0,111.58999633789062,17.690000534057617,22.850000381469727,60.33000183105469,60.84000015258789,51.08000183105469,117.58000183105469,49.25,105.70999908447266,246.1999969482422,36.68000030517578,117.0,86.62000274658203,76.06999969482422,51.25,57.69084167480469,44.130001068115234,22.280000686645508,2.606250047683716,31.973434448242188,119.73999786376953,65.87000274658203,86.83000183105469,41.11000061035156,29.850000381469727,162.94000244140625,51.5,67.87999725341797,55.56999969482422,38.07500076293945,23.639999389648438,71.1500015258789,88.9800033569336,63.52000045776367,11.109999656677246,156.6699981689453,110.30000305175781,17.33099937438965,22.559999465942383,58.849998474121094,60.08000183105469,50.290000915527344,116.37999725341797,48.43000030517578,103.70999908447266,241.3699951171875,36.189998626708984,115.76000213623047,85.94000244140625,75.02999877929688,50.290000915527344,56.803436279296875,43.18000030517578,21.979999542236328,2.5299999713897705,31.631879806518555,117.8499984741211,64.86000061035156,84.83999633789062,40.51333236694336,29.459999084472656,161.11000061035156,51.060001373291016,66.62999725341797,54.70000076293945,37.69499969482422,23.420000076293945,70.5199966430664,87.81999969482422,63.880001068115234,11.289999961853027,159.8800048828125,110.55999755859375,17.42099952697754,22.780000686645508,60.040000915527344,60.68000030517578,51.02000045776367,117.44999694824219,49.029998779296875,104.61000061035156,242.2899932861328,36.59000015258789,116.66999816894531,86.38999938964844,75.45999908447266,51.11000061035156,57.33778762817383,43.560001373291016,22.270000457763672,2.5712499618530273,31.935483932495117,118.20999908447266,65.4800033569336,85.4800033569336,40.77000045776367,29.739999771118164,161.75,51.060001373291016,67.69999694824219,55.2599983215332,38.029998779296875,23.549999237060547,70.7699966430664,88.79000091552734,4722300,34453500,9899300,360200,23142000,66281500,10104600,16778400,3472500,4762500,3193900,2418300,3591100,15114000,5221400,12893300,2296500,4748300,10730053,9152800,17782200,822856000,18418228,3003900,6749400,5689900,875100,4878700,3081300,5078200,3771700,18715900,14821000,38060800,5769300,16518100
2017-01-09,43.292972564697266,11.489999771118164,119.37108612060547,102.58263397216797,13.70654582977295,18.292097091674805,43.04477310180664,44.951316833496094,36.90723419189453,77.40819549560547,32.70469665527344,75.28199005126953,199.9708709716797,29.887937545776367,90.16364288330078,67.41889190673828,65.7413330078125,37.096065521240234,43.85942459106445,32.60802459716797,21.787918090820312,2.64184832572937,20.717679977416992,86.41934204101562,50.97521209716797,65.84452819824219,37.84092330932617,23.93838119506836,139.2902374267578,36.07978057861328,45.84539031982422,41.7679443359375,25.377090454101562,19.679590225219727,61.03501892089844,57.37677764892578,64.20999908447266,11.489999771118164,158.83999633789062,112.48999786376953,17.69700050354004,22.549999237060547,59.72999954223633,60.220001220703125,49.65999984741211,115.83999633789062,46.58000183105469,103.0199966430664,242.88999938964844,36.61000061035156,116.27999877929688,86.18000030517578,76.2699966430664,49.459999084472656,58.3015251159668,42.709999084472656,22.34000015258789,2.681999921798706,31.755218505859375,118.19999694824219,65.6500015258789,85.7699966430664,41.426666259765625,30.040000915527344,161.9499969482422,51.06999969482422,66.37000274658203,54.2400016784668,37.39500045776367,23.3799991607666,71.25,87.04000091552734,64.37999725341797,11.640000343322754,158.9499969482422,112.7300033569336,17.829999923706055,22.709999084472656,59.91999816894531,60.63999938964844,50.529998779296875,116.36000061035156,48.18000030517578,104.58000183105469,244.69000244140625,36.88999938964844,116.61000061035156,86.7699966430664,76.62000274658203,50.220001220703125,58.66412353515625,43.540000915527344,22.549999237060547,2.700000047683716,31.944971084594727,118.5,66.2699966430664,86.4000015258789,41.59333419799805,30.139999389648438,162.42999267578125,51.290000915527344,66.5999984741211,54.810001373291016,37.72999954223633,23.530000686645508,71.37000274658203,88.22000122070312,63.75,11.3100004196167,156.6300048828125,111.01000213623047,17.663999557495117,22.399999618530273,59.650001525878906,59.66999816894531,49.630001068115234,115.11000061035156,46.5099983215332,102.81999969482422,241.47000122070312,36.47999954223633,115.88999938964844,85.5199966430664,75.51000213623047,49.36000061035156,57.328243255615234,42.68000030517578,21.940000534057617,2.5875000953674316,31.669828414916992,117.06999969482422,65.48999786376953,85.43000030517578,41.11000061035156,29.719999313354492,160.77999877929688,50.849998474121094,65.44999694824219,54.18000030517578,37.34000015258789,23.329999923706055,70.81999969482422,86.55000305175781,63.79999923706055,11.369999885559082,157.00999450683594,111.0199966430664,17.665000915527344,22.510000228881836,59.75,60.150001525878906,50.27000045776367,116.29000091552734,48.06999969482422,104.31999969482422,243.25,36.47999954223633,116.3499984741211,85.7300033569336,75.66999816894531,50.04999923706055,57.538169860839844,43.4900016784668,21.940000534057617,2.5875000953674316,31.717267990112305,118.30999755859375,65.52999877929688,85.98999786376953,41.13666534423828,29.790000915527344,162.0,51.04999923706055,66.22000122070312,54.68000030517578,37.69499969482422,23.479999542236328,70.94999694824219,88.22000122070312,8794500,37304800,4247700,554800,20265000,75901500,5263000,14593000,5765600,6891800,5736100,3382600,3022800,19461400,5457500,12806600,3204100,8037700,10201861,11104000,21537200,916248000,21559886,3294300,4769200,4336500,883800,8371700,3040800,4337900,5132600,21794100,21921800,34022400,5751900,13762300
2017-01-10,43.19858169555664,11.4399995803833,119.3109130859375,102.72853088378906,13.985370635986328,18.608457565307617,43.22494125366211,44.958778381347656,36.90723419189453,76.82017517089844,32.7889518737793,75.5596694946289,199.70742797851562,29.83080291748047,90.07058715820312,67.61446380615234,65.7413330078125,36.72854232788086,43.01237869262695,32.875221252441406,21.924453735351562,2.6219022274017334,20.69911003112793,86.76296997070312,50.95969009399414,64.94632720947266,38.02359390258789,23.962291717529297,138.9719696044922,36.18575668334961,45.95590591430664,42.06056213378906,25.1463565826416,19.721689224243164,61.249168395996094,56.645076751708984,64.06999969482422,11.4399995803833,158.75999450683594,112.6500015258789,18.05699920654297,22.940000534057617,59.97999954223633,60.22999954223633,49.65999984741211,114.95999908447266,46.70000076293945,103.4000015258789,242.57000732421875,36.540000915527344,116.16000366210938,86.43000030517578,76.2699966430664,48.970001220703125,57.17557144165039,43.060001373291016,22.479999542236328,2.661750078201294,31.726755142211914,118.66999816894531,65.62999725341797,84.5999984741211,41.62666702270508,30.06999969482422,161.5800018310547,51.220001220703125,66.52999877929688,54.619998931884766,37.05500030517578,23.43000030517578,71.5,85.93000030517578,64.5,11.630000114440918,159.1300048828125,113.12999725341797,18.073999404907227,23.139999389648438,60.45000076293945,60.849998474121094,50.040000915527344,116.38999938964844,47.22999954223633,104.4000015258789,243.44000244140625,36.93000030517578,117.0,86.9000015258789,76.55999755859375,49.959999084472656,58.435115814208984,43.52000045776367,22.690000534057617,2.729749917984009,31.935483932495117,118.8499984741211,66.16000366210938,85.70999908447266,41.723331451416016,30.299999237060547,162.97999572753906,51.58000183105469,67.66000366210938,55.18000030517578,37.45000076293945,23.6299991607666,71.91000366210938,87.30999755859375,63.77000045776367,11.329999923706055,157.24000549316406,112.58000183105469,17.690000534057617,22.540000915527344,59.720001220703125,59.95000076293945,49.369998931884766,114.88999938964844,46.45000076293945,102.87000274658203,239.0500030517578,36.529998779296875,115.87000274658203,85.72000122070312,75.80999755859375,48.970001220703125,57.14694595336914,42.75,22.299999237060547,2.640749931335449,31.612903594970703,117.52999877929688,65.56999969482422,84.58000183105469,41.400001525878906,29.899999618530273,160.5,50.849998474121094,66.0199966430664,54.2599983215332,37.025001525878906,23.309999465942383,71.20999908447266,85.91000366210938,64.05000305175781,11.550000190734863,158.49000549316406,112.58000183105469,17.749000549316406,22.59000015258789,59.779998779296875,60.20000076293945,49.880001068115234,115.55999755859375,46.970001220703125,103.2300033569336,240.8699951171875,36.54999923706055,116.02999877929688,86.06999969482422,76.44000244140625,49.5,58.39694595336914,42.97999954223633,22.360000610351562,2.6952500343322754,31.869070053100586,118.01000213623047,65.94999694824219,85.69000244140625,41.456668853759766,30.040000915527344,161.27000427246094,51.029998779296875,66.31999969482422,54.349998474121094,37.3650016784668,23.420000076293945,71.37000274658203,87.16999816894531,6523500,29201600,3324400,816100,30181000,100977700,6103700,13483300,5447900,6184400,4642700,2913800,3432900,15918800,5312800,13989000,3559400,5124400,16036706,9074300,20644300,880920000,20444754,2914400,6076000,4306200,690900,7582000,3500700,5231600,5433400,17978200,19321600,46212100,10320500,13283100
2017-01-11,41.63900375366211,11.199999809265137,117.70272064208984,103.48542022705078,13.896303176879883,18.713911056518555,40.93326950073242,44.757240295410156,38.066612243652344,77.46833801269531,33.28044509887695,76.67042541503906,202.33380126953125,30.165504455566406,88.9617691040039,68.12297821044922,64.87074279785156,37.24606704711914,44.2398681640625,33.3409538269043,22.2268009185791,2.58964204788208,20.321521759033203,88.70779418945312,51.324623107910156,65.76009368896484,38.1545295715332,24.041975021362305,139.2386474609375,36.588443756103516,46.3358268737793,42.19916534423828,25.417808532714844,19.84793472290039,60.632423400878906,57.22517395019531,61.13999938964844,11.199999809265137,156.6199951171875,113.4800033569336,17.941999435424805,23.06999969482422,56.79999923706055,59.959999084472656,51.220001220703125,115.93000030517578,47.400001525878906,104.91999816894531,245.75999450683594,36.95000076293945,114.7300033569336,87.08000183105469,75.26000213623047,49.65999984741211,58.8072509765625,43.66999816894531,22.790000915527344,2.628999948501587,31.148008346557617,121.33000183105469,66.0999984741211,85.66000366210938,41.77000045776367,30.170000076293945,161.88999938964844,51.790000915527344,67.08000183105469,54.79999923706055,37.45500183105469,23.579999923706055,70.77999877929688,86.80999755859375,63.650001525878906,11.40999984741211,159.16000366210938,113.51000213623047,18.047000885009766,23.06999969482422,58.869998931884766,60.0,51.4900016784668,116.44999694824219,47.459999084472656,105.04000091552734,245.83999633789062,37.0,116.25,87.08000183105469,76.91999816894531,50.0,60.26717758178711,43.66999816894531,22.8799991607666,2.6549999713897705,31.821632385253906,121.33000183105469,66.11000061035156,85.80999755859375,41.776668548583984,30.200000762939453,162.94000244140625,51.79999923706055,67.23999786376953,54.79999923706055,37.525001525878906,23.579999923706055,71.83999633789062,86.94999694824219,60.59000015258789,11.149999618530273,154.5,112.19000244140625,17.775999069213867,22.719999313354492,56.529998779296875,59.25,49.459999084472656,114.86000061035156,46.25,102.7300033569336,242.0,36.5099983215332,114.0199966430664,85.91000366210938,74.0,49.099998474121094,57.96755599975586,42.779998779296875,22.559999465942383,2.603749990463257,30.74003791809082,117.5199966430664,65.41999816894531,84.62000274658203,41.46666717529297,29.719999313354492,160.61000061035156,51.25,66.2699966430664,53.720001220703125,37.029998779296875,23.299999237060547,70.05000305175781,85.86000061035156,63.380001068115234,11.390000343322754,159.16000366210938,112.25,18.0049991607666,22.940000534057617,58.119998931884766,59.65999984741211,49.959999084472656,115.1500015258789,46.459999084472656,103.55999755859375,242.77000427246094,36.5099983215332,116.08000183105469,86.43000030517578,76.51000213623047,49.400001525878906,59.48473358154297,43.130001068115234,22.610000610351562,2.6500000953674316,31.660341262817383,117.93000030517578,65.75,84.98999786376953,41.66999816894531,29.780000686645508,161.3000030517578,51.5099983215332,66.77999877929688,54.599998474121094,37.185001373291016,23.459999084472656,71.58999633789062,85.9000015258789,13565200,39377000,4821300,419900,18787000,92385600,20497900,20737600,8689400,6158200,3997600,3542900,3532600,22398400,8887200,14713100,7701700,6681500,34281862,8777100,20907700,525664000,42623128,4408600,8349800,4149600,1630200,7467300,3330600,7233100,3391000,21100600,26254000,48001200,23742000,11183700
2017-01-12,41.734344482421875,10.760000228881836,116.7557601928711,104.66181945800781,13.85292911529541,18.592239379882812,40.75308609008789,44.212337493896484,37.27139663696289,77.6220474243164,32.620452880859375,77.12275695800781,200.75306701660156,29.96957015991211,88.8764877319336,67.4658203125,66.49984741210938,36.93856430053711,44.65621566772461,33.310401916503906,21.758655548095703,2.547285556793213,20.179153442382812,86.61457061767578,51.340145111083984,65.50674438476562,37.834815979003906,23.34071922302246,139.64288330078125,36.33411407470703,45.948997497558594,41.9681510925293,25.31261444091797,19.679590225219727,60.69239807128906,56.91535186767578,61.279998779296875,10.760000228881836,155.36000061035156,114.7699966430664,17.88599967956543,22.920000076293945,56.54999923706055,59.22999954223633,50.150001525878906,116.16000366210938,46.459999084472656,105.37000274658203,243.83999633789062,36.709999084472656,114.62000274658203,86.23999786376953,77.1500015258789,49.25,59.360687255859375,43.630001068115234,22.309999465942383,2.5859999656677246,30.929790496826172,117.93000030517578,66.12000274658203,85.33000183105469,41.41999816894531,29.290000915527344,162.36000061035156,51.43000030517578,66.5199966430664,54.5,37.29999923706055,23.3799991607666,70.8499984741211,86.33999633789062,61.43000030517578,11.039999961853027,156.14999389648438,114.81999969482422,17.90999984741211,23.1200008392334,56.779998779296875,59.81999969482422,51.529998779296875,116.98999786376953,47.79999923706055,106.51000213623047,245.47000122070312,36.83000183105469,114.7300033569336,87.2699966430664,77.5,49.72999954223633,60.343509674072266,43.709999084472656,22.479999542236328,2.617500066757202,30.948766708374023,120.30000305175781,66.18000030517578,85.69999694824219,41.650001525878906,29.860000610351562,162.94000244140625,51.689998626708984,66.94000244140625,54.779998779296875,37.70500183105469,23.5,70.88999938964844,87.37999725341797,60.41999816894531,10.329999923706055,154.55999755859375,113.0,17.540000915527344,22.610000610351562,56.02000045776367,58.7599983215332,50.09000015258789,115.41000366210938,46.040000915527344,104.83999633789062,241.57000732421875,36.31999969482422,113.37000274658203,86.0199966430664,74.76000213623047,48.72999954223633,59.274810791015625,42.84000015258789,21.700000762939453,2.5404999256134033,30.645160675048828,116.7300033569336,65.05000305175781,84.6500015258789,40.793331146240234,28.979999542236328,160.88999938964844,51.02000045776367,65.37000274658203,53.900001525878906,37.150001525878906,23.18000030517578,70.26000213623047,86.06999969482422,60.77000045776367,10.979999542236328,155.44000244140625,113.94000244140625,17.80900001525879,23.010000228881836,56.5,59.529998779296875,51.5,116.5,47.68000030517578,105.51000213623047,245.05999755859375,36.83000183105469,114.2699966430664,86.76000213623047,74.8499984741211,49.61000061035156,59.66603088378906,43.599998474121094,22.459999084472656,2.60575008392334,30.863378524780273,120.12999725341797,65.3499984741211,85.69000244140625,41.543331146240234,29.31999969482422,161.69000244140625,51.63999938964844,66.23999786376953,54.650001525878906,37.665000915527344,23.469999313354492,70.43000030517578,87.2699966430664,8194400,75244100,3234800,713900,23137000,120474200,9977900,22778900,6963300,4940000,4433600,4671700,4022300,20391900,6627300,21337400,11900700,3952600,26079899,8595600,27592300,625616000,33475989,3970800,6113600,4286500,1354500,13032200,2555900,4539000,4530100,20566600,21791200,57418100,9358900,10407000
2017-01-13,42.21788024902344,10.579999923706055,117.32695770263672,105.1451416015625,13.976079940795898,18.665241241455078,40.51527786254883,44.510921478271484,37.5984001159668,77.76905059814453,32.58534240722656,77.13740539550781,201.1317596435547,30.034896850585938,88.86096954345703,67.82569122314453,66.71533203125,36.286041259765625,44.74952697753906,33.447845458984375,21.631872177124023,2.547039747238159,20.129629135131836,87.2462158203125,51.93027114868164,65.11521911621094,38.08146286010742,23.460256576538086,139.16128540039062,36.517791748046875,45.85920715332031,42.59190368652344,25.237964630126953,19.789016723632812,60.75233459472656,56.921939849853516,61.9900016784668,10.579999923706055,156.1199951171875,115.30000305175781,18.045000076293945,23.010000228881836,56.220001220703125,59.630001068115234,50.59000015258789,116.37999725341797,46.40999984741211,105.38999938964844,244.3000030517578,36.790000915527344,114.5999984741211,86.69999694824219,77.4000015258789,48.380001068115234,59.48473358154297,43.810001373291016,22.18000030517578,2.585750102996826,30.85388946533203,118.79000091552734,66.87999725341797,84.81999969482422,41.689998626708984,29.440000534057617,161.8000030517578,51.689998626708984,66.38999938964844,55.310001373291016,37.189998626708984,23.510000228881836,70.91999816894531,86.3499984741211,62.40999984741211,10.869999885559082,157.2100067138672,115.54000091552734,18.077999114990234,23.40999984741211,56.72999954223633,60.31999969482422,50.869998931884766,116.87999725341797,46.7400016784668,106.08000183105469,247.77000427246094,36.86000061035156,115.0199966430664,88.16999816894531,78.12000274658203,49.13999938964844,59.80915832519531,44.599998474121094,22.309999465942383,2.625,31.100568771362305,121.25,67.08000183105469,85.73999786376953,41.790000915527344,29.649999618530273,162.74000549316406,52.13999938964844,66.83999633789062,56.20000076293945,37.33000183105469,23.790000915527344,71.16000366210938,86.68000030517578,61.04999923706055,10.5600004196167,154.88999938964844,114.75,17.839000701904297,22.799999237060547,56.04999923706055,59.380001068115234,49.84000015258789,115.61000061035156,45.93000030517578,104.2699966430664,242.91000366210938,36.619998931884766,114.44000244140625,86.0999984741211,76.37999725341797,47.849998474121094,59.2557258605957,43.5,21.989999771118164,2.5764999389648438,30.67362403869629,117.18000030517578,66.16000366210938,84.77999877929688,41.43000030517578,29.219999313354492,161.41000366210938,51.4900016784668,65.94000244140625,54.650001525878906,37.095001220703125,23.40999984741211,70.75,86.16999816894531,61.349998474121094,10.789999961853027,155.27999877929688,114.7699966430664,17.889999389648438,23.209999084472656,56.560001373291016,59.45000076293945,49.900001525878906,115.86000061035156,46.099998474121094,104.83999633789062,245.42999267578125,36.709999084472656,114.94000244140625,87.11000061035156,76.91999816894531,48.90999984741211,59.475189208984375,44.02000045776367,22.270000457763672,2.5899999141693115,30.996204376220703,118.95999908447266,66.25,84.94999694824219,41.47999954223633,29.5,162.16000366210938,51.61000061035156,66.20999908447266,55.11000061035156,37.25,23.540000915527344,70.91000366210938,86.2699966430664,7295100,38377500,2637500,1474200,20902000,161930900,7660200,21045200,4413300,4953000,3081600,2580500,4186100,15072200,4935200,28296000,5602600,5758400,10447617,12904500,14025700,457820000,21386925,4034700,6177400,5117000,849600,9811100,3183300,7876400,3366700,37231600,19813400,72479700,5279000,8415600
2017-01-17,42.129356384277344,9.819999694824219,116.3349380493164,105.70140075683594,13.872293472290039,17.886510848999023,40.55852127075195,43.57785415649414,37.27139663696289,77.70222473144531,32.63449478149414,77.20327758789062,194.0843505859375,30.043052673339844,89.07032775878906,65.36143493652344,66.24126434326172,36.54855728149414,44.13219451904297,32.180484771728516,21.20273780822754,2.4899091720581055,19.84489631652832,83.67675018310547,49.84157943725586,66.35116577148438,37.469444274902344,23.603694915771484,138.18075561523438,35.54286193847656,45.7210578918457,41.4137077331543,25.394052505493164,19.31765365600586,60.443973541259766,57.58772277832031,61.86000061035156,9.819999694824219,154.8000030517578,115.91000366210938,17.910999298095703,22.049999237060547,56.279998779296875,58.380001068115234,50.150001525878906,116.27999877929688,46.47999954223633,105.4800033569336,235.74000549316406,36.79999923706055,114.87000274658203,83.55000305175781,76.8499984741211,48.72999954223633,58.66412353515625,42.150001525878906,21.739999771118164,2.527750015258789,30.417457580566406,113.93000030517578,64.19000244140625,86.43000030517578,41.02000045776367,29.6200008392334,160.66000366210938,50.310001373291016,66.19000244140625,53.779998779296875,37.41999816894531,22.950000762939453,70.55999755859375,87.36000061035156,62.040000915527344,10.229999542236328,156.1199951171875,116.31999969482422,17.96299934387207,22.790000915527344,56.58000183105469,59.31999969482422,50.709999084472656,116.7699966430664,47.18000030517578,106.76000213623047,243.05999755859375,36.83000183105469,115.05000305175781,85.22000122070312,77.05999755859375,49.599998474121094,59.22710037231445,43.84000015258789,22.06999969482422,2.5799999237060547,30.7210636138916,117.98999786376953,66.97000122070312,86.52999877929688,41.563331604003906,29.649999618530273,162.97000122070312,51.209999084472656,68.19000244140625,54.959999084472656,37.5099983215332,23.350000381469727,70.68000030517578,87.38999938964844,61.099998474121094,9.779999732971191,153.52999877929688,114.88999938964844,17.756000518798828,22.010000228881836,55.209999084472656,58.029998779296875,50.0,116.11000061035156,46.349998474121094,105.44999694824219,235.61000061035156,36.59000015258789,113.66999816894531,83.27999877929688,75.87000274658203,48.2599983215332,58.39694595336914,41.77000045776367,21.579999923706055,2.5142500400543213,30.15180206298828,113.69999694824219,63.150001525878906,84.80000305175781,40.883331298828125,29.459999084472656,157.50999450683594,50.15999984741211,65.77999877929688,53.58000183105469,37.275001525878906,22.940000534057617,69.9800033569336,86.25,61.75,10.170000076293945,155.13999938964844,115.62999725341797,17.947999954223633,22.68000030517578,55.88999938964844,59.0099983215332,50.560001373291016,116.4000015258789,46.56999969482422,105.94999694824219,242.94000244140625,36.66999816894531,113.94000244140625,84.93000030517578,77.05999755859375,48.7400016784668,59.08396911621094,43.779998779296875,21.8799991607666,2.575000047683716,30.69260025024414,117.94000244140625,66.70999908447266,84.80999755859375,41.53666687011719,29.610000610351562,162.61000061035156,51.20000076293945,66.93000030517578,54.79999923706055,37.30500030517578,23.34000015258789,70.4800033569336,86.58000183105469,8446700,70491800,3404900,1381400,26316000,152495900,10416300,25013800,4995100,4669700,3376800,3881100,6277200,20195200,6255400,30024600,4913300,5121300,11101150,21840400,20053800,580612000,33838143,4301500,22426300,5795300,1092600,7679800,5475800,9415100,4942200,26974400,19566000,96657800,6038200,13237300
2017-01-18,41.993133544921875,9.880000114440918,117.06390380859375,112.13961029052734,14.33003044128418,18.35698890686035,40.407196044921875,42.838863372802734,37.360572814941406,77.47502899169922,32.55023193359375,77.14472961425781,192.8905487060547,30.010398864746094,88.93852996826172,65.66654205322266,66.82738494873047,36.676055908203125,43.909671783447266,32.7225456237793,21.76840591430664,2.535220146179199,19.82632827758789,85.4321060180664,50.57144546508789,67.15727233886719,37.980995178222656,23.50009536743164,135.6692657470703,35.719486236572266,46.107872009277344,41.791038513183594,25.336376190185547,19.477575302124023,60.36686325073242,56.87578582763672,61.65999984741211,9.880000114440918,155.77000427246094,122.97000122070312,18.50200080871582,22.6299991607666,56.06999969482422,57.38999938964844,50.27000045776367,115.94000244140625,46.36000061035156,105.4000015258789,234.2899932861328,36.7599983215332,114.69999694824219,83.94000244140625,77.52999877929688,48.900001525878906,58.36832046508789,42.86000061035156,22.31999969482422,2.5737500190734863,30.388994216918945,116.31999969482422,65.12999725341797,87.4800033569336,41.58000183105469,29.489999771118164,157.74000549316406,50.560001373291016,66.75,54.27000045776367,37.334999084472656,23.139999389648438,70.47000122070312,86.27999877929688,62.13999938964844,10.100000381469727,155.94000244140625,125.87999725341797,18.506999969482422,22.649999618530273,56.54999923706055,58.279998779296875,50.59000015258789,116.04000091552734,46.41999816894531,105.70999908447266,237.69000244140625,37.0099983215332,115.0999984741211,84.2300033569336,77.70999908447266,49.34000015258789,58.950382232666016,43.150001525878906,22.34000015258789,2.580749988555908,30.62618637084961,116.38999938964844,66.08999633789062,87.54000091552734,41.61000061035156,29.68000030517578,161.1999969482422,50.66999816894531,67.36000061035156,54.290000915527344,37.435001373291016,23.170000076293945,70.86000061035156,87.41000366210938,61.31999969482422,9.420000076293945,154.50999450683594,121.94000244140625,18.0,22.100000381469727,55.88999938964844,57.099998474121094,49.790000915527344,115.4000015258789,45.529998779296875,104.7300033569336,231.52000427246094,36.61000061035156,114.41000366210938,83.02999877929688,76.87999725341797,48.20000076293945,58.28244400024414,41.97999954223633,21.530000686645508,2.477750062942505,30.313093185424805,113.66000366210938,63.810001373291016,85.79000091552734,41.029998779296875,29.440000534057617,156.08999633789062,49.9900016784668,66.16000366210938,53.34000015258789,37.16999816894531,22.850000381469727,70.33000183105469,86.05000305175781,61.7599983215332,9.539999961853027,155.69000244140625,122.06999969482422,18.035999298095703,22.299999237060547,56.5099983215332,57.9900016784668,49.79999923706055,115.68000030517578,45.9900016784668,105.33999633789062,236.0,36.88999938964844,114.87000274658203,83.62999725341797,77.31999969482422,48.34000015258789,58.568702697753906,42.290000915527344,21.68000030517578,2.50600004196167,30.445920944213867,114.69000244140625,64.66999816894531,85.79000091552734,41.06999969482422,29.549999237060547,161.05999755859375,50.41999816894531,66.19999694824219,53.779998779296875,37.21500015258789,23.06999969482422,70.69999694824219,87.05999755859375,5519400,51797600,2432600,4392000,35642000,124366000,6639200,29276200,4970000,4855300,3653500,2527500,7590500,15382500,5014600,21270100,3360300,3751600,8522022,15906900,19493400,654424000,22629064,3086200,15883200,8744900,1156500,7692800,6591600,6525400,4251400,21186700,17450400,68289100,6174200,11831700
2017-01-19,41.802452087402344,9.770000457763672,115.58340454101562,111.12738037109375,14.371856689453125,18.2758731842041,39.98920440673828,42.2939453125,37.05585861206055,77.23445129394531,32.36066436767578,76.99102020263672,190.5194549560547,29.85527992248535,88.5508041381836,65.16586303710938,66.23263549804688,36.27854537963867,43.30669403076172,32.409515380859375,21.17348861694336,2.58964204788208,19.622058868408203,84.91062927246094,50.03568649291992,66.94231414794922,37.810462951660156,23.611661911010742,136.4949493408203,35.839576721191406,45.638160705566406,42.02975845336914,25.197250366210938,19.393407821655273,59.981380462646484,55.854034423828125,61.380001068115234,9.770000457763672,153.8000030517578,121.86000061035156,18.555999755859375,22.530000686645508,55.4900016784668,56.65999984741211,49.86000061035156,115.58000183105469,46.09000015258789,105.19000244140625,231.41000366210938,36.56999969482422,114.19999694824219,83.30000305175781,76.83999633789062,48.369998931884766,57.566795349121094,42.45000076293945,21.709999084472656,2.628999948501587,30.07590103149414,115.61000061035156,64.44000244140625,87.19999694824219,41.393333435058594,29.6299991607666,158.6999969482422,50.72999954223633,66.06999969482422,54.58000183105469,37.130001068115234,23.040000915527344,70.0199966430664,84.7300033569336,61.880001068115234,10.25,155.69000244140625,121.98999786376953,18.687999725341797,22.809999465942383,56.310001373291016,57.599998474121094,50.45000076293945,115.95999908447266,46.65999984741211,106.20999908447266,234.75,36.90999984741211,114.9000015258789,84.66999816894531,77.62000274658203,49.02000045776367,58.28244400024414,43.0,22.299999237060547,2.6614999771118164,30.445920944213867,117.30000305175781,65.4000015258789,87.83999633789062,41.86000061035156,29.690000534057617,160.5500030517578,50.97999954223633,66.7699966430664,54.77000045776367,37.349998474121094,23.25,70.61000061035156,86.0999984741211,61.119998931884766,9.75,153.25,120.45999908447266,18.468000411987305,22.40999984741211,55.34000015258789,56.38999938964844,49.779998779296875,115.29000091552734,45.86000061035156,104.45999908447266,230.6199951171875,36.5099983215332,113.91999816894531,83.12000274658203,76.76000213623047,47.93000030517578,57.318702697753906,41.95000076293945,21.489999771118164,2.57450008392334,29.91461181640625,115.04000091552734,64.36000061035156,86.91000366210938,41.366668701171875,29.389999389648438,157.24000549316406,50.43000030517578,65.52999877929688,53.86000061035156,37.040000915527344,22.959999084472656,69.91000366210938,84.58999633789062,61.45000076293945,9.920000076293945,155.1300048828125,120.86000061035156,18.510000228881836,22.729999542236328,56.099998474121094,57.529998779296875,50.20000076293945,115.88999938964844,46.4900016784668,105.5,234.07000732421875,36.5099983215332,114.68000030517578,84.05999755859375,77.47000122070312,48.939998626708984,58.25381851196289,42.56999969482422,21.5,2.5767500400543213,30.417457580566406,116.66999816894531,64.97000122070312,87.05000305175781,41.516666412353516,29.489999771118164,157.74000549316406,50.630001068115234,66.68000030517578,54.2400016784668,37.334999084472656,23.190000534057617,70.44999694824219,85.97000122070312,5384200,46151300,2571900,1936700,45718000,75990800,7122300,24932400,4915300,3427800,2602700,2425800,4561800,13654500,5540800,16555600,4439200,4185700,11944999,15040100,31259000,644872000,27555881,2589900,9429200,7261400,2727600,8493200,4976900,7151600,3642200,20906900,18001800,56729700,6470700,16382900
2017-01-20,41.64580535888672,9.75,116.23719787597656,111.3006591796875,14.799384117126465,18.365100860595703,35.477901458740234,41.883399963378906,37.70243835449219,77.2478256225586,32.48002243041992,77.1959228515625,191.16983032226562,30.157350540161133,88.51202392578125,65.45531463623047,66.20679473876953,36.571044921875,44.885921478271484,32.51640319824219,21.41730499267578,2.5613226890563965,19.665390014648438,86.18859100341797,48.824378967285156,66.39726257324219,38.29764175415039,23.962291717529297,136.4605712890625,36.171627044677734,45.75558090209961,42.407081604003906,25.292264938354492,19.48599624633789,59.827171325683594,56.61870574951172,61.150001525878906,9.75,154.6699981689453,122.05000305175781,19.107999801635742,22.639999389648438,49.22999954223633,56.11000061035156,50.72999954223633,115.5999984741211,46.2599983215332,105.47000122070312,232.1999969482422,36.939998626708984,114.1500015258789,83.66999816894531,76.80999755859375,48.7599983215332,59.66603088378906,42.59000015258789,21.959999084472656,2.600250005722046,30.142314910888672,117.3499984741211,62.880001068115234,86.48999786376953,41.926666259765625,30.06999969482422,158.66000366210938,51.20000076293945,66.23999786376953,55.06999969482422,37.27000045776367,23.149999618530273,69.83999633789062,85.88999938964844,61.77000045776367,9.960000038146973,155.35000610351562,122.30999755859375,19.15399932861328,22.93000030517578,55.4900016784668,57.119998931884766,51.09000015258789,116.75,46.95000076293945,106.79000091552734,233.22999572753906,37.029998779296875,115.02999877929688,83.83000183105469,77.41000366210938,49.040000915527344,60.038169860839844,42.869998931884766,22.329999923706055,2.6700000762939453,30.474382400512695,117.58999633789062,65.73999786376953,87.77999877929688,42.18333435058594,30.260000228881836,159.8000030517578,51.650001525878906,66.63999938964844,55.11000061035156,37.494998931884766,23.229999542236328,70.37000274658203,85.95999908447266,61.08000183105469,9.670000076293945,153.82000732421875,121.5199966430664,18.809999465942383,22.520000457763672,48.91999816894531,56.029998779296875,50.31999969482422,115.33999633789062,46.0099983215332,105.30000305175781,230.5399932861328,36.58000183105469,114.08000183105469,83.29000091552734,76.47000122070312,48.40999984741211,59.303436279296875,42.349998474121094,21.889999389648438,2.578000068664551,30.03795051574707,115.98999786376953,62.619998931884766,85.56999969482422,41.76333236694336,29.56999969482422,157.80999755859375,50.88999938964844,65.68000030517578,54.619998931884766,37.14500045776367,23.030000686645508,69.77999877929688,85.05000305175781,61.40999984741211,9.880000114440918,154.7100067138672,121.5199966430664,18.860000610351562,22.65999984741211,55.4900016784668,56.95000076293945,50.38999938964844,116.31999969482422,46.790000915527344,106.2300033569336,231.6199951171875,36.7599983215332,114.48999786376953,83.43000030517578,77.0199966430664,48.79999923706055,59.54198455810547,42.47999954223633,21.899999618530273,2.6519999504089355,30.094877243041992,116.29000091552734,65.19000244140625,87.12000274658203,41.813331604003906,29.6200008392334,159.02000427246094,50.939998626708984,66.3499984741211,54.75,37.369998931884766,23.110000610351562,70.0199966430664,85.44000244140625,6730000,27982100,3067400,786900,57623000,102564900,77021200,27722300,5888500,6730900,3571300,2488100,5211800,23950900,7502400,18436800,4371200,5033300,26451834,10779600,19978700,492024000,31788324,2876800,20936900,10368600,1929900,7399400,3579100,8865700,2911200,24160800,18364400,74805200,7006900,18739700
2017-01-23,41.51641082763672,9.90999984741211,114.77176666259766,111.41007995605469,14.793190956115723,18.300209045410156,36.032798767089844,41.56242752075195,37.115318298339844,77.10751342773438,32.03770065307617,75.72477722167969,191.55677795410156,30.0185604095459,88.32594299316406,65.4865951538086,65.78443908691406,36.541046142578125,44.36908721923828,32.035423278808594,21.349037170410156,2.587918996810913,19.473501205444336,85.88011169433594,42.61263656616211,64.69298553466797,38.06318664550781,24.16948127746582,136.81326293945312,36.00914001464844,45.762489318847656,41.775638580322266,25.024202346801758,19.359743118286133,59.57876205444336,56.012245178222656,60.959999084472656,9.90999984741211,152.72000122070312,122.16999816894531,19.100000381469727,22.559999465942383,50.0,55.68000030517578,49.939998626708984,115.38999938964844,45.630001068115234,103.45999908447266,232.6699981689453,36.77000045776367,113.91000366210938,83.70999908447266,76.31999969482422,48.720001220703125,58.979007720947266,41.959999084472656,21.889999389648438,2.6272499561309814,29.84819793701172,116.93000030517578,54.880001068115234,84.2699966430664,41.66999816894531,30.329999923706055,159.07000732421875,50.970001220703125,66.25,54.25,36.875,23.0,69.55000305175781,84.97000122070312,61.2599983215332,10.0600004196167,154.5500030517578,122.31999969482422,19.152999877929688,22.760000228881836,50.310001373291016,56.290000915527344,50.56999969482422,115.95999908447266,46.099998474121094,105.0999984741211,233.75,37.209999084472656,114.7699966430664,84.0,76.87999725341797,48.77000045776367,59.54198455810547,42.58000183105469,22.309999465942383,2.6475000381469727,30.18975257873535,117.86000061035156,58.66999816894531,85.93000030517578,41.86000061035156,30.489999771118164,159.52000427246094,51.38999938964844,66.5199966430664,55.0,37.17499923706055,23.190000534057617,69.94000244140625,85.87999725341797,60.68000030517578,9.680000305175781,152.39999389648438,120.5999984741211,18.841999053955078,22.420000076293945,49.150001525878906,55.41999816894531,49.58000183105469,114.98999786376953,45.119998931884766,103.33999633789062,230.75,36.54999923706055,113.80000305175781,83.20999908447266,76.16000366210938,48.119998931884766,58.8072509765625,41.779998779296875,21.739999771118164,2.5924999713897705,29.829221725463867,116.5,53.77000045776367,83.9000015258789,41.3466682434082,30.209999084472656,156.55999755859375,50.790000915527344,65.68000030517578,54.150001525878906,36.69499969482422,22.920000076293945,69.29000091552734,84.75,61.02000045776367,9.680000305175781,154.2100067138672,121.97000122070312,19.10099983215332,22.6200008392334,49.529998779296875,56.119998931884766,50.2599983215332,115.12000274658203,45.790000915527344,104.72000122070312,231.86000061035156,37.06999969482422,114.51000213623047,83.30000305175781,76.23999786376953,48.560001373291016,58.979007720947266,42.20000076293945,21.959999084472656,2.5950000286102295,30.056926727294922,116.80999755859375,58.66999816894531,85.8499984741211,41.77000045776367,30.309999465942383,158.6199951171875,51.0,66.5199966430664,54.709999084472656,37.099998474121094,23.049999237060547,69.75,85.68000030517578,5244700,27905700,2458200,1570600,33394000,61385600,23886100,23130200,5969500,5104100,4985300,3045500,3136200,27752600,7989800,12179200,5055100,8149200,10691382,12344700,16070300,369904000,26098094,2485800,94436000,6870200,1053900,6959800,4062600,4858800,4049600,17227400,30414000,46651200,10003700,11433900
2017-01-24,41.25761795043945,10.4399995803833,114.11798095703125,111.75660705566406,15.315982818603516,18.6165714263916,35.28330993652344,42.35366439819336,37.360572814941406,77.76236724853516,32.71173095703125,75.88578796386719,192.3883514404297,30.712491989135742,86.65884399414062,66.2767333984375,64.51734924316406,37.568580627441406,43.938385009765625,32.6232795715332,22.28531265258789,2.643080711364746,19.2816162109375,87.15072631835938,42.705810546875,64.93098449707031,38.8000373840332,24.55994987487793,137.9829559326172,36.574317932128906,46.87459945678711,42.122161865234375,25.29904556274414,19.60384178161621,59.16756057739258,56.09133529663086,60.58000183105469,10.4399995803833,151.85000610351562,122.55000305175781,19.774999618530273,22.950000762939453,48.959999084472656,56.7400016784668,50.27000045776367,116.37000274658203,46.59000015258789,103.68000030517578,233.67999267578125,37.619998931884766,111.76000213623047,84.72000122070312,74.8499984741211,50.09000015258789,58.406490325927734,42.72999954223633,22.850000381469727,2.6832499504089355,29.554079055786133,118.66000366210938,55.0,84.58000183105469,42.47666549682617,30.81999969482422,160.42999267578125,51.77000045776367,67.86000061035156,54.70000076293945,37.279998779296875,23.290000915527344,69.06999969482422,85.08999633789062,60.93000030517578,10.489999771118164,153.0,123.0,19.964000701904297,23.100000381469727,50.13999938964844,57.150001525878906,51.400001525878906,117.11000061035156,46.88999938964844,104.62000274658203,236.05999755859375,37.7400016784668,113.30000305175781,85.0,76.43000030517578,50.47999954223633,58.864505767822266,43.130001068115234,23.09000015258789,2.689500093460083,29.84819793701172,119.44000244140625,55.77000045776367,84.9000015258789,42.55666732788086,30.899999618530273,161.30999755859375,52.0,68.0199966430664,55.06999969482422,37.439998626708984,23.3799991607666,69.52999877929688,85.47000122070312,59.66999816894531,9.949999809265137,150.3800048828125,122.06999969482422,19.22800064086914,22.479999542236328,48.93000030517578,55.68000030517578,50.0099983215332,115.61000061035156,45.88999938964844,102.91000366210938,230.83999633789062,36.810001373291016,111.1500015258789,83.55999755859375,74.16999816894531,48.970001220703125,57.9484748840332,42.029998779296875,22.260000228881836,2.622499942779541,29.3168888092041,116.91999816894531,54.70000076293945,83.80000305175781,41.790000915527344,30.510000228881836,159.10000610351562,51.0099983215332,66.16999816894531,54.130001068115234,36.95000076293945,23.010000228881836,68.75,84.83000183105469,60.90999984741211,9.949999809265137,152.82000732421875,122.27999877929688,19.27199935913086,22.610000610351562,50.04999923706055,55.959999084472656,50.13999938964844,115.8499984741211,46.08000183105469,104.48999786376953,231.86000061035156,36.84000015258789,112.91000366210938,83.91999816894531,76.19999694824219,49.119998931884766,58.76908493041992,42.08000183105469,22.270000457763672,2.637500047683716,29.791271209716797,117.5,55.02000045776367,84.38999938964844,41.8466682434082,30.530000686645508,159.36000061035156,51.099998474121094,66.44999694824219,54.36000061035156,37.02000045776367,23.110000610351562,69.4800033569336,84.9800033569336,6642000,43991200,3027700,975100,62008000,98508700,17172800,18416400,5919200,5024400,3185600,2680500,4448200,35140900,12450300,15175300,6594300,7319700,10990900,12164200,29461400,428052000,31225172,2566000,41751800,6027400,3734100,7213600,3514100,6531700,3893700,18523300,23714400,45229500,8703500,11858100
2017-01-25,41.802452087402344,10.350000381469727,115.80887603759766,111.96634674072266,15.682331085205078,18.9572696685791,35.70850372314453,43.06279373168945,37.6727180480957,78.34373474121094,32.620452880859375,76.04682159423828,195.3275146484375,30.85944175720215,87.46524047851562,67.30156707763672,64.51734924316406,37.25356674194336,43.84505844116211,33.486026763916016,22.977764129638672,2.6544086933135986,19.368268966674805,88.87669372558594,44.18111038208008,65.6449203491211,39.37551498413086,24.950428009033203,138.6796417236328,37.054718017578125,47.19925308227539,43.60067367553711,25.431381225585938,19.932111740112305,59.7243766784668,56.25613784790039,61.380001068115234,10.350000381469727,154.10000610351562,122.77999877929688,20.24799919128418,23.3700008392334,49.54999923706055,57.689998626708984,50.689998626708984,117.23999786376953,46.459999084472656,103.9000015258789,237.25,37.79999923706055,112.80000305175781,86.02999877929688,74.8499984741211,49.66999816894531,58.28244400024414,43.86000061035156,23.559999465942383,2.6947500705718994,29.686906814575195,121.01000213623047,56.900001525878906,85.51000213623047,43.106666564941406,31.309999465942383,161.24000549316406,52.45000076293945,68.33000183105469,56.619998931884766,37.474998474121094,23.68000030517578,69.72000122070312,85.33999633789062,61.630001068115234,10.979999542236328,154.82000732421875,122.97000122070312,20.259000778198242,23.420000076293945,49.56999969482422,57.91999816894531,51.22999954223633,117.43000030517578,47.029998779296875,104.38999938964844,237.3300018310547,38.0,112.80000305175781,86.16999816894531,75.5999984741211,50.310001373291016,58.568702697753906,43.900001525878906,23.979999542236328,2.7325000762939453,29.905122756958008,121.19000244140625,56.97999954223633,85.69000244140625,43.206668853759766,31.329999923706055,161.97999572753906,52.63999938964844,68.4000015258789,56.83000183105469,37.59000015258789,23.690000534057617,69.75,85.87999725341797,60.34000015258789,10.149999618530273,151.77000427246094,122.2699966430664,19.80299949645996,23.100000381469727,48.79999923706055,57.099998474121094,50.31999969482422,116.33999633789062,46.13999938964844,103.23999786376953,234.49000549316406,37.52000045776367,110.76000213623047,85.16999816894531,74.2699966430664,49.15999984741211,57.97710037231445,42.959999084472656,23.190000534057617,2.658250093460083,29.506641387939453,119.52999877929688,55.5,84.6500015258789,42.709999084472656,30.940000534057617,160.35000610351562,52.13999938964844,67.30000305175781,55.279998779296875,37.279998779296875,23.43000030517578,69.08999633789062,85.25,60.599998474121094,10.739999771118164,152.52999877929688,122.51000213623047,19.992000579833984,23.31999969482422,49.34000015258789,57.900001525878906,50.40999984741211,116.9000015258789,46.630001068115234,103.62999725341797,235.52999877929688,37.869998931884766,111.93000030517578,85.83999633789062,75.12000274658203,50.290000915527344,58.511451721191406,43.20000076293945,23.399999618530273,2.726249933242798,29.753320693969727,120.0,56.099998474121094,85.08000183105469,43.04999923706055,31.100000381469727,160.82000732421875,52.13999938964844,68.2300033569336,55.380001068115234,37.290000915527344,23.540000915527344,69.12999725341797,85.33999633789062,8052800,61778100,3479500,649500,60888000,99753300,15978500,21492900,5991200,5276800,4992600,2798100,3716800,32276400,9385500,17551000,4830800,7580200,15255736,13961000,31611800,522760000,33905283,2572900,27307900,5939500,2025600,8025800,3605800,8731500,4606200,32252100,18820600,92850100,6553800,9578500
2017-01-26,41.72753143310547,10.520000457763672,114.9671859741211,110.46167755126953,15.81321907043457,19.014049530029297,33.74111557006836,42.816471099853516,37.62812805175781,77.88267517089844,33.10490417480469,76.40545654296875,197.24575805664062,30.66350746154785,86.72085571289062,67.86483001708984,64.28461456298828,37.08106994628906,43.93119812011719,33.60816955566406,22.93875503540039,2.7002124786376953,19.36208152770996,89.33206176757812,41.968177795410156,65.1612777709961,39.15323257446289,24.791046142578125,139.97833251953125,37.40795135498047,46.53614044189453,44.03190994262695,25.451730728149414,19.982616424560547,59.26179885864258,56.42753601074219,61.27000045776367,10.520000457763672,152.97999572753906,121.12999725341797,20.41699981689453,23.440000534057617,46.81999969482422,57.36000061035156,50.630001068115234,116.55000305175781,47.150001525878906,104.38999938964844,239.5800018310547,37.560001373291016,111.83999633789062,86.75,74.58000183105469,49.439998626708984,58.39694595336914,44.02000045776367,23.520000457763672,2.7412500381469727,29.677419662475586,121.62999725341797,54.04999923706055,84.87999725341797,42.86333465576172,31.110000610351562,162.75,52.95000076293945,67.37000274658203,57.18000030517578,37.505001068115234,23.739999771118164,69.18000030517578,85.5999984741211,61.900001525878906,10.65999984741211,155.8000030517578,122.16000366210938,20.527000427246094,23.549999237060547,49.5099983215332,57.97999954223633,51.02000045776367,117.81999969482422,47.81999969482422,105.26000213623047,240.7899932861328,37.91999816894531,112.83999633789062,86.94999694824219,75.3499984741211,50.09000015258789,58.549617767333984,44.41999816894531,23.989999771118164,2.7487499713897705,29.857685089111328,121.9800033569336,55.4900016784668,86.05000305175781,43.189998626708984,31.450000762939453,163.5800018310547,52.97999954223633,68.48999786376953,57.33000183105469,37.654998779296875,23.799999237060547,69.69000244140625,85.83000183105469,61.06999969482422,10.300000190734863,152.89999389648438,121.06999969482422,20.113000869750977,23.280000686645508,46.0099983215332,57.04999923706055,50.34000015258789,116.5,46.66999816894531,103.9000015258789,237.47000122070312,37.41999816894531,111.5999984741211,85.94999694824219,74.54000091552734,49.279998779296875,57.76717758178711,43.75,23.290000915527344,2.6675000190734863,29.601518630981445,120.73999786376953,53.5,84.43000030517578,42.676666259765625,31.010000228881836,161.25,52.439998626708984,67.19999694824219,56.59000015258789,37.42499923706055,23.610000610351562,69.16999816894531,85.12000274658203,61.15999984741211,10.350000381469727,155.0,121.30000305175781,20.444000244140625,23.40999984741211,48.59000015258789,57.599998474121094,50.630001068115234,117.5,46.810001373291016,104.0999984741211,237.47000122070312,37.81999969482422,112.0,85.94999694824219,74.9800033569336,50.09000015258789,58.225189208984375,43.939998626708984,23.799999237060547,2.697499990463257,29.791271209716797,121.16999816894531,55.349998474121094,85.93000030517578,43.189998626708984,31.260000228881836,161.86000061035156,52.45000076293945,68.37999725341797,56.61000061035156,37.595001220703125,23.719999313354492,69.56999969482422,85.69000244140625,7765300,35866600,3366900,611200,38820000,84146400,44800800,20792700,4164100,6937300,3018000,2772600,4195600,34144800,10164300,15962800,3748000,4333300,13317460,10628900,19379100,458800000,28653517,1947000,37888200,5623600,1262400,8308700,4202400,6494700,4006300,23769800,17303400,70704400,6612500,8779400
2017-01-27,40.86260986328125,10.670000076293945,118.1085433959961,111.0452880859375,15.932498931884766,18.94915771484375,34.40412139892578,42.629852294921875,36.73630142211914,76.038330078125,32.746829986572266,75.31488800048828,195.0805206298828,31.00639533996582,87.91496276855469,68.0056381225586,64.97418975830078,36.8110466003418,44.32600784301758,33.477783203125,23.377634048461914,2.752418041229248,19.448745727539062,89.33940124511719,42.115699768066406,64.86956787109375,39.640411376953125,24.90260887145996,140.18470764160156,37.436214447021484,46.49469757080078,43.57756805419922,25.18707847595215,19.906862258911133,59.75008010864258,56.368202209472656,60.0,10.670000076293945,157.16000366210938,121.7699966430664,20.570999145507812,23.360000610351562,47.7400016784668,57.11000061035156,49.43000030517578,113.79000091552734,46.63999938964844,102.9000015258789,236.9499969482422,37.97999954223633,113.37999725341797,86.93000030517578,75.37999725341797,49.08000183105469,58.921756744384766,43.650001525878906,23.969999313354492,2.794250011444092,29.81024742126465,121.63999938964844,54.2400016784668,84.5,43.39666748046875,31.25,162.99000549316406,52.9900016784668,67.30999755859375,56.59000015258789,37.1150016784668,23.649999618530273,69.75,85.51000213623047,61.25,10.729999542236328,157.5,122.08000183105469,20.57900047302246,23.450000762939453,48.619998931884766,57.40999984741211,50.459999084472656,114.69999694824219,46.88999938964844,104.16000366210938,237.97000122070312,38.45000076293945,113.54000091552734,86.9800033569336,75.4000015258789,50.0,59.15076446533203,43.95000076293945,24.100000381469727,2.7972500324249268,29.92409896850586,121.9000015258789,54.7599983215332,85.19000244140625,43.40999984741211,31.350000381469727,163.8000030517578,53.13999938964844,68.54000091552734,57.11000061035156,37.314998626708984,23.75,69.80000305175781,85.75,59.52000045776367,10.520000457763672,152.75999450683594,121.04000091552734,20.354000091552734,23.280000686645508,47.119998931884766,56.720001220703125,49.20000076293945,112.8499984741211,46.2599983215332,102.77999877929688,236.00999450683594,37.810001373291016,111.9000015258789,86.2699966430664,74.51000213623047,48.66999816894531,58.492366790771484,43.560001373291016,23.450000762939453,2.721250057220459,29.658443450927734,120.88999938964844,54.0,84.30999755859375,43.08333206176758,31.0,162.6199951171875,52.81999969482422,66.70999908447266,56.40999984741211,37.005001068115234,23.579999923706055,69.31999969482422,85.04000091552734,60.0,10.600000381469727,153.22999572753906,121.44000244140625,20.538000106811523,23.43000030517578,47.2599983215332,57.38999938964844,50.33000183105469,113.52999877929688,46.779998779296875,104.16000366210938,236.89999389648438,38.0,112.0,86.66000366210938,74.91999816894531,49.59000015258789,58.568702697753906,43.75,23.530000686645508,2.7482500076293945,29.857685089111328,121.33999633789062,54.650001525878906,84.86000061035156,43.08333206176758,31.170000076293945,163.5,52.84000015258789,67.62000274658203,57.029998779296875,37.275001525878906,23.739999771118164,69.33999633789062,85.30000305175781,14151200,32719200,4885200,663500,25780000,54590200,22918700,17074200,5408100,11698900,2726400,2343600,3253100,44368600,8886100,12535400,3132800,5084000,6972554,7635600,18626100,471996000,25353654,1609000,23474400,4758200,977400,5982200,3110400,6893400,4628200,17186200,19901800,43944500,7264900,10947900
2017-01-30,41.15545654296875,10.609999656677246,116.05691528320312,110.99058532714844,15.739645004272461,18.6165714263916,35.088741302490234,42.25663757324219,35.28704833984375,74.72190856933594,31.64450454711914,74.07063293457031,192.56951904296875,30.549213409423828,87.72111511230469,67.30156707763672,64.38805389404297,36.271034240722656,44.09630584716797,33.071292877197266,23.582441329956055,2.7093231678009033,19.380651473999023,88.41398620605469,41.626529693603516,64.18633270263672,39.442481994628906,24.854799270629883,139.41067504882812,37.33730697631836,47.13020324707031,43.18484115600586,24.725614547729492,19.746931076049805,59.458839416503906,55.93972396850586,60.43000030517578,10.609999656677246,154.42999267578125,121.70999908447266,20.32200050354004,22.950000762939453,48.689998626708984,56.61000061035156,47.47999954223633,111.81999969482422,45.06999969482422,101.19999694824219,233.89999389648438,37.41999816894531,113.12999725341797,86.02999877929688,74.69999694824219,48.36000061035156,58.61641311645508,43.119998931884766,24.18000030517578,2.750499963760376,29.705881118774414,120.37999725341797,53.61000061035156,83.61000061035156,43.18000030517578,31.190000534057617,162.08999633789062,52.849998474121094,68.2300033569336,56.08000183105469,36.435001373291016,23.459999084472656,69.41000366210938,84.86000061035156,60.470001220703125,10.680000305175781,157.17999267578125,121.86000061035156,20.48699951171875,23.200000762939453,49.099998474121094,56.68000030517578,49.18000030517578,113.80000305175781,46.5099983215332,102.76000213623047,236.2899932861328,37.84000015258789,113.5999984741211,86.5,75.18000030517578,49.20000076293945,58.88358688354492,43.290000915527344,24.239999771118164,2.77524995803833,29.88614845275879,121.11000061035156,54.400001525878906,84.47000122070312,43.20000076293945,31.200000762939453,163.4600067138672,52.900001525878906,68.30000305175781,56.31999969482422,36.96500015258789,23.510000228881836,69.72000122070312,85.44999694824219,59.27000045776367,10.300000190734863,153.77000427246094,120.0199966430664,20.06100082397461,22.709999084472656,47.959999084472656,55.7599983215332,47.189998626708984,110.72000122070312,44.41999816894531,99.56999969482422,231.52000427246094,37.33000183105469,112.8499984741211,85.31999969482422,74.25,48.119998931884766,58.139312744140625,42.470001220703125,23.43000030517578,2.6977500915527344,29.468690872192383,119.63999938964844,53.54999923706055,83.19999694824219,42.63999938964844,30.940000534057617,161.30999755859375,52.369998931884766,66.61000061035156,55.75,36.18000030517578,23.25,69.12000274658203,84.18000030517578,59.90999984741211,10.619999885559082,157.10000610351562,120.91000366210938,20.44499969482422,23.200000762939453,48.220001220703125,56.5099983215332,49.0099983215332,113.1500015258789,46.5099983215332,102.19000244140625,235.5800018310547,37.7400016784668,113.4000015258789,86.19000244140625,75.08999633789062,49.119998931884766,58.70228958129883,43.2400016784668,23.81999969482422,2.7730000019073486,29.857685089111328,120.97000122070312,54.38999938964844,84.16999816894531,43.20000076293945,31.06999969482422,162.94000244140625,52.619998931884766,67.37000274658203,56.119998931884766,36.94499969482422,23.5,69.58000183105469,85.41999816894531,7792700,37725000,3758400,1161000,33234000,91561200,15738200,17537600,10483200,8252900,4126000,2975600,3803300,23954700,6969400,13661900,5909600,5473900,8230573,7216200,30508100,496004000,28947899,1995400,14853900,5550700,1517400,7253100,2784600,7540800,8413900,15961400,26572800,46168800,7281900,12789200
2017-01-31,41.61856460571289,10.369999885559082,117.7477798461914,110.7079086303711,15.451522827148438,18.365100860595703,35.42744064331055,41.67439270019531,36.238338470458984,74.40782928466797,31.974504470825195,74.34877014160156,188.79876708984375,30.05937385559082,87.8141860961914,66.20631408691406,66.39640808105469,36.03853225708008,44.498287200927734,32.58811569213867,23.51417350769043,2.688638210296631,19.6406307220459,88.47274780273438,41.48675537109375,64.26307678222656,38.93095016479492,24.631675720214844,139.4192657470703,37.19601821899414,45.42403793334961,43.37736129760742,24.73579216003418,19.62067413330078,60.409690856933594,55.300289154052734,61.11000061035156,10.369999885559082,156.67999267578125,121.4000015258789,19.950000762939453,22.639999389648438,49.15999984741211,55.83000183105469,48.7599983215332,111.3499984741211,45.540000915527344,101.58000183105469,229.32000732421875,36.81999969482422,113.25,84.62999725341797,77.02999877929688,48.04999923706055,59.15076446533203,42.4900016784668,24.110000610351562,2.7295000553131104,30.1043643951416,120.45999908447266,53.43000030517578,83.70999908447266,42.619998931884766,30.90999984741211,162.10000610351562,52.650001525878906,65.76000213623047,56.33000183105469,36.45000076293945,23.309999465942383,70.5199966430664,83.88999938964844,61.31999969482422,10.670000076293945,156.9600067138672,122.0,20.246999740600586,23.030000686645508,49.41999816894531,56.959999084472656,48.790000915527344,112.19999694824219,45.560001373291016,101.62000274658203,234.35000610351562,37.369998931884766,113.4000015258789,86.1500015258789,77.27999877929688,48.599998474121094,59.389312744140625,43.369998931884766,24.149999618530273,2.7512500286102295,30.294118881225586,121.0199966430664,53.63999938964844,84.25,42.959999084472656,31.15999984741211,162.19000244140625,52.939998626708984,67.83000183105469,56.380001068115234,36.5099983215332,23.520000457763672,70.5199966430664,85.06999969482422,59.75,10.220000267028809,153.14999389648438,120.98999786376953,19.88599967956543,22.5,48.209999084472656,55.58000183105469,47.369998931884766,110.76000213623047,44.58000183105469,100.0999984741211,228.16000366210938,36.63999938964844,112.43000030517578,84.08999633789062,74.0,46.880001068115234,58.1297721862793,42.31999969482422,23.68000030517578,2.7049999237060547,29.34535026550293,119.58999633789062,52.83000183105469,83.11000061035156,42.356666564941406,30.729999542236328,160.00999450683594,52.36000061035156,64.44999694824219,55.79999923706055,36.064998626708984,23.18000030517578,68.98999786376953,83.12999725341797,60.0099983215332,10.600000381469727,153.6999969482422,121.63999938964844,20.246999740600586,22.770000457763672,48.400001525878906,56.33000183105469,47.810001373291016,111.88999938964844,45.189998626708984,101.3499984741211,232.85000610351562,37.220001220703125,112.79000091552734,85.5999984741211,74.25,48.540000915527344,58.26335906982422,43.08000183105469,23.950000762939453,2.723750114440918,29.42125129699707,120.16000366210938,53.61000061035156,83.9000015258789,42.93333435058594,31.040000915527344,161.6199951171875,52.619998931884766,67.80000305175781,55.97999954223633,36.45500183105469,23.34000015258789,69.04000091552734,85.04000091552734,8149800,53704900,3351300,1435700,26749000,91044300,15094000,29221000,7464500,7951000,3493600,2447500,5156400,27059100,8713400,15655100,6964100,5308900,10292513,10811000,22712500,362756000,39472300,2620200,13995400,4567900,1455000,6263100,3037000,6736800,11657700,22409100,28014800,56477300,14342500,19128100
2017-02-01,41.4687385559082,12.0600004196167,119.99480438232422,110.62581634521484,15.776044845581055,18.567890167236328,35.52112579345703,41.838619232177734,36.04511260986328,74.17395782470703,31.974504470825195,73.92425537109375,189.91018676757812,29.81446075439453,87.7986831665039,66.45664978027344,66.8877182006836,35.78352355957031,44.57725143432617,32.74917984008789,24.138357162475586,2.806103229522705,19.803211212158203,88.97216796875,41.26934051513672,63.8485221862793,39.5490608215332,24.767141342163086,139.9439239501953,37.4644660949707,45.154632568359375,43.346343994140625,24.552560806274414,19.64592933654785,60.9322395324707,54.674049377441406,60.88999938964844,12.0600004196167,159.6699981689453,121.30999755859375,20.368999481201172,22.889999389648438,49.290000915527344,56.04999923706055,48.5,111.0,45.540000915527344,101.0,230.6699981689453,36.52000045776367,113.2300033569336,84.94999694824219,77.5999984741211,47.709999084472656,59.2557258605957,42.70000076293945,24.75,2.848750114440918,30.04743766784668,121.13999938964844,53.150001525878906,83.16999816894531,43.29666519165039,31.079999923706055,162.7100067138672,53.029998779296875,65.37000274658203,55.90999984741211,36.18000030517578,23.34000015258789,71.12999725341797,82.94000244140625,61.099998474121094,12.140000343322754,159.75,122.11000061035156,20.447999954223633,23.219999313354492,49.31999969482422,56.97999954223633,49.150001525878906,111.77999877929688,46.189998626708984,102.62999725341797,232.86000061035156,36.95000076293945,113.31999969482422,86.0999984741211,78.56999969482422,49.970001220703125,59.417938232421875,43.400001525878906,24.850000381469727,2.8529999256134033,30.06641387939453,122.58000183105469,53.81999969482422,84.44000244140625,43.31666564941406,31.309999465942383,163.89999389648438,53.63999938964844,66.73999786376953,57.06999969482422,36.69499969482422,23.610000610351562,71.12999725341797,84.16000366210938,60.27000045776367,10.8100004196167,157.0500030517578,121.0,20.020999908447266,22.81999969482422,48.31999969482422,55.880001068115234,47.439998626708984,110.83999633789062,44.84000015258789,100.05000305175781,229.52000427246094,36.02000045776367,112.47000122070312,84.68000030517578,76.91000366210938,47.099998474121094,58.74045944213867,42.54999923706055,24.309999465942383,2.746500015258789,29.658443450927734,121.0199966430664,52.86000061035156,82.69999694824219,42.86333465576172,30.84000015258789,162.02999877929688,52.970001220703125,64.80999755859375,55.77000045776367,35.95500183105469,23.270000457763672,70.37999725341797,82.54000091552734,61.06999969482422,10.899999618530273,158.58999633789062,121.6500015258789,20.225000381469727,22.969999313354492,49.130001068115234,56.720001220703125,49.0,111.19999694824219,45.97999954223633,102.19000244140625,230.50999450683594,36.81999969482422,112.4800033569336,85.54000091552734,77.88999938964844,49.68000030517578,59.21755599975586,43.29999923706055,24.43000030517578,2.7644999027252197,29.8956356048584,121.66000366210938,53.63999938964844,84.05999755859375,43.08000183105469,31.239999771118164,162.75,53.15999984741211,66.52999877929688,56.540000915527344,36.64500045776367,23.489999771118164,70.5199966430664,84.0,5888700,165939300,3924800,1324600,31184000,103630900,16021900,17441500,10040900,5889300,3566600,3028500,4024500,28380600,7082300,15430900,4959200,7659300,11547702,9731300,28728200,590004000,30031938,2673200,16102100,5193600,1792200,5036900,3718500,8413800,5204500,21157700,36848600,72132200,19490500,15111800
2017-02-02,41.4687385559082,12.279999732971191,119.92720794677734,111.92986297607422,15.803926467895508,18.429996490478516,36.39312744140625,41.905982971191406,36.18632125854492,74.9825210571289,32.051734924316406,72.9800796508789,189.69615173339844,29.945085525512695,88.06230926513672,66.17500305175781,66.70673370361328,35.9260368347168,46.070343017578125,32.31201171875,24.177366256713867,2.8415637016296387,19.84072494506836,88.14225769042969,40.888877868652344,63.28812026977539,39.53078842163086,24.528076171875,138.26675415039062,37.53512191772461,45.18917465209961,43.2223014831543,24.69167709350586,19.570171356201172,60.915122985839844,55.01024627685547,60.88999938964844,12.279999732971191,159.5800018310547,122.73999786376953,20.405000686645508,22.719999313354492,50.5,55.97999954223633,48.689998626708984,112.20999908447266,45.650001525878906,99.70999908447266,230.41000366210938,36.68000030517578,113.56999969482422,84.58999633789062,77.38999938964844,47.900001525878906,61.24045944213867,42.130001068115234,24.790000915527344,2.8847498893737793,30.1043643951416,120.01000213623047,52.65999984741211,82.44000244140625,43.276668548583984,30.780000686645508,160.75999450683594,53.130001068115234,65.41999816894531,55.75,36.3849983215332,23.25,71.11000061035156,83.44999694824219,61.119998931884766,12.65999984741211,159.94000244140625,123.19000244140625,20.503000259399414,22.790000915527344,50.88999938964844,56.209999084472656,49.34000015258789,112.23999786376953,45.97999954223633,101.4800033569336,232.3300018310547,36.70000076293945,113.62000274658203,84.91000366210938,77.91000366210938,48.5,61.26908493041992,42.5099983215332,25.309999465942383,2.8935000896453857,30.1043643951416,120.76000213623047,53.099998474121094,83.61000061035156,43.40999984741211,30.889999389648438,163.25,53.220001220703125,66.08000183105469,55.959999084472656,36.45000076293945,23.360000610351562,71.1500015258789,83.52999877929688,60.47999954223633,11.949999809265137,156.91000366210938,122.29000091552734,20.100000381469727,22.510000228881836,49.27000045776367,55.22999954223633,47.279998779296875,110.70999908447266,44.849998474121094,98.94000244140625,227.0500030517578,36.20000076293945,112.7699966430664,84.16000366210938,76.55000305175781,47.43000030517578,59.66603088378906,41.83000183105469,24.459999084472656,2.801500082015991,29.715370178222656,119.0,52.369998931884766,81.56999969482422,42.793331146240234,30.6200008392334,160.25999450683594,52.63999938964844,64.62000274658203,55.400001525878906,35.95000076293945,23.100000381469727,70.55999755859375,82.55000305175781,60.650001525878906,11.979999542236328,159.72999572753906,123.08999633789062,20.19700050354004,22.739999771118164,49.349998474121094,55.4900016784668,48.75,111.16999816894531,45.540000915527344,101.13999938964844,228.50999450683594,36.2599983215332,112.81999969482422,84.33999633789062,76.98999786376953,48.439998626708984,59.770992279052734,42.189998626708984,24.530000686645508,2.8324999809265137,29.857685089111328,120.19999694824219,52.95000076293945,83.5999984741211,43.0,30.709999084472656,162.52000427246094,52.68000030517578,65.0199966430664,55.56999969482422,36.2400016784668,23.209999084472656,70.77999877929688,83.20999908447266,5365300,116324500,4445400,632800,22712000,88679100,18610200,15586800,8625100,6289000,3269900,5064400,2775700,31916900,7826300,11081400,3830900,4151300,19901730,11481000,45499700,483240000,24634404,2090800,14481200,8857700,1416000,5794800,4714000,8700600,6193200,13044400,25760200,39396500,14539400,12200100
2017-02-03,41.31888961791992,12.239999771118164,125.9017562866211,112.17607879638672,15.967347145080566,18.892370223999023,36.59491729736328,43.23847961425781,37.47948455810547,75.89131927490234,32.85214614868164,73.88031005859375,198.37374877929688,30.027305603027344,88.11658477783203,68.20117950439453,66.56881713867188,36.121036529541016,46.149314880371094,34.07602310180664,23.992063522338867,2.8166918754577637,20.06583595275879,89.72132110595703,41.13735580444336,63.33420181274414,39.734798431396484,24.679489135742188,139.221435546875,37.9095573425293,45.251338958740234,44.40073776245117,24.905445098876953,19.965787887573242,61.180660247802734,55.069583892822266,60.66999816894531,12.239999771118164,167.52999877929688,123.01000213623047,20.615999221801758,23.290000915527344,50.779998779296875,57.7599983215332,50.43000030517578,113.56999969482422,46.790000915527344,100.94000244140625,240.9499969482422,36.52000045776367,113.63999938964844,87.18000030517578,77.2300033569336,48.15999984741211,61.345420837402344,44.43000030517578,24.600000381469727,2.859499931335449,30.445920944213867,122.16000366210938,52.97999954223633,82.5,43.5,30.969999313354492,161.8699951171875,53.65999984741211,65.51000213623047,57.27000045776367,36.70000076293945,23.719999313354492,71.41999816894531,83.54000091552734,61.060001373291016,12.5,167.85000610351562,123.56999969482422,20.65999984741211,23.350000381469727,50.90999984741211,57.880001068115234,50.4900016784668,114.27999877929688,47.16999816894531,102.18000030517578,241.11000061035156,36.81999969482422,113.66000366210938,87.30999755859375,77.87999725341797,48.5,61.38358688354492,44.599998474121094,25.239999771118164,2.8975000381469727,30.58823585510254,122.41999816894531,53.220001220703125,83.20999908447266,43.58000183105469,31.079999923706055,162.0,54.040000915527344,65.69999694824219,57.290000915527344,36.88999938964844,23.739999771118164,71.48999786376953,83.72000122070312,60.439998626708984,12.039999961853027,164.86000061035156,122.87000274658203,20.30299949645996,22.950000762939453,50.36000061035156,56.59000015258789,48.81999969482422,112.13999938964844,45.540000915527344,99.20999908447266,234.1999969482422,36.45000076293945,112.66000366210938,85.87000274658203,76.70999908447266,47.16999816894531,60.372135162353516,42.91999816894531,24.5,2.8475000858306885,30.284629821777344,121.05999755859375,52.75,82.38999938964844,43.35333251953125,30.799999237060547,160.2100067138672,53.45000076293945,64.83000183105469,56.43000030517578,36.314998626708984,23.440000534057617,71.0,82.9000015258789,60.900001525878906,12.369999885559082,166.10000610351562,122.91000366210938,20.4950008392334,23.149999618530273,50.599998474121094,57.040000915527344,48.849998474121094,112.41000366210938,45.58000183105469,99.68000030517578,234.52000427246094,36.689998626708984,113.5,86.19000244140625,77.47000122070312,47.81999969482422,60.935115814208984,43.099998474121094,24.899999618530273,2.8862500190734863,30.407970428466797,122.18000030517578,52.95000076293945,82.63999938964844,43.52000045776367,30.959999084472656,161.1300048828125,53.79999923706055,65.4800033569336,56.880001068115234,36.529998779296875,23.649999618530273,71.33999633789062,83.69999694824219,6470300,60036700,7366600,358300,24367000,116035100,10934000,21404100,8414400,6623500,3824700,3520900,7381000,21038100,7267600,17885200,3836300,3778900,12209724,16692200,25054400,372744000,37935252,1955200,10965300,5084000,869400,5249100,2762300,9104100,4416400,19879800,23657200,86346600,15104800,12746300
2017-02-06,41.3052864074707,13.630000114440918,125.18781280517578,111.46479034423828,15.998330116271973,18.754467010498047,36.78227615356445,43.148643493652344,37.226802825927734,75.4970703125,31.78492546081543,72.97274780273438,197.57508850097656,29.82175064086914,87.93051147460938,67.88046264648438,67.08595275878906,36.27854537963867,46.615882873535156,34.229400634765625,23.738489151000977,2.888845205307007,20.15338134765625,89.90496063232422,41.05970001220703,62.71235656738281,39.87484359741211,24.599796295166016,138.05172729492188,37.72587966918945,44.975040435791016,43.842529296875,24.695066452026367,19.873197555541992,61.249168395996094,54.91796112060547,60.650001525878906,13.630000114440918,166.5800018310547,122.2300033569336,20.6560001373291,23.1200008392334,51.040000915527344,57.63999938964844,50.09000015258789,112.9800033569336,45.27000045776367,99.69999694824219,239.97999572753906,36.27000045776367,113.4000015258789,86.7699966430664,77.83000183105469,48.369998931884766,61.96564865112305,44.630001068115234,24.34000015258789,2.9327499866485596,30.57874870300293,122.41000366210938,52.880001068115234,81.69000244140625,43.6533317565918,30.8700008392334,160.50999450683594,53.400001525878906,65.11000061035156,56.54999923706055,36.38999938964844,23.610000610351562,71.5,83.30999755859375,60.970001220703125,13.699999809265137,166.88999938964844,122.62999725341797,20.666000366210938,23.3799991607666,51.09000015258789,58.349998474121094,50.97999954223633,113.5,46.880001068115234,101.05000305175781,243.64999389648438,36.5099983215332,113.58999633789062,87.44999694824219,77.8499984741211,48.75,61.975189208984375,45.029998779296875,24.729999542236328,2.9332499504089355,30.67362403869629,122.81999969482422,53.40999984741211,82.97000122070312,43.686668395996094,30.950000762939453,162.52999877929688,53.779998779296875,66.12000274658203,57.40999984741211,36.82500076293945,23.780000686645508,71.5,83.6500015258789,60.349998474121094,12.380000114440918,165.1300048828125,121.87000274658203,20.43000030517578,23.06999969482422,50.560001373291016,57.34000015258789,49.349998474121094,112.44999694824219,45.189998626708984,99.43000030517578,239.1699981689453,36.150001525878906,112.62000274658203,86.61000061035156,76.76000213623047,47.79999923706055,60.97328186035156,44.13999938964844,24.209999084472656,2.8499999046325684,30.303604125976562,121.33999633789062,52.81999969482422,81.45999908447266,43.313331604003906,30.700000762939453,160.22000122070312,53.189998626708984,64.91000366210938,56.4900016784668,36.28499984741211,23.559999465942383,71.1500015258789,82.93000030517578,60.5099983215332,12.460000038146973,166.17999267578125,122.23999786376953,20.614999771118164,23.149999618530273,50.650001525878906,57.5099983215332,50.5,113.27999877929688,46.66999816894531,101.0,239.60000610351562,36.5099983215332,113.45999908447266,86.79000091552734,76.91999816894531,48.189998626708984,60.992366790771484,44.2599983215332,24.530000686645508,2.8499999046325684,30.360530853271484,121.61000061035156,53.310001373291016,82.55000305175781,43.586666107177734,30.950000762939453,161.50999450683594,53.369998931884766,65.51000213623047,57.08000183105469,36.70000076293945,23.579999923706055,71.29000091552734,83.55000305175781,5358100,140474100,4389200,260700,18716000,92228400,8263400,15680200,8127500,5637300,3629400,1802400,4639200,21427000,6178400,11828400,2835500,7976500,9598422,12577100,18900000,506768000,25859258,1563900,8215100,5958000,923100,3523700,3479400,4904000,4297800,13940200,21043400,34952100,11561600,9938200
2017-02-07,41.243995666503906,13.289999961853027,125.36817169189453,112.4040756225586,15.94798469543457,18.57600975036621,37.22909164428711,42.811790466308594,36.72885513305664,74.4345932006836,30.991535186767578,71.1356201171875,197.2787322998047,29.887531280517578,87.99253845214844,67.84134674072266,66.97393798828125,35.94853210449219,46.084712982177734,34.413475036621094,23.992063522338867,2.933664560317993,20.059579849243164,89.21456146240234,41.362525939941406,62.23639678955078,40.02100372314453,24.320890426635742,138.06893920898438,37.58457946777344,45.20298767089844,43.67972183227539,24.3455810546875,19.822690963745117,61.30915069580078,54.5620002746582,60.560001373291016,13.289999961853027,166.82000732421875,123.26000213623047,20.590999603271484,22.899999618530273,51.65999984741211,57.189998626708984,49.41999816894531,111.38999938964844,44.13999938964844,97.19000244140625,239.6199951171875,36.349998474121094,113.4800033569336,86.72000122070312,77.69999694824219,47.93000030517578,61.25954055786133,44.869998931884766,24.600000381469727,2.978250026702881,30.436433792114258,121.47000122070312,53.27000045776367,81.06999969482422,43.813331604003906,30.520000457763672,160.52999877929688,53.20000076293945,65.44000244140625,56.34000015258789,35.875,23.549999237060547,71.56999969482422,82.7699966430664,60.869998931884766,14.270000457763672,167.72000122070312,123.56999969482422,20.739999771118164,23.290000915527344,52.31999969482422,58.06999969482422,50.22999954223633,113.0999984741211,45.349998474121094,99.5,241.44000244140625,36.52000045776367,113.62000274658203,87.4000015258789,78.01000213623047,48.5099983215332,61.95610809326172,45.029998779296875,24.690000534057617,3.0230000019073486,30.69260025024414,123.25,53.279998779296875,81.73999786376953,43.97666549682617,30.969999313354492,161.67999267578125,53.66999816894531,66.25,57.189998626708984,36.400001525878906,23.760000228881836,71.83000183105469,83.62000274658203,60.400001525878906,13.0600004196167,165.60000610351562,121.87000274658203,20.493000030517578,22.860000610351562,51.2599983215332,57.0099983215332,49.08000183105469,111.11000061035156,43.869998931884766,95.2699966430664,239.38999938964844,36.2400016784668,113.05000305175781,86.4800033569336,77.31999969482422,47.58000183105469,61.11641311645508,44.619998931884766,24.209999084472656,2.947499990463257,30.303604125976562,121.27999877929688,52.7599983215332,80.48999786376953,43.586666107177734,30.5,159.5399932861328,53.06999969482422,64.8499984741211,56.27000045776367,35.685001373291016,23.520000457763672,71.33000183105469,82.44999694824219,60.650001525878906,14.050000190734863,167.0,122.02999877929688,20.72100067138672,23.280000686645508,51.4900016784668,58.0,49.54999923706055,112.9800033569336,44.880001068115234,99.25,241.14999389648438,36.45000076293945,113.5999984741211,87.13999938964844,77.68000030517578,48.130001068115234,61.79389190673828,44.880001068115234,24.59000015258789,2.9674999713897705,30.66413688659668,122.80999755859375,53.220001220703125,81.20999908447266,43.90666580200195,30.90999984741211,161.0500030517578,53.630001068115234,65.16000366210938,56.86000061035156,36.22999954223633,23.75,71.55000305175781,83.2300033569336,4210300,158683800,3584300,1117200,22840000,87982900,15747800,13996900,7591600,6038400,3854600,5158000,2660200,18581900,5507900,9392800,3346800,3999700,8840194,10055700,19879300,746224000,24781648,2680900,10374100,5841700,594900,6209500,2942700,4749000,4968500,14937400,28315600,50838500,11278000,11705200
2017-02-08,41.216758728027344,13.5600004196167,126.34517669677734,113.1609878540039,16.023887634277344,18.389440536499023,37.4741096496582,42.1605110168457,36.86261749267578,74.5615463256836,30.93537139892578,71.8309555053711,195.72268676757812,29.912200927734375,87.93051147460938,67.2468032836914,67.32731628417969,36.84105682373047,46.17082977294922,33.67720031738281,23.6117000579834,2.920858383178711,20.097097396850586,89.20720672607422,41.06745529174805,62.274776458740234,40.09712600708008,24.16948127746582,137.87973022460938,37.365562438964844,46.3358268737793,43.12926483154297,24.40327262878418,19.688016891479492,61.214942932128906,54.202789306640625,60.52000045776367,13.5600004196167,168.1199951171875,124.08999633789062,20.68899917602539,22.670000076293945,52.0,56.31999969482422,49.599998474121094,111.58000183105469,44.060001373291016,98.13999938964844,237.72999572753906,36.380001068115234,113.4000015258789,85.95999908447266,78.11000061035156,49.119998931884766,61.374046325683594,43.90999984741211,24.209999084472656,2.965250015258789,30.493358612060547,121.45999908447266,52.88999938964844,81.12000274658203,43.89666748046875,30.329999923706055,160.30999755859375,52.88999938964844,67.08000183105469,55.630001068115234,35.959999084472656,23.389999389648438,71.45999908447266,81.4800033569336,61.02000045776367,13.75,168.35000610351562,124.26000213623047,20.875,22.729999542236328,52.119998931884766,56.91999816894531,50.15999984741211,111.79000091552734,44.72999954223633,98.48999786376953,238.94000244140625,36.650001525878906,113.69000244140625,86.30999755859375,78.6500015258789,49.13999938964844,61.52671813964844,44.59000015258789,24.3799991607666,2.9827499389648438,30.69260025024414,122.19999694824219,53.38999938964844,81.19000244140625,44.06666564941406,30.700000762939453,160.6300048828125,53.02000045776367,67.13999938964844,56.209999084472656,36.040000915527344,23.549999237060547,71.54000091552734,82.12000274658203,60.04999923706055,13.079999923706055,166.32000732421875,122.98999786376953,20.516000747680664,22.450000762939453,51.119998931884766,56.13999938964844,48.5099983215332,110.31999969482422,43.119998931884766,95.27999877929688,236.30999755859375,36.13999938964844,113.1500015258789,85.37000274658203,77.19000244140625,47.38999938964844,60.906490325927734,43.619998931884766,23.90999984741211,2.9094998836517334,30.284629821777344,120.5,52.720001220703125,79.5199966430664,43.66666793823242,30.290000915527344,159.41000366210938,52.529998779296875,65.0,55.16999816894531,35.32500076293945,23.280000686645508,70.98999786376953,81.16999816894531,60.13999938964844,13.210000038146973,166.5,123.41000366210938,20.597000122070312,22.729999542236328,51.290000915527344,56.91999816894531,49.04999923706055,111.12999725341797,43.59000015258789,96.5999984741211,238.3000030517578,36.34000015258789,113.30000305175781,86.18000030517578,77.44000244140625,47.56999969482422,60.97328186035156,44.58000183105469,24.25,2.9600000381469727,30.284629821777344,122.19999694824219,53.38999938964844,80.61000061035156,43.94333267211914,30.690000534057617,160.0,52.88999938964844,65.2699966430664,56.209999084472656,35.875,23.549999237060547,71.19000244140625,81.98999786376953,5357800,75942900,3493400,853100,21069000,102264500,12236500,18626600,8588600,5188800,4356100,3445400,2744700,20807400,5272000,13970900,2820800,4461300,6190326,10586500,21559200,449580000,20194745,2892400,9229000,5366400,771600,7776600,2339700,6398000,4428100,18592200,32296800,54341100,6812900,14006300
2017-02-09,41.434688568115234,13.420000076293945,125.85670471191406,113.55309295654297,15.90384292602539,18.754467010498047,37.12097930908203,42.86418151855469,37.018699645996094,75.01592254638672,31.419818878173828,73.05323791503906,198.86770629882812,29.15576171875,88.4577865600586,68.21683502197266,66.97393798828125,37.448577880859375,46.22108459472656,34.39813232421875,23.84576988220215,2.865943193435669,20.247167587280273,89.89026641845703,41.05970001220703,62.34385681152344,39.746971130371094,24.073850631713867,137.99159240722656,37.82477951049805,46.70884323120117,43.982078552246094,24.678110122680664,19.95736312866211,61.43766784667969,54.4422721862793,60.84000015258789,13.420000076293945,167.47000122070312,124.5199966430664,20.534000396728516,23.1200008392334,51.5099983215332,57.2599983215332,49.810001373291016,112.26000213623047,44.75,99.80999755859375,241.5500030517578,35.459999084472656,114.08000183105469,87.19999694824219,77.69999694824219,49.93000030517578,61.44084167480469,44.849998474121094,24.450000762939453,2.9094998836517334,30.7210636138916,122.38999938964844,52.880001068115234,81.20999908447266,43.51333236694336,30.209999084472656,160.44000244140625,53.540000915527344,67.62000274658203,56.72999954223633,36.3650016784668,23.709999084472656,71.72000122070312,81.83999633789062,61.0,13.890000343322754,167.7899932861328,125.55000305175781,20.768999099731445,23.149999618530273,52.25,57.540000915527344,50.33000183105469,112.62999725341797,44.93000030517578,100.29000091552734,243.2899932861328,36.5,114.6500015258789,87.33000183105469,78.58999633789062,50.08000183105469,61.85114669799805,45.029998779296875,24.889999389648438,2.9765000343322754,30.872865676879883,122.93000030517578,53.099998474121094,81.76000213623047,44.016666412353516,30.5,161.3000030517578,53.63999938964844,67.88999938964844,56.77000045776367,36.474998474121094,23.739999771118164,71.93000030517578,82.05000305175781,60.41999816894531,13.399999618530273,165.5,124.31999969482422,20.363000869750977,22.639999389648438,51.459999084472656,56.31999969482422,49.47999954223633,111.58000183105469,44.279998779296875,98.13999938964844,237.4199981689453,35.400001525878906,113.4000015258789,85.95999908447266,77.69000244140625,49.22999954223633,61.35496139526367,43.88999938964844,24.420000076293945,2.890000104904175,30.493358612060547,121.27999877929688,52.7599983215332,81.12000274658203,43.459999084472656,30.170000076293945,159.55999755859375,52.91999816894531,67.19999694824219,55.630001068115234,36.17499923706055,23.329999923706055,71.38999938964844,81.4800033569336,60.52000045776367,13.779999732971191,165.75,124.41000366210938,20.732999801635742,22.760000228881836,52.0,56.31999969482422,50.040000915527344,111.58000183105469,44.63999938964844,98.13999938964844,237.72999572753906,36.5,113.4000015258789,85.95999908447266,78.11000061035156,49.650001525878906,61.374046325683594,44.349998474121094,24.75,2.9714999198913574,30.493358612060547,121.45999908447266,52.90999984741211,81.12000274658203,43.87333297729492,30.329999923706055,160.30999755859375,53.060001373291016,67.2699966430664,55.630001068115234,36.17499923706055,23.389999389648438,71.44999694824219,81.4800033569336,4324600,73339900,4281400,820400,27519000,102634200,5813100,18054100,6357000,4607800,2915000,2927000,3550800,47802700,5854600,13749100,2962600,4231700,7391439,13166700,27887400,842568000,25102380,2076700,7615100,6119000,1358100,8547000,3056800,5054000,2805900,15907800,18523200,76813700,7869200,9603000
2017-02-10,41.148643493652344,13.579999923706055,126.17230224609375,113.85405731201172,15.917780876159668,18.72202491760254,37.22189712524414,43.14115905761719,37.46327590942383,75.54385375976562,31.883237838745117,74.24629211425781,199.83094787597656,29.057086944580078,89.35721588134766,68.06037902832031,67.05150604248047,37.606082916259766,46.04881286621094,34.2830924987793,23.455656051635742,2.79797625541687,20.228408813476562,90.4117431640625,41.929344177246094,63.07318878173828,39.72261047363281,24.4722957611084,138.25816345214844,37.87424087524414,46.605224609375,44.0828742980957,24.864728927612305,20.016286849975586,61.557586669921875,54.89459991455078,60.41999816894531,13.579999923706055,167.88999938964844,124.8499984741211,20.552000045776367,23.079999923706055,51.650001525878906,57.630001068115234,50.13999938964844,113.05000305175781,45.40999984741211,101.44000244140625,242.72000122070312,35.34000015258789,115.23999786376953,87.0,77.79000091552734,50.13999938964844,61.211830139160156,44.70000076293945,24.049999237060547,2.8405001163482666,30.69260025024414,123.0999984741211,54.0,82.16000366210938,43.48666763305664,30.709999084472656,160.75,53.61000061035156,67.47000122070312,56.86000061035156,36.63999938964844,23.780000686645508,71.86000061035156,82.5199966430664,61.0,13.859999656677246,168.30999755859375,125.25,20.649999618530273,23.239999771118164,51.970001220703125,57.95000076293945,50.540000915527344,113.44999694824219,45.939998626708984,102.02999877929688,244.16000366210938,35.43000030517578,115.98999786376953,87.4800033569336,78.25,50.470001220703125,61.61259460449219,45.150001525878906,24.760000228881836,3.0174999237060547,30.7874755859375,123.54000091552734,54.279998779296875,82.70999908447266,43.810001373291016,30.809999465942383,161.58999633789062,53.849998474121094,68.0,57.040000915527344,36.845001220703125,23.860000610351562,72.0199966430664,82.7699966430664,60.27000045776367,13.25,167.02999877929688,124.1500015258789,20.385000228881836,22.959999084472656,51.52000045776367,57.130001068115234,49.81999969482422,112.37000274658203,45.0,100.56999969482422,241.22999572753906,34.84000015258789,114.2300033569336,86.88999938964844,77.5999984741211,49.68000030517578,61.03053283691406,44.34000015258789,23.899999618530273,2.815000057220459,30.57874870300293,122.68000030517578,52.93000030517578,81.8499984741211,43.063331604003906,30.350000381469727,160.10000610351562,53.4900016784668,67.25,56.65999984741211,36.529998779296875,23.690000534057617,71.66000366210938,82.12999725341797,60.849998474121094,13.859999656677246,167.8000030517578,124.80000305175781,20.600000381469727,23.190000534057617,51.61000061035156,57.81999969482422,50.029998779296875,112.75,45.02000045776367,101.2300033569336,243.3699951171875,35.2599983215332,114.31999969482422,87.4800033569336,77.87000274658203,50.369998931884766,61.374046325683594,45.130001068115234,24.709999084472656,2.9982500076293945,30.74952507019043,123.30000305175781,53.099998474121094,81.9800033569336,43.80666732788086,30.440000534057617,160.1199951171875,53.810001373291016,67.87000274658203,57.02000045776367,36.654998779296875,23.850000381469727,71.83000183105469,82.26000213623047,5749200,54579300,2931200,791500,23842000,90548300,5845600,14421700,5996000,6194300,3445000,3089000,3072800,44106500,6438500,10992500,2598600,2787200,8940907,8909400,28578400,1651092000,23090189,2099000,14042200,6199900,1551600,6749400,1905900,3892400,2653900,12268100,20810800,55078700,4440300,8739800
2017-02-13,41.20994186401367,13.489999771118164,126.86845397949219,115.35872650146484,16.00994300842285,18.981597900390625,37.49573516845703,44.129302978515625,37.134517669677734,76.1185302734375,31.777910232543945,73.44847106933594,202.753662109375,29.4353084564209,89.85347747802734,68.96002960205078,67.48538970947266,37.711082458496094,46.493858337402344,34.712608337402344,23.309364318847656,2.6689372062683105,20.3909912109375,91.3812026977539,42.65144729614258,63.19673538208008,39.80482864379883,25.25324058532715,139.32467651367188,38.24159622192383,46.793670654296875,44.2534294128418,24.9122314453125,20.24355125427246,61.934505462646484,55.21392059326172,60.5099983215332,13.489999771118164,167.66000366210938,126.5,20.67099952697754,23.399999618530273,52.029998779296875,58.95000076293945,49.70000076293945,113.91000366210938,45.2599983215332,100.3499984741211,246.27000427246094,35.79999923706055,115.87999725341797,88.1500015258789,77.7699966430664,50.279998779296875,61.803436279296875,45.2599983215332,23.899999618530273,2.7095000743865967,30.939279556274414,124.41999816894531,54.93000030517578,81.81999969482422,43.57666778564453,31.690000534057617,161.99000549316406,54.130001068115234,67.04000091552734,57.08000183105469,36.709999084472656,24.049999237060547,72.30000305175781,83.0,60.86000061035156,13.949999809265137,168.25999450683594,126.63999938964844,20.711000442504883,23.540000915527344,52.09000015258789,59.369998931884766,50.040000915527344,113.98999786376953,45.65999984741211,101.37999725341797,247.47999572753906,35.849998474121094,116.12000274658203,88.73999786376953,78.05999755859375,50.68000030517578,61.860687255859375,45.599998474121094,24.200000762939453,2.8494999408721924,31.015180587768555,125.3499984741211,55.130001068115234,82.12999725341797,43.866668701171875,31.799999237060547,162.02000427246094,54.43000030517578,67.43000030517578,57.5099983215332,36.724998474121094,24.15999984741211,72.33999633789062,83.18000030517578,60.43000030517578,13.380000114440918,166.67999267578125,125.75,20.517000198364258,23.170000076293945,51.619998931884766,57.9900016784668,49.220001220703125,113.05000305175781,44.70000076293945,100.13999938964844,244.49000549316406,35.34000015258789,115.22000122070312,87.43000030517578,77.52999877929688,49.91999816894531,61.27862548828125,44.939998626708984,23.81999969482422,2.7049999237060547,30.77798843383789,123.62000274658203,54.2599983215332,81.48999786376953,43.5099983215332,30.940000534057617,160.69000244140625,53.88999938964844,66.6500015258789,56.88999938964844,36.494998931884766,23.889999389648438,71.93000030517578,82.3499984741211,60.58000183105469,13.699999809265137,167.72000122070312,126.13999938964844,20.67799949645996,23.170000076293945,51.83000183105469,57.9900016784668,50.040000915527344,113.36000061035156,45.06999969482422,100.91000366210938,244.49000549316406,35.56999969482422,115.27999877929688,87.44000244140625,77.56999969482422,50.130001068115234,61.3072509765625,45.0,24.06999969482422,2.834749937057495,30.77798843383789,124.0,54.58000183105469,81.75,43.606666564941406,30.940000534057617,160.69000244140625,53.88999938964844,66.75,57.06999969482422,36.564998626708984,23.93000030517578,71.93000030517578,82.7699966430664,6396000,57413100,3602800,1052600,12463000,105342500,6769700,22779800,6163400,4858500,3261700,1944900,2998200,28180600,5710800,18739100,2097500,3256400,7494353,13256300,16876400,1180724000,21733585,1929500,14516200,4135800,929400,10203800,3275800,5709800,3367500,15325300,15969800,76687000,6465200,9071600
2017-02-14,41.42106246948242,13.260000228881836,127.16358184814453,115.1307144165039,15.903066635131836,19.516977310180664,38.70642852783203,44.78805923461914,37.46327590942383,75.90938568115234,32.255332946777344,74.09259033203125,205.37998962402344,29.54220199584961,90.22569274902344,70.0630874633789,68.38783264160156,38.49673843383789,47.132728576660156,35.310813903808594,22.54863929748535,2.6787869930267334,20.478527069091797,92.6150894165039,43.07851791381836,63.691070556640625,39.69520568847656,24.966365814208984,140.3050994873047,38.5383186340332,47.198516845703125,44.951194763183594,24.99367332458496,20.479232788085938,62.42279815673828,55.09418869018555,60.81999969482422,13.260000228881836,168.0500030517578,126.25,20.533000946044922,24.059999465942383,53.709999084472656,59.83000183105469,50.13999938964844,112.5199966430664,45.939998626708984,101.2300033569336,249.4600067138672,35.93000030517578,116.36000061035156,89.55999755859375,78.80999755859375,50.959999084472656,62.652671813964844,46.040000915527344,23.1200008392334,2.7195000648498535,31.072105407714844,126.0999984741211,55.47999954223633,82.45999908447266,43.456668853759766,31.329999923706055,163.1300048828125,54.54999923706055,67.62000274658203,57.97999954223633,36.83000183105469,24.329999923706055,72.87000274658203,82.81999969482422,60.97999954223633,13.489999771118164,168.07000732421875,126.5,20.700000762939453,24.170000076293945,54.27000045776367,60.11000061035156,50.18000030517578,113.06999969482422,45.9900016784668,101.4800033569336,250.0,35.959999084472656,116.4000015258789,89.69999694824219,78.83000183105469,50.970001220703125,62.709922790527344,46.2599983215332,23.3700008392334,2.7537500858306885,31.091081619262695,126.2300033569336,55.52000045776367,82.5,43.59333419799805,31.469999313354492,163.5,54.599998474121094,67.69000244140625,58.0,36.845001220703125,24.360000610351562,72.87000274658203,83.0999984741211,60.150001525878906,13.1899995803833,165.57000732421875,125.62000274658203,20.479999542236328,23.329999923706055,52.09000015258789,58.75,49.33000183105469,111.77999877929688,44.66999816894531,99.0199966430664,245.69000244140625,35.529998779296875,115.31999969482422,88.11000061035156,77.25,49.70000076293945,61.479007720947266,45.099998474121094,22.68000030517578,2.657249927520752,30.69260025024414,123.7699966430664,54.81999969482422,81.54000091552734,43.186668395996094,31.110000610351562,161.25,53.84000015258789,66.91000366210938,56.9900016784668,36.369998931884766,23.989999771118164,72.16999816894531,82.05999755859375,60.439998626708984,13.430000305175781,167.07000732421875,126.08000183105469,20.698999404907227,23.399999618530273,52.310001373291016,59.0,50.0,112.68000030517578,45.68000030517578,100.33000183105469,246.00999450683594,35.84000015258789,115.44000244140625,88.30000305175781,77.5,50.029998779296875,61.67938995361328,45.189998626708984,23.360000610351562,2.6997499465942383,30.863378524780273,124.54000091552734,55.43000030517578,82.04000091552734,43.59333419799805,31.469999313354492,161.4499969482422,53.900001525878906,67.2300033569336,57.130001068115234,36.814998626708984,24.030000686645508,72.22000122070312,82.91000366210938,13562200,40479100,3116700,1825300,17357000,139711400,19785200,22359300,6063400,5811200,3360600,3862500,4141500,25734800,5539100,17932100,3311200,4359300,10629550,12958700,60685200,850632000,24205532,2420200,13072000,4672300,608400,5208600,2969400,7728300,2512300,16382900,21543400,75954300,10403000,11370500
2017-02-15,41.986328125,13.300000190734863,129.99363708496094,116.0517807006836,15.954180717468262,19.93879508972168,39.65769958496094,45.28960418701172,36.8804817199707,75.943115234375,31.054723739624023,73.74126434326172,206.26918029785156,29.640859603881836,90.87701416015625,70.86883544921875,69.63741302490234,38.2549934387207,46.77381134033203,35.65596008300781,22.45111083984375,2.6842057704925537,20.953760147094727,93.83430480957031,43.86274719238281,63.142677307128906,40.00273513793945,25.301054000854492,141.3028106689453,38.955142974853516,47.296234130859375,45.39311218261719,24.895267486572266,20.639162063598633,63.099544525146484,55.320369720458984,61.650001525878906,13.300000190734863,171.7899932861328,127.26000213623047,20.599000930786133,24.579999923706055,55.029998779296875,60.5,49.36000061035156,112.56999969482422,44.22999954223633,100.75,250.5399932861328,36.04999923706055,117.19999694824219,90.58999633789062,80.25,50.63999938964844,62.17557144165039,46.4900016784668,23.020000457763672,2.7249999046325684,31.793169021606445,127.76000213623047,56.4900016784668,81.75,43.793331146240234,31.75,164.2899932861328,55.13999938964844,67.76000213623047,58.54999923706055,36.685001373291016,24.520000457763672,73.66000366210938,83.16000366210938,61.84000015258789,13.4399995803833,172.0,127.27999877929688,20.694000244140625,24.770000457763672,55.34000015258789,60.869998931884766,50.290000915527344,113.23999786376953,47.25,101.47000122070312,251.9499969482422,36.060001373291016,117.45999908447266,90.87000274658203,80.54000091552734,51.15999984741211,62.85305404663086,46.75,23.260000228881836,2.744999885559082,31.859582901000977,127.91999816894531,56.5,82.37000274658203,43.836666107177734,31.799999237060547,164.88999938964844,55.369998931884766,67.95999908447266,59.0099983215332,36.880001068115234,24.56999969482422,73.80000305175781,83.18000030517578,60.400001525878906,13.149999618530273,167.0,125.30000305175781,20.479999542236328,24.110000610351562,53.599998474121094,59.70000076293945,49.310001373291016,112.20999908447266,43.81999969482422,100.3499984741211,248.50999450683594,35.66999816894531,115.58999633789062,89.3499984741211,78.05000305175781,50.27000045776367,61.8797721862793,46.0,22.790000915527344,2.694000005722046,31.015180587768555,125.37000274658203,55.4900016784668,81.62000274658203,43.356666564941406,31.5,162.5800018310547,54.52000045776367,67.19000244140625,57.88999938964844,36.564998626708984,24.270000457763672,72.63999938964844,82.45999908447266,60.91999816894531,13.199999809265137,167.32000732421875,125.44999694824219,20.582000732421875,24.34000015258789,53.70000076293945,60.15999984741211,49.83000183105469,112.20999908447266,46.29999923706055,100.91000366210938,250.5800018310547,35.97999954223633,115.9000015258789,90.08000183105469,78.33999633789062,50.790000915527344,61.92748260498047,46.380001068115234,23.06999969482422,2.7225000858306885,31.100568771362305,126.27999877929688,55.630001068115234,82.0,43.58000183105469,31.5,162.5800018310547,54.70000076293945,67.66999816894531,58.099998474121094,36.720001220703125,24.450000762939453,72.70999908447266,82.63999938964844,8927600,33722300,4058800,900800,17088000,151233300,11860800,22423900,7461800,7048100,9506800,2094000,4296600,18452200,5979700,17381800,4272800,4396100,18662050,10115100,28215800,373020000,48035523,2589500,14149200,4947600,703800,4577200,4537900,8029400,2572700,25350400,17853200,76869400,10091700,11768500
2017-02-16,41.870540618896484,12.970000267028809,130.23577880859375,116.06092071533203,16.123802185058594,19.93879508972168,39.11720657348633,45.19978332519531,36.11835861206055,74.6680679321289,30.9704647064209,73.31674194335938,205.363525390625,29.93686866760254,91.55935668945312,70.82190704345703,69.4551773071289,37.74128723144531,46.84560012817383,35.36451721191406,22.41209602355957,2.6411094665527344,21.02254295349121,93.24671936035156,44.165565490722656,62.66379928588867,40.06667709350586,25.75528335571289,140.75241088867188,38.86330032348633,46.48655319213867,45.05973815917969,24.555953979492188,20.58865737915039,63.01383972167969,54.74827575683594,61.47999954223633,12.970000267028809,172.11000061035156,127.2699966430664,20.81800079345703,24.579999923706055,54.279998779296875,60.380001068115234,48.34000015258789,110.68000030517578,44.11000061035156,100.16999816894531,249.44000244140625,36.40999984741211,118.08000183105469,90.52999877929688,80.04000091552734,49.959999084472656,62.270992279052734,46.11000061035156,22.979999542236328,2.6812500953674316,31.897533416748047,126.95999908447266,56.880001068115234,81.12999725341797,43.86333465576172,32.31999969482422,163.64999389648438,55.0099983215332,66.5999984741211,58.119998931884766,36.185001373291016,24.459999084472656,73.55999755859375,82.30000305175781,61.90999984741211,13.350000381469727,172.1699981689453,127.44000244140625,20.82200050354004,24.6200008392334,55.15999984741211,60.5,49.650001525878906,112.98999786376953,45.22999954223633,101.4800033569336,250.77999877929688,36.560001373291016,118.27999877929688,91.04000091552734,80.37999725341797,51.0,62.41412353515625,46.5,23.34000015258789,2.7360000610351562,32.15370178222656,127.66000366210938,56.900001525878906,82.16999816894531,43.936668395996094,32.4900016784668,164.97000122070312,55.08000183105469,67.61000061035156,58.36000061035156,36.77000045776367,24.530000686645508,73.75,83.41999816894531,60.810001373291016,12.84000015258789,170.3000030517578,126.4800033569336,20.51799964904785,24.299999237060547,53.91999816894531,59.7599983215332,48.27000045776367,110.43000030517578,44.029998779296875,99.83999633789062,248.44000244140625,36.099998474121094,117.0,89.7699966430664,79.41000366210938,49.86000061035156,61.507633209228516,45.79999923706055,22.850000381469727,2.6414999961853027,31.51802635192871,126.0,56.45000076293945,81.0,43.58333206176758,31.6299991607666,162.3300018310547,54.54999923706055,66.4000015258789,57.5099983215332,36.130001068115234,24.309999465942383,73.05999755859375,82.16999816894531,61.66999816894531,13.25,171.55999755859375,126.55000305175781,20.645999908447266,24.540000915527344,55.08000183105469,60.349998474121094,49.59000015258789,112.98999786376953,44.439998626708984,101.05999755859375,250.3000030517578,36.18000030517578,117.0,90.4000015258789,80.05000305175781,50.9900016784668,62.156490325927734,46.41999816894531,23.040000915527344,2.7347500324249268,31.736242294311523,127.30000305175781,56.58000183105469,82.12999725341797,43.84000015258789,31.719999313354492,164.77999877929688,55.040000915527344,67.56999969482422,58.36000061035156,36.720001220703125,24.489999771118164,73.68000030517578,83.12000274658203,5662000,52502500,2660600,1023500,17188000,98144500,9917100,15916600,9689100,9478200,6199400,3154100,2286300,21317500,7119300,17672700,3629600,2955400,12938922,10752500,23819800,647176000,40402244,1930800,11622900,5097900,930600,13197100,3191600,6204100,5266500,14694500,22750800,64048200,11332600,10615000
2017-02-17,42.06804275512695,13.130000114440918,131.12869262695312,115.70523071289062,16.29652214050293,19.890125274658203,39.340614318847656,45.04256820678711,35.49820327758789,74.43192291259766,31.012592315673828,72.48235321044922,206.13739013671875,29.994415283203125,92.1641616821289,70.58722686767578,69.75890350341797,37.78662872314453,46.93891143798828,35.39518356323242,22.7729549407959,2.640618085861206,21.02254295349121,93.17326354980469,43.83946228027344,62.29307174682617,40.27372741699219,25.77121925354004,135.5661163330078,38.77145767211914,45.7117805480957,45.036476135253906,24.420238494873047,20.597078323364258,63.099544525146484,54.3890495300293,61.77000045776367,13.130000114440918,173.2899932861328,126.87999725341797,21.041000366210938,24.520000457763672,54.59000015258789,60.16999816894531,47.5099983215332,110.33000183105469,44.16999816894531,99.02999877929688,250.3800048828125,36.47999954223633,118.86000061035156,90.2300033569336,80.38999938964844,50.02000045776367,62.39503860473633,46.150001525878906,23.350000381469727,2.6807498931884766,31.897533416748047,126.86000061035156,56.459999084472656,80.6500015258789,44.09000015258789,32.34000015258789,157.6199951171875,54.880001068115234,65.48999786376953,58.09000015258789,35.98500061035156,24.469999313354492,73.66000366210938,81.76000213623047,62.08000183105469,13.140000343322754,173.36000061035156,126.87999725341797,21.041000366210938,24.579999923706055,54.720001220703125,60.16999816894531,48.2400016784668,110.56999969482422,44.27000045776367,100.0199966430664,250.55999755859375,36.47999954223633,118.9000015258789,90.47000122070312,81.0,50.04999923706055,62.5572509765625,46.16999816894531,23.3799991607666,2.6852500438690186,32.15370178222656,126.88999938964844,56.939998626708984,81.12000274658203,44.0966682434082,32.380001068115234,160.16000366210938,54.880001068115234,66.51000213623047,58.099998474121094,36.10499954223633,24.469999313354492,73.69999694824219,82.19000244140625,61.16999816894531,12.600000381469727,168.88999938964844,125.81999969482422,20.68199920654297,24.200000762939453,54.08000183105469,59.400001525878906,47.099998474121094,109.2699966430664,43.61000061035156,98.43000030517578,247.11000061035156,36.099998474121094,118.05000305175781,89.69000244140625,80.06999969482422,49.40999984741211,61.889312744140625,45.400001525878906,23.010000228881836,2.6197500228881836,31.812143325805664,125.44999694824219,56.04999923706055,80.54000091552734,43.49333190917969,32.02000045776367,156.49000549316406,54.5,65.11000061035156,57.45000076293945,35.869998931884766,24.25,73.27999877929688,81.44000244140625,61.540000915527344,12.789999961853027,171.35000610351562,125.83999633789062,20.899999618530273,24.280000686645508,54.29999923706055,59.70000076293945,48.220001220703125,110.41999816894531,43.880001068115234,99.91000366210938,247.50999450683594,36.31999969482422,118.19000244140625,89.81999969482422,80.13999938964844,49.66999816894531,62.213741302490234,45.54999923706055,23.010000228881836,2.6675000190734863,31.869070053100586,125.7300033569336,56.849998474121094,80.94999694824219,43.63999938964844,32.099998474121094,159.0,54.779998779296875,66.31999969482422,57.58000183105469,36.0,24.280000686645508,73.27999877929688,82.08999633789062,8124400,40888000,4154900,808100,30945000,85789200,9706100,15120600,10694000,8111000,3362900,3023200,3262300,18909900,8691400,15776600,3111100,3352700,9482618,8310100,22108700,563740000,36882306,1734000,12456600,4345600,996300,7518200,12033600,6011600,4808800,15783200,23290000,54156600,12118400,15646000
2017-02-21,42.10892105102539,14.0,131.0151824951172,116.35271453857422,16.477750778198242,20.101030349731445,39.477542877197266,45.32704162597656,35.96144104003906,75.36968231201172,31.637483596801758,72.80441284179688,207.2735137939453,30.027305603027344,92.78451538085938,71.19741821289062,69.73286437988281,38.05857849121094,47.003509521484375,35.70964813232422,23.182575225830078,2.7351813316345215,21.02254295349121,93.6800308227539,44.06462860107422,62.316226959228516,40.843109130859375,25.763242721557617,138.10333251953125,38.997535705566406,46.2562255859375,45.16051483154297,24.58649444580078,20.698081970214844,63.382179260253906,54.475521087646484,61.83000183105469,14.0,173.13999938964844,127.58999633789062,21.274999618530273,24.780000686645508,54.779998779296875,60.54999923706055,48.130001068115234,111.72000122070312,45.060001373291016,99.47000122070312,251.75999450683594,36.52000045776367,119.66000366210938,91.01000213623047,80.36000061035156,50.380001068115234,62.48091506958008,46.560001373291016,23.770000457763672,2.776750087738037,31.897533416748047,127.55000305175781,56.75,80.68000030517578,44.71333312988281,32.33000183105469,160.57000732421875,55.20000076293945,66.2699966430664,58.25,36.22999954223633,24.59000015258789,73.98999786376953,81.88999938964844,62.11000061035156,14.100000381469727,173.5,127.5999984741211,21.36199951171875,24.799999237060547,57.209999084472656,60.689998626708984,48.52000045776367,112.30999755859375,45.619998931884766,100.8499984741211,252.64999389648438,36.650001525878906,119.88999938964844,91.1500015258789,80.87000274658203,50.61000061035156,62.76717758178711,46.70000076293945,23.979999542236328,2.780750036239624,32.06830978393555,127.83999633789062,57.189998626708984,81.55000305175781,44.72999954223633,32.470001220703125,160.82000732421875,55.310001373291016,66.47000122070312,58.630001068115234,36.42499923706055,24.649999618530273,74.2300033569336,82.1500015258789,61.5,13.399999618530273,171.86000061035156,125.25,21.090999603271484,24.579999923706055,53.40999984741211,60.22999954223633,47.81999969482422,110.5999984741211,44.36000061035156,99.43000030517578,250.7100067138672,36.33000183105469,118.31999969482422,90.45999908447266,80.11000061035156,49.9900016784668,61.92748260498047,46.27000045776367,23.579999923706055,2.7054998874664307,31.764705657958984,126.7699966430664,56.58000183105469,80.5999984741211,44.2400016784668,32.16999816894531,157.52000427246094,54.93000030517578,65.52999877929688,57.900001525878906,36.17499923706055,24.510000228881836,73.6500015258789,81.30000305175781,61.84000015258789,13.40999984741211,172.85000610351562,125.27999877929688,21.100000381469727,24.59000015258789,54.40999984741211,60.290000915527344,48.130001068115234,110.7300033569336,44.560001373291016,100.41000366210938,251.0,36.529998779296875,118.4000015258789,90.51000213623047,80.16999816894531,50.47999954223633,61.92748260498047,46.27000045776367,23.6200008392334,2.705749988555908,31.850095748901367,127.43000030517578,56.83000183105469,81.4800033569336,44.2400016784668,32.38999938964844,157.6199951171875,55.0,65.9800033569336,58.25,36.32500076293945,24.600000381469727,73.6500015258789,82.12000274658203,8503500,66357100,3941200,3895800,30333000,78571500,26919300,15812700,9577200,6619100,4971900,2737200,2794900,20556000,8595100,14068300,3178800,3963500,7740633,7628400,20256300,551952000,25391598,1748600,9878200,4746100,2010900,5475400,5419000,5639400,4499600,16916800,23605000,55216100,10651800,16419600
2017-02-22,41.788822174072266,14.279999732971191,130.61415100097656,112.92385864257812,16.586965560913086,20.109140396118164,39.8883171081543,45.37943649291992,35.191864013671875,74.4656753540039,30.724721908569336,71.38447570800781,207.2489013671875,29.657312393188477,92.67594146728516,71.23653411865234,70.34900665283203,37.627994537353516,46.86713790893555,35.6789665222168,23.163070678710938,2.7309892177581787,21.0037841796875,93.83430480957031,44.33639144897461,61.55928421020508,40.85223388671875,25.55605697631836,138.10333251953125,39.075252532958984,46.074745178222656,45.24580383300781,24.21324920654297,20.714921951293945,63.28800582885742,53.83689498901367,61.36000061035156,14.279999732971191,172.61000061035156,123.83000183105469,21.416000366210938,24.790000915527344,55.349998474121094,60.619998931884766,47.099998474121094,110.37999725341797,43.7599983215332,97.52999877929688,251.72999572753906,36.06999969482422,119.5199966430664,91.05999755859375,81.06999969482422,49.810001373291016,62.299617767333984,46.52000045776367,23.75,2.7690000534057617,31.869070053100586,127.76000213623047,57.099998474121094,79.69999694824219,44.723331451416016,32.06999969482422,160.57000732421875,55.310001373291016,66.01000213623047,58.36000061035156,35.68000030517578,24.610000610351562,73.87999725341797,80.93000030517578,61.95000076293945,14.5,174.6999969482422,125.51000213623047,21.493000030517578,24.950000762939453,56.45000076293945,60.95000076293945,47.939998626708984,111.77999877929688,44.970001220703125,99.19999694824219,252.35000610351562,36.400001525878906,119.7699966430664,91.30000305175781,81.20999908447266,50.369998931884766,62.738548278808594,46.81999969482422,24.059999465942383,2.7950000762939453,32.0208740234375,128.52000427246094,57.099998474121094,80.54000091552734,44.779998779296875,32.20000076293945,161.77999877929688,55.40999984741211,66.55000305175781,58.59000015258789,36.099998474121094,24.68000030517578,74.13999938964844,81.69999694824219,61.29999923706055,14.039999961853027,171.88999938964844,123.58000183105469,21.149999618530273,24.540000915527344,55.290000915527344,60.02000045776367,47.029998779296875,110.30999755859375,43.709999084472656,97.45999908447266,250.0,35.790000915527344,119.25,90.41999816894531,80.33000183105469,49.56999969482422,62.10877990722656,46.13999938964844,23.649999618530273,2.7497498989105225,31.546489715576172,126.69000244140625,56.47999954223633,79.66000366210938,44.543331146240234,31.90999984741211,159.63999938964844,54.88999938964844,65.73999786376953,58.0,35.654998779296875,24.450000762939453,73.81999969482422,80.87000274658203,61.720001220703125,14.300000190734863,172.3300018310547,125.0999984741211,21.299999237060547,24.610000610351562,55.4900016784668,60.18000030517578,47.79999923706055,111.19000244140625,44.5,98.76000213623047,250.05999755859375,36.34000015258789,119.27999877929688,90.5199966430664,80.41999816894531,50.099998474121094,62.5,46.209999084472656,23.860000610351562,2.7855000495910645,31.850095748901367,126.77999877929688,56.779998779296875,80.37999725341797,44.62666702270508,32.20000076293945,160.91000366210938,54.959999084472656,66.12999725341797,58.0,36.060001373291016,24.489999771118164,73.9000015258789,81.6500015258789,6422200,71505000,2579800,2312100,23949000,81531900,21293700,16025700,8007700,5732000,4805800,2596500,2378800,29904400,5103900,11839000,3468800,3157900,9096221,7612800,16013300,433772000,28676494,1541700,8711500,5905400,674700,5296200,2725300,4851700,4240400,12344200,23078800,50438900,6634300,12917400
2017-02-23,42.18383026123047,14.319999694824219,131.6735076904297,112.87826538085938,16.3096866607666,19.93879508972168,40.19099426269531,45.37943649291992,35.3412971496582,74.89742279052734,30.886215209960938,71.41374206542969,206.80430603027344,29.747751235961914,94.36634063720703,71.2912826538086,71.63325500488281,38.03591537475586,47.26911163330078,35.7249870300293,22.899744033813477,2.4777629375457764,21.297670364379883,94.11337280273438,44.367462158203125,62.15403366088867,40.18846893310547,25.301054000854492,139.849365234375,39.13883590698242,46.78669357299805,45.346595764160156,24.31504249572754,20.714921951293945,63.750572204589844,54.402347564697266,61.939998626708984,14.319999694824219,174.00999450683594,123.77999877929688,21.058000564575195,24.579999923706055,55.77000045776367,60.619998931884766,47.29999923706055,111.0199966430664,43.9900016784668,97.56999969482422,251.19000244140625,36.18000030517578,121.69999694824219,91.12999725341797,82.55000305175781,50.349998474121094,62.83396911621094,46.58000183105469,23.479999542236328,2.5122499465942383,32.31499099731445,128.13999938964844,57.13999938964844,80.47000122070312,43.996665954589844,31.75,162.60000610351562,55.400001525878906,67.02999877929688,58.4900016784668,35.83000183105469,24.610000610351562,74.41999816894531,81.77999877929688,62.2400016784668,14.449999809265137,174.00999450683594,124.62000274658203,21.59600067138672,24.889999389648438,56.09000015258789,60.84000015258789,47.86000061035156,111.83000183105469,44.95000076293945,99.19000244140625,251.89999389648438,36.29999923706055,121.9000015258789,91.33999633789062,82.87999725341797,50.650001525878906,63.082061767578125,46.59000015258789,23.969999313354492,2.659749984741211,32.371917724609375,128.22999572753906,57.310001373291016,80.70999908447266,44.67333221435547,32.150001525878906,162.60000610351562,55.5099983215332,67.38999938964844,58.59000015258789,36.13999938964844,24.670000076293945,74.55000305175781,82.22000122070312,61.45000076293945,13.819999694824219,171.88999938964844,123.25,20.964000701904297,24.510000228881836,55.02000045776367,60.22999954223633,47.029998779296875,110.75,43.4900016784668,96.55000305175781,249.32000732421875,35.900001525878906,119.4800033569336,90.5199966430664,81.13999938964844,49.91999816894531,62.356868743896484,46.20000076293945,23.229999542236328,2.492000102996826,31.859582901000977,126.83999633789062,56.77000045776367,79.87999725341797,43.706668853759766,31.729999542236328,160.69000244140625,55.060001373291016,66.54000091552734,58.060001373291016,35.60499954223633,24.469999313354492,73.87000274658203,81.02999877929688,61.68000030517578,14.199999809265137,172.75,124.52999877929688,21.507999420166016,24.790000915527344,55.630001068115234,60.63999938964844,47.790000915527344,111.33999633789062,44.849998474121094,99.19000244140625,251.30999755859375,36.2400016784668,119.5199966430664,91.18000030517578,81.37999725341797,50.38999938964844,62.51908493041992,46.58000183105469,23.920000076293945,2.637500047683716,31.973434448242188,127.83999633789062,57.0099983215332,80.47000122070312,44.66999816894531,32.150001525878906,161.3300018310547,55.29999923706055,66.58000183105469,58.43000030517578,36.08000183105469,24.6200008392334,73.95999908447266,81.41999816894531,8057700,80317600,2190800,764500,29364000,85846000,14410400,14624400,7846400,8659700,4982400,3211800,2594700,22775000,9980900,11067000,6193500,2673300,7184669,11877100,20172900,1592888000,32122863,1221200,10152800,5754100,1778100,5291200,2459600,7268000,4208200,13841400,34780200,53509400,8685600,13847000
2017-02-24,42.28598403930664,14.119999885559082,132.08973693847656,111.73836517333984,16.29342269897461,19.65488624572754,40.67382049560547,44.585933685302734,35.147029876708984,74.29029083251953,30.057722091674805,70.48419952392578,203.642822265625,30.0355224609375,95.79470825195312,70.66548156738281,71.91092681884766,37.7941780090332,47.491641998291016,34.91967010498047,22.665674209594727,2.501680374145508,21.422727584838867,93.18798065185547,44.42957305908203,61.90688705444336,40.16106033325195,25.436527252197266,140.24496459960938,38.9268913269043,46.570316314697266,44.819400787353516,24.08770179748535,20.55499267578125,64.05896759033203,53.93669509887695,62.09000015258789,14.119999885559082,174.55999755859375,122.52999877929688,21.03700065612793,24.229999542236328,56.439998626708984,59.560001373291016,47.040000915527344,110.12000274658203,42.810001373291016,96.30000305175781,247.35000610351562,36.529998779296875,122.7300033569336,90.33000183105469,82.87000274658203,50.029998779296875,63.1297721862793,45.529998779296875,23.239999771118164,2.5364999771118164,32.50474548339844,126.87999725341797,57.220001220703125,80.1500015258789,43.96666717529297,31.920000076293945,163.05999755859375,55.099998474121094,66.72000122070312,57.810001373291016,35.494998931884766,24.420000076293945,74.77999877929688,81.08000183105469,62.22999954223633,14.319999694824219,174.72000122070312,122.94999694824219,21.065000534057617,24.350000381469727,56.470001220703125,60.18000030517578,47.4900016784668,111.0199966430664,43.88999938964844,97.5,248.8800048828125,36.529998779296875,122.73999786376953,90.54000091552734,83.23999786376953,50.040000915527344,63.1297721862793,45.95000076293945,23.260000228881836,2.549999952316284,32.59013366699219,127.41999816894531,57.22999954223633,80.4000015258789,43.973331451416016,31.920000076293945,163.08999633789062,55.369998931884766,66.9000015258789,57.90999984741211,35.70500183105469,24.479999542236328,74.81999969482422,81.80000305175781,61.4900016784668,13.859999656677246,172.47999572753906,121.63999938964844,20.26099967956543,24.020000457763672,55.880001068115234,59.11000061035156,46.709999084472656,109.47000122070312,42.560001373291016,95.6500015258789,246.10000610351562,35.95000076293945,120.9000015258789,89.7300033569336,82.23999786376953,49.43000030517578,62.624046325683594,45.2400016784668,22.639999389648438,2.3924999237060547,32.24857711791992,126.13999938964844,56.5,79.4800033569336,43.133331298828125,31.469999313354492,161.74000549316406,54.849998474121094,65.83000183105469,57.31999969482422,35.314998626708984,24.309999465942383,74.2699966430664,80.76000213623047,61.91999816894531,14.0,173.2899932861328,122.29000091552734,20.83799934387207,24.1200008392334,55.91999816894531,59.880001068115234,47.0099983215332,110.9000015258789,43.5,96.5199966430664,247.6999969482422,36.13999938964844,121.5,90.18000030517578,82.41999816894531,50.0,62.643131256103516,45.88999938964844,22.959999084472656,2.4267499446868896,32.41935348510742,126.91999816894531,57.02000045776367,79.66000366210938,43.293331146240234,31.610000610351562,162.6699981689453,55.0,66.55000305175781,57.70000076293945,35.56999969482422,24.350000381469727,74.30000305175781,81.5999984741211,6536400,46288600,2677300,1442500,27651000,97074400,11382500,19900300,6749500,6189400,4574400,3590300,3565400,18617600,10835000,15062300,4016000,3118700,8849626,11837200,22019600,1029904000,26046448,2586300,10644800,5464100,1569600,3687100,2715700,7596100,3670700,16379100,27995200,61686800,9103000,11338700
2017-02-27,42.3745231628418,15.199999809265137,133.27767944335938,112.07576751708984,16.518796920776367,19.930688858032227,40.760318756103516,44.9302864074707,35.3861198425293,75.38993835449219,30.233251571655273,71.66259002685547,205.27297973632812,30.019075393676758,95.53711700439453,70.74368286132812,72.0758056640625,38.345645904541016,47.26911163330078,35.157432556152344,23.172822952270508,2.5744175910949707,21.435239791870117,94.10604858398438,44.46092224121094,62.6097412109375,40.544708251953125,25.12574577331543,142.2403106689453,39.06111145019531,46.933265686035156,45.01321029663086,24.294687271118164,20.664419174194336,64.3673324584961,54.242698669433594,62.220001220703125,15.199999809265137,176.1300048828125,122.9000015258789,21.327999114990234,24.56999969482422,56.560001373291016,60.02000045776367,47.36000061035156,111.75,43.060001373291016,97.91000366210938,249.3300018310547,36.5099983215332,122.4000015258789,90.43000030517578,83.05999755859375,50.7599983215332,62.83396911621094,45.84000015258789,23.760000228881836,2.6102499961853027,32.523719787597656,128.1300048828125,56.72999954223633,81.05999755859375,44.38666534423828,31.530000686645508,165.3800048828125,55.290000915527344,67.23999786376953,58.060001373291016,35.79999923706055,24.549999237060547,75.13999938964844,81.54000091552734,62.369998931884766,15.350000381469727,176.27000427246094,123.0199966430664,21.344999313354492,24.65999984741211,57.0,60.2400016784668,47.63999938964844,112.2699966430664,43.45000076293945,98.2300033569336,249.75999450683594,36.68000030517578,122.87999725341797,90.7300033569336,83.4000015258789,50.939998626708984,62.91984558105469,46.029998779296875,23.770000457763672,2.625499963760376,32.694496154785156,128.49000549316406,56.97999954223633,81.81999969482422,44.4033317565918,31.81999969482422,165.4600067138672,55.349998474121094,67.44999694824219,58.25,35.95500183105469,24.600000381469727,75.18000030517578,81.70999908447266,61.68000030517578,14.270000457763672,173.7100067138672,122.08000183105469,21.018999099731445,24.190000534057617,56.2400016784668,59.40999984741211,46.970001220703125,110.37000274658203,42.630001068115234,96.30000305175781,246.61000061035156,36.27000045776367,122.0999984741211,90.0199966430664,82.66000366210938,49.9900016784668,62.5572509765625,45.459999084472656,23.149999618530273,2.5390000343322754,32.40986633300781,126.80000305175781,56.310001373291016,80.16000366210938,43.893333435058594,31.479999542236328,162.80999755859375,55.0099983215332,66.33999633789062,57.709999084472656,35.470001220703125,24.440000534057617,74.66999816894531,80.80999755859375,62.02000045776367,14.270000457763672,174.2100067138672,122.29000091552734,21.066999435424805,24.200000762939453,56.5,59.560001373291016,47.22999954223633,110.6500015258789,43.06999969482422,96.77999877929688,247.2100067138672,36.41999816894531,122.12999725341797,90.31999969482422,82.83000183105469,50.02000045776367,62.76717758178711,45.52000045776367,23.360000610351562,2.555000066757202,32.476280212402344,127.19000244140625,56.560001373291016,80.2300033569336,43.9900016784668,31.81999969482422,163.16000366210938,55.189998626708984,66.66000366210938,57.810001373291016,35.529998779296875,24.450000762939453,74.83000183105469,81.12999725341797,5214100,95422900,2850700,736500,26991000,69129100,11285300,15711400,6208300,7275800,7623600,5156900,2372600,14065200,5946200,12361000,3104200,5134400,7476222,7887000,17999800,715400000,23009136,1895300,7127600,8033000,3659400,5841900,4071800,6378800,3129100,10101000,47372800,39655000,8178200,13465900
2017-02-28,42.115726470947266,14.460000038146973,133.58042907714844,110.97235107421875,16.336795806884766,20.019912719726562,40.868412017822266,44.77307891845703,35.543033599853516,75.89592742919922,30.443878173828125,70.9892349243164,204.7611846923828,29.764198303222656,95.38880157470703,70.89231872558594,71.85887145996094,37.46934509277344,47.283477783203125,35.02705001831055,22.86073112487793,2.502173662185669,21.335186004638672,93.44505310058594,44.264984130859375,62.069068908691406,40.027099609375,25.077930450439453,142.2403106689453,38.85623550415039,47.42885208129883,44.8736572265625,24.220027923583984,20.655996322631836,64.23883819580078,54.09633255004883,61.84000015258789,14.460000038146973,176.52999877929688,121.69000244140625,21.093000411987305,24.68000030517578,56.709999084472656,59.810001373291016,47.56999969482422,112.5,43.36000061035156,96.98999786376953,248.05999755859375,36.20000076293945,122.20999908447266,90.62000274658203,82.80999755859375,49.599998474121094,62.85305404663086,45.66999816894531,23.440000534057617,2.5369999408721924,32.371917724609375,127.2300033569336,56.47999954223633,80.36000061035156,43.81999969482422,31.469999313354492,165.3800048828125,55.0,67.94999694824219,57.880001068115234,35.689998626708984,24.540000915527344,74.98999786376953,81.31999969482422,62.400001525878906,15.550000190734863,178.25,122.22000122070312,21.43400001525879,24.700000762939453,56.93000030517578,60.09000015258789,47.66999816894531,112.76000213623047,43.84000015258789,99.55000305175781,249.0,36.459999084472656,122.6500015258789,90.81999969482422,83.4800033569336,51.16999816894531,63.1202278137207,45.83000183105469,23.950000762939453,2.630000114440918,32.50474548339844,127.9800033569336,56.52000045776367,80.86000061035156,44.46666717529297,31.68000030517578,166.75999450683594,55.189998626708984,69.41000366210938,58.31999969482422,35.86000061035156,24.549999237060547,75.2300033569336,81.98999786376953,61.689998626708984,14.350000381469727,175.4199981689453,121.41000366210938,21.030000686645508,24.420000076293945,56.209999084472656,59.47999954223633,47.0,111.48999786376953,42.86000061035156,95.29000091552734,245.61000061035156,36.0,121.94000244140625,89.58999633789062,82.58000183105469,49.4900016784668,62.643131256103516,45.130001068115234,23.31999969482422,2.5195000171661377,32.17267608642578,126.66000366210938,55.88999938964844,80.0,43.72999954223633,31.399999618530273,164.89999389648438,54.81999969482422,67.22000122070312,57.72999954223633,35.59000015258789,24.3799991607666,74.7699966430664,81.05000305175781,62.11000061035156,15.449999809265137,175.4600067138672,121.5,21.413999557495117,24.479999542236328,56.540000915527344,59.66999816894531,47.16999816894531,111.66000366210938,42.95000076293945,99.5,248.0,36.41999816894531,122.01000213623047,89.8499984741211,82.81999969482422,50.5,62.79580307006836,45.599998474121094,23.790000915527344,2.619999885559082,32.35293960571289,127.36000061035156,56.4900016784668,80.86000061035156,44.46666717529297,31.59000015258789,165.47000122070312,55.040000915527344,67.27999877929688,57.9900016784668,35.69499969482422,24.459999084472656,74.93000030517578,81.52999877929688,6756100,141783000,3370400,1033500,27548000,90242000,9046000,17237500,6710600,7030200,5194200,6369300,3627100,24977000,8885500,15183500,3672000,5659400,8112044,13789400,21447500,625360000,28964658,2343300,10388200,7842000,1295400,6040800,4382100,6846600,9074700,15558900,28036800,48913000,10258600,16834200
2017-03-01,42.78996658325195,14.960000038146973,134.87437438964844,112.59558868408203,16.662866592407227,20.748126983642578,41.207115173339844,46.068138122558594,36.648841857910156,76.8268814086914,31.3355770111084,73.22891998291016,208.5995330810547,29.54220199584961,96.67670440673828,73.22360229492188,72.7613296508789,38.5193977355957,47.527530670166016,35.90138626098633,23.94329833984375,2.5344741344451904,21.522781372070312,96.10376739501953,44.680362701416016,63.544342041015625,40.651268005371094,25.165584564208984,144.44210815429688,39.85236358642578,47.798805236816406,46.30793762207031,24.705245971679688,21.245214462280273,64.88131713867188,55.22723388671875,62.83000183105469,14.960000038146973,178.24000549316406,123.47000122070312,21.513999938964844,25.5,57.18000030517578,61.540000915527344,49.04999923706055,113.87999725341797,44.630001068115234,100.05000305175781,252.7100067138672,35.93000030517578,123.86000061035156,93.5999984741211,83.8499984741211,50.9900016784668,63.17748260498047,46.810001373291016,24.549999237060547,2.5697500705718994,32.65654754638672,130.85000610351562,57.0099983215332,82.2699966430664,44.503334045410156,31.579999923706055,167.94000244140625,56.40999984741211,68.4800033569336,59.72999954223633,36.404998779296875,25.239999771118164,75.73999786376953,83.0199966430664,62.93000030517578,15.09000015258789,179.67999267578125,123.91999816894531,21.538999557495117,25.610000610351562,57.2400016784668,61.939998626708984,49.22999954223633,114.38999938964844,44.77000045776367,100.41999816894531,255.14999389648438,36.099998474121094,124.44999694824219,93.9800033569336,84.13999938964844,51.5,63.74045944213867,47.16999816894531,24.579999923706055,2.609250068664551,32.76091003417969,131.8300018310547,57.08000183105469,82.69000244140625,44.563331604003906,31.600000381469727,168.60000610351562,56.61000061035156,69.83999633789062,59.9900016784668,36.56999969482422,25.290000915527344,75.93000030517578,83.33000183105469,61.95000076293945,14.520000457763672,175.75999450683594,122.43000030517578,21.055999755859375,25.219999313354492,56.52000045776367,61.0,47.86000061035156,112.87999725341797,43.56999969482422,98.01000213623047,251.25999450683594,35.439998626708984,122.41999816894531,92.61000061035156,82.97000122070312,49.970001220703125,62.872135162353516,46.61000061035156,24.06999969482422,2.527750015258789,32.305503845214844,129.86000061035156,56.27000045776367,80.5999984741211,43.91999816894531,31.260000228881836,166.35000610351562,55.81999969482422,68.19000244140625,59.09000015258789,35.994998931884766,24.979999542236328,75.22000122070312,81.69999694824219,62.15999984741211,15.079999923706055,178.0,122.5,21.30699920654297,25.3700008392334,57.0,61.20000076293945,48.0,112.91999816894531,43.95000076293945,98.25,253.7100067138672,35.849998474121094,122.48999786376953,92.79000091552734,83.44000244140625,50.0,63.04389190673828,46.95000076293945,24.15999984741211,2.594749927520752,32.51423263549805,130.47999572753906,56.93000030517578,80.91000366210938,44.3466682434082,31.420000076293945,166.72000122070312,55.869998931884766,68.51000213623047,59.11000061035156,36.02000045776367,25.010000228881836,75.44000244140625,81.69999694824219,7737400,73450400,3532300,1274400,51155000,143947500,13349300,26421700,9194500,7353800,4669400,3775900,5218300,34085900,9393900,24451400,3420600,5952800,11193374,14373700,27989300,504804000,34034925,3367200,11082400,6692400,1316700,4910300,3514200,8689700,4921900,25912700,37995200,92150000,15196600,17482100
2017-03-02,43.07599639892578,13.899999618530273,134.74575805664062,110.8629150390625,16.829374313354492,20.528440475463867,40.97650909423828,45.38692855834961,36.0212287902832,76.47608184814453,30.521116256713867,72.07250213623047,207.23756408691406,29.52576446533203,96.4971694946289,72.08141326904297,71.94564056396484,38.557159423828125,47.4342155456543,35.494895935058594,24.0895938873291,2.4410247802734375,21.57905387878418,93.65068054199219,44.178775787353516,62.52477264404297,40.23414611816406,24.599796295166016,143.90029907226562,39.195343017578125,46.38185501098633,45.517154693603516,24.47112274169922,20.916933059692383,64.6756820678711,55.41349792480469,63.25,13.899999618530273,178.07000732421875,121.56999969482422,21.729000091552734,25.229999542236328,56.86000061035156,60.630001068115234,48.209999084472656,113.36000061035156,43.470001220703125,98.47000122070312,251.05999755859375,35.90999984741211,123.62999725341797,92.13999938964844,82.91000366210938,51.040000915527344,63.053436279296875,46.279998779296875,24.700000762939453,2.4749999046325684,32.74193572998047,127.51000213623047,56.369998931884766,80.94999694824219,44.04666519165039,30.8700008392334,167.30999755859375,55.47999954223633,66.44999694824219,58.709999084472656,36.060001373291016,24.850000381469727,75.5,83.30000305175781,63.599998474121094,14.779999732971191,178.86000061035156,122.55000305175781,22.49799919128418,25.799999237060547,57.4900016784668,61.869998931884766,48.81999969482422,114.2699966430664,44.150001525878906,99.70999908447266,254.24000549316406,36.02000045776367,124.36000061035156,93.91999816894531,83.94999694824219,51.40999984741211,63.53053283691406,47.09000015258789,25.25,2.571000099182129,32.96963882446289,131.00999450683594,57.150001525878906,82.16000366210938,44.71666717529297,31.239999771118164,168.42999267578125,56.560001373291016,68.37999725341797,59.790000915527344,36.404998779296875,25.299999237060547,75.88999938964844,84.25,62.599998474121094,13.869999885559082,176.82000732421875,121.4800033569336,21.601999282836914,25.200000762939453,56.59000015258789,60.59000015258789,47.90999984741211,113.30999755859375,43.34000015258789,98.23999786376953,250.97000122070312,35.650001525878906,123.0199966430664,92.02999877929688,82.83999633789062,50.400001525878906,62.97710037231445,46.040000915527344,24.3799991607666,2.472249984741211,32.65654754638672,127.38999938964844,56.2400016784668,80.81999969482422,44.0,30.790000915527344,166.9600067138672,55.38999938964844,65.93000030517578,58.56999969482422,36.04499816894531,24.84000015258789,75.48999786376953,82.79000091552734,62.779998779296875,14.59000015258789,177.72000122070312,121.77999877929688,22.410999298095703,25.68000030517578,56.88999938964844,61.68000030517578,48.619998931884766,113.66999816894531,43.9900016784668,99.18000030517578,253.52000427246094,35.93000030517578,123.75,93.87000274658203,83.87000274658203,50.900001525878906,63.33969497680664,47.08000183105469,24.8799991607666,2.5567500591278076,32.694496154785156,130.97999572753906,56.95000076293945,81.63999938964844,44.606666564941406,31.190000534057617,168.32000732421875,56.54999923706055,68.22000122070312,59.779998779296875,36.224998474121094,25.290000915527344,75.62000274658203,82.80000305175781,8190000,104330900,3493000,961800,71171000,99824600,12103700,17270300,5955300,5892500,4393000,3048900,3020000,23602100,6950200,16862500,3371600,4947400,9062790,8477000,45941900,754332000,26952993,2092400,8451700,5104500,1290300,8561100,1889800,6431200,7343000,17578600,21540600,69446200,7889300,14170300
2017-03-03,43.137290954589844,13.029999732971191,136.35743713378906,112.14875030517578,16.909156799316406,20.699310302734375,41.264766693115234,45.663909912109375,35.729827880859375,76.60424041748047,30.43685531616211,72.14568328857422,208.74810791015625,29.517528533935547,96.6220703125,72.59774780273438,72.70059204101562,38.73091506958008,47.79314041137695,35.91671371459961,24.938091278076172,2.4269697666168213,21.585308074951172,93.88570404052734,44.23363494873047,62.3316764831543,40.21283721923828,24.583860397338867,144.665771484375,39.244789123535156,46.12360763549805,45.656700134277344,24.42701530456543,21.0179386138916,64.93270874023438,54.85472106933594,63.34000015258789,13.029999732971191,180.1999969482422,122.9800033569336,21.832000732421875,25.440000534057617,57.2599983215332,61.0,47.81999969482422,113.55000305175781,43.349998474121094,98.56999969482422,252.88999938964844,35.900001525878906,123.79000091552734,92.80000305175781,83.77999877929688,51.27000045776367,63.53053283691406,46.83000183105469,25.56999969482422,2.460750102996826,32.75142288208008,127.83000183105469,56.439998626708984,80.69999694824219,44.02333450317383,30.850000381469727,168.1999969482422,55.54999923706055,66.08000183105469,58.88999938964844,35.994998931884766,24.969999313354492,75.80000305175781,82.45999908447266,63.529998779296875,13.579999923706055,180.52999877929688,122.98999786376953,22.0,25.649999618530273,57.34000015258789,61.25,48.439998626708984,113.88999938964844,43.9900016784668,99.30999755859375,254.75,36.09000015258789,123.93000030517578,93.11000061035156,83.9000015258789,51.380001068115234,63.568702697753906,47.060001373291016,25.68000030517578,2.469249963760376,32.87476348876953,128.25,56.56999969482422,81.58000183105469,44.130001068115234,30.920000076293945,168.4499969482422,55.709999084472656,67.19999694824219,59.2400016784668,36.255001068115234,25.030000686645508,75.86000061035156,83.5999984741211,62.83000183105469,12.789999961853027,177.5500030517578,121.83000183105469,21.770000457763672,25.299999237060547,56.630001068115234,60.33000183105469,47.63999938964844,113.20999908447266,43.189998626708984,98.12000274658203,251.05999755859375,35.66999816894531,123.2300033569336,92.13999938964844,82.5999984741211,50.79999923706055,62.79580307006836,46.220001220703125,24.979999542236328,2.4054999351501465,32.5996208190918,126.9800033569336,56.0,80.6500015258789,43.766666412353516,30.540000915527344,166.6199951171875,55.380001068115234,66.0,58.66999816894531,35.915000915527344,24.860000610351562,75.36000061035156,82.26000213623047,63.11000061035156,13.550000190734863,178.4600067138672,122.76000213623047,21.799999237060547,25.299999237060547,56.7400016784668,60.38999938964844,48.189998626708984,113.36000061035156,43.70000076293945,98.5,251.05999755859375,35.939998626708984,123.62999725341797,92.13999938964844,82.69999694824219,51.18000030517578,63.053436279296875,46.27000045776367,25.200000762939453,2.464250087738037,32.74193572998047,127.41000366210938,56.52000045776367,81.22000122070312,44.0966682434082,30.8700008392334,167.30999755859375,55.459999084472656,66.88999938964844,58.849998474121094,36.119998931884766,24.8700008392334,75.38999938964844,83.30000305175781,6125800,163395900,2893800,783800,30747000,92456100,9645800,15178600,5290100,4905600,2677300,2075400,3163700,17538100,5585200,12817500,2649100,3990700,8716111,11404300,37862400,864692000,19800760,2493200,6971400,3357000,1290000,6120700,2254400,7278200,4046600,14740000,22333000,57652800,6635300,12190400
2017-03-06,43.28030014038086,13.039999961853027,135.79754638671875,110.89027404785156,16.879728317260742,20.544719696044922,41.0557746887207,45.124916076660156,36.10340118408203,76.34789276123047,30.851106643676758,73.24357604980469,208.02171325683594,29.246198654174805,96.55963134765625,71.9093017578125,72.74400329589844,38.6402587890625,47.71416091918945,35.71731185913086,25.074628829956055,2.408231496810913,21.47901153564453,93.70944213867188,44.241485595703125,62.347129821777344,40.23414611816406,24.583860397338867,145.09579467773438,39.06111145019531,46.3748779296875,45.439632415771484,24.48130226135254,20.858013153076172,64.68426513671875,55.100830078125,63.54999923706055,13.039999961853027,179.4600067138672,121.5999984741211,21.79400062561035,25.25,56.970001220703125,60.279998779296875,48.31999969482422,113.16999816894531,43.939998626708984,100.06999969482422,252.00999450683594,35.56999969482422,123.70999908447266,91.91999816894531,83.83000183105469,51.150001525878906,63.42557144165039,46.56999969482422,25.709999084472656,2.4417500495910645,32.59013366699219,127.58999633789062,56.45000076293945,80.72000122070312,44.04666519165039,30.850000381469727,168.6999969482422,55.290000915527344,66.44000244140625,58.61000061035156,36.07500076293945,24.780000686645508,75.51000213623047,82.83000183105469,63.849998474121094,13.34000015258789,180.33999633789062,121.91000366210938,21.85300064086914,25.350000381469727,57.22999954223633,60.880001068115234,48.470001220703125,113.5,44.0,100.37999725341797,252.72999572753906,35.79999923706055,124.43000030517578,92.31999969482422,84.27999877929688,51.310001373291016,63.72137451171875,46.63999938964844,25.920000076293945,2.452500104904175,32.703983306884766,127.93000030517578,56.560001373291016,80.88999938964844,44.12333297729492,30.940000534057617,169.35000610351562,55.45000076293945,66.63999938964844,58.880001068115234,36.125,24.860000610351562,75.75,82.9000015258789,62.880001068115234,12.380000114440918,178.16000366210938,120.77999877929688,21.517000198364258,25.079999923706055,56.22999954223633,60.2599983215332,47.34000015258789,112.66999816894531,42.90999984741211,97.80000305175781,250.5,35.41999816894531,122.5999984741211,91.0999984741211,82.94999694824219,50.5099983215332,62.88167953491211,45.97999954223633,25.170000076293945,2.3792500495910645,32.33396530151367,126.08999633789062,56.06999969482422,80.02999877929688,43.53666687011719,30.709999084472656,167.1300048828125,55.040000915527344,65.43000030517578,58.18000030517578,35.79499816894531,24.670000076293945,75.23999786376953,82.33000183105469,63.0,13.0,179.5500030517578,121.25,21.636999130249023,25.329999923706055,57.02000045776367,60.79999923706055,47.779998779296875,113.25,43.349998474121094,98.62000274658203,252.1699981689453,35.790000915527344,123.01000213623047,92.25,83.25,51.040000915527344,63.053436279296875,46.529998779296875,25.5,2.4240000247955322,32.5711555480957,126.76000213623047,56.27000045776367,80.33999633789062,43.900001525878906,30.799999237060547,167.42999267578125,55.279998779296875,65.88999938964844,58.540000915527344,35.935001373291016,24.81999969482422,75.69000244140625,82.44000244140625,6837000,117192600,3280100,495300,22771000,75660400,7917200,14979400,6078500,4731900,5376700,3106100,2467000,24416700,6670700,15059200,3960100,6826700,9104500,9332600,25527800,883568000,19174263,2289900,7241600,5524600,1598400,5467400,2576500,6118700,3315300,13225500,16749400,49017200,5886900,9617200
2017-03-07,43.375640869140625,13.050000190734863,134.22360229492188,109.4129638671875,16.981189727783203,20.512170791625977,40.59455108642578,45.28960418701172,35.65510559082031,75.43038940429688,30.584308624267578,72.84833526611328,207.1054229736328,29.4353084564209,96.65327453613281,71.51033782958984,71.7981185913086,37.88483810424805,47.34807205200195,35.53324508666992,25.006362915039062,2.4346141815185547,21.25389862060547,93.56986999511719,44.46092224121094,61.752384185791016,40.32242965698242,24.950428009033203,144.7517547607422,38.87743377685547,45.802520751953125,45.199275970458984,24.26414680480957,20.799091339111328,64.23027038574219,54.89459991455078,63.689998626708984,13.050000190734863,177.3800048828125,119.9800033569336,21.924999237060547,25.209999084472656,56.33000183105469,60.5,47.720001220703125,111.80999755859375,43.560001373291016,99.52999877929688,250.89999389648438,35.79999923706055,123.83000183105469,91.41000366210938,82.73999786376953,50.150001525878906,62.93893051147461,46.33000183105469,25.639999389648438,2.4684998989105225,32.24857711791992,127.4000015258789,56.72999954223633,79.94999694824219,44.143333435058594,31.309999465942383,168.3000030517578,55.029998779296875,65.62000274658203,58.29999923706055,35.755001068115234,24.709999084472656,74.9800033569336,82.5199966430664,64.13999938964844,13.369999885559082,178.58999633789062,121.38999938964844,22.136999130249023,25.360000610351562,56.630001068115234,60.709999084472656,48.5099983215332,113.87999725341797,44.33000183105469,100.54000091552734,253.0,35.79999923706055,124.45999908447266,92.08999633789062,83.13999938964844,51.45000076293945,63.27289962768555,46.790000915527344,25.75,2.4882500171661377,32.447818756103516,128.0500030517578,56.81999969482422,80.7699966430664,44.43333435058594,31.399999618530273,169.36000061035156,55.400001525878906,66.9800033569336,58.52000045776367,36.21500015258789,24.81999969482422,75.36000061035156,83.29000091552734,62.970001220703125,12.789999961853027,176.27999877929688,119.83000183105469,21.708999633789062,25.100000381469727,55.779998779296875,59.779998779296875,47.599998474121094,111.69000244140625,43.310001373291016,99.4000015258789,250.30999755859375,35.38999938964844,122.38999938964844,91.20999908447266,81.37000274658203,50.11000061035156,62.20419692993164,46.209999084472656,25.280000686645508,2.4287500381469727,32.0208740234375,126.4000015258789,56.189998626708984,79.73999786376953,43.836666107177734,30.959999084472656,167.92999267578125,54.95000076293945,65.41999816894531,58.02000045776367,35.709999084472656,24.649999618530273,74.73999786376953,82.13999938964844,63.13999938964844,13.069999694824219,177.39999389648438,121.25,21.733999252319336,25.219999313354492,56.27000045776367,60.189998626708984,48.45000076293945,113.54000091552734,44.27000045776367,100.4000015258789,252.49000549316406,35.540000915527344,122.58000183105469,91.63999938964844,82.94999694824219,51.13999938964844,62.433204650878906,46.650001525878906,25.559999465942383,2.4417500495910645,32.13472366333008,127.4000015258789,56.599998474121094,80.69000244140625,43.970001220703125,31.010000228881836,168.4499969482422,55.22999954223633,66.44000244140625,58.43000030517578,36.20500183105469,24.81999969482422,74.88999938964844,83.11000061035156,9638000,76666300,3328900,1234500,29129000,64053700,16970300,17297800,5652800,6660300,2843100,3381800,2497300,23434900,6644000,11156800,5570600,3413700,8728478,9411000,20313000,603400000,30783335,1764800,7131700,5807400,1624500,7014000,2702300,6678800,5504100,13099900,22923600,53726500,12330600,12711500
2017-03-08,43.68212890625,13.220000267028809,134.52622985839844,110.11514282226562,17.01061248779297,20.552854537963867,41.163856506347656,45.746246337890625,34.30272674560547,73.94624328613281,28.590288162231445,69.40830993652344,206.5606689453125,29.287309646606445,96.864013671875,71.35388946533203,72.3795166015625,37.937705993652344,47.233211517333984,35.57925796508789,24.752788543701172,2.430175542831421,21.203880310058594,93.6800308227539,45.275997161865234,60.32346725463867,40.41682434082031,24.878707885742188,144.95462036132812,38.76438903808594,46.675018310546875,45.12950134277344,23.633026123046875,20.80750846862793,64.48725891113281,53.9034309387207,64.13999938964844,13.220000267028809,177.77999877929688,120.75,21.96299934387207,25.260000228881836,57.119998931884766,61.11000061035156,45.90999984741211,109.61000061035156,40.720001220703125,94.83000183105469,250.24000549316406,35.619998931884766,124.0999984741211,91.20999908447266,83.41000366210938,50.220001220703125,62.786258697509766,46.38999938964844,25.3799991607666,2.4639999866485596,32.17267608642578,127.55000305175781,57.77000045776367,78.0999984741211,44.246665954589844,31.219999313354492,167.91000366210938,54.869998931884766,66.87000274658203,58.209999084472656,34.82500076293945,24.719999313354492,75.27999877929688,81.02999877929688,64.68000030517578,13.550000190734863,178.75999450683594,121.16999816894531,22.124000549316406,25.770000457763672,57.5,62.529998779296875,47.65999984741211,111.91999816894531,43.2599983215332,99.36000061035156,254.77000427246094,35.900001525878906,124.68000030517578,92.8499984741211,83.98999786376953,50.939998626708984,63.09160232543945,47.33000183105469,25.829999923706055,2.5325000286102295,32.35293960571289,129.33999633789062,58.08000183105469,79.91999816894531,44.61333465576172,31.520000457763672,168.4600067138672,55.810001373291016,67.4800033569336,59.130001068115234,35.81999969482422,25.059999465942383,75.54000091552734,82.37999725341797,63.5,13.100000381469727,177.13999938964844,120.33999633789062,21.854999542236328,25.219999313354492,56.220001220703125,61.060001373291016,45.810001373291016,109.4000015258789,40.47999954223633,94.48999786376953,249.61000061035156,35.529998779296875,123.5,91.0999984741211,82.66999816894531,50.08000183105469,62.28053283691406,46.34000015258789,25.040000915527344,2.461750030517578,31.99241065979004,127.45999908447266,56.79999923706055,77.91000366210938,44.15666580200195,31.200000762939453,166.8000030517578,54.81999969482422,65.83000183105469,58.16999816894531,34.810001373291016,24.709999084472656,74.91999816894531,81.01000213623047,63.75,13.25,177.25,120.81999969482422,21.922000885009766,25.600000381469727,56.33000183105469,61.560001373291016,47.40999984741211,111.68000030517578,43.04999923706055,98.80999755859375,253.6199951171875,35.66999816894531,123.75,92.68000030517578,82.73999786376953,50.150001525878906,62.93893051147461,46.970001220703125,25.639999389648438,2.5174999237060547,32.17267608642578,128.9199981689453,56.91999816894531,79.54000091552734,44.323333740234375,31.469999313354492,167.50999450683594,55.5099983215332,66.0,58.95000076293945,35.61000061035156,24.979999542236328,74.97000122070312,82.3499984741211,7049700,71294700,2320800,575800,24532000,105314600,13556400,30724000,9435500,9071600,7773200,4829600,3574400,20920100,7909900,17378400,4491800,5849200,8821645,11464700,24921100,638712000,23870360,2258500,13201700,10152900,1757100,4528500,2048200,7809600,7446400,14711300,51132400,104601000,8130000,16817700
2017-03-09,43.92729949951172,13.329999923706055,135.3889617919922,110.57109832763672,17.19495391845703,20.62608528137207,41.79084777832031,46.07563018798828,34.72861099243164,74.23629760742188,28.62540054321289,70.04503631591797,206.5111083984375,29.45176124572754,98.30801391601562,71.63550567626953,73.36875915527344,37.22760772705078,47.29783630371094,35.801673889160156,24.528467178344727,2.429682731628418,21.291425704956055,93.62864685058594,45.43274688720703,60.786903381347656,40.49599838256836,24.68745231628418,145.0409698486328,38.8138542175293,46.40280532836914,45.509395599365234,23.789112091064453,20.883270263671875,64.8384780883789,54.329158782958984,64.5,13.329999923706055,178.9199981689453,121.25,22.201000213623047,25.350000381469727,57.9900016784668,61.54999923706055,46.47999954223633,110.04000091552734,40.77000045776367,95.69999694824219,250.17999267578125,35.81999969482422,125.94999694824219,91.56999969482422,84.55000305175781,49.279998779296875,62.872135162353516,46.68000030517578,25.149999618530273,2.4635000228881836,32.305503845214844,127.4800033569336,57.970001220703125,78.69999694824219,44.33333206176758,30.979999542236328,168.00999450683594,54.939998626708984,66.4800033569336,58.70000076293945,35.05500030517578,24.809999465942383,75.69000244140625,81.66999816894531,64.72000122070312,13.449999809265137,179.1199951171875,121.54000091552734,22.285999298095703,25.530000686645508,58.04999923706055,62.09000015258789,46.630001068115234,110.16999816894531,41.040000915527344,96.0199966430664,252.74000549316406,35.939998626708984,126.20999908447266,92.13999938964844,84.7699966430664,50.18000030517578,63.0057258605957,47.119998931884766,25.489999771118164,2.4862499237060547,32.390892028808594,129.2899932861328,58.099998474121094,78.94000244140625,44.40666580200195,31.059999465942383,169.07000732421875,55.279998779296875,66.76000213623047,58.869998931884766,35.07500076293945,24.940000534057617,75.79000091552734,81.72000122070312,64.05000305175781,13.109999656677246,177.07000732421875,120.66000366210938,21.812000274658203,25.229999542236328,57.20000076293945,61.22999954223633,45.47999954223633,108.51000213623047,39.47999954223633,93.05999755859375,249.52000427246094,35.5,124.16999816894531,91.1500015258789,83.51000213623047,48.91999816894531,62.51908493041992,46.540000915527344,24.850000381469727,2.434999942779541,32.04933547973633,127.23999786376953,57.400001525878906,77.27999877929688,43.97999954223633,30.719999313354492,167.74000549316406,54.810001373291016,65.58000183105469,58.20000076293945,34.44499969482422,24.700000762939453,75.22000122070312,80.30999755859375,64.13999938964844,13.449999809265137,178.0500030517578,121.18000030517578,21.878000259399414,25.350000381469727,57.369998931884766,61.36000061035156,45.61000061035156,109.30999755859375,40.27000045776367,93.7699966430664,251.22000122070312,35.599998474121094,124.58000183105469,91.5999984741211,83.66999816894531,50.02000045776367,62.9484748840332,46.599998474121094,25.229999542236328,2.4477500915527344,32.14421463012695,128.0399932861328,57.650001525878906,77.5199966430664,44.220001220703125,30.889999389648438,168.14999389648438,55.119998931884766,66.76000213623047,58.45000076293945,34.650001525878906,24.81999969482422,75.2699966430664,80.63999938964844,6957000,45244200,2505300,405700,25675000,78984600,7535200,21429300,7235900,7247400,8696700,4991400,3061500,23616800,8571100,13726200,5861600,4951800,8106280,11135400,21786600,478060000,20199594,3435700,9875600,9411800,1020600,6120700,3631400,5236200,4720300,15721500,55541400,60804100,8451400,14721800
2017-03-10,44.86714553833008,13.90999984741211,137.29580688476562,113.9908218383789,17.531091690063477,20.59353256225586,42.02867126464844,46.03071212768555,34.1234016418457,74.62083435058594,28.267303466796875,69.37901306152344,205.02532958984375,29.52576446533203,98.51094055175781,71.40865325927734,73.20387268066406,37.67331314086914,47.08965301513672,35.65596008300781,24.557729721069336,2.4439823627471924,21.328943252563477,92.8794937133789,45.95783996582031,60.7791862487793,40.95881271362305,24.751201629638672,146.7416534423828,38.8138542175293,46.465614318847656,45.62568664550781,23.75518035888672,20.866432189941406,65.08690643310547,54.28925323486328,65.87999725341797,13.90999984741211,181.44000244140625,125.0,22.635000228881836,25.309999465942383,58.31999969482422,61.4900016784668,45.66999816894531,110.61000061035156,40.2599983215332,94.79000091552734,248.3800048828125,35.90999984741211,126.20999908447266,91.27999877929688,84.36000061035156,49.869998931884766,62.595420837402344,46.4900016784668,25.18000030517578,2.4779999256134033,32.362430572509766,126.45999908447266,58.63999938964844,78.69000244140625,44.84000015258789,31.059999465942383,169.97999572753906,54.939998626708984,66.56999969482422,58.849998474121094,35.005001068115234,24.790000915527344,75.9800033569336,81.61000061035156,66.44999694824219,13.930000305175781,181.92999267578125,125.11000061035156,22.641000747680664,25.6200008392334,58.540000915527344,62.029998779296875,46.880001068115234,111.41000366210938,41.33000183105469,96.5,251.89999389648438,36.29999923706055,126.48999786376953,92.0,84.55000305175781,49.95000076293945,63.167938232421875,47.09000015258789,25.75,2.5022499561309814,32.561668395996094,128.49000549316406,58.790000915527344,79.4000015258789,44.93333435058594,31.079999923706055,170.0,55.33000183105469,67.37000274658203,59.18000030517578,35.32500076293945,24.950000762939453,76.08999633789062,82.47000122070312,65.11000061035156,13.449999809265137,179.11000061035156,123.94000244140625,22.273000717163086,25.09000015258789,57.810001373291016,60.91999816894531,45.47999954223633,109.44000244140625,39.849998474121094,94.01000213623047,246.8699951171875,35.779998779296875,125.54000091552734,90.52999877929688,83.9000015258789,48.970001220703125,62.5,46.209999084472656,24.809999465942383,2.4595000743865967,32.25806427001953,125.44000244140625,58.29999923706055,78.44999694824219,44.5966682434082,30.81999969482422,168.05999755859375,54.619998931884766,66.25,58.52000045776367,34.79999923706055,24.6299991607666,75.69999694824219,81.16000366210938,65.30000305175781,13.5,179.47000122070312,124.47000122070312,22.273000717163086,25.6200008392334,58.029998779296875,61.939998626708984,46.880001068115234,111.4000015258789,41.279998779296875,96.5,251.83999633789062,36.119998931884766,126.04000091552734,91.94999694824219,84.5,49.58000183105469,63.04389190673828,47.040000915527344,25.280000686645508,2.4902501106262207,32.390892028808594,128.25,58.36000061035156,79.36000061035156,44.5966682434082,30.8700008392334,168.4199981689453,55.290000915527344,66.66999816894531,58.97999954223633,35.279998779296875,24.93000030517578,76.01000213623047,82.44000244140625,12788100,65142200,4589000,1016100,39430000,86998800,8547300,17421900,8455400,6560300,5036000,3796500,3365900,25402300,7395400,13729900,3629400,4704400,9247447,8579400,28919000,499740000,20214666,3731100,9752000,5633400,2136300,5655300,3716600,6721900,4471600,15120200,34958600,62148600,10455800,11355200
2017-03-13,44.84671401977539,14.279999732971191,137.0006866455078,113.25216674804688,17.538837432861328,20.58539581298828,41.02695083618164,46.06065368652344,34.25042724609375,73.77079010009766,28.801713943481445,69.49610900878906,204.84375,28.909093856811523,98.8777847290039,71.4712142944336,73.01295471191406,38.5193977355957,46.3811149597168,35.479549407958984,25.064876556396484,2.5112967491149902,21.328943252563477,92.8354263305664,45.81678009033203,60.70194625854492,41.26633834838867,25.101837158203125,146.94020080566406,38.79972457885742,47.226436614990234,45.509395599365234,23.758567810058594,20.916933059692383,65.0354995727539,54.1628532409668,65.8499984741211,14.279999732971191,181.0500030517578,124.19000244140625,22.645000457763672,25.299999237060547,56.93000030517578,61.529998779296875,45.84000015258789,109.3499984741211,40.959999084472656,94.94999694824219,248.16000366210938,35.15999984741211,126.68000030517578,91.36000061035156,84.13999938964844,50.9900016784668,61.211830139160156,46.2599983215332,25.700000762939453,2.546250104904175,32.362430572509766,126.4000015258789,58.459999084472656,78.58999633789062,45.176666259765625,31.5,170.2100067138672,54.91999816894531,67.66000366210938,58.70000076293945,35.0099983215332,24.850000381469727,75.91999816894531,81.41999816894531,65.94000244140625,14.680000305175781,182.0,124.45999908447266,22.774999618530273,25.40999984741211,58.29999923706055,61.790000915527344,46.16999816894531,110.80999755859375,41.18000030517578,95.3499984741211,249.32000732421875,36.040000915527344,126.94999694824219,91.77999877929688,84.55000305175781,51.09000015258789,62.299617767333984,46.75,25.81999969482422,2.5562500953674316,32.4003791809082,126.87999725341797,59.040000915527344,79.12999725341797,45.19333267211914,31.56999969482422,170.92999267578125,55.209999084472656,67.87999725341797,59.029998779296875,35.18000030517578,24.8799991607666,76.05000305175781,81.94000244140625,65.30000305175781,14.180000305175781,180.32000732421875,123.43000030517578,22.535999298095703,25.1299991607666,56.86000061035156,60.97999954223633,45.540000915527344,109.30999755859375,40.04999923706055,93.5199966430664,247.2100067138672,34.939998626708984,125.79000091552734,90.93000030517578,83.83000183105469,49.86000061035156,61.078243255615234,46.22999954223633,25.290000915527344,2.4877500534057617,32.17267608642578,125.70999908447266,58.20000076293945,78.08000183105469,44.88999938964844,31.239999771118164,169.5500030517578,54.810001373291016,66.51000213623047,58.52000045776367,34.88999938964844,24.700000762939453,75.62000274658203,81.05000305175781,65.87000274658203,14.479999542236328,181.92999267578125,123.55999755859375,22.586000442504883,25.299999237060547,58.29999923706055,61.540000915527344,45.68000030517578,110.51000213623047,40.04999923706055,94.48999786376953,249.32000732421875,35.849998474121094,125.83000183105469,91.30999755859375,84.51000213623047,49.869998931884766,62.25190734863281,46.68000030517578,25.389999389648438,2.4885001182556152,32.390892028808594,126.6500015258789,59.029998779296875,78.83000183105469,44.97666549682617,31.270000457763672,169.99000549316406,54.880001068115234,66.51000213623047,58.83000183105469,34.970001220703125,24.81999969482422,76.05000305175781,81.5,7577400,73078100,2531000,838100,26669000,56886200,11689400,13481500,6333800,6369300,4366700,4695400,1801100,53582900,7162500,10004300,2248500,5771600,14880133,7160400,23768200,774136000,19988056,1815100,7737900,6708900,1147500,3965700,3130200,4690300,4970700,14063500,26157600,49418400,6898500,9571400
2017-03-14,44.724124908447266,14.100000381469727,136.29696655273438,113.06978607177734,17.37618637084961,20.601669311523438,40.85399627685547,45.9932861328125,33.57797622680664,72.42830657958984,28.140743255615234,69.23262786865234,204.48049926757812,28.925539016723633,99.1666030883789,71.58856964111328,73.29065704345703,37.77907180786133,46.417266845703125,35.425872802734375,24.947843551635742,2.5095701217651367,21.39772605895996,92.7032241821289,45.628684997558594,60.53973388671875,41.1445426940918,24.87073516845703,145.94740295410156,38.85623550415039,47.072872161865234,45.55592346191406,23.490522384643555,20.858013153076172,64.795654296875,53.87681198120117,65.66999816894531,14.100000381469727,180.1199951171875,123.98999786376953,22.434999465942383,25.31999969482422,56.689998626708984,61.439998626708984,44.939998626708984,107.36000061035156,40.02000045776367,94.58999633789062,247.72000122070312,35.18000030517578,127.05000305175781,91.51000213623047,84.45999908447266,50.0099983215332,61.25954055786133,46.189998626708984,25.579999923706055,2.5445001125335693,32.466793060302734,126.22000122070312,58.220001220703125,78.37999725341797,45.043331146240234,31.209999084472656,169.05999755859375,55.0,67.44000244140625,58.7599983215332,34.6150016784668,24.780000686645508,75.63999938964844,80.98999786376953,66.05000305175781,14.149999618530273,181.55999755859375,124.83000183105469,22.628000259399414,25.34000015258789,57.599998474121094,61.470001220703125,45.20000076293945,108.56999969482422,40.31999969482422,94.98999786376953,247.8300018310547,35.22999954223633,127.75,91.6500015258789,84.55000305175781,50.59000015258789,61.55534362792969,46.2599983215332,25.700000762939453,2.5687499046325684,32.5711555480957,126.41999816894531,58.380001068115234,78.55000305175781,45.09000015258789,31.469999313354492,170.17999267578125,55.04999923706055,67.69999694824219,58.810001373291016,34.744998931884766,24.799999237060547,75.95999908447266,81.2300033569336,65.5999984741211,13.640000343322754,179.6300048828125,123.86000061035156,22.35099983215332,25.049999237060547,56.58000183105469,60.810001373291016,44.189998626708984,107.12000274658203,38.689998626708984,92.91000366210938,245.41000366210938,34.65999984741211,126.7699966430664,90.7699966430664,83.91999816894531,49.66999816894531,61.11641311645508,45.72999954223633,25.25,2.5117499828338623,32.23908996582031,124.69000244140625,57.720001220703125,77.30000305175781,44.67333221435547,31.200000762939453,168.5,54.56999969482422,66.83000183105469,58.25,34.310001373291016,24.600000381469727,75.55999755859375,80.44000244140625,65.87999725341797,14.0,180.4199981689453,124.7699966430664,22.47599983215332,25.190000534057617,56.95000076293945,61.33000183105469,45.150001525878906,108.47000122070312,40.29999923706055,93.93000030517578,246.80999755859375,35.060001373291016,126.86000061035156,91.0199966430664,84.0,50.41999816894531,61.1927490234375,46.2599983215332,25.59000015258789,2.5592501163482666,32.27703857421875,125.9000015258789,58.380001068115234,78.0199966430664,45.05666732788086,31.3799991607666,169.66000366210938,54.79999923706055,67.31999969482422,58.4900016784668,34.7400016784668,24.75,75.70999908447266,81.0,3727200,52554500,2746300,412900,22165000,63182700,11746400,11819700,10538300,9935700,5860400,5091800,2144200,28586900,7679700,10237700,2839100,5883000,8271759,6916200,14587500,522016000,15563469,1660600,6276900,6541800,1066800,5967200,2522600,6130500,2954600,10885000,52769600,49511100,7296300,11335700
2017-03-15,45.32345199584961,13.979999542236328,138.17356872558594,114.96659088134766,17.49856185913086,20.487762451171875,41.54582595825195,45.54413604736328,34.25042724609375,73.4537353515625,28.914220809936523,71.04046630859375,203.70460510253906,28.859758377075195,100.65742492675781,71.76068115234375,74.52288055419922,38.94998550415039,46.77877426147461,35.16510009765625,25.47450065612793,2.528555393218994,21.65409278869629,91.97613525390625,45.863800048828125,61.98411560058594,41.47034454345703,25.428550720214844,148.29554748535156,38.827972412109375,47.97328186035156,45.517154693603516,24.0130558013916,20.824344635009766,65.60946655273438,54.54868698120117,66.55000305175781,13.979999542236328,182.60000610351562,126.06999969482422,22.593000411987305,25.18000030517578,57.650001525878906,60.84000015258789,45.84000015258789,108.87999725341797,41.119998931884766,97.05999755859375,246.77999877929688,35.099998474121094,128.9600067138672,91.7300033569336,85.87999725341797,51.560001373291016,61.73664093017578,45.849998474121094,26.1200008392334,2.5637500286102295,32.85578536987305,125.2300033569336,58.52000045776367,80.25,45.400001525878906,31.90999984741211,171.77999877929688,54.959999084472656,68.7300033569336,58.709999084472656,35.3849983215332,24.739999771118164,76.58999633789062,82.0,66.79000091552734,14.0600004196167,184.2100067138672,126.30999755859375,22.665000915527344,25.549999237060547,57.93000030517578,61.779998779296875,46.119998931884766,108.9800033569336,41.27000045776367,97.38999938964844,250.27999877929688,35.16999816894531,129.0,92.55000305175781,86.13999938964844,51.599998474121094,61.9942741394043,46.630001068115234,26.149999618530273,2.5747499465942383,32.92219924926758,126.73999786376953,58.75,80.58999633789062,45.483333587646484,32.029998779296875,171.97000122070312,55.599998474121094,69.0,59.310001373291016,35.46500015258789,24.920000076293945,76.75,82.05999755859375,65.68000030517578,13.619999885559082,180.30999755859375,124.58000183105469,22.323999404907227,24.959999084472656,56.66999816894531,60.459999084472656,44.849998474121094,107.54000091552734,40.13999938964844,94.68000030517578,245.55999755859375,34.68000030517578,126.5999984741211,91.12999725341797,84.37000274658203,50.15999984741211,61.27862548828125,45.68000030517578,24.940000534057617,2.507999897003174,32.4288444519043,124.62000274658203,58.18000030517578,78.91000366210938,44.883331298828125,31.34000015258789,169.2899932861328,54.849998474121094,67.12999725341797,58.36000061035156,34.7400016784668,24.6299991607666,75.75,81.05000305175781,65.69999694824219,14.029999732971191,180.30999755859375,124.8499984741211,22.433000564575195,25.389999389648438,56.66999816894531,61.70000076293945,45.470001220703125,108.08000183105469,40.47999954223633,95.54000091552734,248.35000610351562,34.939998626708984,127.05000305175781,91.80000305175781,84.43000030517578,50.47999954223633,61.450382232666016,46.2599983215332,25.149999618530273,2.5562500953674316,32.466793060302734,126.73999786376953,58.41999816894531,79.0,45.099998474121094,31.3799991607666,169.36000061035156,55.150001525878906,67.7300033569336,58.900001525878906,34.90999984741211,24.81999969482422,75.75,81.3499984741211,5241200,55179600,4197300,838900,20727000,114662700,10337700,20086900,7573400,9472100,3497700,4184400,3427000,27996100,8360600,16601400,4883900,6299200,9458200,10796100,29779900,615036000,24279839,2106600,9029500,7968100,1108200,4571400,2807600,8487200,4751200,17777300,46410000,86455100,11044900,11970300
2017-03-16,44.880767822265625,13.649999618530273,136.28941345214844,115.07601928710938,17.300161361694336,20.52031135559082,41.30080032348633,45.77617645263672,34.25042724609375,72.76561737060547,28.632957458496094,70.14018249511719,204.89321899414062,28.89264488220215,100.26713562011719,71.69026947021484,73.75056457519531,38.66291809082031,46.40280532836914,35.53324508666992,25.396482467651367,2.5596237182617188,21.529037475585938,92.33599090576172,45.730552673339844,61.52067184448242,41.427711486816406,25.827001571655273,147.88119506835938,38.87743377685547,47.84765625,45.990074157714844,23.84339714050293,20.858013153076172,64.97553253173828,54.59526062011719,65.9000015258789,13.649999618530273,180.11000061035156,126.19000244140625,22.236000061035156,25.219999313354492,57.310001373291016,61.150001525878906,45.84000015258789,107.86000061035156,40.720001220703125,95.83000183105469,248.22000122070312,35.13999938964844,128.4600067138672,91.63999938964844,84.98999786376953,51.18000030517578,61.24045944213867,46.33000183105469,26.040000915527344,2.595249891281128,32.66603469848633,125.72000122070312,58.349998474121094,79.6500015258789,45.35333251953125,32.40999984741211,171.3000030517578,55.029998779296875,68.55000305175781,59.31999969482422,35.1349983215332,24.780000686645508,75.8499984741211,82.06999969482422,66.44999694824219,13.880000114440918,181.83999633789062,126.25,22.582000732421875,25.489999771118164,57.58000183105469,61.40999984741211,46.130001068115234,108.87999725341797,41.13999938964844,97.25,250.1999969482422,35.36000061035156,128.6999969482422,92.80999755859375,85.54000091552734,52.2400016784668,61.82251739501953,46.59000015258789,26.229999542236328,2.595750093460083,32.85578536987305,126.27999877929688,58.72999954223633,80.4800033569336,45.55666732788086,32.470001220703125,172.13999938964844,55.369998931884766,69.19999694824219,59.40999984741211,35.459999084472656,24.969999313354492,76.4000015258789,82.19999694824219,65.55000305175781,13.649999618530273,178.02000427246094,124.80999755859375,22.156999588012695,25.190000534057617,57.119998931884766,60.77000045776367,45.5099983215332,107.44000244140625,40.5099983215332,95.73999786376953,247.30999755859375,35.06999969482422,127.7699966430664,91.56999969482422,83.80000305175781,51.11000061035156,61.05915832519531,46.02000045776367,25.829999923706055,2.5602500438690186,32.49525451660156,124.9000015258789,58.15999984741211,79.26000213623047,45.266666412353516,32.20000076293945,170.22000122070312,54.869998931884766,68.47000122070312,58.7599983215332,35.03499984741211,24.770000457763672,75.55999755859375,81.66999816894531,66.4000015258789,13.789999961853027,181.60000610351562,124.88999938964844,22.54800033569336,25.239999771118164,57.33000183105469,61.04999923706055,45.95000076293945,108.80999755859375,41.11000061035156,97.16000366210938,247.85000610351562,35.16999816894531,128.44000244140625,92.02999877929688,85.54000091552734,51.650001525878906,61.61259460449219,46.16999816894531,26.200000762939453,2.57450008392334,32.79886245727539,125.7699966430664,58.29999923706055,80.27999877929688,45.54666519165039,32.25,172.07000732421875,55.06999969482422,68.93000030517578,58.86000061035156,35.459999084472656,24.84000015258789,76.4000015258789,82.02999877929688,5162800,44494800,6014400,424200,27835000,70306200,9903900,15198300,6393700,8894700,2900200,3182400,2940600,19616100,7610700,14492000,4742800,5216100,10074634,9284100,19147300,523100000,21816219,2413600,7206200,6196400,932700,6489000,3138600,6326200,3654200,18468200,32555000,89233700,12129400,9923800
2017-03-17,44.73773956298828,13.489999771118164,127.58733367919922,116.63542175292969,17.208354949951172,20.22739601135254,40.565738677978516,45.19228744506836,34.138343811035156,72.64417266845703,28.506393432617188,70.5793685913086,201.36033630371094,28.99954605102539,99.95491790771484,70.93926239013672,72.85678100585938,38.36831283569336,46.20034408569336,34.52851486206055,25.16240119934082,2.6153488159179688,21.460247039794922,91.32978057861328,45.10357666015625,61.44343185424805,41.512962341308594,25.970434188842773,146.49993896484375,38.63723373413086,48.09195327758789,45.48613739013672,23.825992584228516,20.653589248657227,64.61788940429688,54.54868698120117,65.69000244140625,13.489999771118164,168.61000061035156,127.9000015258789,22.118000030517578,24.860000610351562,56.290000915527344,60.369998931884766,45.689998626708984,107.68000030517578,40.540000915527344,96.43000030517578,243.94000244140625,35.27000045776367,128.05999755859375,90.68000030517578,83.95999908447266,50.790000915527344,60.97328186035156,45.02000045776367,25.799999237060547,2.651750087738037,32.561668395996094,124.3499984741211,57.54999923706055,79.55000305175781,45.4466667175293,32.59000015258789,169.6999969482422,54.689998626708984,68.9000015258789,58.66999816894531,34.900001525878906,24.450000762939453,75.16000366210938,82.0,66.08999633789062,13.739999771118164,171.58999633789062,128.42999267578125,22.371000289916992,25.270000457763672,57.25,61.27000045776367,46.36000061035156,108.41999816894531,41.189998626708984,96.97000122070312,249.67999267578125,35.33000183105469,128.94000244140625,92.04000091552734,84.75,51.75,61.73664093017578,46.36000061035156,25.90999984741211,2.6530001163482666,32.808349609375,126.20999908447266,58.61000061035156,80.26000213623047,45.5099983215332,32.7599983215332,171.5399932861328,55.119998931884766,68.9800033569336,59.40999984741211,35.14500045776367,24.760000228881836,75.52999877929688,82.26000213623047,65.5,13.359999656677246,165.9499969482422,126.93000030517578,22.084999084472656,24.829999923706055,56.11000061035156,60.20000076293945,45.63999938964844,107.68000030517578,40.4900016784668,95.6500015258789,243.86000061035156,35.099998474121094,127.94999694824219,90.6500015258789,83.83000183105469,50.54999923706055,60.963741302490234,44.93000030517578,25.399999618530273,2.595249891281128,32.51423263549805,124.3499984741211,57.5099983215332,79.48999786376953,45.3033332824707,32.439998626708984,169.58999633789062,54.63999938964844,68.26000213623047,58.52000045776367,34.900001525878906,24.450000762939453,75.12000274658203,81.81999969482422,66.04000091552734,13.619999885559082,167.3699951171875,127.19000244140625,22.351999282836914,25.219999313354492,57.22999954223633,61.15999984741211,45.970001220703125,108.0,40.90999984741211,96.54000091552734,249.67999267578125,35.310001373291016,128.4499969482422,91.83000183105469,84.44000244140625,51.470001220703125,61.3072509765625,46.2599983215332,25.860000610351562,2.61299991607666,32.694496154785156,125.91999816894531,58.56999969482422,79.6500015258789,45.5099983215332,32.599998474121094,171.08999633789062,55.08000183105469,68.75,59.369998931884766,35.06999969482422,24.75,75.38999938964844,82.02999877929688,11288000,224892300,23936800,1030300,51635000,105222400,15881900,32281900,8359700,14353400,5180900,6978600,5438100,30778900,13300800,21734700,5786900,5309600,15142762,13474500,19126500,1119688000,45736117,5739000,20057800,8645700,1832100,6199800,5622900,7085800,9529900,20985700,28487800,83056800,10401000,18834100
2017-03-20,44.812660217285156,14.399999618530273,128.06410217285156,116.97282409667969,17.21302604675293,19.885658264160156,40.652217864990234,44.6083869934082,34.26536178588867,72.63069915771484,28.506393432617188,70.4256362915039,199.87448120117188,29.13109016418457,99.96273803710938,70.43077087402344,72.94355010986328,38.14924240112305,46.35218048095703,34.198734283447266,25.562273025512695,2.698687791824341,21.497770309448242,90.91848754882812,45.307342529296875,60.95682144165039,41.820491790771484,26.177629470825195,145.0323028564453,38.31932067871094,47.83368682861328,44.67984390258789,23.791854858398438,20.484651565551758,64.5232925415039,54.54868698120117,65.80000305175781,14.399999618530273,169.24000549316406,128.27000427246094,22.124000549316406,24.440000534057617,56.40999984741211,59.59000015258789,45.86000061035156,107.66000366210938,40.540000915527344,96.22000122070312,242.13999938964844,35.43000030517578,128.07000732421875,90.02999877929688,84.05999755859375,50.5,61.17366409301758,44.59000015258789,26.209999084472656,2.7362499237060547,32.618595123291016,123.79000091552734,57.810001373291016,78.91999816894531,45.78333282470703,32.849998474121094,168.0,54.2400016784668,68.52999877929688,57.630001068115234,34.849998474121094,24.25,75.05000305175781,82.0,66.01000213623047,14.5,169.7100067138672,129.16000366210938,22.263999938964844,24.760000228881836,56.709999084472656,60.380001068115234,45.97999954223633,107.8499984741211,40.68000030517578,96.55000305175781,244.92999267578125,35.630001068115234,128.4199981689453,91.16999816894531,84.86000061035156,50.810001373291016,61.35496139526367,44.959999084472656,26.610000610351562,2.7402501106262207,32.73244857788086,125.30999755859375,58.06999969482422,79.06999969482422,45.939998626708984,33.11000061035156,170.24000549316406,54.849998474121094,69.12000274658203,58.470001220703125,34.92499923706055,24.469999313354492,75.29000091552734,82.04000091552734,65.55999755859375,13.539999961853027,167.75999450683594,127.9800033569336,22.077999114990234,24.420000076293945,56.2400016784668,59.59000015258789,45.04999923706055,107.0199966430664,39.849998474121094,95.19999694824219,241.52000427246094,35.2599983215332,127.97000122070312,89.79000091552734,83.97000122070312,50.15999984741211,61.068702697753906,44.33000183105469,25.809999465942383,2.653249979019165,32.561668395996094,123.73999786376953,57.59000015258789,78.16000366210938,45.40666580200195,32.709999084472656,167.9199981689453,54.189998626708984,68.18000030517578,57.619998931884766,34.57500076293945,24.25,74.9000015258789,81.44000244140625,65.77999877929688,13.680000305175781,169.6300048828125,128.83999633789062,22.118000030517578,24.579999923706055,56.33000183105469,60.099998474121094,45.400001525878906,107.2699966430664,40.02000045776367,95.75,243.32000732421875,35.369998931884766,128.0399932861328,90.2699966430664,84.5999984741211,50.65999984741211,61.20228958129883,44.7400016784668,25.989999771118164,2.6695001125335693,32.637569427490234,124.16000366210938,57.790000915527344,79.06999969482422,45.563331604003906,32.79999923706055,169.92999267578125,54.400001525878906,68.73999786376953,58.470001220703125,34.78499984741211,24.399999618530273,75.18000030517578,81.72000122070312,4252100,91565600,5831500,577600,17215000,87287500,8481400,14813800,5754200,5301900,3295900,2208400,2759100,17322300,5827500,14623600,3121900,5599300,13593818,9734200,26918800,748568000,18435514,2576000,7498200,7318900,1138200,5126700,3928600,7706000,3175100,17663200,24437400,78676400,4728300,7700300
2017-03-21,44.50618362426758,13.819999694824219,126.25553894042969,115.194580078125,16.806900024414062,18.730270385742188,40.14775466918945,43.44808578491211,33.75727462768555,72.88703918457031,27.98604393005371,69.18871307373047,192.32989501953125,28.8104248046875,99.32270050048828,68.36548614501953,72.65721130371094,37.212493896484375,46.20757293701172,32.71849060058594,24.889324188232422,2.611403465270996,21.416475296020508,87.18010711669922,44.51578140258789,60.7791862487793,40.84006118774414,25.882780075073242,144.7733154296875,37.22426986694336,46.87044906616211,43.299827575683594,23.624601364135742,19.910228729248047,64.01607513427734,54.43559265136719,65.3499984741211,13.819999694824219,166.85000610351562,126.31999969482422,21.601999282836914,23.020000457763672,55.709999084472656,58.040000915527344,45.18000030517578,108.04000091552734,39.79999923706055,94.52999877929688,233.0,35.040000915527344,127.25,87.38999938964844,83.7300033569336,49.2599983215332,60.98282241821289,42.65999984741211,25.520000457763672,2.647749900817871,32.49525451660156,118.69999694824219,56.79999923706055,78.69000244140625,44.709999084472656,32.47999954223633,167.6999969482422,52.689998626708984,67.1500015258789,55.849998474121094,34.60499954223633,23.56999969482422,74.45999908447266,81.83000183105469,66.0,14.489999771118164,170.2100067138672,129.82000732421875,22.29800033569336,24.559999465942383,56.65999984741211,60.20000076293945,46.16999816894531,108.2300033569336,40.81999969482422,96.58999633789062,243.30999755859375,35.599998474121094,128.4499969482422,90.63999938964844,84.94999694824219,50.61000061035156,61.65076446533203,44.93000030517578,26.440000534057617,2.749000072479248,32.83681106567383,124.33999633789062,58.099998474121094,79.6500015258789,45.98666763305664,33.529998779296875,168.82000732421875,54.54999923706055,68.69999694824219,57.959999084472656,35.040000915527344,24.3799991607666,75.38999938964844,82.3499984741211,65.04000091552734,13.779999732971191,166.49000549316406,126.1500015258789,21.552000045776367,22.950000762939453,55.380001068115234,57.95000076293945,44.880001068115234,107.4000015258789,39.5099983215332,94.26000213623047,232.7899932861328,35.0,127.13999938964844,87.05999755859375,83.62999725341797,49.150001525878906,60.70610809326172,42.41999816894531,25.43000030517578,2.6397500038146973,32.4288444519043,118.58999633789062,56.7400016784668,78.56999969482422,44.62333297729492,32.439998626708984,167.05999755859375,52.56999969482422,66.7300033569336,55.630001068115234,34.474998474121094,23.510000228881836,72.33000183105469,81.5999984741211,65.95999908447266,14.399999618530273,170.0500030517578,129.69000244140625,22.224000930786133,24.5,56.5,60.130001068115234,46.040000915527344,108.05999755859375,40.58000183105469,96.48999786376953,243.30999755859375,35.59000015258789,128.3800048828125,90.36000061035156,84.33999633789062,50.47999954223633,61.374046325683594,44.77000045776367,26.299999237060547,2.71875,32.713470458984375,124.12999725341797,57.93000030517578,79.52999877929688,45.900001525878906,33.2400016784668,168.6699981689453,54.54999923706055,68.5999984741211,57.93000030517578,35.01499938964844,24.360000610351562,75.12999725341797,82.16000366210938,5187400,72552700,4922700,1398800,30557000,259545800,9394500,34140400,6504200,7406300,3960500,2840700,5660900,22814500,7578600,33089200,4066200,5192700,11057134,20018400,28397500,913484000,33083479,6317000,10092600,6210500,1962600,9159900,4953100,14211700,4068000,31766400,33434400,192257000,16650400,13387700
2017-03-22,44.62197494506836,14.100000381469727,126.70953369140625,117.56558227539062,16.915821075439453,18.665180206298828,40.61618423461914,43.24596405029297,33.36129379272461,73.12315368652344,27.662588119506836,69.27655792236328,190.73675537109375,29.08176040649414,98.54997253417969,68.47498321533203,73.20387268066406,37.446678161621094,45.9111442565918,32.37336730957031,25.415983200073242,2.6646616458892822,21.554040908813477,87.14337921142578,44.703880310058594,60.53973388671875,41.27241897583008,26.050121307373047,144.19496154785156,37.16068649291992,47.163612365722656,42.896671295166016,23.590465545654297,19.867996215820312,64.03328704833984,54.3890495300293,65.5199966430664,14.100000381469727,167.4499969482422,128.9199981689453,21.742000579833984,22.940000534057617,56.36000061035156,57.77000045776367,44.650001525878906,108.38999938964844,39.34000015258789,94.6500015258789,231.07000732421875,35.369998931884766,126.26000213623047,87.52999877929688,84.36000061035156,49.56999969482422,60.59160232543945,42.209999084472656,26.059999465942383,2.7017500400543213,32.703983306884766,118.6500015258789,57.040000915527344,78.37999725341797,45.18333435058594,32.689998626708984,167.02999877929688,52.599998474121094,67.56999969482422,55.33000183105469,34.55500030517578,23.520000457763672,74.4800033569336,81.76000213623047,65.7300033569336,14.149999618530273,167.97999572753906,129.24000549316406,21.836999893188477,23.18000030517578,56.41999816894531,58.38999938964844,45.31999969482422,108.8499984741211,40.15999984741211,95.33000183105469,232.9199981689453,35.459999084472656,127.6500015258789,88.06999969482422,84.55000305175781,49.83000183105469,61.17366409301758,42.75,26.149999618530273,2.7065000534057617,32.7703971862793,119.30000305175781,57.130001068115234,78.62000274658203,45.233333587646484,32.849998474121094,168.3800048828125,52.88999938964844,67.87000274658203,55.56999969482422,34.71500015258789,23.6299991607666,74.66999816894531,82.08999633789062,65.0999984741211,13.550000190734863,166.58999633789062,127.01000213623047,21.538999557495117,22.450000762939453,55.16999816894531,56.900001525878906,44.630001068115234,107.5199966430664,38.9900016784668,93.93000030517578,229.16000366210938,35.0,126.20999908447266,86.01000213623047,83.47000122070312,48.93000030517578,60.35305404663086,41.63999938964844,25.6299991607666,2.632499933242798,32.24857711791992,116.48999786376953,56.099998474121094,77.75,44.5966682434082,32.47999954223633,165.6300048828125,51.75,66.80000305175781,54.849998474121094,34.36000061035156,23.229999542236328,74.11000061035156,81.43000030517578,65.37999725341797,13.699999809265137,167.92999267578125,127.06999969482422,21.601999282836914,22.649999618530273,55.70000076293945,57.40999984741211,45.029998779296875,107.6500015258789,39.41999816894531,94.33999633789062,231.22000122070312,35.220001220703125,127.05000305175781,86.88999938964844,84.08999633789062,49.11000061035156,61.049617767333984,42.15999984741211,25.729999542236328,2.6364998817443848,32.542694091796875,117.9000015258789,56.72999954223633,78.3499984741211,44.753334045410156,32.56999969482422,168.1300048828125,52.439998626708984,67.16000366210938,55.529998779296875,34.5,23.399999618530273,74.56999969482422,81.95999908447266,5662600,61239500,5070400,529900,19131000,167984400,9808300,25648500,7852200,8106800,4561800,2040700,6291300,19144500,10272700,21741000,2850300,4048700,10007352,19046600,25092500,616764000,27528267,4424000,9129700,5341500,1676400,6713500,2999800,8299600,3123500,27740900,24839200,133199500,9954300,11168400
2017-03-23,44.710506439208984,13.789999961853027,125.64261627197266,117.83912658691406,16.872251510620117,18.770954132080078,40.19099426269531,43.45557403564453,33.23427200317383,72.77235412597656,27.486791610717773,69.3936538696289,191.42189025878906,28.99954605102539,98.26897430419922,68.36548614501953,73.25594329833984,37.24272537231445,45.752098083496094,32.664817810058594,25.815853118896484,2.640498161315918,21.441492080688477,87.60608673095703,44.52362823486328,59.991355895996094,41.18106460571289,25.946533203125,142.6927947998047,37.14656066894531,46.83554458618164,42.83465576171875,23.49489402770996,19.910228729248047,63.83552932739258,54.4555778503418,65.6500015258789,13.789999961853027,166.0399932861328,129.22000122070312,21.68600082397461,23.06999969482422,55.77000045776367,58.04999923706055,44.47999954223633,107.87000274658203,39.09000015258789,94.80999755859375,231.89999389648438,35.27000045776367,125.9000015258789,87.38999938964844,84.41999816894531,49.29999923706055,60.38167953491211,42.59000015258789,26.469999313354492,2.6772499084472656,32.533206939697266,119.27999877929688,56.810001373291016,77.66999816894531,45.08333206176758,32.560001373291016,165.2899932861328,52.58000183105469,67.0999984741211,55.25,34.415000915527344,23.56999969482422,74.25,81.86000061035156,66.06999969482422,14.119999885559082,168.02000427246094,129.6999969482422,21.84600067138672,23.489999771118164,56.529998779296875,58.81999969482422,45.0,108.86000061035156,39.68000030517578,95.44000244140625,234.6300048828125,35.4900016784668,127.0,88.5,85.05000305175781,49.95000076293945,60.89694595336914,42.97999954223633,26.489999771118164,2.7139999866485596,32.78937530517578,121.26000213623047,57.27000045776367,78.44999694824219,45.279998779296875,32.65999984741211,166.92999267578125,53.16999816894531,67.94000244140625,55.9900016784668,34.709999084472656,23.84000015258789,74.7699966430664,82.22000122070312,65.36000061035156,13.770000457763672,165.57000732421875,128.8000030517578,21.64299964904785,22.90999984741211,55.68000030517578,57.529998779296875,44.349998474121094,107.75,38.91999816894531,93.91999816894531,229.9499969482422,35.02000045776367,125.66000366210938,87.08999633789062,83.91999816894531,49.18000030517578,60.29580307006836,41.779998779296875,26.040000915527344,2.6675000190734863,32.476280212402344,118.1500015258789,56.59000015258789,77.55999755859375,44.95333480834961,32.369998931884766,164.77000427246094,52.22999954223633,67.0199966430664,54.97999954223633,34.380001068115234,23.440000534057617,74.11000061035156,81.45999908447266,65.5199966430664,13.960000038146973,167.47999572753906,129.1999969482422,21.72599983215332,23.040000915527344,56.08000183105469,57.7599983215332,44.650001525878906,108.29000091552734,39.18000030517578,94.4800033569336,230.75,35.4900016784668,126.0999984741211,87.20999908447266,83.91999816894531,49.54999923706055,60.45801544189453,41.97999954223633,26.360000610351562,2.6937499046325684,32.561668395996094,118.66999816894531,57.15999984741211,78.11000061035156,45.176666259765625,32.470001220703125,166.22999572753906,52.439998626708984,67.62999725341797,55.22999954223633,34.45500183105469,23.489999771118164,74.38999938964844,81.62999725341797,4099500,44549900,4432200,266000,19223000,111666800,7624700,16916500,9149400,5451200,4051900,2350500,4770700,20640400,8508100,16090100,3021100,2721500,9915128,14888800,47118300,533940000,21378704,4002600,7718700,5804100,1530900,5909900,3947400,9022900,3298800,19000000,23600800,85238900,13250500,8928000
2017-03-24,44.690067291259766,13.699999809265137,125.41559600830078,120.59317779541016,17.036413192749023,18.811634063720703,40.2774543762207,43.47053909301758,32.950347900390625,72.85330963134766,27.282880783081055,69.43024444580078,188.54107666015625,28.909093856811523,97.94116973876953,68.28724670410156,73.04768371582031,36.91788864135742,45.679786682128906,32.56510543823242,27.7274169921875,2.649867534637451,21.26015281677246,87.69422912597656,44.60982894897461,59.44293212890625,41.481178283691406,26.1457576751709,142.44248962402344,37.139495849609375,45.91420364379883,43.28432083129883,23.402721405029297,19.8848876953125,63.86991882324219,54.03645706176758,65.62000274658203,13.699999809265137,165.74000549316406,132.24000549316406,21.89699935913086,23.1200008392334,55.88999938964844,58.06999969482422,44.099998474121094,107.98999786376953,38.79999923706055,94.86000061035156,228.41000366210938,35.15999984741211,125.4800033569336,87.29000091552734,84.18000030517578,48.869998931884766,60.286258697509766,42.459999084472656,28.43000030517578,2.6867499351501465,32.25806427001953,119.4000015258789,56.91999816894531,76.95999908447266,45.293331146240234,32.810001373291016,165.0,52.56999969482422,65.77999877929688,55.83000183105469,34.279998779296875,23.540000915527344,74.29000091552734,81.2300033569336,66.11000061035156,14.180000305175781,166.92999267578125,133.5500030517578,22.139999389648438,23.350000381469727,56.25,58.540000915527344,44.880001068115234,108.41999816894531,39.459999084472656,95.25,233.6999969482422,35.72999954223633,126.36000061035156,88.08999633789062,84.9800033569336,49.52000045776367,60.6202278137207,43.0,29.8700008392334,2.7322499752044678,32.51423263549805,120.58000183105469,57.470001220703125,77.94000244140625,45.856666564941406,33.099998474121094,167.39999389648438,52.97999954223633,67.04000091552734,56.04999923706055,34.540000915527344,23.729999542236328,74.62000274658203,82.02999877929688,65.31999969482422,13.539999961853027,165.0800018310547,131.9600067138672,21.77400016784668,22.760000228881836,55.68000030517578,57.61000061035156,43.970001220703125,107.69999694824219,38.65999984741211,94.36000061035156,226.97000122070312,35.119998931884766,125.12999725341797,86.7699966430664,83.86000061035156,48.810001373291016,59.98091506958008,42.150001525878906,28.15999984741211,2.6605000495910645,32.20113754272461,118.58999633789062,56.63999938964844,76.7699966430664,45.119998931884766,32.61000061035156,164.35000610351562,52.220001220703125,65.69999694824219,55.220001220703125,34.21500015258789,23.3799991607666,73.9800033569336,81.1500015258789,65.51000213623047,14.15999984741211,166.69000244140625,133.27999877929688,21.801000595092773,23.200000762939453,55.869998931884766,58.33000183105469,44.63999938964844,107.93000030517578,39.209999084472656,94.94000244140625,233.0,35.650001525878906,125.86000061035156,87.79000091552734,84.30000305175781,49.5099983215332,60.26717758178711,42.779998779296875,29.709999084472656,2.724250078201294,32.51423263549805,119.9000015258789,57.470001220703125,77.76000213623047,45.53666687011719,32.72999954223633,166.1300048828125,52.75,66.83999633789062,55.5,34.46500015258789,23.610000610351562,74.29000091552734,82.02999877929688,4056300,50099500,3175600,1709800,23794000,113499100,6170600,13504400,8797100,6339900,4148600,2858400,6387300,22188000,6490300,16093200,2479100,3563200,9575052,10815300,107481800,439500000,28583110,2425900,5621400,9805900,1596000,5899900,5243900,5948800,4372000,21127500,20885000,97583400,9229500,9128500
2017-03-27,45.0169563293457,13.699999809265137,124.78755187988281,121.01264953613281,17.042640686035156,18.738414764404297,40.38555908203125,43.66516876220703,33.09230422973633,71.69969940185547,27.33913230895996,68.34696960449219,186.12252807617188,29.09820556640625,98.19093322753906,68.2481460571289,73.09973907470703,36.88766860961914,45.687015533447266,31.890186309814453,28.04926300048828,2.669100046157837,21.372705459594727,86.8128662109375,44.40607452392578,59.48929214477539,41.54221725463867,26.43263053894043,142.09715270996094,36.87810516357422,46.22829818725586,42.94319152832031,23.293485641479492,19.808868408203125,64.04188537597656,54.049766540527344,66.0999984741211,13.699999809265137,164.91000366210938,132.6999969482422,21.905000686645508,23.030000686645508,56.040000915527344,58.33000183105469,44.290000915527344,106.27999877929688,38.880001068115234,93.37999725341797,225.47999572753906,35.38999938964844,125.80000305175781,87.23999786376953,84.23999786376953,48.83000183105469,60.29580307006836,41.58000183105469,28.760000228881836,2.706249952316284,32.4288444519043,118.19999694824219,56.65999984741211,77.0199966430664,45.36000061035156,33.16999816894531,164.60000610351562,52.20000076293945,66.2300033569336,55.38999938964844,34.119998931884766,23.450000762939453,74.48999786376953,81.25,66.27999877929688,13.779999732971191,166.61000061035156,133.1999969482422,22.01799964904785,23.049999237060547,56.349998474121094,58.45000076293945,44.439998626708984,107.3499984741211,39.029998779296875,93.98999786376953,227.07000732421875,35.5,126.13999938964844,87.4000015258789,84.44000244140625,49.060001373291016,60.5057258605957,41.720001220703125,29.18000030517578,2.710249900817871,32.552181243896484,118.44000244140625,56.939998626708984,77.18000030517578,45.46666717529297,33.2599983215332,165.11000061035156,52.40999984741211,66.52999877929688,55.58000183105469,34.21500015258789,23.459999084472656,74.62000274658203,81.43000030517578,65.23999786376953,13.210000038146973,163.0,132.36000061035156,21.597000122070312,22.15999984741211,55.529998779296875,56.54999923706055,43.2599983215332,105.81999969482422,38.02000045776367,93.02999877929688,220.85000610351562,34.939998626708984,125.1500015258789,85.2300033569336,83.73999786376953,48.18000030517578,59.933204650878906,40.060001373291016,28.06999969482422,2.5894999504089355,32.01138687133789,115.25,56.47999954223633,76.13999938964844,44.67333221435547,32.779998779296875,163.30999755859375,51.04999923706055,65.44999694824219,54.2400016784668,33.93000030517578,22.979999542236328,73.62000274658203,80.79000091552734,65.37000274658203,13.350000381469727,164.77000427246094,132.77999877929688,21.683000564575195,22.280000686645508,55.599998474121094,56.849998474121094,43.4900016784668,107.0,38.25,93.3499984741211,223.3000030517578,35.06999969482422,125.16000366210938,85.52999877929688,83.9000015258789,48.380001068115234,60.038169860839844,40.65999984741211,28.100000381469727,2.6394999027252197,32.01138687133789,116.5,56.720001220703125,76.20999908447266,44.86000061035156,32.849998474121094,163.99000549316406,51.59000015258789,65.54000091552734,54.630001068115234,33.95500183105469,23.040000915527344,73.76000213623047,80.81999969482422,4962300,42686800,4734000,2238000,15358000,119513500,11139700,17257200,6231900,6479400,4048000,2756900,9194800,16992200,5004300,16689300,2340300,3191800,8400663,21631100,48190000,506644000,18852055,3440300,4726300,6435100,1449900,5661500,4383000,7300800,2799300,16854800,22982600,103963000,6946300,8481200
2017-03-28,44.93524932861328,13.6899995803833,124.63619232177734,122.00664520263672,17.190462112426758,19.10455894470215,40.50086212158203,44.48112487792969,33.9067268371582,72.30008697509766,27.859468460083008,69.74497985839844,189.30050659179688,29.270875930786133,98.08164978027344,69.31207275390625,73.54228210449219,37.03874206542969,45.795475006103516,32.58811569213867,27.98099136352539,2.655292272567749,21.36020278930664,88.33318328857422,44.970340728759766,60.485652923583984,41.673500061035156,26.576065063476562,142.74464416503906,37.238399505615234,46.27017593383789,43.38511276245117,23.624601364135742,20.079177856445312,64.08485412597656,54.4422721862793,65.9800033569336,13.6899995803833,164.7100067138672,133.7899932861328,22.094999313354492,23.479999542236328,56.20000076293945,59.41999816894531,45.380001068115234,107.16999816894531,39.619998931884766,95.29000091552734,229.3300018310547,35.599998474121094,125.66000366210938,88.5999984741211,84.75,49.029998779296875,60.43893051147461,42.4900016784668,28.690000534057617,2.6922500133514404,32.40986633300781,120.2699966430664,57.380001068115234,78.30999755859375,45.503334045410156,33.349998474121094,165.35000610351562,52.709999084472656,66.29000091552734,55.959999084472656,34.60499954223633,23.770000457763672,74.54000091552734,81.83999633789062,66.20999908447266,13.859999656677246,166.25999450683594,134.2899932861328,22.17799949645996,23.670000076293945,56.369998931884766,59.65999984741211,45.4900016784668,107.73999786376953,39.810001373291016,95.63999938964844,229.75,35.709999084472656,125.77999877929688,89.0199966430664,85.0,49.15999984741211,60.49618148803711,42.77000045776367,29.059999465942383,2.722249984741211,32.50474548339844,120.80999755859375,57.61000061035156,78.58999633789062,45.68000030517578,33.43000030517578,166.07000732421875,53.16999816894531,66.63999938964844,56.25,34.689998626708984,23.860000610351562,74.63999938964844,82.0199966430664,65.63999938964844,13.550000190734863,163.72999572753906,133.1199951171875,21.834999084472656,23.0,55.93000030517578,58.119998931884766,44.20000076293945,106.12000274658203,38.84000015258789,93.44999694824219,225.10000610351562,35.209999084472656,124.77999877929688,86.9800033569336,84.04000091552734,48.61000061035156,60.0,41.56999969482422,28.6200008392334,2.6817500591278076,32.2296028137207,117.72000122070312,56.66999816894531,76.94000244140625,45.22999954223633,33.130001068115234,163.83999633789062,52.0,65.6500015258789,55.2400016784668,34.09000015258789,23.3700008392334,74.11000061035156,80.95999908447266,65.95999908447266,13.75,164.11000061035156,133.3699951171875,21.85099983215332,23.010000228881836,56.040000915527344,58.189998626708984,44.40999984741211,106.27999877929688,39.25,93.5,225.5800018310547,35.34000015258789,125.62000274658203,87.0199966430664,84.2699966430664,48.93000030517578,60.30534362792969,41.58000183105469,28.729999542236328,2.7074999809265137,32.31499099731445,118.05999755859375,56.66999816894531,77.4000015258789,45.45000076293945,33.36000061035156,164.5800018310547,52.06999969482422,66.5199966430664,55.349998474121094,34.16999816894531,23.3700008392334,74.33999633789062,81.31999969482422,5067400,37420200,6526400,1370300,17929000,95761700,8525900,15391100,7034800,6331500,4889600,3341000,4471200,18398100,5287600,16264400,2755000,4069800,10673880,12944900,24776400,432444000,19327725,2657600,5953500,7274600,851400,4527000,7327100,7736000,3443400,14878900,55845200,82301100,7392300,11028600
2017-03-29,44.7922248840332,13.710000038146973,123.38758087158203,121.20415496826172,17.218469619750977,18.998781204223633,40.32070541381836,44.458675384521484,34.33260726928711,72.90727996826172,28.98454475402832,70.9965591430664,188.57408142089844,29.246198654174805,97.50405883789062,69.05392456054688,73.27330017089844,38.1870002746582,46.012367248535156,32.825862884521484,27.795679092407227,2.6466622352600098,21.466503143310547,87.65015411376953,44.954673767089844,60.763710021972656,41.57275390625,26.24138069152832,141.09573364257812,36.75543212890625,46.86346435546875,43.1602668762207,23.948883056640625,19.952468872070312,64.10205078125,54.5620002746582,65.7699966430664,13.710000038146973,163.05999755859375,132.91000366210938,22.131000518798828,23.350000381469727,55.95000076293945,59.38999938964844,45.95000076293945,108.06999969482422,41.220001220703125,97.0,228.4499969482422,35.56999969482422,124.91999816894531,88.2699966430664,84.44000244140625,50.54999923706055,60.725189208984375,42.79999923706055,28.5,2.683500051498413,32.5711555480957,119.33999633789062,57.36000061035156,78.66999816894531,45.393333435058594,32.93000030517578,163.44000244140625,51.75,67.13999938964844,55.66999816894531,35.08000183105469,23.6200008392334,74.55999755859375,82.0199966430664,66.2699966430664,13.869999885559082,165.22000122070312,133.4600067138672,22.135000228881836,23.649999618530273,56.54999923706055,59.880001068115234,46.060001373291016,108.08000183105469,41.27000045776367,97.55999755859375,229.97000122070312,35.70000076293945,125.33000183105469,88.81999969482422,84.76000213623047,50.619998931884766,61.17366409301758,43.25,28.68000030517578,2.712249994277954,32.68500900268555,120.63999938964844,57.369998931884766,78.95999908447266,45.52333450317383,32.970001220703125,164.97000122070312,52.45000076293945,67.4000015258789,56.09000015258789,35.13999938964844,23.770000457763672,74.73999786376953,82.27999877929688,65.68000030517578,13.630000114440918,162.94000244140625,132.5399932861328,21.968000411987305,23.309999465942383,55.93000030517578,59.27000045776367,45.0099983215332,106.87999725341797,39.58000183105469,94.56999969482422,227.52000427246094,35.439998626708984,124.36000061035156,88.08000183105469,84.31999969482422,48.970001220703125,60.553436279296875,42.540000915527344,28.350000381469727,2.6812500953674316,32.362430572509766,119.29000091552734,56.86000061035156,77.58000183105469,45.25666809082031,32.77000045776367,162.74000549316406,51.68000030517578,66.11000061035156,55.54999923706055,34.505001068115234,23.600000381469727,74.38999938964844,81.55000305175781,65.94999694824219,13.739999771118164,164.47000122070312,133.16000366210938,22.079999923706055,23.510000228881836,56.16999816894531,59.529998779296875,45.33000183105469,106.94999694824219,39.70000076293945,95.18000030517578,229.38999938964844,35.52000045776367,125.05000305175781,88.5999984741211,84.55000305175781,49.02000045776367,60.75381851196289,43.09000015258789,28.600000381469727,2.6997499465942383,32.40986633300781,120.06999969482422,57.09000015258789,78.20999908447266,45.52333450317383,32.95000076293945,164.66000366210938,52.380001068115234,66.19999694824219,55.939998626708984,34.599998474121094,23.729999542236328,74.56999969482422,81.69000244140625,3649900,37863500,4070800,358300,15927000,67204500,6136200,13457400,6040800,4919900,5821400,3480900,2636000,17202600,3971800,10207600,2066600,3867400,8525794,14543900,23060600,349992000,18214174,1758600,4042600,4403000,1064400,4083900,5900400,7380700,3326900,10329100,37150400,76524100,4357800,8495500
2017-03-30,44.58109664916992,14.050000190734863,124.38648223876953,120.94882202148438,17.119665145874023,19.421873092651367,39.89551544189453,45.29710006713867,37.35865783691406,72.71162414550781,29.146263122558594,71.12097930908203,190.86058044433594,29.39419937133789,97.3011245727539,69.64848327636719,73.55098724365234,37.87726974487305,45.875003814697266,33.30906295776367,28.25406837463379,2.6974551677703857,21.47901153564453,89.25859069824219,44.829280853271484,60.122657775878906,41.78644943237305,26.352937698364258,142.433837890625,37.018226623535156,46.22829818725586,43.60219955444336,23.942049026489258,20.21433448791504,64.11064147949219,55.679569244384766,65.45999908447266,14.050000190734863,164.3800048828125,132.6300048828125,22.003999710083008,23.8700008392334,55.36000061035156,60.5099983215332,50.0,107.77999877929688,41.45000076293945,97.16999816894531,231.22000122070312,35.75,124.66000366210938,89.02999877929688,84.76000213623047,50.13999938964844,60.54389190673828,43.43000030517578,28.969999313354492,2.734999895095825,32.59013366699219,121.52999877929688,57.20000076293945,77.83999633789062,45.62666702270508,33.06999969482422,164.99000549316406,52.119998931884766,66.2300033569336,56.2400016784668,35.06999969482422,23.93000030517578,74.56999969482422,83.69999694824219,65.81999969482422,14.050000190734863,164.8000030517578,133.19000244140625,22.44499969482422,23.979999542236328,56.0,60.83000183105469,50.40999984741211,108.68000030517578,42.0099983215332,100.16000366210938,232.0,35.88999938964844,125.43000030517578,89.45999908447266,84.94999694824219,50.810001373291016,60.76335906982422,43.709999084472656,29.0,2.75,32.67552185058594,122.0,57.650001525878906,78.87000274658203,45.72666549682617,33.150001525878906,165.92999267578125,52.38999938964844,67.30999755859375,56.43000030517578,35.3849983215332,23.989999771118164,74.72000122070312,83.87000274658203,65.25,13.649999618530273,163.2100067138672,132.33999633789062,21.88599967956543,23.329999923706055,55.25,59.36000061035156,48.61000061035156,107.19999694824219,41.119998931884766,97.16999816894531,229.3800048828125,35.52000045776367,124.27999877929688,88.12000274658203,84.08000183105469,50.0,60.41984558105469,42.79999923706055,28.329999923706055,2.684999942779541,32.4003791809082,119.22000122070312,57.189998626708984,77.55999755859375,45.3466682434082,32.779998779296875,163.4600067138672,51.63999938964844,66.19999694824219,55.61000061035156,34.97999954223633,23.610000610351562,74.2699966430664,81.94000244140625,65.76000213623047,13.729999542236328,164.07000732421875,132.3800048828125,22.190000534057617,23.3799991607666,55.959999084472656,59.38999938964844,49.33000183105469,108.1500015258789,41.720001220703125,98.19000244140625,229.47999572753906,35.58000183105469,124.73999786376953,88.19999694824219,84.56999969482422,50.599998474121094,60.59160232543945,42.849998474121094,28.399999618530273,2.6907498836517334,32.438331604003906,119.22000122070312,57.36000061035156,78.7300033569336,45.41666793823242,32.84000015258789,163.64999389648438,51.7599983215332,67.27999877929688,55.68000030517578,35.29999923706055,23.639999389648438,74.47000122070312,82.02999877929688,3749600,44132800,2262300,361100,34168000,79189200,8147500,14886200,40059800,6797700,6667200,7514700,3156800,16433000,4711700,11631000,3204100,5893200,5577456,11264300,25092700,525532000,15803465,2091300,6359000,5585100,831000,3890600,2993800,9350100,7512800,12106500,31824600,92566000,7137400,44704900
2017-03-31,44.37678527832031,14.550000190734863,124.15188598632812,121.10385131835938,17.035634994506836,19.19405746459961,39.189273834228516,44.78056335449219,37.261539459228516,72.43504333496094,29.336124420166016,71.39911651611328,189.62242126464844,29.657312393188477,97.21527099609375,68.71751403808594,72.9869384765625,38.17943572998047,45.940067291259766,32.85655212402344,28.18580436706543,2.685866355895996,21.39146614074707,88.31116485595703,44.93899154663086,60.32346725463867,41.78948974609375,26.169662475585938,141.5877685546875,36.57787322998047,46.27017593383789,43.15252685546875,23.86012840270996,20.045385360717773,63.93009567260742,54.55534744262695,65.16000366210938,14.550000190734863,164.07000732421875,132.8000030517578,21.895999908447266,23.59000015258789,54.380001068115234,59.81999969482422,49.869998931884766,107.37000274658203,41.720001220703125,97.55000305175781,229.72000122070312,36.06999969482422,124.55000305175781,87.83999633789062,84.11000061035156,50.540000915527344,60.6297721862793,42.84000015258789,28.899999618530273,2.723249912261963,32.457305908203125,120.23999786376953,57.34000015258789,78.0999984741211,45.630001068115234,32.84000015258789,164.00999450683594,51.5,66.29000091552734,55.65999984741211,34.95000076293945,23.729999542236328,74.36000061035156,82.01000213623047,65.5199966430664,14.75,165.47999572753906,133.19000244140625,22.099000930786133,23.969999313354492,55.66999816894531,60.5099983215332,50.04999923706055,108.13999938964844,41.95000076293945,98.5,230.8000030517578,36.25,124.83000183105469,88.73999786376953,84.94000244140625,50.84000015258789,60.71564865112305,43.25,29.360000610351562,2.7472500801086426,32.618595123291016,121.25,57.689998626708984,78.37000274658203,45.856666564941406,32.939998626708984,165.10000610351562,52.06999969482422,66.66999816894531,56.18000030517578,35.16999816894531,23.90999984741211,74.55999755859375,83.30999755859375,65.1500015258789,14.010000228881836,163.85000610351562,132.1199951171875,21.80299949645996,23.59000015258789,54.15999984741211,59.790000915527344,49.02000045776367,107.05000305175781,41.06999969482422,96.66000366210938,228.72999572753906,35.7400016784668,124.02999877929688,87.75,84.08000183105469,49.83000183105469,60.35305404663086,42.66999816894531,28.899999618530273,2.7100000381469727,32.40986633300781,120.16000366210938,56.970001220703125,77.33000183105469,45.483333587646484,32.56999969482422,163.75,51.47999954223633,66.05999755859375,55.619998931884766,34.790000915527344,23.729999542236328,74.27999877929688,81.86000061035156,65.45999908447266,14.100000381469727,164.32000732421875,132.27000427246094,21.999000549316406,23.829999923706055,55.29999923706055,60.310001373291016,49.63999938964844,107.69999694824219,41.20000076293945,97.18000030517578,230.52999877929688,35.75,124.11000061035156,88.70999908447266,84.4000015258789,49.88999938964844,60.36259460449219,43.25,29.100000381469727,2.725250005722046,32.457305908203125,120.97000122070312,57.459999084472656,77.55000305175781,45.67333221435547,32.70000076293945,164.63999938964844,51.91999816894531,66.2300033569336,56.02000045776367,34.95500183105469,23.84000015258789,74.38999938964844,83.26000213623047,4057800,84566200,2811800,535400,25897000,77158300,12390400,14407900,13410500,6159000,4806900,4001000,2858400,21438400,5657600,16987600,3151900,4851500,7979472,11203300,32337800,440808000,19616837,2189200,10065000,5858500,616500,4853500,3496100,8197600,3622100,11864600,39722400,70540000,5895400,21750400
2017-04-03,44.28825378417969,14.640000343322754,124.01570129394531,120.53843688964844,17.023181915283203,19.19405746459961,39.0667610168457,44.675758361816406,36.94771957397461,72.7251205444336,29.554109573364258,70.96728515625,188.99510192871094,29.731307983398438,97.32453155517578,68.46717071533203,73.281982421875,37.726192474365234,45.88945770263672,32.75685501098633,27.932228088378906,2.6723058223724365,21.41022300720215,88.01737976074219,44.28065872192383,60.0145149230957,41.52390670776367,26.209501266479492,142.95179748535156,36.61338806152344,46.22829818725586,43.020729064941406,23.819169998168945,20.003150939941406,63.98170471191406,54.59526062011719,65.02999877929688,14.640000343322754,163.88999938964844,132.17999267578125,21.8799991607666,23.59000015258789,54.209999084472656,59.68000030517578,49.45000076293945,107.80000305175781,42.029998779296875,96.95999908447266,228.9600067138672,36.15999984741211,124.69000244140625,87.5199966430664,84.44999694824219,49.939998626708984,60.5629768371582,42.709999084472656,28.639999389648438,2.7095000743865967,32.48576736450195,119.83999633789062,56.5,77.69999694824219,45.34000015258789,32.88999938964844,165.58999633789062,51.54999923706055,66.2300033569336,55.4900016784668,34.88999938964844,23.68000030517578,74.41999816894531,82.06999969482422,65.58999633789062,14.739999771118164,165.02000427246094,132.75,21.999000549316406,23.75,55.15999984741211,60.09000015258789,49.93000030517578,107.97000122070312,42.31999969482422,97.80999755859375,230.10000610351562,36.7400016784668,125.30999755859375,88.16999816894531,84.80999755859375,50.84000015258789,60.79198455810547,42.9900016784668,29.040000915527344,2.7412500381469727,32.59013366699219,121.0,57.34000015258789,78.33000183105469,45.7599983215332,33.0,166.13999938964844,51.619998931884766,66.58999633789062,55.81999969482422,35.029998779296875,23.829999923706055,74.79000091552734,82.30999755859375,64.87999725341797,14.300000190734863,163.52000427246094,131.17999267578125,21.666000366210938,23.079999923706055,53.869998931884766,58.650001525878906,48.79999923706055,106.37999725341797,41.2599983215332,95.9800033569336,225.57000732421875,36.119998931884766,124.27999877929688,86.5999984741211,84.06999969482422,49.630001068115234,60.32442855834961,42.08000183105469,28.299999237060547,2.685499906539917,32.35293960571289,118.33999633789062,56.040000915527344,77.12999725341797,45.04666519165039,32.709999084472656,164.25,50.84000015258789,65.66000366210938,54.790000915527344,34.540000915527344,23.399999618530273,74.12999725341797,81.3499984741211,65.23999786376953,14.600000381469727,164.6300048828125,132.35000610351562,21.899999618530273,23.649999618530273,54.529998779296875,59.93000030517578,49.900001525878906,107.22000122070312,41.70000076293945,97.5,230.0,36.189998626708984,124.7300033569336,87.98999786376953,84.12999725341797,50.68000030517578,60.524810791015625,42.810001373291016,28.950000762939453,2.723750114440918,32.362430572509766,120.6500015258789,57.2599983215332,78.30000305175781,45.650001525878906,32.939998626708984,164.6199951171875,51.619998931884766,66.58999633789062,55.70000076293945,35.005001068115234,23.770000457763672,74.44000244140625,82.0199966430664,5229600,48423700,3047800,564100,19210000,88076600,16315800,15460500,7711800,5800900,4297400,2282000,3735600,32013600,4956400,19831800,2429900,2746700,6962493,12531800,21629100,445232000,19064752,2124200,11343500,6994700,2164800,4283100,3473700,7447400,3319400,14550700,26266600,93489100,12354800,11438700
2017-04-04,44.342735290527344,14.15999984741211,124.3713607788086,121.04913330078125,17.035634994506836,19.072006225585938,39.01631164550781,44.675758361816406,37.15692138671875,73.30530548095703,29.8775634765625,71.91146850585938,189.24269104003906,29.829971313476562,97.31673431396484,68.69535064697266,74.70508575439453,37.998146057128906,46.03406524658203,32.603458404541016,27.883460998535156,2.4849140644073486,21.472759246826172,87.5105972290039,44.4217414855957,60.408424377441406,41.316322326660156,26.18559455871582,142.41659545898438,36.54946517944336,45.93513488769531,42.79588317871094,23.99324607849121,19.97780990600586,63.947269439697266,54.79481506347656,65.11000061035156,14.15999984741211,164.36000061035156,132.74000549316406,21.895999908447266,23.440000534057617,54.13999938964844,59.68000030517578,49.72999954223633,108.66000366210938,42.4900016784668,98.25,229.25999450683594,36.279998779296875,124.68000030517578,87.30999755859375,86.08999633789062,50.29999923706055,60.75381851196289,42.5099983215332,28.59000015258789,2.5195000171661377,32.58064651489258,119.1500015258789,56.68000030517578,78.20999908447266,45.11333465576172,32.86000061035156,164.97000122070312,51.459999084472656,65.80999755859375,55.20000076293945,35.14500045776367,23.649999618530273,74.37999725341797,82.37000274658203,65.30000305175781,14.670000076293945,164.49000549316406,132.77999877929688,22.041000366210938,23.510000228881836,54.349998474121094,59.95000076293945,49.790000915527344,108.72000122070312,42.52000045776367,98.30999755859375,230.69000244140625,36.380001068115234,124.7699966430664,87.66999816894531,86.38999938964844,50.31999969482422,60.84923553466797,42.84000015258789,28.68000030517578,2.6105000972747803,32.73244857788086,119.98999786376953,56.90999984741211,78.37999725341797,45.40666580200195,32.95000076293945,166.4499969482422,51.56999969482422,66.30000305175781,55.33000183105469,35.17499923706055,23.700000762939453,74.4800033569336,82.41999816894531,64.83000183105469,14.029999732971191,163.1199951171875,131.85000610351562,21.788000106811523,23.200000762939453,53.95000076293945,59.20000076293945,49.04999923706055,107.01000213623047,41.5099983215332,96.01000213623047,227.27999877929688,35.9900016784668,124.22000122070312,86.72000122070312,84.29000091552734,49.540000915527344,60.46755599975586,42.349998474121094,28.15999984741211,2.508500099182129,32.305503845214844,118.68000030517578,56.25,77.22000122070312,44.983333587646484,32.77000045776367,164.7899932861328,51.220001220703125,65.37000274658203,54.97999954223633,34.630001068115234,23.540000915527344,74.16999816894531,81.33000183105469,65.12000274658203,14.3100004196167,163.77999877929688,132.3000030517578,21.816999435424805,23.200000762939453,54.209999084472656,59.290000915527344,49.43000030517578,107.87999725341797,42.060001373291016,97.37000274658203,227.72000122070312,36.119998931884766,124.51000213623047,86.88999938964844,84.52999877929688,50.220001220703125,60.67748260498047,42.540000915527344,28.469999313354492,2.5850000381469727,32.4288444519043,119.33000183105469,56.29999923706055,77.70999908447266,45.05666732788086,32.79999923706055,165.8699951171875,51.38999938964844,65.75,55.29999923706055,34.96500015258789,23.579999923706055,74.4000015258789,82.0999984741211,3457900,58413000,2239400,584000,12634000,75244400,8996700,9745600,6175900,4687400,3850600,2232100,3042700,18918000,5358500,14280800,4624600,2445700,6650189,7837100,13957900,1271280000,20324177,1871700,7123900,4687800,1366800,3756600,2886000,4158300,3101500,11937400,25948000,105795900,5228600,9270900
2017-04-05,44.24058151245117,14.170000076293945,122.76715850830078,119.48975372314453,16.893259048461914,18.852323532104492,38.52996826171875,44.6083869934082,36.69369125366211,73.29182434082031,29.195497512817383,71.42108154296875,187.92198181152344,29.7806453704834,97.41040802001953,67.81414031982422,74.30593872070312,37.34848403930664,45.96175765991211,32.01289367675781,27.56161880493164,2.4664218425750732,21.37895965576172,86.87896728515625,44.25716018676758,60.47793960571289,41.02934646606445,26.217472076416016,142.76193237304688,36.251155853271484,45.432586669921875,42.625328063964844,23.918161392211914,19.825754165649414,63.74955368041992,54.901268005371094,64.95999908447266,14.170000076293945,162.24000549316406,131.02999877929688,21.71299934387207,23.170000076293945,53.08000183105469,59.59000015258789,49.11000061035156,108.63999938964844,41.52000045776367,97.58000183105469,227.66000366210938,36.220001220703125,124.80000305175781,86.19000244140625,85.62999725341797,49.439998626708984,60.65839767456055,41.7400016784668,28.260000228881836,2.5007500648498535,32.438331604003906,118.29000091552734,56.470001220703125,78.30000305175781,44.79999923706055,32.900001525878906,165.3699951171875,51.040000915527344,65.08999633789062,54.97999954223633,35.03499984741211,23.469999313354492,74.1500015258789,82.52999877929688,65.76000213623047,14.640000343322754,164.75999450683594,132.00999450683594,22.049999237060547,23.8799991607666,54.130001068115234,61.02000045776367,50.40999984741211,110.66999816894531,43.52000045776367,100.52999877929688,232.88999938964844,36.7599983215332,125.5999984741211,88.54000091552734,86.72000122070312,51.18000030517578,61.211830139160156,43.099998474121094,28.90999984741211,2.5592501163482666,32.75142288208008,121.0199966430664,57.529998779296875,79.4800033569336,45.54999923706055,33.33000183105469,167.25999450683594,52.040000915527344,66.69999694824219,56.20000076293945,35.744998931884766,23.959999084472656,74.91999816894531,83.55000305175781,64.86000061035156,14.100000381469727,161.67999267578125,130.9199981689453,21.68000030517578,23.149999618530273,53.0,59.529998779296875,48.95000076293945,108.55999755859375,41.439998626708984,97.22000122070312,227.30999755859375,36.16999816894531,124.41000366210938,86.12999725341797,85.56999969482422,49.400001525878906,60.60114669799805,41.61000061035156,28.229999542236328,2.487499952316284,32.4003791809082,118.13999938964844,56.41999816894531,78.26000213623047,44.77000045776367,32.869998931884766,165.22000122070312,50.959999084472656,65.0,54.93000030517578,34.98500061035156,23.469999313354492,74.0999984741211,82.47000122070312,65.2300033569336,14.279999732971191,163.27000427246094,131.60000610351562,21.95400047302246,23.770000457763672,53.9900016784668,60.5,50.0099983215332,109.6500015258789,42.95000076293945,99.4000015258789,232.14999389648438,36.43000030517578,124.72000122070312,88.41999816894531,85.91999816894531,50.65999984741211,60.77289962768555,43.0099983215332,28.639999389648438,2.500499963760376,32.5711555480957,120.77999877929688,56.79999923706055,78.66000366210938,45.24333190917969,33.060001373291016,165.75999450683594,51.90999984741211,66.12000274658203,55.790000915527344,35.439998626708984,23.8700008392334,74.4800033569336,82.8499984741211,4396300,58816700,3542300,557200,15690000,97453300,10095800,20295200,7490900,6398800,5680800,3829100,5286900,22455500,5646300,17635500,4056300,4060300,8083538,12455100,22389900,747048000,20321225,1872800,7857700,5290600,1259400,5112900,3541600,6138700,3236700,17411700,45467400,104651200,6470100,13809100
2017-04-06,44.32231521606445,13.270000457763672,122.77466583251953,119.44412231445312,16.922042846679688,18.92554473876953,38.68241882324219,44.83296203613281,37.216705322265625,73.73033142089844,30.151790618896484,71.76508331298828,188.73089599609375,29.624422073364258,97.60553741455078,68.04232025146484,74.07164001464844,37.65064239501953,45.72317123413086,32.281333923339844,27.9127254486084,2.4844207763671875,21.328943252563477,87.59137725830078,44.304168701171875,60.72509765625,41.09346389770508,26.18559455871582,142.73594665527344,36.47133255004883,45.41862487792969,42.92768478393555,24.10930633544922,19.952468872070312,63.86131286621094,55.220577239990234,65.08000183105469,13.270000457763672,162.25,130.97999572753906,21.75,23.260000228881836,53.290000915527344,59.88999938964844,49.810001373291016,109.29000091552734,42.880001068115234,98.05000305175781,228.63999938964844,36.029998779296875,125.05000305175781,86.4800033569336,85.36000061035156,49.84000015258789,60.343509674072266,42.09000015258789,28.6200008392334,2.5190000534057617,32.362430572509766,119.26000213623047,56.529998779296875,78.62000274658203,44.869998931884766,32.86000061035156,165.33999633789062,51.349998474121094,65.06999969482422,55.369998931884766,35.314998626708984,23.6200008392334,74.27999877929688,83.01000213623047,65.19000244140625,13.460000038146973,163.4499969482422,131.24000549316406,21.847000122070312,23.459999084472656,53.529998779296875,60.22999954223633,49.970001220703125,109.6500015258789,43.15999984741211,98.80999755859375,230.1199951171875,36.279998779296875,125.45999908447266,86.91000366210938,85.9000015258789,50.45000076293945,61.040077209472656,42.369998931884766,28.780000686645508,2.53125,32.59013366699219,119.79000091552734,56.72999954223633,78.93000030517578,44.970001220703125,32.939998626708984,166.02000427246094,51.5099983215332,65.58999633789062,55.650001525878906,35.415000915527344,23.719999313354492,74.41999816894531,83.20999908447266,64.6500015258789,12.829999923706055,161.61000061035156,130.5500030517578,21.55900001525879,22.959999084472656,52.5099983215332,59.0099983215332,49.15999984741211,108.75,41.75,97.55999755859375,225.7100067138672,36.029998779296875,124.5,85.25,85.12000274658203,49.4900016784668,60.29580307006836,41.43000030517578,28.020000457763672,2.460249900817871,32.31499099731445,117.4800033569336,56.13999938964844,78.36000061035156,44.413333892822266,32.72999954223633,164.83999633789062,50.72999954223633,64.70999908447266,54.709999084472656,35.08000183105469,23.329999923706055,73.94999694824219,82.45999908447266,65.02999877929688,13.420000076293945,162.1999969482422,130.9499969482422,21.670000076293945,23.170000076293945,53.04999923706055,59.439998626708984,49.38999938964844,109.12000274658203,41.91999816894531,97.97000122070312,227.08999633789062,36.130001068115234,124.8499984741211,85.9800033569336,85.47000122070312,49.66999816894531,60.57251739501953,41.630001068115234,28.25,2.50600004196167,32.390892028808594,118.25,56.439998626708984,78.69999694824219,44.77000045776367,32.880001068115234,165.4499969482422,51.02000045776367,65.11000061035156,54.95000076293945,35.17499923706055,23.450000762939453,74.16999816894531,82.75,4628400,139500100,3024200,370000,14615000,82975200,7404700,13806000,6823800,3934500,6989800,1977900,2927200,20198200,4324200,14379600,2684600,4536100,7915125,9520900,19423700,635120000,17164706,2071700,5757800,5128500,1165500,3990800,2923600,5855000,3378100,10387500,26249400,80802100,5253300,9554900
2017-04-07,44.635581970214844,13.520000457763672,123.62977600097656,119.62654876708984,16.980392456054688,18.84418487548828,38.77677917480469,44.488616943359375,37.01497268676758,73.44024658203125,29.91272735595703,71.26002502441406,188.10357666015625,29.624422073364258,97.50405883789062,67.80628204345703,74.03693389892578,37.78662872314453,45.64363479614258,32.173954010009766,27.815189361572266,2.47381854057312,21.322683334350586,87.52527618408203,44.139591217041016,60.501129150390625,41.27052307128906,26.193561553955078,143.3230438232422,36.32928466796875,45.76763153076172,42.51679229736328,24.017147064208984,19.867996215820312,63.97309494018555,55.054264068603516,65.54000091552734,13.520000457763672,163.3800048828125,131.17999267578125,21.825000762939453,23.15999984741211,53.41999816894531,59.43000030517578,49.540000915527344,108.86000061035156,42.540000915527344,97.36000061035156,227.8800048828125,36.029998779296875,124.91999816894531,86.18000030517578,85.31999969482422,50.02000045776367,60.238548278808594,41.95000076293945,28.520000457763672,2.5082499980926514,32.35293960571289,119.16999816894531,56.31999969482422,78.33000183105469,45.063331604003906,32.869998931884766,166.02000427246094,51.150001525878906,65.56999969482422,54.84000015258789,35.18000030517578,23.520000457763672,74.41000366210938,82.76000213623047,65.93000030517578,13.680000305175781,164.24000549316406,131.64999389648438,21.983999252319336,23.34000015258789,53.65999984741211,59.88999938964844,50.0,109.58000183105469,43.099998474121094,98.4800033569336,228.8300018310547,36.31999969482422,125.47000122070312,86.80999755859375,85.66000366210938,50.43000030517578,60.42938995361328,42.25,28.860000610351562,2.54325008392334,32.49525451660156,119.83999633789062,56.599998474121094,78.87000274658203,45.20000076293945,33.040000915527344,166.5,51.36000061035156,66.0999984741211,55.310001373291016,35.43000030517578,23.68000030517578,74.5999984741211,83.36000061035156,64.83000183105469,13.220000267028809,162.25,130.52999877929688,21.70400047302246,22.93000030517578,52.880001068115234,59.2599983215332,49.380001068115234,108.66999816894531,42.4900016784668,97.04000091552734,226.22999572753906,35.9900016784668,124.83000183105469,85.70999908447266,84.91000366210938,49.5099983215332,60.066795349121094,41.41999816894531,28.350000381469727,2.493000030517578,32.296016693115234,118.0,56.189998626708984,78.1500015258789,44.7599983215332,32.77000045776367,164.6199951171875,50.869998931884766,65.0,54.61000061035156,35.125,23.399999618530273,74.12999725341797,82.68000030517578,65.05999755859375,13.329999923706055,162.91000366210938,130.5399932861328,21.75,23.030000686645508,53.27000045776367,59.33000183105469,49.849998474121094,109.37999725341797,42.810001373291016,98.2300033569336,226.60000610351562,36.06999969482422,125.12000274658203,85.93000030517578,85.33999633789062,49.75,60.38167953491211,41.619998931884766,28.450000762939453,2.5255000591278076,32.34345245361328,118.5199966430664,56.58000183105469,78.7300033569336,44.88666534423828,32.86000061035156,164.9600067138672,51.08000183105469,65.06999969482422,54.939998626708984,35.334999084472656,23.440000534057617,74.33000183105469,83.23999786376953,6089300,70441000,2204400,546900,16412000,79519400,7969300,13449300,5857400,4889400,3710100,2866600,2853300,15689500,3615100,13097100,2808500,3526800,8091713,9319600,20325500,429068000,14728069,1921000,5229800,4265200,757200,3366300,2927800,6827500,3854600,15848800,25160600,61525700,5638200,8909600
2017-04-10,44.24739456176758,13.100000381469727,123.18333435058594,118.46839141845703,16.962509155273438,18.730270385742188,38.72595977783203,44.376338958740234,37.470733642578125,73.82478332519531,30.278379440307617,72.14568328857422,188.93728637695312,29.4353084564209,97.05134582519531,67.57023620605469,74.16709899902344,37.87726974487305,45.22429275512695,32.14329147338867,26.956933975219727,2.410696506500244,21.285167694091797,86.937744140625,44.29634094238281,60.794639587402344,40.95302963256836,25.914648056030273,142.85690307617188,36.066490173339844,45.61405944824219,42.284210205078125,24.198062896728516,19.817304611206055,63.85273361206055,55.30039596557617,64.97000122070312,13.100000381469727,162.7899932861328,129.91000366210938,21.802000045776367,23.020000457763672,53.349998474121094,59.279998779296875,50.150001525878906,109.43000030517578,43.060001373291016,98.56999969482422,228.88999938964844,35.79999923706055,124.33999633789062,85.87999725341797,85.47000122070312,50.13999938964844,59.685115814208984,41.90999984741211,27.639999389648438,2.4442501068115234,32.296016693115234,118.37000274658203,56.52000045776367,78.70999908447266,44.71666717529297,32.52000045776367,165.47999572753906,50.779998779296875,65.3499984741211,54.540000915527344,35.44499969482422,23.459999084472656,74.2699966430664,83.12999725341797,65.77999877929688,13.59000015258789,164.24000549316406,130.7899932861328,21.905000686645508,23.280000686645508,53.709999084472656,59.97999954223633,50.470001220703125,110.19999694824219,43.220001220703125,99.43000030517578,229.7899932861328,36.09000015258789,124.94999694824219,86.69000244140625,85.8499984741211,50.79999923706055,60.42938995361328,42.150001525878906,28.489999771118164,2.515749931335449,32.466793060302734,119.63999938964844,56.810001373291016,78.94999694824219,45.11000061035156,32.869998931884766,167.0,51.439998626708984,66.25,55.25,35.60499954223633,23.670000076293945,74.63999938964844,83.47000122070312,64.91000366210938,13.039999961853027,162.6199951171875,129.6999969482422,21.625999450683594,22.90999984741211,53.20000076293945,58.97999954223633,49.72999954223633,108.97000122070312,42.7400016784668,98.05999755859375,226.9499969482422,35.61000061035156,124.2300033569336,85.4000015258789,85.2300033569336,50.119998931884766,59.66603088378906,41.38999938964844,27.579999923706055,2.440000057220459,32.2296028137207,117.88999938964844,56.27000045776367,78.4000015258789,44.61000061035156,32.41999816894531,165.27999877929688,50.72999954223633,65.30000305175781,54.31999969482422,35.29999923706055,23.3799991607666,74.19999694824219,82.91999816894531,65.5,13.520000457763672,163.85000610351562,130.6300048828125,21.707000732421875,23.1299991607666,53.349998474121094,59.36000061035156,49.790000915527344,109.12000274658203,42.88999938964844,98.16999816894531,228.0,36.02000045776367,124.87000274658203,86.08000183105469,85.45999908447266,50.31999969482422,60.372135162353516,41.900001525878906,28.450000762939453,2.509000062942505,32.381404876708984,119.08000183105469,56.43000030517578,78.66999816894531,45.06666564941406,32.869998931884766,166.19000244140625,51.25,65.5999984741211,54.9900016784668,35.375,23.520000457763672,74.38999938964844,83.12000274658203,7136200,47178000,1772000,1180800,17994000,63254700,7409100,12096700,6737400,4812100,3184500,2902600,2653900,19973700,4594200,15081600,1994900,3773900,7595590,8677200,27422100,756332000,16852722,2084300,6039800,3339900,810300,4937100,3234900,6484800,3409400,14607700,21641800,60429000,4530000,8885300
2017-04-11,44.14421463012695,13.100000381469727,123.4255142211914,118.37718963623047,16.925933837890625,18.648910522460938,38.457393646240234,44.189178466796875,37.470733642578125,73.51447296142578,29.898664474487305,71.76296997070312,187.988037109375,29.38597869873047,96.95769500732422,67.45222473144531,74.56624603271484,38.096343994140625,45.24598693847656,31.890186309814453,26.508302688598633,2.4193265438079834,21.216386795043945,86.68801879882812,43.37937927246094,61.52067184448242,40.623321533203125,25.819028854370117,143.15899658203125,36.144622802734375,45.80949401855469,41.989585876464844,24.20147132873535,19.7581729888916,63.76673126220703,55.10746765136719,64.18000030517578,13.100000381469727,163.11000061035156,129.80999755859375,21.7549991607666,22.920000076293945,52.97999954223633,59.029998779296875,50.150001525878906,108.97000122070312,42.52000045776367,97.87999725341797,227.74000549316406,35.7400016784668,124.22000122070312,85.7300033569336,85.93000030517578,50.43000030517578,59.713741302490234,41.58000183105469,27.18000030517578,2.453000068664551,32.191650390625,118.02999877929688,55.349998474121094,79.6500015258789,44.356666564941406,32.400001525878906,165.8300018310547,50.88999938964844,65.62999725341797,54.15999984741211,35.45000076293945,23.389999389648438,74.16999816894531,82.83999633789062,64.43000030517578,13.289999961853027,163.39999389648438,129.85000610351562,21.84000015258789,22.950000762939453,53.439998626708984,59.04999923706055,50.2400016784668,109.54000091552734,42.9900016784668,98.61000061035156,229.39999389648438,35.790000915527344,124.79000091552734,85.79000091552734,86.13999938964844,50.540000915527344,59.885494232177734,41.779998779296875,27.540000915527344,2.4725000858306885,32.33396530151367,118.06999969482422,56.36000061035156,79.70999908447266,44.5099983215332,32.689998626708984,165.83999633789062,50.9900016784668,65.66000366210938,54.2599983215332,35.51499938964844,23.43000030517578,74.33999633789062,83.16999816894531,63.31999969482422,12.710000038146973,161.55999755859375,128.30999755859375,21.402999877929688,22.579999923706055,52.939998626708984,58.08000183105469,49.56999969482422,108.05999755859375,41.95000076293945,96.91000366210938,225.38999938964844,35.209999084472656,123.94999694824219,84.80000305175781,85.31999969482422,49.90999984741211,59.332061767578125,40.9900016784668,26.68000030517578,2.408750057220459,32.01138687133789,116.06999969482422,54.720001220703125,78.08000183105469,43.6966667175293,31.979999542236328,164.60000610351562,50.349998474121094,64.77999877929688,53.27000045776367,35.06999969482422,23.149999618530273,73.76000213623047,82.41999816894531,64.43000030517578,13.020000457763672,162.88999938964844,129.63999938964844,21.6560001373291,22.829999923706055,53.290000915527344,58.68000030517578,50.150001525878906,109.52999877929688,42.86000061035156,98.08999633789062,227.77999877929688,35.77000045776367,124.26000213623047,85.54000091552734,85.47000122070312,50.189998626708984,59.627864837646484,41.560001373291016,27.5,2.413749933242798,32.27703857421875,117.44000244140625,56.31999969482422,78.70999908447266,44.496665954589844,32.689998626708984,164.88999938964844,50.650001525878906,65.2699966430664,54.22999954223633,35.5,23.34000015258789,74.1500015258789,83.08000183105469,5404500,59916600,1990300,613200,22219000,94206700,6996500,15247800,7395200,3956500,7316600,1907900,3374700,22711800,4161500,14690500,2699200,4537300,6858950,10318400,38619300,618148000,20155642,3339500,17301800,6722200,1602000,6293800,3172900,7344900,3927500,28086800,27783000,83801200,5472600,8576500
2017-04-12,44.2749137878418,12.760000228881836,123.38005828857422,117.64763641357422,16.276281356811523,18.429222106933594,38.46464920043945,43.799922943115234,36.940250396728516,73.51447296142578,29.44160270690918,71.47703552246094,186.34539794921875,29.2955379486084,97.87873077392578,67.19258880615234,74.84392547607422,37.726192474365234,45.585792541503906,31.499034881591797,26.030418395996094,2.3993542194366455,21.210124969482422,85.59593963623047,41.8432731628418,61.4588737487793,39.92424774169922,25.723398208618164,142.92584228515625,36.009681701660156,45.46051025390625,41.18330001831055,24.099069595336914,19.59768295288086,63.76673126220703,55.19396209716797,64.37000274658203,12.760000228881836,163.0500030517578,129.00999450683594,20.920000076293945,22.649999618530273,52.9900016784668,58.5099983215332,49.439998626708984,108.97000122070312,41.869998931884766,97.48999786376953,225.75,35.630001068115234,125.4000015258789,85.4000015258789,86.25,49.939998626708984,60.16221237182617,41.06999969482422,26.690000534057617,2.4327499866485596,32.18216323852539,116.0,53.38999938964844,79.56999969482422,43.59333419799805,32.279998779296875,165.55999755859375,50.70000076293945,65.12999725341797,53.119998931884766,35.29999923706055,23.200000762939453,74.16999816894531,82.97000122070312,64.41000366210938,13.100000381469727,164.10000610351562,129.97000122070312,21.61400032043457,22.940000534057617,53.13999938964844,59.130001068115234,50.619998931884766,109.36000061035156,42.970001220703125,98.87999725341797,228.25,36.0099983215332,125.45999908447266,85.94999694824219,86.33999633789062,50.939998626708984,60.314884185791016,41.52000045776367,27.43000030517578,2.4674999713897705,32.24857711791992,117.69999694824219,54.650001525878906,80.88999938964844,44.293331146240234,32.63999938964844,166.4199981689453,51.08000183105469,66.25,54.02000045776367,35.709999084472656,23.3799991607666,74.29000091552734,83.3499984741211,63.66999816894531,12.739999771118164,162.16000366210938,128.3000030517578,20.8439998626709,22.610000610351562,52.75,58.27000045776367,49.29999923706055,108.44999694824219,41.720001220703125,97.18000030517578,225.22999572753906,35.5,124.36000061035156,85.02999877929688,85.66999816894531,49.83000183105469,59.42748260498047,41.0099983215332,26.65999984741211,2.427500009536743,31.982921600341797,115.87000274658203,53.119998931884766,79.25,43.4900016784668,32.02000045776367,164.60000610351562,50.4900016784668,65.06999969482422,53.04999923706055,35.189998626708984,23.139999389648438,73.87000274658203,82.69999694824219,64.16999816894531,12.9399995803833,164.0800018310547,129.75,21.566999435424805,22.8799991607666,52.81999969482422,59.09000015258789,50.13999938964844,109.36000061035156,42.52000045776367,97.81999969482422,227.64999389648438,35.869998931884766,124.54000091552734,85.93000030517578,85.73999786376953,50.58000183105469,59.51335906982422,41.5,27.420000076293945,2.453000068664551,32.14421463012695,116.98999786376953,54.63999938964844,79.7300033569336,44.233333587646484,32.470001220703125,166.32000732421875,50.65999984741211,65.9000015258789,53.95000076293945,35.48500061035156,23.360000610351562,74.08999633789062,82.86000061035156,6122000,37385400,2248600,485300,61026000,76556300,7193000,15223400,7623000,5053300,3899900,2295100,2947500,19289800,5556600,14730600,2545100,2986600,9965642,10440600,24621900,414092000,26022628,3039100,24822200,6024200,1704600,6136500,2978700,7671500,4156200,25601300,22907200,74023000,3782200,9516100
2017-04-13,44.109825134277344,12.3100004196167,122.29039001464844,117.07313537597656,16.441225051879883,18.17699432373047,38.3484992980957,43.44808578491211,36.327571868896484,71.57823181152344,28.583744049072266,70.12065887451172,184.3395538330078,28.983095169067383,97.5586929321289,66.40579223632812,74.52288055419922,37.1973991394043,45.26767349243164,31.207597732543945,26.07917594909668,2.3544793128967285,21.18511962890625,85.44835662841797,41.37303161621094,60.362091064453125,39.658653259277344,25.364805221557617,142.407958984375,35.498291015625,45.146400451660156,39.81102752685547,23.65873146057129,19.344263076782227,63.6034049987793,54.34247589111328,64.12999725341797,12.3100004196167,161.61000061035156,128.3800048828125,21.131999969482422,22.34000015258789,52.83000183105469,58.040000915527344,48.619998931884766,106.0999984741211,40.650001525878906,95.63999938964844,223.32000732421875,35.25,124.98999786376953,84.4000015258789,85.87999725341797,49.2400016784668,59.742366790771484,40.689998626708984,26.739999771118164,2.3872499465942383,32.14421463012695,115.80000305175781,52.790000915527344,78.1500015258789,43.3033332824707,31.829999923706055,164.9600067138672,49.97999954223633,64.68000030517578,51.349998474121094,34.654998779296875,22.899999618530273,73.9800033569336,81.69000244140625,64.72000122070312,12.720000267028809,163.6300048828125,129.8800048828125,21.39699935913086,22.959999084472656,53.189998626708984,59.72999954223633,49.790000915527344,108.73999786376953,42.34000015258789,97.72000122070312,228.1699981689453,35.7599983215332,125.6500015258789,86.98999786376953,86.31999969482422,50.0,60.114505767822266,41.68000030517578,27.229999542236328,2.4302499294281006,32.27703857421875,120.6500015258789,53.68000030517578,79.4000015258789,43.959999084472656,32.45000076293945,165.64999389648438,50.88999938964844,65.62999725341797,52.75,35.29499816894531,23.3700008392334,74.33000183105469,82.7300033569336,64.08000183105469,12.220000267028809,161.3300018310547,128.33999633789062,20.899999618530273,22.34000015258789,52.779998779296875,57.68000030517578,48.540000915527344,105.93000030517578,40.470001220703125,95.33000183105469,223.0800018310547,35.25,124.95999908447266,84.4000015258789,85.77999877929688,49.099998474121094,59.69465637207031,40.5,26.360000610351562,2.3872499465942383,32.08728790283203,115.5999984741211,52.779998779296875,77.95999908447266,43.28666687011719,31.81999969482422,164.6699981689453,49.959999084472656,64.58000183105469,51.349998474121094,34.57500076293945,22.899999618530273,73.9800033569336,81.56999969482422,64.23999786376953,12.510000228881836,163.27999877929688,129.00999450683594,20.92099952697754,22.559999465942383,53.04999923706055,58.29999923706055,49.599998474121094,108.63999938964844,42.0,97.25,225.17999267578125,35.54999923706055,125.12999725341797,85.5,86.02999877929688,49.86000061035156,59.91412353515625,40.83000183105469,26.549999237060547,2.408250093460083,32.14421463012695,118.0,53.130001068115234,79.33000183105469,43.33333206176758,32.099998474121094,164.9499969482422,50.41999816894531,65.16999816894531,51.79999923706055,35.27000045776367,23.110000610351562,74.08000183105469,82.72000122070312,3896700,53442600,2568800,575600,42579000,88061800,7169400,31784400,8807100,6894800,4507500,3235100,3653700,15764000,5396500,30529800,2172500,3373800,6217260,10516500,26077500,506892000,13560553,5112400,17014400,5030200,1309200,8781700,1979800,5888000,3105200,47982000,35312000,120159300,6671100,8667900
2017-04-17,44.233642578125,12.789999961853027,122.66878509521484,118.70548248291016,16.639616012573242,18.559404373168945,38.435604095458984,44.15924072265625,36.574134826660156,71.6254653930664,28.83687400817871,70.19397735595703,186.76632690429688,29.172199249267578,98.12848663330078,67.55450439453125,71.48573303222656,37.69597244262695,45.40504837036133,31.821157455444336,26.459537506103516,2.44669508934021,21.26015281677246,87.37425231933594,41.45140075683594,60.43163299560547,40.153202056884766,25.524181365966797,144.324462890625,35.896034240722656,45.502384185791016,40.8731803894043,23.70993423461914,19.68214988708496,63.83552932739258,54.2692985534668,64.30999755859375,12.789999961853027,162.11000061035156,130.1699981689453,21.386999130249023,22.809999465942383,52.95000076293945,58.9900016784668,48.95000076293945,106.16999816894531,41.0099983215332,95.73999786376953,226.25999450683594,35.47999954223633,125.72000122070312,85.86000061035156,82.37999725341797,49.900001525878906,59.92366409301758,41.4900016784668,27.1299991607666,2.48075008392334,32.25806427001953,118.41000366210938,52.88999938964844,78.23999786376953,43.84333419799805,32.029998779296875,167.17999267578125,50.540000915527344,65.19000244140625,52.720001220703125,34.72999954223633,23.299999237060547,74.25,81.58000183105469,64.97000122070312,12.800000190734863,162.52000427246094,130.2899932861328,21.43600082397461,22.829999923706055,53.220001220703125,59.060001373291016,49.02000045776367,106.4800033569336,41.029998779296875,96.12999725341797,226.8800048828125,35.59000015258789,125.80999755859375,86.08000183105469,82.98999786376953,49.95000076293945,59.961830139160156,41.54999923706055,27.219999313354492,2.4809999465942383,32.305503845214844,118.52999877929688,53.130001068115234,78.41999816894531,43.866668701171875,32.06999969482422,167.4199981689453,50.619998931884766,65.19000244140625,52.7599983215332,34.76499938964844,23.309999465942383,74.2699966430664,81.97000122070312,64.05999755859375,12.369999885559082,161.25999450683594,128.88999938964844,21.2189998626709,22.260000228881836,52.529998779296875,57.93000030517578,48.459999084472656,105.6500015258789,39.93000030517578,95.19999694824219,223.02000427246094,35.33000183105469,124.93000030517578,84.37000274658203,81.11000061035156,49.27000045776367,59.53244400024414,40.58000183105469,26.829999923706055,2.3949999809265137,32.08728790283203,115.44999694824219,52.75,77.79000091552734,43.473331451416016,31.770000457763672,164.9600067138672,49.90999984741211,64.6500015258789,51.2599983215332,34.560001373291016,22.889999389648438,73.83000183105469,81.44000244140625,64.79000091552734,12.529999732971191,161.33999633789062,128.88999938964844,21.238000869750977,22.360000610351562,52.75,58.36000061035156,48.59000015258789,106.16999816894531,40.619998931884766,95.66000366210938,223.89999389648438,35.439998626708984,125.0199966430664,84.44000244140625,81.30000305175781,49.279998779296875,59.83778762817383,40.779998779296875,26.90999984741211,2.40024995803833,32.16318893432617,115.9800033569336,52.9900016784668,77.81999969482422,43.473331451416016,32.040000915527344,164.99000549316406,50.119998931884766,64.73999786376953,51.63999938964844,34.64500045776367,22.959999084472656,73.88999938964844,81.8499984741211,4189500,38188200,2364900,334800,14507000,85053200,6471400,14657300,5286600,5278800,4373800,2288800,4190900,12560700,5367500,19071700,12424500,3563200,5590242,7959700,14108600,497292000,15963462,3241200,10471700,5559300,1329900,6918900,4396700,4943600,2909800,31959100,16024400,86681200,6149900,9577200
2017-04-18,43.77967834472656,12.949999809265137,122.01799011230469,119.14319610595703,16.579715728759766,18.478038787841797,38.42109298706055,43.7325439453125,36.37986373901367,71.294921875,28.49934959411621,69.52679443359375,177.95880126953125,29.41064453125,95.08443450927734,67.00375366210938,70.46180725097656,36.97076416015625,45.0218505859375,31.606409072875977,26.46929359436035,2.448173761367798,21.16010093688965,85.89847564697266,41.278987884521484,60.19216537475586,40.33942413330078,25.332931518554688,145.54165649414062,35.37044906616211,44.776466369628906,40.66384506225586,23.488056182861328,19.496313095092773,63.1391487121582,53.916744232177734,63.650001525878906,12.949999809265137,161.25,130.64999389648438,21.309999465942383,22.709999084472656,52.93000030517578,58.41999816894531,48.689998626708984,105.68000030517578,40.529998779296875,94.83000183105469,215.58999633789062,35.77000045776367,121.81999969482422,85.16000366210938,81.19999694824219,48.939998626708984,59.417938232421875,41.209999084472656,27.139999389648438,2.4822499752044678,32.10626220703125,116.41000366210938,52.66999816894531,77.93000030517578,44.04666519165039,31.790000915527344,168.58999633789062,49.79999923706055,64.1500015258789,52.45000076293945,34.404998779296875,23.079999923706055,73.44000244140625,81.05000305175781,64.08000183105469,12.970000267028809,161.92999267578125,130.9600067138672,21.371000289916992,23.149999618530273,53.150001525878906,58.88999938964844,49.27000045776367,106.68000030517578,41.25,95.97000122070312,219.88999938964844,35.810001373291016,123.37000274658203,85.62999725341797,82.0999984741211,50.0099983215332,59.59923553466797,41.54999923706055,27.34000015258789,2.4885001182556152,32.14421463012695,118.43000030517578,52.97999954223633,78.58999633789062,44.073333740234375,31.860000610351562,170.22999572753906,50.40999984741211,65.0999984741211,52.66999816894531,34.80500030517578,23.25,73.83999633789062,81.81999969482422,63.119998931884766,12.579999923706055,160.27999877929688,129.8000030517578,21.20599937438965,22.3799991607666,52.59000015258789,58.06999969482422,48.43000030517578,105.31999969482422,40.2599983215332,94.30000305175781,213.17999267578125,35.29999923706055,120.94999694824219,84.73999786376953,80.88999938964844,48.63999938964844,59.15076446533203,40.75,26.899999618530273,2.440000057220459,31.935483932495117,115.7699966430664,52.38999938964844,77.66999816894531,43.56999969482422,31.6299991607666,167.6999969482422,49.68000030517578,63.58000183105469,52.09000015258789,34.334999084472656,22.940000534057617,73.16000366210938,81.02999877929688,64.02999877929688,12.630000114440918,161.92999267578125,130.3800048828125,21.305999755859375,23.110000610351562,52.68000030517578,58.58000183105469,48.61000061035156,105.80999755859375,40.630001068115234,95.11000061035156,219.32000732421875,35.43000030517578,123.18000030517578,85.36000061035156,81.91000366210938,49.599998474121094,59.59923553466797,40.9900016784668,27.0,2.466249942779541,32.03036117553711,117.41000366210938,52.599998474121094,77.7699966430664,43.599998474121094,31.760000228881836,170.05999755859375,50.209999084472656,64.93000030517578,52.36000061035156,34.57500076293945,23.139999389648438,73.83999633789062,81.31999969482422,4755800,37172000,2532100,915700,8486000,146488400,8036700,16891000,6046600,4252700,4158700,2005700,12464000,12321100,13485700,14127000,8210800,3526500,7749436,13872400,14407100,370116000,22293365,2915200,11262800,4078800,1325700,5468600,5526200,9699100,4605800,22257500,29500600,74890400,7519500,8821400
2017-04-19,43.64212417602539,12.84000015258789,122.02558135986328,115.71437072753906,16.620948791503906,18.5024471282959,38.6170768737793,43.21601867675781,35.864315032958984,70.31671142578125,27.599302291870117,68.3976821899414,176.72064208984375,29.52576446533203,94.73316192626953,66.45298767089844,70.1927719116211,36.4041862487793,45.28936767578125,32.24298858642578,26.58633041381836,2.4577908515930176,21.01629066467285,85.95011901855469,41.23196792602539,59.07221984863281,40.55006408691406,25.189491271972656,146.1114501953125,35.292320251464844,44.3157844543457,40.43126678466797,23.143299102783203,19.437179565429688,63.328311920166016,53.54420852661133,63.45000076293945,12.84000015258789,161.25999450683594,126.88999938964844,21.363000869750977,22.739999771118164,53.20000076293945,57.72999954223633,48.0,104.2300033569336,39.25,93.29000091552734,214.08999633789062,35.90999984741211,121.37000274658203,84.45999908447266,80.88999938964844,48.189998626708984,59.770992279052734,42.040000915527344,27.260000228881836,2.492000102996826,31.888046264648438,116.4800033569336,52.61000061035156,76.4800033569336,44.276668548583984,31.610000610351562,169.25,49.689998626708984,63.4900016784668,52.150001525878906,33.900001525878906,23.010000228881836,73.66000366210938,80.48999786376953,63.93000030517578,13.210000038146973,162.63999938964844,133.7100067138672,21.482999801635742,23.149999618530273,53.65999984741211,59.099998474121094,49.06999969482422,106.13999938964844,40.84000015258789,95.41999816894531,217.17999267578125,36.220001220703125,122.27999877929688,85.91999816894531,81.70999908447266,49.15999984741211,59.770992279052734,42.939998626708984,27.549999237060547,2.5244998931884766,32.17267608642578,118.37000274658203,53.099998474121094,78.4800033569336,44.68000030517578,31.950000762939453,171.19000244140625,50.349998474121094,64.37000274658203,53.13999938964844,34.55500030517578,23.31999969482422,73.87000274658203,81.51000213623047,63.310001373291016,12.800000190734863,161.1300048828125,126.04000091552734,21.326000213623047,22.68000030517578,52.880001068115234,57.599998474121094,47.81999969482422,103.83000183105469,39.09000015258789,92.93000030517578,213.61000061035156,35.88999938964844,121.11000061035156,84.36000061035156,79.87999725341797,47.779998779296875,59.16030502319336,41.959999084472656,27.049999237060547,2.4852499961853027,31.831119537353516,115.97000122070312,52.29999923706055,76.16000366210938,44.209999084472656,31.489999771118164,168.69000244140625,49.54999923706055,63.2599983215332,52.04999923706055,33.810001373291016,22.979999542236328,73.52999877929688,80.30000305175781,63.900001525878906,13.09000015258789,162.10000610351562,133.11000061035156,21.378000259399414,22.920000076293945,53.0,58.849998474121094,48.7599983215332,105.88999938964844,40.63999938964844,94.93000030517578,215.8699951171875,35.970001220703125,122.0999984741211,85.5,81.12000274658203,48.79999923706055,59.40839767456055,42.310001373291016,27.450000762939453,2.5,32.11574935913086,117.45999908447266,53.0,78.29000091552734,44.40666580200195,31.920000076293945,169.58999633789062,50.130001068115234,64.22000122070312,52.880001068115234,34.4900016784668,23.229999542236328,73.68000030517578,81.16999816894531,4057100,36491100,2344100,3355400,12081000,101771800,8140600,18104200,6165200,6667900,4839900,3109100,6428800,16594600,6993100,17588500,5504500,5526800,10845857,19850300,21231900,380828000,25204302,2275100,15441500,8138400,1701600,4739200,4703400,7268600,4988300,17414600,36250800,55583800,5023100,10764400
2017-04-20,43.86909866333008,13.109999656677246,122.61579895019531,118.59606170654297,16.977283477783203,18.770954132080078,38.79128646850586,43.72505569458008,35.82695007324219,70.75520324707031,27.915727615356445,68.405029296875,179.9976806640625,29.747751235961914,95.1234359741211,67.31060028076172,71.10393524169922,36.66859817504883,45.22429275512695,32.59578323364258,27.269027709960938,2.4967496395111084,21.09757423400879,87.6841812133789,41.271156311035156,59.09535598754883,41.191158294677734,25.332931518554688,148.08839416503906,35.99546813964844,44.74156951904297,41.477901458740234,23.255943298339844,19.766624450683594,63.7237663269043,53.89011764526367,63.779998779296875,13.109999656677246,162.0399932861328,130.0500030517578,21.820999145507812,23.06999969482422,53.439998626708984,58.40999984741211,47.95000076293945,104.87999725341797,39.70000076293945,93.30000305175781,218.05999755859375,36.18000030517578,121.87000274658203,85.55000305175781,81.94000244140625,48.540000915527344,59.685115814208984,42.5,27.959999084472656,2.5315001010894775,32.01138687133789,118.83000183105469,52.65999984741211,76.51000213623047,44.97666549682617,31.790000915527344,171.5399932861328,50.68000030517578,64.0999984741211,53.5,34.064998626708984,23.399999618530273,74.12000274658203,81.01000213623047,64.0,13.149999618530273,162.77000427246094,130.82000732421875,21.91200065612793,23.170000076293945,53.560001373291016,58.650001525878906,48.68000030517578,105.69000244140625,39.939998626708984,94.0999984741211,218.97999572753906,36.27000045776367,122.1500015258789,85.77999877929688,82.19999694824219,49.02000045776367,59.875953674316406,42.7599983215332,28.079999923706055,2.536250114440918,32.13472366333008,119.19000244140625,53.400001525878906,77.33999633789062,45.05666732788086,31.8700008392334,172.19000244140625,50.900001525878906,64.70999908447266,53.59000015258789,34.314998626708984,23.450000762939453,74.2699966430664,81.73999786376953,63.290000915527344,12.880000114440918,161.00999450683594,129.2899932861328,21.422000885009766,22.81999969482422,53.189998626708984,57.54999923706055,47.88999938964844,104.36000061035156,39.34000015258789,93.19000244140625,215.0,35.86000061035156,121.3499984741211,84.55000305175781,80.75,48.130001068115234,59.39885330200195,42.099998474121094,27.5,2.4852499961853027,31.764705657958984,116.69999694824219,51.400001525878906,76.12999725341797,44.383331298828125,31.639999389648438,168.3699951171875,49.7599983215332,63.560001373291016,52.43000030517578,33.96500015258789,23.09000015258789,73.47000122070312,80.69999694824219,63.720001220703125,12.979999542236328,161.0500030517578,130.10000610351562,21.5,22.959999084472656,53.40999984741211,58.16999816894531,48.02000045776367,104.4000015258789,39.459999084472656,93.7699966430664,215.5,36.18000030517578,121.86000061035156,84.9800033569336,81.19000244140625,48.279998779296875,59.790077209472656,42.61000061035156,27.5,2.5067501068115234,31.907020568847656,117.30999755859375,53.220001220703125,76.48999786376953,44.60333251953125,31.770000457763672,169.52000427246094,49.790000915527344,63.68000030517578,52.720001220703125,34.0,23.18000030517578,73.80999755859375,80.94999694824219,5708600,41976100,2070200,2259500,16916000,103802600,6092500,17074800,6278800,4988100,3502200,2737300,5168200,22968300,6330100,15635800,3267200,3066800,9392490,13816200,23633000,404016000,19339319,2053600,24664600,8053900,1669800,4237700,3652100,9535400,2777800,31552900,32470800,85720400,7307300,11649100
2017-04-21,43.896602630615234,13.0,121.38240814208984,118.57783508300781,16.934490203857422,18.478038787841797,38.82032775878906,43.20851516723633,35.67005157470703,70.76195526123047,27.93682289123535,68.6103286743164,179.0071258544922,29.862865447998047,95.03759002685547,66.50018310546875,71.06053161621094,36.683692932128906,44.747108459472656,32.05891036987305,26.644847869873047,2.5071051120758057,21.035045623779297,87.19715881347656,41.145748138427734,57.80546951293945,41.01713562011719,25.564023971557617,147.76028442382812,35.87472915649414,45.53030776977539,41.09025955200195,23.139890670776367,19.563888549804688,63.345481872558594,53.67724609375,63.81999969482422,13.0,160.41000366210938,130.02999877929688,21.766000747680664,22.709999084472656,53.47999954223633,57.720001220703125,47.7400016784668,104.88999938964844,39.72999954223633,93.58000183105469,216.86000061035156,36.31999969482422,121.76000213623047,84.5199966430664,81.88999938964844,48.560001373291016,59.05534362792969,41.79999923706055,27.31999969482422,2.5420000553131104,31.9165096282959,118.16999816894531,52.5,74.83999633789062,44.78666687011719,32.08000183105469,171.16000366210938,50.5099983215332,65.2300033569336,53.0,33.89500045776367,23.15999984741211,73.68000030517578,80.69000244140625,64.29000091552734,13.119999885559082,162.72999572753906,130.49000549316406,21.83300018310547,23.079999923706055,53.709999084472656,58.439998626708984,48.130001068115234,105.43000030517578,39.869998931884766,94.25,219.17999267578125,36.41999816894531,122.04000091552734,85.68000030517578,82.23999786376953,49.0,59.761451721191406,42.61000061035156,28.030000686645508,2.5447499752044678,32.00189971923828,119.47000122070312,52.79999923706055,75.16000366210938,44.87666702270508,32.13999938964844,172.6199951171875,51.0099983215332,65.62999725341797,53.84000015258789,34.064998626708984,23.43000030517578,74.05999755859375,81.0,63.54999923706055,12.899999618530273,160.25,129.72000122070312,21.615999221801758,22.59000015258789,53.150001525878906,57.630001068115234,47.29999923706055,104.29000091552734,38.95000076293945,92.88999938964844,216.3800048828125,35.849998474121094,121.54000091552734,84.51000213623047,81.66999816894531,48.36000061035156,59.036258697509766,41.709999084472656,27.15999984741211,2.509000062942505,31.755218505859375,117.83000183105469,52.209999084472656,73.1500015258789,44.40999984741211,31.950000762939453,170.47000122070312,50.459999084472656,64.19999694824219,52.95000076293945,33.724998474121094,23.149999618530273,73.51000213623047,80.47000122070312,63.7599983215332,13.079999923706055,162.14999389648438,130.35000610351562,21.742000579833984,23.030000686645508,53.400001525878906,58.380001068115234,47.86000061035156,104.80000305175781,39.439998626708984,93.0,218.5500030517578,36.20000076293945,121.77999877929688,85.5,81.81999969482422,48.5099983215332,59.50381851196289,42.209999084472656,28.0,2.5209999084472656,31.9165096282959,118.55000305175781,52.77000045776367,73.97000122070312,44.83000183105469,32.09000015258789,172.1300048828125,50.54999923706055,64.58999633789062,53.38999938964844,33.91999816894531,23.34000015258789,73.98999786376953,80.93000030517578,4154900,25689600,2906900,1298800,14683000,127235400,5224400,15255900,6056300,5432600,4301300,2409300,3845700,20390500,6021700,19820600,3204000,4201400,11002323,12951300,28361700,341896000,25552227,1960600,10951500,14539700,1922400,4530400,2982300,9044700,5113200,26177300,28232200,94675300,6763000,9816700
2017-04-24,44.47437286376953,13.130000114440918,123.44819641113281,121.7057113647461,17.21302604675293,19.22659683227539,38.87113952636719,44.496097564697266,35.797080993652344,71.46357727050781,28.00010108947754,68.72762298583984,184.2570037841797,30.216421127319336,95.91960906982422,68.8448486328125,72.3882064819336,37.915042877197266,44.92786407470703,33.40876770019531,25.913379669189453,2.538418769836426,21.09757423400879,89.1821060180664,41.38871765136719,57.23392868041992,41.6063232421875,26.05809783935547,148.7703399658203,36.6204948425293,46.640113830566406,41.59419631958008,23.27642250061035,20.003150939941406,63.97309494018555,53.9566535949707,64.66000366210938,13.130000114440918,163.13999938964844,133.4600067138672,22.124000549316406,23.6299991607666,53.54999923706055,59.439998626708984,47.90999984741211,105.93000030517578,39.81999969482422,93.73999786376953,223.22000122070312,36.75,122.88999938964844,87.5,83.41999816894531,50.189998626708984,59.29389190673828,43.560001373291016,26.56999969482422,2.5737500190734863,32.01138687133789,120.86000061035156,52.810001373291016,74.0999984741211,45.43000030517578,32.70000076293945,172.3300018310547,51.560001373291016,66.81999969482422,53.650001525878906,34.095001220703125,23.68000030517578,74.41000366210938,81.11000061035156,65.16000366210938,13.229999542236328,163.60000610351562,134.2899932861328,22.190000534057617,23.850000381469727,54.0,59.709999084472656,48.189998626708984,106.41000366210938,40.279998779296875,94.45999908447266,224.80999755859375,36.849998474121094,123.20999908447266,88.05000305175781,83.7300033569336,50.439998626708984,59.656490325927734,43.72999954223633,27.760000228881836,2.5869998931884766,32.286529541015625,121.80000305175781,53.25,75.0999984741211,45.57666778564453,32.79999923706055,173.16000366210938,52.0099983215332,67.20999908447266,54.34000015258789,34.23500061035156,23.809999465942383,74.58999633789062,81.4000015258789,64.26000213623047,13.050000190734863,161.89999389648438,132.7100067138672,21.968000411987305,23.239999771118164,53.5099983215332,59.06999969482422,47.709999084472656,105.37000274658203,39.59000015258789,93.31999969482422,220.3000030517578,36.459999084472656,122.1500015258789,86.41999816894531,82.72000122070312,49.11000061035156,59.17938995361328,43.189998626708984,26.520000457763672,2.5527501106262207,31.925996780395508,120.16999816894531,52.75,73.94000244140625,45.266666412353516,32.4900016784668,171.6999969482422,51.41999816894531,65.69999694824219,53.59000015258789,33.9900016784668,23.59000015258789,74.30999755859375,80.80999755859375,64.4000015258789,13.229999542236328,162.5,133.6300048828125,22.069000244140625,23.239999771118164,53.849998474121094,59.18000030517578,48.0,105.79000091552734,40.08000183105469,94.45999908447266,221.17999267578125,36.66999816894531,122.5199966430664,86.55000305175781,82.81999969482422,49.36000061035156,59.63740539550781,43.38999938964844,27.739999771118164,2.5739998817443848,32.23908996582031,121.0,53.0099983215332,75.0,45.44333267211914,32.58000183105469,172.66000366210938,51.70000076293945,65.69999694824219,54.150001525878906,34.14500045776367,23.690000534057617,74.38999938964844,81.27999877929688,7121000,36120300,3498400,685100,17531000,138638900,9783300,24400300,5750700,4538200,3609500,2182200,5353500,26305800,5679000,25468300,4813600,5269900,9270922,16188100,44041000,371820000,22438501,2727700,10784400,8461800,1482300,5717000,2830300,8060600,7075000,23856700,26701400,98770600,5450000,8729700
2017-04-25,44.777008056640625,13.489999771118164,124.62862396240234,122.41706848144531,17.36551856994629,19.511375427246094,39.154232025146484,45.07251739501953,36.45458984375,72.00328063964844,28.541545867919922,69.84937286376953,187.07171630859375,30.31508445739746,96.3410873413086,69.44280242919922,70.46180725097656,37.7941780090332,45.04353713989258,33.953304290771484,26.322998046875,2.5825552940368652,21.11008644104004,89.36656188964844,41.5376091003418,57.22618865966797,42.030670166015625,26.352937698364258,150.24656677246094,37.025325775146484,45.94910430908203,42.29970169067383,23.474407196044922,20.1805362701416,64.24818420410156,54.36909484863281,65.0999984741211,13.489999771118164,164.6999969482422,134.24000549316406,22.31999969482422,23.979999542236328,53.939998626708984,60.209999084472656,48.790000915527344,106.7300033569336,40.59000015258789,95.2699966430664,226.6300048828125,36.869998931884766,123.43000030517578,88.26000213623047,81.19999694824219,50.029998779296875,59.446563720703125,44.27000045776367,26.989999771118164,2.618499994277954,32.03036117553711,121.11000061035156,53.0,74.08999633789062,45.893333435058594,33.06999969482422,174.0399932861328,52.130001068115234,65.83000183105469,54.560001373291016,34.3849983215332,23.889999389648438,74.7300033569336,81.7300033569336,65.62999725341797,13.529999732971191,165.3000030517578,134.9499969482422,22.399999618530273,24.350000381469727,54.31999969482422,60.790000915527344,48.900001525878906,106.97000122070312,40.68000030517578,95.43000030517578,227.97999572753906,37.0,123.75,89.12999725341797,82.70999908447266,50.41999816894531,60.04771041870117,44.45000076293945,27.020000457763672,2.6332499980926514,32.220115661621094,122.7300033569336,53.4900016784668,74.33000183105469,45.96333312988281,33.18000030517578,174.74000549316406,52.47999954223633,67.69000244140625,55.09000015258789,34.46500015258789,24.010000228881836,74.94000244140625,81.93000030517578,64.81999969482422,13.15999984741211,163.39999389648438,133.86000061035156,22.19499969482422,23.90999984741211,53.650001525878906,60.0,47.79999923706055,106.18000030517578,39.65999984741211,93.47000122070312,225.14999389648438,36.65999984741211,123.01000213623047,88.26000213623047,80.5,49.88999938964844,59.39885330200195,43.91999816894531,26.3700008392334,2.5667500495910645,31.982921600341797,121.06999969482422,52.959999084472656,73.7699966430664,45.540000915527344,32.75,173.19000244140625,51.93000030517578,65.01000213623047,54.290000915527344,34.07500076293945,23.860000610351562,74.5,81.27999877929688,64.94000244140625,13.239999771118164,163.52000427246094,134.89999389648438,22.20199966430664,23.989999771118164,53.650001525878906,60.08000183105469,47.970001220703125,106.30000305175781,39.810001373291016,93.80000305175781,226.1999969482422,36.77000045776367,123.33999633789062,88.55000305175781,82.70999908447266,50.27000045776367,59.627864837646484,43.97999954223633,26.709999084472656,2.5885000228881836,32.08728790283203,122.05999755859375,53.16999816894531,74.22000122070312,45.650001525878906,32.7599983215332,173.5,52.130001068115234,67.1500015258789,54.33000183105469,34.18000030517578,23.889999389648438,74.70999908447266,81.43000030517578,5352900,35881000,3529400,681300,14848000,131531100,9321100,21593500,7023200,4619000,3726800,2273900,3996900,22066800,5090000,18253800,9221100,3813600,11205006,13857600,22881400,388440000,19756176,2955600,11688700,9066400,1269900,5614300,3394700,9010900,7379700,27061300,31182000,71026100,9035700,10733800
2017-04-26,44.73575210571289,13.40999984741211,124.5605239868164,120.7938003540039,17.247257232666016,19.438148498535156,39.03083038330078,44.990169525146484,36.11835861206055,71.56477355957031,28.541545867919922,69.14553833007812,186.71682739257812,30.364421844482422,96.40351867675781,69.57655334472656,70.25349426269531,37.46934509277344,45.33272933959961,34.03000259399414,26.127939224243164,2.5648019313812256,21.16636085510254,90.02330780029297,41.5689582824707,57.24164581298828,41.68570327758789,26.29715919494629,150.54010009765625,37.018226623535156,45.299964904785156,42.284210205078125,23.39589500427246,20.163646697998047,64.60070037841797,54.14955139160156,65.04000091552734,13.40999984741211,164.61000061035156,132.4600067138672,22.167999267578125,23.889999389648438,53.77000045776367,60.099998474121094,48.34000015258789,106.08000183105469,40.59000015258789,94.30999755859375,226.1999969482422,36.93000030517578,123.51000213623047,88.43000030517578,80.95999908447266,49.599998474121094,59.828243255615234,44.369998931884766,26.790000915527344,2.6005001068115234,32.11574935913086,122.0,53.040000915527344,74.11000061035156,45.516666412353516,33.0,174.3800048828125,52.119998931884766,64.9000015258789,54.540000915527344,34.27000045776367,23.8700008392334,75.13999938964844,81.4000015258789,65.91999816894531,13.529999732971191,165.61000061035156,133.42999267578125,22.39299964904785,24.190000534057617,54.650001525878906,60.70000076293945,49.529998779296875,107.4800033569336,41.290000915527344,96.48999786376953,229.36000061035156,37.22999954223633,124.26000213623047,89.05000305175781,81.70999908447266,50.11000061035156,60.0,44.86000061035156,27.06999969482422,2.6347498893737793,32.286529541015625,122.98999786376953,53.29999923706055,74.91000366210938,45.91666793823242,33.11000061035156,175.64999389648438,52.619998931884766,65.75,55.06999969482422,34.73500061035156,24.09000015258789,75.44000244140625,82.33000183105469,65.0199966430664,13.220000267028809,164.33999633789062,132.0,22.086999893188477,23.860000610351562,53.709999084472656,59.959999084472656,48.2400016784668,105.97000122070312,40.09000015258789,94.20999908447266,226.08999633789062,36.779998779296875,123.4800033569336,88.13999938964844,80.93000030517578,49.31999969482422,59.57061004638672,44.13999938964844,26.389999389648438,2.5985000133514404,32.11574935913086,121.0999984741211,52.90999984741211,73.7300033569336,45.3466682434082,32.81999969482422,173.97999572753906,52.0,64.80999755859375,54.36000061035156,34.209999084472656,23.81999969482422,74.94000244140625,81.38999938964844,65.19000244140625,13.420000076293945,165.61000061035156,133.0399932861328,22.349000930786133,24.0,54.04999923706055,60.040000915527344,48.27000045776367,106.4000015258789,40.13999938964844,94.41999816894531,227.10000610351562,36.779998779296875,123.79000091552734,88.3499984741211,81.33999633789062,49.7400016784668,59.761451721191406,44.16999816894531,26.579999923706055,2.6322500705718994,32.12523651123047,121.29000091552734,53.20000076293945,73.75,45.83000183105469,33.060001373291016,174.08999633789062,52.0,65.41000366210938,54.599998474121094,34.224998474121094,23.860000610351562,75.0,81.5199966430664,5008900,36644500,4175500,633600,14726000,95172200,9453900,16058000,6536900,6687400,4127100,2132000,3765300,27241000,5021800,12832200,4421700,4885500,9284546,12938400,24670700,327004000,20884483,2052200,7373800,6064800,3504000,6027700,2817500,7652600,6540500,15915500,37475200,71691200,6240400,9445900
2017-04-27,45.4442024230957,13.619999885559082,123.1303482055664,121.24065399169922,17.35696029663086,19.242876052856445,40.410011291503906,44.57735061645508,35.75971221923828,71.15325164794922,27.669612884521484,68.18508911132812,186.3948974609375,30.775527954101562,96.5830307006836,68.931396484375,70.5745849609375,38.542057037353516,45.24598693847656,33.54463577270508,26.947181701660156,2.604746103286743,21.172609329223633,89.30013275146484,41.70220184326172,56.26070785522461,42.27183151245117,26.313098907470703,150.7559356689453,36.876190185546875,45.59312438964844,42.206668853759766,23.139890670776367,20.070724487304688,64.7382583618164,54.056434631347656,66.06999969482422,13.619999885559082,162.72000122070312,132.9499969482422,22.30900001525879,23.649999618530273,55.66999816894531,59.38999938964844,47.86000061035156,105.47000122070312,39.349998474121094,93.0,225.80999755859375,37.43000030517578,123.73999786376953,87.61000061035156,81.33000183105469,51.02000045776367,59.713741302490234,43.540000915527344,27.6299991607666,2.6410000324249268,32.12523651123047,121.0199966430664,53.209999084472656,72.83999633789062,46.15666580200195,33.02000045776367,174.6300048828125,51.91999816894531,65.31999969482422,54.439998626708984,33.89500045776367,23.760000228881836,75.30000305175781,81.26000213623047,67.5,13.699999809265137,163.42999267578125,133.88999938964844,22.409000396728516,23.93000030517578,56.130001068115234,59.9900016784668,48.13999938964844,105.9800033569336,40.310001373291016,93.69999694824219,226.6999969482422,37.5,124.30999755859375,88.37000274658203,81.5999984741211,51.619998931884766,60.02862548828125,44.209999084472656,27.649999618530273,2.6494998931884766,32.27703857421875,122.45999908447266,53.34000015258789,73.93000030517578,46.220001220703125,33.29999923706055,176.07000732421875,52.290000915527344,65.48999786376953,54.650001525878906,34.040000915527344,23.920000076293945,75.6500015258789,81.30000305175781,65.12000274658203,13.369999885559082,160.0,132.35000610351562,22.20599937438965,23.459999084472656,54.619998931884766,58.93000030517578,46.86000061035156,104.66999816894531,39.060001373291016,91.16000366210938,223.52000427246094,36.779998779296875,123.4000015258789,87.01000213623047,80.69000244140625,49.459999084472656,59.58969497680664,43.38999938964844,27.100000381469727,2.589750051498413,32.03984832763672,120.13999938964844,52.90999984741211,72.0999984741211,45.753334045410156,33.0099983215332,174.02000427246094,51.5,63.849998474121094,53.90999984741211,33.55500030517578,23.6200008392334,75.01000213623047,80.94000244140625,65.44999694824219,13.430000305175781,160.1300048828125,132.66000366210938,22.288999557495117,23.899999618530273,55.36000061035156,59.97999954223633,47.83000183105469,105.95999908447266,40.150001525878906,93.56999969482422,226.6999969482422,36.869998931884766,123.58000183105469,88.37000274658203,80.97000122070312,49.470001220703125,59.904579162597656,44.15999984741211,27.170000076293945,2.6080000400543213,32.220115661621094,122.16999816894531,53.2400016784668,73.8499984741211,45.84333419799805,33.11000061035156,174.07000732421875,52.220001220703125,64.68000030517578,54.540000915527344,34.005001068115234,23.920000076293945,75.16000366210938,81.06999969482422,11692900,31327600,5699200,453100,11850000,80024200,15317800,14025900,7302700,5781800,5109800,3876300,2805800,39890000,4225200,13329000,3219200,6786600,6920258,9041300,24626900,319700000,15633139,1556000,6956200,10844900,1099200,5625600,2438600,5826700,4222800,13978000,41095400,68871800,6962800,12385300
2017-04-28,45.35477066040039,13.300000190734863,123.5843734741211,121.4312744140625,17.179567337036133,18.99064064025879,40.68586349487305,44.37469482421875,35.797080993652344,71.98303985595703,27.7680606842041,67.81849670410156,184.7357635498047,29.723085403442383,96.372314453125,68.45144653320312,71.20802307128906,38.48161697387695,45.06521987915039,33.41364669799805,26.986196517944336,2.5717058181762695,21.210124969482422,88.363037109375,42.11757278442383,56.067604064941406,41.551368713378906,26.352937698364258,150.9717559814453,36.42161178588867,45.09755325317383,41.74150085449219,23.156951904296875,19.876440048217773,64.91019439697266,54.315879821777344,65.94000244140625,13.300000190734863,163.32000732421875,131.85000610351562,22.08099937438965,23.34000015258789,56.04999923706055,59.119998931884766,47.90999984741211,106.69999694824219,39.4900016784668,92.5,223.8000030517578,36.150001525878906,123.47000122070312,87.0,82.05999755859375,50.939998626708984,59.475189208984375,43.369998931884766,27.670000076293945,2.6075000762939453,32.18216323852539,119.75,53.7400016784668,72.58999633789062,45.369998931884766,33.06999969482422,174.8800048828125,51.279998779296875,64.61000061035156,53.84000015258789,33.91999816894531,23.530000686645508,75.5,81.6500015258789,66.31999969482422,13.760000228881836,163.47999572753906,133.1699981689453,22.31399917602539,23.719999313354492,56.33000183105469,59.56999969482422,48.31999969482422,107.5999984741211,40.02000045776367,93.97000122070312,226.77000427246094,36.4900016784668,123.9000015258789,87.8499984741211,82.25,51.33000183105469,59.78053283691406,43.810001373291016,28.200000762939453,2.6410000324249268,32.20113754272461,121.56999969482422,53.95000076293945,73.45999908447266,46.04666519165039,33.25,175.0,52.0,65.63999938964844,54.58000183105469,34.244998931884766,23.790000915527344,75.54000091552734,82.48999786376953,65.44000244140625,13.15999984741211,161.52999877929688,131.61000061035156,21.976999282836914,23.31999969482422,55.369998931884766,59.04999923706055,47.7400016784668,105.98999786376953,39.25,92.44000244140625,223.72000122070312,35.880001068115234,123.12999725341797,86.94999694824219,81.19999694824219,50.68000030517578,59.29389190673828,43.34000015258789,27.510000228881836,2.601749897003174,32.0208740234375,119.73999786376953,51.04999923706055,72.47000122070312,45.25,33.040000915527344,173.91000366210938,51.18000030517578,64.41000366210938,53.72999954223633,33.869998931884766,23.530000686645508,75.23999786376953,81.55999755859375,66.05999755859375,13.729999542236328,162.38999938964844,133.1300048828125,22.283000946044922,23.56999969482422,55.70000076293945,59.36000061035156,48.150001525878906,107.05000305175781,39.650001525878906,93.97000122070312,225.30999755859375,36.099998474121094,123.8499984741211,87.5999984741211,81.37000274658203,51.31999969482422,59.713741302490234,43.599998474121094,28.020000457763672,2.634000062942505,32.14421463012695,120.69000244140625,51.79999923706055,73.4000015258789,46.04666519165039,33.150001525878906,174.61000061035156,51.810001373291016,65.62000274658203,54.33000183105469,34.185001373291016,23.770000457763672,75.36000061035156,82.45999908447266,5521100,50376000,2942200,753400,16490000,69384900,8248700,11917100,6429000,6848400,3662100,1625300,2936600,56769300,4381800,10755600,3161800,3648500,9915862,9049100,28105100,348248000,16842077,1865200,34374100,7214400,3133800,5250500,2010800,7707200,4079200,16501900,28852000,64091900,5781100,12072200
2017-05-01,45.72621536254883,13.619999885559082,123.03955078125,122.3614730834961,17.219247817993164,19.210325241088867,40.874576568603516,44.62989044189453,35.47578811645508,71.45681762695312,27.641494750976562,67.47389221191406,185.60250854492188,29.85464096069336,96.27081298828125,68.49864196777344,70.99978637695312,38.42119216918945,45.10137939453125,33.69871139526367,27.59087562561035,2.6294028759002686,21.122583389282227,89.39608764648438,42.00785446166992,55.84364318847656,41.96350860595703,26.615915298461914,150.72140502929688,36.719913482666016,44.92304611206055,42.222171783447266,23.09210205078125,20.003150939941406,65.05633544921875,54.5886116027832,66.4800033569336,13.619999885559082,162.60000610351562,132.86000061035156,22.131999969482422,23.610000610351562,56.310001373291016,59.459999084472656,47.47999954223633,105.91999816894531,39.310001373291016,92.02999877929688,224.85000610351562,36.310001373291016,123.33999633789062,87.05999755859375,81.81999969482422,50.86000061035156,59.52289962768555,43.7400016784668,28.290000915527344,2.6659998893737793,32.04933547973633,121.1500015258789,53.599998474121094,72.30000305175781,45.81999969482422,33.400001525878906,174.58999633789062,51.70000076293945,64.36000061035156,54.459999084472656,33.82500076293945,23.68000030517578,75.66999816894531,82.05999755859375,66.66999816894531,13.630000114440918,164.44000244140625,133.00999450683594,22.22599983215332,23.770000457763672,56.83000183105469,60.060001373291016,48.029998779296875,106.7300033569336,39.70000076293945,92.70999908447266,226.38999938964844,36.400001525878906,123.77999877929688,87.73999786376953,82.22000122070312,51.18000030517578,59.63740539550781,44.060001373291016,28.3799991607666,2.671250104904175,32.24857711791992,121.86000061035156,53.70000076293945,73.08999633789062,45.83333206176758,33.40999984741211,176.13999938964844,51.97999954223633,64.87000274658203,54.75,34.005001068115234,23.799999237060547,75.81999969482422,82.20999908447266,65.94000244140625,13.25,162.4499969482422,131.72000122070312,21.990999221801758,23.350000381469727,55.90999984741211,59.15999984741211,47.459999084472656,105.76000213623047,39.16999816894531,91.75,220.92999267578125,35.939998626708984,123.0,86.55999755859375,81.75,50.47999954223633,59.2557258605957,43.4900016784668,27.719999313354492,2.6112499237060547,32.03984832763672,119.86000061035156,53.099998474121094,72.13999938964844,45.253334045410156,33.13999938964844,174.08999633789062,51.43000030517578,63.959999084472656,53.970001220703125,33.75,23.549999237060547,75.5,81.4800033569336,66.0,13.430000305175781,163.67999267578125,132.0500030517578,22.208999633789062,23.520000457763672,56.34000015258789,59.38999938964844,47.900001525878906,106.26000213623047,39.470001220703125,92.52999877929688,224.89999389648438,36.11000061035156,123.4000015258789,87.36000061035156,82.08999633789062,51.150001525878906,59.39885330200195,43.7599983215332,27.850000381469727,2.618499994277954,32.15370178222656,120.69000244140625,53.650001525878906,72.69999694824219,45.47999954223633,33.15999984741211,175.0,51.54999923706055,64.81999969482422,54.099998474121094,33.90999984741211,23.649999618530273,75.62999725341797,81.51000213623047,4575800,68036300,2522000,264200,15339000,72382900,7420300,12879400,5795400,4955500,2950600,2680100,3004800,24825600,4556400,15712300,2397200,3340900,10707521,7552200,23938000,307732000,23910833,1857400,12987700,6909400,2065500,4015100,2709700,4660200,5432900,13915800,18838800,69086600,7182000,8664100
2017-05-02,45.82938003540039,10.319999694824219,123.7130126953125,124.32316589355469,17.54056739807129,19.14523696899414,40.61326599121094,44.81753921508789,34.89298629760742,71.07902526855469,27.318044662475586,67.35660552978516,185.82533264160156,30.397306442260742,96.55183410644531,68.05805969238281,70.89566040039062,38.844234466552734,45.33272933959961,33.39824295043945,27.08372688293457,2.5514867305755615,21.01629066467285,89.03453826904297,41.7649040222168,55.18709945678711,41.52085494995117,27.03826141357422,150.33291625976562,36.62759780883789,45.01380157470703,42.284210205078125,22.976045608520508,19.97780990600586,65.23688507080078,54.58195495605469,66.62999725341797,10.319999694824219,163.49000549316406,134.99000549316406,22.545000076293945,23.530000686645508,55.95000076293945,59.709999084472656,46.70000076293945,105.36000061035156,38.849998474121094,91.87000274658203,225.1199951171875,36.970001220703125,123.69999694824219,86.5,81.69999694824219,51.41999816894531,59.828243255615234,43.349998474121094,27.770000457763672,2.5869998931884766,31.888046264648438,120.66000366210938,53.290000915527344,71.44999694824219,45.336666107177734,33.93000030517578,174.13999938964844,51.56999969482422,64.48999786376953,54.540000915527344,33.654998779296875,23.649999618530273,75.87999725341797,82.05000305175781,66.68000030517578,11.760000228881836,163.94000244140625,135.0500030517578,22.549999237060547,23.670000076293945,56.790000915527344,59.720001220703125,47.619998931884766,106.52999877929688,39.720001220703125,92.44000244140625,225.83999633789062,37.029998779296875,123.73999786376953,86.87999725341797,81.9800033569336,51.619998931884766,60.343509674072266,43.779998779296875,28.280000686645508,2.640000104904175,31.99241065979004,121.7699966430664,53.72999954223633,72.4000015258789,45.70000076293945,33.9900016784668,175.3699951171875,51.880001068115234,64.83000183105469,54.61000061035156,34.005001068115234,23.709999084472656,75.9000015258789,82.58999633789062,66.18000030517578,10.300000190734863,162.41000366210938,133.72999572753906,22.149999618530273,23.329999923706055,55.54999923706055,58.93000030517578,46.27000045776367,105.08999633789062,38.400001525878906,91.05000305175781,223.17999267578125,36.349998474121094,122.88999938964844,86.0199966430664,81.5,51.02000045776367,59.45610809326172,43.0,27.450000762939453,2.563999891281128,31.195446014404297,119.83000183105469,52.900001525878906,70.97000122070312,45.10333251953125,33.56999969482422,170.27000427246094,51.369998931884766,64.16000366210938,54.060001373291016,33.51499938964844,23.520000457763672,75.30000305175781,81.9000015258789,66.51000213623047,11.729999542236328,163.91000366210938,133.97999572753906,22.34600067138672,23.610000610351562,56.34000015258789,59.45000076293945,47.560001373291016,106.11000061035156,39.29999923706055,92.23999786376953,224.86000061035156,36.369998931884766,123.5199966430664,86.70999908447266,81.9800033569336,51.08000183105469,59.64694595336914,43.66999816894531,28.280000686645508,2.6387500762939453,31.859582901000977,121.48999786376953,53.650001525878906,72.33999633789062,45.70000076293945,33.56999969482422,174.91000366210938,51.70000076293945,64.79000091552734,54.459999084472656,33.89500045776367,23.68000030517578,75.73999786376953,82.13999938964844,4342800,268336500,3737800,850700,27277000,60262600,17278100,11471900,10390500,5112200,5262900,3350700,2602400,35813000,4881600,14414200,3626500,4864100,13647580,8126400,25335300,629972000,42965678,1597300,10445400,9142000,3398700,5989300,4951000,4368900,4476300,15634900,32871200,76511500,5243800,9102900
2017-05-03,45.90503692626953,10.390000343322754,123.9552230834961,123.5679702758789,17.497779846191406,19.340513229370117,39.96723556518555,45.2153434753418,35.17691421508789,71.99652099609375,26.83988380432129,67.27593231201172,186.80764770507812,30.6317138671875,96.26303100585938,68.45144653320312,70.50518035888672,38.7082405090332,46.0051383972168,33.4984016418457,27.30803871154785,2.5704729557037354,20.928747177124023,90.34798431396484,42.70538330078125,55.2488899230957,41.664329528808594,27.32514190673828,148.9517059326172,37.08214569091797,45.299964904785156,42.822906494140625,23.040903091430664,20.138307571411133,64.91876983642578,55.01435089111328,66.73999786376953,10.390000343322754,163.80999755859375,134.1699981689453,22.489999771118164,23.770000457763672,55.060001373291016,60.2400016784668,47.08000183105469,106.72000122070312,38.16999816894531,91.76000213623047,226.30999755859375,36.97999954223633,123.33000183105469,87.0,81.25,51.2400016784668,60.71564865112305,43.47999954223633,28.0,2.606250047683716,31.755218505859375,122.44000244140625,54.4900016784668,71.52999877929688,45.49333190917969,34.290000915527344,172.5399932861328,52.209999084472656,64.9000015258789,54.849998474121094,33.75,23.84000015258789,75.51000213623047,82.69999694824219,66.87999725341797,10.680000305175781,164.0800018310547,134.9600067138672,22.618999481201172,23.780000686645508,55.58000183105469,60.33000183105469,47.439998626708984,107.26000213623047,39.13999938964844,92.75,226.69000244140625,37.16999816894531,123.69999694824219,87.0999984741211,81.55999755859375,51.689998626708984,60.75381851196289,43.77000045776367,28.100000381469727,2.615999937057495,31.869070053100586,122.58999633789062,54.77000045776367,71.94999694824219,45.560001373291016,34.290000915527344,174.3000030517578,52.2599983215332,65.16000366210938,54.88999938964844,33.90999984741211,23.84000015258789,75.70999908447266,83.06999969482422,66.20999908447266,9.850000381469727,163.0,133.74000549316406,22.354999542236328,23.34000015258789,54.720001220703125,59.29999923706055,46.25,105.12999725341797,37.599998474121094,91.08999633789062,224.32000732421875,36.619998931884766,123.04000091552734,86.0199966430664,81.23999786376953,50.880001068115234,59.52289962768555,43.119998931884766,27.549999237060547,2.565000057220459,31.59392738342285,119.7699966430664,53.25,70.97000122070312,45.08333206176758,33.84000015258789,171.86000061035156,51.2599983215332,64.06999969482422,53.95000076293945,33.48500061035156,23.549999237060547,75.33999633789062,81.91000366210938,66.44999694824219,10.289999961853027,163.82000732421875,133.80999755859375,22.451000213623047,23.3700008392334,55.4900016784668,59.5,46.25,105.36000061035156,39.0,91.52999877929688,224.4499969482422,36.720001220703125,123.58999633789062,86.05999755859375,81.26000213623047,51.11000061035156,59.63740539550781,43.150001525878906,27.549999237060547,2.5799999237060547,31.764705657958984,120.05999755859375,53.40999984741211,71.41000366210938,45.0966682434082,33.880001068115234,173.75,51.43000030517578,64.27999877929688,54.0099983215332,33.58000183105469,23.56999969482422,75.6500015258789,81.97000122070312,4993400,140899400,2855100,1008300,18002000,64272800,10651100,12845300,5757200,5663000,7651000,3512200,3042200,22040300,3736500,11540500,3373200,4533400,11978430,5578300,15061300,336904000,26155748,1675500,18428300,7843600,1144800,6660700,3622200,6169300,2993300,15737100,33869600,78115400,8094100,10289000
2017-05-04,46.242069244384766,10.100000381469727,124.31835174560547,124.38761138916016,17.381080627441406,19.40560531616211,40.06159591674805,45.19282913208008,34.31019973754883,70.7079849243164,26.003114700317383,64.95911407470703,187.03872680664062,30.524049758911133,96.74695587158203,68.53014373779297,72.05845642089844,37.439125061035156,45.82438659667969,33.34431838989258,27.103229522705078,2.560610055923462,20.91623878479004,91.09324645996094,43.0345344543457,54.79317855834961,41.63380813598633,27.205604553222656,150.2292938232422,37.1531867980957,44.930030822753906,43.08053970336914,22.617630004882812,20.172096252441406,65.34866333007812,54.30922317504883,67.2300033569336,10.100000381469727,164.2899932861328,135.05999755859375,22.34000015258789,23.850000381469727,55.189998626708984,60.209999084472656,45.91999816894531,104.80999755859375,36.97999954223633,88.5999984741211,226.58999633789062,36.849998474121094,123.94999694824219,87.0999984741211,83.04000091552734,49.560001373291016,60.47710037231445,43.279998779296875,27.790000915527344,2.596250057220459,31.736242294311523,123.44999694824219,54.90999984741211,70.94000244140625,45.459999084472656,34.13999938964844,174.02000427246094,52.310001373291016,64.37000274658203,55.18000030517578,33.130001068115234,23.8799991607666,76.01000213623047,81.63999938964844,67.4000015258789,10.550000190734863,164.82000732421875,135.38999938964844,22.586000442504883,24.049999237060547,55.54999923706055,60.939998626708984,46.849998474121094,106.33000183105469,37.77000045776367,91.23999786376953,228.88999938964844,37.11000061035156,123.94999694824219,87.7300033569336,83.0999984741211,51.11000061035156,60.963741302490234,43.970001220703125,28.170000076293945,2.6237499713897705,31.869070053100586,124.44000244140625,55.0,71.25,45.650001525878906,34.189998626708984,174.2100067138672,52.810001373291016,64.94000244140625,55.599998474121094,33.55500030517578,24.06999969482422,76.01000213623047,82.36000061035156,66.62000274658203,9.9399995803833,163.52000427246094,133.74000549316406,22.18600082397461,23.729999542236328,54.95000076293945,60.09000015258789,45.689998626708984,104.13999938964844,36.560001373291016,88.19999694824219,224.80999755859375,36.63999938964844,123.2300033569336,86.56999969482422,81.29000091552734,49.369998931884766,60.32442855834961,43.220001220703125,27.719999313354492,2.588249921798706,31.612903594970703,122.76000213623047,54.5,70.22000122070312,45.266666412353516,33.970001220703125,172.3800048828125,52.150001525878906,63.959999084472656,54.869998931884766,32.915000915527344,23.780000686645508,75.66000366210938,81.4000015258789,66.73999786376953,10.550000190734863,164.1699981689453,133.75,22.525999069213867,23.979999542236328,55.06999969482422,60.70000076293945,46.779998779296875,106.23999786376953,37.77000045776367,91.04000091552734,228.25999450683594,36.9900016784668,123.69000244140625,87.69000244140625,81.3499984741211,51.11000061035156,60.75381851196289,43.849998474121094,27.940000534057617,2.612499952316284,31.726755142211914,123.69000244140625,54.72999954223633,71.16000366210938,45.650001525878906,34.189998626708984,173.0500030517578,52.560001373291016,64.52999877929688,55.27000045776367,33.51499938964844,23.989999771118164,75.7699966430664,82.29000091552734,4287400,77031400,2543400,871400,16245000,68133400,6205100,14509800,9999300,8039900,7536100,5457900,2935400,16437100,3753700,11540100,3567100,5862400,9023280,7367800,15544600,209788000,26897869,2076300,11993400,12175200,1219500,5697300,2585200,5629600,3068300,17054100,67889000,64482800,4275400,16164500
2017-05-05,46.076995849609375,10.1899995803833,123.9552230834961,125.10602569580078,17.618377685546875,19.316104888916016,40.03255844116211,45.2153434753418,34.945289611816406,71.36914825439453,26.73440933227539,66.63075256347656,187.26991271972656,30.49919319152832,96.40351867675781,68.45144653320312,71.5985336303711,38.27008819580078,46.2509765625,33.19023513793945,27.503095626831055,2.560857057571411,20.93500328063965,90.8497543334961,43.05020523071289,55.588748931884766,41.79863739013672,27.428739547729492,150.31565856933594,36.7696418762207,45.60707473754883,43.02589416503906,22.976045608520508,20.138307571411133,65.31427764892578,54.5620002746582,66.98999786376953,10.1899995803833,163.80999755859375,135.83999633789062,22.645000457763672,23.739999771118164,55.150001525878906,60.2400016784668,46.77000045776367,105.79000091552734,38.02000045776367,90.87999725341797,226.8699951171875,36.81999969482422,123.51000213623047,87.0,82.51000213623047,50.65999984741211,61.040077209472656,43.08000183105469,28.200000762939453,2.5964999198913574,31.764705657958984,123.12000274658203,54.93000030517578,71.97000122070312,45.63999938964844,34.41999816894531,174.1199951171875,51.77000045776367,65.33999633789062,55.11000061035156,33.654998779296875,23.84000015258789,75.97000122070312,82.0199966430664,67.22000122070312,10.260000228881836,164.80999755859375,135.9199981689453,22.64900016784668,23.989999771118164,55.33000183105469,60.58000183105469,46.849998474121094,105.88999938964844,38.06999969482422,91.05999755859375,227.47000122070312,36.93000030517578,123.80000305175781,87.33999633789062,83.11000061035156,50.72999954223633,61.154579162597656,43.560001373291016,28.219999313354492,2.603749990463257,31.764705657958984,123.86000061035156,55.0,72.19999694824219,45.63999938964844,34.439998626708984,174.8800048828125,52.40999984741211,65.5199966430664,55.38999938964844,33.709999084472656,23.959999084472656,76.19999694824219,82.23999786376953,66.31999969482422,9.9399995803833,162.4199981689453,134.47000122070312,22.405000686645508,23.600000381469727,54.959999084472656,60.099998474121094,45.88999938964844,104.69999694824219,36.91999816894531,88.87000274658203,225.3000030517578,36.5,122.86000061035156,86.41999816894531,82.06999969482422,49.459999084472656,60.524810791015625,42.869998931884766,27.6200008392334,2.5687499046325684,31.52751350402832,122.37000274658203,54.70000076293945,70.9000015258789,45.21333312988281,34.029998779296875,173.30999755859375,51.45000076293945,64.30999755859375,54.880001068115234,33.1349983215332,23.760000228881836,75.66000366210938,81.61000061035156,67.19000244140625,10.130000114440918,164.80999755859375,134.61000061035156,22.496000289916992,23.979999542236328,55.25,60.4900016784668,45.95000076293945,104.91999816894531,37.20000076293945,89.02999877929688,226.8800048828125,36.86000061035156,123.80000305175781,87.25,83.05999755859375,49.779998779296875,60.59160232543945,43.36000061035156,27.799999237060547,2.5845000743865967,31.726755142211914,123.76000213623047,54.93000030517578,71.04000091552734,45.58000183105469,34.15999984741211,174.5399932861328,52.279998779296875,64.58999633789062,55.25,33.150001525878906,23.950000762939453,76.18000030517578,81.62999725341797,4587800,51759000,2970400,481000,23128000,56678800,5938300,11484300,7894400,5060000,4874000,4696400,2435800,18119200,4139800,9436000,3135600,5806300,9795237,6893400,15639600,228428000,22999966,1697000,9108800,11115400,902100,5249800,2189000,5373700,4668900,13078800,37487600,46881500,5720100,10213000
2017-05-08,45.54049301147461,10.039999961853027,123.36494445800781,122.7391128540039,17.511783599853516,19.49510383605957,39.88011169433594,45.41049575805664,35.214290618896484,71.96952056884766,26.832843780517578,67.224609375,185.75106811523438,30.267257690429688,96.20059204101562,68.53014373779297,70.00187683105469,38.78379821777344,46.27988052368164,33.14399337768555,27.366558074951172,2.53398060798645,20.91623878479004,91.26297760009766,42.8072509765625,55.78184127807617,41.63380813598633,27.87498664855957,150.59193420410156,36.93299865722656,46.14454650878906,42.97123336791992,23.139890670776367,20.121414184570312,64.91019439697266,55.140743255615234,66.20999908447266,10.039999961853027,163.02999877929688,133.27000427246094,22.507999420166016,23.959999084472656,54.939998626708984,60.5,47.130001068115234,106.68000030517578,38.15999984741211,91.69000244140625,225.02999877929688,36.540000915527344,123.25,87.0999984741211,80.66999816894531,51.34000015258789,61.078243255615234,43.02000045776367,28.059999465942383,2.5692501068115234,31.736242294311523,123.68000030517578,54.619998931884766,72.22000122070312,45.459999084472656,34.97999954223633,174.44000244140625,52.0,66.11000061035156,55.040000915527344,33.89500045776367,23.81999969482422,75.5,82.88999938964844,66.94999694824219,10.220000267028809,163.80999755859375,133.77999877929688,22.709999084472656,24.059999465942383,55.18000030517578,60.72999954223633,47.22999954223633,106.72000122070312,38.41999816894531,92.13999938964844,227.33999633789062,36.849998474121094,123.80000305175781,87.31999969482422,82.41000366210938,51.5,61.55534362792969,43.310001373291016,28.06999969482422,2.609999895095825,31.897533416748047,124.05999755859375,55.0,72.95999908447266,45.70000076293945,35.099998474121094,174.55999755859375,52.0,66.2699966430664,55.290000915527344,33.95500183105469,23.90999984741211,75.97000122070312,82.94000244140625,66.13999938964844,10.0,162.47000122070312,133.07000732421875,22.38599967956543,23.75,54.540000915527344,60.119998931884766,46.52000045776367,105.81999969482422,37.59000015258789,90.16999816894531,224.60000610351562,36.47999954223633,123.0199966430664,86.6500015258789,80.36000061035156,50.40999984741211,60.906490325927734,42.93000030517578,27.280000686645508,2.5577499866485596,31.64136505126953,123.08000183105469,54.560001373291016,72.02999877929688,45.37333297729492,34.630001068115234,173.57000732421875,51.61000061035156,65.31999969482422,54.75,33.619998931884766,23.780000686645508,75.38999938964844,82.0,66.94000244140625,10.220000267028809,163.72999572753906,133.5500030517578,22.652000427246094,23.75,54.9900016784668,60.150001525878906,46.79999923706055,105.93000030517578,37.93000030517578,90.38999938964844,226.75,36.72999954223633,123.52999877929688,87.04000091552734,82.36000061035156,50.619998931884766,60.98282241821289,43.150001525878906,27.559999465942383,2.6085000038146973,31.688804626464844,123.19000244140625,54.9900016784668,72.29000091552734,45.616668701171875,34.70000076293945,173.92999267578125,51.7400016784668,65.37999725341797,55.119998931884766,33.650001525878906,23.8700008392334,75.91000366210938,82.0,4497400,35101100,2291900,957800,17448000,56016500,4730500,8458300,5861200,5175100,4135700,3718300,2316800,17660200,3608600,8162200,4712900,5924100,11684676,7171700,32326800,365240000,24781543,4159000,7033400,8160500,801900,6906900,2505900,4759000,3472900,14242800,37897400,45893000,6558500,8097100
2017-05-09,45.512977600097656,10.180000305175781,123.50872802734375,124.29554748535156,17.77475929260254,19.511375427246094,40.15594482421875,45.20783615112305,34.571712493896484,70.89013671875,26.643007278442383,67.18797302246094,184.7026824951172,30.126436233520508,96.16934967041016,68.25476837158203,70.10599517822266,38.87443161010742,45.75931930541992,32.99761962890625,28.0980224609375,2.538172960281372,20.872465133666992,89.99378204345703,43.222633361816406,55.82817077636719,42.04594039916992,28.217647552490234,149.5559844970703,36.634700775146484,46.50748825073242,42.690181732177734,22.948728561401367,20.045385360717773,64.98758697509766,54.754920959472656,66.16999816894531,10.180000305175781,163.22000122070312,134.9600067138672,22.84600067138672,23.979999542236328,55.31999969482422,60.22999954223633,46.27000045776367,105.08000183105469,37.88999938964844,91.63999938964844,223.75999450683594,36.369998931884766,123.20999908447266,86.75,80.79000091552734,51.459999084472656,60.39122009277344,42.83000183105469,28.809999465942383,2.573499917984009,31.669828414916992,121.95999908447266,55.150001525878906,72.27999877929688,45.90999984741211,35.40999984741211,173.24000549316406,51.58000183105469,66.62999725341797,54.68000030517578,33.6150016784668,23.729999542236328,75.58999633789062,82.30999755859375,66.94999694824219,10.399999618530273,164.0800018310547,135.14999389648438,22.940000534057617,24.309999465942383,55.47999954223633,61.040000915527344,47.209999084472656,106.75,38.29999923706055,92.44000244140625,226.57000732421875,36.75,123.47000122070312,87.83999633789062,80.94000244140625,51.68000030517578,61.32633590698242,43.34000015258789,28.899999618530273,2.6232500076293945,31.869070053100586,124.12999725341797,55.189998626708984,72.5999984741211,46.043331146240234,35.459999084472656,174.77000427246094,52.18000030517578,67.16000366210938,55.369998931884766,33.96500015258789,23.959999084472656,75.7300033569336,83.0,65.86000061035156,10.039999961853027,162.8300018310547,134.24000549316406,22.47100067138672,23.8700008392334,54.75,60.06999969482422,46.060001373291016,104.81999969482422,37.61000061035156,90.5999984741211,222.92999267578125,36.279998779296875,122.87999725341797,86.5,80.3499984741211,50.970001220703125,60.26717758178711,42.66999816894531,28.059999465942383,2.566499948501587,31.64136505126953,121.51000213623047,54.630001068115234,71.88999938964844,45.459999084472656,35.130001068115234,172.72999572753906,51.380001068115234,66.16999816894531,54.45000076293945,33.51499938964844,23.649999618530273,75.44999694824219,82.16000366210938,66.19999694824219,10.039999961853027,163.1699981689453,134.3000030517578,22.562000274658203,24.030000686645508,54.880001068115234,60.650001525878906,47.18000030517578,106.51000213623047,38.220001220703125,92.36000061035156,225.47000122070312,36.47999954223633,123.2300033569336,87.26000213623047,80.81999969482422,51.5,61.24045944213867,43.04999923706055,28.110000610351562,2.575000047683716,31.736242294311523,123.63999938964844,54.689998626708984,72.33999633789062,45.52333450317383,35.130001068115234,174.10000610351562,52.029998779296875,66.30999755859375,55.13999938964844,33.96500015258789,23.8799991607666,75.54000091552734,82.95999908447266,4395200,51017300,2305500,438200,19261000,61622000,7134600,13179900,6157400,5024000,3550400,3591100,2145400,17819100,3762500,10273900,3988100,3965000,10712970,6068700,31073400,847672000,18028248,2222000,8332900,6631900,1281000,7297900,1653700,5731300,3836300,14402900,21439400,65737900,3830200,8647100
2017-05-10,45.38229751586914,10.789999961853027,121.4580307006836,123.22718048095703,17.99805450439453,19.64969825744629,40.025291442871094,45.312923431396484,35.57291793823242,71.8481216430664,27.100059509277344,69.31417083740234,185.62721252441406,29.8282413482666,95.85714721679688,68.78977966308594,70.33161163330078,39.539215087890625,46.22928237915039,33.20565414428711,28.595417022705078,2.9906249046325684,20.853527069091797,90.3553695678711,43.363704681396484,56.1294059753418,42.93733596801758,28.217647552490234,149.68548583984375,36.91168975830078,46.542396545410156,42.72140121459961,23.252532958984375,20.11296272277832,64.79843139648438,55.00338363647461,65.9800033569336,10.789999961853027,160.50999450683594,133.8000030517578,23.132999420166016,24.149999618530273,55.13999938964844,60.369998931884766,47.61000061035156,106.5,38.540000915527344,94.54000091552734,224.8800048828125,36.0099983215332,122.80999755859375,87.43000030517578,81.05000305175781,52.34000015258789,61.011451721191406,43.099998474121094,29.31999969482422,3.032249927520752,31.33776092529297,122.44999694824219,55.33000183105469,72.66999816894531,46.883331298828125,35.40999984741211,173.38999938964844,51.970001220703125,66.68000030517578,54.720001220703125,34.060001373291016,23.809999465942383,75.37000274658203,81.91000366210938,66.2300033569336,10.850000381469727,163.47999572753906,134.5,23.341999053955078,24.170000076293945,55.310001373291016,60.63999938964844,47.86000061035156,106.83000183105469,39.11000061035156,95.7699966430664,225.35000610351562,36.380001068115234,123.05999755859375,87.4800033569336,81.11000061035156,52.66999816894531,61.020992279052734,43.20000076293945,29.420000076293945,3.0455000400543213,31.42314910888672,122.7699966430664,55.43000030517578,73.19999694824219,46.970001220703125,35.630001068115234,173.63999938964844,52.04999923706055,67.02999877929688,54.90999984741211,34.220001220703125,23.809999465942383,75.4800033569336,82.37000274658203,65.36000061035156,10.449999809265137,159.6999969482422,133.50999450683594,22.868999481201172,23.8700008392334,54.880001068115234,60.0,46.529998779296875,105.54000091552734,38.189998626708984,92.56999969482422,223.05999755859375,35.93000030517578,122.37999725341797,86.47000122070312,80.19000244140625,51.310001373291016,60.200382232666016,42.66999816894531,28.799999237060547,2.8505001068115234,31.214420318603516,121.4000015258789,54.86000061035156,72.3499984741211,46.46333312988281,35.08000183105469,172.4600067138672,51.38999938964844,65.91000366210938,54.36000061035156,33.779998779296875,23.649999618530273,75.05999755859375,81.6500015258789,66.16000366210938,10.460000038146973,163.25,134.0500030517578,22.948999404907227,23.90999984741211,55.18000030517578,60.099998474121094,46.709999084472656,105.81999969482422,38.439998626708984,93.01000213623047,223.4600067138672,36.27000045776367,122.91000366210938,86.52999877929688,80.83999633789062,51.83000183105469,60.238548278808594,42.79999923706055,28.920000076293945,2.8572499752044678,31.309297561645508,121.83000183105469,55.220001220703125,72.83999633789062,46.47666549682617,35.27000045776367,173.0399932861328,51.5,66.75,54.43000030517578,33.810001373291016,23.690000534057617,75.47000122070312,82.12000274658203,5140200,65995900,5201000,703900,24433000,48495300,6361400,11607300,7950300,5582800,5631500,5239200,2630400,25133800,4237400,8334900,4018500,5965600,10094126,7367800,29267500,2129096000,34829852,1594300,8517700,7021200,2503500,9936700,1568700,5281600,3409900,15897200,36518400,51192700,4314900,9520300
2017-05-11,44.914588928222656,11.069999694824219,121.13270568847656,123.55874633789062,17.97937774658203,19.584609985351562,40.025291442871094,45.56062316894531,35.6292724609375,71.65245819091797,26.6851863861084,69.12352752685547,185.52821350097656,29.56317138671875,96.16153717041016,68.57733917236328,70.06086730957031,39.66764450073242,46.58354949951172,33.028438568115234,28.31258773803711,3.119086503982544,20.859840393066406,89.83146667480469,42.85428237915039,55.44198226928711,43.0930290222168,28.33717918395996,149.62506103515625,36.677310943603516,46.31206130981445,41.95629119873047,23.204744338989258,19.986263275146484,64.83283233642578,55.473426818847656,65.30000305175781,11.069999694824219,160.0800018310547,134.16000366210938,23.108999252319336,24.06999969482422,55.13999938964844,60.70000076293945,47.41999816894531,106.20999908447266,37.95000076293945,94.27999877929688,224.75999450683594,35.689998626708984,123.19999694824219,87.16000366210938,80.22000122070312,52.5099983215332,61.479007720947266,42.869998931884766,29.030000686645508,3.1624999046325684,31.347248077392578,121.73999786376953,54.68000030517578,71.77999877929688,47.0533332824707,35.560001373291016,173.32000732421875,51.63999938964844,66.3499984741211,53.7400016784668,33.9900016784668,23.65999984741211,75.41000366210938,82.61000061035156,65.95999908447266,11.260000228881836,160.52000427246094,134.27000427246094,23.184999465942383,24.229999542236328,55.65999984741211,60.91999816894531,47.810001373291016,107.08000183105469,38.849998474121094,94.91999816894531,225.08999633789062,36.0,123.20999908447266,87.4800033569336,81.0,53.2400016784668,62.261451721191406,43.20000076293945,29.309999465942383,3.2607500553131104,31.44212532043457,122.13999938964844,55.29999923706055,73.08000183105469,47.27000045776367,35.79999923706055,173.86000061035156,51.81999969482422,66.93000030517578,54.41999816894531,34.2400016784668,23.760000228881836,75.44000244140625,82.70999908447266,64.66000366210938,10.510000228881836,158.2899932861328,132.82000732421875,22.823999404907227,23.84000015258789,54.88999938964844,59.91999816894531,47.0099983215332,105.62999725341797,37.869998931884766,93.9800033569336,222.14999389648438,35.45000076293945,122.33999633789062,86.3499984741211,79.91000366210938,52.27000045776367,61.364505767822266,42.439998626708984,28.690000534057617,2.9977500438690186,31.166982650756836,120.27999877929688,54.40999984741211,71.6500015258789,46.46666717529297,35.369998931884766,171.6699981689453,51.119998931884766,66.11000061035156,53.060001373291016,33.939998626708984,23.469999313354492,75.02999877929688,82.0999984741211,65.9000015258789,10.739999771118164,159.86000061035156,133.22999572753906,23.06800079345703,24.100000381469727,55.13999938964844,60.25,47.0099983215332,107.08000183105469,38.72999954223633,94.81999969482422,224.35000610351562,35.90999984741211,122.5,87.08999633789062,80.72000122070312,52.5,61.78435134887695,42.97999954223633,29.170000076293945,3.0012500286102295,31.2998104095459,122.0199966430664,55.25,73.04000091552734,46.8466682434082,35.619998931884766,172.75999450683594,51.75,66.87000274658203,54.279998779296875,34.18000030517578,23.719999313354492,75.25,82.58999633789062,7853800,72946500,3510200,639900,14823000,68350800,6810200,16314000,8569900,4632100,3640900,2580800,2440300,21508900,4095900,10907400,3920500,4701600,19404663,6340000,22494600,1939792000,26421567,1570000,13514700,7380200,2091000,6648900,1901300,6575500,2847500,32200100,23937400,77266700,6791600,10047300
2017-05-12,45.43731689453125,11.260000228881836,121.23860931396484,124.73762512207031,18.358280181884766,19.52765655517578,39.94544982910156,45.838340759277344,35.29117202758789,71.48381042480469,26.621898651123047,69.43146514892578,183.92681884765625,29.43063735961914,96.50497436523438,68.38850402832031,70.0346908569336,39.78852081298828,45.96175765991211,32.920570373535156,28.215055465698242,3.153360366821289,20.840904235839844,89.14520263671875,43.355865478515625,54.85498046875,43.21516036987305,28.185771942138672,148.3214569091797,36.513954162597656,46.36091232299805,41.3941764831543,23.126230239868164,19.901784896850586,64.7210464477539,55.43315505981445,66.05999755859375,11.260000228881836,160.22000122070312,135.44000244140625,23.59600067138672,24.0,55.029998779296875,61.06999969482422,46.970001220703125,105.95999908447266,37.86000061035156,94.69999694824219,222.82000732421875,35.529998779296875,123.63999938964844,86.91999816894531,80.19000244140625,52.66999816894531,60.65839767456055,42.72999954223633,28.93000030517578,3.1972498893737793,31.31878662109375,120.80999755859375,55.31999969482422,71.0199966430664,47.186668395996094,35.369998931884766,171.80999755859375,51.40999984741211,66.41999816894531,53.02000045776367,33.875,23.559999465942383,75.27999877929688,82.55000305175781,66.19000244140625,11.399999618530273,160.6199951171875,135.47000122070312,23.604999542236328,24.0,55.380001068115234,61.099998474121094,47.66999816894531,106.29000091552734,38.09000015258789,95.01000213623047,224.49000549316406,35.7400016784668,124.0999984741211,87.05000305175781,80.61000061035156,53.040000915527344,61.70801544189453,42.7599983215332,29.1200008392334,3.240000009536743,31.37571144104004,121.18000030517578,55.349998474121094,71.80999755859375,47.24333190917969,35.52000045776367,173.38999938964844,51.41999816894531,66.76000213623047,53.31999969482422,34.029998779296875,23.56999969482422,75.48999786376953,82.70999908447266,65.20999908447266,11.079999923706055,159.4600067138672,134.10000610351562,23.083999633789062,23.75,54.79999923706055,60.209999084472656,46.59000015258789,105.4800033569336,37.540000915527344,93.80000305175781,222.47999572753906,35.400001525878906,123.01000213623047,86.33999633789062,79.73999786376953,52.380001068115234,60.372135162353516,42.36000061035156,28.68000030517578,3.1445000171661377,31.204933166503906,119.55999755859375,54.400001525878906,70.77999877929688,46.91666793823242,35.25,171.52000427246094,50.9900016784668,66.16000366210938,52.540000915527344,33.775001525878906,23.43000030517578,75.2300033569336,82.25,65.2699966430664,11.199999809265137,160.49000549316406,134.11000061035156,23.148000717163086,23.920000076293945,55.20000076293945,60.36000061035156,47.400001525878906,106.05999755859375,37.84000015258789,94.12000274658203,223.49000549316406,35.720001220703125,123.11000061035156,86.68000030517578,80.33000183105469,52.41999816894531,61.44084167480469,42.61000061035156,29.100000381469727,3.165750026702881,31.204933166503906,120.55000305175781,54.5,71.73999786376953,47.116668701171875,35.5,172.63999938964844,51.369998931884766,66.27999877929688,53.29999923706055,33.96500015258789,23.549999237060547,75.37999725341797,82.38999938964844,6093500,56072600,2706000,443300,25852000,62589000,5177000,15393200,9151900,4488200,3000900,3415700,2166100,19730800,4097100,8738800,2935200,2946500,10838521,5836300,15902700,962620000,18589187,1547400,9107600,7308500,573300,4905000,2335400,6285500,3549600,29642300,21417200,55787200,2638000,7480200
2017-05-15,45.856876373291016,11.420000076293945,121.924560546875,125.0138931274414,18.597131729125977,19.57646942138672,39.996253967285156,46.10103988647461,35.6442985534668,72.08423614501953,26.832843780517578,69.45346069335938,185.82533264160156,29.513473510742188,99.11974334716797,68.71894836425781,70.13072967529297,40.305747985839844,45.91838455200195,33.45988464355469,28.117530822753906,3.3116562366485596,20.910348892211914,90.12664031982422,43.4185791015625,55.611900329589844,43.883705139160156,27.938737869262695,148.0797576904297,36.7696418762207,46.240997314453125,41.628379821777344,23.307140350341797,20.053831100463867,65.14231872558594,55.60100555419922,66.66999816894531,11.420000076293945,159.97000122070312,135.74000549316406,23.902999877929688,24.059999465942383,55.099998474121094,61.41999816894531,47.439998626708984,106.8499984741211,38.15999984741211,94.7300033569336,225.1199951171875,35.630001068115234,126.98999786376953,87.33999633789062,80.30000305175781,52.9900016784668,60.60114669799805,43.43000030517578,28.829999923706055,3.3577499389648438,31.42314910888672,122.13999938964844,55.400001525878906,72.0,47.91666793823242,35.060001373291016,171.52999877929688,51.77000045776367,65.55000305175781,53.31999969482422,34.13999938964844,23.739999771118164,75.7699966430664,82.80000305175781,66.8499984741211,11.600000381469727,160.14999389648438,136.13999938964844,23.989999771118164,24.139999389648438,55.22999954223633,61.70000076293945,48.33000183105469,107.70999908447266,38.959999084472656,96.6500015258789,226.57000732421875,35.720001220703125,127.36000061035156,87.48999786376953,80.48999786376953,53.52000045776367,60.6870231628418,43.619998931884766,29.190000534057617,3.3602499961853027,31.48007583618164,122.63999938964844,55.4900016784668,72.69000244140625,47.9466667175293,35.38999938964844,172.0,51.86000061035156,66.1500015258789,53.41999816894531,34.435001373291016,23.790000915527344,75.80999755859375,83.18000030517578,65.94999694824219,11.300000190734863,158.7100067138672,135.2100067138672,23.5,23.979999542236328,54.83000183105469,61.09000015258789,47.2599983215332,106.68000030517578,37.7599983215332,94.12000274658203,222.85000610351562,35.41999816894531,124.33000183105469,86.86000061035156,79.43000030517578,52.52000045776367,60.43893051147461,42.79999923706055,28.729999542236328,3.234499931335449,31.119544982910156,120.77999877929688,55.08000183105469,71.94000244140625,47.25,34.880001068115234,170.22999572753906,51.43000030517578,65.16000366210938,53.02000045776367,34.029998779296875,23.600000381469727,75.25,82.6500015258789,66.06999969482422,11.40999984741211,158.8800048828125,135.41000366210938,23.56100082397461,24.059999465942383,55.029998779296875,61.220001220703125,48.09000015258789,107.1500015258789,38.75,96.31999969482422,223.1300048828125,35.529998779296875,124.41000366210938,87.0999984741211,80.19000244140625,52.970001220703125,60.51526641845703,42.81999969482422,29.079999923706055,3.239000082015991,31.280834197998047,120.77999877929688,55.08000183105469,72.4800033569336,47.38666534423828,35.36000061035156,171.7899932861328,51.5,66.1500015258789,53.060001373291016,34.380001068115234,23.610000610351562,75.31999969482422,83.0,8527900,52565000,3318700,577500,29172000,50688800,4935000,14838500,7675600,6647500,4222800,6294000,2468100,22120100,9854600,8835600,2559100,4787700,8710347,9941100,21899900,1087540000,20530444,1401700,10686100,8573000,1123200,9784700,2831400,3975700,3295000,15245000,26413800,52192100,7320800,10881500
2017-05-16,45.980709075927734,12.75,121.93980407714844,126.41378021240234,18.725509643554688,19.519515991210938,39.48088455200195,46.90416717529297,35.411380767822266,72.35408782958984,26.664087295532227,68.79361724853516,186.22154235839844,29.67085838317871,99.72857666015625,68.931396484375,68.98664855957031,39.917816162109375,46.12083435058594,33.42135238647461,28.302833557128906,3.3732988834381104,20.582040786743164,90.48080444335938,43.849613189697266,55.12531661987305,44.5125732421875,27.914838790893555,145.13592529296875,36.90458679199219,45.528507232666016,41.58155059814453,23.191091537475586,20.11296272277832,64.89299774169922,55.43315505981445,66.8499984741211,12.75,159.99000549316406,137.25999450683594,24.06800079345703,23.989999771118164,54.38999938964844,62.4900016784668,47.130001068115234,107.25,37.91999816894531,93.83000183105469,225.60000610351562,35.81999969482422,127.7699966430664,87.61000061035156,78.98999786376953,52.47999954223633,60.86832046508789,43.380001068115234,29.020000457763672,3.4202499389648438,30.929790496826172,122.62000274658203,55.95000076293945,71.37000274658203,48.60333251953125,35.029998779296875,168.1199951171875,51.959999084472656,64.54000091552734,53.2599983215332,33.970001220703125,23.809999465942383,75.4800033569336,82.55000305175781,66.91999816894531,12.770000457763672,160.49000549316406,137.27000427246094,24.128999710083008,24.170000076293945,55.279998779296875,62.58000183105469,47.720001220703125,107.66000366210938,38.34000015258789,95.05999755859375,226.82000732421875,35.88999938964844,128.3699951171875,88.08999633789062,80.30000305175781,52.72999954223633,60.94465637207031,43.63999938964844,29.079999923706055,3.436000108718872,31.119544982910156,122.73999786376953,55.97999954223633,72.41000366210938,48.62333297729492,35.029998779296875,171.0,52.15999984741211,65.3499984741211,53.439998626708984,34.29999923706055,23.829999923706055,75.76000213623047,83.2300033569336,66.33000183105469,11.630000114440918,159.4600067138672,136.5,23.868999481201172,23.940000534057617,54.20000076293945,61.380001068115234,46.68000030517578,106.94000244140625,37.650001525878906,93.5199966430664,224.41000366210938,35.41999816894531,127.05999755859375,87.33999633789062,78.4000015258789,51.77000045776367,60.24809265136719,43.290000915527344,28.56999969482422,3.3340001106262207,30.73055076599121,121.62000274658203,55.099998474121094,70.88999938964844,47.91666793823242,34.79999923706055,167.25,51.709999084472656,63.959999084472656,52.95000076293945,33.849998474121094,23.670000076293945,75.2699966430664,82.44999694824219,66.7300033569336,11.65999984741211,159.77000427246094,136.8800048828125,23.993999481201172,24.06999969482422,55.0,61.4900016784668,47.66999816894531,107.56999969482422,38.18000030517578,94.7300033569336,225.44000244140625,35.75,127.33999633789062,87.36000061035156,80.2300033569336,52.72999954223633,60.53435134887695,43.540000915527344,28.920000076293945,3.4094998836517334,30.891841888427734,122.30999755859375,55.38999938964844,72.30000305175781,48.13999938964844,35.0099983215332,170.6699981689453,51.91999816894531,65.12000274658203,53.400001525878906,34.29999923706055,23.790000915527344,75.69000244140625,82.9000015258789,6313500,164186900,2281200,729100,18128000,55774800,9259500,21199500,5288200,5001400,3761500,2682700,1710700,22291800,7233800,9795000,7170100,5047000,8248494,6888900,14940800,1120700000,42437834,1167500,9599300,7029200,1067400,6046200,4343700,4389300,6322500,12650100,23386800,51529600,5471700,9574200
2017-05-17,44.96272659301758,11.199999809265137,119.70668029785156,122.31544494628906,17.98638153076172,18.36412811279297,39.495399475097656,45.02018356323242,34.87041091918945,71.352294921875,26.263280868530273,68.14842224121094,176.4152069091797,29.024751663208008,98.87000274658203,66.3034896850586,68.24427795410156,39.59074401855469,45.54964828491211,31.564617156982422,26.332748413085938,3.149168014526367,20.34844970703125,86.47404479980469,43.3872184753418,54.8317985534668,42.59237289428711,27.428739547729492,145.77476501464844,35.83920669555664,45.006492614746094,40.78520202636719,22.96238136291504,19.47942352294922,64.04188537597656,55.05709457397461,65.37000274658203,11.199999809265137,157.05999755859375,132.80999755859375,23.118000030517578,22.56999969482422,54.40999984741211,59.97999954223633,46.40999984741211,104.69999694824219,37.349998474121094,92.94999694824219,213.72000122070312,35.040000915527344,126.66999816894531,84.2699966430664,78.13999938964844,52.04999923706055,60.114505767822266,40.970001220703125,27.0,3.193000078201294,30.57874870300293,117.19000244140625,55.36000061035156,70.98999786376953,46.50666809082031,34.41999816894531,168.86000061035156,50.459999084472656,63.79999923706055,52.2400016784668,33.6349983215332,23.059999465942383,74.48999786376953,81.98999786376953,66.8499984741211,12.289999961853027,159.2899932861328,135.97000122070312,23.89699935913086,23.450000762939453,54.619998931884766,62.4900016784668,47.400001525878906,106.2699966430664,38.13999938964844,94.30000305175781,225.60000610351562,35.9900016784668,127.88999938964844,87.61000061035156,79.02999877929688,52.84000015258789,60.86832046508789,43.380001068115234,28.510000228881836,3.371500015258789,30.929790496826172,122.62000274658203,56.08000183105469,71.63999938964844,48.130001068115234,34.810001373291016,170.38999938964844,51.959999084472656,64.79000091552734,53.2599983215332,34.060001373291016,23.489999771118164,75.08000183105469,83.04000091552734,64.61000061035156,11.15999984741211,156.92999267578125,132.8000030517578,23.108999252319336,22.459999084472656,53.70000076293945,59.66999816894531,46.33000183105469,104.62000274658203,37.2400016784668,92.83000183105469,213.1199951171875,35.02000045776367,126.44999694824219,83.97000122070312,77.91999816894531,51.790000915527344,60.0,40.43000030517578,26.959999084472656,3.1887500286102295,30.559772491455078,116.95999908447266,55.29999923706055,70.80000305175781,46.46666717529297,34.38999938964844,166.64999389648438,50.099998474121094,63.47999954223633,51.650001525878906,33.619998931884766,22.969999313354492,74.48999786376953,81.95999908447266,66.8499984741211,11.8100004196167,158.77000427246094,135.66000366210938,23.799999237060547,23.3700008392334,54.38999938964844,62.4900016784668,47.130001068115234,106.16999816894531,37.91999816894531,93.83000183105469,225.60000610351562,35.66999816894531,127.7699966430664,87.61000061035156,78.98999786376953,52.47999954223633,60.86832046508789,43.380001068115234,28.34000015258789,3.3524999618530273,30.929790496826172,122.62000274658203,55.63999938964844,71.37000274658203,48.03333282470703,34.79999923706055,168.1199951171875,51.959999084472656,64.54000091552734,53.2599983215332,33.77000045776367,23.309999465942383,74.87000274658203,82.55000305175781,12771400,160109500,3073200,645700,31447000,190353300,7724300,33251400,7512800,6384300,4631300,2406900,7525700,26670200,6480800,24679700,4486000,4348000,8296911,22899900,38027900,1271368000,29931281,2657400,14811300,6347700,3091200,8128100,4442300,7012200,4529800,33173100,31213600,141192800,11434000,11151100
2017-05-18,45.14155197143555,11.279999732971191,120.39258575439453,123.41140747070312,18.490541458129883,18.5024471282959,39.0380859375,45.095252990722656,34.877925872802734,71.6725845336914,25.94686508178711,67.224609375,177.60386657714844,29.17385482788086,99.10415649414062,66.0595932006836,68.38402557373047,39.507076263427734,46.1931266784668,31.82655906677246,26.800891876220703,3.2810819149017334,20.342134475708008,86.59947204589844,43.982845306396484,55.171653747558594,43.3860969543457,27.811237335205078,148.0106201171875,36.0380859375,44.82309341430664,40.89449691772461,22.9555606842041,19.55544090270996,64.32555389404297,54.895931243896484,65.62999725341797,11.279999732971191,157.9600067138672,134.0,23.766000747680664,22.739999771118164,53.779998779296875,60.08000183105469,46.41999816894531,105.16999816894531,36.900001525878906,91.69000244140625,215.16000366210938,35.220001220703125,126.97000122070312,83.95999908447266,78.30000305175781,51.939998626708984,60.963741302490234,41.310001373291016,27.479999542236328,3.3267500400543213,30.569259643554688,117.36000061035156,56.119998931884766,71.43000030517578,47.37333297729492,34.900001525878906,171.4499969482422,50.7400016784668,63.540000915527344,52.380001068115234,33.625,23.149999618530273,74.81999969482422,81.75,66.0999984741211,11.489999771118164,158.7899932861328,134.27999877929688,23.86199951171875,23.0,54.4900016784668,60.599998474121094,46.959999084472656,105.68000030517578,37.5,93.0199966430664,217.61000061035156,35.470001220703125,127.87000274658203,84.80000305175781,78.94000244140625,52.459999084472656,61.54580307006836,41.880001068115234,27.889999389648438,3.335750102996826,30.75901222229004,118.19000244140625,56.310001373291016,71.91999816894531,47.50666809082031,34.9900016784668,173.97999572753906,51.099998474121094,64.06999969482422,52.959999084472656,33.790000915527344,23.290000915527344,75.25,82.1500015258789,65.19999694824219,10.8100004196167,156.2899932861328,132.30999755859375,22.76799964904785,22.5,53.31999969482422,59.099998474121094,45.81999969482422,103.83999633789062,36.7599983215332,91.66999816894531,213.86000061035156,35.08000183105469,125.95999908447266,83.36000061035156,78.04000091552734,51.29999923706055,60.02862548828125,40.91999816894531,27.09000015258789,3.1762499809265137,30.426944732666016,115.66000366210938,55.02000045776367,70.66000366210938,46.38666534423828,34.40999984741211,167.8699951171875,50.25,63.029998779296875,51.95000076293945,33.36000061035156,23.0,74.44999694824219,81.41999816894531,65.37000274658203,10.989999771118164,157.3699951171875,132.60000610351562,23.158000946044922,22.610000610351562,54.20000076293945,59.72999954223633,46.0,104.55000305175781,37.0,92.2300033569336,214.0,35.189998626708984,126.45999908447266,84.06999969482422,78.56999969482422,51.65999984741211,60.02862548828125,41.0,27.149999618530273,3.237499952316284,30.55028533935547,117.2699966430664,55.58000183105469,70.66000366210938,46.526668548583984,34.439998626708984,168.25,50.40999984741211,63.4900016784668,52.310001373291016,33.48500061035156,23.030000686645508,74.44999694824219,81.7699966430664,6001000,86900100,2163300,689500,30699000,108444100,12419900,25142200,6543500,5618100,5053700,3795800,4792400,17171900,6571300,23350100,2928200,4092200,12528316,14498400,26863000,1156032000,24874822,3153300,13125300,6073400,2103600,8303700,3908000,5950500,3385900,19790100,28230000,101656900,10690500,9905800
2017-05-19,45.10717010498047,11.40999984741211,119.28746032714844,124.19422149658203,18.21356964111328,18.75467872619629,39.21229934692383,45.8608512878418,35.67434310913086,72.59260559082031,26.99457550048828,68.77892303466797,177.79371643066406,29.32295799255371,99.12755584716797,66.7047348022461,67.94734191894531,40.14600372314453,46.11358642578125,32.20406723022461,27.132490158081055,3.356858253479004,20.4936580657959,87.63252258300781,45.197628021240234,55.418819427490234,43.865394592285156,28.050304412841797,148.9948272705078,36.293766021728516,45.055877685546875,41.42539596557617,23.23887062072754,19.72439193725586,64.5061264038086,55.016815185546875,65.58000183105469,11.40999984741211,156.50999450683594,134.85000610351562,23.40999984741211,23.049999237060547,54.02000045776367,61.099998474121094,47.47999954223633,106.5199966430664,38.38999938964844,93.80999755859375,215.38999938964844,35.400001525878906,127.0,84.77999877929688,77.80000305175781,52.779998779296875,60.85877990722656,41.79999923706055,27.81999969482422,3.4000000953674316,30.796964645385742,118.76000213623047,57.66999816894531,71.75,47.89666748046875,35.20000076293945,172.58999633789062,51.099998474121094,63.869998931884766,53.060001373291016,34.040000915527344,23.350000381469727,75.02999877929688,81.93000030517578,66.01000213623047,11.619999885559082,158.5800018310547,135.42999267578125,23.698999404907227,23.299999237060547,54.279998779296875,61.77000045776367,47.689998626708984,106.5199966430664,38.4900016784668,94.38999938964844,217.8000030517578,35.54999923706055,127.38999938964844,85.33999633789062,78.70999908447266,53.11000061035156,61.106868743896484,42.220001220703125,28.15999984741211,3.4554998874664307,30.796964645385742,119.91999816894531,57.790000915527344,72.30999755859375,48.063331604003906,35.22999954223633,172.9499969482422,51.41999816894531,64.16000366210938,53.34000015258789,34.11000061035156,23.479999542236328,75.2699966430664,82.08999633789062,65.30999755859375,11.350000381469727,156.35000610351562,134.52999877929688,23.204999923706055,22.8700008392334,53.81999969482422,60.2400016784668,46.619998931884766,105.16999816894531,37.119998931884766,92.06999969482422,214.0,35.130001068115234,126.44000244140625,84.1500015258789,77.7300033569336,51.90999984741211,60.59160232543945,41.36000061035156,27.729999542236328,3.380500078201294,30.540796279907227,117.5,56.20000076293945,71.55999755859375,47.77333450317383,34.939998626708984,170.25,50.790000915527344,63.16999816894531,52.38999938964844,33.709999084472656,23.18000030517578,74.8499984741211,81.69000244140625,65.73999786376953,11.470000267028809,157.58999633789062,135.0,23.67099952697754,22.90999984741211,53.81999969482422,60.40999984741211,46.88999938964844,105.5199966430664,37.15999984741211,92.37999725341797,214.8699951171875,35.150001525878906,127.02999877929688,84.20999908447266,78.5,52.15999984741211,61.106868743896484,41.59000015258789,27.780000686645508,3.4257500171661377,30.645160675048828,117.51000213623047,56.4900016784668,71.7699966430664,47.81666564941406,35.08000183105469,172.3000030517578,50.86000061035156,63.689998626708984,52.56999969482422,33.790000915527344,23.190000534057617,74.94999694824219,82.0,6731800,50319700,2577300,619200,35812000,89566700,8640900,20266600,7206200,8383500,4251500,3711900,3747100,18340100,6957200,13412900,5091800,4718900,9739798,10486700,19173200,1018372000,29885432,2229800,16643800,7681800,2681100,7283300,3877300,8110100,3396100,16895000,31249000,69775600,9209800,13028500
2017-05-22,45.01087951660156,11.039999961853027,116.62751770019531,123.60479736328125,18.546560287475586,18.746545791625977,39.270389556884766,45.830841064453125,35.26110076904297,72.32000732421875,26.77660369873047,68.2657241821289,178.313720703125,29.629438400268555,99.33049011230469,66.64179229736328,67.23119354248047,40.29814910888672,46.301578521728516,32.096229553222656,27.366558074951172,3.428439140319824,20.27900505065918,88.14167785644531,46.45943069458008,55.526939392089844,44.34467315673828,28.209688186645508,150.81634521484375,36.53525161743164,45.034706115722656,41.3863639831543,23.18766975402832,19.775074005126953,64.6780776977539,55.2585334777832,65.44000244140625,11.039999961853027,153.02000427246094,134.2100067138672,23.83799934387207,23.040000915527344,54.099998474121094,61.060001373291016,46.93000030517578,106.12000274658203,38.08000183105469,93.11000061035156,216.02000427246094,35.77000045776367,127.26000213623047,84.69999694824219,76.9800033569336,52.97999954223633,61.106868743896484,41.65999984741211,28.059999465942383,3.4725000858306885,30.474382400512695,119.44999694824219,59.279998779296875,71.88999938964844,48.41999816894531,35.400001525878906,174.6999969482422,51.439998626708984,63.84000015258789,53.0099983215332,33.96500015258789,23.40999984741211,75.2300033569336,82.29000091552734,65.62000274658203,11.550000190734863,154.60000610351562,134.52000427246094,23.898000717163086,23.239999771118164,54.34000015258789,61.54999923706055,47.900001525878906,107.08999633789062,38.790000915527344,94.76000213623047,217.63999938964844,36.11000061035156,127.6500015258789,85.29000091552734,78.01000213623047,53.18000030517578,61.488548278808594,42.16999816894531,28.25,3.486999988555908,30.834915161132812,119.73999786376953,59.540000915527344,72.37999725341797,48.439998626708984,35.5099983215332,174.89999389648438,51.47999954223633,64.29000091552734,53.31999969482422,34.2400016784668,23.479999542236328,75.31999969482422,82.33000183105469,64.80000305175781,10.770000457763672,152.4499969482422,133.6699981689453,23.422000885009766,22.81999969482422,53.880001068115234,60.720001220703125,46.869998931884766,105.75,37.869998931884766,92.79000091552734,215.39999389648438,35.380001068115234,126.62999725341797,84.20999908447266,76.8499984741211,52.689998626708984,60.65839767456055,41.5,27.649999618530273,3.4332499504089355,30.474382400512695,118.26000213623047,58.380001068115234,71.37000274658203,48.0966682434082,35.2599983215332,172.60000610351562,50.869998931884766,63.560001373291016,52.5,33.845001220703125,23.25,74.80000305175781,81.93000030517578,65.55000305175781,11.489999771118164,153.58999633789062,133.97999572753906,23.55299949645996,23.190000534057617,54.02000045776367,61.40999984741211,47.83000183105469,107.08999633789062,38.63999938964844,94.12999725341797,217.3699951171875,35.47999954223633,126.62999725341797,85.18000030517578,77.9000015258789,52.939998626708984,60.78244400024414,42.04999923706055,28.200000762939453,3.4442501068115234,30.834915161132812,119.22000122070312,58.38999938964844,72.26000213623047,48.206668853759766,35.38999938964844,172.72999572753906,51.27000045776367,64.26000213623047,53.27000045776367,34.220001220703125,23.479999542236328,74.95999908447266,82.11000061035156,5541700,78696400,6911700,548800,20419000,74839400,4462800,11744800,7967900,4491100,3904800,2004600,2506100,14638100,4858200,11636000,6936500,2405400,6525372,6752600,18032700,836608000,26725962,1571600,20771500,6209800,2000100,5914200,3480300,4724800,2742500,13947000,20678400,79181900,4999100,9218700
2017-05-23,45.28599166870117,10.890000343322754,117.42776489257812,123.3285140991211,18.40340232849121,19.031320571899414,39.35022735595703,46.3187141418457,35.13336944580078,72.42219543457031,26.59377670288086,67.84048461914062,181.3018798828125,29.703996658325195,99.53343200683594,67.475830078125,68.11328887939453,40.37420654296875,46.670318603515625,32.68172836303711,27.59087562561035,3.382282018661499,20.291629791259766,89.39608764648438,46.412410736083984,55.68141555786133,44.167606353759766,28.209688186645508,151.26528930664062,36.90458679199219,45.23222732543945,41.683048248291016,23.242286682128906,19.9271297454834,64.89299774169922,55.45328903198242,65.83999633789062,10.890000343322754,154.07000732421875,133.91000366210938,23.65399932861328,23.389999389648438,54.209999084472656,61.709999084472656,46.7599983215332,106.2699966430664,37.81999969482422,92.52999877929688,219.63999938964844,35.86000061035156,127.5199966430664,85.76000213623047,77.98999786376953,53.08000183105469,61.593509674072266,42.41999816894531,28.290000915527344,3.4257500171661377,30.493358612060547,121.1500015258789,59.220001220703125,72.08999633789062,48.22666549682617,35.400001525878906,175.22000122070312,51.959999084472656,64.12000274658203,53.38999938964844,34.04499816894531,23.59000015258789,75.4800033569336,82.58000183105469,66.26000213623047,11.0600004196167,154.57000732421875,134.80999755859375,23.89299964904785,23.5,54.43000030517578,61.95000076293945,47.33000183105469,106.55999755859375,38.189998626708984,93.30000305175781,220.7899932861328,35.9900016784668,128.14999389648438,86.06999969482422,78.36000061035156,53.31999969482422,61.63167953491211,42.650001525878906,28.309999465942383,3.4947500228881836,30.62618637084961,121.69999694824219,59.88999938964844,72.30999755859375,48.46666717529297,35.4900016784668,175.52000427246094,52.209999084472656,64.36000061035156,53.560001373291016,34.09000015258789,23.65999984741211,75.63999938964844,82.88999938964844,65.43000030517578,10.619999885559082,152.16000366210938,133.72000122070312,23.583999633789062,22.84000015258789,54.13999938964844,60.72999954223633,46.66999816894531,105.9800033569336,37.599998474121094,91.97000122070312,214.66000366210938,35.560001373291016,127.30999755859375,84.51000213623047,77.0199966430664,52.75,61.068702697753906,41.33000183105469,27.559999465942383,3.3927500247955322,30.436433792114258,119.11000061035156,59.130001068115234,71.5199966430664,47.856666564941406,35.29999923706055,173.7100067138672,51.2599983215332,63.290000915527344,52.849998474121094,33.8650016784668,23.31999969482422,75.2699966430664,82.23999786376953,65.44000244140625,10.970000267028809,152.64999389648438,134.63999938964844,23.834999084472656,23.030000686645508,54.15999984741211,61.09000015258789,46.86000061035156,106.06999969482422,38.0099983215332,93.12000274658203,215.97000122070312,35.869998931884766,127.30999755859375,84.75,77.19000244140625,53.0,61.068702697753906,41.5099983215332,28.079999923706055,3.492500066757202,30.474382400512695,119.44999694824219,59.380001068115234,72.16999816894531,48.46333312988281,35.38999938964844,174.44000244140625,51.41999816894531,63.709999084472656,53.0099983215332,34.05500030517578,23.43000030517578,75.33000183105469,82.31999969482422,4676500,49799600,3582000,687200,13696000,79020000,7187100,12414300,7436700,3457100,3212400,2255400,3308800,16903700,3972500,11753000,5884800,2199100,6009861,10761300,21800800,681248000,18517410,1476100,14223400,4969900,760200,6612800,2471500,5061400,2945600,11751700,18173600,65577800,4216100,6857200
2017-05-24,45.347896575927734,10.890000343322754,117.83171844482422,122.94170379638672,18.6414794921875,19.006919860839844,39.06712341308594,46.739036560058594,35.06575393676758,72.38816833496094,26.108600616455078,67.94315338134766,184.76048278808594,29.91935920715332,99.52567291259766,67.43647766113281,68.08706665039062,40.4122314453125,46.94506072998047,32.843528747558594,28.273574829101562,3.4202938079833984,20.234804153442383,89.2558822631836,45.95783996582031,55.11756896972656,44.45457458496094,28.305307388305664,151.58470153808594,36.783836364746094,45.013545989990234,41.44881820678711,23.11941146850586,19.918672561645508,65.05633544921875,55.2585334777832,65.93000030517578,10.890000343322754,154.60000610351562,133.49000549316406,23.959999084472656,23.360000610351562,53.81999969482422,62.27000045776367,46.66999816894531,106.22000122070312,37.130001068115234,92.66999816894531,223.8300018310547,36.119998931884766,127.51000213623047,85.70999908447266,77.95999908447266,53.130001068115234,61.95610809326172,42.630001068115234,28.989999771118164,3.464250087738037,30.407970428466797,120.95999908447266,58.63999938964844,71.36000061035156,48.540000915527344,35.52000045776367,175.58999633789062,51.790000915527344,63.810001373291016,53.09000015258789,33.8650016784668,23.579999923706055,75.66999816894531,82.29000091552734,66.12000274658203,11.0600004196167,154.99000549316406,134.27999877929688,24.000999450683594,23.469999313354492,54.45000076293945,62.439998626708984,46.75,106.36000061035156,37.880001068115234,93.38999938964844,224.39999389648438,36.18000030517578,128.0,85.97000122070312,78.27999877929688,53.27000045776367,62.213741302490234,42.7400016784668,29.1200008392334,3.526750087738037,30.62618637084961,121.9000015258789,59.619998931884766,72.27999877929688,48.630001068115234,35.59000015258789,176.10000610351562,52.130001068115234,64.61000061035156,53.61000061035156,34.11000061035156,23.639999389648438,75.7300033569336,82.54000091552734,65.56999969482422,10.710000038146973,153.7899932861328,133.1699981689453,23.69700050354004,23.219999313354492,53.470001220703125,61.65999984741211,46.13999938964844,105.7300033569336,36.75,92.30999755859375,219.4499969482422,35.88999938964844,127.29000091552734,85.23999786376953,77.80000305175781,52.7599983215332,61.58396911621094,42.29999923706055,28.440000534057617,3.4519999027252197,30.332067489624023,120.56999969482422,58.56999969482422,71.06999969482422,48.31666564941406,35.34000015258789,174.52000427246094,51.560001373291016,63.5099983215332,52.79999923706055,33.709999084472656,23.479999542236328,75.33999633789062,82.01000213623047,65.79000091552734,11.050000190734863,154.77000427246094,133.97000122070312,23.84600067138672,23.440000534057617,54.45000076293945,61.84000015258789,46.63999938964844,106.0999984741211,37.630001068115234,92.37000274658203,220.0,35.97999954223633,127.79000091552734,85.87999725341797,77.98999786376953,52.939998626708984,61.803436279296875,42.36000061035156,28.469999313354492,3.5239999294281006,30.521821975708008,121.8499984741211,59.279998779296875,72.12999725341797,48.54999923706055,35.41999816894531,175.4499969482422,52.029998779296875,64.16999816894531,53.4900016784668,34.005001068115234,23.6200008392334,75.5199966430664,82.41999816894531,3174600,42903900,2667500,938000,16392000,58823200,6460700,16102700,7765700,3457200,5043400,2886800,4141600,20640600,3965200,9833800,2253800,2917100,7289259,6583400,22216800,815996000,23576821,1787400,8592600,5257900,1018800,7812500,1612300,3506700,2998700,11304400,26961400,59441200,5186400,8136000
2017-05-25,45.61614990234375,10.979999542236328,118.4643325805664,124.23107147216797,18.7395076751709,18.917415618896484,39.48088455200195,46.49885940551758,33.84856414794922,71.63169860839844,25.124156951904297,66.7333984375,183.6378936767578,30.03532600402832,100.20135498046875,67.15322875976562,68.4189453125,39.894996643066406,47.02458953857422,32.843528747558594,28.70270347595215,3.412641763687134,20.30425453186035,89.61746215820312,45.80894470214844,53.59598159790039,44.680484771728516,28.345157623291016,153.7083740234375,36.7696418762207,44.576171875,41.2067985534668,22.69955062866211,19.952468872070312,65.36585998535156,54.895931243896484,66.31999969482422,10.979999542236328,155.42999267578125,134.88999938964844,24.086000442504883,23.25,54.38999938964844,61.95000076293945,45.04999923706055,105.11000061035156,35.72999954223633,91.0199966430664,222.47000122070312,36.2599983215332,127.52999877929688,85.3499984741211,78.33999633789062,52.45000076293945,62.06106948852539,42.630001068115234,29.43000030517578,3.4565000534057617,30.5123348236084,121.44999694824219,58.45000076293945,69.38999938964844,48.78666687011719,35.56999969482422,178.0500030517578,51.77000045776367,63.189998626708984,52.779998779296875,33.25,23.6200008392334,76.02999877929688,81.75,66.56999969482422,11.010000228881836,156.0399932861328,135.02000427246094,24.1560001373291,23.579999923706055,54.58000183105469,62.689998626708984,46.970001220703125,106.70999908447266,37.7599983215332,93.62000274658203,225.4499969482422,36.38999938964844,127.62000274658203,86.08000183105469,78.45999908447266,53.90999984741211,62.13740539550781,42.970001220703125,29.65999984741211,3.5007500648498535,30.55028533935547,121.98999786376953,58.95000076293945,71.69000244140625,48.959999084472656,35.790000915527344,178.72999572753906,52.13999938964844,64.19000244140625,53.25,34.1150016784668,23.729999542236328,76.18000030517578,82.70999908447266,65.80000305175781,10.800000190734863,154.6199951171875,133.49000549316406,23.87299919128418,23.219999313354492,53.689998626708984,61.779998779296875,44.68000030517578,104.72000122070312,35.58000183105469,90.44000244140625,222.3000030517578,36.060001373291016,126.33000183105469,85.08000183105469,77.76000213623047,52.43000030517578,61.6984748840332,42.4900016784668,29.190000534057617,3.4110000133514404,30.332067489624023,120.77999877929688,58.2599983215332,68.94000244140625,48.473331451416016,35.4900016784668,175.94000244140625,51.72999954223633,63.04999923706055,52.56999969482422,33.130001068115234,23.559999465942383,75.66000366210938,81.5199966430664,66.05999755859375,11.010000228881836,155.19000244140625,133.49000549316406,24.111000061035156,23.40999984741211,53.88999938964844,62.25,46.470001220703125,106.0999984741211,37.0,92.27999877929688,224.41000366210938,36.119998931884766,126.73999786376953,85.98999786376953,78.30999755859375,53.150001525878906,61.98473358154297,42.83000183105469,29.200000762939453,3.5,30.417457580566406,120.95999908447266,58.650001525878906,71.2699966430664,48.686668395996094,35.65999984741211,176.32000732421875,51.959999084472656,63.630001068115234,53.25,33.779998779296875,23.6299991607666,75.83999633789062,82.33000183105469,4058300,33584300,2965800,457600,19010000,60443500,8493100,13368600,12772200,5293800,5323300,2768700,2640000,13148500,5294300,12238500,1736700,3952000,7436503,5062800,20714000,608228000,18227244,1311100,9556500,14649400,1013400,4514900,3212200,3825100,3786200,16643800,46658400,49362400,4479400,12370900
2017-05-26,45.43731689453125,11.0,118.14417266845703,123.5955581665039,18.766740798950195,18.909278869628906,39.17600631713867,46.588924407958984,34.07395935058594,71.36592102050781,25.18744468688965,66.88002014160156,184.5128173828125,30.03532600402832,99.72207641601562,67.16108703613281,68.16568756103516,40.17644119262695,46.937835693359375,33.00532150268555,29.024539947509766,3.5010054111480713,20.291629791259766,89.52151489257812,45.524009704589844,54.13664627075195,44.885013580322266,28.297330856323242,153.23355102539062,36.53525161743164,44.054161071777344,40.91792297363281,22.73709487915039,19.94401741027832,65.24549865722656,54.76164627075195,66.05999755859375,11.0,155.00999450683594,134.1999969482422,24.121000289916992,23.239999771118164,53.970001220703125,62.06999969482422,45.349998474121094,104.72000122070312,35.81999969482422,91.22000122070312,223.52999877929688,36.2599983215332,126.91999816894531,85.36000061035156,78.05000305175781,52.81999969482422,61.946563720703125,42.84000015258789,29.760000228881836,3.5460000038146973,30.493358612060547,121.31999969482422,57.52000045776367,70.08999633789062,49.0099983215332,35.5099983215332,177.5,51.439998626708984,62.45000076293945,52.40999984741211,33.30500030517578,23.610000610351562,75.88999938964844,81.55000305175781,66.41000366210938,11.020000457763672,156.1300048828125,134.60000610351562,24.15999984741211,23.420000076293945,54.81999969482422,62.33000183105469,45.400001525878906,105.29000091552734,35.88999938964844,91.41000366210938,224.22999572753906,36.33000183105469,127.66999816894531,85.55999755859375,78.3499984741211,52.869998931884766,62.22328186035156,42.970001220703125,29.770000457763672,3.631999969482422,30.63567352294922,122.0,57.97999954223633,70.3499984741211,49.03333282470703,35.58000183105469,178.88999938964844,51.810001373291016,63.5,52.810001373291016,33.334999084472656,23.68000030517578,76.19000244140625,81.80000305175781,65.8499984741211,10.739999771118164,154.7899932861328,133.5500030517578,23.832000732421875,23.170000076293945,53.900001525878906,61.650001525878906,44.68000030517578,104.5999984741211,35.220001220703125,90.12000274658203,221.17999267578125,36.130001068115234,126.83000183105469,85.0199966430664,77.72000122070312,52.2400016784668,61.85114669799805,42.439998626708984,28.8799991607666,3.4277501106262207,30.455408096313477,120.63999938964844,57.369998931884766,69.0,48.46666717529297,35.33000183105469,177.0,51.380001068115234,62.130001068115234,52.369998931884766,33.09000015258789,23.559999465942383,75.80999755859375,80.83000183105469,66.13999938964844,10.850000381469727,155.60000610351562,133.86000061035156,24.09000015258789,23.229999542236328,54.369998931884766,61.869998931884766,45.33000183105469,105.05000305175781,35.61000061035156,91.29000091552734,222.00999450683594,36.2599983215332,127.2300033569336,85.11000061035156,78.12000274658203,52.41999816894531,62.02289962768555,42.45000076293945,29.270000457763672,3.4482500553131104,30.531309127807617,120.95999908447266,57.65999984741211,69.5,48.746665954589844,35.54999923706055,177.67999267578125,51.61000061035156,63.189998626708984,52.630001068115234,33.25,23.559999465942383,75.97000122070312,81.61000061035156,4083000,31907600,2731600,731800,13120000,50399500,4968200,10850300,10758900,3752500,3719600,2001500,1787100,11145500,4005200,8113500,2238900,3843600,3862614,5346500,17784800,779140000,12330746,1173300,8261900,8960700,789600,3109800,1583600,6721800,3718700,14247700,26398200,42601700,4507400,8227100
2017-05-30,45.40980529785156,11.119999885559082,117.26008605957031,122.86802673339844,18.65859603881836,18.640766143798828,39.1469841003418,46.266170501708984,33.65321731567383,70.91613006591797,24.25223731994629,65.7069320678711,180.9017791748047,29.969057083129883,99.87134552001953,66.0123519897461,68.42768859863281,39.87217330932617,46.90890121459961,32.57389450073242,29.941314697265625,3.5757946968078613,20.285316467285156,87.706298828125,45.381553649902344,53.47541046142578,45.1841926574707,28.51249885559082,152.447998046875,36.293766021728516,43.80021286010742,40.722747802734375,22.433298110961914,19.808868408203125,65.15093231201172,54.45945739746094,66.0199966430664,11.119999885559082,153.85000610351562,133.41000366210938,23.98200035095215,22.90999984741211,53.93000030517578,61.63999938964844,44.790000915527344,104.05999755859375,34.4900016784668,89.62000274658203,218.4199981689453,36.18000030517578,127.11000061035156,83.9000015258789,78.3499984741211,52.41999816894531,61.90839767456055,42.279998779296875,30.700000762939453,3.6217501163482666,30.483871459960938,118.86000061035156,57.34000015258789,68.73999786376953,49.336666107177734,35.779998779296875,176.58999633789062,51.099998474121094,62.09000015258789,52.15999984741211,32.86000061035156,23.450000762939453,75.77999877929688,81.0999984741211,66.19999694824219,11.270000457763672,155.3699951171875,133.80999755859375,24.138999938964844,23.209999084472656,54.2400016784668,62.06999969482422,45.09000015258789,104.70999908447266,35.470001220703125,90.79000091552734,222.44000244140625,36.439998626708984,127.38999938964844,85.1500015258789,78.66999816894531,53.189998626708984,62.156490325927734,42.720001220703125,30.8700008392334,3.657249927520752,30.65464973449707,120.63999938964844,57.7400016784668,69.48999786376953,49.456668853759766,35.810001373291016,178.0800018310547,51.2400016784668,62.790000915527344,52.5,33.130001068115234,23.56999969482422,75.97000122070312,81.33999633789062,65.80999755859375,10.899999618530273,153.55999755859375,133.0,23.899999618530273,22.8799991607666,53.7599983215332,61.5099983215332,44.529998779296875,103.75,34.29999923706055,89.43000030517578,218.00999450683594,36.09000015258789,126.19000244140625,83.77999877929688,77.75,52.31999969482422,61.57442855834961,42.04999923706055,29.8799991607666,3.5762500762939453,30.379507064819336,118.26000213623047,57.16999816894531,68.6500015258789,48.95000076293945,35.47999954223633,176.24000549316406,50.79999923706055,60.689998626708984,51.900001525878906,32.845001220703125,23.399999618530273,75.6500015258789,81.04000091552734,65.88999938964844,10.949999809265137,155.00999450683594,133.05999755859375,24.049999237060547,23.1299991607666,53.93000030517578,61.790000915527344,44.93000030517578,104.3499984741211,35.380001068115234,90.47000122070312,221.8300018310547,36.27000045776367,126.69999694824219,85.12999725341797,77.94999694824219,52.41999816894531,61.7557258605957,42.58000183105469,29.940000534057617,3.5924999713897705,30.417457580566406,120.5,57.279998779296875,69.22000122070312,49.00666809082031,35.68000030517578,177.5399932861328,51.209999084472656,61.61000061035156,52.15999984741211,33.130001068115234,23.540000915527344,75.6500015258789,81.27999877929688,4803900,35339000,2716700,1020200,29364000,61307900,7137500,12603800,9280900,4288000,5530200,3163100,3097800,13026900,3665400,12603200,3244900,4004700,5120109,6377900,34690000,989652000,16913643,2779200,11553700,7263500,1176900,4219300,2285700,5923200,6566600,19379700,29058200,46584200,4651200,8973600
2017-05-31,45.40980529785156,11.1899995803833,118.31951904296875,121.56022644042969,18.632144927978516,18.293832778930664,39.16149139404297,45.44052505493164,33.57807540893555,70.5208740234375,23.893613815307617,66.21285247802734,174.97169494628906,29.91107177734375,100.7670669555664,64.63549041748047,69.49317932128906,39.58314514160156,47.07520294189453,32.15785217285156,30.00958824157715,3.562960147857666,20.613609313964844,87.58826446533203,45.326148986816406,54.13664627075195,45.17807388305664,28.17780303955078,151.230712890625,36.144622802734375,43.36283493041992,39.92641830444336,22.33772087097168,19.639915466308594,65.40884399414062,54.0565299987793,66.0199966430664,11.1899995803833,155.24000549316406,131.99000549316406,23.947999954223633,22.40999984741211,53.95000076293945,60.540000915527344,44.689998626708984,103.4800033569336,33.97999954223633,90.30999755859375,211.25999450683594,36.11000061035156,128.25,82.1500015258789,79.56999969482422,52.040000915527344,62.127864837646484,41.7400016784668,30.770000457763672,3.608750104904175,30.977230072021484,118.69999694824219,57.27000045776367,69.58999633789062,49.33000183105469,35.36000061035156,175.17999267578125,50.88999938964844,61.470001220703125,51.13999938964844,32.720001220703125,23.25,76.08000183105469,80.5,66.41000366210938,11.489999771118164,155.3699951171875,133.33999633789062,24.288999557495117,22.799999237060547,54.349998474121094,61.599998474121094,44.86000061035156,103.88999938964844,34.470001220703125,90.61000061035156,218.3000030517578,36.380001068115234,128.8000030517578,83.81999969482422,79.91000366210938,52.77000045776367,62.49045944213867,42.189998626708984,31.100000381469727,3.674999952316284,31.110057830810547,119.25,57.72999954223633,69.93000030517578,49.790000915527344,35.36000061035156,176.89999389648438,51.25,62.16999816894531,52.25,32.81999969482422,23.459999084472656,76.25,80.94999694824219,65.61000061035156,11.100000381469727,153.6699981689453,131.6199951171875,23.756000518798828,22.09000015258789,53.86000061035156,59.869998931884766,44.09000015258789,103.06999969482422,33.380001068115234,88.36000061035156,209.6199951171875,35.869998931884766,127.3499984741211,81.63999938964844,78.4800033569336,51.630001068115234,62.0515251159668,41.06999969482422,30.31999969482422,3.5512499809265137,30.483871459960938,116.62999725341797,57.0,68.2300033569336,49.09333419799805,35.099998474121094,174.9199981689453,50.43000030517578,60.90999984741211,50.83000183105469,32.54999923706055,23.100000381469727,75.86000061035156,80.47000122070312,66.23999786376953,11.289999961853027,153.6699981689453,133.05999755859375,24.25200080871582,22.780000686645508,54.13999938964844,61.59000015258789,44.31999969482422,103.55000305175781,33.83000183105469,88.98999786376953,218.24000549316406,36.310001373291016,127.3499984741211,83.7300033569336,78.4800033569336,52.29999923706055,62.09923553466797,42.189998626708984,31.010000228881836,3.667249917984009,30.62618637084961,118.87999725341797,57.2599983215332,68.30999755859375,49.689998626708984,35.31999969482422,176.88999938964844,51.209999084472656,61.83000183105469,52.22999954223633,32.599998474121094,23.450000762939453,75.93000030517578,80.94000244140625,6935800,42929000,3891300,1436000,44830000,138636300,8140700,23150500,8770800,8037900,9029700,3938800,8312000,17741900,8813500,28327900,5163900,4572300,8162138,13637900,26402900,887316000,30585499,2749600,14082600,8944200,1605300,7663100,3320400,6926200,4655900,30519700,32186000,115877900,5884400,13572300
2017-06-01,45.884395599365234,10.930000305175781,119.08168029785156,123.2364273071289,18.251684188842773,18.47342300415039,39.58250045776367,45.8458366394043,33.705806732177734,71.05923461914062,24.097536087036133,66.27882385253906,178.0775146484375,29.91935920715332,101.18347930908203,65.35145568847656,69.8600082397461,40.4122314453125,47.18365478515625,32.828121185302734,29.999834060668945,3.563206434249878,20.651498794555664,88.64341735839844,46.394615173339844,54.28445816040039,45.223876953125,28.600156784057617,155.02920532226562,36.599185943603516,43.82136917114258,40.66029357910156,22.47766876220703,19.8848876953125,66.13101959228516,54.19084930419922,66.70999908447266,10.930000305175781,156.24000549316406,133.80999755859375,23.458999633789062,22.6299991607666,54.529998779296875,61.08000183105469,44.86000061035156,104.2699966430664,34.27000045776367,90.4000015258789,215.00999450683594,36.119998931884766,128.77999877929688,83.05999755859375,79.98999786376953,53.130001068115234,62.270992279052734,42.61000061035156,30.760000228881836,3.6089999675750732,31.034156799316406,120.12999725341797,58.619998931884766,69.77999877929688,49.380001068115234,35.88999938964844,179.5800018310547,51.529998779296875,62.119998931884766,52.08000183105469,32.92499923706055,23.540000915527344,76.91999816894531,80.69999694824219,66.72000122070312,11.289999961853027,156.77000427246094,133.8300018310547,24.187000274658203,22.639999389648438,54.529998779296875,61.09000015258789,45.31999969482422,104.27999877929688,34.81999969482422,91.37999725341797,215.92999267578125,36.130001068115234,128.77999877929688,83.08000183105469,80.2300033569336,53.56999969482422,62.270992279052734,42.72999954223633,30.829999923706055,3.6257500648498535,31.166982650756836,120.12999725341797,58.650001525878906,70.19000244140625,49.52000045776367,35.91999816894531,179.5800018310547,51.63999938964844,62.439998626708984,52.209999084472656,33.04499816894531,23.559999465942383,76.9800033569336,80.9000015258789,66.12000274658203,10.8100004196167,155.24000549316406,132.6199951171875,23.381000518798828,22.299999237060547,53.880001068115234,60.16999816894531,44.38999938964844,103.43000030517578,33.86000061035156,89.7300033569336,210.7899932861328,35.79999923706055,128.1199951171875,81.6500015258789,79.37999725341797,52.380001068115234,61.889312744140625,41.75,30.280000686645508,3.562999963760376,30.85388946533203,117.36000061035156,57.349998474121094,69.22000122070312,49.099998474121094,35.529998779296875,175.19000244140625,50.63999938964844,61.06999969482422,51.060001373291016,32.630001068115234,23.219999313354492,76.12999725341797,80.19000244140625,66.26000213623047,11.25,155.39999389648438,132.89999389648438,24.15999984741211,22.479999542236328,54.0,60.88999938964844,44.79999923706055,103.69000244140625,34.11000061035156,90.63999938964844,212.61000061035156,36.119998931884766,128.32000732421875,82.45999908447266,79.5999984741211,52.43000030517578,62.10877990722656,41.97999954223633,30.75,3.6247498989105225,30.996204376220703,119.3499984741211,57.45000076293945,69.66999816894531,49.52000045776367,35.70000076293945,175.77999877929688,51.15999984741211,61.369998931884766,51.529998779296875,32.73500061035156,23.3799991607666,76.20999908447266,80.37000274658203,4554700,48002000,3005300,707400,63774000,69725100,6561600,13922400,7946800,4769400,4213000,2829600,4057900,17510900,5790900,17123500,3093100,8751100,7923404,9654300,20534800,503340000,25184803,1679800,11560100,5874800,1063200,6016100,2890600,6171100,3541400,21001800,35967400,81187600,9149900,9884100
2017-06-02,46.255821228027344,10.899999618530273,121.29962158203125,124.05608367919922,19.803070068359375,18.326488494873047,39.90190124511719,45.86835479736328,33.254981994628906,70.26872253417969,23.295923233032227,65.75093841552734,176.66954040527344,30.08502197265625,102.20491790771484,65.02103424072266,69.98226165771484,40.08515930175781,47.335479736328125,32.75878143310547,30.43870735168457,3.5454349517822266,20.544170379638672,87.9277114868164,46.362953186035156,53.646541595458984,45.684837341308594,28.83124542236328,154.86520385742188,36.435813903808594,43.807254791259766,40.449485778808594,22.2182559967041,19.808868408203125,66.56088256835938,53.38503646850586,67.25,10.899999618530273,159.14999389648438,134.6999969482422,25.452999114990234,22.450000762939453,54.970001220703125,61.11000061035156,44.2599983215332,103.11000061035156,33.130001068115234,89.68000030517578,213.30999755859375,36.31999969482422,130.0800018310547,82.63999938964844,80.12999725341797,52.70000076293945,62.47137451171875,42.52000045776367,31.209999084472656,3.5910000801086426,30.872865676879883,119.16000366210938,58.58000183105469,68.95999908447266,49.883331298828125,36.18000030517578,179.38999938964844,51.29999923706055,62.099998474121094,51.810001373291016,32.54499816894531,23.450000762939453,77.41999816894531,79.5,67.30999755859375,10.960000038146973,159.6199951171875,134.7899932861328,25.582000732421875,22.59000015258789,55.16999816894531,61.599998474121094,44.619998931884766,103.94000244140625,33.970001220703125,90.58000183105469,215.2100067138672,36.33000183105469,130.13999938964844,82.98999786376953,81.05999755859375,53.130001068115234,62.57633590698242,42.939998626708984,31.3799991607666,3.632499933242798,31.195446014404297,119.87999725341797,58.959999084472656,69.12000274658203,49.94333267211914,36.22999954223633,179.9199981689453,51.66999816894531,62.720001220703125,52.2400016784668,32.78499984741211,23.56999969482422,77.5199966430664,80.68000030517578,66.62000274658203,10.569999694824219,157.0,133.5500030517578,24.415000915527344,22.15999984741211,54.5099983215332,60.29999923706055,44.02000045776367,102.7699966430664,32.869998931884766,88.94000244140625,211.91000366210938,36.0,128.8300018310547,81.9800033569336,79.9000015258789,52.439998626708984,62.19465637207031,41.900001525878906,30.530000686645508,3.5850000381469727,30.77798843383789,117.7300033569336,58.349998474121094,68.02999877929688,49.31999969482422,35.849998474121094,178.33999633789062,50.939998626708984,62.0,51.529998779296875,32.404998779296875,23.31999969482422,77.06999969482422,79.26000213623047,66.80999755859375,10.930000305175781,157.27000427246094,134.6199951171875,24.854000091552734,22.270000457763672,54.709999084472656,60.33000183105469,44.58000183105469,103.81999969482422,33.90999984741211,90.04000091552734,212.94000244140625,36.27000045776367,129.0500030517578,82.29000091552734,80.47000122070312,52.86000061035156,62.461830139160156,42.150001525878906,30.799999237060547,3.6059999465942383,31.091081619262695,118.93000030517578,58.88999938964844,68.87999725341797,49.69333267211914,35.90999984741211,179.9199981689453,51.099998474121094,62.43000030517578,51.66999816894531,32.775001525878906,23.3700008392334,77.13999938964844,80.58999633789062,5646000,43056200,3320800,334300,108613000,79722300,7470900,13643600,8000900,5864000,6472800,2680200,3692000,19127400,6562600,14998500,4005700,4461400,6600933,10016400,20206300,487456000,21984543,2253600,9538000,8646500,1297500,5779200,2610100,5589500,2788900,19477300,33085000,83704500,4833000,21687300
2017-06-05,46.43465042114258,11.239999771118164,122.11511993408203,122.63777923583984,19.622570037841797,18.293832778930664,38.00733947753906,45.97344207763672,33.07466125488281,70.32322692871094,23.23966407775879,65.3990249633789,177.23272705078125,30.101581573486328,102.42489624023438,65.13903045654297,69.30107116699219,40.16122817993164,47.04627227783203,33.04383850097656,30.43870735168457,3.6532986164093018,20.42420768737793,87.49970245361328,46.58455276489258,53.887691497802734,45.79475402832031,28.998592376708984,154.84791564941406,36.45713424682617,44.018882751464844,40.37922286987305,22.259206771850586,19.842653274536133,66.37174987792969,53.80137252807617,67.51000213623047,11.239999771118164,160.22000122070312,133.16000366210938,25.22100067138672,22.40999984741211,52.36000061035156,61.25,44.02000045776367,103.19000244140625,33.04999923706055,89.19999694824219,213.99000549316406,36.34000015258789,130.36000061035156,82.79000091552734,79.3499984741211,52.79999923706055,62.08969497680664,42.88999938964844,31.209999084472656,3.7002499103546143,30.69260025024414,118.58000183105469,58.86000061035156,69.2699966430664,50.003334045410156,36.38999938964844,179.3699951171875,51.33000183105469,62.400001525878906,51.720001220703125,32.60499954223633,23.489999771118164,77.19999694824219,80.12000274658203,67.86000061035156,11.34000015258789,161.1199951171875,133.8300018310547,25.67799949645996,22.700000762939453,54.36000061035156,61.77000045776367,44.529998779296875,103.58000183105469,33.310001373291016,89.62999725341797,215.80999755859375,36.5,130.52000427246094,83.51000213623047,80.06999969482422,53.15999984741211,62.39503860473633,43.400001525878906,31.760000228881836,3.713249921798706,30.910816192626953,120.20999908447266,59.04999923706055,69.5,50.27000045776367,36.66999816894531,180.32000732421875,51.849998474121094,62.66999816894531,52.18000030517578,32.724998474121094,23.639999389648438,77.5,80.38999938964844,66.87999725341797,10.800000190734863,158.27000427246094,132.77999877929688,25.020000457763672,22.389999389648438,52.209999084472656,60.959999084472656,44.0,102.62999725341797,32.689998626708984,88.5199966430664,212.67999267578125,36.20000076293945,129.8000030517578,82.58000183105469,78.9800033569336,52.439998626708984,61.73664093017578,42.45000076293945,31.06999969482422,3.5627501010894775,30.55028533935547,118.48999786376953,58.47999954223633,68.62999725341797,49.8466682434082,36.29999923706055,179.16000366210938,51.22999954223633,61.790000915527344,51.66999816894531,32.435001373291016,23.459999084472656,77.0199966430664,79.4000015258789,67.25,10.84000015258789,160.2899932861328,132.89999389648438,25.399999618530273,22.440000534057617,53.7599983215332,61.040000915527344,44.060001373291016,102.80000305175781,32.959999084472656,89.12000274658203,213.0800018310547,36.29999923706055,129.97000122070312,82.63999938964844,80.0,52.56999969482422,62.356868743896484,42.54999923706055,31.299999237060547,3.57450008392334,30.844402313232422,119.45999908447266,58.5,68.79000091552734,49.866668701171875,36.560001373291016,179.52999877929688,51.369998931884766,61.90999984741211,51.709999084472656,32.44499969482422,23.459999084472656,77.41999816894531,79.44000244140625,4918100,66207300,4611100,519500,39532000,51590300,18743100,10024900,5731300,4523300,5085400,2373000,2696600,11685700,4634700,9080200,2814800,3261500,6254988,6892800,24360800,817376000,14994836,1695500,7960800,4670800,986700,4819600,2640600,5388500,3897100,13663800,25105000,44055800,5558900,11527100
2017-06-06,46.682273864746094,12.029999732971191,121.58924865722656,122.14044189453125,19.75094223022461,18.146894454956055,37.49921798706055,45.79330062866211,33.420291900634766,70.99110412597656,23.83736228942871,66.59410858154297,177.68002319335938,29.927637100219727,102.794189453125,65.2728042602539,69.073974609375,40.38180160522461,46.75707244873047,33.08237075805664,30.789810180664062,3.636761426925659,20.247434616088867,87.18238830566406,46.062198638916016,54.4322624206543,45.944332122802734,29.030471801757812,156.0996551513672,36.137516021728516,43.941287994384766,40.449485778808594,22.522048950195312,19.7581729888916,66.20840454101562,54.53331756591797,67.87000274658203,12.029999732971191,159.52999877929688,132.6199951171875,25.38599967956543,22.229999542236328,51.65999984741211,61.0099983215332,44.47999954223633,104.16999816894531,33.900001525878906,90.83000183105469,214.52999877929688,36.130001068115234,130.8300018310547,82.95999908447266,79.08999633789062,53.09000015258789,61.70801544189453,42.939998626708984,31.56999969482422,3.683500051498413,30.426944732666016,118.1500015258789,58.20000076293945,69.97000122070312,50.16666793823242,36.43000030517578,180.82000732421875,50.880001068115234,62.290000915527344,51.810001373291016,32.9900016784668,23.389999389648438,77.01000213623047,81.20999908447266,68.0999984741211,12.239999771118164,160.9199981689453,133.32000732421875,25.534000396728516,22.40999984741211,52.400001525878906,61.16999816894531,44.5099983215332,104.44999694824219,33.90999984741211,91.05999755859375,216.02000427246094,36.45000076293945,131.3300018310547,83.22000122070312,79.45999908447266,53.15999984741211,62.06106948852539,43.06999969482422,31.770000457763672,3.7422499656677246,30.71157455444336,118.68000030517578,58.90999984741211,70.19000244140625,50.5099983215332,36.58000183105469,181.05999755859375,51.099998474121094,62.560001373291016,52.029998779296875,33.04499816894531,23.450000762939453,77.29000091552734,81.31999969482422,67.37000274658203,11.239999771118164,159.24000549316406,132.33999633789062,25.062000274658203,22.06999969482422,51.630001068115234,60.439998626708984,43.79999923706055,102.76000213623047,32.77000045776367,88.7699966430664,212.47999572753906,35.97999954223633,130.02999877929688,82.12999725341797,78.75,52.41999816894531,61.507633209228516,42.209999084472656,30.8700008392334,3.6700000762939453,30.398481369018555,117.05999755859375,58.18000030517578,68.70999908447266,49.74333190917969,36.2400016784668,178.47999572753906,50.7599983215332,61.86000061035156,51.2400016784668,32.5099983215332,23.260000228881836,76.87999725341797,80.22000122070312,67.4800033569336,11.270000457763672,160.1300048828125,132.36000061035156,25.07699966430664,22.200000762939453,52.29999923706055,60.68000030517578,43.95000076293945,103.11000061035156,32.9900016784668,89.0999984741211,212.50999450683594,36.15999984741211,130.17999267578125,82.29000091552734,79.41000366210938,52.58000183105469,62.02289962768555,42.45000076293945,31.040000915527344,3.695499897003174,30.645160675048828,117.58999633789062,58.599998474121094,69.13999938964844,49.81666564941406,36.380001068115234,179.19000244140625,50.95000076293945,62.13999938964844,51.31999969482422,32.584999084472656,23.309999465942383,77.05000305175781,80.30000305175781,5494500,114998600,3002500,614500,29653000,71735600,11724700,10764300,8584000,4683900,7250800,3219500,2891300,18420900,5619100,12196800,2688000,3252700,8218206,7863200,33125800,758728000,18831186,1764100,7871500,6588600,1240800,5028000,3443900,5475200,2579800,14887500,29670600,60397300,4316500,12208600
2017-06-07,47.28754806518555,12.380000114440918,123.21260070800781,123.4021987915039,19.78361701965332,18.448932647705078,38.1597785949707,46.446319580078125,32.72904586791992,70.71849822998047,22.44509506225586,64.62918853759766,178.7152557373047,30.03532600402832,102.7313461303711,66.02024841308594,69.33597564697266,40.29053497314453,46.31602096557617,33.34431838989258,31.696826934814453,3.680696487426758,20.20323944091797,88.47371673583984,45.53190612792969,53.42094039916992,46.28624725341797,29.05437660217285,158.1629638671875,36.322181701660156,43.94834518432617,40.6680908203125,22.204601287841797,19.910228729248047,66.38893127441406,54.33186721801758,68.75,12.380000114440918,161.66000366210938,133.99000549316406,25.42799949645996,22.600000381469727,52.56999969482422,61.880001068115234,43.560001373291016,103.7699966430664,31.920000076293945,88.1500015258789,215.77999877929688,36.2599983215332,130.75,83.91000366210938,79.38999938964844,52.970001220703125,61.125953674316406,43.279998779296875,32.5,3.7279999256134033,30.360530853271484,119.9000015258789,57.529998779296875,68.66999816894531,50.540000915527344,36.459999084472656,183.2100067138672,51.13999938964844,62.29999923706055,52.09000015258789,32.525001525878906,23.56999969482422,77.22000122070312,80.91000366210938,69.31999969482422,12.960000038146973,162.0500030517578,134.4600067138672,25.584999084472656,22.6200008392334,52.58000183105469,62.22999954223633,44.43000030517578,104.43000030517578,33.900001525878906,90.94000244140625,217.22999572753906,36.56999969482422,131.47999572753906,84.11000061035156,79.54000091552734,53.16999816894531,61.68893051147461,43.45000076293945,32.54999923706055,3.746999979019165,30.5123348236084,120.19999694824219,58.4900016784668,69.86000061035156,50.7400016784668,36.709999084472656,183.47000122070312,51.349998474121094,62.47999954223633,52.310001373291016,33.01499938964844,23.6299991607666,77.30000305175781,81.4000015258789,68.01000213623047,12.229999542236328,159.75,133.10000610351562,25.297000885009766,22.270000457763672,51.560001373291016,61.099998474121094,43.2400016784668,102.55000305175781,31.81999969482422,87.41000366210938,214.30999755859375,36.099998474121094,130.5800018310547,83.0999984741211,79.08999633789062,52.470001220703125,61.068702697753906,42.91999816894531,31.700000762939453,3.692500114440918,30.265655517578125,118.23999786376953,57.130001068115234,67.91999816894531,50.28333282470703,36.380001068115234,179.64999389648438,50.90999984741211,61.59000015258789,51.70000076293945,32.29999923706055,23.389999389648438,76.97000122070312,80.33999633789062,68.01000213623047,12.420000076293945,159.82000732421875,133.7899932861328,25.368000030517578,22.299999237060547,51.86000061035156,61.209999084472656,44.20000076293945,103.97000122070312,33.650001525878906,90.22000122070312,215.3699951171875,36.130001068115234,131.0,83.30999755859375,79.16000366210938,52.84000015258789,61.64122009277344,43.13999938964844,31.700000762939453,3.708250045776367,30.436433792114258,118.5999984741211,58.29999923706055,69.55000305175781,50.41666793823242,36.59000015258789,182.0,51.09000015258789,61.81999969482422,51.84000015258789,32.85499954223633,23.43000030517578,77.11000061035156,81.05000305175781,8406300,151005900,3571500,413400,29290000,66429700,10562700,16056100,13140900,7197100,8373900,4531400,2679400,17192000,5765200,13711100,2899900,3672800,7971717,6378500,32635800,612612000,17479641,1434600,10126500,10227700,1262700,6537700,3783600,5235400,4378200,17022400,45884200,83049100,4415700,13096500
2017-06-08,47.294429779052734,12.899999618530273,123.96717071533203,124.34158325195312,19.835752487182617,18.750974655151367,38.36301040649414,47.444583892822266,32.36088562011719,70.87525177001953,22.14273452758789,64.599853515625,181.18338012695312,30.217552185058594,102.57420349121094,66.83850860595703,69.95606994628906,40.64042282104492,45.69424819946289,33.97606658935547,31.648067474365234,3.9477639198303223,20.04540252685547,89.29277801513672,45.998878479003906,53.1408805847168,47.131858825683594,29.349218368530273,156.85073852539062,36.77674102783203,44.56911087036133,41.03505325317383,22.139738082885742,20.138307571411133,66.1998062133789,54.13715362548828,68.76000213623047,12.899999618530273,162.64999389648438,135.00999450683594,25.4950008392334,22.969999313354492,52.849998474121094,63.209999084472656,43.06999969482422,104.0,31.489999771118164,88.11000061035156,218.75999450683594,36.47999954223633,130.5500030517578,84.94999694824219,80.0999984741211,53.43000030517578,60.30534362792969,44.099998474121094,32.45000076293945,3.998500108718872,30.123340606689453,121.01000213623047,58.119998931884766,68.30999755859375,51.46333312988281,36.83000183105469,181.69000244140625,51.779998779296875,63.18000030517578,52.560001373291016,32.43000030517578,23.84000015258789,77.0,80.62000274658203,69.05000305175781,12.90999984741211,163.1699981689453,135.08999633789062,25.610000610351562,23.209999084472656,53.36000061035156,63.81999969482422,43.849998474121094,104.73999786376953,32.2400016784668,88.80000305175781,221.0,36.529998779296875,131.39999389648438,85.7300033569336,80.45999908447266,53.959999084472656,61.3072509765625,44.720001220703125,32.86000061035156,4.0,30.455408096313477,122.29000091552734,58.150001525878906,69.11000061035156,51.483333587646484,36.900001525878906,183.75999450683594,52.18000030517578,64.1500015258789,53.029998779296875,32.66999816894531,24.010000228881836,77.36000061035156,81.08000183105469,68.33000183105469,12.399999618530273,161.41000366210938,133.66000366210938,25.23200035095215,22.600000381469727,52.54999923706055,61.720001220703125,43.02000045776367,103.44000244140625,31.459999084472656,87.62000274658203,214.6300048828125,36.15999984741211,129.9600067138672,83.88999938964844,79.33999633789062,52.86000061035156,59.95228958129883,43.150001525878906,31.8799991607666,3.7947499752044678,30.04743766784668,119.41000366210938,57.61000061035156,68.2300033569336,50.5099983215332,36.540000915527344,180.97999572753906,51.02000045776367,62.16999816894531,51.880001068115234,32.36000061035156,23.549999237060547,76.80000305175781,80.48999786376953,68.75,12.8100004196167,161.97999572753906,134.50999450683594,25.5,22.6200008392334,52.56999969482422,61.880001068115234,43.560001373291016,103.7699966430664,31.920000076293945,88.1500015258789,215.77999877929688,36.34000015258789,130.75,83.91000366210938,79.38999938964844,52.970001220703125,61.125953674316406,43.279998779296875,32.84000015258789,3.8364999294281006,30.360530853271484,119.9000015258789,57.77000045776367,68.66999816894531,50.95000076293945,36.75,183.2100067138672,51.13999938964844,62.29999923706055,52.09000015258789,32.369998931884766,23.56999969482422,77.16999816894531,80.91000366210938,6082500,89515100,3555100,312400,28273000,93685900,8687200,25925700,9179500,6493600,6004600,3498800,3765600,17154200,8101700,17951000,4610400,4652000,19411056,11032500,29156500,1161744000,35620773,3149100,10322200,7739800,1617600,7593900,3079900,7334300,5021300,22644200,39138600,77987000,6304400,11720700
2017-06-09,47.920345306396484,12.279999732971191,125.04186248779297,119.75509643554688,18.93246078491211,19.32239532470703,39.01631546020508,48.375328063964844,33.675758361816406,72.51082611083984,22.909181594848633,66.04422760009766,184.2312774658203,29.579734802246094,103.34418487548828,68.41999053955078,70.77702331542969,41.614017486572266,46.55463409423828,34.60012435913086,29.84379005432129,3.6925442218780518,20.689373016357422,90.88663482666016,45.15202713012695,54.2066650390625,45.15061950683594,28.520462036132812,156.6521759033203,37.56511688232422,46.03643035888672,42.003135681152344,22.672237396240234,20.518436431884766,66.64685821533203,55.15110397338867,69.66999816894531,12.279999732971191,164.05999755859375,130.02999877929688,24.333999633789062,23.670000076293945,53.75,64.44999694824219,44.81999969482422,106.4000015258789,32.58000183105469,90.08000183105469,222.44000244140625,35.709999084472656,131.52999877929688,86.95999908447266,81.04000091552734,54.709999084472656,61.44084167480469,44.90999984741211,30.600000381469727,3.740000009536743,31.091081619262695,123.16999816894531,57.04999923706055,69.68000030517578,49.29999923706055,35.790000915527344,181.4600067138672,52.88999938964844,65.26000213623047,53.79999923706055,33.209999084472656,24.290000915527344,77.5199966430664,82.12999725341797,69.83000183105469,13.399999618530273,166.13999938964844,134.4499969482422,25.600000381469727,23.670000076293945,54.18000030517578,64.73999786376953,44.939998626708984,106.48999786376953,32.779998779296875,90.80999755859375,223.85000610351562,36.560001373291016,131.6999969482422,87.05000305175781,81.19000244140625,54.970001220703125,61.488548278808594,45.349998474121094,32.93000030517578,4.212500095367432,31.119544982910156,123.7699966430664,58.4900016784668,70.38999938964844,51.983333587646484,36.70000076293945,182.39999389648438,53.02000045776367,65.76000213623047,53.95000076293945,33.31999969482422,24.329999923706055,77.76000213623047,82.13999938964844,68.72000122070312,11.630000114440918,162.6300048828125,128.66000366210938,24.145000457763672,23.209999084472656,52.650001525878906,63.5099983215332,43.06999969482422,104.01000213623047,31.3799991607666,88.04000091552734,219.75,35.310001373291016,130.30999755859375,85.38999938964844,79.69999694824219,53.459999084472656,60.24809265136719,44.36000061035156,29.549999237060547,3.5687499046325684,30.11385154724121,121.79000091552734,56.7400016784668,68.31999969482422,48.3033332824707,35.20000076293945,180.86000061035156,52.06999969482422,62.88999938964844,52.79999923706055,32.5,23.969999313354492,77.0,80.69000244140625,68.80000305175781,13.100000381469727,162.75,134.22999572753906,25.551000595092773,23.219999313354492,52.77000045776367,63.84000015258789,43.099998474121094,104.01000213623047,31.56999969482422,88.33000183105469,220.8300018310547,36.5,130.3699951171875,85.51000213623047,80.0999984741211,53.54999923706055,60.30534362792969,44.36000061035156,32.66999816894531,4.118500232696533,30.180265426635742,121.79000091552734,58.369998931884766,68.3499984741211,51.84000015258789,36.58000183105469,181.83999633789062,52.099998474121094,63.0099983215332,52.86000061035156,32.505001068115234,23.989999771118164,77.0999984741211,81.1500015258789,6159800,167454400,4086800,1203900,58191000,108254300,7553100,31488800,10412900,6595600,6913600,4507800,4455400,33322100,5992500,19120200,4599300,9652000,11266419,13489900,53064200,3692928000,31764609,2105400,13624800,8141100,5103600,12040100,2392200,8279900,6201200,25750000,46368400,133216200,13419000,13553900
2017-06-12,47.82405090332031,12.09000015258789,125.66683197021484,118.88017272949219,18.880332946777344,19.412200927734375,39.45909881591797,48.27775573730469,34.35196304321289,73.62846374511719,23.00762939453125,65.89759063720703,183.7923583984375,29.596309661865234,103.5720443725586,68.43572998046875,70.65474700927734,41.43147659301758,46.55463409423828,34.553897857666016,30.428958892822266,3.701676845550537,20.645185470581055,90.64313507080078,45.50027084350586,53.918827056884766,44.8911247253418,28.082178115844727,154.74429321289062,37.53670120239258,46.50200271606445,42.229557037353516,22.832677841186523,20.5606689453125,66.56088256835938,55.68831253051758,69.52999877929688,12.09000015258789,164.8800048828125,129.0800018310547,24.267000198364258,23.780000686645508,54.36000061035156,64.31999969482422,45.720001220703125,108.04000091552734,32.720001220703125,89.87999725341797,221.91000366210938,35.72999954223633,131.82000732421875,86.9800033569336,80.9000015258789,54.470001220703125,61.44084167480469,44.849998474121094,31.200000762939453,3.7492499351501465,31.024667739868164,122.83999633789062,57.4900016784668,69.30999755859375,49.016666412353516,35.2400016784668,179.25,52.849998474121094,65.91999816894531,54.09000015258789,33.44499969482422,24.34000015258789,77.41999816894531,82.93000030517578,69.9000015258789,12.350000381469727,167.22999572753906,129.57000732421875,24.31100082397461,24.040000915527344,54.36000061035156,65.4000015258789,46.040000915527344,108.43000030517578,33.59000015258789,91.9800033569336,225.22999572753906,36.0099983215332,131.8300018310547,87.73999786376953,81.29000091552734,55.20000076293945,61.71755599975586,45.5,31.690000534057617,3.7925000190734863,31.39468765258789,124.0999984741211,57.68000030517578,70.69000244140625,49.1966667175293,35.790000915527344,181.82000732421875,53.459999084472656,66.83000183105469,54.59000015258789,33.775001525878906,24.510000228881836,77.73999786376953,83.69000244140625,69.25,11.270000457763672,163.27999877929688,126.02999877929688,23.575000762939453,23.729999542236328,53.4900016784668,64.06999969482422,45.25,106.4000015258789,32.599998474121094,89.51000213623047,221.91000366210938,35.40999984741211,131.4199981689453,86.88999938964844,80.83999633789062,53.849998474121094,61.25954055786133,44.380001068115234,29.209999084472656,3.5527501106262207,31.024667739868164,121.86000061035156,56.47999954223633,69.06999969482422,47.60333251953125,35.0099983215332,176.4199981689453,52.849998474121094,65.26000213623047,53.939998626708984,33.375,24.200000762939453,77.05000305175781,82.12999725341797,69.79000091552734,11.75,165.0,129.22000122070312,24.040000915527344,23.81999969482422,53.75,64.51000213623047,45.25,106.4000015258789,33.060001373291016,91.26000213623047,223.6300048828125,35.59000015258789,131.52999877929688,86.95999908447266,80.95999908447266,54.709999084472656,61.44084167480469,44.90999984741211,30.059999465942383,3.6470000743865967,31.091081619262695,123.18000030517578,56.52000045776367,70.25,48.68333435058594,35.790000915527344,181.4600067138672,53.029998779296875,65.26000213623047,53.97999954223633,33.505001068115234,24.34000015258789,77.45999908447266,82.12999725341797,6084300,125781800,4344500,1941400,54872000,85829900,8766700,27444400,13550400,8690600,5624500,3812500,3388200,28488300,8020700,16053400,2842400,6217100,9851514,10384200,46550900,1697532000,30435515,2944500,9985100,7999200,5277300,11057000,3705600,9095600,6725900,22791400,45848800,86644400,7700600,18172900
2017-06-13,47.920345306396484,11.960000038146973,125.3238296508789,121.50495910644531,18.901344299316406,19.40403175354004,39.3357048034668,48.55546951293945,34.88542938232422,73.68981170654297,23.59232521057129,66.39611053466797,185.68894958496094,29.720565795898438,103.72917175292969,68.66387939453125,70.96044158935547,41.857425689697266,46.08121109008789,34.78502655029297,30.76055908203125,3.736973285675049,20.56942367553711,91.35889434814453,45.53984451293945,53.949947357177734,45.196388244628906,28.33717918395996,156.2982635498047,37.600616455078125,46.932315826416016,42.5106086730957,23.003345489501953,20.67048454284668,66.69845581054688,55.708465576171875,69.66999816894531,11.960000038146973,164.42999267578125,131.92999267578125,24.29400062561035,23.770000457763672,54.189998626708984,64.69000244140625,46.43000030517578,108.12999725341797,33.4900016784668,90.55999755859375,224.1999969482422,35.880001068115234,132.02000427246094,87.2699966430664,81.25,55.029998779296875,60.372135162353516,45.150001525878906,31.540000915527344,3.7850000858306885,30.910816192626953,123.80999755859375,57.540000915527344,69.3499984741211,49.349998474121094,35.560001373291016,181.0500030517578,52.939998626708984,66.52999877929688,54.45000076293945,33.69499969482422,24.469999313354492,77.58000183105469,82.95999908447266,70.02999877929688,12.479999542236328,165.08999633789062,132.08999633789062,24.791000366210938,24.110000610351562,54.31999969482422,65.26000213623047,46.65999984741211,108.48999786376953,33.5,90.69999694824219,226.8000030517578,35.95000076293945,132.72999572753906,87.8499984741211,81.29000091552734,55.04999923706055,60.91603088378906,45.97999954223633,32.2400016784668,3.8692500591278076,31.100568771362305,124.23999786376953,58.06999969482422,69.69999694824219,49.83333206176758,35.59000015258789,181.38999938964844,53.27000045776367,66.9800033569336,54.689998626708984,33.7400016784668,24.549999237060547,77.68000030517578,83.2699966430664,69.41999816894531,11.670000076293945,163.77000427246094,130.35000610351562,24.16699981689453,23.65999984741211,53.900001525878906,64.33000183105469,45.61000061035156,107.16000366210938,32.58000183105469,89.51000213623047,222.77000427246094,35.529998779296875,131.39999389648438,86.9800033569336,80.23999786376953,54.34000015258789,60.143131256103516,45.04999923706055,30.770000457763672,3.641249895095825,30.85388946533203,122.75,57.5,68.83999633789062,48.746665954589844,35.25,179.14999389648438,52.779998779296875,65.54000091552734,54.279998779296875,33.3849983215332,24.399999618530273,77.30999755859375,82.56999969482422,69.62000274658203,12.329999923706055,164.47000122070312,131.1999969482422,24.496000289916992,23.950000762939453,54.189998626708984,64.87999725341797,45.720001220703125,108.33999633789062,32.709999084472656,90.05000305175781,223.35000610351562,35.68000030517578,131.75,87.55000305175781,81.20999908447266,54.47999954223633,60.81106948852539,45.06999969482422,31.75,3.859999895095825,31.034156799316406,123.38999938964844,57.95000076293945,69.30999755859375,49.76333236694336,35.459999084472656,179.2100067138672,53.029998779296875,65.83000183105469,54.349998474121094,33.54499816894531,24.469999313354492,77.48999786376953,82.8499984741211,5269000,87302300,2568200,1373900,30853000,68047300,4776800,18749000,8601000,6099700,4478000,2573100,2767800,20588200,5733800,12557200,4492900,3303700,12631544,9857800,33767900,1672504000,18093913,2242200,7111500,7882700,3216600,4969400,2458500,7565500,4336400,17966000,31615800,94978600,5592500,12175500
2017-06-14,48.5049934387207,11.770000457763672,125.8344955444336,119.86558532714844,18.714622497558594,19.395875930786133,39.57524490356445,48.57798767089844,34.12656021118164,72.64710998535156,22.676528930664062,65.20108032226562,187.60215759277344,29.43063735961914,104.31848907470703,68.52222442626953,71.26610565185547,40.579559326171875,46.154048919677734,34.60012435913086,30.292417526245117,3.7448723316192627,20.638870239257812,91.4769515991211,45.12037658691406,53.03976058959961,44.72321701049805,28.408899307250977,157.4291229248047,37.529598236083984,45.67665481567383,42.57307434082031,22.586904525756836,20.70427703857422,67.01655578613281,55.110816955566406,70.5199966430664,11.770000457763672,165.10000610351562,130.14999389648438,24.054000854492188,23.760000228881836,54.52000045776367,64.72000122070312,45.41999816894531,106.5999984741211,32.189998626708984,88.93000030517578,226.50999450683594,35.529998779296875,132.77000427246094,87.08999633789062,81.5999984741211,53.349998474121094,60.46755599975586,44.90999984741211,31.059999465942383,3.7929999828338623,31.015180587768555,123.97000122070312,57.0099983215332,68.18000030517578,48.83333206176758,35.650001525878906,182.36000061035156,52.84000015258789,64.75,54.529998779296875,33.084999084472656,24.510000228881836,77.94999694824219,82.06999969482422,70.79000091552734,12.050000190734863,165.8800048828125,132.5500030517578,24.4950008392334,23.809999465942383,54.810001373291016,64.91999816894531,46.11000061035156,107.98999786376953,33.29999923706055,90.05000305175781,226.94000244140625,36.04999923706055,133.55999755859375,87.30999755859375,81.61000061035156,54.900001525878906,60.725189208984375,45.119998931884766,31.790000915527344,3.8515000343322754,31.081594467163086,124.0999984741211,57.970001220703125,69.08999633789062,49.5533332824707,35.77000045776367,182.83999633789062,52.91999816894531,66.52999877929688,54.63999938964844,33.60499954223633,24.540000915527344,78.16999816894531,82.81999969482422,69.37000274658203,11.649999618530273,163.97000122070312,129.0399932861328,23.76300048828125,23.200000762939453,54.130001068115234,63.5,45.189998626708984,105.73999786376953,31.75,87.83999633789062,221.75999450683594,35.220001220703125,132.50999450683594,85.81999969482422,80.7699966430664,53.290000915527344,60.13358688354492,44.220001220703125,30.850000381469727,3.7125000953674316,30.796964645385742,121.55000305175781,56.66999816894531,67.33999633789062,48.290000915527344,35.369998931884766,180.94000244140625,51.970001220703125,64.12000274658203,53.56999969482422,32.83000183105469,24.1299991607666,77.68000030517578,81.55999755859375,69.4800033569336,11.90999984741211,164.36000061035156,132.41000366210938,24.35700035095215,23.549999237060547,54.2400016784668,64.25,46.060001373291016,107.91000366210938,33.29999923706055,90.02999877929688,222.99000549316406,35.9900016784668,132.50999450683594,86.7699966430664,80.9000015258789,54.869998931884766,60.13358688354492,44.56999969482422,31.780000686645508,3.7880001068115234,30.920303344726562,122.79000091552734,57.70000076293945,69.05999755859375,49.5533332824707,35.470001220703125,180.94000244140625,52.540000915527344,66.41999816894531,54.09000015258789,33.60499954223633,24.260000228881836,77.70999908447266,82.80999755859375,6639100,51909400,2594800,857700,34509000,102352400,5622400,20791600,7069600,6202300,7083700,4054900,3652900,19149000,7329400,16175700,4025600,5523800,10834853,11796300,28935000,1184640000,14568177,1952600,6740000,10261300,2112300,7016400,2039300,7405300,6431000,16575000,60560400,117605800,6782300,13714000
2017-06-15,48.560001373291016,11.5,125.0799789428711,117.49869537353516,18.59507179260254,19.216285705566406,39.40102767944336,48.11260986328125,34.10401916503906,72.463134765625,22.183412551879883,63.81535720825195,184.8855743408203,29.248411178588867,104.53060150146484,68.1131362915039,71.65911865234375,40.305747985839844,46.022945404052734,34.430625915527344,29.804771423339844,3.7609152793884277,20.714630126953125,90.73907470703125,45.05706024169922,52.378517150878906,44.36909484863281,28.24155044555664,156.3628692626953,37.20289993286133,45.63432693481445,42.081207275390625,22.416231155395508,20.619802474975586,66.94779968261719,55.2384033203125,70.5999984741211,11.5,164.11000061035156,127.58000183105469,23.798999786376953,23.540000915527344,54.279998779296875,64.0999984741211,45.38999938964844,106.33000183105469,31.489999771118164,87.04000091552734,223.22999572753906,35.310001373291016,133.0399932861328,86.56999969482422,82.05000305175781,52.9900016784668,60.29580307006836,44.689998626708984,30.559999465942383,3.8092501163482666,31.129032135009766,122.97000122070312,56.93000030517578,67.33000183105469,48.4466667175293,35.439998626708984,180.3800048828125,52.380001068115234,64.69000244140625,53.900001525878906,32.834999084472656,24.40999984741211,77.87000274658203,82.26000213623047,70.6500015258789,11.579999923706055,164.89999389648438,128.14999389648438,23.948999404907227,23.950000762939453,54.72999954223633,64.94000244140625,45.849998474121094,106.80000305175781,32.40999984741211,89.1500015258789,226.35000610351562,35.47999954223633,133.35000610351562,87.08000183105469,82.1500015258789,53.33000183105469,60.53435134887695,45.08000183105469,30.969999313354492,3.8399999141693115,31.33776092529297,124.56999969482422,57.16999816894531,68.08000183105469,48.5966682434082,35.470001220703125,183.5,52.900001525878906,65.0,54.45000076293945,33.099998474121094,24.540000915527344,77.93000030517578,82.4000015258789,69.87999725341797,11.210000038146973,162.5500030517578,127.0,23.527000427246094,23.469999313354492,54.02000045776367,63.939998626708984,44.900001525878906,105.87000274658203,31.280000686645508,86.56999969482422,222.8000030517578,35.13999938964844,131.80999755859375,86.23999786376953,80.95999908447266,52.7599983215332,60.0,44.41999816894531,30.079999923706055,3.6624999046325684,30.891841888427734,122.63999938964844,56.400001525878906,67.0,47.95333480834961,35.0099983215332,180.08999633789062,52.29999923706055,64.1500015258789,53.810001373291016,32.689998626708984,24.309999465942383,77.44000244140625,81.58000183105469,70.33999633789062,11.34000015258789,164.24000549316406,127.87000274658203,23.534000396728516,23.549999237060547,54.4900016784668,64.30999755859375,45.36000061035156,106.5,31.969999313354492,88.86000061035156,224.80999755859375,35.209999084472656,132.0,86.25,81.38999938964844,53.099998474121094,60.40076446533203,44.47999954223633,30.469999313354492,3.6740000247955322,30.948766708374023,123.27999877929688,56.41999816894531,67.95999908447266,48.016666412353516,35.11000061035156,181.75,52.58000183105469,64.45999908447266,54.040000915527344,32.935001373291016,24.329999923706055,77.6500015258789,81.77999877929688,4682700,61666000,3585000,1551700,27527000,69707500,5679700,15111500,9672500,5441400,5194300,4362000,3378900,20410000,5265000,12509700,3484800,4004500,8244406,6904900,33670600,963824000,19952115,1723300,5416600,9465900,3531900,4623300,3078700,7117200,3974100,17232300,38517800,59547700,8186000,11862600
2017-06-16,48.86955261230469,11.4399995803833,123.79192352294922,119.38670349121094,18.459115982055664,19.126483917236328,39.53169631958008,47.95498275756836,34.9605598449707,73.83973693847656,22.37360382080078,64.90045166015625,183.70947265625,29.165576934814453,105.55988311767578,67.80628204345703,71.51065826416016,40.89902877807617,45.86271667480469,34.26882553100586,29.122074127197266,3.742403030395508,20.815643310546875,90.39962768554688,44.970001220703125,53.35093688964844,44.192039489746094,28.584213256835938,157.44647216796875,37.1247673034668,46.417362213134766,42.07341003417969,22.787080764770508,20.596906661987305,67.05825805664062,56.06437683105469,71.05000305175781,11.4399995803833,162.4199981689453,129.6300048828125,23.625,23.43000030517578,54.459999084472656,63.88999938964844,46.529998779296875,108.3499984741211,31.760000228881836,88.5199966430664,221.80999755859375,35.209999084472656,134.35000610351562,86.18000030517578,81.87999725341797,53.77000045776367,60.08587646484375,44.47999954223633,29.860000610351562,3.7904999256134033,31.280834197998047,122.51000213623047,56.81999969482422,68.58000183105469,48.253334045410156,35.869998931884766,181.6300048828125,52.27000045776367,65.80000305175781,53.88999938964844,33.150001525878906,24.290000915527344,77.69000244140625,83.48999786376953,71.12000274658203,11.829999923706055,164.10000610351562,130.08999633789062,23.94300079345703,23.6200008392334,54.599998474121094,64.2300033569336,46.66999816894531,108.36000061035156,31.770000457763672,88.58999633789062,223.6699981689453,35.33000183105469,134.60000610351562,86.95999908447266,82.55999755859375,53.77000045776367,60.79198455810547,44.84000015258789,31.0,3.867500066757202,31.43263816833496,123.0999984741211,57.0099983215332,68.58000183105469,48.810001373291016,35.95000076293945,182.4600067138672,52.58000183105469,66.04000091552734,54.2400016784668,33.165000915527344,24.3700008392334,77.8499984741211,83.54000091552734,70.48999786376953,11.279999732971191,161.1300048828125,128.77999877929688,23.51300048828125,23.3700008392334,53.61000061035156,63.709999084472656,45.61000061035156,106.20999908447266,31.260000228881836,87.06999969482422,221.1300048828125,35.0099983215332,133.0399932861328,86.0199966430664,81.66000366210938,53.0099983215332,59.818702697753906,44.2400016784668,29.81999969482422,3.75600004196167,31.129032135009766,121.9000015258789,56.349998474121094,67.05000305175781,48.10333251953125,35.720001220703125,180.3800048828125,52.0099983215332,64.63999938964844,53.650001525878906,32.595001220703125,24.219999313354492,77.27999877929688,82.19999694824219,70.80000305175781,11.65999984741211,163.83999633789062,129.1999969482422,23.89299964904785,23.559999465942383,54.52000045776367,64.16000366210938,45.81999969482422,106.94000244140625,31.739999771118164,87.56999969482422,222.64999389648438,35.279998779296875,133.72000122070312,86.8499984741211,82.23999786376953,53.310001373291016,60.36259460449219,44.77000045776367,30.6299991607666,3.819000005722046,31.29032325744629,122.86000061035156,56.97999954223633,67.5999984741211,48.573333740234375,35.869998931884766,180.8300018310547,52.54999923706055,65.0,53.93000030517578,32.80500030517578,24.309999465942383,77.66000366210938,82.61000061035156,9342300,59779500,5887200,925300,35819000,57745800,12535400,19549900,11639600,11633900,6384800,4767000,3758300,30762800,12639600,16936600,4903200,6775900,15617296,9483200,42881700,924960000,33600044,2255000,14555600,10179200,1588800,7432400,4473300,9778900,6522500,23492700,49242000,53818800,14165200,39726100
2017-06-19,49.068992614746094,11.930000305175781,125.82694244384766,121.0628662109375,18.84196662902832,19.51832389831543,40.083370208740234,48.3978385925293,34.83283233642578,73.23322296142578,22.063648223876953,64.5705337524414,187.28744506835938,29.414073944091797,105.3398666381836,69.29329681396484,71.91236877441406,41.2945556640625,46.37982940673828,35.224159240722656,30.428958892822266,3.8830957412719727,20.973485946655273,91.34413146972656,45.59524917602539,52.97750473022461,45.03154754638672,28.855159759521484,158.65139770507812,37.33784103393555,46.98875427246094,42.34665298461914,22.64272689819336,20.80889129638672,67.75741577148438,55.574161529541016,71.33999633789062,11.930000305175781,165.08999633789062,131.4499969482422,24.114999771118164,23.90999984741211,55.220001220703125,64.4800033569336,46.36000061035156,107.45999908447266,31.31999969482422,88.06999969482422,226.1300048828125,35.5099983215332,134.07000732421875,88.06999969482422,82.33999633789062,54.290000915527344,60.76335906982422,45.720001220703125,31.200000762939453,3.933000087738037,31.51802635192871,123.79000091552734,57.61000061035156,68.0999984741211,49.16999816894531,36.209999084472656,183.02000427246094,52.56999969482422,66.61000061035156,54.2400016784668,32.939998626708984,24.540000915527344,78.5,82.76000213623047,71.58999633789062,12.119999885559082,165.22000122070312,131.82000732421875,24.481000900268555,24.0,55.369998931884766,64.88999938964844,46.720001220703125,108.37999725341797,31.90999984741211,89.01000213623047,227.0399932861328,35.61000061035156,134.67999267578125,88.2300033569336,82.76000213623047,54.369998931884766,60.88740539550781,45.90999984741211,31.25,3.9382500648498535,31.546489715576172,124.58000183105469,57.65999984741211,68.77999877929688,49.25,36.36000061035156,183.02000427246094,52.84000015258789,66.94999694824219,54.63999938964844,33.14500045776367,24.59000015258789,78.56999969482422,83.48999786376953,70.94000244140625,11.619999885559082,162.69000244140625,130.77999877929688,24.03499984741211,23.600000381469727,54.31999969482422,64.26000213623047,46.220001220703125,107.13999938964844,31.219999313354492,87.95999908447266,223.11000061035156,35.31999969482422,133.49000549316406,86.8499984741211,81.87000274658203,53.810001373291016,60.13358688354492,44.83000183105469,30.329999923706055,3.8315000534057617,31.223909378051758,123.08000183105469,56.90999984741211,67.9000015258789,48.746665954589844,36.06999969482422,180.75999450683594,52.470001220703125,65.75,54.119998931884766,32.85499954223633,24.420000076293945,77.76000213623047,82.55000305175781,71.11000061035156,11.630000114440918,163.10000610351562,131.19000244140625,24.481000900268555,23.610000610351562,54.459999084472656,64.4000015258789,46.540000915527344,108.30999755859375,31.81999969482422,88.37000274658203,223.42999267578125,35.61000061035156,134.14999389648438,86.97000122070312,82.0199966430664,53.810001373291016,60.200382232666016,44.880001068115234,30.510000228881836,3.835249900817871,31.25237274169922,123.55000305175781,56.959999084472656,68.52999877929688,48.78666687011719,36.130001068115234,182.3000030517578,52.470001220703125,65.76000213623047,54.310001373291016,33.07500076293945,24.450000762939453,77.80000305175781,83.48999786376953,6396300,61803600,3043900,388000,28519000,58587800,6210600,13264800,6029900,4577800,4684800,2495400,2900900,21583800,7488700,15972300,2538000,3748000,8831391,9153900,24915000,778176000,21922146,1868200,7166200,5037600,1455600,4523700,3887100,4749500,4078300,15367300,31356800,58041300,8294400,10445700
2017-06-20,48.98646545410156,12.640000343322754,126.74147033691406,118.33679962158203,18.751340866088867,19.175466537475586,40.40275573730469,47.970001220703125,34.4271125793457,72.56535339355469,21.9509334564209,64.40925598144531,186.43435668945312,28.875654220581055,105.45771026611328,68.8605728149414,72.27046966552734,40.19924545288086,46.99891662597656,35.054664611816406,30.068099975585938,3.877418279647827,21.18814468383789,90.7537841796875,44.94625473022461,51.92729568481445,44.52479553222656,28.791414260864258,158.86813354492188,37.17448043823242,46.3115348815918,41.73768615722656,22.35403060913086,20.630826950073242,67.9818115234375,55.2719841003418,71.22000122070312,12.640000343322754,166.2899932861328,128.49000549316406,23.999000549316406,23.489999771118164,55.65999984741211,63.90999984741211,45.81999969482422,106.4800033569336,31.15999984741211,87.8499984741211,225.10000610351562,34.86000061035156,134.22000122070312,87.5199966430664,82.75,52.849998474121094,61.57442855834961,45.5,30.829999923706055,3.9272499084472656,31.840606689453125,122.98999786376953,56.790000915527344,66.75,48.616668701171875,36.130001068115234,183.27000427246094,52.34000015258789,65.6500015258789,53.459999084472656,32.52000045776367,24.329999923706055,78.76000213623047,82.30999755859375,71.80999755859375,12.930000305175781,168.6999969482422,131.05999755859375,24.364999771118164,23.989999771118164,56.40999984741211,64.41999816894531,46.040000915527344,106.5999984741211,31.389999389648438,88.29000091552734,226.5399932861328,35.45000076293945,134.75999450683594,87.91999816894531,83.68000030517578,53.810001373291016,61.98473358154297,45.720001220703125,31.579999923706055,4.043499946594238,32.0208740234375,123.93000030517578,57.61000061035156,67.05000305175781,49.4900016784668,36.7400016784668,183.4199981689453,52.720001220703125,66.37000274658203,54.099998474121094,32.61000061035156,24.479999542236328,79.19000244140625,82.47000122070312,71.16000366210938,12.180000305175781,164.7899932861328,128.42999267578125,23.985000610351562,23.479999542236328,55.099998474121094,63.90999984741211,45.29999923706055,105.37999725341797,30.389999389648438,85.87999725341797,224.19000244140625,34.84000015258789,133.89999389648438,87.37000274658203,82.22000122070312,52.470001220703125,60.667938232421875,45.279998779296875,30.729999542236328,3.9230000972747803,31.45161247253418,122.94999694824219,56.5099983215332,66.04000091552734,48.606666564941406,36.119998931884766,182.22000122070312,52.25,65.1500015258789,53.43000030517578,32.154998779296875,24.31999969482422,78.45999908447266,81.41000366210938,71.44000244140625,12.1899995803833,165.42999267578125,130.6300048828125,24.200000762939453,23.90999984741211,55.27000045776367,64.30999755859375,45.40999984741211,106.25,30.709999084472656,86.79000091552734,225.50999450683594,35.45000076293945,133.89999389648438,87.75,82.22000122070312,53.65999984741211,60.76335906982422,45.47999954223633,31.399999618530273,3.975749969482422,31.5085391998291,123.66999816894531,57.459999084472656,67.05000305175781,49.43000030517578,36.52000045776367,182.75,52.36000061035156,65.94999694824219,54.060001373291016,32.560001373291016,24.459999084472656,78.48999786376953,82.06999969482422,6542800,118001500,3857900,604100,24429000,59693500,7461100,12162800,7739600,5171200,5585100,3772100,2264200,21536500,5201200,11197800,3694700,4838600,10755624,6680500,25793300,1095444000,27473775,1851300,8181600,9580000,1193100,4987400,2742600,5059000,3634100,13622200,32126800,45689600,7697200,13232600
2017-06-21,49.068992614746094,13.979999542236328,130.59812927246094,120.12348937988281,19.15216064453125,18.8815860748291,40.70037841796875,47.90995788574219,33.773433685302734,71.20916748046875,21.239431381225586,63.87400817871094,184.2727508544922,28.643728256225586,105.99989318847656,68.54585266113281,72.17440795898438,39.34735870361328,47.676265716552734,34.60012435913086,31.218944549560547,3.9361629486083984,21.390178680419922,90.26680755615234,44.58220291137695,50.93156433105469,45.04070281982422,29.253589630126953,160.2984161376953,36.93299865722656,45.627262115478516,41.36293029785156,21.99314308166504,20.46122932434082,68.8449935913086,54.687767028808594,71.33999633789062,13.979999542236328,171.35000610351562,130.42999267578125,24.511999130249023,23.1299991607666,56.06999969482422,63.83000183105469,44.95000076293945,104.48999786376953,30.149999618530273,87.12000274658203,222.49000549316406,34.58000183105469,134.91000366210938,87.12000274658203,82.63999938964844,51.72999954223633,62.461830139160156,44.90999984741211,32.0099983215332,3.9867498874664307,32.14421463012695,122.33000183105469,56.33000183105469,65.47000122070312,49.18000030517578,36.709999084472656,184.9199981689453,52.0,64.68000030517578,52.97999954223633,31.9950008392334,24.1299991607666,79.76000213623047,81.44000244140625,71.69999694824219,14.010000228881836,171.75999450683594,130.6300048828125,24.590999603271484,23.56999969482422,56.58000183105469,64.26000213623047,46.220001220703125,106.9000015258789,31.450000762939453,89.16999816894531,224.92999267578125,34.599998474121094,135.11000061035156,87.55000305175781,83.41000366210938,53.0,62.595420837402344,45.529998779296875,32.150001525878906,3.990499973297119,32.35293960571289,123.5,56.84000015258789,66.48999786376953,49.19333267211914,36.779998779296875,185.11000061035156,52.540000915527344,65.48999786376953,53.47999954223633,32.61000061035156,24.3700008392334,79.79000091552734,82.62999725341797,71.05000305175781,13.130000114440918,166.36000061035156,128.5,24.191999435424805,23.06999969482422,55.599998474121094,63.61000061035156,44.65999984741211,103.91999816894531,29.920000076293945,86.63999938964844,221.92999267578125,34.09000015258789,134.02000427246094,86.76000213623047,82.37999725341797,51.18000030517578,61.60305404663086,44.810001373291016,31.059999465942383,3.8924999237060547,31.859582901000977,121.7699966430664,56.119998931884766,65.26000213623047,48.64666748046875,36.209999084472656,182.7100067138672,51.939998626708984,63.77000045776367,52.79999923706055,31.81999969482422,24.1200008392334,78.87000274658203,81.13999938964844,71.11000061035156,13.359999656677246,167.1999969482422,128.5800018310547,24.357999801635742,23.5,55.75,63.88999938964844,45.81999969482422,105.88999938964844,31.1200008392334,88.0999984741211,224.5399932861328,34.33000183105469,134.2899932861328,87.4800033569336,83.0999984741211,52.93000030517578,61.60305404663086,45.45000076293945,31.18000030517578,3.9552500247955322,31.859582901000977,123.5,56.790000915527344,66.4800033569336,48.84333419799805,36.209999084472656,183.49000549316406,52.540000915527344,65.16999816894531,53.470001220703125,32.41999816894531,24.3700008392334,78.91999816894531,82.04000091552734,6096800,188796100,5490800,710600,34998000,72432800,8783600,13532800,10790300,6989400,6774500,4613500,3015300,27138500,5841100,10005900,3781400,5732100,11679960,7257600,30579000,682652000,27134492,1793500,8324900,11374200,1386900,6329400,2866300,4503000,5566100,12653700,54611000,51938200,9481200,11422300
2017-06-22,50.334590911865234,14.380000114440918,132.48065185546875,119.74589538574219,19.06777572631836,18.718324661254883,41.614990234375,47.75233459472656,33.66822052001953,71.18190002441406,21.14080810546875,64.29191589355469,182.01988220214844,28.46149444580078,106.89558410644531,68.4671859741211,73.63288879394531,38.92139434814453,48.08411407470703,34.368988037109375,31.101909637451172,3.9090118408203125,21.503820419311523,89.1082992553711,44.69300842285156,50.8537483215332,44.936912536621094,29.253589630126953,161.66806030273438,36.435813903808594,45.726036071777344,40.98038101196289,21.97939109802246,20.33403968811035,69.56139373779297,54.44601821899414,73.18000030517578,14.380000114440918,173.82000732421875,130.02000427246094,24.40399932861328,22.93000030517578,57.33000183105469,63.619998931884766,44.810001373291016,104.44999694824219,30.010000228881836,87.69000244140625,219.77000427246094,34.36000061035156,136.0500030517578,87.0199966430664,84.30999755859375,51.16999816894531,62.99618148803711,44.61000061035156,31.889999389648438,3.959249973297119,32.31499099731445,120.76000213623047,56.470001220703125,65.37000274658203,49.06666564941406,36.709999084472656,186.5,51.29999923706055,64.81999969482422,52.4900016784668,31.975000381469727,23.979999542236328,80.58999633789062,81.08000183105469,73.66999816894531,14.5,175.4499969482422,130.7899932861328,24.641000747680664,23.200000762939453,57.900001525878906,63.90999984741211,45.38999938964844,105.13999938964844,30.68000030517578,89.02999877929688,221.89999389648438,34.630001068115234,137.0,87.36000061035156,84.76000213623047,52.119998931884766,63.33015441894531,44.869998931884766,32.400001525878906,4.008500099182129,32.713470458984375,122.16999816894531,56.75,66.43000030517578,49.28666687011719,36.91999816894531,188.66000366210938,51.84000015258789,65.66000366210938,52.88999938964844,32.25,24.110000610351562,81.08000183105469,81.58000183105469,71.41000366210938,13.5600004196167,172.10000610351562,129.67999267578125,24.308000564575195,22.899999618530273,56.150001525878906,63.34000015258789,44.59000015258789,104.04000091552734,29.889999389648438,86.62999725341797,219.2899932861328,34.290000915527344,135.27000427246094,86.6500015258789,82.83999633789062,51.09000015258789,62.385494232177734,44.380001068115234,31.760000228881836,3.934999942779541,32.18216323852539,120.33999633789062,56.060001373291016,65.1500015258789,48.83333206176758,36.630001068115234,184.77999877929688,51.16999816894531,64.7699966430664,52.220001220703125,31.844999313354492,23.950000762939453,79.86000061035156,80.9000015258789,71.48999786376953,14.100000381469727,172.44000244140625,130.27999877929688,24.551000595092773,23.1200008392334,56.27000045776367,63.619998931884766,44.9900016784668,104.4800033569336,30.309999465942383,87.33999633789062,221.44000244140625,34.560001373291016,135.4499969482422,86.93000030517578,82.83999633789062,52.119998931884766,62.50954055786133,44.70000076293945,32.040000915527344,3.994999885559082,32.21062469482422,121.86000061035156,56.2400016784668,65.5,49.16666793823242,36.720001220703125,184.89999389648438,51.84000015258789,65.66000366210938,52.79999923706055,32.0099983215332,24.040000915527344,79.88999938964844,81.44999694824219,9998900,149594200,5745800,660400,18666000,64763300,8289600,11344700,8881300,4197400,5805400,3356600,3344600,24602900,7311000,12180600,4891600,4936200,14087111,7750500,23050800,469132000,23352529,1872100,5560100,8088000,1299900,6273400,3841300,6361400,3801400,15362200,30863200,58380200,12341100,8139900
2017-06-23,49.963172912597656,14.170000076293945,131.47459411621094,124.0008316040039,19.163105010986328,18.628524780273438,41.11412048339844,47.59471130371094,33.68326950073242,71.5567398071289,21.471899032592773,64.36524963378906,179.88308715820312,28.32067108154297,107.19414520263672,68.34130096435547,73.26609802246094,39.17239761352539,48.18607711791992,33.66019058227539,30.94586181640625,3.7969532012939453,21.573265075683594,88.2154541015625,45.04122543334961,51.289390563964844,45.07123565673828,29.26953125,160.58445739746094,36.05939483642578,46.54433822631836,40.94915771484375,22.127185821533203,20.25772476196289,69.45782470703125,54.80192565917969,72.63999938964844,14.170000076293945,172.5,134.63999938964844,24.525999069213867,22.81999969482422,56.63999938964844,63.40999984741211,44.83000183105469,105.0,30.479999542236328,87.79000091552734,217.19000244140625,34.189998626708984,136.42999267578125,86.86000061035156,83.88999938964844,51.5,63.1297721862793,43.689998626708984,31.729999542236328,3.845750093460083,32.41935348510742,119.55000305175781,56.90999984741211,65.93000030517578,49.21333312988281,36.72999954223633,185.25,50.77000045776367,65.9800033569336,52.45000076293945,32.189998626708984,23.889999389648438,80.47000122070312,81.61000061035156,73.48999786376953,14.670000076293945,174.1300048828125,135.4199981689453,24.687000274658203,23.110000610351562,57.36000061035156,64.18000030517578,45.310001373291016,105.41999816894531,30.6299991607666,88.2300033569336,220.69000244140625,34.54999923706055,136.50999450683594,88.0,84.33999633789062,51.650001525878906,63.34923553466797,44.72999954223633,32.08000183105469,3.9830000400543213,32.466793060302734,121.51000213623047,57.439998626708984,66.16000366210938,49.4900016784668,36.779998779296875,186.27000427246094,51.439998626708984,66.08000183105469,52.83000183105469,32.224998474121094,24.09000015258789,80.63999938964844,81.69000244140625,72.26000213623047,13.899999618530273,170.9600067138672,132.89999389648438,24.27899932861328,22.739999771118164,56.2400016784668,63.15999984741211,44.470001220703125,104.23999786376953,30.030000686645508,87.20999908447266,216.4600067138672,34.099998474121094,135.32000732421875,86.61000061035156,83.70999908447266,50.7400016784668,62.82442855834961,43.5099983215332,31.639999389648438,3.8304998874664307,32.2296028137207,118.88999938964844,56.56999969482422,65.1500015258789,48.91999816894531,36.540000915527344,184.13999938964844,50.58000183105469,64.58000183105469,52.31999969482422,31.889999389648438,23.809999465942383,80.16999816894531,80.76000213623047,73.19999694824219,14.149999618530273,173.24000549316406,132.94000244140625,24.354000091552734,23.110000610351562,57.27000045776367,64.05000305175781,44.790000915527344,104.25,30.09000015258789,87.61000061035156,220.5,34.209999084472656,135.4499969482422,87.66000366210938,84.12000274658203,51.189998626708984,63.01526641845703,44.70000076293945,31.889999389648438,3.9670000076293945,32.33396530151367,121.51000213623047,56.63999938964844,65.33000183105469,49.150001525878906,36.720001220703125,186.27000427246094,51.40999984741211,64.72000122070312,52.70000076293945,31.979999542236328,24.079999923706055,80.48999786376953,80.8499984741211,7064500,200777300,14368500,1276100,34985000,85399600,20794800,16395300,8483100,5773300,4161300,3733900,4448700,29260900,9007100,18812000,3928000,6052500,14769988,15915100,45323800,1088588000,31668800,2689500,11847900,7402500,973200,5558600,3438500,8689900,4915200,21868500,29111000,85352600,8779600,10611200
2017-06-26,50.03194046020508,14.079999923706055,132.36631774902344,123.20879364013672,18.96698570251465,18.685657501220703,41.3173713684082,47.872440338134766,33.232444763183594,70.97067260742188,21.640974044799805,64.07194519042969,182.5748291015625,28.221271514892578,107.12342834472656,68.6402816772461,73.60671997070312,39.04310607910156,48.01129150390625,33.89902877807617,31.696826934814453,3.755486011505127,21.491193771362305,88.82789611816406,44.76422119140625,51.25828170776367,44.683528900146484,29.729515075683594,160.47181701660156,36.2298469543457,46.58665466308594,41.30048370361328,22.07906723022461,20.36795997619629,69.38876342773438,54.553462982177734,72.73999786376953,14.079999923706055,173.6699981689453,133.77999877929688,24.274999618530273,22.889999389648438,56.91999816894531,63.779998779296875,44.22999954223633,104.13999938964844,30.719999313354492,87.38999938964844,220.44000244140625,34.06999969482422,136.33999633789062,87.23999786376953,84.27999877929688,51.33000183105469,62.90076446533203,44.0,32.5,3.8037500381469727,32.296016693115234,120.37999725341797,56.560001373291016,65.88999938964844,48.790000915527344,36.130001068115234,185.1199951171875,51.0099983215332,66.04000091552734,52.900001525878906,32.119998931884766,24.020000457763672,80.38999938964844,81.23999786376953,72.94000244140625,14.489999771118164,174.72000122070312,136.07000732421875,24.790000915527344,23.139999389648438,57.27000045776367,64.12000274658203,44.959999084472656,105.19000244140625,31.18000030517578,88.19000244140625,221.97000122070312,34.5099983215332,136.89999389648438,87.66999816894531,84.44999694824219,52.060001373291016,63.35877990722656,44.33000183105469,32.959999084472656,3.9149999618530273,32.457305908203125,120.97000122070312,57.689998626708984,66.4000015258789,49.7599983215332,36.52000045776367,185.88999938964844,51.29999923706055,66.4800033569336,53.43000030517578,32.349998474121094,24.1200008392334,80.69999694824219,81.75,72.41000366210938,13.84000015258789,172.41000366210938,133.66000366210938,24.1200008392334,22.729999542236328,56.349998474121094,63.209999084472656,44.060001373291016,104.02999877929688,30.280000686645508,86.81999969482422,217.6999969482422,34.029998779296875,136.1999969482422,86.62000274658203,83.66000366210938,51.25,62.814884185791016,43.47999954223633,31.950000762939453,3.708250045776367,32.2296028137207,119.41000366210938,56.209999084472656,65.52999877929688,48.529998779296875,35.91999816894531,183.38999938964844,50.77000045776367,65.76000213623047,52.59000015258789,31.989999771118164,23.860000610351562,80.2699966430664,80.91000366210938,72.79000091552734,14.390000343322754,173.38999938964844,135.80999755859375,24.599000930786133,22.90999984741211,56.720001220703125,63.54999923706055,44.93000030517578,105.02999877929688,30.700000762939453,88.04000091552734,218.25999450683594,34.2599983215332,136.47999572753906,87.01000213623047,84.08999633789062,51.63999938964844,63.1202278137207,43.959999084472656,32.45000076293945,3.878999948501587,32.40986633300781,119.98999786376953,57.09000015258789,66.11000061035156,49.49333190917969,36.439998626708984,185.1300048828125,50.93000030517578,66.18000030517578,52.72999954223633,32.290000915527344,23.940000534057617,80.69999694824219,81.56999969482422,4019500,101012500,3037600,978400,32103000,61307800,5595900,14978000,9047500,3602500,5088600,2547700,2589500,18854800,5561800,10082400,2952800,4827000,7940067,5780400,34750700,1063960000,14937604,2315900,7339100,8042700,1882800,10127200,2327400,5767800,3376800,12532800,27206800,60302300,7434400,7718700
2017-06-27,49.79120635986328,13.399999618530273,130.2169647216797,121.91016387939453,18.387229919433594,18.99587631225586,40.576969146728516,48.21019744873047,33.03710174560547,70.9229507446289,21.38032341003418,64.51921081542969,182.4423370361328,27.87337875366211,106.07844543457031,69.27757263183594,72.52375030517578,39.43862533569336,47.734519958496094,34.068519592285156,30.87759017944336,3.618002414703369,21.32072639465332,89.37396240234375,43.869895935058594,50.845970153808594,43.49001693725586,28.873748779296875,160.02102661132812,36.521053314208984,47.12982940673828,41.50346374511719,22.044692993164062,20.469709396362305,68.75868225097656,54.466163635253906,72.38999938964844,13.399999618530273,170.85000610351562,132.3699951171875,23.533000946044922,23.270000457763672,55.900001525878906,64.2300033569336,43.970001220703125,104.06999969482422,30.350000381469727,88.0,220.27999877929688,33.650001525878906,135.00999450683594,88.05000305175781,83.04000091552734,51.849998474121094,62.538169860839844,44.220001220703125,31.65999984741211,3.6644999980926514,32.03984832763672,121.12000274658203,55.43000030517578,65.36000061035156,47.369998931884766,35.09000015258789,184.60000610351562,51.41999816894531,66.80999755859375,53.15999984741211,32.06999969482422,24.139999389648438,79.66000366210938,81.11000061035156,73.05999755859375,14.039999961853027,173.9199981689453,134.89999389648438,24.198999404907227,23.600000381469727,56.86000061035156,64.86000061035156,44.630001068115234,104.88999938964844,31.0,88.83000183105469,222.41000366210938,34.150001525878906,136.72999572753906,88.94000244140625,84.33000183105469,52.349998474121094,63.23473358154297,44.7599983215332,32.66999816894531,3.7947499752044678,32.381404876708984,122.88999938964844,56.33000183105469,66.04000091552734,48.496665954589844,35.790000915527344,186.8000030517578,51.849998474121094,67.83999633789062,53.65999984741211,32.380001068115234,24.31999969482422,80.48999786376953,81.7300033569336,72.25,13.369999885559082,170.77000427246094,132.2899932861328,23.523000717163086,23.0,55.849998474121094,64.01000213623047,43.959999084472656,104.02999877929688,30.229999542236328,87.68000030517578,219.55999755859375,33.650001525878906,134.99000549316406,87.5,83.04000091552734,51.08000183105469,62.538169860839844,44.15999984741211,31.610000610351562,3.658750057220459,32.0208740234375,120.91999816894531,55.40999984741211,65.12999725341797,47.349998474121094,34.970001220703125,184.22000122070312,51.08000183105469,65.97000122070312,52.90999984741211,32.064998626708984,24.049999237060547,79.63999938964844,81.11000061035156,72.69999694824219,13.760000228881836,173.02000427246094,134.72000122070312,24.13599967956543,23.100000381469727,56.79999923706055,64.23999786376953,44.52000045776367,104.7300033569336,30.719999313354492,88.19000244140625,221.83999633789062,34.0,136.5,87.70999908447266,84.18000030517578,51.400001525878906,63.23473358154297,44.34000015258789,32.5099983215332,3.7860000133514404,32.381404876708984,121.31999969482422,56.290000915527344,65.6500015258789,48.496665954589844,35.790000915527344,185.72000122070312,51.209999084472656,66.0999984741211,53.02000045776367,32.23500061035156,24.110000610351562,80.38999938964844,81.44999694824219,4490600,89319700,2941500,1783600,33582000,88257800,5477500,16416300,8697100,4170300,9619000,3909200,2899400,27078900,6120500,15415200,2365800,3775100,8511437,8318800,33221500,999492000,16089942,1871200,6814400,6498400,1921500,8081100,2682800,5204000,5447300,13496300,28455000,75943400,8428000,9221600
2017-06-28,50.15576171875,13.229999542236328,132.67120361328125,124.32316589355469,18.834157943725586,19.493824005126953,40.55519485473633,48.923240661621094,33.02957534790039,71.06607055664062,21.52121353149414,65.26703643798828,184.8772735595703,28.328964233398438,105.14344787597656,70.67023468017578,72.57611846923828,40.024314880371094,47.457759857177734,34.14557647705078,31.443262100219727,3.745612621307373,21.30809783935547,91.05636596679688,44.44764709472656,50.76039505004883,44.24284744262695,29.087682723999023,160.97454833984375,37.12093734741211,47.59543228149414,42.416927337646484,22.164989471435547,20.791942596435547,69.1212158203125,54.748199462890625,72.91999816894531,13.229999542236328,174.07000732421875,134.99000549316406,24.104999542236328,23.8799991607666,55.869998931884766,65.18000030517578,43.959999084472656,104.27999877929688,30.549999237060547,89.0199966430664,223.22000122070312,34.20000076293945,133.82000732421875,89.81999969482422,83.0999984741211,52.619998931884766,62.17557144165039,44.31999969482422,32.2400016784668,3.793750047683716,32.0208740234375,123.4000015258789,56.15999984741211,65.25,48.189998626708984,35.349998474121094,185.6999969482422,51.97999954223633,67.47000122070312,54.33000183105469,32.244998931884766,24.520000457763672,80.08000183105469,81.52999877929688,73.54000091552734,13.699999809265137,174.5399932861328,135.27999877929688,24.17300033569336,23.959999084472656,56.380001068115234,65.36000061035156,44.34000015258789,104.9000015258789,30.969999313354492,89.54000091552734,224.6300048828125,34.2400016784668,136.1999969482422,90.06999969482422,83.91999816894531,52.86000061035156,62.88167953491211,44.79999923706055,32.279998779296875,3.7985000610351562,32.24857711791992,123.76000213623047,56.31999969482422,66.04000091552734,48.24333190917969,35.38999938964844,186.30999755859375,52.189998626708984,68.13999938964844,54.41999816894531,32.439998626708984,24.559999465942383,80.27999877929688,81.76000213623047,72.58000183105469,13.09000015258789,170.8300018310547,132.5,23.450000762939453,23.530000686645508,55.77000045776367,64.5199966430664,43.720001220703125,104.04000091552734,30.15999984741211,87.48999786376953,220.75,33.7400016784668,133.57000732421875,88.5999984741211,82.9000015258789,51.849998474121094,62.156490325927734,44.20000076293945,31.440000534057617,3.643749952316284,31.925996780395508,122.02999877929688,55.18000030517578,65.0999984741211,47.186668395996094,34.75,185.08999633789062,51.560001373291016,66.97000122070312,53.52000045776367,32.09000015258789,24.280000686645508,79.87999725341797,81.19000244140625,72.72000122070312,13.649999618530273,171.4199981689453,133.22000122070312,23.659000396728516,23.530000686645508,56.150001525878906,65.0,44.04999923706055,104.43000030517578,30.3799991607666,88.18000030517578,221.8699951171875,33.77000045776367,135.9499969482422,88.5999984741211,83.44999694824219,52.119998931884766,62.74809265136719,44.459999084472656,32.06999969482422,3.7330000400543213,32.12523651123047,122.19000244140625,55.400001525878906,65.44000244140625,47.643333435058594,35.27000045776367,185.67999267578125,51.560001373291016,67.13999938964844,53.61000061035156,32.11000061035156,24.299999237060547,79.91999816894531,81.41000366210938,4196200,85266900,2890500,773900,24533000,119049300,5126300,24015200,6983500,4162300,7398100,4508200,3482800,25940100,6557900,17466200,3035300,3171500,7056498,15848600,28415900,994948000,15594035,2580900,7542400,6243500,2285400,8306200,2451200,5272000,3336400,20961700,33719800,90097600,8674200,9189700
2017-06-29,49.85313034057617,12.600000381469727,131.54318237304688,119.35908508300781,18.286439895629883,19.853015899658203,40.51889419555664,50.2742919921875,33.119747161865234,70.95703887939453,22.408836364746094,65.98554992675781,185.86288452148438,27.782257080078125,104.21630096435547,71.7166519165039,72.22679138183594,39.40819549560547,46.86051940917969,34.47684860229492,30.692283630371094,3.6204705238342285,21.23233985900879,92.42144775390625,43.59288787841797,50.86153030395508,43.141136169433594,28.643348693847656,160.60183715820312,36.97809982299805,47.327362060546875,43.54897689819336,22.213104248046875,20.936086654663086,68.49108123779297,54.19084930419922,72.4800033569336,12.600000381469727,172.58999633789062,129.60000610351562,23.40399932861328,24.31999969482422,55.81999969482422,66.9800033569336,44.08000183105469,104.12000274658203,31.809999465942383,90.0,224.41000366210938,33.540000915527344,132.63999938964844,91.1500015258789,82.69999694824219,51.810001373291016,61.393131256103516,44.75,31.469999313354492,3.6670000553131104,31.907020568847656,125.25,55.08000183105469,65.37999725341797,46.9900016784668,34.810001373291016,185.27000427246094,51.779998779296875,67.08999633789062,55.779998779296875,32.314998626708984,24.690000534057617,79.3499984741211,80.69999694824219,73.16999816894531,13.149999618530273,174.72000122070312,133.17999267578125,23.89699935913086,24.670000076293945,56.130001068115234,67.75,44.65999984741211,105.1500015258789,32.2400016784668,90.91000366210938,228.7899932861328,34.099998474121094,133.72999572753906,92.6500015258789,83.22000122070312,53.02000045776367,62.09923553466797,45.61000061035156,32.38999938964844,3.7679998874664307,32.13472366333008,128.25,55.93000030517578,66.30000305175781,47.996665954589844,35.22999954223633,186.08999633789062,52.9900016784668,68.38999938964844,56.599998474121094,32.66999816894531,25.020000457763672,80.05999755859375,81.83999633789062,71.91000366210938,12.449999809265137,171.02000427246094,128.35000610351562,23.05699920654297,24.040000915527344,55.4900016784668,66.26000213623047,43.97999954223633,104.05000305175781,30.790000915527344,89.30000305175781,223.02999877929688,33.34000015258789,132.30999755859375,90.30999755859375,82.30999755859375,51.720001220703125,61.154579162597656,44.27000045776367,30.639999389648438,3.6019999980926514,31.660341262817383,124.19000244140625,54.54999923706055,65.30000305175781,46.3466682434082,34.529998779296875,184.3300018310547,51.630001068115234,66.7699966430664,55.209999084472656,32.244998931884766,24.510000228881836,78.86000061035156,80.41000366210938,73.1500015258789,13.0600004196167,174.49000549316406,132.6699981689453,23.8700008392334,24.579999923706055,55.90999984741211,67.6500015258789,44.060001373291016,104.37999725341797,30.899999618530273,89.47000122070312,228.3699951171875,33.91999816894531,133.39999389648438,92.33999633789062,83.08999633789062,52.88999938964844,62.03244400024414,45.439998626708984,32.290000915527344,3.765000104904175,32.0208740234375,126.62999725341797,55.93000030517578,65.5999984741211,47.996665954589844,35.22999954223633,185.82000732421875,52.86000061035156,67.79000091552734,55.650001525878906,32.34000015258789,25.020000457763672,79.98999786376953,81.37000274658203,4444700,87634400,2491800,1988500,34513000,150501200,5037800,40827200,8252400,4288600,7410100,4079000,5063400,25215700,5750000,27697800,2366800,4580500,8751114,15728200,53948400,1064424000,15724837,2670700,8456900,7194800,2949300,7332200,2193600,10086700,3282900,32552100,38044800,119176700,8445800,20525100
2017-06-30,49.8737678527832,12.479999542236328,131.26876831054688,120.01298522949219,18.20908546447754,19.804031372070312,40.44631576538086,50.199241638183594,33.02957534790039,71.10013580322266,22.521541595458984,66.36678314208984,183.7840118408203,27.94792938232422,103.9413070678711,71.91336059570312,71.87745666503906,39.80372619628906,46.67844772338867,34.330467224121094,29.122074127197266,3.568143606185913,21.20707893371582,92.14107513427734,43.70368957519531,51.21936798095703,42.905494689941406,28.766767501831055,160.7318115234375,37.078086853027344,47.58837127685547,43.260108947753906,22.312774658203125,20.91913604736328,68.39615631103516,54.21099853515625,72.51000213623047,12.479999542236328,172.22999572753906,130.30999755859375,23.30500030517578,24.260000228881836,55.720001220703125,66.87999725341797,43.959999084472656,104.33000183105469,31.969999313354492,90.5199966430664,221.89999389648438,33.7400016784668,132.2899932861328,91.4000015258789,82.30000305175781,52.33000183105469,61.154579162597656,44.560001373291016,29.860000610351562,3.614000082015991,31.869070053100586,124.87000274658203,55.220001220703125,65.83999633789062,46.733333587646484,34.959999084472656,185.4199981689453,51.91999816894531,67.45999908447266,55.40999984741211,32.459999084472656,24.670000076293945,79.23999786376953,80.7300033569336,72.81999969482422,12.829999923706055,174.25,131.47999572753906,23.66900062561035,24.6200008392334,56.06999969482422,67.58999633789062,44.58000183105469,104.72000122070312,32.36000061035156,91.22000122070312,226.0500030517578,33.93000030517578,133.1999969482422,92.0,83.12999725341797,52.61000061035156,61.76526641845703,45.43000030517578,32.150001525878906,3.6982500553131104,32.06830978393555,126.05999755859375,55.630001068115234,66.11000061035156,47.383331298828125,35.09000015258789,186.19000244140625,52.18000030517578,67.7699966430664,56.04999923706055,32.61000061035156,24.8799991607666,79.66000366210938,81.23999786376953,72.20999908447266,12.359999656677246,172.00999450683594,129.8800048828125,23.285999298095703,24.170000076293945,55.68000030517578,66.72000122070312,43.70000076293945,103.88999938964844,31.450000762939453,89.25,221.5399932861328,33.529998779296875,132.27999877929688,91.16000366210938,82.0,51.70000076293945,61.068702697753906,44.439998626708984,29.709999084472656,3.5875000953674316,31.793169021606445,124.4000015258789,55.029998779296875,65.37999725341797,46.529998779296875,34.70000076293945,184.92999267578125,51.790000915527344,66.87000274658203,55.15999984741211,32.25,24.6200008392334,79.23999786376953,80.69999694824219,72.56999969482422,12.569999694824219,173.61000061035156,131.11000061035156,23.62700080871582,24.6200008392334,55.9900016784668,67.55999755859375,44.38999938964844,104.52999877929688,32.27000045776367,90.33999633789062,225.30999755859375,33.869998931884766,132.6999969482422,91.95999908447266,82.97000122070312,52.13999938964844,61.536258697509766,45.33000183105469,32.119998931884766,3.684499979019165,32.00189971923828,126.0,55.599998474121094,65.8499984741211,47.13666534423828,34.84000015258789,185.14999389648438,51.9900016784668,67.55000305175781,56.029998779296875,32.54999923706055,24.8700008392334,79.66000366210938,81.08000183105469,4729100,59267400,2695500,899500,26534000,84005200,4679700,15832300,9126700,5497000,6659700,4164100,3154300,24432000,5264400,16892700,5713900,2917400,8762223,8379400,73308000,731060000,14242175,1669900,8781900,7981900,1492800,5177500,2392000,6849700,2972000,16750700,39286400,72754900,7817400,14000600
2017-07-03,49.81185531616211,12.149999618530273,131.70321655273438,119.42355346679688,17.952028274536133,20.14689064025879,40.84554672241211,51.23505401611328,34.30689239501953,72.44269561767578,23.0921573638916,67.72317504882812,188.2399139404297,27.715991973876953,104.42058563232422,73.3769302368164,72.22679138183594,40.38941955566406,46.809539794921875,35.13943099975586,28.41986656188965,3.439051628112793,21.3523006439209,92.97488403320312,43.489990234375,52.09846115112305,42.317909240722656,28.700944900512695,161.79806518554688,37.54941177368164,47.9834098815918,43.54897689819336,22.74239730834961,21.22439193725586,68.5169906616211,55.13096237182617,72.41999816894531,12.149999618530273,172.8000030517578,129.6699981689453,22.97599983215332,24.68000030517578,56.27000045776367,68.26000213623047,45.65999984741211,106.30000305175781,32.779998779296875,92.37000274658203,227.27999877929688,33.459999084472656,132.89999389648438,92.75,82.69999694824219,53.099998474121094,61.32633590698242,45.61000061035156,29.139999389648438,3.4832499027252197,32.08728790283203,126.0,54.95000076293945,66.97000122070312,46.09333419799805,34.880001068115234,186.64999389648438,52.58000183105469,68.0199966430664,55.779998779296875,33.084999084472656,25.030000686645508,79.37999725341797,82.0999984741211,72.98999786376953,12.729999542236328,174.3300018310547,131.33999633789062,23.52400016784668,24.90999984741211,56.880001068115234,68.91000366210938,45.83000183105469,106.95999908447266,33.08000183105469,93.16000366210938,229.07000732421875,34.029998779296875,133.32000732421875,93.4800033569336,82.91000366210938,53.369998931884766,61.66984558105469,46.02000045776367,30.280000686645508,3.641249895095825,32.2296028137207,126.54000091552734,56.02000045776367,67.4000015258789,47.17333221435547,35.16999816894531,187.52999877929688,52.97999954223633,68.44000244140625,56.45000076293945,33.2400016784668,25.190000534057617,79.75,82.48999786376953,72.37000274658203,12.130000114440918,172.6300048828125,129.3300018310547,22.908000946044922,24.440000534057617,56.18000030517578,67.23999786376953,44.189998626708984,104.23999786376953,32.06999969482422,90.5199966430664,223.4199981689453,33.43000030517578,132.64999389648438,91.41000366210938,82.31999969482422,52.619998931884766,60.92557144165039,44.97999954223633,28.559999465942383,3.4644999504089355,31.755218505859375,125.23999786376953,54.91999816894531,65.9000015258789,46.07666778564453,34.83000183105469,185.74000549316406,52.11000061035156,67.66000366210938,55.709999084472656,32.540000915527344,24.780000686645508,79.37000274658203,80.72000122070312,72.76000213623047,12.569999694824219,172.6300048828125,131.10000610351562,23.451000213623047,24.459999084472656,56.27000045776367,67.23999786376953,44.209999084472656,104.23999786376953,32.130001068115234,91.0,224.4600067138672,33.5099983215332,132.7899932861328,91.55999755859375,82.41000366210938,52.630001068115234,60.92557144165039,45.0,30.09000015258789,3.6262500286102295,31.764705657958984,125.6500015258789,55.529998779296875,66.12000274658203,47.11000061035156,35.040000915527344,186.2899932861328,52.150001525878906,67.80999755859375,55.810001373291016,32.57500076293945,24.809999465942383,79.51000213623047,80.79000091552734,2570700,39929100,1395100,427900,21123000,58129700,6257600,16488300,5742900,4419100,2651900,2400000,2846600,12676900,2931000,13208100,1464700,1740700,4895627,7486400,36830400,709072000,8971964,1589900,4379600,5201400,1771800,4470600,2087000,3582800,2160000,11825000,36805600,61454400,5904200,8422300
2017-07-05,49.85313034057617,13.1899995803833,132.8159942626953,121.09052276611328,18.096572875976562,20.34280776977539,41.189090728759766,51.377655029296875,33.17986297607422,71.29778289794922,21.90867042541504,66.20551300048828,188.869384765625,28.444929122924805,105.00202178955078,74.1126937866211,72.22679138183594,40.23728942871094,46.72942352294922,35.56316375732422,29.75601577758789,3.530871629714966,21.238649368286133,93.03389739990234,43.88572311401367,51.14158248901367,43.18398666381836,28.651575088500977,163.18504333496094,37.606544494628906,47.3132438659668,43.54897689819336,22.28184700012207,21.258316040039062,68.92266082763672,54.291587829589844,72.4800033569336,13.1899995803833,174.25999450683594,131.47999572753906,23.160999298095703,24.920000076293945,56.349998474121094,68.44999694824219,44.15999984741211,104.62000274658203,31.100000381469727,90.30000305175781,228.0399932861328,34.34000015258789,133.63999938964844,93.68000030517578,82.69999694824219,52.900001525878906,61.22137451171875,46.15999984741211,30.510000228881836,3.5762500762939453,31.9165096282959,126.08000183105469,55.45000076293945,65.73999786376953,47.03666687011719,34.81999969482422,188.25,52.65999984741211,67.06999969482422,55.779998779296875,32.415000915527344,25.06999969482422,79.8499984741211,80.8499984741211,72.73999786376953,13.210000038146973,174.3800048828125,131.57000732421875,23.232999801635742,24.950000762939453,56.38999938964844,68.7300033569336,45.45000076293945,106.30000305175781,32.47999954223633,92.19000244140625,228.9199981689453,34.43000030517578,134.05999755859375,93.79000091552734,82.76000213623047,53.06999969482422,61.832061767578125,46.25,30.559999465942383,3.6054999828338623,32.21062469482422,126.5199966430664,55.560001373291016,67.26000213623047,47.11000061035156,35.08000183105469,188.36000061035156,52.880001068115234,68.25,56.02000045776367,32.95000076293945,25.1299991607666,79.94999694824219,81.68000030517578,71.98999786376953,12.319999694824219,171.9199981689453,129.44000244140625,22.910999298095703,24.6200008392334,55.54999923706055,67.94999694824219,43.7599983215332,104.2699966430664,31.010000228881836,89.95999908447266,225.2100067138672,33.4900016784668,132.4199981689453,92.61000061035156,82.02999877929688,52.22999954223633,60.992366790771484,45.540000915527344,29.549999237060547,3.528249979019165,31.774194717407227,124.83999633789062,54.779998779296875,65.33999633789062,46.24333190917969,34.630001068115234,185.72000122070312,52.33000183105469,66.95999908447266,55.34000015258789,32.290000915527344,24.920000076293945,79.20999908447266,80.5199966430664,72.4800033569336,12.359999656677246,172.6699981689453,129.49000549316406,23.100000381469727,24.799999237060547,56.27000045776367,68.33000183105469,45.27000045776367,105.98999786376953,32.45000076293945,91.81999969482422,228.3800048828125,33.52000045776367,132.97999572753906,93.12000274658203,82.62999725341797,52.83000183105469,61.51717758178711,45.88999938964844,29.549999237060547,3.547499895095825,32.20113754272461,125.9800033569336,55.0099983215332,67.26000213623047,46.24333190917969,35.08000183105469,186.13999938964844,52.709999084472656,68.0,55.970001220703125,32.91999816894531,25.100000381469727,79.48999786376953,81.68000030517578,4751900,99450200,2830000,796200,29699000,76172500,5887400,17783100,7725500,4482700,7234900,2720200,2772000,30010800,4302700,17535400,2263600,4098300,6820174,9843200,40444600,820188000,17072270,2496000,6823800,8872900,1918200,9222200,2587400,5896900,3938100,14086900,41976400,78100200,8955500,9830800
2017-07-06,49.337249755859375,13.020000457763672,130.88006591796875,120.8510513305664,18.36457633972168,20.1713809967041,40.40697479248047,50.762184143066406,32.541202545166016,70.75257873535156,21.260570526123047,64.98112487792969,187.7512664794922,27.856809616088867,104.12203216552734,73.8753662109375,71.26610565185547,40.19924545288086,45.9573974609375,35.54004669189453,29.35614776611328,3.5414857864379883,20.973485946655273,92.98226928710938,43.36336135864258,50.66704177856445,42.99423599243164,28.388263702392578,162.0494842529297,37.26375198364258,46.8829231262207,43.3772087097168,22.034385681152344,21.097206115722656,68.03362274169922,53.80137252807617,71.7300033569336,13.020000457763672,171.72000122070312,131.22000122070312,23.503999710083008,24.709999084472656,55.279998779296875,67.62999725341797,43.310001373291016,103.81999969482422,30.18000030517578,88.62999725341797,226.69000244140625,33.630001068115234,132.52000427246094,93.37999725341797,81.5999984741211,52.849998474121094,60.209922790527344,46.130001068115234,30.100000381469727,3.5869998931884766,31.51802635192871,126.01000213623047,54.790000915527344,65.12999725341797,46.83000183105469,34.5,186.94000244140625,52.18000030517578,66.45999908447266,55.560001373291016,32.05500030517578,24.8799991607666,78.81999969482422,80.12000274658203,72.44999694824219,13.319999694824219,173.61000061035156,131.77000427246094,23.572999954223633,25.110000610351562,56.209999084472656,68.76000213623047,44.310001373291016,105.12999725341797,31.40999984741211,90.83999633789062,230.05999755859375,34.290000915527344,133.97000122070312,94.51000213623047,82.56999969482422,53.52000045776367,60.98282241821289,46.63999938964844,30.479999542236328,3.634500026702881,31.944971084594727,127.83000183105469,55.22999954223633,66.5,47.233333587646484,34.63999938964844,188.19000244140625,52.81999969482422,67.18000030517578,56.31999969482422,32.564998626708984,25.170000076293945,79.66000366210938,81.08000183105469,71.41000366210938,12.670000076293945,171.30999755859375,130.10000610351562,22.75,24.690000534057617,55.20000076293945,67.56999969482422,43.220001220703125,103.70999908447266,30.06999969482422,88.41000366210938,225.25,33.560001373291016,132.41000366210938,92.87999725341797,81.37000274658203,52.619998931884766,60.10496139526367,45.77000045776367,29.920000076293945,3.49399995803833,31.44212532043457,125.80000305175781,54.7400016784668,65.0199966430664,46.380001068115234,34.310001373291016,186.14999389648438,52.150001525878906,66.18000030517578,55.5,31.985000610351562,24.8799991607666,78.70999908447266,80.08999633789062,72.23999786376953,12.9399995803833,173.10000610351562,130.7899932861328,22.756000518798828,24.899999618530273,56.099998474121094,68.44999694824219,44.150001525878906,104.66999816894531,31.15999984741211,90.52999877929688,227.97000122070312,34.119998931884766,133.61000061035156,93.54000091552734,82.31999969482422,53.13999938964844,60.84923553466797,46.099998474121094,29.940000534057617,3.546750068664551,31.9165096282959,126.1500015258789,55.02000045776367,66.16000366210938,46.599998474121094,34.5,188.1199951171875,52.619998931884766,66.98999786376953,55.97999954223633,32.470001220703125,25.059999465942383,79.51000213623047,80.86000061035156,4372100,88927800,2566400,832000,26334000,84465400,5546100,17960700,7155500,5084800,7081400,3290600,3076600,20733200,4282200,16596100,3391000,3074600,11887150,10417300,27143800,746284000,14676318,1763100,5663000,6503800,2063100,6493700,1844700,5161900,3332100,14481200,41367200,97648100,6367700,9822400
2017-07-07,49.54359817504883,13.359999656677246,130.65904235839844,122.38909149169922,18.722427368164062,20.269338607788086,40.86747360229492,50.972354888916016,32.30828094482422,70.5276870727539,20.809709548950195,64.84181213378906,186.58348083496094,28.063886642456055,104.13773345947266,74.2471694946289,71.8687515258789,41.127220153808594,46.00110626220703,35.47840881347656,29.45367431640625,3.6224448680877686,21.055557250976562,93.37336730957031,43.80656433105469,50.62815475463867,43.71952438354492,28.495235443115234,162.9336700439453,37.463714599609375,48.09628677368164,43.517757415771484,22.00001335144043,21.241357803344727,68.3788833618164,53.8685188293457,72.02999877929688,13.359999656677246,171.42999267578125,132.88999938964844,23.961999893188477,24.829999923706055,55.90999984741211,67.91000366210938,43.0,103.48999786376953,29.540000915527344,88.44000244140625,225.27999877929688,33.880001068115234,132.5399932861328,93.8499984741211,82.29000091552734,54.06999969482422,60.26717758178711,46.04999923706055,30.200000762939453,3.6689999103546143,31.64136505126953,126.54000091552734,55.349998474121094,65.08000183105469,47.619998931884766,34.630001068115234,187.9600067138672,52.459999084472656,68.18000030517578,55.7400016784668,32.005001068115234,25.049999237060547,79.22000122070312,80.22000122070312,72.11000061035156,13.75,172.02999877929688,133.5399932861328,24.018999099731445,25.0,56.0,68.30000305175781,43.279998779296875,103.76000213623047,29.950000762939453,88.5999984741211,228.49000549316406,34.119998931884766,133.0,94.16999816894531,82.3499984741211,54.150001525878906,60.43893051147461,46.400001525878906,30.5,3.6875,31.650854110717773,126.95999908447266,55.72999954223633,65.18000030517578,47.810001373291016,34.66999816894531,188.42999267578125,52.54999923706055,68.41999816894531,55.83000183105469,32.04999923706055,25.100000381469727,79.30999755859375,80.5999984741211,71.62999725341797,13.180000305175781,170.58999633789062,131.8300018310547,23.527000427246094,24.649999618530273,55.08000183105469,67.44000244140625,42.5,102.80999755859375,28.790000915527344,87.04000091552734,224.4199981689453,33.70000076293945,131.69000244140625,93.2300033569336,81.43000030517578,52.68000030517578,59.933204650878906,45.959999084472656,29.979999542236328,3.6212499141693115,31.32827377319336,125.05999755859375,54.869998931884766,64.1500015258789,47.05666732788086,34.47999954223633,187.00999450683594,52.11000061035156,66.25,55.25,31.645000457763672,24.8799991607666,78.9000015258789,79.80999755859375,72.11000061035156,13.270000457763672,171.63999938964844,131.8300018310547,23.530000686645508,24.920000076293945,55.5099983215332,68.02999877929688,43.119998931884766,103.58999633789062,29.809999465942383,88.06999969482422,228.22999572753906,33.70000076293945,132.91000366210938,93.95999908447266,81.62000274658203,52.869998931884766,60.314884185791016,46.31999969482422,30.219999313354492,3.6445000171661377,31.546489715576172,126.95999908447266,55.040000915527344,64.98999786376953,47.05666732788086,34.54999923706055,187.35000610351562,52.38999938964844,66.44000244140625,55.779998779296875,31.950000762939453,25.010000228881836,79.0999984741211,80.19999694824219,4333700,88392100,2612900,588700,24731000,54478800,5487500,14735300,8494200,6457000,7366500,3810300,2697600,18304500,4994100,12817800,1803700,3908100,7591083,6442000,22023100,654972000,17914522,1842000,5356000,6743400,3374400,7937800,2252500,4599400,5083600,11503500,32073400,59432400,4371400,10777800
2017-07-10,49.40602493286133,13.8100004196167,131.2459259033203,124.15738677978516,18.89041519165039,20.318315505981445,40.88209533691406,50.777198791503906,32.48860549926758,70.22101593017578,20.943561553955078,65.7069320678711,187.0472869873047,27.87337875366211,103.35989379882812,73.72504425048828,71.86000061035156,41.134830474853516,45.76074981689453,35.432193756103516,29.746257781982422,3.7937443256378174,21.093442916870117,93.86035919189453,44.03610610961914,50.838199615478516,44.22447967529297,28.7996883392334,162.05809020996094,37.356605529785156,48.03279113769531,43.40064239501953,22.072193145751953,21.21591567993164,68.24942016601562,53.8282356262207,71.83000183105469,13.8100004196167,172.1999969482422,134.80999755859375,24.177000045776367,24.889999389648438,55.93000030517578,67.6500015258789,43.2400016784668,103.04000091552734,29.729999542236328,89.62000274658203,225.83999633789062,33.650001525878906,131.5500030517578,93.19000244140625,82.27999877929688,54.08000183105469,59.95228958129883,45.9900016784668,30.5,3.8424999713897705,31.698291778564453,127.19999694824219,55.63999938964844,65.3499984741211,48.16999816894531,35.0,186.9499969482422,52.310001373291016,68.08999633789062,55.59000015258789,32.11000061035156,25.020000457763672,79.06999969482422,80.16000366210938,72.22000122070312,13.880000114440918,172.5500030517578,135.0500030517578,24.194000244140625,24.989999771118164,56.31999969482422,68.04000091552734,43.47999954223633,103.58000183105469,30.049999237060547,89.77999877929688,227.33999633789062,33.7400016784668,132.8699951171875,93.68000030517578,82.56999969482422,54.5099983215332,60.49618148803711,46.2400016784668,30.59000015258789,3.8499999046325684,31.812143325805664,127.69000244140625,55.88999938964844,65.69000244140625,48.293331146240234,35.15999984741211,188.0,52.470001220703125,68.48999786376953,55.810001373291016,32.185001373291016,25.079999923706055,79.27999877929688,80.41000366210938,71.58000183105469,13.270000457763672,171.0,133.50999450683594,23.881000518798828,24.639999389648438,55.81999969482422,67.44000244140625,42.77000045776367,102.5999984741211,29.34000015258789,88.0,223.9600067138672,33.22999954223633,131.22999572753906,93.08999633789062,81.88999938964844,53.90999984741211,59.742366790771484,45.79999923706055,29.75,3.7170000076293945,31.537002563476562,125.94999694824219,55.189998626708984,64.77999877929688,47.503334045410156,34.54999923706055,186.14999389648438,52.09000015258789,67.94000244140625,55.34000015258789,31.889999389648438,24.93000030517578,78.87000274658203,79.95999908447266,71.80000305175781,13.609999656677246,171.58999633789062,134.0,24.051000595092773,24.719999313354492,56.099998474121094,67.69000244140625,42.83000183105469,103.44000244140625,29.3799991607666,88.12999725341797,224.27000427246094,33.25,132.74000549316406,93.5,82.33000183105469,53.95000076293945,60.48664093017578,45.95000076293945,30.15999984741211,3.743499994277954,31.650854110717773,126.16000366210938,55.369998931884766,64.81999969482422,47.8033332824707,34.61000061035156,187.3300018310547,52.279998779296875,68.05000305175781,55.529998779296875,31.959999084472656,25.010000228881836,79.25,80.0,3158300,78320200,2070600,439700,22499000,54632800,4050800,12613800,5631900,4629000,7655000,2064600,2357500,29918400,4019600,13987200,2269700,3031300,7036062,5321500,24907900,958492000,14256720,2178700,5098100,5873600,978300,7779700,2612000,3343700,3718200,10979000,28307600,55022500,3580000,6338300
2017-07-11,49.41291809082031,13.890000343322754,132.09959411621094,125.08757781982422,18.821659088134766,20.081581115722656,40.44352340698242,50.15420913696289,32.57125473022461,70.27555084228516,21.507123947143555,66.44745635986328,187.9665985107422,28.09702491760254,103.10847473144531,73.44023132324219,71.92110443115234,41.226104736328125,45.403865814208984,35.03926467895508,30.594757080078125,3.8475520610809326,20.941917419433594,94.00055694580078,43.790748596191406,51.180484771728516,44.59172821044922,29.112377166748047,161.1912384033203,36.97096252441406,47.91991424560547,42.97123336791992,22.19248390197754,21.029361724853516,68.1717300415039,54.12369918823242,71.83999633789062,13.890000343322754,173.32000732421875,135.82000732421875,24.089000701904297,24.600000381469727,55.33000183105469,66.81999969482422,43.349998474121094,103.12000274658203,30.530000686645508,90.62999725341797,226.9499969482422,33.91999816894531,131.22999572753906,92.83000183105469,82.3499984741211,54.20000076293945,59.48473358154297,45.47999954223633,31.3700008392334,3.8970000743865967,31.47058868408203,127.38999938964844,55.33000183105469,65.79000091552734,48.56999969482422,35.380001068115234,185.9499969482422,51.77000045776367,67.93000030517578,55.040000915527344,32.28499984741211,24.799999237060547,78.9800033569336,80.5999984741211,72.16999816894531,14.100000381469727,174.44000244140625,136.05999755859375,24.260000228881836,24.90999984741211,56.099998474121094,67.56999969482422,43.65999984741211,103.5,30.920000076293945,90.98999786376953,227.9499969482422,33.93000030517578,131.7899932861328,93.33000183105469,82.83999633789062,54.56999969482422,60.095420837402344,45.93000030517578,31.389999389648438,3.904750108718872,31.755218505859375,127.80000305175781,55.630001068115234,66.23999786376953,48.59000015258789,35.43000030517578,187.66000366210938,52.33000183105469,68.44999694824219,55.709999084472656,32.400001525878906,25.010000228881836,79.19000244140625,80.75,71.33000183105469,13.619999885559082,172.07000732421875,133.6699981689453,23.93899917602539,24.459999084472656,55.099998474121094,66.5999984741211,42.91999816894531,102.55000305175781,29.850000381469727,88.91999816894531,224.6699981689453,33.43000030517578,130.47999572753906,92.27999877929688,81.87999725341797,53.83000183105469,59.389312744140625,45.380001068115234,30.510000228881836,3.8037500381469727,31.356735229492188,126.33999633789062,55.02000045776367,65.06999969482422,48.01333236694336,35.04999923706055,185.08999633789062,51.70000076293945,67.7300033569336,54.81999969482422,31.96500015258789,24.729999542236328,78.58000183105469,80.04000091552734,71.88999938964844,13.770000457763672,174.17999267578125,133.6999969482422,24.200000762939453,24.8799991607666,55.810001373291016,67.5,43.25,103.1500015258789,30.25,89.62000274658203,226.0399932861328,33.63999938964844,131.42999267578125,93.33000183105469,82.38999938964844,53.91999816894531,59.9427490234375,45.83000183105469,30.549999237060547,3.846250057220459,31.688804626464844,127.3499984741211,55.630001068115234,65.3499984741211,48.043331146240234,35.43000030517578,187.0,52.33000183105469,68.02999877929688,55.65999984741211,32.165000915527344,25.0,79.0199966430664,80.33000183105469,3535100,71102300,2198000,1100900,20502000,69410600,4630300,17134600,5782600,4322400,7450900,2517000,2742900,25737500,3733100,13262300,2708900,3288900,7207620,8454700,28530500,757956000,12874083,2663300,6124900,5534000,965400,9300800,2664500,6059400,2188200,14842700,23799600,49857200,4117500,9681100
2017-07-12,49.88482666015625,14.289999961853027,132.0614776611328,126.21117401123047,19.253740310668945,19.877504348754883,40.231536865234375,50.22926712036133,32.48860549926758,70.80027770996094,21.704374313354492,66.40348052978516,188.33103942871094,28.370372772216797,103.89415740966797,73.18706512451172,72.92552947998047,40.891422271728516,45.72433853149414,34.638641357421875,30.67278289794922,4.0111985206604,20.973485946655273,93.8751220703125,44.47930145263672,51.01713180541992,45.30476760864258,29.367454528808594,161.83273315429688,37.063804626464844,47.99045944213867,43.07272720336914,22.25434684753418,21.097206115722656,68.63780212402344,54.36545181274414,71.87999725341797,14.289999961853027,173.27000427246094,137.0399932861328,24.642000198364258,24.350000381469727,55.040000915527344,66.91999816894531,43.2400016784668,103.88999938964844,30.809999465942383,90.56999969482422,227.38999938964844,34.25,132.22999572753906,92.51000213623047,83.5,53.7599983215332,59.904579162597656,44.959999084472656,31.450000762939453,4.062749862670898,31.51802635192871,127.22000122070312,56.20000076293945,65.58000183105469,49.3466682434082,35.689998626708984,186.69000244140625,51.900001525878906,68.02999877929688,55.16999816894531,32.375,24.8799991607666,79.5199966430664,80.95999908447266,72.12999725341797,14.390000343322754,174.24000549316406,137.5500030517578,24.718000411987305,24.600000381469727,56.2400016784668,67.19999694824219,44.0,104.75,31.600000381469727,92.30000305175781,229.02000427246094,34.38999938964844,132.88999938964844,92.83000183105469,84.0199966430664,54.79999923706055,60.238548278808594,45.33000183105469,31.780000686645508,4.074999809265137,31.812143325805664,127.58999633789062,56.310001373291016,66.5999984741211,49.45333480834961,35.79999923706055,187.3000030517578,52.11000061035156,68.55000305175781,55.2400016784668,32.685001373291016,24.899999618530273,79.77999877929688,81.5199966430664,71.30000305175781,13.960000038146973,172.6699981689453,136.27999877929688,24.106000900268555,24.299999237060547,54.849998474121094,66.54000091552734,42.93000030517578,103.47000122070312,30.6299991607666,90.41000366210938,226.07000732421875,33.939998626708984,131.77000427246094,92.06999969482422,82.61000061035156,53.72999954223633,59.790077209472656,44.72999954223633,31.15999984741211,3.9140000343322754,31.49905014038086,126.4800033569336,55.720001220703125,65.33999633789062,48.883331298828125,35.5,186.41000366210938,51.560001373291016,67.44000244140625,54.599998474121094,32.23500061035156,24.729999542236328,79.3499984741211,80.75,71.51000213623047,14.170000076293945,173.7100067138672,136.61000061035156,24.299999237060547,24.420000076293945,55.63999938964844,66.76000213623047,43.81999969482422,104.0,31.020000457763672,91.45999908447266,226.39999389648438,34.279998779296875,132.0399932861328,92.61000061035156,82.7300033569336,54.7400016784668,59.790077209472656,45.33000183105469,31.770000457763672,3.9574999809265137,31.631879806518555,126.9800033569336,55.790000915527344,66.5199966430664,49.05666732788086,35.650001525878906,186.7899932861328,51.689998626708984,68.4800033569336,54.93000030517578,32.60499954223633,24.799999237060547,79.37000274658203,81.19000244140625,4860200,78508400,1976900,841300,27710000,68708700,9081000,16881700,7907900,3978100,5668700,3166700,2567300,23768300,5053200,13540100,3527000,2538600,8610368,10234400,22258600,1145208000,14577979,1975500,6126800,6497600,1678200,9211200,3342800,4519700,4206100,11951500,29637200,47818600,8808200,7974000
2017-07-13,50.40533447265625,13.529999732971191,133.4104461669922,126.03620147705078,19.323274612426758,20.097915649414062,39.961097717285156,50.3043212890625,32.496116638183594,70.96382904052734,21.979110717773438,67.43769836425781,190.82400512695312,28.362092971801758,103.60346984863281,73.65382385253906,73.379638671875,40.9522819519043,45.8044548034668,35.07008743286133,30.360689163208008,3.9647955894470215,21.01136589050293,94.50605010986328,44.503047943115234,51.72503662109375,45.16401672363281,29.745969772338867,160.7838897705078,37.292320251464844,47.8140983581543,43.408443450927734,22.343708038330078,21.22439193725586,68.69822692871094,54.372161865234375,72.62999725341797,13.529999732971191,175.0399932861328,136.85000610351562,24.731000900268555,24.6200008392334,54.66999816894531,67.0199966430664,43.25,104.12999725341797,31.200000762939453,91.80999755859375,230.39999389648438,34.2400016784668,131.86000061035156,93.0999984741211,84.0199966430664,53.84000015258789,60.00954055786133,45.52000045776367,31.1299991607666,4.015749931335449,31.574953079223633,127.31999969482422,56.22999954223633,66.48999786376953,49.19333267211914,36.150001525878906,185.47999572753906,52.220001220703125,67.77999877929688,55.599998474121094,32.505001068115234,25.030000686645508,79.58999633789062,80.97000122070312,72.9000015258789,14.489999771118164,176.1999969482422,137.57000732421875,24.98699951171875,24.6299991607666,55.18000030517578,67.29000091552734,43.470001220703125,104.20999908447266,31.280000686645508,91.91999816894531,230.63999938964844,34.400001525878906,132.22000122070312,93.37999725341797,84.2300033569336,53.880001068115234,60.10496139526367,45.72999954223633,31.850000381469727,4.15749979019165,31.631879806518555,127.9800033569336,56.52000045776367,66.54000091552734,49.720001220703125,36.15999984741211,187.27999877929688,52.22999954223633,68.37999725341797,55.66999816894531,32.529998779296875,25.030000686645508,79.83999633789062,81.08999633789062,71.66999816894531,13.430000305175781,173.08999633789062,136.3699951171875,24.655000686645508,24.3700008392334,54.220001220703125,66.69000244140625,42.900001525878906,103.45999908447266,30.700000762939453,90.37000274658203,226.9499969482422,34.119998931884766,130.99000549316406,92.33999633789062,83.16000366210938,53.220001220703125,59.42748260498047,44.9900016784668,30.84000015258789,3.96875,31.2998104095459,125.91999816894531,56.16999816894531,65.44000244140625,49.04666519165039,35.459999084472656,185.32000732421875,51.83000183105469,67.04000091552734,55.060001373291016,32.220001220703125,24.860000610351562,79.05000305175781,80.7300033569336,71.94000244140625,14.329999923706055,173.27999877929688,136.75999450683594,24.711999893188477,24.43000030517578,55.060001373291016,67.1500015258789,43.220001220703125,103.80000305175781,30.799999237060547,90.37000274658203,227.38999938964844,34.33000183105469,132.10000610351562,92.69000244140625,83.55999755859375,53.68000030517578,59.91412353515625,45.16999816894531,31.549999237060547,4.074999809265137,31.51802635192871,126.93000030517578,56.380001068115234,65.47000122070312,49.400001525878906,35.459999084472656,187.0,52.0099983215332,67.87000274658203,55.2599983215332,32.400001525878906,24.8799991607666,79.58999633789062,80.97000122070312,5189800,111656900,2999900,484300,20400000,55533400,8130900,20152000,7014100,4439100,4550400,2472100,2852600,15046200,4424400,12820100,2944100,2614000,7125562,6204200,23773000,1369132000,14112006,3160100,6219200,6252300,1532700,9943900,2379300,6451400,2883700,14201800,20113600,48875900,9437700,5582300
2017-07-14,50.73845672607422,13.920000076293945,135.00343322753906,128.86361694335938,19.556114196777344,19.763214111328125,40.31195068359375,50.07914733886719,32.646385192871094,71.17510986328125,22.29612159729004,67.48175811767578,189.33319091796875,28.7265567779541,104.18489837646484,72.98138427734375,73.66783905029297,40.92947006225586,45.92827606201172,34.823551177978516,31.004379272460938,4.071425914764404,21.106069564819336,94.39471435546875,44.96208572387695,52.005096435546875,45.76994323730469,29.8282470703125,162.01478576660156,37.19234848022461,47.99753189086914,42.93220138549805,22.477750778198242,21.131122589111328,69.16435241699219,54.580326080322266,73.11000061035156,13.920000076293945,177.1300048828125,139.9199981689453,25.02899932861328,24.209999084472656,55.150001525878906,66.72000122070312,43.45000076293945,104.44000244140625,31.649999618530273,91.87000274658203,228.60000610351562,34.68000030517578,132.60000610351562,92.25,84.3499984741211,53.810001373291016,60.171756744384766,45.20000076293945,31.790000915527344,4.12375020980835,31.717267990112305,127.16999816894531,56.810001373291016,66.8499984741211,49.85333251953125,36.25,186.89999389648438,52.08000183105469,68.04000091552734,54.9900016784668,32.70000076293945,24.920000076293945,80.12999725341797,81.27999877929688,73.2300033569336,13.930000305175781,177.67999267578125,140.0500030517578,25.040000915527344,24.31999969482422,55.45000076293945,66.93000030517578,43.779998779296875,104.63999938964844,31.8700008392334,92.36000061035156,229.61000061035156,34.709999084472656,133.0,92.61000061035156,84.58000183105469,54.04999923706055,60.49618148803711,45.400001525878906,31.950000762939453,4.125249862670898,31.831119537353516,127.55000305175781,56.93000030517578,67.08999633789062,49.880001068115234,36.349998474121094,187.1300048828125,52.2400016784668,68.33000183105469,55.20000076293945,32.7599983215332,24.959999084472656,80.30000305175781,81.41000366210938,72.51000213623047,13.319999694824219,174.41000366210938,137.88999938964844,24.78499984741211,23.81999969482422,54.5,65.5199966430664,43.27000045776367,103.7300033569336,31.15999984741211,91.58999633789062,225.10000610351562,34.27000045776367,131.74000549316406,90.58000183105469,83.80999755859375,53.599998474121094,59.98091506958008,44.31999969482422,31.260000228881836,4.02524995803833,31.537002563476562,124.94000244140625,56.150001525878906,66.37000274658203,49.3466682434082,35.97999954223633,184.77000427246094,51.400001525878906,67.41000366210938,54.119998931884766,32.494998931884766,24.59000015258789,79.5999984741211,80.7699966430664,72.62000274658203,13.460000038146973,175.42999267578125,138.0399932861328,24.863000869750977,24.200000762939453,54.810001373291016,66.31999969482422,43.31999969482422,104.37999725341797,31.309999465942383,91.9800033569336,227.22000122070312,34.47999954223633,132.0,90.80999755859375,84.11000061035156,53.810001373291016,60.04771041870117,44.880001068115234,31.350000381469727,4.032249927520752,31.565465927124023,125.9000015258789,56.5,66.5,49.46333312988281,36.130001068115234,185.80999755859375,51.720001220703125,67.83999633789062,54.310001373291016,32.525001525878906,24.719999313354492,79.76000213623047,81.0,4335700,82084600,2720600,1164700,14417000,92625400,6042900,20742300,5467300,3644300,4846100,1773400,3703600,16316400,4383100,22235200,2005700,2788700,6309903,8220600,28887600,941948000,13175843,2437200,4440100,5340600,1234500,7196600,2716700,5587600,2194700,17949600,20545000,61742300,5750000,7497200
2017-07-17,50.45390701293945,13.800000190734863,135.20919799804688,129.13987731933594,19.456886291503906,19.608118057250977,40.0488166809082,50.16171646118164,32.45104217529297,71.01837158203125,22.084779739379883,67.5038070678711,189.8797607421875,28.552610397338867,103.8313217163086,72.30104064941406,73.04776000976562,41.30978012084961,45.600521087646484,34.92369842529297,30.936107635498047,4.0541462898254395,20.992427825927734,94.53573608398438,44.68508529663086,51.989540100097656,45.5832633972168,29.548479080200195,161.53802490234375,37.156646728515625,47.56720733642578,42.71359634399414,22.450252532958984,21.063282012939453,68.91403198242188,54.29829406738281,72.69999694824219,13.800000190734863,177.39999389648438,140.22000122070312,24.902000427246094,24.020000457763672,54.790000915527344,66.83000183105469,43.189998626708984,104.20999908447266,31.350000381469727,91.9000015258789,229.25999450683594,34.470001220703125,132.14999389648438,91.38999938964844,83.63999938964844,54.310001373291016,59.742366790771484,45.33000183105469,31.719999313354492,4.106249809265137,31.546489715576172,127.36000061035156,56.459999084472656,66.83000183105469,49.650001525878906,35.90999984741211,186.35000610351562,52.029998779296875,67.43000030517578,54.709999084472656,32.65999984741211,24.84000015258789,79.83999633789062,80.86000061035156,73.47000122070312,14.119999885559082,178.89999389648438,140.7899932861328,25.236000061035156,24.219999313354492,55.529998779296875,67.0999984741211,43.52000045776367,104.97000122070312,32.0099983215332,92.12999725341797,229.63999938964844,34.7400016784668,132.92999267578125,91.98999786376953,84.52999877929688,54.4900016784668,60.41030502319336,45.529998779296875,31.860000610351562,4.1875,31.755218505859375,128.25,56.91999816894531,67.54000091552734,50.040000915527344,36.060001373291016,187.25,52.119998931884766,68.0,54.97999954223633,32.8849983215332,24.899999618530273,80.29000091552734,81.43000030517578,72.69000244140625,13.510000228881836,176.67999267578125,139.10000610351562,24.88599967956543,23.93000030517578,54.58000183105469,66.41999816894531,43.09000015258789,104.08000183105469,31.260000228881836,91.30999755859375,227.2100067138672,34.36000061035156,131.75,91.25,83.41999816894531,53.61000061035156,59.66603088378906,44.93000030517578,31.440000534057617,4.043749809265137,31.44212532043457,126.7699966430664,56.38999938964844,66.6500015258789,49.483333587646484,35.63999938964844,185.75999450683594,51.720001220703125,67.31999969482422,54.439998626708984,32.61000061035156,24.739999771118164,79.81999969482422,80.83000183105469,73.0999984741211,14.029999732971191,176.83999633789062,140.4199981689453,25.07900047302246,24.219999313354492,55.279998779296875,66.76000213623047,43.310001373291016,104.31999969482422,31.6200008392334,91.30999755859375,228.72999572753906,34.7400016784668,132.7100067138672,91.81999969482422,84.30999755859375,53.86000061035156,60.257633209228516,45.150001525878906,31.670000076293945,4.158249855041504,31.726755142211914,127.04000091552734,56.72999954223633,66.75,50.02333450317383,36.029998779296875,187.07000732421875,52.040000915527344,67.81999969482422,54.900001525878906,32.63999938964844,24.850000381469727,80.2300033569336,81.0,3461600,71690800,2692400,869900,18746000,81522000,3719200,17498000,7014700,5572400,5803500,4129100,2551800,21044400,4939400,14374200,1989100,4615100,7741890,5141600,22320500,930792000,17733866,2321400,5123600,6438500,693300,4649800,2444600,4758000,2868800,14953600,24429800,43257000,5743700,7914700
2017-07-18,50.12773895263672,13.479999542236328,135.2702178955078,131.93043518066406,19.60221290588379,19.51015853881836,40.01226806640625,50.20676040649414,32.36088562011719,70.6844253540039,22.091829299926758,67.35689544677734,184.95184326171875,28.60230827331543,105.64630889892578,72.0478515625,73.10015869140625,41.70530700683594,45.45485305786133,34.777320861816406,31.111658096313477,4.096354961395264,21.06187629699707,93.20708465576172,44.550537109375,51.483882904052734,45.724029541015625,29.515562057495117,161.97146606445312,36.870994567871094,47.6236457824707,42.78385925292969,22.343708038330078,21.029361724853516,68.96583557128906,54.12369918823242,72.2300033569336,13.479999542236328,177.47999572753906,143.25,25.08799934387207,23.899999618530273,54.7400016784668,66.88999938964844,43.06999969482422,103.72000122070312,31.360000610351562,91.69999694824219,223.30999755859375,34.529998779296875,134.4600067138672,91.06999969482422,83.69999694824219,54.83000183105469,59.5515251159668,45.13999938964844,31.899999618530273,4.14900016784668,31.650854110717773,125.56999969482422,56.290000915527344,66.18000030517578,49.8033332824707,35.869998931884766,186.85000610351562,51.630001068115234,67.51000213623047,54.79999923706055,32.505001068115234,24.799999237060547,79.9000015258789,80.5999984741211,72.86000061035156,13.529999732971191,177.6300048828125,143.3800048828125,25.093000411987305,24.059999465942383,54.81999969482422,67.0999984741211,43.45000076293945,104.5999984741211,31.68000030517578,92.44999694824219,230.36000061035156,34.58000183105469,134.9499969482422,91.58000183105469,83.7699966430664,54.84000015258789,59.761451721191406,45.25,31.90999984741211,4.163750171661377,31.679317474365234,127.19000244140625,56.380001068115234,67.31999969482422,49.813331604003906,36.040000915527344,187.1999969482422,51.880001068115234,67.76000213623047,54.91999816894531,32.834999084472656,24.84000015258789,79.9800033569336,81.08000183105469,71.75,13.149999618530273,176.13999938964844,141.1300048828125,24.606000900268555,23.610000610351562,54.41999816894531,66.22000122070312,42.79999923706055,103.51000213623047,31.09000015258789,91.25,222.75999450683594,34.25,131.0800018310547,90.31999969482422,83.22000122070312,54.220001220703125,59.417938232421875,44.689998626708984,31.399999618530273,4.03249979019165,31.347248077392578,125.0999984741211,56.0,65.9800033569336,49.16999816894531,35.720001220703125,183.86000061035156,51.470001220703125,67.19999694824219,54.22999954223633,32.369998931884766,24.639999389648438,79.36000061035156,80.41000366210938,72.62999725341797,13.289999961853027,176.66000366210938,141.27999877929688,24.72599983215332,23.90999984741211,54.77000045776367,66.44000244140625,43.45000076293945,104.5999984741211,31.6299991607666,92.25,227.5,34.43000030517578,131.6199951171875,90.44999694824219,83.51000213623047,54.619998931884766,59.63740539550781,44.93000030517578,31.639999389648438,4.04449987411499,31.52751350402832,126.29000091552734,56.34000015258789,67.30999755859375,49.35333251953125,35.880001068115234,186.9499969482422,51.68000030517578,67.72000122070312,54.310001373291016,32.82500076293945,24.670000076293945,79.73999786376953,81.0199966430664,5269100,78366500,1820100,1252200,13003000,107981400,3701400,15965900,6834800,4339400,4574900,2198600,6400700,14362800,10256000,14719400,1704500,2757900,6408415,9594100,14045000,776640000,15356148,2891200,7441000,5359800,1017000,6185300,4235800,5034800,2816000,13603300,29913600,63210700,8042700,8046100
2017-07-19,50.50251770019531,13.550000190734863,136.5658721923828,138.72732543945312,19.877246856689453,19.640769958496094,40.253475189208984,50.06414794921875,32.80418395996094,71.18871307373047,22.89490509033203,69.2740249633789,184.58743286132812,28.627161026000977,106.235595703125,72.15068817138672,73.56302642822266,42.25294876098633,45.60780715942383,35.91755676269531,31.033639907836914,4.075127124786377,21.226024627685547,93.82315826416016,44.93834686279297,52.46409225463867,46.14635467529297,29.959896087646484,163.99986267089844,37.19234848022461,47.99045944213867,42.89316177368164,22.670223236083984,21.03784942626953,69.52689361572266,54.291587829589844,72.7699966430664,13.550000190734863,179.17999267578125,150.6300048828125,25.440000534057617,24.059999465942383,55.06999969482422,66.69999694824219,43.65999984741211,104.45999908447266,32.5,94.30999755859375,222.8699951171875,34.560001373291016,135.2100067138672,91.19999694824219,84.2300033569336,55.54999923706055,59.75190734863281,46.619998931884766,31.81999969482422,4.127500057220459,31.897533416748047,126.4000015258789,56.779998779296875,67.44000244140625,50.26333236694336,36.40999984741211,189.19000244140625,52.08000183105469,68.02999877929688,54.939998626708984,32.97999954223633,24.809999465942383,80.55000305175781,80.8499984741211,72.7699966430664,13.739999771118164,179.1999969482422,150.82000732421875,25.45400047302246,24.200000762939453,55.20000076293945,67.36000061035156,43.75,104.4800033569336,32.650001525878906,94.55000305175781,224.1999969482422,34.68000030517578,135.41000366210938,91.62000274658203,84.27999877929688,55.709999084472656,59.95228958129883,47.0,32.349998474121094,4.184999942779541,31.963947296142578,126.80999755859375,56.939998626708984,67.63999938964844,50.276668548583984,36.41999816894531,189.41000366210938,52.779998779296875,68.69000244140625,55.209999084472656,33.0099983215332,24.920000076293945,80.55000305175781,80.87000274658203,72.0199966430664,13.40999984741211,176.52000427246094,147.9600067138672,25.05500030517578,23.809999465942383,54.61000061035156,66.5,42.939998626708984,103.51000213623047,31.219999313354492,91.55999755859375,221.6699981689453,34.459999084472656,134.52000427246094,91.0,83.5199966430664,54.7400016784668,59.58015441894531,45.97999954223633,31.649999618530273,4.115250110626221,31.603416442871094,125.41999816894531,56.0099983215332,66.0999984741211,49.91999816894531,36.060001373291016,187.50999450683594,51.779998779296875,67.54000091552734,54.689998626708984,32.44499969482422,24.719999313354492,80.23999786376953,80.2699966430664,72.4800033569336,13.619999885559082,178.10000610351562,148.6199951171875,25.200000762939453,24.049999237060547,54.77000045776367,67.1500015258789,42.95000076293945,103.55999755859375,31.290000915527344,91.55999755859375,222.91000366210938,34.68000030517578,134.83999633789062,91.33999633789062,83.5199966430664,54.900001525878906,59.63740539550781,46.95000076293945,32.04999923706055,4.158249855041504,31.660341262817383,126.06999969482422,56.459999084472656,66.12999725341797,50.09000015258789,36.060001373291016,187.50999450683594,52.06999969482422,67.5999984741211,54.79999923706055,32.470001220703125,24.850000381469727,80.23999786376953,80.44000244140625,3904100,51957800,2440700,2528800,25526000,74140100,3321700,12687300,8823000,4932000,5498500,3937500,4884600,17036200,5503300,11651200,2297400,3365600,5972657,17586300,19984100,687044000,19825951,1966100,8783700,6642300,1410600,7033800,3401600,6201500,3481900,12366200,49605400,48259400,8177900,9393200
2017-07-20,51.363067626953125,13.800000190734863,136.67262268066406,141.6652374267578,19.80145263671875,19.542808532714844,40.52393341064453,49.80893325805664,32.679447174072266,71.30459594726562,22.5356388092041,68.79658508300781,184.11534118652344,28.7845458984375,107.30416870117188,72.15068817138672,74.01718139648438,42.13886642456055,45.840877532958984,35.83281707763672,31.20918846130371,4.134365081787109,21.17551612854004,94.23139953613281,42.71437072753906,52.13732147216797,46.281002044677734,29.704816818237305,166.00233459472656,37.478004455566406,47.63069152832031,42.84632110595703,22.601482391357422,21.029361724853516,69.9843521118164,54.29829406738281,74.01000213623047,13.800000190734863,179.32000732421875,153.82000732421875,25.343000411987305,23.940000534057617,55.439998626708984,66.36000061035156,43.22999954223633,104.62999725341797,31.989999771118164,93.66000366210938,222.3000030517578,34.75,136.57000732421875,91.19999694824219,84.75,55.400001525878906,60.0572509765625,46.5099983215332,32.0,4.1875,31.821632385253906,126.94999694824219,53.970001220703125,67.0199966430664,50.40999984741211,36.099998474121094,191.5,52.47999954223633,67.5199966430664,54.880001068115234,32.880001068115234,24.799999237060547,81.08000183105469,80.86000061035156,74.22000122070312,13.890000343322754,180.72999572753906,154.35000610351562,25.5,24.1200008392334,55.720001220703125,67.04000091552734,43.83000183105469,105.37000274658203,32.810001373291016,95.73999786376953,224.75999450683594,34.84000015258789,137.0800018310547,91.72000122070312,85.12000274658203,55.83000183105469,60.343509674072266,47.189998626708984,32.02000045776367,4.187749862670898,31.973434448242188,127.62000274658203,55.43000030517578,67.9000015258789,50.47666549682617,36.40999984741211,191.9199981689453,52.84000015258789,68.43000030517578,55.310001373291016,33.28499984741211,24.940000534057617,81.20999908447266,81.48999786376953,72.94000244140625,13.449999809265137,178.8800048828125,151.36000061035156,25.235000610351562,23.829999923706055,55.18000030517578,66.33000183105469,43.099998474121094,103.81999969482422,31.959999084472656,93.56999969482422,221.61000061035156,34.47999954223633,135.6199951171875,90.9000015258789,84.41000366210938,54.810001373291016,59.98091506958008,46.349998474121094,31.420000076293945,4.097750186920166,31.631879806518555,126.22000122070312,53.459999084472656,66.76000213623047,49.866668701171875,36.08000183105469,188.9199981689453,52.27000045776367,67.30000305175781,54.68000030517578,32.790000915527344,24.75,80.61000061035156,80.75,72.98999786376953,13.609999656677246,179.0500030517578,152.24000549316406,25.450000762939453,24.020000457763672,55.279998779296875,66.62000274658203,43.779998779296875,105.0,32.709999084472656,95.0,223.0,34.540000915527344,135.72999572753906,91.1500015258789,84.52999877929688,55.7599983215332,60.02862548828125,46.349998474121094,31.93000030517578,4.148250102996826,31.755218505859375,126.38999938964844,55.11000061035156,67.7699966430664,50.28333282470703,36.40999984741211,189.41000366210938,52.38999938964844,68.38999938964844,54.959999084472656,33.165000915527344,24.829999923706055,80.73999786376953,80.97000122070312,5329700,47707500,3039300,2971500,12135000,62793500,3862400,14027600,7663000,5367800,4954600,4078200,3497800,17506200,6088600,11561700,2980600,3000500,6974545,10652400,23179300,699596000,17870043,2158400,35943900,7458200,1527000,6996600,3099600,8650400,2914800,15123500,34318600,40163500,8276800,9681000
2017-07-21,51.7933349609375,13.880000114440918,137.35093688964844,142.09808349609375,19.77644920349121,19.428525924682617,40.67742919921875,49.53872299194336,32.24099349975586,70.36412811279297,22.51450538635254,68.24568939208984,182.35948181152344,28.767982482910156,106.31415557861328,71.90544891357422,73.9385986328125,42.09321594238281,45.615089416503906,35.89444351196289,31.218944549560547,4.149175643920898,21.137638092041016,93.70441436767578,42.611488342285156,51.75615310668945,45.886234283447266,29.499101638793945,166.24501037597656,37.22091293334961,47.8140983581543,42.29201126098633,22.378082275390625,21.029361724853516,69.90665435791016,53.80137252807617,74.62999725341797,13.880000114440918,180.2100067138672,154.2899932861328,25.31100082397461,23.799999237060547,55.650001525878906,66.0,42.650001525878906,103.25,31.959999084472656,92.91000366210938,220.17999267578125,34.72999954223633,135.30999755859375,90.88999938964844,84.66000366210938,55.34000015258789,59.761451721191406,46.59000015258789,32.0099983215332,4.202499866485596,31.764705657958984,126.23999786376953,53.84000015258789,66.52999877929688,49.97999954223633,35.849998474121094,191.77999877929688,52.119998931884766,67.77999877929688,54.16999816894531,32.55500030517578,24.799999237060547,80.98999786376953,80.12000274658203,75.04000091552734,14.050000190734863,180.5500030517578,154.35000610351562,25.351999282836914,23.959999084472656,55.77000045776367,66.44000244140625,43.15999984741211,104.37999725341797,32.09000015258789,93.80000305175781,222.30999755859375,34.81999969482422,136.27000427246094,91.36000061035156,84.95999908447266,55.56999969482422,60.114505767822266,46.790000915527344,32.099998474121094,4.232500076293945,31.859582901000977,127.37000274658203,54.0,68.95999908447266,50.08000183105469,36.060001373291016,193.0,52.47999954223633,67.87000274658203,54.619998931884766,32.92499923706055,24.8799991607666,81.11000061035156,80.83999633789062,73.8499984741211,13.619999885559082,179.16000366210938,152.64999389648438,25.04599952697754,23.65999984741211,55.380001068115234,65.88999938964844,42.56999969482422,103.1500015258789,31.489999771118164,92.37999725341797,219.08999633789062,34.400001525878906,135.10000610351562,90.5199966430664,84.30999755859375,54.84000015258789,59.713741302490234,46.099998474121094,31.6200008392334,4.152249813079834,31.679317474365234,125.87999725341797,53.369998931884766,66.19999694824219,49.733333587646484,35.70000076293945,190.60000610351562,51.880001068115234,67.01000213623047,54.099998474121094,32.5099983215332,24.729999542236328,80.8499984741211,80.0,73.9800033569336,13.699999809265137,179.25999450683594,153.08999633789062,25.152999877929688,23.84000015258789,55.40999984741211,66.0999984741211,42.959999084472656,104.18000030517578,31.940000534057617,93.38999938964844,221.88999938964844,34.540000915527344,135.3300018310547,91.05999755859375,84.62000274658203,55.34000015258789,59.91412353515625,46.119998931884766,31.899999618530273,4.166749954223633,31.755218505859375,126.41000366210938,53.65999984741211,67.80000305175781,50.08000183105469,36.060001373291016,191.3800048828125,52.310001373291016,67.5199966430664,54.43000030517578,32.77000045776367,24.729999542236328,80.91000366210938,80.6500015258789,4961500,51045700,2674700,938400,15504000,65922500,5009100,14075500,6480600,5304100,3774900,2665700,3446600,22245000,6773500,10971300,3064400,2101900,7237907,9021300,21146600,648332000,12673718,1445300,12113100,10910300,984000,5023500,4911500,6528000,2725700,17384500,26095200,39108400,4043600,12268600
2017-07-24,51.293663024902344,14.15999984741211,137.998779296875,141.59158325195312,19.77019691467285,19.51832389831543,40.6408805847168,49.613792419433594,32.21076202392578,70.33004760742188,22.359521865844727,68.53948974609375,180.70297241210938,28.577463150024414,104.50701141357422,72.21399688720703,74.00845336914062,42.26055908203125,45.57138442993164,35.986900329589844,30.887344360351562,4.10104513168335,21.036623001098633,94.37242126464844,42.120792388916016,51.67059326171875,45.74851608276367,29.803560256958008,165.47357177734375,37.699371337890625,47.743560791015625,42.370079040527344,22.336835861206055,21.12264633178711,69.88079071044922,53.63349151611328,73.91000366210938,14.15999984741211,181.05999755859375,153.74000549316406,25.30299949645996,23.90999984741211,55.599998474121094,66.0999984741211,42.61000061035156,103.19999694824219,31.739999771118164,93.30999755859375,218.17999267578125,34.5,133.00999450683594,91.27999877929688,84.73999786376953,55.560001373291016,59.70419692993164,46.709999084472656,31.670000076293945,4.153749942779541,31.612903594970703,127.13999938964844,53.220001220703125,66.41999816894531,49.83000183105469,36.220001220703125,190.88999938964844,52.790000915527344,67.68000030517578,54.27000045776367,32.494998931884766,24.90999984741211,80.95999908447266,79.87000274658203,74.75,14.4399995803833,181.4600067138672,154.5,25.368000030517578,24.030000686645508,55.939998626708984,66.43000030517578,42.959999084472656,103.56999969482422,32.25,94.68000030517578,219.72999572753906,34.79999923706055,135.16000366210938,91.54000091552734,85.52999877929688,55.869998931884766,60.01908493041992,46.970001220703125,32.0099983215332,4.2195000648498535,31.736242294311523,127.43000030517578,53.880001068115234,66.83999633789062,50.0533332824707,36.220001220703125,192.1699981689453,52.959999084472656,68.08999633789062,54.40999984741211,32.67499923706055,24.940000534057617,81.04000091552734,80.22000122070312,73.83999633789062,13.970000267028809,178.66000366210938,153.05999755859375,25.16900062561035,23.729999542236328,55.150001525878906,65.91000366210938,42.540000915527344,102.91999816894531,31.540000915527344,92.9000015258789,218.0,34.380001068115234,132.85000610351562,90.91000366210938,84.51000213623047,55.33000183105469,59.63740539550781,46.459999084472656,31.5,4.14300012588501,31.47058868408203,126.13999938964844,53.09000015258789,65.8499984741211,49.72999954223633,36.0099983215332,190.63999938964844,52.029998779296875,67.54000091552734,54.040000915527344,32.41999816894531,24.790000915527344,80.61000061035156,79.76000213623047,74.62999725341797,14.0,180.19000244140625,153.8800048828125,25.32900047302246,23.739999771118164,55.650001525878906,65.91999816894531,42.72999954223633,103.18000030517578,31.8799991607666,93.0199966430664,218.94000244140625,34.72999954223633,134.99000549316406,90.95999908447266,84.66000366210938,55.56999969482422,59.67557144165039,46.5,32.0,4.209750175476074,31.669828414916992,126.23999786376953,53.75,66.68000030517578,50.0533332824707,36.11000061035156,191.7899932861328,52.099998474121094,67.62999725341797,54.099998474121094,32.625,24.790000915527344,80.91999816894531,80.05999755859375,5497800,71014900,2503100,1272100,13638000,51382700,6700900,14848400,6094100,4080400,4171200,2588900,3123100,16146300,8306700,10725100,3952200,2306100,8157318,7443600,17415500,652524000,15558937,1495400,8832200,6211000,1212600,6842100,2356500,8016200,2318800,18489900,20866800,26364800,4476800,9403000
2017-07-25,50.32898712158203,14.109999656677246,137.8692169189453,140.6613311767578,19.869436264038086,19.983625411987305,40.8967170715332,51.06241989135742,32.9969482421875,71.14102172851562,23.233049392700195,69.68536376953125,183.51901245117188,28.71827507019043,103.61920166015625,73.41649627685547,71.78137969970703,42.61044692993164,45.41843795776367,36.6802978515625,29.161087036132812,4.081298351287842,20.897724151611328,95.99800872802734,42.160369873046875,52.12957000732422,45.708740234375,29.704816818237305,165.04872131347656,37.97075653076172,48.27970504760742,42.986854553222656,22.618669509887695,21.38551139831543,69.38016510009766,53.902099609375,72.5199966430664,14.109999656677246,180.88999938964844,152.72999572753906,25.43000030517578,24.479999542236328,55.95000076293945,68.02999877929688,43.650001525878906,104.38999938964844,32.97999954223633,94.87000274658203,221.5800018310547,34.66999816894531,131.8800048828125,92.80000305175781,82.19000244140625,56.02000045776367,59.50381851196289,47.61000061035156,29.899999618530273,4.133749961853027,31.4041748046875,129.3300018310547,53.27000045776367,67.01000213623047,49.78666687011719,36.099998474121094,190.39999389648438,53.16999816894531,68.44000244140625,55.060001373291016,32.904998779296875,25.219999313354492,80.37999725341797,80.2699966430664,74.55000305175781,14.319999694824219,182.60000610351562,154.3800048828125,25.44099998474121,24.670000076293945,56.18000030517578,68.41999816894531,43.959999084472656,105.1500015258789,33.40999984741211,95.6500015258789,222.8699951171875,34.7400016784668,133.85000610351562,93.5199966430664,84.4000015258789,56.63999938964844,60.114505767822266,48.040000915527344,30.829999923706055,4.148250102996826,31.764705657958984,130.0,53.650001525878906,67.55000305175781,49.90666580200195,36.25,192.47999572753906,53.709999084472656,68.72000122070312,55.40999984741211,33.13999938964844,25.31999969482422,81.20999908447266,81.05000305175781,72.47000122070312,13.869999885559082,180.33999633789062,152.55999755859375,25.01799964904785,24.239999771118164,55.77000045776367,67.80999755859375,43.22999954223633,104.31999969482422,32.2400016784668,94.44000244140625,220.17999267578125,34.400001525878906,131.4499969482422,92.2699966430664,80.7699966430664,55.95000076293945,59.39885330200195,47.22999954223633,29.649999618530273,4.0894999504089355,31.31878662109375,128.8699951171875,53.06999969482422,66.93000030517578,49.27333450317383,35.970001220703125,190.3000030517578,53.13999938964844,67.94000244140625,54.90999984741211,32.810001373291016,25.149999618530273,80.26000213623047,80.2699966430664,74.4000015258789,14.289999961853027,182.0500030517578,154.35000610351562,25.280000686645508,24.25,55.86000061035156,67.93000030517578,43.349998474121094,104.44999694824219,32.349998474121094,94.77999877929688,220.33999633789062,34.54999923706055,133.74000549316406,92.37000274658203,83.73999786376953,56.13999938964844,59.97137451171875,47.22999954223633,30.799999237060547,4.130499839782715,31.669828414916992,129.38999938964844,53.20000076293945,67.0,49.72666549682617,36.0099983215332,192.1300048828125,53.38999938964844,67.9800033569336,55.0,32.8849983215332,25.190000534057617,81.1500015258789,80.7699966430664,6354200,98047400,3343200,974600,16123000,86154700,7312900,30833600,8641100,7093800,5465300,2811200,3509500,18096700,6262900,16447700,13319900,4102400,6241783,11885000,51216400,496556000,20856025,2977400,7112100,6947200,1203600,5276300,1960100,7446100,3131100,20167800,30958600,75786800,8486000,11465300
2017-07-26,50.377567291259766,14.760000228881836,134.05836486816406,142.3191375732422,20.081172943115234,19.763214111328125,40.91863250732422,51.0248908996582,33.03474807739258,71.63851165771484,23.240093231201172,69.59721374511719,184.07391357421875,28.7845458984375,102.88847351074219,72.72821044921875,71.47570037841797,42.33662796020508,45.01057434082031,36.37210464477539,29.07330894470215,4.128442287445068,20.765132904052734,94.53573608398438,42.057498931884766,52.114009857177734,46.21062088012695,29.803560256958008,165.3521728515625,37.442298889160156,47.96223449707031,42.869747161865234,22.64272689819336,21.241357803344727,69.14707946777344,53.9692497253418,72.58999633789062,14.760000228881836,175.88999938964844,154.52999877929688,25.701000213623047,24.209999084472656,55.97999954223633,67.9800033569336,43.70000076293945,105.12000274658203,32.9900016784668,94.75,222.25,34.75,130.9499969482422,91.93000030517578,81.83999633789062,55.65999984741211,58.96946716308594,47.209999084472656,29.809999465942383,4.18149995803833,31.204933166503906,127.36000061035156,53.13999938964844,66.98999786376953,50.33333206176758,36.220001220703125,190.75,52.43000030517578,67.98999786376953,54.90999984741211,32.939998626708984,25.049999237060547,80.11000061035156,80.37000274658203,72.69000244140625,15.649999618530273,178.86000061035156,154.6999969482422,25.819000244140625,24.670000076293945,56.150001525878906,68.83999633789062,44.380001068115234,106.08000183105469,33.83000183105469,96.0999984741211,223.74000549316406,34.970001220703125,132.24000549316406,93.19000244140625,81.87999725341797,56.61000061035156,59.48473358154297,47.849998474121094,30.049999237060547,4.2482500076293945,31.4041748046875,129.5500030517578,53.349998474121094,68.16000366210938,50.54999923706055,36.25,191.52999877929688,53.5,68.52999877929688,55.33000183105469,33.31999969482422,25.290000915527344,80.27999877929688,80.9000015258789,71.94999694824219,14.399999618530273,175.1999969482422,152.91000366210938,25.461999893188477,24.139999389648438,55.5,67.79000091552734,43.58000183105469,104.19999694824219,32.779998779296875,94.6500015258789,221.8699951171875,34.59000015258789,130.75,91.68000030517578,81.04000091552734,55.63999938964844,58.893131256103516,47.119998931884766,29.68000030517578,4.146249771118164,31.148008346557617,126.79000091552734,52.7400016784668,66.72000122070312,50.04999923706055,35.939998626708984,189.3800048828125,52.29999923706055,67.80000305175781,54.810001373291016,32.849998474121094,24.989999771118164,79.88999938964844,80.19999694824219,72.37000274658203,15.130000114440918,176.00999450683594,153.0,25.4689998626709,24.670000076293945,55.95000076293945,68.47000122070312,43.90999984741211,104.62999725341797,33.349998474121094,95.66000366210938,222.4499969482422,34.70000076293945,131.66000366210938,93.0999984741211,81.56999969482422,56.38999938964844,59.45610809326172,47.720001220703125,29.850000381469727,4.191999912261963,31.39468765258789,129.1699981689453,53.290000915527344,67.4800033569336,50.22999954223633,36.099998474121094,190.02000427246094,53.36000061035156,68.51000213623047,55.31999969482422,33.09000015258789,25.25,80.19999694824219,80.58000183105469,4877000,236083000,5446100,768800,19971000,65704700,8049300,19228500,7124500,5881400,6258300,2862100,2792500,15499300,5382200,11815500,7030500,4010500,9816302,9034500,26387400,640404000,16572674,2554700,7581500,8350800,2004600,4342200,2683500,6309000,3356800,19686900,42422800,56086500,4964100,10465100
2017-07-27,49.780731201171875,14.119999885559082,131.20782470703125,141.1310577392578,19.607683181762695,19.681589126586914,39.646785736083984,50.739662170410156,33.76042938232422,72.31318664550781,23.578237533569336,70.5007095336914,183.4362030029297,28.966777801513672,102.794189453125,72.42758178710938,72.50625610351562,42.709327697753906,46.387115478515625,36.472801208496094,29.49268341064453,3.9921932220458984,20.834583282470703,94.76585388183594,41.54304122924805,52.728580474853516,45.50676345825195,29.770645141601562,163.77450561523438,37.442298889160156,47.680076599121094,42.71359634399414,22.873010635375977,21.12264633178711,68.67235565185547,54.278141021728516,71.7300033569336,14.119999885559082,172.14999389648438,153.24000549316406,25.094999313354492,24.110000610351562,54.2400016784668,67.5999984741211,44.65999984741211,106.11000061035156,33.470001220703125,95.9800033569336,221.47999572753906,34.970001220703125,130.8300018310547,91.55000305175781,83.0199966430664,56.150001525878906,60.77289962768555,47.09000015258789,30.239999771118164,4.043499946594238,31.309297561645508,127.66999816894531,52.4900016784668,67.77999877929688,49.56666564941406,36.18000030517578,188.92999267578125,52.43000030517578,67.58999633789062,54.709999084472656,33.275001525878906,24.90999984741211,79.55999755859375,80.83000183105469,72.80000305175781,15.039999961853027,175.47999572753906,155.72999572753906,25.849000930786133,24.450000762939453,54.439998626708984,68.72000122070312,44.65999984741211,106.31999969482422,33.470001220703125,95.98999786376953,222.7100067138672,35.25,131.14999389648438,92.05999755859375,83.05000305175781,56.459999084472656,61.593509674072266,47.599998474121094,31.299999237060547,4.218500137329102,31.309297561645508,128.1999969482422,53.369998931884766,67.80000305175781,50.54999923706055,36.61000061035156,190.49000549316406,52.4900016784668,68.83000183105469,54.959999084472656,33.290000915527344,25.110000610351562,80.19000244140625,80.87999725341797,70.87999725341797,13.699999809265137,170.52999877929688,151.47999572753906,24.895000457763672,24.030000686645508,52.060001373291016,67.36000061035156,43.81999969482422,104.61000061035156,32.849998474121094,94.30000305175781,220.42999267578125,34.66999816894531,129.57000732421875,91.16000366210938,81.45999908447266,53.5099983215332,59.92366409301758,46.630001068115234,29.670000076293945,3.938999891281128,31.015180587768555,126.7300033569336,52.22999954223633,66.38999938964844,48.97666549682617,35.959999084472656,188.4600067138672,51.91999816894531,66.61000061035156,54.38999938964844,32.79999923706055,24.799999237060547,79.2300033569336,79.9000015258789,72.77999877929688,14.989999771118164,175.0,154.89999389648438,25.820999145507812,24.260000228881836,53.33000183105469,68.0,44.34000015258789,104.87999725341797,32.939998626708984,94.62000274658203,221.83999633789062,34.779998779296875,130.85000610351562,91.83000183105469,81.76000213623047,54.27000045776367,60.75381851196289,47.13999938964844,30.270000457763672,4.20674991607666,31.110057830810547,127.27999877929688,53.08000183105469,66.95999908447266,50.483333587646484,36.540000915527344,190.24000549316406,52.40999984741211,68.0,54.86000061035156,32.95000076293945,25.100000381469727,80.19000244140625,80.23999786376953,7389300,130303700,5523200,1019400,32010000,62902100,21645100,22650200,9803100,5888400,3591200,2615700,2812500,43062800,5838100,12332400,5577400,5047400,22894922,9439300,38967000,782856000,17561221,2478700,14069200,6968600,2827800,7243100,2631400,6963400,4377800,17352600,31631800,67826200,12536800,11149700
2017-07-28,48.88547134399414,13.949999809265137,133.0294189453125,140.4771728515625,19.562368392944336,19.616281509399414,40.39966583251953,50.61207580566406,34.21401596069336,73.68299102783203,23.395078659057617,70.08935546875,185.20033264160156,29.248411178588867,103.59561157226562,72.21399688720703,72.57611846923828,41.819393157958984,46.6930046081543,36.13976287841797,28.556411743164062,4.057602405548096,20.929285049438477,94.7509994506836,41.85171127319336,53.25758361816406,45.332313537597656,29.507341384887695,165.6988983154297,37.542266845703125,47.045188903808594,41.612770080566406,22.84550666809082,21.12264633178711,69.01761627197266,53.45219802856445,70.44000244140625,13.949999809265137,174.5399932861328,152.52999877929688,25.03700065612793,24.030000686645508,55.27000045776367,67.43000030517578,45.2599983215332,108.12000274658203,33.209999084472656,95.41999816894531,223.61000061035156,35.310001373291016,131.85000610351562,91.27999877929688,83.0999984741211,54.97999954223633,61.17366409301758,46.65999984741211,29.280000686645508,4.109749794006348,31.45161247253418,127.6500015258789,52.880001068115234,68.45999908447266,49.37666702270508,35.86000061035156,191.14999389648438,52.56999969482422,66.69000244140625,53.29999923706055,33.23500061035156,24.90999984741211,79.95999908447266,79.5999984741211,72.44000244140625,14.100000381469727,175.05999755859375,152.8800048828125,25.11199951171875,24.209999084472656,55.59000015258789,67.7699966430664,45.939998626708984,109.12999725341797,34.13999938964844,96.9000015258789,223.6699981689453,35.86000061035156,131.99000549316406,91.75,83.22000122070312,56.209999084472656,61.41221237182617,47.20000076293945,29.979999542236328,4.134500026702881,31.47058868408203,128.02000427246094,52.9900016784668,69.04000091552734,49.58000183105469,36.06999969482422,191.24000549316406,52.720001220703125,67.58000183105469,54.56999969482422,33.564998626708984,24.979999542236328,80.05999755859375,79.91999816894531,69.37999725341797,13.680000305175781,171.7100067138672,151.64999389648438,24.75,23.959999084472656,53.939998626708984,67.0,44.619998931884766,106.36000061035156,33.09000015258789,95.02999877929688,220.86000061035156,35.0,130.52000427246094,90.91000366210938,82.5,54.93000030517578,60.32442855834961,46.459999084472656,28.959999084472656,3.9820001125335693,31.129032135009766,126.77999877929688,52.27000045776367,67.5,49.133331298828125,35.70000076293945,187.60000610351562,52.15999984741211,65.94999694824219,53.18000030517578,33.11000061035156,24.770000457763672,79.25,78.2699966430664,71.63999938964844,13.850000381469727,171.97999572753906,151.6999969482422,24.892000198364258,24.049999237060547,54.2400016784668,67.41999816894531,44.72999954223633,106.70999908447266,33.369998931884766,96.01000213623047,221.77000427246094,35.130001068115234,131.13999938964844,91.44999694824219,82.87000274658203,55.91999816894531,60.88740539550781,46.97999954223633,29.959999084472656,4.00724983215332,31.36622428894043,127.56999969482422,52.27000045776367,67.54000091552734,49.34000015258789,36.04999923706055,189.11000061035156,52.400001525878906,67.47000122070312,54.29999923706055,33.165000915527344,24.8700008392334,79.58999633789062,79.6500015258789,8012400,66763800,2463500,539100,31919000,50143400,9099600,13604500,10794900,7812600,4323600,2977100,2483200,36291500,4970900,9351900,3820100,3412400,13982521,7959600,31854900,513348000,17116117,1568000,6644300,10545600,1205700,3678400,1925000,5283300,7105600,32590600,29530000,43735800,6426100,22800800
2017-07-31,48.51765823364258,13.609999656677246,133.00653076171875,138.45101928710938,19.27248764038086,19.689748764038086,41.59111022949219,51.377655029296875,34.29715347290039,74.4122085571289,23.46552085876465,69.88370513916016,186.62490844726562,29.38094139099121,104.27918243408203,72.62537384033203,72.19187927246094,42.587642669677734,46.525489807128906,36.32564926147461,27.42507553100586,4.0111985206604,20.935604095458984,95.60462951660156,42.097049713134766,53.366485595703125,44.98040008544922,29.589624404907227,166.27098083496094,37.692230224609375,48.65357208251953,42.11244201660156,22.897066116333008,21.275270462036133,68.95719909667969,53.747642517089844,69.91000366210938,13.609999656677246,174.50999450683594,150.3300018310547,24.666000366210938,24.1200008392334,56.900001525878906,68.44999694824219,45.369998931884766,109.19000244140625,33.310001373291016,95.13999938964844,225.3300018310547,35.470001220703125,132.72000122070312,91.80000305175781,82.66000366210938,55.9900016784668,60.95419692993164,46.900001525878906,28.1200008392334,4.062749862670898,31.461101531982422,128.8000030517578,53.189998626708984,68.5999984741211,48.99333190917969,35.959999084472656,191.80999755859375,52.779998779296875,68.97000122070312,53.939998626708984,33.310001373291016,25.09000015258789,79.88999938964844,80.04000091552734,70.58000183105469,14.220000267028809,176.7899932861328,152.33999633789062,25.2450008392334,24.299999237060547,57.20000076293945,68.6500015258789,45.869998931884766,110.0,33.709999084472656,95.9000015258789,225.5,35.7400016784668,133.5800018310547,92.36000061035156,83.76000213623047,56.20000076293945,61.364505767822266,47.150001525878906,29.549999237060547,4.159999847412109,31.679317474365234,129.27999877929688,53.29999923706055,68.79000091552734,49.63999938964844,36.400001525878906,192.61000061035156,53.189998626708984,69.44000244140625,54.220001220703125,33.5,25.18000030517578,80.22000122070312,80.38999938964844,69.83000183105469,13.470000267028809,174.25,149.91000366210938,24.54599952697754,24.09000015258789,55.5,67.5199966430664,45.20000076293945,108.1500015258789,32.91999816894531,94.7699966430664,223.0500030517578,35.31999969482422,132.10000610351562,91.5,82.62999725341797,55.02000045776367,60.60114669799805,46.599998474121094,27.8700008392334,4.015500068664551,31.44212532043457,127.45999908447266,52.75,67.69000244140625,48.856666564941406,35.849998474121094,191.13999938964844,52.68000030517578,66.87999725341797,53.400001525878906,33.154998779296875,24.969999313354492,79.87999725341797,79.5999984741211,70.5199966430664,14.09000015258789,174.50999450683594,151.74000549316406,25.097999572753906,24.1200008392334,55.59000015258789,67.87000274658203,45.33000183105469,108.38999938964844,33.02000045776367,95.31999969482422,223.9499969482422,35.470001220703125,132.13999938964844,91.51000213623047,83.33999633789062,55.15999984741211,61.3072509765625,46.939998626708984,29.43000030517578,4.123499870300293,31.5085391998291,127.91000366210938,53.099998474121094,68.44000244140625,49.383331298828125,36.029998779296875,191.58999633789062,52.68000030517578,67.08000183105469,53.41999816894531,33.244998931884766,25.0,80.05999755859375,79.83000183105469,7770400,69108700,2424800,868100,18902000,62272000,10824300,23059300,8368400,7561200,3790700,2988600,1994900,27057000,5440800,11520300,4083000,2973100,12277215,6764600,41112700,559672000,23169660,2013200,11302700,10621100,1517400,7757600,3767100,5333100,7354800,20378100,27039000,43039300,5516800,12820200
2017-08-01,48.84381866455078,13.710000038146973,132.71693420410156,138.994384765625,19.407663345336914,19.959136962890625,41.01366424560547,52.2408332824707,33.82848358154297,75.49577331542969,23.233049392700195,69.38419342041016,188.008056640625,30.109880447387695,104.11417388916016,73.59848022460938,71.9385986328125,42.99835968017578,46.55463409423828,36.56574630737305,27.6396427154541,4.060070514678955,20.885101318359375,96.7996826171875,42.27116394042969,53.685455322265625,45.25886154174805,29.490875244140625,166.6351318359375,37.81364059448242,48.54775619506836,42.221744537353516,22.89362335205078,21.427902221679688,68.80182647705078,53.834957122802734,70.37999725341797,13.710000038146973,174.1300048828125,150.9199981689453,24.839000701904297,24.450000762939453,56.11000061035156,69.5999984741211,44.75,110.77999877929688,32.97999954223633,94.45999908447266,227.0,36.349998474121094,132.50999450683594,93.02999877929688,82.37000274658203,56.529998779296875,60.992366790771484,47.209999084472656,28.34000015258789,4.112249851226807,31.38519859313965,130.41000366210938,53.40999984741211,69.01000213623047,49.29666519165039,35.84000015258789,192.22999572753906,52.95000076293945,68.81999969482422,54.08000183105469,33.30500030517578,25.270000457763672,79.70999908447266,80.16999816894531,70.83999633789062,13.859999656677246,175.11000061035156,152.10000610351562,25.0,24.489999771118164,57.16999816894531,69.62000274658203,45.33000183105469,110.97000122070312,33.599998474121094,95.58000183105469,228.6199951171875,36.43000030517578,133.35000610351562,93.13999938964844,83.1500015258789,56.810001373291016,61.32633590698242,47.529998779296875,28.940000534057617,4.113999843597412,31.59392738342285,130.41000366210938,53.43000030517578,69.01000213623047,49.29999923706055,35.9900016784668,193.39999389648438,53.18000030517578,69.75,54.38999938964844,33.494998931884766,25.290000915527344,80.18000030517578,80.54000091552734,69.8499984741211,13.449999809265137,173.66000366210938,150.57000732421875,24.695999145507812,24.270000457763672,55.66999816894531,68.75,44.619998931884766,109.41999816894531,32.619998931884766,94.05000305175781,226.72999572753906,35.56999969482422,132.27999877929688,92.27999877929688,82.12000274658203,55.90999984741211,60.84923553466797,47.060001373291016,27.829999923706055,4.025000095367432,31.043643951416016,129.14999389648438,52.90999984741211,68.05000305175781,48.900001525878906,35.709999084472656,191.6199951171875,52.54999923706055,68.7300033569336,53.849998474121094,33.15999984741211,25.139999389648438,79.61000061035156,79.97000122070312,70.02999877929688,13.720000267028809,174.80999755859375,151.9499969482422,24.822999954223633,24.290000915527344,57.150001525878906,69.08999633789062,45.33000183105469,109.54000091552734,33.25,94.91000366210938,227.08999633789062,35.65999984741211,133.1699981689453,92.48999786376953,82.86000061035156,56.11000061035156,61.106868743896484,47.25,28.219999313354492,4.053249835968018,31.347248077392578,129.58999633789062,53.29999923706055,68.5,49.13999938964844,35.95000076293945,193.39999389648438,52.959999084472656,69.3499984741211,54.22999954223633,33.33000183105469,25.260000228881836,80.18000030517578,80.16000366210938,6681700,49149900,2069600,391600,17582000,52782500,11075300,22974700,6685100,8162900,4659300,3802000,2986800,38710200,3837600,12523700,3439400,2918400,6802463,6330000,28221600,431384000,28072552,2392700,9372100,10295700,1002000,5437300,3336800,9790900,5330100,19350300,25337400,60987500,8678800,10421200
2017-08-02,49.072853088378906,13.369999885559082,132.96844482421875,139.0864715576172,19.795991897583008,20.073423385620117,40.37042236328125,52.105743408203125,34.47860336303711,75.2777099609375,23.528926849365234,67.81231689453125,187.40342712402344,30.35009002685547,103.83917999267578,73.6617431640625,71.4582290649414,42.74736785888672,46.20502471923828,36.65868377685547,27.922468185424805,4.057602405548096,20.98709487915039,97.0000991821289,42.08122634887695,53.77880096435547,44.931419372558594,29.680137634277344,167.3025665283203,37.842201232910156,48.322021484375,42.166690826416016,22.807701110839844,21.46183204650879,68.6464614868164,54.12369918823242,70.70999908447266,13.369999885559082,174.4600067138672,151.02000427246094,25.336000442504883,24.59000015258789,55.22999954223633,69.41999816894531,45.61000061035156,110.45999908447266,33.400001525878906,92.31999969482422,226.27000427246094,36.63999938964844,132.16000366210938,93.11000061035156,81.81999969482422,56.20000076293945,60.53435134887695,47.33000183105469,28.6299991607666,4.109749794006348,31.233396530151367,130.67999267578125,53.16999816894531,69.12999725341797,48.939998626708984,36.06999969482422,193.0,52.9900016784668,68.5,53.619998931884766,33.18000030517578,25.309999465942383,79.52999877929688,80.5999984741211,70.73999786376953,13.930000305175781,174.58999633789062,152.88999938964844,25.72800064086914,24.59000015258789,56.45000076293945,69.6500015258789,45.630001068115234,111.19999694824219,33.720001220703125,93.27999877929688,227.72999572753906,36.66999816894531,132.5,93.20999908447266,82.16999816894531,56.689998626708984,61.03053283691406,47.459999084472656,29.43000030517578,4.147749900817871,31.233396530151367,130.92999267578125,53.38999938964844,69.37000274658203,49.686668395996094,36.470001220703125,193.4499969482422,53.029998779296875,69.16999816894531,53.959999084472656,33.314998626708984,25.329999923706055,79.69999694824219,80.63999938964844,69.93000030517578,13.119999885559082,173.2100067138672,150.30999755859375,25.106000900268555,24.260000228881836,55.099998474121094,68.81999969482422,44.27000045776367,109.8499984741211,32.04999923706055,89.8499984741211,225.57000732421875,36.060001373291016,131.5,92.51000213623047,81.06999969482422,56.060001373291016,60.27671813964844,46.83000183105469,28.219999313354492,4.031750202178955,31.024667739868164,129.8000030517578,52.779998779296875,68.41999816894531,48.599998474121094,35.86000061035156,192.13999938964844,52.630001068115234,68.30000305175781,53.45000076293945,32.84000015258789,25.18000030517578,79.25,79.80000305175781,70.25,13.8100004196167,173.57000732421875,152.57000732421875,25.459999084472656,24.440000534057617,56.290000915527344,69.56999969482422,44.38999938964844,110.38999938964844,32.720001220703125,92.62000274658203,226.39999389648438,36.33000183105469,132.0800018310547,92.87000274658203,82.05999755859375,56.150001525878906,61.020992279052734,47.13999938964844,28.959999084472656,4.143750190734863,31.185958862304688,130.6300048828125,53.29999923706055,68.87999725341797,49.58000183105469,36.400001525878906,192.13999938964844,52.77000045776367,68.61000061035156,53.540000915527344,33.1349983215332,25.299999237060547,79.69999694824219,79.9000015258789,4922200,67502200,2209200,855200,36970000,55317100,6294200,19095600,9562300,6212300,5605500,5358400,1863300,35004300,4032100,10165600,4574400,2908200,7372575,6020000,27226000,478444000,30412116,2055900,23084000,7973400,1741200,6064600,2463800,3853500,3724900,19422100,30237000,43341500,7718500,10410100
2017-08-03,49.26716613769531,13.239999771118164,132.75497436523438,140.14559936523438,19.556114196777344,19.893829345703125,40.56779098510742,51.37430191040039,33.949424743652344,74.57573699951172,22.732881546020508,65.30020904541016,185.51504516601562,30.452735900878906,104.77415466308594,73.17916107177734,71.55431365966797,42.51156234741211,46.26329803466797,36.604469299316406,27.142240524291992,4.109189510345459,21.312231063842773,96.87389373779297,41.907100677490234,53.07088088989258,44.76309585571289,29.44973373413086,168.83694458007812,37.62081527709961,48.322021484375,41.99368667602539,22.488067626953125,21.38551139831543,68.75868225097656,54.04981994628906,70.98999786376953,13.239999771118164,174.17999267578125,152.1699981689453,25.02899932861328,24.3700008392334,55.5,68.12999725341797,44.90999984741211,109.43000030517578,32.27000045776367,88.9000015258789,223.99000549316406,36.4900016784668,133.35000610351562,92.5,81.93000030517578,55.88999938964844,60.610687255859375,47.2599983215332,27.829999923706055,4.1620001792907715,31.717267990112305,130.50999450683594,52.95000076293945,68.22000122070312,48.75666809082031,35.790000915527344,194.77000427246094,52.68000030517578,68.5,53.400001525878906,32.71500015258789,25.219999313354492,79.66000366210938,80.48999786376953,71.01000213623047,13.520000457763672,174.7100067138672,152.8300018310547,25.299999237060547,24.600000381469727,55.880001068115234,69.19999694824219,45.95000076293945,110.44999694824219,34.279998779296875,92.5,226.74000549316406,36.59000015258789,133.39999389648438,93.12999725341797,82.27999877929688,56.27000045776367,60.81106948852539,47.54999923706055,28.399999618530273,4.165750026702881,32.07780075073242,130.99000549316406,53.34000015258789,69.25,49.06666564941406,36.11000061035156,194.9600067138672,52.86000061035156,68.63999938964844,53.65999984741211,33.18000030517578,25.309999465942383,79.81999969482422,80.81999969482422,70.36000061035156,13.079999923706055,173.25999450683594,151.4600067138672,24.722999572753906,24.31999969482422,55.08000183105469,68.01000213623047,44.68000030517578,109.05000305175781,32.2400016784668,87.76000213623047,223.97000122070312,36.150001525878906,131.50999450683594,92.23999786376953,81.5,55.75,60.286258697509766,47.11000061035156,27.610000610351562,4.0920000076293945,31.176471710205078,129.88999938964844,52.75,67.75,48.516666412353516,35.650001525878906,193.00999450683594,52.529998779296875,68.05999755859375,53.34000015258789,32.56999969482422,25.18000030517578,79.30999755859375,80.30000305175781,70.61000061035156,13.420000076293945,173.52000427246094,152.66000366210938,25.2810001373291,24.549999237060547,55.099998474121094,68.93000030517578,45.63999938964844,110.2300033569336,33.560001373291016,92.38999938964844,226.0,36.54999923706055,131.91000366210938,92.69999694824219,81.58000183105469,56.04999923706055,60.314884185791016,47.2400016784668,28.389999389648438,4.109250068664551,31.261859893798828,130.5,53.15999984741211,68.95999908447266,48.90999984741211,36.11000061035156,193.25999450683594,52.810001373291016,68.22000122070312,53.5,33.125,25.270000457763672,79.56999969482422,80.33999633789062,4400400,52557400,1725900,924000,23447000,53210600,5484400,20937900,9204100,5605400,6413900,6296700,2106400,26611300,4327300,11078800,3688300,2683000,7355702,6479300,30288400,442420000,28739945,2312200,8643500,9869700,1347300,3919800,2886100,3934200,3342700,19374700,30655600,40816800,8003600,10136700
2017-08-04,49.26716613769531,13.119999885559082,132.5034942626953,140.8547821044922,19.46860694885254,20.383623123168945,40.8967170715332,52.01525115966797,34.4407958984375,75.0391616821289,23.71207618713379,66.438720703125,190.31875610351562,30.29416847229004,104.64057922363281,74.09683990478516,71.88617706298828,42.43550109863281,45.9573974609375,37.239593505859375,27.230012893676758,4.127208232879639,21.44611358642578,98.1060791015625,41.64593505859375,52.5418815612793,44.78146743774414,29.647220611572266,168.93223571777344,37.9350471496582,48.343177795410156,41.55329513549805,22.560237884521484,21.5296573638916,68.60334014892578,53.86180877685547,70.98999786376953,13.119999885559082,173.85000610351562,152.94000244140625,24.91699981689453,24.969999313354492,55.95000076293945,68.9800033569336,45.560001373291016,110.11000061035156,33.65999984741211,90.44999694824219,229.7899932861328,36.29999923706055,133.17999267578125,93.66000366210938,82.30999755859375,55.790000915527344,60.209922790527344,48.08000183105469,27.920000076293945,4.18025016784668,31.9165096282959,132.1699981689453,52.619998931884766,67.54000091552734,48.776668548583984,36.029998779296875,194.8800048828125,53.119998931884766,68.52999877929688,52.84000015258789,32.81999969482422,25.389999389648438,79.4800033569336,80.20999908447266,71.37000274658203,13.359999656677246,174.82000732421875,153.05999755859375,25.097000122070312,25.079999923706055,56.220001220703125,69.41000366210938,45.59000015258789,110.19999694824219,33.77000045776367,91.23999786376953,229.7899932861328,36.560001373291016,134.00999450683594,94.4000015258789,82.31999969482422,56.45000076293945,60.77289962768555,48.45000076293945,28.299999237060547,4.2517499923706055,32.25806427001953,132.6699981689453,53.0,68.38999938964844,49.16999816894531,36.08000183105469,196.0399932861328,53.470001220703125,68.93000030517578,53.70000076293945,32.90999984741211,25.489999771118164,80.02999877929688,80.55999755859375,70.3499984741211,13.020000457763672,172.89999389648438,151.9499969482422,24.812000274658203,24.649999618530273,55.52000045776367,68.70999908447266,44.86000061035156,109.43000030517578,32.279998779296875,88.55999755859375,225.05999755859375,36.099998474121094,132.8000030517578,93.47000122070312,81.76000213623047,55.65999984741211,60.0572509765625,47.52000045776367,27.270000457763672,4.1620001792907715,31.764705657958984,130.91000366210938,52.5099983215332,67.45999908447266,48.633331298828125,35.7599983215332,194.60000610351562,52.77000045776367,68.30000305175781,51.90999984741211,32.654998779296875,25.34000015258789,79.37999725341797,80.05000305175781,71.16999816894531,13.199999809265137,174.27000427246094,152.61000061035156,25.073999404907227,24.68000030517578,55.560001373291016,68.79000091552734,44.939998626708984,109.43000030517578,32.34000015258789,88.81999969482422,226.0500030517578,36.45000076293945,133.74000549316406,93.5,81.9000015258789,55.97999954223633,60.71564865112305,47.790000915527344,27.860000610351562,4.184999942779541,31.859582901000977,131.30999755859375,53.0,68.1500015258789,48.790000915527344,35.93000030517578,194.9499969482422,53.029998779296875,68.5,53.66999816894531,32.72999954223633,25.450000762939453,80.02999877929688,80.44000244140625,4732500,64254000,1915600,491200,13454000,105206600,4161500,18148400,6105600,4643500,7148400,3792200,3400300,20520300,3192800,14324000,2802600,3467600,5597368,8906800,23947500,589096000,27183398,2399600,8677900,5411600,1283700,4071400,2892300,5571700,3201800,44664600,18742000,50792900,3930100,8292200
2017-08-07,49.42680358886719,13.430000305175781,133.05990600585938,142.2178192138672,19.724103927612305,20.375457763671875,41.15254592895508,52.06050109863281,34.14598083496094,74.81426239013672,22.82447052001953,65.86578369140625,192.9111328125,30.402666091918945,104.3891830444336,74.38166046142578,71.67660522460938,41.7585334777832,45.76803970336914,37.417747497558594,27.883460998535156,4.254078388214111,21.235733032226562,97.31928253173828,41.7092399597168,51.771724700927734,45.55266189575195,30.2725887298584,168.84561157226562,37.9350471496582,48.46433639526367,41.317386627197266,22.38838768005371,21.495738983154297,68.75004577636719,53.8282356262207,71.22000122070312,13.430000305175781,174.5800018310547,154.4199981689453,25.243999481201172,24.959999084472656,56.29999923706055,69.04000091552734,45.16999816894531,109.77999877929688,32.400001525878906,89.66999816894531,232.9199981689453,36.43000030517578,132.86000061035156,94.0199966430664,82.06999969482422,54.900001525878906,59.961830139160156,48.310001373291016,28.59000015258789,4.308750152587891,31.603416442871094,131.11000061035156,52.70000076293945,66.55000305175781,49.616668701171875,36.790000915527344,194.77999877929688,53.119998931884766,68.0,52.540000915527344,32.56999969482422,25.350000381469727,79.6500015258789,80.16000366210938,71.2300033569336,13.569999694824219,174.64999389648438,154.66000366210938,25.288999557495117,25.049999237060547,56.349998474121094,69.26000213623047,45.47999954223633,110.29000091552734,33.529998779296875,90.2300033569336,233.1300048828125,36.54999923706055,133.47999572753906,94.19000244140625,82.4000015258789,55.70000076293945,60.200382232666016,48.400001525878906,28.610000610351562,4.3092498779296875,31.869070053100586,132.1999969482422,52.849998474121094,67.5,49.63999938964844,36.81999969482422,195.41000366210938,53.2400016784668,68.52999877929688,52.95000076293945,32.7400016784668,25.399999618530273,79.66000366210938,80.16999816894531,70.63999938964844,13.270000457763672,173.25999450683594,153.33999633789062,24.889999389648438,24.899999618530273,55.56999969482422,68.69000244140625,44.83000183105469,109.58000183105469,32.310001373291016,88.8499984741211,229.2899932861328,36.220001220703125,132.50999450683594,93.70999908447266,81.72000122070312,54.849998474121094,59.790077209472656,47.95000076293945,27.799999237060547,4.199999809265137,31.546489715576172,130.50999450683594,52.4900016784668,66.52999877929688,48.9033317565918,36.2599983215332,193.89999389648438,52.880001068115234,67.75,52.43000030517578,32.470001220703125,25.309999465942383,79.33000183105469,79.86000061035156,70.94000244140625,13.329999923706055,173.8699951171875,153.35000610351562,24.93899917602539,25.010000228881836,56.0,69.12999725341797,45.27000045776367,109.80999755859375,33.4900016784668,89.88999938964844,229.8000030517578,36.38999938964844,133.08999633789062,93.88999938964844,82.30999755859375,55.59000015258789,60.066795349121094,48.20000076293945,27.93000030517578,4.209750175476074,31.831119537353516,131.94000244140625,52.5,67.25,48.9033317565918,36.2599983215332,194.80999755859375,53.150001525878906,67.94999694824219,52.72999954223633,32.68000030517578,25.389999389648438,79.4000015258789,80.16999816894531,3551100,57486800,1193800,476000,18730000,41860900,5126000,12961100,6370200,4762800,4379800,3886500,3809800,18169300,3010800,7978300,2769700,3182600,7018246,7761600,16589300,717412000,13188280,2516900,6561800,5756600,949200,4860200,2074800,3720900,2671900,22673700,22874600,39486800,4583300,7893800
2017-08-08,49.600284576416016,13.109999656677246,132.38156127929688,141.02976989746094,19.639720916748047,20.32648277282715,41.59842300415039,51.93983840942383,34.49370574951172,75.2027359008789,22.64130973815918,66.9529037475586,192.1905517578125,30.385971069335938,103.92561340332031,74.1126937866211,71.58924865722656,41.408660888671875,45.38930892944336,37.1234130859375,28.127283096313477,4.20347785949707,21.216609954833984,98.24710845947266,41.38475036621094,50.947105407714844,45.42107009887695,30.198532104492188,168.94960021972656,37.98504638671875,48.314666748046875,41.45106506347656,22.336835861206055,21.43638801574707,68.4306869506836,53.69392776489258,71.47000122070312,13.109999656677246,173.69000244140625,153.1300048828125,25.13599967956543,24.899999618530273,56.90999984741211,68.87999725341797,45.630001068115234,110.3499984741211,32.13999938964844,91.1500015258789,232.0500030517578,36.40999984741211,132.27000427246094,93.68000030517578,81.97000122070312,54.439998626708984,59.46564865112305,47.93000030517578,28.84000015258789,4.257500171661377,31.574953079223633,132.36000061035156,52.290000915527344,65.48999786376953,49.473331451416016,36.70000076293945,194.89999389648438,53.189998626708984,67.79000091552734,52.709999084472656,32.494998931884766,25.280000686645508,79.27999877929688,79.95999908447266,71.91000366210938,13.550000190734863,174.89999389648438,155.1999969482422,25.429000854492188,25.350000381469727,57.56999969482422,69.86000061035156,46.11000061035156,110.70999908447266,32.88999938964844,92.3499984741211,235.8300018310547,36.70000076293945,132.8000030517578,95.22000122070312,82.72000122070312,55.060001373291016,59.847328186035156,48.900001525878906,29.34000015258789,4.363999843597412,31.745731353759766,133.25999450683594,53.33000183105469,66.62999725341797,50.0533332824707,36.959999084472656,194.99000549316406,53.650001525878906,67.94000244140625,53.29999923706055,32.779998779296875,25.59000015258789,79.69000244140625,80.22000122070312,71.01000213623047,13.079999923706055,172.97999572753906,152.91000366210938,25.04199981689453,24.81999969482422,56.29999923706055,68.81999969482422,45.0,109.7699966430664,32.0099983215332,89.70999908447266,231.6999969482422,36.29999923706055,131.39999389648438,93.5999984741211,81.62999725341797,54.310001373291016,59.35114669799805,47.810001373291016,28.610000610351562,4.217750072479248,31.51802635192871,130.60000610351562,52.209999084472656,65.26000213623047,49.313331604003906,36.63999938964844,194.0800018310547,52.900001525878906,67.3499984741211,52.220001220703125,32.400001525878906,25.270000457763672,79.12000274658203,79.83000183105469,71.33000183105469,13.479999542236328,173.9600067138672,154.47999572753906,25.197999954223633,24.950000762939453,56.349998474121094,69.0,45.150001525878906,110.0,32.279998779296875,89.80999755859375,232.39999389648438,36.369998931884766,132.5,93.94999694824219,81.87000274658203,54.900001525878906,59.67557144165039,48.2400016784668,28.610000610351562,4.347249984741211,31.622390747070312,130.60000610351562,52.54999923706055,66.25,49.65999984741211,36.709999084472656,194.67999267578125,53.0,67.66999816894531,52.31999969482422,32.474998474121094,25.309999465942383,79.55000305175781,80.0199966430664,4398000,47338000,2325200,490700,20439000,73399300,7887200,16645900,8032000,4107300,6161400,3829700,3322500,22819900,5535800,13745400,3292600,2312200,8048745,7771800,21903300,755336000,16986475,2802900,10462200,8700100,818700,3301200,1741000,3678100,3114700,24877800,20858200,52736500,4423300,9028400
2017-08-09,49.981990814208984,12.829999923706055,132.27487182617188,141.42578125,19.46860694885254,20.195871353149414,41.956600189208984,51.60052490234375,34.508819580078125,75.57073974609375,22.599035263061523,66.36527252197266,191.32920837402344,30.536195755004883,104.67988586425781,73.9940185546875,72.11326599121094,40.305747985839844,45.513118743896484,36.90653610229492,27.873708724975586,4.2481536865234375,21.324987411499023,97.77945709228516,41.7646484375,50.947105407714844,45.2680549621582,30.001049041748047,168.88894653320312,38.01359176635742,47.70173645019531,41.513980865478516,22.35746192932129,21.43638801574707,68.50836181640625,53.86180877685547,72.0199966430664,12.829999923706055,173.5500030517578,153.55999755859375,24.91699981689453,24.739999771118164,57.400001525878906,68.43000030517578,45.650001525878906,110.88999938964844,32.08000183105469,90.3499984741211,231.00999450683594,36.59000015258789,133.22999572753906,93.52999877929688,82.56999969482422,52.9900016784668,59.627864837646484,47.650001525878906,28.579999923706055,4.302750110626221,31.736242294311523,131.72999572753906,52.77000045776367,65.48999786376953,49.30666732788086,36.459999084472656,194.8300018310547,53.22999954223633,66.93000030517578,52.790000915527344,32.525001525878906,25.280000686645508,79.37000274658203,80.20999908447266,72.13999938964844,12.890000343322754,174.17999267578125,153.72999572753906,25.035999298095703,24.770000457763672,57.560001373291016,68.4800033569336,46.0,111.41000366210938,32.77000045776367,92.3499984741211,231.49000549316406,36.65999984741211,133.41000366210938,93.68000030517578,82.73999786376953,54.689998626708984,59.847328186035156,47.689998626708984,28.889999389648438,4.30525016784668,31.745731353759766,132.19000244140625,52.79999923706055,65.9000015258789,49.35333251953125,36.470001220703125,195.36000061035156,53.2400016784668,67.93000030517578,52.810001373291016,32.72999954223633,25.299999237060547,79.44999694824219,80.3499984741211,71.0999984741211,12.539999961853027,172.64999389648438,152.35000610351562,24.75200080871582,24.459999084472656,56.5099983215332,67.91999816894531,45.369998931884766,110.26000213623047,31.780000686645508,90.2699966430664,229.05999755859375,36.02000045776367,132.3699951171875,92.83000183105469,81.97000122070312,52.83000183105469,59.3702278137207,46.939998626708984,28.360000610351562,4.1917500495910645,31.461101531982422,130.91000366210938,52.0,65.06999969482422,48.86333465576172,36.029998779296875,194.1699981689453,52.77000045776367,66.61000061035156,52.13999938964844,32.404998779296875,25.06999969482422,78.94999694824219,79.77999877929688,71.26000213623047,12.760000228881836,173.10000610351562,152.66000366210938,24.952999114990234,24.600000381469727,56.790000915527344,68.12000274658203,45.790000915527344,110.73999786376953,32.380001068115234,91.5199966430664,230.32000732421875,36.279998779296875,132.80999755859375,92.9800033569336,82.12999725341797,54.43000030517578,59.58969497680664,47.220001220703125,28.510000228881836,4.210750102996826,31.631879806518555,131.66000366210938,52.04999923706055,65.7300033569336,49.08333206176758,36.20000076293945,194.89999389648438,52.84000015258789,67.6500015258789,52.279998779296875,32.54499816894531,25.06999969482422,79.08999633789062,80.25,4536300,58861500,1972200,547100,21256000,56910400,7675600,19195700,7451100,3966800,4297900,3289100,2571100,22796800,6332300,11214400,2392100,4329200,6866810,8282900,14181800,530784000,15807681,2246800,8085300,6274900,706500,3153700,2125900,3804000,3498100,14631600,20875800,46567000,4886500,8087100
2017-08-10,48.88547134399414,12.119999885559082,128.8908233642578,138.3128204345703,18.80759048461914,19.689748764038086,41.3645133972168,50.68810272216797,33.99478530883789,75.0391616821289,22.37360382080078,65.46175384521484,186.7657012939453,30.1606502532959,104.56986999511719,72.93392181396484,71.65911865234375,39.712459564208984,45.28733444213867,35.86091613769531,26.81064224243164,4.066242218017578,21.305862426757812,95.74566650390625,41.42431640625,50.099151611328125,44.004146575927734,29.07945442199707,166.9298553466797,37.40658950805664,47.181461334228516,40.85340881347656,22.120311737060547,21.0548038482666,67.65381622314453,53.54316329956055,70.44000244140625,12.119999885559082,169.11000061035156,150.17999267578125,24.070999145507812,24.1200008392334,56.59000015258789,67.22000122070312,44.970001220703125,110.11000061035156,31.760000228881836,89.12000274658203,225.5,36.13999938964844,133.08999633789062,92.19000244140625,82.05000305175781,52.209999084472656,59.332061767578125,46.29999923706055,27.489999771118164,4.118500232696533,31.707780838012695,128.99000549316406,52.34000015258789,64.4000015258789,47.93000030517578,35.34000015258789,192.57000732421875,52.380001068115234,66.19999694824219,51.95000076293945,32.18000030517578,24.829999923706055,78.37999725341797,78.97000122070312,72.19000244140625,12.920000076293945,172.6699981689453,152.5,24.700000762939453,24.579999923706055,57.25,68.12999725341797,45.95000076293945,111.44000244140625,32.63999938964844,90.95999908447266,229.4499969482422,36.560001373291016,133.85000610351562,93.06999969482422,82.54000091552734,53.040000915527344,59.713741302490234,47.470001220703125,28.3799991607666,4.316500186920166,31.831119537353516,131.22999572753906,52.75,65.77999877929688,49.0099983215332,36.029998779296875,194.38999938964844,53.029998779296875,66.98999786376953,52.720001220703125,32.6349983215332,25.18000030517578,79.19999694824219,79.77999877929688,70.38999938964844,12.109999656677246,168.58999633789062,150.08999633789062,24.04599952697754,24.09000015258789,56.54999923706055,67.1500015258789,44.93000030517578,110.02999877929688,31.709999084472656,88.88999938964844,225.47000122070312,36.11000061035156,132.3699951171875,92.06999969482422,81.66000366210938,52.130001068115234,59.32251739501953,46.22999954223633,27.43000030517578,4.108250141143799,31.5085391998291,128.60000610351562,52.11000061035156,64.19000244140625,47.88999938964844,35.34000015258789,192.39999389648438,52.349998474121094,65.75,51.91999816894531,32.125,24.829999923706055,78.37000274658203,78.91000366210938,72.01000213623047,12.699999809265137,172.07000732421875,152.4600067138672,24.666000366210938,24.579999923706055,57.25,68.0,45.68000030517578,111.2300033569336,32.33000183105469,90.62999725341797,229.02000427246094,36.400001525878906,133.0399932861328,92.9000015258789,82.54000091552734,53.040000915527344,59.51335906982422,47.290000915527344,28.299999237060547,4.303999900817871,31.660341262817383,130.39999389648438,52.540000915527344,65.55000305175781,48.99333190917969,36.0,194.25999450683594,52.900001525878906,66.80000305175781,52.38999938964844,32.58000183105469,25.1200008392334,79.12999725341797,79.76000213623047,5940300,83113400,3443800,844800,29033000,78023700,5134600,19147200,6441400,4950700,4010000,3377400,3325500,22693300,5607900,13252300,3367500,3676200,8137825,10099800,26147600,1328088000,19062539,2652000,10768000,8060500,1627500,5605400,2698600,5639700,3425100,18373000,30524200,71130300,7054700,12580300
2017-08-11,49.017333984375,12.229999542236328,129.13467407226562,139.24301147460938,19.077938079833984,19.47749900817871,41.46686553955078,50.37139129638672,33.85872268676758,74.4394760131836,22.267948150634766,65.0284194946289,185.64759826660156,29.935312271118164,104.57775115966797,72.32477569580078,71.32515716552734,39.67442321777344,45.43300247192383,35.357486724853516,27.317792892456055,3.84952712059021,21.197484970092773,95.04792022705078,41.725074768066406,49.655723571777344,44.252037048339844,29.737733840942383,167.3199462890625,37.1709098815918,47.14583206176758,40.845542907714844,21.9759521484375,20.970012664794922,67.84375,53.02783203125,70.62999725341797,12.229999542236328,169.42999267578125,151.19000244140625,24.41699981689453,23.860000610351562,56.72999954223633,66.80000305175781,44.790000915527344,109.2300033569336,31.610000610351562,88.52999877929688,224.14999389648438,35.869998931884766,133.10000610351562,91.41999816894531,81.1500015258789,52.15999984741211,59.52289962768555,45.650001525878906,28.010000228881836,3.8989999294281006,31.546489715576172,128.0500030517578,52.720001220703125,63.83000183105469,48.20000076293945,36.13999938964844,193.02000427246094,52.04999923706055,66.1500015258789,51.939998626708984,31.969999313354492,24.729999542236328,78.5999984741211,78.20999908447266,71.01000213623047,12.390000343322754,170.6300048828125,151.33999633789062,24.52400016784668,24.239999771118164,57.0099983215332,67.47000122070312,45.380001068115234,110.48999786376953,31.989999771118164,89.55000305175781,226.67999267578125,36.400001525878906,134.49000549316406,92.66999816894531,81.97000122070312,52.349998474121094,60.07633590698242,46.529998779296875,28.040000915527344,3.9749999046325684,31.850095748901367,129.77999877929688,53.130001068115234,64.66999816894531,48.28333282470703,36.20000076293945,194.5399932861328,52.599998474121094,66.4000015258789,52.209999084472656,32.2599983215332,24.959999084472656,78.98999786376953,79.25,70.43000030517578,11.880000114440918,168.75999450683594,148.9499969482422,23.8700008392334,23.799999237060547,56.40999984741211,66.58999633789062,44.66999816894531,109.12999725341797,31.40999984741211,87.94000244140625,222.64999389648438,35.790000915527344,132.75,91.23999786376953,81.12000274658203,51.689998626708984,59.40839767456055,45.470001220703125,26.850000381469727,3.8227500915527344,31.5085391998291,127.63999938964844,52.290000915527344,63.7400016784668,47.59333419799805,35.43000030517578,192.66000366210938,51.869998931884766,65.8499984741211,51.7400016784668,31.940000534057617,24.670000076293945,78.41999816894531,78.19999694824219,70.73999786376953,12.039999961853027,169.82000732421875,149.38999938964844,24.0049991607666,24.06999969482422,56.61000061035156,67.06999969482422,44.959999084472656,110.19999694824219,31.540000915527344,89.1500015258789,225.07000732421875,36.2599983215332,133.63999938964844,92.12999725341797,81.80000305175781,52.029998779296875,59.56106948852539,46.380001068115234,27.440000534057617,3.928499937057495,31.783681869506836,128.72000122070312,52.38999938964844,64.0999984741211,47.706668853759766,35.52000045776367,193.91000366210938,52.400001525878906,66.1500015258789,51.83000183105469,32.08000183105469,24.829999923706055,78.41999816894531,79.20999908447266,3248300,63558800,1571600,416900,16976000,68157400,4060500,15172800,4206900,3383000,3588200,2874200,2956600,19275100,4270600,10679500,2446400,3303500,6341448,13505800,23375900,1497196000,13626639,2931700,5894200,4627500,1044300,4291100,2210700,4448700,2330000,14714500,31981800,50477800,8318600,10192400
2017-08-14,49.14919662475586,12.760000228881836,130.84197998046875,140.5508575439453,19.604562759399414,19.93464469909668,42.117408752441406,51.193321228027344,33.669742584228516,74.0850601196289,21.887531280517578,64.63176727294922,188.30616760253906,30.32754898071289,104.87631225585938,73.17125701904297,71.62394714355469,40.09600067138672,45.64421463012695,36.0235710144043,28.51739501953125,4.156580448150635,21.235733032226562,97.16338348388672,42.3819694519043,49.74907684326172,45.37821960449219,29.663681030273438,167.91807556152344,37.699371337890625,47.60195541381836,41.55329513549805,21.91065216064453,21.258316040039062,68.30120849609375,53.04141616821289,70.81999969482422,12.760000228881836,171.6699981689453,152.61000061035156,25.090999603271484,24.420000076293945,57.619998931884766,67.88999938964844,44.540000915527344,108.70999908447266,31.06999969482422,87.98999786376953,227.36000061035156,36.34000015258789,133.47999572753906,92.48999786376953,81.48999786376953,52.310001373291016,59.799617767333984,46.5099983215332,29.239999771118164,4.210000038146973,31.603416442871094,130.89999389648438,53.54999923706055,63.95000076293945,49.426666259765625,36.04999923706055,193.7100067138672,52.790000915527344,66.79000091552734,52.84000015258789,31.875,25.06999969482422,79.12999725341797,78.2300033569336,71.29000091552734,12.850000381469727,172.0800018310547,153.3000030517578,25.125,24.489999771118164,57.7599983215332,68.12999725341797,45.09000015258789,109.81999969482422,31.84000015258789,89.04000091552734,229.8300018310547,36.470001220703125,134.3699951171875,92.9000015258789,81.68000030517578,52.689998626708984,60.114505767822266,46.939998626708984,29.360000610351562,4.213749885559082,31.660341262817383,131.4199981689453,53.63999938964844,64.27999877929688,49.483333587646484,36.099998474121094,194.75,52.970001220703125,67.01000213623047,53.09000015258789,32.16999816894531,25.139999389648438,79.26000213623047,78.79000091552734,70.69999694824219,12.579999923706055,169.97000122070312,150.83999633789062,24.600000381469727,24.170000076293945,56.70000076293945,67.41000366210938,44.400001525878906,108.31999969482422,31.049999237060547,87.7300033569336,226.3000030517578,36.08000183105469,132.8699951171875,92.33000183105469,81.18000030517578,52.060001373291016,59.72328186035156,46.18000030517578,28.719999313354492,3.9800000190734863,31.44212532043457,128.9600067138672,52.90999984741211,63.66999816894531,48.776668548583984,35.849998474121094,192.89999389648438,52.279998779296875,66.38999938964844,52.34000015258789,31.834999084472656,24.920000076293945,78.94000244140625,78.12000274658203,71.2300033569336,12.579999923706055,170.27999877929688,150.86000061035156,24.68600082397461,24.229999542236328,56.959999084472656,67.61000061035156,44.79999923706055,109.26000213623047,31.709999084472656,88.93000030517578,226.3699951171875,36.119998931884766,134.1999969482422,92.37000274658203,81.33999633789062,52.08000183105469,60.02862548828125,46.209999084472656,28.81999969482422,3.9917500019073486,31.622390747070312,129.4199981689453,53.040000915527344,64.0,48.78333282470703,36.029998779296875,194.60000610351562,52.279998779296875,66.47000122070312,52.369998931884766,32.029998779296875,24.93000030517578,78.94000244140625,78.62000274658203,2648800,64426100,1915800,552600,16736000,54989500,5654300,15120200,5063100,4286100,3093500,2482200,2266100,18469400,3041100,10994800,1879600,2248700,5771860,7136300,25254600,1279020000,13482241,2249600,8118200,4961000,1610100,3875600,2322000,4156500,3034300,16313200,22813400,49472900,3955800,8862500
2017-08-15,48.81606674194336,13.020000457763672,130.47366333007812,140.41273498535156,19.8217716217041,19.975460052490234,42.300148010253906,51.25364303588867,33.63949203491211,73.9896469116211,21.781862258911133,63.91926193237305,188.4966583251953,30.043806076049805,104.7977523803711,73.36112976074219,71.81731414794922,39.7740592956543,45.52040481567383,35.96162796020508,28.946521759033203,4.121530532836914,21.280359268188477,96.74769592285156,42.635231018066406,49.35232925415039,45.49143600463867,29.96813201904297,168.6029052734375,37.8350715637207,47.8585319519043,41.56116485595703,21.828166961669922,21.275270462036133,68.30120849609375,52.91257858276367,70.33999633789062,13.020000457763672,170.0399932861328,152.4600067138672,25.368999481201172,24.469999313354492,57.869998931884766,67.97000122070312,44.5,108.56999969482422,30.920000076293945,87.0199966430664,227.58999633789062,36.0,133.3800048828125,92.7300033569336,81.70999908447266,51.88999938964844,59.63740539550781,46.43000030517578,29.68000030517578,4.174499988555908,31.669828414916992,130.33999633789062,53.869998931884766,63.439998626708984,49.54999923706055,36.41999816894531,194.5,52.97999954223633,67.1500015258789,52.849998474121094,31.7549991607666,25.09000015258789,79.12999725341797,78.04000091552734,71.13999938964844,13.140000343322754,171.4499969482422,152.6300048828125,25.4060001373291,24.850000381469727,57.9900016784668,68.95999908447266,44.70000076293945,108.9000015258789,30.989999771118164,87.91000366210938,230.61000061035156,36.31999969482422,133.94000244140625,93.55999755859375,82.33999633789062,52.369998931884766,60.143131256103516,47.29999923706055,29.809999465942383,4.2417497634887695,31.812143325805664,132.2899932861328,54.08000183105469,63.939998626708984,49.650001525878906,36.4900016784668,195.00999450683594,53.310001373291016,67.31999969482422,53.36000061035156,31.924999237060547,25.309999465942383,79.38999938964844,78.25,70.27999877929688,12.75,169.75999450683594,151.33999633789062,25.12700080871582,24.450000762939453,57.5,67.87999725341797,44.04999923706055,107.52999877929688,30.579999923706055,86.25,227.5,35.81999969482422,133.1999969482422,92.6500015258789,81.5,51.7599983215332,59.627864837646484,46.43000030517578,29.139999389648438,4.139750003814697,31.55597686767578,130.19000244140625,53.349998474121094,63.029998779296875,49.20000076293945,36.09000015258789,193.80999755859375,52.880001068115234,66.61000061035156,52.83000183105469,31.56999969482422,25.09000015258789,79.11000061035156,77.68000030517578,71.08000183105469,13.010000228881836,171.10000610351562,151.4499969482422,25.312000274658203,24.75,57.65999984741211,68.58000183105469,44.439998626708984,108.75,30.969999313354492,87.75,229.57000732421875,36.29999923706055,133.85000610351562,93.30999755859375,81.5,52.25,59.856868743896484,47.0099983215332,29.5,4.215250015258789,31.631879806518555,131.77000427246094,53.65999984741211,63.939998626708984,49.643333435058594,36.189998626708984,194.47000122070312,53.150001525878906,66.66000366210938,53.20000076293945,31.924999237060547,25.280000686645508,79.2300033569336,78.12000274658203,3724100,57990300,1956300,376800,20942000,45143200,5843300,15472000,8179300,5310700,4004900,4457900,1867000,21706600,3931800,8812700,1949500,3015500,6619168,7663000,23973600,764532000,18048801,2615700,7876300,6850800,531300,3820400,1595200,3430700,4079300,11028100,25451200,48535000,4653800,10350900
2017-08-16,48.87159729003906,12.630000114440918,131.50955200195312,141.527099609375,19.800676345825195,19.746891021728516,42.02970504760742,51.05759811401367,33.02717208862305,73.54225158691406,21.598709106445312,62.42083740234375,186.8567657470703,29.8852481842041,105.41842651367188,72.85479736328125,70.9207992553711,39.13786697387695,45.66606903076172,35.63629913330078,29.931564331054688,4.076360702514648,21.267610549926758,96.56957244873047,42.1920166015625,49.562374114990234,45.564903259277344,29.902311325073242,167.9700469970703,37.74222946166992,47.03178405761719,41.435340881347656,21.618511199951172,21.232873916625977,68.49108123779297,52.52610778808594,70.41999816894531,12.630000114440918,171.38999938964844,153.6699981689453,25.341999053955078,24.190000534057617,57.5,67.70999908447266,43.689998626708984,106.83999633789062,30.65999984741211,84.9800033569336,225.61000061035156,35.810001373291016,134.1699981689453,92.08999633789062,80.69000244140625,51.060001373291016,59.828243255615234,46.0099983215332,30.690000534057617,4.128749847412109,31.650854110717773,130.10000610351562,53.310001373291016,63.709999084472656,49.630001068115234,36.34000015258789,193.77000427246094,52.849998474121094,65.98999786376953,52.689998626708984,31.450000762939453,25.040000915527344,79.3499984741211,77.47000122070312,70.75,13.1899995803833,172.63999938964844,154.1300048828125,25.474000930786133,24.6200008392334,57.689998626708984,68.37000274658203,44.65999984741211,107.91999816894531,31.530000686645508,87.2300033569336,229.00999450683594,36.06999969482422,134.97000122070312,93.2300033569336,82.19999694824219,52.060001373291016,60.04771041870117,46.81999969482422,30.860000610351562,4.213500022888184,31.774194717407227,131.13999938964844,54.099998474121094,63.95000076293945,49.84000015258789,36.439998626708984,195.27000427246094,53.209999084472656,67.5,53.209999084472656,31.854999542236328,25.239999771118164,79.5,78.16999816894531,70.11000061035156,12.520000457763672,170.13999938964844,152.0399932861328,25.180999755859375,24.079999923706055,56.939998626708984,67.38999938964844,43.5099983215332,106.69000244140625,30.5,84.83999633789062,225.0,35.560001373291016,133.86000061035156,91.87999725341797,80.0199966430664,50.90999984741211,59.475189208984375,45.91999816894531,29.959999084472656,4.0960001945495605,31.55597686767578,129.25999450683594,53.2599983215332,63.22999954223633,49.393333435058594,36.13999938964844,192.8300018310547,52.650001525878906,65.86000061035156,52.459999084472656,31.385000228881836,25.0,79.16999816894531,77.30999755859375,70.48999786376953,13.170000076293945,170.25999450683594,152.1999969482422,25.43199920654297,24.540000915527344,57.33000183105469,68.1500015258789,44.59000015258789,107.62999725341797,31.110000610351562,87.2300033569336,228.25999450683594,35.97999954223633,134.0800018310547,93.04000091552734,82.13999938964844,52.0,59.57061004638672,46.61000061035156,30.020000457763672,4.1897501945495605,31.622390747070312,130.9199981689453,54.060001373291016,63.63999938964844,49.6533317565918,36.20000076293945,194.80999755859375,53.11000061035156,67.26000213623047,53.0099983215332,31.764999389648438,25.200000762939453,79.26000213623047,78.04000091552734,4751600,64639400,1618800,518900,15394000,59188900,7881300,15064500,5795800,4186600,3843000,3478000,2393900,22014000,4469900,11085400,3970500,3896700,6352138,8350800,37879500,596632000,11128764,3122900,7414900,6329600,777900,3232000,1881600,3173400,2807500,11224400,33166600,35084100,3756900,9117100
2017-08-17,48.47601318359375,12.34000015258789,128.76255798339844,138.7456817626953,19.295150756835938,19.29790687561035,41.496097564697266,50.220584869384766,32.505577087402344,72.90896606445312,21.260570526123047,61.245567321777344,183.38648986816406,29.351137161254883,104.53060150146484,71.71556854248047,68.38072967529297,38.095420837402344,45.03970718383789,34.92373275756836,28.888004302978516,3.985527753829956,21.006223678588867,94.49122619628906,41.3689079284668,49.03337478637695,44.414222717285156,29.44973373413086,167.04246520996094,36.93525695800781,46.00548553466797,40.735443115234375,21.312618255615234,20.868255615234375,67.6365737915039,51.70570755004883,69.8499984741211,12.34000015258789,167.80999755859375,150.64999389648438,24.69499969482422,23.639999389648438,56.77000045776367,66.5999984741211,43.0,105.91999816894531,30.18000030517578,83.37999725341797,221.4199981689453,35.16999816894531,133.0399932861328,90.6500015258789,77.80000305175781,49.70000076293945,59.007633209228516,45.09000015258789,29.6200008392334,4.036749839782715,31.261859893798828,127.30000305175781,52.27000045776367,63.029998779296875,48.37666702270508,35.790000915527344,192.6999969482422,51.720001220703125,64.55000305175781,51.79999923706055,31.0049991607666,24.610000610351562,78.36000061035156,76.26000213623047,70.68000030517578,12.649999618530273,171.0,153.19000244140625,25.424999237060547,24.170000076293945,57.529998779296875,67.6500015258789,43.86000061035156,106.87000274658203,31.219999313354492,85.02999877929688,225.97999572753906,35.68000030517578,134.74000549316406,91.95999908447266,80.56999969482422,50.88999938964844,60.13358688354492,45.97999954223633,30.530000686645508,4.137499809265137,31.736242294311523,129.83999633789062,53.40999984741211,63.79999923706055,49.52333450317383,36.34000015258789,194.24000549316406,52.779998779296875,65.70999908447266,52.630001068115234,31.44499969482422,25.020000457763672,79.44000244140625,77.27999877929688,69.83000183105469,12.319999694824219,167.8000030517578,150.60000610351562,24.665000915527344,23.6200008392334,56.72999954223633,66.51000213623047,42.959999084472656,105.91000366210938,30.170000076293945,83.37000274658203,221.11000061035156,35.16999816894531,133.02999877929688,90.5,77.69999694824219,49.68000030517578,58.979007720947266,45.029998779296875,29.610000610351562,4.0345001220703125,31.261859893798828,127.18000030517578,52.27000045776367,62.95000076293945,48.349998474121094,35.77000045776367,192.66000366210938,51.68000030517578,64.47000122070312,51.790000915527344,30.9950008392334,24.600000381469727,78.33000183105469,76.20999908447266,70.5999984741211,12.460000038146973,170.69000244140625,152.86000061035156,25.299999237060547,24.06999969482422,57.47999954223633,67.30999755859375,43.5,106.61000061035156,30.5,84.77999877929688,224.3800048828125,35.599998474121094,134.17999267578125,91.76000213623047,80.4000015258789,50.720001220703125,59.875953674316406,45.83000183105469,30.31999969482422,4.120250225067139,31.584440231323242,129.5800018310547,53.189998626708984,63.459999084472656,49.393333435058594,36.29999923706055,193.75,52.66999816894531,65.66999816894531,52.470001220703125,31.325000762939453,24.979999542236328,79.0999984741211,77.26000213623047,5086000,47371000,2630600,486000,22793000,78969300,4393700,14487900,6422500,5870300,3800900,3438100,3460300,19525000,5741400,13837500,7318200,4586200,9589305,9426800,26152500,525444000,15661175,2770600,6589400,5292100,1209000,3324000,2440900,5465500,3358400,16814300,29593800,76613100,7133400,13400400
2017-08-18,48.55235290527344,12.369999885559082,128.363525390625,140.2284698486328,19.484235763549805,19.281587600708008,41.24026107788086,50.20549392700195,32.58872985839844,73.29444122314453,21.415544509887695,61.7670783996582,183.99107360839844,29.217601776123047,104.20846557617188,71.78677368164062,67.73908233642578,38.40968704223633,44.7848014831543,35.15609359741211,29.62922477722168,3.986269235610962,20.82771873474121,94.35017395019531,41.091915130615234,49.25897979736328,44.48153305053711,29.507341384887695,165.41285705566406,36.90669631958008,46.14802169799805,40.641075134277344,21.419172286987305,20.87673568725586,67.32583618164062,51.96334457397461,69.95999908447266,12.369999885559082,167.2899932861328,152.25999450683594,24.937000274658203,23.6200008392334,56.41999816894531,66.58000183105469,43.11000061035156,106.4800033569336,30.399999618530273,84.08999633789062,222.14999389648438,35.0099983215332,132.6300048828125,90.73999786376953,77.06999969482422,50.11000061035156,58.67366409301758,45.38999938964844,30.3799991607666,4.037499904632568,30.996204376220703,127.11000061035156,51.91999816894531,63.31999969482422,48.45000076293945,35.86000061035156,190.82000732421875,51.68000030517578,64.75,51.68000030517578,31.15999984741211,24.6200008392334,78.0,76.63999938964844,70.44000244140625,12.5600004196167,168.42999267578125,152.61000061035156,25.148000717163086,23.899999618530273,56.939998626708984,67.36000061035156,43.560001373291016,107.33999633789062,30.75,84.54000091552734,224.08999633789062,35.310001373291016,133.77999877929688,91.54000091552734,77.69999694824219,50.540000915527344,58.988548278808594,45.81999969482422,30.600000381469727,4.109000205993652,31.280834197998047,128.1199951171875,52.41999816894531,63.810001373291016,48.810001373291016,36.099998474121094,193.1999969482422,51.95000076293945,65.45999908447266,52.13999938964844,31.3700008392334,24.799999237060547,78.52999877929688,77.11000061035156,69.47000122070312,12.25,166.52000427246094,150.97999572753906,24.613000869750977,23.450000762939453,56.40999984741211,66.18000030517578,42.5099983215332,105.5,29.790000915527344,83.29000091552734,220.5500030517578,34.9900016784668,132.3800048828125,90.19000244140625,76.94000244140625,49.43000030517578,58.35877990722656,44.869998931884766,29.760000228881836,3.990999937057495,30.977230072021484,126.1500015258789,51.900001525878906,62.93000030517578,48.209999084472656,35.61000061035156,190.6300048828125,51.380001068115234,64.22000122070312,51.380001068115234,30.905000686645508,24.479999542236328,77.94999694824219,76.05000305175781,69.5199966430664,12.430000305175781,167.3699951171875,152.0,24.732999801635742,23.559999465942383,56.68000030517578,66.38999938964844,42.959999084472656,105.83999633789062,30.15999984741211,83.3499984741211,220.7899932861328,35.290000915527344,132.6699981689453,90.30999755859375,77.69999694824219,49.619998931884766,58.94084167480469,44.939998626708984,29.959999084472656,4.091750144958496,31.223909378051758,126.6500015258789,52.2599983215332,63.06999969482422,48.663333892822266,36.0,192.83999633789062,51.560001373291016,64.44999694824219,51.630001068115234,30.924999237060547,24.489999771118164,78.06999969482422,76.18000030517578,4016400,37521700,1741900,688800,20126000,60461200,4809900,13628900,7310400,5467400,4204200,2751700,3149300,16231400,4792800,13040700,4061300,3661300,8825942,7284000,31178100,601204000,16326565,1511700,6696400,9096300,1026900,3692800,2858500,5299700,3082600,17130600,37265400,71725900,8434600,14324300
2017-08-21,49.065914154052734,12.050000190734863,129.0311279296875,139.61141967773438,19.503765106201172,19.085662841796875,41.40107345581055,49.730445861816406,32.12759780883789,72.81260681152344,21.373281478881836,61.47323989868164,182.8646697998047,29.142498016357422,104.85272979736328,71.69974517822266,68.01156616210938,37.9037971496582,45.13439178466797,34.60617446899414,28.82948875427246,3.928264617919922,20.885099411010742,93.97161865234375,41.13939666748047,49.01004409790039,44.151031494140625,29.6060791015625,166.46173095703125,36.8995361328125,46.11239242553711,40.751182556152344,21.309186935424805,20.81736946105957,67.62794494628906,51.78708267211914,70.69999694824219,12.050000190734863,168.16000366210938,151.58999633789062,24.961999893188477,23.3799991607666,56.63999938964844,65.94999694824219,42.5,105.77999877929688,30.34000015258789,83.69000244140625,220.7899932861328,34.91999816894531,133.4499969482422,90.62999725341797,77.37999725341797,49.45000076293945,59.13167953491211,44.68000030517578,29.559999465942383,3.978749990463257,31.081594467163086,126.5999984741211,51.97999954223633,63.0,48.09000015258789,35.97999954223633,192.02999877929688,51.66999816894531,64.69999694824219,51.81999969482422,31.0,24.549999237060547,78.3499984741211,76.37999725341797,70.83000183105469,12.420000076293945,168.63999938964844,152.3000030517578,25.18899917602539,23.639999389648438,56.91999816894531,66.77999877929688,42.939998626708984,106.4800033569336,30.459999084472656,84.31999969482422,222.39999389648438,35.279998779296875,133.64999389648438,90.94000244140625,77.63999938964844,50.099998474121094,59.1984748840332,45.400001525878906,30.600000381469727,4.073750019073486,31.185958862304688,127.33999633789062,52.08000183105469,63.40999984741211,48.599998474121094,36.0099983215332,192.30999755859375,51.86000061035156,64.94999694824219,51.90999984741211,31.1299991607666,24.6299991607666,78.44999694824219,76.62000274658203,69.91000366210938,11.859999656677246,167.00999450683594,150.94000244140625,24.618000030517578,23.139999389648438,56.25,65.86000061035156,42.27000045776367,105.30000305175781,30.079999923706055,83.41000366210938,219.2100067138672,34.70000076293945,132.19000244140625,90.16000366210938,76.88999938964844,49.45000076293945,58.61641311645508,44.529998779296875,29.280000686645508,3.9342501163482666,30.66413688659668,126.41999816894531,51.5,62.9900016784668,47.790000915527344,35.630001068115234,190.8800048828125,51.439998626708984,64.44999694824219,51.400001525878906,30.899999618530273,24.450000762939453,77.81999969482422,76.08000183105469,69.91999816894531,12.420000076293945,167.4600067138672,152.16000366210938,25.18899917602539,23.579999923706055,56.41999816894531,66.58000183105469,42.900001525878906,106.4800033569336,30.329999923706055,83.80999755859375,222.39999389648438,35.09000015258789,132.27999877929688,90.8499984741211,77.12000274658203,50.06999969482422,58.66412353515625,45.400001525878906,30.530000686645508,4.062250137329102,30.929790496826172,127.33999633789062,52.0,63.11000061035156,48.52000045776367,35.90999984741211,190.8800048828125,51.689998626708984,64.66000366210938,51.7400016784668,31.114999771118164,24.600000381469727,77.93000030517578,76.47000122070312,4666400,58888500,1533300,562600,20693000,70124800,4879400,15791100,5709600,3560400,2922900,2515500,2203300,26493300,4660000,11502100,3638100,3561100,7542666,8501900,26247700,623672000,17848752,1376100,5205700,4498200,945900,3588100,1930500,5131100,2463900,13503100,20750400,45047200,10269000,10084900
2017-08-22,49.79461669921875,12.170000076293945,130.49667358398438,142.17173767089844,19.93897247314453,19.45301628112793,42.1539421081543,50.409088134765625,32.649208068847656,73.21184539794922,21.415544509887695,61.87726974487305,185.1754608154297,28.917165756225586,105.83484649658203,72.43550109863281,68.78501892089844,38.072418212890625,45.4621467590332,35.29551315307617,29.697492599487305,4.015718460083008,21.133729934692383,94.64708709716797,41.43223190307617,49.282310485839844,44.879390716552734,30.0504207611084,168.85427856445312,37.09236145019531,46.73957824707031,41.06574630737305,21.45009994506836,21.046321868896484,68.44795989990234,52.03116226196289,71.75,12.170000076293945,170.07000732421875,154.3699951171875,25.518999099731445,23.829999923706055,57.66999816894531,66.8499984741211,43.189998626708984,106.36000061035156,30.399999618530273,84.23999786376953,223.5800018310547,34.650001525878906,134.6999969482422,91.55999755859375,78.26000213623047,49.66999816894531,59.56106948852539,45.56999969482422,30.450000762939453,4.06374979019165,31.45161247253418,127.51000213623047,52.349998474121094,63.349998474121094,48.883331298828125,36.52000045776367,194.7899932861328,51.939998626708984,65.58000183105469,52.220001220703125,31.204999923706055,24.81999969482422,79.30000305175781,76.73999786376953,71.87999725341797,12.329999923706055,170.94000244140625,154.80999755859375,25.618999481201172,23.889999389648438,57.79999923706055,66.93000030517578,43.36000061035156,106.91999816894531,30.6200008392334,84.52999877929688,223.77999877929688,35.189998626708984,134.7899932861328,91.70999908447266,78.6500015258789,49.959999084472656,59.63740539550781,45.709999084472656,30.540000915527344,4.06974983215332,31.51802635192871,127.83999633789062,52.619998931884766,63.63999938964844,48.97999954223633,36.66999816894531,194.9600067138672,52.060001373291016,65.72000122070312,52.27000045776367,31.274999618530273,24.84000015258789,79.38999938964844,77.33000183105469,70.76000213623047,12.100000381469727,168.8300018310547,151.8699951171875,25.100000381469727,23.56999969482422,56.650001525878906,66.25,42.619998931884766,105.80999755859375,30.1200008392334,83.8499984741211,221.3300018310547,34.619998931884766,132.89999389648438,91.0,77.52999877929688,49.29999923706055,59.08396911621094,44.93000030517578,29.770000457763672,3.9927499294281006,31.024667739868164,126.88999938964844,52.209999084472656,63.11000061035156,48.45000076293945,36.34000015258789,191.55999755859375,51.66999816894531,64.5,51.91999816894531,31.065000534057617,24.6200008392334,78.31999969482422,76.52999877929688,70.91000366210938,12.199999809265137,168.86000061035156,151.89999389648438,25.183000564575195,23.600000381469727,56.790000915527344,66.29000091552734,42.63999938964844,105.98999786376953,30.440000534057617,83.91000366210938,221.86000061035156,35.02000045776367,133.27000427246094,91.06999969482422,77.52999877929688,49.709999084472656,59.13167953491211,45.0,29.850000381469727,4.012249946594238,31.081594467163086,126.88999938964844,52.209999084472656,63.15999984741211,48.51333236694336,36.470001220703125,192.14999389648438,51.72999954223633,64.9000015258789,51.95000076293945,31.084999084472656,24.649999618530273,78.37000274658203,76.55000305175781,3589000,39033200,1933500,839100,26917000,59228600,4441000,13247000,5850200,5630900,3931000,1946700,2021300,26097800,4150300,9211800,2131900,3257500,5779930,7130700,18821200,450456000,14178619,1216500,4443300,4710200,1046700,3202300,2021900,3115300,2865800,12984100,30343600,42644000,5455500,9503600
2017-08-23,49.63498306274414,12.479999542236328,129.67568969726562,141.27842712402344,20.07414436340332,19.395875930786133,42.300148010253906,50.695640563964844,33.02717208862305,73.38392639160156,21.82413673400879,62.516292572021484,184.4797821044922,28.925506591796875,104.34202575683594,72.52252197265625,68.68834686279297,38.45568084716797,45.2654914855957,35.4736442565918,29.697492599487305,4.096007823944092,21.19110679626465,94.66193389892578,41.33726501464844,49.15785598754883,45.06913757324219,30.09979248046875,168.37750244140625,36.99952697753906,46.83222961425781,40.91632843017578,21.542898178100586,20.978483200073242,67.93006134033203,51.94300842285156,71.5199966430664,12.479999542236328,169.0,153.39999389648438,25.691999435424805,23.760000228881836,57.869998931884766,67.2300033569336,43.689998626708984,106.61000061035156,30.979999542236328,85.11000061035156,222.74000549316406,34.65999984741211,132.8000030517578,91.66999816894531,78.1500015258789,50.16999816894531,59.303436279296875,45.79999923706055,30.450000762939453,4.144999980926514,31.537002563476562,127.52999877929688,52.22999954223633,63.189998626708984,49.09000015258789,36.58000183105469,194.24000549316406,51.810001373291016,65.70999908447266,52.029998779296875,31.34000015258789,24.739999771118164,78.69999694824219,76.61000061035156,71.9000015258789,12.539999961853027,169.94000244140625,154.1999969482422,25.891000747680664,23.969999313354492,58.16999816894531,67.56999969482422,43.95000076293945,107.05999755859375,31.3700008392334,85.72000122070312,224.80999755859375,34.810001373291016,134.49000549316406,92.33999633789062,78.5199966430664,50.380001068115234,59.73282241821289,45.95000076293945,30.739999771118164,4.15625,31.679317474365234,128.02999877929688,52.40999984741211,63.5,49.22999954223633,36.599998474121094,194.58999633789062,52.06999969482422,66.0,52.47999954223633,31.5,24.8799991607666,79.05000305175781,77.01000213623047,71.2699966430664,11.949999809265137,168.75999450683594,153.1300048828125,25.339000701904297,23.59000015258789,57.43000030517578,66.20999908447266,42.83000183105469,106.11000061035156,30.15999984741211,83.95999908447266,221.3300018310547,34.380001068115234,132.64999389648438,90.83999633789062,78.05000305175781,49.33000183105469,59.303436279296875,45.11000061035156,29.8700008392334,4.021249771118164,31.37571144104004,126.44999694824219,51.779998779296875,62.869998931884766,48.37333297729492,36.369998931884766,193.72000122070312,51.59000015258789,65.0999984741211,51.79999923706055,31.110000610351562,24.6200008392334,78.66999816894531,76.47000122070312,71.29000091552734,12.0,169.66000366210938,153.89999389648438,25.392000198364258,23.610000610351562,57.630001068115234,66.20999908447266,42.95000076293945,106.20999908447266,30.329999923706055,84.16000366210938,221.89999389648438,34.540000915527344,134.42999267578125,90.87000274658203,78.19999694824219,49.43000030517578,59.39885330200195,45.20000076293945,29.969999313354492,4.03000020980835,31.37571144104004,126.5999984741211,52.29999923706055,63.099998474121094,48.42333221435547,36.470001220703125,194.5,51.65999984741211,65.22000122070312,51.83000183105469,31.139999389648438,24.639999389648438,79.02999877929688,76.69999694824219,3071300,44345400,1279400,532300,27928000,39825500,4017400,10031600,5240900,4185800,3320000,2322700,2568000,19648100,5129900,8811300,1801500,4527200,6743775,5464800,21200400,579520000,16989953,1082500,5259300,4433400,1983900,2956400,1547000,3440000,2808700,10019500,23052000,36612700,5662500,7054300
2017-08-24,50.044456481933594,12.5,130.4046173095703,141.324462890625,19.928030014038086,19.461179733276367,42.51942443847656,51.042518615722656,32.732364654541016,73.95525360107422,21.922754287719727,62.1563606262207,184.68678283691406,28.967247009277344,104.4127197265625,72.40385437011719,69.3123779296875,39.191524505615234,45.6733512878418,35.62857437133789,29.473176956176758,4.080939769744873,21.18472671508789,94.76585388183594,41.54304122924805,48.916690826416016,45.07524871826172,30.305496215820312,168.81959533691406,37.02809524536133,48.065223693847656,41.018550872802734,21.556642532348633,20.978483200073242,68.12855529785156,51.753170013427734,72.11000061035156,12.5,169.9499969482422,153.4499969482422,25.5049991607666,23.84000015258789,58.16999816894531,67.69000244140625,43.29999923706055,107.44000244140625,31.1200008392334,84.62000274658203,222.99000549316406,34.709999084472656,132.88999938964844,91.5199966430664,78.86000061035156,51.130001068115234,59.83778762817383,46.0,30.219999313354492,4.129749774932861,31.52751350402832,127.66999816894531,52.4900016784668,62.880001068115234,49.0966682434082,36.83000183105469,194.75,51.849998474121094,67.44000244140625,52.15999984741211,31.360000610351562,24.739999771118164,78.93000030517578,76.33000183105469,72.30999755859375,12.710000038146973,170.69000244140625,153.89999389648438,25.93600082397461,23.940000534057617,58.34000015258789,67.91000366210938,43.560001373291016,107.66999816894531,31.290000915527344,85.13999938964844,224.57000732421875,34.88999938964844,133.0800018310547,92.12000274658203,79.23999786376953,51.540000915527344,60.02862548828125,46.18000030517578,30.6299991607666,4.182000160217285,31.688804626464844,128.02999877929688,52.709999084472656,63.2400016784668,49.36333465576172,36.93000030517578,195.07000732421875,52.11000061035156,68.0,52.529998779296875,31.434999465942383,24.850000381469727,79.04000091552734,76.6500015258789,71.4000015258789,12.390000343322754,168.57000732421875,152.7100067138672,25.110000610351562,23.68000030517578,57.79999923706055,66.94999694824219,43.08000183105469,106.33000183105469,30.670000076293945,84.33000183105469,222.58999633789062,34.54999923706055,132.27000427246094,91.41000366210938,78.26000213623047,50.189998626708984,59.34160232543945,45.72999954223633,30.110000610351562,4.103000164031982,31.47058868408203,127.11000061035156,52.2599983215332,62.560001373291016,48.823333740234375,36.58000183105469,194.2100067138672,51.7400016784668,65.69999694824219,52.040000915527344,31.219999313354492,24.690000534057617,78.62999725341797,76.19999694824219,71.72000122070312,12.6899995803833,169.27999877929688,153.2899932861328,25.867000579833984,23.93000030517578,57.97999954223633,67.44999694824219,43.52000045776367,106.5,30.760000228881836,84.80000305175781,223.77000427246094,34.70000076293945,132.82000732421875,91.93000030517578,78.33000183105469,50.2599983215332,59.39885330200195,45.970001220703125,30.549999237060547,4.177499771118164,31.660341262817383,127.80999755859375,52.369998931884766,63.099998474121094,49.293331146240234,36.779998779296875,194.5500030517578,52.0099983215332,65.69999694824219,52.189998626708984,31.229999542236328,24.850000381469727,78.77999877929688,76.5,4088300,37269700,1922400,400200,52119000,39178700,4471000,11524800,4370000,5059700,3820900,2007800,2263000,14301900,5398400,8623200,4188400,4070100,8122105,6640700,18056800,469700000,12140394,889500,6198600,5674100,1294200,4544500,1923700,2457400,5492000,12345000,20781000,31067200,5502800,8678300
2017-08-25,50.301246643066406,12.430000305175781,130.2434539794922,142.03359985351562,19.188888549804688,19.40403175354004,42.66560745239258,51.16316223144531,32.94402313232422,74.49903869628906,21.9509334564209,62.07558059692383,184.25611877441406,28.933856964111328,104.12017059326172,72.69657135009766,69.2508544921875,39.64376449584961,45.840877532958984,35.58210372924805,29.54145050048828,4.04684591293335,21.28672981262207,94.92174530029297,41.17897415161133,49.694618225097656,44.85797119140625,30.321958541870117,168.48150634765625,37.185203552246094,48.22913360595703,40.71186065673828,21.652881622314453,21.03784942626953,68.14583587646484,52.017601013183594,72.4800033569336,12.430000305175781,169.74000549316406,154.22000122070312,24.55900001525879,23.770000457763672,58.369998931884766,67.8499984741211,43.58000183105469,108.2300033569336,31.15999984741211,84.51000213623047,222.47000122070312,34.66999816894531,131.67999267578125,91.88999938964844,78.79000091552734,51.720001220703125,60.0572509765625,45.939998626708984,30.290000915527344,4.095250129699707,31.679317474365234,127.87999725341797,52.029998779296875,63.880001068115234,48.86000061035156,36.849998474121094,194.36000061035156,52.06999969482422,67.66999816894531,51.77000045776367,31.5,24.809999465942383,78.94999694824219,76.72000122070312,72.77999877929688,12.569999694824219,171.57000732421875,154.8000030517578,25.440000534057617,24.06999969482422,58.66999816894531,68.23999786376953,44.11000061035156,108.70999908447266,31.65999984741211,85.22000122070312,224.9499969482422,34.93000030517578,132.55999755859375,92.4800033569336,79.52999877929688,52.20000076293945,60.39122009277344,46.41999816894531,30.389999389648438,4.1645002365112305,31.897533416748047,128.4499969482422,52.849998474121094,64.12999725341797,49.366668701171875,37.060001373291016,195.5399932861328,52.40999984741211,68.80999755859375,52.56999969482422,31.625,24.920000076293945,79.4000015258789,77.12999725341797,72.20999908447266,12.25,169.39999389648438,153.5500030517578,24.378000259399414,23.75,58.18000030517578,67.70999908447266,43.36000061035156,107.5199966430664,31.100000381469727,84.45999908447266,222.1300048828125,34.58000183105469,131.6199951171875,91.80000305175781,78.73999786376953,51.36000061035156,59.89503860473633,45.72999954223633,30.049999237060547,4.088749885559082,31.52751350402832,127.62999725341797,52.02000045776367,62.9900016784668,48.78333282470703,36.75,194.13999938964844,51.97999954223633,67.55999755859375,51.7599983215332,31.40999984741211,24.780000686645508,78.88999938964844,76.43000030517578,72.22000122070312,12.510000228881836,170.82000732421875,153.74000549316406,25.225000381469727,23.889999389648438,58.290000915527344,67.80000305175781,43.4900016784668,107.81999969482422,31.25,85.01000213623047,223.63999938964844,34.81999969482422,131.91000366210938,91.87999725341797,78.95999908447266,51.470001220703125,59.99045944213867,46.16999816894531,30.299999237060547,4.154250144958496,31.574953079223633,128.17999267578125,52.779998779296875,63.11000061035156,49.279998779296875,36.93000030517578,195.3300018310547,52.09000015258789,67.79000091552734,52.27000045776367,31.420000076293945,24.790000915527344,79.0999984741211,76.55999755859375,3871200,29732000,1510800,535300,69099000,43511900,4070300,11883100,5393800,4384200,3246900,2211300,2232500,14726800,4133300,11794600,2171500,3101400,5528095,5659400,13929800,357200000,15171171,990900,8684700,5712600,684900,2975200,1375000,3130500,3915900,15307800,16440400,37177300,5476500,6844900
2017-08-28,50.884193420410156,12.229999542236328,131.8087921142578,141.94151306152344,19.00604820251465,19.363210678100586,42.819114685058594,51.13298797607422,32.54338073730469,74.1755142211914,21.788902282714844,61.260257720947266,182.50030517578125,28.917165756225586,104.16764831542969,72.46713256835938,69.29478454589844,40.25696563720703,46.117637634277344,35.225799560546875,30.31192398071289,4.075504302978516,21.337732315063477,94.67676544189453,41.45903778076172,49.360111236572266,44.99262237548828,30.256132125854492,169.11428833007812,37.10664367675781,48.76367950439453,40.60176467895508,21.556642532348633,20.902172088623047,68.50836181640625,51.84809112548828,73.31999969482422,12.229999542236328,171.77999877929688,154.1199951171875,24.325000762939453,23.719999313354492,58.58000183105469,67.80999755859375,43.04999923706055,107.76000213623047,30.93000030517578,83.4000015258789,220.35000610351562,34.650001525878906,131.74000549316406,91.5999984741211,78.83999633789062,52.52000045776367,60.41984558105469,45.47999954223633,31.079999923706055,4.1242499351501465,31.755218505859375,127.55000305175781,51.810001373291016,63.45000076293945,49.00666809082031,36.77000045776367,195.08999633789062,51.959999084472656,68.41999816894531,51.630001068115234,31.360000610351562,24.649999618530273,79.37000274658203,76.47000122070312,73.56999969482422,12.550000190734863,172.63999938964844,154.36000061035156,24.763999938964844,23.899999618530273,58.88999938964844,68.18000030517578,43.630001068115234,108.58999633789062,31.270000457763672,84.41999816894531,223.08999633789062,34.79999923706055,132.1199951171875,92.19000244140625,79.43000030517578,52.970001220703125,60.553436279296875,46.15999984741211,31.209999084472656,4.127500057220459,31.897533416748047,128.4499969482422,51.810001373291016,64.08000183105469,49.02000045776367,36.869998931884766,195.80999755859375,52.290000915527344,69.79000091552734,52.02000045776367,31.6200008392334,24.84000015258789,79.5,76.94000244140625,72.55999755859375,12.15999984741211,170.25999450683594,153.38999938964844,24.25,23.56999969482422,58.45000076293945,67.43000030517578,42.70000076293945,107.2699966430664,30.469999313354492,82.25,218.86000061035156,34.59000015258789,131.49000549316406,91.12999725341797,78.62999725341797,52.029998779296875,60.095420837402344,45.119998931884766,30.420000076293945,4.0582499504089355,31.698291778564453,127.23999786376953,51.459999084472656,63.0,48.7400016784668,36.56999969482422,194.36000061035156,51.75,68.23999786376953,51.41999816894531,31.190000534057617,24.59000015258789,79.1500015258789,76.26000213623047,72.66999816894531,12.529999732971191,170.86000061035156,153.6699981689453,24.70400047302246,23.84000015258789,58.63999938964844,68.08000183105469,43.599998474121094,108.54000091552734,31.270000457763672,84.3499984741211,222.91000366210938,34.779998779296875,131.67999267578125,92.16000366210938,79.0999984741211,52.33000183105469,60.21946716308594,46.15999984741211,30.43000030517578,4.114500045776367,31.783681869506836,128.4499969482422,51.77000045776367,63.84000015258789,48.93000030517578,36.59000015258789,194.58999633789062,52.15999984741211,68.9000015258789,51.95000076293945,31.514999389648438,24.829999923706055,79.16999816894531,76.9000015258789,4574400,35969600,2359500,261400,34174000,37155000,3292300,10797600,4593400,3681600,2967000,2377500,2641600,20712900,5349200,7292900,1923200,5812400,7858114,6526700,22531000,389496000,13033026,1720100,4519000,4505600,552600,2199900,2009900,2397400,6445800,12425900,19912000,36486900,7432800,8229700
2017-08-29,51.27977752685547,12.149999618530273,132.15406799316406,142.89015197753906,18.88728904724121,19.248937606811523,43.023780822753906,50.884151458740234,32.39219665527344,74.24434661865234,21.8311824798584,61.07659912109375,182.79949951171875,28.983938217163086,104.5392837524414,72.07159423828125,69.0398941040039,39.421478271484375,45.971961975097656,35.125125885009766,30.702035903930664,4.068833827972412,21.356857299804688,93.72665405273438,41.45903778076172,49.39901351928711,45.06300735473633,30.346637725830078,170.53598022460938,36.778141021728516,48.40730285644531,40.436622619628906,21.529150009155273,20.834333419799805,68.63780212402344,51.83454895019531,73.88999938964844,12.149999618530273,172.22999572753906,155.14999389648438,24.17300033569336,23.579999923706055,58.86000061035156,67.4800033569336,42.849998474121094,107.86000061035156,30.989999771118164,83.1500015258789,219.9600067138672,34.72999954223633,132.2100067138672,91.0999984741211,78.55000305175781,51.43000030517578,60.229007720947266,45.349998474121094,31.479999542236328,4.117499828338623,31.783681869506836,126.2699966430664,51.810001373291016,63.5,49.08333206176758,36.880001068115234,196.72999572753906,51.5,67.91999816894531,51.41999816894531,31.31999969482422,24.56999969482422,79.5199966430664,76.44999694824219,73.9000015258789,12.180000305175781,172.35000610351562,155.52999877929688,24.45800018310547,23.700000762939453,59.02000045776367,67.7699966430664,42.9900016784668,108.05000305175781,31.1200008392334,83.23999786376953,220.1300048828125,34.75,132.4499969482422,91.30999755859375,78.83999633789062,52.52000045776367,60.314884185791016,45.56999969482422,31.530000686645508,4.139500141143799,31.831119537353516,126.81999969482422,51.86000061035156,63.619998931884766,49.209999084472656,36.970001220703125,197.0399932861328,51.630001068115234,68.94999694824219,51.5,31.360000610351562,24.610000610351562,79.5999984741211,76.48999786376953,72.77999877929688,11.930000305175781,170.35000610351562,153.5,24.003000259399414,23.1200008392334,58.18000030517578,66.51000213623047,42.43000030517578,107.04000091552734,30.239999771118164,81.98999786376953,215.75,34.459999084472656,131.3000030517578,90.30999755859375,78.12000274658203,51.119998931884766,59.847328186035156,44.34000015258789,30.700000762939453,4.05649995803833,31.537002563476562,125.25,51.279998779296875,62.810001373291016,48.37333297729492,36.5,194.3300018310547,51.16999816894531,67.77999877929688,51.130001068115234,31.09000015258789,24.350000381469727,78.97000122070312,76.08000183105469,72.77999877929688,12.0,170.66000366210938,153.6300048828125,24.128999710083008,23.219999313354492,58.349998474121094,66.69999694824219,42.720001220703125,107.43000030517578,30.59000015258789,82.62000274658203,217.27000427246094,34.5099983215332,131.57000732421875,90.44999694824219,78.54000091552734,52.16999816894531,60.238548278808594,44.720001220703125,30.75,4.0647501945495605,31.717267990112305,126.04000091552734,51.310001373291016,63.2599983215332,48.38999938964844,36.52000045776367,194.8300018310547,51.36000061035156,68.2300033569336,51.209999084472656,31.209999084472656,24.3700008392334,79.04000091552734,76.20999908447266,3390800,33618100,1483000,575500,33536000,60897200,3983700,12448000,4592900,3230600,3438400,2321300,2369100,15843700,3277900,10886100,2154300,5375900,6879806,8776100,23151900,324096000,12884096,2052800,4980900,4076300,1068900,2997700,2072200,5577500,3557700,10715500,17454200,42814200,4243500,7060400
2017-08-30,51.30060958862305,12.670000076293945,133.24366760253906,142.5769805908203,19.222484588623047,19.585338592529297,43.40387725830078,51.283809661865234,32.81551742553711,74.15489196777344,21.810039520263672,61.45856475830078,184.84385681152344,29.117456436157227,103.63787078857422,72.23770904541016,70.7450180053711,40.111328125,45.971961975097656,35.36522674560547,30.828828811645508,4.093044281005859,21.324987411499023,93.37039184570312,41.70711135864258,49.31342697143555,45.83420181274414,30.38779067993164,169.79910278320312,36.842411041259766,48.75654983520508,40.38943099975586,21.53946304321289,20.91913604736328,68.99171447753906,51.59722137451172,73.91999816894531,12.670000076293945,173.64999389648438,154.80999755859375,24.601999282836914,23.8700008392334,59.380001068115234,68.01000213623047,43.40999984741211,107.7300033569336,30.959999084472656,83.66999816894531,222.4199981689453,34.88999938964844,131.07000732421875,91.30999755859375,80.48999786376953,52.33000183105469,60.229007720947266,45.65999984741211,31.610000610351562,4.142000198364258,31.736242294311523,125.79000091552734,52.119998931884766,63.38999938964844,49.92333221435547,36.93000030517578,195.8800048828125,51.59000015258789,68.41000366210938,51.36000061035156,31.334999084472656,24.670000076293945,79.93000030517578,76.0999984741211,74.18000030517578,12.680000305175781,175.0800018310547,155.3000030517578,24.634000778198242,24.040000915527344,59.70000076293945,68.38999938964844,43.5,107.83999633789062,31.200000762939453,83.9800033569336,224.22000122070312,34.959999084472656,132.0,91.87999725341797,80.7699966430664,52.540000915527344,60.27671813964844,45.959999084472656,31.68000030517578,4.153250217437744,31.764705657958984,126.87000274658203,52.290000915527344,63.7599983215332,50.0,37.08000183105469,196.8800048828125,51.790000915527344,68.87000274658203,51.7400016784668,31.43000030517578,24.780000686645508,80.12999725341797,76.44999694824219,73.58000183105469,12.15999984741211,171.5399932861328,153.4199981689453,24.08799934387207,23.559999465942383,58.81999969482422,67.69000244140625,42.41999816894531,107.0999984741211,30.510000228881836,82.31999969482422,220.08999633789062,34.630001068115234,130.89999389648438,91.19000244140625,78.75,51.369998931884766,60.01908493041992,45.43000030517578,31.3799991607666,4.106750011444092,31.546489715576172,125.55000305175781,51.560001373291016,63.06999969482422,49.17333221435547,36.79999923706055,195.1999969482422,51.47999954223633,68.08000183105469,51.20000076293945,31.110000610351562,24.59000015258789,79.41000366210938,76.05999755859375,73.62000274658203,12.1899995803833,172.19000244140625,153.83999633789062,24.1560001373291,23.729999542236328,58.869998931884766,67.69999694824219,42.630001068115234,107.58000183105469,30.75,82.91999816894531,220.25,34.75,132.0,91.25,79.0999984741211,51.529998779296875,60.24809265136719,45.439998626708984,31.649999618530273,4.137499809265137,31.764705657958984,126.55000305175781,52.22999954223633,63.400001525878906,49.3466682434082,36.880001068115234,196.3800048828125,51.529998779296875,68.5199966430664,51.459999084472656,31.200000762939453,24.610000610351562,79.43000030517578,76.23999786376953,3189100,43933000,2310900,834200,21924000,58412900,5327800,9152000,6846900,3126000,3213600,2245700,2411400,18565000,5430800,9165300,5036900,4249300,5263580,5672900,17467900,384400000,12394935,2300500,4876200,4629100,1998900,2838900,1506700,3370400,3248100,11427500,17328800,35176100,3667900,8218000
2017-08-31,52.258323669433594,13.0,136.4049835205078,143.95843505859375,19.695192337036133,19.601743698120117,44.20792007446289,51.29888153076172,33.00449752807617,74.07913208007812,22.120006561279297,62.42814636230469,185.94082641601562,29.26767921447754,104.6657485961914,71.90544891357422,71.44818878173828,40.20330047607422,46.510929107666016,35.24129867553711,31.179927825927734,4.1859331130981445,21.624616622924805,93.08833312988281,41.82712936401367,49.40679168701172,46.28712463378906,30.420696258544922,172.41702270507812,36.599605560302734,48.53561019897461,40.161380767822266,21.6425724029541,20.9445743560791,70.16560363769531,51.753170013427734,75.30000305175781,13.0,177.77000427246094,156.30999755859375,25.207000732421875,23.889999389648438,60.47999954223633,68.02999877929688,43.65999984741211,107.62000274658203,31.399999618530273,84.98999786376953,223.74000549316406,35.06999969482422,132.3699951171875,90.88999938964844,81.29000091552734,52.45000076293945,60.935115814208984,45.5,31.969999313354492,4.236000061035156,32.18216323852539,125.41000366210938,52.27000045776367,63.5099983215332,50.41666793823242,36.970001220703125,198.89999389648438,51.25,68.0999984741211,51.06999969482422,31.485000610351562,24.700000762939453,81.29000091552734,76.33000183105469,75.4000015258789,13.15999984741211,178.63999938964844,156.6699981689453,25.253000259399414,24.040000915527344,60.75,68.29000091552734,44.150001525878906,108.2300033569336,31.799999237060547,85.18000030517578,224.49000549316406,35.18000030517578,132.5,91.8499984741211,81.3499984741211,52.86000061035156,60.992366790771484,46.040000915527344,32.02000045776367,4.239999771118164,32.27703857421875,126.31999969482422,52.59000015258789,63.779998779296875,50.483333587646484,36.97999954223633,199.49000549316406,51.869998931884766,68.72000122070312,51.2400016784668,31.565000534057617,24.780000686645508,81.37000274658203,76.48999786376953,73.91999816894531,12.789999961853027,173.74000549316406,154.58999633789062,24.55500030517578,23.780000686645508,59.61000061035156,67.75,43.52000045776367,107.5,31.040000915527344,83.61000061035156,222.5800018310547,34.869998931884766,131.25,90.80000305175781,80.33999633789062,52.0,60.066795349121094,45.38999938964844,31.479999542236328,4.15500020980835,31.764705657958984,124.6500015258789,52.119998931884766,63.15999984741211,50.016666412353516,36.70000076293945,196.38999938964844,51.189998626708984,67.30999755859375,50.869998931884766,31.364999771118164,24.6200008392334,80.12999725341797,76.05000305175781,74.11000061035156,12.819999694824219,173.74000549316406,154.9199981689453,24.66200065612793,24.030000686645508,59.630001068115234,68.1500015258789,43.779998779296875,108.0,31.260000228881836,84.0,223.25,34.939998626708984,131.38999938964844,91.80999755859375,80.7699966430664,52.54999923706055,60.4484748840332,46.0,31.610000610351562,4.162499904632568,31.783681869506836,126.29000091552734,52.2599983215332,63.599998474121094,50.09333419799805,36.95000076293945,196.92999267578125,51.81999969482422,68.6500015258789,51.0,31.469999313354492,24.75,80.12999725341797,76.2699966430664,6177600,51822100,3977500,787400,29491000,62362400,9716900,12439300,7660100,5508200,5333100,4803900,2240600,16366800,7407100,13217400,3939500,4895500,13522344,7890800,25694000,612684000,27300497,2777100,8215800,5833500,1072200,4288600,2990200,5196900,4434400,25231100,20667400,44225200,6987200,15641700
2017-09-01,52.34159851074219,13.1899995803833,137.12628173828125,144.851806640625,19.74675941467285,19.76584815979004,43.783973693847656,51.713623046875,33.44295120239258,74.86384582519531,22.62017059326172,62.9129524230957,187.7193145751953,29.284372329711914,103.606201171875,72.54624938964844,70.38465118408203,41.606021881103516,46.489078521728516,35.775733947753906,31.794363021850586,4.211131572723389,21.650121688842773,94.00129699707031,41.65110397338867,49.67338943481445,46.489105224609375,30.62640380859375,173.15386962890625,36.90669631958008,49.31959533691406,40.082740783691406,21.852224349975586,21.003923416137695,70.11382293701172,51.915889739990234,75.41999816894531,13.1899995803833,178.7100067138672,157.27999877929688,25.273000717163086,24.09000015258789,59.900001525878906,68.58000183105469,44.2400016784668,108.76000213623047,32.11000061035156,85.6500015258789,225.8800048828125,35.09000015258789,131.02999877929688,91.69999694824219,80.08000183105469,54.279998779296875,60.906490325927734,46.189998626708984,32.599998474121094,4.261499881744385,32.220115661621094,126.63999938964844,52.04999923706055,63.349998474121094,50.63666534423828,37.220001220703125,199.75,51.68000030517578,69.19999694824219,50.970001220703125,31.790000915527344,24.770000457763672,81.2300033569336,76.56999969482422,76.0,13.489999771118164,179.72999572753906,157.57000732421875,25.534000396728516,24.18000030517578,60.650001525878906,69.02999877929688,44.38999938964844,109.16000366210938,32.349998474121094,85.86000061035156,227.55999755859375,35.38999938964844,132.64999389648438,92.36000061035156,81.70999908447266,54.31999969482422,61.16412353515625,46.52000045776367,32.880001068115234,4.297500133514404,32.381404876708984,127.19000244140625,52.77000045776367,63.91999816894531,50.900001525878906,37.2400016784668,199.99000549316406,51.95000076293945,69.51000213623047,51.4900016784668,31.895000457763672,24.90999984741211,81.58000183105469,76.8499984741211,75.26000213623047,13.039999961853027,177.3000030517578,156.3800048828125,25.229999542236328,23.799999237060547,59.720001220703125,67.9800033569336,43.47999954223633,107.51000213623047,31.139999389648438,84.58999633789062,223.52999877929688,35.06999969482422,130.94000244140625,90.94999694824219,79.43000030517578,52.5,60.6870231628418,45.29999923706055,32.130001068115234,4.239999771118164,32.08728790283203,125.11000061035156,51.93000030517578,62.970001220703125,50.50666809082031,36.90999984741211,198.36000061035156,51.2400016784668,67.81999969482422,50.93000030517578,31.454999923706055,24.670000076293945,80.91999816894531,76.31999969482422,75.58999633789062,13.119999885559082,178.13999938964844,157.16000366210938,25.232999801635742,23.899999618530273,60.36000061035156,68.11000061035156,43.7599983215332,107.68000030517578,31.510000228881836,85.0,224.5500030517578,35.2400016784668,132.60000610351562,91.25,81.54000091552734,52.54999923706055,60.86832046508789,45.59000015258789,32.130001068115234,4.24875020980835,32.20113754272461,125.83000183105469,52.529998779296875,63.20000076293945,50.50666809082031,37.0,199.7899932861328,51.380001068115234,68.11000061035156,51.060001373291016,31.53499984741211,24.729999542236328,81.41000366210938,76.37000274658203,3831700,53158600,2431900,739700,23242000,56233900,6283700,10720600,4808800,3660300,3821000,2358600,2346900,12822000,3820800,9815800,4345000,3976600,6481985,7024700,26034000,445432000,19160771,1582300,5301300,4907400,1591200,4100000,2241800,3656500,3954400,16217700,23191000,42132600,6471600,7361100
2017-09-05,52.22361373901367,12.920000076293945,135.61468505859375,142.5769805908203,19.459224700927734,19.1258602142334,43.71818923950195,50.64284896850586,33.556339263916016,75.33191680908203,22.634258270263672,63.07454299926758,180.9877471923828,29.225955963134766,102.71272277832031,70.81369018554688,70.1561508178711,39.697418212890625,46.33613586425781,34.768836975097656,31.277456283569336,4.098724365234375,21.548118591308594,91.88585662841797,40.034664154052734,51.04557418823242,45.85256576538086,30.321958541870117,172.77244567871094,36.3282356262207,48.400203704833984,39.39857482910156,21.972517013549805,20.55451011657715,69.81171417236328,52.3294792175293,75.25,12.920000076293945,176.74000549316406,154.80999755859375,24.905000686645508,23.309999465942383,59.810001373291016,67.16000366210938,44.38999938964844,109.44000244140625,32.130001068115234,85.87000274658203,217.77999877929688,35.02000045776367,129.89999389648438,89.51000213623047,79.81999969482422,51.790000915527344,60.70610809326172,44.88999938964844,32.06999969482422,4.147749900817871,32.06830978393555,123.79000091552734,50.029998779296875,65.0999984741211,49.94333267211914,36.849998474121094,199.30999755859375,50.869998931884766,67.91000366210938,50.099998474121094,31.96500015258789,24.239999771118164,80.87999725341797,77.18000030517578,75.58000183105469,13.180000305175781,178.5,156.4600067138672,25.273000717163086,23.829999923706055,60.220001220703125,67.94000244140625,44.709999084472656,110.26000213623047,32.70000076293945,86.68000030517578,224.0,35.33000183105469,131.17999267578125,91.11000061035156,80.05000305175781,53.65999984741211,61.17366409301758,45.720001220703125,32.7400016784668,4.2144999504089355,32.41935348510742,125.9000015258789,51.900001525878906,65.25,50.52000045776367,37.400001525878906,200.44000244140625,51.439998626708984,68.70999908447266,50.66999816894531,32.119998931884766,24.6200008392334,81.37000274658203,77.36000061035156,74.7300033569336,12.649999618530273,175.36000061035156,153.47000122070312,24.70199966430664,23.229999542236328,59.38999938964844,66.76000213623047,44.11000061035156,108.69999694824219,31.739999771118164,85.26000213623047,217.3000030517578,34.93000030517578,129.72000122070312,89.0199966430664,79.05000305175781,50.52000045776367,60.553436279296875,44.720001220703125,31.649999618530273,4.089000225067139,32.0208740234375,123.37999725341797,49.83000183105469,63.349998474121094,49.516666412353516,36.650001525878906,198.7100067138672,50.63999938964844,67.23999786376953,49.7599983215332,31.739999771118164,24.170000076293945,80.51000213623047,76.61000061035156,75.38999938964844,12.880000114440918,178.0,155.91000366210938,25.011999130249023,23.829999923706055,59.540000915527344,67.7699966430664,44.4900016784668,109.36000061035156,32.349998474121094,85.91999816894531,223.85000610351562,35.02000045776367,130.72000122070312,91.0199966430664,79.47000122070312,53.58000183105469,60.83015441894531,45.65999984741211,32.45000076293945,4.209499835968018,32.14421463012695,125.66000366210938,51.86000061035156,63.47999954223633,50.456668853759766,37.25,199.1999969482422,51.38999938964844,68.58999633789062,50.630001068115234,31.920000076293945,24.579999923706055,80.88999938964844,76.63999938964844,6309100,51445500,1959900,493400,24306000,108605400,4310400,17649500,5438800,5198500,3836800,2655100,5646200,18772000,5146600,16897300,3384000,8363200,7583538,8735700,28866600,695364000,15068616,2913000,17811100,7517600,2806500,7123000,2700800,6496200,4581400,31251300,36229600,96579200,8076900,12784800
2017-09-06,53.47282409667969,12.859999656677246,136.87303161621094,144.1150665283203,19.485015869140625,19.20790672302246,43.762046813964844,50.76350784301758,34.06282424926758,76.94953155517578,23.021709442138672,64.52893829345703,181.86036682128906,29.8435115814209,103.32160186767578,71.28834533691406,70.76261138916016,40.14200210571289,46.61289596557617,34.90824508666992,31.453014373779297,4.096255779266357,21.66924285888672,91.7151107788086,40.370758056640625,51.53171920776367,45.926029205322266,30.667560577392578,171.96624755859375,36.35679244995117,48.54273986816406,39.22557830810547,22.329967498779297,20.60538673400879,70.1483383178711,53.41431427001953,77.05000305175781,12.859999656677246,178.3800048828125,156.47999572753906,24.937999725341797,23.40999984741211,59.869998931884766,67.31999969482422,45.060001373291016,111.79000091552734,32.68000030517578,87.8499984741211,218.8300018310547,35.7599983215332,130.6699981689453,90.11000061035156,80.51000213623047,52.369998931884766,61.068702697753906,45.06999969482422,32.25,4.145249843597412,32.24857711791992,123.55999755859375,50.45000076293945,65.72000122070312,50.02333450317383,37.27000045776367,198.3800048828125,50.90999984741211,68.11000061035156,49.880001068115234,32.48500061035156,24.299999237060547,81.2699966430664,78.77999877929688,77.45999908447266,13.079999923706055,179.0800018310547,157.27999877929688,25.131000518798828,23.579999923706055,60.290000915527344,67.5999984741211,45.349998474121094,112.2300033569336,33.09000015258789,87.97000122070312,221.02000427246094,35.939998626708984,131.0,90.5199966430664,80.66999816894531,52.56999969482422,61.38358688354492,45.34000015258789,32.70000076293945,4.195000171661377,32.362430572509766,124.88999938964844,50.77000045776367,66.23999786376953,50.253334045410156,37.369998931884766,199.99000549316406,51.220001220703125,68.7699966430664,50.27000045776367,32.57500076293945,24.420000076293945,81.3499984741211,79.22000122070312,75.3499984741211,12.75,176.36000061035156,155.8800048828125,24.770000457763672,23.209999084472656,59.77000045776367,66.8499984741211,44.72999954223633,109.80000305175781,32.33000183105469,86.45999908447266,217.61000061035156,35.11000061035156,130.2100067138672,89.63999938964844,79.86000061035156,51.4900016784668,60.84923553466797,44.75,32.060001373291016,4.110000133514404,32.17267608642578,123.23999786376953,49.83000183105469,65.27999877929688,49.78666687011719,37.0,197.6300048828125,50.7400016784668,67.70999908447266,49.560001373291016,32.11000061035156,24.219999313354492,80.80000305175781,77.58000183105469,75.61000061035156,13.020000457763672,177.58999633789062,156.30999755859375,25.06100082397461,23.489999771118164,60.0,67.45999908447266,44.75,110.0,32.40999984741211,86.72000122070312,218.97999572753906,35.220001220703125,130.5399932861328,90.0,80.20999908447266,51.63999938964844,60.963741302490234,45.040000915527344,32.06999969482422,4.181000232696533,32.21062469482422,124.47000122070312,50.189998626708984,65.29000091552734,50.223331451416016,37.060001373291016,199.5399932861328,51.04999923706055,68.2300033569336,50.25,32.125,24.329999923706055,81.16000366210938,77.88999938964844,7755200,34182400,2242300,496400,13996000,64188900,5389300,11849400,5939300,8577300,3810700,2600300,3613600,28076400,5601900,11845700,2689200,6461900,7491838,6313200,29290200,397672000,13925764,1908900,16206900,6806200,1044000,4187700,3040200,4281400,4428800,26854000,34104200,77593900,8791000,18574400
2017-09-07,56.755455017089844,12.630000114440918,138.66091918945312,148.14892578125,19.263893127441406,18.846887588500977,45.93296813964844,49.813385009765625,34.100616455078125,76.9563980102539,22.817419052124023,65.079833984375,179.37550354003906,29.659921646118164,104.5234603881836,70.03839111328125,71.66791534423828,40.341285705566406,46.8459587097168,34.13371658325195,31.979660034179688,4.1152777671813965,21.66924285888672,89.59964752197266,40.314735412597656,51.64933395385742,46.00556564331055,30.889720916748047,172.43617248535156,35.606956481933594,49.077274322509766,39.06828689575195,22.3712100982666,20.249242782592773,70.92518615722656,53.583824157714844,81.77999877929688,12.630000114440918,180.7100067138672,160.86000061035156,24.655000686645508,22.969999313354492,62.84000015258789,66.05999755859375,45.11000061035156,111.80000305175781,32.38999938964844,88.5999984741211,215.83999633789062,35.540000915527344,132.19000244140625,88.52999877929688,81.54000091552734,52.630001068115234,61.374046325683594,44.06999969482422,32.790000915527344,4.1645002365112305,32.24857711791992,120.70999908447266,50.380001068115234,65.87000274658203,50.11000061035156,37.540000915527344,198.1699981689453,49.86000061035156,68.86000061035156,49.68000030517578,32.54499816894531,23.8799991607666,82.16999816894531,79.02999877929688,82.44999694824219,12.9399995803833,182.77000427246094,160.94000244140625,25.0,23.40999984741211,63.470001220703125,67.44000244140625,45.189998626708984,112.87000274658203,32.72999954223633,88.73999786376953,218.80999755859375,35.95000076293945,132.52000427246094,90.12999725341797,82.75,53.099998474121094,61.46946716308594,45.130001068115234,32.900001525878906,4.197249889373779,32.381404876708984,123.5199966430664,50.689998626708984,66.12999725341797,50.30666732788086,37.540000915527344,199.47999572753906,50.9900016784668,69.0999984741211,49.939998626708984,32.625,24.360000610351562,82.3499984741211,79.33000183105469,77.0,12.600000381469727,177.27999877929688,158.32000732421875,24.613000869750977,22.75,60.4900016784668,65.69000244140625,44.470001220703125,111.36000061035156,32.09000015258789,87.4000015258789,214.63999938964844,35.33000183105469,130.25,88.08000183105469,80.37000274658203,52.34000015258789,60.86832046508789,43.84000015258789,32.45000076293945,4.12375020980835,32.07780075073242,119.7699966430664,50.25,65.36000061035156,49.893333435058594,37.18000030517578,197.07000732421875,49.540000915527344,68.11000061035156,49.27000045776367,32.33000183105469,23.790000915527344,81.23999786376953,78.61000061035156,77.29000091552734,12.84000015258789,178.5,159.00999450683594,24.979000091552734,23.3799991607666,60.5,67.38999938964844,44.900001525878906,112.18000030517578,32.470001220703125,87.75,218.72999572753906,35.880001068115234,130.86000061035156,90.11000061035156,80.62000274658203,52.630001068115234,61.154579162597656,45.130001068115234,32.470001220703125,4.16225004196167,32.296016693115234,123.5199966430664,50.560001373291016,65.72000122070312,50.119998931884766,37.2400016784668,197.77000427246094,50.88999938964844,68.33000183105469,49.939998626708984,32.5,24.34000015258789,81.26000213623047,79.0199966430664,15377300,35816900,2985300,1027800,16088000,103501200,17301900,20307800,5184700,5937800,2903300,2788600,3594600,16297100,3800200,14592300,6249300,3902700,7185507,11538300,25353300,352868000,18831923,3151900,10035500,4236400,873300,3597500,2684600,6565400,3675900,23367300,17280600,87667800,7251000,9836400
2017-09-08,59.22608947753906,12.25,138.60716247558594,147.09901428222656,19.073246002197266,18.781238555908203,45.772151947021484,49.896331787109375,33.61681365966797,76.25430297851562,22.16931915283203,63.74297332763672,180.5140380859375,29.367820739746094,103.56669616699219,69.95134735107422,72.88081359863281,40.94682693481445,46.809539794921875,34.08723068237305,31.648067474365234,4.043881893157959,21.739368438720703,90.19347381591797,39.72257995605469,50.857383728027344,45.46391677856445,30.85680389404297,172.07066345214844,35.69264602661133,49.56191635131836,38.98965072631836,22.134052276611328,20.435794830322266,71.24455261230469,53.44144821166992,85.33999633789062,12.25,180.63999938964844,159.72000122070312,24.410999298095703,22.889999389648438,62.619998931884766,66.16999816894531,44.470001220703125,110.77999877929688,31.469999313354492,86.77999877929688,217.2100067138672,35.189998626708984,130.97999572753906,88.41999816894531,82.91999816894531,53.41999816894531,61.32633590698242,44.0099983215332,32.45000076293945,4.092249870300293,32.35293960571289,121.51000213623047,49.63999938964844,64.86000061035156,49.52000045776367,37.5,197.75,49.97999954223633,69.54000091552734,49.58000183105469,32.20000076293945,24.100000381469727,82.54000091552734,78.81999969482422,86.08999633789062,12.609999656677246,182.66000366210938,161.10000610351562,24.639999389648438,23.229999542236328,63.18000030517578,66.91999816894531,45.0,111.75,32.279998779296875,88.06999969482422,219.27999877929688,35.540000915527344,132.33999633789062,89.41999816894531,83.12000274658203,53.709999084472656,61.57442855834961,44.810001373291016,33.02000045776367,4.167749881744385,32.49525451660156,122.41999816894531,50.45000076293945,65.76000213623047,50.11333465576172,37.68000030517578,198.86000061035156,50.36000061035156,70.27999877929688,49.97999954223633,32.494998931884766,24.190000534057617,82.68000030517578,79.04000091552734,81.11000061035156,12.039999961853027,179.52000427246094,159.08999633789062,24.309999465942383,22.850000381469727,62.22999954223633,65.87000274658203,44.099998474121094,110.52999877929688,31.010000228881836,86.08000183105469,215.39999389648438,35.08000183105469,130.8699951171875,88.23999786376953,81.54000091552734,52.52000045776367,61.011451721191406,43.95000076293945,32.310001373291016,4.067749977111816,32.06830978393555,120.38999938964844,48.91999816894531,64.54000091552734,49.336666107177734,37.349998474121094,197.0,49.70000076293945,68.7300033569336,49.43000030517578,32.04999923706055,23.850000381469727,81.91000366210938,78.62999725341797,81.29000091552734,12.569999694824219,180.92999267578125,160.25,24.591999053955078,22.93000030517578,62.7400016784668,65.97000122070312,45.0,111.58999633789062,32.279998779296875,87.87000274658203,215.50999450683594,35.41999816894531,132.0,88.30999755859375,81.61000061035156,52.65999984741211,61.05915832519531,44.189998626708984,32.79999923706055,4.152750015258789,32.21062469482422,120.5,50.349998474121094,65.72000122070312,50.07666778564453,37.56999969482422,198.42999267578125,49.75,68.86000061035156,49.61000061035156,32.474998474121094,23.899999618530273,82.05000305175781,79.01000213623047,14809100,60886200,1993900,659400,18094000,68365000,6579300,13438000,4147400,4033100,4439900,2687200,3120900,14125000,4854400,14242200,3961300,4656400,7719358,8739800,19649300,498856000,16276290,1953000,12809400,5487000,1454100,5581800,2206000,6052000,3771300,18975700,20529400,68639500,4302600,8436000
2017-09-11,60.37813186645508,12.550000190734863,143.095947265625,149.9171905517578,19.35687255859375,19.166885375976562,45.84525680541992,51.05759811401367,33.964542388916016,77.4520263671875,22.408836364746094,64.58769989013672,183.71359252929688,29.85186195373535,105.32994842529297,71.03521728515625,72.6259536743164,41.19976806640625,47.43589782714844,34.97795867919922,32.61360168457031,4.175062656402588,21.87962532043457,91.87097930908203,40.46677780151367,51.5709342956543,46.32997131347656,31.136581420898438,173.66307067871094,36.33537292480469,49.754356384277344,39.838958740234375,22.343708038330078,20.791942596435547,71.79695892333984,53.73298263549805,87.0,12.550000190734863,186.49000549316406,162.77999877929688,24.77400016784668,23.360000610351562,62.720001220703125,67.70999908447266,44.93000030517578,112.5199966430664,31.809999465942383,87.93000030517578,221.05999755859375,35.77000045776367,133.2100067138672,89.79000091552734,82.62999725341797,53.75,62.14694595336914,45.15999984741211,33.439998626708984,4.224999904632568,32.561668395996094,123.7699966430664,50.56999969482422,65.7699966430664,50.46333312988281,37.84000015258789,199.5800018310547,50.880001068115234,69.80999755859375,50.65999984741211,32.505001068115234,24.520000457763672,83.18000030517578,79.25,87.0999984741211,12.739999771118164,186.7100067138672,162.8800048828125,24.823999404907227,23.40999984741211,63.13999938964844,67.79000091552734,45.290000915527344,112.56999969482422,32.0,87.98999786376953,221.88999938964844,36.0,133.33999633789062,90.25,83.3499984741211,53.84000015258789,62.318702697753906,45.33000183105469,33.439998626708984,4.235750198364258,32.58064651489258,123.98999786376953,50.66999816894531,65.88999938964844,50.58000183105469,37.880001068115234,200.4199981689453,51.060001373291016,69.97000122070312,50.79999923706055,32.54999923706055,24.59000015258789,83.19999694824219,79.41999816894531,84.37999725341797,12.399999618530273,182.5399932861328,160.94000244140625,24.60099983215332,23.079999923706055,62.13999938964844,66.37000274658203,44.5,111.5199966430664,31.469999313354492,86.4800033569336,218.99000549316406,35.13999938964844,131.02000427246094,88.94999694824219,81.7699966430664,52.59000015258789,61.71755599975586,44.41999816894531,32.810001373291016,4.132999897003174,32.23908996582031,122.66000366210938,49.90999984741211,64.9800033569336,49.9033317565918,37.349998474121094,198.77999877929688,50.40999984741211,68.80000305175781,49.939998626708984,32.25,24.329999923706055,82.7300033569336,78.9000015258789,84.45999908447266,12.460000038146973,182.5399932861328,161.11000061035156,24.70800018310547,23.219999313354492,62.619998931884766,66.76000213623047,44.65999984741211,111.83000183105469,31.6299991607666,87.11000061035156,220.07000732421875,35.4900016784668,131.3699951171875,89.38999938964844,82.94000244140625,53.47999954223633,61.96564865112305,44.709999084472656,32.900001525878906,4.138500213623047,32.34345245361328,123.0,49.939998626708984,65.19000244140625,49.9033317565918,37.38999938964844,199.25,50.540000915527344,69.7699966430664,50.0,32.32500076293945,24.3799991607666,82.91000366210938,79.41000366210938,12687000,43346100,3791200,698200,16878000,73741000,6086500,17287000,4809400,5973400,3862700,2865300,2971500,20037600,5724200,13219000,4389200,4580100,10785597,8017000,31012100,567444000,17263993,2573000,7473500,5617100,1305300,6920100,3307900,4654200,3287700,17987100,27102200,73305700,6286200,12955800
2017-09-12,60.898624420166016,12.300000190734863,146.55653381347656,148.60018920898438,19.309995651245117,19.650976181030273,46.06454086303711,51.871978759765625,33.964542388916016,77.43136596679688,22.66243553161621,64.98434448242188,187.7774658203125,30.118913650512695,104.871337890625,71.90544891357422,72.22162628173828,41.21510314941406,47.676265716552734,35.434932708740234,33.44259262084961,4.1901326179504395,22.54901885986328,93.85285186767578,40.730857849121094,52.08844757080078,46.53807067871094,31.15302276611328,171.8270721435547,36.82813262939453,50.0394287109375,40.55458068847656,22.4811954498291,21.03784942626953,71.95231628417969,53.90248489379883,87.75,12.300000190734863,191.0,161.35000610351562,24.714000701904297,23.950000762939453,63.02000045776367,68.79000091552734,44.93000030517578,112.48999786376953,32.16999816894531,88.47000122070312,225.9499969482422,36.09000015258789,132.6300048828125,90.88999938964844,82.16999816894531,53.77000045776367,62.461830139160156,45.75,34.290000915527344,4.240250110626221,33.55787658691406,126.44000244140625,50.900001525878906,66.43000030517578,50.689998626708984,37.86000061035156,197.47000122070312,51.56999969482422,70.20999908447266,51.56999969482422,32.70500183105469,24.809999465942383,83.36000061035156,79.5,87.97000122070312,12.680000305175781,191.0399932861328,162.10000610351562,24.974000930786133,24.030000686645508,63.09000015258789,69.25,45.290000915527344,112.94999694824219,32.540000915527344,88.75,227.69000244140625,36.34000015258789,133.8800048828125,91.25,82.7300033569336,54.47999954223633,62.614505767822266,46.08000183105469,34.540000915527344,4.25,33.91840744018555,126.8499984741211,51.06999969482422,66.62000274658203,50.836666107177734,37.939998626708984,199.47000122070312,51.939998626708984,70.66000366210938,51.72999954223633,32.775001525878906,24.829999923706055,83.37000274658203,79.69000244140625,86.5,12.210000038146973,186.77999877929688,160.86000061035156,24.549999237060547,23.450000762939453,62.41999816894531,68.0999984741211,44.790000915527344,111.86000061035156,31.809999465942383,87.43000030517578,222.02000427246094,35.7400016784668,131.92999267578125,90.0999984741211,81.93000030517578,53.58000183105469,62.13740539550781,45.34000015258789,33.560001373291016,4.17425012588501,32.5996208190918,124.1500015258789,50.52000045776367,65.33999633789062,50.40999984741211,37.650001525878906,196.91000366210938,51.099998474121094,69.81999969482422,50.84000015258789,32.51499938964844,24.59000015258789,83.04000091552734,79.23999786376953,86.97000122070312,12.65999984741211,187.0,161.8699951171875,24.965999603271484,23.459999084472656,62.439998626708984,68.22000122070312,45.029998779296875,112.81999969482422,31.889999389648438,87.8499984741211,222.5399932861328,35.880001068115234,133.8300018310547,90.16999816894531,82.5999984741211,53.95000076293945,62.13740539550781,45.36000061035156,33.689998626708984,4.25,32.618595123291016,124.19000244140625,50.599998474121094,65.76000213623047,50.526668548583984,37.849998474121094,199.44000244140625,51.13999938964844,70.0,50.849998474121094,32.599998474121094,24.610000610351562,83.19999694824219,79.4000015258789,11155600,54413100,3894300,439400,18396000,99658500,4780700,15495400,5189000,5110100,3619500,2922900,3745800,19489900,5465200,14003800,2566400,3425900,7707202,8010200,38685800,411488000,39268351,2110500,4526800,5308600,742200,3524500,2554700,5050800,2629200,17129500,18819400,66350600,6984800,7644400
2017-09-13,61.3983039855957,12.220000267028809,145.55902099609375,147.42135620117188,19.239673614501953,19.962770462036133,45.66981887817383,52.324405670166016,34.4407958984375,78.59465789794922,23.606414794921875,66.91618347167969,188.28443908691406,30.319210052490234,104.7290267944336,72.11113739013672,72.45016479492188,40.785858154296875,47.66896057128906,35.7989616394043,33.73518753051758,4.208907127380371,22.35138702392578,94.49122619628906,40.818878173828125,52.47267150878906,46.629886627197266,30.881494522094727,172.57540893554688,37.16377258300781,50.60245895385742,40.468074798583984,22.76302146911621,21.071762084960938,71.68477630615234,54.08555221557617,88.47000122070312,12.220000267028809,189.6999969482422,160.07000732421875,24.624000549316406,24.329999923706055,62.47999954223633,69.38999938964844,45.560001373291016,114.18000030517578,33.5099983215332,91.0999984741211,226.55999755859375,36.33000183105469,132.4499969482422,91.1500015258789,82.43000030517578,53.209999084472656,62.45228958129883,46.220001220703125,34.59000015258789,4.259250164031982,33.263755798339844,127.30000305175781,51.0099983215332,66.91999816894531,50.790000915527344,37.529998779296875,198.3300018310547,52.040000915527344,71.0,51.459999084472656,33.1150016784668,24.850000381469727,83.05000305175781,79.7699966430664,88.83999633789062,12.359999656677246,190.94000244140625,161.0,24.791000366210938,24.350000381469727,63.08000183105469,69.52999877929688,45.790000915527344,114.31999969482422,33.52000045776367,91.11000061035156,227.13999938964844,36.400001525878906,133.75,91.5,82.58000183105469,54.08000183105469,62.54771041870117,46.2599983215332,34.79999923706055,4.28849983215332,33.61479949951172,127.31999969482422,51.11000061035156,67.47000122070312,50.90666580200195,37.790000915527344,200.75999450683594,52.099998474121094,71.16999816894531,51.5099983215332,33.1349983215332,24.860000610351562,83.41000366210938,79.7699966430664,87.41999816894531,12.119999885559082,187.7100067138672,160.0,24.514999389648438,23.8700008392334,62.22999954223633,68.45999908447266,45.0,112.27999877929688,32.33000183105469,89.06999969482422,224.72000122070312,35.970001220703125,131.85000610351562,90.31999969482422,81.87999725341797,52.709999084472656,62.30915832519531,45.560001373291016,34.02000045776367,4.182000160217285,33.178367614746094,125.72000122070312,50.720001220703125,66.43000030517578,50.413333892822266,37.4900016784668,197.77999877929688,51.33000183105469,70.25,51.18000030517578,32.7400016784668,24.68000030517578,82.88999938964844,79.37999725341797,87.58000183105469,12.220000267028809,189.89999389648438,160.60000610351562,24.582000732421875,23.920000076293945,62.880001068115234,68.69000244140625,45.040000915527344,112.48999786376953,32.34000015258789,89.31999969482422,225.25,36.0,132.6699981689453,90.61000061035156,81.95999908447266,54.0,62.36641311645508,45.72999954223633,34.560001373291016,4.214749813079834,33.45351028442383,125.97000122070312,50.79999923706055,66.5199966430664,50.66666793823242,37.66999816894531,197.8000030517578,51.380001068115234,70.55000305175781,51.38999938964844,32.775001525878906,24.770000457763672,83.26000213623047,79.5,9172200,37210700,3031400,613300,29664000,86339800,4357000,17467300,6178600,5889400,6000400,3158300,2383500,15509800,4679500,12485400,2454900,4395700,5898878,6637900,41588100,580960000,22115450,1775000,6191400,5728200,772800,4983400,2394400,6755700,4122500,12617300,31786600,51049400,5873800,8369700
2017-09-14,61.918827056884766,12.260000228881836,145.35951232910156,148.67391967773438,19.295150756835938,19.88892364501953,45.823326110839844,52.211307525634766,34.6449089050293,78.78050994873047,23.92399024963379,67.41566467285156,188.52549743652344,30.44438934326172,106.09693145751953,71.96874237060547,73.01265716552734,40.11900329589844,48.50526428222656,35.953853607177734,33.725433349609375,4.184944152832031,22.778522491455078,94.40955352783203,41.19498062133789,53.08425521850586,46.81351089477539,30.75806427001953,172.05325317382812,36.87812423706055,49.847007751464844,40.33437728881836,22.873010635375977,21.029361724853516,71.77970123291016,54.302513122558594,89.22000122070312,12.260000228881836,189.44000244140625,161.42999267578125,24.69499969482422,24.239999771118164,62.689998626708984,69.23999786376953,45.83000183105469,114.44999694824219,33.900001525878906,91.77999877929688,226.85000610351562,36.47999954223633,134.17999267578125,90.97000122070312,83.06999969482422,52.34000015258789,63.09160232543945,46.41999816894531,34.58000183105469,4.235000133514404,33.89942932128906,127.19000244140625,51.47999954223633,67.69999694824219,50.9900016784668,37.380001068115234,197.72999572753906,51.63999938964844,69.94000244140625,51.290000915527344,33.275001525878906,24.799999237060547,83.16000366210938,80.08999633789062,89.31999969482422,12.460000038146973,191.10000610351562,161.88999938964844,24.750999450683594,24.540000915527344,63.11000061035156,69.75,46.36000061035156,115.33999633789062,34.599998474121094,92.94999694824219,228.10000610351562,36.70000076293945,134.47000122070312,91.52999877929688,83.98999786376953,53.33000183105469,63.139312744140625,46.7599983215332,34.849998474121094,4.314000129699707,34.0037956237793,128.0500030517578,51.59000015258789,67.94000244140625,51.290000915527344,37.72999954223633,198.3800048828125,52.16999816894531,71.05999755859375,51.720001220703125,33.5,24.920000076293945,83.29000091552734,80.2300033569336,88.1500015258789,12.109999656677246,187.80999755859375,160.2899932861328,24.323999404907227,24.200000762939453,62.31999969482422,69.20999908447266,45.650001525878906,114.18000030517578,33.650001525878906,91.16999816894531,226.0500030517578,36.15999984741211,131.99000549316406,90.73999786376953,82.12000274658203,52.310001373291016,61.9370231628418,46.310001373291016,34.29999923706055,4.195000171661377,33.20683288574219,127.02999877929688,50.66999816894531,67.16999816894531,50.56999969482422,37.369998931884766,197.08999633789062,51.540000915527344,69.52999877929688,51.08000183105469,33.17499923706055,24.75,82.72000122070312,79.7699966430664,88.2300033569336,12.149999618530273,188.3699951171875,160.6999969482422,24.461999893188477,24.3799991607666,62.380001068115234,69.3499984741211,45.7400016784668,114.26000213623047,33.650001525878906,91.5,226.10000610351562,36.189998626708984,132.13999938964844,91.19999694824219,82.33000183105469,53.27000045776367,62.01335906982422,46.400001525878906,34.43000030517578,4.219749927520752,33.254268646240234,127.18000030517578,50.970001220703125,67.41999816894531,50.57666778564453,37.5,197.9499969482422,52.0099983215332,70.9000015258789,51.540000915527344,33.18000030517578,24.860000610351562,82.81999969482422,79.8499984741211,10272200,37220200,2318400,525500,28645000,70051000,5347100,15022100,6573400,5819100,5577000,3428400,1986600,18093900,6274500,10562800,3370300,5402000,10437137,7414100,23007000,513712000,28907847,1752700,7741300,5954100,1656900,5799000,2378600,4444600,4494000,13739400,29166800,47163200,6373800,9072600
2017-09-15,60.634918212890625,12.520000457763672,143.847900390625,149.5764617919922,19.576433181762695,20.003795623779297,45.66981887817383,52.06050109863281,35.158931732177734,78.90441131591797,23.74755859375,68.47339630126953,187.1707763671875,30.87836265563965,106.31044006347656,72.48298645019531,72.45893859863281,40.59423065185547,48.534603118896484,36.09328842163086,33.793697357177734,4.449529647827148,22.542644500732422,95.15182495117188,41.76313400268555,52.723575592041016,47.63060760498047,30.980249404907227,172.44480895996094,36.99952697753906,50.695133209228516,40.62535095214844,22.926973342895508,21.09152603149414,71.55010986328125,54.28896713256836,87.37000274658203,12.520000457763672,187.47000122070312,162.41000366210938,25.05500030517578,24.3799991607666,62.47999954223633,69.04000091552734,46.5099983215332,114.62999725341797,33.650001525878906,93.22000122070312,225.22000122070312,37.0,134.4499969482422,91.62000274658203,82.44000244140625,52.959999084472656,63.1297721862793,46.599998474121094,34.650001525878906,4.502749919891357,33.54838562011719,128.19000244140625,52.189998626708984,67.23999786376953,51.880001068115234,37.650001525878906,198.17999267578125,51.810001373291016,71.12999725341797,51.65999984741211,32.91999816894531,24.770000457763672,82.58999633789062,80.06999969482422,89.69000244140625,12.65999984741211,189.66000366210938,163.1300048828125,25.118999481201172,24.40999984741211,63.380001068115234,69.37999725341797,46.5099983215332,114.91000366210938,34.22999954223633,93.29000091552734,227.2100067138672,37.08000183105469,135.4499969482422,91.70999908447266,83.56999969482422,53.119998931884766,63.33969497680664,46.65999984741211,35.0,4.502749919891357,33.88994216918945,128.1999969482422,52.290000915527344,67.9000015258789,51.936668395996094,37.66999816894531,199.7100067138672,51.81999969482422,71.51000213623047,51.68000030517578,32.91999816894531,24.790000915527344,83.05999755859375,80.20999908447266,86.5199966430664,12.3100004196167,186.30999755859375,162.14999389648438,24.51099967956543,24.149999618530273,62.310001373291016,68.91000366210938,45.779998779296875,113.62999725341797,33.25,91.86000061035156,223.82000732421875,36.220001220703125,134.17999267578125,90.76000213623047,82.18000030517578,52.2599983215332,62.738548278808594,46.13999938964844,34.380001068115234,4.316249847412109,33.43453598022461,126.44999694824219,51.439998626708984,66.75,51.12666702270508,37.400001525878906,197.1999969482422,51.36000061035156,69.9800033569336,51.25,32.70000076293945,24.6299991607666,82.5,79.55000305175781,89.38999938964844,12.329999923706055,189.66000366210938,163.0399932861328,24.76300048828125,24.209999084472656,62.900001525878906,69.12000274658203,45.83000183105469,114.83000183105469,33.939998626708984,92.43000030517578,227.14999389648438,36.54999923706055,134.7899932861328,91.08000183105469,83.30000305175781,52.36000061035156,63.139312744140625,46.2599983215332,34.63999938964844,4.321499824523926,33.776092529296875,126.72000122070312,51.95000076293945,67.69000244140625,51.22999954223633,37.52000045776367,198.52000427246094,51.4900016784668,69.9800033569336,51.279998779296875,32.90999984741211,24.65999984741211,83.05999755859375,80.12000274658203,20441500,50337400,5349000,632300,50066000,85937600,10407600,18360900,11895000,8387600,4709400,4057800,4365800,33596100,15522000,18171800,5374500,9062800,15390718,9113100,37417300,1364792000,30430139,3279000,13177900,11428400,1424100,7245600,4198700,6146000,6859900,28494300,26136200,59250200,7091300,16043700
2017-09-18,59.21221923828125,13.079999923706055,143.08059692382812,153.79458618164062,19.599185943603516,20.266355514526367,45.830631256103516,53.23683547973633,35.597381591796875,79.2898941040039,23.973388671875,68.34851837158203,189.09059143066406,30.87836265563965,107.04578399658203,73.51142883300781,72.52923583984375,41.0694580078125,48.409908294677734,36.650943756103516,34.554420471191406,4.633330821990967,22.663780212402344,96.2726821899414,41.81114196777344,53.21756362915039,48.254920959472656,31.325824737548828,172.4535369873047,37.40658950805664,51.45772933959961,41.45106506347656,23.02448844909668,21.338457107543945,71.5328140258789,54.302513122558594,85.31999969482422,13.079999923706055,186.47000122070312,166.99000549316406,24.98200035095215,24.700000762939453,62.70000076293945,70.5999984741211,47.09000015258789,115.19000244140625,33.970001220703125,93.05000305175781,227.52999877929688,37.0,135.3800048828125,92.91999816894531,82.5199966430664,53.58000183105469,62.96755599975586,47.31999969482422,35.43000030517578,4.68874979019165,33.72865295410156,129.6999969482422,52.25,67.87000274658203,52.560001373291016,38.06999969482422,198.19000244140625,52.380001068115234,72.19999694824219,52.709999084472656,33.060001373291016,25.059999465942383,82.56999969482422,80.08999633789062,87.80999755859375,13.300000190734863,188.55999755859375,167.2100067138672,25.283000946044922,24.770000457763672,63.209999084472656,70.93000030517578,47.22999954223633,115.22000122070312,33.9900016784668,93.37999725341797,229.0,37.33000183105469,135.77000427246094,93.13999938964844,82.66999816894531,53.72999954223633,63.36832046508789,47.66999816894531,35.79999923706055,4.78000020980835,33.72865295410156,130.24000549316406,52.369998931884766,68.0,52.880001068115234,38.119998931884766,198.82000732421875,52.47999954223633,72.44000244140625,52.84000015258789,33.08000183105469,25.06999969482422,82.9000015258789,80.13999938964844,85.08000183105469,12.739999771118164,186.1199951171875,164.6699981689453,24.861000061035156,24.40999984741211,62.27000045776367,69.2699966430664,46.16999816894531,114.31999969482422,33.119998931884766,92.37999725341797,225.66000366210938,36.79999923706055,134.11000061035156,91.8499984741211,82.06999969482422,52.93000030517578,62.79580307006836,46.75,35.02000045776367,4.621500015258789,33.406070709228516,128.5500030517578,51.959999084472656,67.0,52.18333435058594,37.83000183105469,197.50999450683594,51.849998474121094,71.13999938964844,51.61000061035156,32.81999969482422,24.84000015258789,82.44000244140625,79.69999694824219,87.47000122070312,12.770000457763672,187.7899932861328,164.80999755859375,25.104999542236328,24.420000076293945,62.4900016784668,69.37999725341797,46.20000076293945,114.41999816894531,33.4900016784668,92.7699966430664,226.3000030517578,37.0,134.44000244140625,91.93000030517578,82.55000305175781,53.060001373291016,62.99618148803711,46.81999969482422,35.130001068115234,4.628499984741211,33.56736373901367,128.72999572753906,52.2400016784668,67.08000183105469,52.18333435058594,37.869998931884766,198.1699981689453,52.0,71.2300033569336,51.66999816894531,32.845001220703125,24.860000610351562,82.68000030517578,79.79000091552734,9656700,83517400,2443800,1294000,25743000,68076400,6975900,18027800,6988900,4954600,4305800,2388300,2466800,19393800,5260800,11318700,2200000,4522000,11049274,7938000,41330100,1684460000,17850755,2305900,6002700,6688900,1476900,6179600,1915200,4373100,3823700,20943400,25167000,44010400,7783100,8594400
2017-09-19,59.940914154052734,13.119999885559082,142.96554565429688,154.99183654785156,19.594480514526367,20.397634506225586,45.998756408691406,53.65156936645508,35.94511795043945,80.08148193359375,23.832244873046875,68.4072494506836,190.23741149902344,31.07030487060547,106.91927337646484,74.31837463378906,71.83492279052734,41.5446891784668,48.38055419921875,36.92204666137695,35.06156921386719,4.628392219543457,22.600025177001953,97.4454574584961,41.85115051269531,53.233245849609375,48.407928466796875,31.51508903503418,169.3732147216797,37.963619232177734,51.821205139160156,41.96222686767578,23.118499755859375,21.500242233276367,70.96969604492188,54.390663146972656,86.37000274658203,13.119999885559082,186.32000732421875,168.2899932861328,24.97599983215332,24.860000610351562,62.93000030517578,71.1500015258789,47.54999923706055,116.33999633789062,33.77000045776367,93.12999725341797,228.91000366210938,37.22999954223633,135.22000122070312,93.94000244140625,81.7300033569336,54.20000076293945,62.92938995361328,47.66999816894531,35.95000076293945,4.683750152587891,33.6337776184082,131.27999877929688,52.29999923706055,67.88999938964844,52.72666549682617,38.29999923706055,194.64999389648438,53.15999984741211,72.70999908447266,53.36000061035156,33.19499969482422,25.25,81.91999816894531,80.22000122070312,86.66000366210938,13.289999961853027,187.44000244140625,168.69000244140625,25.184999465942383,24.989999771118164,63.130001068115234,71.69999694824219,47.779998779296875,116.41999816894531,34.02000045776367,93.63999938964844,230.13999938964844,37.29999923706055,135.7899932861328,94.36000061035156,82.83999633789062,54.34000015258789,63.1297721862793,47.970001220703125,36.099998474121094,4.746250152587891,33.83301544189453,131.52999877929688,52.5,68.26000213623047,52.93000030517578,38.43000030517578,198.60000610351562,53.279998779296875,73.19999694824219,53.59000015258789,33.244998931884766,25.309999465942383,82.70999908447266,80.38999938964844,85.37999725341797,12.880000114440918,185.80999755859375,167.6699981689453,24.83300018310547,24.6200008392334,62.59000015258789,70.30000305175781,47.09000015258789,115.19000244140625,33.599998474121094,92.70999908447266,227.3300018310547,37.02000045776367,134.35000610351562,92.5199966430664,81.55000305175781,53.380001068115234,62.671756744384766,47.15999984741211,35.5,4.615499973297119,33.53889846801758,129.44000244140625,52.060001373291016,67.47000122070312,52.400001525878906,38.130001068115234,192.38999938964844,52.31999969482422,71.55999755859375,52.529998779296875,33.064998626708984,25.020000457763672,81.83000183105469,79.98999786376953,85.54000091552734,13.25,186.80999755859375,168.63999938964844,25.117000579833984,24.700000762939453,62.70000076293945,70.30000305175781,47.11000061035156,115.25,33.95000076293945,93.08000183105469,228.00999450683594,37.20000076293945,135.02000427246094,92.70999908447266,82.63999938964844,53.75,62.99618148803711,47.31999969482422,35.5,4.637750148773193,33.83301544189453,129.83999633789062,52.400001525878906,68.0,52.68333435058594,38.18000030517578,198.44000244140625,52.400001525878906,72.19999694824219,52.720001220703125,33.130001068115234,25.059999465942383,82.61000061035156,80.05999755859375,7786400,65455200,2066100,992800,22088000,56218100,4844300,15466000,6216100,6188000,3605000,2074600,1858000,23850500,4903800,12626100,2259200,4522500,7345746,7999600,26392200,874280000,16539579,1758300,5825200,6817200,1382700,6559400,3819000,5464700,3870200,17047000,21008600,58443300,7329200,9277100
2017-09-20,60.662681579589844,13.739999771118164,144.38502502441406,152.13673400878906,19.057069778442383,20.561731338500977,46.4080810546875,53.885318756103516,36.53474807739258,80.10211944580078,24.622650146484375,69.1785659790039,190.96873474121094,30.9367733001709,105.33786010742188,74.84053039550781,72.08981323242188,41.72099685668945,48.26319122314453,37.09242630004883,35.08108901977539,4.591087818145752,22.944286346435547,98.72218322753906,41.5950813293457,53.02153396606445,47.74077606201172,31.120115280151367,170.33042907714844,38.220703125,52.15617752075195,42.26893997192383,23.27519989013672,21.627971649169922,71.03899383544922,54.61439895629883,87.41000366210938,13.739999771118164,188.1699981689453,165.19000244140625,24.291000366210938,25.059999465942383,63.4900016784668,71.45999908447266,48.33000183105469,116.37000274658203,34.88999938964844,94.18000030517578,229.7899932861328,37.06999969482422,133.22000122070312,94.5999984741211,82.0199966430664,54.43000030517578,62.77671813964844,47.88999938964844,35.970001220703125,4.645999908447266,34.14611053466797,133.0,51.97999954223633,67.62000274658203,52.0,37.81999969482422,195.75,53.52000045776367,73.18000030517578,53.75,33.41999816894531,25.399999618530273,82.0,80.55000305175781,87.4800033569336,13.800000190734863,188.5500030517578,168.0,24.988000869750977,25.239999771118164,63.720001220703125,72.19999694824219,48.79999923706055,117.1500015258789,34.939998626708984,94.27999877929688,231.64999389648438,37.290000915527344,134.2899932861328,95.29000091552734,82.41999816894531,54.70000076293945,63.27289962768555,48.27000045776367,36.599998474121094,4.735499858856201,34.35483932495117,133.69000244140625,52.52000045776367,68.16000366210938,52.78666687011719,38.38999938964844,195.83999633789062,53.709999084472656,73.37999725341797,54.11000061035156,33.5099983215332,25.489999771118164,82.08999633789062,80.66000366210938,86.25,12.800000190734863,185.4199981689453,163.72999572753906,23.785999298095703,24.670000076293945,62.720001220703125,70.81999969482422,47.79999923706055,116.19999694824219,34.0,92.81999969482422,228.5,36.65999984741211,132.33999633789062,93.70999908447266,81.38999938964844,54.029998779296875,62.20419692993164,47.31999969482422,35.34000015258789,4.605249881744385,33.9753303527832,130.82000732421875,51.47999954223633,67.47000122070312,51.29666519165039,37.439998626708984,194.05999755859375,52.77000045776367,72.51000213623047,53.279998779296875,33.2599983215332,25.149999618530273,81.41000366210938,80.26000213623047,86.4000015258789,13.069999694824219,186.0800018310547,167.9199981689453,24.974000930786133,24.8799991607666,62.91999816894531,71.37999725341797,47.86000061035156,116.5,34.0,93.58000183105469,229.5,37.22999954223633,133.25,94.0999984741211,82.05999755859375,54.380001068115234,63.04389190673828,47.709999084472656,36.029998779296875,4.6875,34.08918380737305,131.61000061035156,52.43000030517578,68.13999938964844,52.78666687011719,38.36000061035156,195.02000427246094,53.22999954223633,73.02999877929688,53.38999938964844,33.290000915527344,25.270000457763672,81.94999694824219,80.27999877929688,6559400,102682400,2685400,990200,57010000,82289900,5561300,19788100,8843300,5378200,5017200,3774300,2682300,23957500,8705500,15311600,2849900,4221700,9903600,8673600,42243000,724920000,27066825,2214500,8400300,6766000,2274900,7961100,2788500,5409900,3255600,21560400,36547600,70595500,5101800,10606900
2017-09-21,60.662681579589844,13.40999984741211,143.21102905273438,152.6709442138672,18.858585357666016,20.643783569335938,46.291133880615234,54.111541748046875,36.80689239501953,80.17096710205078,24.947282791137695,68.96550750732422,192.21536254882812,31.04526710510254,104.17552185058594,75.18071746826172,73.2411880493164,41.67500686645508,48.1237907409668,37.37901306152344,35.02256774902344,4.465588569641113,22.93153190612793,98.9819564819336,41.635093688964844,53.39006805419922,47.53574752807617,31.46571159362793,169.8604736328125,38.377811431884766,52.28447723388672,42.5127067565918,23.28216552734375,21.679059982299805,70.67516326904297,54.16691207885742,87.41000366210938,13.40999984741211,186.63999938964844,165.77000427246094,24.038000106811523,25.15999984741211,63.33000183105469,71.76000213623047,48.689998626708984,116.47000122070312,35.349998474121094,93.88999938964844,231.2899932861328,37.20000076293945,131.75,95.02999877929688,83.33000183105469,54.369998931884766,62.595420837402344,48.2599983215332,35.90999984741211,4.519000053405762,34.12713623046875,133.35000610351562,52.029998779296875,68.08999633789062,51.776668548583984,38.2400016784668,195.2100067138672,53.7400016784668,73.36000061035156,54.060001373291016,33.43000030517578,25.459999084472656,81.58000183105469,79.88999938964844,87.69999694824219,14.239999771118164,188.9600067138672,166.10000610351562,24.270000457763672,25.280000686645508,63.7400016784668,72.12999725341797,48.779998779296875,116.5199966430664,35.65999984741211,94.44000244140625,232.10000610351562,37.27000045776367,133.82000732421875,95.37000274658203,83.69999694824219,54.88999938964844,62.91030502319336,48.4900016784668,36.25,4.567500114440918,34.33586120605469,134.3000030517578,52.20000076293945,68.5,51.96333312988281,38.33000183105469,196.1300048828125,53.84000015258789,73.87000274658203,54.2400016784668,33.51499938964844,25.520000457763672,82.04000091552734,80.52999877929688,86.66999816894531,13.319999694824219,186.5,164.1699981689453,23.81800079345703,24.920000076293945,63.029998779296875,71.1500015258789,47.88999938964844,115.83000183105469,34.630001068115234,93.13999938964844,229.39999389648438,36.849998474121094,131.3800048828125,94.19000244140625,81.87999725341797,54.2599983215332,62.51908493041992,47.459999084472656,35.400001525878906,4.440249919891357,34.07020950317383,132.8300018310547,51.709999084472656,67.01000213623047,51.32666778564453,37.66999816894531,194.89999389648438,53.400001525878906,72.83999633789062,53.52000045776367,33.279998779296875,25.31999969482422,81.54000091552734,79.76000213623047,87.36000061035156,14.0,188.32000732421875,165.52999877929688,24.246000289916992,25.049999237060547,63.349998474121094,71.44999694824219,48.189998626708984,116.22000122070312,34.779998779296875,93.66000366210938,229.88999938964844,36.9900016784668,133.30999755859375,94.45999908447266,82.01000213623047,54.43000030517578,62.83396911621094,47.79999923706055,35.93000030517578,4.540999889373779,34.2125244140625,133.35000610351562,51.86000061035156,67.52999877929688,51.9033317565918,37.790000915527344,195.6300048828125,53.599998474121094,73.08999633789062,53.54999923706055,33.375,25.34000015258789,81.94999694824219,80.48999786376953,7340300,166821900,2082200,1066000,28620000,57864000,5250100,11509200,5790700,4334500,4761100,2678700,1800800,22954200,6051800,10851500,4426700,4037800,6255198,9503600,22464900,1075600000,16580579,1911700,5750600,8315100,864300,8458000,1895000,5870200,3106100,16210900,17748200,51050100,4527900,11984200
2017-09-22,60.71126937866211,13.300000190734863,142.53585815429688,152.845947265625,18.76914405822754,20.528913497924805,46.31306457519531,53.8400764465332,37.10171127319336,80.73540496826172,25.250747680664062,69.4503173828125,191.99929809570312,31.02858543395996,103.8908920288086,75.02246856689453,73.75096130371094,41.950958251953125,47.77900314331055,37.348026275634766,35.17860412597656,4.422107696533203,22.925148010253906,99.04132080078125,41.683101654052734,53.9467887878418,47.77750015258789,31.07897186279297,167.9635772705078,38.327816009521484,52.947296142578125,42.66213607788086,23.400556564331055,21.65351104736328,70.67516326904297,54.18724822998047,87.4800033569336,13.300000190734863,185.75999450683594,165.9600067138672,23.923999786376953,25.020000457763672,63.36000061035156,71.4000015258789,49.08000183105469,117.29000091552734,35.779998779296875,94.55000305175781,231.02999877929688,37.18000030517578,131.38999938964844,94.83000183105469,83.91000366210938,54.72999954223633,62.14694595336914,48.220001220703125,36.06999969482422,4.474999904632568,34.117645263671875,133.42999267578125,52.09000015258789,68.80000305175781,52.040000915527344,37.77000045776367,193.02999877929688,53.66999816894531,74.29000091552734,54.25,33.599998474121094,25.43000030517578,81.58000183105469,79.91999816894531,87.75,13.399999618530273,186.82000732421875,166.4499969482422,24.075000762939453,25.06999969482422,63.54999923706055,71.63999938964844,49.650001525878906,117.83000183105469,35.810001373291016,94.6500015258789,231.49000549316406,37.220001220703125,132.38999938964844,94.9800033569336,84.02999877929688,55.02000045776367,62.69084167480469,48.279998779296875,36.220001220703125,4.557750225067139,34.26945114135742,133.55999755859375,52.22999954223633,68.94000244140625,52.106666564941406,37.83000183105469,195.8699951171875,53.709999084472656,74.36000061035156,54.36000061035156,33.69499969482422,25.459999084472656,81.69000244140625,80.30000305175781,86.7699966430664,13.119999885559082,184.0,165.0800018310547,23.812000274658203,24.850000381469727,63.040000915527344,71.01000213623047,48.630001068115234,116.2699966430664,35.150001525878906,93.44999694824219,228.8800048828125,36.95000076293945,131.27000427246094,94.43000030517578,82.73999786376953,54.130001068115234,62.08969497680664,47.72999954223633,35.599998474121094,4.465000152587891,33.937381744384766,132.11000061035156,51.779998779296875,67.7300033569336,51.630001068115234,37.59000015258789,188.25,53.04999923706055,73.1500015258789,53.75,33.3650016784668,25.290000915527344,81.16000366210938,79.66999816894531,87.22000122070312,13.199999809265137,185.47999572753906,165.1999969482422,23.833999633789062,25.010000228881836,63.33000183105469,71.5999984741211,48.70000076293945,116.41000366210938,35.22999954223633,93.7699966430664,230.63999938964844,36.95000076293945,131.99000549316406,94.69999694824219,83.33999633789062,54.2400016784668,62.624046325683594,48.029998779296875,35.599998474121094,4.507500171661377,34.25047302246094,132.89999389648438,51.81999969482422,67.7300033569336,51.63999938964844,37.70000076293945,195.11000061035156,53.47999954223633,73.25,53.91999816894531,33.400001525878906,25.360000610351562,81.47000122070312,79.72000122070312,6807000,50547000,2275600,303600,23100000,61446000,3667700,10446600,7388200,5307100,4734900,2290400,1861800,21631800,4334900,8358300,3148700,3681400,7824263,6050000,21559800,491232000,15394092,1923200,4105100,6797600,742200,4529900,5660200,6241000,3263900,18047800,29295800,42306600,6473300,10205800
2017-09-25,60.07972717285156,12.609999656677246,142.94244384765625,149.2080535888672,18.476520538330078,20.31558609008789,46.188804626464844,53.41779708862305,37.78207015991211,81.21721649169922,25.87883758544922,70.7284164428711,191.359375,31.011886596679688,103.71691131591797,74.46076965332031,74.39256286621094,42.56415939331055,47.81570053100586,36.976253509521484,34.00825500488281,4.224471092224121,22.638273239135742,99.10813903808594,41.3070068359375,54.61328887939453,46.85634994506836,30.502979278564453,166.84983825683594,38.28498077392578,53.53883361816406,42.48911666870117,23.73833656311035,21.627971649169922,70.46720123291016,54.905948638916016,86.56999969482422,12.609999656677246,186.2899932861328,162.00999450683594,23.551000595092773,24.760000228881836,63.189998626708984,70.83999633789062,49.97999954223633,117.98999786376953,36.66999816894531,96.29000091552734,230.25999450683594,37.15999984741211,131.1699981689453,94.12000274658203,84.63999938964844,55.529998779296875,62.19465637207031,47.7400016784668,34.869998931884766,4.275000095367432,33.69070053100586,133.52000427246094,51.619998931884766,69.6500015258789,51.03666687011719,37.06999969482422,191.75,53.61000061035156,75.12000274658203,54.029998779296875,34.084999084472656,25.399999618530273,81.33999633789062,80.9800033569336,87.77999877929688,13.279999732971191,188.02999877929688,165.19000244140625,23.7810001373291,25.079999923706055,63.689998626708984,71.51000213623047,50.189998626708984,118.33000183105469,36.869998931884766,96.80000305175781,231.86000061035156,37.22999954223633,131.75999450683594,94.87999725341797,84.6500015258789,55.810001373291016,62.404579162597656,48.310001373291016,36.150001525878906,4.445000171661377,34.184059143066406,134.2100067138672,52.290000915527344,70.01000213623047,51.85333251953125,37.5,196.30999755859375,53.79999923706055,75.26000213623047,54.33000183105469,34.185001373291016,25.489999771118164,81.83999633789062,81.0,86.4000015258789,12.489999771118164,185.50999450683594,161.14999389648438,23.152999877929688,24.579999923706055,63.060001373291016,70.31999969482422,49.38999938964844,117.0199966430664,36.029998779296875,94.73999786376953,228.36000061035156,36.849998474121094,130.8300018310547,93.44999694824219,83.80000305175781,54.97999954223633,62.06106948852539,47.529998779296875,34.540000915527344,4.254000186920166,33.62428665161133,132.6699981689453,51.61000061035156,69.08000183105469,50.79666519165039,36.86000061035156,190.9199981689453,53.27000045776367,74.3499984741211,53.54999923706055,33.720001220703125,25.229999542236328,81.22000122070312,79.9800033569336,86.91999816894531,13.25,185.50999450683594,164.8800048828125,23.7189998626709,24.940000534057617,63.33000183105469,71.20999908447266,49.40999984741211,117.2300033569336,36.08000183105469,95.0,230.77000427246094,37.04999923706055,131.47000122070312,94.51000213623047,83.87000274658203,55.0,62.17557144165039,48.099998474121094,36.040000915527344,4.443749904632568,34.06072235107422,133.30999755859375,51.900001525878906,69.0999984741211,51.85333251953125,37.5,193.27000427246094,53.5,74.62999725341797,54.06999969482422,33.755001068115234,25.399999618530273,81.47000122070312,80.02999877929688,8287000,84172200,2545400,849400,38692000,62361700,5959000,10762800,6800100,5980300,4337300,3143400,2261800,23180800,6017400,10463400,4223800,4594600,5840923,7205200,35607200,874580000,23379828,1719500,8178400,6914300,1795500,5895000,3105900,4482000,3461000,11595900,29667600,39774600,12439300,10496600
2017-09-26,59.23303985595703,12.449999809265137,142.41305541992188,149.99087524414062,18.614595413208008,20.356603622436523,45.998756408691406,53.49321746826172,37.5477294921875,80.89369201660156,26.06232261657715,71.15446472167969,191.09344482421875,31.270605087280273,103.53504943847656,74.1285171508789,74.0234375,42.449188232421875,47.507572174072266,36.75937271118164,33.33531951904297,4.24818754196167,22.504392623901367,98.29905700683594,40.91489791870117,53.96247100830078,46.78235626220703,30.560588836669922,167.67642211914062,38.277828216552734,53.42481231689453,42.30825424194336,23.727890014648438,21.619449615478516,70.35458374023438,54.844932556152344,85.3499984741211,12.449999809265137,185.60000610351562,162.86000061035156,23.726999282836914,24.809999465942383,62.93000030517578,70.94000244140625,49.66999816894531,117.5199966430664,36.93000030517578,96.87000274658203,229.94000244140625,37.470001220703125,130.94000244140625,93.69999694824219,84.22000122070312,55.380001068115234,61.79389190673828,47.459999084472656,34.18000030517578,4.298999786376953,33.49146270751953,132.42999267578125,51.130001068115234,68.81999969482422,50.790000915527344,37.13999938964844,192.6999969482422,53.599998474121094,74.95999908447266,53.79999923706055,34.06999969482422,25.389999389648438,81.20999908447266,80.88999938964844,86.91000366210938,12.930000305175781,187.5500030517578,162.9199981689453,23.9950008392334,24.959999084472656,63.599998474121094,71.23999786376953,50.029998779296875,118.02999877929688,37.040000915527344,97.5,231.44000244140625,37.63999938964844,131.94000244140625,94.02999877929688,85.12999725341797,55.650001525878906,62.328243255615234,47.7400016784668,35.369998931884766,4.4670000076293945,33.82352828979492,133.32000732421875,51.869998931884766,69.55999755859375,51.39666748046875,37.31999969482422,194.36000061035156,53.7599983215332,75.75,54.279998779296875,34.1349983215332,25.479999542236328,81.80000305175781,81.0,85.16000366210938,12.430000305175781,185.39999389648438,160.9499969482422,23.5310001373291,24.690000534057617,62.810001373291016,70.51000213623047,49.220001220703125,117.25,36.220001220703125,95.47000122070312,229.02999877929688,37.0,130.82000732421875,93.33999633789062,84.01000213623047,55.06999969482422,61.7557258605957,47.119998931884766,34.09000015258789,4.258749961853027,33.43453598022461,132.25,50.849998474121094,68.54000091552734,50.643333435058594,36.93000030517578,192.0399932861328,53.36000061035156,74.80999755859375,53.7599983215332,33.904998779296875,25.31999969482422,81.18000030517578,80.55999755859375,86.3499984741211,12.850000381469727,186.50999450683594,161.67999267578125,23.788000106811523,24.829999923706055,63.119998931884766,70.8499984741211,49.72999954223633,117.79000091552734,36.47999954223633,95.98999786376953,230.86000061035156,37.209999084472656,131.5,93.77999877929688,84.43000030517578,55.36000061035156,62.11832046508789,47.70000076293945,35.22999954223633,4.411250114440918,33.69070053100586,132.86000061035156,51.75,69.2699966430664,51.39666748046875,37.09000015258789,192.30999755859375,53.61000061035156,75.0199966430664,54.099998474121094,34.0,25.440000534057617,81.56999969482422,80.70999908447266,5862400,68302000,2307900,1180700,39010000,53012700,3497900,11553800,5434200,4874700,4578800,2951100,1770000,29790400,4516200,9358100,2347200,4032800,7311058,7146100,55112600,1125620000,18508029,2436900,9378800,6393400,1474200,5995400,2775400,5163900,3287900,12052500,21421400,46811000,4579400,8755100
2017-09-27,58.816627502441406,12.739999771118164,141.860595703125,153.74850463867188,18.874277114868164,20.848907470703125,46.01336669921875,54.50365447998047,37.96349334716797,80.84553527832031,26.23170280456543,71.48497772216797,195.09915161132812,31.329011917114258,102.59410858154297,75.29936981201172,74.4013671875,42.34185791015625,47.36819076538086,37.231842041015625,36.17340087890625,4.3413238525390625,22.600025177001953,99.70195007324219,41.25099182128906,54.166343688964844,47.9152946472168,30.651107788085938,169.23399353027344,38.67061233520508,53.78828430175781,42.63066864013672,23.828874588012695,21.883411407470703,70.32859802246094,55.21107482910156,84.75,12.739999771118164,184.8800048828125,166.94000244140625,24.058000564575195,25.40999984741211,62.95000076293945,72.27999877929688,50.220001220703125,117.44999694824219,37.16999816894531,97.31999969482422,234.75999450683594,37.540000915527344,129.75,95.18000030517578,84.6500015258789,55.2400016784668,61.61259460449219,48.06999969482422,37.09000015258789,4.393249988555908,33.6337776184082,134.32000732421875,51.54999923706055,69.08000183105469,52.02000045776367,37.25,194.49000549316406,54.150001525878906,75.47000122070312,54.209999084472656,34.21500015258789,25.700000762939453,81.18000030517578,81.43000030517578,85.38999938964844,12.869999885559082,186.8800048828125,167.89999389648438,24.267000198364258,25.639999389648438,63.150001525878906,72.97000122070312,50.220001220703125,117.5999984741211,37.189998626708984,97.51000213623047,235.60000610351562,37.689998626708984,131.08999633789062,95.72000122070312,84.80000305175781,55.779998779296875,61.78435134887695,48.380001068115234,37.150001525878906,4.406750202178955,33.709678649902344,135.6699981689453,51.61000061035156,69.19000244140625,52.22999954223633,37.36000061035156,195.6199951171875,54.349998474121094,75.87999725341797,54.529998779296875,34.224998474121094,25.829999923706055,81.41999816894531,81.44999694824219,83.19000244140625,12.5,183.89999389648438,163.07000732421875,23.857999801635742,25.18000030517578,62.56999969482422,71.91000366210938,49.58000183105469,116.7699966430664,36.630001068115234,96.27999877929688,232.91000366210938,37.099998474121094,129.42999267578125,94.58000183105469,83.97000122070312,54.61000061035156,61.374046325683594,47.779998779296875,35.91999816894531,4.318749904632568,33.3870964050293,133.3000030517578,51.150001525878906,68.29000091552734,51.336666107177734,37.0099983215332,191.74000549316406,53.86000061035156,74.41000366210938,54.060001373291016,33.90999984741211,25.600000381469727,80.83000183105469,80.79000091552734,85.3499984741211,12.649999618530273,185.0500030517578,163.1999969482422,23.950000762939453,25.309999465942383,62.779998779296875,72.19000244140625,49.66999816894531,117.45999908447266,36.97999954223633,96.9000015258789,234.07000732421875,37.619998931884766,131.0,94.97000122070312,84.33999633789062,54.61000061035156,61.71755599975586,48.27000045776367,36.2599983215332,4.390500068664551,33.44402313232422,134.19000244140625,51.43000030517578,68.94000244140625,51.4033317565918,37.290000915527344,193.1999969482422,54.15999984741211,74.88999938964844,54.470001220703125,34.099998474121094,25.709999084472656,81.41999816894531,80.88999938964844,6581200,59947200,2436700,1253600,26489000,92877400,4674200,18092200,5369500,3926800,4638800,2123000,3072100,25981400,5796100,15090200,3085200,3857900,7013111,10314600,84593900,713720000,15502759,2235100,8200600,6043100,1166400,4802700,3267200,7605600,4516000,15840800,21836400,65919100,5384700,9724500
2017-09-28,61.73838806152344,12.739999771118164,142.30557250976562,157.01795959472656,19.05942726135254,20.881732940673828,46.05723190307617,54.78267288208008,37.79718780517578,80.9625473022461,25.82238006591797,71.11769104003906,195.68914794921875,31.571035385131836,102.37271118164062,75.45760345458984,74.708984375,42.51816940307617,47.16279220581055,37.2938117980957,37.02190017700195,4.340089797973633,22.695650100708008,99.80590057373047,41.41102600097656,54.22906494140625,48.26837921142578,30.486528396606445,170.6349334716797,38.4049072265625,54.69342803955078,42.66213607788086,23.849763870239258,21.91748046875,70.3892593383789,55.72635269165039,88.95999908447266,12.739999771118164,185.4600067138672,170.49000549316406,24.29400062561035,25.450000762939453,63.0099983215332,72.6500015258789,50.0,117.62000274658203,36.59000015258789,96.81999969482422,235.47000122070312,37.83000183105469,129.47000122070312,95.37999725341797,85.0,55.470001220703125,61.345420837402344,48.150001525878906,37.959999084472656,4.392000198364258,33.776092529296875,134.4600067138672,51.75,69.16000366210938,52.4033317565918,37.04999923706055,196.10000610351562,53.47999954223633,76.73999786376953,54.25,34.244998931884766,25.739999771118164,81.25,82.19000244140625,90.94999694824219,12.84000015258789,187.82000732421875,171.0,24.336000442504883,25.639999389648438,63.459999084472656,72.86000061035156,50.83000183105469,118.12999725341797,37.45000076293945,98.37000274658203,236.1999969482422,37.880001068115234,130.27000427246094,95.87999725341797,85.58000183105469,55.779998779296875,61.6984748840332,48.369998931884766,38.459999084472656,4.4045000076293945,33.946868896484375,134.80999755859375,52.040000915527344,69.66000366210938,52.43333435058594,37.099998474121094,196.5500030517578,53.880001068115234,76.91999816894531,54.33000183105469,34.45000076293945,25.799999237060547,81.5199966430664,82.44999694824219,86.37999725341797,12.550000190734863,184.1300048828125,168.13999938964844,23.950000762939453,25.34000015258789,62.59000015258789,72.0199966430664,49.810001373291016,117.0199966430664,36.47999954223633,96.80999755859375,233.5,37.290000915527344,129.2899932861328,94.91000366210938,84.1500015258789,55.150001525878906,61.23091506958008,47.88999938964844,36.81999969482422,4.343999862670898,33.41556167602539,132.91000366210938,51.310001373291016,68.55000305175781,51.83333206176758,36.790000915527344,193.50999450683594,53.099998474121094,75.55000305175781,53.7400016784668,34.150001525878906,25.610000610351562,80.98999786376953,81.55999755859375,86.66999816894531,12.760000228881836,184.2899932861328,168.27000427246094,23.951000213623047,25.59000015258789,62.790000915527344,72.61000061035156,50.45000076293945,117.16999816894531,37.209999084472656,97.44999694824219,235.0,37.31999969482422,129.91000366210938,95.58999633789062,84.58999633789062,55.2599983215332,61.32633590698242,48.369998931884766,37.150001525878906,4.4004998207092285,33.46299743652344,134.50999450683594,51.380001068115234,69.33000183105469,51.96666717529297,36.959999084472656,194.25,53.70000076293945,75.80999755859375,54.290000915527344,34.290000915527344,25.790000915527344,81.11000061035156,81.62999725341797,14809300,35812300,2576900,1477700,21932000,64991400,5842500,13845900,5490600,4949000,5216500,2983000,2121800,21171400,3992700,10270400,2841000,3762900,7359894,5960700,52569900,435244000,19038086,1481200,5732900,6464300,819900,7618700,2088400,7642800,6079400,14531700,23599800,37718900,4229000,15581700
2017-09-29,61.66898727416992,12.75,143.06520080566406,157.671875,19.028043746948242,20.79146957397461,46.59082794189453,54.85053253173828,37.83497619628906,80.87996673583984,25.907068252563477,71.05891418457031,197.1186065673828,31.779672622680664,102.79969024658203,75.56044006347656,75.18363189697266,42.98573684692383,46.97207260131836,37.30929183959961,38.3580436706543,4.4164252281188965,22.7594051361084,100.03597259521484,41.483055114746094,54.69953536987305,48.68595504760742,30.897939682006836,170.41737365722656,38.48389434814453,54.828857421875,43.3698844909668,23.846282958984375,22.01966094970703,70.80509185791016,55.583961486816406,88.86000061035156,12.75,186.4499969482422,171.1999969482422,24.253999710083008,25.34000015258789,63.7400016784668,72.73999786376953,50.04999923706055,117.5,36.709999084472656,96.73999786376953,237.19000244140625,38.08000183105469,130.00999450683594,95.51000213623047,85.54000091552734,56.08000183105469,61.097328186035156,48.16999816894531,39.33000183105469,4.469250202178955,33.870967864990234,134.77000427246094,51.84000015258789,69.76000213623047,52.856666564941406,37.54999923706055,195.85000610351562,53.59000015258789,76.93000030517578,55.150001525878906,34.2400016784668,25.860000610351562,81.7300033569336,81.9800033569336,89.3499984741211,12.819999694824219,186.5399932861328,171.52999877929688,24.42799949645996,25.479999542236328,63.75,72.9000015258789,50.099998474121094,117.5199966430664,36.72999954223633,97.44999694824219,237.60000610351562,38.150001525878906,130.47000122070312,95.5199966430664,85.61000061035156,56.54999923706055,61.57442855834961,48.29999923706055,39.36000061035156,4.493249893188477,33.870967864990234,135.72999572753906,52.040000915527344,69.7699966430664,52.926666259765625,37.599998474121094,196.08999633789062,54.04999923706055,77.7699966430664,55.22999954223633,34.244998931884766,25.860000610351562,81.7699966430664,82.05999755859375,87.66999816894531,12.600000381469727,183.1699981689453,169.6199951171875,24.150999069213867,25.309999465942383,63.060001373291016,72.36000061035156,49.61000061035156,116.7300033569336,36.130001068115234,96.05000305175781,234.57000732421875,37.70000076293945,129.0500030517578,95.0199966430664,84.38999938964844,55.290000915527344,60.42938995361328,47.90999984741211,37.810001373291016,4.431250095367432,33.53889846801758,134.25999450683594,51.619998931884766,68.26000213623047,52.3466682434082,37.2599983215332,194.47999572753906,53.2599983215332,76.62000274658203,54.09000015258789,34.01499938964844,25.700000762939453,81.05999755859375,81.58000183105469,88.69000244140625,12.770000457763672,185.6999969482422,170.10000610351562,24.29400062561035,25.40999984741211,63.15999984741211,72.55000305175781,49.779998779296875,117.16999816894531,36.5099983215332,96.7300033569336,235.00999450683594,37.84000015258789,129.5800018310547,95.30000305175781,85.16999816894531,55.459999084472656,61.345420837402344,48.099998474121094,37.97999954223633,4.4770002365112305,33.81404113769531,134.27999877929688,51.90999984741211,69.02999877929688,52.61333465576172,37.2599983215332,195.82000732421875,53.47999954223633,76.76000213623047,54.25,34.125,25.739999771118164,81.26000213623047,81.94000244140625,6769400,33926900,3017300,1677100,17319000,66232600,5404300,12777300,4175700,4874800,5507900,2010900,1902300,23217300,5736900,11438400,3506100,3723900,11999181,5200500,48711400,619092000,16867900,2052900,5371200,6559100,918600,3818500,2646300,7211900,4442200,20872300,28575000,42740800,6902700,9944000
2017-10-02,62.730804443359375,12.710000038146973,143.6177215576172,157.21142578125,18.865644454956055,21.021215438842773,47.19020080566406,55.64982604980469,38.03153610229492,80.8317642211914,25.829429626464844,71.38216400146484,199.99407958984375,32.58084487915039,103.75643157958984,76.61266326904297,75.89556884765625,42.840091705322266,47.35352325439453,37.890201568603516,39.02123260498047,4.422107696533203,22.995281219482422,100.2957763671875,41.51505661010742,54.35451889038086,49.01140213012695,31.37520408630371,171.80091857910156,38.37617874145508,54.91438293457031,43.62154006958008,23.839323043823242,22.20697784423828,71.52413177490234,55.34665298461914,90.38999938964844,12.710000038146973,187.1699981689453,170.6999969482422,24.047000885009766,25.6200008392334,64.55999755859375,73.80000305175781,50.310001373291016,117.43000030517578,36.599998474121094,97.18000030517578,240.64999389648438,39.040000915527344,131.22000122070312,96.83999633789062,86.3499984741211,55.88999938964844,61.593509674072266,48.91999816894531,40.0099983215332,4.474999904632568,34.22201156616211,135.1199951171875,51.880001068115234,69.31999969482422,53.209999084472656,38.130001068115234,197.44000244140625,53.439998626708984,77.05000305175781,55.470001220703125,34.22999954223633,26.079999923706055,82.55999755859375,81.62999725341797,90.41000366210938,12.850000381469727,187.72999572753906,171.75999450683594,24.5310001373291,25.649999618530273,64.77999877929688,73.88999938964844,50.33000183105469,117.79000091552734,36.630001068115234,97.18000030517578,241.10000610351562,39.09000015258789,131.3300018310547,96.87999725341797,86.68000030517578,56.27000045776367,61.71755599975586,48.959999084472656,40.369998931884766,4.549499988555908,34.25047302246094,135.61000061035156,52.15999984741211,69.31999969482422,53.41999816894531,38.18000030517578,197.91000366210938,53.54999923706055,77.4000015258789,55.470001220703125,34.2400016784668,26.079999923706055,82.56999969482422,81.81999969482422,88.91000366210938,12.619999885559082,185.55999755859375,169.77999877929688,23.975000381469727,25.389999389648438,63.63999938964844,72.91000366210938,49.29999923706055,115.52999877929688,35.29999923706055,94.87000274658203,237.10000610351562,38.08000183105469,130.02000427246094,95.45999908447266,85.73999786376953,55.529998779296875,60.963741302490234,48.11000061035156,39.36000061035156,4.425000190734863,33.67172622680664,134.25999450683594,51.70000076293945,68.54000091552734,52.810001373291016,37.77000045776367,196.3300018310547,52.91999816894531,76.41000366210938,54.86000061035156,33.744998931884766,25.809999465942383,81.87999725341797,81.25,89.73999786376953,12.800000190734863,187.02999877929688,170.38999938964844,24.5310001373291,25.459999084472656,63.79999923706055,73.06999969482422,49.54999923706055,116.41999816894531,36.02000045776367,95.5199966430664,237.1999969482422,38.119998931884766,130.16000366210938,95.7699966430664,85.77999877929688,55.939998626708984,61.26908493041992,48.11000061035156,39.599998474121094,4.519999980926514,33.842506408691406,135.25999450683594,52.09000015258789,68.7300033569336,53.09333419799805,37.83000183105469,196.58999633789062,53.290000915527344,76.7300033569336,55.15999984741211,33.875,25.809999465942383,81.97000122070312,81.30000305175781,6600100,34461100,2682700,585700,19431000,54001400,5991700,13386300,4832100,4285600,4673200,2115200,2501300,37394500,4492900,13797200,3071100,2712500,7067083,6096900,54244800,503480000,17541300,1745400,4439200,7254800,1240500,5096200,2893600,8323200,3141300,11764400,24833600,52774000,8764900,6777900
2017-10-03,62.251956939697266,13.420000076293945,143.66375732421875,156.9904022216797,18.7895450592041,21.218128204345703,46.99284362792969,55.898681640625,37.22267532348633,81.1001968383789,25.78003692626953,70.88265228271484,200.80018615722656,32.86457824707031,104.4522933959961,77.0161361694336,75.98344421386719,43.03173065185547,47.22148513793945,38.16902542114258,39.37234115600586,4.431248664855957,23.039915084838867,99.59803771972656,41.6270866394043,54.150638580322266,49.146480560302734,31.630292892456055,172.8363800048828,38.39772415161133,55.28499221801758,43.70804214477539,23.814945220947266,22.283620834350586,71.50680541992188,55.434810638427734,89.69999694824219,13.420000076293945,187.22999572753906,170.4600067138672,23.950000762939453,25.860000610351562,64.29000091552734,74.12999725341797,49.2400016784668,117.81999969482422,36.529998779296875,96.5,241.6199951171875,39.380001068115234,132.10000610351562,97.3499984741211,86.44999694824219,56.13999938964844,61.421756744384766,49.279998779296875,40.369998931884766,4.484250068664551,34.28842544555664,134.17999267578125,52.02000045776367,69.05999755859375,53.356666564941406,38.439998626708984,198.6300048828125,53.470001220703125,77.56999969482422,55.58000183105469,34.19499969482422,26.170000076293945,82.54000091552734,81.76000213623047,90.63999938964844,13.479999542236328,188.22000122070312,170.6300048828125,24.094999313354492,25.93000030517578,64.79000091552734,74.37999725341797,50.22999954223633,118.25,36.70000076293945,97.70999908447266,242.7100067138672,39.70000076293945,132.39999389648438,97.43000030517578,86.55999755859375,56.310001373291016,61.622135162353516,49.349998474121094,40.540000915527344,4.514500141143799,34.34535217285156,135.5,52.220001220703125,69.56999969482422,53.483333587646484,38.470001220703125,199.44000244140625,53.63999938964844,77.66000366210938,55.619998931884766,34.310001373291016,26.170000076293945,82.80000305175781,81.97000122070312,89.0199966430664,12.699999809265137,185.6300048828125,169.55999755859375,23.788999557495117,25.6200008392334,64.16999816894531,73.8499984741211,49.22999954223633,117.01000213623047,36.220001220703125,96.4800033569336,239.69000244140625,38.95000076293945,131.36000061035156,96.7699966430664,85.93000030517578,55.25,60.85877990722656,48.7599983215332,39.849998474121094,4.439499855041504,33.91840744018555,133.85000610351562,51.650001525878906,68.8499984741211,53.0966682434082,38.25,197.25999450683594,52.91999816894531,76.76000213623047,54.849998474121094,34.119998931884766,26.010000228881836,82.22000122070312,81.30000305175781,90.44000244140625,12.729999542236328,188.0500030517578,170.4600067138672,24.007999420166016,25.75,64.41000366210938,73.9800033569336,50.16999816894531,117.08000183105469,36.45000076293945,96.9800033569336,241.07000732421875,38.95000076293945,131.64999389648438,96.83000183105469,86.23999786376953,55.529998779296875,61.593509674072266,48.939998626708984,39.93000030517578,4.481249809265137,34.1745719909668,135.22999572753906,51.9900016784668,69.26000213623047,53.27333450317383,38.36000061035156,197.5,53.380001068115234,76.87999725341797,55.33000183105469,34.185001373291016,26.059999465942383,82.68000030517578,81.41000366210938,4286900,85174000,1514200,454400,25611000,55946900,5056200,11925100,6742100,3892200,3003100,2134500,2010800,34002200,3900800,9633500,2128800,3199900,6819441,6432400,27322300,390332000,14328392,2182700,4378000,6124500,536100,3727100,2533800,6814400,3194700,17405100,14479600,48062900,5141700,6082000
2017-10-04,62.390724182128906,13.3100004196167,144.70729064941406,157.66262817382812,18.985679626464844,21.095060348510742,47.321781158447266,55.84586715698242,37.27558517456055,80.93501281738281,25.307205200195312,70.75782012939453,199.71148681640625,32.83121109008789,105.07693481445312,76.2329330444336,76.43169403076172,43.16202926635742,47.390201568603516,37.959896087646484,38.582366943359375,4.4683051109313965,22.925148010253906,99.66485595703125,41.579078674316406,53.96247100830078,49.26010513305664,31.490402221679688,174.4461212158203,38.16792678833008,55.3704948425293,43.220462799072266,23.79753303527832,22.181434631347656,71.85333251953125,55.455142974853516,89.9000015258789,13.3100004196167,188.58999633789062,171.19000244140625,24.200000762939453,25.709999084472656,64.73999786376953,74.05999755859375,49.310001373291016,117.58000183105469,35.86000061035156,96.33000183105469,240.30999755859375,39.34000015258789,132.88999938964844,96.36000061035156,86.95999908447266,56.310001373291016,61.64122009277344,49.0099983215332,39.560001373291016,4.521749973297119,34.117645263671875,134.27000427246094,51.959999084472656,68.81999969482422,53.47999954223633,38.27000045776367,200.47999572753906,53.150001525878906,77.69000244140625,54.959999084472656,34.16999816894531,26.049999237060547,82.94000244140625,81.79000091552734,90.44000244140625,13.5,188.72000122070312,171.42999267578125,24.232999801635742,25.950000762939453,64.79000091552734,74.73999786376953,49.59000015258789,117.87000274658203,36.72999954223633,96.9800033569336,242.8800048828125,39.400001525878906,133.17999267578125,97.44000244140625,87.16000366210938,56.70000076293945,61.66030502319336,49.33000183105469,40.43000030517578,4.544250011444092,34.38330078125,135.1999969482422,52.119998931884766,69.33000183105469,53.47999954223633,38.34000015258789,200.72999572753906,53.40999984741211,77.81999969482422,55.349998474121094,34.29499816894531,26.18000030517578,82.97000122070312,81.87000274658203,89.30999755859375,13.149999618530273,186.02000427246094,169.52000427246094,23.750999450683594,25.700000762939453,64.37999725341797,73.93000030517578,48.90999984741211,117.12999725341797,35.7599983215332,95.9800033569336,240.1199951171875,38.86000061035156,132.10000610351562,96.27999877929688,86.27999877929688,55.900001525878906,61.38358688354492,48.7599983215332,38.90999984741211,4.453499794006348,34.06072235107422,133.7100067138672,51.66999816894531,68.66999816894531,52.97999954223633,38.130001068115234,198.42999267578125,53.099998474121094,76.94000244140625,54.900001525878906,34.04999923706055,26.040000915527344,82.58000183105469,81.44999694824219,89.5199966430664,13.3100004196167,186.5500030517578,169.97000122070312,23.878000259399414,25.860000610351562,64.47000122070312,74.18000030517578,49.36000061035156,117.81999969482422,36.56999969482422,96.6500015258789,241.6199951171875,39.38999938964844,132.39999389648438,97.30000305175781,86.5,56.15999984741211,61.46946716308594,49.22999954223633,40.13999938964844,4.490499973297119,34.326377868652344,134.17999267578125,51.93000030517578,69.12000274658203,53.290000915527344,38.25,199.02999877929688,53.22999954223633,77.38999938964844,55.310001373291016,34.19499969482422,26.100000381469727,82.66000366210938,81.80000305175781,3251200,42303200,1660300,861200,23271000,53402800,4583800,12904100,5432400,3443400,4379300,1508000,1840400,28368800,3589000,12166600,2317700,2804600,6722606,5372900,37908400,427848000,11435268,1928000,4587700,6319700,873900,2717200,2286400,6523300,2669900,14697800,20395200,39283800,3291100,6357100
2017-10-05,62.58505630493164,13.34000015258789,143.3721923828125,155.20364379882812,19.116689682006836,21.43966293334961,46.917320251464844,57.0976448059082,37.57040023803711,81.62336730957031,25.65300941467285,70.91940307617188,204.4900665283203,32.989768981933594,105.31414031982422,77.2594223022461,77.03819274902344,43.11604309082031,47.390201568603516,38.440120697021484,38.39705276489258,4.465835094451904,22.95064926147461,100.6075210571289,41.89115524291992,54.00166702270508,49.30307388305664,31.646739959716797,172.20115661621094,38.60597610473633,55.071170806884766,43.558624267578125,23.905487060546875,22.411348342895508,71.90531158447266,55.61109924316406,90.18000030517578,13.34000015258789,186.85000610351562,168.52000427246094,24.367000579833984,26.1299991607666,63.79999923706055,75.72000122070312,49.70000076293945,118.58000183105469,36.349998474121094,96.55000305175781,246.05999755859375,39.529998779296875,133.19000244140625,97.08999633789062,87.6500015258789,56.25,61.64122009277344,49.630001068115234,39.369998931884766,4.51924991607666,34.15559768676758,135.5399932861328,52.349998474121094,68.87000274658203,53.526668548583984,38.459999084472656,197.89999389648438,53.7599983215332,77.2699966430664,55.38999938964844,34.32500076293945,26.31999969482422,83.0,82.0199966430664,90.55999755859375,13.460000038146973,190.0,169.82000732421875,24.573999404907227,26.229999542236328,64.33999633789062,75.93000030517578,49.790000915527344,118.69000244140625,36.56999969482422,97.06999969482422,246.32000732421875,39.650001525878906,133.30999755859375,97.4000015258789,89.08999633789062,56.900001525878906,61.832061767578125,49.959999084472656,39.86000061035156,4.550000190734863,34.15559768676758,136.1300048828125,52.43000030517578,69.18000030517578,53.71333312988281,38.849998474121094,199.92999267578125,54.0,78.63999938964844,55.77000045776367,34.380001068115234,26.40999984741211,83.01000213623047,82.23999786376953,89.4800033569336,13.210000038146973,184.30999755859375,167.86000061035156,24.23699951171875,25.65999984741211,63.72999954223633,73.8499984741211,49.40999984741211,117.33000183105469,36.11000061035156,96.1500015258789,240.1199951171875,39.209999084472656,132.36000061035156,95.55000305175781,86.38999938964844,56.13999938964844,61.38358688354492,48.779998779296875,39.25,4.488999843597412,33.91840744018555,133.11000061035156,51.959999084472656,68.56999969482422,53.21666717529297,38.38999938964844,196.55999755859375,52.95000076293945,76.48999786376953,54.779998779296875,34.17499923706055,26.010000228881836,82.62000274658203,81.58999633789062,89.69000244140625,13.380000114440918,189.0500030517578,169.5500030517578,24.32699966430664,25.770000457763672,64.22000122070312,74.06999969482422,49.459999084472656,117.44999694824219,36.189998626708984,96.5,241.0,39.5,132.88999938964844,96.0,86.7699966430664,56.47999954223633,61.46946716308594,49.11000061035156,39.79999923706055,4.546500205993652,34.041744232177734,133.82000732421875,52.16999816894531,69.1500015258789,53.706668853759766,38.65999984741211,199.92999267578125,53.209999084472656,77.9000015258789,55.0,34.19499969482422,26.079999923706055,82.94000244140625,81.72000122070312,4382900,34758600,4506600,422300,22811000,62636900,6091800,19701200,5295400,5470900,3354000,2097600,3521300,17710300,3741100,14236200,5221000,2886500,9589200,11491100,22501000,437364000,14340408,1358600,5179100,6293100,538200,4456400,4069000,5721500,4923400,14560700,20323600,61260400,7709600,7375900
2017-10-06,62.80021667480469,13.229999542236328,142.58184814453125,156.05096435546875,19.27909278869629,21.50530433654785,47.66004180908203,57.03730010986328,36.9354133605957,80.5564193725586,25.250747680664062,70.65498352050781,204.45680236816406,33.073219299316406,105.33786010742188,77.12413024902344,76.53719329833984,42.93974685668945,47.35352325439453,38.54079055786133,38.689632415771484,4.4789276123046875,22.982534408569336,100.7188720703125,42.00318908691406,53.58609390258789,49.49650955200195,31.646739959716797,172.34043884277344,38.90758514404297,55.04265213012695,43.70804214477539,23.703514099121094,22.436885833740234,71.81002807617188,55.40091323852539,90.48999786376953,13.229999542236328,185.82000732421875,169.44000244140625,24.573999404907227,26.209999084472656,64.80999755859375,75.63999938964844,48.86000061035156,117.02999877929688,35.779998779296875,96.19000244140625,246.02000427246094,39.630001068115234,133.22000122070312,96.91999816894531,87.08000183105469,56.02000045776367,61.593509674072266,49.7599983215332,39.66999816894531,4.53249979019165,34.20303726196289,135.69000244140625,52.4900016784668,68.33999633789062,53.73666763305664,38.459999084472656,198.05999755859375,54.18000030517578,77.2300033569336,55.58000183105469,34.03499984741211,26.350000381469727,82.88999938964844,81.70999908447266,91.33000183105469,13.390000343322754,188.24000549316406,170.9199981689453,24.575000762939453,26.299999237060547,65.02999877929688,76.0199966430664,49.439998626708984,118.1500015258789,36.15999984741211,96.33999633789062,247.0800018310547,39.88999938964844,133.25,97.63999938964844,87.48999786376953,56.400001525878906,61.92748260498047,50.13999938964844,39.66999816894531,4.546000003814697,34.28842544555664,136.9199981689453,52.630001068115234,68.72000122070312,53.753334045410156,38.47999954223633,199.99000549316406,54.2400016784668,77.2300033569336,55.68000030517578,34.189998626708984,26.459999084472656,83.20999908447266,81.88999938964844,89.94999694824219,13.180000305175781,185.16000366210938,167.6999969482422,24.030000686645508,26.040000915527344,63.83000183105469,75.0999984741211,48.70000076293945,116.80000305175781,35.650001525878906,95.45999908447266,244.61000061035156,39.41999816894531,132.47999572753906,96.47000122070312,86.63999938964844,55.709999084472656,61.421756744384766,49.380001068115234,38.810001373291016,4.474999904632568,34.098670959472656,134.63999938964844,52.15999984741211,67.87000274658203,53.33000183105469,38.209999084472656,197.50999450683594,53.66999816894531,76.2699966430664,55.220001220703125,33.91999816894531,26.209999084472656,82.76000213623047,81.36000061035156,90.19999694824219,13.220000267028809,186.4600067138672,168.0,24.030000686645508,26.25,63.88999938964844,75.80999755859375,49.150001525878906,117.94999694824219,35.91999816894531,95.79000091552734,246.3000030517578,39.599998474121094,133.0,97.55000305175781,87.30999755859375,55.79999923706055,61.73664093017578,49.959999084472656,39.0,4.491250038146973,34.14611053466797,136.22999572753906,52.15999984741211,68.72000122070312,53.33333206176758,38.40999984741211,197.89999389648438,53.970001220703125,76.37000274658203,55.47999954223633,34.0,26.389999389648438,82.8499984741211,81.7699966430664,3461800,28258700,2032500,1224200,17489000,53900600,6161400,16119900,3902900,3533300,3174100,1587300,2396100,18887500,2469500,10231900,2297200,3917400,7847843,5159400,25150300,318800000,12711345,1466600,4795300,5717400,742800,3086100,3361900,4492800,4672400,11151200,23926600,66077800,4035900,6070600
2017-10-09,63.001434326171875,13.470000267028809,142.30557250976562,156.6956329345703,19.33244514465332,21.209930419921875,47.17469787597656,56.84878158569336,36.97321319580078,81.02449798583984,25.32837677001953,70.88265228271484,201.78079223632812,33.26517105102539,105.51972961425781,76.71831512451172,76.51080322265625,43.03173065185547,47.19213104248047,38.24649429321289,39.947757720947266,4.57996940612793,23.039915084838867,100.65947723388672,42.315284729003906,53.57825469970703,49.8741569519043,31.90182113647461,170.80894470214844,38.670616149902344,54.97137451171875,43.362022399902344,23.75226402282715,22.35173797607422,71.35953521728516,55.61786651611328,90.77999877929688,13.470000267028809,185.4600067138672,170.13999938964844,24.642000198364258,25.850000381469727,64.1500015258789,75.38999938964844,48.90999984741211,117.70999908447266,35.88999938964844,96.5,242.8000030517578,39.86000061035156,133.4499969482422,96.41000366210938,87.05000305175781,56.13999938964844,61.38358688354492,49.380001068115234,40.959999084472656,4.634749889373779,34.28842544555664,135.61000061035156,52.880001068115234,68.33000183105469,54.14666748046875,38.77000045776367,196.3000030517578,53.849998474121094,77.12999725341797,55.13999938964844,34.10499954223633,26.25,82.37000274658203,82.02999877929688,91.19000244140625,13.829999923706055,186.83999633789062,170.64999389648438,24.725000381469727,26.270000457763672,64.86000061035156,75.87999725341797,49.20000076293945,118.08000183105469,36.0,97.0199966430664,246.35000610351562,39.880001068115234,133.82000732421875,97.06999969482422,87.27999877929688,56.4900016784668,61.774810791015625,50.0,40.9900016784668,4.66825008392334,34.29791259765625,136.2100067138672,52.97999954223633,68.80000305175781,54.19333267211914,38.810001373291016,198.32000732421875,54.25,77.44000244140625,55.70000076293945,34.209999084472656,26.420000076293945,82.9000015258789,82.18000030517578,90.1500015258789,13.260000228881836,184.39999389648438,169.3000030517578,24.538999557495117,25.760000228881836,64.08000183105469,75.08999633789062,48.83000183105469,117.01000213623047,35.54999923706055,96.11000061035156,242.02000427246094,39.52000045776367,133.1699981689453,96.13999938964844,86.45999908447266,56.040000915527344,61.183204650878906,49.310001373291016,39.619998931884766,4.550749778747559,34.08918380737305,135.11000061035156,52.380001068115234,68.23999786376953,53.88666534423828,38.5,195.77999877929688,53.7400016784668,76.7699966430664,54.91999816894531,34.03499984741211,26.190000534057617,82.23999786376953,81.76000213623047,90.56999969482422,13.260000228881836,185.9499969482422,169.4600067138672,24.600000381469727,26.260000228881836,64.76000213623047,75.83000183105469,49.099998474121094,117.33999633789062,35.900001525878906,96.52999877929688,245.14999389648438,39.68000030517578,133.66000366210938,96.95999908447266,87.13999938964844,56.130001068115234,61.70801544189453,49.91999816894531,39.720001220703125,4.56974983215332,34.2125244140625,136.0,52.68000030517578,68.36000061035156,53.9466667175293,38.599998474121094,198.00999450683594,54.25,77.2699966430664,55.619998931884766,34.07500076293945,26.420000076293945,82.87999725341797,81.83999633789062,4331500,54032500,1519600,352800,16551000,55172500,3267700,12830800,4765500,2951900,3068700,1880200,2165200,18494100,3750500,7765100,1701400,3281500,5712962,6333800,27279300,563492000,10278081,869100,5817500,3587100,835200,1963500,3365400,2858900,2925600,11377000,11528200,31340200,4558800,7489900
2017-10-10,63.27213668823242,13.699999809265137,142.55882263183594,157.65342712402344,19.298702239990234,21.27556800842285,47.89537048339844,56.69044494628906,37.18487548828125,81.7748031616211,25.406009674072266,71.08833312988281,201.6145782470703,33.08992004394531,105.87554931640625,77.29126739501953,75.72855377197266,43.11604309082031,47.2874870300293,38.331687927246094,40.94255828857422,4.667424201965332,23.205665588378906,101.48338317871094,43.107479095458984,53.57825469970703,50.153568267822266,32.0663948059082,169.3993377685547,38.94348907470703,55.1424446105957,43.731624603271484,23.773157119750977,22.453920364379883,71.52413177490234,55.77382278442383,91.16999816894531,13.699999809265137,185.7899932861328,171.17999267578125,24.599000930786133,25.93000030517578,65.12999725341797,75.18000030517578,49.189998626708984,118.80000305175781,36.0,96.77999877929688,242.60000610351562,39.650001525878906,133.89999389648438,97.12999725341797,86.16000366210938,56.25,61.507633209228516,49.4900016784668,41.97999954223633,4.723249912261963,34.53510284423828,136.72000122070312,53.869998931884766,68.33000183105469,54.45000076293945,38.970001220703125,194.67999267578125,54.22999954223633,77.37000274658203,55.61000061035156,34.1349983215332,26.3700008392334,82.55999755859375,82.26000213623047,91.22000122070312,13.789999961853027,186.5800018310547,171.17999267578125,24.81599998474121,25.950000762939453,65.26000213623047,75.54000091552734,49.68000030517578,119.81999969482422,36.84000015258789,97.83000183105469,243.72999572753906,39.95000076293945,134.1300048828125,97.18000030517578,86.69999694824219,57.02000045776367,61.51717758178711,49.540000915527344,42.0,4.823750019073486,34.639469146728516,136.89999389648438,53.900001525878906,69.02999877929688,54.633331298828125,39.15999984741211,196.42999267578125,54.27000045776367,77.61000061035156,55.720001220703125,34.46500015258789,26.3700008392334,82.55999755859375,82.73999786376953,89.69999694824219,13.4399995803833,184.4600067138672,168.9199981689453,24.304000854492188,25.709999084472656,64.16000366210938,74.62999725341797,49.11000061035156,118.29000091552734,35.91999816894531,96.69999694824219,241.6999969482422,39.380001068115234,132.9199981689453,96.23999786376953,85.25,56.18000030517578,61.25,49.130001068115234,40.459999084472656,4.68149995803833,34.184059143066406,135.49000549316406,52.900001525878906,68.2699966430664,53.90666580200195,38.81999969482422,193.6699981689453,53.81999969482422,77.0,55.150001525878906,34.099998474121094,26.219999313354492,82.11000061035156,82.08999633789062,90.70999908447266,13.720000267028809,185.4600067138672,170.27000427246094,24.753000259399414,25.829999923706055,64.23999786376953,75.4000015258789,49.369998931884766,118.4000015258789,36.540000915527344,97.0999984741211,242.8000030517578,39.93000030517578,133.55999755859375,96.45999908447266,85.37999725341797,56.720001220703125,61.364505767822266,49.380001068115234,41.45000076293945,4.785749912261963,34.51612854003906,135.52999877929688,52.95000076293945,68.76000213623047,54.633331298828125,39.11000061035156,196.25999450683594,53.86000061035156,77.55000305175781,55.369998931884766,34.345001220703125,26.290000915527344,82.4000015258789,82.33999633789062,3560200,43304000,2036400,522200,15348000,46133800,5008500,13866600,5252800,5683100,4089200,2200900,2187100,29890000,4184600,10631500,4943700,3621700,5157208,5903500,48214100,974876000,18697433,1409900,8761700,3824700,756300,4112000,2499100,3263600,2659600,12800500,15527400,35822500,4037700,7218500
2017-10-11,64.11186218261719,13.880000114440918,141.30043029785156,159.23751831054688,19.644683837890625,21.193519592285156,47.88066482543945,56.509456634521484,37.49481201171875,82.13960266113281,25.462467193603516,71.19851684570312,201.44837951660156,32.797828674316406,108.05000305175781,77.06048583984375,75.6406478881836,43.09304428100586,46.78865051269531,38.09157943725586,40.58169174194336,4.717081069946289,23.2375431060791,101.31269836425781,43.30752944946289,53.115631103515625,50.497432708740234,33.20193099975586,169.90399169921875,38.96503448486328,55.53443145751953,43.77094650268555,23.828874588012695,22.411348342895508,71.66275787353516,56.00433349609375,92.37999725341797,13.880000114440918,184.14999389648438,172.89999389648438,25.040000915527344,25.829999923706055,65.11000061035156,74.94000244140625,49.599998474121094,119.33000183105469,36.08000183105469,96.93000030517578,242.39999389648438,39.29999923706055,136.64999389648438,96.83999633789062,86.05999755859375,56.220001220703125,60.85877990722656,49.18000030517578,41.61000061035156,4.773499965667725,34.582542419433594,136.49000549316406,54.119998931884766,67.73999786376953,54.823333740234375,40.349998474121094,195.25999450683594,54.2599983215332,77.91999816894531,55.65999984741211,34.21500015258789,26.31999969482422,82.72000122070312,82.5999984741211,92.61000061035156,13.960000038146973,185.5,173.05999755859375,25.117000579833984,25.93000030517578,65.5,75.33000183105469,49.72999954223633,119.5199966430664,36.2400016784668,97.12000274658203,243.1999969482422,39.66999816894531,137.0800018310547,97.01000213623047,86.66000366210938,56.540000915527344,61.393131256103516,49.43000030517578,42.06999969482422,4.775000095367432,34.61100769042969,136.67999267578125,54.380001068115234,67.80000305175781,54.836666107177734,40.38999938964844,196.07000732421875,54.349998474121094,77.91999816894531,55.709999084472656,34.23500061035156,26.350000381469727,82.80999755859375,82.73999786376953,90.97000122070312,13.609999656677246,182.67999267578125,171.0800018310547,24.513999938964844,25.649999618530273,64.93000030517578,74.66000366210938,48.88999938964844,118.58000183105469,35.65999984741211,96.04000091552734,241.35000610351562,39.060001373291016,134.3699951171875,96.13999938964844,85.44999694824219,56.13999938964844,60.85877990722656,49.130001068115234,40.79999923706055,4.69350004196167,34.34535217285156,135.52999877929688,53.65999984741211,66.83999633789062,54.34333419799805,39.68000030517578,193.58999633789062,53.7599983215332,77.08999633789062,55.2599983215332,33.95500183105469,26.209999084472656,82.48999786376953,82.13999938964844,91.47000122070312,13.619999885559082,185.27999877929688,171.36000061035156,24.520999908447266,25.93000030517578,65.12999725341797,74.97000122070312,49.20000076293945,119.20999908447266,36.13999938964844,96.7699966430664,242.0,39.47999954223633,134.8800048828125,96.83000183105469,86.3499984741211,56.310001373291016,61.393131256103516,49.43000030517578,40.84000015258789,4.739999771118164,34.50664138793945,136.27000427246094,53.790000915527344,67.31999969482422,54.41666793823242,39.79999923706055,194.6300048828125,54.11000061035156,77.52999877929688,55.439998626708984,34.095001220703125,26.309999465942383,82.51000213623047,82.16000366210938,6298500,38746600,3273200,859100,26603000,51652300,3875600,18597900,4534800,3926100,3415000,2156500,2175700,30754700,8269400,14283600,3433200,4164100,10586477,5364600,53023600,529508000,18163687,1733000,9427300,8060500,859200,9015400,2935600,4969400,2277500,12843100,20574000,33748600,4031600,7023700
2017-10-12,63.88823699951172,14.199999809265137,140.23387145996094,159.8914031982422,19.514455795288086,20.881732940673828,48.05716323852539,54.571533203125,37.65354919433594,82.00882720947266,25.130779266357422,70.99284362792969,199.28762817382812,32.70602798461914,108.19229888916016,76.38409423828125,75.96587371826172,43.34599304199219,46.82534408569336,37.63460159301758,39.5771598815918,4.71930456161499,23.17379379272461,100.40711212158203,42.41130065917969,52.762779235839844,50.337772369384766,33.27597427368164,167.8678741455078,38.77114486694336,55.52729415893555,43.41706466674805,23.741819381713867,22.241039276123047,71.58477020263672,55.88908004760742,91.41999816894531,14.199999809265137,182.75999450683594,173.61000061035156,24.874000549316406,25.450000762939453,65.3499984741211,72.37000274658203,49.810001373291016,119.13999938964844,35.61000061035156,96.6500015258789,239.8000030517578,39.189998626708984,136.8300018310547,95.98999786376953,86.43000030517578,56.54999923706055,60.906490325927734,48.59000015258789,40.58000183105469,4.775750160217285,34.487667083740234,135.27000427246094,53.0,67.29000091552734,54.650001525878906,40.439998626708984,192.9199981689453,53.9900016784668,77.91000366210938,55.209999084472656,34.09000015258789,26.1200008392334,82.62999725341797,82.43000030517578,91.98999786376953,14.369999885559082,184.38999938964844,174.88999938964844,25.128000259399414,25.93000030517578,65.7300033569336,76.13999938964844,49.869998931884766,119.6500015258789,35.790000915527344,96.88999938964844,243.4199981689453,39.38999938964844,137.52000427246094,97.5,86.44999694824219,56.900001525878906,61.049617767333984,49.41999816894531,41.75,4.827250003814697,34.724857330322266,137.41000366210938,54.18000030517578,67.41999816894531,55.0099983215332,40.65999984741211,195.36000061035156,54.34000015258789,78.05000305175781,55.709999084472656,34.1349983215332,26.399999618530273,82.81999969482422,82.5,90.91000366210938,13.8100004196167,182.0399932861328,171.9499969482422,24.827999114990234,25.34000015258789,64.9000015258789,72.2699966430664,49.0099983215332,118.30999755859375,35.400001525878906,95.72000122070312,238.75,38.97999954223633,136.02000427246094,95.62000274658203,85.91000366210938,55.79999923706055,60.64885330200195,48.380001068115234,40.290000915527344,4.7482500076293945,34.4212532043457,134.94000244140625,52.959999084472656,66.79000091552734,54.606666564941406,40.31999969482422,192.72999572753906,53.88999938964844,77.0999984741211,55.060001373291016,33.900001525878906,26.09000015258789,82.52999877929688,82.16999816894531,91.7699966430664,13.850000381469727,183.38999938964844,172.05999755859375,25.04199981689453,25.8700008392334,65.1500015258789,75.81999969482422,49.09000015258789,118.48999786376953,35.59000015258789,96.08000183105469,242.3300018310547,39.349998474121094,136.33999633789062,97.30000305175781,86.0999984741211,56.0,60.86832046508789,49.29999923706055,41.209999084472656,4.7769999504089355,34.61100769042969,137.41000366210938,53.880001068115234,67.22000122070312,54.8033332824707,40.4900016784668,195.00999450683594,54.119998931884766,77.4000015258789,55.689998626708984,33.95500183105469,26.389999389648438,82.69000244140625,82.30999755859375,4818200,69874100,2223800,1302000,20067000,71770000,5339700,40166300,4443100,3929700,3233500,2173700,2148200,18286900,5172800,18251600,1941100,3048400,6454108,6915100,66789800,528292000,14750098,2359900,7062300,6225800,584400,5524100,2954700,4233900,2532500,15067500,20362200,53834800,4731600,6647500
2017-10-13,63.36410140991211,14.220000267028809,140.4257354736328,162.3688507080078,19.453264236450195,21.193519592285156,48.013038635253906,54.37547302246094,37.54335403442383,82.02259063720703,25.31426239013672,70.97077178955078,198.2322235107422,33.10660934448242,107.87602996826172,76.2806625366211,76.07134246826172,43.20802688598633,46.502559661865234,37.40999984741211,39.40160369873047,4.807252883911133,23.16741180419922,99.27885437011719,42.26726150512695,52.668678283691406,50.6601676940918,33.58865737915039,167.5198974609375,38.871681213378906,55.64844512939453,42.221744537353516,23.727890014648438,22.249553680419922,71.40283203125,55.875526428222656,90.66999816894531,14.220000267028809,183.00999450683594,176.3000030517578,24.79599952697754,25.829999923706055,65.29000091552734,72.11000061035156,49.400001525878906,119.16000366210938,35.869998931884766,96.62000274658203,238.52999877929688,39.66999816894531,136.42999267578125,95.86000061035156,86.55000305175781,56.369998931884766,60.48664093017578,48.29999923706055,40.400001525878906,4.864749908447266,34.47817611694336,133.75,52.81999969482422,67.16999816894531,55.0,40.81999969482422,192.52000427246094,54.130001068115234,78.08000183105469,53.689998626708984,34.06999969482422,26.1299991607666,82.41999816894531,82.41000366210938,91.8499984741211,14.40999984741211,183.35000610351562,176.8699951171875,25.083999633789062,26.0,66.0999984741211,72.33999633789062,50.15999984741211,120.0,36.349998474121094,97.62999725341797,239.4499969482422,39.810001373291016,137.4199981689453,96.70999908447266,86.69999694824219,56.91999816894531,61.22137451171875,48.540000915527344,41.16999816894531,4.875,34.6204948425293,137.0,53.380001068115234,68.08000183105469,55.19333267211914,40.86000061035156,192.7100067138672,54.439998626708984,78.30999755859375,53.709999084472656,34.38999938964844,26.219999313354492,82.52999877929688,83.08000183105469,90.54000091552734,14.119999885559082,182.00999450683594,175.5800018310547,24.746999740600586,25.1200008392334,65.13999938964844,70.91000366210938,49.36000061035156,119.06999969482422,35.849998474121094,96.30000305175781,236.83999633789062,39.279998779296875,136.33999633789062,94.95999908447266,85.70999908447266,56.290000915527344,60.47710037231445,47.70000076293945,40.31999969482422,4.791250228881836,34.39278793334961,132.63999938964844,52.7400016784668,67.12999725341797,54.76333236694336,40.630001068115234,186.0,53.56999969482422,77.66999816894531,52.84000015258789,34.04999923706055,25.889999389648438,82.22000122070312,82.36000061035156,91.41000366210938,14.319999694824219,182.63999938964844,176.57000732421875,25.014999389648438,25.3799991607666,65.51000213623047,72.0999984741211,49.9900016784668,119.79000091552734,36.099998474121094,97.5,239.0,39.439998626708984,136.60000610351562,95.4800033569336,86.4000015258789,56.88999938964844,61.020992279052734,48.150001525878906,40.779998779296875,4.838749885559082,34.50664138793945,137.0,53.380001068115234,67.62999725341797,54.90666580200195,40.70000076293945,189.58999633789062,53.79999923706055,78.1500015258789,53.4900016784668,34.290000915527344,25.989999771118164,82.36000061035156,82.7300033569336,6803900,37515800,2331500,809400,15257000,104196900,6209100,30907300,4629900,4640100,2461700,1953600,2491000,16829400,4106600,13190600,3026500,2839200,7693787,7224500,35371200,628728000,13458842,2727900,7005600,4248700,531900,3913100,5435000,6315700,2161700,35310000,17787400,69561400,5909600,7180000
2017-10-16,63.6226692199707,14.260000228881836,139.57398986816406,162.63597106933594,19.352054595947266,21.529926300048828,46.8070068359375,54.11909103393555,37.78654098510742,82.69027709960938,25.300138473510742,71.52857208251953,201.4567108154297,33.18171691894531,107.63089752197266,77.85623931884766,75.54399108886719,42.709800720214844,46.46588134765625,37.90570068359375,40.464664459228516,4.889764785766602,22.937904357910156,100.7941665649414,41.91517639160156,52.378570556640625,50.899635314941406,33.64626693725586,168.11151123046875,38.96503448486328,55.17808151245117,42.30825424194336,23.780120849609375,22.39431381225586,71.0909652709961,56.146728515625,91.04000091552734,14.260000228881836,181.89999389648438,176.58999633789062,24.66699981689453,26.239999771118164,63.650001525878906,71.7699966430664,49.720001220703125,120.12999725341797,35.849998474121094,97.20999908447266,242.41000366210938,39.7599983215332,136.1199951171875,97.83999633789062,85.94999694824219,55.720001220703125,60.43893051147461,48.939998626708984,41.4900016784668,4.948249816894531,34.13662338256836,135.02999877929688,52.380001068115234,66.80000305175781,55.2599983215332,40.88999938964844,193.1999969482422,54.2599983215332,77.41999816894531,53.79999923706055,34.14500045776367,26.299999237060547,82.05999755859375,82.80999755859375,91.98999786376953,14.350000381469727,184.1999969482422,176.60000610351562,24.94700050354004,26.329999923706055,65.04000091552734,72.58000183105469,50.130001068115234,120.88999938964844,36.40999984741211,97.4800033569336,242.75999450683594,39.790000915527344,137.25999450683594,97.94999694824219,86.73999786376953,56.56999969482422,60.81106948852539,48.9900016784668,41.56999969482422,4.951250076293945,34.61100769042969,135.3699951171875,53.0,67.83000183105469,55.27000045776367,40.91999816894531,193.32000732421875,54.41999816894531,77.83000183105469,53.970001220703125,34.345001220703125,26.309999465942383,82.68000030517578,82.94999694824219,90.55999755859375,14.119999885559082,181.1999969482422,175.41000366210938,24.562000274658203,25.8700008392334,63.310001373291016,71.37000274658203,49.650001525878906,119.43000030517578,35.7599983215332,96.73999786376953,238.35000610351562,39.439998626708984,135.5399932861328,96.33999633789062,85.77999877929688,55.68000030517578,60.36259460449219,48.2400016784668,40.5099983215332,4.830999851226807,34.041744232177734,133.22999572753906,52.310001373291016,66.77999877929688,54.88999938964844,40.650001525878906,191.36000061035156,53.9900016784668,77.2300033569336,53.41999816894531,34.07500076293945,26.139999389648438,81.91000366210938,82.54000091552734,91.01000213623047,14.25,182.9600067138672,175.80999755859375,24.857999801635742,25.8700008392334,64.54000091552734,71.37999725341797,49.709999084472656,119.83999633789062,36.06999969482422,97.12999725341797,238.60000610351562,39.709999084472656,136.4499969482422,96.33999633789062,86.4800033569336,56.41999816894531,60.582061767578125,48.2400016784668,40.880001068115234,4.894999980926514,34.487667083740234,133.52000427246094,52.97999954223633,67.55999755859375,55.16666793823242,40.880001068115234,192.47999572753906,54.119998931884766,77.6500015258789,53.650001525878906,34.17499923706055,26.149999618530273,82.36000061035156,82.69999694824219,4640300,34136800,2211500,743200,14899000,71927200,6692600,21169200,4301600,5500700,3568400,2074900,2969200,12489100,5120100,12434000,3800700,5437900,7806762,8178900,33696800,576640000,14315006,2281400,5930900,4846100,543300,2707000,2927400,5105300,2405400,22802400,15333800,42000700,10219700,5734000
2017-10-17,64.412353515625,14.15999984741211,142.86575317382812,162.40570068359375,19.034317016601562,21.497102737426758,47.19675827026367,54.4358024597168,37.78654098510742,82.75222778320312,25.21546173095703,71.70514678955078,196.2044219970703,33.206748962402344,111.32351684570312,77.68116760253906,75.6406478881836,43.315338134765625,46.37784194946289,38.04509353637695,39.39183807373047,4.885317802429199,23.078163146972656,100.21941375732422,41.93916702270508,52.1433219909668,50.85665512084961,33.9424934387207,177.41336059570312,38.6921501159668,55.32062530517578,41.82854080200195,23.79404640197754,22.283620834350586,72.04393768310547,56.248435974121094,92.16999816894531,14.15999984741211,186.19000244140625,176.33999633789062,24.261999130249023,26.200000762939453,64.18000030517578,72.19000244140625,49.720001220703125,120.22000122070312,35.72999954223633,97.44999694824219,236.08999633789062,39.790000915527344,140.7899932861328,97.62000274658203,86.05999755859375,56.5099983215332,60.32442855834961,49.119998931884766,40.38999938964844,4.943749904632568,34.34535217285156,134.25999450683594,52.40999984741211,66.5,55.21333312988281,41.25,203.88999938964844,53.880001068115234,77.62000274658203,53.189998626708984,34.165000915527344,26.170000076293945,83.16000366210938,82.95999908447266,92.77999877929688,14.350000381469727,187.05999755859375,176.69000244140625,24.5939998626709,26.43000030517578,64.37000274658203,72.72000122070312,49.939998626708984,120.73999786376953,35.93000030517578,97.7699966430664,244.88999938964844,39.869998931884766,141.1199951171875,98.18000030517578,86.5,56.529998779296875,60.41030502319336,50.33000183105469,41.400001525878906,4.972499847412109,34.468692779541016,135.82000732421875,52.439998626708984,67.19000244140625,55.28666687011719,41.25,206.6199951171875,54.400001525878906,77.86000061035156,54.0,34.23500061035156,26.399999618530273,83.37999725341797,82.97000122070312,90.94999694824219,14.140000343322754,181.1300048828125,174.49000549316406,24.233999252319336,26.110000610351562,63.40999984741211,72.0,49.31999969482422,119.83000183105469,35.189998626708984,96.55999755859375,235.19000244140625,39.369998931884766,137.05999755859375,97.31999969482422,85.41999816894531,55.72999954223633,60.0,48.970001220703125,40.25,4.908750057220459,33.91840744018555,134.17999267578125,51.849998474121094,66.26000213623047,54.9466667175293,40.540000915527344,196.3699951171875,53.75,77.2699966430664,53.119998931884766,33.97999954223633,26.110000610351562,82.2300033569336,82.54000091552734,91.08999633789062,14.239999771118164,182.02999877929688,176.00999450683594,24.583999633789062,26.3700008392334,63.630001068115234,72.23999786376953,49.70000076293945,120.2300033569336,35.86000061035156,97.25,244.44000244140625,39.560001373291016,137.6699981689453,98.06999969482422,85.94000244140625,55.7400016784668,60.314884185791016,49.689998626708984,41.13999938964844,4.927249908447266,34.08918380737305,135.52999877929688,52.31999969482422,66.87999725341797,55.28666687011719,40.83000183105469,196.8000030517578,54.349998474121094,77.58999633789062,53.97999954223633,34.1349983215332,26.389999389648438,82.2300033569336,82.62999725341797,5280500,28995600,3753700,1055300,26965000,48644400,5030800,15743800,3579000,4844300,3160800,1695300,7088400,15532800,11717300,10335700,3643700,3017900,7365868,15535000,41233700,478596000,14776764,2055700,7662900,6621400,558900,7582200,8949700,5299600,2358400,18614700,16754200,37844200,8437800,6444100
2017-10-18,67.11688995361328,14.069999694824219,142.93478393554688,158.15997314453125,19.142587661743164,21.726844787597656,46.84377670288086,55.13706970214844,37.77894592285156,81.32737731933594,24.85553741455078,71.12385559082031,201.14088439941406,33.59064865112305,111.23650360107422,77.9756088256836,75.35063171386719,43.49929428100586,46.59059143066406,38.84288787841797,40.620704650878906,4.881117343902588,22.842281341552734,100.57771301269531,41.77912521362305,51.680721282958984,51.028587341308594,34.14820098876953,178.57933044433594,38.25410461425781,55.32062530517578,42.001548767089844,23.626903533935547,22.402828216552734,72.14788055419922,56.11283493041992,96.04000091552734,14.069999694824219,186.27999877929688,171.72999572753906,24.399999618530273,26.479999542236328,63.70000076293945,73.12000274658203,49.709999084472656,118.1500015258789,35.220001220703125,96.66000366210938,242.02999877929688,40.25,140.67999267578125,97.98999786376953,85.7300033569336,56.75,60.60114669799805,50.150001525878906,41.650001525878906,4.939499855041504,33.99430847167969,134.74000549316406,52.209999084472656,65.91000366210938,55.400001525878906,41.5,205.22999572753906,53.27000045776367,77.62000274658203,53.40999984741211,33.92499923706055,26.309999465942383,83.27999877929688,82.76000213623047,96.44000244140625,14.279999732971191,188.83999633789062,175.97000122070312,24.461000442504883,26.549999237060547,64.69999694824219,73.33000183105469,50.18000030517578,120.0199966430664,36.13999938964844,98.45999908447266,242.64999389648438,40.290000915527344,141.5800018310547,98.55000305175781,86.55999755859375,56.86000061035156,61.17366409301758,50.45000076293945,41.95000076293945,4.953499794006348,34.43074035644531,135.44000244140625,52.66999816894531,66.6500015258789,55.5,41.720001220703125,207.8000030517578,53.90999984741211,77.91999816894531,54.06999969482422,34.279998779296875,26.350000381469727,83.7300033569336,83.38999938964844,92.19999694824219,13.760000228881836,185.8300018310547,168.6199951171875,23.979999542236328,26.329999923706055,63.54999923706055,72.55000305175781,49.560001373291016,117.98999786376953,35.09000015258789,96.56999969482422,236.8699951171875,39.599998474121094,140.07000732421875,97.62999725341797,85.5199966430664,56.400001525878906,60.5057258605957,49.369998931884766,40.810001373291016,4.833000183105469,33.956356048583984,134.07000732421875,52.02000045776367,65.68000030517578,54.67333221435547,40.93000030517578,203.67999267578125,52.34000015258789,76.9800033569336,53.31999969482422,33.8849983215332,26.170000076293945,83.18000030517578,82.54000091552734,92.3499984741211,14.199999809265137,187.85000610351562,175.83999633789062,24.33300018310547,26.34000015258789,64.25,72.66000366210938,49.75,119.4000015258789,35.720001220703125,97.54000091552734,236.8699951171875,39.79999923706055,140.7899932861328,98.1500015258789,86.33000183105469,56.52000045776367,61.154579162597656,49.41999816894531,41.040000915527344,4.952750205993652,34.39278793334961,134.85000610351562,52.540000915527344,66.45999908447266,55.41666793823242,41.400001525878906,203.8000030517578,53.90999984741211,77.5999984741211,53.40999984741211,34.13999938964844,26.280000686645508,83.37000274658203,82.95999908447266,10979700,39020300,2580200,2715900,19905000,55382500,5594900,15126700,6481700,5505100,3553700,2040400,4235900,21424600,6827700,10158600,4002200,2905800,8265471,12094900,43528000,567316000,15196572,1709300,6032600,5936500,712200,6653200,4796300,10619900,2399600,21604000,15412600,52201500,6938700,6367100
2017-10-19,67.42440032958984,13.949999809265137,141.2774200439453,162.1110076904297,19.165340423583984,21.80889320373535,47.55709457397461,54.95610046386719,37.77894592285156,81.36178588867188,24.664995193481445,70.46162414550781,199.44561767578125,33.457122802734375,112.31187438964844,78.07107543945312,75.90434265136719,43.76757049560547,46.76665115356445,38.56404113769531,40.289119720458984,4.88655424118042,23.103662490844727,100.9957046508789,41.8431510925293,50.57510757446289,50.899635314941406,33.79438018798828,176.8564453125,38.48389434814453,55.32772445678711,42.26893997192383,23.553781509399414,22.41985511779785,72.5897216796875,56.09925842285156,96.4800033569336,13.949999809265137,184.1199951171875,176.02000427246094,24.429000854492188,26.579999923706055,64.66999816894531,72.87999725341797,49.709999084472656,118.19999694824219,34.95000076293945,95.76000213623047,239.99000549316406,40.09000015258789,142.0399932861328,98.11000061035156,86.36000061035156,57.099998474121094,60.83015441894531,49.790000915527344,41.310001373291016,4.945000171661377,34.38330078125,135.3000030517578,52.290000915527344,64.5,55.2599983215332,41.06999969482422,203.25,53.59000015258789,77.62999725341797,53.75,33.81999969482422,26.329999923706055,83.79000091552734,82.73999786376953,96.62000274658203,14.039999961853027,186.97999572753906,176.2899932861328,24.437000274658203,26.59000015258789,64.69000244140625,72.94000244140625,50.040000915527344,118.73999786376953,35.459999084472656,96.69000244140625,240.99000549316406,40.33000183105469,142.97999572753906,98.19999694824219,86.37999725341797,57.13999938964844,61.097328186035156,49.95000076293945,41.5,4.949999809265137,34.51612854003906,135.72000122070312,52.400001525878906,65.70999908447266,55.266666412353516,41.290000915527344,205.75,53.90999984741211,77.88999938964844,53.93000030517578,33.959999084472656,26.34000015258789,83.80999755859375,83.05000305175781,94.51000213623047,13.6899995803833,183.25,173.4199981689453,23.836000442504883,26.149999618530273,63.68000030517578,71.70999908447266,49.29999923706055,117.94999694824219,34.75,95.36000061035156,238.10000610351562,39.83000183105469,140.5399932861328,97.08999633789062,85.51000213623047,56.16999816894531,60.67748260498047,49.189998626708984,39.79999923706055,4.81125020980835,34.0037956237793,133.77000427246094,52.0099983215332,64.47000122070312,54.40999984741211,40.5,202.6999969482422,52.970001220703125,76.62999725341797,53.0,33.67499923706055,26.079999923706055,83.05999755859375,82.33000183105469,95.5,13.850000381469727,185.99000549316406,174.02999877929688,24.082000732421875,26.200000762939453,63.81999969482422,72.3499984741211,49.38999938964844,118.05999755859375,35.029998779296875,95.69000244140625,240.35000610351562,39.880001068115234,140.7100067138672,97.19000244140625,85.69000244140625,56.41999816894531,60.725189208984375,49.790000915527344,41.18000030517578,4.861000061035156,34.051231384277344,133.83999633789062,52.029998779296875,65.36000061035156,54.973331451416016,41.02000045776367,205.47000122070312,52.970001220703125,77.20999908447266,53.11000061035156,33.689998626708984,26.1200008392334,83.18000030517578,82.3499984741211,9303700,33795700,2563600,1120100,25844000,54542700,4918800,12322700,4015400,4576600,2892600,1875100,2710900,19222700,9181300,9133900,3233400,3403700,10554618,10053100,47676000,570772000,20858028,1329700,6825200,13577600,1063800,5710500,3471800,6171100,2329900,12669700,15183800,34671600,6410400,7945500
2017-10-20,67.15882873535156,13.8100004196167,140.38734436035156,161.37420654296875,19.161409378051758,22.29298973083496,47.37324523925781,55.44624710083008,38.18934631347656,81.6646499633789,24.650882720947266,71.25631713867188,203.38478088378906,33.74086380004883,112.5965347290039,79.18512725830078,76.66902160644531,44.066505432128906,46.86201095581055,39.25336837768555,40.47440719604492,4.864317893981934,23.218412399291992,102.22738647460938,41.6270866394043,49.51656723022461,51.16061782836914,33.835514068603516,180.54583740234375,38.84296798706055,55.26359558105469,43.18901443481445,23.599048614501953,22.683820724487305,72.66766357421875,56.35013961791992,96.0999984741211,13.8100004196167,182.9600067138672,175.22000122070312,24.423999786376953,27.170000076293945,64.41999816894531,73.52999877929688,50.25,118.63999938964844,34.93000030517578,96.83999633789062,244.72999572753906,40.43000030517578,142.39999389648438,99.51000213623047,87.2300033569336,57.4900016784668,60.95419692993164,50.68000030517578,41.5,4.922500133514404,34.554080963134766,136.9499969482422,52.02000045776367,63.150001525878906,55.543331146240234,41.119998931884766,207.49000549316406,54.09000015258789,77.54000091552734,54.91999816894531,33.8849983215332,26.639999389648438,83.87999725341797,83.11000061035156,98.26000213623047,14.09000015258789,184.82000732421875,176.22000122070312,24.700000762939453,27.18000030517578,64.98999786376953,73.87999725341797,50.400001525878906,118.77999877929688,35.119998931884766,97.04000091552734,245.25,40.45000076293945,143.6199951171875,99.88999938964844,87.37999725341797,57.7400016784668,61.05915832519531,50.90999984741211,42.16999816894531,4.989749908447266,34.554080963134766,137.7100067138672,52.59000015258789,63.95000076293945,55.81666564941406,41.119998931884766,208.2100067138672,54.22999954223633,78.44000244140625,55.06999969482422,33.904998779296875,26.65999984741211,83.94999694824219,83.12999725341797,94.88999938964844,13.800000190734863,181.2899932861328,174.69000244140625,24.375999450683594,26.899999618530273,64.20999908447266,73.18000030517578,49.560001373291016,118.06999969482422,34.630001068115234,95.41999816894531,240.6699981689453,40.099998474121094,141.8300018310547,98.7300033569336,86.33000183105469,57.150001525878906,60.65839767456055,50.220001220703125,41.439998626708984,4.91349983215332,34.184059143066406,136.17999267578125,51.939998626708984,61.400001525878906,55.459999084472656,40.83000183105469,203.69000244140625,53.81999969482422,77.38999938964844,54.040000915527344,33.65999984741211,26.520000457763672,83.58999633789062,82.62000274658203,96.77999877929688,14.029999732971191,184.08999633789062,176.00999450683594,24.695999145507812,27.040000915527344,64.79000091552734,73.76000213623047,49.900001525878906,118.61000061035156,35.04999923706055,95.77999877929688,242.9499969482422,40.33000183105469,142.3800048828125,99.27999877929688,86.5199966430664,57.29999923706055,60.92557144165039,50.45000076293945,42.0,4.962250232696533,34.44022750854492,136.83999633789062,52.5099983215332,63.56999969482422,55.69333267211914,41.02000045776367,204.25999450683594,54.150001525878906,78.44000244140625,54.209999084472656,33.89500045776367,26.610000610351562,83.81999969482422,82.8499984741211,6882600,32538900,3179200,1091300,23548000,83764700,5227400,15634600,5993200,4924300,2923100,2194500,3022800,18335700,5634500,15326600,3223200,3904900,10798802,8454500,36293700,451620000,18447319,2080200,8845000,19259600,1083600,5251600,5138800,7021600,4149900,28407700,19640400,56083800,6343800,9574100
2017-10-23,66.04765319824219,14.100000381469727,138.52276611328125,163.9989776611328,19.16376495361328,22.284788131713867,46.880550384521484,55.44624710083008,38.196929931640625,81.8642807006836,24.453285217285156,71.35193634033203,201.2239990234375,34.07468795776367,113.56121063232422,79.04985046386719,76.62506103515625,43.18503952026367,46.509891510009766,39.19916534423828,40.532936096191406,4.857402324676514,23.205665588378906,102.09300994873047,42.723388671875,48.54426956176758,51.412391662597656,33.909576416015625,180.128173828125,38.871681213378906,55.163814544677734,43.181156158447266,23.47716522216797,22.666793823242188,72.48576354980469,56.43827819824219,94.51000213623047,14.100000381469727,180.52999877929688,178.07000732421875,24.427000045776367,27.15999984741211,63.75,73.52999877929688,50.2599983215332,118.93000030517578,34.650001525878906,96.97000122070312,242.1300048828125,40.83000183105469,143.6199951171875,99.33999633789062,87.18000030517578,56.34000015258789,60.49618148803711,50.61000061035156,41.560001373291016,4.915500164031982,34.53510284423828,136.77000427246094,53.38999938964844,61.90999984741211,55.81666564941406,41.209999084472656,207.00999450683594,54.130001068115234,77.4000015258789,54.90999984741211,33.709999084472656,26.6200008392334,83.66999816894531,83.23999786376953,96.0,14.1899995803833,183.6199951171875,179.27999877929688,24.565000534057617,27.43000030517578,64.69000244140625,74.01000213623047,50.75,119.30000305175781,35.34000015258789,97.48999786376953,245.3300018310547,41.040000915527344,144.35000610351562,99.98999786376953,88.19000244140625,57.4900016784668,61.564884185791016,51.099998474121094,42.189998626708984,4.971250057220459,34.89563751220703,137.69000244140625,53.779998779296875,63.47999954223633,56.11333465576172,41.47999954223633,208.4499969482422,54.2400016784668,77.9000015258789,55.040000915527344,34.02000045776367,26.700000762939453,84.30999755859375,83.76000213623047,94.44999694824219,13.899999618530273,180.3699951171875,177.2899932861328,24.270999908447266,27.09000015258789,63.689998626708984,73.43000030517578,49.93000030517578,118.44999694824219,34.630001068115234,96.66999816894531,241.3800048828125,40.400001525878906,142.0800018310547,99.23999786376953,87.12000274658203,56.2599983215332,60.40076446533203,50.38999938964844,41.400001525878906,4.894999980926514,34.44022750854492,136.35000610351562,52.130001068115234,61.810001373291016,55.54999923706055,41.11000061035156,205.8000030517578,53.90999984741211,77.37000274658203,54.70000076293945,33.68000030517578,26.559999465942383,83.62999725341797,83.04000091552734,95.93000030517578,13.9399995803833,183.25,177.9499969482422,24.51799964904785,27.219999313354492,64.62000274658203,73.4800033569336,50.279998779296875,118.72000122070312,35.0,97.06999969482422,244.38999938964844,40.54999923706055,142.1300048828125,99.51000213623047,87.47000122070312,57.47999954223633,61.097328186035156,50.880001068115234,41.849998474121094,4.944499969482422,34.44022750854492,137.07000732421875,52.29999923706055,63.150001525878906,55.813331604003906,41.369998931884766,207.5800018310547,54.09000015258789,77.8499984741211,54.75,33.90999984741211,26.649999618530273,83.98999786376953,83.1500015258789,4483900,49838000,2571200,1240700,23418000,69607700,5990200,10821500,5589000,3872400,3352900,2395800,1963300,28647000,6686000,9238600,4909800,3734700,12137936,6265800,26844200,428696000,15978008,1301000,9775400,14054100,898500,5092400,2261400,4965400,4820100,18102100,17310600,43555200,7159600,9829900
2017-10-24,64.07691955566406,14.25,138.40000915527344,164.33055114746094,19.431291580200195,22.711444854736328,46.8070068359375,55.98161315917969,38.751739501953125,82.0707778930664,24.587366104125977,70.99140930175781,203.4761962890625,34.17483139038086,111.99556732177734,80.30714416503906,74.85840606689453,43.68326187133789,46.29714584350586,39.55545425415039,40.57194519042969,4.908291339874268,23.12278175354004,102.88424682617188,43.41157150268555,48.95984649658203,51.77161407470703,34.00009536743164,181.1201629638672,38.92912673950195,55.3704948425293,43.58221435546875,23.522441864013672,22.82857322692871,72.0006103515625,56.594234466552734,91.69000244140625,14.25,180.3699951171875,178.42999267578125,24.76799964904785,27.68000030517578,63.650001525878906,74.23999786376953,50.9900016784668,119.2300033569336,34.84000015258789,96.4800033569336,244.83999633789062,40.95000076293945,141.63999938964844,100.91999816894531,85.16999816894531,56.9900016784668,60.21946716308594,51.06999969482422,41.599998474121094,4.9670000076293945,34.411766052246094,137.8300018310547,54.25,62.439998626708984,56.206668853759766,41.31999969482422,208.14999389648438,54.209999084472656,77.69000244140625,55.41999816894531,33.775001525878906,26.809999465942383,83.11000061035156,83.47000122070312,94.13999938964844,14.359999656677246,181.5399932861328,178.49000549316406,24.81399917602539,27.84000015258789,64.05000305175781,74.75,51.31999969482422,119.91999816894531,35.25,97.97000122070312,246.25,41.04999923706055,143.3800048828125,101.19000244140625,88.33000183105469,57.27000045776367,60.41030502319336,51.38999938964844,42.0099983215332,4.96875,34.658443450927734,138.49000549316406,54.439998626708984,62.84000015258789,56.2599983215332,41.380001068115234,208.22999572753906,54.619998931884766,78.0999984741211,55.560001373291016,33.92499923706055,26.860000610351562,83.69000244140625,83.80999755859375,90.7699966430664,14.149999618530273,177.22999572753906,177.25,24.410999298095703,27.34000015258789,63.36000061035156,73.7300033569336,50.41999816894531,119.06999969482422,34.689998626708984,96.2300033569336,243.0,40.720001220703125,140.92999267578125,99.76000213623047,83.75,56.540000915527344,59.51335906982422,50.790000915527344,41.43000030517578,4.898499965667725,34.14611053466797,136.9199981689453,53.400001525878906,61.91999816894531,55.76333236694336,40.970001220703125,205.8800048828125,54.02000045776367,77.1500015258789,55.0,33.70500183105469,26.690000534057617,82.62999725341797,83.30999755859375,94.0,14.199999809265137,181.25999450683594,177.80999755859375,24.506999969482422,27.350000381469727,63.75,73.95999908447266,50.47999954223633,119.4800033569336,34.869998931884766,97.69999694824219,243.60000610351562,41.0,143.3800048828125,99.87999725341797,87.41999816894531,56.540000915527344,60.41030502319336,50.810001373291016,41.7400016784668,4.924749851226807,34.582542419433594,137.08999633789062,53.439998626708984,62.529998779296875,55.973331451416016,41.2599983215332,206.3800048828125,54.43000030517578,77.4000015258789,55.0,33.83000183105469,26.709999084472656,83.68000030517578,83.55000305175781,10301100,84891600,3449800,614400,22887000,90346500,6197600,15260200,7609400,4472400,4247900,2190400,2285300,19652400,6585800,13000800,8696100,3428900,10711713,7849700,26299400,407244000,15826126,1321200,11415700,9639500,643500,4251600,3459900,6643300,3241700,18779400,19640400,61259200,7145500,7551200
2017-10-25,64.13282012939453,12.329999923706055,136.19781494140625,163.34510803222656,19.285364151000977,22.670419692993164,47.06438446044922,55.514102935791016,37.96894073486328,81.52700805664062,24.241561889648438,70.74858093261719,200.87496948242188,34.032955169677734,112.56493377685547,80.38671875,74.57715606689453,43.26167297363281,45.81297302246094,39.137203216552734,40.0452880859375,4.784276008605957,23.052661895751953,102.60807037353516,43.08348083496094,49.74394607543945,51.09307098388672,33.86843490600586,180.6067352294922,38.87887954711914,55.36338424682617,43.448524475097656,23.358776092529297,22.692333221435547,71.89665222167969,56.39080810546875,91.7699966430664,12.329999923706055,177.5,177.36000061035156,24.582000732421875,27.6299991607666,64.0,73.62000274658203,49.959999084472656,118.44000244140625,34.349998474121094,96.1500015258789,241.7100067138672,40.779998779296875,142.36000061035156,101.0199966430664,84.8499984741211,56.439998626708984,59.58969497680664,50.529998779296875,41.060001373291016,4.8414998054504395,34.30739974975586,137.4600067138672,53.84000015258789,63.439998626708984,55.470001220703125,41.15999984741211,207.55999755859375,54.13999938964844,77.68000030517578,55.25,33.540000915527344,26.649999618530273,82.98999786376953,83.16999816894531,92.08000183105469,13.130000114440918,180.0399932861328,178.97999572753906,24.89299964904785,27.920000076293945,64.55999755859375,74.62999725341797,51.130001068115234,119.44000244140625,34.959999084472656,96.87000274658203,246.5,41.060001373291016,143.22999572753906,101.44999694824219,86.37000274658203,57.13999938964844,60.238548278808594,51.52000045776367,41.59000015258789,4.980500221252441,34.487667083740234,139.22999572753906,54.43000030517578,63.619998931884766,56.04666519165039,41.40999984741211,209.13999938964844,54.540000915527344,77.87000274658203,55.58000183105469,33.814998626708984,26.920000076293945,83.2300033569336,83.7300033569336,90.7300033569336,12.289999961853027,176.55999755859375,175.72000122070312,24.42300033569336,27.34000015258789,63.40999984741211,73.26000213623047,49.75,118.1500015258789,34.18000030517578,95.66999816894531,240.8000030517578,40.4900016784668,140.9600067138672,100.19000244140625,84.68000030517578,55.88999938964844,59.475189208984375,49.91999816894531,40.310001373291016,4.779250144958496,34.07969665527344,136.4199981689453,53.47999954223633,62.400001525878906,54.9033317565918,40.70000076293945,207.07000732421875,53.72999954223633,76.94999694824219,54.869998931884766,33.435001373291016,26.5,82.66999816894531,82.94999694824219,91.77999877929688,12.949999809265137,179.10000610351562,178.5,24.58799934387207,27.889999389648438,63.459999084472656,74.4800033569336,51.060001373291016,119.0,34.61000061035156,96.31999969482422,246.16000366210938,40.88999938964844,141.16000366210938,101.25,85.91000366210938,56.959999084472656,60.209922790527344,51.5099983215332,41.310001373291016,4.927000045776367,34.34535217285156,139.22999572753906,53.97999954223633,62.5,55.89666748046875,41.29999923706055,208.32000732421875,54.439998626708984,77.69999694824219,55.4900016784668,33.71500015258789,26.889999389648438,83.02999877929688,83.44999694824219,6924800,166762100,4052500,560000,20955000,81265300,6202900,17188100,6989700,4553100,3647600,1959000,2904300,24031700,6563600,14632700,3916000,4895500,11545502,9645800,31061100,828160000,17523488,1249300,7581500,10748200,1568100,3360000,2908300,5246900,4901200,17096900,27045400,68653500,6819100,9153300
2017-10-26,62.588375091552734,12.010000228881836,135.44583129882812,163.76876831054688,19.123754501342773,22.76066780090332,44.82147979736328,55.642303466796875,39.10892868041992,81.52700805664062,24.636770248413086,71.31517791748047,200.88330078125,34.50865173339844,112.13007354736328,80.95966339111328,73.9707260131836,43.89787292480469,45.47552490234375,39.32308578491211,39.59665298461914,4.834425926208496,22.78489875793457,102.89920043945312,43.05146789550781,49.68906784057617,51.39395523071289,33.901344299316406,181.9903106689453,38.99375915527344,54.37271499633789,43.73949432373047,23.40752601623535,22.820058822631836,71.17760467529297,56.594234466552734,89.55999755859375,12.010000228881836,176.52000427246094,177.82000732421875,24.375999450683594,27.739999771118164,60.95000076293945,73.79000091552734,51.459999084472656,118.44000244140625,34.90999984741211,96.91999816894531,241.72000122070312,41.349998474121094,141.80999755859375,101.73999786376953,84.16000366210938,57.27000045776367,59.15076446533203,50.77000045776367,40.599998474121094,4.892250061035156,33.90891647338867,137.85000610351562,53.79999923706055,63.369998931884766,55.79666519165039,41.20000076293945,209.14999389648438,54.29999923706055,76.29000091552734,55.619998931884766,33.61000061035156,26.799999237060547,82.16000366210938,83.47000122070312,91.86000061035156,12.460000038146973,177.44000244140625,178.5399932861328,24.78499984741211,27.979999542236328,63.25,74.25,51.77000045776367,119.0,34.9900016784668,97.19000244140625,244.0,41.58000183105469,143.75,102.41999816894531,85.11000061035156,57.91999816894531,59.818702697753906,51.20000076293945,41.18000030517578,4.9039998054504395,34.36432647705078,138.74000549316406,54.38999938964844,63.810001373291016,55.913333892822266,41.34000015258789,211.6999969482422,54.650001525878906,77.66000366210938,56.16999816894531,33.720001220703125,26.920000076293945,82.63999938964844,83.6500015258789,85.23999786376953,12.0,169.67999267578125,176.8699951171875,24.375999450683594,27.68000030517578,60.400001525878906,73.5999984741211,49.790000915527344,118.13999938964844,33.970001220703125,95.73999786376953,241.52999877929688,40.709999084472656,141.3800048828125,101.31999969482422,83.83000183105469,55.869998931884766,58.979007720947266,50.58000183105469,40.310001373291016,4.845250129699707,33.776092529296875,137.55999755859375,53.66999816894531,63.060001373291016,55.49333190917969,41.06999969482422,207.5800018310547,54.220001220703125,75.83999633789062,55.45000076293945,33.40999984741211,26.75,81.66000366210938,83.11000061035156,91.86000061035156,12.449999809265137,170.8699951171875,177.52999877929688,24.726999282836914,27.690000534057617,62.5099983215332,73.66000366210938,50.38999938964844,118.77999877929688,34.400001525878906,96.44999694824219,242.61000061035156,40.90999984741211,142.50999450683594,101.3499984741211,84.66999816894531,57.52000045776367,59.4370231628418,50.75,41.16999816894531,4.869500160217285,34.24098587036133,138.32000732421875,54.099998474121094,63.45000076293945,55.56666564941406,41.18000030517578,207.9199981689453,54.470001220703125,77.37999725341797,55.45000076293945,33.55500030517578,26.75,82.4000015258789,83.37000274658203,10307500,87625400,5998500,427700,24446000,55342500,13116300,13213100,7564600,4092900,5216600,1980200,1948800,38247400,5841100,13054400,3820700,4239300,11260026,9715700,27453500,322744000,18374277,1547300,5270800,8668300,1145100,3651500,4346000,5726500,5371300,15979200,18724400,41832600,13466900,9154500
2017-10-27,64.2446517944336,11.84000015258789,134.494384765625,164.791015625,19.840822219848633,22.809906005859375,44.0787353515625,55.702606201171875,38.91893005371094,78.15413665771484,25.321319580078125,72.4556884765625,200.87496948242188,37.05402755737305,112.10633087158203,80.9835205078125,73.70702362060547,44.81768798828125,42.72454071044922,39.625152587890625,39.840484619140625,4.986853122711182,22.695650100708008,103.1380615234375,43.66763687133789,49.8302116394043,52.468570709228516,34.68305206298828,184.9922637939453,39.094295501708984,55.413272857666016,43.936092376708984,23.44931411743164,22.803028106689453,71.1602783203125,56.756935119628906,91.93000030517578,11.84000015258789,175.27999877929688,178.92999267578125,25.290000915527344,27.799999237060547,59.939998626708984,73.87000274658203,51.209999084472656,113.54000091552734,35.880001068115234,98.47000122070312,241.7100067138672,44.400001525878906,141.77999877929688,101.7699966430664,83.86000061035156,58.470001220703125,55.57251739501953,51.15999984741211,40.849998474121094,5.046500205993652,33.776092529296875,138.1699981689453,54.56999969482422,63.54999923706055,56.96333312988281,42.150001525878906,212.60000610351562,54.439998626708984,77.75,55.869998931884766,33.66999816894531,26.780000686645508,82.13999938964844,83.70999908447266,94.97000122070312,12.1899995803833,176.42999267578125,179.25999450683594,25.298999786376953,27.959999084472656,61.689998626708984,73.9800033569336,52.22999954223633,116.4000015258789,35.88999938964844,98.55999755859375,242.44000244140625,45.0,142.6999969482422,102.2300033569336,84.80999755859375,58.93000030517578,57.77671813964844,51.349998474121094,40.939998626708984,5.046750068664551,33.91840744018555,138.52999877929688,54.70000076293945,63.869998931884766,57.040000915527344,42.18000030517578,212.77000427246094,54.459999084472656,77.81999969482422,56.040000915527344,33.849998474121094,26.829999923706055,82.2300033569336,84.23999786376953,90.75,11.350000381469727,173.2899932861328,177.1300048828125,24.27899932861328,27.6200008392334,59.790000915527344,73.01000213623047,50.20000076293945,112.56999969482422,34.470001220703125,95.83999633789062,239.6699981689453,43.099998474121094,140.1999969482422,101.05000305175781,83.58999633789062,57.400001525878906,55.171756744384766,50.5099983215332,40.040000915527344,4.918749809265137,33.58633804321289,136.9600067138672,53.36000061035156,62.880001068115234,55.926666259765625,41.41999816894531,208.5500030517578,53.959999084472656,75.94999694824219,55.130001068115234,33.16999816894531,26.610000610351562,81.83000183105469,82.01000213623047,92.69999694824219,12.170000076293945,175.35000610351562,178.25,24.457000732421875,27.68000030517578,60.97999954223633,73.43000030517578,51.15999984741211,116.12999725341797,34.560001373291016,96.20999908447266,240.85000610351562,43.29999923706055,141.0,101.43000030517578,84.06999969482422,57.68000030517578,57.77671813964844,50.650001525878906,40.59000015258789,4.945000171661377,33.709678649902344,137.30999755859375,53.70000076293945,63.11000061035156,56.16999816894531,41.47999954223633,209.14999389648438,54.209999084472656,76.12999725341797,55.22999954223633,33.435001373291016,26.75,81.87000274658203,83.0,9066300,115650400,3478600,703800,44753000,58856700,9539900,11309900,7835700,14534100,4530100,2911200,2111500,90028300,5140100,10400400,2892900,4159900,30980242,9261100,31094700,572192000,15746865,1198500,8962400,12972700,1058400,4822800,4385300,4862900,6118600,17258600,32376000,56694400,6122000,14866200
2017-10-30,63.5667610168457,10.890000343322754,133.9648895263672,163.8700714111328,20.49433135986328,22.645803451538086,44.74058532714844,55.63473892211914,39.05573272705078,78.73920440673828,25.406009674072266,73.23566436767578,200.19351196289062,37.028995513916016,110.6988525390625,80.69708251953125,72.64351654052734,45.26992416381836,40.13495635986328,39.27490234375,40.620704650878906,5.035768985748291,22.40876579284668,102.38410186767578,43.739654541015625,50.26930618286133,52.60980987548828,34.666587829589844,182.1990966796875,38.96503448486328,55.87651824951172,43.92036056518555,23.571195602416992,22.709365844726562,70.39791870117188,56.641693115234375,90.95999908447266,10.890000343322754,174.58999633789062,177.92999267578125,26.12299919128418,27.600000381469727,60.84000015258789,73.77999877929688,51.38999938964844,114.38999938964844,36.0,99.52999877929688,240.88999938964844,44.369998931884766,140.0,101.41000366210938,82.6500015258789,59.060001373291016,52.20419692993164,50.459999084472656,41.650001525878906,5.0960001945495605,33.34914779663086,137.16000366210938,54.65999984741211,64.11000061035156,57.116668701171875,42.130001068115234,209.38999938964844,54.2599983215332,78.4000015258789,55.849998474121094,33.845001220703125,26.670000076293945,81.26000213623047,83.54000091552734,92.05999755859375,11.420000076293945,176.8000030517578,178.83999633789062,26.219999313354492,27.760000228881836,61.529998779296875,73.91000366210938,51.79999923706055,115.0999984741211,36.54999923706055,99.69000244140625,242.58999633789062,45.189998626708984,141.2100067138672,101.93000030517578,83.76000213623047,59.56999969482422,53.48282241821289,50.779998779296875,41.86000061035156,5.152249813079834,33.65275192260742,138.0500030517578,54.77000045776367,64.5,57.356666564941406,42.65999984741211,212.77000427246094,54.45000076293945,78.58000183105469,55.959999084472656,33.939998626708984,26.790000915527344,81.91999816894531,83.94999694824219,88.91000366210938,10.649999618530273,173.5800018310547,177.2899932861328,25.32699966430664,27.459999084472656,60.279998779296875,73.18000030517578,50.88999938964844,112.83999633789062,35.77000045776367,98.27999877929688,239.52999877929688,43.880001068115234,139.32000732421875,100.87000274658203,82.43000030517578,58.25,51.917938232421875,49.970001220703125,40.68000030517578,5.0304999351501465,33.225807189941406,136.55999755859375,54.08000183105469,63.529998779296875,56.78333282470703,42.08000183105469,209.3800048828125,54.040000915527344,77.72000122070312,55.310001373291016,33.435001373291016,26.600000381469727,81.08000183105469,83.41000366210938,91.69999694824219,11.260000228881836,175.5,178.2899932861328,25.329999923706055,27.649999618530273,61.09000015258789,73.20999908447266,51.38999938964844,113.16999816894531,36.040000915527344,98.66000366210938,240.10000610351562,44.47999954223633,141.0800018310547,101.12999725341797,83.76000213623047,58.5,53.196563720703125,50.56999969482422,40.72999954223633,5.046500205993652,33.61479949951172,137.14999389648438,54.15999984741211,63.75,56.78333282470703,42.36000061035156,212.2100067138672,54.220001220703125,77.72000122070312,55.45000076293945,33.435001373291016,26.75,81.87000274658203,83.70999908447266,6526200,137785100,2550800,1268300,50202000,51357600,8443700,10556900,6647600,7517800,8143300,3505400,1764400,48161500,6034300,8839500,4667200,3887700,40860891,9020900,29119500,504056000,26679586,1199200,7081500,6632800,1579200,5200800,2477400,4243800,4427100,12249200,23229600,48157500,5884000,7811100
2017-10-31,63.07060241699219,10.989999771118164,134.44833374023438,166.4672393798828,20.704593658447266,22.47349739074707,45.343597412109375,55.42362594604492,38.873329162597656,79.771728515625,26.04115867614746,73.48583984375,201.51487731933594,37.96369934082031,110.23236083984375,80.06046295166016,72.01948547363281,45.79116439819336,40.413719177246094,38.916873931884766,43.214969635009766,5.109139919281006,22.35138702392578,102.10794830322266,40.818878173828125,50.18305969238281,53.03044509887695,34.8311653137207,182.9213409423828,39.05121994018555,56.22575759887695,44.148414611816406,23.647804260253906,22.649763107299805,70.26797485351562,56.51286697387695,90.25,10.989999771118164,175.22000122070312,180.75,26.391000747680664,27.389999389648438,61.65999984741211,73.5,51.150001525878906,115.88999938964844,36.900001525878906,99.87000274658203,242.47999572753906,45.4900016784668,139.41000366210938,100.61000061035156,81.94000244140625,59.7400016784668,52.566795349121094,50.0,44.310001373291016,5.170249938964844,33.263755798339844,136.7899932861328,51.0099983215332,64.0,57.573333740234375,42.33000183105469,210.22000122070312,54.380001068115234,78.88999938964844,56.13999938964844,33.95500183105469,26.600000381469727,81.11000061035156,83.3499984741211,91.81999969482422,11.3100004196167,176.19000244140625,180.97000122070312,26.670000076293945,27.719999313354492,61.900001525878906,74.08999633789062,51.61000061035156,116.37999725341797,37.040000915527344,100.41000366210938,244.17999267578125,45.79999923706055,140.25999450683594,101.69999694824219,83.0999984741211,60.15999984741211,53.23473358154297,50.720001220703125,44.56999969482422,5.197249889373779,33.52941131591797,138.1999969482422,52.4900016784668,64.73999786376953,57.7400016784668,42.52000045776367,210.52000427246094,54.81999969482422,79.13999938964844,56.52000045776367,34.08000183105469,26.770000457763672,81.45999908447266,83.68000030517578,90.04000091552734,10.6899995803833,174.14999389648438,179.6300048828125,26.1299991607666,27.34000015258789,60.68000030517578,73.26000213623047,51.02000045776367,113.81999969482422,35.4900016784668,99.05999755859375,240.6300048828125,44.650001525878906,138.97999572753906,100.56999969482422,81.72000122070312,58.83000183105469,52.50954055786133,49.95000076293945,42.20000076293945,5.122499942779541,32.35293960571289,136.75999450683594,50.02000045776367,63.93000030517578,57.10333251953125,42.099998474121094,207.8000030517578,54.0099983215332,77.77999877929688,55.900001525878906,33.709999084472656,26.56999969482422,80.97000122070312,83.16999816894531,90.87999725341797,10.760000228881836,174.14999389648438,179.66000366210938,26.25,27.639999389648438,60.939998626708984,73.87000274658203,51.31999969482422,114.44999694824219,35.93000030517578,99.25,240.67999267578125,45.20000076293945,140.02000427246094,101.37000274658203,82.76000213623047,59.779998779296875,52.643131256103516,50.470001220703125,42.25,5.1282501220703125,33.254268646240234,137.1999969482422,52.2599983215332,63.9900016784668,57.2599983215332,42.18000030517578,209.38999938964844,54.119998931884766,78.30000305175781,55.95000076293945,33.86000061035156,26.670000076293945,81.20999908447266,83.6500015258789,7065600,78600000,2906600,526400,32845000,50311200,8234200,11733500,6171500,7154800,6139000,3272500,2658700,47000900,4832100,8690200,3853300,5157600,19313802,9283000,61972200,411908000,24794085,1131600,29914100,8519500,1031400,3704500,3749600,5882000,3231000,14619200,19298000,39890800,6548600,9754200
2017-11-01,64.60104370117188,10.800000190734863,134.60182189941406,167.0658721923828,20.342132568359375,22.588363647460938,45.71128845214844,55.823265075683594,39.59532165527344,79.77859497070312,27.57963752746582,75.26649475097656,202.99415588378906,38.98183822631836,110.68304443359375,80.30714416503906,72.85447692871094,46.672637939453125,40.59712219238281,38.62889862060547,43.28324508666992,5.1187744140625,22.47888946533203,102.2199478149414,42.77940368652344,50.40261459350586,52.83700942993164,34.64191818237305,182.32093811035156,39.12302780151367,57.52289581298828,44.203468322753906,23.915929794311523,22.683820724487305,70.44123077392578,56.86543655395508,92.44000244140625,10.800000190734863,175.4199981689453,181.39999389648438,25.929000854492188,27.530000686645508,62.15999984741211,74.02999877929688,52.099998474121094,115.9000015258789,39.08000183105469,102.29000091552734,244.25999450683594,46.709999084472656,139.97999572753906,100.91999816894531,82.88999938964844,60.88999938964844,52.80534362792969,49.630001068115234,44.380001068115234,5.179999828338623,33.45351028442383,136.94000244140625,53.459999084472656,64.27999877929688,57.36333465576172,42.099998474121094,209.52999877929688,54.47999954223633,80.70999908447266,56.209999084472656,34.34000015258789,26.639999389648438,81.30999755859375,83.87000274658203,93.33999633789062,11.289999961853027,177.30999755859375,182.97999572753906,26.56399917602539,27.729999542236328,62.349998474121094,74.5199966430664,52.279998779296875,116.97000122070312,39.34000015258789,102.47000122070312,247.39999389648438,46.709999084472656,140.58999633789062,101.69999694824219,83.81999969482422,61.900001525878906,53.2442741394043,50.54999923706055,45.33000183105469,5.2492499351501465,33.89942932128906,138.63999938964844,53.4900016784668,64.95999908447266,58.08000183105469,42.5,212.6300048828125,54.7400016784668,80.93000030517578,56.84000015258789,34.5,26.829999923706055,81.6500015258789,83.94000244140625,90.2699966430664,10.720000267028809,174.72000122070312,179.5399932861328,25.68899917602539,27.360000610351562,61.4900016784668,73.80999755859375,51.43000030517578,115.3499984741211,37.59000015258789,96.70999908447266,242.91000366210938,45.59000015258789,139.33999633789062,100.7300033569336,82.0,60.06999969482422,52.74809265136719,49.5,43.779998779296875,5.114999771118164,33.11195373535156,136.75999450683594,50.5099983215332,63.9900016784668,56.86000061035156,41.86000061035156,208.9199981689453,54.2599983215332,79.06999969482422,56.189998626708984,34.14500045776367,26.610000610351562,81.08999633789062,83.26000213623047,90.77999877929688,11.25,175.3000030517578,182.67999267578125,26.423999786376953,27.639999389648438,61.86000061035156,73.98999786376953,51.810001373291016,116.30000305175781,37.75,100.79000091552734,243.88999938964844,45.970001220703125,139.8300018310547,101.0999984741211,82.16999816894531,60.2400016784668,52.99618148803711,50.220001220703125,44.790000915527344,5.233749866485596,33.2163200378418,137.8800048828125,51.470001220703125,64.62000274658203,58.040000915527344,42.47999954223633,211.6199951171875,54.58000183105469,79.31999969482422,56.31999969482422,34.15999984741211,26.709999084472656,81.25,83.38999938964844,7048800,66875500,2734900,941900,27333000,46527700,4713300,11361900,6455500,5030300,9303000,3953400,2969600,47813700,5006800,8418200,3309300,5609400,17206483,7842900,38842900,502576000,16557497,1207600,15624400,11329300,1516500,4235700,1902900,4642600,4097800,11678300,34612600,40921900,7427800,9430000
2017-11-02,63.60869216918945,10.850000381469727,132.29222106933594,167.84869384765625,20.358610153198242,22.867340087890625,45.76276397705078,56.358646392822266,39.884117126464844,79.38626098632812,27.403200149536133,75.75212097167969,205.17153930664062,39.30732345581055,110.64349365234375,80.84029388427734,73.0654067993164,47.65375900268555,40.61913299560547,39.2437744140625,43.244232177734375,5.087647438049316,22.606395721435547,103.30973052978516,43.88369369506836,49.59498596191406,53.09798049926758,34.68305206298828,183.68710327148438,39.4102668762207,58.150062561035156,44.726104736328125,23.846282958984375,22.896696090698242,70.12069702148438,56.63489532470703,91.0199966430664,10.850000381469727,172.41000366210938,182.25,25.950000762939453,27.8700008392334,62.22999954223633,74.73999786376953,52.47999954223633,115.33000183105469,38.83000183105469,102.94999694824219,246.8800048828125,47.099998474121094,139.92999267578125,101.58999633789062,83.12999725341797,62.16999816894531,52.83396911621094,50.41999816894531,44.34000015258789,5.148499965667725,33.64326477050781,138.39999389648438,54.84000015258789,63.25,57.64666748046875,42.150001525878906,211.10000610351562,54.880001068115234,81.58999633789062,56.47999954223633,34.2400016784668,26.889999389648438,80.94000244140625,83.52999877929688,92.33999633789062,10.989999771118164,175.3800048828125,182.44000244140625,26.464000701904297,27.940000534057617,62.869998931884766,74.8499984741211,52.59000015258789,116.47000122070312,39.68000030517578,102.98999786376953,247.74000549316406,47.22999954223633,140.2899932861328,101.7699966430664,83.91999816894531,62.34000015258789,53.024810791015625,50.439998626708984,44.75,5.195250034332275,33.69070053100586,138.47000122070312,55.68000030517578,64.33999633789062,57.79666519165039,42.2400016784668,211.49000549316406,55.08000183105469,82.19000244140625,56.52000045776367,34.435001373291016,26.93000030517578,81.4800033569336,83.70999908447266,90.19000244140625,10.65999984741211,171.25999450683594,180.88999938964844,24.886999130249023,27.280000686645508,61.72999954223633,73.33000183105469,51.689998626708984,114.70999908447266,38.4900016784668,101.37000274658203,243.3800048828125,46.209999084472656,139.11000061035156,100.16000366210938,82.30999755859375,60.869998931884766,52.51908493041992,49.5099983215332,43.720001220703125,5.091249942779541,33.235294342041016,136.10000610351562,53.599998474121094,63.099998474121094,57.029998779296875,41.95000076293945,209.00999450683594,54.060001373291016,80.73999786376953,55.349998474121094,34.03499984741211,26.540000915527344,80.76000213623047,82.91000366210938,92.08000183105469,10.869999885559082,174.77000427246094,181.33999633789062,26.216999053955078,27.510000228881836,62.150001525878906,73.94999694824219,52.060001373291016,116.20999908447266,39.06999969482422,101.37000274658203,244.69000244140625,46.61000061035156,140.11000061035156,100.87000274658203,82.55000305175781,61.060001373291016,52.93893051147461,49.529998779296875,44.08000183105469,5.150000095367432,33.46299743652344,137.1999969482422,53.599998474121094,64.33999633789062,57.473331451416016,42.09000015258789,210.11000061035156,54.369998931884766,80.73999786376953,55.79999923706055,34.34000015258789,26.670000076293945,81.45999908447266,83.5999984741211,4981900,47942500,4029300,553700,67196000,59692000,4058200,12997500,6177100,4329600,9585700,2970900,2509100,44602300,3494100,8731800,2716100,5216100,12909788,7902300,25813000,342308000,13880021,1092600,17337800,8984100,4100100,3255800,2825900,4803800,4972900,15630000,22656600,51098300,10200300,7775500
2017-11-03,64.51019287109375,11.119999885559082,133.08258056640625,169.99461364746094,21.46714973449707,22.826318740844727,45.75542449951172,56.078453063964844,40.24890899658203,79.15222930908203,27.71371078491211,76.89264678955078,203.11050415039062,38.673057556152344,110.76212310791016,80.69708251953125,73.3994140625,47.6767578125,41.125301361083984,38.93243408203125,42.62980270385742,5.155584335327148,22.663780212402344,103.48885345458984,49.461181640625,49.853736877441406,54.037506103515625,34.71596145629883,185.2272186279297,39.245113372802734,57.64403533935547,44.6231689453125,23.915929794311523,22.803028106689453,70.70111083984375,56.39761734008789,92.30999755859375,11.119999885559082,173.44000244140625,184.5800018310547,27.363000869750977,27.81999969482422,62.220001220703125,74.05000305175781,52.959999084472656,114.98999786376953,39.27000045776367,104.5,244.39999389648438,46.34000015258789,140.0800018310547,101.41000366210938,83.51000213623047,62.20000076293945,53.492366790771484,50.02000045776367,43.709999084472656,5.217249870300293,33.72865295410156,138.63999938964844,61.810001373291016,63.58000183105469,58.66666793823242,42.189998626708984,212.8699951171875,54.650001525878906,80.87999725341797,56.349998474121094,34.34000015258789,26.780000686645508,81.61000061035156,83.18000030517578,92.55999755859375,11.130000114440918,174.02999877929688,184.64999389648438,27.799999237060547,27.81999969482422,62.25,74.38999938964844,53.27000045776367,115.75,39.54999923706055,105.06999969482422,246.27999877929688,47.29999923706055,140.39999389648438,101.52999877929688,83.58999633789062,62.779998779296875,53.70228958129883,50.41999816894531,45.0,5.217249870300293,33.73814010620117,138.7100067138672,64.98999786376953,63.72999954223633,58.66999816894531,42.22999954223633,213.8300018310547,54.790000915527344,81.75,56.439998626708984,34.474998474121094,26.81999969482422,81.66000366210938,83.63999938964844,90.91000366210938,10.819999694824219,171.60000610351562,182.58999633789062,25.711000442504883,27.6200008392334,61.79999923706055,73.83999633789062,51.9900016784668,114.7300033569336,38.459999084472656,103.30999755859375,243.19000244140625,45.599998474121094,139.3000030517578,100.7300033569336,82.66000366210938,61.900001525878906,52.66221237182617,49.65999984741211,43.349998474121094,5.133500099182129,33.51043701171875,137.4199981689453,54.209999084472656,62.91999816894531,57.45000076293945,41.59000015258789,210.10000610351562,54.34000015258789,80.62999725341797,55.900001525878906,34.189998626708984,26.700000762939453,80.8499984741211,83.16000366210938,91.30000305175781,10.949999809265137,172.10000610351562,183.5500030517578,26.402999877929688,27.729999542236328,62.08000183105469,74.22000122070312,52.369998931884766,115.4800033569336,38.939998626708984,103.80000305175781,245.3699951171875,47.20000076293945,139.72999572753906,101.0999984741211,82.70999908447266,62.2599983215332,52.76717758178711,50.150001525878906,44.77000045776367,5.179999828338623,33.6337776184082,137.6300048828125,54.7599983215332,63.13999938964844,57.926666259765625,41.900001525878906,210.72000122070312,54.599998474121094,81.19999694824219,56.25,34.224998474121094,26.799999237060547,80.8499984741211,83.41999816894531,3620800,44264300,2433100,470100,120503000,37816100,3327100,10692600,8030100,4101800,6359200,4080200,1954600,39298100,2737000,7103500,1534800,3660700,10281718,5916800,27694600,353640000,9358255,1006200,80964500,10035100,2683800,6140900,2196900,5218600,3390500,10049200,22223800,42387000,6862700,6903500
2017-11-06,64.9644546508789,11.930000305175781,131.0568084716797,170.30770874023438,21.7723388671875,22.768875122070312,45.358314514160156,55.88912582397461,40.78849792480469,80.56330108642578,28.835811614990234,78.7027359008789,202.3542938232422,39.20446014404297,110.50908660888672,80.19573974609375,72.89842224121094,47.7917366027832,40.99325942993164,39.02583312988281,42.18117141723633,5.178807258605957,22.517141342163086,103.45156860351562,50.02932357788086,52.598114013671875,54.802005767822266,34.9134521484375,184.57460021972656,39.388729095458984,58.05030059814453,44.48854446411133,24.4626407623291,22.777490615844727,70.48452758789062,56.7840576171875,92.95999908447266,11.930000305175781,170.8000030517578,184.9199981689453,27.75200080871582,27.75,61.68000030517578,73.80000305175781,53.66999816894531,117.04000091552734,40.86000061035156,106.95999908447266,243.49000549316406,46.70000076293945,139.75999450683594,100.77999877929688,82.94000244140625,62.349998474121094,53.32061004638672,50.13999938964844,43.25,5.240749835968018,33.51043701171875,138.58999633789062,62.52000045776367,67.08000183105469,59.496665954589844,42.43000030517578,212.1199951171875,54.849998474121094,81.44999694824219,56.18000030517578,35.125,26.75,81.36000061035156,83.75,93.58000183105469,12.09000015258789,173.3300018310547,185.38999938964844,28.18000030517578,27.81999969482422,62.27000045776367,74.02999877929688,53.939998626708984,117.16000366210938,40.939998626708984,107.19000244140625,244.5800018310547,46.7400016784668,140.49000549316406,101.69000244140625,83.43000030517578,62.529998779296875,53.606868743896484,50.29999923706055,44.0099983215332,5.249499797821045,33.785579681396484,138.9199981689453,65.33000183105469,67.41999816894531,59.52333450317383,42.47999954223633,213.92999267578125,54.959999084472656,81.79000091552734,56.43000030517578,35.16999816894531,26.799999237060547,81.56999969482422,83.87000274658203,91.41999816894531,11.640000343322754,170.69000244140625,182.92999267578125,27.003000259399414,27.6200008392334,61.279998779296875,73.16999816894531,52.79999923706055,114.98999786376953,39.529998779296875,105.05999755859375,241.6699981689453,46.09000015258789,139.72000122070312,100.66000366210938,82.91999816894531,62.099998474121094,53.053436279296875,49.75,42.45000076293945,5.167500019073486,33.320682525634766,137.6300048828125,62.150001525878906,63.93000030517578,58.813331604003906,42.08000183105469,211.8000030517578,54.310001373291016,80.2699966430664,56.0,34.435001373291016,26.65999984741211,81.30000305175781,83.05999755859375,92.22000122070312,12.039999961853027,172.86000061035156,183.97999572753906,27.829999923706055,27.739999771118164,62.2400016784668,73.58999633789062,53.0099983215332,115.37000274658203,39.66999816894531,105.1500015258789,243.5,46.599998474121094,140.00999450683594,101.33999633789062,83.29000091552734,62.34000015258789,53.47328186035156,49.880001068115234,43.849998474121094,5.179999828338623,33.7666015625,137.97999572753906,64.54000091552734,64.0999984741211,59.23666763305664,42.189998626708984,211.91000366210938,54.540000915527344,80.9000015258789,56.099998474121094,34.494998931884766,26.709999084472656,81.4800033569336,83.30000305175781,5633600,96349800,2692000,503200,78088000,37261000,4222600,12636600,8438900,5950300,9214600,4709600,1744800,34035000,4220700,8121500,1861700,3695400,9136988,4844200,28841000,389944000,11200542,884300,58900800,14246300,3057600,5650500,2293700,5501700,3326200,10414900,38200000,33642100,4853200,9276700
2017-11-07,65.66329956054688,12.050000190734863,133.11322021484375,169.0183563232422,21.28592872619629,22.301198959350586,45.52744674682617,55.06365203857422,40.64409637451172,80.70097351074219,29.118099212646484,78.06258392333984,199.2959747314453,39.2716178894043,110.5169906616211,78.58037567138672,73.1972427368164,48.37428283691406,40.780517578125,38.442081451416016,42.86387252807617,5.238097667694092,22.542644500732422,100.09249114990234,51.29367446899414,52.08844757080078,54.752872467041016,34.97927474975586,185.0792999267578,38.38337326049805,58.321128845214844,43.59370422363281,24.431304931640625,22.462432861328125,70.6318130493164,56.668800354003906,93.95999908447266,12.050000190734863,173.47999572753906,183.52000427246094,27.131999969482422,27.18000030517578,61.90999984741211,72.70999908447266,53.47999954223633,117.23999786376953,41.2599983215332,106.08999633789062,239.80999755859375,46.779998779296875,139.77000427246094,98.75,83.27999877929688,63.11000061035156,53.04389190673828,49.38999938964844,43.95000076293945,5.300749778747559,33.54838562011719,134.08999633789062,64.0999984741211,66.43000030517578,59.44333267211914,42.5099983215332,212.6999969482422,53.45000076293945,81.83000183105469,55.04999923706055,35.08000183105469,26.3799991607666,81.52999877929688,83.58000183105469,95.68000030517578,12.270000457763672,174.75,183.97999572753906,27.450000762939453,27.770000457763672,62.43000030517578,74.0,54.06999969482422,118.0,41.470001220703125,107.94999694824219,244.97999572753906,47.09000015258789,140.14999389648438,100.75,83.41999816894531,63.119998931884766,53.61641311645508,50.59000015258789,44.2400016784668,5.322500228881836,33.60531234741211,138.80999755859375,64.16000366210938,67.68000030517578,59.58333206176758,42.709999084472656,213.5399932861328,54.939998626708984,81.87999725341797,56.290000915527344,35.23500061035156,26.850000381469727,81.6500015258789,83.81999969482422,92.95999908447266,11.920000076293945,170.61000061035156,183.07000732421875,26.753999710083008,27.020000457763672,61.45000076293945,72.31999969482422,52.93000030517578,116.4800033569336,40.849998474121094,105.55000305175781,238.83999633789062,46.38999938964844,138.91000366210938,98.25,82.7699966430664,62.150001525878906,52.843509674072266,49.2599983215332,43.33000183105469,5.251500129699707,33.43453598022461,133.88999938964844,62.45000076293945,66.26000213623047,59.03666687011719,42.2599983215332,210.88999938964844,53.380001068115234,81.30999755859375,54.66999816894531,34.89500045776367,26.309999465942383,81.23999786376953,83.02999877929688,92.9800033569336,11.9399995803833,170.61000061035156,183.1199951171875,27.253999710083008,27.739999771118164,61.58000183105469,73.77999877929688,53.93000030517578,117.37999725341797,40.86000061035156,107.3499984741211,243.91000366210938,46.70000076293945,140.0800018310547,100.55999755859375,83.04000091552734,62.58000183105469,53.32061004638672,50.2599983215332,43.58000183105469,5.263750076293945,33.49146270751953,138.47999572753906,62.52000045776367,67.56999969482422,59.43000030517578,42.63999938964844,212.74000549316406,54.79999923706055,81.52999877929688,56.16999816894531,35.185001373291016,26.770000457763672,81.5,83.73999786376953,7014000,67900200,3097100,611700,36789000,68342100,4047200,17255700,8577500,5219500,10660600,4021300,2483900,24461400,4201900,18822600,2851900,3725400,15008513,8823800,32422900,427700000,11480906,2508500,23424600,7147400,1299300,2761600,1845800,7539300,2603300,18679100,26820600,70325500,4439800,8471800
2017-11-08,66.88628387451172,11.710000038146973,133.18995666503906,167.1671905517578,21.37065315246582,21.98119354248047,46.02014923095703,54.783447265625,40.674503326416016,80.30862426757812,28.41237449645996,76.7675552368164,200.49266052246094,39.20446014404297,111.74259185791016,77.69709014892578,73.83888244628906,48.458595275878906,41.50677490234375,38.169673919677734,43.00041580200195,5.167196750640869,22.529888153076172,99.49532318115234,52.40595245361328,52.58243179321289,54.927886962890625,34.9134521484375,183.39993286132812,37.830406188964844,58.20708084106445,42.968109130859375,24.312904357910156,22.35173797607422,70.79641723632812,56.594234466552734,95.70999908447266,11.710000038146973,173.5800018310547,181.50999450683594,27.239999771118164,26.790000915527344,62.58000183105469,72.33999633789062,53.52000045776367,116.66999816894531,40.2599983215332,104.33000183105469,241.25,46.70000076293945,141.32000732421875,97.63999938964844,84.01000213623047,63.220001220703125,53.988548278808594,49.040000915527344,44.09000015258789,5.229000091552734,33.52941131591797,133.2899932861328,65.48999786376953,67.05999755859375,59.633331298828125,42.43000030517578,210.77000427246094,52.68000030517578,81.66999816894531,54.2599983215332,34.90999984741211,26.25,81.72000122070312,83.47000122070312,96.37000274658203,11.949999809265137,174.64999389648438,182.7899932861328,27.381999969482422,26.959999084472656,62.81999969482422,72.56999969482422,54.220001220703125,117.1500015258789,41.130001068115234,105.79000091552734,242.32000732421875,46.70000076293945,141.8699951171875,98.37000274658203,84.38999938964844,63.40999984741211,54.122135162353516,49.380001068115234,44.13999938964844,5.300000190734863,33.57685089111328,134.2100067138672,65.79000091552734,67.58000183105469,59.68333435058594,42.540000915527344,212.92999267578125,53.439998626708984,81.69000244140625,54.9900016784668,35.084999084472656,26.34000015258789,81.80999755859375,83.5,93.83999633789062,11.510000228881836,173.17999267578125,181.1699981689453,26.724000930786133,26.489999771118164,61.630001068115234,71.5199966430664,53.15999984741211,115.9000015258789,40.11000061035156,103.80000305175781,237.5500030517578,46.279998779296875,139.4600067138672,97.1500015258789,83.0,62.560001373291016,52.91984558105469,48.72999954223633,43.45000076293945,5.181000232696533,33.235294342041016,132.77000427246094,64.20999908447266,66.08000183105469,59.1533317565918,42.209999084472656,210.6999969482422,52.630001068115234,80.62999725341797,54.04999923706055,34.71500015258789,26.15999984741211,81.33999633789062,82.86000061035156,94.30999755859375,11.9399995803833,174.0,182.0500030517578,26.933000564575195,26.959999084472656,61.630001068115234,72.38999938964844,54.099998474121094,116.77999877929688,40.91999816894531,105.51000213623047,239.1999969482422,46.619998931884766,139.6999969482422,98.2699966430664,83.0,63.290000915527344,52.95801544189453,49.209999084472656,43.849998474121094,5.296249866485596,33.55787658691406,133.58999633789062,64.20999908447266,66.6500015258789,59.38666534423828,42.41999816894531,212.0800018310547,53.34000015258789,81.61000061035156,54.79999923706055,34.994998931884766,26.329999923706055,81.44000244140625,83.36000061035156,6802600,59065000,2003400,677200,30254000,83128200,4535400,18710600,7513000,5092800,6517100,3426200,2349800,21565800,4440700,18524700,2328700,4834200,15859279,8435700,19519600,522988000,14302148,2217800,26515400,8008300,1204500,2378400,2261100,6242100,2976100,24047100,28493200,55844900,6186200,8691600
2017-11-09,67.01206970214844,11.119999885559082,133.5122528076172,163.94371032714844,20.840309143066406,21.735050201416016,45.58627700805664,54.85161590576172,40.68210983276367,80.70097351074219,28.800535202026367,77.09867858886719,200.1103515625,38.86865997314453,110.97559356689453,77.68913269042969,73.82129669189453,47.262847900390625,41.2353401184082,37.99843215942383,42.424991607666016,5.072330474853516,22.645692825317383,98.9429931640625,51.69377136230469,52.44913864135742,53.82871627807617,34.263397216796875,184.08729553222656,37.42109680175781,57.92914581298828,42.76221466064453,24.386032104492188,22.275104522705078,70.80509185791016,56.93323516845703,95.88999938964844,11.119999885559082,174.0,178.00999450683594,26.56399917602539,26.489999771118164,61.9900016784668,72.43000030517578,53.529998779296875,117.23999786376953,40.810001373291016,104.77999877929688,240.7899932861328,46.29999923706055,140.35000610351562,97.62999725341797,83.98999786376953,61.65999984741211,53.635494232177734,48.81999969482422,43.5,5.132999897003174,33.396583557128906,132.5500030517578,64.5999984741211,66.88999938964844,58.439998626708984,41.63999938964844,211.55999755859375,52.11000061035156,81.27999877929688,54.0,35.01499938964844,26.15999984741211,81.7300033569336,83.97000122070312,96.37000274658203,11.350000381469727,174.22999572753906,178.97999572753906,27.040000915527344,26.65999984741211,62.349998474121094,72.76000213623047,53.650001525878906,117.5,41.029998779296875,105.44000244140625,242.3699951171875,46.38999938964844,141.41000366210938,98.22000122070312,84.26000213623047,62.72999954223633,54.064884185791016,49.279998779296875,43.689998626708984,5.158249855041504,33.44402313232422,133.57000732421875,65.33000183105469,67.0999984741211,59.116668701171875,42.220001220703125,211.75999450683594,52.560001373291016,81.33999633789062,54.189998626708984,35.07500076293945,26.25,81.80999755859375,84.13999938964844,95.26000213623047,11.029999732971191,171.30999755859375,176.22000122070312,26.25,26.1200008392334,61.7599983215332,71.44999694824219,52.83000183105469,115.62000274658203,40.06999969482422,103.55999755859375,237.83999633789062,45.650001525878906,139.8000030517578,96.80999755859375,83.62999725341797,60.900001525878906,53.07251739501953,48.2599983215332,42.58000183105469,5.009250164031982,33.05502700805664,131.36000061035156,63.93000030517578,66.5,57.723331451416016,41.290000915527344,209.1300048828125,51.779998779296875,80.02999877929688,53.209999084472656,34.724998474121094,25.889999389648438,81.2300033569336,83.08000183105469,95.29000091552734,11.25,172.75,178.47999572753906,26.86400032043457,26.489999771118164,62.209999084472656,71.72000122070312,53.27000045776367,115.9000015258789,40.119998931884766,103.83000183105469,239.50999450683594,46.04999923706055,140.86000061035156,97.12000274658203,83.81999969482422,62.619998931884766,53.959922790527344,48.779998779296875,43.689998626708984,5.131750106811523,33.28273010253906,132.32000732421875,64.91000366210938,66.8499984741211,59.116668701171875,42.13999938964844,210.58999633789062,52.40999984741211,81.0,53.900001525878906,34.775001525878906,26.079999923706055,81.5199966430664,83.30000305175781,5187000,76821200,2005100,685100,30980000,95448600,3671400,15496600,6709400,5103300,6213400,3053100,2122400,25570400,3517100,13697800,2098600,5014800,14818825,6189500,32501100,978564000,14088713,1985600,15954900,6163400,3302400,4680100,1839700,6012100,3569700,24438800,25977800,94577000,7086400,10528800
2017-11-10,66.69060516357422,11.260000228881836,132.2461395263672,165.4081573486328,20.78696060180664,21.751453399658203,44.75529098510742,54.715301513671875,40.27170944213867,80.65967559814453,28.518239974975586,76.95152282714844,199.57847595214844,38.26422882080078,110.35091400146484,77.5936508178711,73.20604705810547,47.308841705322266,40.69982147216797,37.951725006103516,43.6733512878418,5.339632034301758,22.632823944091797,98.89070129394531,51.669776916503906,51.54741287231445,54.18487548828125,34.3292350769043,183.66098022460938,37.06203079223633,57.993282318115234,42.61175537109375,24.257184982299805,22.20697784423828,70.34593200683594,56.75532150268555,95.43000030517578,11.260000228881836,172.35000610351562,179.60000610351562,26.496000289916992,26.510000228881836,60.86000061035156,72.25,52.9900016784668,117.18000030517578,40.40999984741211,104.58000183105469,240.14999389648438,45.58000183105469,139.55999755859375,97.51000213623047,83.29000091552734,61.720001220703125,52.93893051147461,48.7599983215332,44.779998779296875,5.403500080108643,33.37760925292969,132.47999572753906,64.56999969482422,65.73999786376953,58.82666778564453,41.720001220703125,211.07000732421875,51.61000061035156,81.37000274658203,53.810001373291016,34.83000183105469,26.079999923706055,81.19999694824219,82.94000244140625,95.94000244140625,11.430000305175781,173.47999572753906,179.6999969482422,26.663999557495117,26.739999771118164,61.75,72.86000061035156,53.4900016784668,117.30999755859375,41.02000045776367,105.12000274658203,243.32000732421875,46.09000015258789,140.1300048828125,98.33999633789062,83.87000274658203,62.279998779296875,53.711830139160156,49.20000076293945,44.849998474121094,5.466750144958496,33.3870964050293,133.86000061035156,65.0999984741211,66.62000274658203,58.86333465576172,41.81999969482422,211.80999755859375,52.36000061035156,81.44999694824219,54.130001068115234,34.98500061035156,26.229999542236328,81.52999877929688,83.08000183105469,93.55999755859375,11.119999885559082,171.19000244140625,178.19000244140625,26.360000610351562,26.459999084472656,60.34000015258789,72.11000061035156,52.5,116.0999984741211,40.0099983215332,103.20999908447266,240.0,45.380001068115234,138.61000061035156,97.5,82.56999969482422,61.61000061035156,52.624046325683594,48.720001220703125,43.709999084472656,5.290750026702881,33.0170783996582,132.36000061035156,63.91999816894531,65.18000030517578,58.47666549682617,41.59000015258789,210.1999969482422,51.58000183105469,80.70999908447266,53.790000915527344,34.564998626708984,26.059999465942383,80.69000244140625,82.41999816894531,95.3499984741211,11.220000267028809,173.14999389648438,178.7100067138672,26.57900047302246,26.59000015258789,61.75,72.52999877929688,53.400001525878906,116.70999908447266,41.0,104.52999877929688,241.69000244140625,46.040000915527344,140.1300048828125,97.80999755859375,83.66999816894531,61.97999954223633,53.711830139160156,49.0099983215332,43.7599983215332,5.327000141143799,33.30170822143555,133.13999938964844,64.36000061035156,66.58999633789062,58.643333435058594,41.790000915527344,211.4600067138672,52.220001220703125,80.95999908447266,54.02000045776367,34.95500183105469,26.18000030517578,81.52999877929688,83.01000213623047,6170100,50209900,1927400,692000,20338000,61105300,5592100,12853100,5504600,5156900,4439500,3383200,1845600,24095400,4240800,9314000,2692500,3220100,17547607,5436500,33840800,1253256000,15858589,1925400,9626200,6577000,1166400,5333900,1384700,5514800,2473900,13671700,21068400,53209600,4826300,8693700
2017-11-13,66.47395324707031,11.09000015258789,131.5939178466797,164.7174072265625,20.79088592529297,21.661203384399414,44.85089874267578,54.51841735839844,39.952510833740234,80.69409942626953,27.981901168823242,76.86322021484375,199.67820739746094,38.40694046020508,110.50908660888672,77.87213897705078,72.828125,47.6767578125,40.42104721069336,37.85054397583008,44.47309112548828,5.252921104431152,22.71002960205078,98.7040786743164,53.2061767578125,50.99853515625,54.341461181640625,34.5678596496582,185.04443359375,37.1123046875,57.4943733215332,42.54049301147461,24.117900848388672,22.241039276123047,70.41525268554688,56.721092224121094,95.12000274658203,11.09000015258789,171.5,178.85000610351562,26.500999450683594,26.399999618530273,60.9900016784668,71.98999786376953,52.56999969482422,117.2300033569336,39.650001525878906,104.45999908447266,240.27000427246094,45.75,139.75999450683594,97.86000061035156,82.86000061035156,62.20000076293945,52.57633590698242,48.630001068115234,45.599998474121094,5.3157501220703125,33.49146270751953,132.22999572753906,66.48999786376953,65.04000091552734,58.996665954589844,42.0099983215332,212.66000366210938,51.68000030517578,80.66999816894531,53.720001220703125,34.630001068115234,26.1200008392334,81.27999877929688,82.88999938964844,95.41999816894531,11.199999809265137,172.94000244140625,179.17999267578125,26.597999572753906,26.479999542236328,61.209999084472656,72.1500015258789,52.959999084472656,117.7699966430664,40.56999969482422,105.0,240.89999389648438,45.939998626708984,140.02000427246094,98.05000305175781,83.33000183105469,62.54999923706055,52.97710037231445,48.7599983215332,45.869998931884766,5.4292497634887695,33.66223907470703,133.0800018310547,66.81999969482422,65.54000091552734,59.063331604003906,42.0099983215332,213.5399932861328,51.810001373291016,81.5199966430664,53.90999984741211,34.8650016784668,26.18000030517578,81.44000244140625,83.08999633789062,94.04000091552734,10.920000076293945,171.10000610351562,177.7899932861328,26.155000686645508,26.139999389648438,60.5,71.4800033569336,52.5099983215332,116.68000030517578,39.54999923706055,103.73999786376953,237.16000366210938,45.25,138.4199981689453,96.62000274658203,82.52999877929688,61.709999084472656,52.538169860839844,48.2400016784668,44.189998626708984,5.300250053405762,33.339656829833984,131.07000732421875,64.75,64.86000061035156,58.516666412353516,41.5099983215332,209.94000244140625,51.13999938964844,80.61000061035156,53.40999984741211,34.59000015258789,25.899999618530273,80.69999694824219,82.5999984741211,95.37000274658203,11.180000305175781,171.5800018310547,178.00999450683594,26.25,26.260000228881836,60.70000076293945,71.66999816894531,52.65999984741211,117.22000122070312,39.68000030517578,104.19999694824219,237.97000122070312,45.2599983215332,139.00999450683594,96.69000244140625,83.33000183105469,61.790000915527344,52.77671813964844,48.25,44.33000183105469,5.403500080108643,33.41556167602539,131.52999877929688,64.95999908447266,65.25,58.599998474121094,41.720001220703125,210.30999755859375,51.439998626708984,81.23999786376953,53.52000045776367,34.73500061035156,25.920000076293945,80.93000030517578,82.6500015258789,4035700,54068300,2119800,415300,28064000,55902200,4222600,13500600,6728300,4279200,4681300,1822900,1953900,18999000,4322300,9303100,2478700,2823400,14135738,5730400,30522300,582376000,25072657,2153900,24411600,5506300,1308900,2222000,2662200,5844000,2568500,13447000,14979600,50579200,4704000,6720400
2017-11-14,66.21538543701172,11.119999885559082,130.54270935058594,166.08963012695312,20.653596878051758,21.529926300048828,45.04209899902344,54.1700439453125,38.934146881103516,80.48070526123047,26.97976303100586,75.39893341064453,197.16014099121094,38.49928665161133,110.29560852050781,77.40265655517578,72.96076202392578,48.19032669067383,40.340370178222656,37.65596389770508,44.66815185546875,5.291213035583496,22.761497497558594,98.53240966796875,52.814064025878906,49.22643280029297,54.29234313964844,34.44443130493164,184.21788024902344,37.220008850097656,57.993282318115234,42.79389953613281,23.727890014648438,22.232528686523438,70.12934112548828,56.27631378173828,94.75,11.119999885559082,170.1300048828125,180.33999633789062,26.326000213623047,26.239999771118164,61.25,71.52999877929688,51.22999954223633,116.91999816894531,38.22999954223633,102.47000122070312,237.24000549316406,45.86000061035156,139.49000549316406,97.2699966430664,82.48999786376953,62.869998931884766,52.47137451171875,48.380001068115234,45.79999923706055,5.354499816894531,33.56736373901367,132.0,66.0,62.779998779296875,58.94333267211914,41.86000061035156,211.7100067138672,51.83000183105469,81.37000274658203,54.040000915527344,34.06999969482422,26.110000610351562,80.94999694824219,82.23999786376953,94.91000366210938,11.260000228881836,171.49000549316406,180.47999572753906,26.558000564575195,26.350000381469727,61.650001525878906,71.80999755859375,52.43000030517578,117.26000213623047,39.65999984741211,104.05999755859375,240.8800048828125,45.91999816894531,140.27999877929688,97.77999877929688,83.11000061035156,63.08000183105469,52.652671813964844,48.54999923706055,46.0,5.369999885559082,33.870967864990234,132.58999633789062,66.80000305175781,64.63999938964844,59.11000061035156,41.88999938964844,212.6999969482422,51.84000015258789,81.58999633789062,54.099998474121094,34.5,26.1200008392334,81.0999984741211,82.75,93.12000274658203,11.0,168.30999755859375,178.64999389648438,26.125999450683594,26.079999923706055,60.66999816894531,71.04000091552734,51.08000183105469,116.25,38.16999816894531,102.36000061035156,235.6300048828125,45.31999969482422,138.9199981689453,96.8499984741211,82.20999908447266,61.95000076293945,52.242366790771484,47.959999084472656,44.79999923706055,5.280749797821045,33.41556167602539,130.89999389648438,65.55000305175781,62.72999954223633,58.5099983215332,41.5099983215332,210.9199981689453,51.33000183105469,80.48999786376953,53.31999969482422,34.029998779296875,25.93000030517578,80.58000183105469,82.08999633789062,94.63999938964844,11.029999732971191,170.88999938964844,179.89999389648438,26.329999923706055,26.260000228881836,60.959999084472656,71.6500015258789,52.189998626708984,116.81999969482422,39.38999938964844,103.8499984741211,239.64999389648438,45.70000076293945,139.57000732421875,97.33999633789062,82.69000244140625,62.31999969482422,52.45228958129883,48.369998931884766,45.58000183105469,5.324999809265137,33.44402313232422,131.11000061035156,66.16000366210938,64.63999938964844,58.88666534423828,41.779998779296875,212.2100067138672,51.380001068115234,80.55000305175781,53.52000045776367,34.5,26.020000457763672,81.01000213623047,82.41999816894531,4717300,37245000,2604700,382800,19718000,61596800,3986900,13188900,6945000,6996500,4205900,2428400,3000200,22201200,4078200,11043800,2684800,4490200,13315678,5968500,29899200,529292000,17278538,2293800,14036700,10606800,801900,2799400,1993900,5472700,3108700,20830100,33055400,54101800,7430100,9251700
2017-11-15,65.52352142333984,11.069999694824219,129.96725463867188,163.85165405273438,20.837173461914062,21.98119354248047,44.90972137451172,54.32149124145508,38.37174606323242,80.15717315673828,26.753936767578125,74.5821762084961,197.4676055908203,38.163482666015625,109.98722839355469,78.13475036621094,72.6954116821289,47.442047119140625,40.20097351074219,37.43803024291992,44.2390251159668,5.187453746795654,22.748628616333008,99.2042236328125,52.501991271972656,48.261985778808594,53.804161071777344,34.181114196777344,182.6080780029297,37.349281311035156,58.07167053222656,42.56426239013672,23.45975685119629,22.292137145996094,69.93009185791016,55.57147216796875,93.76000213623047,11.069999694824219,169.3800048828125,177.91000366210938,26.559999465942383,26.790000915527344,61.06999969482422,71.7300033569336,50.4900016784668,116.44999694824219,37.90999984741211,101.36000061035156,237.61000061035156,45.459999084472656,139.10000610351562,98.19000244140625,82.19000244140625,61.5,52.290077209472656,48.099998474121094,45.36000061035156,5.249499797821045,33.54838562011719,132.89999389648438,65.61000061035156,61.54999923706055,58.413333892822266,41.540000915527344,209.86000061035156,52.0099983215332,81.4800033569336,53.75,33.685001373291016,26.18000030517578,80.72000122070312,81.20999908447266,94.69999694824219,11.130000114440918,170.52000427246094,178.69000244140625,26.700000762939453,26.93000030517578,61.279998779296875,72.06999969482422,51.16999816894531,117.2300033569336,38.06999969482422,102.33000183105469,238.14999389648438,45.810001373291016,139.8300018310547,98.73999786376953,83.13999938964844,61.810001373291016,52.57633590698242,48.529998779296875,45.7400016784668,5.300000190734863,33.68121337890625,133.8300018310547,66.4800033569336,62.43000030517578,58.65999984741211,41.650001525878906,211.97999572753906,52.18000030517578,81.69000244140625,54.119998931884766,33.834999084472656,26.270000457763672,80.97000122070312,82.08999633789062,92.72000122070312,10.770000457763672,168.3300018310547,176.5500030517578,25.80299949645996,25.809999465942383,60.529998779296875,70.0199966430664,49.95000076293945,116.06999969482422,37.380001068115234,100.08000183105469,233.5500030517578,45.16999816894531,138.75,95.94999694824219,81.41999816894531,60.099998474121094,51.90839767456055,47.41999816894531,44.619998931884766,5.195000171661377,33.425048828125,130.4600067138672,65.23999786376953,61.11000061035156,57.939998626708984,41.279998779296875,209.6199951171875,51.349998474121094,80.0,53.4900016784668,33.54499816894531,25.860000610351562,80.44000244140625,81.1500015258789,94.62999725341797,11.010000228881836,170.19000244140625,177.83999633789062,26.229999542236328,25.989999771118164,61.2599983215332,70.62000274658203,50.7400016784668,116.20999908447266,37.849998474121094,101.18000030517578,234.97000122070312,45.38999938964844,139.22999572753906,96.38999938964844,82.51000213623047,60.45000076293945,52.25190734863281,47.84000015258789,45.189998626708984,5.298749923706055,33.47248458862305,130.85000610351562,65.55000305175781,62.150001525878906,58.526668548583984,41.38999938964844,210.8800048828125,51.40999984741211,80.88999938964844,53.630001068115234,33.76499938964844,25.8799991607666,80.6500015258789,81.75,4745700,33524700,3150600,494400,29032000,98274900,3349200,17541800,7262700,5372600,4694600,3357700,2564100,17157200,4811500,15384100,1838100,4743600,12290315,9749600,22434500,501948000,13646138,1923000,10565400,11273200,1175700,3417300,1816300,5389500,3122000,18238600,35386200,64952300,4952300,9663600
2017-11-16,66.01972961425781,11.25,131.92953491210938,167.42503356933594,21.34790802001953,21.956586837768555,45.498023986816406,54.276065826416016,38.16654968261719,79.60137176513672,26.930360794067383,74.63369750976562,198.93026733398438,38.32299041748047,109.80532836914062,78.35755920410156,73.80101776123047,47.835472106933594,40.47240447998047,37.82720184326172,45.038753509521484,5.22772216796875,22.877302169799805,98.89818572998047,52.902099609375,48.07379913330078,54.60551834106445,34.64191818237305,183.713134765625,37.205650329589844,58.52783203125,43.23736572265625,23.36573600769043,22.300642013549805,70.65782928466797,55.12669372558594,94.47000122070312,11.25,170.77000427246094,181.7899932861328,27.211000442504883,26.760000228881836,61.869998931884766,71.66999816894531,50.220001220703125,114.56999969482422,38.15999984741211,101.43000030517578,239.3699951171875,45.650001525878906,138.8699951171875,98.47000122070312,83.44000244140625,62.0099983215332,52.643131256103516,48.599998474121094,46.18000030517578,5.290249824523926,33.73814010620117,132.49000549316406,66.11000061035156,61.310001373291016,59.28333282470703,42.099998474121094,211.1300048828125,51.810001373291016,82.12000274658203,54.599998474121094,33.54999923706055,26.190000534057617,81.55999755859375,80.55999755859375,95.16999816894531,11.319999694824219,171.14999389648438,181.9199981689453,27.46500015258789,27.049999237060547,61.970001220703125,72.31999969482422,50.650001525878906,115.81999969482422,38.34000015258789,102.16000366210938,240.69000244140625,46.06999969482422,139.67999267578125,99.05999755859375,83.62999725341797,62.58000183105469,52.83396911621094,48.84000015258789,46.290000915527344,5.355000019073486,33.75711441040039,133.83999633789062,66.54000091552734,61.650001525878906,59.526668548583984,42.2400016784668,212.00999450683594,52.25,82.61000061035156,54.86000061035156,33.70000076293945,26.360000610351562,81.66000366210938,80.8499984741211,93.27999877929688,11.130000114440918,168.75,179.5,26.611000061035156,26.739999771118164,61.0099983215332,71.51000213623047,50.08000183105469,114.37999725341797,37.709999084472656,100.80999755859375,238.1999969482422,45.459999084472656,138.63999938964844,98.30999755859375,81.83999633789062,61.150001525878906,52.242366790771484,48.369998931884766,45.290000915527344,5.28125,33.44402313232422,132.41000366210938,65.43000030517578,61.02000045776367,58.65666580200195,41.75,209.89999389648438,51.779998779296875,81.20999908447266,53.86000061035156,33.45500183105469,26.170000076293945,80.83999633789062,80.1500015258789,94.44000244140625,11.130000114440918,168.91000366210938,179.6699981689453,26.68000030517578,26.90999984741211,61.25,72.11000061035156,50.400001525878906,115.25,37.93000030517578,101.29000091552734,238.3800048828125,45.630001068115234,139.4199981689453,98.52999877929688,82.41000366210938,61.5099983215332,52.347328186035156,48.38999938964844,45.72999954223633,5.32450008392334,33.52941131591797,133.3699951171875,65.7699966430664,61.599998474121094,58.65666580200195,41.75,210.3800048828125,52.18000030517578,81.30999755859375,53.95000076293945,33.58000183105469,26.299999237060547,80.83999633789062,80.44000244140625,4301600,31800400,3131000,1853700,31000000,54565200,4286200,12415600,5694900,5888700,4645600,2027500,2304300,26439400,4193800,9808000,2599700,3981300,12572122,7789000,24192600,441768000,13625901,1292300,12339800,7791600,1093500,3304500,1919600,4449100,4322600,26361800,25028000,53648100,4780500,10527200
2017-11-17,65.418701171875,11.380000114440918,131.3346405029297,166.0804443359375,21.328285217285156,21.841711044311523,45.093563079833984,54.01856994628906,38.098148345947266,79.69862365722656,27.297338485717773,74.78820037841797,197.80838012695312,37.466712951660156,109.11741638183594,78.09493255615234,73.31455993652344,48.036033630371094,40.494415283203125,37.905033111572266,45.01925277709961,5.221545696258545,22.755064010620117,99.1668930053711,53.390228271484375,48.583465576171875,54.36602020263672,34.617225646972656,182.6428985595703,37.255924224853516,59.0694580078125,42.88100814819336,23.48065185546875,22.275104522705078,70.38058471679688,54.90772247314453,93.61000061035156,11.380000114440918,170.0,180.3300018310547,27.18600082397461,26.6200008392334,61.31999969482422,71.33000183105469,50.130001068115234,114.70999908447266,38.68000030517578,101.63999938964844,238.02000427246094,44.630001068115234,138.0,98.13999938964844,82.88999938964844,62.27000045776367,52.671756744384766,48.70000076293945,46.15999984741211,5.283999919891357,33.55787658691406,132.85000610351562,66.72000122070312,61.959999084472656,59.02333450317383,42.06999969482422,209.89999389648438,51.880001068115234,82.87999725341797,54.150001525878906,33.71500015258789,26.15999984741211,81.23999786376953,80.23999786376953,94.48999786376953,11.75,171.08999633789062,181.3699951171875,27.211000442504883,26.729999542236328,61.900001525878906,71.83000183105469,50.52000045776367,114.98999786376953,38.959999084472656,102.20999908447266,239.0800018310547,45.619998931884766,138.86000061035156,98.41000366210938,83.4800033569336,62.45000076293945,52.89122009277344,48.900001525878906,46.54999923706055,5.383749961853027,33.67172622680664,133.16000366210938,66.94999694824219,62.33000183105469,59.63999938964844,42.41999816894531,211.4600067138672,52.040000915527344,82.91999816894531,54.459999084472656,33.78499984741211,26.219999313354492,81.5,80.66000366210938,93.56999969482422,11.279999732971191,169.5399932861328,179.77000427246094,26.843000411987305,26.440000534057617,60.9900016784668,70.94000244140625,50.0,113.9000015258789,38.310001373291016,101.11000061035156,237.1199951171875,44.619998931884766,137.88999938964844,97.56999969482422,82.80000305175781,61.63999938964844,52.242366790771484,48.15999984741211,45.72999954223633,5.268750190734863,33.36812210083008,131.38999938964844,66.0,61.2599983215332,58.92333221435547,41.970001220703125,209.14999389648438,51.52000045776367,81.75,53.970001220703125,33.529998779296875,26.030000686645508,81.11000061035156,80.16000366210938,93.80000305175781,11.300000190734863,170.6699981689453,181.27000427246094,27.177000045776367,26.510000228881836,61.560001373291016,71.16000366210938,50.2400016784668,114.66999816894531,38.41999816894531,101.76000213623047,238.86000061035156,45.5,138.3000030517578,97.81999969482422,83.0,61.849998474121094,52.48091506958008,48.290000915527344,46.540000915527344,5.3480000495910645,33.55787658691406,131.58999633789062,66.37000274658203,61.36000061035156,59.633331298828125,42.2400016784668,210.4600067138672,51.58000183105469,81.8499984741211,54.209999084472656,33.6150016784668,26.059999465942383,81.19000244140625,80.31999969482422,3386400,56775600,2039700,553700,24069000,48420700,4147900,11813000,4191800,4337500,3254100,2596800,2826400,63798000,4247400,9017900,4097800,3195900,10358537,4992600,22613300,515664000,15649265,1108800,13334000,8088700,1887300,3702000,1887500,3297600,2897400,15814800,18344800,41938700,6129800,9536400
2017-11-20,65.41169738769531,11.34000015258789,130.3998565673828,167.18557739257812,21.565216064453125,21.94017219543457,44.711177825927734,54.56385040283203,38.06016159057617,79.7055892944336,26.40106964111328,74.64104461669922,197.8997802734375,37.458309173583984,109.06209564208984,78.78726196289062,73.57106018066406,47.781471252441406,39.68746566772461,38.22415542602539,46.46267318725586,5.2887420654296875,22.742198944091797,99.49532318115234,53.190185546875,48.39529800415039,55.01386642456055,34.732425689697266,182.9474639892578,37.29182434082031,59.004791259765625,42.801815032958984,23.4249324798584,22.37728500366211,70.08602905273438,55.11984634399414,93.5999984741211,11.34000015258789,168.7899932861328,181.52999877929688,27.488000869750977,26.739999771118164,60.79999923706055,72.05000305175781,50.08000183105469,114.72000122070312,37.40999984741211,101.44000244140625,238.1300048828125,44.619998931884766,137.92999267578125,99.01000213623047,83.18000030517578,61.939998626708984,51.622135162353516,49.11000061035156,47.63999938964844,5.3520002365112305,33.53889846801758,133.2899932861328,66.47000122070312,61.720001220703125,59.72666549682617,42.209999084472656,210.25,51.93000030517578,82.08999633789062,54.04999923706055,33.6349983215332,26.280000686645508,80.9000015258789,80.55000305175781,94.30999755859375,11.510000228881836,170.22000122070312,182.36000061035156,27.674999237060547,26.84000015258789,61.220001220703125,72.30000305175781,50.25,115.02999877929688,38.369998931884766,102.0,238.77999877929688,45.119998931884766,138.55999755859375,99.1500015258789,83.31999969482422,62.529998779296875,51.89885330200195,49.279998779296875,47.86000061035156,5.364250183105469,33.6337776184082,133.58999633789062,66.8499984741211,62.099998474121094,59.823333740234375,42.279998779296875,210.67999267578125,52.029998779296875,82.26000213623047,54.209999084472656,33.70500183105469,26.31999969482422,81.30000305175781,80.63999938964844,92.88999938964844,11.1899995803833,168.14999389648438,179.7899932861328,27.138999938964844,26.540000915527344,60.150001525878906,71.27999877929688,49.58000183105469,114.44000244140625,37.349998474121094,100.69999694824219,237.11000061035156,44.5,137.74000549316406,97.76000213623047,82.81999969482422,61.75,51.17366409301758,48.65999984741211,46.400001525878906,5.262499809265137,33.46299743652344,132.33999633789062,65.94999694824219,61.220001220703125,59.20333480834961,41.959999084472656,209.5800018310547,51.7400016784668,81.4800033569336,53.849998474121094,33.48500061035156,26.1299991607666,80.7699966430664,80.01000213623047,93.91999816894531,11.470000267028809,169.89999389648438,179.94000244140625,27.261999130249023,26.739999771118164,61.16999816894531,71.7699966430664,50.0,114.7699966430664,38.34000015258789,101.37999725341797,238.77999877929688,44.72999954223633,138.14999389648438,98.44999694824219,83.08999633789062,62.11000061035156,51.564884185791016,48.90999984741211,46.5099983215332,5.299749851226807,33.56736373901367,133.2100067138672,66.18000030517578,61.709999084472656,59.356666564941406,42.06999969482422,210.0,52.029998779296875,82.26000213623047,54.119998931884766,33.67499923706055,26.209999084472656,81.2300033569336,80.2300033569336,4352200,35960200,2012300,996700,28639000,46328800,4902700,10000000,4429600,4634200,5144000,1659100,2000700,22420000,4266300,9483200,2205900,2573100,18003278,4574600,26975000,396100000,12455540,1402200,9749400,7103500,1792800,4455300,2040400,3273200,3163600,16943100,15570600,35232400,4898500,8468600
2017-11-21,66.16647338867188,11.399999618530273,131.21104431152344,170.72213745117188,21.699373245239258,21.931964874267578,45.034732818603516,54.813743591308594,38.0069465637207,80.01823425292969,26.499874114990234,74.80294036865234,197.80838012695312,37.72694396972656,109.38629150390625,78.72358703613281,73.86294555664062,48.05147171020508,39.81217956542969,38.43430709838867,48.1791877746582,5.337409973144531,22.86442756652832,99.36099243164062,53.350215911865234,48.5207405090332,55.64328384399414,35.0368766784668,184.9922637939453,37.26310729980469,60.23389434814453,43.174007415771484,23.47716522216797,22.445404052734375,70.70111083984375,55.33884048461914,94.68000030517578,11.399999618530273,169.83999633789062,185.3699951171875,27.659000396728516,26.729999542236328,61.2400016784668,72.37999725341797,50.0099983215332,115.16999816894531,37.54999923706055,101.66000366210938,238.02000427246094,44.939998626708984,138.33999633789062,98.93000030517578,83.51000213623047,62.290000915527344,51.78435134887695,49.380001068115234,49.400001525878906,5.401249885559082,33.71916580200195,133.11000061035156,66.66999816894531,61.880001068115234,60.40999984741211,42.58000183105469,212.60000610351562,51.88999938964844,83.80000305175781,54.52000045776367,33.709999084472656,26.360000610351562,81.61000061035156,80.87000274658203,95.4000015258789,11.489999771118164,170.49000549316406,185.4499969482422,27.820999145507812,26.860000610351562,61.7400016784668,72.58999633789062,50.7400016784668,115.86000061035156,37.91999816894531,102.62000274658203,239.58999633789062,45.220001220703125,139.25999450683594,99.55000305175781,84.52999877929688,62.36000061035156,52.33778762817383,49.7599983215332,49.630001068115234,5.413000106811523,33.89942932128906,133.99000549316406,66.93000030517578,62.150001525878906,60.48666763305664,42.869998931884766,212.85000610351562,52.150001525878906,84.0,54.58000183105469,33.900001525878906,26.399999618530273,81.80000305175781,81.25,93.5999984741211,11.239999771118164,168.88999938964844,182.6699981689453,27.490999221801758,26.690000534057617,60.97999954223633,72.12999725341797,49.66999816894531,114.91999816894531,37.15999984741211,101.33999633789062,237.5399932861328,44.709999084472656,138.19000244140625,98.91000366210938,83.37000274658203,61.79999923706055,51.6984748840332,49.290000915527344,48.150001525878906,5.360000133514404,33.56736373901367,132.72000122070312,65.2699966430664,61.439998626708984,60.003334045410156,42.54999923706055,210.75,51.63999938964844,82.1500015258789,53.9900016784668,33.63999938964844,26.299999237060547,81.30999755859375,80.63999938964844,93.69999694824219,11.420000076293945,169.35000610351562,182.6699981689453,27.610000610351562,26.799999237060547,61.20000076293945,72.5,50.27000045776367,115.13999938964844,37.77000045776367,102.30000305175781,239.41000366210938,44.720001220703125,138.4499969482422,99.5,83.6500015258789,62.189998626708984,51.8702278137207,49.61000061035156,48.36000061035156,5.392250061035156,33.58633804321289,133.8000030517578,65.3499984741211,61.970001220703125,60.119998931884766,42.619998931884766,211.1300048828125,52.150001525878906,82.23999786376953,54.08000183105469,33.76499938964844,26.3700008392334,81.33999633789062,80.69000244140625,4346200,31881700,2629600,845900,20903000,57749100,3968000,9632100,6331500,4596000,3585000,4058400,2223800,21871000,5660600,13389400,3529900,2532400,14369442,6037000,35756600,399176000,13333100,1228900,11215800,8491100,3603000,3668500,2327200,5194500,3528000,13757000,16928800,35972400,7974500,8838400
2017-11-22,66.01972961425781,11.369999885559082,131.3037567138672,168.53944396972656,21.603666305541992,21.874534606933594,44.961212158203125,54.722877502441406,38.16654968261719,80.53235626220703,26.810400009155273,74.75143432617188,196.48699951171875,37.483489990234375,108.55604553222656,78.49284362792969,74.0133056640625,47.835472106933594,39.885528564453125,38.208595275878906,47.92559814453125,5.313429832458496,22.79366111755371,99.30870056152344,54.518531799316406,48.7246208190918,55.3055419921875,34.897003173828125,183.79150390625,37.277462005615234,59.191673278808594,42.80973815917969,23.571195602416992,22.334705352783203,70.67516326904297,55.49620056152344,94.47000122070312,11.369999885559082,169.9600067138672,183.0,27.53700065612793,26.65999984741211,61.13999938964844,72.26000213623047,50.220001220703125,115.91000366210938,37.9900016784668,101.58999633789062,236.42999267578125,44.650001525878906,137.2899932861328,98.63999938964844,83.68000030517578,62.0099983215332,51.8797721862793,49.09000015258789,49.13999938964844,5.3732500076293945,33.61479949951172,133.0399932861328,68.12999725341797,62.13999938964844,60.043331146240234,42.40999984741211,211.22000122070312,51.90999984741211,82.3499984741211,54.060001373291016,33.845001220703125,26.229999542236328,81.58000183105469,81.0999984741211,95.4000015258789,11.489999771118164,170.72999572753906,185.19000244140625,27.770999908447266,26.899999618530273,61.77000045776367,73.1500015258789,50.59000015258789,116.77999877929688,38.18000030517578,102.81999969482422,238.9499969482422,44.95000076293945,138.3800048828125,99.5199966430664,84.26000213623047,62.400001525878906,52.07061004638672,49.619998931884766,49.88999938964844,5.425000190734863,33.68121337890625,133.8300018310547,68.26000213623047,62.599998474121094,60.62666702270508,42.7400016784668,212.80999755859375,52.04999923706055,83.91000366210938,54.619998931884766,33.97999954223633,26.43000030517578,81.91999816894531,81.41000366210938,94.22000122070312,11.300000190734863,169.3300018310547,182.35000610351562,27.41699981689453,26.59000015258789,61.0,72.26000213623047,50.02000045776367,115.31999969482422,37.68000030517578,101.54000091552734,236.36000061035156,44.540000915527344,136.60000610351562,98.58999633789062,83.4800033569336,61.2599983215332,51.68893051147461,49.06999969482422,48.619998931884766,5.340250015258789,33.51043701171875,132.77000427246094,66.23999786376953,61.84000015258789,59.95333480834961,42.290000915527344,210.75999450683594,51.84000015258789,82.30999755859375,54.029998779296875,33.82500076293945,26.229999542236328,81.44999694824219,81.05000305175781,94.69000244140625,11.40999984741211,169.86000061035156,184.88999938964844,27.70199966430664,26.770000457763672,61.279998779296875,72.44999694824219,50.52000045776367,115.48999786376953,37.939998626708984,102.41000366210938,237.94000244140625,44.939998626708984,138.3000030517578,99.02999877929688,83.66999816894531,62.349998474121094,51.74618148803711,49.34000015258789,49.849998474121094,5.425000190734863,33.6337776184082,133.1199951171875,66.37000274658203,62.439998626708984,60.62333297729492,42.59000015258789,212.25999450683594,51.869998931884766,83.91000366210938,54.459999084472656,33.90999984741211,26.360000610351562,81.61000061035156,81.16000366210938,2560700,23816500,1533000,526600,18642000,38103200,3192200,9146200,4818700,3951000,2562800,2654800,2177200,19538300,3917000,7342200,2230900,2956000,7730258,3785900,28711800,356640000,11122967,942300,15489400,7610300,1203900,2768600,2257800,4513100,3271500,11421700,18615000,30959400,4853100,7941600
2017-11-24,66.19441223144531,11.380000114440918,131.42735290527344,171.6431427001953,22.15361976623535,21.817100524902344,45.17446517944336,54.54111862182617,38.356536865234375,80.94924926757812,26.838619232177734,74.80294036865234,196.0880889892578,37.567447662353516,109.12535095214844,78.23819732666016,74.32286071777344,47.85089874267578,39.870849609375,38.18523406982422,48.4522705078125,5.363614082336426,22.8322696685791,98.95042419433594,55.142696380615234,48.55995559692383,55.80292892456055,35.37425994873047,184.91397094726562,37.220008850097656,59.11979293823242,42.83348846435547,23.637351989746094,22.326190948486328,70.83972930908203,55.71520233154297,94.72000122070312,11.380000114440918,170.1199951171875,186.3699951171875,28.238000869750977,26.59000015258789,61.43000030517578,72.0199966430664,50.470001220703125,116.51000213623047,38.029998779296875,101.66000366210938,235.9499969482422,44.75,138.00999450683594,98.31999969482422,84.02999877929688,62.029998779296875,51.860687255859375,49.060001373291016,49.68000030517578,5.423999786376953,33.67172622680664,132.55999755859375,68.91000366210938,61.93000030517578,60.58333206176758,42.9900016784668,212.50999450683594,51.83000183105469,82.25,54.09000015258789,33.939998626708984,26.219999313354492,81.7699966430664,81.41999816894531,94.97000122070312,11.420000076293945,170.75999450683594,186.3699951171875,28.298999786376953,26.739999771118164,61.61000061035156,72.5199966430664,50.869998931884766,116.8499984741211,38.5,102.55000305175781,238.55999755859375,44.779998779296875,138.3800048828125,98.9000015258789,84.16999816894531,62.25,52.127864837646484,49.38999938964844,49.880001068115234,5.425000190734863,33.73814010620117,133.61000061035156,69.27999877929688,62.45000076293945,60.62333297729492,43.02000045776367,212.92999267578125,52.06999969482422,82.8499984741211,54.310001373291016,34.04999923706055,26.3799991607666,81.80000305175781,81.69999694824219,93.55000305175781,11.300000190734863,169.49000549316406,185.3699951171875,27.650999069213867,26.56999969482422,61.029998779296875,71.98999786376953,50.439998626708984,116.30999755859375,38.0,101.37999725341797,235.5500030517578,44.43000030517578,137.30999755859375,98.26000213623047,83.58000183105469,61.58000183105469,51.63167953491211,49.040000915527344,49.029998779296875,5.364999771118164,33.55787658691406,132.5500030517578,68.44999694824219,61.849998474121094,60.21666717529297,42.61000061035156,211.0,51.70000076293945,82.05999755859375,54.0,33.935001373291016,26.200000762939453,81.51000213623047,81.22000122070312,94.0,11.380000114440918,169.5,185.50999450683594,27.66699981689453,26.719999313354492,61.150001525878906,72.41000366210938,50.45000076293945,116.55000305175781,38.18000030517578,102.08999633789062,237.4199981689453,44.54999923706055,137.5,98.83000183105469,83.87000274658203,62.15999984741211,52.00381851196289,49.29999923706055,49.31999969482422,5.389750003814697,33.69070053100586,133.42999267578125,68.51000213623047,62.400001525878906,60.29999923706055,42.66999816894531,212.0,52.0,82.68000030517578,54.189998626708984,33.97999954223633,26.329999923706055,81.69000244140625,81.44000244140625,1932900,11035800,999800,311400,11572000,14273600,1985700,4676100,2288900,1744200,1526100,913500,1268500,6465800,2606800,3680000,817600,1407400,4549682,2692900,14203300,180752000,6742754,612800,9233500,2967500,556800,1499700,744000,1466900,1623400,5386500,9981400,12172500,1650600,3851300
2017-11-27,66.6836166381836,11.550000190734863,131.1106719970703,170.12353515625,22.32935333251953,21.817100524902344,45.30683517456055,54.064022064208984,37.3609619140625,80.31002807617188,25.96352195739746,73.44902038574219,195.3899688720703,37.34918212890625,109.865234375,77.92784881591797,75.01274871826172,47.73517990112305,40.017581939697266,38.13852310180664,46.862545013427734,5.293898105621338,22.8322696685791,98.95042419433594,54.52651596069336,48.11300277709961,55.1029052734375,33.81082534790039,184.81826782226562,37.14102554321289,59.02634048461914,42.72263717651367,23.397077560424805,22.309160232543945,70.90035247802734,55.50306701660156,95.41999816894531,11.550000190734863,169.7100067138672,184.72000122070312,28.461999893188477,26.59000015258789,61.61000061035156,71.38999938964844,49.15999984741211,115.58999633789062,36.790000915527344,99.81999969482422,235.11000061035156,44.4900016784668,138.10000610351562,97.93000030517578,84.80999755859375,61.880001068115234,52.0515251159668,49.0,48.04999923706055,5.353499889373779,33.67172622680664,132.55999755859375,68.13999938964844,61.36000061035156,59.823333740234375,41.09000015258789,212.39999389648438,51.720001220703125,82.12000274658203,53.95000076293945,33.595001220703125,26.200000762939453,81.83999633789062,81.11000061035156,95.62999725341797,11.739999771118164,171.25999450683594,185.94000244140625,28.56800079345703,26.920000076293945,61.84000015258789,72.36000061035156,50.25,116.02999877929688,37.83000183105469,101.79000091552734,236.8800048828125,44.61000061035156,138.30999755859375,99.12999725341797,85.25,62.45000076293945,52.09923553466797,49.31999969482422,48.38999938964844,5.434000015258789,33.82352828979492,133.17999267578125,68.91999816894531,61.91999816894531,60.21666717529297,41.68000030517578,214.25,51.9900016784668,82.3499984741211,54.459999084472656,33.834999084472656,26.34000015258789,81.9800033569336,81.4000015258789,94.44000244140625,11.34000015258789,169.55999755859375,184.5500030517578,27.976999282836914,26.510000228881836,61.34000015258789,71.30999755859375,49.08000183105469,115.23999786376953,36.779998779296875,99.22000122070312,234.8000030517578,44.27000045776367,137.47999572753906,97.93000030517578,84.02999877929688,61.599998474121094,51.71755599975586,48.709999084472656,47.09000015258789,5.350249767303467,33.56736373901367,132.24000549316406,68.04000091552734,61.04999923706055,59.723331451416016,41.060001373291016,211.80999755859375,51.689998626708984,81.58999633789062,53.86000061035156,33.525001525878906,26.18000030517578,81.69999694824219,81.0199966430664,94.69000244140625,11.34000015258789,170.55999755859375,185.8300018310547,28.025999069213867,26.520000457763672,61.529998779296875,71.98999786376953,50.220001220703125,115.8499984741211,37.83000183105469,101.56999969482422,235.75,44.41999816894531,137.50999450683594,98.30999755859375,84.1500015258789,61.95000076293945,51.917938232421875,48.97999954223633,47.959999084472656,5.432750225067139,33.700191497802734,132.60000610351562,68.5999984741211,61.72999954223633,60.21666717529297,41.66999816894531,212.25,51.900001525878906,82.22000122070312,54.02000045776367,33.79499816894531,26.200000762939453,81.7699966430664,81.31999969482422,3044600,41798300,2150100,863900,26230000,44828600,3032600,12615200,6369000,4490300,4591200,2947600,1999600,18202100,3933100,13076200,2980900,6393000,10584905,5025600,44469700,422896000,10848611,1190700,20404600,6741600,1692900,8188400,2856300,3727900,3073500,11066800,21191600,42346400,4241400,9127500
2017-11-28,66.6836166381836,11.170000076293945,131.53553771972656,169.72750854492188,21.76292610168457,22.678621292114258,45.97603225708008,55.81339645385742,38.098148345947266,80.90755462646484,26.23170280456543,73.46373748779297,198.96353149414062,37.55065155029297,111.39269256591797,80.65727233886719,75.22505950927734,47.997459411621094,40.29634475708008,39.22819519042969,46.745513916015625,5.209106922149658,23.06386375427246,101.27935791015625,55.180171966552734,48.84223556518555,55.12746810913086,33.679176330566406,188.07260131835938,38.0745735168457,59.831390380859375,44.0055046081543,23.57815170288086,22.88818359375,71.42018127441406,55.886268615722656,95.41999816894531,11.170000076293945,170.25999450683594,184.2899932861328,27.739999771118164,27.639999389648438,62.52000045776367,73.69999694824219,50.130001068115234,116.44999694824219,37.16999816894531,99.83999633789062,239.41000366210938,44.72999954223633,140.02000427246094,101.36000061035156,85.05000305175781,62.220001220703125,52.41412353515625,50.400001525878906,47.93000030517578,5.267749786376953,34.013282775878906,135.67999267578125,68.37999725341797,62.290000915527344,59.849998474121094,40.93000030517578,216.13999938964844,53.02000045776367,83.23999786376953,55.56999969482422,33.85499954223633,26.8799991607666,82.44000244140625,81.66999816894531,96.88999938964844,11.539999961853027,170.66000366210938,185.0500030517578,28.489999771118164,27.700000762939453,62.959999084472656,74.0,50.15999984741211,116.80999755859375,37.34000015258789,100.18000030517578,240.0,44.84000015258789,140.52999877929688,101.69999694824219,85.36000061035156,62.380001068115234,52.60496139526367,50.529998779296875,48.86000061035156,5.368249893188477,34.051231384277344,136.08999633789062,68.41000366210938,62.470001220703125,60.060001373291016,41.220001220703125,216.30999755859375,53.08000183105469,83.47000122070312,55.88999938964844,33.904998779296875,26.90999984741211,82.51000213623047,82.0,94.83000183105469,11.0,169.42999267578125,183.47000122070312,27.68400001525879,26.56999969482422,61.61000061035156,71.12999725341797,48.970001220703125,115.73999786376953,36.56999969482422,99.11000061035156,234.3300018310547,44.31999969482422,138.25,97.97000122070312,84.73999786376953,61.65999984741211,51.917938232421875,48.93000030517578,47.81999969482422,5.205999851226807,33.700191497802734,132.3699951171875,67.22000122070312,61.209999084472656,59.483333587646484,40.810001373291016,212.50999450683594,51.70000076293945,81.83999633789062,53.720001220703125,33.59000015258789,26.209999084472656,81.81999969482422,81.30999755859375,95.94000244140625,11.449999809265137,170.57000732421875,184.8699951171875,28.486000061035156,26.6200008392334,61.720001220703125,71.44000244140625,49.36000061035156,115.91999816894531,36.72999954223633,99.75,236.08999633789062,44.650001525878906,138.3000030517578,98.20999908447266,85.06999969482422,62.290000915527344,52.41412353515625,49.150001525878906,48.45000076293945,5.358749866485596,33.7666015625,132.88999938964844,67.58999633789062,61.2400016784668,60.060001373291016,41.029998779296875,213.8800048828125,51.7599983215332,82.33000183105469,53.869998931884766,33.630001068115234,26.229999542236328,82.04000091552734,81.41000366210938,5105400,65325700,2658700,787700,26796000,99765000,8515700,18048300,6524700,4004700,2845600,2037200,3212900,20194100,5052800,16773000,2659400,2889900,13446783,9001200,30633200,512752000,13687033,1923900,12861300,8737700,1971300,4864800,2905700,5608900,3015300,25685200,24226600,86507000,8290400,9794600
2017-11-29,66.96314239501953,10.829999923706055,133.05746459960938,158.8138885498047,21.300048828125,23.20374298095703,46.25546646118164,56.82817840576172,38.55413818359375,81.41474914550781,26.18229866027832,73.94940185546875,201.21446228027344,36.89585876464844,111.22557067871094,82.54320526123047,75.14544677734375,47.36490249633789,40.611793518066406,39.944278717041016,42.6590576171875,4.855832099914551,23.295473098754883,104.30253601074219,53.67920684814453,48.73244857788086,52.69884490966797,32.428443908691406,193.93734741210938,39.3240852355957,59.90324401855469,44.88449478149414,23.70699691772461,23.279863357543945,71.7753677368164,56.29684066772461,95.81999969482422,10.829999923706055,172.22999572753906,172.44000244140625,27.149999618530273,28.280000686645508,62.900001525878906,75.04000091552734,50.72999954223633,117.18000030517578,37.099998474121094,100.5,241.36000061035156,43.95000076293945,139.80999755859375,103.7300033569336,84.95999908447266,61.400001525878906,52.82442855834961,51.31999969482422,43.7400016784668,4.9105000495910645,34.35483932495117,139.72999572753906,66.5199966430664,62.150001525878906,57.21333312988281,39.40999984741211,222.8800048828125,54.7599983215332,83.33999633789062,56.68000030517578,34.040000915527344,27.34000015258789,82.8499984741211,82.2699966430664,96.3499984741211,11.170000076293945,174.0,182.52000427246094,27.81399917602539,28.489999771118164,63.38999938964844,75.7699966430664,50.83000183105469,117.25,37.58000183105469,100.52999877929688,244.47000122070312,45.09000015258789,140.6300048828125,104.22000122070312,85.23999786376953,62.2400016784668,53.10114669799805,51.81999969482422,47.599998474121094,5.252999782562256,34.544593811035156,140.07000732421875,68.19999694824219,63.29999923706055,59.79999923706055,40.90999984741211,224.27000427246094,54.95000076293945,83.6500015258789,57.25,34.10499954223633,27.520000457763672,83.1500015258789,82.30999755859375,95.02999877929688,10.729999542236328,170.58999633789062,172.08999633789062,26.48699951171875,27.84000015258789,61.900001525878906,74.05000305175781,49.720001220703125,115.83000183105469,36.720001220703125,99.25,240.39999389648438,43.77000045776367,138.9499969482422,101.95999908447266,84.44999694824219,60.95000076293945,52.41412353515625,50.79999923706055,43.27000045776367,4.780749797821045,34.041744232177734,136.7899932861328,66.02999877929688,61.93000030517578,56.633331298828125,39.2400016784668,217.36000061035156,53.369998931884766,82.5,55.70000076293945,33.77000045776367,27.06999969482422,82.51000213623047,81.4800033569336,95.76000213623047,11.079999923706055,171.0,182.47000122070312,27.799999237060547,28.020000457763672,62.43000030517578,75.12999725341797,49.91999816894531,116.19999694824219,37.08000183105469,99.55999755859375,241.25,44.849998474121094,140.22000122070312,102.41000366210938,84.79000091552734,62.0099983215332,52.51908493041992,50.90999984741211,47.5,5.250249862670898,34.098670959472656,136.9199981689453,68.0999984741211,62.400001525878906,59.78333282470703,40.880001068115234,217.6999969482422,53.380001068115234,83.19000244140625,55.84000015258789,33.84000015258789,27.139999389648438,82.51000213623047,81.6500015258789,4081400,63333800,3244500,2544800,47231000,119728400,5064200,21876400,6897800,3661000,5562100,2721600,4500000,27036900,5851400,21105500,2316000,4231000,10980525,9441100,81370100,1396788000,16122827,2909500,17022200,8805900,5576700,11796100,4247200,10938000,2752900,29631800,27198600,135340600,8144600,9725000
2017-11-30,67.73185729980469,10.890000343322754,135.70730590820312,161.65049743652344,21.805286407470703,23.211984634399414,46.46873474121094,57.176544189453125,38.66814041137695,82.67231750488281,27.19148063659668,75.2885513305664,206.4499053955078,37.64300537109375,110.84371948242188,83.17183685302734,74.86239624023438,48.313751220703125,40.54576110839844,40.16999435424805,41.34242630004883,4.961887836456299,23.327646255493164,104.9220962524414,53.53396987915039,49.28133773803711,52.98130798339844,32.58478546142578,199.21075439453125,39.604164123535156,61.54207992553711,44.71820068359375,24.062185287475586,23.433135986328125,72.3125228881836,56.99481964111328,96.91999816894531,10.890000343322754,175.66000366210938,175.52000427246094,27.79400062561035,28.170000076293945,63.189998626708984,75.5,50.880001068115234,118.98999786376953,38.529998779296875,102.31999969482422,247.63999938964844,44.84000015258789,139.3300018310547,104.5199966430664,84.63999938964844,62.630001068115234,52.738548278808594,51.61000061035156,42.38999938964844,5.017749786376953,34.402278900146484,140.55999755859375,66.33999633789062,62.849998474121094,57.52000045776367,39.599998474121094,228.1699981689453,55.150001525878906,85.62000274658203,56.470001220703125,34.54999923706055,27.520000457763672,83.47000122070312,83.29000091552734,97.52999877929688,11.029999732971191,176.05999755859375,176.5500030517578,27.834999084472656,28.719999313354492,63.79999923706055,76.88999938964844,51.779998779296875,119.1500015258789,38.619998931884766,102.7300033569336,250.7899932861328,45.20000076293945,140.27999877929688,106.66000366210938,85.4800033569336,62.779998779296875,53.33015441894531,52.58000183105469,44.540000915527344,5.066999912261963,34.61100769042969,143.16000366210938,67.0999984741211,63.650001525878906,58.116668701171875,39.7400016784668,228.75,55.91999816894531,85.86000061035156,57.33000183105469,34.6150016784668,27.8799991607666,83.72000122070312,83.4000015258789,96.20999908447266,10.760000228881836,172.6300048828125,173.77999877929688,27.009000778198242,28.079999923706055,62.529998779296875,75.1500015258789,50.650001525878906,117.2300033569336,37.380001068115234,101.0,244.0,44.33000183105469,138.47999572753906,104.04000091552734,84.31999969482422,61.439998626708984,52.50954055786133,51.34000015258789,41.86000061035156,4.916250228881836,34.23149871826172,139.4600067138672,65.72000122070312,62.5,57.163333892822266,39.16999816894531,222.2899932861328,54.790000915527344,83.36000061035156,56.380001068115234,34.119998931884766,27.3799991607666,82.86000061035156,82.41000366210938,96.36000061035156,10.869999885559082,172.6300048828125,175.86000061035156,27.17799949645996,28.6200008392334,63.09000015258789,75.7300033569336,50.91999816894531,117.26000213623047,37.380001068115234,101.0,244.07000732421875,44.36000061035156,140.05999755859375,104.73999786376953,85.25,61.689998626708984,52.66221237182617,51.81999969482422,44.15999984741211,4.980000019073486,34.35483932495117,140.58999633789062,66.51000213623047,62.56999969482422,57.84333419799805,39.599998474121094,223.8300018310547,55.08000183105469,83.83000183105469,57.029998779296875,34.119998931884766,27.579999923706055,83.11000061035156,82.44999694824219,7889600,43205000,3819400,1584600,31452000,122131900,8050700,23179600,11184300,7896600,8006100,4183700,6364600,34145300,8941900,23945900,5002100,4883700,16139619,12158200,63895700,823768000,24063663,2800600,15555600,11308900,4293300,9357100,6846400,8662900,5521800,30984400,44607200,135241700,10639600,18592700
2017-12-01,67.31256103515625,10.729999542236328,136.89706420898438,158.80467224121094,21.304758071899414,23.154300689697266,46.50551223754883,57.18411636352539,39.32173156738281,83.03359985351562,27.410253524780273,75.72272491455078,207.5419464111328,37.50868225097656,111.36083984375,83.3866958618164,75.46383666992188,48.475746154785156,40.985923767089844,40.43463134765625,40.95231246948242,4.88698148727417,23.385540008544922,105.25054168701172,52.84804153442383,50.75545883178711,52.407169342041016,32.66707229614258,197.9971923828125,39.42463302612305,60.49984359741211,44.504390716552734,24.264150619506836,23.484230041503906,72.1651840209961,57.111141204833984,96.31999969482422,10.729999542236328,177.1999969482422,172.42999267578125,27.1560001373291,28.100000381469727,63.2400016784668,75.51000213623047,51.7400016784668,119.51000213623047,38.84000015258789,102.91000366210938,248.9499969482422,44.68000030517578,139.97999572753906,104.79000091552734,85.31999969482422,62.84000015258789,53.31106948852539,51.95000076293945,41.9900016784668,4.941999912261963,34.487667083740234,141.0,65.48999786376953,64.7300033569336,56.89666748046875,39.70000076293945,226.77999877929688,54.900001525878906,84.16999816894531,56.20000076293945,34.84000015258789,27.579999923706055,83.30000305175781,83.45999908447266,98.5199966430664,10.970000267028809,177.86000061035156,174.22000122070312,27.551000595092773,28.510000228881836,63.619998931884766,76.23999786376953,52.470001220703125,120.45999908447266,39.93000030517578,104.41999816894531,250.67999267578125,44.84000015258789,140.52999877929688,105.31999969482422,85.41000366210938,63.060001373291016,53.41603088378906,52.2400016784668,42.54999923706055,5.0032501220703125,34.629981994628906,141.67999267578125,66.12000274658203,65.12999725341797,57.23666763305664,39.9900016784668,229.22000122070312,55.38999938964844,85.77999877929688,57.18000030517578,35.08000183105469,27.709999084472656,83.6500015258789,84.12999725341797,94.30000305175781,10.529999732971191,174.0500030517578,171.2100067138672,26.405000686645508,27.5,62.439998626708984,73.77999877929688,51.22999954223633,118.5199966430664,38.650001525878906,101.66000366210938,244.00999450683594,43.529998779296875,138.60000610351562,102.19999694824219,84.18000030517578,61.59000015258789,52.69084167480469,50.720001220703125,40.0099983215332,4.8117499351501465,34.16508483886719,136.97999572753906,64.5999984741211,63.02000045776367,55.503334045410156,39.0,221.0800018310547,53.70000076293945,82.5199966430664,55.439998626708984,34.470001220703125,26.950000762939453,82.16999816894531,82.41000366210938,97.19000244140625,10.8100004196167,174.16000366210938,174.00999450683594,27.520999908447266,28.25,63.15999984741211,75.70999908447266,51.5099983215332,119.80999755859375,38.939998626708984,103.31999969482422,249.77999877929688,44.72999954223633,139.57000732421875,104.9000015258789,84.9800033569336,62.81999969482422,52.86259460449219,51.880001068115234,41.72999954223633,4.982749938964844,34.43074035644531,140.89999389648438,65.19999694824219,63.22999954223633,56.97666549682617,39.95000076293945,228.88999938964844,55.22999954223633,85.37000274658203,56.56999969482422,34.79499816894531,27.559999465942383,83.43000030517578,83.44000244140625,4823200,42128800,3389900,1143300,47729000,137774800,4186200,18269800,6683900,6831800,5809800,3445800,4765400,26656300,5990500,19683500,2736300,5187800,12672835,10014000,73138600,811548000,19588485,2576200,15851100,11964000,4877700,7192200,3325800,7258900,4123200,31242400,42376600,148119600,15315400,13779300
2017-12-04,66.54383850097656,10.029999732971191,138.04815673828125,155.9496307373047,20.68105697631836,23.945344924926758,45.939266204833984,58.38823699951172,38.97971725463867,83.95767211914062,27.269115447998047,74.35406494140625,208.959228515625,37.34918212890625,110.58912658691406,85.10549926757812,75.69380950927734,48.830596923828125,41.242679595947266,41.00282287597656,38.91395568847656,4.6145477294921875,23.19896697998047,107.37047576904297,52.09756851196289,50.65351486206055,51.14833450317383,32.41199493408203,193.31744384765625,39.9488525390625,60.11171340942383,45.446746826171875,24.253705978393555,23.84185218811035,71.28154754638672,57.18641662597656,95.22000122070312,10.029999732971191,178.69000244140625,169.3300018310547,26.361000061035156,29.059999465942383,62.470001220703125,77.0999984741211,51.290000915527344,120.83999633789062,38.63999938964844,101.05000305175781,250.64999389648438,44.4900016784668,139.00999450683594,106.94999694824219,85.58000183105469,63.29999923706055,53.64503860473633,52.68000030517578,39.900001525878906,4.666500091552734,34.2125244140625,143.83999633789062,64.55999755859375,64.5999984741211,55.529998779296875,39.38999938964844,221.4199981689453,55.630001068115234,83.62999725341797,57.38999938964844,34.82500076293945,28.0,82.27999877929688,83.56999969482422,96.6500015258789,10.859999656677246,180.74000549316406,175.30999755859375,27.45199966430664,29.309999465942383,63.869998931884766,77.91999816894531,52.36000061035156,122.30000305175781,39.66999816894531,103.02999877929688,254.89999389648438,45.29999923706055,141.5,108.4000015258789,86.77999877929688,64.31999969482422,54.11259460449219,53.369998931884766,42.290000915527344,5.007500171661377,34.743831634521484,145.66000366210938,65.69999694824219,65.98999786376953,57.643333435058594,40.130001068115234,231.77000427246094,56.43000030517578,85.43000030517578,57.9900016784668,35.375,28.200000762939453,83.80000305175781,84.18000030517578,94.6500015258789,9.819999694824219,178.16000366210938,168.35000610351562,26.013999938964844,28.81999969482422,62.439998626708984,76.62000274658203,51.25,119.37000274658203,38.369998931884766,100.98999786376953,250.00999450683594,44.33000183105469,138.92999267578125,106.7699966430664,85.36000061035156,62.61000061035156,53.31106948852539,52.66999816894531,39.06999969482422,4.612500190734863,34.20303726196289,142.7899932861328,63.79999923706055,64.4800033569336,55.18333435058594,39.29999923706055,221.39999389648438,55.630001068115234,83.5,57.20000076293945,34.71500015258789,28.0,82.27999877929688,83.0,96.37000274658203,10.850000381469727,178.4600067138672,175.19000244140625,27.391000747680664,28.850000381469727,63.16999816894531,77.0199966430664,51.869998931884766,119.80999755859375,38.709999084472656,102.69000244140625,254.88999938964844,45.02000045776367,140.6199951171875,107.7300033569336,85.48999786376953,62.91999816894531,53.36832046508789,53.11000061035156,41.95000076293945,5.00124979019165,34.6204948425293,143.4199981689453,65.5999984741211,64.79000091552734,57.573333740234375,40.04999923706055,229.25999450683594,55.77000045776367,84.55999755859375,57.27000045776367,35.1349983215332,28.040000915527344,83.77999877929688,83.20999908447266,4934400,97328300,4417100,1446200,48439000,145661700,4893900,23151400,6168500,7366400,5415700,2423500,3326100,28000800,5916700,23576600,4228300,4242900,14085120,10640100,73640500,1240844000,14847487,1965400,17325100,9505000,4886400,7109000,5591500,6470200,4049400,28720400,27151800,99820400,9770300,12597700
2017-12-05,66.67662811279297,9.90999984741211,138.03273010253906,157.02720642089844,20.527284622192383,23.838226318359375,45.60833740234375,57.96412658691406,38.934146881103516,83.64500427246094,27.085628509521484,74.24371337890625,207.02513122558594,36.46770477294922,111.11422729492188,84.1267318725586,76.11836242675781,49.78714370727539,40.91256332397461,40.4813232421875,40.19158172607422,4.641247749328613,22.922332763671875,106.31796264648438,52.20246887207031,50.13988494873047,51.18825149536133,32.255653381347656,192.15628051757812,39.367183685302734,61.65708923339844,46.365333557128906,24.14923667907715,23.714130401611328,71.1602783203125,56.721092224121094,95.41000366210938,9.90999984741211,178.6699981689453,170.5,26.165000915527344,28.93000030517578,62.02000045776367,76.54000091552734,51.22999954223633,120.38999938964844,38.380001068115234,100.9000015258789,248.3300018310547,43.439998626708984,139.6699981689453,105.72000122070312,86.05999755859375,64.54000091552734,53.21564865112305,52.0099983215332,41.209999084472656,4.69350004196167,33.8045539855957,142.42999267578125,64.69000244140625,63.45000076293945,55.573333740234375,39.20000076293945,220.08999633789062,54.81999969482422,85.77999877929688,58.54999923706055,34.67499923706055,27.850000381469727,82.13999938964844,82.88999938964844,96.72000122070312,10.34000015258789,180.72999572753906,172.97999572753906,26.61199951171875,29.299999237060547,63.0,77.27999877929688,51.70000076293945,121.4000015258789,39.0,101.7699966430664,251.35000610351562,44.900001525878906,140.80999755859375,107.41000366210938,86.58000183105469,65.41000366210938,53.921756744384766,52.939998626708984,42.04999923706055,4.817500114440918,34.33586120605469,145.0800018310547,65.02999877929688,65.0,56.586666107177734,39.52000045776367,223.72000122070312,55.79999923706055,86.41999816894531,59.40999984741211,34.95000076293945,28.149999618530273,82.73999786376953,83.7699966430664,95.0,9.699999809265137,177.94000244140625,168.6999969482422,26.045000076293945,28.850000381469727,61.630001068115234,76.19000244140625,51.11000061035156,120.1500015258789,38.33000183105469,100.5199966430664,247.41000366210938,43.22999954223633,139.1999969482422,104.12000274658203,85.20999908447266,63.15999984741211,53.167938232421875,51.79999923706055,39.41999816894531,4.514500141143799,33.69070053100586,142.05999755859375,64.4000015258789,63.439998626708984,54.8466682434082,38.93000030517578,219.16000366210938,54.65999984741211,83.91000366210938,57.439998626708984,34.6349983215332,27.780000686645508,82.06999969482422,82.70999908447266,96.27999877929688,9.890000343322754,179.00999450683594,169.5399932861328,26.266000747680664,29.100000381469727,62.65999984741211,76.9800033569336,51.22999954223633,120.54000091552734,38.630001068115234,100.69000244140625,250.8000030517578,44.599998474121094,139.7899932861328,105.58000183105469,85.58999633789062,63.41999816894531,53.578243255615234,52.869998931884766,39.77000045776367,4.559999942779541,34.07969665527344,144.25999450683594,64.8499984741211,64.12999725341797,55.25,39.20000076293945,221.0,55.630001068115234,83.91000366210938,58.65999984741211,34.82500076293945,28.1200008392334,82.33000183105469,83.41000366210938,5553000,67304100,3589400,737800,38117000,91349800,4828800,16045900,4531700,4380700,4002300,2046000,2526800,30626900,6745300,17193900,3876800,4256100,12405386,7959700,56540700,981488000,23525912,1604300,9661200,8212800,5340300,4504000,3246300,6004100,4197300,39754900,21379600,77706200,13240800,9357200
2017-12-06,65.97079467773438,10.0,136.13998413085938,157.1837158203125,20.703020095825195,23.599258422851562,44.83618927001953,57.131103515625,38.288150787353516,83.10306549072266,26.027036666870117,72.7426528930664,205.041015625,36.47610855102539,112.22001647949219,83.49811553955078,75.46383666992188,48.954017639160156,39.870849609375,40.23225784301758,40.55244827270508,4.678824424743652,22.877302169799805,106.75089263916016,52.43649673461914,49.049354553222656,51.354042053222656,31.827777862548828,192.0253143310547,39.2020149230957,61.07487487792969,46.38117980957031,23.835832595825195,23.628976821899414,71.09963989257812,56.30368423461914,94.4000015258789,10.0,176.22000122070312,170.6699981689453,26.388999938964844,28.639999389648438,60.970001220703125,75.44000244140625,50.380001068115234,119.61000061035156,36.880001068115234,98.86000061035156,245.9499969482422,43.45000076293945,141.05999755859375,104.93000030517578,85.31999969482422,63.459999084472656,51.860687255859375,51.689998626708984,41.58000183105469,4.731500148773193,33.73814010620117,143.00999450683594,64.9800033569336,62.06999969482422,55.753334045410156,38.68000030517578,219.94000244140625,54.59000015258789,84.97000122070312,58.56999969482422,34.224998474121094,27.75,82.06999969482422,82.27999877929688,95.79000091552734,10.050000190734863,179.47999572753906,171.35000610351562,26.441999435424805,28.969999313354492,62.290000915527344,76.5,51.2400016784668,120.87999725341797,38.189998626708984,100.44999694824219,248.0800018310547,43.720001220703125,141.9600067138672,105.76000213623047,86.38999938964844,64.45999908447266,53.36832046508789,52.36000061035156,41.7400016784668,4.753499984741211,34.041744232177734,144.25,65.68000030517578,63.279998779296875,55.85333251953125,39.09000015258789,221.9600067138672,55.029998779296875,85.97000122070312,59.099998474121094,34.6349983215332,27.90999984741211,82.45999908447266,83.19999694824219,93.47000122070312,9.710000038146973,174.67999267578125,168.3000030517578,25.420000076293945,28.56999969482422,60.83000183105469,75.08999633789062,50.31999969482422,119.5199966430664,36.810001373291016,98.48999786376953,245.1300048828125,42.66999816894531,140.19000244140625,104.52999877929688,84.52999877929688,63.27000045776367,51.70801544189453,51.439998626708984,40.29999923706055,4.620999813079834,33.69070053100586,140.6199951171875,64.36000061035156,61.779998779296875,54.793331146240234,38.52000045776367,219.02999877929688,54.43000030517578,84.56999969482422,58.119998931884766,34.17499923706055,27.670000076293945,81.70999908447266,82.20999908447266,95.69999694824219,9.899999618530273,179.4499969482422,169.27999877929688,25.882999420166016,28.729999542236328,62.09000015258789,76.23999786376953,51.06999969482422,119.98999786376953,38.18000030517578,100.43000030517578,246.24000549316406,43.13999938964844,140.83999633789062,105.55000305175781,86.04000091552734,64.31999969482422,51.946563720703125,51.65999984741211,40.81999969482422,4.642499923706055,33.75711441040039,141.88999938964844,64.63999938964844,63.279998779296875,55.026668548583984,38.959999084472656,221.02000427246094,54.7400016784668,85.4800033569336,58.68000030517578,34.57500076293945,27.75,82.19000244140625,82.8499984741211,5114200,38952200,2519700,869500,48751000,74593800,4758700,16612500,4437300,4852500,3670200,2768400,2331400,27710800,5591700,15476200,3130900,2354800,21217703,7701600,39735300,467032000,18317677,1554700,6952300,9299300,2170500,8622000,2397500,3822100,2975900,26758300,24122400,60299100,8533000,13398900
2017-12-07,65.85897064208984,10.039999961853027,134.39402770996094,158.5652313232422,20.703020095825195,23.714616775512695,45.47597122192383,56.782745361328125,38.40973663330078,83.11698150634766,26.217588424682617,73.37545013427734,207.21685791015625,36.165489196777344,111.38471984863281,83.25141906738281,75.95033264160156,49.37057876586914,40.17897033691406,40.74596405029297,42.13240051269531,4.746315002441406,22.83869743347168,107.05693817138672,52.63822937011719,49.049354553222656,51.854515075683594,32.099300384521484,192.2086181640625,39.42463302612305,61.52049255371094,47.00676727294922,23.905487060546875,23.705612182617188,71.11695098876953,56.488433837890625,94.23999786376953,10.039999961853027,173.9600067138672,172.1699981689453,26.388999938964844,28.780000686645508,61.84000015258789,74.9800033569336,50.540000915527344,119.62999725341797,37.150001525878906,99.72000122070312,248.55999755859375,43.08000183105469,140.00999450683594,104.62000274658203,85.87000274658203,64.0,52.261451721191406,52.349998474121094,43.20000076293945,4.799749851226807,33.68121337890625,143.4199981689453,65.2300033569336,62.06999969482422,56.29666519165039,39.0099983215332,220.14999389648438,54.900001525878906,85.58999633789062,59.36000061035156,34.32500076293945,27.84000015258789,82.08999633789062,82.55000305175781,94.56999969482422,10.1899995803833,176.94000244140625,172.8300018310547,27.56999969482422,28.969999313354492,61.88999938964844,75.31999969482422,50.83000183105469,120.0999984741211,37.29999923706055,99.83000183105469,249.47999572753906,43.599998474121094,141.5,105.19000244140625,85.87000274658203,64.06999969482422,53.28244400024414,52.72999954223633,43.22999954223633,4.840000152587891,33.81404113769531,144.05999755859375,65.55000305175781,62.52000045776367,56.470001220703125,39.029998779296875,220.61000061035156,55.08000183105469,85.68000030517578,60.0,34.3849983215332,27.940000534057617,82.25,82.62000274658203,92.9000015258789,9.949999809265137,173.42999267578125,170.42999267578125,26.16699981689453,28.3700008392334,60.959999084472656,74.26000213623047,50.08000183105469,118.95999908447266,36.68000030517578,98.51000213623047,244.39999389648438,42.779998779296875,139.25999450683594,103.7300033569336,84.6500015258789,63.0,52.17557144165039,51.2599983215332,41.90999984741211,4.752999782562256,33.34914779663086,142.05999755859375,64.7699966430664,61.959999084472656,55.93333435058594,38.61000061035156,218.19000244140625,54.22999954223633,84.6500015258789,58.290000915527344,34.15999984741211,27.579999923706055,81.7699966430664,82.16999816894531,94.02999877929688,10.069999694824219,175.67999267578125,170.42999267578125,27.48900032043457,28.889999389648438,60.959999084472656,74.66999816894531,50.31999969482422,119.5,36.84000015258789,98.88999938964844,244.6199951171875,43.459999084472656,140.00999450683594,103.94999694824219,85.20999908447266,63.099998474121094,52.33778762817383,51.34000015258789,42.18000030517578,4.798999786376953,33.73814010620117,142.3000030517578,65.20999908447266,62.060001373291016,56.163333892822266,38.75,220.58999633789062,54.849998474121094,84.79000091552734,58.45000076293945,34.189998626708984,27.84000015258789,82.0199966430664,82.4000015258789,4524500,32665600,3102100,989700,79282000,80706100,5140500,19173400,4037800,4908500,2854600,1687600,2667000,32708400,4713100,13371800,4344900,3362700,17250604,8765600,43189000,542600000,16661421,1420800,8755000,7862500,2917500,11285400,2661600,4404400,2128800,32990600,17280000,59625500,3979200,11359600
2017-12-08,67.05398559570312,9.9399995803833,135.5142364501953,158.39022827148438,20.39077377319336,23.937103271484375,45.902488708496094,57.3355712890625,39.192527770996094,83.31845092773438,26.85273551940918,73.86842346191406,208.70912170410156,36.39214324951172,111.84615325927734,84.29386138916016,76.46331787109375,49.94914627075195,40.765846252441406,41.166259765625,42.14216232299805,4.733954429626465,22.99309730529785,107.34063720703125,51.83934020996094,50.210994720458984,51.58740234375,32.09107971191406,195.49142456054688,39.754974365234375,62.96527862548828,46.96717071533203,24.124866485595703,23.85036849975586,71.91399383544922,56.563716888427734,95.94999694824219,9.9399995803833,175.41000366210938,171.97999572753906,25.990999221801758,29.049999237060547,62.41999816894531,75.70999908447266,51.56999969482422,119.91999816894531,38.04999923706055,100.38999938964844,250.35000610351562,43.349998474121094,140.58999633789062,105.93000030517578,86.44999694824219,64.75,53.024810791015625,52.88999938964844,43.209999084472656,4.78725004196167,33.90891647338867,143.8000030517578,64.23999786376953,63.540000915527344,56.00666809082031,39.0,223.91000366210938,55.36000061035156,87.5999984741211,59.310001373291016,34.63999938964844,28.010000228881836,83.01000213623047,82.66000366210938,96.54000091552734,10.199999809265137,175.97000122070312,174.5399932861328,26.694000244140625,29.09000015258789,62.720001220703125,75.72000122070312,51.709999084472656,120.23999786376953,38.43000030517578,100.73999786376953,250.67999267578125,43.58000183105469,140.75999450683594,105.94000244140625,86.45999908447266,64.94000244140625,53.024810791015625,52.9900016784668,44.58000183105469,4.869500160217285,33.937381744384766,144.27000427246094,65.5999984741211,63.540000915527344,56.96666717529297,39.54999923706055,224.3300018310547,55.36000061035156,87.7300033569336,59.91999816894531,34.654998779296875,28.010000228881836,83.0199966430664,82.9000015258789,94.62000274658203,9.920000076293945,173.42999267578125,171.77000427246094,25.93000030517578,28.760000228881836,61.68000030517578,74.97000122070312,50.7400016784668,119.0999984741211,37.41999816894531,99.75,247.1999969482422,43.11000061035156,139.8000030517578,104.33999633789062,85.47000122070312,63.95000076293945,52.156490325927734,52.150001525878906,42.869998931884766,4.778749942779541,33.51043701171875,142.99000549316406,63.880001068115234,62.099998474121094,55.956668853759766,38.95000076293945,220.22000122070312,54.5099983215332,85.95999908447266,59.150001525878906,33.345001220703125,27.780000686645508,82.2699966430664,82.26000213623047,95.68000030517578,10.149999618530273,174.42999267578125,173.8300018310547,26.57699966430664,29.020000457763672,61.81999969482422,75.05999755859375,50.869998931884766,119.95999908447266,37.689998626708984,100.27999877929688,250.5,43.349998474121094,140.0,104.75,85.66000366210938,64.19000244140625,52.77671813964844,52.9900016784668,44.040000915527344,4.850249767303467,33.51043701171875,144.27000427246094,65.5999984741211,62.380001068115234,56.939998626708984,39.380001068115234,220.5500030517578,55.099998474121094,86.2699966430664,59.310001373291016,34.5,27.979999542236328,82.33000183105469,82.48999786376953,5297000,34897000,3336300,487000,41848000,60991300,5310000,12460900,5316200,4122200,7562200,1512400,1959100,23154700,5101300,13506900,3777100,3084700,10923723,6488900,44717800,466876000,15705759,1617000,9371900,11030100,1965900,5071600,2233300,4371900,3533300,22017100,21393400,55001600,8444100,11988600
2017-12-11,67.4173812866211,10.15999984741211,136.61119079589844,161.29132080078125,20.393911361694336,23.846458435058594,46.34371566772461,57.44160079956055,39.28371810913086,83.66585540771484,27.16325569152832,74.47179412841797,208.5257110595703,36.65238952636719,112.2836685180664,84.04718780517578,76.65788269042969,49.72542953491211,41.330711364746094,41.07286834716797,41.94710159301758,4.81232213973999,23.295473098754883,106.95989990234375,52.59789276123047,51.017024993896484,51.89749526977539,32.39552688598633,194.49612426757812,39.69034194946289,62.67774963378906,46.61873245239258,24.298982620239258,23.7907657623291,72.2171859741211,56.816890716552734,96.47000122070312,10.15999984741211,176.8300018310547,175.1300048828125,25.9950008392334,28.940000534057617,63.02000045776367,75.8499984741211,51.689998626708984,120.41999816894531,38.4900016784668,101.20999908447266,250.1300048828125,43.65999984741211,141.13999938964844,105.62000274658203,86.66999816894531,64.45999908447266,53.75954055786133,52.77000045776367,43.0099983215332,4.866499900817871,34.35483932495117,143.2899932861328,65.18000030517578,64.55999755859375,56.34333419799805,39.369998931884766,222.77000427246094,55.27000045776367,87.19999694824219,58.869998931884766,34.88999938964844,27.940000534057617,83.36000061035156,83.02999877929688,97.30999755859375,10.15999984741211,177.69000244140625,175.41000366210938,26.354999542236328,29.170000076293945,63.40999984741211,76.12999725341797,52.310001373291016,121.11000061035156,38.66999816894531,102.33999633789062,251.39999389648438,43.779998779296875,141.1699981689453,106.05999755859375,86.83999633789062,65.08000183105469,54.04580307006836,52.88999938964844,43.75,4.869500160217285,34.402278900146484,144.6999969482422,65.26000213623047,64.94000244140625,56.4900016784668,39.58000183105469,224.82000732421875,55.58000183105469,88.12000274658203,59.29999923706055,35.06999969482422,28.049999237060547,83.41000366210938,83.25,95.7699966430664,9.960000038146973,175.00999450683594,172.25999450683594,25.878999710083008,28.899999618530273,62.09000015258789,75.52999877929688,51.40999984741211,120.12000274658203,38.0099983215332,100.4000015258789,248.75999450683594,43.25,139.8300018310547,105.30999755859375,86.06999969482422,64.33000183105469,53.01526641845703,52.529998779296875,42.33000183105469,4.7855000495910645,33.861480712890625,142.8800048828125,64.0,63.0099983215332,55.939998626708984,39.18000030517578,222.0399932861328,55.119998931884766,86.87000274658203,58.619998931884766,34.685001373291016,27.860000610351562,82.94999694824219,82.73999786376953,96.38999938964844,9.970000267028809,176.08999633789062,172.52999877929688,25.93400001525879,29.030000686645508,62.220001220703125,75.94000244140625,51.540000915527344,120.29000091552734,38.16999816894531,100.48999786376953,250.0,43.279998779296875,140.89999389648438,105.72000122070312,86.61000061035156,64.45999908447266,53.75954055786133,52.56999969482422,43.41999816894531,4.801499843597412,34.193546295166016,143.6999969482422,64.05999755859375,63.380001068115234,56.0966682434082,39.189998626708984,222.50999450683594,55.15999984741211,87.16999816894531,58.959999084472656,34.70500183105469,28.010000228881836,83.08000183105469,83.04000091552734,4181100,29956400,1874000,1571600,34941000,54001900,4502900,10461700,4040400,5929700,2961400,1946800,1494200,20425900,4358600,10591200,3336800,2768800,10239170,6316900,32824000,372748000,15138497,2231100,12185000,11702900,5248200,5272500,1599500,3892000,2853800,15876600,22633400,43278400,6588600,8760700
2017-12-12,67.29859924316406,9.899999618530273,136.1708526611328,158.5560302734375,20.295848846435547,24.159578323364258,46.534908294677734,57.66879653930664,39.488914489746094,83.15172576904297,27.10680389404297,73.7874984741211,214.8198699951172,36.3753662109375,113.44520568847656,85.02597045898438,76.6932601928711,49.748573303222656,41.86624526977539,41.9134635925293,40.82551956176758,4.717885494232178,23.53351593017578,108.8708267211914,52.339664459228516,50.716739654541016,51.39088821411133,32.33794403076172,194.25164794921875,39.855506896972656,62.49087905883789,47.77491760253906,24.23280906677246,24.0291805267334,72.5030746459961,56.63214874267578,96.30000305175781,9.899999618530273,176.25999450683594,172.16000366210938,25.8700008392334,29.31999969482422,63.279998779296875,76.1500015258789,51.959999084472656,119.68000030517578,38.40999984741211,100.27999877929688,257.67999267578125,43.33000183105469,142.60000610351562,106.8499984741211,86.70999908447266,64.48999786376953,54.45610809326172,53.849998474121094,41.86000061035156,4.770999908447266,34.70588302612305,145.85000610351562,64.86000061035156,64.18000030517578,55.793331146240234,39.29999923706055,222.49000549316406,55.5,86.94000244140625,60.33000183105469,34.79499816894531,28.219999313354492,83.69000244140625,82.76000213623047,96.69000244140625,10.140000343322754,176.99000549316406,173.5800018310547,26.08799934387207,29.5,63.650001525878906,76.80000305175781,52.060001373291016,120.73999786376953,38.880001068115234,101.41999816894531,258.20001220703125,43.619998931884766,143.57000732421875,107.37000274658203,86.9000015258789,65.29000091552734,54.5515251159668,54.099998474121094,42.849998474121094,4.8460001945495605,34.93358612060547,146.24000549316406,65.11000061035156,65.0,56.223331451416016,39.380001068115234,223.4199981689453,55.810001373291016,87.69999694824219,60.560001373291016,35.064998626708984,28.329999923706055,83.81999969482422,83.37999725341797,94.76000213623047,9.880000114440918,174.1300048828125,171.8000030517578,25.57200050354004,28.90999984741211,63.189998626708984,75.5199966430664,51.209999084472656,119.55999755859375,37.95000076293945,99.44000244140625,250.69000244140625,43.08000183105469,142.0399932861328,105.54000091552734,85.98999786376953,64.2699966430664,54.036258697509766,52.72999954223633,41.709999084472656,4.747250080108643,34.39278793334961,143.19000244140625,64.55000305175781,64.0999984741211,55.71666717529297,39.08000183105469,221.25999450683594,54.650001525878906,86.80000305175781,58.709999084472656,34.75,27.959999084472656,83.38999938964844,82.69999694824219,95.72000122070312,10.130000114440918,176.8300018310547,173.3000030517578,25.93600082397461,29.31999969482422,63.189998626708984,76.04000091552734,51.880001068115234,119.80999755859375,38.720001220703125,101.37000274658203,250.80999755859375,43.470001220703125,142.60000610351562,106.91000366210938,86.48999786376953,64.81999969482422,54.26526641845703,53.2599983215332,42.689998626708984,4.822500228881836,34.497154235839844,143.4600067138672,64.87999725341797,64.41000366210938,56.223331451416016,39.220001220703125,221.39999389648438,54.650001525878906,87.4000015258789,58.709999084472656,34.79499816894531,28.049999237060547,83.38999938964844,82.88999938964844,4195200,36211000,2193700,1129300,28541000,76017200,4832400,18381900,6200200,4300200,3686500,2127600,3464200,16557400,8016700,15508800,4252500,2591600,14454750,8152000,28492300,455016000,23700139,2145100,7021200,6487800,1307700,5488100,2294100,6037300,2515000,25040400,23516400,69517100,6068600,11307000
2017-12-13,68.0323715209961,10.109999656677246,137.0361328125,159.66116333007812,20.557096481323242,23.764062881469727,46.67463302612305,56.90391159057617,39.276123046875,83.32540130615234,26.902130126953125,73.53731536865234,213.0525360107422,36.38375473022461,113.6759033203125,83.95964813232422,77.7369613647461,49.48629379272461,41.748870849609375,41.3919792175293,41.01082229614258,4.602681636810303,23.572114944458008,107.36299133300781,52.3719367980957,50.021339416503906,51.381683349609375,32.329715728759766,195.87559509277344,39.209190368652344,62.857452392578125,47.03844451904297,24.197994232177734,23.731157302856445,72.75433349609375,56.87849807739258,97.3499984741211,10.109999656677246,177.3800048828125,173.36000061035156,26.202999114990234,28.84000015258789,63.470001220703125,75.13999938964844,51.68000030517578,119.93000030517578,38.119998931884766,99.94000244140625,255.55999755859375,43.34000015258789,142.88999938964844,105.51000213623047,87.88999938964844,64.1500015258789,54.303436279296875,53.18000030517578,42.04999923706055,4.6545000076293945,34.76280975341797,143.8300018310547,64.9000015258789,63.29999923706055,55.78333282470703,39.290000915527344,224.35000610351562,54.599998474121094,87.44999694824219,59.400001525878906,34.744998931884766,27.8700008392334,83.9800033569336,83.12000274658203,98.87000274658203,10.210000038146973,178.22000122070312,174.5399932861328,26.32900047302246,29.440000534057617,63.970001220703125,76.31999969482422,52.09000015258789,120.16999816894531,38.52000045776367,100.72000122070312,260.5,43.65999984741211,143.42999267578125,107.11000061035156,89.08999633789062,64.41000366210938,54.742366790771484,54.25,43.099998474121094,4.81374979019165,34.91461181640625,145.88999938964844,65.43000030517578,64.52999877929688,56.276668548583984,39.4900016784668,224.9499969482422,55.619998931884766,88.0999984741211,60.5,34.875,28.25,84.22000122070312,83.30000305175781,96.5999984741211,9.949999809265137,175.97000122070312,172.3800048828125,26.01799964904785,28.829999923706055,63.0,75.05000305175781,51.58000183105469,118.68000030517578,37.97999954223633,99.70999908447266,255.55999755859375,43.2400016784668,142.2100067138672,105.4800033569336,86.33999633789062,63.79999923706055,54.05534362792969,53.119998931884766,41.970001220703125,4.646999835968018,34.60151672363281,143.75,64.83000183105469,63.279998779296875,55.75,39.220001220703125,221.22999572753906,54.56999969482422,86.5999984741211,59.380001068115234,34.64500045776367,27.850000381469727,83.6500015258789,82.4800033569336,96.5999984741211,9.970000267028809,176.8699951171875,173.35000610351562,26.041000366210938,29.309999465942383,63.13999938964844,75.94999694824219,51.91999816894531,119.43000030517578,38.40999984741211,100.45999908447266,257.80999755859375,43.650001525878906,142.5,106.69999694824219,86.41000366210938,64.30000305175781,54.332061767578125,53.959999084472656,42.220001220703125,4.8125,34.69639587402344,145.35000610351562,64.9800033569336,64.12000274658203,55.98666763305664,39.470001220703125,221.74000549316406,55.439998626708984,86.7699966430664,60.310001373291016,34.79499816894531,28.190000534057617,83.68000030517578,82.61000061035156,6148700,41494800,3166900,828900,26943000,79980600,4352400,20231600,4906800,4399800,3056700,1426900,3482300,21399500,6118400,15020300,5786800,2966100,13982940,10568400,28565600,554280000,16639709,1989700,6490400,7485600,980100,4227100,3059400,5046600,3112000,18227000,18432000,97335300,8459800,10172700
2017-12-14,67.29859924316406,10.130000114440918,135.13563537597656,158.32579040527344,20.346054077148438,23.673423767089844,45.68922805786133,55.980003356933594,39.754905700683594,83.04751586914062,26.859722137451172,73.31658935546875,212.98587036132812,36.31660461425781,112.68937683105469,83.28325653076172,76.50756072998047,49.87971496582031,41.43812561035156,40.971683502197266,41.196128845214844,4.609850883483887,23.45630645751953,106.72103881835938,52.210533142089844,49.28643035888672,51.3294792175293,32.42021560668945,193.16905212402344,38.88604736328125,62.879024505615234,46.895896911621094,24.11093521118164,23.577892303466797,72.01795196533203,56.72795104980469,96.30000305175781,10.130000114440918,174.9199981689453,171.91000366210938,25.93400001525879,28.729999542236328,62.130001068115234,73.91999816894531,52.310001373291016,119.52999877929688,38.0,99.63999938964844,255.47999572753906,43.2599983215332,141.64999389648438,104.66000366210938,86.5,64.66000366210938,53.44465637207031,52.63999938964844,42.2400016784668,4.661749839782715,34.5920295715332,142.97000122070312,64.69999694824219,62.369998931884766,55.72666549682617,39.400001525878906,221.25,54.150001525878906,87.4800033569336,59.220001220703125,34.619998931884766,27.690000534057617,83.12999725341797,82.9000015258789,97.44000244140625,10.170000076293945,177.97000122070312,174.3699951171875,26.299999237060547,29.18000030517578,63.52000045776367,75.43000030517578,52.7599983215332,120.27999877929688,38.439998626708984,100.83000183105469,259.54998779296875,43.56999969482422,143.6199951171875,106.44999694824219,88.33000183105469,65.04000091552734,54.14122009277344,53.79999923706055,42.72999954223633,4.733500003814697,35.0,144.77999877929688,65.16999816894531,63.349998474121094,56.0966682434082,39.650001525878906,226.97000122070312,54.849998474121094,88.43000030517578,59.9900016784668,34.8650016784668,28.010000228881836,84.16000366210938,83.33000183105469,95.6500015258789,9.960000038146973,174.5500030517578,171.61000061035156,25.670000076293945,28.709999084472656,61.720001220703125,73.77999877929688,51.849998474121094,119.5,37.90999984741211,99.55000305175781,255.47999572753906,43.02000045776367,141.61000061035156,104.63999938964844,86.12000274658203,64.05999755859375,53.39694595336914,52.630001068115234,41.880001068115234,4.614999771118164,34.47817611694336,142.67999267578125,64.55000305175781,62.36000061035156,55.59000015258789,39.31999969482422,221.00999450683594,54.08000183105469,87.43000030517578,59.209999084472656,34.60499954223633,27.65999984741211,83.05000305175781,82.88999938964844,97.33000183105469,10.100000381469727,177.44000244140625,173.39999389648438,26.233999252319336,29.059999465942383,63.47999954223633,75.2300033569336,51.900001525878906,119.80999755859375,37.959999084472656,99.76000213623047,257.1300048828125,43.43000030517578,143.52000427246094,106.12000274658203,88.22000122070312,64.16000366210938,53.816795349121094,53.400001525878906,42.290000915527344,4.6479997634887695,34.84819793701172,144.6999969482422,64.86000061035156,62.95000076293945,55.81999969482422,39.5,225.0,54.810001373291016,87.55000305175781,59.54999923706055,34.6150016784668,27.969999313354492,84.05000305175781,83.02999877929688,3985800,29006800,2723600,935500,37595000,60615800,5507900,24778500,6436200,3736900,3799500,2425000,3353200,19644900,5337900,13034200,4388400,4319000,10623890,8190100,24582800,438164000,15585393,1568400,7122000,8550100,889200,4737600,2811700,4467600,3635800,14731000,23565600,76970000,6772100,9492400
2017-12-15,68.10224151611328,10.289999961853027,136.7734832763672,160.06642150878906,20.84737205505371,23.928861618041992,45.89513397216797,56.623714447021484,39.64851760864258,83.18644714355469,26.633543014526367,72.5145492553711,214.39479064941406,37.40794372558594,113.33378601074219,84.46098327636719,76.54291534423828,50.720550537109375,41.60829544067383,41.329715728759766,41.35218048095703,4.735685348510742,23.93238067626953,108.19905090332031,52.25896072387695,49.06517028808594,52.1339225769043,32.502498626708984,193.6667022705078,39.13739013671875,63.38934326171875,47.41062927246094,24.089204788208008,23.790037155151367,72.81031799316406,56.816890716552734,97.44999694824219,10.289999961853027,177.0399932861328,173.8000030517578,26.572999954223633,29.040000915527344,62.40999984741211,74.7699966430664,52.16999816894531,119.7300033569336,37.68000030517578,98.55000305175781,257.1700134277344,44.560001373291016,142.4600067138672,106.13999938964844,86.54000091552734,65.75,53.66412353515625,53.099998474121094,42.400001525878906,4.789000034332275,35.29411697387695,144.9499969482422,64.76000213623047,62.09000015258789,56.599998474121094,39.5,221.82000732421875,54.5,88.19000244140625,59.869998931884766,34.36000061035156,27.809999465942383,83.70999908447266,83.02999877929688,97.87999725341797,10.319999694824219,177.41000366210938,174.13999938964844,26.600000381469727,29.18000030517578,62.84000015258789,75.1500015258789,53.04999923706055,120.47000122070312,38.369998931884766,100.63999938964844,258.9700012207031,44.84000015258789,143.13999938964844,106.5199966430664,87.61000061035156,66.19000244140625,53.788169860839844,53.43000030517578,42.560001373291016,4.809500217437744,35.32258224487305,146.02999877929688,65.41999816894531,62.95000076293945,56.746665954589844,39.619998931884766,223.75,54.91999816894531,88.4000015258789,60.650001525878906,34.6349983215332,28.0,83.73999786376953,83.27999877929688,96.63999938964844,10.020000457763672,174.13999938964844,170.85000610351562,25.826000213623047,28.739999771118164,61.970001220703125,74.2699966430664,52.060001373291016,119.51000213623047,37.43000030517578,98.47000122070312,254.75999450683594,43.06999969482422,141.77999877929688,105.19999694824219,86.2699966430664,64.69999694824219,53.196563720703125,52.70000076293945,41.88999938964844,4.640500068664551,34.8292236328125,143.27999877929688,64.5,62.0099983215332,55.709999084472656,39.25,220.6300048828125,54.22999954223633,87.5,59.349998474121094,34.314998626708984,27.6299991607666,83.11000061035156,82.87000274658203,96.86000061035156,10.130000114440918,176.38999938964844,171.92999267578125,26.165000915527344,28.90999984741211,62.56999969482422,74.44999694824219,52.779998779296875,120.44000244140625,38.369998931884766,100.54000091552734,256.70001220703125,43.400001525878906,142.47999572753906,105.79000091552734,86.88999938964844,64.94999694824219,53.654579162597656,53.04999923706055,42.29999923706055,4.706250190734863,34.89563751220703,143.9600067138672,65.33000183105469,62.720001220703125,56.016666412353516,39.400001525878906,223.75,54.560001373291016,87.6500015258789,59.45000076293945,34.6349983215332,27.729999542236328,83.11000061035156,83.16000366210938,11564700,45462300,5796800,3118500,45091000,129859400,8856800,37121100,11363400,11226900,8030500,4633000,5283400,47477000,12517000,29350600,7346400,10013900,23664574,12708000,58721700,670036000,39820015,3397500,18833000,15834700,3382500,7156400,6293400,13109900,6579300,36467500,20306800,111826100,8012200,26582300
2017-12-18,68.61942291259766,10.979999542236328,136.07814025878906,162.43328857421875,20.879749298095703,24.291419982910156,45.887779235839844,57.30529022216797,39.777706146240234,83.16558837890625,26.902130126953125,73.51526641845703,216.77073669433594,38.8350830078125,112.80873107910156,85.11347198486328,76.13605499267578,50.92113494873047,41.59349822998047,41.43868637084961,42.62980270385742,4.892420291900635,23.887351989746094,109.09477996826172,52.75926971435547,50.25840377807617,53.251487731933594,32.42021560668945,194.40878295898438,39.33845901489258,63.9212532043457,48.242122650146484,24.27498435974121,24.00389862060547,72.83641815185547,56.75532150268555,98.19000244140625,10.979999542236328,176.13999938964844,176.3699951171875,26.43899917602539,29.479999542236328,62.400001525878906,75.66999816894531,52.34000015258789,119.69999694824219,38.060001373291016,99.91000366210938,260.0199890136719,46.2599983215332,141.8000030517578,106.95999908447266,86.08000183105469,66.01000213623047,53.64503860473633,53.2400016784668,43.709999084472656,4.947500228881836,35.22770309448242,146.14999389648438,65.37999725341797,63.599998474121094,57.813331604003906,39.400001525878906,222.6699981689453,54.779998779296875,88.93000030517578,60.91999816894531,34.625,28.059999465942383,83.73999786376953,82.94000244140625,99.0999984741211,11.0,178.6300048828125,177.0500030517578,26.650999069213867,29.5,62.75,76.01000213623047,52.65999984741211,121.29000091552734,38.22999954223633,100.16999816894531,262.0,46.349998474121094,143.8000030517578,107.62999725341797,87.44999694824219,66.37999725341797,54.093509674072266,53.88999938964844,43.72999954223633,4.950500011444092,35.436431884765625,147.27999877929688,65.45999908447266,64.04000091552734,57.84333419799805,39.470001220703125,224.80999755859375,55.15999984741211,89.16999816894531,61.130001068115234,34.79999923706055,28.200000762939453,84.19999694824219,83.66999816894531,97.55000305175781,10.510000228881836,176.02999877929688,174.9600067138672,26.259000778198242,29.270000457763672,62.18000030517578,75.2699966430664,52.11000061035156,119.62000274658203,37.45000076293945,98.68000030517578,259.1600036621094,45.040000915527344,141.39999389648438,106.4800033569336,85.98999786376953,65.7300033569336,53.625953674316406,52.97999954223633,42.9900016784668,4.800000190734863,35.16128921508789,145.80999755859375,64.80000305175781,62.25,57.0,39.20000076293945,222.19000244140625,54.650001525878906,88.20999908447266,60.369998931884766,34.435001373291016,27.989999771118164,83.69000244140625,82.91000366210938,97.66999816894531,10.600000381469727,177.86000061035156,175.47000122070312,26.408000946044922,29.290000915527344,62.58000183105469,75.27999877929688,52.11000061035156,119.91999816894531,37.869998931884766,98.69999694824219,260.0,45.150001525878906,142.55999755859375,107.19000244140625,86.76000213623047,65.87000274658203,53.79771041870117,53.869998931884766,43.369998931884766,4.829999923706055,35.31309127807617,146.24000549316406,64.93000030517578,62.290000915527344,57.293331146240234,39.380001068115234,222.60000610351562,54.939998626708984,88.56999969482422,60.439998626708984,34.44499969482422,28.040000915527344,83.9800033569336,83.18000030517578,4768300,63797700,2799200,1207900,29786000,70548600,5608900,16449300,5565300,4654100,5318400,2670300,2575600,50369300,5833200,12713100,3796000,3386400,12151560,8443000,35075500,477704000,17670415,1727600,7440900,10716600,3488700,5746900,3194100,5325300,3433000,19970900,19321400,61275500,5655400,9363500
2017-12-19,68.43073272705078,10.949999809265137,136.64210510253906,163.0411834716797,20.82526397705078,24.266698837280273,45.27006149291992,56.57070541381836,40.036109924316406,83.26287841796875,27.354511260986328,74.63369750976562,213.81948852539062,39.48988723754883,112.7928466796875,84.75536346435547,76.6932601928711,49.94914627075195,41.60090255737305,41.19740295410156,42.893131256103516,4.84816837310791,23.76511573791504,108.31098175048828,52.04914855957031,50.88268280029297,53.19520568847656,32.370845794677734,193.85882568359375,39.180477142333984,63.303104400634766,47.79866409301758,24.310039520263672,23.9012508392334,72.74945831298828,56.41314697265625,97.91999816894531,10.949999809265137,176.8699951171875,177.02999877929688,26.3700008392334,29.450000762939453,61.560001373291016,74.69999694824219,52.68000030517578,119.83999633789062,38.70000076293945,101.43000030517578,256.4800109863281,47.040000915527344,141.77999877929688,106.51000213623047,86.70999908447266,64.75,53.654579162597656,52.93000030517578,43.97999954223633,4.902750015258789,35.04743957519531,145.10000610351562,64.5,64.38999938964844,57.64666748046875,39.34000015258789,222.0399932861328,54.560001373291016,88.06999969482422,60.36000061035156,34.67499923706055,27.940000534057617,83.63999938964844,82.44000244140625,98.55000305175781,11.1899995803833,177.27999877929688,177.49000549316406,26.52899932861328,29.639999389648438,62.7599983215332,76.1500015258789,52.93000030517578,120.75,39.06999969482422,101.80000305175781,261.79998779296875,47.2599983215332,142.3800048828125,107.48999786376953,86.7699966430664,66.12000274658203,54.02671813964844,53.59000015258789,44.34000015258789,4.9432501792907715,35.32258224487305,147.2100067138672,65.4800033569336,64.9800033569336,57.86000061035156,39.40999984741211,223.7899932861328,55.130001068115234,89.20999908447266,61.27000045776367,34.875,28.239999771118164,84.16000366210938,83.16999816894531,97.69999694824219,10.869999885559082,175.41000366210938,175.61000061035156,26.12700080871582,29.3700008392334,61.52000045776367,74.6500015258789,52.13999938964844,119.51000213623047,37.970001220703125,99.68000030517578,256.17999267578125,45.88999938964844,141.36000061035156,106.44000244140625,85.8499984741211,64.68000030517578,53.44465637207031,52.900001525878906,43.29999923706055,4.874000072479248,34.99051284790039,145.00999450683594,64.43000030517578,63.58000183105469,57.349998474121094,39.119998931884766,220.85000610351562,54.540000915527344,88.01000213623047,60.279998779296875,34.595001220703125,27.940000534057617,83.5999984741211,82.33000183105469,98.41999816894531,11.0,176.1199951171875,176.13999938964844,26.329999923706055,29.600000381469727,62.63999938964844,76.0999984741211,52.459999084472656,120.31999969482422,38.310001373291016,100.33999633789062,261.6000061035156,46.29999923706055,141.88999938964844,107.3499984741211,86.04000091552734,66.02999877929688,53.64503860473633,53.540000915527344,44.09000015258789,4.938000202178955,35.29411697387695,147.05999755859375,65.11000061035156,63.790000915527344,57.70000076293945,39.209999084472656,222.99000549316406,55.09000015258789,88.94000244140625,61.20000076293945,34.78499984741211,28.219999313354492,83.87000274658203,83.02999877929688,2817700,43852900,2705000,708700,19094000,67984100,5546000,17655100,4795800,4599300,5487600,2374400,2195500,41421100,6580100,12149900,4027600,4367500,9921521,7630600,51048300,373100000,14817659,2716500,7130000,8949500,2278500,4454900,2340200,5964900,2953500,17062700,13528400,57366300,4777100,10285100
2017-12-20,68.07432556152344,10.979999542236328,136.82754516601562,161.32814025878906,20.978469848632812,24.291419982910156,45.00532150268555,56.54041290283203,41.22929382324219,83.99240112304688,28.160306930541992,76.18626403808594,212.73577880859375,39.92643356323242,112.29956817626953,84.46098327636719,75.8353271484375,50.6511344909668,41.512115478515625,40.8704948425293,44.619384765625,4.865224838256836,23.45630645751953,108.1766357421875,52.12984848022461,51.58599853515625,53.5827751159668,32.453128814697266,194.15567016601562,38.96503448486328,64.80533599853516,47.62443923950195,24.65357780456543,23.85847282409668,72.51460266113281,56.7074089050293,97.41000366210938,10.979999542236328,177.11000061035156,175.1699981689453,26.56399917602539,29.479999542236328,61.20000076293945,74.66000366210938,54.25,120.88999938964844,39.84000015258789,103.54000091552734,255.17999267578125,47.560001373291016,141.16000366210938,106.13999938964844,85.73999786376953,65.66000366210938,53.540077209472656,52.5099983215332,45.75,4.920000076293945,34.5920295715332,144.9199981689453,64.5999984741211,65.27999877929688,58.06666564941406,39.439998626708984,222.3800048828125,54.2599983215332,90.16000366210938,60.13999938964844,35.165000915527344,27.889999389648438,83.37000274658203,82.87000274658203,98.9000015258789,11.180000305175781,179.1699981689453,177.49000549316406,26.635000228881836,29.84000015258789,61.75,75.7699966430664,54.5099983215332,121.30000305175781,39.88999938964844,103.81999969482422,259.0899963378906,47.63999938964844,142.5800018310547,107.7300033569336,86.94000244140625,65.86000061035156,53.902671813964844,53.4900016784668,46.79999923706055,4.951749801635742,35.23719024658203,146.63999938964844,65.16999816894531,65.5199966430664,58.323333740234375,39.61000061035156,224.88999938964844,55.18000030517578,90.4800033569336,61.06999969482422,35.224998474121094,28.219999313354492,83.94999694824219,83.13999938964844,97.22000122070312,10.800000190734863,177.0399932861328,174.55999755859375,26.277999877929688,29.450000762939453,60.59000015258789,74.61000061035156,52.459999084472656,119.6500015258789,38.209999084472656,101.20999908447266,254.5500030517578,46.65999984741211,141.0800018310547,106.08999633789062,85.63999938964844,64.76000213623047,53.41603088378906,52.47999954223633,44.86000061035156,4.863749980926514,34.554080963134766,144.75999450683594,64.33000183105469,64.25,57.56999969482422,39.16999816894531,221.72999572753906,54.06999969482422,88.27999877929688,60.060001373291016,34.685001373291016,27.8700008392334,83.36000061035156,82.5199966430664,97.86000061035156,11.100000381469727,177.60000610351562,177.05999755859375,26.61400032043457,29.760000228881836,61.56999969482422,75.3499984741211,52.900001525878906,120.27999877929688,39.06999969482422,102.05000305175781,258.8699951171875,47.470001220703125,142.25999450683594,107.5999984741211,86.68000030517578,65.05999755859375,53.70228958129883,53.380001068115234,46.650001525878906,4.942500114440918,35.09487533569336,146.5,64.55999755859375,64.44000244140625,58.253334045410156,39.380001068115234,223.11000061035156,55.060001373291016,88.69000244140625,60.880001068115234,34.790000915527344,28.170000076293945,83.81999969482422,82.5999984741211,3411900,31420300,3246100,528400,19845000,81271200,6980300,17644000,8064600,6286700,5830400,2651800,2052400,40935000,6289800,13091500,3016900,5163600,13766423,6435100,84338200,288820000,15914557,1599900,6933600,9227500,1342200,6330100,2633200,5688800,3506600,16544500,24509000,69680300,4686700,10620300
2017-12-21,68.42372131347656,10.890000343322754,136.49534606933594,160.74790954589844,20.65388298034668,24.57158088684082,45.22593688964844,57.41888427734375,42.521263122558594,86.7228775024414,28.923681259155273,78.25389862060547,217.59605407714844,39.25482940673828,112.22001647949219,85.80581665039062,75.7203369140625,51.16798400878906,41.87464141845703,41.15848159790039,43.32225799560547,4.842729091644287,23.314775466918945,109.17687225341797,51.960391998291016,53.62477493286133,53.016807556152344,32.28034591674805,193.5531768798828,39.15892791748047,65.20787048339844,48.78852462768555,25.175880432128906,24.06378173828125,72.3493423461914,57.378021240234375,97.91000366210938,10.890000343322754,176.67999267578125,174.5399932861328,26.152999877929688,29.81999969482422,61.5,75.81999969482422,55.95000076293945,124.81999969482422,40.91999816894531,106.3499984741211,261.010009765625,46.7599983215332,141.05999755859375,107.83000183105469,85.61000061035156,66.33000183105469,54.007633209228516,52.880001068115234,44.41999816894531,4.897250175476074,34.38330078125,146.25999450683594,64.38999938964844,67.86000061035156,57.45333480834961,39.22999954223633,221.69000244140625,54.529998779296875,90.72000122070312,61.61000061035156,35.90999984741211,28.1299991607666,83.18000030517578,83.8499984741211,98.3499984741211,11.079999923706055,178.22999572753906,175.97000122070312,26.625,29.979999542236328,61.79999923706055,76.08000183105469,56.06999969482422,125.3499984741211,41.31999969482422,106.75,262.0899963378906,47.59000015258789,142.1699981689453,108.06999969482422,86.18000030517578,66.79000091552734,54.1984748840332,53.29999923706055,45.58000183105469,4.948750019073486,34.724857330322266,146.9499969482422,64.95999908447266,68.31999969482422,58.25666809082031,39.65999984741211,223.94000244140625,54.810001373291016,91.12000274658203,62.119998931884766,36.01499938964844,28.209999084472656,83.68000030517578,84.2699966430664,97.72000122070312,10.869999885559082,176.4600067138672,174.0500030517578,26.10700035095215,29.579999923706055,61.029998779296875,74.94000244140625,54.029998779296875,121.06999969482422,39.540000915527344,103.23999786376953,256.2799987792969,46.560001373291016,141.02000427246094,106.55999755859375,85.44000244140625,65.41999816894531,53.511451721191406,52.560001373291016,44.349998474121094,4.888750076293945,34.33586120605469,145.41000366210938,64.33999633789062,65.25,57.369998931884766,39.20000076293945,221.3699951171875,54.2599983215332,89.83999633789062,60.68000030517578,35.14500045776367,28.010000228881836,83.12000274658203,82.95999908447266,97.81999969482422,10.979999542236328,177.57000732421875,175.72999572753906,26.594999313354492,29.59000015258789,61.45000076293945,74.9800033569336,54.150001525878906,121.38999938964844,39.849998474121094,103.7300033569336,256.6099853515625,47.540000915527344,141.58999633789062,106.58999633789062,86.02999877929688,65.69999694824219,53.511451721191406,52.810001373291016,45.54999923706055,4.923500061035156,34.667930603027344,146.22999572753906,64.75,65.4800033569336,58.25666809082031,39.560001373291016,223.1199951171875,54.65999984741211,89.93000030517578,60.68000030517578,35.18000030517578,28.040000915527344,83.62999725341797,83.3499984741211,2249500,21884300,2106400,393400,17758000,72953200,6195600,14085700,7824700,10109000,5680700,3330300,3337800,42963500,6284700,12323700,2024300,5675700,10439966,11350600,50486100,300904000,15566948,1572500,5451100,15943700,1750500,3563100,2955300,3926400,3004200,22130700,33606200,46123500,4304200,13578100
2017-12-22,68.63339233398438,10.539999961853027,136.2944793701172,161.37420654296875,20.71864128112793,24.621015548706055,44.82883071899414,57.16896057128906,42.17927169799805,86.83405303955078,29.383136749267578,78.81314086914062,215.8953399658203,39.20446014404297,111.4721908569336,85.50342559814453,75.24272155761719,51.19112777709961,41.69706344604492,41.03394317626953,43.02967071533203,4.827402114868164,23.250436782836914,109.07238006591797,52.23475646972656,53.29288864135742,52.98604202270508,32.609474182128906,192.07769775390625,39.10866165161133,65.50259399414062,48.74101638793945,25.22846031188965,23.995342254638672,72.114501953125,57.46013259887695,98.20999908447266,10.539999961853027,176.4199981689453,175.22000122070312,26.235000610351562,29.8799991607666,60.959999084472656,75.48999786376953,55.5,124.9800033569336,41.56999969482422,107.11000061035156,258.9700012207031,46.70000076293945,140.1199951171875,107.44999694824219,85.06999969482422,66.36000061035156,53.77862548828125,52.720001220703125,44.119998931884766,4.881750106811523,34.28842544555664,146.1199951171875,64.7300033569336,67.44000244140625,57.41999816894531,39.630001068115234,220.0,54.459999084472656,91.12999725341797,61.54999923706055,35.98500061035156,28.049999237060547,82.91000366210938,83.97000122070312,98.69000244140625,10.770000457763672,177.49000549316406,175.38999938964844,26.336999893188477,30.030000686645508,61.709999084472656,75.98999786376953,56.209999084472656,125.6500015258789,41.709999084472656,107.87999725341797,262.1400146484375,47.02000045776367,141.35000610351562,108.45999908447266,85.77999877929688,66.8499984741211,54.22710037231445,53.11000061035156,44.939998626708984,4.891250133514404,34.51612854003906,147.02000427246094,64.9800033569336,68.33000183105469,57.45000076293945,39.630001068115234,222.35000610351562,54.849998474121094,91.5,62.2400016784668,36.130001068115234,28.25,83.16000366210938,84.0199966430664,97.70999908447266,10.199999809265137,175.77000427246094,173.7100067138672,25.8700008392334,29.6200008392334,60.599998474121094,75.05000305175781,55.459999084472656,124.56999969482422,40.810001373291016,105.87999725341797,257.7200012207031,46.02000045776367,140.0399932861328,106.80999755859375,84.75,66.22000122070312,53.55915832519531,52.25,43.939998626708984,4.78125,34.20303726196289,145.27999877929688,64.30000305175781,67.16000366210938,57.03333282470703,39.29999923706055,218.4499969482422,54.150001525878906,90.80000305175781,61.189998626708984,35.79999923706055,27.920000076293945,82.70999908447266,83.5999984741211,97.86000061035156,10.75,176.6199951171875,174.25999450683594,26.18199920654297,29.979999542236328,61.47999954223633,75.88999938964844,56.04999923706055,124.8499984741211,41.08000183105469,106.69999694824219,261.6600036621094,46.33000183105469,141.0,108.19999694824219,85.5999984741211,66.69999694824219,54.007633209228516,53.029998779296875,44.18000030517578,4.860000133514404,34.411766052246094,146.92999267578125,64.30999755859375,67.66000366210938,57.253334045410156,39.599998474121094,222.0,54.810001373291016,91.02999877929688,62.0,35.95000076293945,28.209999084472656,83.05999755859375,83.87999725341797,2835600,50744500,1477900,285900,14617000,54203000,5477200,12006600,3911900,4735100,4245200,2028700,2100600,33913500,4665600,14573400,1834800,3449500,11890608,6153800,30372500,466276000,9063557,1040500,4444300,6695900,877800,2523600,1959700,3800800,1837200,11653200,21321600,43020300,7023600,10161400
2017-12-26,68.31192016601562,10.460000038146973,136.03948974609375,159.41250610351562,20.383007049560547,24.538619995117188,45.04944610595703,56.631263732910156,42.73406982421875,87.52885437011719,30.097030639648438,80.50547790527344,214.85321044921875,38.683963775634766,111.44834899902344,85.1612319946289,75.17195892333984,51.561405181884766,41.682281494140625,40.83936309814453,41.20589065551758,4.881047248840332,23.295473098754883,108.16169738769531,51.88775634765625,53.42721176147461,52.45700454711914,32.049930572509766,191.72845458984375,38.7855110168457,66.02726745605469,48.40841293334961,25.449302673339844,23.926912307739258,72.13189697265625,57.46699523925781,97.75,10.460000038146973,176.08999633789062,173.08999633789062,25.809999465942383,29.780000686645508,61.2599983215332,74.77999877929688,56.22999954223633,125.9800033569336,42.58000183105469,109.41000366210938,257.7200012207031,46.08000183105469,140.08999633789062,107.0199966430664,84.98999786376953,66.83999633789062,53.75954055786133,52.470001220703125,42.25,4.935999870300293,34.35483932495117,144.89999389648438,64.30000305175781,67.61000061035156,56.8466682434082,38.95000076293945,219.60000610351562,54.0099983215332,91.86000061035156,61.130001068115234,36.29999923706055,27.969999313354492,82.93000030517578,83.9800033569336,98.36000061035156,10.579999923706055,176.9199981689453,173.6999969482422,26.235000610351562,29.940000534057617,61.54999923706055,75.72000122070312,56.369998931884766,126.13999938964844,42.599998474121094,109.66000366210938,259.20001220703125,46.470001220703125,140.5399932861328,107.98999786376953,85.43000030517578,67.06999969482422,54.007633209228516,52.7599983215332,43.20000076293945,4.943749904632568,34.411766052246094,146.80999755859375,64.94000244140625,68.08000183105469,56.900001525878906,39.310001373291016,220.4199981689453,54.66999816894531,92.05000305175781,61.720001220703125,36.36000061035156,28.139999389648438,83.04000091552734,84.36000061035156,97.05000305175781,10.34000015258789,175.5,171.3800048828125,25.339000701904297,29.579999923706055,60.959999084472656,74.41999816894531,55.540000915527344,125.05000305175781,41.52000045776367,107.0,256.0,45.95000076293945,139.67999267578125,106.4000015258789,84.95999908447266,66.41000366210938,53.6927490234375,52.09000015258789,41.52000045776367,4.795499801635742,34.108158111572266,144.52999877929688,64.19999694824219,67.41999816894531,56.369998931884766,38.810001373291016,219.08999633789062,53.83000183105469,91.23999786376953,60.79999923706055,36.040000915527344,27.860000610351562,82.75,83.9000015258789,98.1500015258789,10.380000114440918,176.17999267578125,173.64999389648438,25.722999572753906,29.739999771118164,60.97999954223633,75.44999694824219,55.779998779296875,125.2300033569336,41.709999084472656,107.23999786376953,258.19000244140625,46.279998779296875,140.4600067138672,107.19999694824219,85.29000091552734,66.55000305175781,53.902671813964844,52.540000915527344,43.189998626708984,4.82574987411499,34.24098587036133,146.25999450683594,64.48999786376953,67.5,56.6966667175293,39.310001373291016,219.08999633789062,54.4900016784668,91.25,61.5,36.1150016784668,28.049999237060547,82.83999633789062,83.95999908447266,2363800,20437900,1339200,281400,22256000,42371200,3673500,10882100,3194900,3348500,3776500,2071500,1289300,15533300,3271100,7403700,1099900,2309900,4616754,3313800,41966200,355080000,11480590,751900,4236500,5028200,680100,2861500,1482400,2807000,1442900,11662800,17262200,33710100,2504100,4777200
2017-12-27,68.54950714111328,10.529999732971191,136.13226318359375,160.28749084472656,20.463558197021484,24.497417449951172,45.358314514160156,56.714576721191406,42.24767303466797,87.23008728027344,29.573972702026367,79.73289489746094,213.37767028808594,38.70915603637695,111.8302001953125,85.32036590576172,75.30465698242188,51.23741912841797,41.682281494140625,40.91719436645508,41.43020248413086,4.874372482299805,23.372676849365234,108.22139739990234,52.081424713134766,53.67219161987305,52.62614822387695,32.15690612792969,192.44436645507812,38.82859802246094,66.22852325439453,48.26588821411133,25.36517333984375,23.952573776245117,72.25365447998047,57.412235260009766,98.08999633789062,10.529999732971191,176.2100067138672,174.0399932861328,25.91200065612793,29.729999542236328,61.68000030517578,74.88999938964844,55.59000015258789,125.55000305175781,41.84000015258789,108.36000061035156,255.9499969482422,46.11000061035156,140.57000732421875,107.22000122070312,85.13999938964844,66.41999816894531,53.75954055786133,52.56999969482422,42.47999954223633,4.9292497634887695,34.468692779541016,144.97999572753906,64.54000091552734,67.91999816894531,57.029998779296875,39.08000183105469,220.4199981689453,54.06999969482422,92.13999938964844,60.95000076293945,36.18000030517578,28.0,83.06999969482422,83.9000015258789,98.2300033569336,10.739999771118164,177.27999877929688,174.69000244140625,26.160999298095703,29.729999542236328,62.02000045776367,75.08000183105469,56.06999969482422,126.19999694824219,42.54999923706055,109.30000305175781,257.9800109863281,46.36000061035156,141.14999389648438,107.29000091552734,85.45999908447266,66.88999938964844,54.036258697509766,52.59000015258789,43.06999969482422,4.9992499351501465,34.5920295715332,145.52999877929688,64.63999938964844,68.4000015258789,57.31999969482422,39.11000061035156,221.44000244140625,54.22999954223633,92.48999786376953,61.2400016784668,36.31999969482422,28.010000228881836,83.29000091552734,84.0999984741211,97.44000244140625,10.399999618530273,176.08999633789062,172.9199981689453,25.850000381469727,29.600000381469727,61.29999923706055,74.5199966430664,55.13999938964844,125.12999725341797,41.65999984741211,107.72000122070312,255.52000427246094,46.0,140.1999969482422,106.66999816894531,84.9800033569336,66.36000061035156,53.683204650878906,52.11000061035156,42.029998779296875,4.907750129699707,34.37381362915039,144.4499969482422,64.18000030517578,67.61000061035156,56.776668548583984,38.880001068115234,219.25,53.900001525878906,91.56999969482422,60.65999984741211,36.10499954223633,27.90999984741211,82.9800033569336,83.73999786376953,97.7300033569336,10.449999809265137,176.44000244140625,173.1999969482422,25.884000778198242,29.65999984741211,61.349998474121094,74.66999816894531,56.060001373291016,125.95999908447266,42.54999923706055,109.05999755859375,257.9800109863281,46.11000061035156,140.4199981689453,106.66999816894531,85.19000244140625,66.72000122070312,53.8072509765625,52.33000183105469,42.220001220703125,4.922500133514404,34.44971466064453,145.27999877929688,64.31999969482422,67.76000213623047,56.849998474121094,39.0,219.97999572753906,54.09000015258789,91.81999969482422,61.099998474121094,36.30500030517578,27.989999771118164,82.98999786376953,83.98999786376953,1927300,22921800,1403900,334800,35615000,35111800,3722300,10845100,4369600,3452300,2826100,1802000,1567900,13359700,3753600,9496500,1332800,2195500,5931994,5786800,24175100,329488000,8768964,1093600,4899600,7107900,794100,3092900,1861900,3754200,2388300,10010800,21710600,29421000,4053300,7000600
2017-12-28,68.33987426757812,10.550000190734863,135.390625,160.434814453125,20.566232681274414,24.555099487304688,45.424495697021484,56.858463287353516,41.936065673828125,87.25093078613281,29.517425537109375,79.79911041259766,213.83621215820312,38.8015022277832,111.82223510742188,85.7739486694336,75.22505950927734,51.22198486328125,41.87464141845703,40.97947692871094,40.77676010131836,4.880059719085693,23.39841079711914,108.73646545410156,51.952308654785156,53.30869674682617,52.77381134033203,32.699981689453125,194.49612426757812,38.958580017089844,66.34356689453125,48.54304504394531,25.403730392456055,24.046674728393555,72.3580322265625,57.49433898925781,97.79000091552734,10.550000190734863,175.25,174.1999969482422,26.04199981689453,29.799999237060547,61.77000045776367,75.08000183105469,55.18000030517578,125.58000183105469,41.7599983215332,108.44999694824219,256.5,46.220001220703125,140.55999755859375,107.79000091552734,85.05000305175781,66.4000015258789,54.007633209228516,52.650001525878906,41.810001373291016,4.934999942779541,34.50664138793945,145.6699981689453,64.37999725341797,67.45999908447266,57.189998626708984,39.7400016784668,222.77000427246094,53.95000076293945,92.30000305175781,61.29999923706055,36.23500061035156,28.110000610351562,83.19000244140625,84.0199966430664,98.38999938964844,10.640000343322754,177.0,174.7100067138672,26.079999923706055,29.81999969482422,61.849998474121094,75.16999816894531,55.59000015258789,125.88999938964844,41.97999954223633,108.62999725341797,257.0,46.36000061035156,141.0,107.83999633789062,85.44000244140625,66.55999755859375,54.1984748840332,52.77000045776367,43.04999923706055,4.984499931335449,34.658443450927734,145.75,64.7300033569336,68.22000122070312,57.33333206176758,39.88999938964844,222.7899932861328,54.0099983215332,92.58000183105469,61.310001373291016,36.23500061035156,28.1200008392334,83.33999633789062,84.05000305175781,97.5199966430664,10.430000305175781,175.05999755859375,173.66000366210938,25.854999542236328,29.65999984741211,61.369998931884766,74.83999633789062,55.099998474121094,125.29000091552734,41.38999938964844,107.86000061035156,255.10000610351562,45.95000076293945,140.3300018310547,107.16000366210938,84.88999938964844,66.16000366210938,53.72137451171875,52.43000030517578,41.75,4.928750038146973,34.39278793334961,144.7100067138672,64.3499984741211,67.29000091552734,57.09000015258789,39.400001525878906,220.14999389648438,53.709999084472656,91.75,60.90999984741211,36.11000061035156,28.0,82.93000030517578,83.80000305175781,98.19000244140625,10.569999694824219,176.77000427246094,174.11000061035156,26.016000747680664,29.729999542236328,61.599998474121094,74.91000366210938,55.4900016784668,125.69000244140625,41.90999984741211,108.5,256.9800109863281,46.36000061035156,140.6999969482422,107.4000015258789,85.30000305175781,66.43000030517578,53.75954055786133,52.7599983215332,42.83000183105469,4.953249931335449,34.497154235839844,145.0,64.69000244140625,67.94999694824219,57.209999084472656,39.5099983215332,221.4600067138672,53.91999816894531,92.38999938964844,61.029998779296875,36.17499923706055,28.06999969482422,83.22000122070312,83.9800033569336,1870400,18609400,1637700,402100,13641000,37914900,2500500,8759800,4240600,2191800,2224600,1250500,1301000,9504400,2485000,7440600,1731700,3124400,6061108,3736700,28999700,240248000,6939431,1085600,2451300,4386800,789000,4279500,1452600,3216000,1835700,10550900,15933600,28129700,5380600,7495300
2017-12-29,67.58512878417969,10.279999732971191,134.34764099121094,160.08486938476562,20.288240432739258,24.32438087463379,45.064151763916016,56.35108184814453,41.71569061279297,86.97996520996094,29.26296043395996,79.40177917480469,212.38563537597656,38.751136779785156,111.15398406982422,85.09757232666016,74.70320129394531,50.897987365722656,41.630489349365234,40.83936309814453,40.10379409790039,4.7836432456970215,23.301902770996094,107.70634460449219,51.661808013916016,53.25336837768555,52.23243713378906,32.62592697143555,192.47933959960938,38.6913948059082,66.06321716308594,48.04414367675781,25.33012580871582,23.87558364868164,71.91443634033203,57.23432159423828,96.70999908447266,10.279999732971191,173.89999389648438,173.82000732421875,25.690000534057617,29.520000457763672,61.279998779296875,74.41000366210938,54.88999938964844,125.19000244140625,41.400001525878906,107.91000366210938,254.75999450683594,46.15999984741211,139.72000122070312,106.94000244140625,84.45999908447266,65.9800033569336,53.6927490234375,52.470001220703125,41.119998931884766,4.837500095367432,34.36432647705078,144.2899932861328,64.0199966430664,67.38999938964844,56.60333251953125,39.650001525878906,220.4600067138672,53.58000183105469,91.91000366210938,60.66999816894531,36.130001068115234,27.90999984741211,82.68000030517578,83.63999938964844,98.43000030517578,10.579999923706055,176.05999755859375,174.8699951171875,26.19499969482422,29.8799991607666,62.2599983215332,75.29000091552734,55.5,125.9800033569336,42.040000915527344,109.11000061035156,256.6499938964844,46.4900016784668,141.2100067138672,108.27999877929688,85.44000244140625,66.75,54.3797721862793,52.81999969482422,41.84000015258789,4.96150016784668,34.6204948425293,146.1999969482422,64.6500015258789,67.72000122070312,57.28333282470703,40.220001220703125,223.9499969482422,54.150001525878906,93.18000030517578,61.58000183105469,36.349998474121094,28.200000762939453,83.45999908447266,84.19999694824219,96.70999908447266,10.270000457763672,173.75999450683594,173.72000122070312,25.663999557495117,29.520000457763672,61.2599983215332,74.37999725341797,54.869998931884766,125.19000244140625,41.310001373291016,107.87999725341797,252.91000366210938,46.09000015258789,139.5800018310547,106.94000244140625,84.45999908447266,65.95999908447266,53.6927490234375,52.369998931884766,40.77000045776367,4.837500095367432,34.36432647705078,144.2899932861328,64.0,66.80000305175781,56.599998474121094,39.650001525878906,220.4600067138672,53.58000183105469,91.91000366210938,60.66999816894531,36.06999969482422,27.90999984741211,82.58999633789062,83.63999938964844,98.13999938964844,10.569999694824219,175.25,174.61000061035156,25.976999282836914,29.850000381469727,61.970001220703125,75.16999816894531,55.439998626708984,125.36000061035156,42.040000915527344,109.11000061035156,255.8699951171875,46.209999084472656,140.97999572753906,108.08999633789062,85.12000274658203,66.47000122070312,54.22710037231445,52.7599983215332,41.81999969482422,4.96150016784668,34.37381362915039,146.1199951171875,64.36000061035156,67.45999908447266,57.28333282470703,39.849998474121094,223.9499969482422,54.119998931884766,92.69000244140625,61.459999084472656,36.33000183105469,28.200000762939453,83.33000183105469,84.0,3214400,26678900,1948600,194400,17980000,40672000,3953500,10074900,3668500,3829000,2763900,1778200,2519300,17394500,4452900,8925700,2563800,2289100,8841557,5804600,44642100,279964000,12038261,1127500,6631800,5918800,760200,3870900,2350200,3949800,2343800,10711400,14712800,55169800,4877200,8523400
2018-01-02,68.77315521240234,10.979999542236328,136.74256896972656,163.68589782714844,21.0866641998291,24.637496948242188,45.08621597290039,56.31322479248047,42.0424690246582,88.64051055908203,29.849632263183594,80.4245376586914,213.14427185058594,39.330379486083984,110.76419067382812,85.90126037597656,74.89775085449219,51.82368850708008,41.59349822998047,40.62142562866211,42.590789794921875,4.9282660484313965,23.443439483642578,107.95268249511719,52.61402893066406,54.93653869628906,53.65045166015625,33.75324249267578,193.09046936035156,39.01634979248047,66.70291900634766,48.376739501953125,25.74726676940918,23.884138107299805,72.72335815429688,58.185482025146484,98.41000366210938,10.979999542236328,177.0,177.72999572753906,26.701000213623047,29.899999618530273,61.310001373291016,74.36000061035156,55.31999969482422,127.58000183105469,42.22999954223633,109.30000305175781,255.6699981689453,46.849998474121094,139.22999572753906,107.94999694824219,84.68000030517578,67.18000030517578,53.64503860473633,52.189998626708984,43.66999816894531,4.983749866485596,34.573055267333984,144.6199951171875,65.19999694824219,69.5199966430664,58.13999938964844,41.02000045776367,221.16000366210938,54.029998779296875,92.80000305175781,61.09000015258789,36.724998474121094,27.920000076293945,83.61000061035156,85.02999877929688,98.9000015258789,11.020000457763672,177.82000732421875,177.83999633789062,26.75,29.899999618530273,61.5099983215332,75.18000030517578,55.5099983215332,127.73999786376953,42.25,109.38999938964844,257.9100036621094,46.900001525878906,139.9499969482422,108.0199966430664,85.0,67.25,54.15076446533203,52.790000915527344,43.720001220703125,4.987500190734863,34.648956298828125,145.4600067138672,65.33000183105469,69.83000183105469,58.163333892822266,41.04999923706055,222.4499969482422,54.34000015258789,93.13999938964844,61.36000061035156,36.76499938964844,28.09000015258789,83.6500015258789,85.19999694824219,96.75,10.34000015258789,174.4199981689453,173.97999572753906,25.756999969482422,29.610000610351562,60.84000015258789,74.0199966430664,54.81999969482422,125.54000091552734,41.63999938964844,108.22000122070312,253.9199981689453,46.209999084472656,138.72000122070312,106.80999755859375,84.05999755859375,65.9800033569336,53.48282241821289,52.16999816894531,41.189998626708984,4.862500190734863,34.38330078125,143.9600067138672,64.16999816894531,67.5999984741211,56.84000015258789,40.41999816894531,220.0,53.790000915527344,91.70999908447266,60.70000076293945,36.19499969482422,27.790000915527344,82.87000274658203,83.66000366210938,97.13999938964844,10.420000076293945,175.35000610351562,174.13999938964844,25.976999282836914,29.75,61.400001525878906,75.08999633789062,55.09000015258789,125.70999908447266,41.790000915527344,108.66999816894531,257.7699890136719,46.380001068115234,139.66000366210938,107.62999725341797,84.45999908447266,66.11000061035156,53.99809265136719,52.7599983215332,41.540000915527344,4.894499778747559,34.51612854003906,145.25,64.37999725341797,68.06999969482422,56.90999984741211,40.5099983215332,221.02000427246094,54.04999923706055,92.19000244140625,61.040000915527344,36.310001373291016,28.09000015258789,82.98999786376953,83.81999969482422,4561300,44146300,2301100,818600,33135000,57121600,6472700,15819800,3985200,5626000,4782500,1899800,2258300,23370800,6842100,13578800,3456700,3055900,10556504,6644600,37097000,355616000,17059833,2824900,6329600,8678200,2860200,4984000,3485000,5367700,3582900,13819300,29782800,55436100,6708900,11469300
2018-01-03,69.84938049316406,11.550000190734863,139.3228759765625,164.92919921875,21.317258834838867,24.555099487304688,45.12298583984375,56.48740005493164,42.81766128540039,89.28665161132812,30.19598388671875,81.62395477294922,211.16012573242188,37.99558639526367,111.82223510742188,85.98880004882812,75.30465698242188,52.926788330078125,41.5343017578125,40.73039627075195,43.868412017822266,5.2526140213012695,23.61713981628418,107.9302978515625,53.21118927001953,56.36686706542969,54.58860778808594,34.32099914550781,195.11599731445312,39.399070739746094,67.05514526367188,48.74893569946289,26.13286018371582,24.01245880126953,73.41918182373047,59.3282585144043,99.94999694824219,11.550000190734863,180.33999633789062,179.0800018310547,26.993000030517578,29.799999237060547,61.36000061035156,74.58999633789062,56.34000015258789,128.50999450683594,42.720001220703125,110.93000030517578,253.2899932861328,45.2599983215332,140.55999755859375,108.05999755859375,85.13999938964844,68.61000061035156,53.568702697753906,52.33000183105469,44.97999954223633,5.3117499351501465,34.8292236328125,144.58999633789062,65.94000244140625,71.33000183105469,59.15666580200195,41.709999084472656,223.47999572753906,54.560001373291016,93.29000091552734,61.560001373291016,37.275001525878906,28.06999969482422,84.41000366210938,86.69999694824219,100.0999984741211,12.140000343322754,181.44000244140625,179.5800018310547,27.072999954223633,29.940000534057617,61.5099983215332,74.73999786376953,56.38999938964844,128.94000244140625,43.279998779296875,111.83000183105469,256.1400146484375,46.209999084472656,140.67999267578125,108.48999786376953,85.41999816894531,68.97000122070312,53.683204650878906,52.54999923706055,45.04999923706055,5.34250020980835,34.886146545410156,145.36000061035156,66.05999755859375,71.63999938964844,59.17333221435547,41.810001373291016,223.80999755859375,54.77000045776367,93.47000122070312,61.77000045776367,37.369998931884766,28.09000015258789,84.47000122070312,86.97000122070312,98.04000091552734,11.359999656677246,175.75999450683594,177.67999267578125,26.60300064086914,29.690000534057617,60.70000076293945,73.97000122070312,55.33000183105469,126.9000015258789,42.34000015258789,109.81999969482422,253.22000122070312,43.650001525878906,138.89999389648438,107.4800033569336,84.2699966430664,67.41000366210938,53.39694595336914,51.91999816894531,44.04999923706055,5.09375,34.37381362915039,144.30999755859375,64.69000244140625,69.12999725341797,58.323333740234375,41.439998626708984,220.52000427246094,53.95000076293945,92.5,61.099998474121094,36.7599983215332,27.8799991607666,83.36000061035156,84.81999969482422,98.55000305175781,11.609999656677246,176.91000366210938,177.72999572753906,26.729000091552734,29.899999618530273,61.209999084472656,74.3499984741211,55.380001068115234,127.45999908447266,42.439998626708984,110.13999938964844,255.47999572753906,45.470001220703125,139.36000061035156,107.86000061035156,84.73999786376953,67.45999908447266,53.654579162597656,52.29999923706055,44.5,5.102499961853027,34.582542419433594,144.60000610351562,65.22000122070312,69.97000122070312,58.456668853759766,41.59000015258789,221.6199951171875,54.0,92.58000183105469,61.220001220703125,36.79999923706055,27.969999313354492,83.5999984741211,85.16000366210938,4702300,154066700,3084000,1054200,31161000,57865700,7433500,14657900,4105800,5805500,3908700,3068400,2988200,116479000,5350500,11901000,3078400,4844000,11090460,6955500,43376700,914704000,14183151,2423200,6844200,9529200,1326900,6963200,2417600,5043800,3057600,14203700,38599200,56906200,7606500,13957700
2018-01-04,69.45101928710938,12.119999885559082,138.73577880859375,166.4672393798828,21.32437515258789,24.876453399658203,45.70774841308594,57.18411636352539,43.31166076660156,89.00872039794922,30.556467056274414,81.63864135742188,214.11134338378906,37.29879379272461,111.81430053710938,87.22063446044922,75.6407241821289,52.98080825805664,42.207557678222656,41.353057861328125,45.72146224975586,5.28030252456665,23.66861915588379,107.937744140625,53.28379821777344,57.76555252075195,54.896202087402344,34.139991760253906,195.96290588378906,39.70237350463867,67.27076721191406,49.35868835449219,26.290599822998047,24.234874725341797,73.52355194091797,59.4103889465332,99.37999725341797,12.119999885559082,179.5800018310547,180.75,27.00200080871582,30.190000534057617,61.75,75.51000213623047,56.9900016784668,128.11000061035156,43.22999954223633,110.94999694824219,256.8299865722656,44.43000030517578,140.5500030517578,109.04000091552734,85.5199966430664,68.68000030517578,54.4370231628418,53.130001068115234,46.880001068115234,5.339749813079834,34.90512466430664,144.60000610351562,66.02999877929688,73.0999984741211,59.4900016784668,41.4900016784668,224.4499969482422,54.97999954223633,93.58999633789062,62.33000183105469,37.5,28.329999923706055,84.52999877929688,86.81999969482422,100.12000274658203,12.430000305175781,180.86000061035156,181.77000427246094,27.176000595092773,30.440000534057617,61.81999969482422,76.11000061035156,57.189998626708984,128.35000610351562,43.290000915527344,111.20999908447266,259.7200012207031,44.650001525878906,141.13999938964844,110.02999877929688,85.80000305175781,69.05999755859375,54.790077209472656,53.529998779296875,46.97999954223633,5.451250076293945,35.02846145629883,147.1199951171875,66.52999877929688,73.19000244140625,59.689998626708984,42.0,226.10000610351562,55.52000045776367,93.62000274658203,63.04999923706055,37.525001525878906,28.540000915527344,84.83999633789062,87.22000122070312,98.3499984741211,11.970000267028809,178.75,179.39999389648438,26.843000411987305,29.8799991607666,60.779998779296875,74.66000366210938,56.09000015258789,127.22000122070312,42.290000915527344,109.75,254.32000732421875,42.689998626708984,140.22000122070312,108.19999694824219,84.73999786376953,68.4000015258789,53.79771041870117,52.5099983215332,45.0099983215332,5.317249774932861,34.724857330322266,144.4499969482422,65.91000366210938,71.26000213623047,59.01333236694336,41.45000076293945,224.1699981689453,54.599998474121094,92.63999938964844,61.90999984741211,37.1150016784668,28.18000030517578,84.31999969482422,86.43000030517578,100.06999969482422,12.100000381469727,180.6300048828125,180.49000549316406,27.159000396728516,29.969999313354492,61.0,75.01000213623047,56.40999984741211,127.94999694824219,42.880001068115234,110.38999938964844,255.22999572753906,43.52000045776367,140.4499969482422,108.36000061035156,85.27999877929688,68.66000366210938,53.85496139526367,52.79999923706055,45.9900016784668,5.394000053405762,34.8292236328125,145.07000732421875,66.18000030517578,71.76000213623047,59.59333419799805,41.91999816894531,224.33999633789062,54.689998626708984,93.41000366210938,61.97999954223633,37.25,28.229999542236328,84.68000030517578,86.79000091552734,3579000,109503000,2021100,915600,19067000,76512500,6403200,16864900,4897200,4598300,4243500,2125000,2583200,89209100,4837600,12953700,2462500,3156400,15751650,8678800,52229500,583268000,13046517,3292500,5060100,12252300,1335000,4876600,2749100,7583600,2977000,18740500,28613600,62247000,7762500,10863000
2018-01-05,70.66004180908203,11.880000114440918,139.5624237060547,168.4197235107422,21.450729370117188,24.9918155670166,45.811370849609375,57.108394622802734,43.22804641723633,88.86283111572266,30.47164535522461,82.53633117675781,213.0192413330078,37.559051513671875,112.73714447021484,86.66072082519531,76.56945037841797,53.48993682861328,42.163169860839844,41.337493896484375,44.66815185546875,5.325049877166748,23.713642120361328,108.0721206665039,53.63886260986328,58.160682678222656,55.209957122802734,34.93812942504883,199.69964599609375,39.94789123535156,67.5870361328125,49.69127655029297,26.280086517333984,24.303314208984375,74.1498031616211,59.36247253417969,101.11000061035156,11.880000114440918,180.64999389648438,182.8699951171875,27.16200065612793,30.329999923706055,61.88999938964844,75.41000366210938,56.880001068115234,127.9000015258789,43.11000061035156,112.16999816894531,255.52000427246094,44.7400016784668,141.7100067138672,108.33999633789062,86.56999969482422,69.33999633789062,54.3797721862793,53.11000061035156,45.79999923706055,5.385000228881836,34.97153854370117,144.77999877929688,66.47000122070312,73.5999984741211,59.83000183105469,42.459999084472656,228.72999572753906,55.31999969482422,94.02999877929688,62.75,37.48500061035156,28.40999984741211,85.25,86.75,101.19999694824219,12.220000267028809,180.8800048828125,183.4499969482422,27.426000595092773,30.420000076293945,62.18000030517578,75.7699966430664,56.90999984741211,128.10000610351562,43.27000045776367,112.30000305175781,257.489990234375,45.150001525878906,141.82000732421875,109.55000305175781,86.75,69.45999908447266,54.761451721191406,53.2400016784668,46.65999984741211,5.422749996185303,34.99051284790039,145.3699951171875,66.5999984741211,73.68000030517578,60.07666778564453,42.56999969482422,229.0500030517578,55.5,94.30000305175781,62.810001373291016,37.51499938964844,28.479999542236328,85.33000183105469,86.87999725341797,98.55999755859375,11.65999984741211,179.02999877929688,180.75,26.94499969482422,30.049999237060547,61.47999954223633,74.95999908447266,56.18000030517578,127.0999984741211,42.56999969482422,110.12000274658203,253.69000244140625,43.900001525878906,140.27999877929688,107.77999877929688,85.93000030517578,68.51000213623047,53.99809265136719,52.7400016784668,45.380001068115234,5.2769999504089355,34.734344482421875,143.94000244140625,65.5,72.25,59.40999984741211,41.790000915527344,224.72000122070312,54.95000076293945,93.43000030517578,62.09000015258789,37.17499923706055,28.229999542236328,84.63999938964844,85.70999908447266,99.33999633789062,12.1899995803833,180.83999633789062,180.83999633789062,27.19700050354004,30.3700008392334,61.869998931884766,75.70999908447266,56.68000030517578,127.97000122070312,43.06999969482422,110.66000366210938,257.17999267578125,44.43000030517578,140.69000244140625,109.26000213623047,86.08999633789062,68.87000274658203,54.761451721191406,53.20000076293945,46.130001068115234,5.354750156402588,34.93358612060547,145.13999938964844,66.04000091552734,72.94999694824219,59.75666809082031,41.88999938964844,225.19000244140625,55.43000030517578,93.5999984741211,62.7599983215332,37.45000076293945,28.479999542236328,84.80000305175781,86.75,4599300,63808900,2211400,516100,28633000,56445200,6113400,15300500,3771900,4189200,3722200,2221200,2594700,41824000,6158800,14155000,2946300,3512300,9955057,6476000,47381100,580124000,13167517,2079400,5421800,8552700,1170600,5330800,2432800,6863200,2973800,14217900,28408800,37989500,7579300,11047600
2018-01-08,69.52789306640625,12.279999732971191,139.52377319335938,169.30384826660156,21.502059936523438,24.818775177001953,45.826175689697266,56.441951751708984,43.66884994506836,89.300537109375,30.57061004638672,82.93370819091797,209.92628479003906,37.559051513671875,112.88033294677734,86.7886962890625,76.18029022216797,53.52851486206055,41.91902160644531,41.166259765625,44.42432403564453,5.4882121086120605,23.449872970581055,108.27369689941406,53.477474212646484,59.10895919799805,55.64364242553711,34.92167663574219,196.23355102539062,40.00565719604492,67.72360229492188,49.1290397644043,26.437829971313477,24.269092559814453,73.88017272949219,59.62933349609375,99.48999786376953,12.279999732971191,180.60000610351562,183.8300018310547,27.226999282836914,30.1200008392334,61.90999984741211,74.52999877929688,57.459999084472656,128.52999877929688,43.25,112.70999908447266,251.80999755859375,44.7400016784668,141.88999938964844,108.5,86.12999725341797,69.38999938964844,54.064884185791016,52.88999938964844,45.54999923706055,5.550000190734863,34.582542419433594,145.0500030517578,66.2699966430664,74.80000305175781,60.29999923706055,42.439998626708984,224.75999450683594,55.400001525878906,94.22000122070312,62.040000915527344,37.709999084472656,28.3700008392334,84.94000244140625,87.13999938964844,101.27999877929688,12.300000190734863,181.25,184.4600067138672,27.2549991607666,30.270000457763672,62.20000076293945,75.23999786376953,57.459999084472656,128.6300048828125,43.40999984741211,113.22000122070312,255.17999267578125,44.84000015258789,142.0,108.68000030517578,86.70999908447266,69.68000030517578,54.627864837646484,53.16999816894531,46.09000015258789,5.625,34.91461181640625,145.74000549316406,66.52999877929688,74.91999816894531,60.48666763305664,42.47999954223633,228.7100067138672,55.529998779296875,94.37000274658203,62.72999954223633,37.72999954223633,28.43000030517578,85.26000213623047,87.1500015258789,98.18000030517578,11.850000381469727,178.42999267578125,182.80999755859375,26.9060001373291,30.049999237060547,61.209999084472656,74.33000183105469,56.59000015258789,127.62999725341797,42.56999969482422,111.6500015258789,251.6199951171875,43.959999084472656,140.9199981689453,107.69999694824219,85.4000015258789,69.01000213623047,53.91221237182617,52.689998626708984,44.90999984741211,5.4644999504089355,34.468692779541016,144.27000427246094,65.94000244140625,72.70999908447266,59.68333435058594,42.189998626708984,224.61000061035156,55.13999938964844,93.4000015258789,61.939998626708984,37.369998931884766,28.270000457763672,84.51000213623047,86.5999984741211,101.27999877929688,12.010000228881836,180.47999572753906,183.19000244140625,27.091999053955078,30.229999542236328,61.779998779296875,75.16999816894531,56.7599983215332,127.86000061035156,43.130001068115234,112.44000244140625,254.75,44.27000045776367,141.6999969482422,108.1500015258789,86.69000244140625,69.06999969482422,54.58969497680664,52.93000030517578,45.310001373291016,5.510000228881836,34.83871078491211,144.5,66.25,73.3499984741211,59.869998931884766,42.400001525878906,228.1300048828125,55.16999816894531,94.12999725341797,62.65999984741211,37.470001220703125,28.3799991607666,85.1500015258789,86.69999694824219,5582000,63346000,2356200,763900,20971000,42914800,4663700,14215700,4522900,4826100,3596000,1934400,2940500,33733800,5129800,12466500,3251400,3212600,11642546,6681400,32217400,881216000,19964341,2564900,4266900,9778900,1622700,3538200,2850800,6817400,2493400,15569400,19558400,44252100,5167300,10927100
2018-01-09,70.05203247070312,11.819999694824219,141.67144775390625,168.39207458496094,21.204334259033203,24.94237518310547,45.781761169433594,57.03264617919922,44.02604293823242,88.82113647460938,30.06875991821289,82.1978530883789,211.70201110839844,36.61882400512695,114.6703109741211,87.22864532470703,76.11836242675781,53.227664947509766,42.02259826660156,41.485382080078125,41.9080924987793,5.486730098724365,23.424135208129883,110.34137725830078,52.67051315307617,59.18798065185547,55.09613800048828,34.70773696899414,197.21145629882812,40.28006362915039,67.63735961914062,49.30324935913086,26.371227264404297,24.45728874206543,74.74994659423828,59.37615966796875,100.23999786376953,11.819999694824219,183.3800048828125,182.83999633789062,26.850000381469727,30.270000457763672,61.849998474121094,75.30999755859375,57.93000030517578,127.83999633789062,42.540000915527344,111.70999908447266,253.94000244140625,43.619998931884766,144.13999938964844,109.05000305175781,86.05999755859375,69.0,54.1984748840332,53.29999923706055,42.970001220703125,5.548500061035156,34.544593811035156,147.82000732421875,65.2699966430664,74.9000015258789,59.706668853759766,42.18000030517578,225.8800048828125,55.779998779296875,94.0999984741211,62.2599983215332,37.6150016784668,28.59000015258789,85.94000244140625,86.7699966430664,100.66000366210938,12.020000457763672,184.52999877929688,184.1699981689453,27.385000228881836,30.540000915527344,62.099998474121094,75.88999938964844,58.31999969482422,128.94000244140625,43.36000061035156,113.0999984741211,255.60000610351562,44.84000015258789,145.67999267578125,109.62999725341797,86.41999816894531,69.55000305175781,54.48473358154297,53.52000045776367,45.54999923706055,5.5954999923706055,34.76280975341797,149.0399932861328,65.86000061035156,75.30000305175781,60.459999084472656,42.5,226.6300048828125,56.27000045776367,94.95999908447266,62.77000045776367,37.79499816894531,28.739999771118164,86.12000274658203,87.1500015258789,98.69999694824219,11.710000038146973,180.1199951171875,181.24000549316406,26.819000244140625,30.1299991607666,61.54999923706055,74.61000061035156,57.40999984741211,127.79000091552734,42.439998626708984,111.54000091552734,252.6199951171875,43.4900016784668,142.25999450683594,108.48999786376953,85.73999786376953,68.91000366210938,53.979007720947266,53.02000045776367,42.77000045776367,5.466000080108643,34.497154235839844,145.36000061035156,64.94000244140625,74.55999755859375,59.63999938964844,42.130001068115234,223.3000030517578,55.47999954223633,94.0,62.06999969482422,37.55500030517578,28.440000534057617,85.12000274658203,86.6500015258789,99.48999786376953,12.0,180.52999877929688,184.07000732421875,27.305999755859375,30.200000762939453,61.869998931884766,74.76000213623047,57.470001220703125,128.42999267578125,43.36000061035156,112.93000030517578,252.8000030517578,44.70000076293945,142.3699951171875,108.72000122070312,86.19999694824219,69.38999938964844,54.20801544189453,53.060001373291016,45.27000045776367,5.555500030517578,34.573055267333984,145.99000549316406,65.63999938964844,74.77999877929688,60.459999084472656,42.4900016784668,224.75999450683594,55.54999923706055,94.76000213623047,62.29999923706055,37.78499984741211,28.489999771118164,85.19999694824219,86.94000244140625,4055400,62560900,3031700,854300,26027000,69479100,5156800,14209500,5519700,4422300,5826100,1944100,2637300,44282300,8897000,13292300,2426000,2980300,11142022,6622700,62982900,497000000,16876226,2438100,7632300,9370300,1464600,5729900,2672200,6392100,3884900,15766500,18469000,51418700,6962900,8131600
2018-01-10,69.66767883300781,11.960000038146973,141.2697296142578,166.430419921875,20.75655746459961,25.173097610473633,45.90019607543945,57.29014587402344,43.81324768066406,89.3908462524414,29.814302444458008,82.41864013671875,212.02713012695312,35.6785774230957,114.53508758544922,88.18852233886719,76.15373992919922,53.62108612060547,42.392513275146484,41.97572326660156,42.23968505859375,5.5297441482543945,23.46273422241211,111.68495178222656,52.662452697753906,59.74112319946289,54.434818267822266,33.98363494873047,195.74461364746094,40.583351135253906,67.67327117919922,49.98428726196289,26.33967399597168,24.662599563598633,74.6195068359375,58.903987884521484,99.69000244140625,11.960000038146973,182.86000061035156,180.7100067138672,26.283000946044922,30.549999237060547,62.0099983215332,75.6500015258789,57.650001525878906,128.66000366210938,42.18000030517578,112.01000213623047,254.3300018310547,42.5,143.97000122070312,110.25,86.0999984741211,69.51000213623047,54.67557144165039,53.93000030517578,43.310001373291016,5.5920000076293945,34.60151672363281,149.6199951171875,65.26000213623047,75.5999984741211,58.9900016784668,41.29999923706055,224.1999969482422,56.20000076293945,94.1500015258789,63.119998931884766,37.56999969482422,28.829999923706055,85.79000091552734,86.08000183105469,100.19999694824219,12.149999618530273,183.6999969482422,181.5500030517578,26.61400032043457,30.729999542236328,62.06999969482422,76.27999877929688,58.279998779296875,128.75999450683594,42.68000030517578,113.75,255.14999389648438,43.599998474121094,144.16000366210938,110.69999694824219,86.16999816894531,69.62999725341797,54.742366790771484,54.47999954223633,43.369998931884766,5.5954999923706055,34.734344482421875,151.10000610351562,65.73999786376953,76.06999969482422,59.27333450317383,41.45000076293945,225.00999450683594,56.70000076293945,94.6500015258789,63.400001525878906,37.75,28.950000762939453,85.80999755859375,87.19000244140625,99.18000030517578,11.5600004196167,180.3699951171875,179.3300018310547,26.072999954223633,30.309999465942383,61.18000030517578,75.37000274658203,57.560001373291016,127.80000305175781,41.959999084472656,111.86000061035156,252.35000610351562,42.439998626708984,143.32000732421875,109.38999938964844,85.48999786376953,68.44999694824219,53.874046325683594,53.61000061035156,41.38999938964844,5.400000095367432,34.44971466064453,148.0,64.87999725341797,75.0,58.516666412353516,40.720001220703125,223.02999877929688,55.84000015258789,93.55999755859375,62.36000061035156,37.540000915527344,28.6299991607666,85.1500015258789,85.9800033569336,99.6500015258789,11.630000114440918,182.66000366210938,181.38999938964844,26.597999572753906,30.3700008392334,61.52000045776367,75.69999694824219,58.13999938964844,128.30999755859375,42.54999923706055,111.94000244140625,255.0,43.33000183105469,143.5500030517578,109.47000122070312,85.61000061035156,68.79000091552734,53.959922790527344,53.939998626708984,41.95000076293945,5.454999923706055,34.47817611694336,148.47999572753906,65.4800033569336,75.12000274658203,59.029998779296875,41.349998474121094,224.8300018310547,55.9900016784668,93.80999755859375,62.47999954223633,37.724998474121094,28.68000030517578,85.6500015258789,87.0,4608600,52561200,2542700,668700,31607000,63532800,5096300,14008000,4627900,5292200,3457100,4750900,2927200,45735000,6558600,15834500,1674600,2719400,9497395,11028800,53348000,582664000,18755825,1960900,6569300,10017600,2030400,7102700,2311600,7121800,2391800,18107500,21644000,64670900,10835800,10822300
2018-01-11,69.87178802490234,12.140000343322754,140.57443237304688,164.44107055664062,20.809467315673828,25.26373291015625,46.24070358276367,57.22197341918945,44.97602462768555,92.10748291015625,30.44337272644043,84.72171020507812,212.69407653808594,36.44252014160156,115.18745422363281,88.66045379638672,76.41024017333984,54.191925048828125,42.614463806152344,42.18588638305664,41.76179504394531,5.5396318435668945,23.520641326904297,113.08086395263672,52.79962921142578,60.8869514465332,54.7608642578125,33.761451721191406,196.7836151123047,40.92998504638672,67.9607925415039,49.89716720581055,26.87950325012207,24.782360076904297,74.9413070678711,59.48563766479492,99.2699966430664,12.140000343322754,181.9600067138672,178.5500030517578,26.350000381469727,30.65999984741211,62.470001220703125,75.55999755859375,59.18000030517578,132.57000732421875,43.06999969482422,115.13999938964844,255.1300048828125,43.40999984741211,144.7899932861328,110.83999633789062,86.38999938964844,70.25,54.961830139160156,54.20000076293945,42.81999969482422,5.6020002365112305,34.68690872192383,151.49000549316406,65.43000030517578,77.05000305175781,59.34333419799805,41.029998779296875,225.38999938964844,56.68000030517578,94.55000305175781,63.0099983215332,38.34000015258789,28.969999313354492,86.16000366210938,86.93000030517578,99.48999786376953,12.1899995803833,182.86000061035156,180.22999572753906,26.385000228881836,30.690000534057617,62.52000045776367,76.0199966430664,59.47999954223633,133.32000732421875,43.560001373291016,115.72000122070312,255.88999938964844,43.58000183105469,144.89999389648438,110.93000030517578,86.58999633789062,70.43000030517578,54.97137451171875,54.34000015258789,44.0,5.656750202178955,34.819732666015625,151.49000549316406,65.5,77.22000122070312,59.37333297729492,41.400001525878906,225.9199981689453,56.7400016784668,94.61000061035156,63.66999816894531,38.474998474121094,29.0,86.18000030517578,87.37000274658203,98.55999755859375,11.899999618530273,181.10000610351562,177.91000366210938,26.155000686645508,30.450000762939453,61.79999923706055,75.13999938964844,57.540000915527344,128.75999450683594,42.25,112.45999908447266,252.97000122070312,42.45000076293945,143.69000244140625,110.05000305175781,85.87000274658203,69.3499984741211,54.54198455810547,53.81999969482422,42.619998931884766,5.580249786376953,34.554080963134766,149.83999633789062,65.13999938964844,75.41999816894531,58.936668395996094,40.95000076293945,223.6999969482422,56.220001220703125,93.61000061035156,62.689998626708984,37.564998626708984,28.809999465942383,85.69999694824219,85.93000030517578,99.37000274658203,12.069999694824219,182.86000061035156,180.0800018310547,26.35700035095215,30.65999984741211,61.9900016784668,75.9800033569336,58.16999816894531,128.9199981689453,42.619998931884766,112.79000091552734,255.75,42.79999923706055,144.1300048828125,110.66999816894531,86.16999816894531,69.72000122070312,54.67557144165039,54.13999938964844,43.52000045776367,5.625,34.76280975341797,150.4199981689453,65.19999694824219,75.66999816894531,59.18000030517578,41.220001220703125,224.17999267578125,56.47999954223633,94.58999633789062,63.650001525878906,37.70000076293945,28.950000762939453,85.94000244140625,86.36000061035156,4240900,38354900,2101300,831900,17726000,59318300,6591100,15459900,7341800,11641300,6856900,3828100,2422400,35371500,4962200,13676800,2647500,2494500,7447402,8310000,39402200,406032000,15102555,2397000,4233100,10248700,1047300,5701800,2543600,6146900,2679700,22075000,36179000,42361700,4247800,14366000
2018-01-12,70.62493133544922,12.020000457763672,142.95387268066406,166.5777587890625,20.871854782104492,25.700456619262695,46.492366790771484,58.19132614135742,45.63722229003906,92.82308959960938,31.12900161743164,85.1337661743164,214.27806091308594,36.2997932434082,115.9591293334961,90.12425994873047,76.93209838867188,55.09449005126953,43.3986930847168,42.901947021484375,41.75204086303711,5.512439727783203,23.507776260375977,113.34212493896484,52.75926971435547,61.61395263671875,55.056156158447266,33.89310836791992,199.62109375,41.146610260009766,69.54212188720703,49.53291702270508,27.13890838623047,25.004772186279297,75.515380859375,59.88936996459961,100.33999633789062,12.020000457763672,185.0399932861328,180.8699951171875,26.429000854492188,31.190000534057617,62.810001373291016,76.83999633789062,60.04999923706055,133.60000610351562,44.040000915527344,115.69999694824219,257.0299987792969,43.2400016784668,145.75999450683594,112.66999816894531,86.9800033569336,71.41999816894531,55.97328186035156,55.119998931884766,42.810001373291016,5.57450008392334,34.667930603027344,151.83999633789062,65.37999725341797,77.97000122070312,59.663333892822266,41.189998626708984,228.63999938964844,56.97999954223633,96.75,62.54999923706055,38.709999084472656,29.229999542236328,86.81999969482422,87.5199966430664,100.63999938964844,12.069999694824219,185.61000061035156,181.47000122070312,26.531999588012695,31.200000762939453,63.220001220703125,76.95999908447266,60.2400016784668,133.85000610351562,44.209999084472656,116.47000122070312,257.29998779296875,43.599998474121094,146.4199981689453,112.8499984741211,87.41000366210938,71.5,56.11641311645508,55.13999938964844,43.349998474121094,5.624750137329102,34.91461181640625,153.5,65.9000015258789,78.08999633789062,59.790000915527344,41.29999923706055,229.89999389648438,57.119998931884766,97.0,63.400001525878906,38.810001373291016,29.25,86.91999816894531,87.98999786376953,98.66000366210938,11.800000190734863,181.75,179.94000244140625,26.201000213623047,30.770000457763672,62.52000045776367,75.77999877929688,59.119998931884766,132.11000061035156,43.02000045776367,114.79000091552734,254.08999633789062,43.0099983215332,144.89999389648438,110.83999633789062,86.02999877929688,70.47000122070312,55.238548278808594,54.52000045776367,42.68000030517578,5.5335001945495605,34.5920295715332,150.0,65.08000183105469,77.05000305175781,59.186668395996094,40.7599983215332,226.52000427246094,56.59000015258789,94.70999908447266,62.04999923706055,38.349998474121094,28.959999084472656,86.25,87.18000030517578,99.33999633789062,11.819999694824219,182.33999633789062,181.11000061035156,26.339000701904297,30.8799991607666,62.75,75.9000015258789,59.38999938964844,132.19000244140625,43.08000183105469,114.94999694824219,255.75,43.45000076293945,144.99000549316406,111.6500015258789,86.5199966430664,70.47000122070312,55.29580307006836,54.56999969482422,42.81999969482422,5.590000152587891,34.75332260131836,152.3300018310547,65.61000061035156,77.37000274658203,59.40666580200195,41.040000915527344,227.4499969482422,56.959999084472656,94.91000366210938,63.20000076293945,38.349998474121094,29.139999389648438,86.31999969482422,87.19999694824219,4372600,47149300,3111400,710300,19881000,66371600,5489200,16946700,6742100,7232900,7671400,2025300,2849200,29973600,5450600,18884200,2728900,2628200,12935569,8998000,28458500,359916000,20240700,3275200,5007200,9211500,1101900,5028000,3943800,5339800,2873400,25886100,39638400,44537500,5391700,9834500
2018-01-16,72.13821411132812,11.90999984741211,143.34019470214844,171.65231323242188,20.78972625732422,25.741655349731445,44.35316467285156,58.39580535888672,44.7176399230957,91.71836853027344,30.577688217163086,83.55535125732422,215.47018432617188,36.21585464477539,116.83417510986328,89.80431365966797,75.43730926513672,54.60078811645508,45.92152786254883,42.497222900390625,41.85932159423828,5.441486835479736,23.546377182006836,114.21981048583984,55.075252532958984,60.98178482055664,55.237632751464844,34.74887466430664,203.3404083251953,41.283817291259766,69.11083221435547,49.493316650390625,26.79538917541504,24.93634796142578,75.8893814086914,59.51301956176758,102.48999786376953,11.90999984741211,185.5399932861328,186.3800048828125,26.325000762939453,31.239999771118164,59.91999816894531,77.11000061035156,58.84000015258789,132.00999450683594,43.2599983215332,113.38999938964844,258.4599914550781,43.13999938964844,146.86000061035156,112.2699966430664,85.29000091552734,70.77999877929688,59.22710037231445,54.599998474121094,42.91999816894531,5.502749919891357,34.724857330322266,152.25999450683594,68.25,77.16999816894531,59.86000061035156,42.22999954223633,232.89999389648438,57.16999816894531,96.1500015258789,62.5,38.220001220703125,29.149999618530273,87.25,86.97000122070312,103.0,12.199999809265137,187.4499969482422,188.5,26.700000762939453,31.790000915527344,61.86000061035156,78.44000244140625,60.220001220703125,133.8800048828125,44.41999816894531,116.44000244140625,261.7699890136719,43.790000915527344,148.05999755859375,113.43000030517578,86.58999633789062,71.83000183105469,60.85877990722656,55.97999954223633,43.86000061035156,5.687749862670898,35.08538818359375,154.89999389648438,68.6500015258789,78.0,60.563331604003906,42.349998474121094,235.0,57.689998626708984,97.55000305175781,63.150001525878906,38.82500076293945,29.530000686645508,87.94999694824219,87.76000213623047,100.0,11.800000190734863,184.1699981689453,185.25999450683594,26.166000366210938,31.030000686645508,59.41999816894531,76.79000091552734,58.79999923706055,131.60000610351562,43.2400016784668,113.08000183105469,256.3999938964844,42.88999938964844,146.02999877929688,111.06999969482422,85.1500015258789,70.61000061035156,58.44465637207031,54.20000076293945,42.41999816894531,5.417250156402588,34.60151672363281,151.52999877929688,66.02999877929688,76.94999694824219,59.5099983215332,41.810001373291016,231.25,56.93000030517578,95.66000366210938,62.18000030517578,38.150001525878906,28.989999771118164,87.11000061035156,86.5999984741211,100.26000213623047,12.050000190734863,185.6199951171875,187.6999969482422,26.51799964904785,31.739999771118164,61.75,77.76000213623047,60.0,133.6699981689453,44.16999816894531,115.81999969482422,259.25,43.54999923706055,146.4199981689453,111.51000213623047,85.93000030517578,71.5999984741211,58.921756744384766,55.650001525878906,43.13999938964844,5.601250171661377,34.69639587402344,152.80999755859375,66.2300033569336,77.75,60.16999816894531,42.0099983215332,233.3699951171875,57.540000915527344,96.8499984741211,62.790000915527344,38.79999923706055,29.479999542236328,87.36000061035156,87.73999786376953,8528600,42686600,3374600,1518900,33528000,104467900,14471700,26181400,5458600,6254200,5634900,4835600,4445500,38367200,8804000,22703300,4878300,4401500,50399682,11168500,38174800,702348000,30536699,2688300,24478800,11902500,1462500,9081600,6852600,8840200,3052500,17907800,33789800,67563800,8920000,10882800
2018-01-17,73.45442199707031,12.180000305175781,145.24839782714844,183.44088745117188,20.99189567565918,25.692209243774414,45.781761169433594,58.66844177246094,45.492828369140625,91.96155548095703,30.70491600036621,83.65852355957031,211.46023559570312,37.265228271484375,116.9296875,90.38023376464844,76.25101470947266,55.526493072509766,45.891937255859375,43.08097457885742,43.16621017456055,5.555456161499023,23.91951560974121,115.69763946533203,54.8896598815918,61.013397216796875,56.84019470214844,35.489444732666016,208.16854858398438,40.68445587158203,70.12433624267578,50.58612823486328,27.030242919921875,25.124540328979492,76.62001037597656,60.21783447265625,104.36000061035156,12.180000305175781,188.00999450683594,199.17999267578125,26.58099937438965,31.18000030517578,61.849998474121094,77.47000122070312,59.86000061035156,132.36000061035156,43.439998626708984,113.52999877929688,253.64999389648438,44.38999938964844,146.97999572753906,112.98999786376953,86.20999908447266,71.9800033569336,59.18893051147461,55.349998474121094,44.2599983215332,5.618000030517578,35.275142669677734,154.22999572753906,68.0199966430664,77.20999908447266,61.5966682434082,43.130001068115234,238.42999267578125,56.34000015258789,97.55999755859375,63.880001068115234,38.55500030517578,29.3700008392334,88.08999633789062,88.0,104.83999633789062,12.1899995803833,189.3000030517578,201.1999969482422,26.652999877929688,31.290000915527344,62.0,77.66000366210938,60.189998626708984,132.8000030517578,43.84000015258789,114.3499984741211,262.0,44.45000076293945,148.32000732421875,113.30000305175781,86.36000061035156,72.4800033569336,59.72328186035156,55.40999984741211,44.380001068115234,5.627999782562256,35.455406188964844,154.92999267578125,68.9000015258789,77.79000091552734,61.68000030517578,43.27000045776367,238.9600067138672,57.040000915527344,98.11000061035156,64.04000091552734,38.720001220703125,29.450000762939453,88.27999877929688,88.20999908447266,102.55000305175781,11.819999694824219,185.89999389648438,194.75999450683594,26.04599952697754,30.34000015258789,60.279998779296875,76.0999984741211,58.779998779296875,130.9600067138672,42.65999984741211,112.13999938964844,248.83999633789062,43.5099983215332,145.47999572753906,111.30999755859375,85.47000122070312,70.91999816894531,59.05534362792969,53.86000061035156,42.97999954223633,5.422500133514404,34.886146545410156,151.83999633789062,67.23999786376953,76.41000366210938,60.356666564941406,42.5,233.85000610351562,55.369998931884766,96.29000091552734,62.4900016784668,38.08000183105469,28.989999771118164,87.43000030517578,86.93000030517578,103.0,11.899999618530273,187.6999969482422,194.99000549316406,26.54800033569336,31.0,60.33000183105469,76.88999938964844,58.970001220703125,132.19000244140625,43.45000076293945,113.70999908447266,260.9800109863281,43.54999923706055,147.83999633789062,111.88999938964844,85.80000305175781,71.11000061035156,59.4370231628418,54.779998779296875,43.209999084472656,5.517499923706055,34.93358612060547,152.99000549316406,68.5199966430664,77.0,60.41999816894531,42.65999984741211,234.6699981689453,57.040000915527344,96.45999908447266,62.849998474121094,38.33000183105469,29.229999542236328,87.6500015258789,87.19999694824219,5384900,39020800,4018200,2653200,37365000,124382900,10608500,20958400,5798400,5632700,4341500,3324300,8608100,32368600,10619700,14940300,4083300,3489700,22940615,11905200,38077100,538408000,25332363,2738500,12559100,8009600,1136700,7117700,5124800,9782100,2940700,23892900,28014800,54312000,7214600,10546000
2018-01-18,73.06729125976562,12.470000267028809,144.92398071289062,187.2906494140625,21.306991577148438,25.93941307067871,45.76696014404297,58.607852935791016,45.416812896728516,91.42658996582031,30.5352725982666,84.18171691894531,209.22598266601562,37.34078598022461,116.8819580078125,90.59620666503906,75.90608978271484,55.14849090576172,45.226078033447266,43.46235275268555,42.90288162231445,5.548533916473389,23.797277450561523,115.30757141113281,54.913883209228516,60.349613189697266,57.09549331665039,36.67435073852539,212.2982177734375,40.547245025634766,69.33368682861328,50.641571044921875,26.809404373168945,25.09032440185547,76.63741302490234,59.82779312133789,103.80999755859375,12.470000267028809,187.58999633789062,203.36000061035156,26.979999542236328,31.479999542236328,61.83000183105469,77.38999938964844,59.7599983215332,131.58999633789062,43.20000076293945,114.23999786376953,250.97000122070312,44.47999954223633,146.9199981689453,113.26000213623047,85.81999969482422,71.48999786376953,58.33015441894531,55.84000015258789,43.9900016784668,5.611000061035156,35.09487533569336,153.7100067138672,68.05000305175781,76.37000274658203,61.87333297729492,44.56999969482422,243.16000366210938,56.150001525878906,96.45999908447266,63.95000076293945,38.2400016784668,29.329999923706055,88.11000061035156,87.43000030517578,104.8499984741211,12.680000305175781,188.55999755859375,205.5800018310547,27.006000518798828,31.709999084472656,61.900001525878906,77.69999694824219,60.060001373291016,132.5,43.779998779296875,115.16000366210938,254.5399932861328,44.7400016784668,147.44000244140625,113.72000122070312,86.13999938964844,72.5199966430664,59.274810791015625,55.9900016784668,44.650001525878906,5.665999889373779,35.265655517578125,154.88999938964844,68.18000030517578,77.47000122070312,62.176666259765625,44.849998474121094,243.89999389648438,56.810001373291016,97.2300033569336,64.30999755859375,38.505001068115234,29.479999542236328,88.19999694824219,88.19000244140625,103.44000244140625,12.149999618530273,185.5,201.80999755859375,26.447999954223633,31.209999084472656,61.099998474121094,77.08000183105469,59.150001525878906,131.02999877929688,42.900001525878906,112.81999969482422,250.60000610351562,44.16999816894531,145.97000122070312,112.2699966430664,85.2699966430664,71.16000366210938,57.85305404663086,55.09000015258789,43.90999984741211,5.566999912261963,34.819732666015625,152.94000244140625,67.48999786376953,75.69000244140625,61.503334045410156,43.5,238.5500030517578,56.09000015258789,95.9800033569336,63.86000061035156,38.16999816894531,29.290000915527344,87.5999984741211,87.33999633789062,104.29000091552734,12.180000305175781,187.4499969482422,202.17999267578125,26.54599952697754,31.329999923706055,61.810001373291016,77.66000366210938,59.619998931884766,132.35000610351562,43.22999954223633,113.36000061035156,254.49000549316406,44.400001525878906,146.92999267578125,112.76000213623047,86.04000091552734,71.77999877929688,59.16030502319336,55.900001525878906,44.209999084472656,5.598499774932861,35.265655517578125,153.6999969482422,67.75,76.56999969482422,61.57666778564453,43.86000061035156,239.25999450683594,56.52000045776367,97.11000061035156,63.869998931884766,38.40999984741211,29.469999313354492,88.0999984741211,87.7699966430664,6371200,62086200,3084900,3618500,30319000,76463800,7904200,15420800,4554800,5890000,2714700,4564600,4984500,26826500,5554800,14572900,4445800,3610600,20861278,13953900,25152100,408632000,19946528,2680000,6797900,10588500,3163800,11866200,6234200,9218100,2489400,16305900,23029200,49247400,7954800,9223700
2018-01-19,73.65150451660156,12.59000015258789,146.22959899902344,189.2799530029297,21.037702560424805,26.13716697692871,46.100067138671875,59.2970085144043,45.40922546386719,91.22510528564453,30.28787612915039,84.27751159667969,213.51939392089844,37.6262092590332,117.23200988769531,90.39627838134766,75.61418151855469,55.457061767578125,45.3370475769043,44.723262786865234,41.69353103637695,5.688704490661621,23.76511573791504,116.46282196044922,54.905799865722656,60.389122009277344,57.15393829345703,36.75664138793945,212.46409606933594,40.7711067199707,69.9087142944336,50.85538101196289,26.774349212646484,25.26996421813965,76.9244384765625,59.636192321777344,104.63999938964844,12.59000015258789,189.27999877929688,205.52000427246094,26.638999938964844,31.719999313354492,62.279998779296875,78.30000305175781,59.75,131.3000030517578,42.849998474121094,114.37000274658203,256.1199951171875,44.81999969482422,147.36000061035156,113.01000213623047,85.48999786376953,71.88999938964844,58.47328186035156,57.459999084472656,42.75,5.752749919891357,35.04743957519531,155.25,68.04000091552734,76.41999816894531,61.936668395996094,44.66999816894531,243.35000610351562,56.459999084472656,97.26000213623047,64.22000122070312,38.189998626708984,29.540000915527344,88.44000244140625,87.1500015258789,104.87000274658203,12.880000114440918,189.72000122070312,206.02999877929688,26.944000244140625,31.739999771118164,62.41999816894531,78.37999725341797,59.810001373291016,132.0,43.029998779296875,114.76000213623047,256.1400146484375,44.88999938964844,147.64999389648438,114.33999633789062,86.27999877929688,72.02999877929688,58.66412353515625,57.5,44.20000076293945,5.777249813079834,35.370018005371094,156.14999389648438,68.25,77.18000030517578,62.25,45.540000915527344,244.35000610351562,56.52000045776367,97.29000091552734,64.26000213623047,38.20500183105469,29.549999237060547,88.47000122070312,87.76000213623047,103.55000305175781,12.539999961853027,187.60000610351562,203.1699981689453,26.60700035095215,31.459999084472656,61.560001373291016,77.43000030517578,59.27000045776367,130.2100067138672,42.38999938964844,113.47000122070312,250.25999450683594,44.25,146.4199981689453,112.80000305175781,85.31999969482422,71.08999633789062,57.86259460449219,55.689998626708984,42.650001525878906,5.675000190734863,34.629981994628906,154.10000610351562,67.75,74.25,61.56999969482422,44.58000183105469,241.07000732421875,56.0,96.25,63.83000183105469,37.939998626708984,29.3700008392334,88.0,86.61000061035156,104.33000183105469,12.5600004196167,188.36000061035156,205.22000122070312,26.915000915527344,31.579999923706055,62.099998474121094,77.56999969482422,59.68000030517578,131.8300018310547,42.939998626708984,113.94999694824219,251.0,44.619998931884766,147.4600067138672,113.94000244140625,86.16999816894531,71.66000366210938,58.66412353515625,55.689998626708984,43.95000076293945,5.702250003814697,35.284629821777344,154.36000061035156,68.04000091552734,75.0,62.1533317565918,45.06999969482422,244.17999267578125,56.4900016784668,96.7699966430664,64.1500015258789,38.154998779296875,29.43000030517578,88.44999694824219,87.56999969482422,4991300,46800700,3652300,1122900,29963000,66491000,7490300,17814000,5037500,6048900,5604300,2920600,4643400,25780200,8738800,18785500,5826900,3894300,12745671,15124200,41469200,609380000,31133684,2735600,8864300,13389800,1188600,6543700,4293600,10529300,2368800,16524000,25925400,60727800,4802400,13090000
2018-01-22,74.95362854003906,12.649999618530273,148.5858917236328,189.29833984375,20.699695587158203,26.318450927734375,46.840267181396484,59.5166130065918,46.108402252197266,92.10052490234375,31.673274993896484,86.0828857421875,218.02125549316406,38.40694046020508,117.85252380371094,91.45209503173828,75.56997680664062,56.436744689941406,45.31486511230469,44.645442962646484,41.8203125,5.777209281921387,23.75867462158203,116.81538391113281,55.41419982910156,63.05219650268555,57.578407287597656,38.163700103759766,212.64743041992188,41.348812103271484,71.12345886230469,51.259239196777344,27.35274314880371,25.475276947021484,77.4289321899414,60.38890075683594,106.48999786376953,12.649999618530273,192.3300018310547,205.5399932861328,26.211000442504883,31.940000534057617,63.279998779296875,78.58999633789062,60.66999816894531,132.55999755859375,44.810001373291016,116.81999969482422,261.5199890136719,45.75,148.13999938964844,114.33000183105469,85.44000244140625,73.16000366210938,58.44465637207031,57.36000061035156,42.880001068115234,5.842249870300293,35.0379524230957,155.72000122070312,68.66999816894531,79.79000091552734,62.39666748046875,46.380001068115234,243.55999755859375,57.2599983215332,98.94999694824219,64.7300033569336,39.01499938964844,29.780000686645508,89.0199966430664,88.25,106.54000091552734,12.739999771118164,192.57000732421875,205.5399932861328,26.677000045776367,31.940000534057617,63.43000030517578,78.9000015258789,60.68000030517578,132.55999755859375,44.81999969482422,116.86000061035156,262.8699951171875,45.790000915527344,148.13999938964844,114.38999938964844,85.56999969482422,73.19999694824219,58.625953674316406,57.47999954223633,42.880001068115234,5.843999862670898,35.1707763671875,155.72000122070312,68.75,79.87999725341797,62.413333892822266,46.400001525878906,243.8000030517578,57.2599983215332,99.0999984741211,64.75,39.029998779296875,29.790000915527344,89.06999969482422,88.29000091552734,104.45999908447266,12.369999885559082,189.42999267578125,203.3000030517578,26.062000274658203,31.579999923706055,62.02000045776367,78.05000305175781,59.790000915527344,131.27999877929688,42.9900016784668,114.41000366210938,255.19000244140625,44.790000915527344,146.72000122070312,112.5,82.4000015258789,71.72000122070312,57.93893051147461,56.130001068115234,41.68000030517578,5.702499866485596,34.84819793701172,154.30999755859375,67.70999908447266,76.83999633789062,61.75666809082031,45.939998626708984,241.36000061035156,56.540000915527344,97.43000030517578,63.970001220703125,38.22999954223633,29.510000228881836,88.25,87.05000305175781,104.69999694824219,12.609999656677246,189.72999572753906,204.5,26.565000534057617,31.670000076293945,62.290000915527344,78.23999786376953,59.86000061035156,131.3000030517578,43.060001373291016,114.52999877929688,255.4499969482422,44.79999923706055,147.00999450683594,112.66000366210938,83.25,72.04000091552734,58.15839767456055,56.470001220703125,42.470001220703125,5.760749816894531,35.0,155.1199951171875,67.80999755859375,77.04000091552734,62.0533332824707,46.0,243.58999633789062,56.540000915527344,97.62000274658203,64.0,38.2400016784668,29.549999237060547,88.41000366210938,87.16999816894531,4538100,34758600,3579800,1002300,27230000,53848800,6748100,11561100,5748800,5248800,4840600,2233200,5264700,27706800,7010400,12475700,6374000,4365700,12835380,16858300,37879400,550944000,21380495,1856600,8566200,13192700,1247700,8335800,4012200,7687200,2441200,12245200,34033400,46868900,11152500,10270400
2018-01-23,74.1723403930664,12.9399995803833,148.32318115234375,189.19700622558594,20.762081146240234,26.301969528198242,46.9512825012207,59.4863166809082,45.95640563964844,91.03055572509766,31.468294143676758,86.8344955444336,216.82907104492188,38.66719055175781,112.83259582519531,91.35612487792969,74.66781616210938,56.40590286254883,45.647796630859375,44.29518508911133,42.86387252807617,5.906255722045898,23.687911987304688,116.8528823852539,55.14790725708008,62.593833923339844,58.03981018066406,38.081417083740234,214.0880584716797,41.291038513183594,70.93656158447266,51.06917953491211,27.310678482055664,25.500938415527344,77.0549087524414,60.423133850097656,105.37999725341797,12.9399995803833,191.99000549316406,205.42999267578125,26.290000915527344,31.920000076293945,63.43000030517578,78.55000305175781,60.470001220703125,131.02000427246094,44.52000045776367,117.83999633789062,260.0899963378906,46.060001373291016,141.8300018310547,114.20999908447266,84.41999816894531,73.12000274658203,58.874046325683594,56.90999984741211,43.95000076293945,5.972750186920166,34.93358612060547,155.77000427246094,68.33999633789062,79.20999908447266,62.89666748046875,46.279998779296875,245.2100067138672,57.18000030517578,98.69000244140625,64.48999786376953,38.95500183105469,29.809999465942383,88.58999633789062,88.30000305175781,106.97000122070312,13.0,196.02999877929688,205.9199981689453,26.44099998474121,32.130001068115234,63.68000030517578,78.88999938964844,60.70000076293945,132.55999755859375,45.13999938964844,118.5999984741211,260.260009765625,46.09000015258789,147.44000244140625,114.63999938964844,85.91999816894531,73.5,59.28435134887695,57.310001373291016,44.65999984741211,5.9957499504089355,35.180267333984375,156.50999450683594,68.9000015258789,80.3499984741211,62.9033317565918,46.56999969482422,246.97999572753906,57.47999954223633,99.30999755859375,64.8499984741211,39.130001068115234,29.860000610351562,89.18000030517578,88.45999908447266,105.02999877929688,12.760000228881836,191.60000610351562,204.0500030517578,25.81100082397461,31.790000915527344,62.79999923706055,77.95999908447266,60.029998779296875,130.72999572753906,44.2400016784668,116.87999725341797,256.8500061035156,45.630001068115234,141.6199951171875,113.3499984741211,84.23999786376953,72.63999938964844,58.082061767578125,56.650001525878906,42.72999954223633,5.877500057220459,34.667930603027344,154.3300018310547,68.23999786376953,78.58000183105469,62.46333312988281,46.060001373291016,242.41000366210938,56.790000915527344,98.05999755859375,64.22000122070312,38.7599983215332,29.56999969482422,88.51000213623047,87.73999786376953,106.16999816894531,12.819999694824219,193.0,204.4199981689453,26.173999786376953,31.860000610351562,62.9900016784668,78.45999908447266,60.61000061035156,132.3800048828125,44.88999938964844,117.05000305175781,258.0,45.810001373291016,146.9600067138672,113.66999816894531,85.18000030517578,73.30999755859375,58.23473358154297,57.13999938964844,43.25,5.896249771118164,34.93358612060547,154.60000610351562,68.5999984741211,79.81999969482422,62.69333267211914,46.47999954223633,242.99000549316406,56.86000061035156,99.30999755859375,64.30999755859375,39.09000015258789,29.709999084472656,89.01000213623047,88.25,5095300,46417200,3486700,559900,35398000,56531400,6459900,10080000,5478800,5747300,4173500,3150700,4003600,22135100,17473600,12320800,5728100,2852600,11718212,9372200,41334100,475228000,18527212,2313100,7825600,9332600,1467000,5659600,3300000,5449700,2120300,12937100,20369800,60862000,7637600,10281800
2018-01-24,74.26385498046875,12.710000038146973,147.27255249023438,186.268310546875,20.285085678100586,26.442049026489258,47.195560455322266,60.16790008544922,45.971614837646484,91.28762817382812,31.468294143676758,87.29873657226562,221.4892578125,38.20545196533203,113.02355194091797,92.5239486694336,74.56168365478516,55.225624084472656,45.263084411621094,44.552032470703125,42.0153694152832,5.829371929168701,23.75867462158203,118.33073425292969,54.85737228393555,61.77992248535156,56.711002349853516,37.299713134765625,213.7737579345703,41.70265197753906,70.19622802734375,51.8531494140625,27.237058639526367,25.672029495239258,77.28106689453125,60.58053207397461,105.51000213623047,12.710000038146973,190.6300048828125,202.25,25.68600082397461,32.09000015258789,63.7599983215332,79.44999694824219,60.4900016784668,131.38999938964844,44.52000045776367,118.47000122070312,265.67999267578125,45.5099983215332,142.07000732421875,115.66999816894531,84.30000305175781,71.58999633789062,58.377864837646484,57.2400016784668,43.08000183105469,5.894999980926514,35.0379524230957,157.74000549316406,67.9800033569336,78.18000030517578,61.456668853759766,45.33000183105469,244.85000610351562,57.75,97.66000366210938,65.4800033569336,38.849998474121094,30.010000228881836,88.8499984741211,88.52999877929688,106.2300033569336,13.050000190734863,192.94000244140625,204.00999450683594,26.32699966430664,32.209999084472656,64.0,79.70999908447266,61.31999969482422,132.6699981689453,45.029998779296875,118.9000015258789,265.7799987792969,46.130001068115234,143.55999755859375,116.0,85.16000366210938,73.52999877929688,59.26526641845703,57.72999954223633,43.95000076293945,6.012249946594238,35.1707763671875,158.27000427246094,68.29000091552734,79.25,62.459999084472656,45.66999816894531,247.30999755859375,57.939998626708984,99.94999694824219,65.62999725341797,39.19499969482422,30.079999923706055,89.18000030517578,88.91999816894531,104.0999984741211,12.600000381469727,189.50999450683594,200.47000122070312,25.600000381469727,31.81999969482422,63.13999938964844,78.66000366210938,60.45000076293945,131.07000732421875,44.060001373291016,117.19999694824219,260.29998779296875,44.959999084472656,141.8000030517578,114.66000366210938,84.27999877929688,71.29000091552734,58.167938232421875,56.900001525878906,42.7400016784668,5.838749885559082,34.84819793701172,155.69000244140625,67.37999725341797,77.66999816894531,61.02000045776367,45.25,243.7100067138672,57.310001373291016,96.9800033569336,64.80000305175781,38.71500015258789,29.770000457763672,88.54000091552734,88.01000213623047,105.26000213623047,13.020000457763672,192.75,203.50999450683594,26.097000122070312,32.0099983215332,63.709999084472656,78.95999908447266,60.540000915527344,131.3800048828125,44.70000076293945,117.98999786376953,260.739990234375,45.900001525878906,143.5,114.86000061035156,84.86000061035156,73.37000274658203,59.16984558105469,57.209999084472656,43.7599983215332,5.97599983215332,35.09487533569336,155.69000244140625,68.19999694824219,78.95999908447266,62.246665954589844,45.63999938964844,246.00999450683594,57.310001373291016,99.93000030517578,64.94999694824219,39.0,29.950000762939453,89.02999877929688,88.48999786376953,4436500,41956400,2765700,669800,45405000,81585000,6430000,18108600,4992000,6868200,5302100,2463900,4314000,32464200,13034400,15904500,5977700,3933900,14129241,8403600,31305700,579972000,18673191,1828800,12383100,10369000,3006000,7400600,2733300,5612700,3109500,20180300,25839400,66371000,8291100,10316100
2018-01-25,76.22760009765625,12.40999984741211,146.84759521484375,184.96051025390625,19.529312133789062,26.442049026489258,47.01791000366211,60.16032791137695,45.204017639160156,90.7734603881836,31.037111282348633,86.547119140625,224.28207397460938,38.029170989990234,114.87714385986328,92.54794311523438,75.18965148925781,54.83220672607422,45.35185241699219,44.21734619140625,41.94710159301758,5.842968463897705,23.951679229736328,118.37572479248047,54.40547561645508,61.10822296142578,55.72670364379883,37.11045455932617,214.06187438964844,41.868736267089844,69.85120391845703,51.9877815246582,27.023229598999023,25.620698928833008,77.94210052490234,60.471038818359375,108.30000305175781,12.40999984741211,190.0800018310547,200.8300018310547,24.729000091552734,32.09000015258789,63.52000045776367,79.44000244140625,59.47999954223633,130.64999389648438,43.90999984741211,117.44999694824219,269.0299987792969,45.29999923706055,144.39999389648438,115.69999694824219,85.01000213623047,71.08000183105469,58.492366790771484,56.810001373291016,43.0099983215332,5.908750057220459,35.32258224487305,157.8000030517578,67.41999816894531,77.33000183105469,60.38999938964844,45.099998474121094,245.17999267578125,57.97999954223633,97.18000030517578,65.6500015258789,38.54499816894531,29.950000762939453,89.61000061035156,88.37000274658203,108.37000274658203,12.9399995803833,191.8000030517578,208.5800018310547,25.784000396728516,32.25,64.26000213623047,80.38999938964844,60.900001525878906,131.8699951171875,45.15999984741211,119.0,270.5,46.369998931884766,144.66000366210938,116.16999816894531,85.4000015258789,72.2300033569336,58.568702697753906,57.369998931884766,44.720001220703125,5.993750095367432,35.426944732666016,158.69000244140625,68.37000274658203,79.08999633789062,62.28333282470703,45.779998779296875,246.19000244140625,58.15999984741211,98.19000244140625,65.8499984741211,39.04499816894531,30.1299991607666,89.69999694824219,88.87000274658203,105.73999786376953,12.319999694824219,188.89999389648438,200.64999389648438,24.700000762939453,31.93000030517578,63.20000076293945,79.20999908447266,59.400001525878906,130.33999633789062,43.88999938964844,117.02999877929688,265.010009765625,45.16999816894531,142.2100067138672,115.08000183105469,84.55999755859375,71.01000213623047,58.15839767456055,56.61000061035156,42.86000061035156,5.893750190734863,35.00948715209961,157.35000610351562,67.29000091552734,77.2300033569336,60.38999938964844,45.040000915527344,243.89999389648438,57.68000030517578,96.87999725341797,65.4000015258789,38.474998474121094,29.850000381469727,88.94000244140625,88.19999694824219,105.94999694824219,12.779999732971191,191.39999389648438,207.13999938964844,25.77400016784668,32.2400016784668,64.0,79.8499984741211,60.75,131.75999450683594,44.970001220703125,118.91999816894531,266.3500061035156,45.880001068115234,142.30999755859375,116.04000091552734,84.80999755859375,72.08000183105469,58.492366790771484,57.36000061035156,44.22999954223633,5.949999809265137,35.07590103149414,158.35000610351562,68.13999938964844,78.9800033569336,62.12666702270508,45.709999084472656,244.75,57.939998626708984,98.19000244140625,65.69999694824219,39.04499816894531,30.1299991607666,89.27999877929688,88.55000305175781,6327500,42966600,2470300,1380200,59520000,62265800,6183200,16178800,5473400,4597200,3633900,2061200,5055000,36758700,7938800,13510000,5201600,2894300,9853610,9463800,40519200,409884000,18988232,2054800,9122200,7142000,2254800,7655700,2420500,5859400,2725300,17568700,23436800,45423700,6339300,11271900
2018-01-26,86.72209930419922,12.949999809265137,151.42886352539062,190.1916961669922,19.805713653564453,26.53269386291504,47.558265686035156,60.644996643066406,45.895606994628906,91.148681640625,31.00177574157715,86.77555084228516,223.54013061523438,42.041954040527344,115.61701202392578,93.04387664794922,77.02054595947266,55.341346740722656,45.89933776855469,44.83222961425781,42.590789794921875,6.015524864196777,25.096830368041992,119.0208511352539,55.30120849609375,61.3294792175293,57.50767517089844,37.62062454223633,216.93429565429688,41.96261978149414,70.93656158447266,52.20950698852539,27.17045783996582,25.808900833129883,79.62081146240234,60.90214538574219,123.20999908447266,12.949999809265137,196.00999450683594,206.50999450683594,25.07900047302246,32.20000076293945,64.25,80.08000183105469,60.38999938964844,131.19000244140625,43.86000061035156,117.76000213623047,268.1400146484375,50.08000183105469,145.3300018310547,116.31999969482422,87.08000183105469,71.73999786376953,59.1984748840332,57.599998474121094,43.66999816894531,6.083250045776367,37.01138687133789,158.66000366210938,68.52999877929688,77.61000061035156,62.31999969482422,45.720001220703125,248.47000122070312,58.11000061035156,98.69000244140625,65.93000030517578,38.755001068115234,30.170000076293945,91.54000091552734,89.0,125.86000061035156,12.949999809265137,196.8000030517578,206.6699981689453,25.094999313354492,32.20000076293945,64.7300033569336,80.08000183105469,60.52000045776367,131.75,44.310001373291016,118.05999755859375,269.0,50.150001525878906,145.60000610351562,116.31999969482422,87.47000122070312,72.0199966430664,59.23664093017578,57.619998931884766,43.810001373291016,6.083499908447266,37.08728790283203,158.75,68.52999877929688,78.18000030517578,62.33000183105469,45.7400016784668,248.74000549316406,58.11000061035156,98.75,66.04000091552734,38.81999969482422,30.18000030517578,91.55999755859375,89.0,113.5,12.619999885559082,190.99000549316406,203.72999572753906,24.52400016784668,31.950000762939453,63.630001068115234,78.95999908447266,59.61000061035156,130.3699951171875,43.7599983215332,116.80000305175781,266.04998779296875,48.119998931884766,144.1300048828125,114.95999908447266,84.76000213623047,71.19000244140625,58.53053283691406,56.75,43.029998779296875,5.940000057220459,35.38899230957031,157.0800018310547,67.5999984741211,77.38999938964844,61.176666259765625,45.029998779296875,244.4600067138672,57.5,97.38999938964844,65.25,38.54999923706055,29.899999618530273,90.0,88.47000122070312,114.5,12.699999809265137,191.0500030517578,204.0399932861328,24.941999435424805,32.11000061035156,63.93000030517578,79.61000061035156,59.70000076293945,130.7100067138672,44.029998779296875,117.05999755859375,267.489990234375,48.380001068115234,144.5,115.69999694824219,84.76000213623047,71.29000091552734,58.67366409301758,57.09000015258789,43.220001220703125,5.953000068664551,35.38899230957031,158.02000427246094,67.94000244140625,77.69000244140625,61.206668853759766,45.5,245.0,57.959999084472656,97.55999755859375,65.88999938964844,38.630001068115234,30.040000915527344,90.0199966430664,88.63999938964844,19614500,44239000,3920300,1069200,49014000,52699900,6727300,12807800,5277700,6310500,2734500,2170900,3535400,86916100,8065600,13883900,6394100,3556100,11060278,8382200,27177500,516356000,51441419,1930100,7919000,6055300,1667700,7057300,2615300,6057600,2122200,16251900,15570600,33871900,9784400,10514400
2018-01-29,86.08863830566406,13.319999694824219,152.96624755859375,187.89846801757812,19.385576248168945,26.598608016967773,47.691505432128906,60.55411911010742,45.34082794189453,89.26580047607422,30.627161026000977,85.90602111816406,227.15821838378906,41.9580078125,114.3043441772461,92.9478988647461,77.48046875,54.114784240722656,45.596004486083984,44.715492248535156,42.22018051147461,6.1025471687316895,25.103273391723633,119.43343353271484,54.32477569580078,60.35750198364258,57.424625396728516,37.3573112487793,216.00881958007812,41.875972747802734,69.28337097167969,52.122398376464844,26.76032829284668,25.70624542236328,79.40338134765625,60.22467803955078,122.30999755859375,13.319999694824219,198.0,204.02000427246094,24.547000885009766,32.279998779296875,64.43000030517578,79.95999908447266,59.65999984741211,128.47999572753906,43.33000183105469,116.58000183105469,272.4800109863281,49.97999954223633,143.67999267578125,116.19999694824219,87.5999984741211,70.1500015258789,58.8072509765625,57.45000076293945,43.290000915527344,6.171249866485596,37.0208740234375,159.2100067138672,67.31999969482422,76.37999725341797,62.22999954223633,45.400001525878906,247.41000366210938,57.9900016784668,96.38999938964844,65.81999969482422,38.16999816894531,30.049999237060547,91.29000091552734,88.01000213623047,124.1500015258789,13.470000267028809,201.22999572753906,204.58999633789062,24.948999404907227,32.45000076293945,64.95999908447266,80.69999694824219,60.529998779296875,131.5800018310547,44.40999984741211,118.12999725341797,273.7900085449219,50.849998474121094,144.94000244140625,117.3499984741211,88.33000183105469,71.75,59.29389190673828,58.04999923706055,43.41999816894531,6.202750205993652,37.40986633300781,160.07000732421875,68.30000305175781,77.41000366210938,62.66666793823242,45.689998626708984,250.7899932861328,58.5,98.62999725341797,66.30999755859375,38.73500061035156,30.329999923706055,91.79000091552734,89.30000305175781,118.9800033569336,13.050000190734863,195.64999389648438,201.92999267578125,24.349000930786133,32.18000030517578,64.08000183105469,79.83000183105469,59.560001373291016,128.32000732421875,43.310001373291016,116.41999816894531,268.80999755859375,49.369998931884766,143.52999877929688,116.0199966430664,86.6500015258789,69.97000122070312,58.74045944213867,57.40999984741211,42.380001068115234,6.015250205993652,36.7836799621582,158.39999389648438,67.23999786376953,76.0999984741211,61.49333190917969,45.20000076293945,247.39999389648438,57.93000030517578,96.19000244140625,65.66000366210938,38.11000061035156,30.030000686645508,91.27999877929688,87.94999694824219,121.5,13.130000114440918,196.2100067138672,204.33999633789062,24.827999114990234,32.25,64.12000274658203,80.12000274658203,59.91999816894531,130.05999755859375,43.59000015258789,117.12000274658203,269.0400085449219,49.599998474121094,144.85000610351562,116.0199966430664,86.7699966430664,71.51000213623047,59.11259460449219,57.4900016784668,43.25,6.06850004196167,37.00189971923828,158.4499969482422,68.16000366210938,77.08999633789062,62.09333419799805,45.470001220703125,249.27999877929688,58.040000915527344,98.62999725341797,65.77999877929688,38.599998474121094,30.190000534057617,91.30000305175781,88.58999633789062,10182700,66645400,4565700,1064500,50401000,59126500,6763300,14611100,4167600,6350700,3401000,1584900,3881100,46304000,8013400,11679900,5324500,4153100,9198191,7493500,29455000,455116000,36779014,1686600,9745300,7877900,1626000,11604400,2564700,6004000,2787100,16105200,25294400,41037700,12643800,9315700
2018-01-30,81.56285095214844,12.869999885559082,147.76695251464844,184.4079132080078,19.030990600585938,26.269004821777344,47.343605041503906,59.53934097290039,44.4288444519043,87.00775146484375,29.347787857055664,84.86701202392578,224.20701599121094,40.95901107788086,113.3099136352539,92.0760269165039,76.14488220214844,53.327945709228516,44.87096405029297,44.24644088745117,40.64021301269531,6.000447750091553,24.318391799926758,118.45072174072266,54.058494567871094,58.90350341796875,56.28346252441406,36.9294319152832,206.614501953125,41.44990921020508,67.80984497070312,51.69477844238281,26.22049903869629,25.372623443603516,77.73335266113281,59.38298797607422,115.87999725341797,12.869999885559082,191.27000427246094,200.22999572753906,24.097999572753906,31.8799991607666,63.959999084472656,78.62000274658203,58.459999084472656,125.2300033569336,41.52000045776367,115.16999816894531,268.94000244140625,48.790000915527344,142.42999267578125,115.11000061035156,86.08999633789062,69.12999725341797,57.872135162353516,56.599998474121094,41.66999816894531,6.067999839782715,35.86337661743164,157.89999389648438,66.98999786376953,74.54000091552734,60.99333190917969,44.880001068115234,236.64999389648438,57.400001525878906,94.33999633789062,65.27999877929688,37.400001525878906,29.65999984741211,89.37000274658203,86.77999877929688,121.44999694824219,13.270000457763672,196.47000122070312,203.4199981689453,24.503000259399414,32.20000076293945,64.61000061035156,79.5999984741211,59.31999969482422,128.00999450683594,43.040000915527344,115.9800033569336,272.0,50.060001373291016,143.82000732421875,116.5999984741211,86.94000244140625,69.58000183105469,58.44465637207031,57.290000915527344,42.79999923706055,6.1605000495910645,36.764705657958984,159.4199981689453,67.91000366210938,75.79000091552734,61.689998626708984,45.029998779296875,242.74000549316406,58.09000015258789,96.0199966430664,65.93000030517578,37.95500183105469,30.020000457763672,90.11000061035156,88.37999725341797,115.87000274658203,12.6899995803833,190.5500030517578,200.02999877929688,23.701000213623047,31.850000381469727,63.310001373291016,78.61000061035156,58.08000183105469,125.19000244140625,41.40999984741211,113.9000015258789,267.1099853515625,48.7400016784668,142.42999267578125,114.9800033569336,85.20999908447266,67.80999755859375,57.671756744384766,56.54999923706055,41.470001220703125,5.960249900817871,35.436431884765625,157.13999938964844,66.7300033569336,73.93000030517578,60.913333892822266,44.400001525878906,232.10000610351562,57.38999938964844,92.11000061035156,65.27999877929688,37.369998931884766,29.65999984741211,89.22000122070312,86.77999877929688,119.41999816894531,13.119999885559082,196.17999267578125,202.86000061035156,24.125,31.950000762939453,63.93000030517578,79.19999694824219,58.939998626708984,127.61000061035156,42.91999816894531,115.9800033569336,270.3900146484375,49.47999954223633,143.39999389648438,115.52999877929688,86.63999938964844,69.05000305175781,58.0057258605957,56.66999816894531,41.9900016784668,6.027750015258789,36.25237274169922,158.25,67.43000030517578,75.4000015258789,61.33333206176758,44.56999969482422,232.8800048828125,57.63999938964844,95.81999969482422,65.43000030517578,37.849998474121094,29.829999923706055,89.48999786376953,87.54000091552734,11851400,91236400,3990800,744900,46002000,60555800,5848000,15816900,6381000,8084000,6403900,3589100,3970400,32814600,8376100,14279100,5388400,4841700,13666654,7321200,38861900,570832000,48483684,2372700,8059500,11371000,1948500,10224600,11565500,5069000,4338800,16158900,45503600,67316900,14270600,12408000
2018-01-31,78.98672485351562,13.739999771118164,143.7342071533203,186.92225646972656,19.587751388549805,26.367891311645508,46.3369255065918,59.43330383300781,44.69482421875,87.09114837646484,29.241758346557617,84.74173736572266,223.33180236816406,40.413333892822266,109.93682861328125,92.5239486694336,72.04090881347656,53.435935974121094,43.835201263427734,44.20735549926758,42.63955307006836,6.0765886306762695,23.829444885253906,118.54077911376953,55.075252532958984,58.14487838745117,56.74176025390625,37.28324508666992,206.7279510498047,41.26215744018555,68.98150634765625,52.09072494506836,26.238021850585938,25.441051483154297,76.62872314453125,59.73884582519531,112.22000122070312,13.739999771118164,186.0500030517578,202.9600067138672,24.80299949645996,32.0,62.599998474121094,78.4800033569336,58.810001373291016,125.3499984741211,41.369998931884766,115.0,267.8900146484375,48.13999938964844,138.19000244140625,115.66999816894531,81.44999694824219,69.2699966430664,56.536258697509766,56.54999923706055,43.720001220703125,6.144999980926514,35.14231491088867,158.02000427246094,68.25,73.58000183105469,61.4900016784668,45.310001373291016,236.77999877929688,57.13999938964844,95.97000122070312,65.77999877929688,37.42499923706055,29.739999771118164,88.0999984741211,87.30000305175781,116.5,13.850000381469727,192.27000427246094,203.66000366210938,25.31399917602539,32.290000915527344,64.02999877929688,79.38999938964844,59.2400016784668,125.81999969482422,41.970001220703125,115.7300033569336,270.0,49.25,142.57000732421875,116.66000366210938,86.7300033569336,69.63999938964844,58.01526641845703,57.08000183105469,43.959999084472656,6.231750011444092,36.043643951416016,159.42999267578125,68.37999725341797,74.94999694824219,61.93000030517578,45.79999923706055,247.0,57.650001525878906,96.43000030517578,66.0999984741211,37.564998626708984,29.889999389648438,90.08999633789062,87.47000122070312,111.29000091552734,13.149999618530273,184.64999389648438,202.0,24.486000061035156,31.950000762939453,61.939998626708984,78.19000244140625,58.279998779296875,124.05000305175781,41.06999969482422,114.43000030517578,266.3299865722656,47.560001373291016,138.10000610351562,115.16000366210938,81.2699966430664,68.20999908447266,56.20228958129883,56.33000183105469,42.77000045776367,6.111249923706055,34.94307327270508,157.42999267578125,67.45999908447266,73.11000061035156,61.150001525878906,45.119998931884766,235.75999450683594,57.02000045776367,94.45999908447266,65.16000366210938,37.165000915527344,29.639999389648438,87.79000091552734,86.33000183105469,116.20999908447266,13.239999771118164,191.63999938964844,202.38999938964844,25.0,32.04999923706055,63.959999084472656,78.77999877929688,58.529998779296875,125.41999816894531,41.52000045776367,115.31999969482422,268.54998779296875,49.22999954223633,142.57000732421875,115.6500015258789,86.5,69.23999786376953,57.98664093017578,56.709999084472656,42.97999954223633,6.14424991607666,35.977230072021484,158.39999389648438,67.55000305175781,74.88999938964844,61.709999084472656,45.43000030517578,242.83999633789062,57.310001373291016,94.55000305175781,65.2699966430664,37.5,29.739999771118164,89.83000183105469,86.55999755859375,15744800,140977800,4677700,701800,80482000,65734100,8886900,16266300,7073700,9626800,4526900,2409800,3710200,41619900,13137400,13141400,10558500,6425000,15582712,7193100,45114600,478576000,35859926,1921800,13915600,10198700,1163700,6333300,5187400,7893000,5334000,18147900,31450600,49504500,15858400,14404700
2018-02-01,81.88662719726562,13.25,143.35568237304688,185.50390625,18.858034133911133,26.77988624572754,46.484962463378906,59.97856140136719,45.105228424072266,87.24397277832031,29.842567443847656,85.86181640625,226.94984436035156,40.001983642578125,111.39269256591797,93.48384857177734,72.88999938964844,52.988521575927734,44.286495208740234,44.91091537475586,41.439945220947266,5.945563793182373,23.913854598999023,119.38844299316406,53.9051628112793,59.670005798339844,56.46185302734375,37.39844512939453,205.36598205566406,41.49322509765625,68.06143951416016,52.18631362915039,26.507932662963867,25.68057632446289,76.65481567382812,60.95004653930664,116.33999633789062,13.25,185.55999755859375,201.4199981689453,23.878999710083008,32.5,62.79999923706055,79.19999694824219,59.349998474121094,125.56999969482422,42.220001220703125,116.5199966430664,272.2300109863281,47.650001525878906,140.02000427246094,116.87000274658203,82.41000366210938,68.69000244140625,57.11832046508789,57.45000076293945,42.4900016784668,6.012499809265137,34.94307327270508,159.14999389648438,66.80000305175781,75.51000213623047,61.186668395996094,45.45000076293945,235.22000122070312,57.459999084472656,94.69000244140625,65.51000213623047,37.810001373291016,30.020000457763672,88.12999725341797,89.06999969482422,117.52999877929688,13.84000015258789,186.8300018310547,203.39999389648438,24.59000015258789,32.5,62.97999954223633,79.2300033569336,59.970001220703125,125.62999725341797,42.349998474121094,116.56999969482422,272.5899963378906,48.470001220703125,140.6699981689453,116.98999786376953,82.87000274658203,70.48999786376953,57.57633590698242,57.459999084472656,44.09000015258789,6.172500133514404,35.48387145996094,159.83999633789062,68.3499984741211,75.55999755859375,62.09000015258789,45.93000030517578,237.82000732421875,57.459999084472656,96.87000274658203,66.08999633789062,37.834999084472656,30.049999237060547,88.52999877929688,89.25,112.2300033569336,13.210000038146973,182.3300018310547,200.41000366210938,23.809999465942383,31.959999084472656,61.95000076293945,78.13999938964844,58.150001525878906,124.05999755859375,41.459999084472656,114.58000183105469,266.0,47.45000076293945,137.0,115.4800033569336,81.29000091552734,67.12000274658203,56.364505767822266,56.369998931884766,42.099998474121094,5.951499938964844,34.734344482421875,157.10000610351562,66.31999969482422,73.79000091552734,60.90666580200195,45.29999923706055,233.8300018310547,56.709999084472656,92.69999694824219,65.05999755859375,37.26499938964844,29.670000076293945,87.54000091552734,87.3499984741211,112.23999786376953,13.619999885559082,185.0,202.0800018310547,24.172000885009766,32.0,62.18000030517578,78.2699966430664,59.0,125.5999984741211,41.68000030517578,115.27999877929688,266.1499938964844,47.70000076293945,137.52999877929688,115.7699966430664,81.54000091552734,69.7699966430664,56.459922790527344,56.5,43.040000915527344,5.9629998207092285,34.734344482421875,157.41000366210938,67.0,73.79000091552734,61.0,45.33000183105469,235.25999450683594,56.93000030517578,96.41999816894531,65.37000274658203,37.474998474121094,29.68000030517578,87.76000213623047,87.5,9943500,67543300,4078100,741500,66851000,62367400,7133000,12437200,7011000,7844500,7342200,2507600,3388200,28840400,9393600,13800600,8410700,6953500,14009664,7474400,35713500,519224000,29697926,2016400,16838500,8671600,1255500,6706500,4268300,5357600,5032300,15717600,36023200,60824200,12848700,17971000
2018-02-02,81.06310272216797,12.449999809265137,144.47584533691406,179.1951904296875,18.596637725830078,26.32669448852539,46.98830795288086,58.56427764892578,43.86644744873047,82.38745880126953,28.294601440429688,83.14271545410156,216.78733825683594,38.74272537231445,109.53109741210938,91.412109375,71.80207061767578,52.00111389160156,43.32471466064453,43.37089920043945,39.81123352050781,5.773005962371826,23.77100944519043,118.50325775146484,53.316070556640625,58.231815338134766,54.94234085083008,36.624969482421875,202.44993591308594,41.08884048461914,66.98326110839844,51.03919219970703,25.40022850036621,25.115985870361328,75.57626342773438,57.84333801269531,115.16999816894531,12.449999809265137,187.00999450683594,194.57000732421875,23.54800033569336,31.950000762939453,63.47999954223633,77.0199966430664,57.720001220703125,118.58000183105469,40.029998779296875,112.83000183105469,260.0400085449219,46.150001525878906,137.67999267578125,114.27999877929688,81.18000030517578,67.41000366210938,55.877864837646484,55.47999954223633,40.81999969482422,5.8379998207092285,34.734344482421875,157.97000122070312,66.06999969482422,73.69000244140625,59.540000915527344,44.5099983215332,231.8800048828125,56.900001525878906,93.19000244140625,64.06999969482422,36.22999954223633,29.360000610351562,86.88999938964844,84.52999877929688,117.93000030517578,13.0600004196167,192.60000610351562,199.5,23.79599952697754,32.66999816894531,64.29000091552734,79.05999755859375,59.439998626708984,123.94999694824219,41.75,115.19000244140625,271.75,47.790000915527344,140.36000061035156,116.91999816894531,83.02999877929688,69.44999694824219,57.22328186035156,57.290000915527344,42.209999084472656,5.949250221252441,35.341556549072266,159.44000244140625,67.04000091552734,75.25,60.72999954223633,45.31999969482422,236.3000030517578,57.79999923706055,95.8499984741211,65.52999877929688,37.20500183105469,30.040000915527344,88.18000030517578,86.01000213623047,114.91999816894531,12.430000305175781,183.00999450683594,194.47000122070312,23.409000396728516,31.860000610351562,62.849998474121094,76.87999725341797,57.61000061035156,117.63999938964844,39.95000076293945,112.41000366210938,259.3500061035156,46.099998474121094,137.3800048828125,114.08999633789062,81.12000274658203,66.80999755859375,55.610687255859375,55.38999938964844,40.61000061035156,5.779250144958496,34.639469146728516,157.3699951171875,65.86000061035156,73.36000061035156,59.5099983215332,44.45000076293945,231.19000244140625,56.779998779296875,92.73999786376953,63.83000183105469,36.029998779296875,29.34000015258789,86.87000274658203,83.0,115.5,13.050000190734863,183.4600067138672,199.33999633789062,23.677000045776367,32.439998626708984,62.88999938964844,78.6500015258789,59.16999816894531,123.94999694824219,41.619998931884766,115.01000213623047,270.0,47.31999969482422,139.02000427246094,116.48999786376953,81.87999725341797,68.33000183105469,56.68893051147461,57.029998779296875,42.0,5.925000190734863,34.724857330322266,158.66000366210938,66.18000030517578,74.87999725341797,60.68333435058594,45.0099983215332,233.0,57.2400016784668,94.19000244140625,65.33000183105469,37.1150016784668,29.959999084472656,87.41000366210938,85.12999725341797,7184400,79432600,7029400,917300,58352000,96971900,11719200,18561200,8433300,13182600,6009900,2549400,5913900,28663000,9262500,16477300,5152500,5035100,12852777,9783700,40657400,718464000,25588907,2782000,10971700,9066600,3241800,12051800,3959900,7111300,4656700,18905300,62010800,73086000,10539200,29822100
2018-02-05,77.07926940917969,11.569999694824219,135.00430297851562,171.92861938476562,18.013813018798828,24.934133529663086,45.122982025146484,55.712860107421875,42.513671875,78.24654388427734,27.319168090820312,80.73309326171875,207.6753692626953,37.37435531616211,103.7315673828125,87.02867126464844,68.5383529663086,49.81801223754883,41.72666549682617,41.08038330078125,38.42631530761719,5.283023357391357,22.511363983154297,112.76451110839844,49.81386184692383,56.382667541503906,52.35546875,35.34132766723633,192.09519958496094,39.44240188598633,64.52503204345703,46.3311882019043,24.334579467773438,23.84992027282715,72.22759246826172,54.55189514160156,109.51000213623047,11.569999694824219,174.75,186.67999267578125,22.809999465942383,30.260000228881836,60.959999084472656,73.2699966430664,55.939998626708984,112.62000274658203,38.650001525878906,109.55999755859375,249.11000061035156,44.52000045776367,130.38999938964844,108.80000305175781,77.48999786376953,64.58000183105469,53.816795349121094,52.54999923706055,39.400001525878906,5.34250020980835,32.89373779296875,150.32000732421875,61.72999954223633,71.3499984741211,56.73666763305664,42.95000076293945,220.02000427246094,54.619998931884766,89.7699966430664,58.15999984741211,34.709999084472656,27.8799991607666,83.04000091552734,79.72000122070312,115.54000091552734,12.180000305175781,188.60000610351562,196.57000732421875,24.399999618530273,31.979999542236328,65.88999938964844,77.22000122070312,58.470001220703125,118.30000305175781,40.18000030517578,113.87999725341797,263.29998779296875,47.2599983215332,137.0,114.58999633789062,81.61000061035156,67.44000244140625,56.25,55.630001068115234,41.529998779296875,5.830749988555908,34.819732666015625,157.74000549316406,66.55000305175781,74.37999725341797,59.973331451416016,44.810001373291016,233.11000061035156,56.91999816894531,93.66000366210938,59.88999938964844,36.20000076293945,29.209999084472656,86.98999786376953,83.98999786376953,109.4000015258789,10.930000305175781,174.6199951171875,186.55999755859375,22.760000228881836,29.149999618530273,60.93000030517578,72.19999694824219,55.40999984741211,108.0199966430664,38.29999923706055,109.0,241.5,44.5,122.1500015258789,103.9800033569336,76.55000305175781,63.22999954223633,53.26335906982422,51.91999816894531,39.0099983215332,5.125,32.25806427001953,149.3000030517578,60.5,70.58999633789062,56.56999969482422,42.810001373291016,208.47999572753906,54.47999954223633,82.9000015258789,57.5,34.13999938964844,27.600000381469727,82.37000274658203,78.12999725341797,113.0,12.050000190734863,186.82000732421875,193.33999633789062,23.468000411987305,31.1200008392334,65.43000030517578,75.5199966430664,57.13999938964844,116.98999786376953,39.369998931884766,111.69999694824219,257.510009765625,46.349998474121094,136.5800018310547,113.0,80.88999938964844,66.08000183105469,55.60114669799805,54.63999938964844,40.13999938964844,5.675000190734863,34.61100769042969,156.17999267578125,66.30000305175781,72.8499984741211,58.65666580200195,44.04999923706055,230.7899932861328,56.369998931884766,91.83999633789062,58.70000076293945,35.744998931884766,28.729999542236328,86.45999908447266,83.27999877929688,9827800,116568900,6922800,912600,70776000,155908300,23181900,31087800,11060300,15414700,8425300,3175900,6528500,47869000,19954100,30097600,8145200,5891600,20546774,13439000,45796800,1165204000,42463657,5096900,35996000,11310300,3915600,11748300,6290000,11580900,7072900,103394400,69535200,147871500,34979800,30452700
2018-02-06,78.268798828125,11.649999618530273,136.47213745117188,178.77154541015625,18.98360252380371,25.708690643310547,45.07856750488281,56.89143371582031,42.513671875,81.41474914550781,27.128320693969727,79.78248596191406,215.67027282714844,37.95753860473633,104.87712860107422,89.67633056640625,68.98060607910156,50.674278259277344,41.03121566772461,42.471900939941406,42.79560852050781,5.576716899871826,22.907434463500977,115.74266052246094,51.96846008300781,56.53385543823242,54.2502555847168,35.86796188354492,196.6002655029297,39.44240188598633,65.02101135253906,45.63016891479492,24.52737808227539,24.28619956970215,73.02777862548828,53.61442184448242,111.19999694824219,11.649999618530273,176.64999389648438,194.11000061035156,24.038000106811523,31.200000762939453,60.900001525878906,74.81999969482422,55.939998626708984,117.18000030517578,38.380001068115234,108.2699966430664,258.70001220703125,44.90999984741211,131.8300018310547,112.11000061035156,77.98999786376953,65.69000244140625,52.91984558105469,54.33000183105469,43.880001068115234,5.639500141143799,33.47248458862305,154.2899932861328,64.4000015258789,71.04000091552734,58.790000915527344,43.59000015258789,225.17999267578125,54.619998931884766,90.45999908447266,57.279998779296875,34.98500061035156,28.389999389648438,83.95999908447266,78.3499984741211,113.5199966430664,11.739999771118164,180.27999877929688,194.2899932861328,24.040000915527344,31.290000915527344,61.209999084472656,75.19000244140625,56.540000915527344,117.62999725341797,39.22999954223633,110.9000015258789,258.75,44.93000030517578,132.99000549316406,112.4800033569336,79.11000061035156,65.94000244140625,54.16984558105469,54.36000061035156,43.93000030517578,5.642499923706055,33.66223907470703,154.75999450683594,64.52999877929688,72.55999755859375,58.86000061035156,43.70000076293945,226.50999450683594,55.29999923706055,91.12000274658203,58.5,35.23500061035156,28.459999084472656,84.31999969482422,80.3499984741211,101.0,11.0,172.0399932861328,185.83999633789062,22.489999771118164,29.299999237060547,58.439998626708984,71.1500015258789,54.41999816894531,110.76000213623047,37.22999954223633,106.08999633789062,242.11000061035156,43.029998779296875,128.0,106.61000061035156,75.70999908447266,62.2599983215332,51.84160232543945,50.900001525878906,40.54999923706055,5.099999904632568,32.25806427001953,146.33999633789062,62.20000076293945,69.0,55.73666763305664,42.099998474121094,210.2100067138672,53.02000045776367,86.75,55.869998931884766,33.95000076293945,27.170000076293945,81.4000015258789,76.9000015258789,104.91000366210938,11.039999961853027,177.99000549316406,186.69000244140625,22.562000274658203,29.40999984741211,59.83000183105469,71.5199966430664,54.75,111.19999694824219,37.72999954223633,107.76000213623047,244.2100067138672,44.02000045776367,130.00999450683594,106.8499984741211,76.55999755859375,62.93000030517578,52.614505767822266,51.20000076293945,40.54999923706055,5.110000133514404,32.40986633300781,147.02000427246094,62.310001373291016,69.51000213623047,55.866668701171875,42.27000045776367,212.1999969482422,53.45000076293945,87.77999877929688,56.90999984741211,34.1150016784668,27.239999771118164,81.44000244140625,78.51000213623047,14107800,87123200,7527700,2881200,77744000,165878400,18286300,32116700,11013500,18416300,8520400,4635500,6739900,58145400,19193500,33114800,10558800,4615400,32494498,17628700,66972800,1114800000,56035067,4582200,24458700,12391900,4045500,13414100,7064800,17726400,6335000,83076900,65630400,159006400,33313400,36262800
2018-02-07,79.97212219238281,11.600000381469727,137.10568237304688,172.3614959716797,18.746686935424805,25.74989128112793,46.359130859375,57.02070999145508,42.27806091308594,80.10159301757812,25.983251571655273,77.94767761230469,214.33642578125,38.2026481628418,104.55095672607422,90.28425598144531,67.85733795166016,50.21142578125,41.341957092285156,42.643882751464844,40.97181701660156,5.656318664550781,22.712644577026367,116.27527618408203,52.48491287231445,55.50728225708008,53.08755111694336,34.46088409423828,197.1590118408203,39.572391510009766,64.57534790039062,45.8372802734375,24.11724281311035,24.303314208984375,72.9407958984375,52.64955139160156,113.62000274658203,11.600000381469727,177.47000122070312,187.14999389648438,23.738000869750977,31.25,62.630001068115234,74.98999786376953,55.630001068115234,115.29000091552734,36.7599983215332,105.77999877929688,257.1000061035156,45.20000076293945,131.4199981689453,112.87000274658203,76.72000122070312,65.08999633789062,53.32061004638672,54.54999923706055,42.0099983215332,5.71999979019165,33.1878547668457,155.0,65.04000091552734,69.75,57.529998779296875,41.880001068115234,225.82000732421875,54.79999923706055,89.83999633789062,57.540000915527344,34.400001525878906,28.40999984741211,83.86000061035156,76.94000244140625,116.8499984741211,11.899999618530273,180.99000549316406,191.60000610351562,24.309999465942383,31.739999771118164,62.77000045776367,76.08000183105469,56.970001220703125,119.2699966430664,38.91999816894531,109.70999908447266,261.95001220703125,46.29999923706055,133.42999267578125,114.44999694824219,78.55999755859375,67.63999938964844,54.11259460449219,55.709999084472656,43.560001373291016,5.8742499351501465,33.82352828979492,156.8699951171875,66.12000274658203,72.52999877929688,58.93000030517578,42.9900016784668,229.2899932861328,55.68000030517578,92.55000305175781,58.119998931884766,35.53499984741211,28.809999465942383,85.04000091552734,79.41000366210938,111.37999725341797,11.529999732971191,176.0,187.0,23.700000762939453,30.860000610351562,60.29999923706055,74.31999969482422,55.630001068115234,115.2300033569336,36.7400016784668,105.76000213623047,255.66000366210938,44.34000015258789,131.35000610351562,111.1500015258789,76.70999908447266,64.94000244140625,52.566795349121094,53.88999938964844,41.7400016784668,5.667500019073486,33.178367614746094,153.38999938964844,64.0199966430664,69.62000274658203,57.52000045776367,41.880001068115234,221.50999450683594,54.400001525878906,89.83999633789062,56.75,34.39500045776367,28.219999313354492,83.43000030517578,76.91999816894531,111.5199966430664,11.699999809265137,176.25,191.10000610351562,23.875999450683594,31.1200008392334,60.63999938964844,74.7699966430664,56.060001373291016,117.4000015258789,38.369998931884766,108.41999816894531,255.89999389648438,44.58000183105469,131.88999938964844,111.55000305175781,77.76000213623047,66.95999908447266,52.643131256103516,53.91999816894531,43.2599983215332,5.739500045776367,33.330169677734375,153.75,64.22000122070312,71.1500015258789,58.40666580200195,42.9900016784668,222.3300018310547,54.5,90.43000030517578,56.939998626708984,35.095001220703125,28.34000015258789,83.72000122070312,78.44000244140625,10030800,55758400,5715700,1275500,40475000,101180500,12176600,18908400,7721700,11535700,8469500,4666000,4125000,37508400,10550400,21878300,8240300,5065000,14349740,11541700,51354800,802932000,30955980,2495000,15021200,7345000,3262200,15239500,5589200,11005300,4344500,45551000,49207400,102699400,17338000,21994500
2018-02-08,76.35433197021484,11.220000267028809,133.74501037597656,165.6844024658203,18.129901885986328,24.50565528869629,46.403541564941406,54.6483154296875,40.46171188354492,78.02421569824219,24.696809768676758,74.454833984375,205.37445068359375,36.13193130493164,100.52548217773438,86.29277801513672,65.63724517822266,48.43716812133789,40.49114227294922,40.48627853393555,39.01148986816406,5.3774590492248535,21.836088180541992,112.05937194824219,50.370662689208984,53.63714599609375,50.85749435424805,33.21014404296875,188.9869842529297,38.01982498168945,62.36870193481445,44.13252639770508,23.38812255859375,23.233999252319336,70.40969848632812,52.05421829223633,108.4800033569336,11.220000267028809,173.1199951171875,179.89999389648438,22.957000732421875,29.739999771118164,62.689998626708984,71.87000274658203,53.2400016784668,112.30000305175781,34.939998626708984,101.04000091552734,246.35000610351562,42.75,126.36000061035156,107.87999725341797,74.20999908447266,62.790000915527344,52.22328186035156,51.790000915527344,40.0,5.438000202178955,31.907020568847656,149.3800048828125,62.41999816894531,67.4000015258789,55.11333465576172,40.36000061035156,216.4600067138672,52.650001525878906,86.7699966430664,55.400001525878906,33.36000061035156,27.15999984741211,80.94999694824219,76.06999969482422,114.0,11.850000381469727,180.4199981689453,187.3699951171875,23.851999282836914,31.3799991607666,64.7699966430664,75.25,55.83000183105469,115.88999938964844,37.38999938964844,106.5,258.7799987792969,45.41999816894531,131.25,113.11000061035156,77.6500015258789,65.3499984741211,53.874046325683594,54.650001525878906,43.029998779296875,5.880499839782715,33.36812210083008,155.8300018310547,65.06999969482422,69.9000015258789,57.959999084472656,42.119998931884766,226.6300048828125,54.790000915527344,90.37000274658203,57.439998626708984,34.57500076293945,28.510000228881836,84.11000061035156,77.58000183105469,108.31999969482422,11.210000038146973,173.0,178.1999969482422,22.951000213623047,29.729999542236328,62.529998779296875,71.80000305175781,53.22999954223633,112.20999908447266,34.88999938964844,100.9800033569336,246.0500030517578,42.7400016784668,126.11000061035156,107.83999633789062,74.19000244140625,62.77000045776367,52.20419692993164,51.790000915527344,40.0,5.437749862670898,31.878557205200195,149.3800048828125,62.400001525878906,67.3499984741211,55.06666564941406,40.36000061035156,216.25999450683594,52.61000061035156,86.75,55.349998474121094,33.345001220703125,27.139999389648438,80.87999725341797,76.02999877929688,113.33000183105469,11.720000267028809,177.92999267578125,186.8800048828125,23.73900032043457,31.309999465942383,62.54999923706055,75.06999969482422,55.619998931884766,115.16999816894531,36.880001068115234,106.0199966430664,257.92999267578125,45.279998779296875,130.91000366210938,113.11000061035156,77.19000244140625,64.91000366210938,53.47328186035156,54.540000915527344,42.52000045776367,5.8470001220703125,33.20683288574219,155.0500030517578,64.62999725341797,69.80000305175781,57.79999923706055,42.11000061035156,225.3300018310547,54.790000915527344,89.62999725341797,57.33000183105469,34.435001373291016,28.459999084472656,83.83999633789062,77.44000244140625,7212400,56471800,6026800,1767200,43200000,128981300,14961700,24941100,8618400,9927500,7717800,4675600,4166200,43151300,11680200,27425800,8059600,4379300,21871760,14073100,53794100,1144000000,45850792,2946800,13451600,12186000,4162200,11356000,4902400,10887500,3975900,43569700,55542200,135270500,20252500,25650800
2018-02-09,78.33917236328125,11.3100004196167,134.0077362060547,169.15647888183594,18.59821891784668,24.9918155670166,46.41094970703125,56.02460861206055,39.74728775024414,78.8579330444336,24.51303482055664,73.74005889892578,207.83377075195312,37.14617156982422,103.04735565185547,88.02054595947266,67.4239273071289,49.24716567993164,40.594722747802734,40.75988006591797,39.411346435546875,5.737407684326172,22.180219650268555,113.80723571777344,51.63760757446289,51.878421783447266,52.3216438293457,34.12350845336914,192.9158172607422,38.814151763916016,63.410911560058594,44.714054107666016,23.37059211730957,23.678831100463867,71.40996551513672,52.38603210449219,111.30000305175781,11.3100004196167,173.4600067138672,183.6699981689453,23.549999237060547,30.329999923706055,62.70000076293945,73.68000030517578,52.02000045776367,113.5,34.68000030517578,100.06999969482422,249.3000030517578,43.95000076293945,129.52999877929688,110.04000091552734,76.2300033569336,63.84000015258789,52.356868743896484,52.13999938964844,40.40999984741211,5.802000045776367,32.40986633300781,151.7100067138672,63.9900016784668,65.19000244140625,56.70000076293945,41.470001220703125,220.9600067138672,53.75,88.22000122070312,56.130001068115234,33.334999084472656,27.68000030517578,82.0999984741211,75.77999877929688,112.75,11.569999694824219,175.4600067138672,184.91000366210938,23.711999893188477,30.610000610351562,63.31999969482422,74.27999877929688,53.599998474121094,114.62000274658203,35.279998779296875,102.5999984741211,251.6699981689453,44.279998779296875,130.9199981689453,111.05000305175781,76.81999969482422,64.58000183105469,52.872135162353516,52.90999984741211,41.189998626708984,5.972249984741211,32.66603469848633,153.0,64.31999969482422,68.37000274658203,57.099998474121094,41.68000030517578,223.27999877929688,54.08000183105469,89.37000274658203,56.540000915527344,33.790000915527344,27.889999389648438,82.80000305175781,76.4800033569336,106.41000366210938,10.630000114440918,168.25,175.8800048828125,22.625,29.1299991607666,60.56999969482422,71.0,50.18000030517578,109.5,32.689998626708984,96.54000091552734,239.2899932861328,42.040000915527344,125.44000244140625,106.2300033569336,73.69000244140625,61.459999084472656,50.91603088378906,50.02000045776367,37.52000045776367,5.438000202178955,31.49905014038086,147.1699981689453,61.459999084472656,63.369998931884766,54.393333435058594,39.959999084472656,212.00999450683594,51.869998931884766,85.26000213623047,54.720001220703125,32.224998474121094,26.760000228881836,79.55999755859375,73.9000015258789,109.56999969482422,11.539999961853027,174.1300048828125,182.07000732421875,23.27899932861328,30.170000076293945,63.29999923706055,73.0199966430664,53.2400016784668,113.33999633789062,35.279998779296875,101.88999938964844,249.6199951171875,43.5,127.5199966430664,109.0999984741211,75.05999755859375,63.45000076293945,52.624046325683594,52.560001373291016,41.04999923706055,5.956250190734863,32.438331604003906,150.97999572753906,62.95000076293945,68.18000030517578,56.366668701171875,40.7400016784668,218.0,53.31999969482422,87.62999725341797,56.13999938964844,33.755001068115234,27.56999969482422,81.69000244140625,76.25,8909300,85458200,6093900,2070900,43282000,143071100,11158000,26616500,9685600,10922400,11522700,5335700,5978600,49301100,15030900,28188000,8939700,4871400,19472364,15736400,65189300,1674604000,49851776,2977700,23095000,19725600,5947800,10588400,6225300,12512500,5463400,48904600,70348200,149504900,35535700,29491600
2018-02-12,78.78260040283203,11.680000305175781,135.09698486328125,171.6155242919922,19.301076889038086,25.642772674560547,46.751441955566406,56.84581756591797,40.809364318847656,79.19144439697266,25.290546417236328,76.00228881835938,211.0517120361328,37.88992691040039,103.63607025146484,89.38036346435547,67.44163513183594,49.964576721191406,41.00902557373047,41.76832962036133,41.147369384765625,5.637282848358154,22.50486946105957,114.23481750488281,52.985233306884766,53.191490173339844,53.32748031616211,34.9957389831543,197.04554748535156,38.97301483154297,64.44092559814453,45.00880813598633,23.752683639526367,24.01245880126953,72.0797119140625,52.82846450805664,111.93000030517578,11.680000305175781,174.8699951171875,186.33999633789062,24.440000534057617,31.1200008392334,63.15999984741211,74.76000213623047,53.40999984741211,113.9800033569336,35.779998779296875,103.13999938964844,253.16000366210938,44.83000183105469,130.27000427246094,111.73999786376953,76.25,64.7699966430664,52.89122009277344,53.43000030517578,42.189998626708984,5.70074987411499,32.88425064086914,152.27999877929688,65.66000366210938,66.83999633789062,57.790000915527344,42.529998779296875,225.69000244140625,53.970001220703125,88.83999633789062,56.5,33.880001068115234,28.06999969482422,82.87000274658203,76.41999816894531,113.33000183105469,11.800000190734863,176.6699981689453,187.38999938964844,24.54800033569336,31.440000534057617,63.59000015258789,75.5,53.959999084472656,115.8499984741211,36.11000061035156,104.02999877929688,256.1499938964844,45.15999984741211,131.32000732421875,112.7300033569336,77.0999984741211,65.69999694824219,53.33015441894531,54.13999938964844,42.68000030517578,5.88700008392334,33.083492279052734,154.2899932861328,65.69999694824219,67.68000030517578,58.16666793823242,42.790000915527344,228.0,54.56999969482422,89.69000244140625,57.119998931884766,34.255001068115234,28.350000381469727,83.51000213623047,77.62000274658203,110.6500015258789,11.430000305175781,173.0,183.07000732421875,23.75,30.540000915527344,62.29999923706055,73.97000122070312,52.54999923706055,112.91000366210938,35.04999923706055,101.33000183105469,248.82000732421875,44.09000015258789,127.68000030517578,110.06999969482422,75.19999694824219,64.0199966430664,52.4427490234375,52.619998931884766,40.880001068115234,5.6257500648498535,32.286529541015625,151.1699981689453,64.38999938964844,66.2699966430664,56.91999816894531,41.959999084472656,222.14999389648438,53.52000045776367,88.12999725341797,55.880001068115234,33.60499954223633,27.709999084472656,81.88999938964844,75.83999633789062,112.56999969482422,11.470000267028809,174.3000030517578,183.3300018310547,23.785999298095703,30.6200008392334,62.95000076293945,74.47000122070312,52.630001068115234,114.80000305175781,35.29999923706055,101.54000091552734,251.14999389648438,44.150001525878906,130.0,111.16999816894531,76.68000030517578,64.4800033569336,52.814884185791016,52.79999923706055,41.0099983215332,5.883999824523926,32.68500900268555,152.8000030517578,64.88999938964844,66.37000274658203,57.45333480834961,42.029998779296875,222.44000244140625,54.060001373291016,88.25,56.36000061035156,33.76499938964844,27.959999084472656,82.62999725341797,77.05000305175781,4823300,63160900,4324800,1563400,35063000,95055100,7502900,16677700,7035400,8358200,6551600,3551500,3692500,28379500,9963900,18043300,6454200,3423700,13259506,11712900,47941100,1093172000,38743670,2429100,13692100,11382800,2956200,6573300,4912000,7598600,4020900,24401300,49913800,83571800,13389200,19340400
2018-02-13,78.73332214355469,11.779999732971191,135.9236602783203,170.60244750976562,19.416378021240234,25.692209243774414,47.2769889831543,57.165191650390625,40.74058532714844,78.71204376220703,24.43528175354004,75.50858306884766,213.0275421142578,37.577205657958984,103.38948059082031,89.93231201171875,67.4062271118164,50.97513961791992,40.61692428588867,41.73705291748047,41.57648849487305,5.751002788543701,22.686677932739258,114.99246215820312,53.01750946044922,52.45935821533203,53.26594924926758,34.87229919433594,197.8749542236328,39.09579086303711,64.9051513671875,46.20372772216797,23.654537200927734,24.1151123046875,72.13189697265625,52.74551773071289,111.86000061035156,11.779999732971191,175.94000244140625,185.24000549316406,24.586000442504883,31.18000030517578,63.869998931884766,75.18000030517578,53.31999969482422,113.29000091552734,34.56999969482422,102.47000122070312,255.52999877929688,44.459999084472656,129.9600067138672,112.43000030517578,76.20999908447266,66.08000183105469,52.385494232177734,53.38999938964844,42.630001068115234,5.8157501220703125,33.149906158447266,153.2899932861328,65.69999694824219,65.91999816894531,57.723331451416016,42.380001068115234,226.63999938964844,54.13999938964844,89.4800033569336,58.0,33.7400016784668,28.190000534057617,82.93000030517578,76.30000305175781,112.41000366210938,11.819999694824219,176.6999969482422,186.24000549316406,24.60300064086914,31.399999618530273,64.11000061035156,75.37999725341797,53.939998626708984,113.61000061035156,35.38999938964844,103.23999786376953,256.3999938964844,44.779998779296875,130.60000610351562,113.05000305175781,76.58999633789062,66.4000015258789,52.83396911621094,53.880001068115234,42.91999816894531,5.862500190734863,33.235294342041016,153.52999877929688,65.76000213623047,66.86000061035156,57.84333419799805,42.65999984741211,227.1199951171875,54.36000061035156,89.80000305175781,58.09000015258789,33.8849983215332,28.25,83.12000274658203,76.75,110.38999938964844,11.529999732971191,172.4600067138672,183.8300018310547,24.006000518798828,30.760000228881836,62.689998626708984,74.1500015258789,52.61000061035156,111.86000061035156,34.400001525878906,101.61000061035156,250.5800018310547,44.2599983215332,128.6999969482422,110.80000305175781,75.75,64.29000091552734,52.261451721191406,52.86000061035156,41.97999954223633,5.631249904632568,32.64706039428711,151.00999450683594,64.9800033569336,65.68000030517578,57.23666763305664,41.880001068115234,222.38999938964844,53.58000183105469,88.16000366210938,55.95000076293945,33.505001068115234,27.829999923706055,81.87999725341797,75.7300033569336,111.54000091552734,11.600000381469727,173.8699951171875,185.27999877929688,24.10099983215332,31.040000915527344,62.79999923706055,74.33999633789062,52.93000030517578,113.33999633789062,35.369998931884766,102.48999786376953,252.00999450683594,44.59000015258789,129.2100067138672,111.31999969482422,76.0199966430664,64.66999816894531,52.700382232666016,53.029998779296875,42.04999923706055,5.664000034332275,32.79886245727539,151.0399932861328,65.2300033569336,66.62999725341797,57.426666259765625,42.540000915527344,223.14999389648438,53.70000076293945,88.33000183105469,56.060001373291016,33.70500183105469,27.90999984741211,82.38999938964844,76.0999984741211,5316200,33661400,3834700,496300,23719000,76727300,7519100,11749100,5438300,7065900,4890000,1735300,2700500,19517600,6339000,16358200,4041200,3571000,17857291,8659500,30296800,625524000,21559570,2131500,7695900,7959900,1481700,5831900,3536800,5558100,3638200,24234200,24570000,43365500,8415200,11926600
2018-02-14,79.5920181274414,12.199999809265137,139.73780822753906,176.22044372558594,19.55852699279785,26.367891311645508,48.37249755859375,58.32855987548828,42.41392517089844,78.94824981689453,25.135051727294922,78.66983795166016,218.90489196777344,38.35478591918945,103.15874481201172,92.01202392578125,68.6385498046875,52.57968521118164,40.61692428588867,43.03474044799805,42.376224517822266,5.968307971954346,22.8489990234375,118.72828674316406,53.735694885253906,52.41956329345703,54.51479721069336,35.42359924316406,199.7433319091797,39.94066619873047,67.19002532958984,47.4384765625,23.998058319091797,24.688262939453125,72.94949340820312,52.85612106323242,113.08000183105469,12.199999809265137,179.52000427246094,191.33999633789062,24.766000747680664,32.0,65.3499984741211,76.70999908447266,55.5099983215332,113.62999725341797,35.560001373291016,106.76000213623047,262.5799865722656,45.380001068115234,129.6699981689453,115.02999877929688,77.02999877929688,68.16000366210938,52.385494232177734,55.04999923706055,43.45000076293945,6.0355000495910645,33.3870964050293,158.27000427246094,66.58999633789062,65.87000274658203,59.07666778564453,43.04999923706055,228.77999877929688,55.310001373291016,92.62999725341797,59.54999923706055,34.22999954223633,28.860000610351562,83.87000274658203,76.45999908447266,113.66999816894531,12.3100004196167,180.30999755859375,192.0800018310547,24.864999771118164,32.029998779296875,65.94000244140625,76.86000061035156,55.86000061035156,114.05000305175781,35.79999923706055,107.05999755859375,262.7099914550781,45.5099983215332,130.00999450683594,115.2699966430664,77.19000244140625,68.41999816894531,52.57633590698242,55.099998474121094,43.630001068115234,6.0647501945495605,33.52941131591797,158.6999969482422,66.80000305175781,66.2699966430664,59.16666793823242,43.09000015258789,229.33999633789062,55.400001525878906,93.04000091552734,59.599998474121094,34.33000183105469,28.8700008392334,84.0199966430664,76.66000366210938,110.27999877929688,11.630000114440918,174.05999755859375,183.5500030517578,24.347999572753906,31.059999465942383,63.27000045776367,74.7300033569336,52.540000915527344,111.4000015258789,33.790000915527344,101.5,254.47999572753906,44.040000915527344,128.38999938964844,112.52999877929688,75.33999633789062,65.18000030517578,51.73664093017578,53.2599983215332,41.93000030517578,5.763750076293945,32.78937530517578,152.83999633789062,65.0999984741211,64.56999969482422,57.15999984741211,41.91999816894531,223.9199981689453,53.88999938964844,88.77999877929688,57.79999923706055,33.33000183105469,28.06999969482422,82.31999969482422,75.16999816894531,111.04000091552734,11.720000267028809,174.0800018310547,183.7100067138672,24.5,31.170000076293945,63.59000015258789,75.02999877929688,52.70000076293945,112.5,34.029998779296875,101.58000183105469,255.0,44.06999969482422,129.44000244140625,112.62999725341797,75.41000366210938,65.45999908447266,51.82251739501953,53.27000045776367,41.93000030517578,5.775000095367432,32.92219924926758,152.83999633789062,65.1500015258789,65.33999633789062,57.27333450317383,42.16999816894531,224.9499969482422,54.029998779296875,88.86000061035156,57.849998474121094,33.40999984741211,28.170000076293945,82.4000015258789,75.79000091552734,6189100,51756800,5958700,930600,25491000,97251500,10290600,16261300,6612400,7031900,6463500,4089200,3793800,19922000,6259700,15186900,4361100,4690000,11996142,10536300,36765900,744988000,24494749,2207100,10370900,13030900,1199100,6860100,2878400,7157700,4877300,23681800,39513800,57379700,10110800,17188400
2018-02-15,80.87305450439453,12.1899995803833,142.9136505126953,179.49911499023438,19.887845993041992,26.540925979614258,51.05945587158203,58.60988998413086,41.67277526855469,78.9623031616211,24.555444717407227,79.35515594482422,223.15658569335938,38.811180114746094,104.39978790283203,92.39595794677734,69.52071380615234,52.301971435546875,41.423336029052734,43.30835723876953,42.424991607666016,6.093893527984619,23.186635971069336,119.92107391357422,52.678585052490234,52.69014358520508,55.16381072998047,35.810359954833984,197.33360290527344,39.78902053833008,67.45841979980469,47.81289291381836,23.938467025756836,24.825130462646484,73.75841522216797,52.68329620361328,114.9000015258789,12.1899995803833,183.60000610351562,194.89999389648438,25.183000564575195,32.209999084472656,68.9800033569336,77.08000183105469,54.540000915527344,112.52999877929688,34.7400016784668,107.69000244140625,267.67999267578125,45.91999816894531,131.22999572753906,115.51000213623047,78.0199966430664,67.80000305175781,53.42557144165039,55.400001525878906,43.5,6.162499904632568,33.880455017089844,159.86000061035156,65.27999877929688,66.20999908447266,59.779998779296875,43.52000045776367,226.02000427246094,55.099998474121094,93.0,60.02000045776367,34.14500045776367,29.020000457763672,84.80000305175781,76.20999908447266,116.33000183105469,12.630000114440918,185.0,195.1999969482422,25.18400001525879,32.470001220703125,69.44000244140625,77.45999908447266,55.709999084472656,113.0199966430664,35.689998626708984,108.05999755859375,268.0,45.9900016784668,131.27999877929688,115.98999786376953,78.1500015258789,68.81999969482422,53.42557144165039,55.599998474121094,43.91999816894531,6.209249973297119,33.89942932128906,160.32000732421875,66.37999725341797,66.25,59.790000915527344,43.75,230.0,56.040000915527344,94.22000122070312,60.099998474121094,34.32500076293945,29.139999389648438,84.83000183105469,76.69999694824219,112.37999725341797,12.069999694824219,179.89999389648438,190.97000122070312,24.44300079345703,31.8700008392334,67.18000030517578,76.4000015258789,53.7599983215332,110.83999633789062,33.560001373291016,105.01000213623047,262.9100036621094,44.95000076293945,129.39999389648438,114.22000122070312,77.02999877929688,66.87999725341797,52.318702697753906,54.58000183105469,42.2599983215332,6.038000106811523,33.28273010253906,158.6699981689453,63.86000061035156,64.81999969482422,58.393333435058594,42.75,221.74000549316406,54.900001525878906,91.58000183105469,59.150001525878906,33.595001220703125,28.700000762939453,83.58999633789062,75.44999694824219,113.62000274658203,12.399999618530273,180.0,193.2100067138672,24.92799949645996,32.38999938964844,67.30999755859375,77.18000030517578,55.63999938964844,112.86000061035156,35.650001525878906,106.5999984741211,265.760009765625,45.880001068115234,130.10000610351562,115.73999786376953,77.75,68.16000366210938,52.89122009277344,55.47999954223633,43.72999954223633,6.119750022888184,33.55787658691406,159.4600067138672,66.37999725341797,66.25,59.633331298828125,43.52000045776367,229.27000427246094,55.599998474121094,93.55999755859375,59.81999969482422,34.29999923706055,29.100000381469727,84.44000244140625,76.62000274658203,7401100,59593800,4493400,1125900,25540000,68117400,15684900,11066400,6190800,5405000,6839600,3495500,3523100,23536800,5606400,12130200,4810700,4187200,10584695,7769900,35072300,698900000,22588379,2143300,15548400,8844500,1732500,6116500,4662700,7054600,4057600,22397300,32938800,66976000,9519100,14432400
2018-02-16,83.47733306884766,11.819999694824219,142.87472534179688,177.04010009765625,19.65566635131836,26.343168258666992,51.04462814331055,58.41218948364258,41.75680923461914,78.68862915039062,24.110137939453125,79.31827545166016,223.1066436767578,38.50691223144531,105.92724609375,91.7320785522461,70.36724090576172,52.402244567871094,41.6452751159668,43.10509490966797,43.1174430847168,6.028134822845459,23.54375648498535,119.33592224121094,52.33159637451172,52.74584197998047,54.966941833496094,35.77743911743164,200.25845336914062,40.15730667114258,67.6542739868164,47.75712966918945,23.87887954711914,24.79091453552246,74.28897094726562,52.91142654418945,118.5999984741211,11.819999694824219,183.5500030517578,192.22999572753906,24.888999938964844,31.969999313354492,68.95999908447266,76.81999969482422,54.650001525878906,112.13999938964844,34.11000061035156,107.63999938964844,267.6199951171875,45.560001373291016,133.14999389648438,114.68000030517578,78.97000122070312,67.93000030517578,53.711830139160156,55.13999938964844,44.209999084472656,6.0960001945495605,34.402278900146484,159.0800018310547,64.8499984741211,66.27999877929688,59.56666564941406,43.47999954223633,229.3699951171875,55.61000061035156,93.2699966430664,59.95000076293945,34.060001373291016,28.979999542236328,85.41000366210938,76.54000091552734,119.19999694824219,12.229999542236328,186.1199951171875,195.3000030517578,25.23699951171875,32.2599983215332,70.05000305175781,77.37000274658203,55.060001373291016,112.94000244140625,34.90999984741211,108.73999786376953,269.2799987792969,46.59000015258789,134.4499969482422,116.06999969482422,79.6500015258789,68.43000030517578,54.3797721862793,55.56999969482422,45.11000061035156,6.25,34.78178405761719,160.80999755859375,65.83000183105469,67.29000091552734,60.313331604003906,43.959999084472656,230.5500030517578,55.91999816894531,94.41000366210938,60.43000030517578,34.380001068115234,29.229999542236328,86.01000213623047,77.12000274658203,115.19999694824219,11.819999694824219,182.67999267578125,192.0500030517578,24.804000854492188,31.920000076293945,68.5199966430664,76.61000061035156,54.22999954223633,111.20999908447266,34.0,106.5999984741211,265.8999938964844,45.5099983215332,130.83999633789062,114.5,77.91000366210938,66.9800033569336,53.35877990722656,54.95000076293945,43.130001068115234,6.086750030517578,33.851993560791016,158.3000030517578,64.5999984741211,65.9000015258789,59.483333587646484,43.310001373291016,225.6999969482422,54.869998931884766,92.41000366210938,59.66999816894531,33.85499954223633,28.84000015258789,84.37999725341797,75.8499984741211,115.2300033569336,12.109999656677246,183.8000030517578,192.86000061035156,25.12700080871582,32.0,68.86000061035156,76.80000305175781,54.38999938964844,112.3499984741211,34.630001068115234,107.13999938964844,265.989990234375,45.81999969482422,130.9600067138672,114.55000305175781,77.94999694824219,67.5999984741211,53.406490325927734,55.29999923706055,43.290000915527344,6.135000228881836,33.927894592285156,158.91000366210938,64.7699966430664,66.1500015258789,59.483333587646484,43.349998474121094,225.99000549316406,54.900001525878906,93.01000213623047,59.66999816894531,34.0,28.8799991607666,84.37999725341797,76.1500015258789,8717000,47332300,4365800,738800,32639000,62137800,10547400,11644900,5070900,5950400,6752900,2973500,2602500,21475200,7970100,13214300,4699600,3301300,12294402,7448200,49404600,637656000,27659595,2168500,11760300,7512500,929700,4792100,3621700,6223500,2538800,18661900,27582200,47508200,9323000,13722400
2018-02-20,83.04095458984375,12.020000457763672,142.43104553222656,180.0701141357422,19.713314056396484,26.310213088989258,49.85289764404297,58.13846206665039,41.90199279785156,77.87467956542969,24.491830825805664,79.55408477783203,220.8306884765625,39.149261474609375,104.11339569091797,91.75606536865234,69.1019287109375,51.4547004699707,40.67610168457031,43.04256057739258,43.79039001464844,6.1576762199401855,23.381427764892578,119.37345886230469,51.63760757446289,52.21265411376953,55.93894577026367,35.99138641357422,197.8924102783203,39.65182113647461,66.42839813232422,47.75712966918945,23.749181747436523,24.71392059326172,73.47138214111328,52.36531066894531,117.9800033569336,12.020000457763672,182.97999572753906,195.52000427246094,24.961999893188477,31.93000030517578,67.3499984741211,76.45999908447266,54.84000015258789,110.9800033569336,34.650001525878906,107.95999908447266,264.8900146484375,46.31999969482422,130.8699951171875,114.70999908447266,77.55000305175781,66.25,52.461830139160156,55.060001373291016,44.900001525878906,6.2270002365112305,34.16508483886719,159.1300048828125,63.9900016784668,65.61000061035156,60.619998931884766,43.7400016784668,226.66000366210938,54.90999984741211,91.58000183105469,59.95000076293945,33.875,28.889999389648438,84.47000122070312,75.75,121.55000305175781,12.1899995803833,184.30999755859375,197.38999938964844,25.573999404907227,32.15999984741211,68.83000183105469,77.2300033569336,55.29999923706055,112.76000213623047,34.900001525878906,109.02999877929688,268.8500061035156,46.709999084472656,133.4499969482422,115.38999938964844,78.69999694824219,67.88999938964844,53.568702697753906,55.650001525878906,45.27000045776367,6.296750068664551,34.6204948425293,160.77000427246094,64.13999938964844,67.19999694824219,61.16666793823242,44.15999984741211,228.75,56.060001373291016,93.88999938964844,61.27000045776367,34.380001068115234,29.209999084472656,85.27999877929688,77.47000122070312,117.22000122070312,11.710000038146973,182.13999938964844,191.97000122070312,24.75200080871582,31.75,67.04000091552734,76.08999633789062,54.34000015258789,110.58000183105469,34.18000030517578,106.1500015258789,263.30999755859375,45.38999938964844,130.66000366210938,113.97000122070312,77.18000030517578,65.83000183105469,52.433204650878906,54.7400016784668,43.900001525878906,6.114999771118164,34.041744232177734,158.24000549316406,61.86000061035156,65.26000213623047,59.31999969482422,43.0,225.61000061035156,54.7400016784668,91.05000305175781,59.779998779296875,33.720001220703125,28.799999237060547,84.2300033569336,75.45999908447266,117.72000122070312,11.720000267028809,182.88999938964844,191.99000549316406,24.875,31.959999084472656,68.48999786376953,76.63999938964844,54.599998474121094,112.27999877929688,34.29999923706055,107.77999877929688,266.8900146484375,45.459999084472656,132.8699951171875,114.6500015258789,78.18000030517578,67.44999694824219,53.549617767333984,54.93000030517578,44.02000045776367,6.118750095367432,34.1745719909668,158.6300048828125,63.0099983215332,66.70999908447266,59.380001068115234,43.08000183105469,227.91000366210938,55.5,93.11000061035156,59.86000061035156,34.130001068115234,28.920000076293945,85.0,76.47000122070312,8751400,47096500,4078400,764000,41693000,58573900,8703700,12040900,4262900,6810900,6373400,3381600,2618400,25512000,6563500,13461500,3195000,3236000,14113416,7709400,36215900,686240000,27202370,1707900,27494600,6840700,2507400,9291700,3172300,6040000,3083600,18517600,35616200,58236100,8872100,13387300
2018-02-21,82.99166870117188,11.720000267028809,142.00296020507812,179.04786682128906,19.63434410095215,26.260766983032227,49.24592971801758,58.54906463623047,41.06914520263672,76.52740478515625,21.60794448852539,77.96975708007812,219.58851623535156,38.82808303833008,103.34970092773438,92.14000701904297,69.1019287109375,51.470237731933594,40.35797119140625,43.073822021484375,43.439292907714844,5.970531940460205,23.21910285949707,120.9863052368164,51.161495208740234,51.24974060058594,55.29607009887695,35.291961669921875,196.55661010742188,39.78902053833008,65.8843994140625,47.581886291503906,23.349563598632812,24.748144149780273,73.16693115234375,51.770790100097656,117.91000366210938,11.720000267028809,182.42999267578125,194.41000366210938,24.86199951171875,31.8700008392334,66.52999877929688,77.0,53.75,109.05999755859375,30.56999969482422,105.80999755859375,263.3999938964844,45.939998626708984,129.91000366210938,115.19000244140625,77.55000305175781,66.2699966430664,52.0515251159668,55.099998474121094,44.540000915527344,6.037749767303467,33.927894592285156,161.27999877929688,63.400001525878906,64.4000015258789,59.92333221435547,42.88999938964844,225.1300048828125,55.099998474121094,90.83000183105469,59.72999954223633,33.30500030517578,28.93000030517578,84.12000274658203,74.88999938964844,121.30000305175781,12.119999885559082,185.5,197.97999572753906,25.347000122070312,32.369998931884766,67.75,78.41999816894531,55.439998626708984,112.05999755859375,33.209999084472656,108.73999786376953,270.0,47.060001373291016,132.42999267578125,117.44999694824219,78.75,67.48999786376953,52.90076446533203,56.33000183105469,45.54999923706055,6.29925012588501,34.715370178222656,163.24000549316406,63.86000061035156,66.08999633789062,61.0,43.81999969482422,229.35000610351562,55.81999969482422,92.75,60.4900016784668,34.09000015258789,29.399999618530273,85.58999633789062,76.44000244140625,117.8499984741211,11.720000267028809,182.39999389648438,194.27000427246094,24.844999313354492,31.770000457763672,66.51000213623047,76.4000015258789,53.72999954223633,109.05999755859375,30.25,105.77999877929688,263.1300048828125,45.91999816894531,129.86000061035156,114.66999816894531,77.55000305175781,66.12999725341797,52.0515251159668,54.959999084472656,44.52000045776367,6.033999919891357,33.89942932128906,158.69000244140625,62.650001525878906,64.37999725341797,59.883331298828125,42.869998931884766,225.11000061035156,54.79999923706055,90.80999755859375,59.72999954223633,33.30500030517578,28.8700008392334,84.11000061035156,74.87000274658203,118.48999786376953,12.119999885559082,183.19000244140625,196.74000549316406,25.249000549316406,31.799999237060547,67.33999633789062,76.4000015258789,54.59000015258789,111.13999938964844,31.1299991607666,107.6500015258789,263.9200134277344,46.66999816894531,130.8000030517578,115.0,77.58999633789062,66.29000091552734,52.50954055786133,55.11000061035156,45.369998931884766,6.292250156402588,34.12713623046875,158.69000244140625,63.119998931884766,65.3499984741211,60.95333480834961,43.65999984741211,226.14999389648438,54.939998626708984,91.5,59.86000061035156,33.775001525878906,28.899999618530273,84.45999908447266,75.81999969482422,5122500,40195800,4054600,703400,28156000,72210300,7046200,15888800,5287000,6892300,31052300,4119300,3017900,27527500,6578000,14212500,3871100,4522200,11244935,8363000,31618700,892292000,25872327,2554900,14895600,7855000,1435500,6612600,3371900,6667500,2018100,19987800,25090800,44578800,9417400,11715000
2018-02-22,82.74529266357422,11.84000015258789,142.0185089111328,178.0163116455078,19.691993713378906,26.11244773864746,48.8092155456543,57.993980407714844,41.955482482910156,77.10981750488281,21.49485206604004,78.91297912597656,217.9461669921875,38.70977020263672,103.34970092773438,91.97203063964844,68.78115844726562,51.617801666259766,40.372764587402344,42.886207580566406,43.156455993652344,5.990074157714844,23.206113815307617,118.22566986083984,50.17699432373047,51.69538497924805,55.17304611206055,34.88052749633789,198.267822265625,39.18965148925781,66.76934814453125,46.8489875793457,23.605459213256836,24.542835235595703,73.05387878417969,52.44133377075195,117.55999755859375,11.84000015258789,182.4499969482422,193.2899932861328,24.934999465942383,31.690000534057617,65.94000244140625,76.2699966430664,54.90999984741211,109.88999938964844,30.40999984741211,107.08999633789062,261.42999267578125,45.79999923706055,129.91000366210938,114.9800033569336,77.19000244140625,66.45999908447266,52.07061004638672,54.86000061035156,44.25,6.053750038146973,33.90891647338867,157.60000610351562,62.18000030517578,64.95999908447266,59.790000915527344,42.38999938964844,227.08999633789062,54.27000045776367,92.05000305175781,58.810001373291016,33.66999816894531,28.690000534057617,83.98999786376953,75.86000061035156,119.7300033569336,12.0,185.16000366210938,196.02999877929688,25.309999465942383,32.13999938964844,67.0,77.4800033569336,55.5,111.44000244140625,31.559999465942383,109.11000061035156,266.32000732421875,46.560001373291016,131.02000427246094,116.43000030517578,78.08999633789062,67.6500015258789,52.54771041870117,55.90999984741211,44.83000183105469,6.140749931335449,34.29791259765625,162.8000030517578,63.58000183105469,65.97000122070312,60.413333892822266,42.7400016784668,229.83999633789062,55.59000015258789,93.23999786376953,60.16999816894531,34.165000915527344,29.15999984741211,84.98999786376953,76.83999633789062,116.58000183105469,11.630000114440918,182.00999450683594,192.52000427246094,24.82699966430664,31.59000015258789,65.86000061035156,75.94000244140625,54.189998626708984,108.9000015258789,30.190000534057617,105.94000244140625,260.7200012207031,45.619998931884766,129.47999572753906,114.76000213623047,76.5199966430664,66.41000366210938,51.92748260498047,54.61000061035156,44.040000915527344,5.987500190734863,33.785579681396484,157.25,62.029998779296875,64.69999694824219,59.59333419799805,42.18000030517578,225.0800018310547,54.16999816894531,90.98999786376953,58.68000030517578,33.459999084472656,28.6200008392334,83.79000091552734,75.19000244140625,118.56999969482422,11.819999694824219,182.50999450683594,195.72999572753906,24.91200065612793,31.989999771118164,67.0,77.27999877929688,54.2599983215332,109.55000305175781,30.709999084472656,106.69999694824219,264.3999938964844,46.13999938964844,130.10000610351562,115.5,77.19000244140625,66.52999877929688,52.09923553466797,55.40999984741211,44.779998779296875,6.0682501792907715,34.032257080078125,161.72999572753906,63.150001525878906,64.83999633789062,60.27000045776367,42.66999816894531,226.3000030517578,55.459999084472656,90.98999786376953,59.880001068115234,33.54499816894531,29.0,84.38999938964844,75.30000305175781,5185700,37886300,3868200,796500,19342000,64749700,6528400,16049500,5565900,8176700,18625400,3165900,2678900,16946400,5732200,17070400,7687400,4149500,11334958,6111600,24359600,534364000,23983454,2391500,11722300,8393800,1460700,7984000,2767900,6397900,3047300,17948600,30660600,47602700,6316100,14020200
2018-02-23,83.5829086303711,12.069999694824219,145.30331420898438,181.2674102783203,20.036319732666016,26.392614364624023,50.297027587890625,58.60988998413086,43.59059524536133,79.00439453125,22.2158203125,80.1951675415039,222.3979949951172,40.34098434448242,105.02830505371094,93.83577728271484,70.17120361328125,51.8896369934082,40.594722747802734,43.832115173339844,45.38011169433594,6.0835795402526855,23.54375648498535,120.09361267089844,51.09693145751953,52.9209098815918,56.35419845581055,36.123046875,200.94825744628906,40.070648193359375,67.06672668457031,47.13576889038086,24.11724281311035,24.910673141479492,74.21939086914062,53.59579086303711,118.75,12.069999694824219,186.6699981689453,196.82000732421875,25.371000289916992,32.029998779296875,67.94999694824219,77.08000183105469,57.04999923706055,112.58999633789062,31.43000030517578,108.83000183105469,266.7699890136719,47.72999954223633,132.02000427246094,117.30999755859375,78.75,66.80999755859375,52.356868743896484,56.06999969482422,46.529998779296875,6.148250102996826,34.402278900146484,160.08999633789062,63.31999969482422,66.5,61.06999969482422,43.900001525878906,230.16000366210938,55.4900016784668,92.45999908447266,59.16999816894531,34.400001525878906,29.1200008392334,85.33000183105469,77.52999877929688,119.30999755859375,12.15999984741211,186.7899932861328,197.08999633789062,25.503000259399414,32.060001373291016,68.02999877929688,77.11000061035156,57.13999938964844,112.73999786376953,31.459999084472656,108.87999725341797,266.9800109863281,47.790000915527344,132.0800018310547,117.38999938964844,78.86000061035156,67.16999816894531,52.48091506958008,56.130001068115234,46.79999923706055,6.148250102996826,34.44022750854492,160.14999389648438,63.31999969482422,66.69999694824219,61.06999969482422,43.900001525878906,230.32000732421875,55.5099983215332,92.9000015258789,59.2400016784668,34.42499923706055,29.1200008392334,85.36000061035156,77.62000274658203,116.88999938964844,11.9399995803833,182.77000427246094,193.66000366210938,25.02899932861328,31.760000228881836,66.16999816894531,76.19999694824219,55.06999969482422,110.25,30.239999771118164,107.33000183105469,262.3999938964844,46.310001373291016,130.02000427246094,115.30999755859375,77.63999938964844,65.76000213623047,52.07061004638672,55.040000915527344,45.02000045776367,6.063000202178955,33.99430847167969,157.60000610351562,62.029998779296875,65.06999969482422,60.233333587646484,43.11000061035156,225.91000366210938,54.40999984741211,91.66000366210938,58.349998474121094,33.775001525878906,28.770000457763672,84.12000274658203,75.94999694824219,118.41000366210938,11.949999809265137,183.6300048828125,193.9499969482422,25.214000701904297,31.799999237060547,66.16999816894531,76.4800033569336,55.349998474121094,110.45999908447266,30.770000457763672,107.7300033569336,263.0,46.34000015258789,130.08999633789062,115.30999755859375,77.7300033569336,66.87999725341797,52.30915832519531,55.040000915527344,45.18000030517578,6.114250183105469,34.08918380737305,158.13999938964844,62.810001373291016,65.30000305175781,60.426666259765625,43.38999938964844,227.89999389648438,54.439998626708984,92.68000030517578,59.06999969482422,33.834999084472656,28.780000686645508,84.48999786376953,76.08999633789062,4685700,33317600,4163400,741700,18280000,53626300,5240800,12481200,6513900,6460200,11877800,2063900,2507100,26040900,5126800,12162500,5170300,2896400,9499177,6687100,48476700,415300000,17940029,1594400,6762200,7652000,1424700,7204900,2393900,5526600,2069200,21099200,31369600,41187300,5498500,13378800
2018-02-26,85.54663848876953,12.420000076293945,146.727783203125,184.9697265625,19.97629737854004,26.71396255493164,50.80038070678711,59.04330825805664,43.23912048339844,80.41483306884766,22.343050003051758,80.68150329589844,226.14120483398438,41.50734329223633,105.7408447265625,95.00363159179688,71.4454345703125,51.48576736450195,41.47512435913086,44.566951751708984,46.794281005859375,6.0996599197387695,24.08267593383789,121.39885711669922,54.05043411254883,53.10396957397461,57.56917953491211,36.54269027709961,204.3531951904297,40.32339096069336,67.68327331542969,47.773067474365234,24.26097297668457,25.28708267211914,75.15876770019531,54.50138854980469,121.54000091552734,12.420000076293945,188.5,200.83999633789062,25.295000076293945,32.41999816894531,68.62999725341797,77.6500015258789,56.59000015258789,114.5999984741211,31.610000610351562,109.48999786376953,271.260009765625,49.11000061035156,132.07000732421875,118.7699966430664,80.18000030517578,66.29000091552734,53.492366790771484,57.0099983215332,47.97999954223633,6.1645002365112305,35.189754486083984,161.8300018310547,66.9800033569336,66.7300033569336,62.38666534423828,44.40999984741211,234.05999755859375,55.84000015258789,93.30999755859375,59.970001220703125,34.60499954223633,29.559999465942383,86.41000366210938,78.83999633789062,121.72000122070312,12.430000305175781,190.3699951171875,201.0,25.444000244140625,32.439998626708984,68.86000061035156,77.73999786376953,57.540000915527344,114.66000366210938,31.979999542236328,110.16000366210938,271.7799987792969,49.130001068115234,133.41000366210938,118.9000015258789,80.47000122070312,67.05000305175781,53.61641311645508,57.0099983215332,48.22999954223633,6.19950008392334,35.30360412597656,161.89999389648438,67.36000061035156,67.2699966430664,62.400001525878906,44.40999984741211,234.50999450683594,55.849998474121094,93.80999755859375,60.0,34.67499923706055,29.559999465942383,86.51000213623047,78.93000030517578,119.04000091552734,12.050000190734863,187.02999877929688,198.36000061035156,25.100000381469727,32.04999923706055,67.87999725341797,76.72000122070312,56.52000045776367,112.8499984741211,30.729999542236328,108.56999969482422,266.7699890136719,48.099998474121094,131.0,117.31999969482422,78.97000122070312,66.05999755859375,52.48091506958008,56.20000076293945,46.70000076293945,6.101500034332275,34.35483932495117,159.42999267578125,64.19000244140625,66.30000305175781,61.426666259765625,43.79999923706055,229.6999969482422,54.83000183105469,92.66000366210938,58.95000076293945,34.404998779296875,29.139999389648438,85.4800033569336,77.55999755859375,119.2699966430664,12.140000343322754,187.4600067138672,200.10000610351562,25.195999145507812,32.16999816894531,67.98999786376953,77.2300033569336,57.2599983215332,113.18000030517578,31.540000915527344,109.55999755859375,267.5,48.20000076293945,131.7100067138672,118.13999938964844,78.98999786376953,66.91999816894531,52.48091506958008,56.310001373291016,46.970001220703125,6.195000171661377,34.43074035644531,160.72999572753906,64.55000305175781,67.1500015258789,61.43333435058594,44.11000061035156,231.63999938964844,55.66999816894531,93.11000061035156,59.75,34.57500076293945,29.329999923706055,85.4800033569336,77.73999786376953,4473500,42265200,4943600,1172200,28878000,61796300,4229400,17288300,5986300,7405800,11189400,4474300,2751400,26992300,6684400,16511200,6015900,3243200,12725026,7795800,41966100,469312000,25407302,1649700,27374300,6605000,1090500,3897600,3307000,5353900,2563300,16478300,24312800,55124200,6266100,16940400
2018-02-27,83.23802947998047,12.529999732971191,144.6183624267578,181.83839416503906,19.886272430419922,26.639808654785156,50.21561050415039,58.0776252746582,42.65842819213867,79.72013092041016,22.519758224487305,78.8024673461914,223.36500549316406,42.183502197265625,105.42057800292969,93.87578582763672,70.12665557861328,50.94987869262695,40.483741760253906,44.34025192260742,47.379451751708984,6.08679723739624,23.894372940063477,120.19864654541016,53.99345397949219,53.24720764160156,57.378482818603516,35.89263153076172,203.00868225097656,39.724029541015625,67.29156494140625,47.167633056640625,23.94548225402832,25.04755401611328,74.3759536743164,53.57505798339844,118.26000213623047,12.529999732971191,185.7899932861328,197.44000244140625,25.180999755859375,32.33000183105469,67.83999633789062,76.37999725341797,55.83000183105469,113.61000061035156,31.860000610351562,106.94000244140625,267.92999267578125,49.90999984741211,131.6699981689453,117.36000061035156,78.69999694824219,65.5999984741211,52.213741302490234,56.720001220703125,48.58000183105469,6.151500225067139,34.91461181640625,160.22999572753906,66.33999633789062,66.91000366210938,62.18000030517578,43.619998931884766,232.52000427246094,55.0099983215332,92.7699966430664,59.209999084472656,34.154998779296875,29.280000686645508,85.51000213623047,77.5,122.0,12.880000114440918,190.10000610351562,200.52999877929688,25.566999435424805,32.849998474121094,68.87999725341797,77.87999725341797,57.619998931884766,116.05000305175781,32.47999954223633,109.52999877929688,273.1199951171875,50.900001525878906,133.08999633789062,119.33000183105469,80.20999908447266,67.08999633789062,53.39694595336914,57.81999969482422,48.9900016784668,6.222750186920166,35.332069396972656,163.58999633789062,67.62999725341797,69.05000305175781,63.2400016784668,44.29999923706055,235.88999938964844,56.099998474121094,95.25,60.47999954223633,34.95000076293945,29.770000457763672,86.69999694824219,79.87000274658203,118.16000366210938,12.390000343322754,185.5500030517578,197.44000244140625,25.167999267578125,32.31999969482422,67.81999969482422,76.3499984741211,55.81999969482422,113.61000061035156,31.389999389648438,106.73999786376953,267.92999267578125,49.310001373291016,131.60000610351562,117.3499984741211,78.69000244140625,65.58999633789062,52.19465637207031,56.66999816894531,47.41999816894531,6.1282501220703125,34.85768508911133,160.22000122070312,66.01000213623047,66.86000061035156,62.18000030517578,43.61000061035156,232.44000244140625,55.0099983215332,92.7300033569336,59.209999084472656,34.150001525878906,29.260000228881836,85.51000213623047,77.5,121.20999908447266,12.430000305175781,188.8300018310547,198.97999572753906,25.208999633789062,32.31999969482422,68.54000091552734,77.5199966430664,56.5,114.87000274658203,31.420000076293945,109.27999877929688,271.0,49.369998931884766,132.2100067138672,118.91000366210938,80.1500015258789,66.16000366210938,53.34923553466797,57.0,47.65999984741211,6.137499809265137,35.1707763671875,161.75999450683594,67.0,67.30000305175781,62.413333892822266,44.04999923706055,234.39999389648438,55.84000015258789,93.36000061035156,60.029998779296875,34.67499923706055,29.579999923706055,86.41000366210938,79.0,4754300,55975300,5016100,861100,21176000,69235500,4398500,19977200,5378300,6059700,10584900,3581300,3140600,43624100,7158600,17563300,4860400,4395600,9734453,11757700,44731100,455436000,23543093,2088900,14326000,8736100,1369200,5999100,2899500,5147400,2893000,17024400,26931400,72752100,7460700,14629500
2018-02-28,81.52764892578125,12.109999656677246,143.0459747314453,179.9503631591797,19.463762283325195,26.450284957885742,49.00166320800781,57.40089797973633,41.49702835083008,78.53426361083984,21.678627014160156,74.73485565185547,219.8119659423828,41.65947723388672,103.9874496459961,92.38798522949219,68.629638671875,49.75379180908203,40.11381149291992,43.793033599853516,47.603763580322266,5.986363887786865,23.576221466064453,118.27072143554688,52.902828216552734,52.23653030395508,56.86785888671875,35.67046356201172,197.45590209960938,39.2546501159668,65.58700561523438,46.53034973144531,23.39512825012207,24.69681739807129,73.184326171875,52.35837173461914,115.83000183105469,12.109999656677246,183.77000427246094,195.38999938964844,24.645999908447266,32.099998474121094,66.19999694824219,75.48999786376953,54.310001373291016,111.91999816894531,30.670000076293945,101.41999816894531,262.92999267578125,49.290000915527344,129.8800048828125,115.5,77.0199966430664,64.05999755859375,51.73664093017578,56.02000045776367,48.810001373291016,6.050000190734863,34.44971466064453,157.66000366210938,65.0,65.63999938964844,61.62666702270508,43.349998474121094,226.16000366210938,54.36000061035156,90.41999816894531,58.40999984741211,33.369998931884766,28.8700008392334,84.13999938964844,75.73999786376953,120.0,12.729999542236328,187.38999938964844,198.74000549316406,25.448999404907227,32.77000045776367,67.94000244140625,77.12999725341797,56.58000183105469,115.45999908447266,32.189998626708984,106.4000015258789,269.489990234375,50.34000015258789,132.3300018310547,118.48999786376953,79.18000030517578,65.95999908447266,52.643131256103516,57.630001068115234,49.459999084472656,6.202499866485596,35.370018005371094,162.0399932861328,66.72000122070312,67.68000030517578,62.7400016784668,43.90999984741211,234.75,55.63999938964844,93.47000122070312,59.81999969482422,34.459999084472656,29.540000915527344,85.9000015258789,78.25,115.77999877929688,12.100000381469727,183.69000244140625,195.0,24.597999572753906,32.09000015258789,66.16999816894531,75.44999694824219,54.29999923706055,111.87999725341797,30.65999984741211,101.30999755859375,262.57000732421875,49.279998779296875,129.8699951171875,115.33999633789062,77.01000213623047,64.05000305175781,51.72710037231445,56.0099983215332,48.349998474121094,6.038249969482422,34.44971466064453,157.58999633789062,64.91000366210938,65.62000274658203,61.56666564941406,43.290000915527344,226.08999633789062,54.349998474121094,90.4000015258789,58.31999969482422,33.35499954223633,28.8700008392334,84.12000274658203,75.69999694824219,119.0,12.65999984741211,185.8800048828125,198.22000122070312,25.408000946044922,32.4900016784668,67.8499984741211,76.5999984741211,56.02000045776367,115.0199966430664,31.920000076293945,101.62999725341797,269.1400146484375,50.18000030517578,131.9499969482422,117.81999969482422,78.77999877929688,65.95999908447266,52.538169860839844,57.09000015258789,48.79999923706055,6.162499904632568,35.13282775878906,160.8300018310547,66.69999694824219,67.38999938964844,62.616668701171875,43.66999816894531,234.4199981689453,55.349998474121094,93.0,59.470001220703125,34.334999084472656,29.43000030517578,85.79000091552734,78.16000366210938,6660000,43387500,4544000,623700,28834000,72044000,8363900,19329900,5889900,7441000,12820800,7738700,3104300,35541200,7985900,17735600,6123400,5536600,11807606,9599100,45031400,523116000,28360927,2204600,9582100,10144600,1266600,6400100,4368600,4705800,2746800,17869100,35244000,65254700,6279000,17087800
2018-03-01,80.1269760131836,11.899999618530273,142.67236328125,176.7637939453125,19.21499252319336,26.0367431640625,48.62416458129883,56.009403228759766,41.16848373413086,78.61847686767578,21.586740493774414,74.55799865722656,214.6705780029297,40.43395233154297,101.90576171875,90.73219299316406,68.16630554199219,50.320762634277344,39.729122161865234,42.59696960449219,46.44316482543945,5.7441887855529785,23.13469123840332,117.01791381835938,52.87028121948242,51.90229415893555,55.96969985961914,35.15207290649414,195.96290588378906,38.39532470703125,65.87715148925781,45.65406799316406,23.36007308959961,24.269092559814453,72.018798828125,51.98508834838867,113.83999633789062,11.899999618530273,183.2899932861328,191.92999267578125,24.33099937438965,31.479999542236328,65.69000244140625,73.66000366210938,53.880001068115234,112.04000091552734,30.540000915527344,101.18000030517578,256.7799987792969,47.84000015258789,127.27999877929688,113.43000030517578,76.5,64.79000091552734,51.24045944213867,54.4900016784668,47.619998931884766,5.80525016784668,33.8045539855957,155.99000549316406,64.95999908447266,65.22000122070312,60.6533317565918,42.720001220703125,224.4499969482422,53.16999816894531,90.81999969482422,57.310001373291016,33.31999969482422,28.3700008392334,82.80000305175781,75.19999694824219,116.61000061035156,12.270000457763672,185.57000732421875,194.91000366210938,24.91200065612793,32.349998474121094,66.5199966430664,75.94000244140625,55.0099983215332,113.9000015258789,31.479999542236328,102.11000061035156,263.54998779296875,49.720001220703125,130.1199951171875,116.63999938964844,77.37000274658203,65.58000183105469,52.299617767333984,56.290000915527344,48.810001373291016,6.102250099182129,34.411766052246094,159.00999450683594,66.23999786376953,66.72000122070312,61.883331298828125,43.560001373291016,229.2899932861328,54.58000183105469,92.41999816894531,58.939998626708984,33.845001220703125,29.110000610351562,84.41999816894531,76.68000030517578,111.80999755859375,11.65999984741211,180.3800048828125,189.02999877929688,24.131000518798828,31.360000610351562,64.83000183105469,73.19999694824219,53.52000045776367,110.97000122070312,30.40999984741211,99.83999633789062,256.20001220703125,47.470001220703125,126.5199966430664,112.6500015258789,75.52999877929688,64.13999938964844,50.97328186035156,54.40999984741211,46.77000045776367,5.703000068664551,33.396583557128906,155.6999969482422,64.33000183105469,65.02999877929688,59.9466667175293,42.310001373291016,222.74000549316406,52.959999084472656,89.79000091552734,57.060001373291016,33.08000183105469,28.209999084472656,82.16999816894531,74.86000061035156,115.91000366210938,12.260000228881836,184.2100067138672,193.16000366210938,24.586000442504883,32.06999969482422,66.0999984741211,75.5,54.5,111.52999877929688,30.65999984741211,101.79000091552734,262.6099853515625,49.5,129.11000061035156,115.4800033569336,77.05999755859375,64.2699966430664,51.774810791015625,55.88999938964844,48.77000045776367,6.047749996185303,34.26945114135742,157.66000366210938,65.02999877929688,65.48999786376953,61.84333419799805,43.349998474121094,225.6999969482422,54.38999938964844,90.52999877929688,58.25,33.334999084472656,28.8799991607666,83.98999786376953,75.52999877929688,7148900,63207400,11757800,901900,26044000,90547100,7801300,23803200,5135400,7516700,8932300,4604900,3483500,36326600,9424000,18690000,6258400,4264800,13648523,12093900,61278800,1040120000,30282896,2604300,10799200,9674000,2850300,7792400,3514600,8239900,3035900,28491000,45950000,82467900,12720300,15696700
2018-03-02,80.97158813476562,11.8100004196167,144.06568908691406,178.27420043945312,19.812034606933594,26.160802841186523,48.97946548461914,56.02460861206055,41.30601501464844,78.3377914428711,22.16634178161621,74.7569580078125,215.790771484375,41.39748001098633,103.13876342773438,90.6441879272461,68.81678771972656,50.63142395019531,40.2174072265625,42.79240036010742,47.89635467529297,5.8512983322143555,23.34247589111328,118.09812927246094,52.69121551513672,52.10125732421875,56.920166015625,35.39070129394531,196.6089630126953,38.568634033203125,66.87814331054688,45.733734130859375,23.46874237060547,24.328977584838867,72.74945831298828,52.22705078125,115.04000091552734,11.8100004196167,185.0800018310547,193.57000732421875,25.086999893188477,31.6299991607666,66.16999816894531,73.68000030517578,54.060001373291016,111.63999938964844,31.360000610351562,101.44999694824219,258.1199951171875,48.97999954223633,128.82000732421875,113.31999969482422,77.2300033569336,65.19000244140625,51.8702278137207,54.7400016784668,49.11000061035156,5.91349983215332,34.108158111572266,157.42999267578125,64.73999786376953,65.47000122070312,61.68333435058594,43.0099983215332,225.19000244140625,53.40999984741211,92.19999694824219,57.40999984741211,33.474998474121094,28.440000534057617,83.63999938964844,75.55000305175781,115.47000122070312,11.930000305175781,185.8000030517578,193.8800048828125,25.118000030517578,31.690000534057617,66.5,73.87000274658203,54.209999084472656,112.18000030517578,31.420000076293945,102.20999908447266,259.239990234375,49.04999923706055,129.11000061035156,113.55999755859375,77.5999984741211,65.41999816894531,51.9370231628418,54.869998931884766,49.25,5.920000076293945,34.22201156616211,157.82000732421875,64.8499984741211,65.72000122070312,61.79666519165039,43.04999923706055,225.82000732421875,53.5099983215332,92.62000274658203,57.619998931884766,33.595001220703125,28.520000457763672,83.81999969482422,75.87000274658203,111.88999938964844,11.430000305175781,181.0500030517578,189.08999633789062,24.023000717163086,30.6299991607666,65.12999725341797,71.87999725341797,52.779998779296875,109.83000183105469,29.969999313354492,99.4000015258789,252.10000610351562,46.959999084472656,126.91000366210938,111.12000274658203,76.31999969482422,64.0999984741211,50.6870231628418,53.5099983215332,45.95000076293945,5.546249866485596,33.58633804321289,153.82000732421875,64.02999877929688,63.900001525878906,59.82666778564453,42.150001525878906,222.58999633789062,52.29999923706055,89.56999969482422,56.41999816894531,32.82500076293945,27.889999389648438,82.33999633789062,74.4800033569336,112.94000244140625,11.670000076293945,181.05999755859375,190.5,24.042999267578125,31.1200008392334,65.44999694824219,73.16999816894531,53.540000915527344,111.5,30.399999618530273,100.54000091552734,255.0,47.20000076293945,126.91000366210938,112.38999938964844,76.37999725341797,64.37999725341797,51.03053283691406,54.13999938964844,46.36000061035156,5.696499824523926,33.72865295410156,155.25999450683594,64.30999755859375,64.6500015258789,59.96666717529297,42.38999938964844,223.2100067138672,52.779998779296875,90.05999755859375,56.91999816894531,33.09000015258789,28.170000076293945,82.3499984741211,74.88999938964844,5439700,58123500,19115500,696000,27402000,82739100,5391400,21061200,4574400,6607300,9107600,4040000,3122800,33310600,6910400,18353700,3216700,2890100,9355706,12154100,52492900,913428000,22271336,1949200,10612700,6797200,1392600,4819600,2613600,5658900,3485000,22428500,29157800,78991200,11206000,15630300
2018-03-05,81.40798950195312,11.90999984741211,147.9966278076172,182.67649841308594,19.504823684692383,26.574357986450195,49.460594177246094,56.5872917175293,41.25252914428711,79.3973617553711,22.618717193603516,75.0222396850586,219.97085571289062,42.04826354980469,103.9153823852539,92.03601837158203,69.23558044433594,51.38479995727539,40.246986389160156,43.378719329833984,50.74418640136719,5.82928466796875,23.452850341796875,119.0583724975586,52.09709548950195,52.65034866333008,57.43077850341797,35.785667419433594,199.3941192626953,38.97301483154297,66.41390991210938,45.87711715698242,23.717628479003906,24.67115592956543,73.41048431396484,52.724761962890625,115.66000366210938,11.90999984741211,190.1300048828125,198.35000610351562,24.697999954223633,32.130001068115234,66.81999969482422,74.41999816894531,53.9900016784668,113.1500015258789,32.0,101.80999755859375,263.1199951171875,49.75,129.7899932861328,115.05999755859375,77.69999694824219,66.16000366210938,51.90839767456055,55.4900016784668,52.029998779296875,5.891250133514404,34.26945114135742,158.7100067138672,64.01000213623047,66.16000366210938,62.23666763305664,43.4900016784668,228.3800048828125,53.970001220703125,91.55999755859375,57.59000015258789,33.83000183105469,28.84000015258789,84.4000015258789,76.2699966430664,116.31999969482422,12.0600004196167,190.69000244140625,199.58999633789062,25.134000778198242,32.349998474121094,67.13999938964844,74.94000244140625,54.22999954223633,113.33000183105469,32.33000183105469,102.76000213623047,264.54998779296875,49.79999923706055,130.3000030517578,115.93000030517578,78.08000183105469,66.5,52.20419692993164,56.0,52.36000061035156,5.931250095367432,34.4212532043457,159.66000366210938,65.5999984741211,66.58999633789062,62.53666687011719,43.7599983215332,229.42999267578125,54.13999938964844,92.3499984741211,57.970001220703125,33.935001373291016,29.0,84.6500015258789,76.55999755859375,112.88999938964844,11.609999656677246,185.0,194.3800048828125,24.341999053955078,31.170000076293945,65.5999984741211,72.69999694824219,53.310001373291016,111.0199966430664,31.110000610351562,100.4000015258789,256.239990234375,48.040000915527344,128.17999267578125,111.88999938964844,76.70999908447266,64.5999984741211,51.60305404663086,54.279998779296875,48.720001220703125,5.73799991607666,33.937381744384766,154.9600067138672,63.540000915527344,64.91000366210938,61.07666778564453,42.869998931884766,222.7899932861328,52.779998779296875,90.08000183105469,56.59000015258789,33.2599983215332,28.209999084472656,83.08000183105469,75.12000274658203,114.0,11.6899995803833,185.0500030517578,194.72000122070312,24.989999771118164,31.350000381469727,65.83000183105469,73.06999969482422,53.4900016784668,111.4000015258789,31.1200008392334,100.91000366210938,256.4599914550781,48.56999969482422,128.6300048828125,112.05000305175781,76.9000015258789,64.87999725341797,51.7557258605957,54.31999969482422,48.79999923706055,5.862750053405762,33.98482131958008,155.85000610351562,64.33999633789062,64.93000030517578,61.35333251953125,43.04999923706055,223.3699951171875,52.970001220703125,91.51000213623047,56.810001373291016,33.31999969482422,28.219999313354492,83.26000213623047,75.2300033569336,3975700,43734800,15187800,730700,25900000,70543100,6339600,16814600,5266000,7814900,9848900,3129500,2445800,30826500,5799800,13933000,3816600,3662000,13743577,7598500,70984100,620776000,22319609,1749100,15445500,5274300,1251000,5977200,2627300,5205900,4656700,20560900,25663000,58952100,11028800,14891000
2018-03-06,80.63375091552734,11.760000228881836,148.16783142089844,186.8116912841797,19.81913948059082,26.557809829711914,48.461307525634766,56.313541412353516,41.30601501464844,79.74819946289062,22.145137786865234,74.43273162841797,223.1560516357422,42.85964584350586,102.65840148925781,92.11602020263672,68.78115844726562,52.34010314941406,40.173004150390625,44.215171813964844,52.41193389892578,5.990323066711426,23.297014236450195,119.53096008300781,50.575111389160156,53.02436828613281,58.29510498046875,35.82680892944336,197.4733123779297,39.117454528808594,66.52996826171875,45.46288299560547,23.73164939880371,24.773807525634766,73.30611419677734,52.66254806518555,114.55999755859375,11.760000228881836,190.35000610351562,202.83999633789062,25.09600067138672,32.11000061035156,65.47000122070312,74.05999755859375,54.060001373291016,113.6500015258789,31.329999923706055,101.01000213623047,266.92999267578125,50.709999084472656,128.22000122070312,115.16000366210938,77.19000244140625,67.38999938964844,51.8129768371582,56.560001373291016,53.7400016784668,6.053999900817871,34.041744232177734,159.33999633789062,62.13999938964844,66.62999725341797,63.17333221435547,43.540000915527344,226.17999267578125,54.16999816894531,91.72000122070312,57.06999969482422,33.849998474121094,28.959999084472656,84.27999877929688,76.18000030517578,116.30000305175781,12.050000190734863,191.63999938964844,203.38999938964844,25.1299991607666,32.31999969482422,67.4000015258789,74.98999786376953,54.38999938964844,115.5199966430664,32.220001220703125,102.94000244140625,267.8699951171875,51.33000183105469,130.1999969482422,115.81999969482422,78.0,67.87000274658203,52.20419692993164,56.709999084472656,54.63999938964844,6.073500156402588,34.38330078125,159.85000610351562,63.54999923706055,67.12000274658203,63.3466682434082,44.400001525878906,229.14999389648438,54.2400016784668,92.7699966430664,57.869998931884766,34.165000915527344,29.020000457763672,84.7300033569336,76.9800033569336,113.83000183105469,11.710000038146973,186.92999267578125,199.2899932861328,24.73200035095215,31.950000762939453,65.19000244140625,73.75,53.5,113.0199966430664,31.260000228881836,100.73999786376953,263.2099914550781,50.150001525878906,127.91999816894531,114.31999969482422,76.87999725341797,66.2300033569336,51.35496139526367,55.40999984741211,53.209999084472656,5.934000015258789,33.91840744018555,157.1999969482422,61.060001373291016,66.08999633789062,62.5,43.43000030517578,223.88999938964844,53.47999954223633,91.0,56.63999938964844,33.68000030517578,28.65999984741211,83.86000061035156,75.86000061035156,116.01000213623047,12.010000228881836,188.1999969482422,200.02999877929688,24.930999755859375,32.29999923706055,67.22000122070312,74.93000030517578,54.279998779296875,113.8499984741211,32.15999984741211,102.70999908447266,264.7699890136719,50.15999984741211,130.0,115.63999938964844,77.86000061035156,66.62000274658203,51.9942741394043,55.88999938964844,53.400001525878906,5.977499961853027,34.38330078125,159.0399932861328,63.5,66.83999633789062,62.83000183105469,44.34000015258789,228.9199981689453,54.029998779296875,91.87999725341797,57.709999084472656,34.040000915527344,29.0,84.58999633789062,76.66999816894531,3650500,46751200,18446500,1538800,30030000,50832600,6543400,14891200,4931900,7957900,6937100,3421300,2217300,39132300,5546500,10674400,2962700,3730300,9716951,9762300,73096300,636808000,18003479,1330100,23450400,5131400,1779000,8632000,2652800,5006500,2852300,23975900,31355800,49746100,9573300,10754300
2018-03-07,80.74635314941406,12.239999771118164,145.9727325439453,189.76803588867188,19.51035499572754,26.615705490112305,48.92763900756836,56.20710754394531,41.31364822387695,79.88152313232422,21.876535415649414,74.32958221435547,221.83517456054688,43.37521743774414,103.31488037109375,91.77204895019531,69.00389862060547,52.56534957885742,40.29878616333008,44.465335845947266,52.63624954223633,5.982406139373779,23.32948112487793,119.75601196289062,50.859962463378906,52.7060661315918,58.48275375366211,36.36989212036133,198.4250030517578,38.74916458129883,66.76206970214844,45.08846664428711,23.552873611450195,24.731037139892578,73.68011474609375,51.33528137207031,114.72000122070312,12.239999771118164,187.52999877929688,206.0500030517578,24.704999923706055,32.18000030517578,66.0999984741211,73.91999816894531,54.06999969482422,113.83999633789062,30.950000762939453,100.87000274658203,265.3500061035156,51.31999969482422,129.0399932861328,114.7300033569336,77.44000244140625,67.68000030517578,51.975189208984375,56.880001068115234,53.970001220703125,6.046000003814697,34.08918380737305,159.63999938964844,62.4900016784668,66.2300033569336,63.37666702270508,44.20000076293945,227.27000427246094,53.65999984741211,92.04000091552734,56.599998474121094,33.595001220703125,28.90999984741211,84.70999908447266,74.26000213623047,114.98999786376953,12.819999694824219,190.22000122070312,206.4199981689453,24.940000534057617,32.22999954223633,66.26000213623047,74.08000183105469,54.459999084472656,115.08000183105469,31.5,101.0999984741211,266.42999267578125,51.4900016784668,129.3300018310547,115.0999984741211,77.61000061035156,68.11000061035156,52.08015441894531,57.029998779296875,55.0,6.098750114440918,34.23149871826172,160.0800018310547,62.61000061035156,66.5,63.456668853759766,44.279998779296875,227.82000732421875,53.970001220703125,92.8499984741211,56.7400016784668,33.84000015258789,28.969999313354492,84.80000305175781,75.23999786376953,112.20999908447266,11.550000190734863,186.41000366210938,202.83999633789062,24.433000564575195,31.579999923706055,64.69999694824219,72.86000061035156,53.2400016784668,112.62999725341797,30.739999771118164,99.33000183105469,260.95001220703125,50.099998474121094,127.2699966430664,113.11000061035156,76.54000091552734,66.68000030517578,51.288169860839844,55.70000076293945,53.130001068115234,5.948750019073486,33.72865295410156,157.00999450683594,61.43000030517578,65.22000122070312,62.516666412353516,43.18000030517578,223.75,52.970001220703125,90.69999694824219,56.0099983215332,33.279998779296875,28.56999969482422,83.52999877929688,73.55999755859375,112.58000183105469,11.579999923706055,189.72999572753906,204.3800048828125,24.868999481201172,31.700000762939453,64.9000015258789,73.18000030517578,53.310001373291016,112.94999694824219,30.969999313354492,99.9800033569336,262.69000244140625,50.18000030517578,127.4800033569336,113.75,76.58000183105469,66.95999908447266,51.374046325683594,55.83000183105469,53.34000015258789,5.949999809265137,33.776092529296875,157.30999755859375,61.4900016784668,65.87000274658203,62.516666412353516,43.310001373291016,224.35000610351562,53.58000183105469,90.75,56.400001525878906,33.48500061035156,28.600000381469727,83.55999755859375,75.0,5286200,127603200,7009900,1308300,31549000,52763900,5927600,14654900,7245800,6660000,6492400,3331400,2509400,31801900,6391700,13006500,2266500,3536800,12817564,8181000,61670000,581208000,23440328,1425800,12602400,5851900,1167300,4482900,3242200,6123500,2616800,24788700,24725200,41530200,6868200,27255500
2018-03-08,82.35820770263672,11.970000267028809,145.6847381591797,188.81942749023438,19.502456665039062,26.63224983215332,49.40878677368164,56.3515625,40.93162536621094,79.53768157958984,22.894380569458008,74.12320709228516,222.6627960205078,42.88500213623047,105.73284912109375,91.780029296875,70.29595184326172,53.613861083984375,40.51333999633789,44.52787780761719,53.8553581237793,5.966078758239746,23.6995906829834,119.64349365234375,50.31467056274414,53.11191177368164,58.535037994384766,36.04075622558594,196.85699462890625,38.95136260986328,67.68327331542969,45.18406295776367,23.545862197875977,24.808021545410156,74.17591094970703,51.238502502441406,117.01000213623047,11.970000267028809,187.16000366210938,205.02000427246094,24.69499969482422,32.20000076293945,66.75,74.11000061035156,53.56999969482422,113.3499984741211,32.38999938964844,100.58999633789062,266.3399963378906,50.7400016784668,132.05999755859375,114.73999786376953,78.88999938964844,69.02999877929688,52.25190734863281,56.959999084472656,55.220001220703125,6.0295000076293945,34.629981994628906,159.49000549316406,61.81999969482422,66.73999786376953,63.43333435058594,43.79999923706055,224.72999572753906,53.939998626708984,93.30999755859375,56.720001220703125,33.584999084472656,29.0,85.27999877929688,74.12000274658203,117.75,12.59000015258789,188.39999389648438,207.22999572753906,24.829999923706055,32.27000045776367,66.95999908447266,74.2300033569336,54.380001068115234,114.75,32.5099983215332,101.5999984741211,268.1000061035156,52.08000183105469,132.3000030517578,115.2300033569336,79.0199966430664,69.06999969482422,52.30915832519531,57.16999816894531,55.470001220703125,6.073750019073486,34.629981994628906,160.38999938964844,62.7400016784668,66.77999877929688,63.78666687011719,44.38999938964844,227.99000549316406,54.04999923706055,93.45999908447266,57.02000045776367,33.77000045776367,29.040000915527344,85.3499984741211,74.7699966430664,114.3499984741211,11.739999771118164,185.50999450683594,204.3000030517578,24.591999053955078,31.809999465942383,66.08000183105469,73.12999725341797,52.91999816894531,112.5999984741211,31.719999313354492,99.66000366210938,262.6300048828125,50.470001220703125,129.3300018310547,113.20999908447266,77.47000122070312,67.38999938964844,51.8702278137207,55.970001220703125,54.29999923706055,5.984749794006348,34.08918380737305,157.3800048828125,61.56999969482422,65.77999877929688,63.08333206176758,43.59000015258789,223.9199981689453,53.40999984741211,91.0999984741211,56.22999954223633,33.345001220703125,28.690000534057617,84.80000305175781,73.69000244140625,115.0,12.399999618530273,187.89999389648438,206.9499969482422,24.826000213623047,32.189998626708984,66.19999694824219,74.13999938964844,54.130001068115234,114.5999984741211,31.790000915527344,101.52999877929688,266.4800109863281,51.790000915527344,129.3300018310547,115.11000061035156,77.6500015258789,68.12000274658203,52.02289962768555,56.95000076293945,54.59000015258789,6.073750019073486,34.14611053466797,159.9600067138672,62.650001525878906,66.33999633789062,63.75,44.29999923706055,227.92999267578125,53.849998474121094,92.0999984741211,56.75,33.66999816894531,28.979999542236328,84.94000244140625,74.5,6179400,76011200,9192600,458100,33554000,53139800,3728400,10878600,4726000,6095100,12183900,2525900,2565400,29481200,6423400,11173700,3497200,4015600,7705001,7553500,51685900,411912000,21646630,1500000,8902100,6099100,1147200,7092400,3500900,4951500,3650800,16828400,16026600,50803000,6403000,19299800
2018-03-09,83.9630126953125,11.699999809265137,148.75161743164062,192.862548828125,20.04184913635254,27.06233024597168,50.274810791015625,57.87232208251953,42.070091247558594,82.25328063964844,23.127641677856445,75.75173950195312,226.36627197265625,44.11053466796875,107.12598419189453,94.41971588134766,70.93750762939453,54.5380973815918,40.79447555541992,45.86463928222656,53.24092483520508,6.0687384605407715,23.874893188476562,121.86392974853516,51.29946517944336,54.735355377197266,59.750030517578125,36.690799713134766,197.47019958496094,39.91902160644531,68.41587829589844,46.386959075927734,23.994548797607422,25.40683937072754,75.24571990966797,51.542667388916016,119.29000091552734,11.699999809265137,191.10000610351562,209.41000366210938,25.378000259399414,32.720001220703125,67.91999816894531,76.11000061035156,55.060001373291016,117.22000122070312,32.720001220703125,102.80000305175781,270.7699890136719,52.189998626708984,133.8000030517578,118.04000091552734,79.61000061035156,70.22000122070312,52.614505767822266,58.66999816894531,54.59000015258789,6.1332502365112305,34.886146545410156,162.4499969482422,63.029998779296875,68.77999877929688,64.75,44.59000015258789,225.42999267578125,55.279998779296875,94.31999969482422,58.22999954223633,34.224998474121094,29.700000762939453,86.51000213623047,74.55999755859375,119.66000366210938,12.039999961853027,191.3800048828125,209.88999938964844,25.42799949645996,32.72999954223633,68.05000305175781,76.37000274658203,55.06999969482422,117.38999938964844,32.849998474121094,102.9000015258789,271.0899963378906,52.29999923706055,133.82000732421875,118.08000183105469,79.95999908447266,70.68000030517578,52.66221237182617,58.790000915527344,55.83000183105469,6.146249771118164,35.02846145629883,162.8000030517578,63.060001373291016,69.06999969482422,64.77666473388672,44.599998474121094,226.52000427246094,55.369998931884766,95.4000015258789,58.27000045776367,34.255001068115234,29.719999313354492,86.54000091552734,75.05999755859375,117.66999816894531,11.579999923706055,186.32000732421875,206.92999267578125,24.76300048828125,32.400001525878906,66.66999816894531,74.5999984741211,54.0099983215332,114.23999786376953,32.150001525878906,101.27999877929688,267.0400085449219,51.0,131.55999755859375,115.66999816894531,78.87999725341797,69.43000030517578,52.19465637207031,57.25,53.619998931884766,6.06125020980835,34.658443450927734,160.19000244140625,62.119998931884766,67.25,63.793331146240234,43.52000045776367,222.5,54.16999816894531,93.8499984741211,57.0,33.814998626708984,29.190000534057617,85.4800033569336,74.20999908447266,117.8499984741211,12.029999732971191,188.0,207.39999389648438,24.857999801635742,32.470001220703125,66.94999694824219,74.94999694824219,54.06999969482422,114.30999755859375,32.560001373291016,101.58000183105469,268.70001220703125,51.27000045776367,132.50999450683594,116.55000305175781,79.27999877929688,69.7300033569336,52.50954055786133,57.34000015258789,55.7599983215332,6.077499866485596,34.734344482421875,161.0,62.36000061035156,67.29000091552734,63.94333267211914,44.04999923706055,226.11000061035156,54.33000183105469,93.93000030517578,57.15999984741211,33.845001220703125,29.309999465942383,85.80000305175781,74.81999969482422,5835600,89674400,5674100,645100,30782000,73905800,6260900,15939200,5310000,8833300,9139500,2910200,4410600,32727900,7557800,15366600,4399500,4110400,9240006,10536000,65504600,505524000,19300743,1750900,7655300,8309700,1586400,8336200,4834600,6075500,3500400,19051500,22786200,54595700,8253100,19714100
2018-03-12,83.26616668701172,11.520000457763672,147.35052490234375,194.60317993164062,20.757341384887695,27.161582946777344,49.926918029785156,57.803890228271484,41.82558822631836,81.95153045654297,23.198326110839844,74.1674575805664,228.5482940673828,43.54425048828125,106.189208984375,94.11577606201172,70.42959594726562,53.80025863647461,40.95723342895508,46.05225372314453,57.902801513671875,6.178323745727539,23.77100944519043,121.72145080566406,51.120418548583984,54.18624496459961,60.38368225097656,37.209205627441406,195.1400909423828,39.724029541015625,67.23357391357422,46.219661712646484,23.9875431060791,25.321292877197266,74.92390441894531,52.01272964477539,118.30000305175781,11.520000457763672,189.3000030517578,211.3000030517578,26.284000396728516,32.84000015258789,67.44999694824219,76.0199966430664,54.7400016784668,116.79000091552734,32.81999969482422,100.6500015258789,273.3800048828125,51.52000045776367,132.6300048828125,117.66000366210938,79.04000091552734,69.2699966430664,52.82442855834961,58.90999984741211,59.369998931884766,6.24399995803833,34.734344482421875,162.25999450683594,62.810001373291016,68.08999633789062,65.4366683959961,45.220001220703125,222.77000427246094,55.0099983215332,92.69000244140625,58.02000045776367,34.21500015258789,29.600000381469727,86.13999938964844,75.23999786376953,119.58999633789062,11.819999694824219,190.38999938964844,212.75,26.43000030517578,33.04999923706055,68.18000030517578,76.52999877929688,55.40999984741211,118.3499984741211,33.349998474121094,102.81999969482422,275.30999755859375,51.95000076293945,134.22999572753906,118.75,79.97000122070312,70.4800033569336,53.55915832519531,59.380001068115234,61.16999816894531,6.324999809265137,35.10436248779297,162.99000549316406,63.47999954223633,69.20999908447266,65.7699966430664,45.349998474121094,227.0,55.5099983215332,94.4800033569336,58.560001373291016,34.46500015258789,29.809999465942383,86.66999816894531,75.58000183105469,117.93000030517578,11.479999542236328,188.32000732421875,210.32000732421875,25.961999893188477,32.63999938964844,67.18000030517578,75.91999816894531,54.59000015258789,116.55999755859375,32.599998474121094,100.48999786376953,270.7699890136719,50.5,132.32000732421875,117.25,78.61000061035156,69.16999816894531,52.709922790527344,58.54999923706055,56.349998474121094,6.166749954223633,34.629981994628906,161.50999450683594,62.29999923706055,67.8499984741211,65.0199966430664,44.75,222.77000427246094,54.869998931884766,92.52999877929688,57.959999084472656,34.04499816894531,29.549999237060547,86.04000091552734,74.69000244140625,119.4000015258789,11.760000228881836,189.5,210.89999389648438,26.065000534057617,32.689998626708984,67.9000015258789,75.94999694824219,55.0099983215332,117.5,32.72999954223633,102.5,271.0,51.86000061035156,133.8000030517578,118.0,79.83000183105469,70.23999786376953,53.17748260498047,58.61000061035156,56.5,6.175000190734863,35.02846145629883,162.50999450683594,63.04999923706055,68.7300033569336,65.22666931152344,44.790000915527344,226.2100067138672,55.209999084472656,94.01000213623047,58.27000045776367,34.244998931884766,29.700000762939453,86.54000091552734,74.87000274658203,4892900,83748700,6972400,788800,53881000,60322800,5031700,13398200,5074400,6877000,7303000,5209100,3065600,32044400,4942000,12339300,5059600,3175900,11269039,8123200,138651600,605060000,26571656,1641300,15801300,5226700,1860300,5176100,3117300,3647700,3231900,12414800,18972000,51784500,5760200,14226700
2018-03-13,84.28675842285156,11.640000343322754,147.70079040527344,191.58233642578125,20.6294002532959,26.76458168029785,49.356971740722656,56.95987319946289,41.229591369628906,81.71997833251953,23.17711639404297,73.72532653808594,224.49363708496094,43.764007568359375,107.5663070678711,92.9879150390625,70.52762603759766,53.77696990966797,40.964637756347656,45.364322662353516,57.9613151550293,6.127612113952637,23.86191177368164,120.39364624023438,48.5892219543457,53.43022537231445,59.45166015625,37.01994705200195,198.79290771484375,39.10300064086914,67.81385040283203,45.85322189331055,23.815778732299805,25.038997650146484,75.01959228515625,51.521942138671875,119.75,11.640000343322754,189.75,208.02000427246094,26.121999740600586,32.36000061035156,66.68000030517578,74.91000366210938,53.959999084472656,116.45999908447266,32.790000915527344,100.05000305175781,268.5299987792969,51.779998779296875,134.35000610351562,116.25,79.1500015258789,69.23999786376953,52.83396911621094,58.029998779296875,59.43000030517578,6.192749977111816,34.86717224121094,160.49000549316406,59.70000076293945,67.13999938964844,64.42666625976562,44.9900016784668,226.94000244140625,54.150001525878906,93.48999786376953,57.560001373291016,33.970001220703125,29.270000457763672,86.25,74.52999877929688,121.44999694824219,12.039999961853027,190.8300018310547,213.60000610351562,27.385000228881836,32.9900016784668,68.22000122070312,76.41000366210938,55.209999084472656,118.18000030517578,33.13999938964844,101.7699966430664,275.0299987792969,53.779998779296875,135.38999938964844,118.47000122070312,79.87000274658203,70.29000091552734,53.196563720703125,59.290000915527344,63.41999816894531,6.362500190734863,35.06641387939453,163.0,61.400001525878906,68.45999908447266,65.7699966430664,45.75,228.05999755859375,55.400001525878906,94.94999694824219,58.41999816894531,34.474998474121094,29.770000457763672,86.8499984741211,75.81999969482422,118.7300033569336,11.100000381469727,188.6300048828125,207.1199951171875,26.023000717163086,32.29999923706055,66.2699966430664,74.66000366210938,53.58000183105469,116.0,32.310001373291016,99.68000030517578,267.44000244140625,51.38999938964844,133.4499969482422,115.83000183105469,78.7699966430664,68.7699966430664,52.48091506958008,57.869998931884766,58.52000045776367,6.151000022888184,34.563568115234375,159.85000610351562,59.130001068115234,66.76000213623047,64.14666748046875,44.90999984741211,223.16000366210938,54.060001373291016,92.80000305175781,57.41999816894531,33.83000183105469,29.200000762939453,86.05999755859375,74.25,119.26000213623047,11.5,189.60000610351562,212.77000427246094,26.64299964904785,32.970001220703125,67.80999755859375,76.13999938964844,54.939998626708984,117.2300033569336,32.970001220703125,101.37000274658203,274.3399963378906,52.52000045776367,133.8000030517578,118.19999694824219,79.08000183105469,69.37999725341797,53.1870231628418,59.220001220703125,62.16999816894531,6.28725004196167,34.91461181640625,162.9600067138672,59.77000045776367,68.33999633789062,65.22666931152344,45.5,223.52999877929688,55.29999923706055,93.0199966430664,58.38999938964844,34.31999969482422,29.739999771118164,86.47000122070312,75.33000183105469,5403200,174302600,4712900,656900,66855000,63347500,5905800,12636600,5528100,6793100,9880400,3210400,2288100,45573900,9152300,13312300,4863200,3246000,12272080,6031100,142315800,619772000,29560695,1778600,38572700,6964300,4230000,5842300,3343800,6132800,4322400,13810600,21461800,47049400,6400700,13739700
2018-03-14,83.71662902832031,11.359999656677246,148.3390655517578,194.8149871826172,20.579654693603516,26.582622528076172,49.3199577331543,55.864925384521484,41.229591369628906,80.7867202758789,23.09922218322754,73.60742950439453,221.06600952148438,43.83161544799805,105.94100952148438,91.9480209350586,69.93952178955078,53.87016677856445,40.89748001098633,44.55132293701172,58.30265808105469,6.153091907501221,23.602190017700195,118.59327697753906,48.93105697631836,52.86521911621094,59.44551467895508,37.15159606933594,197.42636108398438,38.46753692626953,67.2117919921875,45.11236572265625,23.675569534301758,24.756702423095703,74.65425872802734,50.879032135009766,118.94000244140625,11.359999656677246,190.57000732421875,211.52999877929688,26.05900001525879,32.13999938964844,66.62999725341797,73.47000122070312,53.959999084472656,115.12999725341797,32.619998931884766,99.88999938964844,264.42999267578125,51.86000061035156,132.32000732421875,114.94999694824219,78.48999786376953,69.36000061035156,52.290077209472656,56.9900016784668,59.779998779296875,6.218500137329102,34.487667083740234,158.08999633789062,60.119998931884766,66.43000030517578,64.41999816894531,45.150001525878906,225.3800048828125,53.27000045776367,92.66000366210938,56.630001068115234,33.77000045776367,28.940000534057617,85.83000183105469,73.5999984741211,120.66999816894531,11.720000267028809,192.6199951171875,212.47000122070312,26.233999252319336,32.54999923706055,67.26000213623047,75.29000091552734,54.72999954223633,117.44999694824219,33.02000045776367,100.9000015258789,270.7799987792969,52.18000030517578,135.6999969482422,116.58999633789062,79.55999755859375,70.0199966430664,52.89122009277344,58.41999816894531,60.060001373291016,6.263750076293945,35.09487533569336,161.7899932861328,60.380001068115234,67.6500015258789,64.78333282470703,45.45000076293945,229.38999938964844,54.4900016784668,94.0999984741211,57.900001525878906,34.19499969482422,29.399999618530273,86.75,74.79000091552734,117.94999694824219,11.260000228881836,189.8000030517578,209.2899932861328,25.514999389648438,31.93000030517578,66.2699966430664,73.31999969482422,53.869998931884766,114.86000061035156,32.540000915527344,99.63999938964844,263.9100036621094,51.310001373291016,131.89999389648438,114.5999984741211,78.0199966430664,69.1500015258789,51.82251739501953,56.79999923706055,57.560001373291016,6.1554999351501465,34.326377868652344,157.55999755859375,57.900001525878906,66.26000213623047,63.83000183105469,44.83000183105469,225.02000427246094,53.119998931884766,92.48999786376953,56.45000076293945,33.70000076293945,28.850000381469727,85.55000305175781,73.52999877929688,120.33999633789062,11.699999809265137,191.17999267578125,212.35000610351562,26.200000762939453,32.54999923706055,67.08000183105469,75.27999877929688,54.34000015258789,116.9800033569336,32.810001373291016,100.80000305175781,270.3999938964844,52.060001373291016,135.24000549316406,116.55999755859375,79.38999938964844,69.6500015258789,52.738548278808594,58.41999816894531,59.31999969482422,6.236249923706055,34.95256042480469,161.2100067138672,59.900001525878906,67.27999877929688,64.78333282470703,45.43000030517578,227.1300048828125,54.38999938964844,93.66999816894531,57.86000061035156,34.099998474121094,29.399999618530273,86.55000305175781,74.63999938964844,3556100,80540800,3613300,733400,39619000,58011400,4859300,18485700,4101600,5051000,9723500,2189300,2478700,24993500,6770600,12905100,3167900,3328600,11692222,8384300,80306900,505496000,23378458,1923500,29759100,5963300,1641000,4300500,3048200,6281400,2747400,12212900,22696400,57278900,9416400,14820700
2018-03-15,80.89417266845703,11.460000038146973,147.70079040527344,197.49505615234375,21.145885467529297,26.549537658691406,49.038673400878906,55.766075134277344,41.283077239990234,81.10250091552734,22.454816818237305,72.69367218017578,222.8884735107422,43.00333786010742,106.53348541259766,92.17999267578125,70.17120361328125,53.303184509277344,41.23331832885742,44.73112487792969,57.385887145996094,6.167932987213135,23.751535415649414,118.42822265625,48.743858337402344,52.00574493408203,59.39936065673828,37.28324508666992,201.0178680419922,38.53252410888672,66.9724349975586,45.27169418334961,23.552873611450195,24.765254974365234,74.53251647949219,51.44586944580078,114.93000030517578,11.460000038146973,189.75,214.44000244140625,26.775999069213867,32.099998474121094,66.25,73.33999633789062,54.029998779296875,115.58000183105469,31.709999084472656,98.6500015258789,266.6099853515625,50.880001068115234,133.05999755859375,115.23999786376953,78.75,68.62999725341797,52.71946716308594,57.220001220703125,58.84000015258789,6.233500003814697,34.70588302612305,157.8699951171875,59.88999938964844,65.3499984741211,64.37000274658203,45.310001373291016,229.47999572753906,53.36000061035156,92.33000183105469,56.83000183105469,33.595001220703125,28.950000762939453,85.69000244140625,74.41999816894531,119.5,11.550000190734863,190.8800048828125,215.47999572753906,26.889999389648438,32.34000015258789,66.93000030517578,73.87000274658203,54.5099983215332,116.20999908447266,33.04999923706055,100.72000122070312,269.0,52.29999923706055,134.24000549316406,116.0,79.86000061035156,69.7699966430664,53.17748260498047,57.540000915527344,60.150001525878906,6.315499782562256,34.92409896850586,158.77000427246094,60.279998779296875,66.9000015258789,64.79000091552734,45.650001525878906,230.75999450683594,53.56999969482422,93.38999938964844,57.119998931884766,34.040000915527344,29.110000610351562,86.37999725341797,75.0,114.87999725341797,11.1899995803833,187.91000366210938,212.75,26.350000381469727,31.93000030517578,66.20999908447266,73.01000213623047,53.380001068115234,114.75,31.510000228881836,98.18000030517578,265.3500061035156,50.880001068115234,132.47000122070312,114.83000183105469,78.45999908447266,67.44999694824219,52.375953674316406,56.939998626708984,58.22999954223633,6.190999984741211,34.487667083740234,156.7899932861328,59.560001373291016,65.01000213623047,64.03666687011719,44.88999938964844,225.66000366210938,53.08000183105469,90.5199966430664,56.2400016784668,33.34000015258789,28.860000610351562,85.58000183105469,74.0999984741211,119.0,11.430000305175781,190.0500030517578,214.3000030517578,26.37299919128418,32.290000915527344,66.76000213623047,73.77999877929688,54.310001373291016,115.36000061035156,32.689998626708984,100.38999938964844,265.7200012207031,52.22999954223633,132.5500030517578,115.87000274658203,78.58000183105469,69.55999755859375,52.433204650878906,57.38999938964844,59.77000045776367,6.232250213623047,34.487667083740234,158.6300048828125,60.029998779296875,66.5999984741211,64.58999633789062,45.099998474121094,225.8300018310547,53.5,93.0999984741211,56.77000045776367,33.89500045776367,29.049999237060547,86.12999725341797,74.3499984741211,5812400,66373900,3320500,700500,57990000,41964200,3422200,13334000,4934600,4519700,9724900,3843000,2255200,25631200,6147200,8748000,3910100,4534800,10560277,5648700,50963700,401952000,20508310,2024700,10494300,6310900,1073100,3942200,3330200,5587300,2786100,13277700,24817000,47451600,5883100,15640600
2018-03-16,80.03549194335938,11.470000267028809,146.5254364013672,197.14508056640625,20.127927780151367,26.60743522644043,49.2977409362793,55.864925384521484,41.97074890136719,80.9761734008789,22.63185691833496,74.02007293701172,223.7161102294922,43.24843978881836,107.02991485595703,92.3399658203125,71.72164916992188,54.11870193481445,41.5467529296875,44.95781707763672,59.08290100097656,6.196134567260742,23.88139533996582,120.0785903930664,49.337989807128906,52.60260772705078,59.374752044677734,37.003482818603516,199.5988006591797,38.4603157043457,68.03145599365234,44.53083038330078,23.762929916381836,24.786720275878906,74.53251647949219,51.9297981262207,113.70999908447266,11.470000267028809,188.24000549316406,214.05999755859375,25.48699951171875,32.16999816894531,66.5999984741211,73.47000122070312,54.93000030517578,115.4000015258789,31.959999084472656,100.44999694824219,267.6000061035156,51.16999816894531,133.67999267578125,115.44000244140625,80.48999786376953,69.68000030517578,53.1202278137207,57.5099983215332,60.58000183105469,6.26200008392334,34.89563751220703,160.07000732421875,60.619998931884766,66.0999984741211,64.34333038330078,44.970001220703125,227.86000061035156,53.2599983215332,93.79000091552734,55.900001525878906,33.654998779296875,28.8700008392334,85.38999938964844,75.12000274658203,116.7300033569336,11.550000190734863,190.25,214.5800018310547,26.360000610351562,32.56999969482422,67.44000244140625,74.13999938964844,55.189998626708984,116.19000244140625,32.58000183105469,100.86000061035156,269.8500061035156,51.70000076293945,134.39999389648438,116.5999984741211,80.48999786376953,69.9800033569336,53.29198455810547,58.060001373291016,60.689998626708984,6.28125,35.14231491088867,160.9600067138672,61.4900016784668,66.63999938964844,64.72666931152344,45.52000045776367,231.27000427246094,53.9900016784668,94.04000091552734,57.16999816894531,33.80500030517578,29.149999618530273,85.8499984741211,75.12000274658203,113.58999633789062,11.319999694824219,187.22999572753906,212.55999755859375,25.44099998474121,32.08000183105469,66.18000030517578,73.1500015258789,53.63999938964844,114.55999755859375,31.649999618530273,98.55000305175781,265.3299865722656,50.9900016784668,132.10000610351562,115.33999633789062,79.12000274658203,68.5,52.5572509765625,57.290000915527344,59.209999084472656,6.211999893188477,34.743831634521484,158.16000366210938,60.47999954223633,65.31999969482422,64.27333068847656,44.93000030517578,227.75,53.22999954223633,92.38999938964844,55.869998931884766,33.310001373291016,28.8700008392334,85.37999725341797,74.36000061035156,114.88999938964844,11.489999771118164,189.75,213.5399932861328,26.299999237060547,32.11000061035156,66.18000030517578,73.16999816894531,54.11000061035156,115.4000015258789,31.719999313354492,98.87000274658203,266.010009765625,51.16999816894531,133.16000366210938,115.33999633789062,79.19999694824219,68.51000213623047,52.66221237182617,57.38999938964844,60.0,6.25,34.76280975341797,158.5399932861328,60.599998474121094,65.37000274658203,64.45999908447266,45.0,229.66000366210938,53.36000061035156,92.38999938964844,56.9900016784668,33.375,28.90999984741211,85.37999725341797,74.36000061035156,8879300,37591000,16878400,822000,113955000,83447600,9506100,33033700,13000800,14909400,10675500,4950800,4114400,42559800,14233500,19888900,8326300,6081700,22010620,9144800,69323100,399456000,34125253,4518000,25574500,9394300,1035000,8125600,5690300,10911500,5308600,37095000,28685200,61278200,7067700,32109700
2018-03-19,78.85298156738281,11.430000305175781,142.0963897705078,195.93862915039062,19.344511032104492,26.45029067993164,48.905433654785156,55.279441833496094,40.93162536621094,79.91661834716797,22.06534767150879,72.56103515625,219.4775390625,42.961082458496094,104.27567291259766,91.6120834350586,70.15338897705078,53.753658294677734,40.770606994628906,44.52006149291992,58.653770446777344,5.96162748336792,23.589208602905273,119.5984878540039,47.506752014160156,51.48847961425781,58.242828369140625,36.699031829833984,197.13729858398438,38.12813186645508,67.41488647460938,44.196250915527344,23.395774841308594,24.60641860961914,73.32798767089844,51.25923156738281,112.02999877929688,11.430000305175781,182.5500030517578,212.75,24.4950008392334,31.979999542236328,66.06999969482422,72.69999694824219,53.56999969482422,113.88999938964844,31.15999984741211,98.47000122070312,262.5299987792969,50.83000183105469,130.24000549316406,114.52999877929688,78.7300033569336,69.20999908447266,52.127864837646484,56.95000076293945,60.13999938964844,6.025000095367432,34.468692779541016,159.42999267578125,58.369998931884766,64.69999694824219,63.116668701171875,44.599998474121094,225.0500030517578,52.79999923706055,92.94000244140625,55.47999954223633,33.1349983215332,28.65999984741211,84.01000213623047,74.1500015258789,114.9800033569336,11.739999771118164,187.92999267578125,214.10000610351562,25.64900016784668,32.220001220703125,66.9800033569336,73.5,54.90999984741211,115.2300033569336,31.899999618530273,100.4000015258789,267.5,51.22999954223633,133.47000122070312,115.44999694824219,80.19999694824219,69.56999969482422,53.1297721862793,57.66999816894531,60.9900016784668,6.233749866485596,34.91461181640625,160.3300018310547,60.349998474121094,66.12000274658203,64.0633316040039,44.869998931884766,227.97000122070312,53.310001373291016,93.44000244140625,55.9900016784668,33.595001220703125,28.93000030517578,85.33999633789062,75.01000213623047,110.44000244140625,11.350000381469727,180.6699981689453,210.02999877929688,24.277000427246094,31.68000030517578,65.18000030517578,71.91999816894531,53.380001068115234,113.22000122070312,30.899999618530273,97.44000244140625,259.4700012207031,49.93000030517578,129.36000061035156,113.30000305175781,78.16000366210938,68.72000122070312,51.7557258605957,56.189998626708984,58.75,5.925000190734863,34.23149871826172,158.0399932861328,57.900001525878906,64.13999938964844,62.223331451416016,44.189998626708984,223.67999267578125,52.36000061035156,92.16999816894531,54.970001220703125,32.94499969482422,28.389999389648438,83.33000183105469,73.86000061035156,113.73999786376953,11.40999984741211,187.2899932861328,214.0,25.309999465942383,32.130001068115234,66.62000274658203,73.47000122070312,54.7599983215332,115.06999969482422,31.75,99.87999725341797,266.989990234375,50.7400016784668,133.35000610351562,115.0999984741211,80.12000274658203,69.4000015258789,53.110687255859375,57.400001525878906,60.36000061035156,6.204500198364258,34.91461181640625,159.64999389648438,60.189998626708984,66.08999633789062,63.76333236694336,44.720001220703125,227.30999755859375,53.209999084472656,93.22000122070312,55.880001068115234,33.54999923706055,28.829999923706055,85.2300033569336,75.0,8598900,53308600,3970400,1063300,71267000,57363200,5553700,15131400,4822000,4803500,9728400,2605100,2426900,31115200,6017000,13214900,5117000,2774000,12391762,8117800,71373300,713772000,20003761,1913400,14131400,6097500,2781600,5116500,3407300,8712100,2334700,17982200,29050000,52145000,7190200,12744800
2018-03-20,79.28938293457031,11.109999656677246,141.69155883789062,195.80047607421875,19.13997459411621,26.45029067993164,49.17192077636719,55.44671630859375,41.79501724243164,80.34466552734375,22.341522216796875,74.66854095458984,220.02935791015625,43.569618225097656,105.05229187011719,91.7000503540039,69.83260345458984,55.501182556152344,40.77805709838867,44.926551818847656,59.638816833496094,6.173871040344238,23.589208602905273,119.16340637207031,47.41721725463867,52.17287826538086,58.67037582397461,36.888282775878906,198.6527557373047,37.983707427978516,68.52468872070312,43.734222412109375,23.59347152709961,24.666513442993164,73.43272399902344,51.14863586425781,112.6500015258789,11.109999656677246,182.02999877929688,212.60000610351562,24.236000061035156,31.979999542236328,66.43000030517578,72.91999816894531,54.70000076293945,114.5,31.549999237060547,101.33000183105469,263.19000244140625,51.54999923706055,131.2100067138672,114.63999938964844,78.37000274658203,71.45999908447266,52.13740539550781,57.470001220703125,61.150001525878906,6.239500045776367,34.468692779541016,158.85000610351562,58.2599983215332,65.55999755859375,63.58000183105469,44.83000183105469,226.77999877929688,52.599998474121094,94.47000122070312,54.900001525878906,33.415000915527344,28.729999542236328,84.12999725341797,73.98999786376953,114.1500015258789,11.520000457763672,184.02000427246094,214.3000030517578,24.80500030517578,32.20000076293945,67.16000366210938,73.52999877929688,55.470001220703125,115.69999694824219,31.959999084472656,101.66999816894531,264.6400146484375,51.810001373291016,131.77999877929688,115.44999694824219,79.19999694824219,71.81999969482422,52.42366409301758,57.869998931884766,61.25,6.278749942779541,34.67741775512695,160.6999969482422,59.09000015258789,66.0999984741211,63.78666687011719,44.90999984741211,227.60000610351562,53.349998474121094,95.87000274658203,55.88999938964844,33.63999938964844,28.850000381469727,84.43000030517578,74.69999694824219,112.08999633789062,11.0,181.1699981689453,210.47999572753906,24.128000259399414,31.8799991607666,65.72000122070312,72.70999908447266,53.90999984741211,114.44000244140625,31.399999618530273,99.23999786376953,261.8900146484375,50.849998474121094,129.3800048828125,114.44999694824219,77.8499984741211,69.44000244140625,51.8702278137207,56.88999938964844,59.79999923706055,6.0279998779296875,34.26945114135742,158.77999877929688,57.95000076293945,65.12999725341797,63.16666793823242,44.52000045776367,223.8800048828125,52.560001373291016,93.47000122070312,54.65999984741211,33.27000045776367,28.65999984741211,83.6500015258789,73.94999694824219,112.9000015258789,11.40999984741211,183.05999755859375,210.5500030517578,24.510000228881836,32.060001373291016,66.37999725341797,73.05000305175781,54.099998474121094,114.55000305175781,31.459999084472656,99.3499984741211,263.2900085449219,50.880001068115234,130.77999877929688,114.87000274658203,79.04000091552734,69.69999694824219,52.242366790771484,57.189998626708984,60.099998474121094,6.0279998779296875,34.50664138793945,160.1699981689453,58.9900016784668,65.12999725341797,63.25,44.70000076293945,225.16000366210938,53.04999923706055,93.54000091552734,55.77000045776367,33.314998626708984,28.770000457763672,84.19999694824219,74.22000122070312,4933800,65116900,2582200,790400,61918000,44784500,6307400,13113500,5140600,4587200,8607900,4555100,1514800,22215000,6214300,9921200,3943800,4723500,8153440,8426700,53890500,554696000,20295824,1649800,10615400,5446300,760800,6404200,3429100,4444500,3354400,26874600,22518200,37146500,5534400,13003200
2018-03-21,79.14860534667969,11.260000228881836,141.34912109375,196.84112548828125,19.712100982666016,26.359310150146484,48.92763900756836,55.7508659362793,43.58296203613281,82.12699127197266,23.311655044555664,77.21082305908203,218.90907287597656,43.578067779541016,105.03630065917969,91.780029296875,69.71676635742188,56.86036682128906,40.81538772583008,44.6451301574707,59.560787200927734,6.148638725280762,23.550241470336914,119.19341278076172,46.23706817626953,53.907718658447266,58.781105041503906,36.78131866455078,195.1838836669922,37.94760513305664,69.23554992675781,43.6465950012207,24.211288452148438,24.65793800354004,73.11849212646484,51.874481201171875,112.44999694824219,11.260000228881836,181.58999633789062,213.72999572753906,24.600000381469727,31.8700008392334,66.0999984741211,73.31999969482422,57.040000915527344,117.04000091552734,32.91999816894531,104.77999877929688,261.8500061035156,51.560001373291016,131.19000244140625,114.73999786376953,78.23999786376953,73.20999908447266,52.185115814208984,57.11000061035156,61.06999969482422,6.214000225067139,34.411766052246094,158.88999938964844,56.810001373291016,67.73999786376953,63.70000076293945,44.70000076293945,222.82000732421875,52.54999923706055,95.44999694824219,54.790000915527344,34.290000915527344,28.719999313354492,83.7699966430664,75.04000091552734,113.79000091552734,11.34000015258789,184.0399932861328,216.0,25.05900001525879,32.45000076293945,66.98999786376953,74.2699966430664,57.59000015258789,118.11000061035156,33.29999923706055,105.83000183105469,266.489990234375,52.16999816894531,132.77999877929688,116.62999725341797,79.0,73.87999725341797,52.74809265136719,58.16999816894531,61.720001220703125,6.300000190734863,34.84819793701172,160.94000244140625,58.279998779296875,68.2699966430664,64.5199966430664,44.849998474121094,227.44000244140625,53.209999084472656,96.41000366210938,55.58000183105469,34.5099983215332,29.100000381469727,84.7300033569336,75.63999938964844,111.7300033569336,11.109999656677246,181.39999389648438,212.35000610351562,24.006000518798828,31.68000030517578,66.08999633789062,72.69000244140625,55.040000915527344,114.80000305175781,31.649999618530273,101.63999938964844,260.30999755859375,51.16999816894531,130.66000366210938,114.20999908447266,78.02999877929688,71.70999908447266,51.92748260498047,56.88999938964844,60.599998474121094,6.1832499504089355,34.34535217285156,158.49000549316406,56.77000045776367,65.77999877929688,63.426666259765625,44.25,222.82000732421875,52.34000015258789,94.48999786376953,54.540000915527344,33.5099983215332,28.6200008392334,83.69999694824219,73.9800033569336,113.08000183105469,11.15999984741211,181.42999267578125,213.08999633789062,24.058000564575195,32.0,66.54000091552734,73.18000030517578,55.099998474121094,114.9800033569336,31.780000686645508,101.72000122070312,263.010009765625,51.54999923706055,131.39999389648438,114.80999755859375,78.45999908447266,71.80999755859375,52.25190734863281,57.33000183105469,61.349998474121094,6.232999801635742,34.6204948425293,159.1699981689453,57.5,65.91999816894531,63.50666809082031,44.56999969482422,226.4499969482422,52.790000915527344,94.70999908447266,55.02000045776367,33.6150016784668,28.780000686645508,84.2699966430664,74.2300033569336,4618000,44691700,2531100,465400,54912000,64546300,4331800,16374700,7720100,6829600,10172400,5288900,2817600,23239500,5158700,13633000,4052000,4355900,10489746,8676000,51220200,438688000,19071392,1412500,12231900,7240300,1380300,7036400,3419800,6881500,3066200,18997300,32879200,53291400,5498700,15418500
2018-03-22,69.04828643798828,10.90999984741211,137.0601348876953,188.5431365966797,19.517383575439453,25.267549514770508,47.33620834350586,53.462120056152344,43.17035675048828,79.78330993652344,22.865541458129883,76.84969329833984,211.176025390625,42.961082458496094,101.98583221435547,87.94857025146484,68.1930160522461,56.6739616394043,40.38998031616211,42.71424102783203,57.46392059326172,5.9826531410217285,23.115215301513672,114.98500061035156,45.236000061035156,52.14103698730469,57.232418060302734,35.95024108886719,188.5177459716797,36.5755729675293,67.4874496459961,41.84623718261719,23.71703338623047,23.74785041809082,71.01494598388672,50.80989456176758,98.0999984741211,10.90999984741211,176.0800018310547,204.72000122070312,24.35700035095215,30.549999237060547,63.95000076293945,70.30999755859375,56.5,113.69999694824219,32.290000915527344,104.29000091552734,252.60000610351562,50.83000183105469,127.37999725341797,109.94999694824219,76.52999877929688,72.97000122070312,51.64122009277344,54.63999938964844,58.91999816894531,6.046249866485596,33.776092529296875,153.27999877929688,55.58000183105469,65.5199966430664,61.900001525878906,43.689998626708984,215.2100067138672,50.650001525878906,93.04000091552734,52.529998779296875,33.59000015258789,27.65999984741211,81.36000061035156,73.5,104.5,11.260000228881836,180.75,212.02000427246094,24.672000885009766,31.489999771118164,65.88999938964844,72.4800033569336,57.279998779296875,115.73999786376953,32.75,105.08000183105469,260.82000732421875,51.959999084472656,130.67999267578125,113.5999984741211,78.01000213623047,73.88999938964844,52.461830139160156,56.66999816894531,60.29999923706055,6.197000026702881,34.28842544555664,157.74000549316406,56.83000183105469,66.97000122070312,63.24333190917969,44.369998931884766,221.66000366210938,52.189998626708984,95.11000061035156,54.279998779296875,34.09000015258789,28.450000762939453,83.0199966430664,74.69999694824219,95.5199966430664,10.850000381469727,176.0,204.4600067138672,24.149999618530273,30.420000076293945,63.90999984741211,69.87000274658203,56.04999923706055,113.4800033569336,32.09000015258789,103.16000366210938,252.17999267578125,50.599998474121094,127.0999984741211,109.54000091552734,76.41000366210938,72.11000061035156,51.55534362792969,54.5099983215332,58.11000061035156,6.008500099182129,33.65275192260742,152.7899932861328,55.52000045776367,65.19000244140625,61.8466682434082,43.689998626708984,215.10000610351562,50.529998779296875,92.94999694824219,52.18000030517578,33.525001525878906,27.559999465942383,81.22000122070312,73.38999938964844,104.19000244140625,11.100000381469727,179.9199981689453,210.0800018310547,24.202999114990234,31.440000534057617,65.58000183105469,72.33000183105469,56.40999984741211,115.55000305175781,32.43000030517578,103.5199966430664,258.4200134277344,50.7400016784668,130.47000122070312,113.19999694824219,77.55999755859375,72.37000274658203,51.7557258605957,56.310001373291016,60.06999969482422,6.150000095367432,34.184059143066406,156.94000244140625,56.2400016784668,66.75,62.59333419799805,44.099998474121094,221.64999389648438,52.040000915527344,94.38999938964844,54.209999084472656,33.90999984741211,28.34000015258789,82.95999908447266,74.41999816894531,26861200,59944200,3553000,1008300,43078000,110271900,6778700,27652300,11053200,6297200,8580800,6672800,4489300,30916000,7560100,22550400,3816900,3809500,13387990,14900500,74274700,551196000,22094686,2606900,13554600,7500000,1752000,6318500,5894800,9422900,3264500,32656300,36967600,85160300,14648500,17737000
2018-03-23,68.59782409667969,10.630000114440918,131.88377380371094,183.37643432617188,19.430044174194336,24.126169204711914,45.93721008300781,51.6296272277832,44.1178092956543,79.27806091308594,22.823049545288086,78.00662994384766,205.03968811035156,41.718650817871094,100.16036224365234,85.59687042236328,66.61585998535156,55.36138153076172,39.860107421875,40.70516586303711,52.87031173706055,5.762989044189453,22.394489288330078,110.45399475097656,43.6733283996582,51.04282760620117,55.32773971557617,35.0368766784668,186.1876678466797,35.56459045410156,66.16729736328125,40.61149215698242,23.572290420532227,23.02666473388672,69.53982543945312,50.38820266723633,97.45999908447266,10.630000114440918,169.42999267578125,199.11000061035156,24.24799919128418,29.170000076293945,62.060001373291016,67.9000015258789,57.7400016784668,112.9800033569336,32.22999954223633,105.86000061035156,245.25999450683594,49.36000061035156,125.0999984741211,107.01000213623047,74.76000213623047,71.27999877929688,50.963741302490234,52.06999969482422,54.209999084472656,5.824250221252441,32.72296142578125,147.24000549316406,53.65999984741211,64.13999938964844,59.84000015258789,42.58000183105469,212.5500030517578,49.25,91.22000122070312,50.97999954223633,33.3849983215332,26.81999969482422,79.66999816894531,72.88999938964844,100.31999969482422,10.970000267028809,179.17999267578125,206.27000427246094,24.52199935913086,30.709999084472656,64.05000305175781,70.47000122070312,58.380001068115234,115.7699966430664,33.08000183105469,106.7300033569336,253.99000549316406,50.9900016784668,127.80000305175781,110.91999816894531,76.80000305175781,74.4800033569336,52.20419692993164,54.91999816894531,58.79999923706055,6.0625,33.68121337890625,153.83999633789062,55.79999923706055,66.69999694824219,61.900001525878906,43.70000076293945,217.72999572753906,50.900001525878906,94.51000213623047,52.75,34.150001525878906,27.729999542236328,81.61000061035156,74.20999908447266,97.37000274658203,10.569999694824219,169.35000610351562,199.02999877929688,24.041000366210938,29.049999237060547,61.939998626708984,67.75,56.970001220703125,112.69999694824219,32.099998474121094,104.69999694824219,244.92999267578125,49.36000061035156,124.9000015258789,106.76000213623047,74.51000213623047,71.16999816894531,50.89694595336914,51.9900016784668,53.68000030517578,5.813000202178955,32.67552185058594,146.91000366210938,53.650001525878906,64.0,59.81666564941406,42.58000183105469,212.5,49.150001525878906,91.11000061035156,50.939998626708984,33.310001373291016,26.770000457763672,79.61000061035156,72.66999816894531,98.98999786376953,10.90999984741211,176.57000732421875,205.52000427246094,24.33799934387207,30.690000534057617,64.05000305175781,70.31999969482422,57.040000915527344,114.37000274658203,32.47999954223633,104.75,253.6300048828125,50.59000015258789,127.62999725341797,110.2699966430664,76.7699966430664,73.4000015258789,51.832061767578125,54.90999984741211,57.689998626708984,6.059999942779541,33.67172622680664,153.77999877929688,55.630001068115234,65.54000091552734,61.790000915527344,43.630001068115234,215.75,50.70000076293945,93.79000091552734,52.720001220703125,33.7599983215332,27.690000534057617,81.44000244140625,73.80999755859375,14253600,54844500,4529600,1149000,59070000,115740200,8481500,31458900,9442000,6227200,8514900,6576400,3634200,37683900,8452500,23081500,4298100,5858200,12408634,16707800,118369500,735620000,29385731,2984800,14713300,8622100,3847500,5923500,5741200,10526500,3195400,30975800,38428600,89289500,11049000,20157300
2018-03-26,67.06339263916016,10.4399995803833,136.36737060546875,191.05738830566406,19.850725173950195,25.17657470703125,46.92909240722656,53.05913162231445,45.14167404174805,80.94110870361328,22.993005752563477,79.26670837402344,213.08212280273438,44.35563278198242,101.99386596679688,88.23651123046875,67.88116455078125,57.225399017333984,40.33028030395508,42.44843292236328,54.18695831298828,6.04771089553833,22.751602172851562,114.78243255615234,45.68363952636719,51.297481536865234,57.63615036010742,36.427490234375,191.89901733398438,37.03772735595703,68.3651123046875,41.65505599975586,23.99593734741211,23.77361297607422,70.98003387451172,51.15553665161133,95.27999877929688,10.4399995803833,175.19000244140625,207.4499969482422,24.773000717163086,30.440000534057617,63.400001525878906,69.77999877929688,59.08000183105469,115.3499984741211,32.470001220703125,107.56999969482422,254.8800048828125,52.47999954223633,127.38999938964844,110.30999755859375,76.18000030517578,73.68000030517578,51.564884185791016,54.29999923706055,55.560001373291016,6.111999988555908,33.244781494140625,153.00999450683594,56.130001068115234,64.45999908447266,62.336666107177734,44.27000045776367,219.07000732421875,51.290000915527344,94.25,52.290000915527344,33.98500061035156,27.690000534057617,81.31999969482422,74.0,99.91000366210938,10.800000190734863,175.8699951171875,207.52999877929688,24.882999420166016,30.559999465942383,63.56999969482422,70.01000213623047,59.099998474121094,115.58999633789062,32.56999969482422,107.6500015258789,255.36000061035156,52.4900016784668,127.54000091552734,111.16000366210938,76.2300033569336,74.05999755859375,51.67938995361328,54.43000030517578,56.709999084472656,6.113249778747559,33.34914779663086,153.33999633789062,56.13999938964844,65.22000122070312,62.35333251953125,44.279998779296875,219.41000366210938,51.43000030517578,94.47000122070312,52.54999923706055,34.03499984741211,27.770000457763672,81.43000030517578,74.1500015258789,91.76000213623047,10.180000305175781,170.11000061035156,202.08999633789062,24.051000595092773,29.649999618530273,61.72999954223633,68.29000091552734,58.209999084472656,113.25,31.549999237060547,105.72000122070312,248.4499969482422,50.31999969482422,125.20999908447266,108.6500015258789,74.6500015258789,72.08000183105469,50.54389190673828,52.63999938964844,52.720001220703125,5.897500038146973,32.561668395996094,149.0,54.25,63.560001373291016,60.46333312988281,43.18000030517578,214.6999969482422,49.81999969482422,92.33999633789062,51.52000045776367,33.380001068115234,27.100000381469727,79.6500015258789,72.75,99.48999786376953,10.710000038146973,172.77999877929688,205.00999450683594,24.767000198364258,29.889999389648438,62.779998779296875,69.11000061035156,58.369998931884766,114.23999786376953,32.56999969482422,106.87000274658203,250.64999389648438,50.7400016784668,126.41000366210938,109.19000244140625,75.61000061035156,72.0999984741211,51.57442855834961,53.33000183105469,56.2599983215332,5.949999809265137,33.14041519165039,150.0,54.58000183105469,64.8499984741211,61.24333190917969,43.810001373291016,215.19000244140625,50.22999954223633,92.37999725341797,51.95000076293945,33.77000045776367,27.360000610351562,80.56999969482422,73.6500015258789,13760600,75878500,4217100,776800,48713000,83297000,6676500,19156100,8795700,6868700,6366000,4818100,3787200,39306200,8358200,20217500,3488700,4245400,10448770,11913700,70260700,611424000,24926468,2459900,12093900,7386100,2399700,5395200,3561300,9001800,3111500,26718000,31906000,84145000,9183500,15032700
2018-03-27,64.76179504394531,10.0,133.2226104736328,184.46316528320312,19.581483840942383,24.4156494140625,46.1962776184082,51.918582916259766,45.187522888183594,80.45694732666016,22.454816818237305,78.35296630859375,206.7117462158203,43.26534652709961,101.8497314453125,86.52474212646484,67.41780090332031,56.604061126708984,40.11384582519531,41.5494499206543,51.10505294799805,5.578697681427002,22.732128143310547,111.90929412841797,44.63372039794922,51.31340789794922,55.515750885009766,35.62109375,190.92669677734375,36.00509262084961,66.92890930175781,40.70708084106445,23.769989013671875,23.309988021850586,70.14208221435547,50.94814682006836,92.01000213623047,10.0,171.14999389648438,200.2899932861328,24.437000274658203,29.520000457763672,62.40999984741211,68.27999877929688,59.13999938964844,114.66000366210938,31.709999084472656,106.33000183105469,247.25999450683594,51.189998626708984,127.20999908447266,108.16999816894531,75.66000366210938,72.87999725341797,51.288169860839844,53.150001525878906,52.400001525878906,5.638000011444092,33.2163200378418,149.17999267578125,54.84000015258789,64.4800033569336,60.043331146240234,43.290000915527344,217.9600067138672,49.86000061035156,92.2699966430664,51.099998474121094,33.665000915527344,27.149999618530273,80.36000061035156,73.69999694824219,95.72000122070312,10.59000015258789,176.36000061035156,207.9199981689453,25.424999237060547,30.670000076293945,63.66999816894531,70.62000274658203,59.81999969482422,116.86000061035156,32.59000015258789,107.91000366210938,257.05999755859375,53.25,129.10000610351562,111.69000244140625,76.5999984741211,74.91999816894531,52.06106948852539,54.900001525878906,55.470001220703125,6.25,33.73814010620117,154.19000244140625,57.2400016784668,66.08999633789062,62.99333190917969,44.84000015258789,221.9499969482422,51.41999816894531,94.66000366210938,52.79999923706055,34.27000045776367,27.899999618530273,81.8499984741211,74.88999938964844,91.12000274658203,9.899999618530273,169.82000732421875,198.8800048828125,24.15999984741211,29.209999084472656,61.79999923706055,67.61000061035156,58.689998626708984,113.9800033569336,31.579999923706055,105.48999786376953,245.61000061035156,50.779998779296875,126.38999938964844,107.30000305175781,75.13999938964844,72.4000015258789,51.020992279052734,52.630001068115234,51.68000030517578,5.496250152587891,32.99810028076172,148.05999755859375,54.540000915527344,63.970001220703125,59.53333282470703,43.130001068115234,216.41000366210938,49.47999954223633,91.11000061035156,50.689998626708984,33.470001220703125,26.93000030517578,79.9000015258789,73.27999877929688,95.5,10.510000228881836,176.16000366210938,207.17999267578125,24.808000564575195,30.649999618530273,63.63999938964844,70.23999786376953,59.150001525878906,115.75,32.5,107.45999908447266,255.88999938964844,53.0099983215332,127.11000061035156,111.06999969482422,76.08999633789062,73.87999725341797,51.51717758178711,54.529998779296875,55.060001373291016,6.193749904632568,33.37760925292969,153.9199981689453,56.59000015258789,64.91000366210938,62.81666564941406,44.720001220703125,220.32000732421875,51.349998474121094,94.29000091552734,52.400001525878906,34.130001068115234,27.780000686645508,81.61000061035156,74.0,10821300,68551300,3963100,681900,63917000,85821800,6221400,21610800,9089600,5530800,6045100,5199900,2981500,38777000,7789900,18039900,4070600,3640400,16956535,12389400,67785100,1409000000,28835227,2908900,12243200,6318000,3221700,6995000,3722100,8622100,3756700,23669300,27846200,78827400,10948400,15821900
2018-03-28,66.35250091552734,9.8100004196167,132.68551635742188,179.15834045410156,18.965286254882812,24.308128356933594,46.31471633911133,51.90336608886719,44.87425231933594,78.66056823730469,22.093679428100586,76.50337982177734,208.4756622314453,41.921485900878906,102.04187774658203,86.3887710571289,68.62075805664062,55.78077697753906,41.11390686035156,41.3618278503418,50.2175407409668,5.475544452667236,22.92041778564453,112.11186981201172,44.51976776123047,50.30271530151367,54.31376266479492,35.12738037109375,191.3997039794922,36.37560272216797,65.48544311523438,41.009796142578125,23.307514190673828,23.3529109954834,70.51741790771484,50.33290481567383,94.2699966430664,9.8100004196167,170.4600067138672,194.52999877929688,23.667999267578125,29.389999389648438,62.56999969482422,68.26000213623047,58.72999954223633,112.0999984741211,31.200000762939453,103.81999969482422,249.3699951171875,49.599998474121094,127.44999694824219,108.0,77.01000213623047,71.81999969482422,52.566795349121094,52.90999984741211,51.4900016784668,5.533750057220459,33.49146270751953,149.4499969482422,54.70000076293945,63.209999084472656,58.74333190917969,42.689998626708984,218.5,50.06999969482422,90.27999877929688,51.47999954223633,33.0099983215332,27.200000762939453,80.79000091552734,72.80999755859375,96.8499984741211,10.170000076293945,172.5,199.16000366210938,24.69300079345703,29.959999084472656,63.36000061035156,69.04000091552734,59.7400016784668,115.26000213623047,32.040000915527344,107.19999694824219,251.22999572753906,50.70000076293945,129.02000427246094,109.16999816894531,77.66000366210938,73.43000030517578,52.80534362792969,53.43000030517578,53.349998474121094,5.734749794006348,33.9753303527832,150.77000427246094,55.970001220703125,64.62999725341797,60.176666259765625,43.16999816894531,219.91000366210938,50.4900016784668,92.94999694824219,51.93000030517578,33.79999923706055,27.469999313354492,81.56999969482422,74.01000213623047,91.58000183105469,9.789999961853027,168.02000427246094,193.17999267578125,23.559999465942383,29.010000228881836,62.41999816894531,67.52999877929688,58.43000030517578,112.05999755859375,30.979999542236328,103.26000213623047,244.3699951171875,49.0099983215332,127.20999908447266,106.6500015258789,76.04000091552734,71.58999633789062,51.54580307006836,51.970001220703125,50.70000076293945,5.425000190734863,33.320682525634766,147.86000061035156,54.459999084472656,62.66999816894531,58.483333587646484,42.439998626708984,217.0399932861328,49.369998931884766,90.22000122070312,50.95000076293945,32.95500183105469,26.850000381469727,80.4800033569336,72.77999877929688,92.19000244140625,9.989999771118164,171.35000610351562,197.49000549316406,24.408000946044922,29.790000915527344,62.58000183105469,68.4800033569336,59.15999984741211,114.93000030517578,31.8700008392334,105.80000305175781,248.77999877929688,50.5,127.62999725341797,108.27999877929688,76.05999755859375,73.12999725341797,51.57442855834961,53.279998779296875,51.93000030517578,5.603250026702881,33.37760925292969,149.74000549316406,54.810001373291016,64.3499984741211,59.630001068115234,42.97999954223633,218.88999938964844,49.689998626708984,92.5999984741211,51.15999984741211,33.685001373291016,27.219999313354492,80.58999633789062,73.73999786376953,11154200,64832100,4545900,2776600,41744000,79396100,5521200,21712000,13327600,6985300,7075500,5512400,2660200,37970900,6868500,19189300,4257500,4082300,13302788,11262300,62987500,945904000,26349684,1815900,12925500,7702900,2980200,8563100,3179500,7721000,3864800,23342500,36457400,84244500,10146800,18163900
2018-03-29,66.61996459960938,10.050000190734863,132.7010955810547,182.86988830566406,18.88275146484375,24.80438232421875,46.81806564331055,51.32548141479492,45.3021354675293,80.0218734741211,22.511474609375,77.57186889648438,210.557373046875,44.01756286621094,102.60233306884766,87.96456909179688,68.94153594970703,56.78268814086914,40.65119171142578,42.182647705078125,50.85146713256836,5.72885274887085,23.043792724609375,113.45465850830078,45.097625732421875,51.5521354675293,55.49109649658203,36.007835388183594,187.4578094482422,36.688011169433594,67.29156494140625,41.75064468383789,23.798242568969727,23.670583724975586,71.04984283447266,51.57722091674805,94.6500015258789,10.050000190734863,170.47999572753906,198.55999755859375,23.565000534057617,29.989999771118164,63.25,67.5,59.290000915527344,114.04000091552734,31.790000915527344,105.2699966430664,251.86000061035156,52.08000183105469,128.14999389648438,109.97000122070312,77.37000274658203,73.11000061035156,51.975189208984375,53.959999084472656,52.13999938964844,5.789750099182129,33.67172622680664,151.24000549316406,55.40999984741211,64.77999877929688,60.016666412353516,43.7599983215332,214.0,50.5,92.7699966430664,52.40999984741211,33.70500183105469,27.56999969482422,81.4000015258789,74.61000061035156,95.54000091552734,10.079999923706055,172.24000549316406,200.4199981689453,24.083999633789062,30.139999389648438,63.75,69.66999816894531,59.59000015258789,114.43000030517578,31.959999084472656,105.86000061035156,252.97999572753906,52.08000183105469,128.75999450683594,110.77999877929688,77.80000305175781,73.63999938964844,52.872135162353516,54.439998626708984,52.68000030517578,5.887499809265137,33.842506408691406,151.83999633789062,55.93000030517578,65.20999908447266,60.586666107177734,43.91999816894531,223.35000610351562,50.83000183105469,92.88999938964844,52.75,33.84000015258789,27.760000228881836,81.98999786376953,74.88999938964844,93.5,9.8100004196167,169.63999938964844,194.8300018310547,23.47599983215332,29.309999465942383,62.380001068115234,67.5,58.7400016784668,112.27999877929688,31.190000534057617,104.16999816894531,248.3300018310547,49.869998931884766,126.81999969482422,107.77999877929688,76.61000061035156,72.12999725341797,51.975189208984375,53.02000045776367,51.13999938964844,5.517499923706055,33.27324676513672,149.1300048828125,54.619998931884766,63.47999954223633,58.709999084472656,42.959999084472656,214.0,49.900001525878906,91.12000274658203,51.720001220703125,33.150001525878906,27.200000762939453,80.66999816894531,73.26000213623047,94.5199966430664,9.9399995803833,170.99000549316406,195.85000610351562,23.80900001525879,29.56999969482422,62.869998931884766,68.5199966430664,58.7400016784668,112.29000091552734,31.420000076293945,104.6500015258789,250.7899932861328,49.97999954223633,127.97000122070312,108.5,77.45999908447266,72.2300033569336,52.82442855834961,53.2400016784668,52.15999984741211,5.602749824523926,33.700191497802734,150.47999572753906,55.040000915527344,63.66999816894531,59.13999938964844,43.0,219.3800048828125,50.209999084472656,91.22000122070312,52.060001373291016,33.154998779296875,27.31999969482422,81.22000122070312,73.33000183105469,7399400,48681400,3769800,1193200,46874000,65678300,5732300,22621300,8469200,6627800,6290400,3393000,3073900,45265800,6119400,13274600,3424000,2790900,10218524,7349200,61458800,916628000,24804731,1865400,8482500,7282800,2504100,7758900,5529400,5399300,4173900,17706800,27936200,58290000,6914900,14882900
2018-04-02,64.37468719482422,9.529999732971191,129.25274658203125,177.79530334472656,18.244110107421875,24.241962432861328,45.89280319213867,51.48516082763672,44.3852424621582,78.75880432128906,21.49176597595215,75.84752655029297,206.78697204589844,41.34675216674805,99.72802734375,86.26876831054688,67.45346069335938,55.765262603759766,39.75562286376953,41.213287353515625,48.822872161865234,5.468122959136963,22.758094787597656,111.26421356201172,43.795406341552734,50.517601013183594,53.37068176269531,34.971038818359375,190.2609405517578,36.09226989746094,66.41390991210938,40.906227111816406,23.321630477905273,23.146860122680664,69.43508911132812,50.6163330078125,91.45999908447266,9.529999732971191,166.0500030517578,193.0500030517578,22.76799964904785,29.309999465942383,62.0,67.70999908447266,58.09000015258789,112.23999786376953,30.350000381469727,102.93000030517578,247.35000610351562,48.91999816894531,124.55999755859375,107.8499984741211,75.69999694824219,71.80000305175781,50.83015441894531,52.720001220703125,50.060001373291016,5.526249885559082,33.254268646240234,148.32000732421875,53.810001373291016,63.47999954223633,57.723331451416016,42.5,217.1999969482422,49.68000030517578,91.55999755859375,51.349998474121094,33.029998779296875,26.959999084472656,79.55000305175781,73.22000122070312,94.63999938964844,10.140000343322754,170.5800018310547,199.16000366210938,23.61199951171875,30.059999465942383,63.22999954223633,69.04000091552734,59.29999923706055,114.38999938964844,31.709999084472656,105.13999938964844,252.60000610351562,52.040000915527344,127.87999725341797,110.7300033569336,77.30999755859375,73.37999725341797,52.14694595336914,54.02000045776367,51.720001220703125,5.866250038146973,33.90891647338867,151.67999267578125,55.2400016784668,64.66000366210938,59.93333435058594,43.59000015258789,222.99000549316406,50.630001068115234,92.7300033569336,52.400001525878906,33.6349983215332,27.600000381469727,81.4800033569336,74.4000015258789,90.30000305175781,9.510000228881836,163.30999755859375,190.6300048828125,22.54400062561035,28.75,60.72999954223633,66.55000305175781,56.56999969482422,110.54000091552734,29.829999923706055,100.23999786376953,243.77000427246094,47.290000915527344,123.54000091552734,106.08000183105469,75.4000015258789,70.83999633789062,50.53435134887695,51.939998626708984,49.560001373291016,5.4375,32.9791259765625,146.02000427246094,53.06999969482422,62.02000045776367,57.1533317565918,42.41999816894531,214.6300048828125,49.029998779296875,89.75,50.41999816894531,32.46500015258789,26.549999237060547,78.73999786376953,72.16000366210938,94.0,9.989999771118164,169.9199981689453,197.47000122070312,23.395000457763672,29.799999237060547,62.93000030517578,68.33000183105469,59.27000045776367,113.88999938964844,31.649999618530273,104.94000244140625,251.25999450683594,51.689998626708984,127.81999969482422,109.95999908447266,76.87999725341797,72.94999694824219,51.90839767456055,53.83000183105469,51.540000915527344,5.718500137329102,33.60531234741211,151.24000549316406,55.099998474121094,64.37000274658203,59.49333190917969,43.34000015258789,218.4600067138672,50.45000076293945,92.25,52.369998931884766,33.57500076293945,27.56999969482422,81.05999755859375,74.2699966430664,7816500,64824600,4759800,705200,53088000,86644200,6319700,29975600,7403800,6228600,8078300,3757700,3429900,67187800,8916900,18822500,6282600,3372600,14041104,9311000,59875500,922092000,28323299,2016400,16469600,7598600,2379600,6361200,6220700,8787100,2788500,23359800,37986200,74363900,11364900,17891100
2018-04-03,63.762306213378906,9.550000190734863,130.9419403076172,183.67117309570312,18.97330093383789,24.47355079650879,46.4627571105957,52.07065200805664,45.8675422668457,80.57620239257812,22.21405792236328,77.42448425292969,209.4873046875,42.04826354980469,102.76246643066406,87.45259857177734,69.09300231933594,56.38658142089844,40.367591857910156,41.56507873535156,50.27606201171875,5.574491500854492,23.167158126831055,113.34961700439453,44.58488464355469,51.56010818481445,54.3815803527832,35.77743911743164,196.72560119628906,36.520904541015625,67.2408218383789,41.487770080566406,23.819416046142578,23.46453094482422,70.49122619628906,51.860652923583984,90.58999633789062,9.550000190734863,168.22000122070312,199.42999267578125,23.67799949645996,29.59000015258789,62.77000045776367,68.4800033569336,60.029998779296875,114.83000183105469,31.3700008392334,105.06999969482422,250.5800018310547,49.75,128.35000610351562,109.33000183105469,77.54000091552734,72.5999984741211,51.61259460449219,53.16999816894531,51.54999923706055,5.633749961853027,33.851993560791016,151.10000610351562,54.779998779296875,64.79000091552734,58.81666564941406,43.47999954223633,224.5800018310547,50.27000045776367,92.69999694824219,52.08000183105469,33.73500061035156,27.329999923706055,80.76000213623047,75.0199966430664,92.45999908447266,9.770000457763672,169.22000122070312,200.08999633789062,23.697999954223633,29.649999618530273,62.86000061035156,68.66000366210938,60.08000183105469,114.9800033569336,31.389999389648438,105.30999755859375,250.88999938964844,49.959999084472656,128.49000549316406,109.5,77.5999984741211,72.79000091552734,51.66984558105469,53.540000915527344,51.77000045776367,5.758749961853027,33.90891647338867,151.4600067138672,55.04999923706055,64.8499984741211,58.97666549682617,44.279998779296875,225.10000610351562,50.36000061035156,92.76000213623047,52.189998626708984,33.76499938964844,27.389999389648438,80.91000366210938,75.13999938964844,88.22000122070312,9.300000190734863,165.0800018310547,196.39999389648438,22.72100067138672,29.100000381469727,61.529998779296875,67.41999816894531,57.86000061035156,112.08999633789062,30.010000228881836,101.79000091552734,245.89999389648438,48.40999984741211,124.68000030517578,107.26000213623047,75.86000061035156,71.37999725341797,50.41030502319336,52.2599983215332,50.31999969482422,5.533750057220459,33.13093185424805,148.19000244140625,53.619998931884766,62.689998626708984,57.810001373291016,43.029998779296875,219.69000244140625,49.45000076293945,91.33999633789062,51.060001373291016,32.84000015258789,26.889999389648438,79.48999786376953,73.0999984741211,92.33999633789062,9.630000114440918,166.97000122070312,197.60000610351562,23.086000442504883,29.540000915527344,62.31999969482422,68.05000305175781,58.540000915527344,112.5199966430664,30.459999084472656,103.4800033569336,248.61000061035156,49.0,125.18000030517578,108.36000061035156,76.25,72.69999694824219,50.89694595336914,53.0099983215332,50.79999923706055,5.695000171661377,33.311195373535156,149.6300048828125,54.290000915527344,63.93000030517578,58.44333267211914,44.27000045776367,220.33999633789062,49.83000183105469,92.19999694824219,51.720001220703125,33.154998779296875,27.1299991607666,79.9800033569336,73.44999694824219,10449200,54891600,3374000,1165600,45569000,69698700,6070400,18822600,8257300,6717300,7195000,3477100,2488200,39432400,8035000,14050700,3610600,3660000,9688341,10335800,52436400,667432000,21347927,2123700,7930700,8844500,1673400,6174500,4652000,6682800,2930600,16646400,28228600,75160400,8590700,15999200
2018-04-04,65.41637420654297,9.770000457763672,135.06744384765625,182.59359741210938,18.990123748779297,24.71339988708496,46.61819839477539,52.701751708984375,45.50843048095703,80.33063507080078,22.17864990234375,76.76127624511719,211.19273376464844,42.25111389160156,104.41178131103516,88.78042602539062,70.03753662109375,56.363285064697266,40.70343017578125,41.95594024658203,52.07057571411133,5.596508502960205,23.4593448638916,114.39985656738281,44.755794525146484,51.57601547241211,55.08119201660156,36.15595245361328,200.4134063720703,36.81876754760742,67.7123031616211,42.14894485473633,23.787641525268555,23.71351432800293,71.49501037597656,51.75696563720703,92.94000244140625,9.770000457763672,173.52000427246094,198.25999450683594,23.698999404907227,29.8799991607666,62.97999954223633,69.30999755859375,59.560001373291016,114.4800033569336,31.31999969482422,104.16999816894531,252.6199951171875,49.9900016784668,130.41000366210938,110.98999786376953,78.5999984741211,72.56999969482422,52.04198455810547,53.66999816894531,53.38999938964844,5.656000137329102,34.27893829345703,152.5,54.9900016784668,64.80999755859375,59.573333740234375,43.939998626708984,228.7899932861328,50.68000030517578,93.3499984741211,52.90999984741211,33.689998626708984,27.6200008392334,81.91000366210938,74.87000274658203,93.41000366210938,9.8100004196167,174.27000427246094,198.30999755859375,23.79199981689453,29.969999313354492,63.22999954223633,69.55999755859375,59.7400016784668,114.79000091552734,31.420000076293945,104.55999755859375,253.22000122070312,50.15999984741211,131.1199951171875,111.20999908447266,78.81999969482422,72.81999969482422,52.185115814208984,53.790000915527344,53.5,5.666500091552734,34.37381362915039,152.9600067138672,55.119998931884766,64.98999786376953,59.72999954223633,43.939998626708984,229.47999572753906,50.880001068115234,93.62000274658203,53.040000915527344,33.76499938964844,27.700000762939453,82.13999938964844,75.05999755859375,88.62999725341797,9.039999961853027,165.8800048828125,191.49000549316406,22.950000762939453,28.950000762939453,61.54999923706055,67.05000305175781,58.45000076293945,112.43000030517578,30.459999084472656,103.05000305175781,244.50999450683594,48.0099983215332,126.38999938964844,107.0199966430664,76.70999908447266,70.30999755859375,50.95419692993164,52.119998931884766,49.2599983215332,5.349999904632568,33.43453598022461,148.55999755859375,53.41999816894531,63.06999969482422,57.106666564941406,42.349998474121094,220.4199981689453,49.459999084472656,89.97000122070312,51.0099983215332,32.9900016784668,26.81999969482422,79.79000091552734,73.44000244140625,88.70999908447266,9.079999923706055,166.1699981689453,191.66000366210938,23.0049991607666,29.0,61.869998931884766,67.16000366210938,58.81999969482422,113.05000305175781,30.690000534057617,103.55000305175781,245.7100067138672,48.099998474121094,126.9000015258789,107.0999984741211,76.81999969482422,71.58999633789062,51.020992279052734,52.16999816894531,49.619998931884766,5.375249862670898,33.51043701171875,148.97000122070312,53.79999923706055,63.5,57.12333297729492,42.369998931884766,220.69000244140625,49.5099983215332,91.08999633789062,51.130001068115234,33.220001220703125,26.84000015258789,79.79000091552734,74.05000305175781,8841700,67356900,3796700,1704900,37720000,66640800,5259800,15651300,8174200,5727200,6405500,4241900,2853200,30370000,7717100,15302600,3022200,4382800,9330030,6692100,60272800,789168000,22010682,1934700,7496700,6645700,2024700,5497100,4674000,6786500,3659600,15952700,24981600,70327000,9085800,13122200
2018-04-05,64.90255737304688,10.020000457763672,133.88426208496094,182.98043823242188,18.935632705688477,25.07731819152832,46.41706848144531,53.39371871948242,46.196109771728516,82.30239868164062,22.865541458129883,76.91600799560547,213.85960388183594,42.58073043823242,104.6519775390625,89.9461669921875,70.05536651611328,57.01570129394531,40.69595718383789,42.886207580566406,48.608306884765625,5.476285934448242,23.199623107910156,114.59490203857422,44.79649353027344,52.339988708496094,54.517181396484375,35.64577865600586,200.65866088867188,37.10936737060547,69.53295135498047,42.427772521972656,24.21482276916504,23.902395248413086,71.44261932373047,52.551944732666016,92.20999908447266,10.020000457763672,172.0,198.67999267578125,23.631000518798828,30.31999969482422,62.310001373291016,70.22000122070312,60.459999084472656,117.29000091552734,32.290000915527344,104.37999725341797,255.80999755859375,50.380001068115234,130.7100067138672,111.87999725341797,78.62000274658203,73.41000366210938,52.03244400024414,54.86000061035156,49.84000015258789,5.5345001220703125,33.89942932128906,152.75999450683594,55.040000915527344,65.7699966430664,58.96333312988281,43.31999969482422,229.07000732421875,51.08000183105469,95.86000061035156,53.2599983215332,34.29499816894531,27.84000015258789,81.8499984741211,76.0199966430664,93.2699966430664,10.199999809265137,174.42999267578125,200.92999267578125,24.167999267578125,30.549999237060547,63.189998626708984,70.80999755859375,61.16999816894531,117.88999938964844,32.4900016784668,105.37999725341797,258.0,50.720001220703125,131.1999969482422,112.83000183105469,78.8499984741211,73.94999694824219,52.843509674072266,55.38999938964844,52.20000076293945,5.728250026702881,34.15559768676758,154.5800018310547,55.5,66.38999938964844,60.02333450317383,44.22999954223633,231.5800018310547,51.43000030517578,96.22000122070312,53.959999084472656,34.5099983215332,28.040000915527344,82.2699966430664,76.31999969482422,91.6500015258789,9.90999984741211,170.99000549316406,197.27000427246094,23.5,30.1200008392334,62.15999984741211,69.9000015258789,59.72999954223633,114.69999694824219,31.3799991607666,103.77999877929688,253.39999389648438,49.970001220703125,129.5,111.38999938964844,78.08999633789062,72.7300033569336,51.946563720703125,54.150001525878906,49.189998626708984,5.462250232696533,33.709678649902344,151.60000610351562,54.439998626708984,65.06999969482422,58.58000183105469,43.13999938964844,226.8000030517578,50.86000061035156,93.70999908447266,53.04999923706055,33.775001525878906,27.75,81.54000091552734,75.0199966430664,93.06999969482422,10.050000190734863,174.0,199.44000244140625,24.076000213623047,30.18000030517578,62.9900016784668,70.06999969482422,59.83000183105469,114.87999725341797,31.420000076293945,104.5999984741211,254.5,50.0099983215332,130.41000366210938,111.62999725341797,78.5199966430664,73.23999786376953,52.538169860839844,54.209999084472656,52.060001373291016,5.715000152587891,33.842506408691406,154.0399932861328,55.4900016784668,65.12000274658203,59.9466667175293,44.029998779296875,229.4600067138672,51.130001068115234,93.83000183105469,53.34000015258789,33.775001525878906,27.8700008392334,82.19999694824219,75.05999755859375,7045000,65758800,2766600,861200,35798000,55765500,3856700,16120700,6822600,7204900,5654900,3842500,1924800,25115400,5621700,16627000,2213100,4706500,13074638,9968200,89203500,701240000,25781789,2733000,5823300,6032900,1725000,6115100,3348100,6911200,3766300,16488800,27056800,45378300,8031300,14200000
2018-04-06,63.19221115112305,9.609999656677246,130.879638671875,179.25045776367188,18.339460372924805,24.506628036499023,45.351802825927734,52.16188049316406,45.27921676635742,80.52711486816406,22.270708084106445,75.11064910888672,208.97731018066406,41.23688888549805,102.56231689453125,87.70315551757812,68.47817993164062,56.270084381103516,39.82278823852539,41.46345901489258,47.26240921020508,5.299911022186279,22.836013793945312,110.98664093017578,43.233829498291016,51.217899322509766,52.86833953857422,34.905216217041016,196.18255615234375,36.528167724609375,69.03971099853516,41.607261657714844,23.777055740356445,23.327159881591797,69.72310638427734,51.75696563720703,89.77999877929688,9.609999656677246,168.13999938964844,194.6300048828125,22.886999130249023,29.6299991607666,60.880001068115234,68.5999984741211,59.2599983215332,114.76000213623047,31.450000762939453,101.93000030517578,249.97000122070312,48.790000915527344,128.10000610351562,109.08999633789062,76.8499984741211,72.44999694824219,50.91603088378906,53.040000915527344,48.459999084472656,5.356249809265137,33.36812210083008,147.9499969482422,53.119998931884766,64.36000061035156,57.18000030517578,42.41999816894531,223.9600067138672,50.279998779296875,95.18000030517578,52.22999954223633,33.67499923706055,27.170000076293945,79.87999725341797,74.87000274658203,92.7699966430664,10.100000381469727,171.72000122070312,199.27999877929688,23.65399932861328,30.290000915527344,62.130001068115234,70.29000091552734,60.650001525878906,117.01000213623047,32.220001220703125,104.06999969482422,255.33999633789062,50.400001525878906,130.63999938964844,111.55000305175781,78.25,73.45999908447266,52.08015441894531,54.52000045776367,50.47999954223633,5.539999961853027,34.032257080078125,151.69000244140625,54.77000045776367,65.54000091552734,58.793331146240234,43.16999816894531,228.19000244140625,50.93000030517578,96.0,52.91999816894531,34.244998931884766,27.700000762939453,81.56999969482422,76.12000274658203,88.79000091552734,9.5,166.1999969482422,194.00999450683594,22.775999069213867,29.3700008392334,59.97999954223633,67.93000030517578,58.540000915527344,113.38999938964844,30.969999313354492,98.80000305175781,246.67999267578125,48.5,126.41000366210938,107.81999969482422,76.30000305175781,71.52999877929688,50.47710037231445,52.4900016784668,47.2599983215332,5.326749801635742,33.10246658325195,146.11000061035156,53.11000061035156,63.45000076293945,56.92333221435547,42.2599983215332,221.82000732421875,49.849998474121094,93.7699966430664,51.959999084472656,33.22999954223633,26.920000076293945,79.16000366210938,74.22000122070312,91.44999694824219,9.829999923706055,170.86000061035156,197.49000549316406,23.37299919128418,30.010000228881836,62.06999969482422,69.5199966430664,60.209999084472656,116.37999725341797,32.04999923706055,104.06999969482422,251.47999572753906,49.790000915527344,130.22000122070312,110.55000305175781,78.18000030517578,72.70999908447266,51.79389190673828,54.11000061035156,47.720001220703125,5.430749893188477,33.73814010620117,151.1300048828125,54.41999816894531,65.54000091552734,58.15666580200195,42.880001068115234,226.64999389648438,50.540000915527344,95.05999755859375,52.650001525878906,34.08000183105469,27.520000457763672,81.16999816894531,75.63999938964844,6761200,51087100,3747800,837900,30248000,79687600,6462000,21543500,8837500,7094500,6514100,6473900,3621900,28215200,6399300,18906000,4012800,3211500,13100838,9578500,79392200,662988000,22288200,2067700,8322200,7515900,1179900,5133100,3231700,7811300,3432000,22943800,37767800,88521000,12171800,14299600
2018-04-09,63.684898376464844,9.529999732971191,132.0316619873047,182.84230041503906,18.809831619262695,24.705135345458984,45.05382537841797,52.80060577392578,46.31834411621094,81.38317108154297,22.284870147705078,76.17914581298828,210.83323669433594,41.87921905517578,103.66718292236328,88.7563247680664,68.914794921875,55.664283752441406,41.912437438964844,41.70579528808594,46.774776458740234,5.328606128692627,23.024307250976562,111.93182373046875,43.48613357543945,51.138328552246094,53.20117950439453,35.44007110595703,195.10504150390625,36.753387451171875,69.6417465209961,41.62318801879883,23.8900203704834,23.455942153930664,70.41268157958984,51.75696563720703,90.4800033569336,9.529999732971191,169.6199951171875,198.52999877929688,23.474000930786133,29.8700008392334,60.47999954223633,69.44000244140625,60.619998931884766,115.9800033569336,31.469999313354492,103.37999725341797,252.19000244140625,49.54999923706055,129.47999572753906,110.4000015258789,77.33999633789062,71.66999816894531,53.58778762817383,53.349998474121094,47.959999084472656,5.385250091552734,33.64326477050781,149.2100067138672,53.43000030517578,64.26000213623047,57.540000915527344,43.06999969482422,222.72999572753906,50.59000015258789,96.01000213623047,52.25,33.834999084472656,27.31999969482422,80.66999816894531,74.87000274658203,93.37999725341797,9.84000015258789,172.9499969482422,202.57000732421875,23.965999603271484,30.6299991607666,61.040000915527344,70.94000244140625,61.150001525878906,117.16999816894531,32.279998779296875,105.31999969482422,257.5,51.11000061035156,131.13999938964844,112.9800033569336,78.3499984741211,72.98999786376953,54.790077209472656,54.630001068115234,49.83000183105469,5.54925012588501,34.08918380737305,152.36000061035156,54.88999938964844,65.08000183105469,59.20333480834961,44.040000915527344,226.1300048828125,51.529998779296875,97.19999694824219,53.33000183105469,34.26499938964844,27.8700008392334,81.79000091552734,75.79000091552734,90.41999816894531,9.520000457763672,167.99000549316406,196.88999938964844,22.926000595092773,29.760000228881836,58.34000015258789,68.98999786376953,59.5099983215332,114.87999725341797,31.43000030517578,101.83000183105469,249.1699981689453,49.15999984741211,127.68000030517578,109.88999938964844,76.33000183105469,71.6500015258789,52.06106948852539,53.27000045776367,47.91999816894531,5.364999771118164,33.41556167602539,148.91000366210938,53.34000015258789,64.11000061035156,57.50666809082031,42.90999984741211,222.36000061035156,50.400001525878906,95.55999755859375,52.15999984741211,33.70000076293945,27.270000457763672,80.08000183105469,74.80000305175781,91.38999938964844,9.75,169.1999969482422,198.00999450683594,22.99799919128418,29.81999969482422,60.90999984741211,69.05999755859375,59.86000061035156,115.30000305175781,31.799999237060547,102.4800033569336,251.47999572753906,49.15999984741211,128.64999389648438,110.01000213623047,77.2699966430664,72.47000122070312,52.48091506958008,53.59000015258789,49.130001068115234,5.420000076293945,33.49146270751953,148.94000244140625,53.52000045776367,64.77999877929688,57.85333251953125,43.09000015258789,225.5800018310547,50.52000045776367,95.81999969482422,52.5,33.834999084472656,27.31999969482422,80.30999755859375,75.22000122070312,8302100,38382600,3856800,774100,37494000,65917500,10349100,17036500,10832100,6933800,6724600,4634300,3256700,31437000,6395800,15974300,5377500,3889800,24352376,8111600,50532900,499524000,20457297,2076200,7608500,6369700,1113000,6696400,3031500,5628500,3653800,17032000,21639600,54633200,6952600,11103100
2018-04-10,65.89498901367188,9.979999542236328,134.76385498046875,189.30752563476562,19.211286544799805,25.20965576171875,45.59763717651367,53.61421203613281,47.6325798034668,83.39705657958984,23.793190002441406,79.3330307006836,214.4949951171875,43.332950592041016,104.28369903564453,90.45265197753906,70.59000396728516,57.24092483520508,42.158721923828125,42.32334899902344,49.232486724853516,5.637819766998291,23.34247589111328,113.67967987060547,44.57674026489258,53.08804702758789,54.90243148803711,35.859737396240234,198.6614532470703,37.10936737060547,71.73078918457031,41.917938232421875,24.680828094482422,23.807952880859375,71.5997543334961,53.27780532836914,93.62000274658203,9.979999542236328,173.1300048828125,205.5500030517578,23.975000381469727,30.479999542236328,61.209999084472656,70.51000213623047,62.34000015258789,118.8499984741211,33.599998474121094,107.66000366210938,256.57000732421875,51.27000045776367,130.25,112.51000213623047,79.22000122070312,73.69999694824219,53.902671813964844,54.13999938964844,50.47999954223633,5.697750091552734,34.108158111572266,151.5399932861328,54.77000045776367,66.70999908447266,59.380001068115234,43.58000183105469,226.7899932861328,51.08000183105469,98.88999938964844,52.619998931884766,34.95500183105469,27.729999542236328,82.02999877929688,77.06999969482422,94.38999938964844,10.039999961853027,173.8800048828125,207.07000732421875,24.1560001373291,30.579999923706055,61.47999954223633,71.23999786376953,63.0,119.83000183105469,33.81999969482422,109.08000183105469,259.8900146484375,51.4900016784668,130.91000366210938,112.87000274658203,79.68000030517578,74.12999725341797,54.18893051147461,54.540000915527344,50.75,5.724999904632568,34.25047302246094,151.99000549316406,55.0099983215332,67.43000030517578,59.72666549682617,44.220001220703125,228.16000366210938,51.38999938964844,99.22000122070312,53.060001373291016,35.22999954223633,27.889999389648438,82.3499984741211,77.7699966430664,90.93000030517578,9.710000038146973,170.11000061035156,202.0,23.766000747680664,30.229999542236328,60.529998779296875,70.29000091552734,61.380001068115234,117.5999984741211,32.15999984741211,105.0,255.9499969482422,50.34000015258789,129.2899932861328,111.41999816894531,78.06999969482422,72.86000061035156,53.47328186035156,53.560001373291016,48.63999938964844,5.5602498054504395,33.88994216918945,150.02000427246094,54.220001220703125,65.25,58.48666763305664,43.029998779296875,223.49000549316406,50.66999816894531,97.06999969482422,52.119998931884766,34.36000061035156,27.549999237060547,81.19000244140625,76.05999755859375,91.5,9.75,170.88999938964844,204.4199981689453,23.95599937438965,30.479999542236328,61.36000061035156,71.05000305175781,61.439998626708984,117.5999984741211,32.220001220703125,105.08999633789062,257.9599914550781,51.119998931884766,130.25,112.12999725341797,78.08999633789062,72.94000244140625,54.08396911621094,54.119998931884766,49.25,5.618000030517578,34.15559768676758,151.88999938964844,54.58000183105469,65.44999694824219,58.86000061035156,43.869998931884766,225.39999389648438,51.11000061035156,97.37000274658203,52.9900016784668,34.369998931884766,27.760000228881836,81.47000122070312,76.08000183105469,6253700,42849200,2872300,885800,33244000,60540500,6014700,16022300,11069900,7612800,8647800,5435600,3113900,25906400,6019300,13951400,3657200,3906500,13481891,8836300,50346500,761676000,20667254,1794600,12009000,8172300,1904100,5682300,2737500,6220000,3489100,14594700,43684400,67801500,8097800,19006100
2018-04-11,65.90906524658203,9.819999694824219,134.20338439941406,189.30752563476562,19.256967544555664,24.72994613647461,44.830360412597656,53.14276885986328,48.312599182128906,83.67772674560547,23.892330169677734,80.61520385742188,211.46023559570312,43.18927764892578,103.78727722167969,88.93318939208984,70.15338897705078,57.48947525024414,41.94229507446289,41.22892379760742,49.232486724853516,5.596508502960205,23.23858070373535,112.1043472290039,44.7720832824707,53.756534576416016,54.92401885986328,35.695159912109375,194.3779754638672,36.72432327270508,72.76079559326172,41.36827850341797,24.93854522705078,23.524627685546875,71.01494598388672,53.526668548583984,93.63999938964844,9.819999694824219,172.41000366210938,205.5500030517578,24.031999588012695,29.899999618530273,60.18000030517578,69.88999938964844,63.22999954223633,119.25,33.7400016784668,109.4000015258789,252.94000244140625,51.099998474121094,129.6300048828125,110.62000274658203,78.7300033569336,74.0199966430664,53.625953674316406,52.7400016784668,50.47999954223633,5.656000137329102,33.956356048583984,149.44000244140625,55.0099983215332,67.55000305175781,59.4033317565918,43.380001068115234,221.89999389648438,50.54999923706055,100.30999755859375,51.93000030517578,35.31999969482422,27.399999618530273,81.36000061035156,77.43000030517578,94.4800033569336,10.029999732971191,174.07000732421875,206.6999969482422,24.07200050354004,30.239999771118164,60.77000045776367,70.5999984741211,63.279998779296875,119.37999725341797,34.060001373291016,110.13999938964844,254.8300018310547,51.72999954223633,130.35000610351562,111.80999755859375,78.9000015258789,74.47000122070312,53.950382232666016,53.47999954223633,51.79999923706055,5.7245001792907715,34.22201156616211,150.91000366210938,55.06999969482422,67.9800033569336,59.926666259765625,43.790000915527344,225.38999938964844,50.900001525878906,100.91000366210938,52.470001220703125,35.400001525878906,27.610000610351562,81.91000366210938,78.04000091552734,92.4000015258789,9.789999961853027,171.60000610351562,203.8800048828125,23.70800018310547,29.889999389648438,59.939998626708984,69.55000305175781,61.599998474121094,117.75,33.369998931884766,106.94000244140625,249.7899932861328,50.81999969482422,129.02999877929688,110.5199966430664,78.12000274658203,73.41000366210938,53.33015441894531,52.61000061035156,50.11000061035156,5.623000144958496,33.7666015625,149.0,54.150001525878906,66.37999725341797,58.94333267211914,43.25,221.69000244140625,50.380001068115234,98.33999633789062,51.720001220703125,34.85499954223633,27.329999923706055,81.25,76.75,92.58000183105469,9.869999885559082,171.8000030517578,204.13999938964844,23.812000274658203,30.149999618530273,60.599998474121094,69.97000122070312,62.29999923706055,118.69000244140625,33.529998779296875,107.43000030517578,252.58999633789062,50.9900016784668,129.13999938964844,111.66000366210938,78.3499984741211,73.70999908447266,53.492366790771484,52.95000076293945,50.279998779296875,5.682750225067139,33.89942932128906,149.75,54.189998626708984,66.62000274658203,59.04999923706055,43.25,224.27000427246094,50.650001525878906,98.9800033569336,52.31999969482422,34.900001525878906,27.479999542236328,81.41999816894531,77.11000061035156,7135700,29169300,2575900,855500,19922000,62211500,7817800,15645500,10014100,6246800,6238700,3466500,3322000,17568400,4575400,14503300,2830000,3916800,9445834,12121200,38942200,460244000,13879915,1353600,6205300,8141900,1226400,4788000,3482100,4345100,3506900,14673200,42381800,52480800,6205800,13734000
2018-04-12,65.51085662841797,10.079999923706055,133.1214141845703,189.9430389404297,19.18564224243164,25.35025978088379,43.83213806152344,54.84603500366211,48.32024002075195,83.66368865966797,23.2479305267334,81.0426025390625,217.01974487304688,44.5584831237793,104.42779541015625,91.14405822753906,70.65235900878906,57.6681022644043,42.34529113769531,42.09666442871094,51.290340423583984,5.803309440612793,23.58271026611328,114.3923568725586,44.926719665527344,53.764469146728516,55.959556579589844,36.0819091796875,196.42779541015625,37.22560119628906,72.9203872680664,41.98166275024414,24.935012817382812,23.936738967895508,71.49501037597656,53.38148880004883,92.12000274658203,10.079999923706055,171.02000427246094,206.24000549316406,23.94300079345703,30.649999618530273,58.84000015258789,72.12999725341797,63.2400016784668,119.2300033569336,32.83000183105469,109.9800033569336,259.5899963378906,52.720001220703125,130.42999267578125,113.37000274658203,79.29000091552734,74.25,54.14122009277344,53.849998474121094,52.59000015258789,5.864999771118164,34.45920181274414,152.49000549316406,55.20000076293945,67.55999755859375,60.52333450317383,43.849998474121094,224.24000549316406,51.2400016784668,100.52999877929688,52.70000076293945,35.314998626708984,27.8799991607666,81.91000366210938,77.22000122070312,93.70999908447266,10.100000381469727,174.11000061035156,207.32000732421875,24.263999938964844,30.799999237060547,59.310001373291016,72.5,63.880001068115234,120.66999816894531,33.560001373291016,110.83999633789062,260.7300109863281,53.27000045776367,131.30999755859375,114.38999938964844,79.68000030517578,74.62000274658203,54.57061004638672,54.29999923706055,52.91999816894531,5.882999897003174,34.629981994628906,152.97999572753906,55.650001525878906,68.04000091552734,60.686668395996094,43.849998474121094,225.75,51.5099983215332,101.27999877929688,53.27000045776367,35.595001220703125,28.059999465942383,82.30000305175781,78.13999938964844,92.06999969482422,9.819999694824219,170.9600067138672,205.07000732421875,23.709999084472656,30.170000076293945,57.849998474121094,70.47000122070312,62.84000015258789,118.6500015258789,32.83000183105469,108.20999908447266,255.11000061035156,51.45000076293945,129.86000061035156,111.5,78.80999755859375,73.41999816894531,53.568702697753906,53.29999923706055,51.099998474121094,5.705249786376953,34.12713623046875,150.60000610351562,55.02000045776367,67.20999908447266,59.823333740234375,43.04999923706055,223.41000366210938,50.79999923706055,99.6500015258789,52.029998779296875,35.189998626708984,27.59000015258789,81.73999786376953,77.01000213623047,93.70999908447266,9.979999542236328,172.67999267578125,205.8699951171875,24.14299964904785,30.219999313354492,59.29999923706055,70.47000122070312,63.290000915527344,119.70999908447266,33.54999923706055,109.47000122070312,256.2699890136719,51.4900016784668,130.08999633789062,111.55999755859375,79.19000244140625,74.30000305175781,54.007633209228516,53.33000183105469,51.119998931884766,5.75,34.184059143066406,150.7100067138672,55.470001220703125,67.68000030517578,59.87666702270508,43.33000183105469,224.0399932861328,50.959999084472656,100.6500015258789,52.15999984741211,35.439998626708984,27.610000610351562,81.80000305175781,77.86000061035156,6402500,47784400,3471400,1044500,41036000,57989100,14987200,24488100,10336200,6702000,9887000,4378400,3059100,29781400,4559800,16435500,2121100,2357900,12511967,9315200,46656300,593920000,23817976,2928400,7412700,5845300,1911300,7574700,2664500,5496100,3245100,19967800,28623200,63289100,5096900,13270400
2018-04-13,65.30459594726562,9.930000305175781,133.4794921875,189.39964294433594,19.787425994873047,24.647239685058594,43.69059753417969,53.99440002441406,49.58860778808594,84.14786529541016,23.793190002441406,81.94678497314453,213.9515380859375,43.83161544799805,104.57992553710938,88.67591094970703,71.03553009033203,57.932159423828125,42.66620635986328,41.41654586791992,50.939239501953125,5.726625442504883,23.58271026611328,109.65802764892578,45.35807800292969,54.07484436035156,55.54656219482422,35.09447479248047,196.4628143310547,37.014923095703125,73.86334228515625,40.539791107177734,25.21038246154785,23.57613754272461,71.46009063720703,53.810081481933594,91.83000183105469,9.930000305175781,171.47999572753906,205.64999389648438,24.694000244140625,29.799999237060547,58.650001525878906,71.01000213623047,64.9000015258789,119.91999816894531,33.599998474121094,111.0199966430664,255.9199981689453,51.86000061035156,130.6199951171875,110.30000305175781,79.72000122070312,74.58999633789062,54.5515251159668,52.97999954223633,52.22999954223633,5.787499904632568,34.45920181274414,145.4600067138672,55.72999954223633,67.94999694824219,60.07666778564453,42.650001525878906,224.27999877929688,50.95000076293945,101.83000183105469,50.88999938964844,35.70500183105469,27.459999084472656,81.87000274658203,77.83999633789062,92.63999938964844,10.220000267028809,172.42999267578125,207.14999389648438,25.200000762939453,31.170000076293945,59.279998779296875,73.37999725341797,65.0,120.79000091552734,33.88999938964844,111.25,262.5,53.209999084472656,131.4199981689453,115.1500015258789,80.44999694824219,75.0,54.70419692993164,54.880001068115234,53.4900016784668,5.937749862670898,34.629981994628906,149.88999938964844,56.790000915527344,68.0999984741211,61.336666107177734,43.7400016784668,226.1300048828125,51.880001068115234,102.2300033569336,52.29999923706055,35.849998474121094,28.239999771118164,82.37000274658203,78.19000244140625,91.08999633789062,9.880000114440918,170.7899932861328,204.8300018310547,24.489999771118164,29.559999465942383,57.90999984741211,69.83000183105469,63.7400016784668,119.22000122070312,33.130001068115234,109.62000274658203,254.5399932861328,51.599998474121094,129.6300048828125,109.05000305175781,79.23999786376953,73.97000122070312,54.04580307006836,52.75,51.58000183105469,5.738749980926514,34.27893829345703,144.85000610351562,55.41999816894531,67.30999755859375,59.86000061035156,42.560001373291016,223.0800018310547,50.650001525878906,100.45999908447266,50.810001373291016,35.45500183105469,27.309999465942383,81.43000030517578,77.5999984741211,92.62999725341797,10.199999809265137,172.11000061035156,205.8300018310547,25.0,31.1299991607666,59.150001525878906,73.20999908447266,63.95000076293945,119.5199966430664,33.25,110.44999694824219,261.94000244140625,53.060001373291016,131.08999633789062,115.0199966430664,79.87999725341797,74.45999908447266,54.46564865112305,54.7400016784668,53.400001525878906,5.9292497634887695,34.544593811035156,149.0,56.61000061035156,67.58999633789062,61.22999954223633,43.689998626708984,225.10000610351562,51.83000183105469,101.3499984741211,52.0099983215332,35.505001068115234,28.219999313354492,82.30000305175781,77.80000305175781,4630000,38935700,2656400,526000,48312000,99254500,11551300,31356000,9672900,5508100,7749800,3338200,3026200,20884900,4742300,39152800,2652400,2485600,10536278,12364000,43598900,503036000,17774340,4676300,12588200,7853500,1289400,5749900,2496600,7670500,2641200,32054900,26660800,70103900,7837000,10925000
2018-04-16,65.85218048095703,10.09000015258789,133.40164184570312,190.36669921875,19.982141494750977,24.754756927490234,40.28622817993164,53.2796516418457,50.22278594970703,84.69517517089844,23.80735206604004,81.94678497314453,215.59017944335938,44.28802490234375,105.49263000488281,88.60358428955078,71.3919677734375,60.20782470703125,43.77073669433594,41.744873046875,50.37358474731445,5.726378440856934,23.719066619873047,108.436767578125,44.57674026489258,54.52845001220703,55.64519119262695,35.27549743652344,201.753662109375,37.34911346435547,76.51817321777344,40.46809768676758,25.468101501464844,23.679174423217773,72.02742004394531,54.29399490356445,92.5999984741211,10.09000015258789,171.3800048828125,206.6999969482422,24.937000274658203,29.93000030517578,54.08000183105469,70.06999969482422,65.7300033569336,120.69999694824219,33.619998931884766,111.0199966430664,257.8800048828125,52.400001525878906,131.75999450683594,110.20999908447266,80.12000274658203,77.5199966430664,55.963741302490234,53.400001525878906,51.650001525878906,5.78725004196167,34.658443450927734,143.83999633789062,54.77000045776367,68.5199966430664,60.18333435058594,42.869998931884766,230.32000732421875,51.40999984741211,105.48999786376953,50.79999923706055,36.06999969482422,27.579999923706055,82.5199966430664,78.54000091552734,93.48999786376953,10.170000076293945,173.1300048828125,207.97000122070312,24.98900032043457,30.3700008392334,58.66999816894531,71.33999633789062,65.98999786376953,121.70999908447266,33.720001220703125,111.69000244140625,260.6600036621094,52.529998779296875,132.8800048828125,111.47000122070312,80.75,77.91999816894531,56.536258697509766,53.95000076293945,52.47999954223633,5.821000099182129,34.84819793701172,146.8800048828125,55.9900016784668,68.73999786376953,60.50666809082031,43.0099983215332,231.85000610351562,51.529998779296875,106.3499984741211,51.34000015258789,36.23500061035156,27.780000686645508,82.81999969482422,79.08000183105469,92.30999755859375,9.899999618530273,171.07000732421875,205.55999755859375,24.56800079345703,29.469999313354492,52.70000076293945,69.76000213623047,64.37999725341797,119.7699966430664,33.130001068115234,110.69999694824219,256.6600036621094,51.790000915527344,131.27999877929688,109.79000091552734,79.66999816894531,74.77999877929688,54.5515251159668,53.34000015258789,51.31999969482422,5.691999912261963,34.52561569213867,143.72000122070312,54.56999969482422,67.43000030517578,59.68333435058594,42.68000030517578,226.35000610351562,51.06999969482422,102.12999725341797,50.310001373291016,35.595001220703125,27.5,82.27999877929688,77.70999908447266,92.88999938964844,10.0,172.75,207.63999938964844,24.909000396728516,30.079999923706055,58.40999984741211,71.08999633789062,64.97000122070312,120.5999984741211,33.619998931884766,111.6500015258789,257.1300048828125,52.290000915527344,131.41000366210938,110.94000244140625,80.45999908447266,74.9800033569336,55.124046325683594,53.439998626708984,52.25,5.794250011444092,34.629981994628906,145.94000244140625,55.939998626708984,68.27999877929688,60.43333435058594,42.810001373291016,227.11000061035156,51.34000015258789,102.26000213623047,50.59000015258789,35.78499984741211,27.6200008392334,82.47000122070312,78.12000274658203,3922500,28875100,2656400,828600,25172000,110588900,34837300,18877000,8534900,4598000,4698600,2745000,3257400,18855500,6379600,16580500,2743000,4840000,23627998,7282200,30879500,350792000,15932369,3370200,7850500,9026400,849300,5206900,4510600,8190400,5876400,31879100,28048600,44633600,7217200,10743600
2018-04-17,66.55620574951172,10.520000457763672,136.1260223388672,195.89256286621094,20.17205238342285,24.845741271972656,39.019832611083984,53.028709411621094,50.81875991821289,85.22847747802734,23.85692024230957,82.04273986816406,212.03707885742188,45.25154495239258,104.51588439941406,88.60358428955078,71.2137451171875,61.0078125,44.23344802856445,41.61979675292969,50.968502044677734,5.876039028167725,23.589208602905273,106.19023132324219,45.048797607421875,54.639862060546875,56.69922637939453,34.8147087097168,208.96292114257812,37.06578063964844,77.38858032226562,40.28487014770508,25.56694984436035,23.679174423217773,72.5860595703125,54.1488151550293,93.58999633789062,10.520000457763672,174.8800048828125,212.6999969482422,25.173999786376953,30.040000915527344,52.380001068115234,69.73999786376953,66.51000213623047,121.45999908447266,33.689998626708984,111.1500015258789,253.6300048828125,53.540000915527344,130.5399932861328,110.20999908447266,79.91999816894531,78.55000305175781,56.55534362792969,53.2400016784668,52.2599983215332,5.938499927520752,34.468692779541016,140.86000061035156,55.349998474121094,68.66000366210938,61.323333740234375,42.310001373291016,238.5500030517578,51.02000045776367,106.69000244140625,50.56999969482422,36.209999084472656,27.579999923706055,83.16000366210938,78.33000183105469,94.01000213623047,10.529999732971191,175.6300048828125,213.35000610351562,25.28499984741211,30.3700008392334,54.22999954223633,70.93000030517578,66.91000366210938,122.0,33.880001068115234,111.86000061035156,262.25,53.70000076293945,132.1999969482422,111.91999816894531,80.63999938964844,78.81999969482422,57.213741302490234,54.099998474121094,52.70000076293945,5.960000038146973,34.89563751220703,144.8000030517578,55.68000030517578,68.9800033569336,61.46666717529297,42.36000061035156,241.6699981689453,51.88999938964844,106.94000244140625,51.15999984741211,36.375,27.850000381469727,83.33999633789062,78.76000213623047,92.62000274658203,10.199999809265137,171.5800018310547,207.83999633789062,24.964000701904297,29.8799991607666,52.20000076293945,69.47000122070312,65.45999908447266,120.55999755859375,33.220001220703125,110.36000061035156,252.33999633789062,52.88999938964844,128.80999755859375,109.98999786376953,79.48999786376953,76.5999984741211,56.25954055786133,52.77000045776367,51.7400016784668,5.783750057220459,34.411766052246094,139.86000061035156,54.779998779296875,67.94999694824219,60.53666687011719,41.77000045776367,236.0800018310547,50.83000183105469,104.08999633789062,50.4900016784668,35.959999084472656,27.479999542236328,82.72000122070312,78.04000091552734,93.19999694824219,10.279999732971191,173.0,208.47999572753906,25.089000701904297,30.170000076293945,54.20000076293945,70.6500015258789,65.91999816894531,120.94000244140625,33.58000183105469,111.16000366210938,261.6000061035156,52.90999984741211,132.11000061035156,111.37000274658203,80.56999969482422,77.79000091552734,57.09923553466797,54.0099983215332,51.849998474121094,5.840000152587891,34.86717224121094,144.6199951171875,54.9900016784668,68.5199966430664,60.65999984741211,42.09000015258789,239.30999755859375,51.720001220703125,105.62999725341797,50.95000076293945,36.165000915527344,27.81999969482422,83.1500015258789,78.54000091552734,4474700,45360300,3283900,1233000,25084000,83475900,27808200,18233400,8312600,6488300,5516400,3720100,10134400,21228700,11008700,15501400,3782400,3866200,16070451,14505300,33325300,447224000,17675580,3870600,7089700,6490400,1097700,9831100,6180300,7813900,3669100,25507100,32210600,50750100,6500900,10478100
2018-04-18,67.07537841796875,10.359999656677246,136.30511474609375,190.01669311523438,19.999773025512695,24.423925399780273,38.960235595703125,52.450836181640625,50.7500114440918,86.88449096679688,25.563518524169922,83.29756164550781,212.34645080566406,45.31071090698242,102.258056640625,87.88805389404297,71.03553009033203,61.186431884765625,43.97224044799805,41.63544464111328,52.67526626586914,5.847093105316162,23.69310188293457,106.79332733154297,44.95112609863281,55.97679901123047,56.14138412475586,34.493797302246094,207.07958984375,36.32474899291992,78.00515747070312,40.1414794921875,25.969417572021484,23.56755828857422,72.64716339111328,54.76408004760742,94.31999969482422,10.359999656677246,175.11000061035156,206.32000732421875,24.958999633789062,29.530000686645508,52.29999923706055,68.9800033569336,66.41999816894531,123.81999969482422,36.099998474121094,112.8499984741211,254.0,53.61000061035156,127.72000122070312,109.31999969482422,79.72000122070312,78.77999877929688,56.22137451171875,53.2599983215332,54.0099983215332,5.909249782562256,34.6204948425293,141.66000366210938,55.22999954223633,70.33999633789062,60.720001220703125,41.91999816894531,236.39999389648438,50.0,107.54000091552734,50.38999938964844,36.779998779296875,27.450000762939453,83.2300033569336,79.22000122070312,94.5999984741211,10.649999618530273,176.16000366210938,208.75,25.16699981689453,30.219999313354492,52.849998474121094,70.36000061035156,67.30000305175781,124.88999938964844,36.709999084472656,114.18000030517578,257.0199890136719,54.36000061035156,129.89999389648438,111.06999969482422,80.23999786376953,79.9800033569336,56.889312744140625,55.0,54.27000045776367,5.981249809265137,34.715370178222656,142.8000030517578,55.619998931884766,71.0,61.06666564941406,42.2599983215332,239.74000549316406,51.11000061035156,108.83000183105469,50.970001220703125,37.11000061035156,27.760000228881836,83.5199966430664,79.76000213623047,93.0199966430664,10.329999923706055,174.44000244140625,203.0,24.746000289916992,29.5,52.040000915527344,68.8499984741211,66.37999725341797,122.4000015258789,34.099998474121094,111.5999984741211,252.25,53.34000015258789,126.94000244140625,108.88999938964844,79.58999633789062,78.51000213623047,55.906490325927734,52.93000030517578,50.68000030517578,5.819250106811523,34.4212532043457,140.86000061035156,54.880001068115234,69.55000305175781,60.18000030517578,41.209999084472656,236.3000030517578,49.810001373291016,106.69999694824219,50.2599983215332,36.51499938964844,27.389999389648438,82.83000183105469,78.94000244140625,94.0,10.510000228881836,174.61000061035156,208.75,25.100000381469727,30.030000686645508,52.349998474121094,69.80999755859375,67.0,122.45999908447266,34.099998474121094,112.11000061035156,254.89999389648438,53.52000045776367,129.69000244140625,110.52999877929688,79.95999908447266,79.06999969482422,56.68893051147461,53.90999984741211,51.45000076293945,5.887499809265137,34.51612854003906,141.38999938964844,55.13999938964844,69.62000274658203,60.93000030517578,42.099998474121094,239.0,51.060001373291016,107.26000213623047,50.779998779296875,36.525001525878906,27.649999618530273,83.37000274658203,79.04000091552734,5289700,42449600,2205600,1700600,20511000,79743200,14688400,15382900,11015600,9132500,15106900,5109500,4524800,22164700,9383600,16081400,4261000,4192700,11779730,17524000,55393600,391364000,14652497,2724300,4796800,8640300,1453500,8947400,2940100,12921300,3904800,21055700,34623000,66795500,4704500,12061400
2018-04-19,66.14375305175781,10.109999656677246,134.608154296875,179.68328857421875,19.46048927307129,24.961532592773438,38.44623947143555,53.4393196105957,50.66595458984375,86.80730438232422,25.27318000793457,84.17591857910156,212.4885711669922,44.135902404785156,102.12194061279297,89.81753540039062,71.062255859375,61.66798400878906,43.763275146484375,42.761138916015625,50.14925765991211,5.665772914886475,23.719066619873047,108.7533950805664,42.78618240356445,55.92905807495117,53.71278381347656,32.52718734741211,206.51895141601562,36.83330154418945,78.48389434814453,41.05759048461914,26.001190185546875,23.92815399169922,72.0361557006836,54.90232849121094,93.01000213623047,10.109999656677246,172.92999267578125,195.10000610351562,24.285999298095703,30.18000030517578,51.61000061035156,70.27999877929688,66.30999755859375,123.70999908447266,35.689998626708984,114.04000091552734,254.1699981689453,52.220001220703125,127.55000305175781,111.72000122070312,79.75,79.4000015258789,55.95419692993164,54.70000076293945,51.41999816894531,5.72599983215332,34.658443450927734,144.25999450683594,52.56999969482422,70.27999877929688,58.09333419799805,39.529998779296875,235.75999450683594,50.70000076293945,108.19999694824219,51.540000915527344,36.82500076293945,27.8700008392334,82.52999877929688,79.41999816894531,94.52999877929688,10.329999923706055,175.39999389648438,203.6199951171875,24.628000259399414,30.239999771118164,52.540000915527344,70.61000061035156,66.5999984741211,125.0,36.63999938964844,114.70999908447266,256.1600036621094,52.959999084472656,128.27000427246094,111.87000274658203,79.75,79.80999755859375,56.60305404663086,54.83000183105469,54.099998474121094,5.827499866485596,34.810245513916016,144.64999389648438,54.13999938964844,70.91999816894531,59.619998931884766,40.08000183105469,238.27000427246094,50.790000915527344,108.58999633789062,51.61000061035156,37.099998474121094,27.93000030517578,83.16000366210938,79.81999969482422,91.4000015258789,9.989999771118164,171.7899932861328,194.19000244140625,24.06599998474121,29.540000915527344,51.5099983215332,69.0999984741211,65.55000305175781,123.20999908447266,35.41999816894531,112.4800033569336,252.8300018310547,51.61000061035156,126.88999938964844,109.5,78.55000305175781,78.20999908447266,55.7442741394043,53.34000015258789,50.97999954223633,5.670000076293945,34.411766052246094,141.55999755859375,52.5,69.69999694824219,57.88999938964844,39.11000061035156,234.8000030517578,49.97999954223633,106.33000183105469,50.4900016784668,36.599998474121094,27.479999542236328,82.2300033569336,78.80999755859375,94.43000030517578,10.180000305175781,174.47000122070312,203.50999450683594,24.354000091552734,29.549999237060547,52.349998474121094,69.0999984741211,65.88999938964844,123.97000122070312,36.540000915527344,113.41000366210938,254.0,52.95000076293945,127.62999725341797,109.52999877929688,78.95999908447266,78.80000305175781,56.22137451171875,53.36000061035156,52.900001525878906,5.793749809265137,34.52561569213867,141.67999267578125,54.0,70.37000274658203,59.5533332824707,39.93000030517578,236.1999969482422,50.0,107.54000091552734,50.5099983215332,36.810001373291016,27.5,83.08000183105469,79.31999969482422,4972900,57841600,2269400,2623900,50141000,80902600,17146100,15531600,8366300,7159400,12064800,4963200,3990000,25422400,5959500,17911000,4989400,3147600,11041204,13873700,52635000,471996000,16636652,2464600,19179500,7184700,5532900,27527000,2734900,10690900,3240500,23678400,36300600,76142000,5833600,11291500
2018-04-20,65.85218048095703,9.989999771118164,133.54176330566406,177.7677001953125,19.000539779663086,25.027698516845703,38.11845779418945,53.22642135620117,50.26863098144531,85.82492065429688,25.067825317382812,84.1242904663086,210.6409454345703,43.552703857421875,101.40937805175781,89.61656188964844,70.44741821289062,61.94760513305664,43.90507507324219,42.573509216308594,49.3690299987793,5.6576080322265625,23.783994674682617,108.6478500366211,41.866485595703125,55.093482971191406,53.07789611816406,32.049930572509766,205.90577697753906,36.63713836669922,78.73775482177734,41.870147705078125,25.877622604370117,23.936738967895508,71.652099609375,54.61198425292969,92.5999984741211,9.989999771118164,171.55999755859375,193.02000427246094,23.711999893188477,30.260000228881836,51.16999816894531,70.0,65.79000091552734,122.30999755859375,35.400001525878906,113.97000122070312,251.9600067138672,51.529998779296875,126.66000366210938,111.47000122070312,79.05999755859375,79.76000213623047,56.135494232177734,54.459999084472656,50.619998931884766,5.717750072479248,34.75332260131836,144.1199951171875,51.439998626708984,69.2300033569336,57.40666580200195,38.95000076293945,235.05999755859375,50.43000030517578,108.55000305175781,52.560001373291016,36.650001525878906,27.8799991607666,82.08999633789062,79.0,93.80000305175781,10.140000343322754,173.47000122070312,195.99000549316406,24.15999984741211,30.530000686645508,51.849998474121094,70.83999633789062,66.11000061035156,123.45999908447266,35.599998474121094,114.56999969482422,255.67999267578125,52.279998779296875,128.3000030517578,112.73999786376953,79.91000366210938,80.04000091552734,56.55534362792969,55.33000183105469,52.06999969482422,5.802499771118164,34.90512466430664,145.60000610351562,52.88999938964844,71.25,58.37666702270508,39.540000915527344,237.10000610351562,51.08000183105469,108.61000061035156,52.81999969482422,36.779998779296875,28.040000915527344,82.72000122070312,79.4000015258789,92.0199966430664,9.949999809265137,170.57000732421875,192.3000030517578,23.500999450683594,30.1299991607666,51.02000045776367,69.75,65.33999633789062,121.45999908447266,34.790000915527344,112.66000366210938,251.47999572753906,50.880001068115234,126.16999816894531,110.87999725341797,78.81999969482422,79.13999938964844,55.97328186035156,54.099998474121094,50.150001525878906,5.68625020980835,34.60151672363281,143.0,51.31999969482422,68.62999725341797,57.1533317565918,38.81999969482422,233.5,50.130001068115234,107.37999725341797,51.81999969482422,36.415000915527344,27.760000228881836,81.81999969482422,78.33000183105469,93.41000366210938,10.050000190734863,173.10000610351562,194.8300018310547,24.121999740600586,30.260000228881836,51.619998931884766,70.4000015258789,65.8499984741211,123.37999725341797,35.459999084472656,113.52999877929688,254.10000610351562,52.16999816894531,128.0,112.30000305175781,79.63999938964844,79.4000015258789,56.16412353515625,54.88999938964844,51.5,5.717249870300293,34.629981994628906,144.27999877929688,52.810001373291016,70.80999755859375,58.08000183105469,39.369998931884766,236.0500030517578,50.84000015258789,107.8499984741211,51.93000030517578,36.75,27.920000076293945,82.5999984741211,79.31999969482422,4754800,39011900,2958600,1729200,41530000,65554600,11669100,17629900,7008400,7561200,8332500,3112400,2930600,26910100,7743900,15584400,5424100,2557700,10109951,10183600,38510800,386200000,22371993,2080400,11838200,9967400,3552000,15313300,2842000,7927200,2795100,31149300,27380800,49800400,5250500,12072200
2018-04-23,66.25752258300781,10.039999961853027,135.95481872558594,176.20199584960938,18.706466674804688,25.07731819152832,37.91733169555664,52.83102798461914,50.03178405761719,86.7160873413086,25.089069366455078,84.76642608642578,206.218505859375,43.18927764892578,101.54550170898438,89.18242645263672,71.46324157714844,62.01748275756836,44.96482467651367,41.932491302490234,47.8085823059082,5.538129806518555,23.894372940063477,109.46958923339844,41.12584686279297,54.83881378173828,52.372127532958984,31.885372161865234,205.2750244140625,36.7170524597168,79.25276947021484,41.909969329833984,26.03649139404297,23.910980224609375,71.93144226074219,55.00603103637695,93.16999816894531,10.039999961853027,174.66000366210938,191.32000732421875,23.344999313354492,30.31999969482422,50.900001525878906,69.4800033569336,65.4800033569336,123.58000183105469,35.43000030517578,114.83999633789062,246.6699981689453,51.099998474121094,126.83000183105469,110.93000030517578,80.19999694824219,79.8499984741211,57.49045944213867,53.63999938964844,49.02000045776367,5.5970001220703125,34.91461181640625,145.2100067138672,50.529998779296875,68.91000366210938,56.643333435058594,38.75,234.33999633789062,50.540000915527344,109.26000213623047,52.61000061035156,36.875,27.850000381469727,82.41000366210938,79.56999969482422,93.80000305175781,10.1899995803833,176.97000122070312,195.27999877929688,23.832000732421875,30.399999618530273,51.529998779296875,70.2699966430664,65.62999725341797,123.61000061035156,35.59000015258789,114.95999908447266,252.75,51.88999938964844,127.30000305175781,111.94999694824219,80.29000091552734,80.22000122070312,57.843509674072266,54.59000015258789,50.880001068115234,5.787499904632568,35.0,145.58999633789062,51.810001373291016,68.97000122070312,57.753334045410156,39.08000183105469,236.2100067138672,50.779998779296875,109.2699966430664,52.84000015258789,36.880001068115234,27.989999771118164,82.66999816894531,79.5999984741211,92.7300033569336,9.970000267028809,171.25,190.64999389648438,23.211999893188477,30.1200008392334,50.65999984741211,69.4000015258789,64.47000122070312,121.80000305175781,34.72999954223633,112.80999755859375,246.19000244140625,50.849998474121094,125.77999877929688,110.62999725341797,79.16999816894531,78.87999725341797,56.70801544189453,53.33000183105469,48.810001373291016,5.5707502365112305,34.724857330322266,143.6199951171875,50.27000045776367,67.51000213623047,56.5,38.529998779296875,233.0800018310547,50.349998474121094,107.4800033569336,52.18000030517578,36.334999084472656,27.760000228881836,82.0999984741211,78.75,92.93000030517578,10.09000015258789,171.6199951171875,194.44000244140625,23.798999786376953,30.270000457763672,51.25,70.0,65.58000183105469,122.0,35.189998626708984,113.6500015258789,251.66000366210938,51.689998626708984,126.87999725341797,111.56999969482422,79.43000030517578,79.9800033569336,57.299617767333984,54.54999923706055,50.810001373291016,5.735750198364258,34.7912712097168,144.0500030517578,51.5,68.69999694824219,57.62333297729492,38.959999084472656,235.2899932861328,50.47999954223633,108.75,52.54999923706055,36.53499984741211,27.959999084472656,82.30999755859375,78.91999816894531,4716300,42971300,3568700,808200,31337000,50686300,10409600,11596400,9209700,6113100,5048900,2146900,3775900,21706700,7501900,11285800,4015900,2946900,20767587,8523600,43693000,427508000,25381058,2014100,10961500,6792000,2047200,11178300,3051700,7893500,2162800,17723900,29689200,45689200,9257300,11729800
2018-04-24,64.97036743164062,10.09000015258789,133.8375701904297,178.71629333496094,18.301006317138672,24.969799041748047,38.42388153076172,52.55727767944336,49.90186309814453,85.986328125,24.41634750366211,84.58189392089844,202.72396850585938,43.4850959777832,101.03307342529297,88.76436614990234,71.3652114868164,61.963096618652344,44.84541702270508,41.48690414428711,45.94578170776367,5.4718337059021,24.063194274902344,109.31878662109375,40.645652770996094,54.33744812011719,51.94990158081055,31.885372161865234,205.1699676513672,36.6298828125,78.54916381835938,41.830299377441406,25.75758934020996,23.756437301635742,71.3902587890625,54.16265869140625,91.36000061035156,10.09000015258789,171.94000244140625,194.0500030517578,22.839000701904297,30.190000534057617,51.58000183105469,69.12000274658203,65.30999755859375,122.54000091552734,34.47999954223633,114.58999633789062,242.49000549316406,51.45000076293945,126.19000244140625,110.41000366210938,80.08999633789062,79.77999877929688,57.33778762817383,53.06999969482422,47.11000061035156,5.53000020980835,35.16128921508789,145.00999450683594,49.939998626708984,68.27999877929688,56.186668395996094,38.75,234.22000122070312,50.41999816894531,108.29000091552734,52.5099983215332,36.47999954223633,27.670000076293945,81.79000091552734,78.3499984741211,93.4800033569336,10.350000381469727,175.75999450683594,197.07000732421875,23.61199951171875,30.860000610351562,51.97999954223633,70.62000274658203,66.62000274658203,125.04000091552734,35.779998779296875,116.43000030517578,249.14999389648438,53.63999938964844,127.45999908447266,112.9000015258789,81.5,81.62999725341797,58.20610809326172,54.619998931884766,50.2599983215332,5.71999979019165,35.360530853271484,148.27000427246094,51.290000915527344,69.80000305175781,57.65999984741211,39.209999084472656,237.32000732421875,51.290000915527344,110.94999694824219,53.75,37.22999954223633,28.170000076293945,82.7300033569336,79.93000030517578,90.44000244140625,9.949999809265137,170.52999877929688,191.6699981689453,22.66900062561035,30.0,50.720001220703125,68.4000015258789,64.8499984741211,121.75,34.27000045776367,113.37000274658203,240.0399932861328,51.13999938964844,125.30999755859375,109.58999633789062,78.91999816894531,79.12000274658203,57.03244400024414,52.439998626708984,46.439998626708984,5.464000225067139,34.886146545410156,144.17999267578125,49.380001068115234,67.72000122070312,55.689998626708984,38.29999923706055,232.55999755859375,50.09000015258789,107.66000366210938,52.18000030517578,36.279998779296875,27.479999542236328,81.16999816894531,77.97000122070312,92.94999694824219,10.1899995803833,175.5500030517578,196.02000427246094,23.573999404907227,30.459999084472656,51.02000045776367,69.76000213623047,66.0,124.36000061035156,35.54999923706055,115.31999969482422,248.82000732421875,51.869998931884766,126.94000244140625,111.75,81.16999816894531,80.31999969482422,57.643131256103516,53.959999084472656,49.65999984741211,5.623000144958496,35.01897430419922,146.32000732421875,50.880001068115234,69.05999755859375,57.13666534423828,39.040000915527344,235.9499969482422,50.65999984741211,109.3499984741211,52.95000076293945,36.974998474121094,28.0,82.66999816894531,79.80000305175781,6378300,44992200,4389400,1147600,44889000,81486800,12137800,16233700,8731600,7980500,9014500,3632300,4705100,42494700,6577500,16453100,6394900,4744100,13974975,10742700,61915400,414596000,27106350,2588600,11670000,7474500,3480900,13004000,2771200,6946600,3279700,23052100,45575000,69592900,8904800,14102000
2018-04-25,65.33304595947266,9.710000038146973,136.087158203125,176.51515197753906,18.349884033203125,24.928443908691406,38.5579719543457,52.73977279663086,49.71085739135742,86.11263275146484,24.926198959350586,85.1797866821289,199.99853515625,43.425926208496094,101.48941802978516,88.42671203613281,72.30083465576172,62.3126220703125,44.50210952758789,40.68171691894531,46.42366409301758,5.359528064727783,23.816455841064453,109.8389663696289,40.49101257324219,54.99000930786133,51.88517379760742,31.40812110900879,205.76560974121094,36.898681640625,78.8320541381836,42.30828094482422,25.96235466003418,23.739269256591797,71.71320343017578,54.95764923095703,91.87000274658203,9.710000038146973,174.8300018310547,191.66000366210938,22.899999618530273,30.139999389648438,51.7599983215332,69.36000061035156,65.05999755859375,122.72000122070312,35.20000076293945,115.4000015258789,239.22999572753906,51.380001068115234,126.76000213623047,109.98999786376953,81.13999938964844,80.2300033569336,56.89885330200195,52.040000915527344,47.599998474121094,5.416500091552734,34.800758361816406,145.6999969482422,49.75,69.0999984741211,56.116668701171875,38.16999816894531,234.89999389648438,50.790000915527344,108.68000030517578,53.11000061035156,36.77000045776367,27.649999618530273,82.16000366210938,79.5,92.27999877929688,10.09000015258789,175.44000244140625,193.8300018310547,23.110000610351562,30.34000015258789,51.869998931884766,69.7699966430664,65.55999755859375,122.9000015258789,35.310001373291016,115.83999633789062,242.4600067138672,52.099998474121094,126.8499984741211,110.52999877929688,82.31999969482422,80.27999877929688,57.17557144165039,52.869998931884766,48.34000015258789,5.5395002365112305,35.14231491088867,146.6699981689453,50.439998626708984,69.2699966430664,56.52000045776367,38.4900016784668,235.10000610351562,51.15999984741211,109.20999908447266,53.4900016784668,36.81999969482422,27.790000915527344,82.19999694824219,79.62000274658203,90.5199966430664,9.5600004196167,170.33999633789062,190.32000732421875,22.586000442504883,29.799999237060547,50.560001373291016,68.05000305175781,63.91999816894531,121.12000274658203,34.119998931884766,113.06999969482422,237.50999450683594,50.599998474121094,125.27999877929688,108.5999984741211,80.01000213623047,78.18000030517578,56.23091506958008,51.81999969482422,46.08000183105469,5.257500171661377,34.639469146728516,143.63999938964844,48.869998931884766,67.87999725341797,55.22999954223633,38.02000045776367,230.44000244140625,50.0,106.2699966430664,51.93000030517578,36.1349983215332,27.3700008392334,81.12000274658203,77.48999786376953,90.95999908447266,10.0600004196167,173.66000366210938,193.64999389648438,22.899999618530273,30.09000015258789,51.47999954223633,68.7699966430664,64.95999908447266,122.33999633789062,34.5,113.93000030517578,242.19000244140625,51.86000061035156,125.91000366210938,110.2699966430664,80.2699966430664,79.19000244140625,57.156490325927734,52.849998474121094,47.560001373291016,5.5,35.02846145629883,144.50999450683594,50.0,67.9800033569336,56.436668395996094,38.36000061035156,233.4499969482422,50.349998474121094,107.77999877929688,52.439998626708984,36.3650016784668,27.639999389648438,81.69000244140625,78.19999694824219,5487800,90578000,4693800,830300,34023000,65893500,14309600,16059700,9869100,5331100,7969100,3506900,5041400,25752800,5859600,13548200,5379000,3272000,14057034,12623000,43781200,588492000,27730213,2435200,9619200,5994000,4432800,12359200,3118800,7252700,3799800,20978500,26326600,51819000,8068800,13867500
2018-04-26,69.29415893554688,11.039999961853027,136.50750732421875,180.21746826171875,18.46367073059082,24.87055206298828,38.76655960083008,52.602928161621094,51.170249938964844,87.1651611328125,25.3369083404541,86.81841278076172,200.717529296875,44.837398529052734,102.49024200439453,88.51515197753906,73.5572280883789,64.40963745117188,44.33793258666992,40.80678176879883,48.90089416503906,5.571275234222412,23.926843643188477,109.86158752441406,41.077030181884766,55.28446578979492,52.945377349853516,31.40812110900879,207.63150024414062,36.891414642333984,80.90658569335938,41.774532318115234,26.340103149414062,23.74785041809082,72.6209716796875,55.897804260253906,97.44000244140625,11.039999961853027,175.3699951171875,195.67999267578125,23.04199981689453,30.06999969482422,52.040000915527344,69.18000030517578,66.97000122070312,124.22000122070312,35.779998779296875,117.62000274658203,240.08999633789062,53.04999923706055,128.00999450683594,110.0999984741211,82.55000305175781,82.93000030517578,56.68893051147461,52.20000076293945,50.13999938964844,5.630499839782715,34.9620475769043,145.72999572753906,50.470001220703125,69.47000122070312,57.26333236694336,38.16999816894531,237.02999877929688,50.779998779296875,111.54000091552734,52.439998626708984,37.30500030517578,27.65999984741211,83.19999694824219,80.86000061035156,98.55000305175781,11.1899995803833,176.67999267578125,195.97999572753906,23.187999725341797,30.280000686645508,52.7599983215332,69.58999633789062,67.12999725341797,124.30000305175781,35.84000015258789,117.80000305175781,241.66000366210938,53.27000045776367,129.22000122070312,110.81999969482422,83.55999755859375,83.2699966430664,57.33778762817383,52.599998474121094,50.18000030517578,5.638750076293945,35.199241638183594,146.75,50.59000015258789,70.0999984741211,57.31999969482422,38.560001373291016,237.83999633789062,51.11000061035156,111.81999969482422,53.11000061035156,37.334999084472656,27.809999465942383,83.5199966430664,80.9000015258789,93.58000183105469,10.609999656677246,171.7899932861328,193.3000030517578,22.829999923706055,29.989999771118164,50.560001373291016,68.9000015258789,65.0999984741211,122.30000305175781,35.189998626708984,115.87000274658203,238.00999450683594,52.06999969482422,126.62000274658203,109.33999633789062,81.41999816894531,79.95999908447266,56.402671813964844,51.66999816894531,48.83000183105469,5.51324987411499,34.86717224121094,144.49000549316406,48.560001373291016,69.18000030517578,56.643333435058594,38.08000183105469,234.3300018310547,50.58000183105469,106.94999694824219,52.2599983215332,36.790000915527344,27.520000457763672,82.4000015258789,79.52999877929688,94.0,10.869999885559082,175.4199981689453,193.94000244140625,23.100000381469727,30.040000915527344,51.529998779296875,69.11000061035156,65.75,122.66999816894531,35.209999084472656,116.41000366210938,239.27000427246094,52.2599983215332,126.62000274658203,109.97000122070312,81.41999816894531,80.69999694824219,57.08015441894531,52.0099983215332,49.279998779296875,5.579999923706055,34.91461181640625,145.25,49.52000045776367,69.4800033569336,57.003334045410156,38.08000183105469,235.72999572753906,50.689998626708984,109.79000091552734,52.9900016784668,36.904998779296875,27.6299991607666,82.4000015258789,79.5999984741211,12594400,145284100,3682400,875600,32751000,45936700,14220700,13829700,10574600,6268400,6409400,3439900,2891100,39575000,8211100,10299500,5058700,4330100,14148105,14668900,39041400,375824000,20405651,2050400,13684000,8145000,4609200,7685800,2252800,5678900,4912200,17025800,24433800,33456200,9463300,14554400
2018-04-27,70.2115249633789,11.109999656677246,138.13430786132812,178.16221618652344,18.652782440185547,24.93671989440918,38.937896728515625,52.458431243896484,49.62681198120117,88.84925079345703,25.31566619873047,86.20575714111328,200.47509765625,44.566932678222656,102.69841003417969,87.95236206054688,73.7176284790039,63.24464416503906,44.38270950317383,40.73609924316406,46.345645904541016,5.598734378814697,24.02423858642578,111.07530975341797,41.59790802001953,54.97410202026367,52.57554244995117,31.40812110900879,210.39073181152344,37.23287582397461,79.62996673583984,41.7108154296875,26.061199188232422,23.782196044921875,72.91773223876953,53.77553176879883,98.7300033569336,11.109999656677246,177.4600067138672,191.75,23.277999877929688,30.149999618530273,52.27000045776367,68.98999786376953,64.94999694824219,126.62000274658203,35.75,116.79000091552734,239.8000030517578,52.72999954223633,128.27000427246094,109.4000015258789,82.7300033569336,81.43000030517578,56.74618148803711,51.86000061035156,47.52000045776367,5.658249855041504,35.10436248779297,147.33999633789062,51.11000061035156,69.08000183105469,56.86333465576172,38.16999816894531,240.17999267578125,51.25,109.77999877929688,52.36000061035156,36.90999984741211,27.700000762939453,83.54000091552734,77.79000091552734,99.3499984741211,11.359999656677246,177.9199981689453,194.64999389648438,23.420000076293945,30.209999084472656,52.869998931884766,69.44000244140625,66.76000213623047,127.05000305175781,36.060001373291016,117.80999755859375,241.92999267578125,55.790000915527344,128.7899932861328,110.16000366210938,83.23999786376953,82.62999725341797,56.917938232421875,52.5099983215332,51.38999938964844,5.757500171661377,35.2087287902832,147.86000061035156,51.36000061035156,69.69999694824219,58.04999923706055,38.7400016784668,240.5399932861328,51.439998626708984,112.30000305175781,52.939998626708984,37.095001220703125,27.770000457763672,83.66999816894531,78.6500015258789,96.37000274658203,11.020000457763672,174.86000061035156,191.17999267578125,23.06999969482422,29.969999313354492,52.0099983215332,68.73999786376953,64.94999694824219,124.68000030517578,35.150001525878906,116.12999725341797,239.02000427246094,52.22999954223633,127.5,109.12999725341797,82.37999725341797,81.30999755859375,56.593509674072266,51.779998779296875,47.189998626708984,5.615499973297119,34.819732666015625,145.69000244140625,50.4900016784668,68.9000015258789,56.58000183105469,37.9900016784668,237.14999389648438,50.619998931884766,109.31999969482422,52.209999084472656,36.76499938964844,27.56999969482422,82.95999908447266,76.4800033569336,97.44000244140625,11.199999809265137,174.9199981689453,194.47999572753906,23.35700035095215,29.989999771118164,52.33000183105469,69.0,66.43000030517578,125.5,35.40999984741211,116.75,240.0,55.439998626708984,127.7300033569336,109.55000305175781,82.5,82.55999755859375,56.622135162353516,51.84000015258789,51.11000061035156,5.737500190734863,34.89563751220703,145.69000244140625,50.75,69.05999755859375,57.9900016784668,38.7400016784668,237.6300048828125,50.65999984741211,111.61000061035156,52.279998779296875,36.92499923706055,27.610000610351562,83.13999938964844,76.94999694824219,6117600,74347800,2424800,1109600,27211000,47411200,7201800,10420100,6398800,8836600,6937300,1822100,2136800,69888100,4266800,9384000,3209600,3287700,8034073,7784500,50049800,400848000,14425149,1988500,9443100,4559500,3309000,8276100,2301800,5177900,2658700,12304300,21078600,47185200,6663300,16346800
2018-04-30,68.66122436523438,10.880000114440918,135.814697265625,175.09603881835938,18.383535385131836,24.74648666381836,38.8336067199707,51.91095733642578,50.04705810546875,87.78970336914062,25.726390838623047,87.22437286376953,199.24618530273438,43.62876510620117,101.27326965332031,87.45391845703125,72.23846435546875,58.18070983886719,43.9349250793457,40.547569274902344,44.84370040893555,5.563360214233398,23.77100944519043,109.77113342285156,41.51651382446289,54.560279846191406,51.99921798706055,31.638517379760742,207.07958984375,36.651676177978516,80.46411895751953,41.39216613769531,26.057674407958984,23.56755828857422,71.80049896240234,53.747867584228516,96.55000305175781,10.880000114440918,174.47999572753906,188.4499969482422,22.941999435424805,29.920000076293945,52.130001068115234,68.2699966430664,65.5,125.11000061035156,36.33000183105469,118.16999816894531,238.3300018310547,51.619998931884766,126.48999786376953,108.77999877929688,81.06999969482422,74.91000366210938,56.17366409301758,51.619998931884766,45.97999954223633,5.622499942779541,34.734344482421875,145.61000061035156,51.0099983215332,68.55999755859375,56.2400016784668,38.45000076293945,236.39999389648438,50.45000076293945,110.93000030517578,51.959999084472656,36.904998779296875,27.450000762939453,82.26000213623047,77.75,99.41999816894531,11.140000343322754,178.74000549316406,190.2100067138672,23.41200065612793,30.43000030517578,52.68000030517578,69.58999633789062,66.1500015258789,127.9000015258789,36.63999938964844,119.70999908447266,243.07000732421875,53.369998931884766,128.97999572753906,110.30000305175781,83.20999908447266,79.01000213623047,57.23282241821289,52.5,47.689998626708984,5.724999904632568,35.275142669677734,148.38999938964844,51.81999969482422,69.37999725341797,57.1966667175293,38.84000015258789,241.0,51.61000061035156,113.31999969482422,53.04999923706055,37.31999969482422,27.920000076293945,83.94999694824219,78.55999755859375,96.5199966430664,10.869999885559082,174.35000610351562,187.6300048828125,22.832000732421875,29.920000076293945,51.83000183105469,68.25,64.76000213623047,125.05000305175781,35.47999954223633,116.33000183105469,238.22000122070312,51.209999084472656,126.48999786376953,108.75,81.05999755859375,74.0999984741211,56.17366409301758,51.58000183105469,45.31999969482422,5.603000164031982,34.53510284423828,145.61000061035156,51.0,68.43000030517578,55.996665954589844,38.380001068115234,236.39999389648438,50.45000076293945,109.86000061035156,51.959999084472656,36.84000015258789,27.440000534057617,82.25,77.73999786376953,99.05000305175781,11.0600004196167,177.91000366210938,189.6199951171875,23.257999420166016,30.270000457763672,52.66999816894531,69.19999694824219,64.87999725341797,127.0199966430664,35.529998779296875,116.58999633789062,240.97000122070312,52.560001373291016,128.86000061035156,109.75,83.08999633789062,75.47000122070312,56.917938232421875,52.18000030517578,47.060001373291016,5.674749851226807,35.22770309448242,147.77000427246094,51.25,69.0,56.766666412353516,38.689998626708984,241.0,51.41999816894531,110.08000183105469,52.560001373291016,36.849998474121094,27.770000457763672,83.9000015258789,77.91000366210938,7449400,50608800,3608700,645900,39682000,55153900,11437500,12237900,6381300,7631600,6304600,3315500,2790500,36417400,8219400,13744900,5483500,28076500,13730267,8209700,54743800,327844000,28295789,1613600,9469600,6249900,1802100,7968000,3446900,7772200,5667700,17050500,25926400,41731400,7241000,15028800
2018-05-01,72.58675384521484,11.130000114440918,131.7669677734375,177.8742218017578,18.460464477539062,24.771305084228516,39.250770568847656,51.8957633972168,50.20750045776367,87.61426544189453,25.634334564208984,86.77411651611328,197.85838317871094,45.07404708862305,100.88896179199219,87.45391845703125,70.45634460449219,56.61958694458008,43.27070999145508,40.69682312011719,45.63369369506836,5.618772029876709,22.9853572845459,109.56758117675781,41.36186981201172,54.43294906616211,52.85291290283203,32.033485412597656,207.47372436523438,36.84782791137695,80.31179809570312,41.870147705078125,25.89881134033203,23.57613754272461,71.76559448242188,53.194847106933594,102.06999969482422,11.130000114440918,169.27999877929688,191.44000244140625,23.038000106811523,29.950000762939453,52.689998626708984,68.25,65.70999908447266,124.86000061035156,36.20000076293945,117.55999755859375,236.6699981689453,53.33000183105469,126.01000213623047,108.77999877929688,79.06999969482422,72.9000015258789,55.32442855834961,51.810001373291016,46.790000915527344,5.678500175476074,33.58633804321289,145.33999633789062,50.81999969482422,68.4000015258789,57.163333892822266,38.93000030517578,236.85000610351562,50.720001220703125,110.72000122070312,52.560001373291016,36.68000030517578,27.459999084472656,82.22000122070312,76.94999694824219,103.37000274658203,11.149999618530273,173.99000549316406,191.75999450683594,23.084999084472656,29.959999084472656,52.7400016784668,68.29000091552734,65.77999877929688,124.91999816894531,36.61000061035156,117.94999694824219,237.89999389648438,53.41999816894531,126.63999938964844,108.97000122070312,80.93000030517578,74.43000030517578,56.52671813964844,51.869998931884766,46.869998931884766,5.681250095367432,34.20303726196289,145.75,51.04999923706055,68.41999816894531,57.22666549682617,38.939998626708984,237.49000549316406,50.77000045776367,111.05999755859375,52.599998474121094,36.744998931884766,27.479999542236328,82.44999694824219,77.26000213623047,101.18000030517578,10.770000457763672,167.97999572753906,187.97999572753906,22.63599967956543,29.6200008392334,51.619998931884766,67.41999816894531,64.55000305175781,123.08000183105469,35.7400016784668,116.18000030517578,233.9600067138672,51.439998626708984,124.97000122070312,107.54000091552734,78.69000244140625,70.45999908447266,54.274810791015625,51.029998779296875,45.40999984741211,5.554999828338623,32.86527633666992,143.99000549316406,50.040000915527344,67.08000183105469,56.03333282470703,38.2599983215332,234.36000061035156,49.91999816894531,108.7699966430664,51.599998474121094,36.21500015258789,27.170000076293945,81.52999877929688,75.9800033569336,102.0999984741211,10.829999923706055,172.14999389648438,188.5,23.084999084472656,29.920000076293945,51.97999954223633,68.23999786376953,65.05000305175781,124.02999877929688,36.18000030517578,117.66000366210938,237.50999450683594,51.63999938964844,126.31999969482422,108.44999694824219,80.68000030517578,74.27999877929688,56.29771041870117,51.38999938964844,45.59000015258789,5.614250183105469,33.75711441040039,145.27000427246094,50.7599983215332,68.11000061035156,56.099998474121094,38.34000015258789,237.0,50.25,110.26000213623047,51.7599983215332,36.720001220703125,27.389999389648438,82.16000366210938,77.26000213623047,11910500,43441600,4799400,484200,44947000,52871700,9821900,11602700,7433800,7093700,5657300,2364900,3269800,27600800,5122600,10503400,6306100,20929500,13756782,8498300,34154900,253788000,51278154,1998900,6780500,6197600,3127800,5507000,2633500,4410400,3680800,13903800,27601800,46372400,8498000,16231000
2018-05-02,71.3778076171875,10.970000267028809,131.88377380371094,176.85214233398438,18.329055786132812,24.465272903442383,38.364288330078125,51.69805908203125,50.00883865356445,88.05635070800781,27.07183837890625,86.10244750976562,195.66802978515625,44.21196746826172,98.87934875488281,86.76251983642578,70.24247741699219,58.90302276611328,42.76322555541992,40.610416412353516,44.75592803955078,5.598239421844482,22.65420913696289,108.26338958740234,40.90610122680664,54.639862060546875,52.61867904663086,31.062519073486328,204.5041961669922,36.223045349121094,81.42160034179688,41.57539367675781,26.004722595214844,23.309988021850586,70.77925872802734,53.0911750793457,100.37000274658203,10.970000267028809,169.42999267578125,190.33999633789062,22.874000549316406,29.579999923706055,51.5,67.98999786376953,65.44999694824219,125.48999786376953,38.22999954223633,116.6500015258789,234.0500030517578,52.310001373291016,123.5,107.91999816894531,78.83000183105469,75.83999633789062,54.67557144165039,51.70000076293945,45.88999938964844,5.657750129699707,33.10246658325195,143.61000061035156,50.2599983215332,68.66000366210938,56.90999984741211,37.75,233.4600067138672,49.86000061035156,112.25,52.189998626708984,36.83000183105469,27.149999618530273,81.08999633789062,76.80000305175781,101.76000213623047,11.15999984741211,171.07000732421875,192.19000244140625,23.3439998626709,30.06999969482422,52.400001525878906,69.0199966430664,66.0,126.47000122070312,39.619998931884766,118.58999633789062,237.91000366210938,53.20000076293945,126.18000030517578,109.48999786376953,79.38999938964844,77.62999725341797,55.343509674072266,52.54999923706055,46.7400016784668,5.71999979019165,33.55787658691406,145.66000366210938,51.25,69.18000030517578,57.400001525878906,38.599998474121094,236.2100067138672,50.61000061035156,113.47000122070312,52.869998931884766,37.119998931884766,27.469999313354492,81.8499984741211,77.2300033569336,99.95999908447266,10.970000267028809,168.3000030517578,189.97000122070312,22.68000030517578,29.559999465942383,51.279998779296875,67.75,65.13999938964844,124.08999633789062,37.2400016784668,116.12000274658203,233.4199981689453,52.150001525878906,123.19999694824219,107.7300033569336,78.45999908447266,72.94000244140625,54.40839767456055,51.5,45.68000030517578,5.631249904632568,32.96015167236328,143.30999755859375,49.91999816894531,67.9000015258789,56.66999816894531,37.650001525878906,232.86000061035156,49.77000045776367,110.55000305175781,52.060001373291016,36.52000045776367,27.110000610351562,80.91000366210938,76.30000305175781,101.16999816894531,11.100000381469727,169.3000030517578,191.2100067138672,23.329999923706055,29.950000762939453,52.36000061035156,67.94999694824219,65.18000030517578,124.19999694824219,37.56999969482422,117.54000091552734,236.60000610351562,53.09000015258789,125.5199966430664,108.11000061035156,78.68000030517578,73.27999877929688,55.038169860839844,51.79999923706055,45.90999984741211,5.675000190734863,33.36812210083008,144.72999572753906,51.2400016784668,67.9800033569336,57.220001220703125,38.599998474121094,235.3800048828125,50.540000915527344,110.55000305175781,52.380001068115234,36.56999969482422,27.360000610351562,81.79000091552734,76.44999694824219,7625600,29267300,4085700,509500,52950000,68234600,8252000,15287300,6810000,5909100,17385600,4779500,3710900,25778300,7390800,12162100,5166300,13325500,10921837,8931000,31640800,268248000,29550260,2084600,8143000,6460300,1543200,11522200,3542700,6130900,5677400,16397200,26869400,45430300,11594300,13883700
2018-05-03,71.31379699707031,10.930000305175781,129.5174102783203,179.09132385253906,18.049388885498047,24.150991439819336,38.327049255371094,51.6600456237793,50.421443939208984,88.42122650146484,26.342464447021484,85.63004302978516,195.1330108642578,44.18659973144531,98.50303649902344,86.21582794189453,69.53852844238281,60.16122817993164,42.93487548828125,40.12339782714844,45.4678840637207,5.763484477996826,22.569801330566406,109.32633209228516,40.94679260253906,53.891815185546875,52.93304443359375,31.350515365600586,205.1085968017578,36.310218811035156,82.2339859008789,41.36671829223633,25.944698333740234,23.112524032592773,70.14208221435547,52.91142654418945,100.27999877929688,10.930000305175781,166.38999938964844,192.75,22.524999618530273,29.200000762939453,51.45000076293945,67.94000244140625,65.98999786376953,126.01000213623047,37.20000076293945,116.01000213623047,233.41000366210938,52.279998779296875,123.02999877929688,107.23999786376953,78.04000091552734,77.45999908447266,54.89503860473633,51.08000183105469,46.619998931884766,5.824749946594238,32.9791259765625,145.02000427246094,50.310001373291016,67.72000122070312,57.25,38.099998474121094,234.14999389648438,49.97999954223633,113.37000274658203,51.540000915527344,36.744998931884766,26.920000076293945,80.36000061035156,76.54000091552734,100.7699966430664,11.0600004196167,170.33999633789062,193.8000030517578,22.788000106811523,29.520000457763672,51.849998474121094,68.2300033569336,66.16000366210938,126.12000274658203,38.18000030517578,116.12999725341797,234.0,52.560001373291016,123.69000244140625,107.7699966430664,78.69999694824219,77.72000122070312,55.152671813964844,51.439998626708984,46.869998931884766,5.851250171661377,33.092979431152344,146.5,50.540000915527344,68.58000183105469,57.5,38.189998626708984,234.8000030517578,50.13999938964844,113.88999938964844,51.790000915527344,36.80500030517578,27.059999465942383,80.7300033569336,76.61000061035156,98.7699966430664,10.829999923706055,166.0500030517578,189.9499969482422,22.26799964904785,28.43000030517578,50.7599983215332,66.55000305175781,64.31999969482422,123.83000183105469,37.06999969482422,114.0999984741211,227.39999389648438,51.209999084472656,121.27999877929688,105.18000030517578,77.44000244140625,74.5199966430664,53.788169860839844,49.88999938964844,45.33000183105469,5.64424991607666,32.65654754638672,141.35000610351562,49.310001373291016,66.88999938964844,56.03333282470703,37.29999923706055,229.30999755859375,49.150001525878906,110.95999908447266,50.810001373291016,36.25,26.459999084472656,79.30999755859375,75.4000015258789,100.19999694824219,10.899999618530273,169.27999877929688,192.52000427246094,22.64900016784668,29.510000228881836,51.599998474121094,67.80000305175781,64.9000015258789,124.58999633789062,37.959999084472656,115.9000015258789,232.4499969482422,51.88999938964844,123.30000305175781,107.58999633789062,78.6500015258789,76.27999877929688,54.52289962768555,51.369998931884766,45.7400016784668,5.690000057220459,33.03605270385742,143.14999389648438,49.9900016784668,68.48999786376953,56.46333312988281,37.54999923706055,231.97000122070312,49.75,111.7699966430664,51.619998931884766,36.65999984741211,27.020000457763672,80.72000122070312,76.38999938964844,7699500,33310600,4152900,1588200,58011000,110672700,8177500,16325500,7088800,6727700,8730900,4269500,4511400,28561000,7282900,15379100,4469300,9029100,11864932,11438000,30489600,443144000,23517902,3518600,8609200,6563900,2396700,7021400,2731600,8468400,3576400,19216100,30659200,68947900,13524100,12243100
2018-05-04,71.23556518554688,11.279999732971191,130.75506591796875,181.65577697753906,18.471677780151367,24.23369026184082,38.237648010253906,51.90452194213867,51.086212158203125,88.08442687988281,26.81690788269043,84.63359069824219,196.41209411621094,44.86665725708008,99.43180084228516,87.17254638671875,69.85932922363281,59.757362365722656,43.099056243896484,40.374759674072266,46.4041633605957,5.913637161254883,22.62173843383789,109.76358795166016,42.7210807800293,54.74332046508789,54.17507553100586,31.75371551513672,206.64157104492188,36.5717658996582,82.24850463867188,42.06498718261719,26.071796417236328,23.413015365600586,70.70069122314453,53.160274505615234,100.16999816894531,11.279999732971191,167.97999572753906,195.50999450683594,23.052000045776367,29.299999237060547,51.33000183105469,67.94000244140625,66.86000061035156,125.52999877929688,37.869998931884766,114.66000366210938,234.94000244140625,52.779998779296875,124.19000244140625,108.43000030517578,78.4000015258789,76.94000244140625,55.10496139526367,51.400001525878906,47.58000183105469,5.976500034332275,33.05502700805664,145.60000610351562,52.4900016784668,68.79000091552734,58.59333419799805,38.59000015258789,235.89999389648438,50.34000015258789,113.38999938964844,52.40999984741211,36.92499923706055,27.270000457763672,81.0,76.9000015258789,100.93000030517578,11.289999961853027,169.5,196.3000030517578,23.208999633789062,29.420000076293945,51.5,68.2699966430664,67.08999633789062,126.83999633789062,38.08000183105469,115.9800033569336,236.7899932861328,52.84000015258789,124.51000213623047,108.73999786376953,78.62000274658203,77.51000213623047,55.257633209228516,51.77000045776367,47.70000076293945,5.979750156402588,33.19734191894531,146.88999938964844,52.599998474121094,69.19000244140625,58.6966667175293,38.65999984741211,236.64999389648438,50.72999954223633,113.91999816894531,52.900001525878906,37.05500030517578,27.420000076293945,81.2699966430664,77.22000122070312,99.12000274658203,10.869999885559082,165.22000122070312,190.74000549316406,22.197999954223633,28.81999969482422,50.66999816894531,66.97000122070312,65.5999984741211,124.70999908447266,36.959999084472656,111.4800033569336,232.27999877929688,51.0,121.80000305175781,105.9800033569336,77.08999633789062,76.0999984741211,54.22710037231445,50.529998779296875,46.13999938964844,5.778250217437744,32.609107971191406,142.85000610351562,49.91999816894531,67.12999725341797,56.68000030517578,37.939998626708984,232.16000366210938,49.439998626708984,111.93000030517578,51.06999969482422,36.494998931884766,26.670000076293945,79.80999755859375,75.94000244140625,99.9000015258789,10.880000114440918,165.9600067138672,191.25,22.364999771118164,28.989999771118164,51.15999984741211,67.05000305175781,66.0,125.20999908447266,37.2599983215332,115.0,232.30999755859375,51.619998931884766,122.5999984741211,106.43000030517578,77.41999816894531,76.9000015258789,54.50381851196289,50.720001220703125,46.31999969482422,5.795750141143799,32.78937530517578,144.38999938964844,50.18000030517578,67.48999786376953,56.939998626708984,38.0,233.10000610351562,49.63999938964844,113.0,51.16999816894531,36.64500045776367,26.760000228881836,80.12000274658203,76.12999725341797,5224400,47884900,3430000,788000,51303000,58281900,6149500,12512000,6302200,5403100,6466600,5725000,2622300,25642500,6127600,11967900,3367500,5612100,9149983,10368700,28632200,400660000,19795912,1812400,9880600,5620900,1977900,9474000,1999900,6072200,2923000,16660500,27171000,40575600,7889500,9887200
2018-05-07,70.8515396118164,11.59000015258789,130.81736755371094,181.0704345703125,18.908390045166016,24.514909744262695,38.230201721191406,52.33234786987305,51.017425537109375,87.67039489746094,26.831073760986328,84.0652084350586,198.30149841308594,45.334190368652344,98.9513931274414,87.9282455444336,70.06424713134766,59.41561508178711,42.82292938232422,41.152400970458984,47.28192138671875,6.151607036590576,22.680177688598633,109.98975372314453,43.14430236816406,55.07755661010742,54.69902038574219,31.638517379760742,204.78451538085938,36.5862922668457,82.45158386230469,42.2656364440918,26.107097625732422,23.56755828857422,70.59596252441406,53.740962982177734,99.62999725341797,11.59000015258789,168.05999755859375,194.8800048828125,23.597000122070312,29.639999389648438,51.31999969482422,68.5,66.7699966430664,124.94000244140625,37.88999938964844,113.88999938964844,237.1999969482422,53.33000183105469,123.58999633789062,109.37000274658203,78.62999725341797,76.5,54.75190734863281,52.38999938964844,48.47999954223633,6.2170000076293945,33.14041519165039,145.89999389648438,53.0099983215332,69.20999908447266,59.15999984741211,38.45000076293945,233.77999877929688,50.36000061035156,113.66999816894531,52.65999984741211,36.974998474121094,27.450000762939453,80.87999725341797,77.73999786376953,101.2699966430664,11.680000305175781,169.92999267578125,195.5500030517578,23.690000534057617,29.790000915527344,51.68000030517578,68.66999816894531,68.63999938964844,128.39999389648438,39.40999984741211,117.12000274658203,238.1699981689453,53.58000183105469,125.23999786376953,109.68000030517578,79.26000213623047,78.97000122070312,55.43893051147461,52.630001068115234,49.11000061035156,6.274750232696533,33.330169677734375,146.60000610351562,53.27000045776367,70.8499984741211,59.436668395996094,38.650001525878906,236.99000549316406,50.540000915527344,115.4800033569336,52.9900016784668,37.78499984741211,27.559999465942383,81.58000183105469,79.08000183105469,99.23999786376953,11.300000190734863,167.5,194.0,23.100000381469727,29.329999923706055,51.040000915527344,68.13999938964844,66.69000244140625,124.44000244140625,37.84000015258789,113.19999694824219,235.27999877929688,52.83000183105469,123.31999969482422,108.36000061035156,78.2300033569336,76.45999908447266,54.46564865112305,51.529998779296875,48.11000061035156,6.072249889373779,32.93169021606445,144.22000122070312,52.52000045776367,69.08000183105469,58.86000061035156,38.2400016784668,232.6300048828125,50.04999923706055,113.33999633789062,52.380001068115234,36.900001525878906,27.260000228881836,80.66999816894531,77.4000015258789,100.75,11.319999694824219,168.5800018310547,194.83999633789062,23.1299991607666,29.440000534057617,51.31999969482422,68.2699966430664,67.2699966430664,126.58999633789062,38.439998626708984,115.80999755859375,236.0,52.86000061035156,124.13999938964844,108.76000213623047,78.41000366210938,77.2300033569336,55.124046325683594,51.63999938964844,48.2599983215332,6.082250118255615,33.007591247558594,145.75,52.58000183105469,69.23999786376953,59.073333740234375,38.45000076293945,235.8800048828125,50.5099983215332,114.16000366210938,52.970001220703125,37.21500015258789,27.3700008392334,81.26000213623047,77.73999786376953,6151500,54001700,3175800,570300,36953000,46765200,6800600,11801800,9121500,6999700,10541000,5991300,1979400,20285700,6707900,9356700,3722600,5856900,10513955,6576100,33996900,687616000,21580018,1745800,9571700,6388900,1185000,4590100,3237800,5572700,3449900,16259100,35947400,36873600,5886700,15071500
2018-05-08,70.68799591064453,11.609999656677246,131.1520538330078,180.1320037841797,19.139177322387695,24.754756927490234,37.64170455932617,54.24229431152344,51.758583068847656,88.81417083740234,27.631256103515625,85.09859466552734,198.1342315673828,45.58921432495117,98.166748046875,89.23063659667969,70.28705596923828,58.49137496948242,42.36022186279297,41.9300537109375,47.36970520019531,6.194156169891357,22.712644577026367,111.21857452392578,43.022216796875,55.34017562866211,55.02261734008789,32.23919677734375,203.25160217285156,36.56448745727539,82.10343170166016,42.691017150878906,26.311859130859375,23.730680465698242,70.06351470947266,53.98292541503906,99.4000015258789,11.609999656677246,168.49000549316406,193.8699951171875,23.885000228881836,29.93000030517578,50.529998779296875,71.0,67.73999786376953,126.56999969482422,39.02000045776367,115.29000091552734,237.0,53.630001068115234,122.61000061035156,110.98999786376953,78.87999725341797,75.30999755859375,54.16030502319336,53.380001068115234,48.56999969482422,6.260000228881836,33.1878547668457,147.52999877929688,52.86000061035156,69.54000091552734,59.5099983215332,39.18000030517578,232.02999877929688,50.33000183105469,113.19000244140625,53.189998626708984,37.26499938964844,27.639999389648438,80.2699966430664,78.08999633789062,99.77999877929688,11.65999984741211,170.5,194.3800048828125,23.895999908447266,30.1299991607666,51.20000076293945,71.44999694824219,67.73999786376953,126.75,39.31999969482422,115.58999633789062,240.66000366210938,53.630001068115234,123.48999786376953,111.33999633789062,78.9000015258789,76.91999816894531,54.790077209472656,53.7599983215332,48.86000061035156,6.262750148773193,33.29222106933594,148.5500030517578,53.27000045776367,69.62000274658203,59.59333419799805,39.380001068115234,233.72000122070312,50.7599983215332,113.25,53.709999084472656,37.28499984741211,27.829999923706055,80.75,78.16000366210938,98.69999694824219,11.399999618530273,167.5,192.13999938964844,23.48200035095215,29.670000076293945,49.959999084472656,69.38999938964844,65.44999694824219,123.62999725341797,36.54999923706055,112.19000244140625,236.0,52.79999923706055,121.69000244140625,109.27999877929688,78.16999816894531,74.27999877929688,53.683204650878906,52.38999938964844,47.880001068115234,6.167749881744385,32.93169021606445,145.5800018310547,52.11000061035156,67.69999694824219,58.893333435058594,38.939998626708984,230.64999389648438,50.06999969482422,111.02999877929688,52.630001068115234,36.31999969482422,27.459999084472656,79.79000091552734,76.37000274658203,99.12999725341797,11.489999771118164,168.80999755859375,192.75,23.573999404907227,29.770000457763672,51.20000076293945,69.6500015258789,66.80000305175781,124.93000030517578,37.88999938964844,113.66000366210938,238.24000549316406,53.290000915527344,122.86000061035156,109.52999877929688,78.4800033569336,76.43000030517578,54.742366790771484,52.560001373291016,48.529998779296875,6.217249870300293,33.12144088745117,145.97999572753906,53.040000915527344,69.44999694824219,59.12333297729492,38.97999954223633,233.72000122070312,50.33000183105469,113.05999755859375,52.720001220703125,36.9900016784668,27.469999313354492,80.68000030517578,77.80000305175781,7620900,35218400,3937700,843800,40149000,65119800,12207200,23603200,8988400,8937000,12191400,3886200,3267000,21026800,5951800,12543200,4591700,6857100,10749546,11578100,25205500,506616000,28269650,1935600,9930000,6142300,1206300,8116600,2698300,5832400,6102200,20786200,57548200,47718500,9522300,17430400
2018-05-09,71.95381927490234,11.949999809265137,132.04718017578125,183.92286682128906,19.075061798095703,25.40815544128418,38.058868408203125,54.96805191040039,52.49208450317383,90.32281494140625,28.481019973754883,86.94390869140625,202.0885772705078,46.1927604675293,98.88733673095703,91.17620849609375,70.63455963134766,59.889373779296875,43.24833297729492,42.52702713012695,49.749385833740234,6.3272385597229,22.836013793945312,113.29920959472656,43.2745246887207,56.40654373168945,55.860923767089844,32.37907409667969,200.78134155273438,36.9277458190918,83.28575134277344,43.14851379394531,26.848474502563477,24.082693099975586,70.46504974365234,55.25489044189453,101.18000030517578,11.949999809265137,169.63999938964844,197.9499969482422,23.80500030517578,30.719999313354492,51.09000015258789,71.94999694824219,68.69999694824219,128.72000122070312,40.220001220703125,117.79000091552734,241.72999572753906,54.34000015258789,123.51000213623047,113.41000366210938,79.2699966430664,77.11000061035156,55.29580307006836,54.13999938964844,51.0099983215332,6.394499778747559,33.36812210083008,150.2899932861328,53.16999816894531,70.87999725341797,60.41666793823242,39.349998474121094,229.2100067138672,50.83000183105469,114.81999969482422,53.7599983215332,38.025001525878906,28.049999237060547,80.7300033569336,79.93000030517578,102.04000091552734,11.979999542236328,170.52999877929688,198.08999633789062,23.913000106811523,30.790000915527344,51.209999084472656,72.0,70.1500015258789,130.4199981689453,40.97999954223633,118.80999755859375,242.0500030517578,54.369998931884766,124.05000305175781,113.63999938964844,79.6500015258789,78.11000061035156,55.73473358154297,54.25,51.029998779296875,6.396749973297119,33.5958251953125,151.00999450683594,53.33000183105469,71.77999877929688,60.459999084472656,39.459999084472656,233.4199981689453,51.11000061035156,115.83999633789062,53.97999954223633,38.44499969482422,28.1200008392334,81.08000183105469,80.23999786376953,98.9000015258789,11.569999694824219,167.08999633789062,194.63999938964844,23.405000686645508,30.079999923706055,50.349998474121094,70.76000213623047,68.5,128.08999633789062,39.59000015258789,115.9000015258789,237.25,53.189998626708984,122.52999877929688,111.02999877929688,78.44999694824219,75.83999633789062,54.22710037231445,53.15999984741211,48.9900016784668,6.252749919891357,33.083492279052734,147.52000427246094,52.20000076293945,70.41999816894531,59.5966682434082,39.15999984741211,228.22999572753906,50.33000183105469,113.5199966430664,53.349998474121094,37.71500015258789,27.670000076293945,79.9800033569336,78.94999694824219,99.44000244140625,11.649999618530273,168.6999969482422,194.8699951171875,23.579999923706055,30.100000381469727,50.5099983215332,71.2300033569336,68.61000061035156,128.4199981689453,39.61000061035156,117.16000366210938,237.97999572753906,53.7599983215332,122.98999786376953,111.44000244140625,78.95999908447266,76.16999816894531,54.360687255859375,53.619998931884766,49.060001373291016,6.280250072479248,33.225807189941406,148.19000244140625,52.86000061035156,70.51000213623047,59.72999954223633,39.369998931884766,233.0500030517578,50.43000030517578,113.94999694824219,53.45000076293945,37.720001220703125,27.770000457763672,80.41999816894531,78.9800033569336,5665600,49605700,2861400,518200,35031000,72266500,11587300,15900700,9271200,11442700,13498700,6104700,2434000,19827500,6808600,11368100,3325200,4827000,8684042,7114800,36489100,596760000,20430209,1732500,7016100,7774400,1043700,5861400,3504200,4784500,4159800,16286700,49807800,43817000,11340200,17142100
2018-05-10,73.14144134521484,12.130000114440918,132.92681884765625,186.82180786132812,19.512577056884766,25.54875946044922,38.10356521606445,55.44171905517578,52.98110580444336,90.39299011230469,28.955459594726562,87.80013275146484,203.51817321777344,46.7368049621582,100.36050415039062,91.88369750976562,72.05135345458984,60.22336196899414,43.33042526245117,43.23399353027344,51.358619689941406,6.4348464012146,22.973697662353516,113.71387481689453,44.739524841308594,56.597537994384766,56.87797927856445,32.72466278076172,204.72320556640625,37.174747467041016,83.04638671875,43.86283493041992,27.049699783325195,24.280166625976562,71.40772247314453,56.4922981262207,102.8499984741211,12.130000114440918,170.77000427246094,201.07000732421875,24.35099983215332,30.889999389648438,51.150001525878906,72.56999969482422,69.33999633789062,128.82000732421875,40.88999938964844,118.94999694824219,243.44000244140625,54.97999954223633,125.3499984741211,114.29000091552734,80.86000061035156,77.54000091552734,55.40076446533203,55.040000915527344,52.65999984741211,6.5032501220703125,33.244781494140625,150.83999633789062,54.970001220703125,71.12000274658203,61.516666412353516,39.77000045776367,233.7100067138672,51.16999816894531,114.48999786376953,54.650001525878906,38.310001373291016,28.280000686645508,81.80999755859375,81.72000122070312,103.80999755859375,12.180000305175781,171.49000549316406,201.1199951171875,24.37299919128418,31.06999969482422,51.709999084472656,72.93000030517578,69.70999908447266,129.77999877929688,40.91999816894531,119.45999908447266,245.4199981689453,55.0,126.05000305175781,114.44000244140625,81.16999816894531,78.25,56.040077209472656,55.20000076293945,52.68000030517578,6.512499809265137,33.50094985961914,151.5,55.06999969482422,71.56999969482422,61.543331146240234,39.869998931884766,234.2899932861328,51.27000045776367,115.98999786376953,54.72999954223633,38.400001525878906,28.34000015258789,82.16999816894531,81.79000091552734,101.93000030517578,11.949999809265137,169.36000061035156,199.0,23.861000061035156,30.420000076293945,51.0,71.58999633789062,68.6500015258789,128.38999938964844,40.040000915527344,118.44999694824219,240.16000366210938,54.099998474121094,124.0,112.75,79.41000366210938,76.62000274658203,55.27671813964844,53.86000061035156,51.599998474121094,6.429999828338623,33.10246658325195,148.8300018310547,53.95000076293945,70.23999786376953,60.720001220703125,39.439998626708984,229.36000061035156,50.56999969482422,113.9800033569336,53.630001068115234,38.0,27.959999084472656,81.02999877929688,80.5,102.58000183105469,11.979999542236328,170.25999450683594,199.3300018310547,23.972999572753906,30.610000610351562,51.33000183105469,71.95999908447266,69.45999908447266,129.69000244140625,40.560001373291016,118.75,242.11000061035156,54.54999923706055,124.22000122070312,113.19000244140625,79.45999908447266,77.94000244140625,55.46755599975586,54.22999954223633,51.79999923706055,6.447999954223633,33.20683288574219,150.0,54.45000076293945,71.41999816894531,60.75666809082031,39.56999969482422,230.14999389648438,50.90999984741211,115.54000091552734,54.130001068115234,38.17499923706055,28.0,81.06999969482422,80.63999938964844,5369700,49744500,2947100,414200,25747000,54773200,9126100,11488900,6512300,5446000,8170200,4093100,2599000,18715900,4948000,9159700,3718400,4532100,8624097,8208600,37146300,994080000,30906653,1376800,12267200,5650400,1242900,7957900,2169000,5660000,5038700,20699000,27780200,41445500,7845500,17710300
2018-05-11,74.08728790283203,11.949999809265137,135.35540771484375,184.7126922607422,19.502159118652344,25.573579788208008,38.63246536254883,55.66326141357422,53.2764892578125,91.10872650146484,28.997953414916992,86.6634292602539,203.08343505859375,46.47328567504883,101.87374114990234,91.53799438476562,73.4681396484375,60.06025314331055,44.54690170288086,43.35966873168945,50.53938293457031,6.296319484710693,23.27528953552246,113.8118896484375,44.95112609863281,56.56571960449219,56.4619140625,32.839874267578125,208.72637939453125,37.414485931396484,83.14793395996094,43.70232009887695,27.088542938232422,24.26299285888672,72.47258758544922,56.757667541503906,104.18000030517578,11.949999809265137,173.88999938964844,198.8000030517578,24.33799934387207,30.920000076293945,51.86000061035156,72.86000061035156,69.44000244140625,129.83999633789062,40.95000076293945,117.41000366210938,242.9199981689453,54.66999816894531,127.23999786376953,113.86000061035156,82.44999694824219,77.33000183105469,56.95610809326172,55.20000076293945,51.81999969482422,6.363249778747559,33.68121337890625,150.97000122070312,55.22999954223633,71.08000183105469,61.06666564941406,39.90999984741211,238.27999877929688,51.5,114.62999725341797,54.45000076293945,38.3650016784668,28.260000228881836,83.02999877929688,81.27999877929688,104.69000244140625,12.029999732971191,174.35000610351562,200.61000061035156,24.450000762939453,31.030000686645508,52.11000061035156,73.23999786376953,69.88999938964844,130.75999450683594,41.400001525878906,120.0,244.91000366210938,55.189998626708984,127.5999984741211,114.7300033569336,82.44999694824219,77.97000122070312,57.22328186035156,55.540000915527344,52.79999923706055,6.494750022888184,33.73814010620117,151.91000366210938,55.790000915527344,71.52999877929688,61.63666534423828,40.18000030517578,238.8000030517578,51.86000061035156,115.13999938964844,54.93000030517578,38.625,28.450000762939453,83.19000244140625,81.97000122070312,102.04000091552734,11.6899995803833,170.02999877929688,198.2899932861328,24.15999984741211,30.809999465942383,51.04999923706055,72.45999908447266,68.87000274658203,128.52000427246094,40.689998626708984,117.01000213623047,241.7100067138672,54.43000030517578,125.76000213623047,113.66999816894531,81.0199966430664,76.98999786376953,55.46755599975586,54.880001068115234,51.68000030517578,6.263500213623047,33.27324676513672,150.2899932861328,54.619998931884766,70.87000274658203,60.956668853759766,39.63999938964844,232.9499969482422,51.279998779296875,114.1500015258789,54.27000045776367,38.279998779296875,28.200000762939453,81.7300033569336,80.91000366210938,103.45999908447266,11.890000343322754,170.3800048828125,199.8800048828125,24.308000564575195,30.90999984741211,51.380001068115234,72.52999877929688,69.12000274658203,129.38999938964844,40.93000030517578,119.0199966430664,243.44000244140625,54.619998931884766,125.7699966430664,114.48999786376953,81.1500015258789,77.72000122070312,55.49618148803711,55.099998474121094,52.380001068115234,6.319499969482422,33.330169677734375,151.08999633789062,54.7599983215332,71.33000183105469,61.16666793823242,40.040000915527344,233.5800018310547,51.470001220703125,114.66000366210938,54.689998626708984,38.39500045776367,28.299999237060547,81.87999725341797,81.18000030517578,6358900,43863700,3740500,405000,24052000,42024800,8987700,11531400,6382200,8092300,10409500,2951200,1540100,15405000,5716700,10253000,4393800,3549200,13344498,6063100,27646400,1214456000,21619964,1559000,9639100,5449200,1857900,4184400,3044900,5037500,2773400,14424000,24021400,25894000,10434000,14751000
2018-05-14,75.30333709716797,12.229999542236328,136.96670532226562,187.63014221191406,19.61274528503418,25.738994598388672,38.75166320800781,55.47993087768555,53.391571044921875,91.49466705322266,29.25996208190918,87.60084533691406,203.91111755371094,46.66880416870117,100.92898559570312,91.57015228271484,74.02057647705078,60.84469223022461,44.539424896240234,43.37538528442383,51.69021987915039,6.316850185394287,23.511323928833008,113.344482421875,46.18010711669922,56.97951889038086,57.15227508544922,32.872779846191406,212.77340698242188,37.18201446533203,84.04737854003906,43.72640609741211,27.275644302368164,24.245826721191406,72.95266723632812,57.141727447509766,105.88999938964844,12.229999542236328,175.9600067138672,201.94000244140625,24.47599983215332,31.1200008392334,52.02000045776367,72.62000274658203,69.58999633789062,130.38999938964844,41.31999969482422,118.68000030517578,243.91000366210938,54.900001525878906,126.05999755859375,113.9000015258789,83.06999969482422,78.33999633789062,56.946563720703125,55.220001220703125,53.0,6.383999824523926,34.022769927978516,150.35000610351562,56.7400016784668,71.5999984741211,61.813331604003906,39.95000076293945,242.89999389648438,51.18000030517578,115.87000274658203,54.47999954223633,38.630001068115234,28.239999771118164,83.58000183105469,81.83000183105469,106.30000305175781,12.359999656677246,177.8000030517578,203.6699981689453,24.841999053955078,31.229999542236328,52.599998474121094,73.30000305175781,70.20999908447266,131.0800018310547,41.560001373291016,119.5999984741211,245.8800048828125,55.2400016784668,127.61000061035156,114.69999694824219,83.31999969482422,78.5999984741211,57.328243255615234,55.63999938964844,53.709999084472656,6.462250232696533,34.07969665527344,151.77000427246094,57.79999923706055,72.05000305175781,62.55666732788086,40.54999923706055,243.6699981689453,51.70000076293945,116.19999694824219,54.81999969482422,38.80500030517578,28.389999389648438,83.93000030517578,82.31999969482422,104.33000183105469,12.109999656677246,173.0399932861328,201.3000030517578,24.3799991607666,31.030000686645508,51.70000076293945,72.5,69.3499984741211,129.8000030517578,40.849998474121094,118.08999633789062,243.5,54.7400016784668,125.5999984741211,113.73999786376953,82.5,77.5199966430664,56.70801544189453,55.11000061035156,52.86000061035156,6.360000133514404,33.67172622680664,150.1199951171875,56.34000015258789,71.16999816894531,61.70333480834961,39.880001068115234,238.82000732421875,51.04999923706055,114.98999786376953,54.33000183105469,38.48500061035156,28.190000534057617,83.01000213623047,81.61000061035156,104.4000015258789,12.140000343322754,174.10000610351562,201.4199981689453,24.628000259399414,31.040000915527344,51.939998626708984,72.93000030517578,69.5,130.25,41.2400016784668,118.11000061035156,243.60000610351562,54.77000045776367,127.3499984741211,114.11000061035156,82.5999984741211,77.83999633789062,57.03244400024414,55.349998474121094,52.9900016784668,6.401750087738037,33.69070053100586,151.3800048828125,57.33000183105469,71.18000030517578,61.83000183105469,40.130001068115234,238.89999389648438,51.68000030517578,115.19999694824219,54.779998779296875,38.48500061035156,28.34000015258789,83.18000030517578,81.69999694824219,8471700,50263800,3370600,406800,27580000,41791600,8716900,12615500,8805200,6212400,6328900,2645100,1928500,21878200,6101600,8710700,4739700,4936700,9942062,5816000,33376300,523140000,21485052,1737300,15400300,5142400,1653900,5014000,3893600,4730100,3936000,12809100,20452600,31292900,11837600,11852100
2018-05-15,74.08728790283203,12.449999809265137,134.14889526367188,185.76254272460938,19.357925415039062,25.821701049804688,38.960235595703125,55.52577209472656,53.77518081665039,91.03856658935547,29.231632232666016,88.74492645263672,201.9464569091797,45.835731506347656,100.18439483642578,90.8707275390625,73.25428771972656,60.383766174316406,44.181209564208984,43.08474349975586,52.67526626586914,6.074428081512451,23.399871826171875,113.6761474609375,45.28483200073242,56.97951889038086,56.53280258178711,32.33794403076172,209.7950897216797,37.138423919677734,84.06914520263672,43.94309997558594,27.28270721435547,24.202899932861328,72.00999450683594,57.11378479003906,104.18000030517578,12.449999809265137,172.33999633789062,199.92999267578125,24.158000946044922,31.219999313354492,52.29999923706055,72.68000030517578,70.08999633789062,129.74000549316406,41.279998779296875,120.2300033569336,241.55999755859375,53.91999816894531,125.12999725341797,113.02999877929688,82.20999908447266,77.29000091552734,56.488548278808594,54.849998474121094,54.0099983215332,6.138999938964844,33.861480712890625,150.7899932861328,55.63999938964844,71.5999984741211,61.143333435058594,39.29999923706055,239.5,51.119998931884766,115.9000015258789,54.75,38.63999938964844,28.190000534057617,82.5,81.79000091552734,105.55999755859375,12.460000038146973,175.30999755859375,201.25999450683594,24.444000244140625,31.360000610351562,52.34000015258789,73.0199966430664,70.58999633789062,130.27000427246094,41.63999938964844,120.41000366210938,243.9499969482422,54.75,125.83000183105469,113.91000366210938,82.94000244140625,78.63999938964844,57.06106948852539,55.41999816894531,54.16999816894531,6.322500228881836,33.946868896484375,152.2899932861328,56.61000061035156,71.75,61.58000183105469,39.400001525878906,242.22000122070312,51.369998931884766,116.43000030517578,55.279998779296875,38.70000076293945,28.34000015258789,83.12999725341797,82.02999877929688,103.58999633789062,12.15999984741211,171.10000610351562,197.63999938964844,23.850000381469727,30.850000381469727,51.709999084472656,72.36000061035156,69.23999786376953,129.25,40.869998931884766,118.3499984741211,240.6699981689453,53.560001373291016,124.4000015258789,112.56999969482422,81.83000183105469,76.72000122070312,56.20228958129883,54.5,52.689998626708984,6.037499904632568,33.66223907470703,149.97000122070312,55.220001220703125,70.91000366210938,60.70333480834961,38.959999084472656,238.6699981689453,50.95000076293945,114.81999969482422,54.380001068115234,38.345001220703125,28.079999923706055,82.2300033569336,81.4000015258789,105.37999725341797,12.180000305175781,174.80999755859375,201.08999633789062,24.231000900268555,30.920000076293945,51.95000076293945,72.51000213623047,69.55000305175781,130.24000549316406,41.380001068115234,118.4800033569336,243.0,54.58000183105469,125.54000091552734,113.91000366210938,82.72000122070312,77.8499984741211,56.71755599975586,55.040000915527344,53.79999923706055,6.31974983215332,33.69070053100586,150.0500030517578,56.5,71.5,61.40666580200195,39.36000061035156,241.86000061035156,51.04999923706055,115.88999938964844,54.43000030517578,38.54499816894531,28.200000762939453,83.02999877929688,81.8499984741211,8387600,44183200,4491700,569700,24984000,64433500,8133100,12483300,5962700,5201700,7387100,3191200,2165700,21712600,5875700,11536200,3662700,5869400,7148932,7523400,43307300,963528000,19345643,2036100,12050500,3571600,1263900,5622800,2396600,6915600,3541300,14991100,20965400,54655800,8806800,12595700
2018-05-16,74.69886016845703,12.819999694824219,136.3295440673828,188.50352478027344,19.272186279296875,25.68936538696289,38.89320373535156,54.96805191040039,53.59104919433594,90.9122543334961,29.316604614257812,89.68236541748047,201.44483947753906,46.447784423828125,100.36050415039062,91.11993408203125,72.83529663085938,59.94623947143555,44.5916748046875,43.17900085449219,55.10372543334961,6.085559368133545,23.393312454223633,113.04293060302734,46.147552490234375,58.18117904663086,57.260154724121094,32.74112319946289,211.73971557617188,37.043983459472656,83.98880004882812,44.175865173339844,27.378036499023438,24.245826721191406,72.41151428222656,57.27439880371094,105.04000091552734,12.819999694824219,173.8000030517578,202.8800048828125,24.051000595092773,31.059999465942383,52.209999084472656,71.94999694824219,69.8499984741211,129.55999755859375,41.400001525878906,121.5,240.9600067138672,54.63999938964844,125.3499984741211,113.33999633789062,81.18000030517578,76.7300033569336,57.01335906982422,54.970001220703125,56.5,6.15024995803833,33.851993560791016,149.9499969482422,56.70000076293945,73.11000061035156,61.93000030517578,39.790000915527344,241.72000122070312,50.9900016784668,114.98999786376953,55.040000915527344,38.775001525878906,28.239999771118164,82.95999908447266,82.0199966430664,105.6500015258789,12.979999542236328,174.5800018310547,202.97000122070312,24.22100067138672,31.25,52.619998931884766,72.76000213623047,70.19999694824219,129.72000122070312,41.59000015258789,121.87000274658203,241.83999633789062,54.70000076293945,125.9000015258789,113.69000244140625,81.94999694824219,77.2699966430664,57.261451721191406,55.16999816894531,56.90999984741211,6.2129998207092285,34.041744232177734,150.77999877929688,56.810001373291016,73.20999908447266,62.063331604003906,39.83000183105469,241.80999755859375,51.27000045776367,115.26000213623047,55.31999969482422,38.79999923706055,28.31999969482422,83.25,82.05000305175781,104.19999694824219,12.619999885559082,170.6199951171875,200.82000732421875,23.89900016784668,31.020000457763672,52.119998931884766,71.80999755859375,69.0999984741211,128.3000030517578,40.86000061035156,119.58000183105469,240.58999633789062,53.959999084472656,125.0,112.62999725341797,80.95999908447266,75.93000030517578,56.402671813964844,54.5,55.47999954223633,6.062749862670898,33.74762725830078,149.1999969482422,55.66999816894531,71.5999984741211,61.106666564941406,39.279998779296875,238.57000732421875,50.77000045776367,113.87000274658203,54.560001373291016,38.38999938964844,28.100000381469727,82.44999694824219,81.16999816894531,104.45999908447266,12.640000343322754,171.35000610351562,200.9600067138672,24.214000701904297,31.18000030517578,52.45000076293945,72.44000244140625,70.0,129.2899932861328,41.029998779296875,119.80000305175781,241.27000427246094,54.16999816894531,125.44000244140625,112.88999938964844,81.80000305175781,77.0999984741211,56.60305404663086,54.540000915527344,55.59000015258789,6.099999904632568,33.89942932128906,150.27000427246094,55.7599983215332,71.5999984741211,61.62666702270508,39.400001525878906,239.64999389648438,51.02000045776367,114.94000244140625,54.70000076293945,38.584999084472656,28.15999984741211,82.45999908447266,81.76000213623047,8296700,73364000,2494200,490900,29330000,43590100,5417400,11796000,4363400,5405100,4742500,2900200,1965200,16260500,3818100,7571100,3614500,6890300,8941222,4517700,59011900,553828000,21870711,1323000,8675600,7121700,1221300,7671500,1906100,5486100,2691900,16450200,23994400,31984900,7013600,9570000
2018-05-17,74.89794921875,12.819999694824219,136.99630737304688,188.03895568847656,19.187246322631836,25.48259735107422,39.288021087646484,54.67011642456055,54.21251678466797,91.6342544555664,29.996417999267578,93.1146469116211,199.88990783691406,46.59229278564453,99.1595687866211,90.81443786621094,73.26591491699219,63.05564880371094,44.084197998046875,43.1004524230957,53.34820556640625,6.127612113952637,23.412981033325195,113.57060241699219,46.35102844238281,59.231651306152344,57.093727111816406,32.05816650390625,212.825927734375,37.160221099853516,87.43629455566406,43.5177116394043,27.791086196899414,24.194305419921875,72.43765258789062,57.17662048339844,105.31999969482422,12.819999694824219,174.64999389648438,202.3800048828125,23.94499969482422,30.809999465942383,52.7400016784668,71.55999755859375,70.66000366210938,129.4600067138672,42.36000061035156,126.1500015258789,239.10000610351562,54.810001373291016,123.8499984741211,112.95999908447266,81.66000366210938,80.70999908447266,56.364505767822266,54.869998931884766,54.70000076293945,6.192749977111816,33.880455017089844,150.64999389648438,56.95000076293945,74.43000030517578,61.75,38.959999084472656,242.9600067138672,51.150001525878906,119.70999908447266,54.220001220703125,39.36000061035156,28.18000030517578,82.98999786376953,81.87999725341797,105.41000366210938,12.899999618530273,175.42999267578125,204.16000366210938,24.166000366210938,31.079999923706055,53.400001525878906,72.04000091552734,71.0,129.57000732421875,42.70000076293945,126.44999694824219,242.44000244140625,55.439998626708984,125.58999633789062,113.41000366210938,81.83999633789062,80.91999816894531,57.04198455810547,55.150001525878906,56.439998626708984,6.287499904632568,33.946868896484375,150.7899932861328,57.380001068115234,75.43000030517578,62.253334045410156,39.2400016784668,243.55999755859375,51.20000076293945,121.04000091552734,54.66999816894531,39.415000915527344,28.280000686645508,83.12999725341797,82.27999877929688,104.20999908447266,12.65999984741211,172.52999877929688,201.22000122070312,23.799999237060547,30.670000076293945,51.959999084472656,71.06999969482422,70.08999633789062,128.3800048828125,41.66999816894531,122.0,238.77999877929688,54.41999816894531,123.55000305175781,112.19999694824219,81.02999877929688,77.23999786376953,56.183204650878906,54.34000015258789,53.93000030517578,6.135749816894531,33.62428665161133,147.92999267578125,56.38999938964844,73.4800033569336,61.28666687011719,38.66999816894531,240.5399932861328,50.61000061035156,116.33000183105469,54.029998779296875,38.880001068115234,28.0,82.5199966430664,81.44000244140625,105.0999984741211,12.789999961853027,173.30999755859375,203.49000549316406,23.812000274658203,31.040000915527344,52.04999923706055,71.7300033569336,70.19999694824219,128.75999450683594,41.7400016784668,122.0,240.4199981689453,54.54999923706055,125.48999786376953,113.19999694824219,81.04000091552734,77.5999984741211,56.8129768371582,54.88999938964844,56.0099983215332,6.1519999504089355,33.8045539855957,149.50999450683594,56.4900016784668,73.5,61.78666687011719,39.06999969482422,241.49000549316406,50.81999969482422,116.45999908447266,54.400001525878906,38.900001525878906,28.209999084472656,82.87999725341797,82.19999694824219,6702900,38692500,2268400,524400,22825000,45981500,8097400,14876000,5592700,5241600,6624200,5721400,2462700,16872600,6473400,8617200,2808400,9675600,8222398,4576800,54832200,519784000,13021432,1528000,11450700,10825700,1301400,7964200,2418700,4636100,5888500,21622400,32542600,45070400,6610400,11224100
2018-05-18,75.36732482910156,13.0,138.29058837890625,183.35610961914062,18.909997940063477,25.027698516845703,39.265663146972656,53.4477424621582,53.360904693603516,90.50171661376953,29.71316146850586,92.84892272949219,198.1342315673828,45.478702545166016,99.4718246459961,89.34319305419922,73.63380432128906,62.13377380371094,44.13642501831055,42.354217529296875,52.07057571411133,6.083826541900635,23.367080688476562,112.14581298828125,46.80680847167969,59.12024688720703,56.27699279785156,31.613832473754883,214.29762268066406,36.72432327270508,88.05714416503906,43.1003532409668,27.575735092163086,23.99683380126953,72.6209716796875,56.77162170410156,105.9800033569336,13.0,176.3000030517578,197.33999633789062,23.599000930786133,30.260000228881836,52.709999084472656,69.95999908447266,69.55000305175781,127.86000061035156,41.959999084472656,125.79000091552734,237.0,53.5,124.23999786376953,111.12999725341797,82.06999969482422,79.52999877929688,56.431297302246094,53.91999816894531,53.38999938964844,6.148499965667725,33.81404113769531,148.75999450683594,57.5099983215332,74.29000091552734,60.866668701171875,38.41999816894531,244.63999938964844,50.54999923706055,120.55999755859375,53.70000076293945,39.05500030517578,27.950000762939453,83.19999694824219,81.30000305175781,106.77999877929688,13.260000228881836,177.33999633789062,201.14999389648438,24.062000274658203,30.790000915527344,53.150001525878906,71.31999969482422,70.83000183105469,129.14999389648438,42.38999938964844,126.4800033569336,238.74000549316406,54.540000915527344,124.44000244140625,112.80000305175781,82.29000091552734,80.72000122070312,56.73664093017578,54.93000030517578,54.650001525878906,6.3092498779296875,33.91840744018555,150.47999572753906,57.9900016784668,74.86000061035156,61.28666687011719,38.54999923706055,244.75999450683594,51.11000061035156,120.87999725341797,54.41999816894531,39.33000183105469,28.190000534057617,83.37000274658203,81.80000305175781,105.11000061035156,12.90999984741211,174.69000244140625,196.67999267578125,23.58799934387207,30.229999542236328,52.43000030517578,69.88999938964844,69.52999877929688,127.80000305175781,41.7400016784668,124.27999877929688,236.8699951171875,53.470001220703125,123.27999877929688,110.83999633789062,81.48999786376953,79.0999984741211,54.856868743896484,53.869998931884766,52.849998474121094,6.143499851226807,33.61479949951172,148.69000244140625,56.400001525878906,74.16000366210938,60.650001525878906,38.279998779296875,242.38999938964844,50.470001220703125,119.0199966430664,53.689998626708984,39.025001525878906,27.940000534057617,82.7699966430664,81.26000213623047,105.2699966430664,13.0600004196167,176.50999450683594,200.7899932861328,23.986000061035156,30.770000457763672,52.880001068115234,71.26000213623047,70.5,128.9199981689453,42.16999816894531,126.27999877929688,238.10000610351562,54.529998779296875,123.77999877929688,112.75,81.48999786376953,80.58000183105469,56.25954055786133,54.560001373291016,53.599998474121094,6.245250225067139,33.785579681396484,150.1199951171875,56.93000030517578,74.19000244140625,61.20000076293945,38.470001220703125,243.3699951171875,51.11000061035156,120.05000305175781,54.150001525878906,39.290000915527344,28.18000030517578,83.05000305175781,81.55000305175781,5328000,54063400,3377200,1002100,25262000,58641700,6440100,16160700,5094700,6385800,4232600,4064400,2699000,23679900,5433900,11806300,4002300,4015700,10151242,6702400,46088800,483716000,15734639,1283100,11999700,5715400,2072700,7783900,2283600,4532000,3906500,21492700,28185400,33266100,5838900,10030900
2018-05-21,75.54512786865234,12.989999771118164,138.42388916015625,188.15977478027344,19.155195236206055,25.267549514770508,38.91554260253906,53.80681610107422,54.21251678466797,91.57052612304688,29.975173950195312,94.07420349121094,198.7194366455078,46.1757698059082,99.05549621582031,90.16324615478516,73.41847229003906,61.602535247802734,43.711036682128906,42.69984436035156,54.10892868041992,6.041775703430176,23.47198486328125,112.65090942382812,46.96959686279297,59.70914840698242,56.840999603271484,32.47782516479492,217.15325927734375,36.83330154418945,89.15274810791016,43.77455520629883,27.858163833618164,24.168550491333008,72.6907958984375,57.45595932006836,106.2300033569336,12.989999771118164,176.47000122070312,202.50999450683594,23.905000686645508,30.549999237060547,52.2400016784668,70.43000030517578,70.66000366210938,129.3699951171875,42.33000183105469,127.44999694824219,237.6999969482422,54.31999969482422,123.72000122070312,112.1500015258789,81.83000183105469,78.8499984741211,55.88740539550781,54.36000061035156,55.47999954223633,6.105999946594238,33.965843200683594,149.42999267578125,57.709999084472656,75.02999877929688,61.47666549682617,39.470001220703125,247.89999389648438,50.70000076293945,122.05999755859375,54.540000915527344,39.45500183105469,28.149999618530273,83.27999877929688,82.27999877929688,107.25,13.3100004196167,177.94000244140625,202.88999938964844,24.049999237060547,30.68000030517578,52.7599983215332,70.87000274658203,70.77999877929688,129.41000366210938,42.63999938964844,128.02999877929688,240.07000732421875,55.220001220703125,124.98999786376953,112.54000091552734,82.54000091552734,80.11000061035156,56.60305404663086,54.939998626708984,56.470001220703125,6.2507500648498535,34.032257080078125,150.52000427246094,58.27000045776367,75.05999755859375,62.08333206176758,39.70000076293945,249.1699981689453,51.11000061035156,122.37999725341797,54.630001068115234,39.45500183105469,28.260000228881836,83.75,82.3499984741211,105.94999694824219,12.880000114440918,175.89999389648438,200.91000366210938,23.66699981689453,30.479999542236328,51.91999816894531,70.30000305175781,69.56999969482422,128.27000427246094,41.81999969482422,126.0,237.32000732421875,53.86000061035156,123.31999969482422,111.91999816894531,81.66999816894531,78.58999633789062,55.71564865112305,54.2400016784668,54.529998779296875,6.012249946594238,33.700191497802734,149.10000610351562,56.77000045776367,73.95999908447266,60.936668395996094,39.119998931884766,244.83999633789062,50.689998626708984,120.2300033569336,54.06999969482422,39.07500076293945,28.100000381469727,83.16000366210938,81.5199966430664,107.0,13.25,177.1199951171875,202.32000732421875,23.945999145507812,30.520000457763672,52.06999969482422,70.6500015258789,70.0,128.7899932861328,42.45000076293945,126.87999725341797,239.10000610351562,54.36000061035156,124.62000274658203,112.05000305175781,82.29000091552734,79.9800033569336,56.46946716308594,54.43000030517578,56.18000030517578,6.247000217437744,33.880455017089844,149.22000122070312,57.68000030517578,74.7699966430664,61.76333236694336,39.34000015258789,245.0,50.79999923706055,121.52999877929688,54.08000183105469,39.275001525878906,28.110000610351562,83.58999633789062,81.7300033569336,5797300,49714200,2557200,1089000,25720000,34983300,5440800,9798500,5440000,5081200,4461600,2573300,1951700,25367400,5558700,9441900,2505900,3866500,8882219,5901700,70858100,640624000,17802903,1140300,14286400,4641200,1473300,7902200,3040700,4675800,2992600,11491400,23026200,29647900,6406500,8822400
2018-05-22,75.54512786865234,12.979999542236328,139.90640258789062,188.1876220703125,19.11031723022461,25.54875946044922,38.99004364013672,54.303409576416016,53.80587387084961,90.76361846923828,29.599864959716797,91.35050964355469,198.9702606201172,46.2862663269043,98.40697479248047,90.85467529296875,73.76835632324219,61.321258544921875,43.621482849121094,43.108306884765625,57.571197509765625,6.003681659698486,23.419532775878906,113.74403381347656,46.70913314819336,58.67457962036133,57.158443450927734,32.617713928222656,214.77061462402344,37.09484100341797,87.75767517089844,44.35244369506836,27.487468719482422,24.33167839050293,72.5511474609375,57.0090446472168,106.2300033569336,12.979999542236328,178.36000061035156,202.5399932861328,23.849000930786133,30.889999389648438,52.34000015258789,71.08000183105469,70.12999725341797,128.22999572753906,41.79999923706055,123.76000213623047,238.0,54.45000076293945,122.91000366210938,113.01000213623047,82.22000122070312,78.48999786376953,55.77289962768555,54.880001068115234,59.029998779296875,6.067500114440918,33.88994216918945,150.8800048828125,57.38999938964844,73.7300033569336,61.81999969482422,39.63999938964844,245.17999267578125,51.060001373291016,120.1500015258789,55.2599983215332,38.93000030517578,28.34000015258789,83.12000274658203,81.63999938964844,107.23999786376953,13.140000343322754,179.57000732421875,203.6300048828125,24.136999130249023,31.139999389648438,52.81999969482422,71.69000244140625,71.70999908447266,130.38999938964844,42.88999938964844,127.95999908447266,240.6999969482422,55.04999923706055,124.23999786376953,114.29000091552734,82.88999938964844,80.36000061035156,56.431297302246094,55.400001525878906,60.5,6.144999980926514,34.24098587036133,152.25,58.36000061035156,75.25,62.290000915527344,39.790000915527344,248.0500030517578,51.56999969482422,122.68000030517578,55.650001525878906,39.709999084472656,28.5,83.55000305175781,82.6500015258789,106.0999984741211,12.710000038146973,176.50999450683594,201.5500030517578,23.757999420166016,30.540000915527344,52.20000076293945,70.51000213623047,69.94000244140625,128.10000610351562,41.560001373291016,123.08000183105469,237.97999572753906,54.04999923706055,122.76000213623047,112.29000091552734,81.80999755859375,78.25,55.725189208984375,54.45000076293945,58.29999923706055,6.006249904632568,33.861480712890625,149.24000549316406,57.06999969482422,73.38999938964844,61.61000061035156,39.45000076293945,243.83999633789062,50.75,119.66000366210938,54.439998626708984,38.81999969482422,28.170000076293945,82.98999786376953,81.3499984741211,106.55000305175781,13.0,176.7100067138672,202.99000549316406,24.02400016784668,30.600000381469727,52.279998779296875,70.79000091552734,70.7699966430664,129.08999633789062,42.540000915527344,127.30000305175781,238.6999969482422,54.72999954223633,123.80000305175781,112.3499984741211,82.13999938964844,79.16000366210938,56.08778762817383,54.459999084472656,59.04999923706055,6.119500160217285,33.965843200683594,149.6300048828125,57.90999984741211,75.0,62.0,39.470001220703125,248.0,50.849998474121094,121.86000061035156,54.630001068115234,39.45000076293945,28.170000076293945,83.44999694824219,82.44000244140625,9456800,43267000,2742700,463600,19218000,61103000,3782800,14147100,6079500,5444200,6311600,2397200,2551500,19009600,7172700,11507600,2620700,4111900,9357068,5930400,111262700,518264000,14477322,2035400,9432500,5881200,1496400,5752000,2644100,6224400,3253300,17398200,33166800,52841400,5770200,10753400
2018-05-23,75.09709930419922,13.100000381469727,141.14578247070312,186.01344299316406,19.27619171142578,25.17657470703125,39.10923767089844,53.66165542602539,53.03097152709961,91.09627532958984,29.876041412353516,90.77478790283203,198.81141662597656,46.93232345581055,98.83932495117188,90.43658447265625,74.18109130859375,61.61815643310547,44.15882110595703,42.69200134277344,58.48796844482422,6.127193450927734,23.583452224731445,112.87703704833984,47.87300109863281,58.45174026489258,57.46664047241211,32.62592697143555,213.96469116210938,37.00765609741211,88.41504669189453,45.09083938598633,27.48394203186035,24.17713165283203,72.78681945800781,57.36518478393555,105.5999984741211,13.100000381469727,179.94000244140625,200.1999969482422,24.055999755859375,30.440000534057617,52.5,70.23999786376953,69.12000274658203,128.6999969482422,42.189998626708984,122.9800033569336,237.80999755859375,55.209999084472656,123.44999694824219,112.48999786376953,82.68000030517578,78.87000274658203,56.459922790527344,54.349998474121094,59.970001220703125,6.188499927520752,34.12713623046875,149.72999572753906,58.81999969482422,73.44999694824219,62.1533317565918,39.650001525878906,244.25999450683594,50.939998626708984,121.05000305175781,56.18000030517578,38.92499923706055,28.15999984741211,83.38999938964844,82.1500015258789,106.31999969482422,13.180000305175781,179.99000549316406,200.1999969482422,24.062999725341797,30.760000228881836,52.630001068115234,70.69999694824219,69.87000274658203,128.7899932861328,42.22999954223633,124.22000122070312,237.8699951171875,55.22999954223633,123.97000122070312,112.7699966430664,82.91999816894531,78.93000030517578,56.76526641845703,54.61000061035156,60.0,6.1897501945495605,34.184059143066406,151.07000732421875,58.86000061035156,73.47000122070312,62.17333221435547,39.650001525878906,245.5,51.02000045776367,121.73999786376953,56.18000030517578,38.95500183105469,28.239999771118164,83.41999816894531,82.2300033569336,104.73999786376953,12.899999618530273,176.66000366210938,197.64999389648438,23.60300064086914,30.079999923706055,52.11000061035156,69.2300033569336,68.27999877929688,126.55000305175781,41.040000915527344,121.68000030517578,234.3800048828125,53.84000015258789,122.73999786376953,111.12000274658203,81.61000061035156,77.20999908447266,55.75381851196289,53.630001068115234,58.150001525878906,6.006249904632568,33.8045539855957,148.8800048828125,56.83000183105469,72.3499984741211,61.08333206176758,39.09000015258789,241.63999938964844,50.31999969482422,118.52999877929688,54.630001068115234,38.3849983215332,27.860000610351562,82.66999816894531,80.56999969482422,105.8499984741211,12.930000305175781,177.1199951171875,198.1199951171875,23.62299919128418,30.709999084472656,52.34000015258789,70.6500015258789,69.62000274658203,127.08999633789062,41.630001068115234,123.23999786376953,236.8800048828125,54.0,122.87000274658203,112.51000213623047,81.70999908447266,77.7699966430664,55.77289962768555,54.47999954223633,59.04999923706055,6.006999969482422,33.851993560791016,149.8800048828125,56.90999984741211,73.0,61.34000015258789,39.13999938964844,244.02999877929688,50.83000183105469,119.2699966430664,55.029998779296875,38.70500183105469,28.149999618530273,82.7699966430664,80.94999694824219,12816600,44517800,2242000,719300,23454000,73893100,5962200,13626700,6407500,6017200,6366500,4382900,3114000,20555400,4940800,11453900,2516900,4419300,10375619,6529700,64066800,442956000,20358642,1533600,11322500,5737200,1039200,4815400,3047800,5295500,3395800,23566100,33211600,44968500,8360500,15140900
2018-05-24,73.34768676757812,13.40999984741211,139.59271240234375,186.59878540039062,19.514177322387695,24.986343383789062,39.250770568847656,52.951148986816406,52.516929626464844,89.61695098876953,29.521957397460938,88.5604019165039,197.3819122314453,46.54129409790039,97.87855529785156,89.42359161376953,74.20801544189453,61.80563735961914,44.128963470458984,42.41706085205078,59.97041320800781,6.130906105041504,23.530990600585938,111.94982147216797,48.08460998535156,56.67713165283203,57.697792053222656,32.3132438659668,212.62448120117188,36.81149673461914,89.02127838134766,43.87889099121094,27.032054901123047,23.988258361816406,72.49876403808594,56.05237579345703,103.13999938964844,13.40999984741211,177.9600067138672,200.8300018310547,24.35300064086914,30.209999084472656,52.689998626708984,69.30999755859375,68.44999694824219,126.61000061035156,41.689998626708984,119.9800033569336,236.10000610351562,54.75,122.25,111.2300033569336,82.70999908447266,79.11000061035156,56.421756744384766,54.0,61.4900016784668,6.192249774932861,34.051231384277344,148.5,59.08000183105469,71.22000122070312,62.4033317565918,39.27000045776367,242.72999572753906,50.66999816894531,121.87999725341797,54.66999816894531,38.28499984741211,27.940000534057617,83.05999755859375,80.2699966430664,104.55000305175781,13.430000305175781,180.25999450683594,201.0800018310547,24.43600082397461,30.40999984741211,52.75,69.88999938964844,68.81999969482422,127.4000015258789,41.84000015258789,121.69999694824219,237.1699981689453,55.29999923706055,123.38999938964844,112.1500015258789,82.79000091552734,79.26000213623047,56.68893051147461,54.279998779296875,61.9900016784668,6.235000133514404,34.24098587036133,149.6199951171875,59.25,72.72000122070312,62.53666687011719,39.45000076293945,245.44000244140625,50.849998474121094,122.94000244140625,55.900001525878906,38.53499984741211,28.09000015258789,83.4800033569336,81.36000061035156,101.61000061035156,13.029999732971191,176.99000549316406,198.6300048828125,24.0,29.829999923706055,52.119998931884766,68.48999786376953,67.41000366210938,125.8499984741211,40.7599983215332,119.66999816894531,233.64999389648438,54.130001068115234,121.55000305175781,110.12000274658203,82.0999984741211,77.55000305175781,56.11641311645508,53.18000030517578,59.560001373291016,6.13100004196167,33.937381744384766,146.22000122070312,58.04999923706055,71.08999633789062,61.630001068115234,38.779998779296875,242.1999969482422,50.25,119.56999969482422,54.439998626708984,38.11000061035156,27.65999984741211,82.69000244140625,79.94999694824219,104.55000305175781,13.0600004196167,180.0,200.36000061035156,24.086000442504883,30.399999618530273,52.540000915527344,69.83999633789062,68.0,127.4000015258789,41.2400016784668,121.25,236.60000610351562,55.18000030517578,123.22000122070312,112.13999938964844,82.70999908447266,78.16999816894531,56.536258697509766,54.130001068115234,60.18000030517578,6.184750080108643,34.117645263671875,149.4600067138672,58.58000183105469,72.5999984741211,62.1966667175293,39.369998931884766,244.57000732421875,50.619998931884766,120.0999984741211,55.869998931884766,38.474998474121094,28.06999969482422,83.33999633789062,81.3499984741211,13164500,47785700,2386100,325300,22799000,62146200,4930400,16553700,6404900,5906200,6046300,3176200,2308700,19667100,6923600,14084800,2481800,6090000,7261382,6637300,74725000,437372000,17523066,1945900,12487200,8648500,1136100,7930800,2610400,5957600,3158300,24673400,38309600,43245200,7166500,13360500
2018-05-25,71.8827133178711,13.539999961853027,139.81228637695312,186.8496856689453,20.035024642944336,24.944982528686523,39.310367584228516,52.2864990234375,50.230587005615234,86.4883804321289,28.735939025878906,86.9217529296875,196.4705810546875,47.127845764160156,97.97533416748047,88.96533966064453,74.2618408203125,60.15719985961914,44.09911346435547,41.63941192626953,59.83388137817383,6.170262336730957,23.393312454223633,111.68595886230469,48.80083084106445,54.59210205078125,58.16315841674805,32.33794403076172,214.5691375732422,36.7170524597168,86.72050476074219,44.06349563598633,26.329519271850586,23.910980224609375,72.39404296875,54.96303176879883,101.08000183105469,13.539999961853027,178.24000549316406,201.10000610351562,25.003000259399414,30.15999984741211,52.77000045776367,68.44000244140625,65.47000122070312,122.19000244140625,40.58000183105469,117.76000213623047,235.00999450683594,55.439998626708984,121.47000122070312,110.66000366210938,82.7699966430664,77.0,56.38358688354492,53.0099983215332,61.349998474121094,6.23199987411499,33.851993560791016,148.14999389648438,59.959999084472656,68.5999984741211,62.90666580200195,39.29999923706055,244.9499969482422,50.540000915527344,118.7300033569336,54.900001525878906,37.290000915527344,27.850000381469727,82.94000244140625,78.70999908447266,103.13999938964844,13.720000267028809,179.0800018310547,201.25,25.06800079345703,30.190000534057617,53.0,68.93000030517578,66.86000061035156,124.76000213623047,40.720001220703125,117.94000244140625,236.1199951171875,55.5,122.80000305175781,111.08000183105469,83.47000122070312,77.97000122070312,56.73664093017578,53.83000183105469,62.099998474121094,6.248499870300293,34.07969665527344,148.58999633789062,60.0,69.9000015258789,62.996665954589844,39.4900016784668,245.5800018310547,50.65999984741211,120.45999908447266,54.9900016784668,37.65999984741211,27.899999618530273,83.45999908447266,79.33000183105469,99.55000305175781,13.359999656677246,177.60000610351562,198.8000030517578,24.40399932861328,29.8799991607666,52.540000915527344,68.20999908447266,64.44000244140625,121.22000122070312,39.59000015258789,115.30999755859375,234.27999877929688,54.540000915527344,121.12999725341797,110.19999694824219,82.58999633789062,75.93000030517578,56.14503860473633,52.720001220703125,60.61000061035156,6.169000148773193,33.71916580200195,147.49000549316406,58.810001373291016,68.02999877929688,62.29999923706055,38.93000030517578,242.44000244140625,50.349998474121094,117.6500015258789,54.529998779296875,36.91999816894531,27.719999313354492,82.80000305175781,78.08999633789062,102.29000091552734,13.399999618530273,177.9600067138672,199.4600067138672,24.40399932861328,30.010000228881836,52.810001373291016,68.93000030517578,66.80000305175781,124.54000091552734,40.470001220703125,117.44000244140625,235.0,54.79999923706055,121.55999755859375,110.45999908447266,82.79000091552734,77.9000015258789,56.431297302246094,53.65999984741211,60.849998474121094,6.204999923706055,33.98482131958008,148.02000427246094,58.849998474121094,69.80000305175781,62.400001525878906,39.099998474121094,242.9499969482422,50.40999984741211,120.4000015258789,54.599998474121094,37.61000061035156,27.809999465942383,83.08999633789062,79.27999877929688,25301700,43850100,1812000,309800,32214000,44166700,3735500,16008700,8315800,8936600,6948700,3935600,1985600,18550000,4594800,8283500,2338100,6419000,6985339,10152800,54715900,292112000,15005376,991800,11501500,10719800,1400700,5403000,1554900,4346000,3581600,17741900,64907000,39312500,6853300,14562000
2018-05-29,70.7377700805664,13.359999656677246,139.18478393554688,181.73944091796875,20.007787704467773,23.952478408813477,38.937896728515625,50.20084762573242,50.414730072021484,85.92213439941406,28.955459594726562,85.77766418457031,189.79925537109375,47.02583694458008,96.30570983886719,85.16265869140625,73.96577453613281,60.63377380371094,43.58415985107422,39.24364471435547,61.072486877441406,6.153183937072754,23.406423568725586,106.48424530029297,47.88798141479492,54.17033386230469,57.811824798583984,31.399892807006836,212.1339569091797,35.49654769897461,87.26101684570312,42.49839401245117,26.24831771850586,23.112524032592773,71.652099609375,54.76051712036133,99.47000122070312,13.359999656677246,177.44000244140625,195.60000610351562,24.9689998626709,28.959999084472656,52.27000045776367,65.70999908447266,65.70999908447266,121.38999938964844,40.88999938964844,116.20999908447266,227.02999877929688,55.31999969482422,119.4000015258789,105.93000030517578,82.44000244140625,77.61000061035156,55.725189208984375,49.959999084472656,62.619998931884766,6.214749813079834,33.870967864990234,141.25,58.22999954223633,68.06999969482422,62.526668548583984,38.15999984741211,242.1699981689453,48.86000061035156,119.47000122070312,52.95000076293945,37.17499923706055,26.920000076293945,82.08999633789062,78.41999816894531,101.58999633789062,13.630000114440918,178.3800048828125,198.5800018310547,25.111000061035156,29.799999237060547,52.619998931884766,67.5,65.81999969482422,122.43000030517578,40.93000030517578,117.62000274658203,232.47000122070312,55.810001373291016,120.80000305175781,109.19999694824219,82.62000274658203,78.83999633789062,56.1927490234375,52.31999969482422,63.97999954223633,6.2835001945495605,33.89942932128906,146.74000549316406,59.599998474121094,68.37000274658203,63.0533332824707,38.560001373291016,243.86000061035156,50.060001373291016,121.45999908447266,54.2599983215332,37.404998779296875,27.5,82.55000305175781,78.7300033569336,98.93000030517578,13.260000228881836,175.77000427246094,194.4600067138672,24.847000122070312,28.700000762939453,51.77000045776367,65.19999694824219,64.33999633789062,120.05999755859375,39.7599983215332,115.16000366210938,225.02000427246094,54.810001373291016,118.62000274658203,104.95999908447266,81.6500015258789,76.52999877929688,55.372135162353516,49.5099983215332,61.349998474121094,6.167500019073486,33.51043701171875,139.9600067138672,57.70000076293945,67.16999816894531,62.09333419799805,38.029998779296875,240.24000549316406,48.4900016784668,118.20999908447266,52.63999938964844,36.83000183105469,26.719999313354492,81.56999969482422,77.52999877929688,100.2699966430664,13.449999809265137,176.99000549316406,196.00999450683594,24.86400032043457,29.760000228881836,52.369998931884766,67.12000274658203,64.80000305175781,121.0999984741211,39.970001220703125,116.0999984741211,231.52000427246094,55.119998931884766,120.5,109.18000030517578,82.11000061035156,77.01000213623047,55.89694595336914,52.18000030517578,61.36000061035156,6.213749885559082,33.55787658691406,146.25999450683594,59.5,67.62999725341797,62.63999938964844,38.4900016784668,243.86000061035156,50.0099983215332,118.29000091552734,54.040000915527344,37.0,27.459999084472656,82.4000015258789,78.1500015258789,25494700,39578500,2382000,654000,28281000,135895000,7711400,37721400,6310100,7385700,5295400,3255200,5323600,24253500,9821900,30643800,3459300,6145500,9228269,26605100,75591900,352684000,28179639,3992300,14696300,8369200,1538400,7198200,2837800,11606400,3025600,31604000,38655000,126469700,18236800,14644800
2018-05-30,73.2552261352539,13.819999694824219,141.3811492919922,183.13311767578125,19.984548568725586,24.39083480834961,39.49658966064453,50.9419059753418,52.210025787353516,88.59060668945312,29.69192886352539,88.39801788330078,192.25741577148438,47.33185577392578,97.57203674316406,87.10820007324219,75.23979949951172,62.14938735961914,44.56929016113281,40.03699493408203,61.02372360229492,6.2620954513549805,23.63589859008789,108.79106140136719,48.019554138183594,55.292415618896484,58.18782424926758,31.547996520996094,214.5603790283203,36.20851516723633,89.2623062133789,43.5257453918457,27.04264259338379,23.53321647644043,72.72569274902344,56.91129684448242,103.01000213623047,13.819999694824219,180.24000549316406,197.10000610351562,24.940000534057617,29.489999771118164,53.02000045776367,66.68000030517578,68.05000305175781,125.16000366210938,41.93000030517578,119.76000213623047,229.16000366210938,55.68000030517578,120.97000122070312,108.3499984741211,83.86000061035156,79.55000305175781,56.98473358154297,50.970001220703125,62.56999969482422,6.324749946594238,34.20303726196289,144.30999755859375,58.38999938964844,69.4800033569336,62.93333435058594,38.34000015258789,244.94000244140625,49.84000015258789,122.20999908447266,54.22999954223633,38.29999923706055,27.40999984741211,83.31999969482422,81.5,103.16000366210938,13.949999809265137,181.77999877929688,198.64999389648438,25.202999114990234,29.600000381469727,53.45000076293945,66.87999725341797,68.73999786376953,125.66999816894531,42.29999923706055,120.22000122070312,229.6699981689453,56.20000076293945,121.58000183105469,108.5999984741211,84.0199966430664,80.47000122070312,57.06106948852539,51.20000076293945,64.66000366210938,6.333499908447266,34.39278793334961,144.9499969482422,58.650001525878906,69.83000183105469,63.4033317565918,38.400001525878906,245.75,49.959999084472656,123.02999877929688,54.439998626708984,38.470001220703125,27.520000457763672,83.51000213623047,81.66000366210938,100.83000183105469,13.479999542236328,178.00999450683594,196.11000061035156,24.933000564575195,29.15999984741211,52.47999954223633,66.1500015258789,66.16999816894531,122.33999633789062,41.18000030517578,117.16000366210938,226.27999877929688,55.619998931884766,119.54000091552734,106.6500015258789,82.91000366210938,77.95999908447266,55.83969497680664,50.09000015258789,60.91999816894531,6.223750114440918,34.06072235107422,142.4600067138672,57.65999984741211,68.44999694824219,62.62333297729492,38.06999969482422,242.6300048828125,49.06999969482422,120.05999755859375,53.380001068115234,37.47999954223633,27.110000610351562,82.55999755859375,79.22000122070312,101.86000061035156,13.479999542236328,178.2899932861328,197.0,25.118000030517578,29.290000915527344,52.47999954223633,66.55999755859375,66.33999633789062,122.6500015258789,41.18000030517578,117.54000091552734,228.94000244140625,55.88999938964844,120.12000274658203,107.63999938964844,82.91999816894531,78.7699966430664,55.963741302490234,50.70000076293945,63.70000076293945,6.24875020980835,34.108158111572266,143.05999755859375,58.40999984741211,68.72000122070312,62.866668701171875,38.29999923706055,243.74000549316406,49.34000015258789,120.69999694824219,53.65999984741211,37.494998931884766,27.18000030517578,82.6500015258789,79.25,31273400,58186400,3419200,583200,26844000,79435300,6455700,19040500,10273400,7125300,6170000,2894000,3348600,24711500,6423700,17490800,3475400,6100600,11572016,11542600,84737600,390996000,29093773,2387500,9146000,7710300,2143500,8413400,2071900,9303100,2996000,16416200,46044400,65843700,13167700,16627500
2018-05-31,70.36084747314453,13.729999542236328,140.89479064941406,182.71498107910156,20.19849395751953,24.116785049438477,39.19862747192383,50.94953918457031,51.70366668701172,87.98188781738281,29.43699836730957,86.95866394042969,189.505615234375,46.923828125,96.48316192626953,86.03092956542969,76.29851531982422,61.7431640625,44.42748260498047,39.38502883911133,56.166786193847656,6.24229097366333,23.55721664428711,108.11263275146484,47.79751205444336,54.6478157043457,57.76559066772461,31.844221115112305,211.55575561523438,36.3174934387207,88.52459716796875,43.33312225341797,26.837881088256836,23.335744857788086,71.93144226074219,56.72971725463867,98.94000244140625,13.729999542236328,179.6199951171875,196.64999389648438,25.207000732421875,29.040000915527344,52.619998931884766,66.69000244140625,67.38999938964844,124.30000305175781,41.56999969482422,117.80999755859375,225.8800048828125,55.20000076293945,119.62000274658203,107.01000213623047,85.04000091552734,79.02999877929688,56.803436279296875,50.13999938964844,57.59000015258789,6.304749965667725,34.08918380737305,143.41000366210938,58.119998931884766,68.66999816894531,62.47666549682617,38.70000076293945,241.50999450683594,49.9900016784668,121.19999694824219,53.9900016784668,38.0099983215332,27.18000030517578,82.41000366210938,81.23999786376953,101.0999984741211,13.930000305175781,180.9499969482422,198.86000061035156,25.52899932861328,29.260000228881836,53.18000030517578,66.94999694824219,68.33999633789062,124.81999969482422,42.310001373291016,120.22000122070312,228.11000061035156,55.86000061035156,121.25,108.19000244140625,85.11000061035156,82.69000244140625,57.13740539550781,50.779998779296875,60.25,6.380000114440918,34.34535217285156,144.67999267578125,58.56999969482422,69.31999969482422,63.116668701171875,38.86000061035156,244.75,50.09000015258789,124.7699966430664,54.380001068115234,38.46500015258789,27.389999389648438,83.2300033569336,81.55000305175781,98.5,13.6899995803833,178.3800048828125,194.80999755859375,24.899999618530273,28.829999923706055,52.459999084472656,65.75,66.94000244140625,123.45999908447266,41.33000183105469,117.7300033569336,224.08999633789062,55.060001373291016,119.54000091552734,106.41999816894531,83.68000030517578,79.02999877929688,56.593509674072266,49.900001525878906,57.16999816894531,6.281750202178955,34.051231384277344,142.6300048828125,57.7599983215332,68.25,62.37666702270508,38.290000915527344,240.67999267578125,49.25,120.91000366210938,53.79999923706055,37.93000030517578,27.100000381469727,82.37999725341797,80.69000244140625,100.93000030517578,13.739999771118164,180.30999755859375,198.3699951171875,24.926000595092773,29.200000762939453,53.13999938964844,66.55000305175781,67.58000183105469,124.08000183105469,41.56999969482422,118.8499984741211,227.33999633789062,55.66999816894531,120.91999816894531,107.94999694824219,83.87999725341797,79.4000015258789,56.89885330200195,50.70000076293945,59.22999954223633,6.292500019073486,34.108158111572266,143.88999938964844,58.0,69.08000183105469,62.83000183105469,38.33000183105469,244.2100067138672,49.66999816894531,121.86000061035156,54.209999084472656,38.02000045776367,27.350000381469727,83.16000366210938,80.80999755859375,18910900,46797700,5247200,785700,34698000,97509300,8862300,22633000,8508800,7460700,5413300,3544200,5334900,30962100,10337500,19808200,9526400,8272100,12786019,15150400,101882200,493868000,30926468,2839700,12813200,8419700,1606500,8129400,2966100,13759800,5480900,17515900,26517400,66686900,11543500,15803100
2018-06-01,69.72795104980469,14.399999618530273,143.99319458007812,187.8345947265625,20.540647506713867,24.415754318237305,39.578529357910156,51.40028762817383,52.3941764831543,87.66336822509766,29.316604614257812,87.35723114013672,191.577880859375,48.52196502685547,97.80595397949219,87.14842224121094,76.12803649902344,64.00102233886719,45.1961784362793,40.22551727294922,57.28837203979492,6.376696586608887,23.767024993896484,109.4017333984375,48.20048522949219,54.878597259521484,59.08160400390625,32.255653381347656,213.1675567626953,36.87689208984375,90.40904235839844,43.894954681396484,26.964981079101562,23.59331703186035,72.76063537597656,57.141727447509766,98.05000305175781,14.399999618530273,183.57000732421875,202.16000366210938,25.634000778198242,29.399999618530273,53.130001068115234,67.27999877929688,68.29000091552734,123.8499984741211,41.400001525878906,118.3499984741211,228.35000610351562,57.08000183105469,121.26000213623047,108.4000015258789,84.8499984741211,81.91999816894531,57.786258697509766,51.209999084472656,58.7400016784668,6.440499782562256,34.39278793334961,145.1199951171875,58.61000061035156,68.95999908447266,63.900001525878906,39.20000076293945,243.35000610351562,50.7599983215332,123.77999877929688,54.689998626708984,38.189998626708984,27.479999542236328,83.36000061035156,81.83000183105469,99.43000030517578,14.399999618530273,184.77000427246094,202.24000549316406,25.770000457763672,29.65999984741211,53.400001525878906,68.02999877929688,68.97000122070312,125.55000305175781,41.970001220703125,118.55999755859375,230.25,57.099998474121094,121.31999969482422,108.94000244140625,85.68000030517578,82.02999877929688,58.024810791015625,51.470001220703125,59.34000015258789,6.446750164031982,34.4212532043457,146.55999755859375,58.72999954223633,69.08000183105469,63.900001525878906,39.20000076293945,243.74000549316406,51.119998931884766,124.73999786376953,55.02000045776367,38.44499969482422,27.6299991607666,83.38999938964844,82.3499984741211,97.9000015258789,13.920000076293945,180.36000061035156,198.8000030517578,25.253999710083008,29.309999465942383,52.70000076293945,67.08000183105469,67.33999633789062,123.43000030517578,40.970001220703125,117.08999633789062,228.08999633789062,55.79999923706055,119.97000122070312,107.80000305175781,84.55999755859375,79.0,56.889312744140625,50.869998931884766,56.880001068115234,6.341249942779541,34.25996017456055,144.6300048828125,58.0099983215332,68.37000274658203,62.813331604003906,38.79999923706055,241.2899932861328,50.5,121.45999908447266,54.279998779296875,37.98500061035156,27.399999618530273,82.6500015258789,81.55000305175781,97.93000030517578,13.979999542236328,180.75,200.38999938964844,25.437000274658203,29.489999771118164,52.90999984741211,67.48999786376953,67.76000213623047,125.48999786376953,41.619998931884766,118.4800033569336,228.39999389648438,55.84000015258789,120.37999725341797,108.33999633789062,85.19999694824219,79.77999877929688,57.14694595336914,50.93000030517578,58.810001373291016,6.349999904632568,34.402278900146484,145.75,58.34000015258789,68.63999938964844,63.03666687011719,38.9900016784668,243.74000549316406,50.5,122.08000183105469,54.560001373291016,38.13999938964844,27.510000228881836,82.73999786376953,81.87000274658203,14837300,71677900,2892800,518000,26360000,64796600,6115800,14914400,7116200,5749900,4966900,2919400,3330900,31183200,5741000,13594200,4057700,6979800,11556925,10003900,74761500,421968000,22345011,1785900,8869700,6512800,1060500,5970000,2371400,10247200,2941900,14100200,28205000,62934300,8037800,9906100
2018-06-04,70.47465515136719,14.850000381469727,145.4600372314453,189.46983337402344,20.703311920166016,24.415754318237305,38.327049255371094,51.44612121582031,52.09494400024414,86.53791809082031,28.388954162597656,87.59346771240234,192.869873046875,48.3094367980957,98.36249542236328,87.18860626220703,76.32545471191406,64.00880432128906,46.285789489746094,40.492591857910156,57.639469146728516,6.555656433105469,23.89815330505371,110.47221374511719,48.282718658447266,54.966148376464844,59.550071716308594,32.88924789428711,214.28880310058594,36.9858512878418,90.89109802246094,44.007320404052734,26.731977462768555,23.670583724975586,73.03121185302734,56.541194915771484,99.0999984741211,14.850000381469727,185.44000244140625,203.9199981689453,25.836999893188477,29.399999618530273,51.45000076293945,67.33999633789062,67.9000015258789,122.26000213623047,40.09000015258789,118.66999816894531,229.88999938964844,56.83000183105469,121.94999694824219,108.44999694824219,85.06999969482422,81.93000030517578,59.17938995361328,51.54999923706055,59.099998474121094,6.621250152587891,34.582542419433594,146.5399932861328,58.709999084472656,69.06999969482422,64.40666961669922,39.970001220703125,244.6300048828125,50.90999984741211,124.44000244140625,54.83000183105469,37.86000061035156,27.56999969482422,83.66999816894531,80.97000122070312,99.45999908447266,14.979999542236328,185.97000122070312,204.14999389648438,25.93600082397461,29.59000015258789,52.400001525878906,67.7699966430664,69.4000015258789,125.41000366210938,42.20000076293945,121.05000305175781,231.14999389648438,57.599998474121094,122.37000274658203,109.26000213623047,85.5199966430664,83.33000183105469,59.66603088378906,51.72999954223633,59.15999984741211,6.643499851226807,34.68690872192383,146.80999755859375,58.869998931884766,69.48999786376953,64.4800033569336,40.0,245.24000549316406,51.130001068115234,126.9800033569336,55.16999816894531,38.599998474121094,27.670000076293945,83.79000091552734,82.52999877929688,97.62000274658203,14.520000457763672,182.8300018310547,202.33999633789062,25.62299919128418,29.329999923706055,49.970001220703125,67.0,67.5999984741211,122.16999816894531,39.95000076293945,117.79000091552734,228.9499969482422,56.779998779296875,121.0199966430664,108.2699966430664,84.36000061035156,81.55000305175781,58.377864837646484,51.43000030517578,56.619998931884766,6.442500114440918,34.37381362915039,145.27000427246094,57.95000076293945,68.68000030517578,63.82666778564453,39.66999816894531,242.74000549316406,50.70000076293945,124.25,54.599998474121094,37.7599983215332,27.520000457763672,83.19000244140625,80.80999755859375,98.4800033569336,14.760000228881836,183.17999267578125,203.55999755859375,25.799999237060547,29.549999237060547,52.33000183105469,67.44000244140625,68.94999694824219,124.52999877929688,41.900001525878906,120.05999755859375,230.35000610351562,57.0099983215332,121.8499984741211,108.98999786376953,84.6500015258789,82.30000305175781,58.73091506958008,51.56999969482422,57.43000030517578,6.474999904632568,34.544593811035156,145.72999572753906,58.619998931884766,69.16000366210938,64.06999969482422,39.849998474121094,244.0,50.970001220703125,124.62999725341797,54.790000915527344,38.31999969482422,27.610000610351562,83.45999908447266,82.05000305175781,10922500,74546000,2298800,441300,25886000,43777000,15081900,10468900,5599200,5760500,7568900,3756500,2133600,22538100,4853000,9415400,4263100,6655300,20410534,5523800,64350500,642024000,19015319,1638600,9696700,8104200,1170900,8927200,2188900,4431600,3792000,10593700,27378400,44196900,7230800,10954700
2018-06-05,70.5741958618164,14.850000381469727,142.54989624023438,194.48716735839844,20.77463150024414,24.183223724365234,38.67716979980469,51.00303649902344,51.83409881591797,86.87061309814453,27.843698501586914,86.05078125,191.56948852539062,48.05441665649414,97.98338317871094,86.6982192993164,76.10111999511719,62.758792877197266,45.81561279296875,39.887752532958984,57.941810607910156,6.561102867126465,23.891597747802734,109.60527038574219,48.50476837158203,54.877960205078125,59.8336067199707,32.53541946411133,214.1136474609375,37.211082458496094,90.0803451538086,43.74243927001953,26.668424606323242,23.56755828857422,72.88282775878906,56.338661193847656,99.23999786376953,14.850000381469727,181.72999572753906,209.32000732421875,25.926000595092773,29.1200008392334,51.91999816894531,66.76000213623047,67.55999755859375,122.7300033569336,39.31999969482422,116.58000183105469,228.33999633789062,56.529998779296875,121.4800033569336,107.83999633789062,84.81999969482422,80.33000183105469,58.578243255615234,50.779998779296875,59.40999984741211,6.6267499923706055,34.573055267333984,145.38999938964844,58.97999954223633,68.45999908447266,64.71333312988281,39.540000915527344,244.42999267578125,51.220001220703125,123.33000183105469,54.5,37.77000045776367,27.450000762939453,83.5,80.68000030517578,100.33999633789062,14.920000076293945,184.7100067138672,209.83999633789062,26.135000228881836,29.34000015258789,52.18000030517578,67.08999633789062,68.55999755859375,123.70999908447266,39.959999084472656,118.23999786376953,229.33999633789062,57.119998931884766,122.55999755859375,108.30999755859375,85.69999694824219,82.19999694824219,59.475189208984375,51.5,60.13999938964844,6.664750099182129,34.76280975341797,146.38999938964844,59.599998474121094,68.86000061035156,64.88666534423828,39.86000061035156,245.11000061035156,51.40999984741211,124.43000030517578,54.93000030517578,38.060001373291016,27.520000457763672,83.87999725341797,81.6500015258789,98.76000213623047,14.630000114440918,179.7899932861328,207.47000122070312,25.804000854492188,29.059999465942383,51.27000045776367,66.45999908447266,67.5199966430664,121.55000305175781,38.470001220703125,114.80000305175781,227.2899932861328,56.220001220703125,120.9000015258789,107.06999969482422,84.54000091552734,79.7300033569336,58.26335906982422,50.66999816894531,58.83000183105469,6.579249858856201,34.47817611694336,144.8000030517578,58.7599983215332,67.9000015258789,64.33333587646484,39.400001525878906,241.91000366210938,50.61000061035156,122.73999786376953,54.290000915527344,37.59000015258789,27.309999465942383,83.0999984741211,80.41000366210938,99.11000061035156,14.850000381469727,182.8000030517578,208.6300048828125,25.945999145507812,29.309999465942383,51.400001525878906,67.08000183105469,67.72000122070312,122.01000213623047,39.63999938964844,118.0199966430664,228.94000244140625,56.900001525878906,122.05000305175781,108.23999786376953,85.25,81.9000015258789,59.16030502319336,51.27000045776367,59.79999923706055,6.624499797821045,34.639469146728516,146.0,58.86000061035156,68.48999786376953,64.57666778564453,39.70000076293945,245.08999633789062,50.81999969482422,124.18000030517578,54.61000061035156,37.67499923706055,27.479999542236328,83.69999694824219,80.58999633789062,10199000,56122700,3980800,611000,42374000,47690800,8081600,14072700,6333100,5672600,10997700,4158700,1986200,21687000,5125400,10415200,3667600,4851800,13098218,9136000,41711300,391712000,21476093,1291500,6562700,7058000,641400,6345900,1531900,7965800,3392500,11883900,27415800,44996800,5444400,12059300
2018-06-06,71.10047149658203,15.670000076293945,143.97747802734375,198.47317504882812,21.11598777770996,24.94725227355957,39.422096252441406,52.126068115234375,52.07960510253906,87.3306884765625,29.394502639770508,85.72599029541016,194.83302307128906,48.47945022583008,99.0400161743164,88.72415161132812,77.0970458984375,61.53220748901367,46.21862030029297,40.77537536621094,57.951560974121094,6.563081741333008,23.85226058959961,111.30146026611328,49.212032318115234,55.22265625,60.21269607543945,32.5518684387207,217.81021118164062,37.61064529418945,88.52459716796875,44.60927200317383,26.79551887512207,23.99683380126953,73.70330810546875,57.302330017089844,99.9800033569336,15.670000076293945,183.5500030517578,213.61000061035156,26.351999282836914,30.040000915527344,52.91999816894531,68.2300033569336,67.87999725341797,123.37999725341797,41.5099983215332,116.13999938964844,232.22999572753906,57.029998779296875,122.79000091552734,110.36000061035156,85.93000030517578,78.76000213623047,59.093509674072266,51.90999984741211,59.41999816894531,6.628749847412109,34.51612854003906,147.63999938964844,59.84000015258789,68.88999938964844,65.12333679199219,39.560001373291016,248.64999389648438,51.77000045776367,121.19999694824219,55.58000183105469,37.95000076293945,27.950000762939453,84.44000244140625,82.05999755859375,99.98999786376953,15.739999771118164,184.14999389648438,213.80999755859375,26.378000259399414,30.049999237060547,52.970001220703125,68.41999816894531,68.41999816894531,123.69000244140625,42.459999084472656,117.41000366210938,232.5800018310547,57.060001373291016,122.79000091552734,110.73999786376953,85.93000030517578,80.1500015258789,59.10305404663086,52.08000183105469,59.59000015258789,6.631999969482422,34.69639587402344,148.1699981689453,59.849998474121094,69.05999755859375,65.12333679199219,39.93000030517578,248.72000122070312,51.90999984741211,123.47000122070312,55.630001068115234,38.04999923706055,27.969999313354492,84.52999877929688,82.08999633789062,98.31999969482422,15.039999961853027,180.8699951171875,209.19000244140625,25.97100067138672,29.280000686645508,51.68000030517578,67.0999984741211,67.30999755859375,122.05999755859375,41.349998474121094,114.86000061035156,229.36000061035156,56.08000183105469,121.45999908447266,108.4800033569336,84.66000366210938,77.55000305175781,58.41603088378906,50.880001068115234,58.29999923706055,6.51924991607666,34.33586120605469,145.50999450683594,59.11000061035156,68.06999969482422,64.4433364868164,39.560001373291016,245.1300048828125,51.16999816894531,119.94000244140625,54.65999984741211,37.6150016784668,27.579999923706055,83.44999694824219,80.87000274658203,99.25,15.069999694824219,182.00999450683594,210.10000610351562,26.073999404907227,29.290000915527344,52.0099983215332,67.20999908447266,67.70999908447266,123.12000274658203,42.0,116.30000305175781,229.85000610351562,56.529998779296875,121.97000122070312,108.66000366210938,84.87999725341797,80.05000305175781,58.6927490234375,50.91999816894531,59.2599983215332,6.535749912261963,34.53510284423828,145.6699981689453,59.2599983215332,68.83000183105469,64.79000091552734,39.849998474121094,246.32000732421875,51.38999938964844,123.0,54.720001220703125,37.90999984741211,27.610000610351562,83.79000091552734,81.4800033569336,4933500,97089000,2213100,569900,37465000,74995800,7211800,14862400,6412200,6213400,11933500,4361100,2566400,22955400,6799300,15453600,2720100,6320300,7912190,7945800,36749000,371356000,19368093,2258500,6236700,6387900,1268100,9829700,2650300,7219400,3554200,15848200,26958400,61960000,7218900,11603300
2018-06-07,70.63109588623047,14.890000343322754,143.78143310546875,192.85189819335938,21.20893669128418,24.9887752532959,39.19862747192383,52.29413604736328,53.30717468261719,89.86467742919922,29.706079483032227,87.04722595214844,195.85659790039062,47.50187683105469,99.4755859375,89.07792663574219,77.05217742919922,61.8369255065918,46.26339340209961,40.95602798461914,58.156368255615234,6.507390975952148,23.92438507080078,111.58040618896484,49.869930267333984,55.791778564453125,59.676429748535156,32.518959045410156,218.09933471679688,37.654232025146484,88.73641204833984,44.649391174316406,27.20151710510254,24.074108123779297,73.79930877685547,57.87495040893555,99.31999969482422,14.890000343322754,183.3000030517578,207.55999755859375,26.468000411987305,30.09000015258789,52.619998931884766,68.44999694824219,69.4800033569336,126.95999908447266,41.95000076293945,117.93000030517578,233.4499969482422,55.880001068115234,123.33000183105469,110.80000305175781,85.87999725341797,79.1500015258789,59.15076446533203,52.13999938964844,59.630001068115234,6.572500228881836,34.6204948425293,148.00999450683594,60.63999938964844,69.5999984741211,64.5433349609375,39.52000045776367,248.97999572753906,51.83000183105469,121.48999786376953,55.630001068115234,38.525001525878906,28.040000915527344,84.55000305175781,82.87999725341797,100.33000183105469,15.970000267028809,184.0500030517578,211.3300018310547,26.648000717163086,30.309999465942383,53.09000015258789,69.0,69.68000030517578,127.9800033569336,42.529998779296875,119.2699966430664,235.9199981689453,57.0,123.48999786376953,111.5,86.31999969482422,79.61000061035156,59.1984748840332,52.720001220703125,60.27000045776367,6.63700008392334,34.715370178222656,149.49000549316406,62.650001525878906,70.29000091552734,65.26000213623047,39.939998626708984,250.0,52.189998626708984,122.62000274658203,55.9900016784668,38.744998931884766,28.18000030517578,84.7699966430664,83.29000091552734,98.87000274658203,14.850000381469727,182.50999450683594,205.91000366210938,26.29199981689453,29.889999389648438,52.400001525878906,67.97000122070312,68.26000213623047,124.41000366210938,41.63999938964844,116.62000274658203,232.5399932861328,55.619998931884766,122.2699966430664,110.02999877929688,85.31999969482422,78.3499984741211,58.6927490234375,51.86000061035156,58.560001373291016,6.481249809265137,34.50664138793945,147.35000610351562,60.220001220703125,69.12999725341797,64.08000183105469,39.459999084472656,248.25,51.560001373291016,120.80000305175781,55.25,38.13999938964844,27.850000381469727,84.13999938964844,82.55999755859375,100.25,15.829999923706055,183.47000122070312,211.0500030517578,26.299999237060547,30.200000762939453,52.95000076293945,68.93000030517578,68.5,124.54000091552734,41.63999938964844,117.41999816894531,233.88999938964844,56.91999816894531,123.0,111.18000030517578,86.19999694824219,79.5199966430664,59.16030502319336,52.2599983215332,59.849998474121094,6.625,34.6204948425293,148.3800048828125,62.0,69.37000274658203,65.1866683959961,39.560001373291016,249.75999450683594,51.939998626708984,121.73999786376953,55.77000045776367,38.150001525878906,28.06999969482422,84.69000244140625,82.7300033569336,5092500,99860300,2729600,923400,46077000,68402700,5723800,16505300,7693500,8607200,6088900,3737100,2905000,27596100,7414100,13444400,3123600,4197600,7910933,8477600,42264700,369448000,17083337,2173100,14786100,8330600,2082900,8216900,2117200,6164000,2329400,17299600,30357800,65166100,7405600,13502500
2018-06-08,71.42047119140625,15.25,144.56576538085938,192.74966430664062,20.671260833740234,24.922334671020508,39.60089111328125,52.309425354003906,53.268829345703125,89.49662017822266,29.85479164123535,86.85530853271484,195.80625915527344,46.79631042480469,100.06438446044922,89.3271255493164,77.2315902709961,61.7119140625,46.7037239074707,40.77537536621094,59.87287902832031,6.4920430183410645,24.042400360107422,112.21370697021484,49.55742645263672,55.65549850463867,59.143245697021484,32.033485412597656,219.5884246826172,37.814064025878906,87.44361877441406,44.68954086303711,27.148557662963867,24.108455657958984,74.22700500488281,58.377708435058594,100.43000030517578,15.25,184.3000030517578,207.4499969482422,25.797000885009766,30.010000228881836,53.15999984741211,68.47000122070312,69.43000030517578,126.44000244140625,42.15999984741211,117.66999816894531,233.38999938964844,55.04999923706055,124.05999755859375,111.11000061035156,86.08000183105469,78.98999786376953,59.713741302490234,51.90999984741211,61.38999938964844,6.557000160217285,34.7912712097168,148.85000610351562,60.2599983215332,69.43000030517578,63.96666717529297,38.93000030517578,250.67999267578125,52.04999923706055,119.72000122070312,55.68000030517578,38.45000076293945,28.079999923706055,85.04000091552734,83.5999984741211,100.5,15.329999923706055,185.64999389648438,208.27999877929688,25.993000030517578,30.049999237060547,53.220001220703125,68.5199966430664,70.37000274658203,127.37999725341797,42.25,118.72000122070312,234.27000427246094,55.70000076293945,124.8499984741211,111.13999938964844,86.41999816894531,79.33999633789062,59.78053283691406,52.18000030517578,61.599998474121094,6.599999904632568,34.8292236328125,149.19000244140625,60.619998931884766,70.08999633789062,64.08999633789062,39.15999984741211,251.5,52.08000183105469,121.6500015258789,55.77000045776367,38.67499923706055,28.110000610351562,85.0999984741211,83.66000366210938,99.0,14.3100004196167,183.60000610351562,205.2899932861328,25.374000549316406,29.809999465942383,52.59000015258789,67.7699966430664,68.93000030517578,125.68000030517578,41.47999954223633,116.6500015258789,232.35000610351562,54.65999984741211,123.33000183105469,110.05999755859375,85.43000030517578,78.02999877929688,59.13167953491211,51.56999969482422,58.220001220703125,6.480000019073486,34.582542419433594,146.97000122070312,59.810001373291016,68.97000122070312,63.45333480834961,38.52000045776367,248.07000732421875,51.59000015258789,119.20999908447266,54.97999954223633,38.209999084472656,27.860000610351562,84.37999725341797,82.5,99.27999877929688,14.520000457763672,183.88999938964844,207.39999389648438,25.673999786376953,30.010000228881836,52.619998931884766,68.12999725341797,69.9800033569336,127.12000274658203,41.7400016784668,118.16000366210938,233.0,55.560001373291016,123.36000061035156,110.62000274658203,85.83000183105469,78.83999633789062,59.16984558105469,52.11000061035156,58.630001068115234,6.499000072479248,34.658443450927734,147.92999267578125,60.25,69.9000015258789,63.80666732788086,39.15999984741211,249.4600067138672,51.65999984741211,121.5199966430664,55.560001373291016,38.56999969482422,28.010000228881836,84.5199966430664,83.11000061035156,4012900,81930500,2865000,837500,73694000,49572900,4687500,11609500,6656100,5108800,5371900,2413500,2253100,30822900,6208100,10383200,3172300,4058800,10142754,6412900,57144900,360456000,16453783,1520300,7035300,5125200,2429700,8081300,3034600,4811300,3743600,12965900,22473200,47713400,6247100,14350400
2018-06-11,70.95111083984375,15.729999542236328,144.80897521972656,194.9889373779297,20.900436401367188,24.96385955810547,39.57109832763672,52.034393310546875,54.08208465576172,90.28936767578125,29.932680130004883,87.10628509521484,196.3935089111328,46.34577178955078,98.93518829345703,89.10202026367188,77.0342025756836,60.758750915527344,46.51713562011719,40.67324447631836,59.87287902832031,6.450954914093018,23.79979705810547,110.84158325195312,49.28604507446289,56.00823211669922,59.02920150756836,31.893596649169922,222.303955078125,37.378177642822266,88.06443786621094,44.5530891418457,27.289766311645508,24.05693817138672,74.36665344238281,58.028564453125,99.7699966430664,15.729999542236328,184.61000061035156,209.86000061035156,26.08300018310547,30.059999465942383,53.119998931884766,68.11000061035156,70.48999786376953,127.55999755859375,42.27000045776367,118.01000213623047,234.08999633789062,54.52000045776367,122.66000366210938,110.83000183105469,85.86000061035156,77.7699966430664,59.475189208984375,51.779998779296875,61.38999938964844,6.515500068664551,34.44022750854492,147.02999877929688,59.93000030517578,69.87000274658203,63.84333419799805,38.7599983215332,253.77999877929688,51.45000076293945,120.56999969482422,55.5099983215332,38.650001525878906,28.020000457763672,85.19999694824219,83.0999984741211,101.08000183105469,15.890000343322754,184.82000732421875,210.75999450683594,26.18000030517578,30.40999984741211,53.5,69.16999816894531,70.98999786376953,128.19000244140625,42.630001068115234,118.69000244140625,235.16000366210938,55.09000015258789,124.33999633789062,111.91000366210938,86.77999877929688,78.94000244140625,59.98091506958008,52.439998626708984,62.54999923706055,6.586249828338623,34.91461181640625,149.3000030517578,60.41999816894531,70.44000244140625,64.16666412353516,39.150001525878906,254.99000549316406,52.22999954223633,121.06999969482422,56.11000061035156,38.82500076293945,28.270000457763672,85.61000061035156,83.79000091552734,99.41000366210938,15.010000228881836,182.92999267578125,209.22999572753906,25.631999969482422,30.059999465942383,52.86000061035156,68.06999969482422,69.5199966430664,125.86000061035156,41.86000061035156,116.5,233.58999633789062,54.2599983215332,122.55000305175781,110.7699966430664,85.80999755859375,76.83999633789062,59.23664093017578,51.77000045776367,61.06999969482422,6.502500057220459,34.4212532043457,146.8699951171875,59.81999969482422,69.11000061035156,63.633331298828125,38.7599983215332,250.39999389648438,51.41999816894531,118.4800033569336,55.5,38.36000061035156,28.020000457763672,84.8499984741211,82.93000030517578,100.55999755859375,15.210000038146973,184.13999938964844,209.75999450683594,25.785999298095703,30.1299991607666,53.29999923706055,68.91999816894531,69.95999908447266,126.7699966430664,42.220001220703125,117.95999908447266,234.6199951171875,54.79999923706055,124.2699966430664,111.12000274658203,86.30999755859375,78.94000244140625,59.89503860473633,52.20000076293945,61.709999084472656,6.544250011444092,34.91461181640625,149.02000427246094,60.16999816894531,69.4800033569336,63.869998931884766,39.0,250.83999633789062,52.20000076293945,119.80999755859375,55.790000915527344,38.439998626708984,28.170000076293945,85.05000305175781,83.72000122070312,5770100,80737600,2409400,528100,31859000,46732800,4927200,13941500,6237300,6085100,6910400,2374900,1936800,25752400,5571400,12642900,3506900,5268200,7542666,6810400,42251500,265372000,19505640,1512800,7369500,6970700,1277700,4511600,2775200,5942000,3279200,13518400,21435600,47319600,7074400,10831600
2018-06-12,70.33950805664062,15.850000381469727,145.16978454589844,194.50576782226562,20.94851303100586,24.830982208251953,39.578529357910156,51.652400970458984,53.268829345703125,89.94961547851562,29.69192886352539,87.44583129882812,195.1686248779297,46.60080337524414,98.83836364746094,88.58749389648438,76.70225524902344,58.954044342041016,46.5992317199707,40.311927795410156,59.05363845825195,6.499468803405762,23.79979705810547,110.96224212646484,49.17091369628906,54.99018096923828,59.334327697753906,32.255653381347656,222.1287384033203,37.21834182739258,86.20193481445312,44.44874572753906,27.08148193359375,23.99683380126953,74.32303619384766,57.55372619628906,98.91000366210938,15.850000381469727,185.07000732421875,209.33999633789062,26.14299964904785,29.899999618530273,53.130001068115234,67.61000061035156,69.43000030517578,127.08000183105469,41.93000030517578,118.47000122070312,232.6300048828125,54.81999969482422,122.54000091552734,110.19000244140625,85.48999786376953,75.45999908447266,59.58015441894531,51.31999969482422,60.54999923706055,6.564499855041504,34.44022750854492,147.19000244140625,59.790000915527344,68.5999984741211,64.17333221435547,39.20000076293945,253.5800018310547,51.22999954223633,118.0199966430664,55.380001068115234,38.35499954223633,27.950000762939453,85.1500015258789,82.41999816894531,100.12000274658203,15.949999809265137,185.1199951171875,210.16000366210938,26.17300033569336,30.270000457763672,53.36000061035156,68.56999969482422,70.31999969482422,128.3800048828125,42.900001525878906,119.11000061035156,235.22999572753906,55.029998779296875,123.18000030517578,111.52999877929688,86.0199966430664,78.30999755859375,59.742366790771484,52.119998931884766,61.849998474121094,6.576749801635742,34.53510284423828,148.75,60.380001068115234,70.47000122070312,64.21666717529297,39.36000061035156,253.94000244140625,51.689998626708984,121.4800033569336,55.95000076293945,38.7400016784668,28.170000076293945,85.29000091552734,83.75,98.73999786376953,15.430000305175781,183.41000366210938,207.3300018310547,25.84000015258789,29.75,52.97999954223633,67.44000244140625,69.12999725341797,126.33000183105469,41.86000061035156,117.30999755859375,231.86000061035156,54.220001220703125,121.94999694824219,109.5199966430664,85.44999694824219,75.22000122070312,59.16984558105469,50.95000076293945,59.939998626708984,6.491499900817871,34.29791259765625,146.4199981689453,59.54999923706055,68.08000183105469,63.599998474121094,38.97999954223633,250.1699981689453,51.029998779296875,117.58000183105469,55.09000015258789,38.25,27.809999465942383,84.7699966430664,82.31999969482422,99.80000305175781,15.84000015258789,184.27000427246094,208.67999267578125,26.033000946044922,30.170000076293945,53.13999938964844,68.26000213623047,70.06999969482422,127.63999938964844,42.130001068115234,117.91000366210938,234.1199951171875,54.869998931884766,123.16000366210938,111.13999938964844,85.76000213623047,77.88999938964844,59.51335906982422,51.880001068115234,61.84000015258789,6.542250156402588,34.52561569213867,147.80999755859375,60.11000061035156,70.0,64.00666809082031,39.130001068115234,253.1999969482422,51.45000076293945,120.66999816894531,55.63999938964844,38.650001525878906,28.100000381469727,85.29000091552734,83.11000061035156,8060400,67002600,2045300,363900,27594000,49644600,8287300,13737100,8329000,4543000,7041500,3396800,2080000,23294900,5227300,15294100,3016900,7553200,8308230,8953300,43633300,319160000,16371887,1581200,7153500,9664000,932400,6582600,2567200,5159200,4422600,13608300,31414400,55517200,6829200,12351800
2018-06-13,69.39369201660156,16.31999969482422,144.0794677734375,198.60324096679688,21.12079429626465,24.78116226196289,39.82435989379883,51.40793228149414,53.41458511352539,89.94249725341797,30.159286499023438,87.283447265625,196.17539978027344,46.77931213378906,98.91096496582031,88.41063690185547,76.90862274169922,58.500919342041016,46.7111701965332,40.5318603515625,58.56599044799805,6.49501371383667,23.74735450744629,109.76358795166016,48.7021484375,54.48517608642578,59.24494171142578,32.132225036621094,221.50677490234375,37.10936737060547,86.09965515136719,44.27217483520508,26.979101181030273,23.910980224609375,74.34048461914062,56.91825485229492,97.58000183105469,16.31999969482422,183.67999267578125,213.75,26.357999801635742,29.84000015258789,53.459999084472656,67.29000091552734,69.62000274658203,127.06999969482422,42.59000015258789,118.25,233.8300018310547,55.029998779296875,122.62999725341797,109.97000122070312,85.72000122070312,74.87999725341797,59.72328186035156,51.599998474121094,60.04999923706055,6.559999942779541,34.36432647705078,145.60000610351562,59.220001220703125,67.97000122070312,64.07666778564453,39.04999923706055,252.8699951171875,51.08000183105469,117.87999725341797,55.15999984741211,38.209999084472656,27.850000381469727,85.16999816894531,81.51000213623047,99.2300033569336,16.520000457763672,186.57000732421875,215.50999450683594,26.60700035095215,30.360000610351562,54.29999923706055,68.41000366210938,69.93000030517578,127.81999969482422,42.9900016784668,119.7300033569336,238.22999572753906,55.70000076293945,124.08999633789062,111.44999694824219,86.37999725341797,75.79000091552734,60.07633590698242,52.36000061035156,61.27000045776367,6.641749858856201,34.639469146728516,148.17999267578125,60.22999954223633,68.75,64.75666809082031,39.88999938964844,256.7300109863281,51.70000076293945,118.66000366210938,55.93000030517578,38.435001373291016,28.18000030517578,85.72000122070312,82.5999984741211,97.51000213623047,15.779999732971191,183.4499969482422,212.61000061035156,26.070999145507812,29.700000762939453,53.2400016784668,67.22000122070312,68.66999816894531,126.08999633789062,41.58000183105469,117.7699966430664,233.10000610351562,54.90999984741211,122.45999908447266,109.58000183105469,85.5999984741211,74.44000244140625,59.4942741394043,51.27000045776367,60.02000045776367,6.550749778747559,34.34535217285156,145.1199951171875,59.119998931884766,67.43000030517578,64.00666809082031,39.04999923706055,252.47999572753906,50.880001068115234,115.5999984741211,55.13999938964844,38.05500030517578,27.81999969482422,85.05999755859375,81.47000122070312,98.91999816894531,15.8100004196167,185.36000061035156,213.32000732421875,26.176000595092773,29.979999542236328,53.349998474121094,67.81999969482422,69.3499984741211,126.80999755859375,41.65999984741211,118.48999786376953,233.64999389648438,54.97999954223633,123.1500015258789,110.45999908447266,85.76000213623047,75.61000061035156,59.70419692993164,51.47999954223633,60.29999923706055,6.565999984741211,34.50664138793945,147.63999938964844,59.66999816894531,67.76000213623047,64.21333312988281,39.72999954223633,254.13999938964844,51.22999954223633,117.94000244140625,55.38999938964844,38.23500061035156,27.959999084472656,85.30000305175781,82.44000244140625,7816200,90227300,2243900,998900,34868000,68900200,7313300,17531500,6741100,6317900,6242700,2364900,3637400,22631400,5836900,14979700,3052100,4645600,9873732,7981400,33281400,338208000,16029232,2649900,9676300,7161000,9156900,9616600,3138300,7445800,5546200,14901100,25004200,61095800,10379200,12049300
2018-06-14,70.22574615478516,16.25,145.7345428466797,200.5916290283203,21.5118350982666,24.498802185058594,39.95101547241211,50.544639587402344,52.27141571044922,89.54615783691406,29.59170913696289,86.75198364257812,196.02438354492188,47.21284866333008,98.73350524902344,86.85094451904297,77.4738540649414,58.743106842041016,46.297550201416016,40.30406188964844,57.71750259399414,6.606646537780762,23.708019256591797,106.92904663085938,48.8995246887207,54.77375793457031,59.59937286376953,31.76193618774414,223.66171264648438,37.00039291381836,85.32545471191406,43.93507385253906,26.940269470214844,23.68775749206543,74.72454071044922,57.183616638183594,98.75,16.25,185.7899932861328,215.88999938964844,26.84600067138672,29.5,53.630001068115234,66.16000366210938,68.12999725341797,126.51000213623047,41.709999084472656,117.52999877929688,233.64999389648438,55.540000915527344,122.41000366210938,108.02999877929688,86.3499984741211,75.19000244140625,58.74045944213867,51.310001373291016,59.18000030517578,6.672749996185303,34.30739974975586,141.83999633789062,59.459999084472656,68.33000183105469,64.45999908447266,38.599998474121094,255.3300018310547,50.93000030517578,116.81999969482422,54.7400016784668,38.154998779296875,27.59000015258789,85.61000061035156,81.88999938964844,98.91999816894531,16.790000915527344,186.07000732421875,216.89999389648438,26.906999588012695,30.049999237060547,53.86000061035156,67.61000061035156,70.0199966430664,127.95999908447266,43.11000061035156,119.48999786376953,235.88999938964844,55.86000061035156,123.1500015258789,110.36000061035156,86.45999908447266,76.19000244140625,59.52289962768555,51.720001220703125,60.56999969482422,6.730000019073486,34.52561569213867,145.94000244140625,59.70000076293945,68.56999969482422,64.7699966430664,39.06999969482422,255.99000549316406,51.36000061035156,119.19000244140625,55.349998474121094,38.43000030517578,27.950000762939453,85.66000366210938,82.30000305175781,97.75,15.579999923706055,182.6999969482422,214.61000061035156,26.40999984741211,29.3799991607666,53.11000061035156,65.94999694824219,67.83999633789062,126.37999725341797,41.619998931884766,117.41000366210938,232.58999633789062,55.18000030517578,122.08999633789062,107.77999877929688,85.16999816894531,75.08000183105469,58.41603088378906,51.099998474121094,58.66999816894531,6.5904998779296875,34.20303726196289,141.1999969482422,58.95000076293945,67.66000366210938,64.07333374023438,38.599998474121094,253.66000366210938,50.7400016784668,116.69000244140625,54.47999954223633,38.064998626708984,27.510000228881836,85.0999984741211,81.5,98.37999725341797,16.6200008392334,184.08999633789062,215.08999633789062,26.5,30.040000915527344,53.47999954223633,67.55999755859375,69.98999786376953,127.37999725341797,42.7599983215332,119.3499984741211,235.8699951171875,55.45000076293945,122.70999908447266,110.27999877929688,85.66999816894531,75.61000061035156,59.22710037231445,51.709999084472656,60.54999923706055,6.605500221252441,34.36432647705078,145.83999633789062,59.290000915527344,68.16000366210938,64.44667053222656,39.029998779296875,254.47000122070312,51.290000915527344,118.69999694824219,55.33000183105469,38.31999969482422,27.899999618530273,85.33999633789062,81.94000244140625,4648700,113048600,2289600,710700,37042000,77863200,4789100,24035400,5694600,5056800,5515700,2856600,2899600,23419800,5239200,20487300,3115100,4880500,12528211,8620700,43421900,430016000,19959387,3539900,8372900,7104000,1635600,7636000,2456600,10199500,2431400,18189100,20582200,70635500,9379800,11477300
2018-06-15,70.80888366699219,16.34000015258789,145.1227569580078,199.59744262695312,21.653663635253906,24.31609535217285,40.822593688964844,50.682151794433594,50.14619445800781,87.7978515625,28.55590057373047,84.279296875,194.5729522705078,46.84731674194336,98.89480590820312,86.7464599609375,77.94935607910156,57.469635009765625,46.6510124206543,40.186241149902344,56.79096603393555,6.565805435180664,23.83914566040039,108.53475189208984,49.22848129272461,53.57133865356445,59.54697799682617,31.83599281311035,225.02426147460938,37.32731246948242,84.12759399414062,44.12770462036133,26.361635208129883,23.6868896484375,74.8699722290039,56.32470703125,99.56999969482422,16.34000015258789,185.00999450683594,214.82000732421875,27.023000717163086,29.280000686645508,54.79999923706055,66.33999633789062,65.36000061035156,124.04000091552734,40.25,114.18000030517578,231.9199981689453,55.11000061035156,122.61000061035156,107.9000015258789,86.87999725341797,73.55999755859375,59.18893051147461,51.15999984741211,58.22999954223633,6.631499767303467,34.497154235839844,143.97000122070312,59.86000061035156,66.83000183105469,64.40333557128906,38.689998626708984,255.97999572753906,51.380001068115234,115.18000030517578,54.97999954223633,37.084999084472656,27.469999313354492,85.45999908447266,80.66000366210938,99.87000274658203,16.520000457763672,186.74000549316406,215.5,27.180999755859375,29.40999984741211,54.810001373291016,66.62000274658203,67.80000305175781,127.12000274658203,41.5,117.0999984741211,233.14999389648438,55.380001068115234,122.7300033569336,108.37999725341797,87.2699966430664,75.45999908447266,59.2557258605957,51.41999816894531,59.099998474121094,6.686999797821045,34.52561569213867,144.42999267578125,59.95000076293945,67.9800033569336,64.4800033569336,38.939998626708984,255.97999572753906,51.41999816894531,117.11000061035156,55.369998931884766,37.755001068115234,27.559999465942383,85.5,81.81999969482422,98.0,15.819999694824219,184.02000427246094,213.80999755859375,26.632999420166016,28.8700008392334,53.86000061035156,65.23999786376953,65.20999908447266,123.83999633789062,40.040000915527344,113.93000030517578,229.83999633789062,54.58000183105469,121.23999786376953,106.2699966430664,86.0999984741211,73.2699966430664,58.41603088378906,50.58000183105469,57.29999923706055,6.583749771118164,34.184059143066406,140.35000610351562,58.91999816894531,66.54000091552734,63.81666564941406,38.54999923706055,252.55999755859375,50.59000015258789,115.01000213623047,54.380001068115234,37.005001068115234,27.110000610351562,84.80000305175781,80.51000213623047,98.7699966430664,16.059999465942383,186.47000122070312,215.0,27.003999710083008,29.25,54.13999938964844,66.31999969482422,67.44999694824219,127.0999984741211,41.36000061035156,116.91000366210938,231.5,55.16999816894531,122.0999984741211,107.80000305175781,86.12999725341797,74.70999908447266,58.76908493041992,50.90999984741211,58.529998779296875,6.614999771118164,34.33586120605469,142.1199951171875,59.869998931884766,67.91999816894531,64.0433349609375,38.81999969482422,254.27000427246094,50.779998779296875,115.94999694824219,54.54999923706055,37.68000030517578,27.299999237060547,85.19000244140625,81.72000122070312,20806200,77612200,6474500,821300,60969000,105079500,14496700,29314800,15982700,13223800,9282700,5028600,4738100,39194700,13173500,26028600,5575200,8448900,17246517,11505700,45854100,432260000,49156979,5084000,13804900,15094700,1122600,11235700,4772200,17352600,5087200,35715800,32178800,63387600,9349300,23797500
2018-06-18,70.03373718261719,17.110000610351562,144.291259765625,196.14105224609375,21.194515228271484,24.415754318237305,39.96591567993164,50.99538040161133,51.09755325317383,89.1639175415039,29.158935546875,86.080322265625,194.1283416748047,45.24068069458008,97.8543701171875,86.97154235839844,77.2585220336914,58.43061065673828,45.86885452270508,39.87990188598633,57.00553512573242,6.5615973472595215,23.708019256591797,107.42660522460938,48.685691833496094,53.73968505859375,58.973731994628906,31.473947525024414,224.0485076904297,37.25466537475586,85.12094116210938,44.20796203613281,26.624656677246094,23.643781661987305,74.15157318115234,56.43644714355469,98.4800033569336,17.110000610351562,183.9499969482422,211.10000610351562,26.450000762939453,29.399999618530273,53.650001525878906,66.75,66.5999984741211,125.97000122070312,41.099998474121094,116.62000274658203,231.38999938964844,53.220001220703125,121.31999969482422,108.18000030517578,86.11000061035156,74.79000091552734,58.196563720703125,50.77000045776367,58.45000076293945,6.6272501945495605,34.30739974975586,142.5,59.20000076293945,67.04000091552734,63.78333282470703,38.25,254.8699951171875,51.279998779296875,116.54000091552734,55.08000183105469,37.45500183105469,27.420000076293945,84.63999938964844,80.81999969482422,99.33000183105469,17.34000015258789,184.5,211.2899932861328,26.899999618530273,29.5,54.4900016784668,66.80999755859375,67.76000213623047,126.9800033569336,41.83000183105469,117.87000274658203,231.6699981689453,54.29999923706055,121.80999755859375,108.4000015258789,86.1500015258789,75.2300033569336,58.549617767333984,50.939998626708984,58.599998474121094,6.644999980926514,34.36432647705078,143.5,59.369998931884766,67.30000305175781,63.99333190917969,38.36000061035156,255.00999450683594,51.380001068115234,118.08999633789062,55.22999954223633,37.70500183105469,27.459999084472656,84.94000244140625,81.37999725341797,98.30999755859375,16.1299991607666,182.3800048828125,208.5500030517578,26.42300033569336,28.809999465942383,53.5099983215332,65.37999725341797,65.38999938964844,124.0999984741211,40.25,114.0,229.14999389648438,52.34000015258789,120.25,106.69000244140625,85.01000213623047,73.25,57.814884185791016,50.45000076293945,56.869998931884766,6.559500217437744,33.89942932128906,142.0399932861328,58.91999816894531,66.19999694824219,63.19333267211914,37.84000015258789,252.13999938964844,50.560001373291016,115.0199966430664,54.43000030517578,36.9900016784668,27.139999389648438,84.29000091552734,80.30000305175781,99.1500015258789,16.18000030517578,184.1300048828125,209.83999633789062,26.899999618530273,28.940000534057617,54.279998779296875,65.75,65.56999969482422,124.3499984741211,40.31999969482422,114.4000015258789,230.1999969482422,54.29999923706055,121.61000061035156,107.26000213623047,85.9800033569336,73.63999938964844,58.540077209472656,50.709999084472656,57.599998474121094,6.586999893188477,34.27893829345703,142.42999267578125,59.310001373291016,66.26000213623047,63.99333190917969,38.310001373291016,254.0,50.83000183105469,115.33000183105469,54.5099983215332,36.9900016784668,27.229999542236328,84.94000244140625,80.4000015258789,6425600,104317400,2370700,599700,30191000,52644100,8520800,13680800,7680100,7696800,5914800,3180900,2327500,40764400,6787400,9786800,2903900,4517800,9990270,7493900,36975600,356268000,24143451,2205900,6946600,6110400,1675800,8921400,1961900,7007400,3054900,17856700,26368800,49824600,7342600,9192600
2018-06-19,69.69947052001953,16.690000534057617,146.04832458496094,191.56968688964844,21.190458297729492,24.299488067626953,39.95846939086914,51.01829528808594,50.83668899536133,88.85957336425781,29.520769119262695,86.41983032226562,191.5526580810547,44.994171142578125,98.86256408691406,86.46505737304688,77.89554595947266,58.21965026855469,45.89894104003906,39.212215423583984,57.78575897216797,6.439816474914551,23.74735450744629,107.16271209716797,48.27450180053711,52.665523529052734,58.326515197753906,30.90618133544922,222.42227172851562,37.52347946166992,85.17937469482422,44.20796203613281,26.564233779907227,23.583419799804688,74.34431457519531,56.352638244628906,98.01000213623047,16.690000534057617,186.19000244140625,206.17999267578125,26.094999313354492,29.260000228881836,53.63999938964844,66.77999877929688,66.26000213623047,125.54000091552734,41.61000061035156,117.08000183105469,228.32000732421875,52.93000030517578,122.56999969482422,107.55000305175781,86.81999969482422,74.5199966430664,58.23473358154297,49.91999816894531,59.25,6.5042500495910645,34.36432647705078,142.14999389648438,58.70000076293945,65.69999694824219,63.08333206176758,37.560001373291016,253.02000427246094,51.650001525878906,116.62000274658203,55.08000183105469,37.369998931884766,27.350000381469727,84.86000061035156,80.69999694824219,98.37999725341797,17.290000915527344,186.33999633789062,206.44000244140625,26.113000869750977,29.3700008392334,53.72999954223633,66.91000366210938,67.04000091552734,125.88999938964844,42.02000045776367,117.7699966430664,229.0399932861328,52.95000076293945,123.16999816894531,107.87999725341797,86.87000274658203,75.1500015258789,58.50190734863281,50.189998626708984,59.459999084472656,6.591000080108643,34.497154235839844,142.6699981689453,58.7400016784668,66.1500015258789,63.130001068115234,37.970001220703125,253.3000030517578,51.79999923706055,117.02999877929688,55.22999954223633,37.5099983215332,27.420000076293945,84.88999938964844,80.95999908447266,96.93000030517578,16.309999465942383,182.8300018310547,201.77999877929688,25.415000915527344,28.950000762939453,53.040000915527344,65.94999694824219,65.43000030517578,123.87999725341797,40.25,114.0999984741211,226.16000366210938,51.880001068115234,120.56999969482422,106.5999984741211,85.66999816894531,73.70999908447266,57.85305404663086,49.4900016784668,57.11000061035156,6.375500202178955,34.032257080078125,141.3000030517578,57.849998474121094,65.19999694824219,62.12333297729492,37.349998474121094,251.16000366210938,50.70000076293945,115.02999877929688,54.599998474121094,36.900001525878906,27.1299991607666,83.93000030517578,79.70999908447266,97.88999938964844,16.850000381469727,182.8300018310547,203.75999450683594,25.600000381469727,29.040000915527344,53.400001525878906,66.02999877929688,65.72000122070312,124.31999969482422,40.349998474121094,115.0199966430664,228.22000122070312,52.13999938964844,120.66000366210938,106.9000015258789,85.88999938964844,74.01000213623047,57.872135162353516,50.16999816894531,57.63999938964844,6.5229997634887695,34.051231384277344,141.3000030517578,58.279998779296875,66.01000213623047,62.83000183105469,37.70000076293945,252.97000122070312,50.7599983215332,115.33000183105469,54.68000030517578,37.005001068115234,27.139999389648438,84.05999755859375,79.88999938964844,5528300,92542900,2538500,749300,36221000,65466200,5470700,16892800,5211500,5947800,5951900,2448000,3326600,31780900,8572400,12707200,3044500,3828100,10501589,12490100,43486600,594932000,18484630,3231900,7958300,11577800,2631000,9848900,2370200,13592000,2491200,16654800,25215200,50214700,6431700,8759700
2018-06-20,69.87015533447266,16.520000457763672,146.29931640625,190.93789672851562,21.212379455566406,24.28287124633789,40.412864685058594,51.47666549682617,51.76504135131836,88.6826400756836,30.23023223876953,88.15443420410156,191.13319396972656,45.44470977783203,98.4350814819336,86.4570083618164,77.41104888916016,57.67276382446289,46.08696746826172,39.188655853271484,57.49317932128906,6.492786407470703,23.90471076965332,106.55964660644531,48.348514556884766,52.545284271240234,58.60696029663086,31.55623435974121,222.23760986328125,37.24739456176758,84.52931213378906,43.72640609741211,26.681520462036133,23.523059844970703,74.50200653076172,56.17808151245117,98.25,16.520000457763672,186.50999450683594,205.5,26.121999740600586,29.239999771118164,54.25,67.37999725341797,67.47000122070312,125.29000091552734,42.61000061035156,119.43000030517578,227.82000732421875,53.459999084472656,122.04000091552734,107.54000091552734,86.27999877929688,73.81999969482422,58.47328186035156,49.88999938964844,58.95000076293945,6.557750225067139,34.5920295715332,141.35000610351562,58.790000915527344,65.55000305175781,63.38666534423828,38.349998474121094,252.80999755859375,51.27000045776367,115.7300033569336,54.47999954223633,37.53499984741211,27.280000686645508,85.04000091552734,80.44999694824219,99.55000305175781,17.1299991607666,187.50999450683594,206.55999755859375,26.402000427246094,29.5,54.310001373291016,67.94999694824219,67.62999725341797,126.45999908447266,42.83000183105469,119.81999969482422,229.94000244140625,53.75,122.66000366210938,108.63999938964844,87.16000366210938,74.91000366210938,58.66412353515625,50.38999938964844,61.119998931884766,6.611249923706055,34.70588302612305,143.75,59.20000076293945,66.06999969482422,63.709999084472656,38.59000015258789,253.72999572753906,52.06999969482422,117.27999877929688,55.59000015258789,37.67499923706055,27.600000381469727,85.23999786376953,81.12999725341797,97.83999633789062,16.3700008392334,184.74000549316406,204.4199981689453,26.073999404907227,29.18000030517578,53.560001373291016,67.12999725341797,66.79000091552734,124.30000305175781,41.66999816894531,117.4000015258789,226.9600067138672,52.689998626708984,121.66000366210938,107.44000244140625,86.19999694824219,73.30000305175781,58.0057258605957,49.83000183105469,58.79999923706055,6.506999969482422,34.35483932495117,141.25999450683594,58.310001373291016,65.27999877929688,63.0966682434082,38.0099983215332,251.8800048828125,51.2400016784668,115.30999755859375,54.439998626708984,37.23500061035156,27.25,84.79000091552734,80.2699966430664,98.22000122070312,16.829999923706055,186.25,205.58999633789062,26.149999618530273,29.420000076293945,53.599998474121094,67.72000122070312,67.16000366210938,126.12000274658203,42.220001220703125,118.25,229.9199981689453,53.189998626708984,122.41999816894531,108.18000030517578,86.73999786376953,74.5,58.26335906982422,50.130001068115234,60.130001068115234,6.545750141143799,34.43074035644531,143.41000366210938,59.18000030517578,65.94000244140625,63.44333267211914,38.34000015258789,253.32000732421875,52.029998779296875,116.86000061035156,55.459999084472656,37.595001220703125,27.600000381469727,84.97000122070312,80.8499984741211,5842700,76280600,2415200,542300,24951000,52256500,6142000,16697100,6323400,7980700,7271300,2383600,2678300,21403000,6277200,8876900,4675500,3217200,12757094,6570800,57497600,369780000,21354251,2091900,6526400,7567700,2007300,8668600,2580400,7444900,3093100,16545600,23311800,42833600,5900800,8917700
2018-06-21,67.95008087158203,15.649999618530273,145.89149475097656,189.76715087890625,21.084888458251953,24.324403762817383,40.181941986083984,51.66768264770508,49.95438766479492,86.77149963378906,29.194414138793945,86.06554412841797,190.428466796875,44.365116119384766,97.95919799804688,86.43292999267578,77.22264099121094,56.625892639160156,46.01176071166992,39.11011505126953,57.97106170654297,6.364075660705566,23.79979705810547,106.55210876464844,48.31561279296875,51.936073303222656,57.87963104248047,30.955554962158203,221.4288330078125,37.043983459472656,81.23519134521484,43.63810348510742,26.187477111816406,23.454071044921875,74.0727310180664,55.647377014160156,95.55000305175781,15.649999618530273,185.99000549316406,204.24000549316406,25.96500015258789,29.290000915527344,53.939998626708984,67.62999725341797,65.11000061035156,122.58999633789062,41.150001525878906,116.5999984741211,226.97999572753906,52.189998626708984,121.44999694824219,107.51000213623047,86.06999969482422,72.4800033569336,58.377864837646484,49.790000915527344,59.439998626708984,6.427750110626221,34.44022750854492,141.33999633789062,58.75,64.79000091552734,62.599998474121094,37.619998931884766,251.88999938964844,50.9900016784668,111.22000122070312,54.369998931884766,36.84000015258789,27.200000762939453,84.55000305175781,79.69000244140625,97.98999786376953,16.8700008392334,186.50999450683594,206.9499969482422,26.256999969482422,29.450000762939453,54.38999938964844,68.08999633789062,66.95999908447266,124.58999633789062,42.279998779296875,118.38999938964844,228.42999267578125,54.529998779296875,122.23999786376953,108.20999908447266,86.27999877929688,73.80000305175781,58.463741302490234,50.119998931884766,61.83000183105469,6.608500003814697,34.497154235839844,142.4600067138672,59.209999084472656,65.58000183105469,63.84000015258789,38.0099983215332,253.64999389648438,51.20000076293945,115.05999755859375,54.7599983215332,37.290000915527344,27.360000610351562,84.97000122070312,80.37999725341797,95.26000213623047,15.460000038146973,184.4199981689453,203.52000427246094,25.8439998626709,29.0,53.5,66.69999694824219,64.79000091552734,122.16000366210938,40.970001220703125,116.01000213623047,224.57000732421875,51.939998626708984,121.11000061035156,106.52999877929688,85.19000244140625,72.2300033569336,58.024810791015625,48.97999954223633,59.09000015258789,6.420000076293945,34.29791259765625,140.50999450683594,58.38999938964844,64.51000213623047,62.50666809082031,37.54999923706055,250.9199981689453,50.58000183105469,111.04000091552734,53.880001068115234,36.665000915527344,27.010000228881836,84.3499984741211,79.33000183105469,97.70999908447266,16.649999618530273,186.50999450683594,206.83999633789062,26.158000946044922,29.209999084472656,54.18000030517578,67.16000366210938,66.86000061035156,124.5,42.279998779296875,118.38999938964844,226.38999938964844,54.380001068115234,121.83000183105469,107.0999984741211,85.81999969482422,73.45999908447266,58.463741302490234,49.65999984741211,61.459999084472656,6.590000152587891,34.411766052246094,140.6999969482422,59.209999084472656,65.41999816894531,63.813331604003906,37.869998931884766,252.9499969482422,51.119998931884766,115.05999755859375,54.25,37.27000045776367,27.190000534057617,84.95999908447266,80.0199966430664,7225000,95638400,2206400,893400,18186000,68322600,5844200,16545800,7439700,7290800,6101600,3003600,3094600,44435600,4417200,11048700,2856400,4776300,9336527,11018400,70419900,359516000,16893090,3399300,6605400,6371400,1245900,9246700,2150300,6484000,4528700,21191600,30019600,75190900,7423400,10990700
2018-06-22,66.485107421875,15.800000190734863,145.2325439453125,191.74624633789062,21.089759826660156,24.075260162353516,41.075870513916016,51.33916473388672,52.002899169921875,88.54813385009766,30.70556640625,87.47535705566406,189.623046875,44.62862777709961,99.08036041259766,85.01793670654297,77.0880355834961,56.73525619506836,46.22985076904297,38.40314483642578,55.688899993896484,6.211598873138428,23.93749237060547,105.0594253540039,48.110015869140625,53.370941162109375,57.42040252685547,31.366966247558594,223.60897827148438,36.87689208984375,81.9802017211914,43.29298400878906,26.709957122802734,23.34197998046875,74.40564727783203,56.82748794555664,93.48999786376953,15.800000190734863,185.14999389648438,206.3699951171875,25.97100067138672,28.989999771118164,55.13999938964844,67.19999694824219,67.77999877929688,125.0999984741211,43.279998779296875,118.51000213623047,226.02000427246094,52.5,122.83999633789062,105.75,85.91999816894531,72.62000274658203,58.654579162597656,48.88999938964844,57.099998474121094,6.273749828338623,34.639469146728516,139.36000061035156,58.5,66.58000183105469,62.10333251953125,38.119998931884766,254.3699951171875,50.7599983215332,112.23999786376953,53.939998626708984,37.57500076293945,27.06999969482422,84.93000030517578,81.37999725341797,96.11000061035156,15.90999984741211,188.08999633789062,207.6199951171875,26.149999618530273,29.520000457763672,55.34000015258789,68.20999908447266,68.41000366210938,126.56999969482422,43.849998474121094,120.94999694824219,230.5,53.09000015258789,123.37999725341797,108.37000274658203,86.4000015258789,74.18000030517578,59.08396911621094,50.540000915527344,60.40999984741211,6.462250232696533,34.76280975341797,142.4499969482422,59.099998474121094,67.94999694824219,62.94333267211914,38.310001373291016,255.11000061035156,51.400001525878906,113.56999969482422,55.04999923706055,37.98500061035156,27.420000076293945,85.26000213623047,81.94000244140625,93.43000030517578,15.5600004196167,184.8300018310547,204.10000610351562,25.895999908447266,28.989999771118164,54.2400016784668,67.16000366210938,67.25,124.81999969482422,42.61000061035156,118.19999694824219,225.5800018310547,52.29999923706055,121.6500015258789,105.51000213623047,85.80999755859375,72.55999755859375,58.41603088378906,48.79999923706055,57.02000045776367,6.2582502365112305,34.53510284423828,139.00999450683594,58.43000030517578,66.4000015258789,61.983333587646484,37.970001220703125,251.19000244140625,50.709999084472656,111.70999908447266,53.779998779296875,37.56999969482422,27.049999237060547,84.63999938964844,80.91999816894531,96.05999755859375,15.779999732971191,186.30999755859375,207.02999877929688,26.118000030517578,29.459999084472656,54.650001525878906,68.04000091552734,67.47000122070312,125.41000366210938,42.61000061035156,120.05000305175781,227.77999877929688,52.619998931884766,121.68000030517578,108.16000366210938,86.0199966430664,74.02999877929688,58.47328186035156,49.97999954223633,60.20000076293945,6.448750019073486,34.6204948425293,142.0399932861328,58.779998779296875,67.12999725341797,62.9033317565918,38.27000045776367,252.24000549316406,51.36000061035156,113.2699966430664,54.959999084472656,37.75,27.389999389648438,84.86000061035156,81.16000366210938,9454800,59257100,11153100,730900,52412000,76079200,10218500,16059900,10945200,8535200,7990500,3173100,2731800,34682100,9501400,19478900,3769500,11180200,12885998,12896400,63497500,434160000,27018447,2684300,8074100,10995000,1116300,10338500,2604000,7145200,5030800,24015000,56072600,61389400,9829800,16012200
2018-06-25,66.17221069335938,15.109999656677246,145.3972930908203,182.71498107910156,20.49777603149414,23.65172004699707,40.72575759887695,50.231407165527344,50.74462890625,86.78565216064453,29.719419479370117,86.23530578613281,185.864501953125,43.10700225830078,98.87872314453125,84.24613952636719,76.95346069335938,54.6649169921875,45.93655014038086,37.64906692504883,51.846275329589844,5.918778896331787,23.85226058959961,104.35832977294922,46.917545318603516,52.44908905029297,55.73149490356445,31.140945434570312,220.39158630371094,36.746116638183594,79.80361938476562,43.30903625488281,26.173259735107422,23.0919189453125,73.72230529785156,55.68229675292969,93.05000305175781,15.109999656677246,185.36000061035156,196.64999389648438,25.242000579833984,28.479999542236328,54.66999816894531,65.75,66.13999938964844,122.61000061035156,41.88999938964844,116.83000183105469,221.5399932861328,50.709999084472656,122.58999633789062,104.79000091552734,85.7699966430664,69.97000122070312,58.28244400024414,47.93000030517578,53.15999984741211,5.978000164031982,34.51612854003906,138.42999267578125,57.04999923706055,65.43000030517578,60.276668548583984,36.5099983215332,250.7100067138672,50.58000183105469,109.26000213623047,53.959999084472656,36.81999969482422,26.780000686645508,84.1500015258789,79.73999786376953,94.37999725341797,15.739999771118164,186.69000244140625,201.49000549316406,25.642000198364258,28.90999984741211,55.33000183105469,66.87999725341797,68.12999725341797,124.63999938964844,43.220001220703125,118.94999694824219,225.13999938964844,51.75,123.43000030517578,105.69999694824219,86.61000061035156,72.9000015258789,58.79771041870117,48.790000915527344,55.63999938964844,6.170000076293945,34.5920295715332,139.47999572753906,58.13999938964844,66.36000061035156,61.436668395996094,36.560001373291016,255.1300048828125,50.689998626708984,111.79000091552734,54.13999938964844,37.52000045776367,27.0,84.94000244140625,81.23999786376953,92.0999984741211,14.539999961853027,184.07000732421875,195.7899932861328,25.042999267578125,28.260000228881836,54.25,65.33999633789062,65.37000274658203,121.93000030517578,41.619998931884766,115.91000366210938,220.38999938964844,49.90999984741211,121.51000213623047,103.95999908447266,85.12000274658203,69.27999877929688,57.86259460449219,47.459999084472656,52.40999984741211,5.888500213623047,34.28842544555664,137.07000732421875,56.61000061035156,64.9000015258789,59.503334045410156,36.04999923706055,248.61000061035156,50.029998779296875,108.58000183105469,53.099998474121094,36.56999969482422,26.600000381469727,83.51000213623047,79.30000305175781,93.47000122070312,15.640000343322754,185.00999450683594,201.36000061035156,25.642000198364258,28.860000610351562,55.0,66.79000091552734,67.79000091552734,124.43000030517578,42.61000061035156,118.83999633789062,224.5,51.16999816894531,122.81999969482422,105.66000366210938,86.0,72.83000183105469,58.597328186035156,48.650001525878906,55.540000915527344,6.166250228881836,34.45920181274414,139.0,58.09000015258789,66.29000091552734,61.436668395996094,36.29999923706055,254.36000061035156,50.630001068115234,111.66999816894531,53.779998779296875,37.46500015258789,26.950000762939453,84.61000061035156,80.77999877929688,5573100,94418400,2678200,1060000,29705000,73616400,7436700,21426600,5274300,5801900,5697700,1946300,3817700,45356500,8170500,16907600,3414100,7899400,11057238,14684200,72196300,665816000,20424517,3329100,8635900,7608700,5441100,10528100,3060800,6741200,4559500,21069600,36760600,80746100,9925100,10557200
2018-06-26,65.51085662841797,15.5,144.7932586669922,183.94146728515625,20.426315307617188,23.70155143737793,40.9045295715332,50.65923309326172,51.66530990600586,87.88280487060547,30.216039657592773,88.33895111083984,185.89804077148438,42.22293472290039,98.68512725830078,84.30242919921875,76.36128997802734,55.11024856567383,45.66579818725586,37.539100646972656,53.24092483520508,5.989818572998047,23.85226058959961,103.49137878417969,46.42411804199219,52.92203140258789,55.92940902709961,31.098299026489258,219.56529235839844,36.47004318237305,80.5267105102539,42.8836555480957,26.50381088256836,23.01430892944336,73.49453735351562,56.31074905395508,92.12000274658203,15.5,184.58999633789062,197.97000122070312,25.15399932861328,28.540000915527344,54.90999984741211,66.30999755859375,67.33999633789062,124.16000366210938,42.59000015258789,119.68000030517578,221.5800018310547,49.66999816894531,122.3499984741211,104.86000061035156,85.11000061035156,70.54000091552734,57.93893051147461,47.790000915527344,54.59000015258789,6.049749851226807,34.51612854003906,137.27999877929688,56.45000076293945,66.0199966430664,60.28333282470703,36.459999084472656,249.77000427246094,50.20000076293945,110.25,53.43000030517578,37.28499984741211,26.690000534057617,83.88999938964844,80.63999938964844,93.86000061035156,15.600000381469727,185.9499969482422,199.2899932861328,25.461000442504883,28.670000076293945,55.2400016784668,66.69000244140625,67.63999938964844,124.61000061035156,42.81999969482422,120.45999908447266,222.8000030517578,50.40999984741211,122.88999938964844,105.20999908447266,86.0,71.2300033569336,58.225189208984375,48.04999923706055,54.77000045776367,6.141250133514404,34.715370178222656,138.44000244140625,57.150001525878906,66.30000305175781,60.58333206176758,36.70000076293945,252.47000122070312,50.65999984741211,111.0999984741211,53.939998626708984,37.43000030517578,26.829999923706055,84.27999877929688,81.01000213623047,92.08000183105469,15.100000381469727,183.97999572753906,197.25,25.05500030517578,28.010000228881836,54.58000183105469,64.37999725341797,66.16999816894531,122.56999969482422,41.619998931884766,117.04000091552734,219.1199951171875,49.36000061035156,121.5999984741211,103.11000061035156,84.95999908447266,70.05000305175781,57.83396911621094,47.11000061035156,53.61000061035156,5.9977498054504395,34.44022750854492,136.4499969482422,56.310001373291016,65.04000091552734,59.983333587646484,36.11000061035156,249.5399932861328,49.900001525878906,109.4800033569336,53.02000045776367,36.78499984741211,26.520000457763672,83.77999877929688,79.97000122070312,93.36000061035156,15.319999694824219,185.33999633789062,198.72000122070312,25.299999237060547,28.520000457763672,54.599998474121094,65.51000213623047,66.41000366210938,123.02999877929688,42.15999984741211,117.04000091552734,221.77999877929688,49.95000076293945,122.48999786376953,104.70999908447266,85.54000091552734,70.06999969482422,58.04389190673828,47.939998626708984,54.40999984741211,6.09250020980835,34.53510284423828,138.30999755859375,57.08000183105469,65.4000015258789,60.266666412353516,36.33000183105469,250.55999755859375,50.529998779296875,109.51000213623047,53.900001525878906,36.915000915527344,26.799999237060547,84.22000122070312,80.1500015258789,5117100,54213500,2070600,1106500,24233000,56369300,8749700,22613700,4956700,4592800,5055800,2472600,2692900,37543000,5496400,17086800,2840600,4478800,12571913,12097800,42277100,478884000,25435023,2411700,8934700,5618500,11004000,8817000,2158000,6671600,3422200,14409100,27047200,56387800,5560100,10382800
2018-06-27,65.07704162597656,14.970000267028809,143.96177673339844,180.1598663330078,20.066577911376953,23.452409744262695,40.576751708984375,50.009849548339844,52.73942184448242,89.18517303466797,30.840370178222656,91.47600555419922,184.7235107421875,41.449378967285156,98.0882568359375,83.00003814697266,75.96654510498047,54.06333923339844,45.03407287597656,37.067806243896484,50.968502044677734,5.834621429443359,23.740795135498047,101.99871063232422,45.371456146240234,53.55531692504883,54.593414306640625,30.28799057006836,218.15870666503906,36.20124816894531,79.9935073852539,42.76325988769531,26.859224319458008,22.72976303100586,72.87251281738281,57.05792999267578,91.51000213623047,14.970000267028809,183.52999877929688,193.89999389648438,24.711000442504883,28.239999771118164,54.470001220703125,65.45999908447266,68.73999786376953,126.0,43.470001220703125,123.93000030517578,220.17999267578125,48.7599983215332,121.61000061035156,103.23999786376953,84.66999816894531,69.19999694824219,57.13740539550781,47.189998626708984,52.2599983215332,5.89300012588501,34.35483932495117,135.3000030517578,55.16999816894531,66.80999755859375,58.84333419799805,35.5099983215332,248.1699981689453,49.83000183105469,109.5199966430664,53.279998779296875,37.78499984741211,26.360000610351562,83.18000030517578,81.70999908447266,93.2699966430664,15.760000228881836,187.36000061035156,200.38999938964844,25.516000747680664,28.850000381469727,54.810001373291016,67.55999755859375,69.5199966430664,127.41999816894531,44.540000915527344,124.77999877929688,225.47000122070312,50.060001373291016,122.97000122070312,105.91999816894531,85.5999984741211,71.69000244140625,58.28244400024414,48.5,55.349998474121094,6.160749912261963,34.67741775512695,138.05999755859375,57.529998779296875,67.69000244140625,60.74333190917969,36.31999969482422,251.75999450683594,50.34000015258789,111.93000030517578,53.939998626708984,38.255001068115234,26.8799991607666,84.31999969482422,82.4800033569336,91.47000122070312,14.960000038146973,183.47000122070312,193.72999572753906,24.684999465942383,28.239999771118164,54.29999923706055,65.44000244140625,68.08999633789062,125.05999755859375,43.13999938964844,120.80999755859375,220.13999938964844,48.75,121.44999694824219,103.2300033569336,84.63999938964844,69.02999877929688,57.06106948852539,47.189998626708984,52.15999984741211,5.887499809265137,34.326377868652344,135.05999755859375,55.13999938964844,66.45999908447266,58.813331604003906,35.5099983215332,248.1300048828125,49.79999923706055,109.33000183105469,53.060001373291016,37.58000183105469,26.350000381469727,83.12000274658203,81.05999755859375,92.36000061035156,15.649999618530273,184.9199981689453,199.74000549316406,25.208999633789062,28.510000228881836,54.650001525878906,66.22000122070312,68.2300033569336,125.1500015258789,43.13999938964844,121.62999725341797,221.47999572753906,49.34000015258789,122.12999725341797,104.68000030517578,84.91000366210938,71.0199966430664,57.91984558105469,47.939998626708984,55.0,6.09375,34.44022750854492,136.6699981689453,56.54999923706055,66.73999786376953,60.60333251953125,36.25,250.2899932861328,50.02000045776367,111.20999908447266,53.2400016784668,37.595001220703125,26.68000030517578,83.88999938964844,81.05999755859375,5833000,56014300,2354800,663000,24720000,61764400,9406600,20917500,7625000,6339500,8072100,4708800,3104200,33338800,5666000,16276800,3005400,5758900,10948770,11635900,53007500,453892000,29396165,2309000,11832400,6856500,2364000,8798100,2481000,6961200,3412400,19520900,41167800,78099200,7420500,12725900
2018-06-28,65.73131561279297,15.3100004196167,143.81275939941406,179.86256408691406,19.887113571166992,23.809507369995117,41.195068359375,51.094696044921875,52.48625183105469,88.94451141357422,30.918418884277344,91.15861511230469,187.44175720214844,41.865901947021484,98.40282440185547,84.35871887207031,76.70225524902344,54.2899055480957,45.34993362426758,37.931861877441406,51.826759338378906,5.961848258972168,23.83914566040039,102.20228576660156,45.971797943115234,53.715641021728516,55.007816314697266,30.654773712158203,215.28416442871094,36.26702880859375,79.69406127929688,43.04417419433594,26.823694229125977,22.928089141845703,72.96888732910156,57.23948287963867,92.43000030517578,15.3100004196167,183.33999633789062,193.5800018310547,24.489999771118164,28.670000076293945,55.29999923706055,66.87999725341797,68.41000366210938,125.66000366210938,43.58000183105469,123.5,223.4199981689453,49.25,122.0,104.93000030517578,85.48999786376953,69.48999786376953,57.538169860839844,48.290000915527344,53.13999938964844,6.021500110626221,34.497154235839844,135.57000732421875,55.900001525878906,67.01000213623047,59.290000915527344,35.939998626708984,244.89999389648438,49.619998931884766,109.11000061035156,53.630001068115234,37.73500061035156,26.59000015258789,83.29000091552734,81.97000122070312,92.61000061035156,15.359999656677246,184.5800018310547,193.66000366210938,24.73200035095215,28.84000015258789,55.63999938964844,67.12999725341797,69.5,126.86000061035156,44.0,125.5,224.66000366210938,49.4900016784668,122.41000366210938,105.45999908447266,85.95999908447266,70.4800033569336,57.96755599975586,48.54999923706055,53.310001373291016,6.0335001945495605,34.6204948425293,136.55999755859375,56.459999084472656,67.2300033569336,59.42333221435547,35.939998626708984,248.0,49.939998626708984,109.62999725341797,53.86000061035156,37.97999954223633,26.700000762939453,83.5,82.06999969482422,90.80999755859375,14.75,181.6999969482422,190.0399932861328,24.226999282836914,28.299999237060547,54.47999954223633,65.55999755859375,67.94000244140625,125.0,42.91999816894531,122.51000213623047,219.5800018310547,48.5,121.06999969482422,103.51000213623047,84.80999755859375,69.05999755859375,57.242366790771484,47.220001220703125,51.790000915527344,5.875249862670898,34.25996017456055,134.58999633789062,55.09000015258789,66.2699966430664,58.59000015258789,35.349998474121094,242.22999572753906,49.2400016784668,107.68000030517578,53.02000045776367,37.44499969482422,26.309999465942383,82.29000091552734,81.02999877929688,91.33999633789062,14.850000381469727,183.16000366210938,190.69000244140625,24.628000259399414,28.399999618530273,54.4900016784668,65.9800033569336,69.30000305175781,126.54000091552734,43.599998474121094,124.16999816894531,220.25,48.58000183105469,121.77999877929688,103.68000030517578,84.8499984741211,69.47000122070312,57.356868743896484,47.25,52.0,5.882999897003174,34.25996017456055,136.00999450683594,55.119998931884766,67.11000061035156,58.66666793823242,35.5,247.1300048828125,49.63999938964844,109.12999725341797,53.54999923706055,37.84000015258789,26.360000610351562,82.87000274658203,81.7300033569336,6698900,48716800,2286300,887500,33238000,71292100,10414600,19860100,3958100,3814800,6250200,2679500,3072600,29055700,5296800,14491300,2564600,4546300,10691591,14183300,36878900,338012000,16506167,2364500,11723600,5827800,4067700,7199000,3556900,5795400,2668200,13837300,28570800,78544800,9026900,9390700
2018-06-29,65.88773345947266,14.989999771118164,144.7932586669922,183.94146728515625,19.703594207763672,23.410888671875,41.224853515625,51.125267028808594,53.41458511352539,89.48954010009766,31.187999725341797,91.8450698852539,185.0507049560547,42.25695037841797,97.87046813964844,83.77180480957031,76.55868530273438,54.81336975097656,45.6507568359375,37.232765197753906,51.1440544128418,5.863828659057617,23.786697387695312,101.84793090820312,46.1527214050293,53.731658935546875,55.12223815917969,31.183597564697266,215.67092895507812,36.559383392333984,80.9503402709961,44.49689483642578,26.990734100341797,22.928089141845703,73.11780548095703,57.77019500732422,92.6500015258789,14.989999771118164,184.58999633789062,197.97000122070312,24.263999938964844,28.190000534057617,55.34000015258789,66.91999816894531,69.62000274658203,126.43000030517578,43.959999084472656,124.43000030517578,220.57000732421875,49.709999084472656,121.33999633789062,104.19999694824219,85.33000183105469,70.16000366210938,57.91984558105469,47.400001525878906,52.439998626708984,5.922500133514404,34.4212532043457,135.10000610351562,56.119998931884766,67.02999877929688,59.413333892822266,36.560001373291016,245.33999633789062,50.02000045776367,110.83000183105469,55.439998626708984,37.970001220703125,26.59000015258789,83.45999908447266,82.7300033569336,94.45999908447266,15.489999771118164,186.0500030517578,199.5399932861328,24.69499969482422,29.170000076293945,55.849998474121094,68.7699966430664,70.62999725341797,127.7300033569336,44.88999938964844,126.31999969482422,225.1699981689453,50.11000061035156,123.18000030517578,106.9000015258789,86.0999984741211,71.2699966430664,58.654579162597656,49.27000045776367,53.849998474121094,6.099999904632568,34.70588302612305,137.5500030517578,56.86000061035156,67.8499984741211,60.13666534423828,36.77000045776367,247.5,50.720001220703125,112.80000305175781,57.119998931884766,38.369998931884766,27.06999969482422,84.19999694824219,83.54000091552734,92.55999755859375,14.979999542236328,183.58999633789062,197.60000610351562,24.256999969482422,28.18000030517578,55.150001525878906,66.87999725341797,68.70999908447266,125.73999786376953,43.689998626708984,123.29000091552734,220.4499969482422,49.5,121.19000244140625,104.1500015258789,85.12999725341797,69.70999908447266,57.58587646484375,47.380001068115234,52.400001525878906,5.921249866485596,34.4212532043457,135.08999633789062,56.08000183105469,67.01000213623047,59.413333892822266,36.439998626708984,244.60000610351562,49.9900016784668,110.76000213623047,55.40999984741211,37.84000015258789,26.549999237060547,83.4000015258789,82.29000091552734,92.83999633789062,15.40999984741211,183.58999633789062,198.02000427246094,24.69499969482422,29.09000015258789,55.290000915527344,68.0,68.94000244140625,125.73999786376953,43.72999954223633,123.43000030517578,224.39999389648438,49.529998779296875,122.23999786376953,106.68000030517578,85.83999633789062,69.91000366210938,57.757633209228516,48.97999954223633,53.689998626708984,6.087250232696533,34.582542419433594,136.39999389648438,56.130001068115234,67.0199966430664,59.83333206176758,36.54999923706055,244.89999389648438,50.15999984741211,111.36000061035156,55.619998931884766,37.84000015258789,26.920000076293945,83.55000305175781,82.44999694824219,6787900,41527800,2606200,894300,42794000,102307600,7726700,24193900,7132000,5669700,6191600,3020200,3393700,28906500,7308700,18972400,2964000,5576800,14956951,13592200,32582200,392300000,20974705,3607600,11274000,5350900,1278000,8088200,2772600,9521800,3483600,43888500,26335800,77149900,6479300,17323200
2018-07-02,66.21485900878906,15.15999984741211,145.34234619140625,181.41419982910156,19.655683517456055,23.485628128051758,41.11310958862305,51.30860900878906,52.62434005737305,87.94649505615234,30.88294219970703,90.34667205810547,187.30755615234375,42.673484802246094,98.06405639648438,84.47930908203125,77.0342025756836,54.89929962158203,45.47026062011719,37.4841194152832,53.13364791870117,5.996006965637207,23.81947898864746,102.46614837646484,46.202064514160156,52.272727966308594,55.46861267089844,31.16653823852539,217.55213928222656,36.844444274902344,79.78170776367188,45.203208923339844,26.592660903930664,23.040184020996094,73.34556579589844,57.09286117553711,93.11000061035156,15.15999984741211,185.2899932861328,195.25,24.204999923706055,28.280000686645508,55.189998626708984,67.16000366210938,68.58999633789062,124.25,43.529998779296875,122.4000015258789,223.25999450683594,50.20000076293945,121.58000183105469,105.08000183105469,85.86000061035156,70.2699966430664,57.69084167480469,47.720001220703125,54.47999954223633,6.056000232696533,34.468692779541016,135.9199981689453,56.18000030517578,65.20999908447266,59.78666687011719,36.540000915527344,247.47999572753906,50.40999984741211,109.2300033569336,56.31999969482422,37.40999984741211,26.719999313354492,83.72000122070312,81.76000213623047,93.30000305175781,15.180000305175781,185.4600067138672,195.3800048828125,24.222000122070312,28.280000686645508,55.2400016784668,67.16000366210938,69.33000183105469,125.29000091552734,43.849998474121094,123.86000061035156,223.33999633789062,50.27000045776367,121.7300033569336,105.08999633789062,85.93000030517578,70.4000015258789,57.786258697509766,47.77000045776367,54.529998779296875,6.059750080108643,34.50664138793945,136.0,56.220001220703125,66.72000122070312,59.79999923706055,36.56999969482422,247.72999572753906,50.439998626708984,110.22000122070312,56.380001068115234,37.71500015258789,26.729999542236328,83.7699966430664,82.12999725341797,91.8499984741211,14.739999771118164,182.6999969482422,189.80999755859375,23.742000579833984,27.829999923706055,54.47999954223633,65.94000244140625,68.19999694824219,123.55999755859375,42.959999084472656,121.11000061035156,218.88999938964844,48.83000183105469,120.11000061035156,103.37999725341797,84.70999908447266,69.19999694824219,57.17557144165039,46.77000045776367,51.31999969482422,5.831500053405762,34.15559768676758,133.5,55.119998931884766,65.01000213623047,58.4466667175293,36.040000915527344,244.1199951171875,49.59000015258789,108.41000366210938,55.06999969482422,37.20500183105469,26.350000381469727,82.72000122070312,81.31999969482422,92.05999755859375,14.800000190734863,184.08999633789062,193.6199951171875,24.009000778198242,28.079999923706055,55.16999816894531,66.20999908447266,68.91000366210938,125.27999877929688,43.40999984741211,123.80999755859375,219.75,49.040000915527344,121.33999633789062,103.72000122070312,85.05999755859375,69.69000244140625,57.77671813964844,46.959999084472656,51.52000045776367,5.852250099182129,34.15559768676758,134.24000549316406,55.400001525878906,66.44999694824219,58.900001525878906,36.209999084472656,245.0,49.619998931884766,109.9000015258789,55.20000076293945,37.70500183105469,26.3700008392334,83.0,81.88999938964844,3854500,43398800,2069800,1963200,33369000,52534300,5499300,12699100,4952800,5073500,4360400,2310800,1723200,23755500,5481400,11130000,2347000,5351000,9546337,8655100,38934200,357572000,14556372,2239500,7299900,9404700,2097300,7365500,1793300,5063800,3748500,21204900,30593200,66202800,9364700,9998300
2018-07-03,66.57044219970703,15.0,145.6718292236328,177.90206909179688,19.431554794311523,23.070392608642578,41.45579147338867,50.46824645996094,53.36854553222656,88.2862548828125,31.21638298034668,90.36881256103516,184.89129638671875,42.05292510986328,98.97549438476562,83.2975082397461,77.61738586425781,55.32899475097656,45.65827560424805,36.93427276611328,50.2077751159668,5.86234188079834,23.83258628845215,101.31267547607422,45.50303268432617,52.77775192260742,54.45733642578125,31.038593292236328,217.11264038085938,36.52284240722656,79.00748443603516,44.59321975708008,26.759716033935547,22.833242416381836,73.52079772949219,57.42802810668945,93.61000061035156,15.0,185.7100067138672,191.47000122070312,23.929000854492188,27.780000686645508,55.650001525878906,66.05999755859375,69.55999755859375,124.7300033569336,44.0,122.43000030517578,220.3800048828125,49.470001220703125,122.70999908447266,103.61000061035156,86.51000213623047,70.81999969482422,57.92938995361328,47.02000045776367,51.47999954223633,5.921000003814697,34.487667083740234,134.38999938964844,55.33000183105469,65.83999633789062,58.6966667175293,36.38999938964844,246.97999572753906,49.970001220703125,108.16999816894531,55.560001373291016,37.64500045776367,26.479999542236328,83.91999816894531,82.23999786376953,94.37000274658203,15.34000015258789,187.39999389648438,194.89999389648438,24.339000701904297,28.43000030517578,56.02000045776367,67.48999786376953,71.44000244140625,126.69000244140625,45.20000076293945,125.4000015258789,224.63999938964844,50.86000061035156,123.45999908447266,105.77999877929688,87.0199966430664,72.62000274658203,58.492366790771484,47.88999938964844,54.790000915527344,6.0970001220703125,34.70588302612305,136.77999877929688,56.529998779296875,66.30000305175781,60.12666702270508,36.61000061035156,248.75,50.63999938964844,110.52999877929688,56.630001068115234,38.22999954223633,26.8700008392334,84.30999755859375,83.44999694824219,93.12000274658203,14.960000038146973,185.57000732421875,191.27000427246094,23.899999618530273,27.739999771118164,55.09000015258789,65.94000244140625,69.36000061035156,124.55000305175781,43.7400016784668,122.01000213623047,219.99000549316406,49.43000030517578,121.26000213623047,103.5199966430664,85.80999755859375,70.27999877929688,57.77671813964844,46.939998626708984,50.099998474121094,5.912499904632568,34.38330078125,134.1300048828125,55.25,65.2300033569336,58.63999938964844,36.349998474121094,246.74000549316406,49.779998779296875,107.80000305175781,55.43000030517578,37.55500030517578,26.420000076293945,83.69999694824219,82.08000183105469,93.58000183105469,15.210000038146973,186.4499969482422,193.44000244140625,24.336000442504883,28.329999923706055,55.25,67.44999694824219,69.36000061035156,125.45999908447266,44.20000076293945,124.0199966430664,224.4600067138672,50.58000183105469,121.6500015258789,105.41000366210938,85.80999755859375,70.55000305175781,57.95801544189453,47.869998931884766,54.54999923706055,6.091000080108643,34.52561569213867,136.27999877929688,56.40999984741211,66.23999786376953,60.040000915527344,36.38999938964844,248.3000030517578,50.439998626708984,110.36000061035156,56.43000030517578,37.79999923706055,26.790000915527344,84.0199966430664,82.58000183105469,2452400,32094000,1348000,434600,11591000,40599000,3933200,12346000,5338400,3919600,4132900,1382800,1204400,16327900,4248100,8311700,2163500,6832100,5106590,5037800,52190200,222732000,9608159,1079400,3618900,5207700,1141500,6512600,1248000,4506600,2078100,12830400,18616400,30717800,3023100,7197300
2018-07-05,67.18914794921875,15.5,146.96612548828125,182.10177612304688,19.92772102355957,23.186664581298828,41.98101806640625,50.8502197265625,52.88520431518555,87.7553939819336,31.209291458129883,90.95195007324219,185.19334411621094,43.14101791381836,100.82257080078125,83.83906555175781,77.66223907470703,54.37583923339844,46.35771560668945,36.68290328979492,51.5341796875,6.0081353187561035,24.17352294921875,102.20982360839844,47.18894577026367,53.250701904296875,55.913944244384766,31.209184646606445,220.20697021484375,36.49359893798828,78.54000854492188,44.33638381958008,26.731273651123047,22.884973526000977,74.28296661376953,57.476905822753906,94.4800033569336,15.5,187.36000061035156,195.99000549316406,24.540000915527344,27.920000076293945,55.95000076293945,66.55999755859375,68.93000030517578,123.9800033569336,43.9900016784668,123.22000122070312,220.74000549316406,50.75,125.0,103.72000122070312,86.55999755859375,69.5999984741211,58.816795349121094,46.70000076293945,52.84000015258789,6.0682501792907715,34.98102569580078,135.5800018310547,57.380001068115234,66.43000030517578,60.266666412353516,36.59000015258789,250.5,49.93000030517578,107.52999877929688,55.2400016784668,37.60499954223633,26.540000915527344,84.79000091552734,82.30999755859375,95.05999755859375,15.5,188.1699981689453,196.6699981689453,24.56100082397461,28.079999923706055,56.90999984741211,66.83000183105469,70.56999969482422,126.25,44.38999938964844,125.04000091552734,222.13999938964844,50.959999084472656,125.12000274658203,104.37999725341797,87.19000244140625,72.45999908447266,59.122135162353516,47.4900016784668,53.310001373291016,6.073249816894531,35.01897430419922,136.10000610351562,57.43000030517578,66.94999694824219,60.276668548583984,36.599998474121094,250.92999267578125,50.369998931884766,109.47000122070312,56.08000183105469,37.994998931884766,26.68000030517578,84.87999725341797,82.7699966430664,93.94999694824219,15.020000457763672,185.61000061035156,194.52000427246094,24.06800079345703,27.809999465942383,54.869998931884766,66.22000122070312,68.63999938964844,123.81999969482422,43.68000030517578,122.70999908447266,219.77999877929688,49.75,123.2300033569336,103.52999877929688,86.12999725341797,68.18000030517578,58.29198455810547,46.400001525878906,51.939998626708984,5.9375,34.639469146728516,134.64999389648438,55.650001525878906,65.94000244140625,59.220001220703125,36.2400016784668,247.5800018310547,49.810001373291016,106.23999786376953,55.04999923706055,37.494998931884766,26.450000762939453,84.11000061035156,82.05000305175781,94.45999908447266,15.130000114440918,186.13999938964844,195.67999267578125,24.179000854492188,27.950000762939453,55.43000030517578,66.44000244140625,70.05000305175781,126.11000061035156,44.279998779296875,123.6500015258789,221.5,49.97999954223633,123.5999984741211,104.12999725341797,86.91000366210938,71.41000366210938,58.58778762817383,47.290000915527344,52.630001068115234,5.976749897003174,34.667930603027344,135.5,55.70000076293945,66.37999725341797,59.220001220703125,36.400001525878906,249.11000061035156,50.27000045776367,109.16999816894531,55.91999816894531,37.875,26.6200008392334,84.30999755859375,82.58999633789062,4744000,40703300,1801000,540800,25299000,44506800,5349900,12359000,5719800,5926900,5456300,2483900,2218200,26163500,7319100,10723400,2675500,8436100,9517098,10577300,51136400,306216000,20391106,1729500,11728300,6492800,1341000,9230900,2182900,5334300,3400600,16788600,19939000,40668500,7458600,9035700
2018-07-06,68.9243392944336,16.360000610351562,149.82916259765625,183.33753967285156,20.112863540649414,23.278011322021484,42.438720703125,51.29332733154297,53.43760299682617,87.86863708496094,31.578208923339844,91.78600311279297,186.07423400878906,43.66805648803711,101.42748260498047,84.11388397216797,78.40693664550781,54.844600677490234,46.77887725830078,36.989253997802734,51.91453552246094,6.121995449066162,24.330873489379883,102.52642059326172,47.56724166870117,53.731658935546875,56.600502014160156,31.789180755615234,220.43551635742188,36.69825744628906,78.7591323852539,44.858089447021484,26.894771575927734,22.997066497802734,75.351806640625,57.490867614746094,96.91999816894531,16.360000610351562,191.00999450683594,197.32000732421875,24.76799964904785,28.030000686645508,56.560001373291016,67.13999938964844,69.6500015258789,124.13999938964844,44.5099983215332,124.3499984741211,221.7899932861328,51.369998931884766,125.75,104.05999755859375,87.38999938964844,70.19999694824219,59.35114669799805,47.09000015258789,53.22999954223633,6.1832499504089355,35.2087287902832,136.0,57.84000015258789,67.02999877929688,61.00666809082031,37.27000045776367,250.75999450683594,50.209999084472656,107.83000183105469,55.88999938964844,37.834999084472656,26.670000076293945,86.01000213623047,82.33000183105469,97.06999969482422,16.389999389648438,191.49000549316406,197.83999633789062,24.860000610351562,28.149999618530273,56.68000030517578,67.33999633789062,69.80999755859375,124.5199966430664,44.849998474121094,124.94999694824219,223.1999969482422,51.5,125.91999816894531,104.5,87.70999908447266,70.9800033569336,59.64694595336914,47.290000915527344,53.40999984741211,6.1917500495910645,35.332069396972656,136.5500030517578,58.06999969482422,67.25,61.106666564941406,37.349998474121094,251.72999572753906,50.34000015258789,108.68000030517578,56.130001068115234,37.95500183105469,26.780000686645508,86.16000366210938,82.69999694824219,94.95999908447266,15.479999542236328,188.00999450683594,194.16000366210938,24.441999435424805,27.6299991607666,56.11000061035156,65.9000015258789,68.47000122070312,123.19000244140625,43.459999084472656,122.01000213623047,219.8800048828125,50.400001525878906,124.61000061035156,102.19999694824219,86.81999969482422,69.12000274658203,58.959922790527344,46.279998779296875,51.97999954223633,6.021999835968018,34.99051284790039,134.4199981689453,57.029998779296875,65.7300033569336,59.939998626708984,36.7599983215332,249.4199981689453,49.77000045776367,105.94999694824219,55.029998779296875,37.314998626708984,26.3700008392334,85.0999984741211,81.66000366210938,95.19999694824219,15.520000457763672,188.57000732421875,194.19000244140625,24.489999771118164,27.809999465942383,56.220001220703125,66.22000122070312,68.69000244140625,123.5199966430664,43.650001525878906,122.18000030517578,220.5399932861328,50.77000045776367,125.16000366210938,103.12000274658203,86.83000183105469,69.20999908447266,58.96946716308594,46.529998779296875,52.540000915527344,6.043499946594238,35.10436248779297,135.2100067138672,57.459999084472656,65.95999908447266,60.26333236694336,36.81999969482422,251.00999450683594,49.83000183105469,106.77999877929688,55.29999923706055,37.4900016784668,26.469999313354492,85.19999694824219,81.95999908447266,5867400,65101700,2751600,380300,23112000,39424900,5157500,13174900,4429600,4020000,4270200,1443700,1846400,19968000,7297900,12173700,2290500,4055100,8543191,7269300,31841000,296352000,18955452,1408700,8806200,4303400,2263200,7251600,1572300,4085100,2461300,12389100,18620600,41285000,9822500,7637100
2018-07-09,69.00967407226562,16.610000610351562,152.30787658691406,185.0006561279297,20.092567443847656,24.12508773803711,42.356178283691406,52.66849136352539,54.473365783691406,89.1781005859375,32.1386833190918,93.09986114501953,191.27581787109375,44.0845832824707,101.66947174072266,86.71668243408203,78.83760833740234,56.11025619506836,46.64348602294922,38.02611541748047,52.967838287353516,6.169520378112793,24.36366081237793,104.62971496582031,47.731712341308594,54.781768798828125,56.96232986450195,32.26682662963867,222.99359130859375,37.54610061645508,79.81092071533203,45.56437683105469,27.296396255493164,23.523059844970703,75.90373992919922,57.88889694213867,97.04000091552734,16.610000610351562,194.1699981689453,199.11000061035156,24.743000030517578,29.049999237060547,56.45000076293945,68.94000244140625,71.0,125.98999786376953,45.29999923706055,126.12999725341797,227.99000549316406,51.86000061035156,126.05000305175781,107.27999877929688,87.87000274658203,71.81999969482422,59.17938995361328,48.40999984741211,54.310001373291016,6.231249809265137,35.256168365478516,138.7899932861328,58.040000915527344,68.33999633789062,61.39666748046875,37.83000183105469,253.6699981689453,51.369998931884766,109.2699966430664,56.77000045776367,38.400001525878906,27.280000686645508,86.63999938964844,82.9000015258789,98.3499984741211,16.84000015258789,194.38999938964844,200.22000122070312,24.92300033569336,29.09000015258789,56.75,69.05000305175781,71.0,126.27999877929688,45.310001373291016,126.45999908447266,228.1999969482422,51.88999938964844,126.75,107.45999908447266,88.33000183105469,72.16999816894531,59.818702697753906,48.5,54.5,6.26800012588501,35.55028533935547,139.5399932861328,58.310001373291016,68.62000274658203,61.63666534423828,38.029998779296875,254.00999450683594,51.63999938964844,109.63999938964844,56.970001220703125,38.45500183105469,27.309999465942383,86.80999755859375,83.12999725341797,96.91999816894531,16.170000076293945,191.1699981689453,197.44000244140625,24.55299949645996,28.219999313354492,56.29999923706055,67.48999786376953,69.87999725341797,124.69000244140625,44.70000076293945,124.51000213623047,223.0,51.0,125.5999984741211,104.70999908447266,87.5199966430664,70.4000015258789,59.16030502319336,47.290000915527344,53.11000061035156,6.151750087738037,35.113853454589844,136.10000610351562,57.22999954223633,67.5,60.68000030517578,37.56999969482422,251.0500030517578,50.29999923706055,108.16000366210938,56.0099983215332,38.04499816894531,26.780000686645508,86.31999969482422,82.55999755859375,97.9800033569336,16.729999542236328,191.5,199.97999572753906,24.899999618530273,28.229999542236328,56.63999938964844,67.5,70.1500015258789,125.0,44.880001068115234,125.0,223.36000061035156,51.63999938964844,126.22000122070312,104.70999908447266,87.5999984741211,70.44000244140625,59.59923553466797,47.290000915527344,53.79999923706055,6.2582502365112305,35.360530853271484,136.4499969482422,58.060001373291016,67.5,61.619998931884766,37.869998931884766,252.1300048828125,50.380001068115234,108.30000305175781,56.189998626708984,38.064998626708984,26.809999465942383,86.3499984741211,82.80999755859375,5953100,58525500,3065500,1242600,17955000,61758900,4119300,15148500,5271400,4602200,4718400,1671900,2743900,21361600,6706100,13900800,2718300,5463300,8724600,9412500,32579700,303880000,22329412,2790000,4577100,5230900,1360200,7124100,2039600,6686500,2726500,16684000,22118400,73447400,7874400,7158600
2018-07-10,70.28974151611328,16.549999237060547,153.50013732910156,185.29803466796875,20.346738815307617,23.9423885345459,42.153594970703125,52.126068115234375,55.041099548339844,90.31062316894531,32.358619689941406,93.71991729736328,190.3194122314453,44.3396110534668,102.74221801757812,86.18318939208984,78.99911499023438,56.1493034362793,46.85407257080078,37.782596588134766,54.36250305175781,6.268529891967773,24.54068374633789,103.84569549560547,48.003108978271484,55.703617095947266,57.565391540527344,32.35212707519531,224.63748168945312,37.53147888183594,79.3361587524414,45.44398880004883,27.498985290527344,23.436830520629883,76.1928482055664,58.41960906982422,98.83999633789062,16.549999237060547,195.69000244140625,199.42999267578125,25.055999755859375,28.829999923706055,56.18000030517578,68.2300033569336,71.73999786376953,127.58999633789062,45.61000061035156,126.97000122070312,226.85000610351562,52.15999984741211,127.37999725341797,106.62000274658203,88.05000305175781,71.87000274658203,59.446563720703125,48.099998474121094,55.7400016784668,6.331250190734863,35.512332916259766,137.75,58.369998931884766,69.48999786376953,62.04666519165039,37.93000030517578,255.5399932861328,51.349998474121094,108.62000274658203,56.619998931884766,38.685001373291016,27.18000030517578,86.97000122070312,83.66000366210938,98.94999694824219,16.649999618530273,196.14999389648438,200.69000244140625,25.18000030517578,29.329999923706055,56.77000045776367,69.3499984741211,72.0,128.50999450683594,46.540000915527344,127.95999908447266,228.8699951171875,52.2599983215332,127.5199966430664,108.4000015258789,88.2300033569336,73.18000030517578,59.761451721191406,48.650001525878906,55.900001525878906,6.353499889373779,35.5787467956543,139.55999755859375,58.470001220703125,69.61000061035156,62.176666259765625,37.95000076293945,256.8999938964844,51.56999969482422,110.70999908447266,57.08000183105469,39.0,27.389999389648438,87.01000213623047,84.12000274658203,96.68000030517578,16.309999465942383,192.5399932861328,198.5500030517578,24.704999923706055,28.75,56.0,67.94999694824219,71.36000061035156,126.75,45.45000076293945,126.05999755859375,225.85000610351562,51.84000015258789,126.11000061035156,106.52999877929688,87.66999816894531,71.77999877929688,59.26526641845703,47.9900016784668,54.349998474121094,6.203000068664551,35.29411697387695,137.0800018310547,57.95000076293945,68.76000213623047,61.41666793823242,37.470001220703125,253.75,51.02000045776367,108.52999877929688,56.34000015258789,38.59000015258789,27.100000381469727,86.58000183105469,83.51000213623047,97.11000061035156,16.59000015258789,194.1699981689453,200.47000122070312,24.833999633789062,29.219999313354492,56.77000045776367,69.2300033569336,71.48999786376953,127.33000183105469,46.0,127.2699966430664,228.0,52.099998474121094,126.37000274658203,108.0199966430664,88.08000183105469,71.88999938964844,59.53244400024414,48.43000030517578,54.65999984741211,6.243750095367432,35.38899230957031,139.50999450683594,58.060001373291016,68.9000015258789,61.5099983215332,37.470001220703125,254.17999267578125,51.47999954223633,109.7699966430664,57.060001373291016,38.6349983215332,27.299999237060547,86.80999755859375,83.69999694824219,5119900,37093000,2757000,977300,16413000,58858400,3717700,17057700,5246400,5092100,7678600,1996200,2524800,17362900,5075600,14575900,2227200,3965500,11266524,9238800,34852800,360016000,20253875,2055000,6848900,6343100,1403400,7211500,2012200,6618900,2648300,15581400,22007200,51260600,6122900,8806200
2018-07-11,67.53048706054688,16.270000457763672,151.50778198242188,179.87181091308594,19.768558502197266,23.817811965942383,41.83095169067383,51.8816032409668,53.744503021240234,87.42977905273438,31.3015079498291,92.01485443115234,189.321044921875,43.5235481262207,101.82271575927734,85.99727630615234,78.55945587158203,54.6571159362793,46.55324935913086,37.5076789855957,52.841060638427734,6.126945972442627,24.396440505981445,103.79291534423828,47.12315368652344,54.781768798828125,56.08713912963867,31.53329849243164,223.80230712890625,37.465702056884766,77.68545532226562,45.0025520324707,26.916093826293945,23.32473373413086,75.5883560180664,57.67244338989258,94.95999908447266,16.270000457763672,193.14999389648438,193.58999633789062,24.3439998626709,28.68000030517578,55.75,67.91000366210938,70.05000305175781,123.5199966430664,44.119998931884766,124.66000366210938,225.66000366210938,51.20000076293945,126.23999786376953,106.38999938964844,87.55999755859375,69.95999908447266,59.064884185791016,47.75,54.18000030517578,6.1882500648498535,35.30360412597656,137.67999267578125,57.29999923706055,68.33999633789062,60.45333480834961,36.970001220703125,254.58999633789062,51.2599983215332,106.36000061035156,56.06999969482422,37.8650016784668,27.049999237060547,86.27999877929688,82.58999633789062,97.5,16.530000686645508,195.19000244140625,197.49000549316406,24.753999710083008,28.90999984741211,56.11000061035156,68.45999908447266,71.76000213623047,126.68000030517578,45.43000030517578,126.81999969482422,227.25,51.869998931884766,127.44000244140625,107.05999755859375,88.06999969482422,71.69000244140625,59.35114669799805,48.06999969482422,55.0,6.272500038146973,35.49335861206055,138.80999755859375,58.0099983215332,69.27999877929688,61.40999984741211,37.349998474121094,256.0,51.63999938964844,108.69999694824219,56.75,38.560001373291016,27.190000534057617,86.58999633789062,83.52999877929688,94.87000274658203,16.020000457763672,192.52000427246094,193.3300018310547,24.26099967956543,28.6200008392334,55.529998779296875,67.83999633789062,69.43000030517578,122.97000122070312,43.91999816894531,123.62999725341797,225.1999969482422,51.189998626708984,126.05999755859375,106.20999908447266,87.19999694824219,69.30000305175781,58.76908493041992,47.59000015258789,53.77000045776367,6.177499771118164,35.256168365478516,137.05999755859375,56.7400016784668,68.0999984741211,60.4033317565918,36.900001525878906,253.74000549316406,50.81999969482422,105.9000015258789,55.97999954223633,37.6150016784668,26.989999771118164,86.22000122070312,82.02999877929688,96.26000213623047,16.149999618530273,194.60000610351562,196.6999969482422,24.4950008392334,28.670000076293945,56.0,67.97000122070312,70.91999816894531,126.2300033569336,44.95000076293945,126.05999755859375,225.75999450683594,51.689998626708984,127.41000366210938,106.30999755859375,87.7699966430664,70.95999908447266,59.29389190673828,47.63999938964844,54.38999938964844,6.237500190734863,35.341556549072266,137.38999938964844,57.43000030517578,68.62999725341797,61.04666519165039,37.33000183105469,255.13999938964844,51.130001068115234,107.91000366210938,56.400001525878906,38.32500076293945,27.030000686645508,86.5,83.02999877929688,6230000,42544100,2431400,842500,35761000,50218900,3898000,13262800,5636400,6631800,5113900,1963800,2527000,18665600,4827400,10186500,2449500,4441200,6055344,6089500,38699200,367508000,17795314,2205200,8702000,7497400,1998600,7316200,1486000,6216200,3512600,15641400,38725600,46023700,6434500,10405300
2018-07-12,68.68712615966797,16.559999465942383,152.2373046875,185.20506286621094,17.05143165588379,23.892560958862305,42.626304626464844,52.339988708496094,54.81862258911133,87.9535903930664,31.166719436645508,91.6310043334961,190.6298370361328,44.501121520996094,103.04871368408203,86.36913299560547,79.77070617675781,55.086788177490234,47.124820709228516,37.719764709472656,54.07966995239258,6.218527317047119,24.59969139099121,104.02661895751953,47.96198654174805,54.08436965942383,56.464420318603516,31.823299407958984,225.08575439453125,37.538787841796875,77.99952697753906,44.97043228149414,26.96230125427246,23.367849349975586,76.42940521240234,57.74226760864258,95.61000061035156,16.559999465942383,194.0800018310547,199.3300018310547,20.99799919128418,28.770000457763672,56.810001373291016,68.51000213623047,71.44999694824219,124.26000213623047,43.93000030517578,124.13999938964844,227.22000122070312,52.349998474121094,127.76000213623047,106.8499984741211,88.91000366210938,70.51000213623047,59.790077209472656,48.02000045776367,55.45000076293945,6.280749797821045,35.597721099853516,137.99000549316406,58.31999969482422,67.47000122070312,60.86000061035156,37.310001373291016,256.04998779296875,51.36000061035156,106.79000091552734,56.029998779296875,37.93000030517578,27.100000381469727,87.23999786376953,82.69000244140625,95.66999816894531,16.790000915527344,194.25999450683594,199.3699951171875,21.027999877929688,28.969999313354492,56.849998474121094,68.5999984741211,71.69999694824219,124.94999694824219,44.630001068115234,125.66999816894531,227.8000030517578,52.47999954223633,128.2100067138672,107.55999755859375,88.98999786376953,70.66999816894531,59.961830139160156,48.27000045776367,55.65999984741211,6.329249858856201,35.63567352294922,138.9499969482422,58.4900016784668,68.70999908447266,60.94333267211914,37.59000015258789,256.82000732421875,51.849998474121094,107.5999984741211,56.47999954223633,38.17499923706055,27.239999771118164,87.30000305175781,83.23999786376953,94.0999984741211,16.3799991607666,192.55999755859375,196.27000427246094,19.746000289916992,28.65999984741211,56.189998626708984,67.94000244140625,70.41000366210938,123.58999633789062,43.630001068115234,123.0999984741211,225.77000427246094,51.72999954223633,127.16999816894531,105.97000122070312,87.91999816894531,69.2699966430664,59.29389190673828,47.79999923706055,54.349998474121094,6.223999977111816,35.30360412597656,136.6199951171875,57.310001373291016,67.0,59.91999816894531,37.20000076293945,254.9199981689453,51.13999938964844,105.54000091552734,55.599998474121094,37.65999984741211,26.940000534057617,86.66000366210938,82.30999755859375,94.91999816894531,16.40999984741211,194.19000244140625,196.8000030517578,20.70800018310547,28.899999618530273,56.54999923706055,68.36000061035156,70.86000061035156,124.44000244140625,44.630001068115234,124.91000366210938,227.63999938964844,52.04999923706055,127.70999908447266,107.41999816894531,88.0999984741211,70.52999877929688,59.58015441894531,48.0,54.650001525878906,6.234000205993652,35.49335861206055,138.8300018310547,57.849998474121094,68.6500015258789,60.29666519165039,37.33000183105469,256.17999267578125,51.720001220703125,107.0999984741211,56.459999084472656,37.96500015258789,27.219999313354492,86.70999908447266,83.01000213623047,4672000,44188100,2251900,625100,435083000,51700700,4081500,13345200,6386700,3745200,4959500,1971200,2223100,20292700,6199000,12456800,2604500,3951200,8424453,7774700,29647700,345508000,16974881,2190600,8426400,6217000,2267400,5275300,1592700,6453800,2992200,18236100,25136000,64876800,4461600,9762200
2018-07-13,69.41991424560547,16.270000457763672,153.67274475097656,185.0750274658203,16.440776824951172,23.709856033325195,42.663814544677734,51.186370849609375,55.240623474121094,87.7978515625,31.727197647094727,92.97439575195312,189.9502410888672,44.390628814697266,101.57266235351562,85.9730453491211,80.48844909667969,56.04775619506836,47.297786712646484,37.76689910888672,54.957427978515625,6.171253204345703,24.606250762939453,104.27539825439453,48.019554138183594,54.57334518432617,56.26031494140625,32.215641021728516,227.415283203125,37.20988464355469,78.40123748779297,44.43269729614258,27.104473114013672,23.26436996459961,76.56957244873047,58.175201416015625,96.62999725341797,16.270000457763672,195.91000366210938,199.19000244140625,20.246000289916992,28.549999237060547,56.86000061035156,67.0,72.0,124.04000091552734,44.720001220703125,125.95999908447266,226.41000366210938,52.220001220703125,125.93000030517578,106.36000061035156,89.70999908447266,71.73999786376953,60.00954055786133,48.08000183105469,56.349998474121094,6.232999801635742,35.60721206665039,138.32000732421875,58.38999938964844,68.08000183105469,60.63999938964844,37.77000045776367,258.70001220703125,50.90999984741211,107.33999633789062,55.36000061035156,38.130001068115234,26.979999542236328,87.4000015258789,83.30999755859375,96.86000061035156,16.690000534057617,196.75,200.32000732421875,21.399999618530273,28.690000534057617,57.06999969482422,68.30000305175781,72.56999969482422,124.87999725341797,45.33000183105469,127.01000213623047,228.6199951171875,52.41999816894531,127.5,107.80000305175781,89.87000274658203,71.9800033569336,60.152671813964844,48.400001525878906,56.59000015258789,6.299499988555908,35.66413879394531,139.4499969482422,58.779998779296875,68.33999633789062,61.03333282470703,37.79999923706055,259.010009765625,51.29999923706055,107.7300033569336,55.790000915527344,38.36000061035156,27.06999969482422,87.58999633789062,83.75,94.94000244140625,16.219999313354492,193.3800048828125,198.57000732421875,20.190000534057617,28.219999313354492,56.529998779296875,66.22000122070312,71.3499984741211,123.62999725341797,43.93000030517578,124.12999725341797,223.92999267578125,51.7599983215332,125.31999969482422,105.13999938964844,88.54000091552734,70.4800033569336,59.39885330200195,47.47999954223633,55.31999969482422,6.190499782562256,35.31309127807617,135.25,58.18000030517578,67.41000366210938,60.54999923706055,37.47999954223633,256.0199890136719,50.61000061035156,106.16000366210938,53.630001068115234,37.8650016784668,26.700000762939453,87.0,82.55999755859375,94.95999908447266,16.68000030517578,194.99000549316406,200.32000732421875,21.25,28.6200008392334,56.619998931884766,67.98999786376953,71.37000274658203,124.19999694824219,44.060001373291016,124.38999938964844,226.6300048828125,52.400001525878906,125.31999969482422,107.30000305175781,88.83000183105469,70.87000274658203,59.417938232421875,48.08000183105469,55.5099983215332,6.299499988555908,35.5787467956543,138.97000122070312,58.25,67.75,61.03333282470703,37.540000915527344,256.3900146484375,51.04999923706055,106.62000274658203,54.7400016784668,37.96500015258789,26.989999771118164,87.05000305175781,82.68000030517578,3712400,40614100,2232000,422900,161678000,75178000,3685100,34054000,6313300,3352800,6548700,1820000,2541500,13749300,8250200,21289100,3335000,4884600,7705106,9747600,28799000,246988000,15227243,5306100,5266100,4607000,802200,4947500,2356200,6975600,2500000,34323400,22846200,64146900,6048700,8720000
2018-07-16,69.14690399169922,16.579999923706055,152.8648223876953,185.90194702148438,16.504920959472656,24.73133087158203,42.34117126464844,53.065757751464844,54.15113067626953,87.0475845336914,31.36537742614746,92.11322784423828,194.1702423095703,44.21209716796875,100.57251739501953,89.38414001464844,79.91425323486328,55.797752380371094,47.07217025756836,38.4110107421875,54.76237106323242,6.143531799316406,24.507904052734375,106.94740295410156,47.98665237426758,54.04428482055664,56.18300247192383,32.232723236083984,225.90338134765625,37.49492645263672,77.64163970947266,45.7409553527832,26.79169464111328,23.678266525268555,76.10523986816406,57.602596282958984,96.25,16.579999923706055,194.8800048828125,200.0800018310547,20.325000762939453,29.780000686645508,56.43000030517578,69.45999908447266,70.58000183105469,122.9800033569336,44.209999084472656,124.61000061035156,231.44000244140625,52.0099983215332,124.69000244140625,110.58000183105469,89.06999969482422,71.41999816894531,59.72328186035156,48.900001525878906,56.150001525878906,6.204999923706055,35.46489715576172,140.88999938964844,58.349998474121094,67.41999816894531,60.55666732788086,37.790000915527344,256.9800109863281,51.29999923706055,106.30000305175781,56.9900016784668,37.689998626708984,27.459999084472656,86.87000274658203,82.48999786376953,96.81999969482422,17.0,196.57000732421875,201.13999938964844,20.63800048828125,29.850000381469727,56.93000030517578,69.70999908447266,71.58999633789062,123.87999725341797,44.56999969482422,125.44000244140625,231.44000244140625,52.31999969482422,126.0999984741211,110.7699966430664,89.83999633789062,71.9000015258789,60.066795349121094,49.09000015258789,57.18000030517578,6.258500099182129,35.62618637084961,141.05999755859375,58.84000015258789,67.5199966430664,60.96333312988281,37.88999938964844,258.45001220703125,51.43000030517578,108.1500015258789,57.22999954223633,37.939998626708984,27.479999542236328,87.47000122070312,82.79000091552734,95.26000213623047,16.40999984741211,194.11000061035156,199.3699951171875,20.05299949645996,28.729999542236328,56.209999084472656,67.27999877929688,69.54000091552734,121.87999725341797,43.18000030517578,122.9000015258789,226.74000549316406,51.869998931884766,124.16000366210938,106.9800033569336,88.83999633789062,70.79000091552734,59.475189208984375,48.20000076293945,56.060001373291016,6.192500114440918,35.3795051574707,137.47999572753906,58.060001373291016,66.86000061035156,60.50666809082031,37.650001525878906,256.44000244140625,51.02000045776367,106.13999938964844,55.630001068115234,37.369998931884766,27.040000915527344,86.75,82.0,96.76000213623047,16.420000076293945,195.7100067138672,199.86000061035156,20.15999984741211,28.780000686645508,56.880001068115234,67.36000061035156,70.87999725341797,123.01000213623047,43.939998626708984,124.7699966430664,227.1999969482422,52.150001525878906,126.0,107.05000305175781,89.62999725341797,71.05000305175781,60.04771041870117,48.220001220703125,56.599998474121094,6.204999923706055,35.55977249145508,138.05999755859375,58.41999816894531,67.08999633789062,60.72666549682617,37.880001068115234,258.2900085449219,51.04999923706055,107.27999877929688,55.7400016784668,37.755001068115234,27.059999465942383,87.47000122070312,82.5199966430664,3783500,65275300,1824800,1153300,102277000,129172000,3777400,26659900,6216200,4317800,5571300,3210200,3271200,15951500,7314400,24662600,3175200,3077100,4729938,8724000,25735200,197036000,17888699,3238300,5907100,4544100,612600,5399200,3625400,6932600,2548400,25538700,22781200,55812000,5388500,8306900
2018-07-17,68.54345703125,16.8700008392334,152.11175537109375,189.8600616455078,16.91581916809082,24.922334671020508,42.49123764038086,52.981727600097656,53.920963287353516,86.29019927978516,31.27314567565918,91.89884948730469,193.81784057617188,43.9910774230957,104.1375961303711,89.3194808959961,80.36286163330078,56.0164909362793,47.02704620361328,38.630950927734375,55.5523567199707,6.279420375823975,24.68492889404297,107.3952407836914,48.44719314575195,53.49919509887695,56.99016571044922,32.445945739746094,220.02239990234375,37.49492645263672,77.48822784423828,45.39582824707031,26.685081481933594,23.704143524169922,76.5257568359375,57.476905822753906,95.41000366210938,16.8700008392334,193.9199981689453,204.33999633789062,20.83099937438965,30.010000228881836,56.630001068115234,69.3499984741211,70.27999877929688,121.91000366210938,44.08000183105469,124.31999969482422,231.02000427246094,51.75,129.11000061035156,110.5,89.56999969482422,71.69999694824219,59.66603088378906,49.18000030517578,56.959999084472656,6.342249870300293,35.72106170654297,141.47999572753906,58.90999984741211,66.73999786376953,61.426666259765625,38.040000915527344,250.2899932861328,51.29999923706055,106.08999633789062,56.560001373291016,37.540000915527344,27.489999771118164,87.3499984741211,82.30999755859375,97.16999816894531,16.8799991607666,194.89999389648438,204.8800048828125,20.909000396728516,30.200000762939453,56.810001373291016,69.87000274658203,70.69000244140625,122.95999908447266,44.56999969482422,124.98999786376953,233.22999572753906,51.880001068115234,130.5399932861328,110.93000030517578,89.97000122070312,72.6500015258789,59.933204650878906,49.45000076293945,57.130001068115234,6.357500076293945,35.83491516113281,142.25,58.90999984741211,67.19999694824219,61.4466667175293,38.119998931884766,252.52000427246094,51.68000030517578,107.54000091552734,57.029998779296875,37.75,27.600000381469727,87.4800033569336,82.75,95.33000183105469,16.479999542236328,192.11000061035156,199.38999938964844,20.201000213623047,29.579999923706055,56.40999984741211,68.80000305175781,69.0999984741211,121.80000305175781,43.619998931884766,122.11000061035156,226.8699951171875,51.0099983215332,127.55999755859375,109.75,89.33999633789062,70.83000183105469,59.59923553466797,48.4900016784668,55.5,6.129499912261963,35.531307220458984,140.61000061035156,57.619998931884766,66.36000061035156,60.0533332824707,37.349998474121094,246.27000427246094,51.18000030517578,105.66999816894531,56.43000030517578,37.33000183105469,27.34000015258789,86.80000305175781,82.04000091552734,96.2699966430664,16.5,192.3699951171875,199.80999755859375,20.22100067138672,29.889999389648438,56.630001068115234,69.5,70.22000122070312,122.36000061035156,43.91999816894531,124.19999694824219,231.47999572753906,51.04999923706055,128.52999877929688,110.69000244140625,89.36000061035156,71.37999725341797,59.66603088378906,49.0,55.83000183105469,6.155250072479248,35.54079818725586,140.8000030517578,57.91999816894531,67.08999633789062,60.150001525878906,37.5,251.5500030517578,51.400001525878906,106.19999694824219,56.95000076293945,37.564998626708984,27.489999771118164,86.83999633789062,82.26000213623047,5107500,42313500,2567300,1383900,110827000,87778900,3900600,17262800,5724000,4135200,4823900,3869200,9280200,15754500,12858700,14821900,2179400,3110700,5292086,11138300,24729100,362136000,15740014,2505800,7560300,6614300,4140600,6238500,6932300,9600900,2590600,21649000,19506400,55502200,5849300,7373300
2018-07-18,67.81787109375,16.850000381469727,151.2332000732422,202.45919799804688,16.953990936279297,25.021991729736328,42.6788215637207,53.363712310791016,53.97468185424805,86.02120208740234,31.039024353027344,91.351806640625,194.0024871826172,43.96559143066406,103.08098602294922,90.15204620361328,80.77555084228516,56.688392639160156,47.33538818359375,39.714942932128906,56.03024673461914,6.23016357421875,24.69147491455078,108.1012191772461,48.32384490966797,53.75571823120117,57.429298400878906,32.76153564453125,224.53196716308594,37.071014404296875,77.89726257324219,45.40385818481445,26.70284652709961,24.083545684814453,76.58708953857422,57.41405487060547,94.4000015258789,16.850000381469727,192.8000030517578,217.89999389648438,20.878000259399414,30.1299991607666,56.880001068115234,69.8499984741211,70.3499984741211,121.52999877929688,43.75,123.58000183105469,231.24000549316406,51.720001220703125,127.80000305175781,111.52999877929688,90.02999877929688,72.55999755859375,60.0572509765625,50.560001373291016,57.45000076293945,6.292500019073486,35.73054885864258,142.41000366210938,58.7599983215332,67.05999755859375,61.900001525878906,38.40999984741211,255.4199981689453,50.720001220703125,106.6500015258789,56.56999969482422,37.564998626708984,27.93000030517578,87.41999816894531,82.22000122070312,95.43000030517578,16.989999771118164,194.0,218.47999572753906,20.988000869750977,30.290000915527344,56.90999984741211,70.26000213623047,70.5,121.66999816894531,43.84000015258789,124.20999908447266,233.72000122070312,51.970001220703125,129.0500030517578,112.12000274658203,90.12999725341797,72.75,60.095420837402344,51.5,58.150001525878906,6.348750114440918,35.79696273803711,142.47999572753906,59.0,67.44999694824219,62.00666809082031,38.470001220703125,256.6099853515625,51.400001525878906,107.44000244140625,56.81999969482422,37.619998931884766,27.979999542236328,87.44000244140625,82.31999969482422,94.33000183105469,16.549999237060547,192.0500030517578,212.75,20.663000106811523,29.84000015258789,56.290000915527344,69.22000122070312,68.80999755859375,119.66999816894531,42.790000915527344,121.16000366210938,230.14999389648438,51.470001220703125,127.16999816894531,110.19999694824219,89.06999969482422,70.61000061035156,59.51335906982422,50.04999923706055,56.91999816894531,6.241000175476074,35.55977249145508,140.94000244140625,58.369998931884766,65.88999938964844,61.5,37.880001068115234,250.44000244140625,50.470001220703125,103.75,56.13999938964844,36.9900016784668,27.559999465942383,87.11000061035156,81.48999786376953,95.2699966430664,16.940000534057617,193.25,213.08999633789062,20.722000122070312,29.920000076293945,56.58000183105469,69.22000122070312,69.4800033569336,121.23999786376953,43.58000183105469,123.33999633789062,232.33999633789062,51.869998931884766,128.80999755859375,110.41999816894531,89.5999984741211,71.47000122070312,59.73282241821289,50.75,57.25,6.334750175476074,35.66413879394531,141.10000610351562,59.0,66.4000015258789,61.70333480834961,38.040000915527344,251.11000061035156,51.0,105.54000091552734,56.2599983215332,37.36000061035156,27.600000381469727,87.37000274658203,81.80000305175781,5521900,40881500,2215800,3615000,80834000,59109200,3730300,16321200,5667700,6061300,8151700,3280200,6149900,14649000,7152000,14244900,3021400,5089500,6645578,18407300,33729700,277640000,20803430,2105300,6795100,6493200,923400,10532200,3359800,11592600,3100500,19913900,30703000,59109200,7575700,8711900
2018-07-19,64.6209487915039,16.709999084472656,150.41746520996094,200.00625610351562,17.083105087280273,24.639984130859375,42.423709869384766,52.7066764831543,53.468299865722656,86.12031555175781,31.315704345703125,90.47216796875,192.65171813964844,44.18659210205078,101.58073425292969,88.826416015625,80.23723602294922,56.92275619506836,47.01201248168945,39.1572380065918,54.830650329589844,6.2383317947387695,24.49478530883789,106.81076049804688,48.776161193847656,53.64348602294922,57.302520751953125,33.95566177368164,222.3430633544922,37.538787841796875,78.15290069580078,45.21122360229492,26.709957122802734,23.721385955810547,76.15779876708984,57.267425537109375,89.94999694824219,16.709999084472656,191.75999450683594,215.25999450683594,21.03700065612793,29.670000076293945,56.540000915527344,68.98999786376953,69.69000244140625,121.66999816894531,44.13999938964844,122.38999938964844,229.6300048828125,51.97999954223633,125.94000244140625,109.88999938964844,89.43000030517578,72.86000061035156,59.64694595336914,49.849998474121094,56.220001220703125,6.300749778747559,35.445919036865234,140.7100067138672,59.310001373291016,66.91999816894531,61.76333236694336,39.810001373291016,252.92999267578125,51.36000061035156,107.0,56.33000183105469,37.57500076293945,27.510000228881836,86.93000030517578,82.01000213623047,93.27999877929688,16.8799991607666,192.85000610351562,216.6999969482422,21.148000717163086,30.020000457763672,56.93000030517578,69.55999755859375,70.44000244140625,122.13999938964844,44.529998779296875,123.58000183105469,231.99000549316406,52.0099983215332,127.69999694824219,111.08999633789062,89.9800033569336,73.44999694824219,60.0572509765625,50.970001220703125,57.560001373291016,6.334750175476074,35.673622131347656,142.2899932861328,59.59000015258789,67.55000305175781,62.01333236694336,40.38999938964844,256.5,51.619998931884766,107.6500015258789,56.880001068115234,37.73500061035156,27.799999237060547,87.38999938964844,82.62000274658203,87.76000213623047,16.549999237060547,190.2899932861328,214.64999389648438,20.804000854492188,29.639999389648438,56.08000183105469,68.55999755859375,69.48999786376953,121.01000213623047,43.470001220703125,122.19000244140625,228.97999572753906,51.04999923706055,125.87000274658203,109.7300033569336,88.87000274658203,72.5999984741211,59.39885330200195,49.779998779296875,55.66999816894531,6.2582502365112305,35.39848327636719,140.17999267578125,58.650001525878906,66.5,61.36000061035156,38.619998931884766,251.85000610351562,50.65999984741211,106.72000122070312,56.02000045776367,37.42499923706055,27.469999313354492,86.55000305175781,81.72000122070312,93.22000122070312,16.709999084472656,191.86000061035156,215.75,20.82900047302246,29.93000030517578,56.84000015258789,69.5,70.12999725341797,121.0999984741211,43.66999816894531,122.73999786376953,231.11000061035156,51.599998474121094,127.52999877929688,111.05999755859375,89.83000183105469,72.88999938964844,59.86641311645508,50.5,57.25,6.273499965667725,35.531307220458984,141.64999389648438,58.709999084472656,66.5999984741211,61.779998779296875,39.439998626708984,255.32000732421875,50.65999984741211,106.95999908447266,56.2599983215332,37.46500015258789,27.790000915527344,87.20999908447266,82.19999694824219,19747200,41267800,2539200,843000,63247000,59260600,3796900,14833900,5959200,4471400,5095100,2889300,4638500,15954600,5984600,16775300,3171000,3148700,7631641,11363600,39392100,235752000,16596811,2120200,8150200,7049000,871500,17762300,2307600,12128400,2564300,22219400,32463600,61765100,5204000,8659100
2018-07-20,63.8737678527832,16.5,149.4212646484375,204.2338409423828,17.079858779907227,25.021991729736328,42.55126953125,52.882415771484375,53.934383392333984,86.54501342773438,31.315704345703125,90.4426040649414,194.38002014160156,44.12710189819336,101.50817108154297,89.94995880126953,79.37590789794922,56.657127380371094,47.019527435302734,39.48714828491211,53.66029739379883,6.210114479064941,24.475120544433594,108.16952514648438,48.20048522949219,52.9781608581543,57.0334587097168,34.74036407470703,222.1409149169922,37.31951904296875,77.5759048461914,45.27544021606445,26.617538452148438,23.764495849609375,76.00887298583984,56.84144973754883,88.91000366210938,16.5,190.49000549316406,219.80999755859375,21.033000946044922,30.1299991607666,56.709999084472656,69.22000122070312,70.01000213623047,122.2699966430664,44.13999938964844,122.3499984741211,231.69000244140625,51.90999984741211,125.8499984741211,111.27999877929688,88.47000122070312,72.5199966430664,59.656490325927734,50.27000045776367,55.02000045776367,6.272250175476074,35.417457580566406,142.5,58.61000061035156,66.08999633789062,61.473331451416016,40.72999954223633,252.6999969482422,51.060001373291016,106.20999908447266,56.40999984741211,37.44499969482422,27.559999465942383,86.76000213623047,81.4000015258789,89.63999938964844,16.8799991607666,191.47999572753906,221.4600067138672,21.121000289916992,30.15999984741211,56.880001068115234,69.55999755859375,70.13999938964844,122.3499984741211,44.40999984741211,123.30999755859375,232.0500030517578,52.06999969482422,126.13999938964844,111.73999786376953,89.37000274658203,73.26000213623047,59.67557144165039,50.59000015258789,56.13999938964844,6.337500095367432,35.417457580566406,142.69000244140625,59.18000030517578,68.43000030517578,61.81666564941406,40.849998474121094,253.5500030517578,51.41999816894531,107.33999633789062,56.65999984741211,37.65999984741211,27.639999389648438,86.88999938964844,81.93000030517578,86.76000213623047,16.440000534057617,189.49000549316406,216.7100067138672,20.875999450683594,29.459999084472656,56.41999816894531,68.52999877929688,69.69000244140625,121.01000213623047,43.689998626708984,121.44000244140625,228.8000030517578,51.33000183105469,125.12000274658203,109.77999877929688,88.26000213623047,72.0999984741211,59.16984558105469,49.59000015258789,54.83000183105469,6.261250019073486,35.21821594238281,140.2100067138672,58.400001525878906,66.02999877929688,61.15999984741211,39.84000015258789,251.1699981689453,50.84000015258789,105.81999969482422,55.849998474121094,37.32500076293945,27.360000610351562,86.51000213623047,81.25,88.70999908447266,16.65999984741211,191.47999572753906,216.7100067138672,21.010000228881836,29.6200008392334,56.599998474121094,68.79000091552734,69.75,121.25,44.40999984741211,122.68000030517578,229.00999450683594,51.83000183105469,125.30000305175781,110.0,89.0199966430664,72.6500015258789,59.21755599975586,49.650001525878906,56.08000183105469,6.298250198364258,35.29411697387695,140.75999450683594,58.97999954223633,68.33999633789062,61.70000076293945,39.9900016784668,251.1699981689453,51.22999954223633,106.68000030517578,56.06999969482422,37.57500076293945,27.459999084472656,86.69000244140625,81.72000122070312,11791900,42879800,2252200,1371300,62893000,80432700,4768400,12017500,5617200,5394700,5088300,1540000,2683500,17380500,5835500,13578100,3829800,4231700,7204686,8910000,32588100,222352000,15532798,2782600,10859700,7510300,871800,14481000,1959600,9167100,2291700,17250400,21722400,51562300,4822600,9196300
2018-07-23,64.225830078125,16.65999984741211,149.01339721679688,205.13511657714844,17.5987548828125,25.53688621520996,41.928497314453125,53.638729095458984,53.9112663269043,85.87966918945312,31.36537742614746,90.8196029663086,196.11668395996094,44.467132568359375,102.13728332519531,91.62318420410156,79.74378967285156,57.03213119506836,47.14738082885742,39.85633087158203,52.94834518432617,6.173480987548828,24.396440505981445,109.42961883544922,48.587013244628906,52.697593688964844,57.11079025268555,34.74889373779297,222.1760711669922,37.91154098510742,77.62702178955078,46.551597595214844,26.5002498626709,24.0921688079834,76.16657257080078,56.84144973754883,89.4000015258789,16.65999984741211,189.97000122070312,220.77999877929688,21.672000885009766,30.75,55.880001068115234,70.20999908447266,69.9800033569336,121.33000183105469,44.209999084472656,122.86000061035156,233.75999450683594,52.310001373291016,126.62999725341797,113.3499984741211,88.87999725341797,73.0,59.818702697753906,50.7400016784668,54.290000915527344,6.235249996185303,35.30360412597656,144.16000366210938,59.08000183105469,65.73999786376953,61.55666732788086,40.7400016784668,252.74000549316406,51.869998931884766,106.27999877929688,58.0,37.279998779296875,27.940000534057617,86.94000244140625,81.4000015258789,89.98999786376953,16.68000030517578,190.97000122070312,221.66000366210938,21.86400032043457,30.850000381469727,56.16999816894531,70.44999694824219,70.62000274658203,123.06999969482422,44.7400016784668,123.45999908447266,234.86000061035156,52.5,126.68000030517578,114.23999786376953,89.16000366210938,73.38999938964844,59.904579162597656,51.0,54.58000183105469,6.247250080108643,35.588233947753906,144.5399932861328,59.209999084472656,66.5999984741211,61.65999984741211,40.97999954223633,255.22999572753906,51.900001525878906,107.20999908447266,58.09000015258789,37.57500076293945,27.979999542236328,87.05000305175781,82.0,88.63999938964844,15.899999618530273,189.16000366210938,217.0,21.040000915527344,30.1299991607666,55.45000076293945,69.01000213623047,69.88999938964844,121.16000366210938,44.130001068115234,122.29000091552734,231.72000122070312,51.33000183105469,125.44999694824219,110.93000030517578,88.16999816894531,72.30999755859375,59.64694595336914,50.25,52.220001220703125,6.081999778747559,35.23719024658203,141.99000549316406,57.81999969482422,65.47000122070312,60.36333465576172,40.630001068115234,252.42999267578125,51.029998779296875,105.76000213623047,56.29999923706055,37.21500015258789,27.549999237060547,86.61000061035156,81.18000030517578,89.16999816894531,16.469999313354492,190.11000061035156,219.57000732421875,21.041000366210938,30.139999389648438,56.0099983215332,69.16000366210938,70.5,122.3499984741211,44.439998626708984,123.16000366210938,231.8000030517578,51.77000045776367,125.75,111.05999755859375,88.30000305175781,73.05999755859375,59.70419692993164,50.27000045776367,53.5099983215332,6.245500087738037,35.426944732666016,142.25999450683594,58.400001525878906,65.97000122070312,61.15666580200195,40.81999969482422,252.91000366210938,51.099998474121094,106.86000061035156,56.38999938964844,37.54999923706055,27.559999465942383,86.70999908447266,81.94999694824219,6316800,44940800,1767000,930500,82211000,74080200,7593900,15764000,7936900,5359400,3823700,1746300,2788500,15945500,4631100,18140000,3145300,3605800,7266413,7728900,42781500,301584000,20853074,2017400,8011800,8542800,1001100,6832800,1479600,7739700,2542400,24584100,15247600,81516200,3824600,8425900
2018-07-24,65.7632064819336,16.190000534057617,150.13507080078125,198.55679321289062,17.649105072021484,25.60332679748535,43.71428680419922,54.29576110839844,54.58151626586914,87.66336822509766,31.613683700561523,92.85982513427734,197.89527893066406,44.35661315917969,104.33922576904297,92.26985168457031,83.75430297851562,57.610260009765625,47.696388244628906,40.044857025146484,51.85601806640625,6.156153678894043,24.717710494995117,108.66291809082031,48.39785385131836,52.521236419677734,56.48917007446289,34.45035934448242,223.07269287109375,37.750755310058594,78.35011291503906,46.83251190185547,26.834352493286133,24.161149978637695,76.85868072509766,57.96571731567383,91.54000091552734,16.190000534057617,191.39999389648438,213.6999969482422,21.733999252319336,30.829999923706055,58.2599983215332,71.06999969482422,70.8499984741211,123.8499984741211,44.560001373291016,125.62000274658203,235.8800048828125,52.18000030517578,129.36000061035156,114.1500015258789,93.3499984741211,73.73999786376953,60.51526641845703,50.97999954223633,53.16999816894531,6.217750072479248,35.76850128173828,143.14999389648438,58.849998474121094,65.5199966430664,60.88666534423828,40.38999938964844,253.75999450683594,51.650001525878906,107.2699966430664,58.349998474121094,37.75,28.020000457763672,87.7300033569336,83.01000213623047,91.61000061035156,16.860000610351562,193.1999969482422,219.8699951171875,22.038999557495117,31.110000610351562,58.27000045776367,71.47000122070312,71.55000305175781,124.16000366210938,45.310001373291016,127.12000274658203,237.47999572753906,53.29999923706055,129.6199951171875,114.77999877929688,93.76000213623047,74.55999755859375,60.53435134887695,51.529998779296875,55.400001525878906,6.371250152587891,35.815940856933594,144.9499969482422,59.619998931884766,66.41000366210938,62.2400016784668,41.209999084472656,254.9600067138672,52.2400016784668,107.4800033569336,58.689998626708984,37.970001220703125,28.190000534057617,87.87999725341797,83.0199966430664,89.75,16.110000610351562,190.5,213.16000366210938,21.600000381469727,30.649999618530273,56.040000915527344,70.29000091552734,70.37000274658203,121.86000061035156,44.25,122.9800033569336,234.33999633789062,52.08000183105469,127.1500015258789,113.41999816894531,90.0,73.04000091552734,59.9427490234375,50.84000015258789,52.939998626708984,6.199999809265137,35.360530853271484,142.83999633789062,58.45000076293945,65.38999938964844,60.79999923706055,40.380001068115234,252.00999450683594,51.52000045776367,106.4000015258789,57.849998474121094,37.39500045776367,27.950000762939453,87.33999633789062,81.4800033569336,90.51000213623047,16.75,191.25,219.4600067138672,21.780000686645508,30.850000381469727,56.08000183105469,70.4000015258789,70.69999694824219,121.87000274658203,44.45000076293945,123.69000244140625,234.75,52.7599983215332,127.23999786376953,113.55000305175781,91.05999755859375,73.43000030517578,60.01908493041992,50.97999954223633,55.0,6.283750057220459,35.455406188964844,144.50999450683594,59.349998474121094,66.01000213623047,61.939998626708984,41.099998474121094,254.86000061035156,51.7599983215332,106.55000305175781,58.0,37.44499969482422,28.049999237060547,87.4000015258789,81.5199966430664,7965000,58201500,2440400,918500,81158000,64761500,9670400,21883800,4709100,4423500,4269100,2850900,2887400,17788700,7158800,14000400,9910000,4223600,9931058,7254900,39011500,354620000,17804800,2794900,6637600,8872000,1884000,7018300,2476500,5939900,3347500,27245000,20337000,63133700,6467100,11121000
2018-07-25,66.89830780029297,16.049999237060547,151.42149353027344,203.45338439941406,18.349905014038086,25.802635192871094,44.29953384399414,54.79234313964844,55.08995056152344,88.40657043457031,32.11740493774414,94.90006256103516,198.5748748779297,44.56913757324219,103.74240112304688,93.1024169921875,86.51769256591797,58.375911712646484,48.501121520996094,40.09197998046875,52.07057571411133,6.234371185302734,24.907848358154297,108.32894134521484,48.86661148071289,52.72964859008789,56.702552795410156,34.876834869384766,224.03973388671875,37.72882080078125,79.85472106933594,46.736202239990234,27.05826759338379,24.212890625,77.83990478515625,58.3707275390625,93.12000274658203,16.049999237060547,193.0399932861328,218.97000122070312,22.597000122070312,31.06999969482422,59.040000915527344,71.72000122070312,71.51000213623047,124.9000015258789,45.27000045776367,128.3800048828125,236.69000244140625,52.43000030517578,128.6199951171875,115.18000030517578,96.43000030517578,74.72000122070312,61.536258697509766,51.040000915527344,53.38999938964844,6.296750068664551,36.043643951416016,142.7100067138672,59.41999816894531,65.77999877929688,61.116668701171875,40.88999938964844,254.86000061035156,51.619998931884766,109.33000183105469,58.22999954223633,38.064998626708984,28.079999923706055,88.8499984741211,83.58999633789062,93.51000213623047,16.389999389648438,193.4600067138672,219.07000732421875,22.864999771118164,31.110000610351562,59.209999084472656,71.75,71.5999984741211,125.2300033569336,45.38999938964844,128.6699981689453,236.85000610351562,52.45000076293945,129.22999572753906,115.5199966430664,96.6500015258789,74.86000061035156,61.61259460449219,51.11000061035156,54.220001220703125,6.309500217437744,36.119544982910156,143.6300048828125,59.5,65.86000061035156,61.16999816894531,40.900001525878906,255.27000427246094,51.75,109.36000061035156,58.5,38.15999984741211,28.1299991607666,88.87000274658203,83.73999786376953,91.08000183105469,15.720000267028809,190.77000427246094,214.88999938964844,21.770999908447266,30.670000076293945,57.95000076293945,70.75,70.48999786376953,123.2699966430664,44.470001220703125,125.31999969482422,233.9499969482422,51.09000015258789,127.6500015258789,113.37999725341797,93.02999877929688,73.36000061035156,60.45801544189453,50.40999984741211,52.29999923706055,6.168749809265137,35.63567352294922,142.25999450683594,57.7599983215332,64.7300033569336,60.08000183105469,40.310001373291016,252.77000427246094,51.349998474121094,107.0199966430664,57.849998474121094,37.6150016784668,27.850000381469727,87.58999633789062,82.51000213623047,91.08000183105469,16.299999237060547,191.6199951171875,215.72000122070312,21.770999908447266,30.700000762939453,58.08000183105469,70.81999969482422,70.91999816894531,123.62000274658203,44.59000015258789,125.62999725341797,235.00999450683594,52.209999084472656,129.13999938964844,113.87999725341797,93.16000366210938,73.86000061035156,60.524810791015625,50.97999954223633,52.630001068115234,6.227250099182129,35.74003982543945,143.5,58.54999923706055,65.5999984741211,60.86000061035156,40.529998779296875,254.80999755859375,51.540000915527344,107.41999816894531,58.099998474121094,37.79999923706055,28.0,87.68000030517578,83.01000213623047,7494300,82604900,2009300,2240200,92271000,57644100,8873700,14232700,5148300,4278800,4533500,2602300,2181500,19854800,6523000,13329100,8476800,5236300,11023598,7483100,39749200,319112000,17171030,3293900,13143100,7586700,10230000,7725700,3016900,7672600,3309900,15531100,22070600,44197200,9285900,9523600
2018-07-26,67.48738861083984,18.350000381469727,152.21368408203125,201.2977752685547,18.123340606689453,25.694671630859375,43.45915603637695,54.50201416015625,55.31336212158203,87.73413848876953,32.032264709472656,95.25487518310547,198.92723083496094,44.3396110534668,105.08131408691406,92.83568572998047,85.39617919921875,62.62599563598633,48.14011001586914,40.05270004272461,52.431434631347656,6.307884693145752,25.019302368164062,108.23780822753906,52.28777313232422,53.59538269042969,57.80970764160156,34.8171272277832,225.9208984375,38.26968002319336,85.3327407836914,46.80040740966797,27.35326385498047,24.204265594482422,77.62086486816406,58.824615478515625,93.94000244140625,18.350000381469727,194.0500030517578,216.64999389648438,22.31800079345703,30.940000534057617,57.91999816894531,71.33999633789062,71.80000305175781,123.94999694824219,45.150001525878906,128.86000061035156,237.11000061035156,52.15999984741211,130.27999877929688,114.8499984741211,95.18000030517578,80.16000366210938,61.078243255615234,50.9900016784668,53.7599983215332,6.370999813079834,36.204933166503906,142.58999633789062,63.58000183105469,66.86000061035156,62.310001373291016,40.81999969482422,257.0,52.36000061035156,116.83000183105469,58.310001373291016,38.47999954223633,28.06999969482422,88.5999984741211,84.23999786376953,94.55999755859375,18.450000762939453,195.58999633789062,216.83999633789062,22.976999282836914,31.209999084472656,60.9900016784668,71.91000366210938,71.94000244140625,125.37999725341797,45.61000061035156,129.75,238.33999633789062,53.18000030517578,131.22000122070312,115.58999633789062,96.95999908447266,80.62999725341797,62.213741302490234,51.36000061035156,54.7400016784668,6.408249855041504,36.4041748046875,144.0,63.7599983215332,67.0199966430664,62.349998474121094,40.939998626708984,257.8699951171875,52.540000915527344,117.33999633789062,58.72999954223633,38.54999923706055,28.260000228881836,88.91000366210938,84.4000015258789,92.54000091552734,16.829999923706055,192.67999267578125,214.22999572753906,22.156999588012695,30.889999389648438,56.08000183105469,71.25,70.61000061035156,123.80000305175781,44.84000015258789,128.36000061035156,236.42999267578125,51.869998931884766,129.85000610351562,114.58000183105469,94.83000183105469,75.41000366210938,61.05915832519531,50.91999816894531,53.45000076293945,6.259500026702881,36.09108352661133,142.49000549316406,61.2599983215332,65.5199966430664,61.52333450317383,40.439998626708984,255.8000030517578,51.869998931884766,109.27999877929688,58.20000076293945,38.06999969482422,28.040000915527344,88.41000366210938,83.37000274658203,93.94999694824219,17.15999984741211,195.02999877929688,216.07000732421875,22.649999618530273,31.190000534057617,60.11000061035156,71.75,71.22000122070312,124.69999694824219,45.439998626708984,128.94000244140625,237.0,52.45000076293945,129.89999389648438,115.41999816894531,96.63999938964844,75.88999938964844,61.65076446533203,51.220001220703125,53.599998474121094,6.276500225067139,36.09108352661133,143.1999969482422,63.04999923706055,66.22000122070312,61.52333450317383,40.70000076293945,256.25,51.900001525878906,109.70999908447266,58.470001220703125,38.14500045776367,28.149999618530273,88.69999694824219,83.83000183105469,6812400,192661100,2835800,1511000,85069000,46215000,14646200,11169200,7360100,5544100,4958200,2860300,1885500,28282500,7640600,11897800,4826100,11435400,11677235,5524900,28862500,325124000,24840567,2796800,31025100,6497500,7296300,8476600,2021300,9397000,5408000,14165300,24374800,40056800,5763000,13210100
2018-07-27,65.05915832519531,18.940000534057617,150.95083618164062,198.18515014648438,17.950374603271484,25.794321060180664,42.70883560180664,54.7694206237793,55.043724060058594,89.1639175415039,31.606592178344727,95.46923828125,199.37185668945312,40.53130340576172,106.10568237304688,93.78950500488281,86.67021942138672,63.27442169189453,47.74904251098633,40.0998420715332,52.62649917602539,6.238084316253662,25.183210372924805,109.61176300048828,51.555843353271484,53.73968505859375,57.55300521850586,35.35447311401367,224.99789428710938,38.44509506225586,84.98216247558594,47.05724334716797,27.2359676361084,24.25599479675293,77.0601806640625,57.204566955566406,90.55999755859375,18.940000534057617,192.44000244140625,213.3000030517578,22.104999542236328,31.059999465942383,56.91999816894531,71.69000244140625,71.44999694824219,125.97000122070312,44.54999923706055,129.14999389648438,237.63999938964844,47.68000030517578,131.5500030517578,116.02999877929688,96.5999984741211,80.98999786376953,60.582061767578125,51.04999923706055,53.959999084472656,6.30049991607666,36.44212341308594,144.39999389648438,62.689998626708984,67.04000091552734,62.03333282470703,41.45000076293945,255.9499969482422,52.599998474121094,116.3499984741211,58.630001068115234,38.314998626708984,28.1299991607666,87.95999908447266,81.91999816894531,92.2699966430664,19.8799991607666,196.22000122070312,217.50999450683594,22.929000854492188,31.139999389648438,58.7599983215332,71.81999969482422,72.2699966430664,127.04000091552734,45.529998779296875,130.49000549316406,238.8000030517578,49.20000076293945,132.27000427246094,116.30000305175781,96.95999908447266,81.9000015258789,61.08778762817383,51.29999923706055,54.630001068115234,6.414999961853027,36.50853729248047,144.39999389648438,63.5099983215332,67.4000015258789,62.913333892822266,41.91999816894531,257.7900085449219,52.72999954223633,117.69999694824219,58.900001525878906,38.51499938964844,28.270000457763672,88.63999938964844,82.37999725341797,88.7699966430664,18.309999465942383,189.57000732421875,212.42999267578125,22.006999969482422,30.799999237060547,56.83000183105469,71.16000366210938,71.19000244140625,122.08000183105469,44.45000076293945,127.76000213623047,235.99000549316406,47.47999954223633,129.94000244140625,114.80999755859375,95.0199966430664,79.69999694824219,59.52289962768555,50.72999954223633,53.11000061035156,6.245999813079834,36.119544982910156,142.5800018310547,62.220001220703125,66.33000183105469,61.57666778564453,40.939998626708984,255.38999938964844,52.279998779296875,115.33999633789062,58.15999984741211,38.0,27.969999313354492,87.63999938964844,80.80999755859375,91.33999633789062,19.06999969482422,196.0,216.86000061035156,22.400999069213867,30.989999771118164,58.560001373291016,71.36000061035156,71.4800033569336,122.79000091552734,44.939998626708984,128.32000732421875,237.9600067138672,48.7599983215332,129.97999572753906,115.18000030517578,95.6500015258789,80.62000274658203,59.58969497680664,51.09000015258789,54.459999084472656,6.4079999923706055,36.148006439208984,143.1699981689453,63.220001220703125,66.33000183105469,62.35333251953125,40.939998626708984,257.7900085449219,52.36000061035156,116.44999694824219,58.380001068115234,38.04999923706055,28.059999465942383,88.63999938964844,80.97000122070312,12905800,161903800,4100200,920600,79443000,57198900,6387000,11194100,5587200,7580900,4340500,2423600,1998200,67816700,6620400,12802700,3975500,5450900,8815357,7252100,30109700,295420000,22111971,3297800,13488800,5888100,5193300,9468500,1656800,7241600,3308700,17662900,25281800,63149400,5742900,18220800
2018-07-30,65.69853973388672,19.420000076293945,149.53109741210938,199.3000946044922,18.286563873291016,26.001949310302734,44.217002868652344,55.22782516479492,55.67542266845703,90.4804916381836,31.968420028686523,96.02361297607422,200.47088623046875,40.53980255126953,106.6057357788086,94.35533142089844,87.94424438476562,63.672874450683594,48.741783142089844,40.218360900878906,51.69996643066406,6.042788505554199,25.301223754882812,110.34048461914062,51.02128601074219,54.17256546020508,56.99016571044922,35.04741668701172,223.14306640625,38.72282791137695,85.6468276977539,46.94487380981445,27.459884643554688,24.273244857788086,77.1039810180664,57.07888412475586,91.44999694824219,19.420000076293945,190.6300048828125,214.5,22.518999099731445,31.309999465942383,58.93000030517578,72.29000091552734,72.2699966430664,127.83000183105469,45.060001373291016,129.89999389648438,238.9499969482422,47.689998626708984,132.1699981689453,116.7300033569336,98.0199966430664,81.5,61.84160232543945,50.900001525878906,53.0099983215332,6.103250026702881,36.6129035949707,145.36000061035156,62.040000915527344,67.58000183105469,61.426666259765625,41.09000015258789,253.83999633789062,52.97999954223633,117.26000213623047,58.4900016784668,38.630001068115234,28.149999618530273,88.01000213623047,81.73999786376953,91.54000091552734,20.18000030517578,192.2100067138672,216.60000610351562,22.802000045776367,31.450000762939453,59.02000045776367,72.79000091552734,72.94000244140625,128.41000366210938,45.439998626708984,131.60000610351562,239.72999572753906,47.9900016784668,132.49000549316406,117.61000061035156,98.12000274658203,82.2699966430664,61.92748260498047,51.310001373291016,54.25,6.3207502365112305,36.69829177856445,146.11000061035156,62.97999954223633,68.30000305175781,62.176666259765625,41.52000045776367,256.8900146484375,53.310001373291016,118.16000366210938,59.27000045776367,38.779998779296875,28.360000610351562,88.18000030517578,82.12999725341797,89.37999725341797,19.309999465942383,189.94000244140625,213.61000061035156,22.104999542236328,31.1299991607666,56.81999969482422,71.80000305175781,72.13999938964844,126.22000122070312,44.86000061035156,129.52999877929688,236.88999938964844,46.43000030517578,131.25,116.05999755859375,96.25,81.19000244140625,60.6202278137207,50.43000030517578,52.41999816894531,6.067999839782715,36.223907470703125,144.32000732421875,61.93000030517578,67.30999755859375,61.12333297729492,40.88999938964844,253.11000061035156,52.619998931884766,116.16999816894531,58.29999923706055,38.4900016784668,28.110000610351562,87.75,80.70999908447266,90.66999816894531,19.399999618530273,191.5,216.42999267578125,22.111000061035156,31.139999389648438,56.91999816894531,71.86000061035156,72.30000305175781,126.76000213623047,45.189998626708984,130.4499969482422,238.0,47.630001068115234,131.77999877929688,116.27999877929688,96.37999725341797,81.66000366210938,60.86832046508789,50.880001068115234,54.189998626708984,6.3147501945495605,36.39468765258789,144.55999755859375,62.650001525878906,67.51000213623047,62.00666809082031,41.45000076293945,255.91000366210938,52.619998931884766,117.22000122070312,58.83000183105469,38.619998931884766,28.149999618530273,87.88999938964844,82.12999725341797,6466000,160823400,2984700,692600,75275000,58721000,8096600,16339100,4934100,5729300,5591000,2053300,2454100,35696600,11013100,13411600,5356000,4166200,10129130,10123700,25747800,340340000,21981486,2108000,9547700,5816900,2500200,5174300,1681500,7139600,2930500,22699900,22790000,56474100,5531200,11282800
2018-07-31,66.25890350341797,18.329999923706055,154.17477416992188,198.83555603027344,18.00884246826172,25.64484405517578,44.08193588256836,54.92220687866211,55.598411560058594,89.37627410888672,31.932947158813477,95.31400299072266,199.19564819335938,40.888328552246094,106.88805389404297,92.91651153564453,88.65303039550781,63.1494255065918,49.538970947265625,39.949710845947266,51.48541259765625,6.060859680175781,26.17978286743164,109.93817901611328,52.70719528198242,54.12445068359375,57.36746597290039,35.14977264404297,222.5980224609375,38.74475860595703,86.44296264648438,45.98174285888672,27.410139083862305,24.100784301757812,77.90997314453125,56.91825485229492,92.2300033569336,18.329999923706055,196.5500030517578,214.0,22.177000045776367,30.8799991607666,58.75,71.88999938964844,72.16999816894531,126.2699966430664,45.0099983215332,128.94000244140625,237.42999267578125,48.099998474121094,132.52000427246094,114.94999694824219,98.80999755859375,80.83000183105469,62.85305404663086,50.560001373291016,52.790000915527344,6.121500015258789,37.88425064086914,144.8300018310547,64.08999633789062,67.5199966430664,61.83333206176758,41.209999084472656,253.22000122070312,53.0099983215332,118.3499984741211,57.290000915527344,38.560001373291016,27.950000762939453,88.93000030517578,81.51000213623047,92.62999725341797,19.5,197.49000549316406,216.3000030517578,22.884000778198242,31.420000076293945,59.41999816894531,72.37000274658203,72.77999877929688,128.5500030517578,45.290000915527344,131.39999389648438,239.5,48.68000030517578,132.63999938964844,117.08000183105469,99.19999694824219,82.61000061035156,63.09160232543945,51.02000045776367,54.220001220703125,6.197000026702881,37.94117736816406,146.13999938964844,64.66000366210938,67.88999938964844,62.6966667175293,41.58000183105469,255.1999969482422,53.349998474121094,118.73999786376953,58.709999084472656,38.80500030517578,28.239999771118164,89.05000305175781,82.1500015258789,91.33000183105469,18.270000457763672,190.8699951171875,213.9600067138672,22.15399932861328,30.81999969482422,58.40999984741211,71.62999725341797,71.87999725341797,126.12999725341797,44.380001068115234,128.32000732421875,236.5500030517578,47.689998626708984,131.77000427246094,114.81999969482422,97.52999877929688,80.72000122070312,61.90839767456055,50.220001220703125,52.77000045776367,6.053500175476074,36.18595886230469,144.5399932861328,63.5,67.08000183105469,61.723331451416016,41.09000015258789,252.85000610351562,52.88999938964844,117.45999908447266,57.20000076293945,38.470001220703125,27.889999389648438,88.19999694824219,81.44000244140625,91.6500015258789,19.350000381469727,191.0,215.14999389648438,22.667999267578125,31.360000610351562,59.13999938964844,72.19999694824219,72.54000091552734,128.0,45.0,130.2899932861328,239.5,48.2400016784668,132.27999877929688,117.08000183105469,98.25,81.62000274658203,61.92748260498047,50.959999084472656,53.779998779296875,6.092750072479248,36.25237274169922,145.94000244140625,63.83000183105469,67.62999725341797,61.836666107177734,41.2599983215332,254.13999938964844,53.029998779296875,117.45999908447266,58.61000061035156,38.70000076293945,28.229999542236328,88.33000183105469,81.63999938964844,8691800,118403400,4429300,1162300,63860000,64066000,6561000,13608100,5422200,5894400,5588000,2467900,2503700,36581200,7598900,15843800,4957800,4686700,16184683,9714900,29301700,283988000,50837371,1753200,22350800,5986900,2271000,4908300,2355900,9379300,4034600,21633800,22581000,84500100,6719100,11716800
2018-08-01,67.4658432006836,18.479999542236328,153.61785888671875,198.75193786621094,17.605253219604492,25.952119827270508,44.73472595214844,54.9527702331543,55.32106399536133,88.75338745117188,30.840370178222656,92.82286071777344,198.02947998046875,41.491886138916016,106.98484802246094,93.49040985107422,88.55433654785156,63.09473419189453,49.25318908691406,39.64945602416992,50.99776840209961,6.100709915161133,26.402700424194336,110.08238983154297,52.92102813720703,53.43507385253906,57.28396224975586,35.57624816894531,222.7299041748047,38.4524040222168,85.29622650146484,46.270687103271484,27.029829025268555,24.100784301757812,77.927490234375,56.136165618896484,93.91000366210938,18.479999542236328,195.83999633789062,213.91000366210938,21.68000030517578,31.25,59.619998931884766,71.93000030517578,71.80999755859375,125.38999938964844,43.470001220703125,125.56999969482422,236.0399932861328,48.810001373291016,132.63999938964844,115.66000366210938,98.69999694824219,80.76000213623047,62.49045944213867,50.18000030517578,52.290000915527344,6.161749839782715,38.20683288574219,145.02000427246094,64.3499984741211,66.66000366210938,61.74333190917969,41.709999084472656,253.3699951171875,52.61000061035156,116.77999877929688,57.650001525878906,38.025001525878906,27.950000762939453,88.94999694824219,80.38999938964844,94.4800033569336,18.950000762939453,196.97999572753906,215.3699951171875,22.393999099731445,31.549999237060547,60.189998626708984,73.08000183105469,72.05000305175781,125.91999816894531,43.97999954223633,128.5500030517578,239.39999389648438,48.90999984741211,132.9600067138672,116.69000244140625,99.3499984741211,81.06999969482422,63.110687255859375,51.18000030517578,53.58000183105469,6.209000110626221,38.254268646240234,147.22999572753906,64.87000274658203,67.16000366210938,62.38999938964844,41.72999954223633,256.1000061035156,53.5099983215332,118.19000244140625,58.279998779296875,38.2400016784668,28.270000457763672,89.27999877929688,80.93000030517578,92.27999877929688,18.31999969482422,194.6999969482422,212.74000549316406,21.6200008392334,31.170000076293945,58.77000045776367,71.9000015258789,70.91000366210938,124.75,41.25,124.91999816894531,235.77999877929688,48.0,132.0800018310547,115.27999877929688,98.44000244140625,79.8499984741211,62.45228958129883,50.040000915527344,52.16999816894531,6.097249984741211,37.51423263549805,144.72000122070312,63.54999923706055,66.01000213623047,61.47666549682617,41.31999969482422,252.80999755859375,52.380001068115234,115.5199966430664,57.209999084472656,37.81999969482422,27.8799991607666,88.87999725341797,80.22000122070312,92.29000091552734,18.34000015258789,196.3300018310547,214.00999450683594,22.326000213623047,31.219999313354492,58.86000061035156,72.5,71.5199966430664,125.30999755859375,42.5,127.56999969482422,238.5,48.060001373291016,132.38999938964844,115.75,98.73999786376953,80.25,62.700382232666016,50.939998626708984,52.65999984741211,6.153250217437744,37.5996208190918,146.02999877929688,63.54999923706055,67.0,61.893333435058594,41.439998626708984,256.1000061035156,53.310001373291016,116.61000061035156,57.959999084472656,38.224998474121094,28.1299991607666,88.87999725341797,80.88999938964844,5330400,75495200,2632800,802500,42669000,69070700,7722700,13612200,5313200,4661000,16603400,3525500,2510500,28060700,5770400,13531600,4971800,4279400,7949604,9194600,28200000,283556000,32734605,1490200,10706200,4834900,3727800,6115000,3006700,5685600,3411600,19192700,22345000,64046900,5733000,8936300
2018-08-02,68.33509826660156,18.790000915527344,154.04141235351562,200.526611328125,17.568710327148438,25.977033615112305,44.47212600708008,54.88400650024414,55.12846374511719,87.59966278076172,31.17381477355957,93.08898162841797,196.3096160888672,42.06142807006836,105.86368560791016,93.886474609375,89.24520111083984,62.29005432128906,49.05011749267578,39.35710144042969,52.0803337097168,6.203432083129883,26.21756362915039,110.17350769042969,53.26642608642578,52.85792541503906,57.8468132019043,35.43976974487305,225.11215209960938,38.40855407714844,84.23713684082031,46.78435134887695,26.880544662475586,24.10940933227539,78.21659851074219,55.801002502441406,95.12000274658203,18.790000915527344,196.3800048828125,215.82000732421875,21.635000228881836,31.280000686645508,59.27000045776367,71.83999633789062,71.55999755859375,123.76000213623047,43.939998626708984,125.93000030517578,233.99000549316406,49.47999954223633,131.25,116.1500015258789,99.47000122070312,79.7300033569336,62.23282241821289,49.810001373291016,53.400001525878906,6.265500068664551,37.618595123291016,145.13999938964844,64.7699966430664,65.94000244140625,62.349998474121094,41.54999923706055,256.0799865722656,52.54999923706055,115.33000183105469,58.290000915527344,37.814998626708984,27.959999084472656,89.27999877929688,79.91000366210938,95.86000061035156,18.829999923706055,197.4199981689453,216.1199951171875,21.826000213623047,31.309999465942383,59.72999954223633,71.93000030517578,71.68000030517578,124.80999755859375,44.36000061035156,126.30999755859375,235.2100067138672,49.52000045776367,133.0,116.25,100.38999938964844,80.30000305175781,62.433204650878906,50.029998779296875,53.54999923706055,6.269499778747559,38.159393310546875,145.6300048828125,65.04000091552734,66.41999816894531,62.43000030517578,41.650001525878906,256.29998779296875,52.63999938964844,115.94999694824219,58.45000076293945,37.88999938964844,28.010000228881836,89.47000122070312,80.26000213623047,93.41000366210938,18.0,192.72999572753906,212.1999969482422,21.325000762939453,30.8700008392334,58.63999938964844,71.0199966430664,70.9800033569336,123.30000305175781,43.04999923706055,123.51000213623047,232.77000427246094,48.20000076293945,131.08999633789062,114.33000183105469,97.83999633789062,79.22000122070312,61.89885330200195,49.25,51.380001068115234,6.030250072479248,37.50474548339844,143.74000549316406,63.63999938964844,65.62999725341797,60.96666717529297,41.0,252.22999572753906,52.13999938964844,114.04000091552734,57.08000183105469,37.5,27.68000030517578,88.52999877929688,79.44999694824219,93.58000183105469,18.170000076293945,194.63999938964844,212.6699981689453,21.427000045776367,30.979999542236328,59.5,71.33999633789062,71.36000061035156,124.44000244140625,43.099998474121094,124.55999755859375,233.92999267578125,48.5,132.88999938964844,114.56999969482422,97.94999694824219,80.27999877929688,62.30915832519531,49.810001373291016,51.70000076293945,6.089749813079834,37.59013366699219,144.88999938964844,63.959999084472656,66.04000091552734,61.186668395996094,41.099998474121094,253.5,52.22999954223633,115.68000030517578,57.08000183105469,37.744998931884766,27.770000457763672,88.56999969482422,79.88999938964844,6023200,52867100,2500400,613900,40312000,46427200,5852200,13248600,4669400,4639600,6503100,3510600,2579700,26452500,6563300,11058100,4321000,3785000,7226379,7882500,28708000,269668000,31879284,1509600,10618500,4985000,2253300,4669300,1854400,4438100,2588100,13489100,19379400,38330700,5666200,8364300
2018-08-03,69.34806823730469,18.489999771118164,155.3042755126953,199.5602569580078,17.687273025512695,26.168041229248047,44.389583587646484,55.652809143066406,54.92048645019531,87.80492401123047,30.54239845275879,90.4869384765625,196.3935089111328,42.188941955566406,106.42828369140625,94.64629364013672,90.24110412597656,61.790016174316406,49.58408737182617,39.436119079589844,51.50491714477539,6.240065574645996,26.806047439575195,110.08999633789062,53.78453063964844,52.81783676147461,57.9674186706543,35.55918884277344,226.11431884765625,38.67167282104492,84.273681640625,47.21776580810547,26.7419376373291,24.247377395629883,78.68092346191406,56.00349426269531,96.52999877929688,18.489999771118164,197.99000549316406,214.77999877929688,21.7810001373291,31.510000228881836,59.15999984741211,72.38999938964844,71.29000091552734,124.05000305175781,43.04999923706055,122.41000366210938,234.08999633789062,49.630001068115234,131.9499969482422,117.08999633789062,100.58000183105469,79.08999633789062,62.91030502319336,49.90999984741211,52.810001373291016,6.302499771118164,38.46299743652344,145.02999877929688,65.4000015258789,65.88999938964844,62.47999954223633,41.689998626708984,257.2200012207031,52.90999984741211,115.37999725341797,58.83000183105469,37.619998931884766,28.1200008392334,89.80999755859375,80.19999694824219,96.8499984741211,19.059999465942383,198.41000366210938,214.92999267578125,21.799999237060547,31.510000228881836,59.349998474121094,72.5199966430664,71.4800033569336,124.25,44.060001373291016,125.01000213623047,235.52000427246094,49.779998779296875,132.6999969482422,117.12999725341797,100.69000244140625,80.33999633789062,62.99618148803711,50.15999984741211,53.400001525878906,6.326499938964844,38.57685089111328,145.77000427246094,65.61000061035156,66.6500015258789,62.53666687011719,41.95000076293945,257.55999755859375,52.91999816894531,116.33000183105469,58.93000030517578,37.814998626708984,28.1200008392334,89.87999725341797,80.30000305175781,94.81999969482422,18.3700008392334,196.10000610351562,212.35000610351562,21.440000534057617,31.15999984741211,58.88999938964844,71.56999969482422,70.61000061035156,123.33000183105469,42.77000045776367,120.83999633789062,233.49000549316406,49.16999816894531,130.89999389648438,115.94000244140625,98.87999725341797,78.41000366210938,61.9942741394043,49.72999954223633,52.2599983215332,6.273250102996826,37.466793060302734,144.64999389648438,64.66999816894531,65.63999938964844,62.0966682434082,41.560001373291016,254.3000030517578,52.38999938964844,113.52999877929688,58.029998779296875,37.43000030517578,27.920000076293945,89.2300033569336,79.62999725341797,94.88999938964844,18.940000534057617,196.27000427246094,214.05999755859375,21.575000762939453,31.18000030517578,59.150001525878906,71.63999938964844,71.25,124.1500015258789,43.900001525878906,122.75,234.44000244140625,49.5,131.17999267578125,116.0,99.18000030517578,79.72000122070312,62.213741302490234,49.970001220703125,53.29999923706055,6.290249824523926,37.59013366699219,144.80999755859375,64.73999786376953,65.83999633789062,62.38999938964844,41.63999938964844,256.45001220703125,52.459999084472656,115.44000244140625,58.060001373291016,37.744998931884766,27.920000076293945,89.3499984741211,79.97000122070312,4876100,53232100,2176200,456100,24832000,50153800,4666500,13680000,4028500,5299400,6560100,4117700,3053100,22008200,6498700,11016100,4572100,3075100,7333066,5426100,22958900,214288000,27368375,2145100,7809400,4588300,1344300,4575200,1422300,5313500,2583000,13720400,15326600,34894300,5884800,7811100
2018-08-06,69.72879791259766,19.43000030517578,155.0062255859375,198.43601989746094,17.61743927001953,26.176340103149414,44.56216049194336,55.66049575805664,55.259437561035156,87.98188781738281,30.968074798583984,91.58838653564453,197.93722534179688,42.16328430175781,106.48475646972656,94.6705551147461,91.5151138305664,62.37596130371094,49.80219650268555,39.49934005737305,51.368377685546875,6.28783655166626,27.13665771484375,110.37085723876953,54.05592727661133,52.697593688964844,58.316890716552734,35.030357360839844,225.7099609375,38.6862907409668,84.50165557861328,47.26592254638672,26.841459274291992,24.37672233581543,78.82109832763672,55.989540100097656,97.05999755859375,19.43000030517578,197.61000061035156,213.57000732421875,21.69499969482422,31.520000457763672,59.38999938964844,72.4000015258789,71.7300033569336,124.30000305175781,43.650001525878906,123.9000015258789,235.92999267578125,49.29999923706055,132.02000427246094,117.12000274658203,102.0,79.83999633789062,63.1870231628418,49.9900016784668,52.66999816894531,6.350749969482422,38.937381744384766,145.39999389648438,65.7300033569336,65.73999786376953,62.856666564941406,41.06999969482422,256.760009765625,52.93000030517578,114.88999938964844,58.88999938964844,37.7599983215332,28.270000457763672,89.97000122070312,80.18000030517578,97.55000305175781,19.440000534057617,199.8300018310547,213.75999450683594,21.83099937438965,31.59000015258789,59.630001068115234,72.6500015258789,72.1500015258789,124.94000244140625,44.33000183105469,125.0999984741211,236.97999572753906,49.310001373291016,132.52999877929688,117.52999877929688,102.58999633789062,79.93000030517578,63.435115814208984,50.119998931884766,52.810001373291016,6.354249954223633,39.108158111572266,145.64999389648438,66.0199966430664,66.12999725341797,62.866668701171875,41.41999816894531,257.5400085449219,53.189998626708984,115.16999816894531,59.029998779296875,37.939998626708984,28.34000015258789,90.16999816894531,80.43000030517578,95.73999786376953,18.459999084472656,196.52000427246094,212.3800048828125,21.586000442504883,31.31999969482422,58.720001220703125,71.93000030517578,71.06999969482422,123.54000091552734,43.439998626708984,122.0,234.02999877929688,48.31999969482422,131.00999450683594,116.18000030517578,100.22000122070312,78.80999755859375,62.681297302246094,49.56999969482422,51.5,6.24275016784668,38.263755798339844,144.22999572753906,65.33000183105469,65.55000305175781,62.02333450317383,41.0,255.47000122070312,52.79999923706055,113.81999969482422,58.189998626708984,37.505001068115234,28.100000381469727,89.44000244140625,79.73999786376953,96.26000213623047,18.889999389648438,197.44000244140625,212.99000549316406,21.663000106811523,31.450000762939453,59.029998779296875,72.16000366210938,71.44000244140625,124.41999816894531,43.7599983215332,123.18000030517578,234.13999938964844,48.77000045776367,131.63999938964844,116.79000091552734,100.4000015258789,79.4000015258789,63.0629768371582,49.88999938964844,52.220001220703125,6.289750099182129,38.29222106933594,145.0,65.86000061035156,65.97000122070312,62.36000061035156,41.20000076293945,256.5,52.81999969482422,114.5,58.58000183105469,37.72999954223633,28.15999984741211,89.76000213623047,80.25,5134200,83579700,1913800,501000,22638000,41261500,5524800,10121400,7177600,4455900,6769600,2396000,2259600,26669000,5840000,9857400,5090900,3837100,8600202,5086900,28776900,207508000,27479572,1555000,10878400,4348800,777900,7245800,1398100,5387700,2401100,13360500,16400200,38230100,4751100,10041800
2018-08-07,67.57359313964844,19.559999465942383,157.19471740722656,198.42672729492188,17.890283584594727,26.168041229248047,44.25450897216797,55.668182373046875,56.16077423095703,88.6047592163086,30.82618522644043,91.98013305664062,199.53126525878906,42.50537872314453,106.0330581665039,95.01815032958984,91.46128845214844,63.49318313598633,50.07293701171875,39.609954833984375,51.72922897338867,6.36011266708374,27.00441551208496,110.76556396484375,53.81744384765625,53.45109939575195,58.7807731628418,35.17536544799805,226.4923095703125,38.95672607421875,85.84027099609375,47.209747314453125,27.040496826171875,24.488813400268555,78.82986450195312,56.75067901611328,94.05999755859375,19.559999465942383,200.39999389648438,213.55999755859375,22.0310001373291,31.510000228881836,58.97999954223633,72.41000366210938,72.9000015258789,125.18000030517578,43.45000076293945,124.43000030517578,237.8300018310547,49.70000076293945,131.4600067138672,117.55000305175781,101.94000244140625,81.2699966430664,63.53053283691406,50.130001068115234,53.040000915527344,6.423749923706055,38.74762725830078,145.9199981689453,65.44000244140625,66.68000030517578,63.356666564941406,41.2400016784668,257.6499938964844,53.29999923706055,116.70999908447266,58.81999969482422,38.040000915527344,28.399999618530273,89.9800033569336,81.2699966430664,98.3499984741211,19.709999084472656,200.89999389648438,215.0,22.18400001525879,31.799999237060547,59.4900016784668,72.91000366210938,73.76000213623047,125.69999694824219,44.34000015258789,126.29000091552734,239.4600067138672,49.83000183105469,132.1699981689453,118.29000091552734,103.80999755859375,81.93000030517578,63.921756744384766,50.84000015258789,53.439998626708984,6.442500114440918,39.13662338256836,146.5500030517578,65.93000030517578,67.30999755859375,63.39666748046875,41.25,258.8399963378906,53.38999938964844,117.77999877929688,59.15999984741211,38.25,28.559999465942383,90.27999877929688,81.58999633789062,93.73999786376953,19.079999923706055,197.63999938964844,212.97000122070312,21.714000701904297,31.489999771118164,58.83000183105469,72.38999938964844,72.38999938964844,124.75,43.380001068115234,124.30999755859375,236.49000549316406,49.40999984741211,131.3000030517578,117.33000183105469,101.68000030517578,80.11000061035156,63.0057258605957,50.099998474121094,52.70000076293945,6.373000144958496,38.700191497802734,145.50999450683594,65.25,65.72000122070312,62.91666793823242,40.84000015258789,257.1300048828125,52.9900016784668,115.0999984741211,58.70000076293945,37.91999816894531,28.329999923706055,89.86000061035156,80.30999755859375,97.30000305175781,19.530000686645508,197.69000244140625,214.5399932861328,21.922000885009766,31.549999237060547,59.380001068115234,72.56999969482422,72.55000305175781,125.54000091552734,44.2400016784668,125.0,237.25,49.43000030517578,131.8800048828125,117.73999786376953,101.79000091552734,80.4000015258789,63.0629768371582,50.150001525878906,52.939998626708984,6.400000095367432,38.75711441040039,145.64999389648438,65.93000030517578,66.41999816894531,63.15999984741211,41.06999969482422,257.6400146484375,53.029998779296875,115.30000305175781,58.939998626708984,38.14500045776367,28.350000381469727,89.9800033569336,80.91000366210938,8890900,72822600,2349800,537600,29798000,43946200,5123200,12991100,5631400,4542000,5816300,1774000,2399500,28322700,4664600,10562100,5095100,4145800,8471298,5632300,21918600,258132000,18928575,1254700,7810900,5745200,9879900,7494900,1462800,4620100,2606700,13810900,23596600,44608600,5170300,10698100
2018-08-08,67.3365249633789,19.579999923706055,153.90020751953125,197.90638732910156,17.82125473022461,26.40887451171875,45.14740753173828,56.03720474243164,54.99750518798828,87.68460083007812,30.27280044555664,90.75305938720703,198.30638122558594,42.72773361206055,105.7991714477539,95.21212768554688,91.75737762451172,63.82129669189453,50.155670166015625,39.60204315185547,52.07057571411133,6.396500110626221,27.381324768066406,111.08438873291016,53.587162017822266,53.23467254638672,58.9168586730957,35.798011779785156,227.51205444335938,39.11751937866211,85.24454498291016,47.506710052490234,26.845006942749023,24.54917335510254,78.95250701904297,56.373592376708984,93.7300033569336,19.579999923706055,196.1999969482422,213.0,21.945999145507812,31.799999237060547,60.16999816894531,72.88999938964844,71.38999938964844,123.87999725341797,42.66999816894531,122.7699966430664,236.3699951171875,49.959999084472656,131.1699981689453,117.79000091552734,102.2699966430664,81.69000244140625,63.635494232177734,50.119998931884766,53.38999938964844,6.4604997634887695,39.28842544555664,146.33999633789062,65.16000366210938,66.41000366210938,63.503334045410156,41.970001220703125,258.80999755859375,53.52000045776367,115.9000015258789,59.189998626708984,37.76499938964844,28.469999313354492,90.12000274658203,80.7300033569336,94.08000183105469,19.770000457763672,198.5,214.3699951171875,22.12299919128418,31.90999984741211,60.439998626708984,73.20999908447266,72.54000091552734,124.79000091552734,43.279998779296875,124.37999725341797,239.16000366210938,50.130001068115234,131.8000030517578,118.2699966430664,102.66999816894531,81.98999786376953,63.921756744384766,50.380001068115234,53.529998779296875,6.50600004196167,39.50664138793945,146.64999389648438,65.55000305175781,66.62999725341797,63.633331298828125,42.11000061035156,259.5,53.790000915527344,116.22000122070312,59.5,37.904998779296875,28.520000457763672,90.25,81.2300033569336,92.87000274658203,19.260000228881836,195.07000732421875,212.88999938964844,21.895000457763672,31.479999542236328,58.86000061035156,72.05999755859375,70.7300033569336,123.31999969482422,41.959999084472656,121.5,236.22999572753906,49.439998626708984,130.88999938964844,117.27999877929688,101.43000030517578,80.18000030517578,63.1202278137207,49.959999084472656,52.459999084472656,6.389750003814697,38.50094985961914,145.1999969482422,65.12000274658203,65.9800033569336,63.116668701171875,41.45000076293945,257.9200134277344,53.08000183105469,115.08999633789062,58.7599983215332,37.540000915527344,28.34000015258789,89.79000091552734,80.3499984741211,93.5199966430664,19.459999084472656,198.5,213.64999389648438,22.054000854492188,31.510000228881836,59.34000015258789,72.13999938964844,72.2300033569336,124.5199966430664,43.119998931884766,123.30000305175781,238.1199951171875,49.599998474121094,131.49000549316406,117.33000183105469,101.8499984741211,80.73999786376953,63.463741302490234,50.130001068115234,52.84000015258789,6.425000190734863,38.62428665161133,145.8000030517578,65.20999908447266,66.2300033569336,63.366668701171875,41.560001373291016,258.1099853515625,53.290000915527344,115.63999938964844,58.7599983215332,37.775001525878906,28.360000610351562,89.98999786376953,81.0199966430664,4535100,52081400,3145900,491500,15801000,43689600,7005800,10178900,5784400,5957200,7014100,3146000,2522400,21990600,3721500,8997100,3901600,3171200,6821746,5884100,18074700,262100000,25837440,1088900,7912200,3549300,1116600,5089600,1494300,4539700,2009600,13778600,18797600,47522000,5020400,7275000
2018-08-09,68.58655548095703,19.100000381469727,152.15098571777344,194.3478240966797,17.587390899658203,26.242782592773438,44.66720199584961,55.33760452270508,55.27485275268555,86.72904205322266,29.847118377685547,90.41301727294922,196.13343811035156,42.881683349609375,105.8233642578125,94.47654724121094,91.68560028076172,63.08694076538086,49.63674545288086,39.06475067138672,50.968502044677734,6.347984790802002,27.11022186279297,110.23423767089844,53.521358489990234,52.425048828125,58.3354377746582,35.6871223449707,229.9558563232422,39.088279724121094,84.68553161621094,47.247982025146484,26.596220016479492,24.402591705322266,78.86490631103516,56.08727264404297,95.47000122070312,19.100000381469727,193.97000122070312,209.1699981689453,21.658000946044922,31.600000381469727,59.529998779296875,71.9800033569336,71.75,122.52999877929688,42.06999969482422,122.30999755859375,233.77999877929688,50.13999938964844,131.1999969482422,116.87999725341797,102.19000244140625,80.75,62.97710037231445,49.439998626708984,52.2599983215332,6.411499977111816,38.89942932128906,145.22000122070312,65.08000183105469,65.4000015258789,62.87666702270508,41.84000015258789,261.5899963378906,53.47999954223633,115.13999938964844,58.439998626708984,37.415000915527344,28.299999237060547,90.0199966430664,80.31999969482422,96.13999938964844,19.709999084472656,196.32000732421875,213.38999938964844,22.024999618530273,31.790000915527344,60.13999938964844,72.6500015258789,72.63999938964844,124.37000274658203,42.959999084472656,123.9000015258789,236.85000610351562,50.599998474121094,131.72000122070312,117.72000122070312,102.72000122070312,82.18000030517578,63.8072509765625,50.25,52.849998474121094,6.481249809265137,39.25047302246094,146.5,65.30000305175781,66.66999816894531,63.310001373291016,41.95000076293945,263.0199890136719,53.70000076293945,116.30000305175781,58.900001525878906,37.8650016784668,28.469999313354492,90.37999725341797,80.91000366210938,93.47000122070312,19.079999923706055,193.8300018310547,209.02999877929688,21.5939998626709,31.549999237060547,59.349998474121094,71.88999938964844,71.5199966430664,122.26000213623047,42.040000915527344,121.87999725341797,233.38999938964844,49.720001220703125,130.6699981689453,116.69999694824219,101.91999816894531,80.44999694824219,62.786258697509766,49.40999984741211,51.93000030517578,6.403749942779541,38.71916580200195,145.02999877929688,64.91999816894531,65.12000274658203,62.86333465576172,41.68000030517578,259.30999755859375,53.369998931884766,114.7699966430664,58.400001525878906,37.35499954223633,28.299999237060547,89.93000030517578,80.11000061035156,94.19999694824219,19.579999923706055,195.42999267578125,213.22000122070312,22.014999389648438,31.729999542236328,59.77000045776367,72.44000244140625,72.19999694824219,123.95999908447266,42.83000183105469,123.19999694824219,236.35000610351562,49.86000061035156,131.5399932861328,117.51000213623047,102.05999755859375,81.8499984741211,63.8072509765625,50.099998474121094,52.650001525878906,6.478499889373779,39.184059143066406,146.11000061035156,65.0999984741211,66.56999969482422,63.220001220703125,41.939998626708984,259.9100036621094,53.529998779296875,115.91999816894531,58.650001525878906,37.79499816894531,28.399999618530273,90.12999725341797,80.7300033569336,6176100,46653400,2766500,1016800,27563000,38219100,3998500,11044200,5975600,5218300,5755600,1874800,2951900,23795600,4057800,9694200,3298100,3027600,7495086,7583400,34538400,204280000,20121282,803600,6629700,4760800,2218800,4513300,2315000,3829000,2175600,15859500,30465000,29357800,5680300,9828500
2018-08-10,68.8236312866211,19.059999465942383,152.50396728515625,189.4419403076172,17.234146118164062,25.902294158935547,44.50212478637695,54.01529312133789,55.421199798583984,87.30237579345703,30.393415451049805,90.75305938720703,192.6349639892578,41.7784309387207,105.46039581298828,93.54702758789062,91.73943328857422,63.22755432128906,49.689388275146484,38.2350959777832,50.10050582885742,6.306649208068848,27.063928604125977,108.9665298461914,53.30754089355469,52.938079833984375,56.888118743896484,34.996238708496094,228.87454223632812,38.810543060302734,84.85472106933594,46.93268585205078,26.759716033935547,24.11803436279297,78.5232162475586,56.030845642089844,95.80000305175781,19.059999465942383,194.4199981689453,203.88999938964844,21.222999572753906,31.190000534057617,59.310001373291016,70.26000213623047,71.94000244140625,123.33999633789062,42.84000015258789,122.7699966430664,229.61000061035156,48.849998474121094,130.75,115.7300033569336,102.25,80.93000030517578,63.04389190673828,48.38999938964844,51.369998931884766,6.369750022888184,38.83301544189453,143.5500030517578,64.81999969482422,66.04000091552734,61.31666564941406,41.029998779296875,260.3599853515625,53.099998474121094,115.37000274658203,58.04999923706055,37.64500045776367,27.969999313354492,89.62999725341797,79.41999816894531,96.73999786376953,19.479999542236328,195.17999267578125,205.60000610351562,21.447999954223633,31.329999923706055,59.83000183105469,70.9000015258789,72.02999877929688,123.5199966430664,42.90999984741211,122.88999938964844,231.4600067138672,49.16999816894531,131.6300048828125,115.94999694824219,103.19000244140625,81.23999786376953,63.45419692993164,48.88999938964844,51.95000076293945,6.402500152587891,39.193546295166016,144.1699981689453,64.94000244140625,66.0999984741211,61.84333419799805,41.29999923706055,261.5,53.31999969482422,115.51000213623047,58.41999816894531,37.64500045776367,28.06999969482422,90.16000366210938,79.5199966430664,95.30999755859375,18.850000381469727,192.25999450683594,202.64999389648438,21.04599952697754,30.899999618530273,58.97999954223633,69.9000015258789,71.23999786376953,121.5,41.630001068115234,121.37000274658203,228.11000061035156,48.29999923706055,130.25999450683594,114.68000030517578,101.98999786376953,80.33000183105469,62.671756744384766,48.13999938964844,51.02000045776367,6.317500114440918,38.61479949951172,142.75,64.48999786376953,64.87999725341797,61.026668548583984,40.790000915527344,259.1099853515625,52.75,114.44999694824219,57.380001068115234,37.255001068115234,27.829999923706055,89.31999969482422,78.86000061035156,95.3499984741211,19.09000015258789,193.3000030517578,204.74000549316406,21.2810001373291,31.229999542236328,59.619998931884766,70.62999725341797,71.5999984741211,122.16999816894531,41.88999938964844,122.19999694824219,230.97000122070312,48.5099983215332,131.19000244140625,115.5,102.1500015258789,80.33999633789062,62.88167953491211,48.880001068115234,51.25,6.328750133514404,38.71916580200195,143.52999877929688,64.6500015258789,65.36000061035156,61.573333740234375,41.29999923706055,260.489990234375,52.93000030517578,114.61000061035156,57.380001068115234,37.33000183105469,27.93000030517578,89.69000244140625,79.51000213623047,4446800,65821100,1769100,842500,37017000,55679800,3535500,20240100,4855500,6128000,5844200,2268000,3863400,28712400,4324000,12630600,2783800,2708400,7796806,14321600,31340800,256396000,18194148,1540800,8736000,4851200,3248100,7053200,1625000,5492000,2059300,16170100,33955400,83301400,5389500,12954300
2018-08-13,69.52767181396484,19.729999542236328,153.4374237060547,190.194580078125,17.140764236450195,25.31265640258789,44.584659576416016,53.16962432861328,54.7509880065918,86.66533660888672,29.847118377685547,89.81427764892578,190.32781982421875,41.43633270263672,105.03292083740234,92.05968475341797,91.90990447998047,62.5712890625,50.1782341003418,37.41334915161133,50.07124710083008,6.339568138122559,26.984582901000977,107.72166442871094,53.32400894165039,52.08036804199219,56.971614837646484,34.723304748535156,229.3580780029297,38.27698516845703,84.4281234741211,46.57695007324219,26.41850471496582,23.885217666625977,78.54951477050781,55.424137115478516,96.77999877929688,19.729999542236328,195.61000061035156,204.6999969482422,21.107999801635742,30.479999542236328,59.41999816894531,69.16000366210938,71.06999969482422,122.44000244140625,42.06999969482422,121.5,226.86000061035156,48.45000076293945,130.22000122070312,113.88999938964844,102.44000244140625,80.08999633789062,63.66412353515625,47.349998474121094,51.34000015258789,6.4029998779296875,38.71916580200195,141.91000366210938,64.83999633789062,64.97000122070312,61.40666580200195,40.709999084472656,260.9100036621094,52.369998931884766,114.79000091552734,57.61000061035156,37.165000915527344,27.700000762939453,89.66000366210938,78.55999755859375,97.58000183105469,19.93000030517578,196.32000732421875,206.0399932861328,21.398000717163086,31.1200008392334,59.79999923706055,70.36000061035156,72.5199966430664,123.68000030517578,43.029998779296875,123.5,229.88999938964844,49.2400016784668,130.89999389648438,115.87999725341797,102.68000030517578,81.73999786376953,63.82633590698242,48.47999954223633,52.060001373291016,6.525000095367432,39.098670959472656,144.1199951171875,65.2300033569336,66.04000091552734,61.939998626708984,40.9900016784668,262.54998779296875,53.09000015258789,116.9000015258789,58.11000061035156,37.70500183105469,28.040000915527344,90.08999633789062,79.75,95.80999755859375,19.1200008392334,193.72000122070312,204.5,21.045000076293945,30.450000762939453,59.119998931884766,69.05999755859375,71.01000213623047,122.26000213623047,42.029998779296875,121.13999938964844,226.57000732421875,48.380001068115234,129.85000610351562,113.81999969482422,102.12000274658203,80.02999877929688,63.04389190673828,47.279998779296875,51.279998779296875,6.3767499923706055,38.71916580200195,141.6999969482422,64.6500015258789,64.69999694824219,61.33333206176758,40.470001220703125,260.29998779296875,52.369998931884766,114.68000030517578,57.560001373291016,37.14500045776367,27.690000534057617,89.43000030517578,78.43000030517578,96.0,19.15999984741211,194.69000244140625,204.91000366210938,21.165000915527344,31.079999923706055,59.20000076293945,70.19999694824219,71.91000366210938,123.30999755859375,42.52000045776367,122.79000091552734,229.49000549316406,48.91999816894531,130.72000122070312,115.55999755859375,102.44999694824219,81.12999725341797,63.10114669799805,48.34000015258789,51.61000061035156,6.378499984741211,38.851993560791016,143.3699951171875,65.1500015258789,65.94999694824219,61.426666259765625,40.689998626708984,261.0,52.900001525878906,116.13999938964844,57.65999984741211,37.57500076293945,27.969999313354492,89.7300033569336,79.44999694824219,5920000,81411300,1802900,914400,29842000,63960600,4797800,16926100,4322200,4360000,5861500,1581900,2662700,17070600,3778000,10336300,2816400,2307800,9973606,11445900,24609500,375208000,19860627,1438400,7092400,4563400,1687500,6708600,1635100,5338400,1875600,19541100,19634000,74413500,6563900,10308500
2018-08-14,68.90983581542969,20.020000457763672,153.5550994873047,191.04010009765625,16.83380699157715,25.57010269165039,44.989845275878906,53.823097229003906,55.58300018310547,86.76444244384766,30.08833122253418,90.97482299804688,192.59298706054688,41.15410232543945,104.4521713256836,92.67401123046875,92.4178237915039,62.58690643310547,49.98269271850586,37.81632614135742,49.3690299987793,6.471003532409668,26.918468475341797,108.33649444580078,53.809200286865234,51.944091796875,56.8571891784668,34.89388656616211,231.61727905273438,38.861698150634766,84.61934661865234,46.948848724365234,26.482484817504883,24.10940933227539,78.91744995117188,55.247745513916016,95.91999816894531,20.020000457763672,195.75999450683594,205.61000061035156,20.729999542236328,30.790000915527344,59.959999084472656,70.01000213623047,72.1500015258789,122.58000183105469,42.40999984741211,123.06999969482422,229.55999755859375,48.119998931884766,129.5,114.6500015258789,102.44000244140625,80.11000061035156,63.41603088378906,47.86000061035156,50.619998931884766,6.535749912261963,38.62428665161133,142.72000122070312,65.43000030517578,64.80000305175781,61.28333282470703,40.90999984741211,263.4800109863281,53.16999816894531,115.05000305175781,58.06999969482422,37.255001068115234,27.959999084472656,90.08000183105469,78.30999755859375,97.3499984741211,20.280000686645508,196.9600067138672,207.3300018310547,21.158000946044922,30.899999618530273,60.13999938964844,70.19999694824219,72.69000244140625,123.6500015258789,42.7599983215332,123.56999969482422,230.3699951171875,48.7599983215332,130.47000122070312,115.04000091552734,102.83999633789062,80.86000061035156,63.88358688354492,48.040000915527344,51.77000045776367,6.550000190734863,38.937381744384766,143.3000030517578,65.62000274658203,65.73999786376953,61.86333465576172,41.189998626708984,264.29998779296875,53.209999084472656,116.01000213623047,58.2599983215332,37.505001068115234,28.010000228881836,90.23999786376953,79.06999969482422,95.73999786376953,19.6299991607666,194.88999938964844,204.92999267578125,20.68400001525879,30.420000076293945,59.29999923706055,69.25,71.70999908447266,122.0,42.220001220703125,122.04000091552734,227.3000030517578,47.650001525878906,129.35000610351562,113.6500015258789,101.2699966430664,79.27999877929688,63.225189208984375,47.400001525878906,50.0099983215332,6.42549991607666,38.46299743652344,141.77000427246094,64.7699966430664,64.79000091552734,61.233333587646484,40.869998931884766,260.8500061035156,52.43000030517578,114.6500015258789,57.66999816894531,37.099998474121094,27.719999313354492,89.69999694824219,78.08000183105469,96.72000122070312,19.969999313354492,195.94000244140625,207.13999938964844,21.158000946044922,30.610000610351562,59.29999923706055,69.30000305175781,71.93000030517578,122.91999816894531,42.650001525878906,122.9000015258789,227.35000610351562,48.66999816894531,129.6699981689453,114.2699966430664,101.7699966430664,80.70999908447266,63.55915832519531,47.5,51.72999954223633,6.509500026702881,38.74762725830078,142.00999450683594,65.08999633789062,65.27999877929688,61.766666412353516,41.0,260.8900146484375,52.43000030517578,115.43000030517578,57.66999816894531,37.45000076293945,27.799999237060547,89.79000091552734,78.98999786376953,5580800,89195500,1240200,408800,36327000,42521200,5212600,12668200,5223300,3622200,4867500,1469900,2359000,23061600,4542800,10597600,3283900,3413800,6912608,8695500,32050200,466220000,17336824,1973400,7844200,4851000,1609500,5339100,1941600,4297300,1440200,14860400,20875800,43659000,5497700,8005900
2018-08-15,70.0090103149414,19.700000762939453,153.16287231445312,183.17031860351562,16.775341033935547,25.213001251220703,45.214935302734375,52.777530670166016,52.24724197387695,83.48016357421875,28.719078063964844,85.33464813232422,192.33291625976562,40.58964157104492,105.20227813720703,91.90611267089844,93.22075653076172,60.64606475830078,50.66707229614258,37.49236297607422,46.31638717651367,6.412836074829102,27.21601104736328,107.79755401611328,54.01480484008789,49.93205642700195,56.068580627441406,34.50154113769531,229.09432983398438,38.43778610229492,82.02302551269531,46.884178161621094,25.558382034301758,23.919713973999023,78.78605651855469,54.281219482421875,97.44999694824219,19.700000762939453,195.25999450683594,197.13999938964844,20.658000946044922,30.360000610351562,60.2599983215332,68.6500015258789,67.81999969482422,117.94000244140625,40.47999954223633,115.44000244140625,229.25,47.459999084472656,130.42999267578125,113.69999694824219,103.33000183105469,77.18000030517578,64.28434753417969,47.45000076293945,47.4900016784668,6.4770002365112305,39.051231384277344,142.00999450683594,65.68000030517578,62.290000915527344,60.43333435058594,40.45000076293945,260.6099853515625,52.59000015258789,111.5199966430664,57.9900016784668,35.95500183105469,27.739999771118164,89.93000030517578,76.94000244140625,97.79000091552734,20.100000381469727,195.47999572753906,201.60000610351562,20.757999420166016,30.6200008392334,60.41999816894531,69.43000030517578,71.37000274658203,121.7300033569336,42.06999969482422,121.7300033569336,231.5399932861328,48.0,130.74000549316406,114.33000183105469,103.44000244140625,79.31999969482422,64.47518920898438,47.59000015258789,49.86000061035156,6.591000080108643,39.12713623046875,142.89999389648438,65.81999969482422,64.36000061035156,61.0099983215332,40.54999923706055,262.69000244140625,53.0099983215332,114.75,58.25,36.959999084472656,27.8799991607666,90.04000091552734,77.9000015258789,95.61000061035156,19.200000762939453,192.88999938964844,195.82000732421875,20.277000427246094,30.15999984741211,59.38999938964844,68.08000183105469,67.70999908447266,117.43000030517578,40.06999969482422,114.70999908447266,228.30999755859375,46.900001525878906,128.92999267578125,112.97000122070312,102.08000183105469,76.80999755859375,63.42557144165039,47.02000045776367,47.13999938964844,6.397500038146973,38.56736373901367,141.55999755859375,64.55000305175781,61.81999969482422,59.810001373291016,40.119998931884766,259.19000244140625,52.36000061035156,111.16000366210938,57.650001525878906,35.849998474121094,27.610000610351562,89.36000061035156,76.51000213623047,95.91999816894531,19.860000610351562,194.8300018310547,201.27000427246094,20.51300048828125,30.479999542236328,59.869998931884766,69.2300033569336,71.27999877929688,121.69999694824219,42.06999969482422,121.47000122070312,229.35000610351562,47.779998779296875,129.75,113.81999969482422,102.27999877929688,79.0199966430664,63.67366409301758,47.2599983215332,49.83000183105469,6.5567498207092285,38.709678649902344,141.86000061035156,65.13999938964844,64.31999969482422,60.75666809082031,40.45000076293945,261.9800109863281,52.72999954223633,114.75,57.68000030517578,36.900001525878906,27.729999542236328,89.80000305175781,77.77999877929688,6861500,86355700,1900200,1281400,41132000,59747900,5214600,18952300,7944500,9476700,8336000,4184000,3218500,26739900,5377300,10152100,3143200,6162800,11413873,9496100,57746200,591136000,22428488,1681800,13524800,9831900,3067800,6052800,2017700,6182000,3452500,17378400,52800800,55681100,6840600,16307800
2018-08-16,70.56217193603516,19.329999923706055,155.1372528076172,183.8392791748047,16.94667625427246,25.5119686126709,45.85272216796875,53.47713088989258,53.47216033935547,84.08042907714844,28.860963821411133,85.68206787109375,195.47903442382812,40.34162139892578,106.85577392578125,92.77102661132812,94.14997863769531,60.26102066040039,51.78014373779297,38.16398239135742,45.93601608276367,6.3722429275512695,27.3879337310791,109.6573257446289,54.080596923828125,50.09238815307617,55.9974479675293,34.46742630004883,231.28329467773438,38.854400634765625,81.87594604492188,47.42584991455078,25.743206024169922,24.238750457763672,79.55701446533203,55.029029846191406,98.22000122070312,19.329999923706055,196.44000244140625,197.86000061035156,20.868999481201172,30.719999313354492,61.11000061035156,69.55999755859375,69.41000366210938,117.66000366210938,40.68000030517578,115.91000366210938,233.0,47.16999816894531,132.47999572753906,114.7699966430664,104.36000061035156,76.69000244140625,65.69656372070312,48.29999923706055,47.099998474121094,6.435999870300293,39.29791259765625,144.4600067138672,65.76000213623047,62.4900016784668,60.356666564941406,40.40999984741211,263.1000061035156,53.15999984741211,111.31999969482422,58.65999984741211,36.21500015258789,28.110000610351562,90.80999755859375,78.0,98.6500015258789,20.06999969482422,197.1300048828125,199.60000610351562,20.88599967956543,30.84000015258789,61.349998474121094,69.88999938964844,69.66000366210938,118.30999755859375,41.150001525878906,117.06999969482422,233.2899932861328,47.95000076293945,132.8800048828125,115.30999755859375,104.94000244140625,78.43000030517578,65.8396987915039,48.59000015258789,48.310001373291016,6.550000190734863,39.34535217285156,145.1699981689453,66.0999984741211,63.08000183105469,60.91666793823242,40.72999954223633,263.75,53.380001068115234,112.37999725341797,58.810001373291016,36.41999816894531,28.190000534057617,90.93000030517578,78.0999984741211,97.05999755859375,19.25,192.72999572753906,197.27000427246094,20.66900062561035,30.520000457763672,59.93000030517578,69.08999633789062,68.22000122070312,117.18000030517578,40.220001220703125,115.66999816894531,230.4499969482422,47.04999923706055,130.57000732421875,114.30000305175781,103.25,76.58000183105469,64.28434753417969,47.79999923706055,46.959999084472656,6.375249862670898,38.965843200683594,142.41000366210938,65.52999877929688,62.400001525878906,60.19333267211914,40.369998931884766,261.45001220703125,52.79999923706055,111.19999694824219,58.04999923706055,36.11000061035156,27.8700008392334,90.08000183105469,77.19999694824219,97.83999633789062,19.860000610351562,194.4600067138672,198.27000427246094,20.777000427246094,30.559999465942383,60.279998779296875,69.16000366210938,68.2699966430664,117.69999694824219,40.619998931884766,116.11000061035156,230.6699981689453,47.75,131.02000427246094,114.3499984741211,103.25,77.52999877929688,64.50381469726562,47.83000183105469,48.20000076293945,6.547500133514404,39.117645263671875,142.91000366210938,65.86000061035156,62.61000061035156,60.83333206176758,40.45000076293945,261.57000732421875,52.810001373291016,111.80000305175781,58.13999938964844,36.130001068115234,27.8700008392334,90.19000244140625,77.27999877929688,6332900,69733700,2361700,1250600,29239000,44015400,7285500,13439600,5453000,5455200,5371400,3702300,2438300,24358000,7861500,10118600,4427200,4075600,19378358,8264500,33663000,801260000,16457472,1451200,9958800,6080800,1419900,5544000,2115900,4969900,1875800,19992500,50026600,49534200,6916700,11519900
2018-08-17,70.98603057861328,19.770000457763672,155.91116333007812,183.38397216796875,16.993778228759766,25.528583526611328,45.68764877319336,53.56169891357422,53.74948501586914,84.18047332763672,28.8042049407959,84.8393783569336,195.7978515625,40.281761169433594,108.46089935302734,92.77102661132812,95.22357177734375,60.59104919433594,51.93807601928711,38.21928405761719,45.94578170776367,6.0598673820495605,27.830947875976562,109.72561645507812,54.327308654785156,50.364925384521484,55.57994842529297,34.228599548339844,230.6063995361328,38.94941329956055,81.64058685302734,47.587554931640625,25.80717658996582,24.29049301147461,79.80232238769531,55.212459564208984,98.80999755859375,19.770000457763672,197.4199981689453,197.3699951171875,20.927000045776367,30.739999771118164,60.88999938964844,69.66999816894531,69.7699966430664,117.80000305175781,40.599998474121094,114.7699966430664,233.3800048828125,47.099998474121094,134.47000122070312,114.7699966430664,105.55000305175781,77.11000061035156,65.8969497680664,48.369998931884766,47.11000061035156,6.120500087738037,39.93358612060547,144.5500030517578,66.05999755859375,62.83000183105469,59.90666580200195,40.130001068115234,262.3299865722656,53.290000915527344,111.0,58.86000061035156,36.30500030517578,28.170000076293945,91.08999633789062,78.26000213623047,99.1500015258789,19.81999969482422,198.50999450683594,197.66000366210938,21.118999481201172,30.860000610351562,61.59000015258789,69.87000274658203,70.11000061035156,118.58000183105469,41.029998779296875,116.75,233.72000122070312,47.38999938964844,135.0,115.06999969482422,105.91999816894531,77.37000274658203,66.0687026977539,48.61000061035156,47.36000061035156,6.324250221252441,40.02846145629883,144.83999633789062,66.19000244140625,63.02000045776367,60.06666564941406,40.220001220703125,264.1300048828125,53.400001525878906,112.1500015258789,59.040000915527344,36.400001525878906,28.209999084472656,91.37000274658203,78.48999786376953,96.41999816894531,18.729999542236328,195.27999877929688,193.89999389648438,20.551000595092773,30.549999237060547,60.79999923706055,69.25,69.31999969482422,117.08999633789062,40.41999816894531,114.05000305175781,231.63999938964844,46.33000183105469,132.19000244140625,114.30000305175781,103.95999908447266,76.22000122070312,65.55343627929688,48.16999816894531,45.619998931884766,6.093249797821045,39.34535217285156,143.5,65.12000274658203,62.060001373291016,59.01333236694336,39.790000915527344,261.7200012207031,53.04999923706055,110.61000061035156,58.5099983215332,36.17499923706055,28.030000686645508,90.52999877929688,77.80000305175781,98.22000122070312,19.1200008392334,196.24000549316406,194.74000549316406,20.797000885009766,30.65999984741211,61.29999923706055,69.41999816894531,69.87000274658203,118.1500015258789,40.900001525878906,116.51000213623047,232.50999450683594,47.0,132.4499969482422,114.63999938964844,104.43000030517578,77.2699966430664,65.62976837158203,48.16999816894531,46.209999084472656,6.323500156402588,39.35483932495117,144.38999938964844,65.5,62.470001220703125,59.81999969482422,40.189998626708984,263.54998779296875,53.11000061035156,111.94999694824219,58.5099983215332,36.310001373291016,28.030000686645508,90.73999786376953,78.33999633789062,6307300,60616600,2183800,730900,39093000,39843500,8868300,10329600,4435200,6112900,4529700,4492900,2107200,26382000,6700900,8505100,3824300,3374300,8223761,5854500,34464200,1143188000,25910693,1055800,15170500,5657500,2195400,7897200,1969700,4457100,1791100,13737600,23065400,43193100,5455300,10178400
2018-08-20,70.1383285522461,19.979999542236328,156.021728515625,185.35372924804688,16.786706924438477,25.63654327392578,45.25996780395508,54.22285079956055,54.32727813720703,84.14473724365234,29.11638069152832,84.8393783569336,197.81141662597656,39.76860427856445,110.40475463867188,92.64977264404297,95.46715545654297,61.887577056884766,52.772884368896484,38.15608596801758,46.88206100463867,6.13461971282959,27.989654541015625,109.97613525390625,54.40955352783203,50.90199661254883,55.53047561645508,34.2030029296875,230.6678466796875,39.336788177490234,83.4057846069336,47.72499465942383,25.981332778930664,24.36809539794922,80.06513214111328,55.60049819946289,97.62999725341797,19.979999542236328,197.55999755859375,199.49000549316406,20.672000885009766,30.8700008392334,60.31999969482422,70.52999877929688,70.5199966430664,117.75,41.040000915527344,114.7699966430664,235.77999877929688,46.5,136.8800048828125,114.62000274658203,105.81999969482422,78.76000213623047,66.95610809326172,48.290000915527344,48.06999969482422,6.196000099182129,40.16128921508789,144.8800048828125,66.16000366210938,63.5,59.85333251953125,40.099998474121094,262.3999938964844,53.81999969482422,113.4000015258789,59.029998779296875,36.54999923706055,28.260000228881836,91.38999938964844,78.80999755859375,100.2300033569336,20.079999923706055,198.5,199.9499969482422,21.0,30.93000030517578,61.11000061035156,70.69999694824219,71.06999969482422,118.31999969482422,41.33000183105469,115.73999786376953,235.97999572753906,47.119998931884766,137.1199951171875,115.05000305175781,106.37999725341797,79.22000122070312,67.00381469726562,48.59000015258789,48.61000061035156,6.329999923706055,40.5787467956543,145.0,66.58999633789062,63.65999984741211,60.206668853759766,40.2400016784668,263.489990234375,53.849998474121094,114.05000305175781,59.209999084472656,36.68000030517578,28.309999465942383,91.55999755859375,79.0,97.47000122070312,19.350000381469727,196.8699951171875,197.52000427246094,20.586000442504883,30.649999618530273,60.31999969482422,69.37999725341797,69.68000030517578,117.33000183105469,40.38999938964844,114.62999725341797,234.0800018310547,46.189998626708984,134.0,114.11000061035156,105.58000183105469,77.18000030517578,65.77290344238281,48.150001525878906,46.470001220703125,5.9679999351501465,39.93358612060547,143.4600067138672,65.73999786376953,62.7400016784668,59.18000030517578,39.900001525878906,261.57000732421875,53.2400016784668,111.04000091552734,58.66999816894531,36.29999923706055,28.1299991607666,91.25,78.16999816894531,99.33000183105469,19.790000915527344,197.88999938964844,198.8300018310547,20.947999954223633,30.690000534057617,61.11000061035156,69.45999908447266,69.68000030517578,118.0,40.529998779296875,115.22000122070312,234.1300048828125,47.04999923706055,134.92999267578125,114.58999633789062,105.58000183105469,77.37000274658203,65.8396987915039,48.33000183105469,47.400001525878906,6.079500198364258,40.0379524230957,144.4199981689453,66.33000183105469,63.060001373291016,59.9900016784668,40.02000045776367,263.0,53.2599983215332,111.33999633789062,58.810001373291016,36.314998626708984,28.170000076293945,91.30000305175781,78.26000213623047,6172500,62983200,1747900,538300,54489000,40011000,6186900,11233300,4659000,5403600,4174200,4020600,2604900,24334000,7935000,8618700,2765500,3352300,10919426,7898200,33022900,854388000,22521029,1722700,13966900,3670300,957300,4156700,1786200,5189900,2072200,11403400,16691400,30053700,8144900,8152100
2018-08-21,70.21735382080078,20.399999618530273,155.82431030273438,186.28286743164062,17.0944766998291,25.761104583740234,45.07988739013672,54.76871109008789,54.612308502197266,84.28050231933594,29.69103240966797,85.3715591430664,200.21920776367188,40.72648239135742,109.1706771850586,93.21558380126953,94.7905044555664,62.08401870727539,52.02080154418945,38.35362243652344,48.705841064453125,6.270263195037842,27.877233505249023,110.15831756591797,54.730281829833984,51.91202926635742,56.61286926269531,34.876834869384766,230.0437469482422,39.60721969604492,83.9500503540039,47.66840362548828,26.11284065246582,24.46294593811035,80.06513214111328,55.61460876464844,97.73999786376953,20.399999618530273,197.30999755859375,200.49000549316406,21.051000595092773,31.020000457763672,60.08000183105469,71.23999786376953,70.88999938964844,117.94000244140625,41.849998474121094,115.48999786376953,238.64999389648438,47.619998931884766,135.35000610351562,115.31999969482422,105.06999969482422,79.01000213623047,66.00190734863281,48.540000915527344,49.939998626708984,6.333000183105469,40.0,145.1199951171875,66.55000305175781,64.76000213623047,61.02000045776367,40.88999938964844,261.69000244140625,54.189998626708984,114.13999938964844,58.959999084472656,36.73500061035156,28.3700008392334,91.38999938964844,78.83000183105469,98.05000305175781,20.420000076293945,198.39999389648438,201.61000061035156,21.143999099731445,31.25,60.65999984741211,71.6500015258789,71.55999755859375,118.93000030517578,42.189998626708984,116.62000274658203,239.52999877929688,47.849998474121094,137.42999267578125,116.38999938964844,106.12999725341797,80.80000305175781,67.03244018554688,48.939998626708984,50.369998931884766,6.337500095367432,40.265655517578125,146.72999572753906,66.77999877929688,65.22000122070312,61.18000030517578,41.040000915527344,262.5199890136719,54.5099983215332,115.37999725341797,59.529998779296875,37.029998779296875,28.510000228881836,91.66000366210938,79.58000183105469,96.80000305175781,19.860000610351562,196.72999572753906,199.49000549316406,20.711000442504883,30.829999923706055,60.060001373291016,70.58000183105469,70.79000091552734,117.79000091552734,41.459999084472656,115.29000091552734,235.2899932861328,46.63999938964844,135.3000030517578,114.87999725341797,104.72000122070312,78.80999755859375,65.92557525634766,48.0099983215332,48.869998931884766,6.192500114440918,39.83871078491211,144.22999572753906,66.02999877929688,64.13999938964844,60.029998779296875,40.36000061035156,260.7300109863281,53.849998474121094,113.80999755859375,58.939998626708984,36.69499969482422,28.219999313354492,91.19999694824219,78.66999816894531,97.86000061035156,19.979999542236328,197.92999267578125,199.80999755859375,20.75200080871582,30.90999984741211,60.40999984741211,70.62999725341797,71.04000091552734,118.37999725341797,41.5,115.91999816894531,235.2899932861328,46.65999984741211,137.0,115.37000274658203,106.0199966430664,79.02999877929688,66.99427795410156,48.119998931884766,48.900001525878906,6.212500095367432,40.16128921508789,144.42999267578125,66.08999633789062,64.26000213623047,60.043331146240234,40.369998931884766,261.8500061035156,53.90999984741211,113.9000015258789,59.0,36.85499954223633,28.280000686645508,91.62000274658203,79.05000305175781,3528400,55629000,1666900,699000,29952000,53510600,5098600,12261100,3717600,4875800,4872300,2548800,2437300,19254300,5832100,10976700,2775500,5733400,10285701,9632000,38572900,673988000,18633244,1549500,12181400,6092600,2549100,6075100,1559300,5228600,2021700,17943500,19018200,47940000,6395900,9192200
2018-08-22,70.1455078125,20.899999618530273,156.2428741455078,186.58021545410156,16.853303909301758,25.727888107299805,45.44754409790039,54.676456451416016,55.46744155883789,84.98084259033203,30.301177978515625,86.724365234375,200.798095703125,40.23899459838867,108.57379913330078,92.93266296386719,94.75443267822266,63.02692413330078,51.92303466796875,38.401023864746094,48.99843215942383,6.505408763885498,27.817720413208008,109.72561645507812,54.968772888183594,52.17654037475586,56.87883377075195,34.8853645324707,229.20855712890625,39.424503326416016,85.08272552490234,47.83818054199219,26.42561912536621,24.37672233581543,80.14397430419922,56.41181945800781,97.63999938964844,20.899999618530273,197.83999633789062,200.80999755859375,20.753999710083008,30.979999542236328,60.56999969482422,71.12000274658203,72.0,118.91999816894531,42.709999084472656,117.31999969482422,239.33999633789062,47.04999923706055,134.61000061035156,114.97000122070312,105.02999877929688,80.20999908447266,65.87786102294922,48.599998474121094,50.2400016784668,6.570499897003174,39.91461181640625,144.5500030517578,66.83999633789062,65.08999633789062,61.30666732788086,40.900001525878906,260.739990234375,53.939998626708984,115.68000030517578,59.16999816894531,37.17499923706055,28.270000457763672,91.4800033569336,79.95999908447266,98.31999969482422,20.920000076293945,198.75,201.14999389648438,21.17099952697754,31.09000015258789,60.7400016784668,71.41999816894531,72.51000213623047,119.45999908447266,43.0,117.91999816894531,239.6699981689453,47.349998474121094,135.67999267578125,115.41000366210938,105.62999725341797,80.5199966430664,66.22137451171875,48.65999984741211,50.650001525878906,6.575500011444092,40.1707763671875,145.44000244140625,67.08000183105469,65.61000061035156,61.38666534423828,41.04999923706055,261.95001220703125,54.11000061035156,116.37000274658203,59.5,37.290000915527344,28.3799991607666,91.68000030517578,80.05000305175781,97.12999725341797,20.209999084472656,195.8300018310547,199.2100067138672,20.743000030517578,30.8799991607666,59.869998931884766,70.97000122070312,71.37999725341797,118.41999816894531,42.310001373291016,116.23999786376953,237.5800018310547,46.91999816894531,134.4199981689453,114.77999877929688,104.1500015258789,79.0199966430664,65.69656372070312,48.2400016784668,49.869998931884766,6.296500205993652,39.667930603027344,144.0800018310547,66.20999908447266,64.91000366210938,60.52000045776367,40.540000915527344,260.25,53.810001373291016,114.27999877929688,58.83000183105469,36.939998626708984,28.229999542236328,91.06999969482422,79.0199966430664,97.83999633789062,20.280000686645508,197.14999389648438,200.13999938964844,21.045000076293945,30.920000076293945,60.119998931884766,71.16000366210938,71.45999908447266,118.54000091552734,42.369998931884766,116.23999786376953,237.88999938964844,47.25,135.55999755859375,115.30999755859375,104.80000305175781,79.0999984741211,66.0114517211914,48.36000061035156,50.380001068115234,6.300000190734863,39.99051284790039,144.8300018310547,66.22000122070312,65.29000091552734,60.893333435058594,40.849998474121094,261.95001220703125,54.08000183105469,114.37999725341797,59.040000915527344,36.96500015258789,28.25,91.18000030517578,79.11000061035156,2963300,62002700,1709300,385600,26890000,33062900,5556200,7297600,5019300,3636900,5292800,2104200,1870900,23182500,4688400,8314700,1964400,3838700,6176178,4952000,26740400,749856000,15001687,1002000,13860300,5134400,1440300,5512700,2148500,3238300,1670900,20829600,18690800,27323300,3954300,10098200
2018-08-23,69.79346466064453,22.290000915527344,155.2635498046875,185.4002227783203,16.694942474365234,25.611621856689453,45.0873908996582,54.43811798095703,55.50595474243164,84.39484405517578,30.1663818359375,86.0442886352539,198.28118896484375,40.17912673950195,108.97708892822266,92.73867797851562,94.56497192382812,64.1348876953125,51.87039566040039,38.029666900634766,48.47177505493164,6.604913711547852,27.903684616088867,108.70088195800781,54.9852294921875,51.8238410949707,56.94377136230469,34.69771957397461,229.80641174316406,39.322166442871094,86.83319854736328,47.39352035522461,26.301218032836914,24.26462173461914,80.11769104003906,55.79099655151367,97.1500015258789,22.290000915527344,196.60000610351562,199.5399932861328,20.55900001525879,30.84000015258789,60.09000015258789,70.80999755859375,72.05000305175781,118.0999984741211,42.52000045776367,116.4000015258789,236.33999633789062,46.97999954223633,135.11000061035156,114.7300033569336,104.81999969482422,81.62000274658203,65.81106567382812,48.130001068115234,49.70000076293945,6.671000003814697,40.0379524230957,143.1999969482422,66.86000061035156,64.6500015258789,61.37666702270508,40.68000030517578,261.4200134277344,53.79999923706055,118.05999755859375,58.619998931884766,37.0,28.139999389648438,91.44999694824219,79.08000183105469,97.8499984741211,22.31999969482422,197.75,202.22000122070312,20.908000946044922,30.979999542236328,60.72999954223633,71.20999908447266,72.11000061035156,118.81999969482422,42.630001068115234,116.80000305175781,239.27999877929688,47.16999816894531,135.49000549316406,115.1500015258789,105.25,81.73999786376953,66.02098846435547,48.720001220703125,50.2400016784668,6.736999988555908,40.15180206298828,144.5,67.29000091552734,64.97000122070312,61.83000183105469,41.349998474121094,262.55999755859375,54.119998931884766,118.20999908447266,59.04999923706055,37.064998626708984,28.290000915527344,91.66999816894531,79.62999725341797,96.88999938964844,21.139999389648438,195.6199951171875,199.36000061035156,20.527999877929688,30.739999771118164,59.91999816894531,70.63999938964844,71.22000122070312,117.69999694824219,42.18000030517578,115.73999786376953,235.83999633789062,46.709999084472656,134.10000610351562,114.43000030517578,104.38999938964844,79.94999694824219,65.59160614013672,47.97999954223633,49.400001525878906,6.517499923706055,39.810245513916016,142.85000610351562,66.80000305175781,64.2699966430664,61.276668548583984,40.68000030517578,259.55999755859375,53.619998931884766,115.1500015258789,58.56999969482422,36.86000061035156,28.100000381469727,91.2300033569336,78.9000015258789,97.69000244140625,21.190000534057617,197.3699951171875,201.8300018310547,20.773000717163086,30.940000534057617,60.540000915527344,71.02999877929688,71.55000305175781,118.38999938964844,42.45000076293945,116.70999908447266,239.0500030517578,46.86000061035156,134.61000061035156,114.95999908447266,104.98999786376953,80.27999877929688,65.71565246582031,48.41999816894531,50.04999923706055,6.531499862670898,39.95256042480469,144.5,66.9800033569336,64.7699966430664,61.276668548583984,41.29999923706055,261.0199890136719,54.04999923706055,115.45999908447266,59.0,37.0,28.260000228881836,91.43000030517578,79.55999755859375,2137500,113444100,1351200,374400,35578000,38259100,3416500,8310000,3995500,3962500,4245000,2074800,2064700,31343200,5057600,9265400,2043400,3392100,5806654,7699300,26832000,720684000,21032148,1171900,12038100,4430200,1847700,4126100,1603500,4214600,3151100,19655600,12937800,31767800,6058300,7203900
2018-08-24,69.97309112548828,23.979999542236328,155.29518127441406,188.596435546875,16.971853256225586,25.65314483642578,44.997344970703125,54.33049011230469,55.9373664855957,85.04512786865234,30.265697479248047,86.8278579711914,197.249267578125,40.76068878173828,109.65463256835938,92.69828796386719,95.42200469970703,65.86357116699219,51.92303466796875,38.037559509277344,49.44706344604492,6.738081455230713,28.035926818847656,108.49588012695312,55.223716735839844,52.30479049682617,57.76950454711914,35.17536544799805,232.32058715820312,39.47565460205078,88.66461944580078,47.45011901855469,26.49314308166504,24.350854873657227,80.50318145751953,56.171966552734375,97.4000015258789,23.979999542236328,196.63999938964844,202.97999572753906,20.899999618530273,30.889999389648438,59.970001220703125,70.66999816894531,72.61000061035156,119.01000213623047,42.65999984741211,117.45999908447266,235.11000061035156,47.65999984741211,135.9499969482422,114.68000030517578,105.7699966430664,83.81999969482422,65.87786102294922,48.13999938964844,50.70000076293945,6.805500030517578,40.22770309448242,142.92999267578125,67.1500015258789,65.25,62.266666412353516,41.2400016784668,264.2799987792969,54.0099983215332,120.55000305175781,58.689998626708984,37.27000045776367,28.239999771118164,91.88999938964844,79.62000274658203,97.58999633789062,24.0,197.5,203.17999267578125,20.927000045776367,31.079999923706055,60.25,71.26000213623047,73.55999755859375,119.54000091552734,43.310001373291016,118.98999786376953,237.8000030517578,47.88999938964844,136.14999389648438,115.22000122070312,106.04000091552734,83.86000061035156,66.0782470703125,48.61000061035156,50.81999969482422,6.820250034332275,40.31309127807617,143.8800048828125,67.36000061035156,65.36000061035156,62.29999923706055,41.40999984741211,264.7799987792969,54.130001068115234,121.5999984741211,58.91999816894531,37.4900016784668,28.299999237060547,91.88999938964844,80.05000305175781,96.55000305175781,22.670000076293945,195.60000610351562,201.52000427246094,20.468000411987305,30.850000381469727,59.63999938964844,70.51000213623047,72.33999633789062,118.72000122070312,42.52000045776367,117.3499984741211,234.6999969482422,47.08000183105469,134.8300018310547,114.44999694824219,104.52999877929688,81.68000030517578,65.62023162841797,48.099998474121094,49.91999816894531,6.675000190734863,39.84819793701172,142.77999877929688,66.94000244140625,64.9800033569336,61.63999938964844,40.83000183105469,261.75,53.7400016784668,118.41000366210938,58.66999816894531,37.19499969482422,28.190000534057617,91.48999786376953,79.41999816894531,97.13999938964844,22.90999984741211,196.8800048828125,201.69000244140625,20.635000228881836,30.940000534057617,60.099998474121094,70.5999984741211,72.73999786376953,118.9000015258789,43.0,117.63999938964844,237.36000061035156,47.290000915527344,135.11000061035156,114.9800033569336,105.56999969482422,82.12000274658203,65.8396987915039,48.34000015258789,49.91999816894531,6.679500102996826,40.256168365478516,143.75,67.0,64.9800033569336,61.650001525878906,40.93000030517578,261.75,53.88999938964844,118.44999694824219,58.900001525878906,37.22999954223633,28.25,91.66000366210938,79.5199966430664,2996100,164328200,1358500,301900,20541000,43585000,4575700,8760000,4934000,4415400,3545600,2147100,1948100,18214700,4809400,8845700,3089900,6091800,5194098,5620600,24785500,531512000,21661703,1954700,16001400,6418000,1685100,4232000,2238600,4568300,3448400,14366600,15506600,22064500,4028900,6545200
2018-08-27,70.41850280761719,25.260000228881836,156.8430633544922,193.80889892578125,17.294240951538086,26.001949310302734,45.0273551940918,55.652809143066406,56.11455535888672,86.00271606445312,30.421781539916992,87.70751953125,203.53311157226562,41.350791931152344,109.54905700683594,94.33914184570312,94.82662200927734,65.75360870361328,51.885433197021484,39.420318603515625,50.783206939697266,6.829169750213623,27.493728637695312,110.62134552001953,55.379974365234375,51.98416519165039,58.687992095947266,35.42271423339844,234.78189086914062,39.804569244384766,89.15001678466797,47.78158950805664,26.688627243041992,24.67851448059082,80.79226684570312,56.722259521484375,98.0199966430664,25.260000228881836,198.60000610351562,208.58999633789062,21.297000885009766,31.309999465942383,60.0099983215332,72.38999938964844,72.83999633789062,120.3499984741211,42.880001068115234,118.6500015258789,242.60000610351562,48.349998474121094,134.9199981689453,116.70999908447266,105.11000061035156,83.68000030517578,65.83015441894531,49.88999938964844,52.06999969482422,6.897500038146973,39.44971466064453,145.72999572753906,67.33999633789062,64.8499984741211,63.25666809082031,41.529998779296875,267.0799865722656,54.459999084472656,121.20999908447266,59.099998474121094,37.54499816894531,28.6200008392334,92.22000122070312,80.4000015258789,98.30000305175781,27.299999237060547,198.66000366210938,209.22999572753906,21.437000274658203,31.489999771118164,60.630001068115234,72.6500015258789,73.18000030517578,120.4800033569336,42.9900016784668,118.97000122070312,243.64999389648438,48.38999938964844,136.0500030517578,117.27999877929688,106.48999786376953,84.79000091552734,66.25,50.099998474121094,52.45000076293945,6.972499847412109,40.436431884765625,146.3300018310547,67.4800033569336,65.56999969482422,63.72666549682617,41.709999084472656,267.45001220703125,54.66999816894531,121.97000122070312,59.47999954223633,37.595001220703125,28.719999313354492,92.29000091552734,80.47000122070312,97.30000305175781,24.6299991607666,196.7899932861328,205.47999572753906,20.863000869750977,30.989999771118164,59.959999084472656,70.94000244140625,72.61000061035156,119.16999816894531,42.43000030517578,117.2699966430664,236.55999755859375,47.630001068115234,134.2100067138672,115.16999816894531,104.94000244140625,83.19000244140625,65.39122009277344,48.41999816894531,51.16999816894531,6.803750038146973,39.193546295166016,143.42999267578125,67.22000122070312,64.61000061035156,62.63666534423828,41.369998931884766,264.4200134277344,54.119998931884766,120.75,58.7599983215332,37.34000015258789,28.34000015258789,91.83000183105469,79.86000061035156,98.11000061035156,24.940000534057617,197.52000427246094,206.16000366210938,21.024999618530273,31.030000686645508,60.22999954223633,71.06999969482422,72.61000061035156,119.36000061035156,42.65999984741211,117.58999633789062,236.99000549316406,48.0,135.5,115.22000122070312,106.1500015258789,84.05000305175781,66.16412353515625,48.47999954223633,51.349998474121094,6.8354997634887695,40.341556549072266,143.7100067138672,67.37000274658203,65.36000061035156,62.77333450317383,41.43000030517578,265.0,54.130001068115234,121.08000183105469,58.869998931884766,37.39500045776367,28.350000381469727,92.22000122070312,79.91000366210938,2456000,325058400,2034400,546200,28213000,47729300,4334400,13545300,3389300,3901900,3873000,1816500,4106900,17170300,4325900,13768000,2452500,4305200,5327822,13317400,29134100,505776000,24485896,1515400,12578000,8459200,17873700,5733000,2614000,6070300,2038100,19915200,13969800,52254500,4671300,6671900
2018-08-28,69.87252044677734,25.049999237060547,156.85888671875,192.0435333251953,17.412799835205078,25.96872901916504,45.14740753173828,55.64512252807617,55.50595474243164,85.65255737304688,30.159286499023438,87.20486450195312,203.3401641845703,41.5389518737793,109.06190490722656,93.87841033935547,94.88977813720703,65.93431091308594,51.61469268798828,39.50722885131836,51.046531677246094,6.791546821594238,27.440824508666992,110.88703155517578,57.386627197265625,51.358917236328125,58.91375732421875,36.12213134765625,236.0390167236328,39.61453628540039,88.54692840576172,47.75733947753906,26.574888229370117,24.652647018432617,80.83609008789062,56.637603759765625,97.26000213623047,25.049999237060547,198.6199951171875,206.69000244140625,21.44300079345703,31.270000457763672,60.16999816894531,72.37999725341797,72.05000305175781,119.86000061035156,42.5099983215332,117.97000122070312,242.3699951171875,48.56999969482422,134.32000732421875,116.13999938964844,105.18000030517578,83.91000366210938,65.48664093017578,50.0,52.34000015258789,6.859499931335449,39.37381362915039,146.0800018310547,69.77999877929688,64.06999969482422,63.5,42.349998474121094,268.510009765625,54.20000076293945,120.38999938964844,59.06999969482422,37.3849983215332,28.59000015258789,92.2699966430664,80.27999877929688,98.69999694824219,26.18000030517578,199.8300018310547,208.05999755859375,21.59600067138672,31.40999984741211,60.279998779296875,72.75,73.08999633789062,121.33999633789062,43.2599983215332,119.7300033569336,245.0800018310547,48.790000915527344,134.89999389648438,117.02999877929688,105.58999633789062,84.58000183105469,65.71565246582031,50.43000030517578,52.560001373291016,6.9145002365112305,39.639469146728516,146.5800018310547,70.48999786376953,65.5199966430664,63.77333450317383,42.7599983215332,269.1400146484375,54.720001220703125,122.41999816894531,59.33000183105469,37.77000045776367,28.719999313354492,92.38999938964844,80.81999969482422,97.0999984741211,24.040000915527344,198.0,204.94000244140625,21.256999969482422,31.190000534057617,59.68000030517578,72.22000122070312,71.91999816894531,119.75,42.2400016784668,117.7699966430664,241.58999633789062,48.310001373291016,133.88999938964844,115.97000122070312,104.58999633789062,83.51000213623047,65.24809265136719,49.880001068115234,51.470001220703125,6.738249778747559,39.20303726196289,145.3800048828125,67.91999816894531,64.02999877929688,62.88666534423828,42.25,267.3299865722656,54.13999938964844,119.81999969482422,58.9900016784668,37.36000061035156,28.540000915527344,92.06999969482422,80.19999694824219,97.79000091552734,25.510000228881836,199.02000427246094,207.6199951171875,21.46299934387207,31.360000610351562,59.93000030517578,72.56999969482422,72.83999633789062,120.5999984741211,42.70000076293945,118.62999725341797,243.05999755859375,48.54999923706055,134.77999877929688,117.0,105.02999877929688,83.70999908447266,65.69656372070312,50.04999923706055,52.41999816894531,6.891499996185303,39.47817611694336,145.9600067138672,68.55999755859375,64.94000244140625,63.59333419799805,42.38999938964844,268.5400085449219,54.5,121.4000015258789,59.189998626708984,37.6150016784668,28.700000762939453,92.36000061035156,80.58000183105469,3515400,215771200,1644200,437600,24340000,38539000,3061900,9688600,4072200,4685700,4761800,1970700,2951000,13472400,6037500,8302600,2516800,3222900,6219251,7419100,26198800,475384000,19871694,1411700,24952700,9470700,1616100,10683500,2603900,4276700,2062600,19330200,16787000,28896800,4954100,8823400
2018-08-29,70.1023941040039,25.200000762939453,157.75128173828125,192.164306640625,17.45827293395996,25.86076545715332,45.86022186279297,55.76044464111328,56.653839111328125,85.90982055664062,30.478538513183594,87.80360412597656,203.1970977783203,41.69289779663086,109.50033569335938,93.57123565673828,95.02510070800781,65.7850112915039,51.75006103515625,39.467716217041016,50.549129486083984,6.897047996520996,27.440824508666992,110.78076934814453,56.90961456298828,51.695579528808594,59.068397521972656,37.6403694152832,236.46978759765625,39.70954895019531,88.70873260498047,47.66840362548828,26.738386154174805,24.64402961730957,81.36174011230469,57.04676818847656,97.58000183105469,25.200000762939453,199.75,206.82000732421875,21.499000549316406,31.139999389648438,61.119998931884766,72.52999877929688,73.54000091552734,120.22000122070312,42.959999084472656,118.77999877929688,241.39999389648438,48.75,134.86000061035156,115.76000213623047,105.33000183105469,83.72000122070312,65.65839385986328,49.95000076293945,51.83000183105469,6.962250232696533,39.37381362915039,145.94000244140625,69.19999694824219,64.48999786376953,63.66666793823242,44.130001068115234,269.0,54.33000183105469,120.61000061035156,58.959999084472656,37.6150016784668,28.579999923706055,92.87000274658203,80.86000061035156,97.83000183105469,25.40999984741211,200.0,207.57000732421875,21.579999923706055,31.309999465942383,61.25,72.83999633789062,73.73999786376953,120.83000183105469,43.369998931884766,119.5,242.7899932861328,48.86000061035156,134.94000244140625,116.37000274658203,105.58999633789062,84.55000305175781,65.74427795410156,50.189998626708984,52.15999984741211,6.987500190734863,39.487667083740234,147.0,70.06999969482422,64.63999938964844,63.86333465576172,44.380001068115234,269.32000732421875,54.5099983215332,121.72000122070312,59.18000030517578,37.77000045776367,28.65999984741211,92.97000122070312,81.04000091552734,96.02999877929688,24.010000228881836,196.9199981689453,205.50999450683594,21.344999313354492,31.06999969482422,60.060001373291016,72.0199966430664,72.4800033569336,119.87999725341797,42.689998626708984,118.05000305175781,240.30999755859375,48.400001525878906,133.94000244140625,115.36000061035156,104.27999877929688,82.94999694824219,65.14312744140625,49.58000183105469,51.29999923706055,6.827000141143799,39.06072235107422,145.3300018310547,69.13999938964844,63.90999984741211,63.276668548583984,43.09000015258789,267.25,54.09000015258789,119.52999877929688,58.81999969482422,37.38999938964844,28.440000534057617,92.19000244140625,80.0999984741211,97.43000030517578,24.360000610351562,197.7899932861328,205.5800018310547,21.481000900268555,31.239999771118164,60.099998474121094,72.30000305175781,72.7699966430664,120.0,42.900001525878906,119.04000091552734,242.0500030517578,48.70000076293945,134.32000732421875,116.3499984741211,104.4000015258789,84.1500015258789,65.24809265136719,50.0,52.09000015258789,6.8480000495910645,39.37381362915039,146.0500030517578,69.66999816894531,64.2300033569336,63.5,43.189998626708984,268.3900146484375,54.220001220703125,120.38999938964844,59.04999923706055,37.505001068115234,28.59000015258789,92.29000091552734,80.44000244140625,3637100,143223200,1775100,401500,18125000,46401800,4619600,7146800,4887000,4101700,4551100,2070900,1911700,13479100,4648700,7221700,2949500,3624700,5753206,7856700,31450800,420108000,15785020,1966500,11874300,7611600,4280400,12278200,2880600,4476500,2525900,14436600,15520800,34015300,5338500,8004800
2018-08-30,69.53483581542969,24.889999389648438,158.22520446777344,190.65914916992188,17.593076705932617,25.752811431884766,45.537574768066406,54.93783950805664,56.66922378540039,85.6168212890625,30.59916114807129,87.89970397949219,201.51353454589844,41.25673294067383,109.57340240478516,93.11050415039062,95.16041564941406,65.31355285644531,51.547000885009766,38.954132080078125,51.456146240234375,6.880209445953369,27.440824508666992,109.133544921875,56.03788757324219,51.575340270996094,58.539554595947266,37.06890106201172,235.9335174560547,39.497596740722656,87.56135559082031,47.26416778564453,26.663740158081055,24.45432472229004,81.30042266845703,56.799842834472656,96.79000091552734,24.889999389648438,200.35000610351562,205.1999969482422,21.665000915527344,31.010000228881836,60.689998626708984,71.45999908447266,73.55999755859375,119.80999755859375,43.130001068115234,118.91000366210938,239.39999389648438,48.2400016784668,134.9499969482422,115.19000244140625,105.4800033569336,83.12000274658203,65.40076446533203,49.29999923706055,52.7599983215332,6.945250034332275,39.37381362915039,143.77000427246094,68.13999938964844,64.33999633789062,63.0966682434082,43.459999084472656,268.3900146484375,54.040000915527344,119.05000305175781,58.459999084472656,37.5099983215332,28.360000610351562,92.80000305175781,80.51000213623047,97.7300033569336,25.670000076293945,200.69000244140625,206.85000610351562,21.694000244140625,31.149999618530273,61.22999954223633,72.36000061035156,74.43000030517578,120.43000030517578,43.599998474121094,119.47000122070312,241.1199951171875,48.83000183105469,135.60000610351562,116.04000091552734,105.73999786376953,83.94999694824219,65.78244018554688,49.88999938964844,53.68000030517578,7.043000221252441,39.76280975341797,145.86000061035156,69.16000366210938,65.08000183105469,63.7599983215332,44.4900016784668,270.1700134277344,54.369998931884766,121.37999725341797,59.08000183105469,37.67499923706055,28.559999465942383,93.11000061035156,80.77999877929688,96.55999755859375,24.760000228881836,198.6999969482422,204.72999572753906,21.461000442504883,30.950000762939453,60.47999954223633,71.33000183105469,73.26000213623047,119.55000305175781,42.86000061035156,118.13999938964844,238.67999267578125,48.09000015258789,134.60000610351562,114.9800033569336,104.94000244140625,82.02999877929688,65.21946716308594,49.20000076293945,51.400001525878906,6.9079999923706055,39.08918380737305,143.58999633789062,68.0,64.05999755859375,63.0099983215332,43.40999984741211,268.1099853515625,53.91999816894531,118.27999877929688,58.43000030517578,37.314998626708984,28.309999465942383,92.5999984741211,80.12000274658203,97.5,25.290000915527344,199.5800018310547,205.3800048828125,21.496999740600586,31.020000457763672,61.04999923706055,72.08999633789062,73.68000030517578,120.08000183105469,43.08000183105469,118.13999938964844,240.8000030517578,48.52000045776367,134.6999969482422,115.58999633789062,105.18000030517578,83.94000244140625,65.51526641845703,49.77000045776367,51.560001373291016,6.930749893188477,39.117645263671875,145.41000366210938,68.97000122070312,64.5999984741211,63.52000045776367,44.349998474121094,269.4599914550781,54.220001220703125,121.0,58.66999816894531,37.599998474121094,28.450000762939453,92.80000305175781,80.44999694824219,3434400,103607300,1992500,352800,26529000,47358900,3930200,13197700,5141200,3353000,4207400,2096800,1963700,16418800,4821900,8991800,2928600,4420500,4972341,11399900,32416600,346608000,16015425,1739900,12027500,6300100,1811400,7826200,2976300,6298700,2648100,14800900,18500400,43264100,5266100,7450900
2018-08-31,68.95295715332031,25.170000076293945,157.79867553710938,190.51974487304688,17.786340713500977,25.686363220214844,45.43254470825195,54.76871109008789,56.569068908691406,84.65209197998047,30.457263946533203,87.39702606201172,200.1752166748047,41.41922378540039,109.3623046875,92.61743927001953,95.31379699707031,64.66138458251953,51.58460235595703,38.58275604248047,51.22208023071289,6.951286792755127,27.454051971435547,108.95896911621094,56.50666809082031,50.629451751708984,58.85809326171875,37.18830490112305,235.99502563476562,39.54874038696289,86.7008056640625,47.28034210205078,26.457603454589844,24.428457260131836,81.2828598022461,56.559974670410156,95.9800033569336,25.170000076293945,199.80999755859375,205.0500030517578,21.902999877929688,30.93000030517578,60.54999923706055,71.23999786376953,73.43000030517578,118.45999908447266,42.93000030517578,118.2300033569336,237.80999755859375,48.43000030517578,134.69000244140625,114.58000183105469,105.6500015258789,82.29000091552734,65.44847106933594,48.83000183105469,52.52000045776367,7.017000198364258,39.39278793334961,143.5399932861328,68.70999908447266,63.15999984741211,63.439998626708984,43.599998474121094,268.4599914550781,54.11000061035156,117.87999725341797,58.47999954223633,37.220001220703125,28.329999923706055,92.77999877929688,80.16999816894531,96.69000244140625,25.239999771118164,200.47000122070312,205.66000366210938,21.93199920654297,30.950000762939453,60.70000076293945,71.29000091552734,73.54000091552734,119.4000015258789,43.029998779296875,118.80999755859375,239.35000610351562,48.560001373291016,135.0,114.83999633789062,105.86000061035156,83.0,65.60114288330078,49.09000015258789,53.22999954223633,7.03000020980835,39.44971466064453,143.74000549316406,69.0,64.13999938964844,63.53666687011719,43.61000061035156,269.2099914550781,54.13999938964844,118.62999725341797,58.540000915527344,37.404998779296875,28.350000381469727,92.86000061035156,80.45999908447266,95.72000122070312,24.719999313354492,198.38999938964844,203.6999969482422,21.584999084472656,30.6200008392334,60.209999084472656,70.58999633789062,72.97000122070312,118.08999633789062,42.41999816894531,117.66999816894531,237.1199951171875,47.91999816894531,133.97000122070312,113.81999969482422,104.47000122070312,81.08000183105469,65.03816986083984,48.56999969482422,52.220001220703125,6.914999961853027,38.98482131958008,142.5,67.94000244140625,62.970001220703125,63.00666809082031,42.959999084472656,267.20001220703125,53.790000915527344,116.4800033569336,58.06999969482422,37.064998626708984,28.170000076293945,92.4000015258789,79.7699966430664,96.25,24.889999389648438,199.8300018310547,204.3000030517578,21.60300064086914,30.8799991607666,60.470001220703125,71.05000305175781,73.08000183105469,119.4000015258789,42.880001068115234,118.56999969482422,238.94000244140625,47.959999084472656,134.60000610351562,114.83000183105469,105.13999938964844,82.79000091552734,65.21946716308594,49.09000015258789,52.70000076293945,6.925000190734863,39.1745719909668,143.0,67.98999786376953,64.06999969482422,63.00666809082031,43.119998931884766,268.2799987792969,53.869998931884766,118.5199966430664,58.27000045776367,37.39500045776367,28.260000228881836,92.58000183105469,80.23999786376953,4703100,65206400,2981400,388400,27623000,49266000,3352400,11898200,4152300,5287000,3776800,2020100,1965500,16484000,6139500,13065700,3278900,6666800,6018978,7698400,29937300,306592000,20983559,1731600,11166900,7953200,1099800,8782900,2961500,5159400,3722500,16720200,17819200,34107800,5808100,10700000
2018-09-04,67.93280029296875,28.059999465942383,155.3662567138672,185.34445190429688,17.818824768066406,25.86076545715332,45.38002014160156,54.89170837402344,56.32255935668945,84.94509887695312,30.04576301574707,86.99048614501953,200.0489044189453,41.01725387573242,108.57471466064453,93.07817840576172,94.38455963134766,66.22505187988281,51.10327911376953,38.487937927246094,50.64666748046875,7.0260796546936035,27.354873657226562,109.25501251220703,58.075138092041016,50.031532287597656,59.33124923706055,37.62331008911133,236.0390167236328,39.643768310546875,88.43660736083984,47.53904342651367,26.40073585510254,24.54917335510254,80.63459014892578,56.64464569091797,94.55999755859375,28.059999465942383,196.72999572753906,199.47999572753906,21.94300079345703,31.139999389648438,60.47999954223633,71.4000015258789,73.11000061035156,118.87000274658203,42.349998474121094,117.68000030517578,237.66000366210938,47.959999084472656,133.72000122070312,115.1500015258789,104.62000274658203,84.27999877929688,64.83778381347656,48.709999084472656,51.93000030517578,7.09250020980835,39.25047302246094,143.92999267578125,69.9800033569336,61.91999816894531,63.95000076293945,44.11000061035156,268.510009765625,54.2400016784668,120.23999786376953,58.79999923706055,37.13999938964844,28.469999313354492,92.04000091552734,80.29000091552734,95.97000122070312,28.110000610351562,199.75,199.89999389648438,22.02899932861328,31.15999984741211,60.689998626708984,71.58000183105469,74.13999938964844,119.62999725341797,43.27000045776367,119.3499984741211,238.1199951171875,48.43000030517578,134.75,115.23999786376953,105.69999694824219,85.08000183105469,65.27671813964844,48.90999984741211,52.29999923706055,7.130499839782715,39.4212532043457,144.3699951171875,70.11000061035156,63.13999938964844,63.97666549682617,44.119998931884766,269.4100036621094,54.34000015258789,121.22000122070312,58.95000076293945,37.41999816894531,28.5,92.76000213623047,80.69000244140625,94.08000183105469,25.56999969482422,195.3300018310547,197.3300018310547,21.71299934387207,30.81999969482422,59.880001068115234,70.37000274658203,72.83000183105469,118.3499984741211,42.119998931884766,116.75,234.58999633789062,47.560001373291016,133.44000244140625,113.62999725341797,104.37999725341797,82.5999984741211,64.8187026977539,48.18000030517578,50.709999084472656,6.974999904632568,39.108158111572266,142.72000122070312,68.70999908447266,61.7400016784668,63.073333740234375,43.189998626708984,266.57000732421875,53.84000015258789,118.31999969482422,58.06999969482422,36.9900016784668,28.200000762939453,91.81999969482422,79.80999755859375,95.97000122070312,25.6200008392334,199.25,199.0500030517578,21.858999252319336,30.90999984741211,60.5,70.98999786376953,73.93000030517578,118.93000030517578,43.060001373291016,119.04000091552734,237.75999450683594,48.380001068115234,134.69000244140625,114.33999633789062,105.30999755859375,82.75,65.2385482788086,48.86000061035156,52.13999938964844,7.003749847412109,39.35483932495117,143.49000549316406,68.73999786376953,63.060001373291016,63.209999084472656,43.2599983215332,268.0,54.209999084472656,118.36000061035156,58.45000076293945,37.38999938964844,28.270000457763672,92.69999694824219,80.41000366210938,4456100,192541300,2293500,693000,36663000,44745600,4746800,10108500,3447600,4590900,4972800,1703100,2083500,15682900,4406800,10174200,3107000,6036200,6045178,8548700,28975100,391720000,15274779,1948100,13024100,8287000,1289700,8174900,2097300,4367600,3372100,19003700,30189400,43145600,6875500,8855000
2018-09-05,68.38539123535156,28.510000228881836,156.1717987060547,181.29342651367188,17.98042106628418,25.89398765563965,45.92026138305664,54.71487808227539,56.237823486328125,84.98084259033203,29.59170913696289,87.14570617675781,199.96470642089844,40.812007904052734,110.31231689453125,92.6255111694336,95.37693786621094,65.95790100097656,51.60715866088867,38.495845794677734,48.31572723388672,6.895315170288086,27.67226791381836,109.44477081298828,58.830322265625,49.3043327331543,59.04364776611328,37.71713638305664,235.27420043945312,39.70954895019531,85.98739624023438,47.66031265258789,26.36519432067871,24.566421508789062,80.95873260498047,57.3995246887207,95.19000244140625,28.510000228881836,197.75,195.1199951171875,22.142000198364258,31.18000030517578,61.20000076293945,71.16999816894531,73.0,118.91999816894531,41.709999084472656,117.88999938964844,237.55999755859375,47.720001220703125,135.86000061035156,114.58999633789062,105.72000122070312,83.94000244140625,65.47709655761719,48.720001220703125,49.540000915527344,6.9604997634887695,39.70588302612305,144.17999267578125,70.88999938964844,61.02000045776367,63.63999938964844,44.220001220703125,267.6400146484375,54.33000183105469,116.91000366210938,58.95000076293945,37.09000015258789,28.489999771118164,92.41000366210938,81.36000061035156,95.25,29.940000534057617,198.6699981689453,198.14999389648438,22.18000030517578,31.239999771118164,61.310001373291016,71.77999877929688,73.11000061035156,118.94000244140625,42.06999969482422,118.26000213623047,239.4499969482422,48.119998931884766,135.94000244140625,115.69999694824219,106.11000061035156,84.47000122070312,65.54389190673828,49.04999923706055,51.599998474121094,7.110499858856201,39.77229690551758,145.0800018310547,71.06999969482422,61.54999923706055,64.0633316040039,44.56999969482422,268.79998779296875,54.619998931884766,119.38999938964844,59.20000076293945,37.11000061035156,28.639999389648438,92.41000366210938,81.43000030517578,94.08999633789062,26.84000015258789,196.85000610351562,194.1999969482422,21.95800018310547,30.969999313354492,60.40999984741211,71.13999938964844,72.04000091552734,117.26000213623047,41.220001220703125,116.22000122070312,236.1699981689453,47.470001220703125,133.4600067138672,114.25,104.69999694824219,82.41999816894531,64.79962158203125,48.5099983215332,49.06999969482422,6.878749847412109,39.14611053466797,143.55999755859375,69.30999755859375,60.189998626708984,63.10333251953125,44.02000045776367,266.92999267578125,54.15999984741211,116.91000366210938,58.810001373291016,36.595001220703125,28.43000030517578,91.80000305175781,79.5999984741211,94.33999633789062,29.40999984741211,197.1300048828125,197.8000030517578,21.9950008392334,31.06999969482422,60.599998474121094,71.19999694824219,72.83999633789062,118.05999755859375,42.060001373291016,116.80999755859375,237.00999450683594,47.75,133.47999572753906,115.0,104.8499984741211,84.05999755859375,64.83778381347656,48.650001525878906,51.38999938964844,7.074749946594238,39.1745719909668,143.75999450683594,69.80000305175781,61.470001220703125,63.88999938964844,44.09000015258789,268.55999755859375,54.189998626708984,119.23999786376953,58.880001068115234,36.970001220703125,28.450000762939453,91.97000122070312,79.9000015258789,5188800,257349000,1809000,633900,37194000,48516700,6296600,13138100,5080200,4619400,7087700,2081600,2092000,20857200,6174800,11462400,3366600,5718900,6664337,5527500,39125100,393156000,21819908,1749500,15310700,10127200,1579500,7262400,2230600,5325300,4506400,22332300,19196200,32727700,10218900,13878400
2018-09-06,67.34371185302734,27.84000015258789,154.90818786621094,171.37950134277344,17.537853240966797,25.743776321411133,45.725162506103516,53.899959564208984,54.34269714355469,82.34394836425781,28.825502395629883,85.37897491455078,197.40586853027344,40.41859436035156,111.13238525390625,92.22943878173828,95.06114959716797,65.0621109008789,52.17873764038086,37.87162780761719,43.54657745361328,6.754150390625,27.625974655151367,108.70088195800781,58.39047622680664,48.64984130859375,57.47880172729492,37.572139739990234,237.8409423828125,39.70954895019531,85.36956024169922,46.83566665649414,25.87826156616211,24.45432472229004,80.95873260498047,56.764564514160156,93.73999786376953,27.84000015258789,196.14999389648438,184.4499969482422,21.597000122070312,30.850000381469727,60.939998626708984,70.11000061035156,70.54000091552734,115.2300033569336,40.630001068115234,115.5,234.52000427246094,47.2599983215332,136.8699951171875,114.0999984741211,105.37000274658203,82.80000305175781,66.2022933959961,47.93000030517578,44.650001525878906,6.817999839782715,39.639469146728516,143.1999969482422,70.36000061035156,60.209999084472656,61.95333480834961,44.04999923706055,269.6499938964844,54.33000183105469,116.06999969482422,57.93000030517578,36.404998779296875,28.360000610351562,92.41000366210938,80.45999908447266,95.08000183105469,28.579999923706055,198.58999633789062,192.1300048828125,22.281999588012695,31.110000610351562,61.380001068115234,71.11000061035156,72.47000122070312,118.51000213623047,41.459999084472656,118.12999725341797,238.6300048828125,47.959999084472656,137.30999755859375,114.69999694824219,105.75,85.33999633789062,66.35496520996094,48.81999969482422,48.45000076293945,6.946499824523926,39.76280975341797,144.0399932861328,71.3499984741211,60.959999084472656,63.45333480834961,44.06999969482422,270.0199890136719,54.5,118.87999725341797,59.15999984741211,37.07500076293945,28.530000686645508,92.5999984741211,81.63999938964844,92.79000091552734,27.190000534057617,195.1199951171875,183.42999267578125,21.392000198364258,30.729999542236328,60.869998931884766,69.91999816894531,70.51000213623047,115.13999938964844,40.5,115.20999908447266,233.8800048828125,47.209999084472656,135.17999267578125,113.5,103.66000366210938,82.75,65.66793823242188,47.68000030517578,44.060001373291016,6.784749984741211,39.326377868652344,142.6999969482422,70.19000244140625,59.79999923706055,61.88666534423828,43.58000183105469,266.94000244140625,54.08000183105469,115.30000305175781,57.93000030517578,36.30500030517578,28.270000457763672,91.8499984741211,80.33999633789062,94.79000091552734,28.1200008392334,197.5500030517578,191.55999755859375,22.149999618530273,31.049999237060547,61.029998779296875,70.93000030517578,72.16999816894531,117.88999938964844,41.459999084472656,117.77999877929688,237.0,47.7599983215332,135.5,114.5,105.66999816894531,83.77999877929688,65.81106567382812,48.54999923706055,48.20000076293945,6.943999767303467,39.70588302612305,143.94000244140625,70.8499984741211,60.79999923706055,63.400001525878906,43.939998626708984,267.6000061035156,54.349998474121094,117.33999633789062,58.90999984741211,36.95000076293945,28.450000762939453,92.4000015258789,81.11000061035156,5416300,143942900,1797300,2100300,62509000,42666000,4979500,15207100,5443700,8191100,9195500,1982400,2651400,19318100,6562000,9877600,3180700,4468200,10099995,7990500,94413400,322796000,18356780,2254500,11997700,9684100,1494000,10424900,2556100,3696400,3406600,20756900,28812800,38328900,5940300,13320600
2018-09-07,67.65260314941406,27.3799991607666,155.02664184570312,168.05320739746094,18.886667251586914,25.752124786376953,46.0027961730957,53.53863525390625,54.096168518066406,81.89375305175781,28.711971282958984,84.61760711669922,196.8924102783203,39.72585678100586,111.49775695800781,92.40727233886719,96.55876159667969,64.83424377441406,52.3968391418457,38.100772857666016,43.75138473510742,6.732852458953857,27.903684616088867,108.51868438720703,58.407081604003906,48.237762451171875,57.24067306518555,38.28007888793945,236.63258361816406,39.60721969604492,84.64141082763672,46.407161712646484,25.874713897705078,24.428457260131836,81.0813980102539,57.731117248535156,94.16999816894531,27.3799991607666,196.3000030517578,180.8699951171875,23.257999420166016,30.860000610351562,61.310001373291016,69.63999938964844,70.22000122070312,114.5999984741211,40.470001220703125,114.47000122070312,233.91000366210938,46.45000076293945,137.32000732421875,114.31999969482422,107.02999877929688,82.51000213623047,66.47901153564453,48.220001220703125,44.86000061035156,6.796500205993652,40.0379524230957,142.9600067138672,70.37999725341797,59.70000076293945,61.6966667175293,44.880001068115234,268.2799987792969,54.189998626708984,115.08000183105469,57.400001525878906,36.400001525878906,28.329999923706055,92.55000305175781,81.83000183105469,94.3499984741211,28.270000457763672,197.5500030517578,184.42999267578125,23.541000366210938,31.1200008392334,61.40999984741211,70.44999694824219,70.62000274658203,115.3499984741211,40.560001373291016,115.31999969482422,235.63999938964844,47.47999954223633,137.69000244140625,114.7699966430664,107.23999786376953,82.8499984741211,66.58396911621094,48.400001525878906,46.459999084472656,6.923250198364258,40.180267333984375,144.08999633789062,70.62000274658203,60.189998626708984,62.59333419799805,45.2400016784668,271.1600036621094,54.619998931884766,115.88999938964844,58.06999969482422,36.46500015258789,28.440000534057617,92.63999938964844,81.93000030517578,91.5999984741211,26.799999237060547,194.75,180.27999877929688,22.399999618530273,30.6299991607666,60.63999938964844,69.47000122070312,69.41999816894531,113.38999938964844,39.650001525878906,113.69999694824219,232.67999267578125,46.36000061035156,135.75,113.62999725341797,104.80000305175781,81.5199966430664,65.69656372070312,47.880001068115234,44.650001525878906,6.679749965667725,39.33586120605469,142.1999969482422,69.61000061035156,59.25,61.54999923706055,43.97999954223633,267.510009765625,53.880001068115234,113.38999938964844,57.349998474121094,35.88999938964844,28.209999084472656,92.05000305175781,79.81999969482422,93.6500015258789,26.959999084472656,195.42999267578125,181.1999969482422,22.420000076293945,31.0,60.720001220703125,70.33999633789062,69.93000030517578,114.5199966430664,40.220001220703125,114.9800033569336,235.0500030517578,46.90999984741211,136.77999877929688,114.5,105.1500015258789,82.80000305175781,65.99236297607422,48.02000045776367,45.13999938964844,6.724999904632568,39.45920181274414,143.8000030517578,69.83999633789062,59.790000915527344,61.836666107177734,44.0,269.6400146484375,54.61000061035156,114.83999633789062,57.91999816894531,36.27000045776367,28.420000076293945,92.19000244140625,80.1500015258789,4051700,123348700,2604100,889600,104703000,49103800,3519900,15180600,4370600,6637800,7669500,3288600,1952900,25958300,6375200,10955600,3822900,3589100,9971930,7285200,47114300,295420000,21221658,1730100,24421900,11056200,8400900,14256000,2958000,4938100,2498200,21482400,20268800,43644300,5591100,16417800
2018-09-10,67.40117645263672,29.889999389648438,159.923095703125,172.51303100585938,19.538745880126953,25.71874237060547,45.66514205932617,53.53094482421875,54.8126106262207,81.8079833984375,28.740360260009766,84.5067138671875,195.20892333984375,39.59756088256836,111.40846252441406,91.91417694091797,96.0084228515625,64.77136993408203,52.314117431640625,37.87953186035156,43.79039001464844,6.803929328918457,27.811115264892578,108.28339385986328,60.017059326171875,48.4639892578125,57.8468132019043,38.05831527709961,229.09112548828125,39.56336212158203,84.76647186279297,46.4556770324707,25.864046096801758,24.402591705322266,80.87112426757812,57.64643096923828,93.81999969482422,29.889999389648438,202.5,185.6699981689453,24.06100082397461,30.81999969482422,60.86000061035156,69.62999725341797,71.1500015258789,114.4800033569336,40.5099983215332,114.31999969482422,231.91000366210938,46.29999923706055,137.2100067138672,113.70999908447266,106.41999816894531,82.43000030517578,66.3740463256836,47.939998626708984,44.900001525878906,6.868249893188477,39.90512466430664,142.64999389648438,72.31999969482422,59.97999954223633,62.349998474121094,44.619998931884766,259.7300109863281,54.130001068115234,115.25,57.459999084472656,36.3849983215332,28.299999237060547,92.30999755859375,81.70999908447266,95.16999816894531,29.93000030517578,203.69000244140625,187.7100067138672,24.094999313354492,31.0,61.77000045776367,70.27999877929688,71.6500015258789,115.72000122070312,41.06999969482422,115.5199966430664,235.5,46.7599983215332,138.47000122070312,114.97000122070312,107.83999633789062,83.0999984741211,67.35687255859375,48.470001220703125,45.380001068115234,6.898250102996826,40.531307220458984,143.63999938964844,72.75,60.779998779296875,62.366668701171875,45.060001373291016,266.79998779296875,54.400001525878906,116.55000305175781,57.84000015258789,36.73500061035156,28.440000534057617,92.94999694824219,82.73999786376953,93.69999694824219,27.84000015258789,196.38999938964844,184.5800018310547,23.204999923706055,30.75,60.79999923706055,69.62000274658203,70.5199966430664,114.37999725341797,40.15999984741211,114.19999694824219,231.74000549316406,46.22999954223633,137.05999755859375,113.66000366210938,106.38999938964844,82.1500015258789,66.34542083740234,47.90999984741211,44.38999938964844,6.775000095367432,39.89563751220703,142.4499969482422,70.5,59.959999084472656,61.77333450317383,44.52000045776367,258.75,54.09000015258789,114.98999786376953,57.310001373291016,36.375,28.270000457763672,92.22000122070312,81.66000366210938,94.9800033569336,28.149999618530273,197.36000061035156,187.6300048828125,23.465999603271484,30.8799991607666,61.5,69.9800033569336,70.55999755859375,115.43000030517578,40.790000915527344,115.0,235.00999450683594,46.560001373291016,137.52999877929688,114.8499984741211,107.5,82.69999694824219,66.79389190673828,48.369998931884766,45.25,6.819250106811523,40.2087287902832,143.49000549316406,70.66999816894531,60.0,62.13666534423828,45.0,266.7799987792969,54.290000915527344,115.6500015258789,57.619998931884766,36.584999084472656,28.399999618530273,92.77999877929688,82.23999786376953,3156800,162253800,4310800,1003600,60880000,34156200,3963900,12353600,5188600,5870900,5692400,1778700,1948100,21522400,4892200,8276900,2950800,4067700,7616759,4925000,33078300,220140000,21482206,1201400,14636000,6954600,951000,6824900,4146200,2995700,2451800,15623000,17823400,29927200,4234000,10817900
2018-09-11,66.94139862060547,30.100000381469727,157.5301513671875,170.37608337402344,18.884233474731445,25.743776321411133,45.38752746582031,53.37718963623047,55.05913543701172,82.19384765625,29.435632705688477,85.91123962402344,193.77793884277344,38.42588424682617,112.46397399902344,92.4961929321289,95.30477142333984,65.62787628173828,51.953125,37.81632614135742,42.52252960205078,6.756132125854492,27.97641944885254,108.72364807128906,60.174747467041016,48.73872375488281,57.287052154541016,37.99860763549805,230.2466583251953,39.61453628540039,84.65611267089844,46.390995025634766,26.109291076660156,24.428457260131836,80.80104064941406,58.45778274536133,93.18000030517578,30.100000381469727,199.47000122070312,183.3699951171875,23.2549991607666,30.850000381469727,60.4900016784668,69.43000030517578,71.47000122070312,115.0199966430664,41.4900016784668,116.22000122070312,230.2100067138672,44.93000030517578,138.50999450683594,114.43000030517578,105.63999938964844,83.5199966430664,65.91603088378906,47.86000061035156,43.599998474121094,6.820000171661377,40.14231491088867,143.22999572753906,72.51000213623047,60.31999969482422,61.746665954589844,44.54999923706055,261.0400085449219,54.20000076293945,115.0999984741211,57.380001068115234,36.72999954223633,28.329999923706055,92.2300033569336,82.86000061035156,93.7300033569336,30.59000015258789,203.0,183.85000610351562,23.969999313354492,30.899999618530273,61.0099983215332,69.70999908447266,72.08000183105469,115.73999786376953,41.599998474121094,117.16999816894531,231.64999389648438,46.029998779296875,138.91000366210938,114.58000183105469,106.62000274658203,83.8499984741211,66.6030502319336,48.040000915527344,43.75,6.909999847412109,40.256168365478516,143.7100067138672,72.66000366210938,60.79999923706055,62.18333435058594,44.56999969482422,261.4200134277344,54.380001068115234,116.30999755859375,57.560001373291016,36.939998626708984,28.40999984741211,92.41000366210938,83.19000244140625,92.87999725341797,29.3700008392334,199.27000427246094,181.27999877929688,23.040000915527344,30.700000762939453,60.439998626708984,68.91000366210938,70.5999984741211,113.76000213623047,40.27000045776367,114.08000183105469,228.66000366210938,44.88999938964844,137.22000122070312,113.18000030517578,105.5199966430664,81.70999908447266,65.90648651123047,47.38999938964844,42.349998474121094,6.80049991607666,39.800758361816406,142.41000366210938,71.80999755859375,59.43000030517578,61.41666793823242,43.58000183105469,257.4800109863281,53.939998626708984,114.23999786376953,57.31999969482422,36.25,28.1200008392334,91.83999633789062,81.62999725341797,93.72000122070312,30.020000457763672,201.0,182.4600067138672,23.770000457763672,30.719999313354492,60.849998474121094,69.26000213623047,70.98999786376953,114.33999633789062,40.310001373291016,114.38999938964844,230.6699981689453,46.0,137.63999938964844,113.54000091552734,106.41000366210938,82.25,66.6030502319336,47.709999084472656,43.650001525878906,6.821499824523926,39.84819793701172,142.67999267578125,71.83999633789062,60.08000183105469,62.099998474121094,43.63999938964844,257.9200134277344,54.04999923706055,114.93000030517578,57.400001525878906,36.349998474121094,28.219999313354492,92.1500015258789,81.95999908447266,2638500,159902500,3386000,610500,60755000,53071000,3585800,12650000,4172200,5605300,7606000,2370900,2719400,32455300,7856800,9333800,3516400,3835400,6094644,5011700,48980700,243112000,19658786,1581700,9501100,9782200,1734900,12509700,2283300,3383700,2708100,22160300,28563200,32065200,5683900,11891900
2018-09-12,66.98451232910156,32.209999084472656,157.5538330078125,162.94290161132812,18.66822624206543,25.39329719543457,45.26747512817383,54.207489013671875,55.444332122802734,82.7441177368164,29.761981964111328,86.44348907470703,192.0438995361328,38.42588424682617,113.15413665771484,91.40494537353516,95.60247039794922,66.16217041015625,52.53972244262695,37.51605987548828,40.7084846496582,6.642207622528076,28.04254913330078,107.26618957519531,59.544036865234375,49.1427116394043,56.62525177001953,37.47831726074219,231.6842803955078,39.139442443847656,85.54606628417969,45.22677230834961,26.24434471130371,24.204265594482422,81.20404052734375,58.64826202392578,93.23999786376953,32.209999084472656,199.5,175.3699951171875,22.98900032043457,30.43000030517578,60.33000183105469,70.51000213623047,71.97000122070312,115.79000091552734,41.95000076293945,116.94000244140625,228.14999389648438,44.93000030517578,139.36000061035156,113.08000183105469,105.97000122070312,84.19999694824219,66.6603012084961,47.47999954223633,41.7400016784668,6.704999923706055,40.23719024658203,141.30999755859375,71.75,60.81999969482422,61.03333282470703,43.939998626708984,262.6700134277344,53.54999923706055,116.30999755859375,55.939998626708984,36.91999816894531,28.06999969482422,92.69000244140625,83.12999725341797,93.94000244140625,32.290000915527344,201.5,177.47999572753906,23.084999084472656,30.959999084472656,60.63999938964844,71.6500015258789,72.52999877929688,117.48999786376953,42.27000045776367,119.08999633789062,231.99000549316406,44.97999954223633,139.99000549316406,114.87999725341797,106.48999786376953,85.22000122070312,66.81298065185547,48.099998474121094,42.18000030517578,6.799499988555908,40.597721099853516,143.3699951171875,72.5,61.599998474121094,61.060001373291016,44.29999923706055,264.489990234375,54.2400016784668,117.43000030517578,57.38999938964844,37.28499984741211,28.389999389648438,92.86000061035156,83.77999877929688,92.04000091552734,29.450000762939453,198.13999938964844,172.69000244140625,22.283000946044922,30.3799991607666,59.880001068115234,70.51000213623047,71.69000244140625,115.76000213623047,41.5099983215332,116.87999725341797,227.3000030517578,44.060001373291016,138.55999755859375,112.8499984741211,105.51000213623047,83.58999633789062,65.9542007446289,47.2599983215332,40.68000030517578,6.547999858856201,40.113853454589844,140.8300018310547,70.0199966430664,60.70000076293945,59.70000076293945,43.81999969482422,260.8500061035156,53.4900016784668,115.87999725341797,55.79999923706055,36.90999984741211,28.049999237060547,92.11000061035156,82.87000274658203,92.38999938964844,29.90999984741211,199.67999267578125,177.3800048828125,22.809999465942383,30.8799991607666,60.529998779296875,70.95999908447266,72.1500015258789,116.41999816894531,42.04999923706055,117.29000091552734,230.91000366210938,44.560001373291016,138.89999389648438,114.25,105.80999755859375,83.62999725341797,66.22137451171875,47.790000915527344,41.2400016784668,6.779749870300293,40.13282775878906,142.75999450683594,72.08999633789062,60.70000076293945,60.95000076293945,43.91999816894531,261.1199951171875,54.209999084472656,116.06999969482422,57.33000183105469,37.029998779296875,28.329999923706055,92.29000091552734,83.25,3304700,197889600,2133500,3094700,53077000,59482300,7025600,17434900,6137200,5067800,8555800,2236000,3577700,29778700,6767700,10800800,3926000,5581900,6382320,6231800,66916000,419092000,17508205,1972900,12638300,7931700,2111400,10303700,2236300,5354900,3195200,23868800,25378800,47963400,11056600,11556300
2018-09-13,69.20439147949219,30.479999542236328,160.2626495361328,169.10311889648438,19.117294311523438,25.151296615600586,45.61261749267578,53.93069839477539,55.891136169433594,83.10857391357422,29.05828285217285,86.20691680908203,192.1954345703125,38.97323989868164,113.58448791503906,91.76058959960938,96.15279388427734,66.07574462890625,53.26924514770508,37.70570373535156,42.542022705078125,6.719972133636475,28.333478927612305,106.46917724609375,61.91748809814453,49.3043327331543,57.2715950012207,37.04331588745117,234.17166137695312,39.48295974731445,85.92855072021484,44.466796875,26.255008697509766,24.169775009155273,82.21154022216797,58.07682418823242,96.33000183105469,30.479999542236328,202.92999267578125,182.0,23.54199981689453,30.139999389648438,60.790000915527344,70.1500015258789,72.55000305175781,116.30000305175781,40.880001068115234,116.62000274658203,228.3300018310547,45.56999969482422,139.88999938964844,113.5199966430664,106.58000183105469,84.08999633789062,67.58587646484375,47.720001220703125,43.619998931884766,6.7835001945495605,40.65464782714844,140.25999450683594,74.61000061035156,61.02000045776367,61.72999954223633,43.43000030517578,265.489990234375,54.02000045776367,116.83000183105469,55.0,36.935001373291016,28.030000686645508,93.83999633789062,82.31999969482422,96.37000274658203,34.13999938964844,203.08999633789062,184.6300048828125,23.922000885009766,30.670000076293945,60.959999084472656,71.69999694824219,72.58000183105469,116.5199966430664,41.84000015258789,117.12999725341797,229.85000610351562,45.849998474121094,140.47999572753906,114.12999725341797,106.70999908447266,84.54000091552734,67.69084167480469,48.099998474121094,44.4900016784668,6.875,40.72106170654297,142.27000427246094,75.36000061035156,61.310001373291016,62.503334045410156,43.9900016784668,265.69000244140625,54.29999923706055,117.4800033569336,56.25,37.005001068115234,28.280000686645508,93.83999633789062,83.25,93.41000366210938,29.8700008392334,199.41000366210938,181.14999389648438,23.11199951171875,30.079999923706055,59.52000045776367,70.02999877929688,71.12000274658203,115.08000183105469,40.68000030517578,115.02999877929688,227.57000732421875,45.11000061035156,139.02000427246094,112.66999816894531,105.81999969482422,82.87000274658203,66.39312744140625,47.5,42.29999923706055,6.754000186920166,40.256168365478516,139.80999755859375,73.4800033569336,60.43000030517578,61.50666809082031,43.27000045776367,263.4200134277344,53.72999954223633,115.80000305175781,54.9900016784668,36.6150016784668,27.969999313354492,93.0,82.01000213623047,93.41999816894531,33.15999984741211,200.24000549316406,182.30999755859375,23.368999481201172,30.530000686645508,60.70000076293945,70.9000015258789,71.98999786376953,116.01000213623047,41.58000183105469,116.80000305175781,229.5,45.68000030517578,139.88999938964844,113.37000274658203,106.16000366210938,84.30000305175781,66.94656372070312,47.72999954223633,42.29999923706055,6.771500110626221,40.32258224487305,141.77000427246094,73.68000030517578,60.709999084472656,61.706668853759766,43.9900016784668,264.1600036621094,53.90999984741211,116.54000091552734,56.0099983215332,36.86000061035156,28.139999389648438,93.08999633789062,83.1500015258789,4850700,304147100,2780200,2444700,43757000,59219500,6119300,13569000,4038600,6297700,7547900,2336000,3003600,18657100,6456100,12470800,5167400,4575900,10750594,8380100,59922100,305536000,18666129,2804100,24617700,6006300,2159700,9624500,2734500,6687600,2081500,26954800,22074800,44977100,10603800,11162700
2018-09-14,68.73743438720703,32.720001220703125,158.4067840576172,171.28662109375,19.192001342773438,25.34322738647461,45.537574768066406,54.23054122924805,56.62301254272461,83.88032531738281,28.19818115234375,87.09395599365234,192.9614715576172,38.94758605957031,113.25968933105469,91.74444580078125,95.42200469970703,66.27220916748047,52.989070892333984,38.077064514160156,43.20521545410156,6.846031188964844,28.406213760375977,106.575439453125,62.31583023071289,49.474002838134766,57.914852142333984,37.87919998168945,234.01292419433594,39.5706787109375,86.14918518066406,44.248512268066406,26.393632888793945,24.342227935791016,81.93995666503906,58.500118255615234,95.68000030517578,32.720001220703125,200.5800018310547,184.35000610351562,23.634000778198242,30.3700008392334,60.689998626708984,70.54000091552734,73.5,117.37999725341797,39.66999816894531,117.81999969482422,229.24000549316406,45.540000915527344,139.49000549316406,113.5,105.7699966430664,84.33999633789062,66.77481079101562,48.189998626708984,44.29999923706055,6.910749912261963,40.75901412963867,140.39999389648438,75.08999633789062,61.22999954223633,62.42333221435547,44.40999984741211,265.30999755859375,54.13999938964844,117.12999725341797,54.72999954223633,37.130001068115234,28.229999542236328,93.52999877929688,82.91999816894531,96.4000015258789,33.09000015258789,204.4199981689453,185.00999450683594,23.708999633789062,30.389999389648438,60.720001220703125,70.87999725341797,73.93000030517578,117.61000061035156,41.08000183105469,118.52999877929688,230.5500030517578,45.970001220703125,140.35000610351562,114.48999786376953,106.69000244140625,84.73999786376953,67.5,48.5099983215332,44.560001373291016,6.977499961853027,40.79696273803711,141.16000366210938,76.04000091552734,61.560001373291016,62.66999816894531,44.560001373291016,266.6499938964844,54.25,117.80999755859375,55.560001373291016,37.27000045776367,28.260000228881836,93.91999816894531,83.1500015258789,94.91999816894531,30.540000915527344,200.0,182.27000427246094,23.368999481201172,30.110000610351562,60.290000915527344,70.1500015258789,72.41000366210938,116.3499984741211,39.56999969482422,116.56999969482422,228.75999450683594,45.349998474121094,139.10000610351562,113.2300033569336,105.4000015258789,83.87999725341797,66.46946716308594,47.849998474121094,43.459999084472656,6.837500095367432,40.32258224487305,140.02000427246094,74.41000366210938,60.7599983215332,61.90666580200195,43.95000076293945,263.2799987792969,53.970001220703125,116.69999694824219,54.70000076293945,36.92499923706055,28.059999465942383,93.36000061035156,82.2699966430664,96.29000091552734,31.43000030517578,203.63999938964844,183.44000244140625,23.516000747680664,30.1299991607666,60.66999816894531,70.18000030517578,72.41000366210938,116.43000030517578,40.86000061035156,116.56999969482422,229.0800018310547,45.779998779296875,140.0,113.80999755859375,106.56999969482422,84.04000091552734,67.5,47.88999938964844,44.11000061035156,6.874750137329102,40.55977249145508,140.1199951171875,74.52999877929688,61.0,62.086666107177734,44.02000045776367,265.3999938964844,54.02000045776367,116.87999725341797,55.189998626708984,36.939998626708984,28.06999969482422,93.91999816894531,82.41999816894531,3446000,217762800,2504200,1095400,28095000,33743900,3893800,9653300,4618500,4947800,11391400,1536600,2228300,22998700,4534800,10337900,3103100,3294400,7792928,6955500,40610300,386936000,16800655,1965800,13450700,8059100,1979100,5295400,2084600,5271400,1724500,20997600,18988600,34151000,5929000,9442600
2018-09-17,68.51470184326172,32.43000030517578,158.5884246826172,170.11587524414062,19.069379806518555,25.268123626708984,45.99528121948242,54.49193572998047,57.19307327270508,83.97322845458984,27.58688735961914,86.88700103759766,191.82508850097656,38.844947814941406,113.6413345336914,92.0192642211914,95.36790466308594,65.86357116699219,53.322235107421875,37.674095153808594,42.503013610839844,6.784117221832275,28.439281463623047,106.0136947631836,60.78055191040039,49.26392364501953,57.10769271850586,37.32477569580078,232.74276733398438,39.56336212158203,84.92092895507812,43.908939361572266,26.436277389526367,24.238750457763672,81.64207458496094,58.845794677734375,95.37000274658203,32.43000030517578,200.80999755859375,183.08999633789062,23.482999801635742,30.280000686645508,61.29999923706055,70.87999725341797,74.23999786376953,117.51000213623047,38.810001373291016,117.54000091552734,227.88999938964844,45.41999816894531,139.9600067138672,113.83999633789062,105.70999908447266,83.81999969482422,67.19465637207031,47.68000030517578,43.58000183105469,6.848249912261963,40.806453704833984,139.66000366210938,73.23999786376953,60.970001220703125,61.5533332824707,43.7599983215332,263.8699951171875,54.130001068115234,115.45999908447266,54.310001373291016,37.189998626708984,28.110000610351562,93.19000244140625,83.41000366210938,96.16000366210938,33.22999954223633,201.4499969482422,185.0399932861328,24.030000686645508,30.489999771118164,61.5,71.44999694824219,74.9000015258789,118.68000030517578,40.189998626708984,118.75,230.16000366210938,45.900001525878906,140.39999389648438,114.43000030517578,106.7699966430664,84.48999786376953,67.23282623291016,48.540000915527344,44.31999969482422,6.934500217437744,40.967742919921875,140.88999938964844,75.27999877929688,61.66999816894531,62.356666564941406,44.13999938964844,266.6600036621094,54.34000015258789,117.37999725341797,54.7599983215332,37.439998626708984,28.309999465942383,93.54000091552734,83.61000061035156,94.80000305175781,31.600000381469727,199.50999450683594,182.75,23.430999755859375,30.149999618530273,60.65999984741211,70.4000015258789,73.62000274658203,117.27999877929688,38.689998626708984,117.06999969482422,227.3000030517578,45.189998626708984,139.17999267578125,113.30000305175781,105.05000305175781,83.37999725341797,66.45992279052734,47.560001373291016,43.25,6.828750133514404,40.55028533935547,139.22999572753906,73.11000061035156,60.68000030517578,61.47666549682617,43.470001220703125,263.4100036621094,53.970001220703125,115.20999908447266,53.939998626708984,37.099998474121094,28.079999923706055,93.08000183105469,82.98999786376953,95.4000015258789,31.75,200.2899932861328,184.0500030517578,24.0,30.34000015258789,60.849998474121094,70.79000091552734,73.70999908447266,117.61000061035156,39.880001068115234,118.31999969482422,229.39999389648438,45.290000915527344,139.3300018310547,113.79000091552734,105.61000061035156,84.43000030517578,66.65076446533203,48.5,43.59000015258789,6.885000228881836,40.815940856933594,140.8000030517578,74.83999633789062,61.59000015258789,62.19333267211914,43.630001068115234,266.5,54.310001373291016,117.05000305175781,54.75,37.224998474121094,28.229999542236328,93.52999877929688,83.0,3987200,180410600,1950100,574900,36739000,35026600,4430900,11323000,6010100,5560200,10602000,2537200,1918800,17603200,5295500,9561300,4972200,3510200,7018770,6726500,28205300,205528000,16904263,1915100,11558300,6825400,1527600,6210300,1940400,4507400,1876000,21959500,29457800,26907900,5543000,8403300
2018-09-18,66.53190612792969,31.93000030517578,159.79673767089844,173.3492889404297,19.613445281982422,25.209705352783203,46.13035202026367,54.8609619140625,57.80940628051758,84.4162826538086,27.95650291442871,88.29889678955078,192.66685485839844,39.426517486572266,114.11224365234375,92.39109802246094,96.42345428466797,65.98146057128906,53.322235107421875,37.80842208862305,44.20976257324219,6.712047100067139,28.769886016845703,106.21864318847656,62.0087776184082,49.28008270263672,57.59941101074219,37.15419006347656,232.2312469482422,39.57798767089844,84.82528686523438,44.06253433227539,26.610431671142578,24.359472274780273,82.11517333984375,59.001007080078125,92.61000061035156,31.93000030517578,202.33999633789062,186.57000732421875,23.972999572753906,30.209999084472656,61.47999954223633,71.36000061035156,75.04000091552734,118.12999725341797,39.33000183105469,119.44999694824219,228.88999938964844,46.099998474121094,140.5399932861328,114.30000305175781,106.87999725341797,83.97000122070312,67.19465637207031,47.849998474121094,45.33000183105469,6.7754998207092285,41.28083419799805,139.92999267578125,74.72000122070312,60.9900016784668,62.08333206176758,43.560001373291016,263.2900085449219,54.150001525878906,115.33000183105469,54.5,37.435001373291016,28.25,93.7300033569336,83.62999725341797,96.05999755859375,33.369998931884766,203.8699951171875,187.61000061035156,24.139999389648438,30.399999618530273,61.65999984741211,71.58999633789062,75.7300033569336,118.9000015258789,39.650001525878906,120.30000305175781,229.39999389648438,46.529998779296875,140.83999633789062,114.66000366210938,107.19000244140625,84.66000366210938,67.65267181396484,48.040000915527344,45.869998931884766,6.955999851226807,41.44212341308594,140.41000366210938,76.5,61.970001220703125,62.459999084472656,44.09000015258789,264.0899963378906,54.380001068115234,116.5999984741211,54.70000076293945,37.689998626708984,28.280000686645508,93.97000122070312,84.12999725341797,92.41000366210938,31.200000762939453,199.1999969482422,184.7100067138672,23.48699951171875,30.1299991607666,61.130001068115234,70.5999984741211,74.62999725341797,117.9800033569336,39.029998779296875,118.45999908447266,226.57000732421875,45.40999984741211,139.8300018310547,113.55999755859375,105.11000061035156,83.44000244140625,66.69847106933594,47.54999923706055,43.880001068115234,6.768750190734863,40.63567352294922,139.39999389648438,73.51000213623047,60.95000076293945,61.8033332824707,43.349998474121094,262.0,53.970001220703125,115.30999755859375,54.040000915527344,37.43000030517578,28.059999465942383,93.05000305175781,83.44999694824219,95.3499984741211,32.9900016784668,200.4199981689453,184.7100067138672,23.5,30.329999923706055,61.18000030517578,71.30000305175781,74.75,118.5,39.25,118.75,228.35000610351562,45.58000183105469,140.27000427246094,114.33000183105469,105.87000274658203,84.23999786376953,67.18511199951172,47.86000061035156,43.93000030517578,6.852250099182129,40.79696273803711,139.91000366210938,73.80000305175781,61.619998931884766,61.8033332824707,43.5,262.92999267578125,54.16999816894531,115.7699966430664,54.25,37.45500183105469,28.18000030517578,93.19000244140625,83.9000015258789,10240500,176673200,1982300,687000,50511000,49921700,3703600,11457100,5989500,4966300,6920400,1868100,2498100,20528100,4581200,7944200,3668800,4563000,7126819,7082500,36507400,299520000,20464991,1803600,11692000,6779700,1312800,8814200,3557000,4314500,2028300,22055200,20447000,36405600,5422900,9219900
2018-09-19,65.38963317871094,31.209999084472656,160.47592163085938,175.653564453125,19.781984329223633,25.868947982788086,45.62013626098633,56.67529296875,58.1868782043457,85.4024429321289,28.340347290039062,88.83112335205078,198.29808044433594,39.469268798828125,114.04730224609375,95.07474517822266,95.39496612548828,63.286258697509766,52.989070892333984,38.79608917236328,43.94643783569336,6.735824108123779,28.60459327697754,107.4332046508789,61.4610481262207,49.474002838134766,57.6890869140625,37.54655456542969,234.0304718017578,40.14076232910156,80.68443298339844,44.64466094970703,26.692182540893555,24.773365020751953,82.00127410888672,59.70650863647461,91.0199966430664,31.209999084472656,203.1999969482422,189.0500030517578,24.179000854492188,31.0,60.79999923706055,73.72000122070312,75.52999877929688,119.51000213623047,39.869998931884766,120.16999816894531,235.5800018310547,46.150001525878906,140.4600067138672,117.62000274658203,105.73999786376953,80.54000091552734,66.77481079101562,49.099998474121094,45.060001373291016,6.799499988555908,41.043643951416016,141.52999877929688,74.05999755859375,61.22999954223633,62.18000030517578,44.02000045776367,265.3299865722656,54.91999816894531,109.69999694824219,55.220001220703125,37.54999923706055,28.729999542236328,93.5999984741211,84.62999725341797,92.23999786376953,31.829999923706055,204.39999389648438,189.27999877929688,24.249000549316406,31.200000762939453,62.2400016784668,74.12999725341797,75.86000061035156,120.04000091552734,40.09000015258789,120.56999969482422,236.27999877929688,46.439998626708984,140.99000549316406,118.05999755859375,107.06999969482422,83.77999877929688,67.33778381347656,49.36000061035156,46.060001373291016,6.817500114440918,41.44212341308594,142.16000366210938,75.37000274658203,61.709999084472656,62.47666549682617,44.38999938964844,265.6099853515625,55.15999984741211,115.18000030517578,55.45000076293945,37.70500183105469,28.81999969482422,93.87000274658203,84.7699966430664,90.4000015258789,30.510000228881836,201.57000732421875,186.27999877929688,23.976999282836914,30.1299991607666,60.59000015258789,71.54000091552734,74.6500015258789,118.12000274658203,39.150001525878906,119.12999725341797,229.52000427246094,45.88999938964844,140.0500030517578,114.44000244140625,105.5,80.08999633789062,66.45037841796875,47.880001068115234,44.84000015258789,6.706250190734863,40.7874755859375,139.8000030517578,73.7699966430664,60.5099983215332,61.91999816894531,43.7400016784668,263.1600036621094,54.22999954223633,108.6500015258789,54.279998779296875,37.40999984741211,28.229999542236328,93.5,83.63999938964844,91.70999908447266,31.520000457763672,202.69000244140625,186.67999267578125,24.047000885009766,30.1299991607666,61.540000915527344,71.54000091552734,75.0,118.33000183105469,39.349998474121094,119.44999694824219,229.89999389648438,46.09000015258789,140.75999450683594,114.44000244140625,106.87999725341797,83.2699966430664,66.93701934814453,47.880001068115234,45.779998779296875,6.756750106811523,41.1954460144043,139.92999267578125,75.37000274658203,60.83000183105469,62.106666564941406,44.20000076293945,264.4700012207031,54.279998779296875,115.18000030517578,54.4900016784668,37.44499969482422,28.229999542236328,93.66999816894531,83.63999938964844,8451400,124287000,2204600,1053800,31160000,92666300,4449400,21766100,3952800,4855300,5806100,1767300,3716500,15918900,5049900,16052800,3270400,6867500,8325522,12489100,29264700,224860000,23783088,2194400,12383200,9367100,1104900,6393200,2274300,6814300,5033500,17046200,21823000,75551800,4186600,10413600
2018-09-20,66.58219146728516,31.18000030517578,161.97640991210938,177.920654296875,20.03888511657715,26.027503967285156,46.33293151855469,57.497920989990234,58.05591583251953,85.33811950683594,28.510944366455078,88.12146759033203,199.83004760742188,40.36727523803711,115.28144073486328,95.89112854003906,95.69268035888672,64.37847137451172,53.594844818115234,39.41240692138672,44.92173767089844,6.5946574211120605,28.9285831451416,109.6573257446289,61.909183502197266,49.74872589111328,58.38801574707031,37.67448043823242,234.96548461914062,40.455055236816406,81.25812530517578,44.911460876464844,26.699298858642578,24.988941192626953,82.79852294921875,59.840553283691406,92.68000030517578,31.18000030517578,205.10000610351562,191.49000549316406,24.493000030517578,31.190000534057617,61.75,74.79000091552734,75.36000061035156,119.41999816894531,40.11000061035156,119.20999908447266,237.39999389648438,47.20000076293945,141.97999572753906,118.62999725341797,106.06999969482422,81.93000030517578,67.53816986083984,49.880001068115234,46.060001373291016,6.6570000648498535,41.50853729248047,144.4600067138672,74.5999984741211,61.56999969482422,62.93333435058594,44.16999816894531,266.3900146484375,55.349998474121094,110.4800033569336,55.54999923706055,37.560001373291016,28.979999542236328,94.51000213623047,84.81999969482422,93.12000274658203,32.20000076293945,205.25,192.05999755859375,24.604000091552734,31.3700008392334,61.95000076293945,75.01000213623047,76.1500015258789,121.31999969482422,40.33000183105469,120.98999786376953,238.50999450683594,47.36000061035156,142.13999938964844,119.23999786376953,106.11000061035156,82.55000305175781,67.58587646484375,50.369998931884766,47.220001220703125,6.718999862670898,41.63187789916992,145.3000030517578,75.11000061035156,62.27000045776367,63.17333221435547,44.43000030517578,267.94000244140625,55.470001220703125,111.62999725341797,55.810001373291016,37.85499954223633,29.06999969482422,94.56999969482422,85.33999633789062,90.62000274658203,30.639999389648438,203.02000427246094,189.83999633789062,24.172000885009766,31.139999389648438,60.81999969482422,74.26000213623047,74.80999755859375,119.11000061035156,39.880001068115234,118.7699966430664,236.02999877929688,46.52000045776367,140.50999450683594,118.08000183105469,104.22000122070312,79.56999969482422,66.84160614013672,49.709999084472656,45.90999984741211,6.602499961853027,41.129032135009766,142.6300048828125,74.20999908447266,61.560001373291016,62.58000183105469,43.900001525878906,266.05999755859375,55.099998474121094,108.0999984741211,54.9900016784668,37.51499938964844,28.8700008392334,93.80999755859375,84.54000091552734,91.43000030517578,32.099998474121094,203.60000610351562,191.19000244140625,24.298999786376953,31.299999237060547,60.83000183105469,74.5,75.0999984741211,120.19000244140625,40.220001220703125,120.43000030517578,237.0,46.779998779296875,140.82000732421875,118.5,105.72000122070312,81.0,67.12786102294922,49.75,46.400001525878906,6.676249980926514,41.148006439208984,142.6300048828125,74.4800033569336,61.95000076293945,62.66999816894531,44.25,266.0799865722656,55.209999084472656,110.05999755859375,55.630001068115234,37.709999084472656,28.940000534057617,93.87000274658203,84.86000061035156,5991200,123116500,2225000,561200,39986000,83357400,4518200,23550500,5220300,5846700,5157800,1997500,2503000,21999300,5019300,15590000,3762000,6500000,6435454,11810000,75144100,430584000,18419809,1932600,12013900,7364100,1450200,4728000,2095000,5321200,3135600,20308000,25024800,78555500,5083000,11198200
2018-09-21,66.28046417236328,31.020000457763672,161.97640991210938,175.07742309570312,20.29823875427246,25.89398765563965,46.70810317993164,57.005882263183594,58.76466369628906,86.56010437011719,28.823699951171875,88.30628967285156,198.0960693359375,39.90544891357422,116.0122299194336,95.26063537597656,95.92723083496094,65.50999450683594,53.8371467590332,39.04104995727539,43.634342193603516,6.524569988250732,29.133567810058594,109.31573486328125,61.16227722167969,49.39320373535156,58.23029327392578,37.58066940307617,235.21246337890625,40.30157470703125,82.55261993408203,44.458709716796875,26.875720977783203,24.891935348510742,82.91018676757812,60.087467193603516,92.26000213623047,31.020000457763672,205.10000610351562,188.42999267578125,24.809999465942383,31.030000686645508,62.25,74.1500015258789,76.27999877929688,121.12999725341797,40.54999923706055,119.45999908447266,235.33999633789062,46.65999984741211,142.8800048828125,117.8499984741211,106.33000183105469,83.37000274658203,67.84351348876953,49.40999984741211,44.7400016784668,6.586249828338623,41.80265808105469,144.00999450683594,73.69999694824219,61.130001068115234,62.76333236694336,44.060001373291016,266.6700134277344,55.13999938964844,112.23999786376953,54.9900016784668,37.54999923706055,28.739999771118164,94.2699966430664,85.16999816894531,93.33000183105469,32.41999816894531,206.6199951171875,190.10000610351562,24.87700080871582,31.3700008392334,62.619998931884766,75.23999786376953,76.66000366210938,121.26000213623047,40.91999816894531,120.61000061035156,238.52000427246094,47.41999816894531,143.1300048828125,119.2300033569336,106.87000274658203,83.9800033569336,68.30152893066406,49.970001220703125,45.599998474121094,6.715000152587891,41.93548583984375,144.77000427246094,74.87000274658203,61.84000015258789,63.22666549682617,44.40999984741211,267.8399963378906,55.560001373291016,112.97000122070312,55.810001373291016,37.67499923706055,29.0,94.4800033569336,85.43000030517578,92.05000305175781,30.90999984741211,204.1699981689453,187.9600067138672,24.51799964904785,30.969999313354492,61.75,73.97000122070312,75.36000061035156,119.41000366210938,40.02000045776367,118.04000091552734,234.8300018310547,46.369998931884766,141.69000244140625,117.73999786376953,105.3499984741211,81.93000030517578,67.66221618652344,49.150001525878906,43.79999923706055,6.552750110626221,41.37571334838867,143.50999450683594,73.12999725341797,61.130001068115234,62.599998474121094,44.02000045776367,265.8500061035156,54.900001525878906,110.12999725341797,54.91999816894531,37.25,28.700000762939453,94.06999969482422,84.5199966430664,92.8499984741211,31.190000534057617,205.66000366210938,189.44000244140625,24.632999420166016,31.34000015258789,61.869998931884766,74.9800033569336,75.7699966430664,119.91000366210938,40.11000061035156,118.5199966430664,238.05999755859375,47.119998931884766,142.17999267578125,119.12999725341797,106.2300033569336,82.30000305175781,67.66221618652344,49.93000030517578,44.400001525878906,6.669000148773193,41.53700256347656,144.63999938964844,74.83000183105469,61.75,62.99333190917969,44.25,266.1000061035156,55.41999816894531,110.80999755859375,55.75,37.505001068115234,28.950000762939453,94.38999938964844,85.01000213623047,9953500,129792900,7314000,1116700,135321000,85992100,9010600,28874700,15114300,13703600,9825000,4784400,3760300,52650600,13283400,24788200,5333700,8531600,17850689,21450400,97053400,435128000,37092579,3154400,23465400,21545100,1707600,6668600,5671600,12672900,4044500,36158500,27420200,64710000,8579100,26639400
2018-09-24,67.1137924194336,32.61000061035156,163.6427764892578,177.90206909179688,20.4086856842041,25.6519832611084,46.21288299560547,56.76755142211914,59.36555480957031,87.62486267089844,29.53452491760254,91.65486145019531,196.04225158691406,40.11927032470703,114.05543518066406,94.34724426269531,95.25963592529297,67.41156768798828,53.594844818115234,38.369422912597656,44.04396438598633,6.580295085906982,29.0476016998291,107.22826385498047,61.06269836425781,49.77295684814453,58.431312561035156,38.28860855102539,235.82110595703125,39.77531814575195,84.55317687988281,43.868507385253906,27.269365310668945,24.614778518676758,83.07731628417969,61.09632873535156,93.41999816894531,32.61000061035156,207.2100067138672,191.47000122070312,24.94499969482422,30.739999771118164,61.59000015258789,73.83999633789062,77.05999755859375,122.62000274658203,41.54999923706055,123.98999786376953,232.89999389648438,46.90999984741211,140.47000122070312,116.72000122070312,105.58999633789062,85.79000091552734,67.53816986083984,48.560001373291016,45.15999984741211,6.642499923706055,41.679317474365234,141.25999450683594,73.58000183105469,61.599998474121094,62.97999954223633,44.88999938964844,267.3599853515625,54.41999816894531,114.95999908447266,54.2599983215332,38.099998474121094,28.420000076293945,94.45999908447266,86.5999984741211,93.9800033569336,32.650001525878906,207.6699981689453,191.5800018310547,25.010000228881836,31.200000762939453,62.290000915527344,74.52999877929688,77.9000015258789,122.9800033569336,41.79999923706055,124.19000244140625,235.74000549316406,47.0,142.5,118.45999908447266,106.66999816894531,86.36000061035156,68.03434753417969,49.45000076293945,45.650001525878906,6.645999908447266,42.18216323852539,143.99000549316406,73.8499984741211,62.08000183105469,63.0099983215332,44.939998626708984,269.5299987792969,55.310001373291016,116.16000366210938,55.15999984741211,38.26499938964844,28.75,94.6500015258789,87.08999633789062,91.94999694824219,30.90999984741211,204.11000061035156,189.44000244140625,24.731000900268555,30.65999984741211,61.279998779296875,73.12000274658203,76.79000091552734,121.56999969482422,41.08000183105469,121.16999816894531,232.24000549316406,46.150001525878906,140.22999572753906,116.43000030517578,105.58999633789062,83.69999694824219,67.39503479003906,48.47999954223633,43.86000061035156,6.4670000076293945,41.58443832397461,141.1999969482422,72.80000305175781,61.40999984741211,62.12666702270508,43.790000915527344,266.6700134277344,54.34000015258789,113.08999633789062,54.2400016784668,37.849998474121094,28.399999618530273,94.08000183105469,85.72000122070312,92.30000305175781,31.1299991607666,204.52999877929688,190.75999450683594,24.80500030517578,30.979999542236328,61.9900016784668,74.08000183105469,77.0,121.91000366210938,41.189998626708984,121.41999816894531,234.74000549316406,46.310001373291016,142.10000610351562,117.76000213623047,105.94999694824219,83.94000244140625,67.6717529296875,49.369998931884766,44.20000076293945,6.554999828338623,41.688804626464844,143.2899932861328,73.08000183105469,61.81999969482422,62.25666809082031,43.84000015258789,267.010009765625,55.0,113.19000244140625,54.79999923706055,37.880001068115234,28.709999084472656,94.20999908447266,85.79000091552734,5910300,118332600,2642000,509400,45326000,45587700,3938300,14023100,6377300,6534100,6367100,3593400,2057000,17847000,6708000,12492500,3095500,6853000,6747862,7917600,36918900,293912000,18089591,1940700,15446100,8715200,833400,8229100,2699800,5254100,3069900,19604700,25569000,47985100,5392600,13549500
2018-09-25,67.3724365234375,32.56999969482422,163.05047607421875,176.7313690185547,20.26141929626465,25.59357261657715,46.38546371459961,56.513851165771484,60.174476623535156,88.16080474853516,29.435014724731445,92.87459564208984,195.70553588867188,39.26401901245117,112.5695571899414,94.08050537109375,95.35887908935547,66.8301010131836,53.49641036987305,38.1481819152832,43.53681182861328,6.647409439086914,28.95503044128418,106.93976593017578,60.36560821533203,50.5244026184082,57.50044631958008,37.67448043823242,232.4252166748047,39.658382415771484,85.8770523071289,43.844261169433594,27.444717407226562,24.519512176513672,82.82225036621094,61.02579116821289,93.77999877929688,32.56999969482422,206.4600067138672,190.2100067138672,24.764999389648438,30.670000076293945,61.81999969482422,73.51000213623047,78.11000061035156,123.37000274658203,41.40999984741211,125.63999938964844,232.5,45.90999984741211,138.63999938964844,116.38999938964844,105.69999694824219,85.05000305175781,67.41412353515625,48.279998779296875,44.63999938964844,6.710249900817871,41.54648971557617,140.8800048828125,72.73999786376953,62.529998779296875,61.97666549682617,44.16999816894531,263.510009765625,54.2599983215332,116.76000213623047,54.22999954223633,38.345001220703125,28.309999465942383,94.16999816894531,86.5,94.63999938964844,33.599998474121094,208.89999389648438,192.35000610351562,24.934999465942383,31.040000915527344,62.52000045776367,74.52999877929688,78.61000061035156,124.23999786376953,41.939998626708984,126.5,234.63999938964844,46.38999938964844,140.9600067138672,117.97000122070312,106.76000213623047,88.44999694824219,68.11068725585938,49.189998626708984,45.459999084472656,6.735499858856201,42.0208740234375,142.1300048828125,73.56999969482422,62.880001068115234,62.82666778564453,44.90999984741211,267.3299865722656,54.81999969482422,117.69999694824219,54.689998626708984,38.505001068115234,28.549999237060547,94.7300033569336,87.36000061035156,93.4000015258789,32.189998626708984,206.25999450683594,189.16000366210938,24.579999923706055,30.600000381469727,61.7400016784668,73.47000122070312,77.63999938964844,122.94000244140625,41.36000061035156,124.26000213623047,232.22999572753906,45.79999923706055,138.39999389648438,116.31999969482422,105.54000091552734,84.94000244140625,67.29007720947266,48.25,44.02000045776367,6.6227498054504395,41.518028259277344,140.74000549316406,72.58000183105469,62.06999969482422,61.810001373291016,44.130001068115234,263.0299987792969,54.18000030517578,114.94999694824219,54.20000076293945,38.290000915527344,28.299999237060547,94.06999969482422,86.37000274658203,93.4800033569336,33.18000030517578,208.27999877929688,192.1199951171875,24.898000717163086,30.850000381469727,61.81999969482422,74.22000122070312,77.94999694824219,123.5,41.869998931884766,124.58000183105469,234.63999938964844,46.220001220703125,140.52999877929688,117.04000091552734,106.01000213623047,86.66999816894531,67.60496520996094,48.70000076293945,45.099998474121094,6.709249973297119,41.86906814575195,142.0,72.63999938964844,62.20000076293945,62.82666778564453,44.79999923706055,267.29998779296875,54.77000045776367,115.5999984741211,54.29999923706055,38.34000015258789,28.530000686645508,94.58999633789062,87.02999877929688,5303900,118570200,2556200,515600,47037000,40949900,5904200,12324300,6145100,5396400,6252500,3873600,2003200,23389900,7982800,9308300,3775700,7512100,6770499,9007500,32547500,280388000,15318520,1318900,20741900,8517500,1470300,6678200,3789700,5569200,3219300,15207400,26055200,32964400,5215900,12200700
2018-09-26,67.6598129272461,32.189998626708984,163.3426971435547,175.42129516601562,20.079788208007812,25.1429500579834,46.23539352416992,55.698917388916016,59.53505325317383,87.14608001708984,28.205293655395508,92.63066864013672,192.658447265625,39.08442306518555,112.17982482910156,92.97309875488281,95.9092025756836,66.42149353027344,53.25410079956055,37.68989181518555,43.25397872924805,6.610509872436523,28.882301330566406,105.21668243408203,59.55233383178711,49.19121170043945,56.90622329711914,37.75978088378906,231.8960418701172,39.18330383300781,85.70053100585938,42.97917938232422,27.17990493774414,24.22503089904785,83.00695037841797,60.5178337097168,94.18000030517578,32.189998626708984,206.8300018310547,188.8000030517578,24.542999267578125,30.1299991607666,61.619998931884766,72.44999694824219,77.27999877929688,121.94999694824219,39.68000030517578,125.30999755859375,228.8800048828125,45.70000076293945,138.16000366210938,115.0199966430664,106.30999755859375,84.52999877929688,67.10877990722656,47.70000076293945,44.349998474121094,6.672999858856201,41.44212341308594,138.61000061035156,71.76000213623047,60.880001068115234,61.06666564941406,44.27000045776367,262.9100036621094,53.61000061035156,116.5199966430664,53.15999984741211,37.974998474121094,27.969999313354492,94.37999725341797,85.77999877929688,95.11000061035156,32.599998474121094,208.8800048828125,191.3000030517578,24.80500030517578,30.739999771118164,62.380001068115234,73.98999786376953,78.38999938964844,123.41999816894531,41.02000045776367,126.37999725341797,233.0,46.29999923706055,140.0,116.87000274658203,107.37000274658203,85.20999908447266,67.89122009277344,48.4900016784668,44.7599983215332,6.75600004196167,42.03984832763672,141.5500030517578,73.26000213623047,62.16999816894531,61.78666687011719,44.72999954223633,265.489990234375,54.52000045776367,117.63999938964844,54.45000076293945,38.310001373291016,28.389999389648438,95.12000274658203,86.5,93.8499984741211,31.719999313354492,206.2899932861328,186.58999633789062,24.479999542236328,30.059999465942383,61.41999816894531,72.37000274658203,77.19999694824219,121.73999786376953,39.619998931884766,125.01000213623047,228.24000549316406,45.58000183105469,137.9600067138672,114.66000366210938,106.01000213623047,82.44999694824219,66.96565246582031,47.540000915527344,43.959999084472656,6.6570000648498535,41.4041748046875,138.32000732421875,71.58000183105469,60.79999923706055,61.0,44.25,262.45001220703125,53.52000045776367,114.62999725341797,53.02000045776367,37.90999984741211,27.899999618530273,94.18000030517578,85.69000244140625,94.29000091552734,32.400001525878906,206.2899932861328,186.8000030517578,24.56399917602539,30.709999084472656,61.880001068115234,73.5199966430664,77.73999786376953,122.98999786376953,40.900001525878906,125.44999694824219,232.9600067138672,46.040000915527344,138.9499969482422,116.75,106.05999755859375,84.70999908447266,67.6812973022461,48.36000061035156,44.290000915527344,6.715250015258789,41.593929290771484,141.35000610351562,72.68000030517578,61.90999984741211,61.41666793823242,44.25,264.5,54.52000045776367,116.25,54.380001068115234,38.11000061035156,28.350000381469727,94.3499984741211,86.0199966430664,4656200,79347300,2162600,701000,33428000,57882400,5842000,15060000,6148000,4231400,8234400,3106200,2372700,23957700,7133300,14023600,3707300,7955000,7260963,8443100,30299800,268548000,18384817,2258400,11306000,10408600,1049700,4564300,2238000,5414700,2492600,22025100,25457200,60288100,10880500,10275500
2018-09-27,67.63108825683594,32.59000015258789,164.96957397460938,175.3655242919922,20.163240432739258,24.984397888183594,46.483009338378906,56.08333206176758,59.71995162963867,87.51768493652344,27.992053985595703,93.87995910644531,191.69882202148438,39.238365173339844,112.2285385131836,92.56892395019531,96.25202941894531,65.25067901611328,53.549415588378906,37.745216369628906,43.87816619873047,6.622393608093262,29.02776527404785,104.25265502929688,59.51082992553711,49.42551803588867,57.120548248291016,38.17771530151367,233.43075561523438,38.95514678955078,84.7958755493164,42.70427703857422,27.17990493774414,24.138425827026367,83.42912292480469,60.51076126098633,94.13999938964844,32.59000015258789,208.88999938964844,188.74000549316406,24.645000457763672,29.940000534057617,61.95000076293945,72.94999694824219,77.5199966430664,122.47000122070312,39.380001068115234,127.0,227.74000549316406,45.880001068115234,138.22000122070312,114.5199966430664,106.69000244140625,83.04000091552734,67.48091888427734,47.77000045776367,44.9900016784668,6.684999942779541,41.65085220336914,137.33999633789062,71.70999908447266,61.16999816894531,61.29666519165039,44.7599983215332,264.6499938964844,52.93000030517578,115.29000091552734,52.81999969482422,37.974998474121094,27.8700008392334,94.86000061035156,85.7699966430664,94.88999938964844,32.630001068115234,210.19000244140625,189.83999633789062,24.788000106811523,30.309999465942383,62.09000015258789,73.62000274658203,77.98999786376953,123.0,40.18000030517578,127.6500015258789,229.85000610351562,46.16999816894531,139.5800018310547,115.76000213623047,107.16999816894531,85.94999694824219,67.91984558105469,48.15999984741211,45.52000045776367,6.730000019073486,41.916507720947266,138.63999938964844,72.68000030517578,61.689998626708984,61.540000915527344,45.22999954223633,265.4100036621094,53.439998626708984,118.52999877929688,53.599998474121094,38.17499923706055,28.100000381469727,95.12000274658203,86.37999725341797,93.95999908447266,31.389999389648438,206.83999633789062,187.74000549316406,24.490999221801758,29.93000030517578,61.470001220703125,72.37999725341797,77.30999755859375,121.70999908447266,39.33000183105469,125.72000122070312,227.52000427246094,45.72999954223633,137.57000732421875,114.16000366210938,106.20999908447266,82.70999908447266,66.87023162841797,47.54999923706055,44.04999923706055,6.653250217437744,41.44212341308594,137.1300048828125,71.47000122070312,60.400001525878906,61.08333206176758,44.58000183105469,262.92999267578125,52.83000183105469,114.94000244140625,52.7599983215332,37.875,27.84000015258789,94.4000015258789,85.58999633789062,94.3499984741211,31.860000610351562,207.41000366210938,188.11000061035156,24.569000244140625,30.239999771118164,61.65999984741211,72.9000015258789,77.72000122070312,122.16000366210938,40.18000030517578,126.56999969482422,228.77000427246094,45.90999984741211,138.4499969482422,115.41999816894531,106.48999786376953,84.77999877929688,67.10877990722656,47.83000183105469,44.22999954223633,6.708499908447266,41.54648971557617,137.9199981689453,72.18000030517578,61.13999938964844,61.26333236694336,44.599998474121094,263.0,53.43000030517578,117.22000122070312,53.279998779296875,38.125,28.0,94.51000213623047,86.08999633789062,3028600,87934400,2571200,298700,29572000,45879700,4708200,11420600,4367000,4533400,5706400,2925500,2451500,15415500,6450500,13283000,2093700,8087700,6315458,12204900,26952400,214428000,14887434,2031500,12498300,6553000,1055700,6711700,2761400,5812100,2281900,19991000,21344200,57492200,7168800,7895400
2018-09-28,67.94718933105469,30.889999389648438,163.70591735839844,174.69654846191406,20.1861515045166,24.583843231201172,46.58055114746094,55.15309143066406,59.627498626708984,87.38188171386719,28.390106201171875,94.30126953125,188.7527618408203,40.444252014160156,112.18793487548828,91.21095275878906,96.81135559082031,62.83837890625,53.71599578857422,36.797035217285156,44.11223602294922,6.959706783294678,29.14017677307129,103.37969207763672,59.776390075683594,49.2235107421875,57.480873107910156,37.665950775146484,234.65676879882812,38.86683654785156,83.66320037841797,42.49409103393555,27.104753494262695,23.88725471496582,83.68417358398438,59.98164749145508,94.58000183105469,30.889999389648438,207.2899932861328,188.02000427246094,24.67300033569336,29.459999084472656,62.08000183105469,71.73999786376953,77.4000015258789,122.27999877929688,39.939998626708984,127.56999969482422,224.24000549316406,47.290000915527344,138.1699981689453,112.83999633789062,107.30999755859375,79.97000122070312,67.69084167480469,46.56999969482422,45.22999954223633,7.0254998207092285,41.8121452331543,136.19000244140625,72.02999877929688,60.91999816894531,61.68333435058594,44.15999984741211,266.0400085449219,52.810001373291016,113.75,52.560001373291016,37.869998931884766,27.579999923706055,95.1500015258789,85.0199966430664,95.16000366210938,32.779998779296875,208.8000030517578,188.27000427246094,24.69700050354004,29.850000381469727,62.11000061035156,72.43000030517578,78.68000030517578,123.20999908447266,40.2599983215332,129.08999633789062,227.39999389648438,47.75,138.55999755859375,114.23999786376953,107.73999786376953,83.0,67.93893432617188,47.54999923706055,45.61000061035156,7.047999858856201,41.87855911254883,137.60000610351562,73.26000213623047,61.709999084472656,61.900001525878906,44.619998931884766,266.19000244140625,52.880001068115234,115.77999877929688,52.97999954223633,38.27000045776367,27.770000457763672,95.20999908447266,85.93000030517578,93.83999633789062,29.979999542236328,206.77000427246094,185.4600067138672,24.385000228881836,29.420000076293945,61.689998626708984,71.4800033569336,77.31999969482422,121.76000213623047,39.310001373291016,126.55000305175781,223.8000030517578,45.459999084472656,137.41000366210938,112.5199966430664,106.30000305175781,79.97000122070312,67.41412353515625,46.400001525878906,44.4900016784668,6.789999961853027,41.48956298828125,135.85000610351562,71.25,60.86000061035156,61.043331146240234,43.970001220703125,263.8500061035156,52.47999954223633,113.41000366210938,52.40999984741211,37.775001525878906,27.540000915527344,94.62999725341797,84.98999786376953,94.0,32.2400016784668,208.5399932861328,185.52999877929688,24.554000854492188,29.649999618530273,61.95000076293945,72.05999755859375,77.31999969482422,121.98999786376953,39.369998931884766,126.55000305175781,225.75,45.619998931884766,138.10000610351562,113.6500015258789,106.7699966430664,82.44999694824219,67.48091888427734,47.41999816894531,44.650001525878906,6.8182501792907715,41.679317474365234,136.64999389648438,71.51000213623047,61.029998779296875,61.22666549682617,44.5,264.3800048828125,52.72999954223633,114.58999633789062,52.689998626708984,37.79499816894531,27.760000228881836,94.66999816894531,85.25,4527900,165453500,3238200,609800,26739000,74707600,3691000,14341900,6190100,5202900,7239400,2724600,3097800,46223500,6638500,15815100,2812300,39153800,7135622,14187300,28080400,709396000,15454591,2257000,20080800,7206600,2376600,7727700,2875100,8150300,2787400,18588600,29666200,66454900,5995800,9884900
2018-10-01,68.2489013671875,31.420000076293945,163.40586853027344,176.61056518554688,20.413597106933594,24.742399215698242,46.59554672241211,55.29916763305664,61.54574203491211,88.88970184326172,28.574920654296875,95.72057342529297,189.67018127441406,39.72585678100586,113.42210388183594,91.74444580078125,97.07299041748047,64.77136993408203,54.162750244140625,36.84444046020508,44.03422546386719,7.166254997253418,29.27242660522461,103.22787475585938,60.24943923950195,49.7648811340332,57.67966079711914,38.09243392944336,237.35577392578125,38.881553649902344,83.75881958007812,42.243446350097656,27.480510711669922,23.982524871826172,84.09752655029297,60.53900146484375,95.0,31.420000076293945,206.91000366210938,190.0800018310547,24.951000213623047,29.649999618530273,62.099998474121094,71.93000030517578,79.88999938964844,124.38999938964844,40.20000076293945,129.49000549316406,225.3300018310547,46.45000076293945,139.69000244140625,113.5,107.5999984741211,82.43000030517578,68.25381469726562,46.630001068115234,45.150001525878906,7.234000205993652,42.00189971923828,135.99000549316406,72.5999984741211,61.59000015258789,61.89666748046875,44.65999984741211,269.1000061035156,52.83000183105469,113.87999725341797,52.25,38.39500045776367,27.690000534057617,95.62000274658203,85.80999755859375,95.63999938964844,31.90999984741211,209.33999633789062,192.52000427246094,25.214000701904297,29.940000534057617,62.650001525878906,72.86000061035156,80.23999786376953,124.87999725341797,40.470001220703125,129.80999755859375,227.58999633789062,47.220001220703125,139.85000610351562,114.61000061035156,107.70999908447266,83.31999969482422,68.59732818603516,47.310001373291016,46.08000183105469,7.301499843597412,42.23908996582031,137.64999389648438,73.43000030517578,62.369998931884766,62.4033317565918,44.959999084472656,270.0199890136719,53.189998626708984,115.8499984741211,52.79999923706055,38.55500030517578,27.889999389648438,96.05999755859375,86.02999877929688,94.33000183105469,30.25,206.6199951171875,189.50999450683594,24.767000198364258,29.540000915527344,62.040000915527344,71.76000213623047,77.73999786376953,123.11000061035156,39.720001220703125,127.77999877929688,225.0,46.20000076293945,138.0,113.04000091552734,107.02999877929688,81.16000366210938,67.3759536743164,46.52000045776367,45.0099983215332,7.065000057220459,41.660343170166016,135.7100067138672,72.0999984741211,60.880001068115234,61.75,44.41999816894531,267.0199890136719,52.630001068115234,113.5999984741211,52.15999984741211,38.0099983215332,27.600000381469727,95.33999633789062,85.26000213623047,94.73999786376953,30.690000534057617,207.72999572753906,190.8699951171875,24.788000106811523,29.68000030517578,62.369998931884766,72.23999786376953,77.7699966430664,123.11000061035156,40.02000045776367,127.93000030517578,226.22000122070312,46.790000915527344,138.25999450683594,113.37000274658203,107.66999816894531,81.61000061035156,67.81488800048828,46.91999816894531,45.439998626708984,7.104000091552734,41.774192810058594,137.33999633789062,72.45999908447266,61.20000076293945,62.0,44.54999923706055,267.25,52.95000076293945,114.58999633789062,52.7400016784668,38.0099983215332,27.739999771118164,95.51000213623047,85.3499984741211,3763800,94742900,2518100,513900,27709000,53900900,4344000,11263700,6407200,5348200,5902500,2024600,2451300,23796200,4871800,10146300,2707500,6696600,7994668,9710100,26693400,622060000,16872537,1840900,9340200,7667000,1025100,5029800,3314500,4724200,2404600,17209000,25425200,49855000,7307100,8566900
2018-10-02,67.69573974609375,29.020000457763672,164.00608825683594,176.68487548828125,20.29823875427246,24.683982849121094,47.12078857421875,55.1992301940918,60.30542755126953,89.13981628417969,28.333236694335938,96.09757995605469,190.29310607910156,41.136993408203125,114.06354522705078,92.12435150146484,97.39778137207031,65.43927764892578,54.3293342590332,36.84444046020508,44.62913513183594,7.094928741455078,29.239356994628906,103.43282318115234,60.871829986572266,50.00727844238281,57.67966079711914,37.205360412597656,238.70541381835938,38.8153076171875,84.96503448486328,42.146446228027344,27.509140014648438,23.982524871826172,84.00079345703125,60.9975700378418,94.2300033569336,29.020000457763672,207.6699981689453,190.16000366210938,24.809999465942383,29.579999923706055,62.79999923706055,71.80000305175781,78.27999877929688,124.73999786376953,39.86000061035156,130.0,226.07000732421875,48.099998474121094,140.47999572753906,113.97000122070312,107.95999908447266,83.27999877929688,68.46373748779297,46.630001068115234,45.7599983215332,7.1620001792907715,41.95446014404297,136.25999450683594,73.3499984741211,61.88999938964844,61.89666748046875,43.619998931884766,270.6300048828125,52.7400016784668,115.5199966430664,52.130001068115234,38.435001373291016,27.690000534057617,95.51000213623047,86.45999908447266,95.3499984741211,30.81999969482422,208.10000610351562,192.33999633789062,25.17099952697754,29.719999313354492,62.81999969482422,72.18000030517578,79.47000122070312,125.76000213623047,40.54999923706055,130.05999755859375,226.3300018310547,48.880001068115234,140.72999572753906,114.12000274658203,108.13999938964844,83.41999816894531,68.864501953125,46.959999084472656,46.689998626708984,7.318999767303467,42.11574935913086,137.52000427246094,73.91000366210938,62.099998474121094,62.75,43.9900016784668,271.44000244140625,53.060001373291016,115.61000061035156,52.349998474121094,38.564998626708984,27.739999771118164,95.69999694824219,86.66999816894531,93.47000122070312,28.649999618530273,206.08999633789062,188.27000427246094,24.79199981689453,29.270000457763672,61.91999816894531,71.02999877929688,78.22000122070312,124.31999969482422,39.720001220703125,128.74000549316406,223.97000122070312,47.31999969482422,139.64999389648438,112.80999755859375,107.19000244140625,81.58999633789062,67.83396911621094,46.150001525878906,44.880001068115234,7.139500141143799,41.86906814575195,135.30999755859375,72.2699966430664,60.869998931884766,61.733333587646484,43.45000076293945,267.5,52.439998626708984,112.55000305175781,51.880001068115234,38.16999816894531,27.469999313354492,95.33000183105469,85.62000274658203,95.33999633789062,30.729999542236328,206.4199981689453,188.27000427246094,24.913999557495117,29.579999923706055,62.22999954223633,71.51000213623047,79.29000091552734,125.06999969482422,40.54999923706055,129.75,225.27999877929688,47.5099983215332,139.7899932861328,113.36000061035156,107.5,82.9000015258789,68.67366027832031,46.70000076293945,44.900001525878906,7.206250190734863,41.94497299194336,135.94000244140625,72.4000015258789,61.29999923706055,61.733333587646484,43.75,269.0,52.810001373291016,114.2699966430664,52.2400016784668,38.4900016784668,27.649999618530273,95.62000274658203,85.80000305175781,6792200,145276500,2172100,421000,24888000,42940300,5330100,12746900,4534600,5445400,6768600,3278200,2272700,42121100,6439100,13753100,3787900,7100100,10894589,9589100,32397000,383964000,18167693,1671200,9221200,5660200,2016900,5440300,2777300,5825400,3240600,17509600,18936800,47629500,5572700,8453100
2018-10-03,68.97449493408203,28.43000030517578,163.39793395996094,178.2179412841797,20.40622901916504,25.034465789794922,47.008235931396484,55.62974166870117,60.52883529663086,89.54715728759766,28.8947811126709,96.37849426269531,191.7324981689453,41.70145797729492,112.88619995117188,92.98926544189453,97.99320220947266,67.88304901123047,54.0416145324707,37.22372055053711,44.03422546386719,7.101120948791504,29.629480361938477,104.82195281982422,60.28262710571289,50.597129821777344,57.73248291015625,37.49535369873047,238.9434814453125,39.323143005371094,88.25272369384766,42.56684875488281,27.73101234436035,24.207706451416016,83.84248352050781,60.778892517089844,96.01000213623047,28.43000030517578,206.89999389648438,191.80999755859375,24.941999435424805,30.0,62.650001525878906,72.36000061035156,78.56999969482422,125.30999755859375,40.650001525878906,130.3800048828125,227.77999877929688,48.7599983215332,139.02999877929688,115.04000091552734,108.62000274658203,86.38999938964844,68.10114288330078,47.11000061035156,45.150001525878906,7.16825008392334,42.51423263549805,138.08999633789062,72.63999938964844,62.619998931884766,61.95333480834961,43.959999084472656,270.8999938964844,53.43000030517578,119.98999786376953,52.650001525878906,38.744998931884766,27.950000762939453,95.33000183105469,86.1500015258789,96.5999984741211,29.219999313354492,208.25,192.33999633789062,25.132999420166016,30.18000030517578,63.209999084472656,72.83999633789062,78.91000366210938,125.83999633789062,40.779998779296875,130.5399932861328,229.77000427246094,49.720001220703125,141.27000427246094,115.66000366210938,109.61000061035156,86.55999755859375,69.1030502319336,47.72999954223633,46.41999816894531,7.240499973297119,42.542694091796875,139.02000427246094,73.88999938964844,62.90999984741211,62.38666534423828,44.2400016784668,272.07000732421875,53.56999969482422,120.72000122070312,52.91999816894531,38.86000061035156,28.06999969482422,96.0,86.88999938964844,94.5999984741211,26.540000915527344,206.63999938964844,189.94000244140625,24.70400047302246,29.719999313354492,62.31999969482422,72.0199966430664,77.88999938964844,124.77999877929688,39.470001220703125,129.25,226.5800018310547,48.560001373291016,138.8800048828125,114.4800033569336,108.23999786376953,84.0,68.08206176757812,46.97999954223633,44.709999084472656,7.0632500648498535,42.01138687133789,136.6300048828125,72.58999633789062,61.59000015258789,61.400001525878906,43.56999969482422,269.7699890136719,52.790000915527344,116.47000122070312,52.33000183105469,38.4900016784668,27.790000915527344,95.18000030517578,85.9800033569336,94.63999938964844,29.040000915527344,208.25,191.25999450683594,24.881000518798828,29.809999465942383,62.9900016784668,72.54000091552734,78.62999725341797,125.12999725341797,39.880001068115234,130.1699981689453,227.75,48.619998931884766,140.5399932861328,114.94000244140625,108.47000122070312,84.31999969482422,68.78816986083984,47.16999816894531,46.279998779296875,7.232999801635742,42.01138687133789,137.27000427246094,73.58999633789062,62.150001525878906,62.16666793823242,44.040000915527344,272.0,53.060001373291016,116.47000122070312,52.5,38.599998474121094,27.8700008392334,95.83000183105469,86.51000213623047,4796800,190137200,2258800,826600,19607000,61080300,4742500,11977900,6825500,4479500,6084600,3172400,2573900,39211900,5411800,17142000,5097200,8331700,10037325,8985300,29505100,320552000,23957631,2978000,7079800,7315700,1986300,5631100,3002200,7735300,3683800,18444900,26489600,79591400,6367500,10206700
2018-10-04,67.41554260253906,27.780000686645508,160.68914794921875,174.17623901367188,20.303966522216797,25.39329719543457,47.0912971496582,55.82963180541992,60.30542755126953,89.28990173339844,28.532264709472656,96.26757049560547,191.47999572753906,41.16264724731445,113.14601135253906,93.8276596069336,101.93568420410156,67.0029525756836,53.92800521850586,37.350135803222656,43.06868362426758,6.916862964630127,29.556745529174805,105.64177703857422,60.066871643066406,50.78296661376953,56.71053695678711,36.19037628173828,236.66787719726562,39.50713348388672,86.21539306640625,43.26214599609375,27.616500854492188,24.372272491455078,83.02452850341797,60.37672424316406,93.83999633789062,27.780000686645508,203.47000122070312,187.4600067138672,24.816999435424805,30.43000030517578,62.36000061035156,72.62000274658203,78.27999877929688,124.94999694824219,40.13999938964844,130.22999572753906,227.47999572753906,48.130001068115234,139.35000610351562,115.2699966430664,112.98999786376953,85.2699966430664,67.95801544189453,47.27000045776367,44.15999984741211,6.982250213623047,42.40986633300781,139.1699981689453,72.37999725341797,62.849998474121094,60.856666564941406,42.43000030517578,268.32000732421875,53.68000030517578,117.22000122070312,53.5099983215332,38.584999084472656,28.139999389648438,94.4000015258789,85.58000183105469,95.80999755859375,28.829999923706055,207.14999389648438,191.0800018310547,24.972999572753906,30.790000915527344,62.599998474121094,73.9800033569336,78.87999725341797,125.58999633789062,40.880001068115234,130.5,231.39999389648438,48.86000061035156,139.52999877929688,116.80999755859375,115.68000030517578,86.31999969482422,68.09160614013672,47.93000030517578,44.75,7.15625,42.49525451660156,140.75999450683594,72.69999694824219,63.290000915527344,61.630001068115234,43.08000183105469,271.6199951171875,54.09000015258789,119.93000030517578,53.86000061035156,38.85499954223633,28.350000381469727,95.30000305175781,86.08000183105469,93.26000213623047,27.3700008392334,200.80999755859375,184.89999389648438,24.6200008392334,30.139999389648438,61.900001525878906,72.0199966430664,77.58999633789062,124.19000244140625,39.84000015258789,129.1300048828125,225.38999938964844,47.619998931884766,137.32000732421875,114.20999908447266,111.04000091552734,84.01000213623047,67.23282623291016,46.970001220703125,43.5099983215332,6.9045000076293945,42.0208740234375,137.75999450683594,71.86000061035156,62.29999923706055,60.33000183105469,41.970001220703125,267.30999755859375,53.36000061035156,116.62000274658203,52.72999954223633,38.36000061035156,27.920000076293945,93.91000366210938,85.25,95.80999755859375,27.989999771118164,206.08999633789062,190.94000244140625,24.666000366210938,30.170000076293945,62.22999954223633,72.77999877929688,78.41000366210938,124.79000091552734,40.38999938964844,129.9199981689453,229.25999450683594,48.84000015258789,138.5500030517578,114.55000305175781,113.62000274658203,86.05000305175781,67.86259460449219,47.380001068115234,44.5,7.131750106811523,42.24857711791992,138.3000030517578,72.0,62.689998626708984,61.526668548583984,43.06999969482422,271.0,53.36000061035156,119.56999969482422,52.72999954223633,38.619998931884766,27.940000534057617,95.26000213623047,85.5,4425400,95831200,3219800,610400,25660000,72325700,4369000,18956800,4457100,4824300,4255400,3223200,2903600,30108300,4738700,16357400,10940700,6911300,10837054,7722200,34579600,391220000,18960406,2299600,8599500,6920100,1919100,7885000,2186600,5731500,2214000,21417500,30385400,94700800,10976400,10204600
2018-10-05,67.8034896850586,27.350000381469727,161.12356567382812,170.7662811279297,19.98161506652832,25.226396560668945,47.129051208496094,55.675865173339844,60.39017105102539,89.56143951416016,28.461193084716797,96.87374114990234,189.99005126953125,40.221885681152344,112.94305419921875,93.298583984375,103.76708984375,66.40579223632812,53.78413391113281,36.93925476074219,42.503013610839844,6.683319568634033,29.69560432434082,105.14834594726562,59.09587860107422,50.904178619384766,55.36863327026367,35.50801086425781,237.4439697265625,39.35993194580078,86.13448333740234,43.00342559814453,27.612926483154297,24.25101661682129,82.92778015136719,60.20741653442383,94.37999725341797,27.350000381469727,204.02000427246094,183.7899932861328,24.42300033569336,30.229999542236328,62.40999984741211,72.41999816894531,78.38999938964844,125.33000183105469,40.040000915527344,131.0500030517578,225.7100067138672,47.029998779296875,139.10000610351562,114.62000274658203,115.0199966430664,84.51000213623047,67.77671813964844,46.75,43.58000183105469,6.746500015258789,42.609107971191406,138.52000427246094,71.20999908447266,63.0,59.41666793823242,41.630001068115234,269.20001220703125,53.47999954223633,117.11000061035156,53.189998626708984,38.58000183105469,28.0,94.29000091552734,85.33999633789062,95.2699966430664,28.469999313354492,206.08999633789062,186.97999572753906,25.0049991607666,30.649999618530273,62.88999938964844,73.12000274658203,78.56999969482422,125.9000015258789,40.7400016784668,131.10000610351562,228.41000366210938,48.34000015258789,140.25,116.0999984741211,115.44999694824219,85.0,68.40648651123047,47.529998779296875,44.630001068115234,7.019999980926514,42.694496154785156,140.27000427246094,72.66000366210938,63.36000061035156,60.93333435058594,42.06999969482422,271.0,54.06999969482422,118.45999908447266,53.86000061035156,38.70500183105469,28.309999465942383,94.97000122070312,85.69999694824219,92.91000366210938,26.93000030517578,201.8300018310547,181.58999633789062,24.239999771118164,30.049999237060547,62.119998931884766,72.06999969482422,77.58999633789062,124.73999786376953,39.63999938964844,129.60000610351562,224.2100067138672,46.65999984741211,138.55999755859375,114.0199966430664,114.08999633789062,83.2300033569336,67.34732818603516,46.5,42.810001373291016,6.688499927520752,42.31499099731445,138.22999572753906,70.55000305175781,62.439998626708984,58.86333465576172,41.16999816894531,267.95001220703125,53.290000915527344,115.80999755859375,52.97999954223633,38.345001220703125,27.93000030517578,93.69999694824219,84.93000030517578,94.0999984741211,28.06999969482422,204.4499969482422,185.89999389648438,24.839000701904297,30.600000381469727,62.47999954223633,72.94999694824219,78.0,124.93000030517578,40.189998626708984,130.33999633789062,228.0,48.22999954223633,139.8000030517578,115.83000183105469,114.08999633789062,84.81999969482422,67.96755981445312,47.380001068115234,44.08000183105469,6.957250118255615,42.41935348510742,139.80999755859375,72.38999938964844,62.75,60.87333297729492,41.880001068115234,268.6499938964844,53.880001068115234,118.19999694824219,53.70000076293945,38.54499816894531,28.209999084472656,94.4800033569336,85.30999755859375,4190100,88008500,2481000,691200,33860000,51931000,3798200,11481400,6535600,4318000,5085500,2244000,1722400,28901400,4309300,13777600,8330300,7580800,7790308,7938900,35367100,426636000,18112568,1598600,23411300,7358200,2436900,7921400,2045700,5202600,1834100,14793000,23966400,58148700,12291000,9217400
2018-10-08,68.11238861083984,26.459999084472656,162.3475799560547,168.80575561523438,19.74762725830078,25.25977897644043,47.499080657958984,55.806575775146484,60.30542755126953,89.2113037109375,27.5655574798584,95.97189331054688,189.6870880126953,40.221885681152344,113.17849731445312,93.86835479736328,104.16401672363281,65.89502716064453,54.10973358154297,37.15260696411133,42.005619049072266,6.582026481628418,29.940261840820312,106.08203125,58.863521575927734,50.855690002441406,54.75049591064453,34.93654251098633,237.2764892578125,39.69112014770508,85.45046997070312,43.39150619506836,27.591449737548828,24.415576934814453,82.89261627197266,60.7647590637207,94.80999755859375,26.459999084472656,205.57000732421875,181.67999267578125,24.136999130249023,30.270000457763672,62.900001525878906,72.58999633789062,78.27999877929688,124.83999633789062,38.779998779296875,129.8300018310547,225.35000610351562,47.029998779296875,139.38999938964844,115.31999969482422,115.45999908447266,83.86000061035156,68.18701934814453,47.02000045776367,43.06999969482422,6.64424991607666,42.96015167236328,139.75,70.93000030517578,62.939998626708984,58.753334045410156,40.959999084472656,269.010009765625,53.93000030517578,116.18000030517578,53.66999816894531,38.54999923706055,28.190000534057617,94.25,86.12999725341797,95.37000274658203,27.540000915527344,206.1300048828125,182.8800048828125,24.54199981689453,30.420000076293945,63.150001525878906,72.9800033569336,78.7699966430664,125.45999908447266,39.86000061035156,131.33999633789062,226.9199981689453,47.349998474121094,139.67999267578125,115.77999877929688,116.61000061035156,84.16000366210938,68.41603088378906,47.220001220703125,43.849998474121094,6.7789998054504395,42.99810028076172,140.6999969482422,71.5999984741211,63.08000183105469,59.46666717529297,41.16999816894531,269.6499938964844,54.060001373291016,117.05000305175781,53.959999084472656,38.61000061035156,28.280000686645508,94.5199966430664,86.30999755859375,93.75,25.959999084472656,203.22999572753906,179.69000244140625,24.038000106811523,29.90999984741211,62.209999084472656,71.5199966430664,77.2699966430664,123.83000183105469,38.65999984741211,129.22999572753906,222.5,46.52000045776367,138.6199951171875,113.3499984741211,114.7699966430664,81.87000274658203,67.64312744140625,46.29999923706055,42.61000061035156,6.501999855041504,42.40986633300781,137.8300018310547,70.55999755859375,62.09000015258789,58.246665954589844,40.400001525878906,265.6499938964844,53.380001068115234,115.1500015258789,52.97999954223633,38.14500045776367,27.899999618530273,93.45999908447266,84.6500015258789,94.06999969482422,26.729999542236328,203.3699951171875,181.0,24.33099937438965,30.049999237060547,62.459999084472656,71.69000244140625,77.7300033569336,124.05000305175781,39.70000076293945,129.97999572753906,224.25999450683594,46.959999084472656,138.89999389648438,114.25,114.8499984741211,84.0,67.6812973022461,46.5099983215332,43.279998779296875,6.662499904632568,42.457305908203125,138.22000122070312,70.77999877929688,62.220001220703125,58.93333435058594,40.7599983215332,268.8399963378906,53.45000076293945,116.56999969482422,52.97999954223633,38.29499816894531,27.920000076293945,94.16999816894531,84.79000091552734,3305500,103789500,2878100,603900,33397000,47471600,7767500,11958200,4034400,6267700,8175200,2115500,2522900,19376800,5174100,14370900,6002300,9552200,9279830,7054500,27426600,408612000,24679621,1891100,10104600,4725700,2152200,7761800,1865000,5797800,2722600,12858200,23157200,56594900,11924000,13242400
2018-10-09,67.93999481201172,27.239999771118164,162.68719482421875,169.9857940673828,20.02006721496582,25.017776489257812,47.7482795715332,55.2684211730957,61.16825866699219,90.62621307373047,28.084457397460938,97.83473205566406,187.6332550048828,39.81137466430664,113.02424621582031,93.21717071533203,104.1550064086914,65.8164291381836,54.77608108520508,36.47306823730469,41.22538757324219,6.57633113861084,30.065887451171875,105.28499603271484,58.19960403442383,50.9930534362793,54.688377380371094,34.8853645324707,238.2466583251953,39.705841064453125,85.0680160522461,43.2783088684082,27.838376998901367,24.320310592651367,83.0333480834961,61.03284454345703,94.56999969482422,27.239999771118164,206.0,182.9499969482422,24.469999313354492,29.979999542236328,63.22999954223633,71.88999938964844,79.4000015258789,126.81999969482422,39.5099983215332,132.35000610351562,222.91000366210938,46.54999923706055,139.1999969482422,114.5199966430664,115.44999694824219,83.76000213623047,69.02671813964844,46.15999984741211,42.27000045776367,6.638500213623047,43.14041519165039,138.6999969482422,70.12999725341797,63.11000061035156,58.686668395996094,40.900001525878906,270.1099853515625,53.95000076293945,115.66000366210938,53.529998779296875,38.89500045776367,28.079999923706055,94.41000366210938,86.51000213623047,95.26000213623047,27.709999084472656,208.0800018310547,183.9600067138672,24.572999954223633,30.190000534057617,63.689998626708984,72.69999694824219,79.95999908447266,127.44000244140625,40.02000045776367,133.52999877929688,225.1199951171875,47.619998931884766,139.6199951171875,115.02999877929688,116.0,84.4800033569336,69.33206176757812,46.810001373291016,43.040000915527344,6.718999862670898,43.46299743652344,140.0500030517578,70.95999908447266,63.650001525878906,58.983333587646484,41.29999923706055,271.9599914550781,54.22999954223633,117.51000213623047,53.970001220703125,39.18000030517578,28.200000762939453,94.73999786376953,86.87999725341797,93.80000305175781,26.0,204.49000549316406,180.38999938964844,24.03700065612793,29.8700008392334,62.470001220703125,71.41000366210938,78.13999938964844,125.06999969482422,38.470001220703125,130.10000610351562,222.52999877929688,46.540000915527344,137.80999755859375,113.66999816894531,114.2300033569336,82.86000061035156,67.71946716308594,45.939998626708984,41.97999954223633,6.570000171661377,42.49525451660156,138.0,70.08999633789062,62.29999923706055,58.323333740234375,40.58000183105469,268.4700012207031,53.41999816894531,115.3499984741211,52.97999954223633,38.52000045776367,27.8799991607666,93.70999908447266,85.73999786376953,94.70999908447266,26.149999618530273,205.75,180.67999267578125,24.05900001525879,30.030000686645508,62.709999084472656,72.05999755859375,78.58999633789062,125.51000213623047,38.810001373291016,130.22000122070312,224.99000549316406,47.18000030517578,138.74000549316406,114.66999816894531,115.08999633789062,83.95999908447266,68.18701934814453,46.70000076293945,42.810001373291016,6.623499870300293,42.68500900268555,139.22000122070312,70.76000213623047,63.189998626708984,58.43000030517578,41.0,269.19000244140625,53.709999084472656,116.18000030517578,53.380001068115234,38.685001373291016,28.059999465942383,94.0,86.37999725341797,3625600,105461800,2509100,596000,24675000,58868600,6618700,15654500,4869600,6797900,7421100,2453900,1862900,23285700,4475300,14069500,4716000,5322700,8249122,9999500,31576400,273500000,21486844,1770500,10329200,6410500,1609800,5678700,2510100,5517300,2400500,15918300,33633400,47963500,7463900,10177900
2018-10-10,66.86955261230469,25.0,158.89639282226562,159.73744201660156,18.967117309570312,24.400259017944336,45.890602111816406,53.77696228027344,57.8479118347168,87.6105728149414,26.513545989990234,93.48815155029297,180.88241577148438,38.31470489501953,111.83063507080078,90.73454284667969,102.25143432617188,63.37268829345703,53.3449592590332,35.256256103515625,40.58169174194336,6.0847296714782715,29.431116104125977,103.38729858398438,55.37801742553711,49.1427116394043,52.27482986450195,33.563297271728516,232.04598999023438,39.24953842163086,81.52289581298828,42.388980865478516,26.965177536010742,23.566791534423828,81.07205963134766,59.62890625,93.08000183105469,25.0,201.1999969482422,171.9199981689453,23.183000564575195,29.239999771118164,60.77000045776367,69.94999694824219,75.08999633789062,122.5999984741211,37.29999923706055,126.47000122070312,214.88999938964844,44.79999923706055,137.72999572753906,111.47000122070312,113.33999633789062,80.6500015258789,67.22328186035156,44.619998931884766,41.61000061035156,6.142250061035156,42.2296028137207,136.1999969482422,66.7300033569336,60.81999969482422,56.0966682434082,39.349998474121094,263.0799865722656,53.33000183105469,110.83999633789062,52.43000030517578,37.67499923706055,27.209999084472656,92.18000030517578,84.5199966430664,95.38999938964844,27.399999618530273,206.35000610351562,176.52000427246094,24.506999969482422,30.1299991607666,63.349998474121094,72.5,79.6500015258789,127.5999984741211,39.5,132.0,223.63999938964844,46.119998931884766,140.4600067138672,114.94999694824219,115.37000274658203,85.05999755859375,69.55152893066406,46.40999984741211,42.75,6.577750205993652,43.3870964050293,140.13999938964844,69.55999755859375,63.040000915527344,57.959999084472656,40.439998626708984,271.4200134277344,54.65999984741211,116.1500015258789,54.06999969482422,39.025001525878906,28.139999389648438,94.51000213623047,86.81999969482422,92.98999786376953,24.90999984741211,200.77000427246094,171.85000610351562,23.163999557495117,29.209999084472656,60.75,69.87000274658203,75.01000213623047,122.45999908447266,37.25,126.3499984741211,214.55999755859375,44.79999923706055,137.72999572753906,111.47000122070312,113.25,80.6500015258789,67.16603088378906,44.52000045776367,41.31999969482422,6.139999866485596,42.20113754272461,136.0500030517578,66.62000274658203,60.66999816894531,56.04999923706055,39.349998474121094,262.5199890136719,53.310001373291016,110.75,52.40999984741211,37.5,27.209999084472656,92.12000274658203,84.5,93.8499984741211,27.3799991607666,205.0,174.61000061035156,24.292999267578125,29.979999542236328,62.93000030517578,72.06999969482422,79.56999969482422,127.2300033569336,39.400001525878906,132.0,223.24000549316406,46.060001373291016,139.35000610351562,114.69999694824219,114.95999908447266,84.83000183105469,69.1603012084961,46.34000015258789,41.5,6.531499862670898,43.12144088745117,139.10000610351562,68.7699966430664,62.779998779296875,57.92333221435547,40.349998474121094,270.6000061035156,54.15999984741211,116.13999938964844,53.70000076293945,38.959999084472656,28.06999969482422,94.4000015258789,86.7300033569336,5310800,147682900,4148000,1515900,56327000,88454400,10428300,23679600,8332100,6504400,8290600,3450700,3955500,43109500,7265600,23086400,5602900,10626500,13259191,14143800,48452000,684940000,33746234,2589300,22296800,10393700,6056400,12853500,4267300,9193300,3083000,21875900,52810600,101604400,22549300,16573400
2018-10-11,65.15973663330078,25.299999237060547,153.091796875,159.60731506347656,18.727394104003906,23.665916442871094,43.421268463134766,52.56996154785156,56.076019287109375,84.63067626953125,25.61790657043457,89.90296936035156,179.26626586914062,37.82721710205078,108.6721420288086,88.01581573486328,97.3526611328125,61.864009857177734,51.76997375488281,34.363399505615234,40.93280029296875,5.8232011795043945,28.307035446166992,99.90308380126953,53.353111267089844,47.76912307739258,51.75297546386719,33.213584899902344,226.78903198242188,38.13821029663086,78.61766052246094,41.58858108520508,26.052631378173828,22.865243911743164,78.88209533691406,57.56884002685547,90.69999694824219,25.299999237060547,193.85000610351562,171.77999877929688,22.889999389648438,28.360000610351562,57.5,68.37999725341797,72.79000091552734,118.43000030517578,36.040000915527344,121.62000274658203,212.97000122070312,44.22999954223633,133.83999633789062,108.12999725341797,107.91000366210938,78.7300033569336,65.2385482788086,43.4900016784668,41.970001220703125,5.8782501220703125,40.61669921875,131.61000061035156,64.29000091552734,59.119998931884766,55.53666687011719,38.939998626708984,257.1199951171875,51.81999969482422,106.88999938964844,51.439998626708984,36.400001525878906,26.399999618530273,89.69000244140625,81.5999984741211,93.37999725341797,26.200000762939453,202.9600067138672,180.17999267578125,23.559999465942383,29.25,60.77000045776367,70.6500015258789,74.7699966430664,122.43000030517578,37.400001525878906,125.4800033569336,216.02999877929688,45.61000061035156,138.66000366210938,111.47000122070312,113.31999969482422,81.80999755859375,67.29962158203125,44.779998779296875,42.91999816894531,6.189000129699707,42.21062469482422,135.97000122070312,66.98999786376953,60.58000183105469,57.21333312988281,39.599998474121094,264.3999938964844,53.31999969482422,111.37999725341797,52.84000015258789,37.334999084472656,27.219999313354492,92.13999938964844,84.16999816894531,89.61000061035156,24.549999237060547,192.3800048828125,169.58999633789062,22.7189998626709,28.260000228881836,57.02000045776367,68.36000061035156,71.93000030517578,117.54000091552734,35.869998931884766,120.81999969482422,210.9499969482422,43.72999954223633,132.8800048828125,107.37999725341797,106.58000183105469,78.33999633789062,64.71373748779297,43.16999816894531,41.43000030517578,5.856500148773193,40.22770309448242,131.27999877929688,63.61000061035156,58.650001525878906,55.10333251953125,38.33000183105469,255.77999877929688,51.650001525878906,106.31999969482422,51.0099983215332,36.125,26.31999969482422,89.04000091552734,81.16999816894531,93.0,24.739999771118164,201.5500030517578,176.08999633789062,23.19700050354004,28.889999389648438,60.77000045776367,69.13999938964844,74.16000366210938,122.43000030517578,36.970001220703125,125.29000091552734,214.1999969482422,45.150001525878906,137.91000366210938,110.97000122070312,113.08999633789062,80.6500015258789,67.1469497680664,44.18000030517578,41.959999084472656,6.0542497634887695,42.08728790283203,135.58999633789062,66.3499984741211,60.31999969482422,55.99333190917969,38.5,262.0,53.31999969482422,109.97000122070312,52.380001068115234,37.310001373291016,27.049999237060547,91.93000030517578,83.94000244140625,9994400,147013800,4175000,1665300,37424000,111417300,12540100,28890800,9326500,8589900,9628100,4761000,6217400,43648800,11603200,33705600,7226300,9010200,13491952,21746900,48197000,725436000,44299198,3436300,25852600,12620400,4370400,10209000,4558500,13404800,3478600,33147900,71184200,178628200,46581800,20320100
2018-10-12,65.84954071044922,26.34000015258789,155.8874969482422,161.93016052246094,19.058746337890625,23.749366760253906,43.428802490234375,53.69239044189453,57.11655044555664,84.15901947021484,26.037288665771484,90.3169174194336,180.0238494873047,38.383121490478516,108.69650268554688,87.05530548095703,99.6712417602539,62.9248046875,52.8603515625,34.31597900390625,41.420440673828125,6.105778217315674,28.948421478271484,94.32382202148438,53.353111267089844,47.93880081176758,52.694175720214844,33.82772445678711,228.98524475097656,37.38016891479492,79.61793518066406,42.13025665283203,26.12420082092285,22.891225814819336,80.09584045410156,57.41363525390625,90.69000244140625,26.34000015258789,197.38999938964844,174.27999877929688,23.295000076293945,28.459999084472656,57.5099983215332,69.83999633789062,73.83000183105469,117.7699966430664,36.630001068115234,122.18000030517578,213.8699951171875,44.880001068115234,133.8699951171875,106.94999694824219,110.4800033569336,80.08000183105469,66.61259460449219,43.43000030517578,42.470001220703125,6.16349983215332,41.53700256347656,124.26000213623047,64.29000091552734,59.33000183105469,56.54666519165039,39.65999984741211,259.6099853515625,50.790000915527344,108.25,52.11000061035156,36.5,26.43000030517578,91.06999969482422,81.37999725341797,91.08000183105469,26.969999313354492,198.08999633789062,176.33999633789062,23.566999435424805,29.040000915527344,57.959999084472656,71.2300033569336,74.25,119.68000030517578,36.97999954223633,123.77999877929688,217.97999572753906,45.34000015258789,134.41000366210938,110.83000183105469,111.0199966430664,80.83999633789062,66.85114288330078,44.56999969482422,43.75,6.238500118255615,41.70777893066406,128.72999572753906,65.6500015258789,60.13999938964844,57.356666564941406,40.58000183105469,261.3900146484375,52.43000030517578,108.68000030517578,53.33000183105469,36.869998931884766,26.920000076293945,91.41000366210938,82.23999786376953,88.9000015258789,25.670000076293945,194.14999389648438,171.35000610351562,22.910999298095703,27.729999542236328,56.65999984741211,68.41000366210938,72.58999633789062,116.18000030517578,35.81999969482422,120.37999725341797,211.4600067138672,44.22999954223633,132.22999572753906,105.5999984741211,108.43000030517578,78.9000015258789,65.28626251220703,42.880001068115234,41.91999816894531,5.991250038146973,40.455406188964844,121.61000061035156,63.27000045776367,58.29999923706055,55.723331451416016,39.189998626708984,256.8599853515625,50.0099983215332,106.54000091552734,50.869998931884766,35.94499969482422,26.030000686645508,90.0199966430664,80.2699966430664,90.70999908447266,26.770000457763672,195.6199951171875,175.4600067138672,23.47599983215332,28.989999771118164,57.810001373291016,70.44999694824219,73.72000122070312,119.52999877929688,36.849998474121094,123.62000274658203,217.0,45.27000045776367,134.39999389648438,110.37000274658203,109.0,80.1500015258789,65.55343627929688,44.29999923706055,43.58000183105469,6.137750148773193,40.5787467956543,128.3000030517578,65.55000305175781,59.779998779296875,57.03666687011719,40.13999938964844,259.70001220703125,52.36000061035156,107.80000305175781,52.099998474121094,36.7599983215332,26.8799991607666,90.7699966430664,82.12999725341797,5709600,111059400,3231400,906100,32589000,102279200,10713200,29024200,6296100,7450700,7670200,2955300,4161300,32087400,6998000,32075700,4519100,8179200,10648938,16049300,32851100,608236000,30417070,7617900,15760900,9737400,4856100,7578600,4006300,12666900,3502500,32067300,47158000,137933000,20797300,15216300
2018-10-15,64.75312805175781,26.260000228881836,154.46597290039062,161.0660858154297,19.019474029541016,23.298748016357422,43.50431823730469,53.20805358886719,56.683326721191406,83.56590270996094,25.667667388916016,90.60521697998047,181.16017150878906,38.08379364013672,108.76146697998047,86.55880737304688,99.79754638671875,61.12538146972656,52.59532928466797,34.347591400146484,41.293663024902344,5.82939338684082,28.512022018432617,95.34099578857422,53.253517150878906,48.1165657043457,52.262393951416016,33.05153274536133,229.54977416992188,37.17409133911133,76.33763122558594,43.043846130371094,25.90589714050293,22.787296295166016,79.54170989990234,57.018550872802734,89.18000030517578,26.260000228881836,195.58999633789062,173.35000610351562,23.246999740600586,27.920000076293945,57.61000061035156,69.20999908447266,73.2699966430664,116.94000244140625,36.11000061035156,122.56999969482422,215.22000122070312,44.529998779296875,133.9499969482422,106.33999633789062,110.62000274658203,77.79000091552734,66.27862548828125,43.470001220703125,42.34000015258789,5.884500026702881,40.91081619262695,125.5999984741211,64.16999816894531,59.54999923706055,56.08333206176758,38.75,260.25,50.5099983215332,103.79000091552734,53.2400016784668,36.19499969482422,26.309999465942383,90.44000244140625,80.81999969482422,90.5999984741211,26.770000457763672,198.41000366210938,175.1199951171875,23.533000946044922,28.6200008392334,58.20000076293945,70.63999938964844,74.19000244140625,118.86000061035156,37.150001525878906,123.55999755859375,217.13999938964844,45.13999938964844,135.3000030517578,108.8499984741211,111.80999755859375,80.33999633789062,66.99427795410156,43.77000045776367,42.54999923706055,6.150000095367432,41.47058868408203,126.77999877929688,65.19999694824219,60.11000061035156,56.709999084472656,39.59000015258789,262.44000244140625,51.09000015258789,108.4000015258789,53.9900016784668,36.64500045776367,26.6299991607666,91.31999969482422,81.73999786376953,89.18000030517578,25.75,195.0,172.8300018310547,23.003999710083008,27.639999389648438,57.349998474121094,69.18000030517578,73.01000213623047,116.91000366210938,36.04999923706055,121.94999694824219,213.0500030517578,44.439998626708984,133.50999450683594,106.31999969482422,109.9800033569336,77.79000091552734,65.77290344238281,43.06999969482422,41.630001068115234,5.883500099182129,40.77798843383789,123.45999908447266,64.01000213623047,58.86000061035156,55.880001068115234,38.720001220703125,259.30999755859375,50.5099983215332,103.68000030517578,52.5099983215332,36.185001373291016,26.309999465942383,90.37000274658203,80.81999969482422,90.51000213623047,26.3799991607666,196.1999969482422,173.4199981689453,23.10300064086914,28.489999771118164,57.70000076293945,70.12999725341797,73.83000183105469,117.69999694824219,36.90999984741211,122.94999694824219,214.4499969482422,44.630001068115234,133.8800048828125,107.19999694824219,110.5,80.0,66.02098846435547,43.41999816894531,42.029998779296875,6.150000095367432,41.41366195678711,125.29000091552734,64.2300033569336,59.400001525878906,56.3033332824707,39.470001220703125,260.1300048828125,50.790000915527344,108.23999786376953,52.5099983215332,36.494998931884766,26.440000534057617,90.91999816894531,81.37999725341797,4827900,70523500,2091100,672600,30099000,114636100,6356600,17661300,6125000,6047300,6328400,2277500,3333800,21633000,6398700,18903200,3884700,7960600,6896783,11986800,27697300,449760000,24002742,4652800,12314700,7302100,3884100,8209000,3583400,6879900,3741700,34118900,23180800,82196400,13909700,10558800
2018-10-16,66.7353744506836,28.18000030517578,159.79673767089844,168.8429718017578,19.498090744018555,23.80777931213379,43.67045593261719,53.59244918823242,57.09334945678711,83.97322845458984,26.357162475585938,90.53858184814453,186.6146697998047,39.2896728515625,110.88066864013672,88.41468048095703,100.16741180419922,62.91696548461914,53.92800521850586,36.29923629760742,42.14216232299805,6.088196277618408,29.0476016998291,95.49395751953125,54.871795654296875,48.22159957885742,53.964622497558594,34.126243591308594,240.4164581298828,37.51264572143555,77.89688873291016,43.44001388549805,26.120622634887695,23.16838836669922,81.7228775024414,57.28664779663086,91.91000366210938,28.18000030517578,202.33999633789062,181.72000122070312,23.832000732421875,28.530000686645508,57.83000183105469,69.70999908447266,73.80000305175781,117.51000213623047,37.08000183105469,122.26000213623047,221.6999969482422,45.939998626708984,136.55999755859375,108.62000274658203,111.02999877929688,80.06999969482422,67.95801544189453,45.939998626708984,43.209999084472656,6.145750045776367,41.679317474365234,124.8499984741211,66.12000274658203,59.68000030517578,57.90999984741211,40.0099983215332,272.57000732421875,50.970001220703125,105.91000366210938,53.72999954223633,36.494998931884766,26.75,92.91999816894531,81.19999694824219,91.9800033569336,28.229999542236328,202.67999267578125,182.24000549316406,23.875999450683594,28.579999923706055,58.09000015258789,70.04000091552734,74.18000030517578,117.68000030517578,37.72999954223633,123.4800033569336,222.0,46.0099983215332,137.99000549316406,108.77999877929688,111.22000122070312,80.25,68.04389190673828,46.20000076293945,43.349998474121094,6.1570000648498535,41.72675323486328,125.18000030517578,66.38999938964844,60.130001068115234,57.9900016784668,40.060001373291016,272.80999755859375,51.060001373291016,106.19000244140625,53.790000915527344,36.560001373291016,26.770000457763672,93.08000183105469,81.2699966430664,89.52999877929688,26.170000076293945,196.22000122070312,177.77999877929688,23.417999267578125,27.899999618530273,57.119998931884766,69.16999816894531,73.2300033569336,116.33999633789062,36.66999816894531,122.05999755859375,216.3000030517578,44.83000183105469,134.75,106.7300033569336,109.93000030517578,78.2699966430664,66.55534362792969,44.47999954223633,42.29999923706055,5.948500156402588,40.83491516113281,122.16999816894531,64.62000274658203,59.52000045776367,56.643333435058594,39.400001525878906,265.0,50.22999954223633,103.9800033569336,52.529998779296875,36.14500045776367,26.309999465942383,91.12999725341797,80.01000213623047,89.77999877929688,26.6299991607666,197.22000122070312,178.3800048828125,23.600000381469727,28.239999771118164,57.93000030517578,69.88999938964844,73.76000213623047,117.08999633789062,36.959999084472656,122.86000061035156,219.35000610351562,44.900001525878906,134.75,107.16000366210938,110.83999633789062,79.0,66.65076446533203,45.7400016784668,42.70000076293945,5.9982500076293945,41.129032135009766,124.91999816894531,64.77999877929688,59.88999938964844,56.706668853759766,39.84000015258789,269.69000244140625,50.79999923706055,104.52999877929688,53.310001373291016,36.29499816894531,26.489999771118164,91.13999938964844,80.51000213623047,3787100,92529000,2261500,823600,30355000,87887800,6445300,15453500,5726200,4846100,7495500,2426900,5924200,21472000,9592800,19302800,4192800,5907500,10719992,24174900,28827400,408712000,22353654,3598000,15931400,6310100,1955100,10748100,6453600,9207100,2209400,28227200,29142200,75137300,13505900,9781800
2018-10-17,66.99674987792969,27.299999237060547,160.13633728027344,171.89981079101562,19.40399742126465,24.116535186767578,44.47848129272461,53.69239044189453,56.072166442871094,83.81603240966797,25.589481353759766,88.96861267089844,192.1533660888672,39.246917724609375,113.23536682128906,89.39959716796875,102.47698211669922,62.194034576416016,54.38234329223633,37.28692626953125,41.303409576416016,6.019595146179199,29.47079086303711,97.39083862304688,54.855186462402344,47.86608123779297,53.75028991699219,33.750953674316406,235.76812744140625,38.93306350708008,76.30084991455078,44.030208587646484,25.95600128173828,23.40222930908203,82.15383911132812,57.4983024597168,92.2699966430664,27.299999237060547,202.77000427246094,185.00999450683594,23.716999053955078,28.899999618530273,58.900001525878906,69.83999633789062,72.4800033569336,117.29000091552734,36.0,120.13999938964844,228.27999877929688,45.88999938964844,139.4600067138672,109.83000183105469,113.58999633789062,79.1500015258789,68.53053283691406,47.189998626708984,42.349998474121094,6.076499938964844,42.286529541015625,127.33000183105469,66.0999984741211,59.2400016784668,57.68000030517578,39.56999969482422,267.29998779296875,52.900001525878906,103.73999786376953,54.459999084472656,36.26499938964844,27.020000457763672,93.41000366210938,81.5,92.41000366210938,28.530000686645508,203.30999755859375,189.25,23.974000930786133,29.190000534057617,59.279998779296875,70.79000091552734,74.06999969482422,117.69000244140625,36.97999954223633,122.58999633789062,228.89999389648438,46.33000183105469,140.0,110.80000305175781,113.7699966430664,80.45999908447266,68.64503479003906,47.84000015258789,43.38999938964844,6.247000217437744,42.50474548339844,127.91000366210938,66.61000061035156,59.529998779296875,58.4466667175293,40.09000015258789,271.0,53.060001373291016,106.0999984741211,55.0099983215332,36.53499984741211,27.190000534057617,93.63999938964844,81.5199966430664,90.83000183105469,26.920000076293945,198.94000244140625,183.30999755859375,23.392000198364258,28.15999984741211,57.65999984741211,69.02999877929688,72.22000122070312,116.0199966430664,35.599998474121094,118.48999786376953,220.0500030517578,45.540000915527344,136.2100067138672,108.2300033569336,110.86000061035156,78.62000274658203,67.5572509765625,45.529998779296875,42.11000061035156,6.0269999504089355,41.50853729248047,123.61000061035156,65.29000091552734,58.68000030517578,57.279998779296875,39.18000030517578,265.6300048828125,50.52000045776367,103.27999877929688,53.189998626708984,35.95500183105469,26.559999465942383,92.38999938964844,80.33999633789062,91.81999969482422,28.40999984741211,201.41000366210938,187.5800018310547,23.974000930786133,28.3700008392334,57.93000030517578,69.3499984741211,74.06999969482422,117.20999908447266,36.7599983215332,122.20999908447266,220.52999877929688,46.0,136.22999572753906,108.37999725341797,110.9800033569336,79.61000061035156,67.83396911621094,45.959999084472656,43.33000183105469,6.208499908447266,41.52751541137695,124.58999633789062,66.37999725341797,59.25,58.33333206176758,40.0,270.19000244140625,50.810001373291016,105.9000015258789,53.560001373291016,36.42499923706055,26.690000534057617,92.86000061035156,80.94000244140625,2857400,89466900,2459700,1709500,20262000,79068700,6546200,16774200,7302700,6978700,8328900,2576200,4953700,23124400,8261100,18794500,4402100,5630300,9793036,22121900,27759000,329668000,23154167,5148800,14779100,6484100,2425500,8173600,3985100,11626400,3378800,23524200,31608400,79472100,14232300,12247700
2018-10-18,65.27591705322266,26.6200008392334,160.09681701660156,163.93711853027344,18.655391693115234,23.574125289916992,42.273433685302734,52.75447082519531,56.15727996826172,83.94464874267578,24.949739456176758,87.79115295410156,189.35032653808594,38.46009063720703,113.26780700683594,87.98326873779297,102.224365234375,61.934730529785156,54.67763900756836,36.370365142822266,40.27935791015625,5.9321699142456055,29.093887329101562,95.0121078491211,54.06681442260742,47.21159744262695,52.40528869628906,32.872413635253906,235.33592224121094,38.366363525390625,76.04341125488281,42.93067169189453,25.82716941833496,23.012483596801758,81.2215576171875,57.745201110839844,89.9000015258789,26.6200008392334,202.72000122070312,176.44000244140625,22.802000045776367,28.25,55.97999954223633,68.62000274658203,72.58999633789062,117.47000122070312,35.099998474121094,118.55000305175781,224.9499969482422,44.970001220703125,139.5,108.08999633789062,113.30999755859375,78.81999969482422,68.90267181396484,46.029998779296875,41.29999923706055,5.988249778747559,41.745731353759766,124.22000122070312,65.1500015258789,58.43000030517578,56.23666763305664,38.540000915527344,266.80999755859375,52.130001068115234,103.38999938964844,53.099998474121094,36.084999084472656,26.56999969482422,92.3499984741211,81.8499984741211,92.4000015258789,27.75,204.50999450683594,182.8000030517578,23.68199920654297,28.899999618530273,57.529998779296875,70.38999938964844,73.18000030517578,118.13999938964844,35.7599983215332,119.25,228.72999572753906,45.75,139.80999755859375,109.83999633789062,114.25,79.9000015258789,69.08396911621094,47.4900016784668,42.209999084472656,6.1852498054504395,42.220115661621094,127.63999938964844,66.31999969482422,59.310001373291016,57.4466667175293,39.95000076293945,267.8800048828125,53.40999984741211,104.8499984741211,54.400001525878906,36.41999816894531,27.06999969482422,93.37000274658203,82.47000122070312,89.22000122070312,26.399999618530273,200.27999877929688,175.85000610351562,22.652999877929688,28.139999389648438,55.70000076293945,68.41000366210938,71.51000213623047,116.05000305175781,34.66999816894531,117.55000305175781,223.86000061035156,44.83000183105469,137.7100067138672,107.80999755859375,112.41000366210938,78.26000213623047,68.14885711669922,45.75,41.13999938964844,5.927249908447266,41.47058868408203,123.94999694824219,64.87000274658203,58.08000183105469,56.026668548583984,38.459999084472656,263.7099914550781,52.02000045776367,101.31999969482422,52.7599983215332,35.85499954223633,26.489999771118164,91.61000061035156,81.19999694824219,91.8499984741211,27.079999923706055,203.1699981689453,182.3800048828125,23.542999267578125,28.670000076293945,57.5,69.54000091552734,71.62000274658203,117.41999816894531,35.33000183105469,118.55000305175781,227.5,45.650001525878906,139.1999969482422,109.0199966430664,113.93000030517578,78.44000244140625,68.84542083740234,46.90999984741211,42.040000915527344,6.146500110626221,42.06830978393555,126.73999786376953,65.68000030517578,58.81999969482422,57.44333267211914,39.79999923706055,267.3500061035156,53.34000015258789,102.70999908447266,54.16999816894531,35.93000030517578,26.8700008392334,93.36000061035156,81.19999694824219,4422300,79623700,2433600,847700,37442000,77369200,13606400,18168500,7800900,7391600,7779700,2096900,2995400,26638800,7583900,17582500,3619600,4859600,12812848,14873900,33560800,524020000,22498368,3051800,12218600,11215300,4058700,9555600,3132100,11322800,4018900,22533300,33173400,81706000,14455600,17448600
2018-10-19,63.87456512451172,23.65999984741211,159.37022399902344,163.30531311035156,18.676666259765625,23.63253402709961,41.00477981567383,52.938968658447266,56.079917907714844,84.42343139648438,24.836009979248047,87.13951110839844,191.04225158691406,37.63050842285156,112.9024429321289,87.83676147460938,100.97035217285156,58.08442687988281,54.783660888671875,36.678504943847656,39.45036697387695,5.675595760345459,29.42450523376465,95.7310791015625,54.24108123779297,47.24392318725586,51.61940383911133,32.795654296875,234.0041046142578,38.63867950439453,68.22504425048828,42.76088333129883,25.598140716552734,23.099092483520508,80.48280334472656,57.82989501953125,87.97000122070312,23.65999984741211,201.8000030517578,175.75999450683594,22.827999114990234,28.31999969482422,54.29999923706055,68.86000061035156,72.48999786376953,118.13999938964844,34.939998626708984,117.66999816894531,226.9600067138672,44.0,139.0500030517578,107.91000366210938,111.91999816894531,73.91999816894531,69.03626251220703,46.41999816894531,40.45000076293945,5.729249954223633,42.220115661621094,125.16000366210938,65.36000061035156,58.470001220703125,55.393333435058594,38.45000076293945,265.29998779296875,52.5,92.76000213623047,52.88999938964844,35.76499938964844,26.670000076293945,91.51000213623047,81.97000122070312,89.98999786376953,27.100000381469727,205.1199951171875,178.24000549316406,23.108999252319336,28.520000457763672,55.849998474121094,69.5999984741211,73.9000015258789,119.26000213623047,35.7400016784668,120.6500015258789,228.3000030517578,45.18000030517578,140.0,109.22000122070312,113.36000061035156,76.58000183105469,69.33206176757812,46.72999954223633,41.9900016784668,6.06374979019165,42.533206939697266,126.38999938964844,66.20999908447266,61.189998626708984,56.90666580200195,39.31999969482422,267.9800109863281,52.7599983215332,100.29000091552734,53.630001068115234,36.290000915527344,26.8799991607666,92.83000183105469,82.45999908447266,87.97000122070312,23.600000381469727,201.4499969482422,173.7100067138672,22.69300079345703,27.969999313354492,54.290000915527344,68.16000366210938,72.26000213623047,117.37000274658203,34.88999938964844,117.08000183105469,224.19000244140625,43.86000061035156,137.91000366210938,107.2699966430664,110.66000366210938,73.7300033569336,68.64503479003906,45.63999938964844,40.27000045776367,5.692500114440918,41.72675323486328,123.19999694824219,65.0,57.59000015258789,55.15666580200195,38.34000015258789,263.8900146484375,51.810001373291016,92.5,52.86000061035156,35.7400016784668,26.420000076293945,91.38999938964844,81.51000213623047,89.26000213623047,27.030000686645508,202.74000549316406,176.19000244140625,23.0,28.139999389648438,55.849998474121094,68.54000091552734,72.66999816894531,117.37000274658203,35.2400016784668,118.58999633789062,225.25999450683594,45.02000045776367,138.33999633789062,107.6500015258789,112.87999725341797,75.77999877929688,68.9885482788086,46.06999969482422,41.66999816894531,6.044000148773193,41.79316711425781,124.33999633789062,65.44999694824219,58.0,56.58333206176758,39.15999984741211,266.6199951171875,51.93000030517578,98.16999816894531,53.08000183105469,35.904998779296875,26.549999237060547,92.51000213623047,81.66000366210938,7059400,130799900,2692500,740400,32231000,64305400,14981800,16721900,5658000,7944400,4493900,3547500,2759100,28368500,5924800,15234500,4224000,13322800,15210043,14931200,28641400,613608000,19564875,3019700,10673000,11347900,3382800,11266200,3336600,7664000,11818100,19521000,27136200,73614300,11318600,12098700
2018-10-22,61.18799591064453,25.030000686645508,156.38507080078125,163.83489990234375,18.70448875427246,22.848127365112305,38.422149658203125,51.193824768066406,55.73952102661133,83.75884246826172,24.786251068115234,86.08793640136719,186.53053283691406,38.49430465698242,112.60198211669922,86.57510375976562,101.06959533691406,58.249427795410156,54.95024490356445,35.6434211730957,38.77742004394531,5.726366996765137,29.338550567626953,92.90106201171875,54.871795654296875,45.90264129638672,51.93623733520508,33.02594757080078,231.26092529296875,37.8511848449707,68.29124450683594,41.758365631103516,25.31542205810547,22.60541534423828,79.82317352294922,57.25135803222656,84.2699966430664,25.030000686645508,198.02000427246094,176.3300018310547,22.86199951171875,27.3799991607666,50.880001068115234,66.58999633789062,72.05000305175781,117.20999908447266,34.869998931884766,116.25,221.60000610351562,45.0099983215332,138.67999267578125,106.36000061035156,112.02999877929688,74.12999725341797,69.24618530273438,45.11000061035156,39.7599983215332,5.7804999351501465,42.09677505493164,121.45999908447266,66.12000274658203,56.810001373291016,55.733333587646484,38.720001220703125,262.19000244140625,51.43000030517578,92.8499984741211,51.650001525878906,35.369998931884766,26.100000381469727,90.76000213623047,81.1500015258789,88.52999877929688,25.639999389648438,201.8000030517578,177.02000427246094,23.243000030517578,28.350000381469727,51.900001525878906,69.20999908447266,72.7699966430664,118.48999786376953,35.09000015258789,118.33999633789062,228.8699951171875,45.34000015258789,139.25999450683594,108.33999633789062,112.72000122070312,74.55999755859375,70.1240463256836,46.720001220703125,40.70000076293945,5.882999897003174,42.2296028137207,125.37000274658203,66.5999984741211,58.61000061035156,56.060001373291016,39.22999954223633,266.8299865722656,52.650001525878906,93.58000183105469,53.16999816894531,35.814998626708984,26.760000228881836,91.66999816894531,82.18000030517578,83.5,24.09000015258789,197.47000122070312,174.25999450683594,22.804000854492188,27.309999465942383,50.5099983215332,66.56999969482422,71.26000213623047,116.4800033569336,34.34000015258789,115.4000015258789,221.52000427246094,44.099998474121094,138.13999938964844,106.11000061035156,111.37000274658203,72.22000122070312,68.55915832519531,45.09000015258789,38.63999938964844,5.676750183105469,41.764705657958984,121.33999633789062,65.22000122070312,56.16999816894531,55.21666717529297,38.540000915527344,260.05999755859375,51.290000915527344,91.0999984741211,51.560001373291016,35.154998779296875,26.100000381469727,90.33999633789062,80.63999938964844,88.52999877929688,24.459999084472656,201.16000366210938,176.4600067138672,23.055999755859375,28.31999969482422,51.25,68.88999938964844,72.61000061035156,118.0999984741211,34.86000061035156,118.0999984741211,226.92999267578125,44.5,138.61000061035156,108.1500015258789,112.0,74.0,69.62786102294922,46.43000030517578,40.560001373291016,5.7820000648498535,42.16318893432617,125.04000091552734,65.69000244140625,58.45000076293945,55.68333435058594,39.189998626708984,266.75,52.61000061035156,92.54000091552734,53.06999969482422,35.7400016784668,26.700000762939453,91.5,82.0,7621100,114158900,2717500,518600,25619000,89942900,24632300,17890900,5385700,5644900,4949400,1593500,2736800,34508800,4864300,16199100,2938300,5154000,12486186,11166700,34441200,368844000,18026878,2083500,12890400,13371500,3923700,8165700,2618100,8914600,4663000,17621500,24589000,58645800,8288300,9474100
2018-10-23,60.23682403564453,25.09000015258789,156.08493041992188,160.69442749023438,18.739665985107422,22.547714233398438,38.24847412109375,50.53266143798828,53.5501708984375,81.03620910644531,23.975921630859375,82.28895568847656,183.97164916992188,38.05813980102539,112.8050308227539,85.67157745361328,99.59003448486328,56.64645004272461,54.59435272216797,35.1772346496582,37.72410583496094,5.474745273590088,29.160017013549805,92.0138168334961,55.08755111694336,44.51286697387695,51.66599655151367,32.41183853149414,233.6159210205078,37.80702590942383,67.4159927368164,41.68559646606445,24.653371810913086,22.42352867126465,79.39221954345703,56.32715606689453,82.95999908447266,25.09000015258789,197.63999938964844,172.9499969482422,22.905000686645508,27.020000457763672,50.650001525878906,65.7300033569336,69.22000122070312,113.4000015258789,33.72999954223633,111.12000274658203,218.55999755859375,44.5,138.92999267578125,105.25,110.38999938964844,72.08999633789062,68.7977066040039,44.52000045776367,38.68000030517578,5.526500225067139,41.840606689453125,120.30000305175781,66.37999725341797,55.09000015258789,55.44333267211914,38.0,264.8599853515625,51.369998931884766,91.66000366210938,51.560001373291016,34.44499969482422,25.889999389648438,90.2699966430664,79.83999633789062,84.58999633789062,25.260000228881836,199.08999633789062,174.4199981689453,22.95400047302246,27.200000762939453,51.029998779296875,66.08000183105469,70.58999633789062,115.72000122070312,34.16999816894531,114.37999725341797,219.52000427246094,45.09000015258789,139.49000549316406,106.16000366210938,111.45999908447266,72.72000122070312,69.1030502319336,44.810001373291016,39.11000061035156,5.604750156402588,42.04933547973633,120.86000061035156,66.91999816894531,55.75,55.75,38.18000030517578,265.5199890136719,51.77000045776367,92.1500015258789,51.95000076293945,34.86000061035156,26.040000915527344,90.70999908447266,80.45999908447266,81.5,23.850000381469727,193.72000122070312,167.25999450683594,21.881999969482422,26.110000610351562,49.83000183105469,63.18000030517578,68.20999908447266,112.05000305175781,33.2599983215332,109.52999877929688,214.32000732421875,43.90999984741211,137.4499969482422,103.69999694824219,109.05999755859375,68.94000244140625,67.95801544189453,43.310001373291016,37.40999984741211,5.417749881744385,41.45161437988281,118.4000015258789,63.56999969482422,54.47999954223633,53.67333221435547,37.2599983215332,259.20001220703125,50.59000015258789,87.93000030517578,50.470001220703125,33.95500183105469,25.420000076293945,88.87999725341797,78.72000122070312,82.58000183105469,24.18000030517578,196.3000030517578,167.52999877929688,22.2810001373291,26.389999389648438,50.52000045776367,64.1500015258789,70.54000091552734,115.72000122070312,33.9900016784668,114.16999816894531,216.58999633789062,44.18000030517578,137.7899932861328,104.19999694824219,110.69999694824219,72.5,68.85496520996094,44.02000045776367,38.150001525878906,5.510749816894531,41.64136505126953,119.5199966430664,63.65999984741211,55.619998931884766,54.276668548583984,37.41999816894531,259.7200012207031,50.72999954223633,90.81999969482422,50.84000015258789,34.849998474121094,25.56999969482422,89.5999984741211,80.05999755859375,8096200,101763000,2553500,1260800,35990000,102392500,15370000,32809200,7502000,8095300,7186000,5023700,3318200,38590300,8282700,21407500,3757000,8640000,12116871,15095300,46364200,626436000,23073114,3771400,13441000,13516700,4304700,12350000,4081800,9206400,6303700,25529800,52955400,93698200,15424500,15465100
2018-10-24,57.65917205810547,22.790000915527344,148.37705993652344,146.9524688720703,17.89370346069336,21.85508918762207,36.87409210205078,49.04889678955078,50.81926727294922,78.75659942626953,22.83861541748047,78.60104370117188,176.0760498046875,36.279239654541016,111.61958312988281,84.07615661621094,95.9182357788086,53.47980499267578,53.413124084472656,34.363399505615234,34.554420471191406,4.938563823699951,28.088823318481445,89.41326141357422,51.96720886230469,42.83220672607422,48.277099609375,31.1153621673584,226.08340454101562,37.00481033325195,63.76054763793945,40.57796859741211,23.679981231689453,21.86056137084961,76.7713394165039,54.760963439941406,79.41000366210938,22.790000915527344,187.8800048828125,158.16000366210938,21.871000289916992,26.190000534057617,48.83000183105469,63.79999923706055,65.69000244140625,110.20999908447266,32.130001068115234,106.13999938964844,209.17999267578125,42.41999816894531,137.47000122070312,103.29000091552734,106.31999969482422,68.05999755859375,67.30915832519531,43.4900016784668,35.43000030517578,4.985249996185303,40.30360412597656,116.9000015258789,62.619998931884766,53.0099983215332,51.80666732788086,36.47999954223633,256.32000732421875,50.279998779296875,86.69000244140625,50.189998626708984,33.084999084472656,25.239999771118164,87.29000091552734,77.62000274658203,83.12999725341797,25.100000381469727,197.9600067138672,167.6999969482422,22.641000747680664,26.899999618530273,51.16999816894531,65.41000366210938,70.0199966430664,114.18000030517578,34.279998779296875,111.94999694824219,218.92999267578125,44.36000061035156,140.11000061035156,105.02999877929688,111.1500015258789,72.0,69.31298065185547,44.79999923706055,38.29999923706055,5.534749984741211,42.0208740234375,119.93000030517578,66.38999938964844,55.61000061035156,54.516666412353516,37.560001373291016,265.3299865722656,51.29999923706055,92.1500015258789,51.4900016784668,34.619998931884766,25.850000381469727,90.75,80.26000213623047,79.26000213623047,22.75,187.3699951171875,157.9499969482422,21.784000396728516,26.079999923706055,48.66999816894531,63.59000015258789,65.0,110.06999969482422,32.06999969482422,106.0,208.39999389648438,42.36000061035156,137.1699981689453,102.91000366210938,106.19000244140625,67.81999969482422,67.01335906982422,43.33000183105469,35.400001525878906,4.971250057220459,40.189754486083984,116.55000305175781,62.5,52.970001220703125,51.71333312988281,36.43000030517578,255.92999267578125,50.18000030517578,86.33000183105469,50.02000045776367,33.07500076293945,25.139999389648438,87.18000030517578,77.55000305175781,82.83999633789062,25.040000915527344,196.94000244140625,167.3000030517578,22.639999389648438,26.860000610351562,50.70000076293945,65.41000366210938,69.69999694824219,113.72000122070312,34.220001220703125,111.77999877929688,218.13999938964844,44.15999984741211,138.52000427246094,104.76000213623047,110.22000122070312,71.87999725341797,68.53053283691406,44.790000915527344,38.0,5.487750053405762,41.56546401977539,119.87000274658203,65.87000274658203,55.5099983215332,54.516666412353516,37.560001373291016,264.010009765625,51.189998626708984,91.55000305175781,51.310001373291016,34.61000061035156,25.850000381469727,90.2300033569336,80.12999725341797,8689100,134489100,4288300,1942800,37810000,86386600,13583300,23420600,9260000,8035200,7418600,5540900,4152700,33631800,8279200,23168900,6739400,12254700,15348170,15067400,53096500,884288000,36927206,3425600,23384300,16957500,9218700,13312400,5265600,9430100,6376900,31161500,56200400,98050700,17431900,16085700
2018-10-25,59.34373474121094,19.270000457763672,148.55078125,157.0614776611328,18.18250846862793,22.188880920410156,37.16104507446289,49.94837951660156,52.62181854248047,79.73564910888672,23.35039710998535,79.3267593383789,180.14170837402344,37.8956413269043,112.4314956665039,85.3541030883789,97.33462524414062,54.97277069091797,52.97392272949219,35.20094680786133,35.871055603027344,5.147340774536133,28.70376205444336,91.50135040283203,52.44853591918945,43.0665397644043,49.354957580566406,31.891525268554688,233.06910705566406,37.733421325683594,64.26805114746094,41.92813491821289,23.969850540161133,22.198339462280273,77.76514434814453,55.247745513916016,81.7300033569336,19.270000457763672,188.10000610351562,169.0399932861328,22.224000930786133,26.59000015258789,49.209999084472656,64.97000122070312,68.0199966430664,111.58000183105469,32.849998474121094,107.12000274658203,214.00999450683594,44.310001373291016,138.47000122070312,104.86000061035156,107.88999938964844,69.95999908447266,66.75572204589844,44.54999923706055,36.779998779296875,5.196000099182129,41.18595886230469,119.62999725341797,63.20000076293945,53.29999923706055,52.96333312988281,37.38999938964844,264.239990234375,51.27000045776367,87.37999725341797,51.86000061035156,33.4900016784668,25.6299991607666,88.41999816894531,78.30999755859375,83.19000244140625,20.149999618530273,190.5,170.2899932861328,22.339000701904297,26.93000030517578,50.369998931884766,65.51000213623047,68.69000244140625,113.4000015258789,33.290000915527344,108.86000061035156,215.69000244140625,44.939998626708984,139.08999633789062,105.9000015258789,108.81999969482422,70.51000213623047,67.33778381347656,44.959999084472656,37.15999984741211,5.243750095367432,41.688804626464844,120.83999633789062,63.83000183105469,54.25,53.366668701171875,37.54999923706055,265.17999267578125,51.779998779296875,89.81999969482422,52.61000061035156,33.834999084472656,25.84000015258789,89.02999877929688,79.05000305175781,79.66000366210938,17.719999313354492,181.30999755859375,163.69000244140625,21.915000915527344,26.18000030517578,46.939998626708984,64.33000183105469,66.54000091552734,110.43000030517578,32.310001373291016,106.36000061035156,210.33999633789062,43.279998779296875,135.0500030517578,103.72000122070312,104.16999816894531,69.01000213623047,63.07251739501953,43.95000076293945,35.060001373291016,4.8420000076293945,39.52561569213867,117.41000366210938,62.349998474121094,52.77000045776367,52.02333450317383,36.4900016784668,253.3699951171875,50.5099983215332,85.94999694824219,50.41999816894531,33.26499938964844,25.329999923706055,86.2699966430664,77.73999786376953,80.4000015258789,17.920000076293945,188.66000366210938,165.14999389648438,21.988000869750977,26.3799991607666,48.83000183105469,64.7699966430664,67.87999725341797,111.36000061035156,32.58000183105469,107.87000274658203,211.27000427246094,43.540000915527344,137.4600067138672,104.18000030517578,106.43000030517578,69.5199966430664,63.874046325683594,43.959999084472656,35.59000015258789,4.886750221252441,40.21821594238281,117.88999938964844,63.810001373291016,53.779998779296875,52.10333251953125,36.779998779296875,258.1600036621094,50.70000076293945,89.02999877929688,50.529998779296875,33.4900016784668,25.360000610351562,87.27999877929688,78.48999786376953,9173500,189173700,4983700,1067700,35193000,73780400,16207100,19510300,8727300,5734000,6423600,2926600,3179700,48255300,9720700,17464700,4114800,8315800,21553692,13838500,39625700,951720000,38600642,2121300,20385700,9850400,9226500,9927300,4675600,7672900,5189800,29366100,50666600,72439400,15725100,12315500
2018-10-26,58.66119384765625,17.6299991607666,146.8765106201172,154.4320526123047,17.438814163208008,22.021987915039062,38.08233642578125,49.36409378051758,52.97768783569336,79.69989013671875,23.01631736755371,78.91204833984375,178.75279235839844,39.07587432861328,111.21358489990234,84.1819839477539,95.98139953613281,54.108421325683594,53.30710220336914,34.74265670776367,34.52516555786133,4.910826683044434,28.168170928955078,91.36367797851562,51.85102081298828,42.74334716796875,48.49764633178711,31.27741813659668,227.7239990234375,37.468482971191406,63.09859085083008,41.434967041015625,23.790916442871094,21.87787628173828,76.88565063476562,54.69745635986328,80.79000091552734,17.6299991607666,185.97999572753906,166.2100067138672,21.315000534057617,26.389999389648438,50.43000030517578,64.20999908447266,68.4800033569336,111.52999877929688,32.380001068115234,106.55999755859375,212.36000061035156,45.689998626708984,136.97000122070312,103.41999816894531,106.38999938964844,68.86000061035156,67.17557525634766,43.970001220703125,35.400001525878906,4.957250118255615,40.417457580566406,119.44999694824219,62.47999954223633,52.900001525878906,52.043331146240234,36.66999816894531,258.17999267578125,50.90999984741211,85.79000091552734,51.25,33.2400016784668,25.260000228881836,87.41999816894531,77.52999877929688,81.52999877929688,18.780000686645508,187.3300018310547,169.16000366210938,21.733999252319336,26.579999923706055,51.060001373291016,64.73999786376953,69.06999969482422,112.47000122070312,32.90999984741211,107.37000274658203,214.8000030517578,46.439998626708984,139.3000030517578,104.55999755859375,107.47000122070312,69.75,67.53816986083984,44.52000045776367,35.90999984741211,5.120999813079834,41.062618255615234,120.69999694824219,63.63999938964844,53.84000015258789,52.959999084472656,37.290000915527344,262.3999938964844,51.209999084472656,87.2300033569336,51.93000030517578,33.650001525878906,25.520000457763672,88.22000122070312,78.41000366210938,79.43000030517578,17.049999237060547,183.27999877929688,162.25999450683594,20.920000076293945,25.8799991607666,48.790000915527344,63.18000030517578,66.66999816894531,109.66000366210938,31.690000534057617,103.48999786376953,209.52999877929688,44.70000076293945,135.3300018310547,102.7300033569336,105.05999755859375,67.29000091552734,65.72518920898438,43.25,34.29999923706055,4.828000068664551,40.01897430419922,117.69999694824219,61.18000030517578,51.84000015258789,51.1966667175293,36.13999938964844,257.0199890136719,50.290000915527344,82.63999938964844,50.790000915527344,32.689998626708984,25.020000457763672,86.3499984741211,76.95999908447266,81.0199966430664,18.489999771118164,185.39999389648438,164.39999389648438,21.55699920654297,26.329999923706055,49.209999084472656,64.16999816894531,66.95999908447266,110.62999725341797,32.18000030517578,105.58999633789062,210.72999572753906,45.59000015258789,137.94000244140625,104.0,107.05000305175781,69.05999755859375,66.57442474365234,43.77000045776367,35.279998779296875,4.957749843597412,40.84440231323242,118.33000183105469,61.5,52.560001373291016,51.810001373291016,36.54999923706055,261.5,50.75,86.02999877929688,51.31999969482422,33.21500015258789,25.31999969482422,87.5999984741211,77.87000274658203,6181500,119689000,4580400,876000,53324000,91103500,13671900,24066300,8193800,8035500,7365900,4332300,3557900,67280400,11371400,19174900,4464500,7837700,17764229,12997100,41257400,664784000,30295333,2537400,17049300,11131300,3910200,11973200,4830600,10408800,6921400,30053800,51159800,115308900,25507900,18160100
2018-10-29,59.075069427490234,16.850000381469727,148.62185668945312,151.79330444335938,17.303817749023438,22.20557403564453,37.55372619628906,49.47172164916992,52.103492736816406,77.84192657470703,22.02117347717285,75.56481170654297,180.5457000732422,38.82784652709961,111.68449401855469,85.34596252441406,96.89256286621094,52.827606201171875,54.1021728515625,34.72684860229492,33.80344772338867,4.597042560577393,28.584741592407227,93.43647003173828,51.59375762939453,41.57173156738281,47.9913330078125,30.98741340637207,226.259765625,37.946868896484375,64.26805114746094,42.227291107177734,23.347158432006836,22.06842613220215,77.07913208007812,54.35880661010742,81.36000061035156,16.850000381469727,188.19000244140625,163.3699951171875,21.149999618530273,26.610000610351562,49.72999954223633,64.3499984741211,67.3499984741211,108.93000030517578,30.979999542236328,102.04000091552734,214.49000549316406,45.400001525878906,137.5500030517578,104.8499984741211,107.4000015258789,67.2300033569336,68.17748260498047,43.95000076293945,34.65999984741211,4.640500068664551,41.01517868041992,122.16000366210938,62.16999816894531,51.45000076293945,51.5,36.33000183105469,256.5199890136719,51.560001373291016,87.37999725341797,52.22999954223633,32.619998931884766,25.479999542236328,87.63999938964844,77.05000305175781,83.16999816894531,18.229999542236328,190.91000366210938,169.6999969482422,21.868999481201172,27.18000030517578,51.209999084472656,65.62000274658203,69.70999908447266,112.06999969482422,32.65999984741211,107.0,218.2100067138672,46.75,139.10000610351562,106.62999725341797,109.08000183105469,70.45999908447266,69.68511199951172,45.08000183105469,36.20000076293945,5.103250026702881,41.44212341308594,123.98999786376953,63.689998626708984,53.20000076293945,53.34000015258789,37.40999984741211,262.0400085449219,52.4900016784668,89.41999816894531,53.150001525878906,33.529998779296875,25.93000030517578,89.08000183105469,78.43000030517578,79.94000244140625,16.270000457763672,184.8000030517578,160.3800048828125,20.822999954223633,26.290000915527344,49.20000076293945,63.68000030517578,66.22000122070312,107.54000091552734,30.360000610351562,100.62999725341797,212.0500030517578,44.439998626708984,136.22000122070312,103.69999694824219,106.30000305175781,66.29000091552734,67.3187026977539,43.290000915527344,33.81999969482422,4.40024995803833,40.3795051574707,120.5999984741211,61.27000045776367,50.79999923706055,50.526668548583984,35.970001220703125,253.32000732421875,51.13999938964844,86.16000366210938,51.59000015258789,32.185001373291016,25.209999084472656,86.41000366210938,76.22000122070312,82.1500015258789,18.209999084472656,189.32000732421875,168.52000427246094,21.618999481201172,26.690000534057617,51.18000030517578,65.05999755859375,69.18000030517578,112.04000091552734,32.59000015258789,106.94999694824219,214.14999389648438,46.5,136.99000549316406,104.45999908447266,107.44999694824219,69.8499984741211,68.10114288330078,44.59000015258789,36.13999938964844,5.09975004196167,40.74952697753906,120.95999908447266,63.5,53.20000076293945,53.0966682434082,37.16999816894531,259.7200012207031,51.52000045776367,86.38999938964844,51.880001068115234,33.48500061035156,25.56999969482422,88.43000030517578,78.06999969482422,4343900,94479600,3829500,745500,28636000,89367000,10028800,20036800,6853100,8598300,7084100,4307400,3278200,35732200,6783000,18445200,3587800,6307400,19743901,12869800,34176400,758016000,31847559,2397700,14778300,11125100,4422600,8269300,3697700,9949100,5884300,30541300,48919600,97946100,14024300,15707000
2018-10-30,59.24207305908203,17.200000762939453,149.32472229003906,156.7827606201172,18.081878662109375,22.34743881225586,37.77272415161133,49.61011505126953,53.78225326538086,79.21395111083984,22.97366714477539,78.1344985961914,184.5776824951172,40.84621047973633,114.2827377319336,86.85183715820312,97.7406005859375,54.06127166748047,55.17739486694336,35.403099060058594,35.120086669921875,5.027473449707031,28.35993194580078,95.42512512207031,52.431922912597656,42.274696350097656,49.98552703857422,32.22418975830078,227.81214904785156,38.506195068359375,66.26859283447266,42.599185943603516,23.887537002563477,22.44951629638672,77.90585327148438,55.5793342590332,81.58999633789062,17.200000762939453,189.0800018310547,168.74000549316406,22.10099983215332,26.780000686645508,50.02000045776367,64.52999877929688,69.5199966430664,110.8499984741211,32.31999969482422,105.51000213623047,219.27999877929688,47.7599983215332,140.75,106.69999694824219,108.33999633789062,68.80000305175781,69.53244018554688,44.5,36.0099983215332,5.074999809265137,40.69260025024414,124.76000213623047,63.18000030517578,52.31999969482422,53.63999938964844,37.779998779296875,258.2799987792969,52.31999969482422,90.0999984741211,52.689998626708984,33.375,25.920000076293945,88.58000183105469,78.77999877929688,82.87999725341797,17.239999771118164,191.0,169.41000366210938,22.1560001373291,26.860000610351562,50.189998626708984,65.19000244140625,69.70999908447266,111.1500015258789,32.38999938964844,106.16000366210938,220.35000610351562,47.880001068115234,141.10000610351562,106.9800033569336,108.51000213623047,69.12999725341797,69.61832427978516,44.59000015258789,36.04999923706055,5.085000038146973,40.882354736328125,125.01000213623047,63.720001220703125,52.54999923706055,53.69333267211914,37.79999923706055,259.69000244140625,52.40999984741211,90.43000030517578,52.90999984741211,33.45500183105469,25.940000534057617,88.72000122070312,79.02999877929688,80.12999725341797,16.170000076293945,187.02999877929688,165.66000366210938,21.100000381469727,26.31999969482422,49.08000183105469,63.810001373291016,66.86000061035156,108.1500015258789,30.65999984741211,101.02999877929688,215.0399932861328,45.459999084472656,137.0,104.86000061035156,107.08000183105469,66.63999938964844,68.22518920898438,43.560001373291016,34.4900016784668,4.640500068664551,39.639469146728516,121.88999938964844,62.16999816894531,50.81999969482422,51.349998474121094,36.66999816894531,253.97999572753906,51.540000915527344,87.66999816894531,51.869998931884766,32.45000076293945,25.440000534057617,87.19999694824219,77.41999816894531,81.93000030517578,16.3799991607666,189.42999267578125,166.10000610351562,21.378000259399414,26.760000228881836,49.720001220703125,64.5999984741211,67.18000030517578,109.62000274658203,30.760000228881836,101.69000244140625,215.99000549316406,45.529998779296875,137.92999267578125,105.70999908447266,107.2300033569336,67.44999694824219,68.40648651123047,44.0,34.63999938964844,4.663750171661377,39.800758361816406,122.81999969482422,62.36000061035156,51.36000061035156,51.349998474121094,36.84000015258789,256.69000244140625,51.95000076293945,87.76000213623047,52.45000076293945,32.599998474121094,25.6200008392334,87.6500015258789,77.62000274658203,5243100,99049400,4040600,1307500,29697000,79004800,11263800,19951900,6506900,7523800,7518800,4274200,3897400,43975200,9646200,18019700,3325900,6470600,19845976,14780300,35319500,807192000,35424202,3431800,18865300,12235800,2495700,12106400,4169200,10213900,5477000,24910900,52794800,82719100,15432000,17758200
2018-10-31,56.5264778137207,18.209999084472656,152.25469970703125,160.146240234375,18.284778594970703,22.948259353637695,38.165401458740234,50.325077056884766,54.07621765136719,79.78563690185547,23.030534744262695,78.00863647460938,189.70394897460938,40.093605041503906,113.6656723022461,88.74028015136719,97.83079528808594,55.357784271240234,55.73772048950195,36.325965881347656,36.7878303527832,5.221388339996338,28.47233772277832,98.27810668945312,52.191280364990234,41.4586181640625,50.619205474853516,32.49711990356445,230.52005004882812,38.46940231323242,66.99675750732422,43.035770416259766,24.034269332885742,22.761310577392578,78.01141357421875,56.214290618896484,77.8499984741211,18.209999084472656,192.7899932861328,172.36000061035156,22.349000930786133,27.5,50.540000915527344,65.45999908447266,69.9000015258789,111.6500015258789,32.400001525878906,105.33999633789062,225.3699951171875,46.880001068115234,139.99000549316406,109.0199966430664,108.44000244140625,70.44999694824219,70.2385482788086,45.65999984741211,37.720001220703125,5.270750045776367,40.85388946533203,128.49000549316406,62.88999938964844,51.310001373291016,54.31999969482422,38.099998474121094,261.3500061035156,52.27000045776367,91.08999633789062,53.22999954223633,33.58000183105469,26.280000686645508,88.69999694824219,79.68000030517578,81.58000183105469,18.34000015258789,195.3300018310547,173.08999633789062,22.566999435424805,27.8799991607666,51.15999984741211,66.20999908447266,71.81999969482422,112.5,33.2599983215332,108.72000122070312,229.0,48.560001373291016,141.42999267578125,110.4800033569336,110.43000030517578,72.12000274658203,71.0782470703125,46.34000015258789,38.040000915527344,5.3147501945495605,41.42314910888672,129.77999877929688,63.52000045776367,53.0099983215332,54.7400016784668,38.9900016784668,264.07000732421875,52.880001068115234,93.81999969482422,54.029998779296875,34.14500045776367,26.610000610351562,89.6500015258789,80.3499984741211,77.73999786376953,17.1200008392334,189.0399932861328,169.97999572753906,22.17099952697754,27.059999465942383,50.11000061035156,64.83999633789062,69.75,111.05000305175781,32.349998474121094,105.06999969482422,221.39999389648438,46.83000183105469,139.61000061035156,107.79000091552734,108.3499984741211,69.81999969482422,69.43701934814453,45.11000061035156,35.79999923706055,5.100249767303467,40.52182388305664,125.36000061035156,62.06999969482422,51.2400016784668,53.84000015258789,38.029998779296875,260.2200012207031,52.209999084472656,91.0199966430664,53.029998779296875,33.53499984741211,26.1299991607666,88.62999725341797,78.9000015258789,80.9800033569336,17.8700008392334,189.0800018310547,170.9600067138672,22.5,27.100000381469727,50.400001525878906,65.01000213623047,70.38999938964844,111.70999908447266,32.77000045776367,106.68000030517578,221.88999938964844,48.290000915527344,141.0,108.08000183105469,109.58999633789062,69.88999938964844,70.0477066040039,45.13999938964844,36.58000183105469,5.241250038146973,40.806453704833984,125.44999694824219,62.90999984741211,52.849998474121094,54.473331451416016,38.689998626708984,260.8699951171875,52.65999984741211,91.20999908447266,53.040000915527344,33.70000076293945,26.170000076293945,89.29000091552734,79.33999633789062,14068500,110463700,4541000,731400,28146000,92296300,9516500,20450300,6591400,7429800,8033200,4010900,4369600,33369100,9968900,20860000,4349200,9638900,16624529,16928300,44055400,745772000,28193235,3822700,12917500,13260600,3495900,12610900,4230200,13027000,5501700,23667400,34575600,93781100,13460700,16629100
2018-11-01,58.24006652832031,20.219999313354492,152.34152221679688,163.26815795898438,18.80756950378418,23.206947326660156,39.3660888671875,50.609535217285156,53.82866287231445,79.44261932373047,23.357505798339844,79.1564712524414,191.0507049560547,41.23961639404297,114.3396224975586,88.70771026611328,97.30757141113281,55.85283279418945,55.3666877746582,36.50894546508789,39.12852096557617,5.40168571472168,28.875682830810547,99.23417663574219,52.87177276611328,41.74142074584961,52.99547576904297,33.307411193847656,230.14956665039062,38.366363525390625,68.0411605834961,43.30257034301758,24.238250732421875,22.865243911743164,78.99642181396484,56.91273880004883,80.20999908447266,20.219999313354492,192.89999389648438,175.72000122070312,22.988000869750977,27.809999465942383,52.130001068115234,65.83000183105469,69.58000183105469,111.16999816894531,32.86000061035156,106.88999938964844,226.97000122070312,48.220001220703125,140.82000732421875,108.9800033569336,107.86000061035156,71.08000183105469,69.77098846435547,45.88999938964844,40.119998931884766,5.452750205993652,41.43263626098633,129.74000549316406,63.709999084472656,51.65999984741211,56.869998931884766,39.04999923706055,260.92999267578125,52.130001068115234,92.51000213623047,53.560001373291016,33.8650016784668,26.399999618530273,89.81999969482422,80.66999816894531,80.6500015258789,20.329999923706055,194.3800048828125,176.05999755859375,23.42300033569336,28.0,52.2400016784668,66.44000244140625,70.94999694824219,111.98999786376953,33.720001220703125,107.30000305175781,228.8800048828125,48.470001220703125,141.5800018310547,110.22000122070312,109.2300033569336,72.44000244140625,70.64885711669922,46.20000076293945,40.20000076293945,5.462250232696533,41.58443832397461,130.0800018310547,64.30999755859375,52.189998626708984,57.0,39.08000183105469,264.67999267578125,52.630001068115234,93.33999633789062,53.959999084472656,34.025001525878906,26.510000228881836,89.97000122070312,80.75,77.5,18.079999923706055,190.9600067138672,169.64999389648438,22.371999740600586,27.610000610351562,50.63999938964844,65.19999694824219,68.48999786376953,110.0999984741211,32.369998931884766,103.8499984741211,225.47000122070312,46.86000061035156,139.85000610351562,108.31999969482422,107.33000183105469,68.75,69.34160614013672,45.45000076293945,37.52000045776367,5.179749965667725,40.882354736328125,128.10000610351562,62.880001068115234,50.810001373291016,54.66999816894531,38.38999938964844,259.760009765625,52.0099983215332,90.30999755859375,53.150001525878906,33.30500030517578,26.219999313354492,88.97000122070312,79.30000305175781,77.70999908447266,18.40999984741211,192.80999755859375,171.02999877929688,22.516000747680664,27.770000457763672,50.68000030517578,66.08999633789062,70.19999694824219,111.7699966430664,32.529998779296875,105.9800033569336,225.75999450683594,46.95000076293945,140.07000732421875,109.62000274658203,108.73999786376953,69.80000305175781,70.41984558105469,45.81999969482422,37.97999954223633,5.307499885559082,40.986717224121094,129.27999877929688,63.20000076293945,51.599998474121094,54.709999084472656,38.779998779296875,262.9200134277344,52.38999938964844,92.06999969482422,53.43000030517578,33.650001525878906,26.350000381469727,89.0,79.83000183105469,10671700,136896500,2827300,1352600,36830000,49827300,8305600,17744100,7826500,10572000,9823500,3771700,2557600,28335300,6913500,13065000,3639400,8070900,14507988,8679900,43981400,566528000,24278152,4090900,11003900,10799400,3511500,14348600,2771300,9812100,4340900,17654800,42951600,62346600,9668500,14159300
2018-11-02,57.76810073852539,20.229999542236328,147.72943115234375,162.58984375,18.06224250793457,23.273712158203125,38.27867126464844,51.02754211425781,52.4825553894043,81.98662567138672,22.945234298706055,75.79438781738281,193.3402099609375,40.29030990600586,114.22593688964844,88.21931457519531,96.30615234375,54.60343551635742,54.72307205200195,36.55668258666992,39.32357406616211,5.322681427001953,28.386383056640625,99.34126281738281,52.55642318725586,41.531333923339844,52.197166442871094,33.077125549316406,230.22012329101562,38.32221603393555,67.54102325439453,43.34299087524414,24.177406311035156,22.84792137145996,78.5039291381836,57.815757751464844,79.55999755859375,20.229999542236328,187.05999755859375,174.99000549316406,22.07699966430664,27.889999389648438,50.689998626708984,65.91999816894531,67.83999633789062,114.7300033569336,32.279998779296875,102.3499984741211,229.69000244140625,47.11000061035156,140.67999267578125,108.37999725341797,106.75,69.48999786376953,68.95992279052734,45.95000076293945,40.31999969482422,5.373000144958496,40.73054885864258,129.8800048828125,63.33000183105469,51.400001525878906,56.01333236694336,38.779998779296875,261.010009765625,52.06999969482422,91.83000183105469,53.61000061035156,33.779998779296875,26.3799991607666,89.26000213623047,81.94999694824219,84.41999816894531,21.059999465942383,195.35000610351562,178.67999267578125,22.597000122070312,28.3799991607666,52.4900016784668,66.91999816894531,70.25,117.11000061035156,33.4900016784668,106.48999786376953,231.69000244140625,48.25,142.0,110.80999755859375,108.38999938964844,73.0,70.32442474365234,46.95000076293945,40.939998626708984,5.550000190734863,41.593929290771484,131.47999572753906,63.959999084472656,52.279998779296875,56.92333221435547,39.4900016784668,266.3800048828125,52.77000045776367,94.72000122070312,54.630001068115234,34.4900016784668,26.809999465942383,90.83999633789062,82.44999694824219,78.76000213623047,19.469999313354492,185.8300018310547,172.82000732421875,21.774999618530273,27.520000457763672,50.380001068115234,65.58000183105469,67.37999725341797,113.12000274658203,32.189998626708984,100.83999633789062,226.2899932861328,46.75,139.66000366210938,107.48999786376953,105.93000030517578,69.25,68.3396987915039,45.540000915527344,39.63999938964844,5.255249977111816,40.30360412597656,127.81999969482422,62.34000015258789,50.720001220703125,55.31999969482422,38.43000030517578,259.55999755859375,51.4900016784668,90.91999816894531,53.11000061035156,33.439998626708984,26.18000030517578,88.66999816894531,80.2300033569336,84.18000030517578,20.59000015258789,194.2899932861328,178.07000732421875,22.533000946044922,28.010000228881836,52.459999084472656,66.06999969482422,69.69000244140625,114.8499984741211,32.9900016784668,106.1500015258789,230.0,48.130001068115234,141.97000122070312,109.9000015258789,108.13999938964844,71.79000091552734,70.20037841796875,46.5,40.189998626708984,5.4432501792907715,41.518028259277344,130.8300018310547,63.939998626708984,52.220001220703125,56.619998931884766,39.18000030517578,264.6099853515625,52.43000030517578,93.19999694824219,54.209999084472656,34.2400016784668,26.65999984741211,90.69000244140625,81.76000213623047,12781500,123788000,3696300,948400,40241000,69010200,9236500,21214800,5725200,9890400,6305000,6607500,3699000,30759800,7673200,19009200,3577200,5685500,13517838,10478800,33645700,452960000,24223028,2686100,13707900,8458000,3240000,9736200,2593600,8273600,3424200,18285600,42425000,73034200,12953000,19350400
2018-11-05,59.96090316772461,19.899999618530273,149.98809814453125,160.61082458496094,18.006603240966797,23.415573120117188,39.29057693481445,52.09577941894531,53.40317153930664,84.99513244628906,23.528100967407227,78.75654602050781,192.5237579345703,41.02581787109375,115.4601058959961,88.7972640991211,99.364501953125,54.815616607666016,55.3666877746582,36.453250885009766,38.93346405029297,5.2446699142456055,28.776500701904297,99.87667846679688,52.672607421875,41.98380661010742,51.721920013427734,32.82123565673828,230.22012329101562,38.52091979980469,67.04088592529297,43.383426666259766,24.581798553466797,23.211687088012695,79.19873046875,57.597049713134766,82.58000183105469,19.899999618530273,189.9199981689453,172.86000061035156,22.009000778198242,28.059999465942383,52.029998779296875,67.30000305175781,69.02999877929688,118.94000244140625,33.099998474121094,106.3499984741211,228.72000122070312,47.970001220703125,142.1999969482422,109.08999633789062,110.13999938964844,69.76000213623047,69.77098846435547,45.81999969482422,39.91999816894531,5.294250011444092,41.290321350097656,130.5800018310547,63.470001220703125,51.959999084472656,55.503334045410156,38.47999954223633,261.010009765625,52.34000015258789,91.1500015258789,53.65999984741211,34.345001220703125,26.799999237060547,90.05000305175781,81.63999938964844,83.83000183105469,20.18000030517578,190.72000122070312,173.5,22.110000610351562,28.239999771118164,52.130001068115234,67.47000122070312,69.5,119.66999816894531,33.279998779296875,107.11000061035156,231.10000610351562,48.25,142.74000549316406,109.29000091552734,112.08000183105469,70.91999816894531,70.20037841796875,46.36000061035156,40.2400016784668,5.3832502365112305,41.38520050048828,131.67999267578125,63.79999923706055,52.279998779296875,55.93333435058594,38.81999969482422,263.0,52.84000015258789,93.37999725341797,54.29999923706055,34.47999954223633,26.8799991607666,90.44999694824219,82.87000274658203,79.2699966430664,18.8799991607666,187.5500030517578,169.7100067138672,21.371000289916992,27.889999389648438,51.220001220703125,66.26000213623047,68.25,116.5999984741211,32.70000076293945,104.04000091552734,226.9499969482422,46.91999816894531,139.0,108.41999816894531,109.76000213623047,68.83999633789062,66.90839385986328,45.630001068115234,38.77000045776367,5.131999969482422,40.63567352294922,129.4499969482422,62.65999984741211,51.29999923706055,54.56999969482422,38.310001373291016,260.07000732421875,51.84000015258789,89.87000274658203,51.15999984741211,34.11000061035156,26.489999771118164,89.37999725341797,81.44000244140625,79.44999694824219,20.1200008392334,187.67999267578125,172.49000549316406,21.902000427246094,27.950000762939453,51.310001373291016,66.30000305175781,68.69000244140625,116.62000274658203,32.84000015258789,104.54000091552734,228.32000732421875,47.34000015258789,141.0,108.61000061035156,110.43000030517578,70.51000213623047,68.66412353515625,46.02000045776367,40.099998474121094,5.359749794006348,40.63567352294922,129.63999938964844,63.08000183105469,51.95000076293945,55.926666259765625,38.720001220703125,262.1499938964844,52.060001373291016,92.88999938964844,53.72999954223633,34.189998626708984,26.489999771118164,89.37999725341797,82.5,10315600,108016700,2713500,567400,27609000,41103100,6803500,14823900,4955500,8758700,6018900,5029700,2565200,23751200,5601400,10276400,7368600,4841500,12922364,12318900,22904000,379332000,21628396,2362700,13373800,8644900,2405100,8591900,3287000,5448300,3339200,18990000,26463200,58705800,7783500,15815000
2018-11-06,60.74509048461914,20.68000030517578,150.6436004638672,164.8569793701172,18.674213409423828,23.540746688842773,38.77706527709961,51.615848541259766,53.76676940917969,84.96653747558594,23.407264709472656,79.4822769165039,192.08604431152344,40.664344787597656,115.76052856445312,89.21240234375,95.53931427001953,53.72338104248047,55.51056671142578,36.37370300292969,38.81642150878906,5.227086067199707,28.439281463623047,100.77919006347656,52.80538558959961,42.08078384399414,52.32453536987305,33.03446960449219,232.4517059326172,38.74171447753906,67.1364974975586,43.29448699951172,24.696321487426758,23.332942962646484,79.6032943725586,57.843997955322266,83.66000366210938,20.68000030517578,190.75,177.42999267578125,22.825000762939453,28.209999084472656,51.349998474121094,66.68000030517578,69.5,118.9000015258789,32.93000030517578,107.33000183105469,228.1999969482422,47.25,142.57000732421875,109.5999984741211,105.9000015258789,68.37000274658203,69.9522933959961,45.720001220703125,39.79999923706055,5.276500225067139,40.806453704833984,131.75999450683594,63.630001068115234,52.08000183105469,56.150001525878906,38.72999954223633,263.5400085449219,52.63999938964844,91.27999877929688,53.54999923706055,34.505001068115234,26.940000534057617,90.51000213623047,81.98999786376953,84.2300033569336,21.649999618530273,192.6999969482422,177.6699981689453,22.916000366210938,28.25,52.119998931884766,67.30999755859375,69.56999969482422,119.43000030517578,33.599998474121094,107.54000091552734,229.52000427246094,47.91999816894531,142.8300018310547,109.66999816894531,109.30000305175781,69.76000213623047,70.41984558105469,46.06999969482422,40.560001373291016,5.371250152587891,41.35673522949219,132.11000061035156,64.33999633789062,52.2400016784668,56.366668701171875,38.849998474121094,264.010009765625,52.65999984741211,91.80999755859375,53.709999084472656,34.58000183105469,26.940000534057617,90.61000061035156,82.0999984741211,82.30999755859375,19.479999542236328,189.52000427246094,174.0500030517578,21.972000122070312,27.739999771118164,50.5,66.16999816894531,68.25,117.8499984741211,32.459999084472656,105.44000244140625,227.0500030517578,47.029998779296875,141.05999755859375,107.76000213623047,104.94999694824219,67.9000015258789,69.41793823242188,45.290000915527344,39.560001373291016,5.238999843597412,40.502845764160156,129.77999877929688,62.40999984741211,51.5,55.383331298828125,38.41999816894531,260.70001220703125,51.95000076293945,89.91999816894531,52.959999084472656,34.095001220703125,26.649999618530273,89.80000305175781,81.3499984741211,82.7300033569336,19.5,190.2100067138672,174.30999755859375,22.030000686645508,28.020000457763672,51.970001220703125,67.30999755859375,69.3499984741211,118.76000213623047,33.2599983215332,107.05999755859375,228.19000244140625,47.79999923706055,141.52999877929688,108.66999816894531,109.0,69.75,69.59923553466797,45.779998779296875,39.7400016784668,5.286250114440918,41.34724807739258,130.2100067138672,63.349998474121094,52.0,55.383331298828125,38.5,260.70001220703125,52.220001220703125,91.16000366210938,53.36000061035156,34.43000030517578,26.780000686645508,89.93000030517578,81.73999786376953,7945500,144995700,2139000,1493800,29464000,43514400,10196700,17049600,6150200,5273200,7910700,4336700,2275600,23839600,5798900,10825000,6803700,6809800,10737913,10737300,19316600,299012000,22194183,2303300,8774100,6433500,1184400,8578100,2582400,4635600,2609500,20696800,26144200,51010900,7980500,9063200
2018-11-07,63.14120101928711,21.84000015258789,156.06910705566406,164.84767150878906,19.17737579345703,23.816123962402344,40.01552200317383,52.83889389038086,54.176788330078125,86.37430572509766,24.068328857421875,80.83008575439453,194.6785888671875,41.9294548034668,117.53058624267578,90.74267578125,98.98560333251953,54.86275863647461,56.85082244873047,37.081756591796875,39.91850662231445,5.294695854187012,29.358375549316406,101.94181823730469,52.45683288574219,42.274696350097656,52.91781234741211,33.418296813964844,242.23342895507812,38.69755554199219,68.0999984741211,43.31874465942383,25.100704193115234,23.636079788208008,81.9427490234375,58.57769775390625,86.95999908447266,21.84000015258789,197.6199951171875,177.4199981689453,23.440000534057617,28.540000915527344,52.9900016784668,68.26000213623047,70.02999877929688,120.87000274658203,33.86000061035156,109.1500015258789,231.27999877929688,48.720001220703125,144.75,111.4800033569336,109.72000122070312,69.81999969482422,71.64122009277344,46.61000061035156,40.93000030517578,5.344749927520752,42.12523651123047,133.27999877929688,63.209999084472656,52.31999969482422,56.78666687011719,39.18000030517578,274.6300048828125,52.58000183105469,92.58999633789062,53.58000183105469,35.06999969482422,27.290000915527344,93.16999816894531,83.02999877929688,87.22000122070312,22.219999313354492,197.72999572753906,178.52000427246094,23.52899932861328,28.670000076293945,53.11000061035156,68.30999755859375,71.26000213623047,121.12000274658203,34.650001525878906,110.19999694824219,232.8000030517578,48.75,144.8699951171875,111.7300033569336,110.77999877929688,69.97000122070312,71.87976837158203,46.810001373291016,41.04999923706055,5.4352498054504395,42.27703857421875,133.4600067138672,63.75,52.939998626708984,56.973331451416016,39.29999923706055,276.75,52.93000030517578,92.7300033569336,54.18000030517578,35.18000030517578,27.31999969482422,93.25,83.13999938964844,84.13999938964844,21.06999969482422,192.00999450683594,176.08999633789062,22.92099952697754,28.139999389648438,51.880001068115234,66.69999694824219,69.25,119.0199966430664,32.88999938964844,107.36000061035156,226.89999389648438,47.59000015258789,142.97000122070312,109.3499984741211,106.72000122070312,68.0999984741211,70.45801544189453,45.630001068115234,39.959999084472656,5.2795000076293945,41.072105407714844,129.58999633789062,62.279998779296875,51.70000076293945,56.16666793823242,38.720001220703125,266.8999938964844,51.79999923706055,90.05999755859375,52.790000915527344,34.54999923706055,26.81999969482422,91.29000091552734,81.66000366210938,84.1500015258789,21.420000076293945,192.80999755859375,178.25999450683594,23.198999404907227,28.420000076293945,51.880001068115234,67.29000091552734,70.73999786376953,120.0,33.45000076293945,109.25,230.0500030517578,47.630001068115234,143.10000610351562,110.37000274658203,106.8499984741211,68.9800033569336,70.70610809326172,46.189998626708984,40.31999969482422,5.34375,41.157493591308594,131.91000366210938,63.5,52.599998474121094,56.88999938964844,39.290000915527344,266.8999938964844,52.77000045776367,92.04000091552734,53.81999969482422,34.95000076293945,27.09000015258789,91.3499984741211,82.20999908447266,10378000,121115800,3077800,1039400,29004000,56679200,9499800,15529300,6585500,4848800,11394200,3424400,3514300,29913200,7173600,12679600,5875400,7305300,19566684,9951200,22957200,483812000,36794929,2625100,18493500,9417300,1827900,6568700,5796800,6715900,3672900,20668500,33325800,59990800,13310600,12699800
2018-11-08,63.70030975341797,21.200000762939453,154.80557250976562,162.58984375,19.655990600585938,24.091503143310547,39.879600524902344,52.467342376708984,51.763084411621094,85.29524993896484,23.257993698120117,77.64574432373047,194.99002075195312,42.16183090209961,117.97718811035156,91.47526550292969,99.32840728759766,53.19691467285156,57.1536979675293,36.938560485839844,39.44062042236328,5.101522445678711,29.21845054626465,102.67609405517578,48.174644470214844,41.6767692565918,52.77492904663086,33.008888244628906,244.01516723632812,38.95514678955078,65.23892211914062,43.326900482177734,24.55674934387207,23.705364227294922,81.98673248291016,57.64643096923828,87.7300033569336,21.200000762939453,196.02000427246094,174.99000549316406,24.024999618530273,28.8700008392334,52.810001373291016,67.77999877929688,66.91000366210938,119.36000061035156,32.720001220703125,104.8499984741211,231.64999389648438,48.9900016784668,145.3000030517578,112.37999725341797,110.0999984741211,67.69999694824219,72.02290344238281,46.43000030517578,40.439998626708984,5.149750232696533,41.603416442871094,134.24000549316406,58.04999923706055,51.58000183105469,56.633331298828125,38.70000076293945,276.6499938964844,52.93000030517578,88.69999694824219,53.15999984741211,34.310001373291016,27.3700008392334,93.22000122070312,81.70999908447266,89.70999908447266,22.079999923706055,198.27999877929688,177.36000061035156,24.261999130249023,29.1200008392334,53.66999816894531,69.0,70.30999755859375,121.87000274658203,34.2400016784668,108.94999694824219,234.05999755859375,49.290000915527344,145.7899932861328,112.93000030517578,110.94000244140625,69.7699966430664,72.22328186035156,46.849998474121094,41.43000030517578,5.285749912261963,41.93548583984375,134.75999450683594,60.150001525878906,52.59000015258789,57.003334045410156,39.060001373291016,278.0,53.25,92.7699966430664,53.599998474121094,35.185001373291016,27.520000457763672,93.55999755859375,83.75,87.0,20.969999313354492,195.27999877929688,174.1999969482422,23.270999908447266,28.43000030517578,52.619998931884766,66.8499984741211,66.66999816894531,118.95999908447266,32.54999923706055,104.72000122070312,230.60000610351562,48.459999084472656,144.0,111.0,109.01000213623047,67.29000091552734,71.2022933959961,46.20000076293945,40.34000015258789,5.095749855041504,41.24288558959961,132.49000549316406,57.599998474121094,51.470001220703125,56.08333206176758,38.689998626708984,274.70001220703125,52.27000045776367,88.05999755859375,52.86000061035156,34.185001373291016,27.040000915527344,92.87000274658203,81.54000091552734,87.12999725341797,21.770000457763672,197.5399932861328,175.3300018310547,23.270999908447266,28.5,53.0099983215332,67.94000244140625,69.76000213623047,120.6500015258789,33.650001525878906,108.7300033569336,231.0,48.4900016784668,144.30999755859375,111.01000213623047,109.48999786376953,69.62000274658203,71.45992279052734,46.33000183105469,40.66999816894531,5.284999847412109,41.6129035949707,132.57000732421875,58.0,52.209999084472656,56.34000015258789,38.790000915527344,276.0,52.310001373291016,92.36000061035156,52.900001525878906,34.90999984741211,27.1299991607666,93.0,83.12999725341797,9333200,92387600,2636600,1891400,29796000,49421200,6982900,18908100,9826900,9532400,6708200,4150100,2404800,26581700,5497100,11662500,3666300,7182500,13634690,9484100,15609300,511352000,25696520,2167100,32155200,10936000,1706100,7953700,3809100,5463800,5813300,22429200,30289800,46730100,7345600,16865500
2018-11-09,64.469970703125,21.030000686645508,152.54684448242188,163.06370544433594,19.552907943725586,23.79943084716797,40.31757354736328,50.9036979675293,51.623844146728516,85.4024429321289,23.464128494262695,78.1344985961914,187.4143524169922,41.40449142456055,118.00959777832031,90.58802032470703,101.23197174072266,52.78831481933594,56.68422317504883,36.381656646728516,38.14347839355469,5.093597412109375,29.504972457885742,102.66842651367188,47.0709114074707,40.72333526611328,51.768516540527344,32.47153091430664,243.9270477294922,39.11707305908203,64.41515350341797,43.22909164428711,24.5137996673584,23.488840103149414,81.74925994873047,57.6322135925293,88.79000091552734,21.030000686645508,193.16000366210938,175.5,23.89900016784668,28.520000457763672,53.38999938964844,65.76000213623047,66.7300033569336,119.51000213623047,33.0099983215332,105.51000213623047,222.64999389648438,48.11000061035156,145.33999633789062,111.29000091552734,112.20999908447266,67.18000030517578,71.4312973022461,45.72999954223633,39.11000061035156,5.141749858856201,42.01138687133789,134.22999572753906,56.720001220703125,50.400001525878906,55.5533332824707,38.06999969482422,276.54998779296875,53.150001525878906,87.58000183105469,53.040000915527344,34.25,27.1200008392334,92.94999694824219,80.87000274658203,89.52999877929688,21.190000534057617,196.91000366210938,175.86000061035156,23.902000427246094,28.889999389648438,53.619998931884766,67.48999786376953,67.20999908447266,120.37000274658203,33.2400016784668,106.22000122070312,231.69000244140625,49.029998779296875,145.74000549316406,112.36000061035156,112.54000091552734,67.66000366210938,72.5095443725586,46.439998626708984,39.9900016784668,5.232999801635742,42.32447814941406,135.58999633789062,58.2400016784668,51.290000915527344,56.043331146240234,38.38999938964844,278.0,53.43000030517578,88.2699966430664,53.38999938964844,34.470001220703125,27.3799991607666,93.26000213623047,81.4000015258789,87.55999755859375,20.110000610351562,192.17999267578125,171.75,23.253999710083008,28.3799991607666,52.599998474121094,65.18000030517578,64.79000091552734,117.37000274658203,31.709999084472656,102.5,222.3000030517578,47.869998931884766,144.3800048828125,110.83000183105469,109.69999694824219,66.08000183105469,71.3740463256836,45.650001525878906,38.40999984741211,5.026000022888184,41.48007583618164,133.7899932861328,56.189998626708984,50.0,55.06999969482422,37.810001373291016,274.19000244140625,52.75,86.4800033569336,52.72999954223633,33.66999816894531,26.979999542236328,92.5,79.69000244140625,87.83000183105469,20.770000457763672,195.3699951171875,172.5500030517578,23.5,28.75,52.79999923706055,67.19999694824219,65.7300033569336,118.22000122070312,32.060001373291016,103.08999633789062,231.69000244140625,48.790000915527344,145.0399932861328,112.2300033569336,110.41999816894531,67.16999816894531,72.385498046875,46.36000061035156,39.88999938964844,5.059999942779541,41.48007583618164,134.08999633789062,57.779998779296875,50.70000076293945,55.9900016784668,38.09000015258789,276.8599853515625,52.810001373291016,87.75,53.09000015258789,33.85499954223633,27.299999237060547,93.11000061035156,80.26000213623047,9169800,85900700,2344900,1748000,33611000,43270600,8107400,27125800,9190700,6565700,7897200,3486000,3721700,21761400,5343100,10432200,5054400,6340500,15359802,10017900,26102800,413240000,26042654,2323400,21745200,13347100,1690200,5975400,2904300,5530100,4760400,18972200,45835600,47051200,8486500,15070100
2018-11-12,65.1234359741211,19.030000686645508,151.28329467773438,157.02430725097656,18.296236038208008,23.156877517700195,39.9098014831543,49.703861236572266,50.393775939941406,83.8874740600586,22.426340103149414,74.97981262207031,173.44143676757812,40.147987365722656,118.23699951171875,88.68329620361328,102.12510681152344,51.78252410888672,56.555511474609375,35.10873031616211,36.51474380493164,4.694125175476074,29.391695022583008,101.55172729492188,45.220272064208984,39.95574188232422,49.45746612548828,31.61007308959961,240.24896240234375,38.947792053222656,63.23100662231445,42.66672134399414,24.005634307861328,23.021141052246094,80.6410903930664,56.89104080200195,89.69000244140625,19.030000686645508,191.55999755859375,169.0,22.363000869750977,27.75,52.849998474121094,64.20999908447266,65.13999938964844,117.38999938964844,31.549999237060547,101.25,206.0500030517578,46.650001525878906,145.6199951171875,108.94999694824219,113.19999694824219,65.9000015258789,71.26908111572266,44.130001068115234,37.439998626708984,4.738500118255615,41.850093841552734,132.77000427246094,54.4900016784668,49.45000076293945,53.073333740234375,37.060001373291016,272.3800048828125,52.91999816894531,85.97000122070312,52.349998474121094,33.540000915527344,26.579999923706055,91.69000244140625,79.83000183105469,89.88999938964844,20.850000381469727,194.72000122070312,170.27999877929688,23.187000274658203,28.520000457763672,53.529998779296875,65.9800033569336,68.06999969482422,121.37000274658203,33.4900016784668,106.94999694824219,222.30999755859375,47.79999923706055,146.24000549316406,111.94000244140625,114.70999908447266,67.91999816894531,71.82251739501953,45.849998474121094,38.529998779296875,5.071750164031982,42.26755142211914,134.77000427246094,56.5,50.95000076293945,54.71666717529297,37.91999816894531,277.7900085449219,53.439998626708984,88.2300033569336,53.58000183105469,34.630001068115234,27.18000030517578,92.94999694824219,81.7300033569336,88.5,18.799999237060547,190.47999572753906,167.0500030517578,22.027999877929688,27.639999389648438,52.70000076293945,64.06999969482422,65.13999938964844,117.16999816894531,31.5,101.02999877929688,205.1300048828125,46.599998474121094,144.72999572753906,108.5999984741211,112.26000213623047,65.7699966430664,70.63931274414062,43.91999816894531,36.84000015258789,4.7164998054504395,41.65085220336914,132.64999389648438,54.43000030517578,49.349998474121094,52.9033317565918,37.0099983215332,272.0,52.79999923706055,85.76000213623047,52.279998779296875,33.470001220703125,26.530000686645508,91.4800033569336,79.7300033569336,88.75,20.68000030517578,193.64999389648438,170.1300048828125,23.100000381469727,28.3799991607666,53.36000061035156,65.55999755859375,67.58999633789062,120.9000015258789,33.4900016784668,106.83999633789062,222.0,47.709999084472656,144.99000549316406,111.41999816894531,112.26000213623047,67.68000030517578,71.68893432617188,45.52000045776367,38.2400016784668,5.049499988555908,42.01138687133789,134.1999969482422,56.369998931884766,50.939998626708984,54.606666564941406,37.86000061035156,276.0,53.150001525878906,87.86000061035156,53.130001068115234,34.48500061035156,27.059999465942383,92.80999755859375,81.66000366210938,9344700,95948200,2109100,2888200,50306000,50307500,6259800,16424200,6766600,10550800,6717700,3267000,11019400,24412800,7013600,13279700,5078900,4588800,14679022,14302000,24822400,617116000,21853847,3674700,24447800,10256900,2249100,11666700,3140600,7060100,3901000,19003300,36083200,47135500,8423200,11906600
2018-11-13,64.05608367919922,19.610000610351562,151.275390625,158.78041076660156,18.394412994384766,23.16522979736328,39.713462829589844,50.14509963989258,49.29523849487305,82.4297103881836,21.964303970336914,72.95812225341797,172.5996551513672,40.78483963012695,117.47376251220703,89.20425415039062,101.39437866210938,50.42312240600586,56.494937896728516,35.54629898071289,36.91461944580078,4.936087608337402,28.998558044433594,103.70866394042969,44.9464225769043,38.250850677490234,50.13774490356445,31.90005874633789,237.46170043945312,39.51448059082031,61.465789794921875,42.98458480834961,23.45452117919922,23.151060104370117,80.07823181152344,55.58687973022461,88.22000122070312,19.610000610351562,191.5500030517578,170.88999938964844,22.482999801635742,27.760000228881836,52.59000015258789,64.77999877929688,63.720001220703125,115.3499984741211,30.899999618530273,98.5199966430664,205.0500030517578,47.38999938964844,144.67999267578125,109.58999633789062,112.38999938964844,64.16999816894531,71.1927490234375,44.68000030517578,37.849998474121094,4.982749938964844,41.290321350097656,135.58999633789062,54.15999984741211,47.34000015258789,53.8033332824707,37.400001525878906,269.2200012207031,53.689998626708984,83.56999969482422,52.7400016784668,32.77000045776367,26.729999542236328,91.05000305175781,78.0,90.87999725341797,20.020000457763672,194.82000732421875,173.69000244140625,22.98200035095215,28.139999389648438,53.31999969482422,65.44000244140625,65.58000183105469,117.87999725341797,32.189998626708984,102.41000366210938,209.58999633789062,48.25,146.75,111.12000274658203,114.25,66.2300033569336,71.82251739501953,45.130001068115234,38.7400016784668,5.105249881744385,42.18216323852539,135.83999633789062,55.4900016784668,49.369998931884766,54.87333297729492,38.119998931884766,273.6000061035156,53.970001220703125,86.02999877929688,53.33000183105469,33.625,26.989999771118164,92.37000274658203,79.8499984741211,88.19999694824219,18.969999313354492,191.02999877929688,169.49000549316406,22.23200035095215,27.690000534057617,52.29999923706055,64.31999969482422,62.599998474121094,115.04000091552734,30.829999923706055,98.08000183105469,202.3300018310547,46.9900016784668,143.4199981689453,109.0999984741211,111.83000183105469,63.650001525878906,70.62023162841797,43.43000030517578,37.439998626708984,4.830999851226807,41.129032135009766,132.55999755859375,54.04999923706055,47.25,53.51333236694336,37.2400016784668,268.1400146484375,52.95000076293945,83.13999938964844,52.619998931884766,32.595001220703125,26.600000381469727,90.77999877929688,77.63999938964844,90.0,19.280000686645508,192.91000366210938,169.8300018310547,22.548999786376953,27.75,53.02000045776367,64.37999725341797,64.77999877929688,117.30000305175781,31.3700008392334,101.22000122070312,204.39999389648438,46.9900016784668,146.19000244140625,109.0999984741211,114.25,65.5,71.77481079101562,43.61000061035156,37.65999984741211,4.837250232696533,42.05882263183594,132.82000732421875,54.7400016784668,49.349998474121094,53.51333236694336,37.38999938964844,272.5799865722656,52.970001220703125,85.5199966430664,52.619998931884766,33.44499969482422,26.6200008392334,92.0,79.80000305175781,7237200,76126000,2232200,1433100,26697000,57423400,4586600,14121300,11213800,6846200,7976400,5175700,6984800,29315900,7432300,13746100,4239700,8936000,16587430,12346100,25870500,644712000,20159015,4139000,20883800,19044100,2411100,15057100,2516900,8138100,4393100,28102000,65463800,69820600,14227000,15530200
2018-11-14,64.12142181396484,20.809999465942383,150.33558654785156,160.49000549316406,18.50649642944336,22.706256866455078,39.713462829589844,49.154273986816406,49.60468673706055,82.694091796875,21.708406448364258,72.6248779296875,170.44479370117188,40.52665328979492,117.12460327148438,87.36463928222656,99.56553649902344,50.16382598876953,56.1011848449707,34.88597106933594,37.09016418457031,4.883584022521973,28.59210968017578,102.59193420410156,44.763832092285156,38.63060760498047,50.358280181884766,32.275360107421875,233.70419311523438,39.74264144897461,60.56114959716797,42.50370407104492,23.415157318115234,22.83926773071289,79.43621063232422,55.152164459228516,88.30999755859375,20.809999465942383,190.36000061035156,172.72999572753906,22.6200008392334,27.209999084472656,52.59000015258789,63.5,64.12000274658203,115.72000122070312,30.540000915527344,98.06999969482422,202.49000549316406,47.09000015258789,144.25,107.33000183105469,109.80999755859375,63.84000015258789,70.69656372070312,43.849998474121094,38.029998779296875,4.929749965667725,40.71157455444336,134.1300048828125,53.939998626708984,47.810001373291016,54.040000915527344,37.84000015258789,264.9599914550781,54.0,82.33999633789062,52.150001525878906,32.71500015258789,26.3700008392334,90.31999969482422,77.38999938964844,89.4000015258789,21.110000610351562,193.39999389648438,174.5800018310547,23.05299949645996,28.100000381469727,52.939998626708984,65.79000091552734,66.01000213623047,117.79000091552734,31.959999084472656,101.0999984741211,207.33999633789062,47.970001220703125,145.30999755859375,110.70999908447266,112.6500015258789,65.86000061035156,71.52671813964844,46.75,38.970001220703125,5.171999931335449,41.603416442871094,137.1300048828125,54.88999938964844,48.880001068115234,54.81999969482422,38.34000015258789,270.5199890136719,54.540000915527344,85.01000213623047,53.290000915527344,33.404998779296875,26.979999542236328,91.62000274658203,79.08999633789062,86.44999694824219,19.760000228881836,189.66000366210938,172.02999877929688,22.562000274658203,26.780000686645508,52.279998779296875,62.84000015258789,63.52000045776367,114.94000244140625,30.280000686645508,97.23999786376953,198.44000244140625,46.88999938964844,143.55999755859375,105.9800033569336,109.73999786376953,63.16999816894531,70.30534362792969,43.04999923706055,37.61000061035156,4.8207502365112305,40.52182388305664,132.19000244140625,53.66999816894531,47.349998474121094,53.52333450317383,37.369998931884766,263.3500061035156,53.2599983215332,81.25,51.4900016784668,32.415000915527344,26.079999923706055,89.88999938964844,76.75,89.05000305175781,20.18000030517578,192.02999877929688,173.58999633789062,22.676000595092773,27.950000762939453,52.88999938964844,65.38999938964844,64.81999969482422,116.87999725341797,31.729999542236328,100.75,206.24000549316406,47.849998474121094,145.02000427246094,110.2300033569336,112.36000061035156,65.27999877929688,71.51717376708984,45.09000015258789,38.619998931884766,5.15749979019165,41.518028259277344,136.0,54.84000015258789,48.209999084472656,54.30666732788086,38.20000076293945,269.2900085449219,53.9900016784668,84.3499984741211,53.13999938964844,33.279998779296875,26.940000534057617,91.61000061035156,78.86000061035156,7268200,106344300,2850300,1166700,25411000,69213300,6382400,19754600,9708500,6783500,7793500,4669900,5742500,25632700,6433100,18361400,5392800,6395600,9936193,13265200,23706400,526580000,28398871,3314600,14071900,17285400,3722100,10404900,3511900,13371700,5663100,24788400,45084200,104274200,11664000,18552100
2018-11-15,65.4501953125,21.489999771118164,153.04739379882812,164.26231384277344,19.336095809936523,23.282052993774414,40.22697448730469,50.00575637817383,50.44792938232422,84.38982391357422,21.76527214050293,75.2315902709961,171.49697875976562,41.40449142456055,117.32762145996094,89.59496307373047,101.7325668334961,51.35820388793945,56.66908264160156,35.24397659301758,38.923709869384766,5.01236629486084,28.791994094848633,104.5500259399414,45.967166900634766,38.84878158569336,52.06049728393555,32.855369567871094,233.68658447265625,40.2283821105957,61.2451286315918,43.049774169921875,23.758708953857422,23.177034378051758,80.13978576660156,55.722293853759766,90.13999938964844,21.489999771118164,192.4499969482422,176.7899932861328,23.634000778198242,27.899999618530273,53.27000045776367,64.5999984741211,65.20999908447266,116.94999694824219,30.6200008392334,101.58999633789062,203.74000549316406,48.11000061035156,144.5,110.06999969482422,112.19999694824219,65.36000061035156,71.41221618652344,44.29999923706055,39.90999984741211,5.059750080108643,40.9962043762207,136.69000244140625,55.38999938964844,48.08000183105469,55.866668701171875,38.52000045776367,264.94000244140625,54.65999984741211,83.2699966430664,52.81999969482422,33.19499969482422,26.760000228881836,91.12000274658203,78.19000244140625,90.29000091552734,21.770000457763672,192.6300048828125,176.8000030517578,23.930999755859375,27.969999313354492,53.349998474121094,64.72000122070312,65.29000091552734,117.08000183105469,30.81999969482422,101.95999908447266,204.5,48.2400016784668,144.50999450683594,110.08000183105469,112.2300033569336,65.5999984741211,71.44084167480469,44.470001220703125,40.16999816894531,5.132500171661377,41.16698455810547,136.72999572753906,55.540000915527344,48.380001068115234,56.063331604003906,38.56999969482422,265.9200134277344,54.790000915527344,83.48999786376953,52.90999984741211,33.23500061035156,26.780000686645508,91.2300033569336,78.19000244140625,85.95999908447266,20.420000076293945,187.1199951171875,168.9600067138672,22.586000442504883,26.8799991607666,51.709999084472656,62.34000015258789,63.25,112.72000122070312,29.90999984741211,96.80999755859375,199.32000732421875,46.720001220703125,142.47999572753906,106.80999755859375,108.54000091552734,63.2599983215332,69.78053283691406,43.099998474121094,37.619998931884766,4.887499809265137,40.180267333984375,132.1999969482422,53.529998779296875,47.06999969482422,53.74333190917969,37.88999938964844,260.8500061035156,53.09000015258789,80.87999725341797,51.279998779296875,32.505001068115234,26.030000686645508,88.83000183105469,75.91000366210938,87.62999725341797,20.719999313354492,188.33999633789062,169.4600067138672,22.621999740600586,27.139999389648438,52.150001525878906,62.970001220703125,63.58000183105469,113.66000366210938,30.389999389648438,97.91000366210938,201.8000030517578,47.0099983215332,143.41000366210938,108.23999786376953,109.18000030517578,63.59000015258789,70.13359069824219,43.349998474121094,37.95000076293945,4.923749923706055,40.512332916259766,133.49000549316406,53.83000183105469,47.61000061035156,53.75666809082031,38.06999969482422,264.0,53.290000915527344,81.58999633789062,51.540000915527344,32.505001068115234,26.190000534057617,89.68000030517578,76.66999816894531,10365700,97715500,2607100,2028800,36694000,66174800,7628100,19202300,7782600,7218100,10229800,4217600,4260000,29581000,6657900,19100000,4796800,6149600,12549171,14057400,30046100,840708000,25936305,2752900,18856300,16015200,4985100,10840400,3657600,9758900,4288100,23220100,40613600,93998000,15563900,18976000
2018-11-16,66.45942687988281,20.65999984741211,154.4232177734375,157.01502990722656,19.440004348754883,23.156877517700195,40.83108139038086,50.27667999267578,51.15193557739258,85.91238403320312,21.011802673339844,77.90495300292969,170.13331604003906,42.02413558959961,118.53743743896484,89.52983093261719,103.21053314208984,51.42106246948242,57.59288024902344,35.10873031616211,38.46532440185547,4.072253704071045,28.991901397705078,104.32054901123047,46.37380599975586,38.96188735961914,51.433040618896484,31.44800567626953,239.12867736816406,40.41973114013672,61.74528503417969,43.147586822509766,24.04141616821289,23.203027725219727,80.94893646240234,56.271026611328125,91.52999877929688,20.65999984741211,194.17999267578125,168.99000549316406,23.76099967956543,27.75,54.06999969482422,64.94999694824219,66.12000274658203,119.05999755859375,29.559999465942383,105.19999694824219,202.1199951171875,48.83000183105469,145.99000549316406,109.98999786376953,113.83000183105469,65.44000244140625,72.57633972167969,44.130001068115234,39.439998626708984,4.110750198364258,41.28083419799805,136.38999938964844,55.880001068115234,48.220001220703125,55.19333267211914,36.869998931884766,271.1099853515625,54.91999816894531,83.94999694824219,52.939998626708984,33.59000015258789,26.790000915527344,92.04000091552734,78.95999908447266,92.0,20.969999313354492,195.24000549316406,171.0399932861328,23.920000076293945,27.889999389648438,54.810001373291016,64.97000122070312,66.44000244140625,119.2699966430664,30.940000534057617,105.58999633789062,204.74000549316406,49.04999923706055,146.74000549316406,110.76000213623047,114.30000305175781,66.38999938964844,72.75763702392578,44.34000015258789,39.709999084472656,4.266499996185303,41.53700256347656,137.47000122070312,57.040000915527344,48.75,55.44333267211914,37.20000076293945,271.79998779296875,55.209999084472656,84.48999786376953,53.18000030517578,33.70500183105469,26.90999984741211,92.4800033569336,79.19000244140625,89.19999694824219,19.719999313354492,191.69000244140625,167.88999938964844,23.165000915527344,27.420000076293945,53.43000030517578,64.0199966430664,65.37999725341797,117.2699966430664,28.940000534057617,102.69999694824219,200.35000610351562,47.689998626708984,144.5500030517578,108.55000305175781,111.66999816894531,64.97000122070312,71.135498046875,43.470001220703125,38.33000183105469,4.040249824523926,40.71157455444336,135.6199951171875,54.9900016784668,47.72999954223633,53.83333206176758,36.65999984741211,264.9200134277344,54.34000015258789,83.02999877929688,52.47999954223633,33.23500061035156,26.469999313354492,90.91000366210938,78.0999984741211,89.7300033569336,19.8700008392334,192.36000061035156,170.08999633789062,23.381999969482422,27.690000534057617,53.59000015258789,64.48999786376953,65.58999633789062,117.5,30.610000610351562,103.0,202.92999267578125,47.77000045776367,144.7100067138672,109.44999694824219,111.68000030517578,65.72000122070312,71.3167953491211,43.9900016784668,38.45000076293945,4.083000183105469,40.891841888427734,135.8800048828125,55.119998931884766,48.279998779296875,53.84000015258789,37.06999969482422,264.989990234375,54.400001525878906,83.38999938964844,52.650001525878906,33.400001525878906,26.6200008392334,90.95999908447266,78.37000274658203,8691100,112376600,3862300,3096800,36005000,52456100,10125900,15995200,7993600,6706900,17938000,6065000,2829600,31670600,8494300,13798600,4766400,6373700,14384010,9775000,25445700,1963520000,24604576,2456300,57303300,11775800,4494300,16382400,3857800,9335200,3448100,18872500,39511000,80518300,11323200,13704900
2018-11-19,64.9709701538086,19.110000610351562,155.00375366210938,151.9976806640625,18.746213912963867,23.156877517700195,40.38554763793945,50.0212287902832,51.39948654174805,86.17213439941406,21.054454803466797,78.28260040283203,166.85052490234375,41.309818267822266,119.95018768310547,90.21356964111328,105.00576782226562,49.82594299316406,57.812461853027344,35.331485748291016,35.919830322265625,3.583622455596924,29.438339233398438,103.4868392944336,45.560516357421875,39.03461456298828,49.46678924560547,30.74859619140625,234.6656036376953,40.47861862182617,59.918514251708984,43.457298278808594,24.034269332885742,23.194360733032227,79.919921875,56.45632553100586,89.4800033569336,19.110000610351562,194.91000366210938,163.58999633789062,22.913000106811523,27.75,53.47999954223633,64.62000274658203,66.44000244140625,119.41999816894531,29.6200008392334,105.70999908447266,198.22000122070312,48.0,147.72999572753906,110.83000183105469,115.80999755859375,63.40999984741211,72.8530502319336,44.40999984741211,36.83000183105469,3.617500066757202,41.916507720947266,135.3000030517578,54.900001525878906,48.310001373291016,53.08333206176758,36.04999923706055,266.04998779296875,55.0,80.69000244140625,53.31999969482422,33.58000183105469,26.780000686645508,90.87000274658203,79.22000122070312,92.33999633789062,20.59000015258789,196.77000427246094,168.5399932861328,24.107999801635742,28.020000457763672,54.130001068115234,65.54000091552734,66.7300033569336,119.4800033569336,30.059999465942383,106.12999725341797,202.3000030517578,49.150001525878906,148.44000244140625,111.19999694824219,116.0999984741211,65.5,73.10114288330078,44.790000915527344,39.31999969482422,4.045499801635742,42.00189971923828,136.88999938964844,56.619998931884766,49.18000030517578,55.08000183105469,36.68000030517578,272.2699890136719,55.310001373291016,82.86000061035156,53.47999954223633,33.71500015258789,26.899999618530273,92.19000244140625,79.36000061035156,89.11000061035156,19.09000015258789,192.8699951171875,163.38999938964844,22.854000091552734,27.540000915527344,52.9900016784668,64.19999694824219,65.02999877929688,117.9000015258789,29.149999618530273,103.61000061035156,197.35000610351562,47.779998779296875,146.3699951171875,109.52999877929688,113.0,62.59000015258789,72.12786102294922,44.040000915527344,36.66999816894531,3.6157500743865967,41.28083419799805,133.94000244140625,54.869998931884766,47.869998931884766,53.029998779296875,35.959999084472656,264.17999267578125,54.630001068115234,79.52999877929688,52.599998474121094,33.279998779296875,26.540000915527344,90.47000122070312,78.43000030517578,91.29000091552734,20.399999618530273,194.9199981689453,168.25,23.652999877929688,27.780000686645508,53.959999084472656,65.08000183105469,65.37000274658203,118.13999938964844,29.399999618530273,103.98999786376953,201.8300018310547,48.61000061035156,146.42999267578125,109.95999908447266,113.0,65.08999633789062,72.72901153564453,44.16999816894531,39.20000076293945,4.044750213623047,41.38520050048828,135.6999969482422,55.849998474121094,47.970001220703125,54.91999816894531,36.63999938964844,271.4800109863281,54.970001220703125,82.66999816894531,52.970001220703125,33.3849983215332,26.770000457763672,92.12999725341797,78.45999908447266,5971700,93578200,2629900,1476500,35326000,46000000,11082700,12227400,7793900,5328300,7778000,4309300,3419100,26859000,8714600,13987000,4869800,6337700,17210675,9856700,31039100,1697820000,23671575,3082800,20321400,9449600,2579100,15191700,3670800,8109600,4040800,20215500,31167600,65491300,8821000,9430800
2018-11-20,63.961666107177734,19.209999084472656,156.22052001953125,149.8978271484375,18.630033493041992,22.848127365112305,40.415748596191406,48.40340042114258,49.504119873046875,83.77648162841797,19.50486946105957,75.80181121826172,161.05934143066406,40.78483963012695,118.91091918945312,88.27630615234375,104.01749420166016,48.9869384765625,56.6236572265625,34.28928756713867,35.22737121582031,3.6920969486236572,29.005218505859375,101.78884887695312,45.577110290527344,37.89532470703125,49.52891159057617,30.398881912231445,230.65235900878906,39.82359313964844,58.37398147583008,42.82157516479492,23.24696159362793,22.683359146118164,79.1723403930664,54.85284423828125,88.08999633789062,19.209999084472656,196.44000244140625,161.3300018310547,22.770999908447266,27.3799991607666,53.52000045776367,62.529998779296875,63.9900016784668,116.0999984741211,27.440000534057617,102.36000061035156,191.33999633789062,47.38999938964844,146.4499969482422,108.44999694824219,114.72000122070312,61.88999938964844,71.35496520996094,43.099998474121094,36.119998931884766,3.7269999980926514,41.299808502197266,133.0800018310547,54.91999816894531,46.900001525878906,53.150001525878906,35.63999938964844,261.5,54.11000061035156,78.61000061035156,52.540000915527344,32.47999954223633,26.190000534057617,90.0199966430664,76.97000122070312,89.70999908447266,19.579999923706055,198.67999267578125,163.08999633789062,22.908000946044922,27.56999969482422,53.810001373291016,64.01000213623047,65.55999755859375,119.5,28.989999771118164,103.97000122070312,195.88999938964844,48.119998931884766,148.75,110.48999786376953,116.19999694824219,63.06999969482422,72.86259460449219,44.0099983215332,36.9900016784668,3.8564999103546143,42.11574935913086,135.10000610351562,55.43000030517578,47.70000076293945,53.836666107177734,35.9900016784668,266.7799987792969,55.349998474121094,80.69999694824219,53.2400016784668,33.220001220703125,26.579999923706055,90.97000122070312,78.9000015258789,87.86000061035156,17.18000030517578,192.75999450683594,156.5800018310547,22.257999420166016,26.969999313354492,52.900001525878906,62.150001525878906,63.220001220703125,115.04000091552734,27.059999465942383,101.37000274658203,190.35000610351562,47.09000015258789,146.35000610351562,107.9800033569336,114.31999969482422,60.63999938964844,71.23091888427734,42.540000915527344,34.04999923706055,3.332750082015991,41.17647171020508,132.1999969482422,54.06999969482422,46.34000015258789,51.50666809082031,35.220001220703125,260.3999938964844,53.86000061035156,78.0,52.36000061035156,32.22999954223633,26.110000610351562,89.80999755859375,76.37000274658203,89.0,17.399999618530273,196.32000732421875,157.0399932861328,22.393999099731445,27.420000076293945,53.0099983215332,63.81999969482422,65.55999755859375,119.23999786376953,28.84000015258789,103.44999694824219,195.10000610351562,47.400001525878906,147.5,109.77999877929688,114.87999725341797,61.59000015258789,72.52862548828125,43.88999938964844,34.099998474121094,3.3515000343322754,41.755218505859375,134.32000732421875,54.20000076293945,47.5099983215332,51.56666564941406,35.400001525878906,265.6199951171875,54.939998626708984,79.37999725341797,53.04999923706055,33.13999938964844,26.469999313354492,90.30000305175781,78.41999816894531,5372900,109869400,3288800,2125600,32123000,92330600,12617900,21024000,7453900,7983500,11635100,5704300,5513800,29200800,8937700,18936200,4877300,7603000,14240014,16035600,38728600,1692032000,22968557,2656600,20658300,12276800,3124200,11673500,3617700,9495600,5786600,22999200,52648800,103778300,11604300,15533700
2018-11-21,62.55308151245117,18.729999542236328,153.30194091796875,152.2950439453125,18.81739044189453,22.756330490112305,40.17410659790039,48.666595458984375,50.65680694580078,84.83719635009766,20.279661178588867,78.49736022949219,162.1199188232422,40.47500991821289,115.28958129882812,87.61698150634766,101.75977325439453,50.44333267211914,56.631221771240234,34.790496826171875,35.48094940185547,3.5838699340820312,28.718706130981445,101.50582885742188,45.867576599121094,38.493255615234375,49.73392105102539,30.85094451904297,229.81434631347656,39.50713348388672,58.81209945678711,42.7319221496582,23.611988067626953,22.700685501098633,78.72380065917969,55.2733154296875,86.1500015258789,18.729999542236328,192.77000427246094,163.91000366210938,23.0,27.270000457763672,53.20000076293945,62.869998931884766,65.4800033569336,117.56999969482422,28.530000686645508,106.0,192.60000610351562,47.029998779296875,141.99000549316406,107.63999938964844,112.2300033569336,63.72999954223633,71.364501953125,43.72999954223633,36.380001068115234,3.6177499294281006,40.891841888427734,132.7100067138672,55.27000045776367,47.63999938964844,53.369998931884766,36.16999816894531,260.54998779296875,53.68000030517578,79.19999694824219,52.43000030517578,32.9900016784668,26.209999084472656,89.51000213623047,77.55999755859375,88.77999877929688,20.309999465942383,197.5500030517578,166.5,23.33099937438965,27.760000228881836,53.880001068115234,63.83000183105469,66.1500015258789,119.19000244140625,28.950000762939453,107.56999969482422,195.24000549316406,47.880001068115234,146.22999572753906,109.61000061035156,114.27999877929688,64.2699966430664,71.63167572021484,44.22999954223633,37.220001220703125,3.882499933242798,41.27134704589844,134.6300048828125,56.5,48.0,54.15666580200195,36.720001220703125,264.6300048828125,54.560001373291016,80.63999938964844,53.20000076293945,33.34000015258789,26.59000015258789,90.31999969482422,78.37999725341797,85.37000274658203,18.5,192.61000061035156,163.89999389648438,22.750999450683594,27.25,52.95000076293945,62.66999816894531,64.22000122070312,116.68000030517578,27.719999313354492,103.2300033569336,191.19000244140625,47.02000045776367,140.77999877929688,107.63999938964844,112.12999725341797,62.0099983215332,70.78244018554688,43.150001525878906,36.369998931884766,3.590250015258789,40.5787467956543,131.7100067138672,55.18000030517578,47.189998626708984,53.349998474121094,36.13999938964844,260.45001220703125,53.650001525878906,78.48999786376953,52.27000045776367,32.65999984741211,26.1299991607666,89.48999786376953,77.26000213623047,88.5,20.049999237060547,195.1699981689453,164.3000030517578,23.02199935913086,27.59000015258789,53.79999923706055,62.7599983215332,64.41000366210938,116.68000030517578,27.739999771118164,103.29000091552734,192.08999633789062,47.849998474121094,146.22999572753906,109.02999877929688,114.27999877929688,62.2599983215332,71.4885482788086,43.290000915527344,37.0,3.865499973297119,41.27134704589844,133.55999755859375,55.209999084472656,47.599998474121094,53.74333190917969,36.41999816894531,262.5899963378906,54.220001220703125,78.94000244140625,52.619998931884766,32.73500061035156,26.34000015258789,90.30999755859375,77.43000030517578,6532500,81585600,2173600,1074000,19926000,40364400,6934600,12380200,6392600,5624400,6299100,5253400,4111700,19011400,10275400,10619600,3619700,6438600,9489116,7961900,22728400,1025496000,19665848,1330100,13015500,9262500,2259900,7013100,3234300,5830500,4244000,16946300,34661800,48618000,9345100,9685300
2018-11-23,62.175479888916016,19.3799991607666,153.1428680419922,152.062744140625,18.809213638305664,22.50598907470703,39.970211029052734,47.79961013793945,49.35712814331055,81.97249603271484,19.12813949584961,74.5724868774414,159.173828125,40.053314208984375,115.48445892333984,86.81114959716797,102.34007263183594,48.86029052734375,56.54035186767578,34.273380279541016,35.500450134277344,3.5910520553588867,28.745361328125,101.4369888305664,45.85097122192383,37.46708679199219,49.76188278198242,30.671825408935547,230.75820922851562,39.38936996459961,57.20070266723633,42.24290084838867,22.871200561523438,22.518798828125,78.838134765625,53.79812240600586,85.62999725341797,19.3799991607666,192.57000732421875,163.66000366210938,22.989999771118164,26.969999313354492,52.93000030517578,61.75,63.79999923706055,113.5999984741211,26.90999984741211,100.69999694824219,189.10000610351562,46.540000915527344,142.22999572753906,106.6500015258789,112.87000274658203,61.72999954223633,71.25,43.08000183105469,36.400001525878906,3.625,40.92979049682617,132.6199951171875,55.25,46.369998931884766,53.400001525878906,35.959999084472656,261.6199951171875,53.52000045776367,77.02999877929688,51.83000183105469,31.954999923706055,26.0,89.63999938964844,75.48999786376953,86.55000305175781,19.829999923706055,194.47999572753906,164.52999877929688,23.268999099731445,27.170000076293945,53.439998626708984,62.439998626708984,63.93000030517578,115.22000122070312,27.780000686645508,102.20999908447266,191.8699951171875,47.06999969482422,142.72999572753906,107.38999938964844,113.80999755859375,63.099998474121094,71.85114288330078,43.61000061035156,37.5,3.7397499084472656,41.31878662109375,133.75,55.75,46.61000061035156,53.81666564941406,36.20000076293945,262.94000244140625,53.959999084472656,78.29000091552734,52.290000915527344,32.28499984741211,26.219999313354492,90.18000030517578,76.19999694824219,84.9000015258789,18.559999465942383,190.77000427246094,162.1199951171875,22.757999420166016,26.8799991607666,52.68000030517578,61.720001220703125,62.40999984741211,112.11000061035156,26.799999237060547,99.37999725341797,188.94000244140625,46.52000045776367,141.60000610351562,106.05999755859375,111.4000015258789,61.70000076293945,70.62023162841797,43.04999923706055,35.91999816894531,3.5697500705718994,40.60721206665039,131.14999389648438,54.75,45.79999923706055,52.93000030517578,35.75,258.2799987792969,53.119998931884766,77.0,51.61000061035156,31.719999313354492,25.93000030517578,88.9800033569336,74.69999694824219,85.5999984741211,18.610000610351562,191.25,162.1199951171875,22.757999420166016,27.079999923706055,52.97999954223633,62.33000183105469,62.880001068115234,114.69999694824219,27.3700008392334,101.62999725341797,191.61000061035156,46.689998626708984,141.85000610351562,106.73999786376953,111.86000061035156,62.529998779296875,70.73473358154297,43.279998779296875,35.93000030517578,3.582750082015991,40.74952697753906,131.9199981689453,54.77000045776367,46.20000076293945,52.96333312988281,35.83000183105469,260.0,53.29999923706055,78.08999633789062,51.970001220703125,32.16999816894531,26.06999969482422,89.02999877929688,76.05000305175781,1612800,54611300,1349200,742800,8066000,22974100,2328100,7316500,5361000,5577800,5545600,3373700,1862600,8906900,3404900,6488400,1897000,2695000,3690846,4822400,11257800,411968000,8844009,568100,4671900,8001400,1488000,2320500,1159300,2243300,2105200,11139400,28843600,24252300,3939500,10875400
2018-11-26,62.61840057373047,20.079999923706055,154.51864624023438,155.56556701660156,19.25182342529297,22.99833106994629,39.81917953491211,49.33229064941406,50.05337905883789,82.96829223632812,19.284513473510742,75.93508911132812,163.58456420898438,40.83647918701172,115.51715850830078,88.93562316894531,101.8957748413086,50.79951095581055,57.123409271240234,35.22806167602539,35.666255950927734,3.7904176712036133,28.878631591796875,103.67808532714844,46.24931716918945,37.67717361450195,50.662696838378906,31.422414779663086,234.76258850097656,39.86040496826172,58.50021743774414,43.09868240356445,23.21474838256836,22.97783660888672,79.6032943725586,54.8599853515625,86.23999786376953,20.079999923706055,194.3000030517578,167.42999267578125,23.5310001373291,27.559999465942383,52.72999954223633,63.72999954223633,64.69999694824219,114.9800033569336,27.1299991607666,102.54000091552734,194.33999633789062,47.45000076293945,141.3699951171875,109.26000213623047,112.37999725341797,64.18000030517578,71.98473358154297,44.279998779296875,36.56999969482422,3.8262500762939453,41.119544982910156,135.5500030517578,55.72999954223633,46.630001068115234,54.366668701171875,36.84000015258789,266.1600036621094,54.15999984741211,78.77999877929688,52.880001068115234,32.435001373291016,26.530000686645508,90.51000213623047,76.9800033569336,87.25,20.190000534057617,196.30999755859375,167.66000366210938,23.815000534057617,27.729999542236328,53.470001220703125,63.91999816894531,65.5999984741211,115.44000244140625,27.6299991607666,102.7300033569336,195.22999572753906,47.459999084472656,142.0500030517578,109.9800033569336,113.5999984741211,64.44000244140625,72.28053283691406,44.70000076293945,37.790000915527344,3.836750030517578,41.26185989379883,136.5,56.380001068115234,47.540000915527344,54.369998931884766,36.88999938964844,268.29998779296875,54.619998931884766,79.7699966430664,53.18000030517578,32.650001525878906,26.6299991607666,90.75,77.31999969482422,85.20999908447266,19.110000610351562,192.49000549316406,164.2899932861328,23.155000686645508,27.100000381469727,52.349998474121094,62.5,64.52999877929688,114.0199966430664,26.790000915527344,101.02999877929688,190.69000244140625,46.70000076293945,140.72000122070312,107.44999694824219,110.97000122070312,62.59000015258789,71.364501953125,43.720001220703125,35.529998779296875,3.6640000343322754,40.68311309814453,134.07000732421875,55.18000030517578,46.279998779296875,53.586666107177734,36.470001220703125,263.5,53.970001220703125,77.94000244140625,52.33000183105469,32.185001373291016,26.260000228881836,89.9800033569336,76.12000274658203,86.38999938964844,19.959999084472656,194.94000244140625,165.13999938964844,23.422000885009766,27.18000030517578,53.38999938964844,62.66999816894531,64.69999694824219,114.5999984741211,27.290000915527344,101.69999694824219,191.1699981689453,47.27000045776367,142.0,107.72000122070312,111.26000213623047,62.810001373291016,71.55534362792969,43.720001220703125,37.75,3.7472500801086426,41.10057067871094,134.3300018310547,55.790000915527344,47.0099983215332,54.11333465576172,36.709999084472656,264.6199951171875,54.0,77.94000244140625,52.33000183105469,32.189998626708984,26.270000457763672,90.36000061035156,76.23999786376953,5227900,83211000,2194600,1056800,28714000,53210700,6750500,19065100,6355100,6953000,7705000,3664200,3143300,20723000,7590900,13948300,3296200,5448300,11407061,8862900,26569700,814832000,20147948,1925100,10373700,11263600,1907400,7077300,3879800,6429300,4315500,20581700,33365400,50168800,7141200,13741100
2018-11-27,63.66400146484375,21.049999237060547,156.74537658691406,155.54702758789062,19.294376373291016,23.148540496826172,38.62603759765625,49.1233024597168,50.50209045410156,83.13426208496094,18.914886474609375,75.4981918334961,163.00376892089844,41.370059967041016,117.02881622314453,89.31005096435547,103.56413269042969,50.451236724853516,57.804901123046875,35.045082092285156,36.08562469482422,3.8072590827941895,29.365047454833984,102.41602325439453,46.116539001464844,37.32972717285156,50.73722839355469,31.388303756713867,239.16403198242188,39.53656768798828,57.497745513916016,43.351341247558594,23.150341033935547,22.995162963867188,80.43000793457031,54.90986251831055,87.68000030517578,21.049999237060547,197.10000610351562,167.41000366210938,23.58300018310547,27.739999771118164,51.150001525878906,63.459999084472656,65.27999877929688,115.20999908447266,26.610000610351562,101.94999694824219,193.64999389648438,48.06999969482422,143.22000122070312,109.72000122070312,114.22000122070312,63.7400016784668,72.84351348876953,44.04999923706055,37.0,3.843250036239624,41.8121452331543,133.89999389648438,55.56999969482422,46.20000076293945,54.4466667175293,36.79999923706055,271.1499938964844,53.720001220703125,77.43000030517578,53.189998626708984,32.345001220703125,26.549999237060547,91.44999694824219,77.05000305175781,87.69999694824219,21.450000762939453,197.22999572753906,168.1699981689453,23.836999893188477,27.899999618530273,51.25,63.84000015258789,65.5999984741211,115.66000366210938,27.3700008392334,103.05999755859375,194.6199951171875,48.220001220703125,143.35000610351562,110.02999877929688,114.25,64.5999984741211,73.01526641845703,44.400001525878906,37.45000076293945,3.9252500534057617,41.88804626464844,135.8300018310547,56.22999954223633,46.709999084472656,54.90666580200195,36.81999969482422,271.29998779296875,54.029998779296875,78.98999786376953,53.31999969482422,32.58000183105469,26.6299991607666,91.44999694824219,77.44999694824219,85.5,19.729999542236328,191.8699951171875,165.6300048828125,23.242000579833984,27.389999389648438,49.86000061035156,62.75,64.1500015258789,114.22000122070312,26.479999542236328,100.76000213623047,191.55999755859375,46.59000015258789,139.66000366210938,108.62999725341797,111.70999908447266,63.439998626708984,71.63167572021484,43.83000183105469,36.02000045776367,3.7637500762939453,40.76850128173828,133.35000610351562,55.349998474121094,45.540000915527344,53.8033332824707,36.38999938964844,265.0299987792969,53.470001220703125,77.02999877929688,52.45000076293945,32.15999984741211,26.420000076293945,89.87999725341797,76.4000015258789,86.22000122070312,19.770000457763672,193.16000366210938,166.72999572753906,23.357999801635742,27.43000030517578,50.689998626708984,63.349998474121094,64.7300033569336,114.55000305175781,27.09000015258789,102.26000213623047,193.39999389648438,46.939998626708984,140.57000732421875,108.76000213623047,112.27999877929688,63.84000015258789,71.63167572021484,44.02000045776367,36.09000015258789,3.799999952316284,40.986717224121094,134.5,55.59000015258789,46.54999923706055,54.073333740234375,36.38999938964844,265.57000732421875,53.790000915527344,78.43000030517578,52.689998626708984,32.27000045776367,26.479999542236328,90.20999908447266,76.56999969482422,4338300,119230100,2329200,544300,30406000,43617100,16857900,12867900,6116400,6339200,6088500,3554900,2345400,27621000,5962100,9238200,3263200,5096700,15325533,8035900,21397300,738060000,19765873,1799600,9719000,11644400,2013000,6870200,3497300,7409500,4435400,18044600,44528600,47174300,9262000,10344500
2018-11-28,64.5788803100586,21.34000015258789,160.180908203125,161.9580841064453,19.244464874267578,23.724332809448242,39.26791763305664,50.76435470581055,51.329856872558594,85.2485122680664,19.099702835083008,76.84596252441406,166.95994567871094,42.049964904785156,119.65995025634766,90.30311584472656,104.75190734863281,51.670169830322266,58.478816986083984,36.047515869140625,37.75336456298828,3.964273452758789,29.918094635009766,102.65316009521484,47.01280975341797,37.49940490722656,51.923824310302734,32.420372009277344,247.80796813964844,39.95607376098633,58.97547912597656,44.29676818847656,23.547565460205078,23.436874389648438,82.36491394042969,55.90758514404297,88.94000244140625,21.34000015258789,201.4199981689453,174.30999755859375,23.52199935913086,28.43000030517578,52.0,65.58000183105469,66.3499984741211,118.13999938964844,26.8700008392334,103.7699966430664,198.35000610351562,48.86000061035156,146.44000244140625,110.94000244140625,115.52999877929688,65.27999877929688,73.6927490234375,45.310001373291016,38.709999084472656,4.0017499923706055,42.5996208190918,134.2100067138672,56.650001525878906,46.40999984741211,55.720001220703125,38.0099983215332,280.95001220703125,54.290000915527344,79.41999816894531,54.349998474121094,32.900001525878906,27.059999465942383,93.6500015258789,78.44999694824219,88.95999908447266,21.8799991607666,202.02000427246094,174.4199981689453,23.799999237060547,28.469999313354492,52.33000183105469,65.6500015258789,66.62999725341797,118.27999877929688,26.8700008392334,104.05999755859375,198.4499969482422,48.880001068115234,146.55999755859375,111.4000015258789,115.83000183105469,65.54000091552734,73.8167953491211,45.529998779296875,39.0,4.006999969482422,42.618595123291016,135.1300048828125,56.720001220703125,46.5099983215332,55.74333190917969,38.02000045776367,282.3999938964844,54.34000015258789,79.55000305175781,54.36000061035156,32.92499923706055,27.059999465942383,93.68000030517578,78.44999694824219,86.55999755859375,20.18000030517578,196.05999755859375,167.75,23.16200065612793,27.559999465942383,51.2599983215332,62.90999984741211,65.08999633789062,114.4000015258789,25.8700008392334,101.58000183105469,192.22999572753906,47.650001525878906,143.36000061035156,108.87000274658203,113.76000213623047,62.41999816894531,72.77671813964844,43.66999816894531,35.9900016784668,3.828249931335449,41.840606689453125,131.77999877929688,54.689998626708984,45.2599983215332,53.97999954223633,37.06999969482422,272.82000732421875,53.22999954223633,76.25,52.58000183105469,32.11000061035156,26.399999618530273,91.69999694824219,76.83999633789062,88.04000091552734,21.81999969482422,196.9600067138672,170.27999877929688,23.649999618530273,27.8799991607666,51.45000076293945,63.63999938964844,65.11000061035156,114.9800033569336,26.559999465942383,101.98999786376953,194.83999633789062,47.939998626708984,143.8300018310547,109.80000305175781,114.7300033569336,63.599998474121094,73.28244018554688,44.290000915527344,37.290000915527344,3.9619998931884766,42.0208740234375,133.8800048828125,55.88999938964844,46.29999923706055,55.06666564941406,37.27000045776367,272.82000732421875,54.02000045776367,77.83999633789062,53.150001525878906,32.314998626708984,26.6299991607666,91.72000122070312,77.04000091552734,3953600,134425300,2617800,613300,31080000,61388100,7995000,17719000,5602100,6841700,6246900,3580800,3762900,28003200,8411400,13977300,4814500,6229200,12625675,12380800,42293700,804524000,19892669,2326900,17483500,10630200,1681200,8380200,5044300,7105400,3914000,23713300,42296400,61375300,11870400,11482100
2018-11-29,65.28318786621094,21.43000030517578,160.9364013671875,159.36573791503906,19.29027557373047,23.39888572692871,39.131988525390625,50.23798751831055,51.732147216796875,85.76087188720703,19.12813949584961,78.10489654541016,164.67803955078125,41.0516357421875,119.17788696289062,89.58679962158203,106.08478546142578,51.36940002441406,58.993682861328125,35.411041259765625,36.97313690185547,3.9010584354400635,30.32455825805664,102.22480773925781,48.22444534301758,37.08733367919922,51.54485321044922,32.35212707519531,249.21920776367188,39.77208709716797,59.01259994506836,44.04411697387695,23.701446533203125,23.2376651763916,82.6375503540039,56.342281341552734,89.91000366210938,21.43000030517578,202.3699951171875,171.52000427246094,23.577999114990234,28.040000915527344,51.81999969482422,64.9000015258789,66.87000274658203,118.8499984741211,26.90999984741211,105.47000122070312,194.85000610351562,47.70000076293945,145.85000610351562,110.05999755859375,117.0,64.9000015258789,74.34160614013672,44.5099983215332,37.90999984741211,3.934000015258789,43.178367614746094,133.64999389648438,58.11000061035156,45.900001525878906,55.313331604003906,37.93000030517578,282.54998779296875,54.040000915527344,79.47000122070312,54.040000915527344,33.1150016784668,26.829999923706055,93.95999908447266,79.05999755859375,90.33000183105469,21.610000610351562,204.0,173.25,23.863000869750977,28.350000381469727,52.369998931884766,65.55999755859375,67.51000213623047,119.7300033569336,27.350000381469727,106.58999633789062,197.4499969482422,48.560001373291016,147.1999969482422,110.80000305175781,117.93000030517578,65.98999786376953,74.885498046875,45.09000015258789,38.709999084472656,4.037499904632568,43.481971740722656,134.8000030517578,59.04999923706055,46.650001525878906,55.8466682434082,38.369998931884766,285.45001220703125,54.31999969482422,80.73999786376953,54.41999816894531,33.380001068115234,27.010000228881836,94.51000213623047,79.52999877929688,88.36000061035156,20.729999542236328,199.52999877929688,170.9600067138672,23.275999069213867,27.969999313354492,51.380001068115234,64.66000366210938,66.20999908447266,117.73999786376953,26.610000610351562,103.58999633789062,193.16000366210938,47.630001068115234,144.83999633789062,109.63999938964844,114.97000122070312,64.81999969482422,73.5782470703125,44.31999969482422,37.72999954223633,3.9035000801086426,42.40986633300781,133.00999450683594,57.77000045776367,45.81999969482422,55.17333221435547,37.869998931884766,280.30999755859375,53.790000915527344,78.33999633789062,53.790000915527344,32.880001068115234,26.719999313354492,93.30000305175781,78.19000244140625,89.01000213623047,21.190000534057617,199.77999877929688,172.52999877929688,23.427000045776367,28.18000030517578,51.9900016784668,65.08999633789062,66.45999908447266,117.94999694824219,26.959999084472656,103.97000122070312,196.02000427246094,48.4900016784668,145.6199951171875,110.2699966430664,115.30000305175781,65.04000091552734,73.65457916259766,44.900001525878906,38.29999923706055,4.0,42.466793060302734,133.41000366210938,57.88999938964844,46.529998779296875,55.58333206176758,37.95000076293945,280.42999267578125,54.0,79.20999908447266,53.970001220703125,32.92499923706055,26.860000610351562,93.43000030517578,78.22000122070312,3838000,79853700,1937800,1079700,17920000,46824600,7466300,12914200,4606000,6656900,8024600,2661900,2665700,23592500,6900000,11144300,4688300,5096900,11429174,9202900,23631300,549172000,26065315,2792600,26949000,13565000,2874300,7056600,4177800,5369300,3701900,14978400,28828400,43664100,8796000,10255200
2018-11-30,68.4489517211914,21.299999237060547,165.61253356933594,159.20779418945312,19.42363929748535,23.699298858642578,40.370445251464844,50.15282440185547,51.1983528137207,85.82579803466797,19.21343231201172,76.50529479980469,161.1622314453125,42.4372444152832,120.03589630126953,90.50660705566406,107.57178497314453,51.5751838684082,60.07651138305664,35.315582275390625,37.60708236694336,4.051537036895752,30.804317474365234,103.85399627685547,48.348915100097656,36.440914154052734,52.262393951416016,32.06211853027344,248.9625701904297,40.08119583129883,59.3319091796875,44.23971939086914,23.65850830078125,23.358919143676758,84.31739807128906,56.655845642089844,94.2699966430664,21.299999237060547,208.25,171.35000610351562,23.740999221801758,28.399999618530273,53.459999084472656,64.79000091552734,66.18000030517578,118.94000244140625,27.030000686645508,103.30999755859375,190.69000244140625,49.310001373291016,146.89999389648438,111.19000244140625,118.63999938964844,65.16000366210938,75.70610809326172,44.38999938964844,38.560001373291016,4.085750102996826,43.861480712890625,135.77999877929688,58.2599983215332,45.099998474121094,56.08333206176758,37.59000015258789,281.3599853515625,54.459999084472656,79.9000015258789,54.279998779296875,33.05500030517578,26.969999313354492,95.87000274658203,79.5,94.2699966430664,21.360000610351562,208.99000549316406,171.4499969482422,23.827999114990234,28.6299991607666,53.47999954223633,65.0,66.94000244140625,119.20999908447266,27.149999618530273,104.68000030517578,191.4499969482422,49.31999969482422,147.0,111.31999969482422,118.70999908447266,65.56999969482422,75.84923553466797,44.61000061035156,38.630001068115234,4.096499919891357,43.88994216918945,136.72999572753906,58.470001220703125,45.54999923706055,56.09000015258789,37.599998474121094,283.6400146484375,54.880001068115234,80.44999694824219,54.54999923706055,33.150001525878906,27.079999923706055,95.87000274658203,79.5999984741211,89.87000274658203,20.520000457763672,201.7899932861328,168.36000061035156,23.339000701904297,27.8700008392334,51.75,64.11000061035156,65.43000030517578,117.69999694824219,25.979999542236328,102.88999938964844,188.1199951171875,47.560001373291016,145.10000610351562,109.58000183105469,116.22000122070312,64.30000305175781,74.1603012084961,43.90999984741211,36.939998626708984,3.8929998874664307,42.96015167236328,133.25,57.02000045776367,44.68000030517578,54.75666809082031,37.08000183105469,279.07000732421875,54.040000915527344,78.38999938964844,53.869998931884766,32.65999984741211,26.709999084472656,93.80000305175781,78.31999969482422,90.26000213623047,21.299999237060547,202.14999389648438,168.9600067138672,23.540000915527344,27.940000534057617,51.79999923706055,64.37000274658203,66.02999877929688,118.05000305175781,26.510000228881836,104.38999938964844,190.57000732421875,47.95000076293945,145.33999633789062,109.8499984741211,117.61000061035156,64.77999877929688,74.27481079101562,44.380001068115234,37.75,3.9437499046325684,43.02656555175781,133.3699951171875,58.220001220703125,45.47999954223633,55.276668548583984,37.2400016784668,282.989990234375,54.04999923706055,78.97000122070312,54.08000183105469,32.82500076293945,26.75,93.9000015258789,78.44999694824219,12031700,82370700,4537200,1360900,40083000,64284600,13932100,14207800,7175400,6712500,10152900,5268900,6220000,43313700,12517600,18652700,8965600,6236800,22380669,11282500,28176000,729564000,45054495,3194300,18197800,16183600,1842600,8734400,6143200,10299300,5685700,18939000,36258000,45435200,15875900,14040100
2018-12-03,68.00603485107422,23.709999084472656,161.38172912597656,165.07064819335938,19.804893493652344,23.816123962402344,40.23451232910156,50.439247131347656,53.46506118774414,87.07413482666016,20.450258255004883,80.05992126464844,161.95668029785156,43.1429557800293,119.47203826904297,91.36127471923828,107.46297454833984,51.179439544677734,59.98564910888672,36.1270637512207,39.04074478149414,4.215402603149414,30.644397735595703,103.9457778930664,49.0792121887207,37.41051483154297,53.635353088378906,33.03446960449219,253.36029052734375,40.03702926635742,60.37150573730469,44.20712661743164,24.18456268310547,23.506162643432617,83.912841796875,57.88163375854492,93.66000366210938,23.709999084472656,202.92999267578125,177.66000366210938,24.207000732421875,28.540000915527344,53.279998779296875,65.16000366210938,69.11000061035156,120.66999816894531,28.770000457763672,108.11000061035156,191.6300048828125,50.130001068115234,146.2100067138672,112.23999786376953,118.5199966430664,64.66000366210938,75.59160614013672,45.40999984741211,40.029998779296875,4.250999927520752,43.6337776184082,135.89999389648438,59.13999938964844,46.29999923706055,57.55666732788086,38.72999954223633,286.3299865722656,54.400001525878906,81.30000305175781,54.2400016784668,33.790000915527344,27.139999389648438,95.41000366210938,81.22000122070312,94.72000122070312,23.75,208.3000030517578,178.1999969482422,24.70400047302246,29.040000915527344,53.9900016784668,66.45999908447266,69.26000213623047,122.43000030517578,29.18000030517578,108.37999725341797,195.66000366210938,50.5,146.6300048828125,112.88999938964844,118.69000244140625,66.87999725341797,75.93511199951172,46.13999938964844,40.2400016784668,4.367000102996826,44.0037956237793,138.24000549316406,60.5099983215332,46.61000061035156,57.983333587646484,39.0,286.5299987792969,55.040000915527344,83.77999877929688,55.040000915527344,33.994998931884766,27.469999313354492,95.80999755859375,81.45999908447266,92.81999969482422,22.3700008392334,200.3800048828125,173.1300048828125,24.14699935913086,28.360000610351562,52.95000076293945,64.80999755859375,67.55999755859375,120.05999755859375,28.079999923706055,106.16000366210938,191.6199951171875,49.529998779296875,144.94000244140625,111.73999786376953,117.54000091552734,63.279998779296875,74.69465637207031,45.0,39.150001525878906,4.183499813079834,43.41556167602539,134.6300048828125,58.400001525878906,45.79999923706055,56.99333190917969,38.380001068115234,282.7099914550781,53.900001525878906,79.52999877929688,53.599998474121094,33.39500045776367,26.950000762939453,94.86000061035156,80.13999938964844,94.31999969482422,22.479999542236328,208.10000610351562,173.86000061035156,24.520000457763672,28.989999771118164,53.58000183105469,66.04000091552734,68.0999984741211,120.7699966430664,28.360000610351562,107.11000061035156,194.0,50.0,145.57000732421875,112.37999725341797,118.63999938964844,66.0,75.87786102294922,45.06999969482422,40.20000076293945,4.315000057220459,43.99430847167969,137.3300018310547,60.5099983215332,46.279998779296875,57.77333450317383,38.81999969482422,283.0,54.880001068115234,82.26000213623047,54.779998779296875,33.810001373291016,27.360000610351562,95.80999755859375,80.23999786376953,6673900,139607400,4035300,2413300,35241000,59908700,9599900,14255500,7497100,8237600,11739200,4061400,4017000,30870400,8827200,16034500,4290100,9307900,13183106,15437000,35830000,890804000,26771178,3493500,17114500,12790700,2338500,7457600,4178800,6851100,6462800,21261700,43990800,65332700,12158200,19415100
2018-12-04,65.74787902832031,21.1200008392334,157.270263671875,157.61898803710938,18.984291076660156,22.52267837524414,39.29057693481445,48.19439697265625,51.77083206176758,84.59909057617188,20.023765563964844,77.06813049316406,155.77011108398438,41.094661712646484,119.32496643066406,87.28324890136719,105.64955139160156,50.13462829589844,59.220855712890625,34.305198669433594,35.968589782714844,3.894859790802002,30.078020095825195,99.05826568603516,47.909080505371094,36.038272857666016,51.06959915161133,31.934181213378906,246.47618103027344,38.712276458740234,59.04229736328125,42.20215606689453,23.490310668945312,22.484159469604492,82.03949737548828,56.60597610473633,90.55000305175781,21.1200008392334,197.75999450683594,169.63999938964844,23.20400047302246,26.989999771118164,52.029998779296875,62.2599983215332,66.91999816894531,117.23999786376953,28.170000076293945,104.06999969482422,184.30999755859375,47.75,146.02999877929688,107.2300033569336,116.5199966430664,63.34000015258789,74.62786102294922,43.119998931884766,36.880001068115234,3.9277501106262207,42.82732391357422,129.50999450683594,57.72999954223633,44.119998931884766,54.8033332824707,37.439998626708984,278.54998779296875,52.599998474121094,79.51000213623047,51.779998779296875,32.81999969482422,25.959999084472656,93.27999877929688,79.43000030517578,94.9800033569336,23.420000076293945,205.74000549316406,176.30999755859375,24.113000869750977,28.31999969482422,53.83000183105469,64.63999938964844,69.72000122070312,121.08999633789062,29.040000915527344,108.77999877929688,191.11000061035156,49.599998474121094,148.99000549316406,111.5999984741211,119.83999633789062,66.51000213623047,76.51717376708984,45.16999816894531,39.869998931884766,4.210999965667725,44.08918380737305,135.38999938964844,59.47999954223633,45.88999938964844,57.233333587646484,38.779998779296875,287.94000244140625,54.33000183105469,82.70999908447266,53.9900016784668,33.915000915527344,27.010000228881836,95.91999816894531,81.94999694824219,90.4000015258789,21.06999969482422,197.2899932861328,169.3800048828125,23.158000946044922,26.729999542236328,51.95000076293945,61.119998931884766,66.79000091552734,117.06999969482422,28.09000015258789,103.6500015258789,183.6300048828125,47.68000030517578,145.82000732421875,106.7300033569336,116.31999969482422,63.279998779296875,74.52290344238281,42.31999969482422,36.720001220703125,3.9124999046325684,42.79886245727539,127.93000030517578,57.220001220703125,44.02000045776367,54.72999954223633,37.43000030517578,276.9100036621094,52.40999984741211,79.25,51.5099983215332,32.7599983215332,25.829999923706055,93.11000061035156,79.3499984741211,93.91999816894531,23.350000381469727,204.60000610351562,175.58999633789062,24.048999786376953,28.31999969482422,53.41999816894531,64.58000183105469,69.43000030517578,120.5999984741211,28.770000457763672,108.31999969482422,190.69000244140625,49.52000045776367,146.32000732421875,111.5999984741211,118.6500015258789,64.75,75.66793823242188,45.04999923706055,39.560001373291016,4.205999851226807,43.861480712890625,135.08999633789062,58.9900016784668,45.790000915527344,57.099998474121094,38.529998779296875,286.1499938964844,54.02000045776367,81.75,53.95000076293945,33.80500030517578,27.0,95.38999938964844,81.37999725341797,7008400,127392900,3881100,1625300,36455000,103565700,9190000,27104500,7532200,8288100,9765500,3153900,5797500,35397700,9803500,23555900,5676600,7711600,15482942,18401400,36616300,812112000,28703898,3353100,15836500,12979400,2076900,13321200,4635500,9814800,6217800,33280500,36592600,110918600,15011300,18540700
2018-12-06,65.588134765625,21.299999237060547,158.2643280029297,154.56211853027344,18.591588973999023,22.052751541137695,40.21185302734375,46.49141311645508,51.531009674072266,83.63936614990234,19.72522735595703,75.63148498535156,155.584228515625,41.62824249267578,119.22689819335938,85.62271118164062,105.0329818725586,50.30085372924805,59.34201431274414,33.89946365356445,36.73906326293945,3.9241135120391846,29.971403121948242,98.90528106689453,47.909080505371094,34.56798553466797,50.808677673339844,31.43947982788086,244.97186279296875,38.52091979980469,58.54477310180664,41.639793395996094,23.057292938232422,22.17235565185547,81.73167419433594,55.864803314208984,90.33000183105469,21.299999237060547,199.00999450683594,166.35000610351562,22.724000930786133,26.280000686645508,53.25,60.060001373291016,66.61000061035156,115.91000366210938,27.75,102.12999725341797,184.08999633789062,48.369998931884766,145.91000366210938,105.19000244140625,115.83999633789062,63.54999923706055,74.78053283691406,42.61000061035156,37.66999816894531,3.9572501182556152,42.67552185058594,129.30999755859375,57.11000061035156,42.31999969482422,54.52333450317383,36.86000061035156,276.8500061035156,52.34000015258789,78.83999633789062,51.09000015258789,32.21500015258789,25.600000381469727,92.93000030517578,78.38999938964844,90.4800033569336,21.40999984741211,199.00999450683594,166.5,22.725000381469727,26.31999969482422,53.25,60.09000015258789,66.61000061035156,116.13999938964844,27.84000015258789,102.29000091552734,184.8800048828125,48.38999938964844,146.4499969482422,105.36000061035156,115.98999786376953,63.630001068115234,74.78053283691406,42.72999954223633,37.68000030517578,3.962249994277954,42.68500900268555,129.50999450683594,57.209999084472656,42.97999954223633,54.52333450317383,36.86000061035156,276.94000244140625,52.45000076293945,78.9800033569336,51.13999938964844,32.26499938964844,25.610000610351562,92.93000030517578,78.44000244140625,87.16999816894531,20.059999465942383,193.1999969482422,162.25999450683594,21.76099967956543,25.530000686645508,51.65999984741211,58.36000061035156,64.30999755859375,113.02999877929688,26.639999389648438,99.55999755859375,180.14999389648438,46.52000045776367,142.7899932861328,102.87999725341797,112.9800033569336,61.79999923706055,72.34732818603516,40.97999954223633,35.130001068115234,3.770250082015991,41.38520050048828,125.38999938964844,55.689998626708984,41.869998931884766,52.996665954589844,35.61000061035156,265.25,51.18000030517578,76.83000183105469,50.02000045776367,31.53499984741211,24.93000030517578,90.13999938964844,76.91999816894531,89.69999694824219,20.219999313354492,195.72000122070312,164.52999877929688,22.624000549316406,26.229999542236328,52.15999984741211,59.36000061035156,64.91999816894531,115.33999633789062,27.260000228881836,101.44999694824219,181.3300018310547,46.79999923706055,144.5,105.01000213623047,115.31999969482422,62.880001068115234,73.43511199951172,41.650001525878906,35.65999984741211,3.7860000133514404,42.296016693115234,127.0199966430664,56.0099983215332,42.79999923706055,53.27000045776367,35.70000076293945,273.0199890136719,51.709999084472656,78.01000213623047,50.650001525878906,32.099998474121094,25.3799991607666,92.12000274658203,78.0,8734300,103434700,3437300,1097300,57859000,133294200,11399100,37802600,8412000,10715700,9912100,5046200,5275500,31661700,11572500,27213900,5064400,7501300,17329518,17552400,37494400,692308000,32188528,3241300,18203300,23678300,5354400,12075700,6694600,13575600,4711100,40310200,70712200,134687100,18492900,23218100
2018-12-07,63.14120101928711,19.459999084472656,152.24423217773438,148.22540283203125,18.69957733154297,21.339481353759766,40.08347702026367,45.16774368286133,50.98947525024414,83.33629608154297,19.334270477294922,76.72747039794922,151.84861755371094,39.795127868652344,118.83470153808594,84.07615661621094,102.98384094238281,48.725730895996094,58.09263610839844,32.8731575012207,34.43739318847656,3.659348964691162,29.265100479125977,96.8018798828125,46.96952819824219,35.15609359741211,48.91387939453125,31.149471282958984,238.1850128173828,38.09405517578125,56.428443908691406,40.963314056396484,22.92845344543457,21.74796485900879,79.64726257324219,55.3303337097168,86.95999908447266,19.459999084472656,191.44000244140625,159.52999877929688,22.856000900268555,25.43000030517578,53.08000183105469,58.349998474121094,65.91000366210938,115.48999786376953,27.200000762939453,103.61000061035156,179.6699981689453,46.2400016784668,145.42999267578125,103.29000091552734,113.58000183105469,61.560001373291016,73.20610809326172,41.31999969482422,35.310001373291016,3.6902499198913574,41.669830322265625,126.55999755859375,55.9900016784668,43.040000915527344,52.4900016784668,36.52000045776367,269.17999267578125,51.7599983215332,75.98999786376953,50.2599983215332,32.03499984741211,25.110000610351562,90.55999755859375,77.63999938964844,90.0,21.3799991607666,198.39999389648438,165.9199981689453,23.827999114990234,26.540000915527344,53.79999923706055,60.720001220703125,69.12000274658203,119.69999694824219,28.739999771118164,107.63999938964844,186.25,48.060001373291016,147.33999633789062,106.9800033569336,115.77999877929688,66.0999984741211,74.71373748779297,43.060001373291016,37.619998931884766,3.971750020980835,42.637569427490234,130.82000732421875,57.119998931884766,44.650001525878906,54.52333450317383,36.939998626708984,276.4200134277344,52.869998931884766,80.45999908447266,51.45000076293945,33.314998626708984,25.899999618530273,92.80000305175781,80.36000061035156,86.37000274658203,19.170000076293945,191.0500030517578,158.89999389648438,22.450000762939453,25.299999237060547,52.75,58.13999938964844,65.80999755859375,115.19000244140625,27.1299991607666,103.41000366210938,179.0,46.22999954223633,144.1199951171875,102.91000366210938,112.7699966430664,61.130001068115234,72.614501953125,40.95000076293945,35.209999084472656,3.640500068664551,41.44212341308594,125.6500015258789,55.72999954223633,43.0099983215332,52.19333267211914,36.13999938964844,267.2799987792969,51.38999938964844,75.55000305175781,50.04999923706055,31.979999542236328,24.989999771118164,90.11000061035156,77.33000183105469,89.93000030517578,21.299999237060547,197.88999938964844,164.85000610351562,23.405000686645508,26.149999618530273,53.22999954223633,59.720001220703125,68.23999786376953,117.58999633789062,28.270000457763672,104.76000213623047,183.85000610351562,47.939998626708984,145.49000549316406,105.16000366210938,115.52999877929688,64.12999725341797,74.63740539550781,42.43000030517578,37.619998931884766,3.9614999294281006,42.523719787597656,128.80999755859375,56.61000061035156,43.15999984741211,54.439998626708984,36.650001525878906,273.760009765625,52.27000045776367,79.9000015258789,50.88999938964844,32.83000183105469,25.540000915527344,92.66999816894531,79.38999938964844,6737700,105764500,3152400,1412200,78396000,107477600,10462900,24282100,8095500,9114400,8442500,5226600,3921200,34016400,9444500,19248600,4128100,9721900,13228799,15499400,30619800,681676000,27963885,2754200,17054700,14196900,1956000,10802700,3506900,9561900,4669500,28510500,54891400,86740000,14930800,16224700
2018-12-10,63.61315155029297,19.989999771118164,154.3516387939453,149.97218322753906,19.574174880981445,20.777250289916992,39.70589828491211,44.17691421508789,50.440189361572266,82.93942260742188,18.673213958740234,75.32044219970703,151.13870239257812,40.629920959472656,118.69578552246094,82.50517272949219,103.44625091552734,48.26665115356445,58.6226692199707,32.38787078857422,33.93998718261719,3.764708995819092,29.58492660522461,95.0427017211914,48.01814270019531,34.28208923339844,49.54133987426758,31.07270622253418,235.8402099609375,37.22560119628906,54.49030303955078,39.77336120605469,22.570592880249023,21.44482421875,79.955078125,54.546424865722656,87.61000061035156,19.989999771118164,194.08999633789062,161.41000366210938,23.924999237060547,24.760000228881836,52.58000183105469,57.06999969482422,65.19999694824219,114.94000244140625,26.270000457763672,101.70999908447266,178.8300018310547,47.209999084472656,145.25999450683594,101.36000061035156,114.08999633789062,60.97999954223633,73.8740463256836,40.709999084472656,34.79999923706055,3.7964999675750732,42.12523651123047,124.26000213623047,57.2400016784668,41.970001220703125,53.163333892822266,36.43000030517578,266.5299987792969,50.58000183105469,73.37999725341797,48.79999923706055,31.53499984741211,24.760000228881836,90.91000366210938,76.54000091552734,87.87999725341797,20.1299991607666,194.7899932861328,163.0800018310547,24.031999588012695,25.229999542236328,53.290000915527344,58.310001373291016,65.79000091552734,115.95999908447266,27.1200008392334,103.26000213623047,179.83999633789062,47.459999084472656,145.8800048828125,103.48999786376953,114.6500015258789,62.02000045776367,74.21755981445312,41.41999816894531,35.720001220703125,3.821500062942505,42.27703857421875,126.44999694824219,58.25,42.91999816894531,53.40666580200195,36.83000183105469,269.0,51.86000061035156,75.27999877929688,50.06999969482422,31.96500015258789,25.079999923706055,91.25,77.86000061035156,84.5999984741211,19.270000457763672,188.19000244140625,158.80999755859375,22.650999069213867,24.290000915527344,51.369998931884766,55.83000183105469,63.29999923706055,111.66999816894531,25.84000015258789,99.20999908447266,174.67999267578125,46.0099983215332,142.3800048828125,99.27999877929688,111.0199966430664,59.54999923706055,72.385498046875,39.560001373291016,34.529998779296875,3.641249895095825,40.86337661743164,122.12000274658203,56.63999938964844,41.02000045776367,52.17333221435547,36.08000183105469,260.2300109863281,50.0099983215332,71.4800033569336,48.29999923706055,30.809999465942383,24.299999237060547,88.6500015258789,74.80000305175781,86.66999816894531,19.350000381469727,193.02999877929688,161.52000427246094,22.795000076293945,25.18000030517578,53.25,57.95000076293945,65.08999633789062,115.30000305175781,26.559999465942383,102.05000305175781,178.60000610351562,46.279998779296875,145.38999938964844,102.87000274658203,113.5999984741211,61.02000045776367,73.90267181396484,41.09000015258789,34.83000183105469,3.6449999809265137,41.87855911254883,126.44999694824219,57.77000045776367,41.790000915527344,52.30666732788086,36.310001373291016,268.5899963378906,51.70000076293945,75.0199966430664,50.06999969482422,31.809999465942383,25.010000228881836,90.61000061035156,77.86000061035156,5229400,77984500,2718300,915800,43344000,110166900,8036900,30695800,8750900,7674300,7803700,3368700,4528300,23289000,6848100,23636400,3832600,8768800,16163618,16323200,33979700,629472000,26187895,3145000,20484900,15376600,1613100,12439100,4061300,11217900,7407500,34524600,46765600,101121800,15372000,17946200
2018-12-11,64.01976013183594,19.979999542236328,156.0137481689453,150.0279083251953,20.19515037536621,20.626205444335938,39.59263610839844,43.51893997192383,50.62586975097656,83.32189178466797,19.014404296875,75.58705139160156,149.4230194091797,40.776241302490234,119.70903778076172,81.69935607910156,103.81800079345703,48.55160903930664,58.387935638427734,32.31626510620117,34.339866638183594,3.6737277507781982,29.3250732421875,93.66592407226562,48.11042022705078,33.68581008911133,49.85816955566406,31.30300521850586,236.45077514648438,36.887062072753906,54.40861892700195,38.925750732421875,22.5777530670166,21.23695945739746,80.20135498046875,54.64618682861328,88.16999816894531,19.979999542236328,196.17999267578125,161.47000122070312,24.68400001525879,24.579999923706055,52.43000030517578,56.220001220703125,65.44000244140625,115.47000122070312,26.75,102.06999969482422,176.8000030517578,47.380001068115234,146.5,100.37000274658203,114.5,61.34000015258789,73.5782470703125,40.619998931884766,35.209999084472656,3.7047500610351562,41.755218505859375,122.45999908447266,57.349998474121094,41.2400016784668,53.503334045410156,36.70000076293945,267.2200012207031,50.119998931884766,73.2699966430664,47.7599983215332,31.545000076293945,24.520000457763672,91.19000244140625,76.68000030517578,89.44000244140625,21.139999389648438,198.41000366210938,164.85000610351562,25.034000396728516,25.399999618530273,53.16999816894531,58.33000183105469,66.75,116.62000274658203,27.170000076293945,104.3499984741211,184.42999267578125,48.59000015258789,148.2100067138672,103.66000366210938,115.62000274658203,62.43000030517578,74.72328186035156,41.880001068115234,36.2599983215332,3.897249937057495,42.2296028137207,126.79000091552734,58.65999984741211,42.5,54.75666809082031,37.349998474121094,271.5299987792969,51.470001220703125,75.31999969482422,49.59000015258789,32.08000183105469,25.219999313354492,92.27999877929688,77.80000305175781,86.66000366210938,19.690000534057617,194.33999633789062,160.4600067138672,24.341999053955078,24.530000686645508,51.91999816894531,55.900001525878906,64.7300033569336,113.94999694824219,26.270000457763672,101.69000244140625,175.4499969482422,47.130001068115234,145.7899932861328,100.20999908447266,113.91999816894531,60.869998931884766,73.03434753417969,40.18000030517578,35.099998474121094,3.625,41.33776092529297,122.36000061035156,56.83000183105469,40.529998779296875,53.20000076293945,36.29999923706055,265.6700134277344,49.959999084472656,72.55999755859375,47.54999923706055,31.21500015258789,24.43000030517578,90.54000091552734,75.68000030517578,88.62000274658203,20.709999084472656,195.91000366210938,163.82000732421875,24.34600067138672,25.209999084472656,53.06999969482422,58.16999816894531,66.13999938964844,116.26000213623047,26.709999084472656,103.56999969482422,182.14999389648438,47.900001525878906,146.2899932861328,103.12999725341797,114.83999633789062,61.45000076293945,74.35114288330078,41.52000045776367,35.59000015258789,3.8889999389648438,41.821632385253906,125.33000183105469,58.45000076293945,42.33000183105469,54.11333465576172,37.2400016784668,269.5799865722656,51.029998779296875,73.75,49.40999984741211,32.02000045776367,25.06999969482422,91.66999816894531,77.69999694824219,5098100,88027400,3047500,1475500,57730000,78545000,8788900,23712500,5569200,5929400,9868400,3713800,4713900,23851000,9857400,16860700,3806800,5555100,13867660,13619400,26238800,671912000,23904931,2932100,13116300,19863000,2491500,8635800,3102800,7983200,4749400,32388600,34483200,92308200,13632300,15742400
2018-12-12,64.33198547363281,20.479999542236328,156.19668579101562,153.51222229003906,20.861122131347656,20.575857162475586,40.35533142089844,43.333152770996094,50.49433898925781,83.43011474609375,19.391136169433594,76.96446228027344,149.33851623535156,41.16350555419922,120.1993179321289,82.22843933105469,103.67292785644531,49.10566329956055,59.06942367553711,32.46742248535156,35.13959503173828,3.69132924079895,29.425012588500977,93.88008880615234,48.42081832885742,33.84916687011719,50.56639862060547,31.88300132751465,239.4769744873047,36.8944206237793,54.68336486816406,38.90944290161133,22.667219161987305,21.35821533203125,80.88736724853516,54.17582702636719,88.5999984741211,20.479999542236328,196.41000366210938,165.22000122070312,25.49799919128418,24.520000457763672,53.439998626708984,55.97999954223633,65.2699966430664,115.62000274658203,27.280000686645508,103.93000030517578,176.6999969482422,47.83000183105469,147.10000610351562,101.0199966430664,114.33999633789062,62.040000915527344,74.43701934814453,40.810001373291016,36.029998779296875,3.7225000858306885,41.89753341674805,122.73999786376953,57.720001220703125,41.439998626708984,54.26333236694336,37.380001068115234,270.6400146484375,50.130001068115234,73.63999938964844,47.7400016784668,31.670000076293945,24.65999984741211,91.97000122070312,76.0199966430664,90.16999816894531,21.020000457763672,199.44000244140625,167.33999633789062,26.018999099731445,24.989999771118164,54.25,57.150001525878906,67.05999755859375,117.72000122070312,28.100000381469727,106.5999984741211,180.0,48.63999938964844,148.49000549316406,102.9000015258789,115.73999786376953,63.369998931884766,75.15267181396484,41.7599983215332,36.61000061035156,3.819499969482422,42.552181243896484,124.94000244140625,58.58000183105469,42.540000915527344,55.0966682434082,37.70000076293945,274.55999755859375,50.869998931884766,74.87999725341797,48.29999923706055,32.275001525878906,25.020000457763672,93.16999816894531,78.19999694824219,88.36000061035156,19.709999084472656,196.3000030517578,164.74000549316406,25.200000762939453,24.3700008392334,52.959999084472656,55.849998474121094,65.22000122070312,115.56999969482422,27.200000762939453,103.83000183105469,176.47999572753906,47.40999984741211,147.0,100.05999755859375,114.2699966430664,62.02000045776367,74.1603012084961,40.79999923706055,35.400001525878906,3.620500087738037,41.88804626464844,121.80999755859375,57.529998779296875,41.380001068115234,53.936668395996094,37.27000045776367,270.489990234375,49.880001068115234,73.33000183105469,46.849998474121094,31.649999618530273,24.540000915527344,91.91000366210938,76.0199966430664,89.31999969482422,20.31999969482422,198.08999633789062,166.35000610351562,25.243999481201172,24.8700008392334,53.0,57.130001068115234,66.05000305175781,117.11000061035156,27.209999084472656,104.23999786376953,178.5,48.58000183105469,147.0,101.66000366210938,115.4800033569336,62.27000045776367,74.20801544189453,41.11000061035156,35.939998626708984,3.7105000019073486,42.07780075073242,123.94000244140625,58.439998626708984,41.61000061035156,54.37666702270508,37.61000061035156,271.95001220703125,50.619998931884766,74.44000244140625,48.290000915527344,32.060001373291016,24.860000610351562,92.19999694824219,78.04000091552734,4185100,100340700,2665600,917700,68703000,87191800,7447200,24941600,5544900,7891400,8237000,3443300,3677300,31305000,8869200,22621500,3758800,5484100,11219678,14207600,26642500,654136000,20180938,3138500,13246500,13509300,1403700,8405400,3167900,8372000,4089000,42820000,38534800,86748900,12581000,14559800
2018-12-13,63.68577194213867,19.860000610351562,157.0873565673828,152.46226501464844,21.132749557495117,20.475160598754883,40.506370544433594,43.17060089111328,51.159671783447266,83.66101837158203,19.15587615966797,76.14986419677734,148.6792755126953,41.55939865112305,120.80397033691406,82.309814453125,104.14442443847656,49.168983459472656,59.826637268066406,32.30034255981445,34.1545524597168,3.6910810470581055,29.698211669921875,91.7078628540039,48.731197357177734,33.50611114501953,50.46078872680664,31.840368270874023,240.8131103515625,36.202598571777344,54.549720764160156,38.33078384399414,22.738786697387695,21.20231819152832,80.96651458740234,54.8599853515625,87.70999908447266,19.860000610351562,197.52999877929688,164.08999633789062,25.829999923706055,24.399999618530273,53.63999938964844,55.77000045776367,66.12999725341797,115.94000244140625,26.8700008392334,102.83000183105469,175.9199981689453,48.290000915527344,147.83999633789062,101.12000274658203,114.86000061035156,62.119998931884766,75.39122009277344,40.599998474121094,35.02000045776367,3.722249984741211,42.286529541015625,119.9000015258789,58.09000015258789,41.02000045776367,54.150001525878906,37.33000183105469,272.1499938964844,49.189998626708984,73.45999908447266,47.029998779296875,31.770000457763672,24.479999542236328,92.05999755859375,76.9800033569336,89.98999786376953,20.8700008392334,197.66000366210938,165.61000061035156,26.149999618530273,24.81999969482422,53.939998626708984,56.439998626708984,67.08000183105469,116.31999969482422,27.229999542236328,104.30000305175781,178.69000244140625,48.58000183105469,148.58999633789062,101.97000122070312,115.1500015258789,62.650001525878906,75.45801544189453,41.119998931884766,36.369998931884766,3.8345000743865967,42.5996208190918,123.55999755859375,58.380001068115234,41.36000061035156,54.936668395996094,37.65999984741211,273.32000732421875,50.43000030517578,74.56999969482422,48.119998931884766,31.969999313354492,24.780000686645508,92.7300033569336,77.22000122070312,87.37000274658203,19.760000228881836,195.22000122070312,163.7100067138672,25.45800018310547,24.280000686645508,53.310001373291016,55.40999984741211,64.88999938964844,114.30999755859375,26.40999984741211,101.45999908447266,175.1199951171875,47.86000061035156,146.8000030517578,100.66999816894531,113.83999633789062,61.58000183105469,74.42748260498047,40.33000183105469,34.7599983215332,3.686000108718872,41.94497299194336,119.23999786376953,57.560001373291016,40.380001068115234,53.91666793823242,37.189998626708984,269.6199951171875,48.970001220703125,73.0199966430664,46.93000030517578,31.454999923706055,24.389999389648438,91.44000244140625,75.94999694824219,89.37000274658203,20.6299991607666,196.77000427246094,165.02000427246094,25.84600067138672,24.65999984741211,53.5099983215332,56.380001068115234,65.12000274658203,115.1500015258789,27.100000381469727,103.22000122070312,177.8300018310547,48.2599983215332,146.9600067138672,101.55000305175781,114.62000274658203,62.20000076293945,74.66603088378906,40.880001068115234,36.290000915527344,3.7697501182556152,42.18216323852539,123.19000244140625,58.13999938964844,41.2599983215332,54.67333221435547,37.4900016784668,270.8599853515625,50.22999954223633,73.93000030517578,47.970001220703125,31.594999313354492,24.649999618530273,92.22000122070312,76.02999877929688,4078600,88108300,2129800,698200,54355000,64860100,8455600,27670700,6417200,7030500,7976000,2685200,4008600,19526000,6008300,17250900,3609900,6501700,11272498,15964600,23825400,471384000,23613921,2365500,8949900,15276200,1341000,5825900,2350400,11919500,4508700,35227100,30598000,67232900,11567100,13749700
2018-12-14,62.16098403930664,19.899999618530273,152.7452392578125,149.61907958984375,20.848848342895508,20.54228973388672,39.35853576660156,42.59004211425781,49.93733596801758,82.13847351074219,18.421579360961914,74.11336517333984,146.01712036132812,41.189327239990234,108.67778778076172,81.63422393798828,101.48775482177734,47.38806915283203,58.31685256958008,31.536602020263672,33.35481643676758,3.630591869354248,29.18514633178711,90.6370620727539,48.336910247802734,31.937795639038086,49.74634552001953,31.158004760742188,234.5040740966797,35.87876892089844,54.43089294433594,37.93140411376953,22.219879150390625,20.99445152282715,78.24007415771484,53.86225128173828,85.61000061035156,19.899999618530273,192.07000732421875,161.02999877929688,25.482999801635742,24.479999542236328,52.119998931884766,55.02000045776367,64.55000305175781,113.83000183105469,25.84000015258789,100.08000183105469,172.77000427246094,47.86000061035156,133.0,100.29000091552734,111.93000030517578,59.869998931884766,72.97709655761719,39.63999938964844,34.20000076293945,3.661250114440918,41.55597686767578,118.5,57.619998931884766,39.099998474121094,53.383331298828125,36.529998779296875,265.0199890136719,48.75,73.30000305175781,46.540000915527344,31.045000076293945,24.239999771118164,88.95999908447266,75.58000183105469,87.16000366210938,20.700000762939453,196.14999389648438,164.17999267578125,26.159000396728516,24.8700008392334,53.2599983215332,56.36000061035156,66.29000091552734,115.80999755859375,26.540000915527344,102.94999694824219,176.25999450683594,48.7599983215332,145.3800048828125,101.94000244140625,114.58000183105469,62.689998626708984,74.45610809326172,40.939998626708984,35.45000076293945,3.7647500038146973,41.85958480834961,120.94000244140625,59.0,40.59000015258789,54.436668395996094,37.11000061035156,270.57000732421875,49.5,75.33999633789062,47.4900016784668,31.704999923706055,24.579999923706055,91.23999786376953,76.87000274658203,85.08000183105469,19.520000457763672,191.66000366210938,160.82000732421875,25.46299934387207,24.1200008392334,51.93000030517578,54.630001068115234,64.30999755859375,113.30999755859375,25.770000457763672,99.05999755859375,172.3699951171875,47.849998474121094,130.1999969482422,99.86000061035156,111.23999786376953,59.54999923706055,72.7385482788086,39.529998779296875,34.060001373291016,3.637500047683716,41.204933166503906,118.29000091552734,57.36000061035156,38.81999969482422,53.336666107177734,36.529998779296875,263.7099914550781,48.459999084472656,72.9800033569336,46.380001068115234,30.895000457763672,24.190000534057617,88.69000244140625,75.08999633789062,86.80000305175781,19.579999923706055,195.0399932861328,162.41000366210938,25.535999298095703,24.18000030517578,53.209999084472656,54.72999954223633,66.12000274658203,115.01000213623047,26.510000228881836,102.27999877929688,174.33999633789062,47.88999938964844,144.33999633789062,99.98999786376953,114.29000091552734,61.560001373291016,74.26526641845703,40.06999969482422,34.439998626708984,3.6802499294281006,41.821632385253906,118.83000183105469,57.560001373291016,40.560001373291016,53.52333450317383,36.79999923706055,270.3599853515625,48.689998626708984,73.4000015258789,46.54999923706055,31.575000762939453,24.239999771118164,91.16000366210938,76.72000122070312,5461600,84713600,2981300,692500,42727000,92762600,10708000,22839300,6445900,6195400,6420700,3088500,5078300,26372100,58140200,19879500,5306100,8583000,13896375,17332200,28922100,471820000,33024982,2758300,13551000,18278300,1363500,5969600,3360500,11037700,5021300,25913000,45787200,66817000,19422700,12669300
2018-12-17,61.6672248840332,18.829999923706055,151.16262817382812,149.2196044921875,20.791582107543945,20.533899307250977,38.452354431152344,41.993995666503906,48.831058502197266,81.1426773071289,18.186321258544922,71.24744415283203,141.99415588378906,40.51805114746094,105.5237045288086,80.59231567382812,98.25082397460938,46.57281494140625,57.363704681396484,31.50478744506836,33.042724609375,3.559443235397339,28.72536849975586,90.4993667602539,47.816810607910156,31.89697265625,49.101688385009766,30.893587112426758,228.35430908203125,35.28262710571289,53.8962516784668,37.98845672607422,21.81549644470215,20.786584854125977,76.68335723876953,52.76477813720703,84.93000030517578,18.829999923706055,190.0800018310547,160.60000610351562,25.413000106811523,24.469999313354492,50.91999816894531,54.25,63.119998931884766,112.44999694824219,25.510000228881836,96.20999908447266,168.00999450683594,47.08000183105469,129.13999938964844,99.01000213623047,108.36000061035156,58.84000015258789,71.78434753417969,39.599998474121094,33.880001068115234,3.5894999504089355,40.901329040527344,118.31999969482422,57.0,39.04999923706055,52.58000183105469,36.220001220703125,258.07000732421875,47.939998626708984,72.58000183105469,46.61000061035156,30.479999542236328,24.0,87.19000244140625,74.04000091552734,86.87999725341797,20.020000457763672,194.4499969482422,164.1999969482422,26.131999969482422,24.93000030517578,52.439998626708984,55.93000030517578,64.83999633789062,114.97000122070312,26.559999465942383,100.2699966430664,171.42999267578125,48.40999984741211,131.64999389648438,100.55999755859375,111.30000305175781,60.36000061035156,73.36832427978516,40.65999984741211,35.220001220703125,3.703749895095825,41.71726989746094,120.44000244140625,58.34000015258789,39.900001525878906,53.973331451416016,36.939998626708984,262.75,49.040000915527344,74.1500015258789,47.310001373291016,31.225000381469727,24.469999313354492,88.77999877929688,75.5999984741211,84.19999694824219,18.639999389648438,188.63999938964844,159.6199951171875,25.308000564575195,24.15999984741211,50.7599983215332,53.91999816894531,62.689998626708984,111.86000061035156,25.350000381469727,95.45999908447266,166.52999877929688,46.65999984741211,126.83000183105469,98.44000244140625,107.72000122070312,58.130001068115234,71.4312973022461,39.02000045776367,33.599998474121094,3.5309998989105225,40.77798843383789,117.63999938964844,56.66999816894531,38.810001373291016,52.246665954589844,36.119998931884766,256.7300109863281,47.65999984741211,71.25,46.119998931884766,30.260000228881836,23.889999389648438,86.58999633789062,73.4800033569336,85.06999969482422,20.010000228881836,192.24000549316406,161.0,25.39900016784668,24.260000228881836,51.93000030517578,54.849998474121094,64.56999969482422,113.44000244140625,25.68000030517578,99.54000091552734,169.39999389648438,47.86000061035156,128.32000732421875,99.7699966430664,111.20999908447266,59.5099983215332,72.4904556274414,39.290000915527344,34.15999984741211,3.63100004196167,41.27134704589844,118.30000305175781,57.59000015258789,39.0,53.19333267211914,36.630001068115234,261.0400085449219,48.5099983215332,72.91999816894531,46.220001220703125,30.96500015258789,24.100000381469727,88.04000091552734,75.26000213623047,5958200,115437900,2919400,686500,56238000,98602800,12517400,26212500,7018300,7132400,8951200,4816100,8395800,26598700,36933100,25113500,6121700,9197900,15831822,15786300,30891000,662868000,38651866,2666800,16648200,20140600,1176300,10733100,5806800,10081800,4508400,29443300,41464600,101180400,22089500,15464100
2018-12-18,60.68701171875,19.5,148.79278564453125,151.0592803955078,20.641931533813477,20.533899307250977,38.93564987182617,41.74629211425781,47.894981384277344,79.18716430664062,17.40212059020996,69.6182861328125,144.9437255859375,41.086055755615234,106.56962585449219,80.20974731445312,96.5643310546875,46.66780471801758,56.677459716796875,31.735483169555664,33.26704406738281,3.642739772796631,28.25227165222168,89.17611694335938,48.47113037109375,30.908601760864258,49.74915313720703,31.35417938232422,223.84158325195312,34.78216552734375,52.767520904541016,37.91511154174805,21.3001708984375,20.70863914489746,76.01496124267578,51.310970306396484,83.58000183105469,19.5,187.10000610351562,162.5800018310547,24.966999053955078,24.469999313354492,51.560001373291016,53.93000030517578,61.90999984741211,109.73999786376953,24.40999984741211,94.01000213623047,171.5,47.7400016784668,130.4199981689453,98.54000091552734,106.5,58.959999084472656,70.92557525634766,39.88999938964844,34.11000061035156,3.6735000610351562,40.22770309448242,116.58999633789062,57.779998779296875,37.84000015258789,53.27333450317383,36.7599983215332,252.97000122070312,47.2599983215332,71.05999755859375,46.52000045776367,29.760000228881836,23.90999984741211,86.43000030517578,72.0,85.5,19.84000015258789,191.94000244140625,164.72999572753906,25.55900001525879,25.09000015258789,52.04999923706055,55.66999816894531,63.619998931884766,113.23999786376953,25.709999084472656,96.95999908447266,173.02000427246094,48.45000076293945,132.8000030517578,100.88999938964844,109.66000366210938,60.540000915527344,72.30915832519531,40.81999969482422,34.939998626708984,3.7582499980926514,41.27134704589844,119.62000274658203,58.540000915527344,39.0,54.099998474121094,37.0,259.989990234375,48.43000030517578,73.3499984741211,47.52000045776367,30.53499984741211,24.399999618530273,88.0999984741211,73.86000061035156,82.80000305175781,18.8799991607666,184.41000366210938,161.77000427246094,24.881000518798828,24.309999465942383,51.060001373291016,53.54999923706055,61.470001220703125,108.94999694824219,24.389999389648438,93.70999908447266,169.32000732421875,47.36000061035156,129.1999969482422,98.12000274658203,105.66999816894531,58.66999816894531,70.19084167480469,39.63999938964844,33.970001220703125,3.606250047683716,39.886146545410156,115.9000015258789,57.400001525878906,37.66999816894531,53.01333236694336,36.61000061035156,248.1999969482422,46.959999084472656,70.66999816894531,46.31999969482422,29.594999313354492,23.760000228881836,85.5999984741211,71.62000274658203,85.45999908447266,19.149999618530273,191.44000244140625,163.17999267578125,25.507999420166016,24.670000076293945,51.36000061035156,54.720001220703125,63.029998779296875,112.62999725341797,25.459999084472656,96.37000274658203,169.77999877929688,47.470001220703125,132.0500030517578,99.41999816894531,109.43000030517578,59.04999923706055,72.13740539550781,39.95000076293945,34.38999938964844,3.6337499618530273,41.24288558959961,118.54000091552734,57.689998626708984,38.97999954223633,53.02333450317383,36.61000061035156,259.70001220703125,48.22999954223633,72.55000305175781,46.939998626708984,30.424999237060547,24.139999389648438,87.94000244140625,73.62999725341797,5288600,101512900,3164300,710200,51849000,89046300,8410200,27302000,6806200,9658600,10057600,4658700,5150800,29014300,24640100,20837200,6864400,12023600,16163828,14538300,46135400,564372000,31125779,2532100,12384200,20384400,2520300,7100400,5065500,10182000,4295800,26740000,53234000,90844000,24712500,18681200
2018-12-19,60.6434211730957,18.15999984741211,147.512451171875,142.97572326660156,20.164064407348633,20.290544509887695,38.05213165283203,40.887054443359375,47.407596588134766,77.8089370727539,17.00289535522461,68.85551452636719,143.0421142578125,39.218505859375,104.27346801757812,79.19227600097656,98.93085479736328,46.40660095214844,56.250450134277344,31.2661075592041,30.633764266967773,3.4337539672851562,27.96574592590332,87.21808624267578,47.55674743652344,30.86777114868164,47.63242721557617,30.90212631225586,221.4879150390625,34.01674270629883,52.7081298828125,37.22233963012695,21.049663543701172,20.44880485534668,75.0211181640625,50.44152069091797,83.5199966430664,18.15999984741211,185.49000549316406,153.8800048828125,24.388999938964844,24.18000030517578,50.38999938964844,52.81999969482422,61.279998779296875,107.83000183105469,23.850000381469727,92.9800033569336,169.25,45.56999969482422,127.61000061035156,97.29000091552734,109.11000061035156,58.630001068115234,70.39122009277344,39.29999923706055,31.40999984741211,3.46274995803833,39.819732666015625,114.02999877929688,56.689998626708984,37.790000915527344,51.00666809082031,36.22999954223633,250.30999755859375,46.220001220703125,70.9800033569336,45.66999816894531,29.40999984741211,23.610000610351562,85.30000305175781,70.77999877929688,86.30000305175781,19.719999313354492,191.75999450683594,162.97999572753906,25.593000411987305,25.239999771118164,52.0,55.400001525878906,63.7599983215332,111.98999786376953,25.100000381469727,97.13999938964844,174.85000610351562,47.72999954223633,131.35000610351562,100.58000183105469,111.54000091552734,61.150001525878906,71.80343627929688,41.08000183105469,33.58000183105469,3.69350004196167,40.7874755859375,118.22000122070312,58.5,38.959999084472656,53.58000183105469,37.279998779296875,256.55999755859375,47.599998474121094,73.98999786376953,47.43000030517578,30.479999542236328,24.389999389648438,87.63999938964844,73.2699966430664,82.6500015258789,18.0,182.52999877929688,153.33999633789062,24.25200080871582,24.06999969482422,49.86000061035156,52.18000030517578,60.81999969482422,107.0999984741211,23.670000076293945,92.30000305175781,167.60000610351562,45.380001068115234,127.08999633789062,96.5999984741211,107.69999694824219,58.18000030517578,69.72328186035156,38.84000015258789,31.270000457763672,3.410749912261963,39.43074035644531,113.3499984741211,56.060001373291016,37.310001373291016,50.78666687011719,36.099998474121094,247.58999633789062,45.900001525878906,70.23999786376953,45.29999923706055,29.165000915527344,23.420000076293945,84.52999877929688,70.30000305175781,84.33000183105469,19.440000534057617,187.02000427246094,159.9499969482422,24.899999618530273,24.450000762939453,51.849998474121094,53.900001525878906,62.560001373291016,109.91000366210938,24.6200008392334,94.95999908447266,171.58999633789062,47.4900016784668,129.8699951171875,98.41000366210938,111.54000091552734,59.189998626708984,71.2595443725586,39.900001525878906,31.65999984741211,3.6394999027252197,40.63567352294922,116.7300033569336,57.540000915527344,37.880001068115234,52.97666549682617,36.619998931884766,252.3699951171875,47.16999816894531,71.66000366210938,46.38999938964844,29.915000915527344,23.860000610351562,86.5999984741211,72.44999694824219,5510800,120644500,3995400,1580600,59728000,121887600,7811000,31483100,7699800,10472400,10649300,4046700,5316100,39717600,21232100,28767900,8362800,15030100,19765594,19412300,106669600,745364000,36937957,3033300,17376400,25769400,3022800,11786400,5468500,13879300,4913100,34287600,91097800,129331700,23075600,21679600
2018-12-20,61.98670196533203,17.940000534057617,147.09095764160156,141.8607940673828,19.998708724975586,20.2318058013916,37.80292510986328,40.46131134033203,46.41736602783203,75.75241088867188,16.047592163085938,66.45616912841797,142.3321990966797,39.192691802978516,104.81278991699219,78.50852966308594,99.09406280517578,45.448856353759766,56.036949157714844,30.955825805664062,30.50697898864746,3.349217653274536,27.95242691040039,86.87389373779297,47.28829574584961,29.569013595581055,47.30247116088867,30.603591918945312,214.5240936279297,33.685569763183594,52.4333610534668,37.52389907836914,20.466341018676758,20.266918182373047,73.96571350097656,48.90932846069336,85.37000274658203,17.940000534057617,184.9600067138672,152.67999267578125,24.18899917602539,24.110000610351562,50.060001373291016,52.27000045776367,60.0,104.9800033569336,22.510000228881836,89.73999786376953,168.41000366210938,45.540000915527344,128.27000427246094,96.44999694824219,109.29000091552734,57.41999816894531,70.1240463256836,38.90999984741211,31.280000686645508,3.377500057220459,39.800758361816406,113.58000183105469,56.369998931884766,36.20000076293945,50.6533317565918,35.880001068115234,242.44000244140625,45.77000045776367,70.61000061035156,46.040000915527344,28.594999313354492,23.399999618530273,84.0999984741211,68.62999725341797,86.4800033569336,18.860000610351562,186.5399932861328,156.75999450683594,24.850000381469727,24.43000030517578,50.59000015258789,53.25,61.720001220703125,108.06999969482422,23.84000015258789,93.3499984741211,171.64999389648438,46.310001373291016,129.75,98.27999877929688,110.16000366210938,60.0,70.73473358154297,39.65999984741211,32.900001525878906,3.5450000762939453,40.23719024658203,115.44999694824219,57.939998626708984,38.029998779296875,51.810001373291016,36.75,249.00999450683594,46.439998626708984,72.51000213623047,46.77000045776367,29.4950008392334,23.75,85.26000213623047,70.66000366210938,82.41000366210938,17.34000015258789,182.72000122070312,151.69000244140625,23.844999313354492,23.760000228881836,49.75,51.720001220703125,59.66999816894531,104.19000244140625,22.399999618530273,89.0199966430664,167.16000366210938,45.0099983215332,126.76000213623047,95.69000244140625,108.12000274658203,57.09000015258789,69.31298065185547,38.560001373291016,30.860000610351562,3.3172500133514404,39.402278900146484,112.66000366210938,56.060001373291016,36.060001373291016,49.97666549682617,35.540000915527344,240.0500030517578,45.43000030517578,70.01000213623047,45.33000183105469,28.420000076293945,23.270000457763672,83.5,68.05000305175781,82.98999786376953,18.110000610351562,185.05999755859375,156.2100067138672,24.440000534057617,23.850000381469727,50.25,52.209999084472656,60.27000045776367,106.80999755859375,23.31999969482422,91.52999877929688,168.38999938964844,45.40999984741211,127.72000122070312,96.61000061035156,109.0999984741211,57.880001068115234,70.08587646484375,38.88999938964844,31.600000381469727,3.4542500972747803,39.573055267333984,113.3499984741211,57.220001220703125,37.34000015258789,50.983333587646484,36.40999984741211,248.5,45.900001525878906,70.08999633789062,45.400001525878906,29.049999237060547,23.3799991607666,84.91000366210938,70.08999633789062,9453300,119394500,3806200,2719400,75365000,112594000,10182000,39800000,8372900,11612800,13613800,5743800,6488200,37750900,16609600,31825200,8362300,11900600,20321454,27520300,60427600,749588000,34494680,4100800,21742300,24543700,3256500,12540400,7311700,13596600,6304500,43969900,77008800,107016900,25321600,28723700
2018-12-21,61.65994644165039,16.93000030517578,143.31346130371094,137.93052673339844,20.24839210510254,19.61083984375,37.6216926574707,38.88992691040039,46.262638092041016,75.1968002319336,15.619851112365723,64.61962890625,135.26670837402344,38.59025955200195,104.66568756103516,76.65265655517578,99.21192932128906,44.910640716552734,55.587059020996094,29.977262496948242,29.57070541381836,3.212125778198242,27.939105987548828,85.27529907226562,46.01318359375,29.160612106323242,46.49936294555664,30.458587646484375,210.89613342285156,32.83183288574219,53.19821548461914,36.77405548095703,20.26767349243164,19.861665725708008,73.04689025878906,48.545875549316406,84.91999816894531,16.93000030517578,180.2100067138672,148.4499969482422,24.490999221801758,23.3700008392334,49.81999969482422,50.2400016784668,59.79999923706055,104.20999908447266,21.90999984741211,87.26000213623047,160.0500030517578,44.84000015258789,128.08999633789062,94.16999816894531,109.41999816894531,56.7400016784668,69.56106567382812,37.68000030517578,30.31999969482422,3.2392499446868896,39.78178405761719,111.48999786376953,54.849998474121094,35.70000076293945,49.793331146240234,35.709999084472656,238.33999633789062,44.61000061035156,71.63999938964844,45.119998931884766,28.05500030517578,22.790000915527344,82.68000030517578,68.12000274658203,88.70999908447266,18.34000015258789,187.61000061035156,152.58999633789062,25.173999786376953,24.510000228881836,51.380001068115234,52.560001373291016,60.970001220703125,106.94000244140625,22.799999237060547,90.48999786376953,169.6300048828125,46.650001525878906,130.60000610351562,98.43000030517578,111.51000213623047,58.72999954223633,71.04007720947266,39.720001220703125,32.04999923706055,3.4375,40.673622131347656,115.69999694824219,57.279998779296875,36.68000030517578,51.55666732788086,36.93000030517578,247.5,46.25,72.48999786376953,46.529998779296875,28.80500030517578,23.670000076293945,85.2699966430664,70.37000274658203,83.22000122070312,16.760000228881836,179.2100067138672,148.0,24.18899917602539,23.260000228881836,49.630001068115234,49.880001068115234,58.810001373291016,102.91000366210938,21.8799991607666,86.81999969482422,159.4199981689453,44.79999923706055,127.12000274658203,93.69000244140625,108.68000030517578,56.4900016784668,68.91221618652344,37.4900016784668,30.110000610351562,3.2114999294281006,39.326377868652344,111.33000183105469,54.689998626708984,35.22999954223633,49.65666580200195,35.650001525878906,237.4499969482422,44.310001373291016,70.16000366210938,44.93000030517578,27.81999969482422,22.739999771118164,82.51000213623047,67.66999816894531,84.62999725341797,18.1200008392334,183.85000610351562,151.77000427246094,24.18899917602539,23.90999984741211,50.220001220703125,51.900001525878906,59.209999084472656,103.62000274658203,22.450000762939453,89.44000244140625,168.25,45.75,127.80000305175781,96.68000030517578,109.29000091552734,57.209999084472656,69.60877990722656,38.40999984741211,31.68000030517578,3.404249906539917,39.50664138793945,113.12999725341797,56.2599983215332,35.470001220703125,50.97666549682617,36.63999938964844,240.72999572753906,45.470001220703125,70.2699966430664,45.59000015258789,28.334999084472656,23.229999542236328,83.8499984741211,68.13999938964844,16044700,132246000,7829800,1805700,102138000,160800400,14465400,52323000,15043600,19912800,16282800,7468800,8960000,52768300,19732900,41313900,13154500,14239800,37919994,21528400,54630500,863740000,61928192,7403100,38202300,30594300,2780100,16981000,12209700,22650900,7720400,55577900,74787400,118502300,28909200,47287300
2018-12-24,61.108150482177734,16.649999618530273,141.8740234375,134.7342987060547,19.329849243164062,19.073789596557617,36.821224212646484,38.13132858276367,44.10423278808594,72.87325286865234,14.956840515136719,61.36125946044922,132.13967895507812,37.514488220214844,100.37579345703125,75.000244140625,96.79103088378906,42.99515151977539,54.25267028808594,29.444238662719727,28.302833557128906,3.150397300720215,27.019577026367188,83.9138412475586,45.00652313232422,28.744022369384766,45.13594436645508,30.100357055664062,206.11788940429688,32.20625686645508,51.19326400756836,35.535221099853516,19.447721481323242,19.443342208862305,71.2975845336914,46.685855865478516,84.16000366210938,16.649999618530273,178.39999389648438,145.00999450683594,23.3799991607666,22.729999542236328,48.7599983215332,49.2599983215332,57.0099983215332,100.98999786376953,20.979999542236328,82.86000061035156,156.35000610351562,43.59000015258789,122.83999633789062,92.13999938964844,106.75,54.31999969482422,67.89122009277344,37.0099983215332,29.020000457763672,3.177000045776367,38.47248458862305,109.70999908447266,53.650001525878906,35.189998626708984,48.33333206176758,35.290000915527344,232.94000244140625,43.7599983215332,68.94000244140625,43.599998474121094,26.920000076293945,22.309999465942383,80.69999694824219,65.51000213623047,86.44000244140625,17.219999313354492,182.92999267578125,150.49000549316406,24.3700008392334,23.209999084472656,49.689998626708984,50.25,59.68000030517578,104.1500015258789,21.950000762939453,86.7300033569336,160.0,45.16999816894531,128.0,94.22000122070312,109.41000366210938,56.40999984741211,69.56106567382812,38.0,30.350000381469727,3.249500036239624,39.810245513916016,112.66999816894531,54.88999938964844,35.880001068115234,49.913333892822266,35.88999938964844,237.89999389648438,44.63999938964844,71.44000244140625,45.099998474121094,27.860000610351562,22.75,82.44000244140625,67.52999877929688,83.5999984741211,16.3700008392334,178.2899932861328,144.80999755859375,23.35099983215332,22.65999984741211,48.75,48.47999954223633,57.0099983215332,100.91000366210938,20.969999313354492,82.77999877929688,154.30999755859375,43.540000915527344,121.0,92.13999938964844,106.62999725341797,54.290000915527344,67.64312744140625,36.7400016784668,29.0,3.112499952316284,38.44402313232422,109.5999984741211,53.56999969482422,35.0,48.33333206176758,35.27000045776367,232.55999755859375,43.650001525878906,68.91000366210938,43.599998474121094,26.895000457763672,22.280000686645508,80.6500015258789,65.44000244140625,84.8499984741211,16.520000457763672,179.5,149.13999938964844,24.200000762939453,22.760000228881836,49.459999084472656,49.400001525878906,58.83000183105469,103.30000305175781,21.610000610351562,86.2300033569336,159.0,44.630001068115234,127.30000305175781,92.88999938964844,109.3499984741211,55.310001373291016,69.20801544189453,37.61000061035156,29.860000610351562,3.16225004196167,39.667930603027344,111.0,53.70000076293945,35.45000076293945,49.36000061035156,35.560001373291016,236.24000549316406,44.0,71.25,44.470001220703125,27.725000381469727,22.489999771118164,82.12999725341797,66.87000274658203,5097900,62933100,2205100,321500,28494000,64859100,5580800,21970800,3842800,5619500,5332200,2773400,3783500,19241600,7531900,17009300,3284000,4508800,11565833,11444400,23771800,463840000,19778205,2359600,8275000,14037400,2641800,6288500,3091000,6830500,3265100,18049900,31211800,71752700,14235500,14262800
2018-12-26,64.65148162841797,17.899999618530273,149.3971710205078,142.08380126953125,20.515443801879883,20.2318058013916,37.780269622802734,39.81882095336914,47.577796936035156,77.49143981933594,16.190174102783203,65.90077209472656,137.70074462890625,39.7520866394043,103.53809356689453,78.10965728759766,100.72613525390625,46.18496322631836,56.42583084106445,31.2661075592041,30.12662124633789,3.2996368408203125,28.112346649169922,87.83758544921875,46.944358825683594,29.903911590576172,47.844093322753906,31.35417938232422,215.3292694091797,33.40590286254883,54.43832015991211,37.15713119506836,20.657787322998047,20.323564529418945,74.40745544433594,48.91646194458008,89.04000091552734,17.899999618530273,187.86000061035156,152.9199981689453,24.81399917602539,24.110000610351562,50.029998779296875,51.439998626708984,61.5,107.38999938964844,22.709999084472656,88.98999786376953,162.92999267578125,46.189998626708984,126.70999908447266,95.95999908447266,111.08999633789062,58.349998474121094,70.61068725585938,39.29999923706055,30.889999389648438,3.327500104904175,40.02846145629883,114.83999633789062,55.959999084472656,36.61000061035156,51.233333587646484,36.7599983215332,243.35000610351562,45.38999938964844,73.30999755859375,45.59000015258789,28.594999313354492,23.31999969482422,84.22000122070312,68.63999938964844,89.08999633789062,17.90999984741211,188.02999877929688,153.00999450683594,24.850000381469727,24.18000030517578,50.099998474121094,51.45000076293945,61.529998779296875,107.38999938964844,22.719999313354492,89.02999877929688,163.11000061035156,46.20000076293945,126.76000213623047,95.95999908447266,111.08999633789062,58.380001068115234,70.63931274414062,39.400001525878906,30.90999984741211,3.3285000324249268,40.0379524230957,114.8499984741211,56.0,36.630001068115234,51.233333587646484,36.77000045776367,243.3699951171875,45.38999938964844,73.48999786376953,45.59000015258789,28.600000381469727,23.329999923706055,84.30000305175781,68.66000366210938,84.62000274658203,16.030000686645508,178.8800048828125,144.5,23.350000381469727,22.690000534057617,47.88999938964844,48.41999816894531,56.75,100.22000122070312,20.3700008392334,82.04000091552734,151.6999969482422,43.5099983215332,122.01000213623047,91.11000061035156,106.43000030517578,54.439998626708984,67.71946716308594,36.779998779296875,28.389999389648438,3.1115000247955322,38.34914779663086,108.44999694824219,53.5099983215332,34.9900016784668,48.26333236694336,35.33000183105469,231.80999755859375,43.13999938964844,68.80999755859375,43.02000045776367,26.68000030517578,22.049999237060547,80.61000061035156,64.6500015258789,84.73999786376953,16.8799991607666,179.0399932861328,146.49000549316406,23.777999877929688,22.90999984741211,48.810001373291016,49.650001525878906,57.68000030517578,101.8499984741211,21.1200008392334,83.83000183105469,157.0,44.0,123.41999816894531,92.69000244140625,106.76000213623047,54.630001068115234,67.71946716308594,37.279998779296875,29.34000015258789,3.2235000133514404,38.57685089111328,110.2699966430664,54.25,35.40999984741211,49.133331298828125,35.33000183105469,232.6999969482422,43.91999816894531,69.29000091552734,43.84000015258789,27.18000030517578,22.3700008392334,81.0,66.18000030517578,6225000,108811800,2868200,634500,36741000,100877800,8389800,32005600,7263900,10779400,9944300,4488200,7054700,28677600,9253000,22542900,3792400,6036400,14074011,16814200,45711000,695100000,25437131,3046200,18451600,19950500,4233900,10063400,4159300,10866400,5828300,27770000,58194000,108133500,20575100,24887700
2018-12-27,65.28318786621094,17.489999771118164,151.36148071289062,143.44964599609375,20.739490509033203,20.44998550415039,38.06723403930664,40.07427215576172,48.14254379272461,78.88410186767578,16.32562828063965,65.75264739990234,139.7967071533203,39.898406982421875,104.11006927490234,78.98877716064453,102.35821533203125,46.77860641479492,57.47809600830078,31.552505493164062,31.140913009643555,3.251790761947632,28.5521240234375,88.53366088867188,47.053409576416016,29.67519760131836,48.15850067138672,31.371234893798828,217.6475830078125,33.59726333618164,55.41852951049805,37.10822296142578,20.766149520874023,20.56759262084961,75.2291259765625,49.130252838134766,89.91000366210938,17.489999771118164,190.3300018310547,154.38999938964844,25.084999084472656,24.3700008392334,50.40999984741211,51.77000045776367,62.22999954223633,109.31999969482422,22.899999618530273,88.79000091552734,165.41000366210938,46.36000061035156,127.41000366210938,97.04000091552734,112.88999938964844,59.099998474121094,71.92748260498047,39.65999984741211,31.93000030517578,3.279249906539917,40.65464782714844,115.75,56.09000015258789,36.33000183105469,51.56999969482422,36.779998779296875,245.97000122070312,45.650001525878906,74.62999725341797,45.529998779296875,28.7450008392334,23.600000381469727,85.1500015258789,68.94000244140625,89.93000030517578,17.739999771118164,190.41000366210938,154.41000366210938,25.12299919128418,24.3700008392334,50.40999984741211,51.77000045776367,62.2400016784668,109.33000183105469,22.899999618530273,88.79000091552734,165.41000366210938,46.380001068115234,127.41000366210938,97.1500015258789,112.9000015258789,59.119998931884766,71.92748260498047,39.77000045776367,32.0099983215332,3.309499979019165,40.65464782714844,115.75,56.38999938964844,36.470001220703125,51.57666778564453,36.79999923706055,245.97000122070312,45.650001525878906,74.62999725341797,45.529998779296875,28.780000686645508,23.600000381469727,85.19999694824219,68.94000244140625,86.86000061035156,16.440000534057617,183.6199951171875,149.57000732421875,24.214000701904297,23.389999389648438,48.720001220703125,49.70000076293945,59.45000076293945,104.87999725341797,21.760000228881836,85.05000305175781,159.02000427246094,44.66999816894531,123.06999969482422,93.55000305175781,108.7300033569336,56.54999923706055,69.42748260498047,38.33000183105469,30.229999542236328,3.129499912261963,39.14611053466797,111.62000274658203,54.77000045776367,35.02000045776367,49.84000015258789,35.959999084472656,235.24000549316406,44.119998931884766,71.7300033569336,43.849998474121094,27.639999389648438,22.709999084472656,82.0999984741211,66.08000183105469,87.94999694824219,17.43000030517578,185.36000061035156,149.83999633789062,24.5,23.780000686645508,49.63999938964844,50.619998931884766,60.630001068115234,105.47000122070312,22.229999542236328,87.0999984741211,160.1199951171875,45.619998931884766,125.87000274658203,94.81999969482422,110.23999786376953,57.02000045776367,69.92366027832031,38.47999954223633,30.40999984741211,3.274749994277954,39.667930603027344,113.33999633789062,55.540000915527344,36.099998474121094,50.4466667175293,36.20000076293945,239.10000610351562,44.84000015258789,72.04000091552734,44.720001220703125,28.020000457763672,22.93000030517578,83.2300033569336,67.73999786376953,7272800,111373000,3137900,725800,37507000,91575400,7919100,28573400,6131000,10655100,8395900,4305200,4973000,29970700,9918700,20304700,4101600,5766200,13577154,13897900,39858300,637044000,28894672,2510300,15804800,16779100,2700600,8688600,4295800,9209900,4872800,27005300,48754600,98005000,14045700,22077000
2018-12-28,66.16175079345703,17.81999969482422,151.67958068847656,144.1000518798828,20.966028213500977,20.466766357421875,38.46746063232422,40.1207160949707,47.70930862426758,78.40062713623047,16.011943817138672,64.81217193603516,137.78529357910156,40.234039306640625,103.99566650390625,78.81783294677734,103.54598999023438,46.097900390625,57.4704704284668,31.321792602539062,30.789810180664062,3.3132717609405518,28.625423431396484,88.24302673339844,47.657405853271484,29.89573860168457,48.504032135009766,31.67830467224121,217.88648986816406,33.54530715942383,54.56455612182617,37.311988830566406,20.607210159301758,20.558876037597656,75.31745147705078,48.581520080566406,91.12000274658203,17.81999969482422,190.72999572753906,155.08999633789062,25.358999252319336,24.389999389648438,50.939998626708984,51.83000183105469,61.66999816894531,108.6500015258789,22.459999084472656,87.5199966430664,163.02999877929688,46.75,127.2699966430664,96.83000183105469,114.19999694824219,58.2400016784668,71.91793823242188,39.369998931884766,31.56999969482422,3.341249942779541,40.75901412963867,115.37000274658203,56.810001373291016,36.599998474121094,51.939998626708984,37.13999938964844,246.24000549316406,45.209999084472656,73.4800033569336,45.779998779296875,28.524999618530273,23.59000015258789,85.25,68.16999816894531,92.81999969482422,18.309999465942383,194.58999633789062,157.69000244140625,25.805999755859375,24.75,51.70000076293945,52.54999923706055,62.869998931884766,110.36000061035156,23.15999984741211,89.33000183105469,165.9499969482422,47.7400016784668,128.75,98.31999969482422,115.08999633789062,59.91999816894531,73.07251739501953,40.0,32.279998779296875,3.4347500801086426,41.30929946899414,117.12000274658203,57.529998779296875,37.15999984741211,52.880001068115234,37.68000030517578,249.7899932861328,45.779998779296875,75.4000015258789,46.43000030517578,29.0049991607666,23.899999618530273,86.44000244140625,69.58000183105469,90.0,17.139999389648438,190.05999755859375,154.75999450683594,25.115999221801758,24.260000228881836,50.5,51.56999969482422,61.150001525878906,108.12000274658203,22.219999313354492,86.1500015258789,162.02000427246094,46.29999923706055,126.75,96.44000244140625,112.58999633789062,57.79999923706055,71.40267181396484,38.939998626708984,31.399999618530273,3.2577500343322754,40.61669921875,114.8499984741211,56.2400016784668,36.34000015258789,51.526668548583984,37.02000045776367,244.80999755859375,45.02000045776367,72.55000305175781,45.529998779296875,28.350000381469727,23.489999771118164,84.9000015258789,67.81999969482422,90.08999633789062,17.530000686645508,191.6300048828125,157.5399932861328,25.299999237060547,24.59000015258789,50.61000061035156,51.93000030517578,62.75,109.6500015258789,22.979999542236328,89.23999786376953,165.63999938964844,46.5099983215332,127.91000366210938,97.94999694824219,113.4000015258789,59.459999084472656,72.40457916259766,39.939998626708984,32.0,3.299999952316284,40.815940856933594,116.20999908447266,56.33000183105469,36.52000045776367,51.82666778564453,37.130001068115234,246.7100067138672,45.47999954223633,74.86000061035156,45.68000030517578,28.875,23.709999084472656,85.69999694824219,69.18000030517578,6037700,109214400,2477500,676500,28702000,78693800,7686400,23176900,5053700,6445400,7783500,3325200,4110500,24758700,6537200,17963300,3984000,4563500,13180696,12854200,29873400,628728000,25480977,1803100,12749600,15785500,1011000,7369000,3312700,8372200,4265700,23635000,38874800,76348400,15770600,19710600
2018-12-31,66.93869018554688,18.459999084472656,154.81289672851562,144.5924530029297,21.023073196411133,20.676557540893555,39.25281524658203,40.29876708984375,48.2353630065918,78.50167083740234,16.06898307800293,64.58262634277344,141.182861328125,40.38895034790039,105.45014953613281,79.46087646484375,104.92418670654297,46.70737838745117,58.26347351074219,31.5445556640625,30.94586181640625,3.309553384780884,29.08518409729004,89.4209213256836,47.741294860839844,29.471006393432617,48.84331512451172,31.482118606567383,220.43490600585938,33.90889358520508,55.67100143432617,37.55648422241211,20.715578079223633,20.75932502746582,76.43064880371094,48.59575271606445,92.19000244140625,18.459999084472656,194.6699981689453,155.6199951171875,25.42799949645996,24.639999389648438,51.97999954223633,52.060001373291016,62.349998474121094,108.79000091552734,22.540000915527344,87.20999908447266,167.0500030517578,46.93000030517578,129.0500030517578,97.62000274658203,115.72000122070312,59.0099983215332,72.9103012084961,39.650001525878906,31.729999542236328,3.3375000953674316,41.41366195678711,116.91000366210938,56.90999984741211,36.08000183105469,52.3033332824707,36.90999984741211,249.1199951171875,45.70000076293945,74.97000122070312,46.08000183105469,28.674999237060547,23.81999969482422,86.51000213623047,68.19000244140625,92.98999786376953,18.510000228881836,195.8000030517578,157.02999877929688,25.850000381469727,24.969999313354492,52.0099983215332,52.66999816894531,62.72999954223633,110.23999786376953,22.950000762939453,88.9000015258789,167.1199951171875,47.47999954223633,129.5500030517578,98.80999755859375,115.8499984741211,59.220001220703125,73.18701934814453,40.08000183105469,32.400001525878906,3.4177498817443848,41.48956298828125,117.2300033569336,57.40999984741211,36.810001373291016,52.709999084472656,37.59000015258789,250.27999877929688,45.81999969482422,75.22000122070312,46.47999954223633,28.885000228881836,23.920000076293945,86.58999633789062,69.1500015258789,91.2300033569336,17.850000381469727,191.61000061035156,153.9499969482422,25.094999313354492,24.3700008392334,51.029998779296875,51.38999938964844,61.689998626708984,107.86000061035156,22.030000686645508,86.37000274658203,163.77999877929688,46.54999923706055,127.41999816894531,96.7699966430664,114.23999786376953,57.90999984741211,72.19465637207031,39.06999969482422,31.459999084472656,3.30649995803833,40.891841888427734,115.1500015258789,56.279998779296875,35.2599983215332,51.7599983215332,36.77000045776367,246.94000244140625,45.060001373291016,73.70999908447266,45.56999969482422,28.34000015258789,23.520000457763672,85.66999816894531,67.66000366210938,91.5999984741211,18.149999618530273,191.92999267578125,156.0399932861328,25.783000946044922,24.56999969482422,51.06999969482422,51.97999954223633,62.130001068115234,109.1500015258789,22.65999984741211,88.20999908447266,163.77999877929688,47.09000015258789,128.17999267578125,97.58999633789062,114.33999633789062,58.5099983215332,72.34732818603516,39.66999816894531,31.989999771118164,3.384999990463257,40.9962043762207,115.87999725341797,57.119998931884766,36.65999984741211,52.47999954223633,37.43000030517578,248.05999755859375,45.34000015258789,73.80999755859375,45.97999954223633,28.780000686645508,23.719999313354492,85.7300033569336,68.31999969482422,5722100,84732200,2764800,356500,26590000,56257300,7369800,19317500,5290800,6309600,9196600,3571100,4550000,20490400,7409900,13237200,2731000,4357900,9687502,9518100,21392100,465140000,20534028,1887600,8877000,19349800,2207700,4600600,3123200,7388200,3817800,16544500,37410400,56435400,10163100,15807000
2019-01-02,64.78943634033203,18.829999923706055,152.61004638671875,145.2243194580078,20.95941162109375,20.94508171081543,39.59263610839844,41.43665313720703,49.03220748901367,79.87267303466797,16.546630859375,67.1004409790039,145.3916778564453,40.51805114746094,104.38787841796875,80.83649444580078,104.16255950927734,47.206031799316406,57.63821792602539,32.141239166259766,31.940654754638672,3.376983404159546,28.81865882873535,90.87415313720703,48.1523551940918,30.38584327697754,49.15771484375,31.149471282958984,215.45315551757812,34.391178131103516,56.10911178588867,38.257415771484375,21.123746871948242,20.933626174926758,75.27328491210938,49.66474533081055,89.2300033569336,18.829999923706055,191.89999389648438,156.3000030517578,25.35099983215332,24.959999084472656,52.43000030517578,53.529998779296875,63.380001068115234,110.69000244140625,23.209999084472656,90.61000061035156,172.02999877929688,47.08000183105469,127.75,99.30999755859375,114.87999725341797,59.63999938964844,72.12786102294922,40.400001525878906,32.75,3.4054999351501465,41.034156799316406,118.80999755859375,57.400001525878906,37.20000076293945,52.63999938964844,36.52000045776367,243.49000549316406,46.349998474121094,75.55999755859375,46.939998626708984,29.239999771118164,24.020000457763672,85.19999694824219,69.69000244140625,91.26000213623047,19.0,193.1999969482422,157.25,25.469999313354492,25.139999389648438,52.84000015258789,53.7400016784668,63.849998474121094,111.68000030517578,23.40999984741211,91.26000213623047,172.25,47.470001220703125,128.3800048828125,99.77999877929688,115.43000030517578,60.279998779296875,72.5095443725586,40.720001220703125,33.08000183105469,3.4619998931884766,41.27134704589844,119.12000274658203,58.0,37.75,53.11000061035156,36.75,246.35000610351562,46.38999938964844,76.1500015258789,46.95000076293945,29.434999465942383,24.06999969482422,85.83000183105469,69.87000274658203,88.41999816894531,17.979999542236328,188.9499969482422,153.83999633789062,24.64900016784668,24.010000228881836,51.34000015258789,50.66999816894531,60.43000030517578,107.0999984741211,21.760000228881836,85.19999694824219,163.35000610351562,45.77000045776367,126.27999877929688,95.94000244140625,112.75,57.790000915527344,71.1832046508789,38.7599983215332,30.75,3.2512500286102295,40.455406188964844,114.8499984741211,55.91999816894531,35.34000015258789,51.18000030517578,36.0,241.47000122070312,45.04999923706055,73.16999816894531,45.40999984741211,28.075000762939453,23.399999618530273,84.2699966430664,67.26000213623047,91.23999786376953,18.010000228881836,192.52000427246094,154.27999877929688,24.885000228881836,24.079999923706055,51.34000015258789,50.68000030517578,60.689998626708984,107.33999633789062,21.940000534057617,85.66000366210938,164.3300018310547,45.959999084472656,128.1300048828125,95.94999694824219,114.79000091552734,58.16999816894531,71.84160614013672,39.02000045776367,31.0,3.2660000324249268,40.91081619262695,115.1500015258789,56.20000076293945,35.4900016784668,51.233333587646484,36.20000076293945,245.0,45.220001220703125,73.81999969482422,45.529998779296875,28.219999313354492,23.469999313354492,85.18000030517578,67.3499984741211,6908400,87148700,3009100,602500,30346000,71836300,8441300,21646300,5735400,6384800,6788900,3863000,3999400,18774600,7631700,15670900,4247100,6608000,15120125,10648000,26004300,508752000,26430315,1912000,9896600,15926100,2292000,5273100,4063600,8155500,4271900,20295200,49785200,62945000,14179900,16727200
2019-01-03,62.654701232910156,17.049999237060547,150.2879180908203,137.215087890625,19.095048904418945,20.609418869018555,34.34102249145508,40.68579864501953,48.10386276245117,78.34292602539062,16.767635345458984,66.62650299072266,143.26190185546875,38.28904342651367,102.7291259765625,79.68769073486328,100.92560577392578,46.51740646362305,56.45633316040039,31.568418502807617,30.233901977539062,3.1729562282562256,28.01239776611328,90.46113586425781,46.72624206542969,30.71257209777832,46.290794372558594,29.307119369506836,209.57772827148438,33.90889358520508,55.099212646484375,37.95585250854492,20.914249420166016,20.4630126953125,73.7448501586914,48.90220260620117,86.29000091552734,17.049999237060547,188.97999572753906,147.67999267578125,23.09600067138672,24.559999465942383,45.119998931884766,52.560001373291016,62.18000030517578,108.56999969482422,23.520000457763672,89.97000122070312,169.50999450683594,44.4900016784668,125.72000122070312,97.11000061035156,111.30999755859375,58.77000045776367,70.64885711669922,39.68000030517578,31.0,3.1997499465942383,39.886146545410156,118.2699966430664,55.70000076293945,37.599998474121094,49.56999969482422,34.36000061035156,236.85000610351562,45.70000076293945,74.19999694824219,46.56999969482422,28.950000762939453,23.479999542236328,83.47000122070312,68.62000274658203,88.80000305175781,18.68000030517578,194.17999267578125,152.22000122070312,24.65399932861328,25.040000915527344,47.619998931884766,53.619998931884766,63.709999084472656,111.29000091552734,23.979999542236328,91.22000122070312,171.77000427246094,46.279998779296875,128.27000427246094,98.88999938964844,114.73999786376953,60.040000915527344,72.4904556274414,40.220001220703125,32.150001525878906,3.378999948501587,41.119544982910156,120.0,56.84000015258789,38.59000015258789,51.76333236694336,35.52000045776367,243.47999572753906,46.439998626708984,76.16000366210938,47.349998474121094,29.43000030517578,23.899999618530273,85.5,70.25,86.08000183105469,16.940000534057617,188.6699981689453,147.3800048828125,23.033000946044922,24.450000762939453,44.29999923706055,52.220001220703125,61.65999984741211,108.06999969482422,22.8799991607666,88.26000213623047,168.2899932861328,44.38999938964844,125.36000061035156,96.69000244140625,111.0999984741211,58.040000915527344,70.46755981445312,39.25,30.860000610351562,3.1922500133514404,39.800758361816406,117.29000091552734,55.52000045776367,36.86000061035156,49.54666519165039,34.27000045776367,236.1300048828125,45.63999938964844,72.94999694824219,46.369998931884766,28.6200008392334,23.420000076293945,83.25,68.36000061035156,88.63999938964844,18.420000076293945,192.14999389648438,151.19000244140625,24.45599937438965,24.940000534057617,46.91999816894531,53.40999984741211,63.540000915527344,111.05999755859375,23.25,90.5999984741211,170.66000366210938,46.150001525878906,128.13999938964844,98.63999938964844,114.72000122070312,59.709999084472656,72.09923553466797,40.220001220703125,31.81999969482422,3.344749927520752,41.0246696472168,118.05999755859375,55.95000076293945,37.310001373291016,51.439998626708984,35.34000015258789,243.47999572753906,46.20000076293945,75.94000244140625,46.650001525878906,29.325000762939453,23.84000015258789,85.31999969482422,70.0,7653200,117277600,3973900,1078600,68580000,66599600,80351600,21183000,4727300,6496200,7699700,2961700,4060200,32267300,8654500,16286400,4203300,6290600,13910628,13034500,29145500,705552000,28503533,2789600,14422200,20007900,3070200,15998000,4623200,8141100,3300800,22262000,36048200,65729700,17668000,13866100
2019-01-04,64.67325592041016,19.0,155.4252166748047,143.15234375,19.282726287841797,21.465351104736328,35.68817901611328,42.67518997192383,49.31844711303711,79.96648406982422,17.516183853149414,69.5516128540039,147.9440460205078,40.6385383605957,104.45325469970703,82.6253890991211,103.96309661865234,48.79698181152344,58.156742095947266,32.85725021362305,31.891887664794922,3.3762404918670654,28.65207862854004,92.72514343261719,47.48125457763672,31.929636001586914,48.37950134277344,29.82741928100586,212.02879333496094,34.747337341308594,57.185848236083984,39.08059310913086,21.62583351135254,21.14278221130371,75.94473266601562,50.70521545410156,89.06999969482422,19.0,195.44000244140625,154.07000732421875,23.322999954223633,25.579999923706055,46.88999938964844,55.130001068115234,63.75,110.81999969482422,24.56999969482422,93.91999816894531,175.0500030517578,47.220001220703125,127.83000183105469,100.69000244140625,114.66000366210938,61.650001525878906,72.77671813964844,41.29999923706055,32.70000076293945,3.404750108718872,40.79696273803711,121.2300033569336,56.599998474121094,39.09000015258789,51.80666732788086,34.970001220703125,239.6199951171875,46.83000183105469,77.01000213623047,47.95000076293945,29.934999465942383,24.260000228881836,85.95999908447266,71.1500015258789,89.13999938964844,19.06999969482422,196.52000427246094,154.9600067138672,23.645000457763672,25.649999618530273,47.54999923706055,55.380001068115234,63.90999984741211,110.98999786376953,24.729999542236328,94.30000305175781,176.0,47.56999969482422,128.64999389648438,100.93000030517578,114.83999633789062,61.720001220703125,72.99618530273438,41.58000183105469,33.040000915527344,3.4432499408721924,41.129032135009766,121.73999786376953,56.83000183105469,39.22999954223633,51.98666763305664,35.029998779296875,243.4600067138672,47.130001068115234,77.2699966430664,48.11000061035156,30.024999618530273,24.309999465942383,86.43000030517578,71.2699966430664,86.2699966430664,17.43000030517578,190.83999633789062,150.0399932861328,23.16699981689453,25.030000686645508,45.86000061035156,53.65999984741211,62.65999984741211,109.47000122070312,24.030000686645508,91.08000183105469,171.10000610351562,45.540000915527344,126.7300033569336,98.27999877929688,111.73999786376953,59.25,71.22137451171875,40.279998779296875,31.549999237060547,3.242500066757202,40.09487533569336,119.7300033569336,55.209999084472656,38.029998779296875,50.31666564941406,34.209999084472656,238.8000030517578,46.150001525878906,74.5999984741211,47.20000076293945,29.280000686645508,23.81999969482422,84.41000366210938,69.36000061035156,87.75,17.549999237060547,191.4600067138672,150.64999389648438,23.429000854492188,25.100000381469727,45.880001068115234,54.0099983215332,63.08000183105469,110.27999877929688,24.139999389648438,91.69999694824219,172.99000549316406,45.84000015258789,127.12000274658203,99.11000061035156,112.20999908447266,59.91999816894531,71.3167953491211,40.5,31.65999984741211,3.2734999656677246,40.265655517578125,120.4800033569336,56.5,38.29999923706055,50.496665954589844,34.459999084472656,239.8000030517578,46.439998626708984,75.43000030517578,47.41999816894531,29.450000762939453,23.8799991607666,84.44999694824219,69.63999938964844,8910600,111878600,4193400,589500,54248000,83829100,47515800,24205100,7700100,7952500,9714500,3874200,3788300,35447300,8831700,16935200,5795200,6297600,14753115,14371600,28557300,585620000,27145348,2703800,14177300,19506600,2537400,14178200,5367600,7725300,4364500,23343600,42703000,64638400,16262600,16043600
2019-01-07,65.61717987060547,20.56999969482422,157.51681518554688,146.4228515625,19.67544174194336,21.448566436767578,36.84504699707031,43.0467529296875,49.10182571411133,81.00557708740234,18.072254180908203,69.9885482788086,148.76382446289062,40.8278694152832,103.78321075439453,82.68284606933594,104.52523040771484,49.27979278564453,57.516212463378906,33.18343734741211,33.15976333618164,3.554980516433716,28.805330276489258,92.51860809326172,47.34701919555664,32.81180191040039,49.27288818359375,30.049184799194336,212.435791015625,34.5840950012207,57.245262145996094,38.827945709228516,21.94731903076172,21.16893196105957,76.23627471923828,50.96888732910156,90.37000274658203,20.56999969482422,198.07000732421875,157.58999633789062,23.79800033569336,25.559999465942383,48.40999984741211,55.61000061035156,63.470001220703125,112.26000213623047,25.350000381469727,94.51000213623047,176.02000427246094,47.439998626708984,127.01000213623047,100.76000213623047,115.27999877929688,62.2599983215332,71.97518920898438,41.709999084472656,34.0,3.5850000381469727,41.01517868041992,120.95999908447266,56.439998626708984,40.16999816894531,52.76333236694336,35.22999954223633,240.0800018310547,46.61000061035156,77.08999633789062,47.63999938964844,30.3799991607666,24.290000915527344,86.29000091552734,71.5199966430664,90.76000213623047,20.68000030517578,199.36000061035156,159.25999450683594,24.02400016784668,25.780000686645508,48.7400016784668,56.209999084472656,64.2699966430664,112.93000030517578,25.75,96.41000366210938,177.8300018310547,48.0,128.35000610351562,101.47000122070312,116.44000244140625,63.06999969482422,72.96755981445312,42.15999984741211,34.45000076293945,3.6222500801086426,41.38520050048828,121.94000244140625,57.15999984741211,40.470001220703125,53.27000045776367,35.470001220703125,241.97999572753906,47.099998474121094,78.33999633789062,48.22999954223633,30.600000381469727,24.510000228881836,87.0999984741211,72.0999984741211,89.19999694824219,19.0,194.0,155.82000732421875,23.076000213623047,25.290000915527344,46.36000061035156,54.79999923706055,62.689998626708984,109.91999816894531,24.34000015258789,92.22000122070312,172.27000427246094,46.75,126.80000305175781,99.70999908447266,112.05000305175781,61.15999984741211,71.95610809326172,40.97999954223633,33.310001373291016,3.410749912261963,40.66413879394531,119.80000305175781,55.95000076293945,38.95000076293945,51.74333190917969,34.970001220703125,238.22999572753906,46.459999084472656,76.01000213623047,47.540000915527344,29.760000228881836,24.059999465942383,85.7300033569336,70.73999786376953,90.06999969482422,19.440000534057617,194.75999450683594,156.5,23.364999771118164,25.559999465942383,47.040000915527344,55.33000183105469,63.90999984741211,111.05999755859375,24.739999771118164,94.48999786376953,175.22999572753906,47.099998474121094,127.62999725341797,100.43000030517578,112.37000274658203,61.869998931884766,72.66221618652344,41.5099983215332,33.70000076293945,3.4625000953674316,40.86337661743164,120.25,56.38999938964844,39.209999084472656,51.959999084472656,35.0099983215332,240.39999389648438,46.65999984741211,77.0,47.779998779296875,30.15999984741211,24.209999084472656,85.98999786376953,71.25,7281500,107157000,3032500,971900,53433000,57016300,26805000,20634100,6272200,5712700,7237600,4453100,3152100,22736800,8404700,15430700,7749600,6333100,15795142,11812400,44841500,709160000,20995469,2145600,12352000,15736900,1679700,6850800,4133000,5927000,3833600,21858000,36113400,48167000,12387200,10844200
2019-01-08,65.922119140625,20.75,159.53672790527344,145.3450469970703,19.517526626586914,21.406612396240234,36.5253791809082,42.930641174316406,49.75941467285156,80.65198516845703,18.214839935302734,70.73648834228516,148.21446228027344,41.086055755615234,106.19376373291016,82.52690887451172,105.48631286621094,49.76262283325195,57.94321823120117,32.97658920288086,32.906192779541016,3.466478109359741,28.938594818115234,92.6639175415039,46.93597412109375,33.2202033996582,49.05808639526367,29.80181121826172,215.2761688232422,34.806697845458984,57.445762634277344,38.74643325805664,22.117080688476562,21.186357498168945,76.8282470703125,51.3394775390625,90.79000091552734,20.75,200.61000061035156,156.42999267578125,23.60700035095215,25.510000228881836,47.9900016784668,55.459999084472656,64.31999969482422,111.7699966430664,25.549999237060547,95.5199966430664,175.3699951171875,47.7400016784668,129.9600067138672,100.56999969482422,116.33999633789062,62.869998931884766,72.5095443725586,41.45000076293945,33.7400016784668,3.4957499504089355,41.204933166503906,121.1500015258789,55.95000076293945,40.66999816894531,52.53333282470703,34.939998626708984,243.2899932861328,46.90999984741211,77.36000061035156,47.540000915527344,30.614999771118164,24.309999465942383,86.95999908447266,72.04000091552734,92.30000305175781,21.200000762939453,201.1199951171875,158.77000427246094,24.190000534057617,25.790000915527344,48.880001068115234,56.189998626708984,64.58000183105469,113.79000091552734,25.90999984741211,96.11000061035156,178.10000610351562,48.029998779296875,130.5,101.81999969482422,116.41999816894531,63.63999938964844,72.71946716308594,42.40999984741211,34.59000015258789,3.6695001125335693,41.46110153198242,121.80000305175781,56.880001068115234,41.0,53.33333206176758,35.18000030517578,244.7899932861328,47.15999984741211,78.33000183105469,48.15999984741211,30.875,24.549999237060547,87.25,72.58999633789062,90.4000015258789,19.68000030517578,196.67999267578125,155.5500030517578,23.336999893188477,25.09000015258789,47.0,54.7599983215332,63.459999084472656,111.66999816894531,25.110000610351562,94.33999633789062,172.89999389648438,46.779998779296875,127.7300033569336,99.55000305175781,114.5199966430664,61.88999938964844,71.84160614013672,41.08000183105469,32.810001373291016,3.422499895095825,40.93927764892578,119.30999755859375,55.61000061035156,40.22999954223633,51.86000061035156,34.63999938964844,239.7100067138672,46.2400016784668,76.55000305175781,46.91999816894531,30.450000762939453,24.030000686645508,86.0,71.94000244140625,91.19999694824219,21.190000534057617,199.1999969482422,158.5,24.01099967956543,25.719999313354492,48.779998779296875,56.029998779296875,64.20999908447266,113.4000015258789,25.68000030517578,95.66000366210938,177.77999877929688,47.79999923706055,128.17999267578125,101.62999725341797,115.69000244140625,62.61000061035156,72.39503479003906,42.29999923706055,34.54999923706055,3.667249917984009,41.32827377319336,121.26000213623047,56.709999084472656,40.77000045776367,53.33333206176758,35.11000061035156,242.3300018310547,47.0099983215332,77.91000366210938,47.900001525878906,30.80500030517578,24.510000228881836,86.9800033569336,72.54000091552734,7478300,121271000,3290300,531700,36795000,67339400,16415900,18840100,5774900,5674900,7185100,3437800,2692700,22749200,9351600,13578800,3428900,5884800,11896686,11398200,33434100,786016000,19677231,3952800,12110000,13070200,1529700,11462600,3618600,6654400,3087700,19702900,37384600,90114700,13371000,11439000
2019-01-09,63.758384704589844,20.190000534057617,159.34585571289062,151.37513732910156,20.36166000366211,21.616397857666016,35.908897399902344,43.642799377441406,51.407230377197266,81.73435974121094,18.41445541381836,73.45430755615234,149.1441650390625,41.31842041015625,105.35208892822266,82.38742065429688,106.27516174316406,50.83116149902344,57.50096130371094,33.207305908203125,34.564170837402344,3.5346519947052,28.878631591796875,92.40388488769531,47.489627838134766,33.68581008911133,50.31879425048828,30.373300552368164,215.58584594726562,35.17768096923828,57.39377975463867,38.95833969116211,22.46746063232422,21.29094123840332,77.17278289794922,51.610286712646484,87.80999755859375,20.190000534057617,200.3699951171875,162.9199981689453,24.628000259399414,25.760000228881836,47.18000030517578,56.380001068115234,66.44999694824219,113.2699966430664,25.829999923706055,99.19000244140625,176.47000122070312,48.0099983215332,128.92999267578125,100.4000015258789,117.20999908447266,64.22000122070312,71.95610809326172,41.7400016784668,35.439998626708984,3.564500093460083,41.119544982910156,120.80999755859375,56.61000061035156,41.2400016784668,53.883331298828125,35.61000061035156,243.63999938964844,47.40999984741211,77.29000091552734,47.79999923706055,31.100000381469727,24.43000030517578,87.3499984741211,72.41999816894531,91.38999938964844,21.440000534057617,202.89999389648438,163.6300048828125,24.667999267578125,25.850000381469727,48.0,56.7400016784668,66.75,114.0,26.139999389648438,99.51000213623047,177.69000244140625,48.56999969482422,130.24000549316406,101.48999786376953,118.22000122070312,65.26000213623047,72.81488800048828,42.209999084472656,36.290000915527344,3.6122500896453857,41.43263626098633,121.66999816894531,57.11000061035156,41.619998931884766,54.11000061035156,35.959999084472656,246.6300048828125,47.5,78.38999938964844,47.97999954223633,31.204999923706055,24.520000457763672,87.86000061035156,72.5999984741211,87.45999908447266,20.06999969482422,199.6300048828125,160.97000122070312,23.78499984741211,25.389999389648438,46.7400016784668,55.61000061035156,64.5999984741211,112.44999694824219,25.329999923706055,96.11000061035156,174.91000366210938,47.779998779296875,128.3300018310547,99.93000030517578,116.22000122070312,62.619998931884766,71.87023162841797,41.25,34.91999816894531,3.496500015258789,40.986717224121094,119.44999694824219,56.13999938964844,40.7400016784668,53.0099983215332,35.33000183105469,242.05999755859375,46.689998626708984,75.80000305175781,47.08000183105469,30.704999923706055,24.200000762939453,87.08999633789062,71.6500015258789,90.87999725341797,20.889999389648438,202.36000061035156,161.89999389648438,23.841999053955078,25.670000076293945,48.0,55.709999084472656,65.06999969482422,112.69000244140625,25.940000534057617,96.77999877929688,176.10000610351562,47.959999084472656,129.8300018310547,100.80999755859375,116.37000274658203,63.15999984741211,72.41412353515625,41.90999984741211,34.970001220703125,3.547499895095825,41.2333984375,121.11000061035156,56.2599983215332,41.2599983215332,53.0099983215332,35.33000183105469,244.75999450683594,47.02000045776367,77.73999786376953,47.5099983215332,31.024999618530273,24.3700008392334,87.33999633789062,72.5999984741211,9971900,163944100,2869700,779900,52971000,69707200,19719600,19359100,8350300,7097000,12577400,4739600,3321400,22554500,7403500,14230300,5820100,7195800,11916284,9223000,54147900,617260000,20107580,3755800,10971000,17909200,2304600,11770300,3425400,7765100,4280200,18837700,37513600,61037100,11259700,13473500
2019-01-10,64.04157257080078,19.739999771118164,161.18289184570312,151.087158203125,20.62953758239746,21.591222763061523,36.319889068603516,43.68923568725586,52.5599250793457,81.8642578125,18.742389678955078,73.40243530273438,148.7469024658203,41.791770935058594,105.98946380615234,82.37921142578125,105.1236572265625,50.364166259765625,56.791847229003906,33.1436653137207,35.02256774902344,3.6003475189208984,28.192306518554688,91.46310424804688,47.649024963378906,34.02071762084961,50.76393508911133,31.064178466796875,216.6742401123047,35.10348892211914,57.49032211303711,38.9175910949707,22.53248405456543,21.299652099609375,77.3229751586914,51.34660339355469,88.19999694824219,19.739999771118164,202.67999267578125,162.61000061035156,24.95199966430664,25.729999542236328,47.720001220703125,56.439998626708984,67.94000244140625,113.44999694824219,26.290000915527344,99.12000274658203,176.0,48.560001373291016,129.7100067138672,100.38999938964844,115.94000244140625,63.630001068115234,71.0687026977539,41.65999984741211,35.90999984741211,3.6307499408721924,40.14231491088867,119.58000183105469,56.79999923706055,41.650001525878906,54.36000061035156,36.41999816894531,244.8699951171875,47.310001373291016,77.41999816894531,47.75,31.190000534057617,24.440000534057617,87.5199966430664,72.05000305175781,88.87999725341797,19.829999923706055,203.52000427246094,163.0500030517578,25.05699920654297,25.780000686645508,48.0099983215332,56.959999084472656,68.01000213623047,113.62999725341797,26.440000534057617,99.31999969482422,178.07000732421875,48.650001525878906,129.88999938964844,100.7300033569336,117.22000122070312,64.5,72.21373748779297,41.959999084472656,35.95000076293945,3.6394999027252197,41.01517868041992,120.80000305175781,56.9900016784668,41.84000015258789,54.45000076293945,36.47999954223633,245.13999938964844,47.59000015258789,78.06999969482422,48.04999923706055,31.229999542236328,24.520000457763672,87.58000183105469,72.08000183105469,87.12000274658203,18.899999618530273,199.47000122070312,160.50999450683594,24.43600082397461,25.420000076293945,46.41999816894531,55.70000076293945,65.43000030517578,111.70999908447266,25.329999923706055,97.27999877929688,175.5,47.40999984741211,127.69000244140625,99.2699966430664,114.97000122070312,62.5,70.10496520996094,41.2400016784668,35.08000183105469,3.4839999675750732,39.87665939331055,118.37000274658203,56.099998474121094,40.75,53.313331604003906,35.400001525878906,241.41000366210938,46.86000061035156,76.31999969482422,47.310001373291016,30.690000534057617,24.209999084472656,86.5199966430664,71.12000274658203,87.87999725341797,19.760000228881836,200.3699951171875,161.2899932861328,24.55699920654297,25.559999465942383,47.08000183105469,55.9900016784668,65.87000274658203,112.51000213623047,25.56999969482422,98.0199966430664,175.66000366210938,47.75,127.69000244140625,100.0199966430664,117.08999633789062,64.1500015258789,72.21373748779297,41.380001068115234,35.2599983215332,3.5450000762939453,41.00569152832031,120.37000274658203,56.189998626708984,40.93000030517578,53.349998474121094,35.459999084472656,242.0800018310547,47.310001373291016,77.47000122070312,47.5,30.864999771118164,24.290000915527344,86.95999908447266,72.06999969482422,6527700,115629400,3131300,1028100,29594000,65235800,24947800,16910000,8811100,6078300,8847500,3480400,2808700,27202600,6224400,14376100,4282300,8083300,19134070,7560800,24437400,523156000,39731162,3531600,10958200,13299600,1256700,7894600,3374100,8050800,3818500,16208400,38335200,48630500,10396800,13151100
2019-01-11,64.12142181396484,20.270000457763672,159.49697875976562,150.53895568847656,20.71634292602539,21.842966079711914,36.5253791809082,43.88275909423828,51.36081314086914,81.20763397216797,18.792293548583984,71.73623657226562,149.53289794921875,42.11019515991211,106.02214813232422,81.9853515625,105.34125518798828,51.34564971923828,57.11207962036133,33.207305908203125,35.120086669921875,3.6895933151245117,28.572118759155273,91.82260131835938,48.23625946044922,34.09422302246094,51.30866241455078,31.226240158081055,219.15185546875,35.19994354248047,58.27001190185547,39.015403747558594,22.398828506469727,21.351947784423828,77.57917785644531,51.11143112182617,88.30999755859375,20.270000457763672,200.55999755859375,162.02000427246094,25.05699920654297,26.030000686645508,47.9900016784668,56.689998626708984,66.38999938964844,112.54000091552734,26.360000610351562,96.87000274658203,176.92999267578125,48.93000030517578,129.75,99.91000366210938,116.18000030517578,64.87000274658203,71.46946716308594,41.7400016784668,36.0099983215332,3.720750093460083,40.68311309814453,120.05000305175781,57.5,41.7400016784668,54.94333267211914,36.61000061035156,247.6699981689453,47.439998626708984,78.47000122070312,47.869998931884766,31.0049991607666,24.5,87.80999755859375,71.72000122070312,88.30999755859375,20.350000381469727,200.99000549316406,163.3699951171875,25.29199981689453,26.040000915527344,48.02000045776367,57.41999816894531,67.33999633789062,113.05000305175781,26.5,98.01000213623047,177.0399932861328,49.290000915527344,129.83999633789062,100.16999816894531,116.20999908447266,66.13999938964844,71.50763702392578,41.869998931884766,36.72999954223633,3.7437500953674316,40.68311309814453,120.5199966430664,58.16999816894531,41.77000045776367,55.393333435058594,36.77000045776367,247.75999450683594,47.54999923706055,79.05999755859375,48.09000015258789,31.204999923706055,24.549999237060547,87.83999633789062,71.88999938964844,87.54000091552734,19.190000534057617,198.0,160.8699951171875,24.93199920654297,25.459999084472656,47.099998474121094,56.029998779296875,65.79000091552734,111.66999816894531,25.690000534057617,95.95999908447266,172.4199981689453,48.04999923706055,128.30999755859375,98.94999694824219,115.0999984741211,63.220001220703125,70.75381469726562,40.959999084472656,35.0099983215332,3.5802500247955322,39.99051284790039,117.94000244140625,56.33000183105469,40.689998626708984,53.9466667175293,36.2400016784668,243.27000427246094,46.7599983215332,76.9000015258789,47.18000030517578,30.729999542236328,24.18000030517578,86.94999694824219,71.06999969482422,87.54000091552734,19.469999313354492,200.63999938964844,161.5,24.94300079345703,25.530000686645508,47.5,56.459999084472656,67.27999877929688,113.0,25.799999237060547,97.86000061035156,175.10000610351562,48.099998474121094,129.0,99.88999938964844,115.2699966430664,63.45000076293945,71.27862548828125,41.279998779296875,35.41999816894531,3.6082499027252197,40.16128921508789,118.81999969482422,56.470001220703125,41.11000061035156,54.12333297729492,36.45000076293945,243.4499969482422,47.099998474121094,77.0199966430664,47.5,31.030000686645508,24.31999969482422,87.11000061035156,71.8499984741211,5318100,85110800,3379700,639600,20158000,63476000,12470900,23087500,6018300,4491700,7811000,3206100,3182700,21751300,5300400,15439900,2648800,6863900,9878029,8191900,30469800,874764000,21064506,2984800,12024300,13330500,1290300,7232700,3967100,5196100,3607300,20006900,28211800,44961600,7187900,9790100
2019-01-14,62.29863357543945,20.229999542236328,156.4908905029297,147.44493103027344,20.741147994995117,22.128278732299805,36.510162353515625,45.616703033447266,50.75737380981445,80.61591339111328,18.656845092773438,72.95072174072266,151.0457763671875,41.611026763916016,104.82096099853516,82.83056640625,103.98120880126953,51.35356903076172,55.94544219970703,33.7960319519043,33.813201904296875,3.7295072078704834,28.23228645324707,92.20503234863281,48.0684700012207,33.75114822387695,50.474430084228516,30.501237869262695,219.49691772460938,35.45964431762695,58.62644577026367,39.463653564453125,22.34465217590332,21.500104904174805,76.72221374511719,51.04729080200195,84.76000213623047,20.229999542236328,196.77999877929688,158.69000244140625,25.086999893188477,26.3700008392334,47.970001220703125,58.93000030517578,65.61000061035156,111.72000122070312,26.170000076293945,98.51000213623047,178.72000122070312,48.349998474121094,128.27999877929688,100.94000244140625,114.68000030517578,64.87999725341797,70.0095443725586,42.47999954223633,34.66999816894531,3.760999917984009,40.199241638183594,120.55000305175781,57.29999923706055,41.31999969482422,54.04999923706055,35.7599983215332,248.05999755859375,47.790000915527344,78.94999694824219,48.41999816894531,30.93000030517578,24.670000076293945,86.83999633789062,71.62999725341797,86.97000122070312,20.6200008392334,200.0,160.35000610351562,25.158000946044922,26.479999542236328,48.369998931884766,59.29999923706055,66.31999969482422,112.33999633789062,26.56999969482422,99.01000213623047,179.5399932861328,48.83000183105469,128.9600067138672,101.36000061035156,115.25,65.44999694824219,71.03053283691406,42.790000915527344,34.91999816894531,3.7864999771118164,40.445919036865234,121.47000122070312,57.650001525878906,41.56999969482422,54.41666793823242,36.189998626708984,249.9199981689453,47.900001525878906,79.19999694824219,48.4900016784668,31.05500030517578,24.75,87.31999969482422,71.77999877929688,84.48999786376953,19.75,196.66000366210938,158.25999450683594,24.59000015258789,25.610000610351562,47.58000183105469,55.70000076293945,65.33000183105469,111.08000183105469,25.860000610351562,95.27999877929688,174.10000610351562,48.29999923706055,127.58999633789062,98.66000366210938,114.33000183105469,64.29000091552734,69.75190734863281,41.119998931884766,34.2599983215332,3.64424991607666,40.00948715209961,118.80999755859375,56.369998931884766,40.9900016784668,53.77333450317383,35.720001220703125,246.11000061035156,46.880001068115234,77.25,47.400001525878906,30.665000915527344,24.229999542236328,86.83000183105469,71.12000274658203,86.97000122070312,19.959999084472656,199.49000549316406,160.10000610351562,24.81100082397461,25.770000457763672,48.29999923706055,56.099998474121094,65.62000274658203,111.33999633789062,25.8700008392334,95.66000366210938,174.52000427246094,48.459999084472656,128.74000549316406,98.87000274658203,115.19999694824219,64.29000091552734,70.88740539550781,41.310001373291016,34.720001220703125,3.6679999828338623,40.370018005371094,119.27999877929688,57.02000045776367,41.099998474121094,54.323333740234375,36.130001068115234,246.58999633789062,47.150001525878906,77.75,47.5099983215332,30.709999084472656,24.260000228881836,87.27999877929688,71.20999908447266,6368500,71350200,3378600,680200,25498000,76715400,18295900,34783400,4972000,6121700,5823300,3504800,3361700,19193900,7374400,21258500,4404600,4772900,15669486,12336300,34612000,730168000,17605173,2893900,9449400,11804200,853500,6146200,4955500,8209600,4496100,23827600,26383400,50610600,5449000,11012400
2019-01-15,62.8425178527832,20.3799991607666,158.55856323242188,147.94668579101562,21.205791473388672,22.279321670532227,37.84210205078125,47.51321029663086,51.082305908203125,80.90454864501953,18.820810317993164,73.00996398925781,152.05152893066406,41.82618713378906,105.7034683227539,83.43779754638672,106.16636657714844,50.918243408203125,56.80708694458008,34.1142578125,33.150020599365234,3.7153756618499756,28.47216033935547,92.64099884033203,46.75141143798828,34.077880859375,50.620731353759766,30.740060806274414,227.2925262451172,35.59320068359375,58.49279022216797,38.85238265991211,22.424118041992188,21.691835403442383,78.1004638671875,51.075809478759766,85.5,20.3799991607666,199.3800048828125,159.22999572753906,25.64900016784668,26.549999237060547,49.720001220703125,61.380001068115234,66.02999877929688,112.12000274658203,26.399999618530273,98.58999633789062,179.91000366210938,48.599998474121094,129.36000061035156,101.68000030517578,117.08999633789062,64.33000183105469,71.08778381347656,42.880001068115234,33.9900016784668,3.7467501163482666,40.54079818725586,121.12000274658203,55.72999954223633,41.720001220703125,54.206668853759766,36.040000915527344,256.8699951171875,47.970001220703125,78.7699966430664,47.66999816894531,31.040000915527344,24.889999389648438,88.4000015258789,71.66999816894531,85.68000030517578,20.68000030517578,199.99000549316406,160.88999938964844,26.222000122070312,26.809999465942383,49.83000183105469,61.81999969482422,66.77999877929688,113.06999969482422,26.59000015258789,99.94000244140625,179.99000549316406,49.130001068115234,129.49000549316406,102.47000122070312,118.22000122070312,65.55000305175781,71.45992279052734,42.9900016784668,35.22999954223633,3.833750009536743,41.0246696472168,121.23999786376953,57.400001525878906,42.20000076293945,54.790000915527344,36.22999954223633,256.9200134277344,48.189998626708984,79.41999816894531,48.25,31.334999084472656,24.93000030517578,88.41999816894531,72.36000061035156,84.44999694824219,20.260000228881836,196.0399932861328,158.27999877929688,25.201000213623047,26.049999237060547,48.0,59.54999923706055,65.76000213623047,111.51000213623047,26.239999771118164,98.0,176.39999389648438,48.439998626708984,127.6500015258789,98.5999984741211,113.4000015258789,63.93000030517578,69.75190734863281,42.029998779296875,33.650001525878906,3.728250026702881,40.256168365478516,118.30999755859375,55.560001373291016,41.43000030517578,53.983333587646484,35.79999923706055,247.0,47.279998779296875,77.88999938964844,47.0099983215332,30.885000228881836,24.5,86.94000244140625,71.31999969482422,84.93000030517578,20.440000534057617,196.3000030517578,158.9199981689453,25.275999069213867,26.209999084472656,48.290000915527344,59.88999938964844,66.04000091552734,111.9800033569336,26.399999618530273,98.97000122070312,178.32000732421875,48.709999084472656,128.52000427246094,98.88999938964844,113.91000366210938,65.4800033569336,69.75190734863281,42.209999084472656,35.02000045776367,3.7939999103546143,40.417457580566406,120.01000213623047,57.31999969482422,41.84000015258789,54.19333267211914,36.040000915527344,250.0,47.61000061035156,79.33999633789062,47.599998474121094,31.100000381469727,24.56999969482422,86.95999908447266,71.94999694824219,7295500,62785800,2859800,482700,39247000,80625500,23116600,42694200,4504100,4226100,6301000,2452700,2911800,22480800,5194400,26504900,5097700,4285300,13102096,11737000,30633600,617012000,25865371,4171300,17423400,9398400,882000,10165800,5325600,7676600,3341400,27447600,19642400,59156500,10540600,10298300
2019-01-16,62.87928771972656,19.729999542236328,158.16883850097656,146.1348114013672,20.809770584106445,23.873699188232422,37.39303970336914,48.14021301269531,50.79607391357422,80.38501739501953,18.45722770690918,73.23262786865234,166.56275939941406,41.421695709228516,104.62484741210938,84.11067199707031,105.90343475341797,50.92615509033203,56.89096450805664,35.39513397216797,32.75014877319336,3.6898412704467773,28.059040069580078,93.44273376464844,46.36552810668945,33.6939811706543,50.156944274902344,30.398881912231445,231.35400390625,36.43906784057617,58.66358184814453,39.88747024536133,22.395217895507812,22.153736114501953,77.9590835571289,51.05440902709961,85.55000305175781,19.729999542236328,198.88999938964844,157.27999877929688,25.170000076293945,28.450000762939453,49.130001068115234,62.189998626708984,65.66000366210938,111.4000015258789,25.889999389648438,98.66999816894531,197.0800018310547,48.130001068115234,128.0399932861328,102.5,116.80000305175781,64.33999633789062,71.1927490234375,44.4900016784668,33.58000183105469,3.7209999561309814,39.95256042480469,121.20999908447266,55.27000045776367,41.25,53.709999084472656,35.63999938964844,261.4599914550781,49.11000061035156,79.0,48.939998626708984,31.0,25.420000076293945,88.23999786376953,71.63999938964844,86.38999938964844,20.540000915527344,200.44000244140625,159.38999938964844,25.735000610351562,28.719999313354492,50.2599983215332,62.81999969482422,66.2699966430664,112.31999969482422,26.389999389648438,99.41999816894531,198.14999389648438,48.88999938964844,129.41000366210938,103.44999694824219,118.06999969482422,64.56999969482422,72.29962158203125,45.11000061035156,34.33000183105469,3.807499885559082,40.597721099853516,121.91999816894531,56.08000183105469,41.7400016784668,54.62666702270508,36.029998779296875,262.19000244140625,49.4900016784668,79.33000183105469,49.34000015258789,31.2549991607666,25.56999969482422,88.9000015258789,72.37999725341797,85.44999694824219,19.709999084472656,197.60000610351562,157.19000244140625,25.13599967956543,27.860000610351562,49.099998474121094,61.2400016784668,65.48999786376953,111.22000122070312,25.690000534057617,97.44000244140625,185.60000610351562,48.08000183105469,127.9000015258789,101.80000305175781,116.4800033569336,63.650001525878906,71.05915832519531,43.66999816894531,33.529998779296875,3.7155001163482666,39.87665939331055,117.16999816894531,55.15999984741211,41.20000076293945,53.709999084472656,35.63999938964844,258.1700134277344,48.15999984741211,78.0999984741211,47.9900016784668,30.895000457763672,25.110000610351562,88.18000030517578,71.30999755859375,85.66000366210938,20.399999618530273,199.3000030517578,159.1699981689453,25.719999313354492,28.1299991607666,49.650001525878906,61.95000076293945,65.73999786376953,111.43000030517578,26.170000076293945,98.55000305175781,187.0,48.599998474121094,129.41000366210938,102.25,116.98999786376953,64.0,71.3167953491211,44.0,34.040000915527344,3.774250030517578,40.4079704284668,120.41999816894531,55.75,41.5,54.3033332824707,35.900001525878906,258.7300109863281,48.2599983215332,78.54000091552734,48.150001525878906,31.0049991607666,25.18000030517578,88.5199966430664,71.41999816894531,4927000,70849300,3302400,537600,24484000,163131700,14961200,27628900,5402300,5624100,10838200,2800500,15194200,19057700,6264200,18533000,2920600,5277900,15272504,30530400,24890900,470104000,30169380,6131000,13856000,12481600,856800,8727400,6069400,9913500,3957500,32026400,25082200,72982400,8288900,12595600
2019-01-17,64.09202575683594,20.25,160.5785369873047,146.3764190673828,21.109886169433594,24.326839447021484,37.75075912475586,48.35696029663086,51.87913131713867,80.78910064697266,18.813682556152344,73.5146713256836,168.26148986816406,41.71431350708008,105.48284149169922,84.45532989501953,108.04328155517578,52.073848724365234,57.645851135253906,33.83580780029297,33.042724609375,3.761239528656006,28.298919677734375,93.96696472167969,45.946075439453125,33.7919921875,50.620731353759766,30.953298568725586,229.85858154296875,36.913936614990234,59.77002716064453,40.12382888793945,22.601112365722656,22.27574920654297,78.6482162475586,51.40361404418945,87.19999694824219,20.25,201.9199981689453,157.5399932861328,25.533000946044922,28.989999771118164,49.599998474121094,62.470001220703125,67.05999755859375,111.95999908447266,26.389999389648438,99.05000305175781,199.08999633789062,48.470001220703125,129.08999633789062,102.91999816894531,119.16000366210938,65.79000091552734,72.13740539550781,42.529998779296875,33.880001068115234,3.7929999828338623,40.29411697387695,121.88999938964844,54.77000045776367,41.369998931884766,54.206668853759766,36.290000915527344,259.7699890136719,49.75,80.48999786376953,49.22999954223633,31.28499984741211,25.559999465942383,89.0199966430664,72.12999725341797,87.69000244140625,20.510000228881836,202.52999877929688,158.6300048828125,25.735000610351562,29.0,49.88999938964844,62.75,67.16999816894531,112.29000091552734,26.510000228881836,99.3499984741211,199.8000030517578,48.84000015258789,129.52000427246094,103.5,119.19999694824219,65.81999969482422,72.29962158203125,43.18000030517578,34.20000076293945,3.833250045776367,40.47438430786133,122.43000030517578,55.20000076293945,41.7400016784668,54.62666702270508,36.54999923706055,261.739990234375,50.0,80.79000091552734,49.36000061035156,31.420000076293945,25.649999618530273,89.38999938964844,72.33999633789062,85.41999816894531,19.020000457763672,197.97999572753906,155.22000122070312,24.871999740600586,28.09000015258789,48.470001220703125,61.33000183105469,65.01000213623047,110.16999816894531,25.520000457763672,97.11000061035156,192.8300018310547,47.90999984741211,127.45999908447266,101.91999816894531,116.55000305175781,63.470001220703125,70.90648651123047,41.61000061035156,32.65999984741211,3.660249948501587,39.68690872192383,119.80000305175781,54.369998931884766,40.529998779296875,53.040000915527344,34.83000183105469,257.8900146484375,48.970001220703125,78.37000274658203,48.400001525878906,30.69499969482422,25.170000076293945,87.93000030517578,70.9000015258789,85.54000091552734,19.489999771118164,198.3800048828125,155.77999877929688,25.006000518798828,28.34000015258789,49.15999984741211,61.630001068115234,65.05999755859375,110.75,25.59000015258789,98.36000061035156,195.9499969482422,48.0,127.70999908447266,102.11000061035156,116.80999755859375,63.79999923706055,70.90648651123047,42.45000076293945,33.22999954223633,3.6877501010894775,39.800758361816406,121.11000061035156,54.970001220703125,40.88999938964844,53.336666107177734,34.91999816894531,260.989990234375,48.970001220703125,78.45999908447266,48.63999938964844,30.764999389648438,25.31999969482422,88.0,71.19000244140625,6438700,85018400,2440200,953000,35154000,107428800,21202400,22728900,5997400,4442700,8678500,2670800,8177000,17448700,7632000,14247600,4401900,4533100,16969321,47037200,29398500,493436000,24177284,4314200,18365000,13889800,3133500,21916900,3583600,11787200,4056000,25738800,20349600,55771300,8731600,10141700
2019-01-18,65.78254699707031,20.770000457763672,162.13720703125,151.17074584960938,21.563783645629883,24.586978912353516,38.14653778076172,48.860107421875,52.52897262573242,82.52812957763672,19.348369598388672,74.99906158447266,171.17727661132812,42.33395004272461,106.79022979736328,85.8257064819336,105.71300506591797,52.311302185058594,57.851722717285156,34.75867462158203,34.87627029418945,3.890397787094116,28.338905334472656,96.55724334716797,46.36552810668945,36.53651809692383,51.937469482421875,31.422414779663086,234.92877197265625,37.26267623901367,61.32941818237305,40.75954818725586,23.059850692749023,22.659210205078125,79.58470916748047,52.01649856567383,89.5,20.770000457763672,203.8800048828125,162.6999969482422,26.082000732421875,29.299999237060547,50.119998931884766,63.119998931884766,67.9000015258789,114.37000274658203,27.139999389648438,101.05000305175781,202.5399932861328,49.189998626708984,130.69000244140625,104.58999633789062,116.58999633789062,66.08999633789062,72.39503479003906,43.689998626708984,35.7599983215332,3.9232499599456787,40.351043701171875,125.25,55.27000045776367,44.72999954223633,55.616668701171875,36.84000015258789,265.5,50.220001220703125,82.58999633789062,50.0099983215332,31.920000076293945,26.0,90.08000183105469,72.98999786376953,89.79000091552734,21.049999237060547,204.3300018310547,164.00999450683594,26.194000244140625,29.459999084472656,50.33000183105469,63.189998626708984,68.30999755859375,114.6500015258789,27.139999389648438,101.37000274658203,203.0,49.380001068115234,131.17999267578125,104.9000015258789,116.9000015258789,66.41999816894531,72.83396911621094,43.77000045776367,36.189998626708984,3.94950008392334,40.68311309814453,125.69000244140625,55.900001525878906,44.939998626708984,55.95000076293945,37.0099983215332,266.260009765625,50.400001525878906,83.0,50.15999984741211,31.94499969482422,26.030000686645508,90.12999725341797,73.29000091552734,86.91999816894531,20.020000457763672,201.0399932861328,158.86000061035156,25.700000762939453,28.709999084472656,48.939998626708984,62.0099983215332,67.16999816894531,113.05999755859375,26.530000686645508,99.11000061035156,196.91000366210938,48.689998626708984,129.4499969482422,102.83000183105469,115.0199966430664,64.86000061035156,72.01335906982422,42.560001373291016,34.060001373291016,3.791249990463257,40.09487533569336,121.91999816894531,54.9900016784668,43.0,54.606666564941406,36.15999984741211,260.4200134277344,49.59000015258789,80.47000122070312,48.86000061035156,31.469999313354492,25.530000686645508,89.01000213623047,72.12999725341797,88.44999694824219,20.3700008392334,203.3300018310547,159.17999267578125,25.913000106811523,29.020000457763672,49.779998779296875,62.86000061035156,67.63999938964844,113.98999786376953,26.709999084472656,100.30000305175781,200.3800048828125,49.11000061035156,129.89999389648438,103.7699966430664,115.58000183105469,66.31999969482422,72.65267181396484,43.02000045776367,34.22999954223633,3.843250036239624,40.66413879394531,122.51000213623047,55.38999938964844,43.849998474121094,54.776668548583984,36.2400016784668,262.6000061035156,50.11000061035156,82.97000122070312,49.099998474121094,31.655000686645508,25.739999771118164,89.68000030517578,73.2699966430664,6190000,88131000,3095000,1664700,34634000,97928200,20409900,19947300,6073800,9382000,10160000,3299500,5650900,29874600,10593000,16428700,8887000,5745800,14980741,20614400,44872400,651336000,38618455,3014100,28020000,26638600,1574400,12905900,4844800,10014100,5110700,36380300,29063600,58400200,13367500,15759200
2019-01-22,65.16514587402344,19.760000228881836,160.62623596191406,148.19752502441406,21.354612350463867,24.41075325012207,37.84210205078125,47.877037048339844,50.86567687988281,81.06330108642578,18.984779357910156,71.88926696777344,167.06983947753906,41.54219055175781,105.24588775634766,84.47173309326172,106.16636657714844,51.306087493896484,57.82122802734375,33.7403450012207,33.03297424316406,3.6881062984466553,28.16565704345703,96.0407485961914,45.54340744018555,35.90756607055664,50.44331359863281,31.021528244018555,235.0969696044922,37.20331573486328,60.89875030517578,40.63730239868164,22.557769775390625,22.397754669189453,79.03695678710938,51.232574462890625,88.66000366210938,19.760000228881836,201.97999572753906,159.5,25.82900047302246,29.09000015258789,49.720001220703125,61.849998474121094,65.75,112.33999633789062,26.6299991607666,96.86000061035156,197.67999267578125,48.27000045776367,128.8000030517578,102.94000244140625,117.08999633789062,64.81999969482422,72.35687255859375,42.40999984741211,33.869998931884766,3.719249963760376,40.10436248779297,124.58000183105469,54.290000915527344,43.959999084472656,54.016666412353516,36.369998931884766,265.69000244140625,50.13999938964844,82.01000213623047,49.86000061035156,31.225000381469727,25.700000762939453,89.45999908447266,71.88999938964844,89.36000061035156,20.920000076293945,203.47999572753906,161.0,25.945999145507812,29.299999237060547,49.79999923706055,62.810001373291016,67.23999786376953,113.44999694824219,26.969999313354492,100.05999755859375,201.47000122070312,48.97999954223633,129.5,103.58999633789062,117.11000061035156,66.52999877929688,72.70992279052734,42.7400016784668,35.25,3.9045000076293945,40.502845764160156,125.83999633789062,54.9900016784668,44.27000045776367,55.08000183105469,36.7599983215332,267.5,50.400001525878906,83.31999969482422,50.099998474121094,31.639999389648438,25.90999984741211,89.62000274658203,72.70999908447266,87.9000015258789,19.700000762939453,200.77999877929688,157.97000122070312,25.489999771118164,28.889999389648438,49.029998779296875,61.43000030517578,65.58000183105469,111.94999694824219,26.190000534057617,96.62999725341797,195.9199981689453,47.869998931884766,127.01000213623047,102.12999725341797,115.69000244140625,64.66999816894531,71.90839385986328,41.93000030517578,33.54999923706055,3.6887500286102295,39.78178405761719,123.66999816894531,53.939998626708984,43.31999969482422,53.616668701171875,36.099998474121094,263.739990234375,49.880001068115234,80.94999694824219,49.630001068115234,31.139999389648438,25.56999969482422,88.83999633789062,71.68000030517578,88.86000061035156,20.479999542236328,202.6199951171875,160.89999389648438,25.799999237060547,28.979999542236328,49.779998779296875,62.66999816894531,67.0,113.12000274658203,26.739999771118164,99.76000213623047,200.5,48.959999084472656,128.1999969482422,103.08000183105469,115.69000244140625,65.66999816894531,72.10877990722656,42.41999816894531,35.25,3.8927500247955322,40.23719024658203,124.30999755859375,54.970001220703125,43.88999938964844,55.08000183105469,36.5,264.05999755859375,49.95000076293945,82.2300033569336,49.77000045776367,31.56999969482422,25.780000686645508,89.44999694824219,72.38999938964844,5664600,78513700,3173100,968500,37156000,84861400,17123000,24608700,6915500,7242000,9361600,4390200,4648500,25940700,10568100,17083700,4377500,6166300,10568766,20202400,37021900,661552000,29444122,2614400,17867500,21523500,2130600,13381700,4052700,10614800,7603000,33975200,39726400,79651700,12244500,15035600
2019-01-23,65.0107650756836,19.799999237060547,160.29225158691406,150.6318359375,21.29094696044922,24.268096923828125,38.02476501464844,48.09376907348633,50.950767517089844,80.37779235839844,18.76378059387207,71.67400360107422,166.41062927246094,41.258182525634766,105.24588775634766,84.25839233398438,107.7077865600586,51.32982635498047,57.52384567260742,33.53349304199219,33.393829345703125,3.7009971141815186,28.09235954284668,95.8942642211914,43.42940139770508,35.376644134521484,50.08844757080078,31.123886108398438,236.2737579345703,37.4926872253418,59.242801666259766,40.849220275878906,22.32659339904785,22.42390251159668,79.12528228759766,50.81211471557617,88.44999694824219,19.799999237060547,201.55999755859375,162.1199951171875,25.75200080871582,28.920000076293945,49.959999084472656,62.130001068115234,65.86000061035156,111.38999938964844,26.31999969482422,96.56999969482422,196.89999389648438,47.939998626708984,128.8000030517578,102.68000030517578,118.79000091552734,64.8499984741211,71.98473358154297,42.150001525878906,34.2400016784668,3.7322499752044678,40.0,124.38999938964844,51.77000045776367,43.310001373291016,53.63666534423828,36.4900016784668,267.0199890136719,50.529998779296875,79.77999877929688,50.119998931884766,30.905000686645508,25.729999542236328,89.55999755859375,71.30000305175781,89.27999877929688,20.479999542236328,203.9499969482422,164.0500030517578,26.090999603271484,29.280000686645508,50.400001525878906,62.47999954223633,66.45999908447266,112.66999816894531,26.850000381469727,98.41999816894531,198.08999633789062,48.79999923706055,129.3000030517578,103.69999694824219,118.9000015258789,65.83999633789062,72.24236297607422,42.619998931884766,34.689998626708984,3.864500045776367,40.0379524230957,125.5,53.56999969482422,44.189998626708984,54.53666687011719,36.7400016784668,269.4700012207031,50.66999816894531,82.45999908447266,50.31999969482422,31.375,25.829999923706055,90.05000305175781,72.30000305175781,87.69999694824219,19.549999237060547,200.1300048828125,160.66000366210938,25.364999771118164,28.6200008392334,49.599998474121094,61.150001525878906,65.1500015258789,110.41999816894531,25.920000076293945,96.12999725341797,194.52999877929688,47.52000045776367,127.93000030517578,101.97000122070312,116.91999816894531,63.97999954223633,71.3167953491211,41.65999984741211,33.439998626708984,3.7007501125335693,39.4212532043457,123.41000366210938,51.220001220703125,42.709999084472656,53.163333892822266,36.2400016784668,263.6700134277344,49.9900016784668,79.44000244140625,49.5,30.649999618530273,25.440000534057617,88.58999633789062,70.93000030517578,88.83999633789062,20.030000686645508,201.99000549316406,163.3300018310547,25.95400047302246,29.219999313354492,50.029998779296875,62.27000045776367,66.22000122070312,112.37999725341797,26.81999969482422,97.6500015258789,197.5500030517578,48.40999984741211,128.5,103.44000244140625,117.11000061035156,65.0,72.0896987915039,42.52000045776367,34.11000061035156,3.7750000953674316,39.83871078491211,124.93000030517578,52.91999816894531,44.060001373291016,54.31666564941406,36.529998779296875,267.75,50.2599983215332,81.94000244140625,50.0,31.334999084472656,25.799999237060547,89.62999725341797,72.01000213623047,4969300,77811300,1917500,1458900,31771000,79425900,15683500,16819800,5938700,6082300,8882600,2679100,3410700,18960700,9267800,12146700,4012100,4357700,14369233,15583900,31011600,591020000,24462813,1993500,33788600,13765800,2110500,13918600,2971100,7785100,4507500,16806700,46735400,44072000,7722800,13187200
2019-01-24,63.121829986572266,20.850000381469727,159.82305908203125,156.93141174316406,21.78948974609375,24.402360916137695,37.309326171875,48.542728424072266,51.15193557739258,81.90756225585938,18.96339225769043,72.17127227783203,167.17129516601562,42.82450485229492,103.79955291748047,84.30760955810547,104.26229858398438,49.95258331298828,55.792945861816406,33.45393753051758,35.68576431274414,3.9129574298858643,27.28609848022461,95.44712829589844,42.62407302856445,35.58085250854492,52.998939514160156,32.104766845703125,235.4862823486328,37.75980758666992,58.62644577026367,40.735107421875,22.445789337158203,22.476192474365234,78.46269226074219,50.88338851928711,85.87999725341797,20.850000381469727,200.97000122070312,168.89999389648438,26.354999542236328,29.079999923706055,49.02000045776367,62.709999084472656,66.12000274658203,113.51000213623047,26.600000381469727,97.23999786376953,197.8000030517578,49.7599983215332,127.02999877929688,102.73999786376953,114.98999786376953,63.11000061035156,69.8187026977539,42.04999923706055,36.59000015258789,3.946000099182129,38.851993560791016,123.80999755859375,50.810001373291016,43.560001373291016,56.753334045410156,37.63999938964844,266.1300048828125,50.88999938964844,78.94999694824219,49.97999954223633,31.06999969482422,25.790000915527344,88.80999755859375,71.4000015258789,88.44000244140625,21.010000228881836,202.39999389648438,169.5399932861328,26.674999237060547,29.200000762939453,50.5,62.91999816894531,66.7300033569336,113.81999969482422,26.850000381469727,98.05000305175781,199.67999267578125,50.040000915527344,128.6999969482422,103.08999633789062,118.22000122070312,65.08000183105469,71.71755981445312,42.58000183105469,37.439998626708984,3.963749885559082,39.648956298828125,124.9000015258789,51.97999954223633,44.380001068115234,56.95000076293945,37.63999938964844,268.1600036621094,51.02000045776367,80.12999725341797,50.34000015258789,31.350000381469727,25.860000610351562,89.55000305175781,71.97000122070312,85.0999984741211,20.040000915527344,199.74000549316406,167.2899932861328,26.0,28.739999771118164,48.29999923706055,61.7400016784668,65.44999694824219,110.91000366210938,26.100000381469727,95.79000091552734,195.75999450683594,48.599998474121094,125.0,101.94000244140625,114.19999694824219,62.95000076293945,69.06488800048828,41.84000015258789,35.099998474121094,3.8127501010894775,38.53889846801758,122.80000305175781,50.40999984741211,43.189998626708984,54.836666107177734,36.779998779296875,264.260009765625,50.290000915527344,78.19999694824219,49.650001525878906,30.71500015258789,25.559999465942383,88.38999938964844,70.63999938964844,88.33000183105469,20.059999465942383,201.61000061035156,167.52999877929688,26.108999252319336,28.75,48.75,61.7400016784668,65.97000122070312,111.02999877929688,26.229999542236328,96.5199966430664,196.22000122070312,48.70000076293945,128.49000549316406,102.12999725341797,118.22000122070312,64.87000274658203,71.71755981445312,41.95000076293945,35.310001373291016,3.817500114440918,39.639469146728516,123.55999755859375,51.95000076293945,43.4900016784668,54.856666564941406,36.880001068115234,266.79998779296875,50.34000015258789,79.33999633789062,49.790000915527344,30.84000015258789,25.639999389648438,89.47000122070312,71.0999984741211,8372600,97433400,2390800,1385700,35999000,59492300,20224500,14962200,5789900,8470700,6737000,3128900,2631800,50578300,9917000,11296800,6946200,7318600,21986621,13421600,65094800,708972000,34394023,2572900,32782700,10990900,5947200,14094100,2927300,5654800,5093700,17862100,26098400,25496900,11307000,11272500
2019-01-25,59.19695281982422,21.93000030517578,158.07347106933594,164.14151000976562,22.152442932128906,24.821931838989258,37.24081802368164,49.55678176879883,51.824981689453125,81.69828796386719,19.426788330078125,73.55174255371094,169.65597534179688,40.483612060546875,104.78009033203125,84.84098052978516,104.24417114257812,50.72036361694336,55.625186920166016,34.193809509277344,37.9971923828125,3.9702234268188477,27.07953643798828,96.30284118652344,43.035118103027344,36.75706481933594,54.09776306152344,32.53123092651367,237.18511962890625,38.115962982177734,61.032405853271484,40.85736083984375,22.731149673461914,22.659210205078125,78.55985260009766,51.11143112182617,80.54000091552734,21.93000030517578,198.77000427246094,176.66000366210938,26.79400062561035,29.579999923706055,48.93000030517578,64.0199966430664,66.98999786376953,113.22000122070312,27.25,99.0999984741211,200.74000549316406,47.040000915527344,128.22999572753906,103.38999938964844,114.97000122070312,64.08000183105469,69.60877990722656,42.97999954223633,38.959999084472656,4.003749847412109,38.55787658691406,124.91999816894531,51.29999923706055,45.0,57.93000030517578,38.13999938964844,268.04998779296875,51.369998931884766,82.19000244140625,50.130001068115234,31.46500015258789,26.0,88.91999816894531,71.72000122070312,82.61000061035156,22.030000686645508,202.22999572753906,176.83999633789062,26.83099937438965,29.719999313354492,50.099998474121094,64.44999694824219,67.61000061035156,114.77999877929688,27.420000076293945,100.30000305175781,201.19000244140625,47.43000030517578,128.4499969482422,104.30999755859375,115.3499984741211,64.86000061035156,70.45801544189453,43.25,39.310001373291016,4.021999835968018,39.13662338256836,125.5999984741211,52.029998779296875,45.04999923706055,58.16999816894531,38.2599983215332,270.4100036621094,51.630001068115234,82.9000015258789,50.540000915527344,31.65999984741211,26.170000076293945,89.25,72.2699966430664,79.43000030517578,20.790000915527344,196.8800048828125,172.6300048828125,26.090999603271484,29.139999389648438,48.459999084472656,63.22999954223633,66.5199966430664,112.98999786376953,26.799999237060547,98.05000305175781,199.4199981689453,45.75,127.02999877929688,102.73999786376953,114.04000091552734,63.02000045776367,68.8167953491211,42.54999923706055,37.5,3.7825000286102295,38.43453598022461,123.63999938964844,50.279998779296875,43.97999954223633,56.58000183105469,37.880001068115234,265.70001220703125,51.06999969482422,79.69999694824219,49.959999084472656,31.28499984741211,25.899999618530273,88.66000366210938,71.54000091552734,82.51000213623047,20.989999771118164,201.9499969482422,173.2100067138672,26.517000198364258,29.280000686645508,49.56999969482422,63.33000183105469,66.6500015258789,114.05999755859375,26.899999618530273,98.19000244140625,199.8300018310547,46.849998474121094,128.1300048828125,103.51000213623047,115.33999633789062,63.68000030517578,70.43893432617188,42.66999816894531,38.09000015258789,3.885999917984009,38.99430847167969,124.44999694824219,50.93000030517578,44.0,56.97999954223633,38.0,268.79998779296875,51.349998474121094,80.12999725341797,50.400001525878906,31.334999084472656,25.969999313354492,89.25,72.06999969482422,21308600,110239500,4383600,1352900,30333000,72182100,19652100,15827200,4504500,6261800,7222800,2417700,3275000,86455700,7585100,14369400,4599100,7914700,14054099,13422700,61032300,1154572000,35862455,1890600,19516200,15921400,3126600,16763700,2809100,6622400,6462100,20183400,20467200,63140000,7241900,8996200
2019-01-28,56.69792175292969,20.18000030517578,152.6497802734375,161.80941772460938,22.125988006591797,24.86389923095703,36.77655029296875,49.42519760131836,50.55623245239258,80.94062805175781,18.892101287841797,72.8095932006836,168.7939453125,40.19961166381836,105.40113830566406,85.24309539794922,104.29855346679688,50.4354133605957,55.60232162475586,33.9312858581543,37.13893508911133,3.4213576316833496,26.339916229248047,96.2643051147461,42.4814453125,36.13628005981445,53.03007507324219,31.934181213378906,236.0525360107422,38.04176330566406,60.171016693115234,40.604705810546875,22.50358772277832,22.589487075805664,77.66754913330078,50.76934814453125,77.13999938964844,20.18000030517578,191.9499969482422,174.14999389648438,26.761999130249023,29.6299991607666,48.31999969482422,63.849998474121094,65.3499984741211,112.16999816894531,26.5,98.0999984741211,199.72000122070312,46.709999084472656,128.99000549316406,103.87999725341797,115.02999877929688,63.720001220703125,69.58015441894531,42.650001525878906,38.08000183105469,3.4502499103546143,37.50474548339844,124.87000274658203,50.63999938964844,44.2400016784668,56.78666687011719,37.439998626708984,266.7699890136719,51.27000045776367,81.02999877929688,49.81999969482422,31.149999618530273,25.920000076293945,87.91000366210938,71.23999786376953,80.0999984741211,21.010000228881836,194.97000122070312,175.42999267578125,26.885000228881836,29.670000076293945,48.83000183105469,64.05999755859375,65.87000274658203,112.56999969482422,26.889999389648438,98.25,200.07000732421875,46.72999954223633,129.14999389648438,104.23999786376953,115.11000061035156,64.41999816894531,69.72328186035156,42.72999954223633,38.959999084472656,3.5409998893737793,38.45351028442383,125.22000122070312,51.290000915527344,44.54999923706055,57.24333190917969,37.65999984741211,266.92999267578125,51.310001373291016,81.62000274658203,49.900001525878906,31.165000915527344,25.950000762939453,88.4000015258789,71.27999877929688,76.68000030517578,20.020000457763672,190.00999450683594,171.24000549316406,25.864999771118164,29.290000915527344,48.13999938964844,63.099998474121094,64.87999725341797,111.06999969482422,26.290000915527344,96.48999786376953,197.10000610351562,46.04999923706055,127.29000091552734,102.58999633789062,113.54000091552734,63.11000061035156,68.75,42.060001373291016,36.650001525878906,3.2750000953674316,37.457305908203125,123.4000015258789,50.2400016784668,43.77000045776367,55.643333435058594,36.900001525878906,264.6099853515625,50.81999969482422,80.2300033569336,49.20000076293945,30.809999465942383,25.709999084472656,87.48999786376953,70.37000274658203,80.0,20.31999969482422,194.97000122070312,171.74000549316406,26.1560001373291,29.31999969482422,48.66999816894531,63.189998626708984,65.87000274658203,111.91000366210938,26.84000015258789,97.43000030517578,197.99000549316406,46.130001068115234,127.80999755859375,102.88999938964844,114.72000122070312,63.630001068115234,69.17938995361328,42.439998626708984,36.95000076293945,3.413749933242798,38.425048828125,124.26000213623047,50.31999969482422,44.27000045776367,55.823333740234375,36.91999816894531,266.8999938964844,50.90999984741211,81.12999725341797,49.77000045776367,31.049999237060547,25.75,88.30999755859375,71.0199966430664,14718800,135164100,4186200,2261100,31320000,59963800,9723500,12683500,5942800,6886600,5541200,2953000,2369600,35928700,6927700,12283100,3590900,11002700,13376672,10396600,44213000,2511528000,39329694,1644100,24457600,11225300,2450400,14086500,2837300,5207000,3662000,19913100,24044800,66894900,7113800,13678400
2019-01-29,56.94047546386719,19.25,152.77703857421875,162.23678588867188,22.018503189086914,24.662498474121094,36.77655029296875,48.929771423339844,50.51755905151367,80.69526672363281,19.141624450683594,73.38106536865234,169.45318603515625,40.053314208984375,106.4960708618164,85.48106384277344,104.91512298583984,50.76784133911133,55.83869171142578,33.80398178100586,36.46599197387695,3.2624499797821045,27.166166305541992,95.8479995727539,41.44123458862305,35.94023895263672,52.26431655883789,30.98741340637207,236.5569305419922,37.87852478027344,60.25271224975586,40.629146575927734,22.57221794128418,22.51105308532715,78.04743194580078,50.961769104003906,77.47000122070312,19.25,192.11000061035156,174.61000061035156,26.631999969482422,29.389999389648438,48.31999969482422,63.209999084472656,65.30000305175781,111.83000183105469,26.850000381469727,98.87000274658203,200.5,46.540000915527344,130.3300018310547,104.16999816894531,115.70999908447266,64.13999938964844,69.8759536743164,42.4900016784668,37.38999938964844,3.2899999618530273,38.68121337890625,124.33000183105469,49.400001525878906,44.0,55.96666717529297,36.33000183105469,267.3399963378906,51.04999923706055,81.13999938964844,49.849998474121094,31.2450008392334,25.829999923706055,88.33999633789062,71.51000213623047,78.16000366210938,20.389999389648438,193.6699981689453,174.77999877929688,26.760000228881836,29.700000762939453,48.650001525878906,64.06999969482422,66.29000091552734,113.3499984741211,27.0,99.75,201.97000122070312,46.970001220703125,130.47000122070312,105.11000061035156,115.94999694824219,64.37999725341797,70.30534362792969,42.70000076293945,38.97999954223633,3.452500104904175,38.75711441040039,125.69000244140625,50.84000015258789,44.84000015258789,56.973331451416016,37.290000915527344,268.45001220703125,51.5,81.51000213623047,50.11000061035156,31.454999923706055,26.010000228881836,88.41000366210938,72.19000244140625,75.7699966430664,19.049999237060547,190.8000030517578,172.3300018310547,26.382999420166016,29.34000015258789,47.880001068115234,63.150001525878906,65.25,111.7699966430664,26.610000610351562,98.08999633789062,197.8699951171875,46.33000183105469,128.5,103.7300033569336,113.91000366210938,63.0,69.31298065185547,42.11000061035156,37.25,3.27524995803833,37.447818756103516,124.20999908447266,49.34000015258789,43.84000015258789,55.869998931884766,36.29999923706055,265.44000244140625,50.86000061035156,80.01000213623047,49.720001220703125,31.219999313354492,25.81999969482422,87.66000366210938,71.4800033569336,77.02999877929688,20.260000228881836,192.17999267578125,174.44000244140625,26.735000610351562,29.540000915527344,48.29999923706055,63.709999084472656,66.20999908447266,113.02999877929688,26.84000015258789,98.5999984741211,199.0,46.779998779296875,128.9499969482422,103.87999725341797,114.38999938964844,63.56999969482422,69.56106567382812,42.529998779296875,38.279998779296875,3.403749942779541,37.476280212402344,124.63999938964844,50.4900016784668,44.68000030517578,56.790000915527344,37.290000915527344,266.0,51.18000030517578,80.7699966430664,49.779998779296875,31.329999923706055,25.90999984741211,87.91000366210938,71.69999694824219,13909000,131202500,3182100,966800,27870000,51451900,10883100,13472000,5308800,5359900,4338200,2873300,2694100,20988300,6669300,9743300,3767400,5922800,11966693,9916400,30331000,1153932000,51376808,1372000,26266600,8097500,4396500,10100800,2173000,5105100,3949600,11927600,23768200,29442100,11099200,10513200
2019-01-30,58.1091194152832,23.09000015258789,147.01141357421875,164.6339874267578,22.39055061340332,24.393966674804688,37.18754959106445,49.711605072021484,50.81926727294922,81.54676055908203,19.726207733154297,73.81153106689453,171.12655639648438,40.91393280029297,107.56652069091797,85.6780014038086,106.0303726196289,51.709754943847656,55.94544219970703,34.28473663330078,37.29497528076172,3.405988931655884,27.705888748168945,95.33148193359375,42.087181091308594,36.75706481933594,53.78026580810547,31.88300132751465,239.23802185058594,37.8711051940918,61.8418083190918,40.82475280761719,22.890077590942383,22.64177894592285,79.116455078125,51.51765441894531,79.05999755859375,23.09000015258789,184.86000061035156,177.19000244140625,27.082000732421875,29.06999969482422,48.86000061035156,64.22000122070312,65.69000244140625,113.01000213623047,27.670000076293945,99.44999694824219,202.47999572753906,47.540000915527344,131.63999938964844,104.41000366210938,116.94000244140625,65.33000183105469,70.0095443725586,42.790000915527344,38.2400016784668,3.4347500801086426,39.44971466064453,123.66000366210938,50.16999816894531,45.0,57.59000015258789,37.380001068115234,270.3699951171875,51.040000915527344,83.27999877929688,50.09000015258789,31.684999465942383,25.979999542236328,89.55000305175781,72.29000091552734,79.19000244140625,23.1299991607666,189.75999450683594,177.58999633789062,27.375,29.469999313354492,49.209999084472656,64.73999786376953,66.0999984741211,113.6500015258789,27.68000030517578,99.9000015258789,203.2899932861328,47.68000030517578,132.19000244140625,105.23999786376953,117.08000183105469,65.81999969482422,70.42938995361328,42.970001220703125,38.7599983215332,3.4492499828338623,39.61100769042969,125.04000091552734,50.869998931884766,45.04999923706055,57.793331146240234,37.45000076293945,272.44000244140625,51.43000030517578,83.61000061035156,50.349998474121094,31.78499984741211,26.139999389648438,89.80000305175781,72.56999969482422,76.9800033569336,21.3700008392334,179.64999389648438,173.74000549316406,26.73699951171875,28.950000762939453,48.18000030517578,62.9900016784668,65.11000061035156,111.9800033569336,26.989999771118164,98.37000274658203,199.64999389648438,46.45000076293945,130.3000030517578,103.77999877929688,115.52999877929688,64.19000244140625,69.67557525634766,42.06999969482422,37.59000015258789,3.2864999771118164,38.64326477050781,123.19999694824219,49.209999084472656,43.939998626708984,56.31999969482422,36.290000915527344,267.19000244140625,50.810001373291016,81.23999786376953,49.59000015258789,31.270000457763672,25.729999542236328,88.44999694824219,71.51000213623047,77.69000244140625,21.489999771118164,188.88999938964844,175.14999389648438,27.0,29.420000076293945,48.779998779296875,63.459999084472656,65.80000305175781,112.52999877929688,27.020000457763672,99.69000244140625,200.89999389648438,46.68000030517578,130.3699951171875,104.13999938964844,115.52999877929688,64.7699966430664,70.09542083740234,42.349998474121094,38.29999923706055,3.3667500019073486,38.68121337890625,124.2699966430664,49.68000030517578,44.16999816894531,56.96666717529297,36.810001373291016,269.69000244140625,51.0,81.72000122070312,49.84000015258789,31.440000534057617,25.90999984741211,88.66999816894531,71.7699966430664,9277200,211421200,8089100,687600,28727000,66475800,10567500,15929600,8087400,7941700,5284400,3000600,2773300,26931700,7299300,12526300,4362900,5745700,13941230,12347900,32848100,974228000,36067880,1896100,18124100,7961500,3142800,9281600,3659000,5451200,4688900,16885100,24233000,62076800,11706500,11524700
2019-01-31,59.01318359375,24.40999984741211,148.8007354736328,162.62705993652344,22.178070068359375,23.89048194885254,37.57570266723633,49.89738845825195,52.36652374267578,82.73017883300781,18.99903678894043,73.6259765625,167.3487091064453,40.55247497558594,108.7431640625,84.93125915527344,108.67794036865234,52.44586944580078,56.75370788574219,33.89212417602539,37.275482177734375,3.5636565685272217,28.53262710571289,94.56827545166016,41.54190444946289,36.11177444458008,53.7553596496582,32.08770751953125,239.08761596679688,37.96015167236328,65.21310424804688,40.224388122558594,23.038177490234375,22.60692024230957,80.1059799194336,52.22316360473633,80.29000091552734,24.40999984741211,187.11000061035156,175.02999877929688,26.825000762939453,28.469999313354492,49.369998931884766,64.45999908447266,67.69000244140625,114.6500015258789,26.649999618530273,99.19999694824219,198.00999450683594,47.119998931884766,133.0800018310547,103.5,119.86000061035156,66.26000213623047,71.02098846435547,42.29999923706055,38.220001220703125,3.59375,40.275142669677734,122.66999816894531,49.52000045776367,44.209999084472656,57.563331604003906,37.619998931884766,270.20001220703125,51.15999984741211,87.81999969482422,48.90999984741211,31.889999389648438,25.940000534057617,90.66999816894531,73.27999877929688,81.30999755859375,25.139999389648438,187.60000610351562,176.50999450683594,27.100000381469727,28.84000015258789,49.54999923706055,64.5999984741211,68.30999755859375,115.41000366210938,27.920000076293945,100.8499984741211,202.35000610351562,47.18000030517578,135.19000244140625,103.80000305175781,120.13999938964844,67.11000061035156,71.39312744140625,42.66999816894531,38.81999969482422,3.6297500133514404,40.436431884765625,123.41000366210938,51.279998779296875,45.0099983215332,58.08000183105469,38.099998474121094,271.739990234375,51.33000183105469,88.36000061035156,49.41999816894531,32.040000915527344,25.979999542236328,90.87999725341797,73.48999786376953,78.70999908447266,22.829999923706055,183.91000366210938,174.25999450683594,26.635000228881836,27.979999542236328,48.65999984741211,63.63999938964844,65.9000015258789,113.37999725341797,26.540000915527344,98.58999633789062,196.9499969482422,46.099998474121094,130.8699951171875,102.7300033569336,116.7300033569336,65.6500015258789,69.7614517211914,42.18000030517578,37.279998779296875,3.4094998836517334,39.23149871826172,120.5,49.099998474121094,43.72999954223633,57.03333282470703,37.310001373291016,268.989990234375,50.5,84.30000305175781,48.65999984741211,31.649999618530273,25.719999313354492,89.36000061035156,72.0199966430664,78.94999694824219,23.020000457763672,184.77999877929688,174.7100067138672,27.055999755859375,28.75,49.09000015258789,63.650001525878906,66.54000091552734,113.80000305175781,27.81999969482422,99.94000244140625,200.10000610351562,46.70000076293945,131.6300048828125,103.41000366210938,116.94000244140625,66.12999725341797,69.79962158203125,42.29999923706055,37.630001068115234,3.43149995803833,39.25996017456055,122.83000183105469,51.20000076293945,45.0,57.473331451416016,37.310001373291016,270.4800109863281,50.709999084472656,87.98999786376953,49.279998779296875,31.735000610351562,25.760000228881836,89.44999694824219,72.29000091552734,11563900,182575600,4397900,562100,21063000,100201200,12945500,19442600,9927700,11225600,6890300,2500700,5604500,43051300,17298100,17520600,5746100,8782200,16797658,11163400,34130500,842852000,40927452,2099300,24736300,15458100,1481700,7633400,4055100,9033500,8796700,24934700,35688400,64021500,13409900,19876700
2019-02-01,59.16752243041992,24.510000228881836,148.76890563964844,165.76751708984375,22.05901336669922,23.81496238708496,37.97148513793945,49.6323356628418,53.13240432739258,85.41448974609375,19.25568389892578,73.36622619628906,166.10633850097656,41.938072204589844,109.65835571289062,85.24309539794922,109.6118392944336,51.8205680847168,58.29397964477539,33.50753402709961,38.62137222290039,3.58795166015625,28.821659088134766,94.61455535888672,41.61739730834961,36.39765930175781,54.39970779418945,32.04505920410156,237.7779998779297,38.05659484863281,63.312103271484375,40.224388122558594,23.43912696838379,22.702787399291992,80.17664337158203,54.10457229614258,80.5,24.510000228881836,187.07000732421875,178.41000366210938,26.680999755859375,28.3799991607666,49.88999938964844,63.66999816894531,68.68000030517578,118.37000274658203,27.010000228881836,98.8499984741211,196.5399932861328,48.72999954223633,134.1999969482422,103.87999725341797,120.88999938964844,65.47000122070312,72.94847106933594,41.81999969482422,39.599998474121094,3.6182498931884766,40.68311309814453,122.7300033569336,49.61000061035156,44.560001373291016,58.253334045410156,37.56999969482422,268.7200012207031,51.290000915527344,85.26000213623047,48.90999984741211,32.44499969482422,26.049999237060547,90.75,75.91999816894531,80.7300033569336,24.84000015258789,187.8300018310547,178.6300048828125,26.959999084472656,28.84000015258789,50.040000915527344,64.66000366210938,69.44999694824219,119.25,27.520000457763672,100.48999786376953,199.63999938964844,49.04999923706055,134.69000244140625,104.8499984741211,120.98999786376953,67.19999694824219,73.94084167480469,42.72999954223633,39.86000061035156,3.6697499752044678,40.91081619262695,123.93000030517578,50.279998779296875,44.970001220703125,58.53333282470703,37.869998931884766,269.3900146484375,51.61000061035156,88.20999908447266,49.08000183105469,32.6349983215332,26.170000076293945,90.95999908447266,76.48999786376953,79.11000061035156,24.06999969482422,185.55999755859375,176.17999267578125,26.48900032043457,28.309999465942383,48.58000183105469,63.59000015258789,68.0999984741211,116.5999984741211,26.760000228881836,98.55000305175781,196.5399932861328,47.0099983215332,133.47000122070312,103.5199966430664,119.12999725341797,65.33999633789062,71.87976837158203,41.790000915527344,38.22999954223633,3.564500093460083,40.370018005371094,122.37999725341797,49.400001525878906,44.20000076293945,57.60333251953125,37.439998626708984,266.0299987792969,51.0099983215332,84.5999984741211,48.790000915527344,32.130001068115234,25.950000762939453,90.12999725341797,74.31999969482422,80.25,24.610000610351562,186.50999450683594,176.7899932861328,26.915000915527344,28.600000381469727,49.0099983215332,64.25,68.33999633789062,116.6500015258789,26.81999969482422,99.87000274658203,198.0,47.060001373291016,134.02000427246094,104.0,120.31999969482422,66.68000030517578,72.4904556274414,42.29999923706055,38.310001373291016,3.612499952316284,40.673622131347656,123.12000274658203,49.58000183105469,44.400001525878906,57.630001068115234,37.75,268.4700012207031,51.2599983215332,88.0,49.0,32.23500061035156,25.979999542236328,90.77999877929688,74.91999816894531,6759500,105356200,2488900,795000,22878000,64244100,18512100,16991700,7486400,10934300,6224000,2614700,3174200,37442900,9575200,13000800,4171500,5216900,15941757,13322100,36839900,625048000,27239681,2390500,15533200,8583700,1515000,6438300,3946800,4597100,5136100,21123500,29544800,42920300,9386500,22968700
2019-02-04,57.71955871582031,24.1299991607666,148.06114196777344,166.83604431152344,22.498029708862305,24.234527587890625,38.702152252197266,49.93635177612305,54.09943389892578,86.40308380126953,19.362621307373047,73.75957489013672,167.10362243652344,42.35977554321289,108.5797348022461,85.54669952392578,108.95901489257812,52.16883850097656,58.614227294921875,34.02031326293945,38.49458694458008,3.698270082473755,28.52591323852539,96.07928466796875,41.684513092041016,36.43032455444336,54.67362594604492,32.36064529418945,237.32669067382812,38.26436233520508,62.963104248046875,40.347755432128906,23.493309020996094,22.79865074157715,79.94694519042969,53.320640563964844,78.52999877929688,24.1299991607666,186.17999267578125,179.55999755859375,27.211999893188477,28.8799991607666,50.849998474121094,64.05999755859375,69.93000030517578,119.73999786376953,27.15999984741211,99.37999725341797,197.72000122070312,49.220001220703125,132.8800048828125,104.25,120.16999816894531,65.91000366210938,73.34923553466797,42.459999084472656,39.470001220703125,3.7295000553131104,40.265655517578125,124.62999725341797,49.689998626708984,44.599998474121094,58.54666519165039,37.939998626708984,268.2099914550781,51.56999969482422,84.79000091552734,49.060001373291016,32.52000045776367,26.15999984741211,90.48999786376953,74.81999969482422,80.36000061035156,24.65999984741211,187.13999938964844,179.72000122070312,27.214000701904297,28.969999313354492,50.900001525878906,64.05999755859375,70.01000213623047,119.75,27.3700008392334,99.4000015258789,197.75999450683594,49.2400016784668,134.14999389648438,104.25,121.83999633789062,66.16999816894531,73.36832427978516,42.459999084472656,39.61000061035156,3.7669999599456787,40.64516067504883,124.63999938964844,49.79999923706055,44.650001525878906,58.5533332824707,38.0099983215332,268.69000244140625,51.56999969482422,85.55000305175781,49.150001525878906,32.529998779296875,26.170000076293945,90.76000213623047,75.76000213623047,77.5199966430664,24.06999969482422,184.2899932861328,177.86000061035156,26.4950008392334,28.420000076293945,49.58000183105469,63.20000076293945,68.19000244140625,116.30999755859375,26.68000030517578,96.70999908447266,194.7899932861328,48.2400016784668,132.2100067138672,103.01000213623047,118.69000244140625,65.20999908447266,72.21373748779297,41.68000030517578,38.5099983215332,3.611999988555908,39.810245513916016,122.83000183105469,49.470001220703125,43.880001068115234,57.79999923706055,37.380001068115234,264.2699890136719,50.9900016784668,83.80999755859375,48.709999084472656,31.985000610351562,25.920000076293945,89.72000122070312,74.4000015258789,80.30000305175781,24.43000030517578,186.9600067138672,178.42999267578125,26.75,28.469999313354492,50.81999969482422,63.5,68.19000244140625,117.5,26.709999084472656,97.75,195.8000030517578,48.619998931884766,133.9600067138672,103.79000091552734,121.20999908447266,65.4000015258789,72.47137451171875,41.900001525878906,39.54999923706055,3.6342499256134033,40.64516067504883,123.3499984741211,49.709999084472656,44.220001220703125,58.220001220703125,37.5,268.30999755859375,51.209999084472656,85.0,48.849998474121094,32.224998474121094,26.059999465942383,90.76000213623047,75.76000213623047,10205600,70843800,2930900,543000,20761000,55195900,26142100,11515500,5593100,7987900,5654000,1788400,2400200,20905000,7759000,9871500,4518400,5553700,11824165,8715300,30851500,528592000,19426485,2105000,10880000,12786700,627600,7283800,3398900,4013400,4448500,17547800,20215800,30362500,9308600,15483800
2019-02-05,58.57217788696289,23.309999465942383,149.7550811767578,168.7407684326172,22.32276153564453,24.15062141418457,38.169376373291016,49.74148178100586,53.58110427856445,86.21543884277344,19.148752212524414,72.99510955810547,167.3487091064453,43.0396614074707,108.5797348022461,85.16923522949219,109.19479370117188,53.1740608215332,58.82774353027344,34.01231384277344,38.39705276489258,3.717360019683838,28.304096221923828,94.83808135986328,42.556949615478516,36.87141799926758,54.92266845703125,32.625064849853516,235.64553833007812,38.197574615478516,63.831939697265625,40.52046585083008,23.529428482055664,22.737646102905273,79.83207702636719,53.8693962097168,79.69000244140625,23.309999465942383,188.30999755859375,181.61000061035156,27.0,28.780000686645508,50.150001525878906,63.810001373291016,69.26000213623047,119.4800033569336,26.860000610351562,98.3499984741211,198.00999450683594,50.0099983215332,132.8800048828125,103.79000091552734,120.43000030517578,67.18000030517578,73.61640930175781,42.45000076293945,39.369998931884766,3.7487499713897705,39.95256042480469,123.0199966430664,50.72999954223633,45.13999938964844,58.813331604003906,38.25,266.30999755859375,51.47999954223633,85.95999908447266,49.27000045776367,32.56999969482422,26.09000015258789,90.36000061035156,75.58999633789062,80.05999755859375,23.860000610351562,189.05999755859375,182.1300048828125,27.46299934387207,28.8799991607666,51.06999969482422,64.19999694824219,69.95999908447266,119.86000061035156,27.3799991607666,99.6500015258789,199.3300018310547,50.720001220703125,133.8800048828125,104.55000305175781,121.73999786376953,67.18000030517578,74.79007720947266,42.560001373291016,40.33000183105469,3.785749912261963,40.54079818725586,124.87999725341797,51.08000183105469,45.27000045776367,59.0966682434082,38.27000045776367,272.0899963378906,51.650001525878906,86.11000061035156,49.31999969482422,32.625,26.229999542236328,91.1500015258789,75.63999938964844,78.22000122070312,22.979999542236328,185.72000122070312,179.55999755859375,26.990999221801758,28.56999969482422,50.09000015258789,63.349998474121094,69.11000061035156,118.69000244140625,26.850000381469727,97.87000274658203,196.86000061035156,49.18000030517578,132.75,103.29000091552734,120.4000015258789,65.86000061035156,73.53053283691406,42.220001220703125,39.16999816894531,3.7074999809265137,39.90512466430664,122.33000183105469,49.720001220703125,44.38999938964844,58.393333435058594,37.880001068115234,265.8399963378906,51.04999923706055,84.4000015258789,48.75,32.38999938964844,25.989999771118164,90.33999633789062,75.01000213623047,78.55999755859375,23.420000076293945,186.1999969482422,179.80999755859375,27.195999145507812,28.850000381469727,51.02000045776367,64.19000244140625,69.6500015258789,119.62000274658203,27.06999969482422,99.2300033569336,198.1199951171875,49.18000030517578,133.52000427246094,104.5199966430664,120.72000122070312,66.0,73.83587646484375,42.380001068115234,39.2400016784668,3.741499900817871,40.256168365478516,124.62999725341797,49.72999954223633,44.599998474121094,58.496665954589844,37.91999816894531,270.1199951171875,51.61000061035156,84.7300033569336,49.27000045776367,32.494998931884766,26.209999084472656,90.63999938964844,75.18000030517578,7965500,122226000,4933300,650800,22619000,46622600,15028000,13310900,4483900,6887400,8934200,1978000,2601000,31641600,6449800,12763000,8832400,5403600,12955690,9971500,25094000,542424000,21127641,2345500,15454200,10662700,1295400,7314000,3597000,5483200,3918400,14784900,15705400,39094900,8921400,12786700
2019-02-06,58.12382125854492,23.260000228881836,151.70343017578125,173.61875915527344,22.8361759185791,24.108661651611328,38.9228630065918,49.8038444519043,53.46506118774414,85.78248596191406,19.09171485900879,71.38455963134766,166.17398071289062,43.21720504760742,108.67778778076172,85.12820434570312,108.14297485351562,52.92869567871094,59.010738372802734,33.95622253417969,40.49393081665039,3.7929701805114746,28.451969146728516,94.52202606201172,42.86733627319336,36.814239501953125,56.4012565612793,33.04302215576172,238.46827697753906,38.16789627075195,63.802215576171875,40.479347229003906,23.356048583984375,22.711498260498047,80.19432067871094,53.63421630859375,79.08000183105469,23.260000228881836,190.75999450683594,186.86000061035156,27.621000289916992,28.729999542236328,51.13999938964844,63.88999938964844,69.11000061035156,118.87999725341797,26.780000686645508,96.18000030517578,196.6199951171875,49.900001525878906,133.0,103.73999786376953,119.2699966430664,66.87000274658203,73.84542083740234,42.380001068115234,41.52000045776367,3.825000047683716,40.16128921508789,122.61000061035156,51.099998474121094,45.06999969482422,60.39666748046875,38.7400016784668,269.5,51.439998626708984,85.91999816894531,49.220001220703125,32.33000183105469,26.059999465942383,90.7699966430664,75.26000213623047,79.88999938964844,24.139999389648438,191.8699951171875,187.0500030517578,28.0,28.899999618530273,51.220001220703125,64.61000061035156,69.55000305175781,119.58999633789062,26.920000076293945,97.61000061035156,199.05999755859375,50.63999938964844,133.57000732421875,104.62000274658203,120.81999969482422,67.79000091552734,74.1603012084961,42.849998474121094,41.959999084472656,3.890000104904175,40.199241638183594,123.94000244140625,51.63999938964844,45.220001220703125,60.87666702270508,38.81999969482422,269.92999267578125,51.790000915527344,86.61000061035156,49.529998779296875,32.505001068115234,26.200000762939453,90.80999755859375,75.7699966430664,78.79000091552734,23.219999313354492,188.11000061035156,184.02000427246094,27.274999618530273,28.540000915527344,50.0,63.560001373291016,68.51000213623047,118.69000244140625,26.43000030517578,96.05999755859375,195.8300018310547,49.81999969482422,132.3000030517578,103.47000122070312,117.73999786376953,66.69000244140625,73.12023162841797,42.09000015258789,40.369998931884766,3.776750087738037,39.648956298828125,121.80999755859375,50.93000030517578,44.779998779296875,59.540000915527344,38.310001373291016,264.9800109863281,51.220001220703125,85.11000061035156,49.06999969482422,32.29999923706055,25.969999313354492,90.08999633789062,75.12999725341797,79.5999984741211,23.6299991607666,188.30999755859375,184.0500030517578,27.32699966430664,28.670000076293945,50.040000915527344,63.83000183105469,68.66000366210938,119.0,26.709999084472656,97.48999786376953,197.17999267578125,49.95000076293945,133.0800018310547,103.70999908447266,118.66999816894531,66.9000015258789,73.32061004638672,42.29999923706055,40.400001525878906,3.782249927520752,39.77229690551758,122.62999725341797,50.939998626708984,44.970001220703125,59.540000915527344,38.41999816894531,265.1400146484375,51.38999938964844,85.75,49.09000015258789,32.415000915527344,26.010000228881836,90.19999694824219,75.58000183105469,4907200,78684300,3322400,1554900,27064000,35606900,13101200,13774300,4071300,4990400,4790000,2723700,2063100,21647800,5066100,8745000,7421000,5484200,8375721,9744000,47472600,702464000,16450410,2199000,11052900,6945800,2575800,8795200,2570000,4898700,2783900,12145700,13607600,51542800,6135900,10866900
2019-02-07,58.18996810913086,22.670000076293945,146.51043701171875,168.2668914794922,22.247516632080078,23.697477340698242,38.09325408935547,48.96194839477539,52.204063415527344,85.31343841552734,18.036609649658203,69.0169448852539,163.17369079589844,42.636932373046875,107.90152740478516,84.0121841430664,106.53811645507812,50.41958236694336,58.57611846923828,33.23511505126953,38.40681076049805,3.6546385288238525,28.028518676757812,94.69933319091797,42.405948638916016,35.4991455078125,55.17791748046875,32.51417922973633,238.02578735351562,37.804325103759766,62.30964279174805,39.54179000854492,22.839509963989258,22.48491096496582,79.31082153320312,53.22087478637695,79.16999816894531,22.670000076293945,184.22999572753906,181.10000610351562,26.909000396728516,28.239999771118164,50.04999923706055,62.810001373291016,67.4800033569336,118.2300033569336,25.299999237060547,92.98999786376953,193.07000732421875,49.22999954223633,132.0500030517578,102.37999725341797,117.5,63.70000076293945,73.30152893066406,41.47999954223633,39.380001068115234,3.685499906539917,39.563568115234375,122.83999633789062,50.54999923706055,43.459999084472656,59.086666107177734,38.119998931884766,269.0,50.95000076293945,83.91000366210938,48.08000183105469,31.614999771118164,25.799999237060547,89.7699966430664,74.68000030517578,79.22000122070312,23.219999313354492,190.6699981689453,184.00999450683594,27.457000732421875,28.639999389648438,50.77000045776367,63.630001068115234,68.83000183105469,118.51000213623047,26.579999923706055,95.7699966430664,195.8800048828125,49.849998474121094,132.63999938964844,103.5,119.33000183105469,68.73999786376953,73.59732818603516,42.18000030517578,41.04999923706055,3.7804999351501465,39.99051284790039,125.29000091552734,51.119998931884766,44.869998931884766,59.93000030517578,38.459999084472656,270.5799865722656,52.0,86.62000274658203,49.29999923706055,32.2400016784668,26.049999237060547,90.33000183105469,75.19000244140625,77.80999755859375,22.31999969482422,182.6699981689453,180.30999755859375,26.6299991607666,27.899999618530273,49.779998779296875,61.90999984741211,67.25,116.51000213623047,25.229999542236328,91.7300033569336,191.0500030517578,48.68000030517578,131.52999877929688,101.44000244140625,116.86000061035156,63.060001373291016,72.6240463256836,41.040000915527344,38.90999984741211,3.6422500610351562,39.098670959472656,121.69999694824219,50.27000045776367,42.900001525878906,58.56666564941406,37.83000183105469,267.260009765625,50.540000915527344,83.55999755859375,47.709999084472656,31.31999969482422,25.59000015258789,89.29000091552734,73.9000015258789,78.3499984741211,22.989999771118164,190.6699981689453,183.55999755859375,27.285999298095703,28.540000915527344,50.75,63.61000061035156,68.37000274658203,118.01000213623047,26.510000228881836,95.45999908447266,195.27999877929688,49.5,132.4499969482422,103.25,119.0,66.83999633789062,73.41603088378906,42.11000061035156,40.810001373291016,3.778249979019165,39.95256042480469,123.05999755859375,50.83000183105469,44.689998626708984,59.65666580200195,38.369998931884766,268.6400146484375,51.54999923706055,85.73999786376953,49.09000015258789,32.130001068115234,25.979999542236328,90.18000030517578,74.94999694824219,5877500,86723900,4188100,1474500,28646000,62289200,10644200,17922400,6230300,7281900,6542400,3459000,2948800,27825900,6085300,13177500,7935000,9498500,9661407,12745400,40396400,637120000,24248008,2247600,10623300,12647300,3459900,7916200,2458200,10708100,3114700,24189700,29200200,80395700,9511700,14418900
2019-02-08,58.55747985839844,23.049999237060547,147.91806030273438,168.239013671875,22.658422470092773,23.739439010620117,38.22265625,48.338340759277344,51.49297332763672,84.84444427490234,17.765708923339844,68.65325164794922,161.990478515625,42.29916763305664,108.1875228881836,83.17520904541016,108.44219970703125,49.643890380859375,59.1098747253418,32.69828796386719,37.62657928466797,3.673231840133667,28.384754180908203,93.46585083007812,42.187843322753906,34.9437141418457,55.08142852783203,32.232723236083984,231.74331665039062,37.52978515625,62.480445861816406,39.18815231323242,22.734760284423828,22.37161636352539,79.4610366821289,53.307350158691406,79.66999816894531,23.049999237060547,186.0,181.07000732421875,27.4060001373291,28.290000915527344,50.220001220703125,62.0099983215332,66.26000213623047,117.58000183105469,24.920000076293945,92.5,191.6699981689453,48.84000015258789,132.39999389648438,101.36000061035156,119.5999984741211,62.720001220703125,73.96946716308594,40.810001373291016,38.58000183105469,3.7042500972747803,40.06641387939453,121.23999786376953,50.290000915527344,42.779998779296875,58.983333587646484,37.790000915527344,261.8999938964844,50.58000183105469,84.13999938964844,47.650001525878906,31.469999313354492,25.670000076293945,89.94000244140625,73.9800033569336,79.86000061035156,23.280000686645508,186.0500030517578,181.57000732421875,27.429000854492188,28.31999969482422,50.25,62.52000045776367,67.08000183105469,117.88999938964844,25.440000534057617,93.2699966430664,192.6199951171875,49.02000045776367,132.4600067138672,102.33999633789062,121.43000030517578,64.0999984741211,73.9885482788086,41.34000015258789,38.779998779296875,3.7149999141693115,40.07590103149414,123.2300033569336,50.68000030517578,43.5,59.106666564941406,37.91999816894531,268.70001220703125,51.0,84.41999816894531,48.040000915527344,31.604999542236328,25.780000686645508,89.94999694824219,74.06999969482422,78.88999938964844,22.270000457763672,183.41000366210938,177.83999633789062,26.70599937438965,27.860000610351562,49.58000183105469,61.0099983215332,65.26000213623047,115.91999816894531,24.299999237060547,89.94000244140625,188.22000122070312,48.0099983215332,131.5399932861328,100.05999755859375,117.44999694824219,61.91999816894531,73.06298065185547,40.119998931884766,37.45000076293945,3.603250026702881,39.36432647705078,119.69000244140625,49.90999984741211,42.22999954223633,57.95333480834961,37.5,260.32000732421875,49.939998626708984,82.12999725341797,47.060001373291016,30.934999465942383,25.34000015258789,89.29000091552734,72.7300033569336,79.02999877929688,22.329999923706055,183.41000366210938,178.11000061035156,26.732999801635742,28.149999618530273,49.709999084472656,62.130001068115234,66.80000305175781,117.73999786376953,25.299999237060547,92.66999816894531,191.72000122070312,48.77000045776367,131.9499969482422,102.08000183105469,117.7300033569336,63.38999938964844,73.23473358154297,41.029998779296875,37.79999923706055,3.6177499294281006,39.402278900146484,122.30000305175781,50.2400016784668,43.31999969482422,58.27333450317383,37.709999084472656,267.5,50.810001373291016,83.52999877929688,47.939998626708984,31.530000686645508,25.65999984741211,89.41999816894531,73.76000213623047,4598900,78129300,2601000,633100,23903000,50031300,9618800,15770800,6554900,5671000,7077700,3073000,2757500,18851200,4436700,12892600,16195100,8276500,9266940,13993900,35573200,461604000,27500125,1471400,12461200,9173500,1882800,7147200,4547000,8918000,4126500,20641200,21268800,54911100,7284200,11959500
2019-02-11,58.63097381591797,22.959999084472656,147.75100708007812,165.86972045898438,22.79566764831543,23.840137481689453,38.13131332397461,48.026519775390625,51.865997314453125,84.38982391357422,18.13641929626465,69.92242431640625,161.70314025878906,42.238555908203125,107.86067199707031,82.78131103515625,107.00055694580078,48.852378845214844,58.492225646972656,32.21754837036133,37.62657928466797,3.630591869354248,28.015079498291016,93.72026824951172,42.640838623046875,35.68702697753906,55.35223388671875,32.6591911315918,227.53143310546875,37.50752639770508,61.886356353759766,39.18815231323242,22.843128204345703,22.441333770751953,79.36384582519531,53.39381790161133,79.7699966430664,22.959999084472656,185.7899932861328,178.52000427246094,27.57200050354004,28.40999984741211,50.099998474121094,61.61000061035156,66.73999786376953,116.94999694824219,25.440000534057617,94.20999908447266,191.3300018310547,48.77000045776367,132.0,100.87999725341797,118.01000213623047,61.720001220703125,73.19656372070312,40.209999084472656,38.58000183105469,3.661250114440918,39.544593811035156,121.56999969482422,50.83000183105469,43.689998626708984,59.27333450317383,38.290000915527344,257.1400146484375,50.54999923706055,83.33999633789062,47.650001525878906,31.6200008392334,25.75,89.83000183105469,74.0999984741211,80.18000030517578,23.280000686645508,187.11000061035156,179.88999938964844,27.600000381469727,28.459999084472656,50.31999969482422,62.43000030517578,67.06999969482422,117.36000061035156,25.5,94.3499984741211,193.32000732421875,49.31999969482422,132.6699981689453,102.01000213623047,119.94000244140625,63.439998626708984,74.27481079101562,41.08000183105469,38.869998931884766,3.7144999504089355,40.14231491088867,122.5,51.29999923706055,43.7400016784668,59.426666259765625,38.290000915527344,261.17999267578125,50.900001525878906,84.62999725341797,47.959999084472656,31.670000076293945,25.799999237060547,90.19999694824219,74.22000122070312,79.16999816894531,22.65999984741211,185.50999450683594,178.07000732421875,27.327999114990234,28.209999084472656,49.58000183105469,61.41999816894531,65.58000183105469,116.38999938964844,24.510000228881836,91.61000061035156,191.07000732421875,48.58000183105469,131.25999450683594,100.7699966430664,117.04000091552734,61.220001220703125,72.71946716308594,40.189998626708984,37.36000061035156,3.612499952316284,39.38330078125,121.0,50.380001068115234,42.459999084472656,58.8033332824707,37.83000183105469,256.3399963378906,50.38999938964844,83.26000213623047,47.380001068115234,31.229999542236328,25.6200008392334,89.58000183105469,73.4000015258789,79.88999938964844,23.049999237060547,186.7899932861328,179.4199981689453,27.440000534057617,28.34000015258789,50.220001220703125,62.40999984741211,65.58000183105469,116.93000030517578,24.700000762939453,91.62999725341797,192.8800048828125,49.02000045776367,132.30999755859375,101.76000213623047,119.19999694824219,62.439998626708984,74.23664093017578,41.0,38.599998474121094,3.659749984741211,40.113853454589844,121.73999786376953,50.54999923706055,42.47999954223633,59.119998931884766,37.91999816894531,261.1700134277344,50.81999969482422,84.02999877929688,47.869998931884766,31.31999969482422,25.75,90.13999938964844,73.87999725341797,4803500,60578700,2867300,653300,18012000,47724400,14105600,14614100,5200400,4859600,5106000,2625700,2056500,18004100,4962200,10978500,7203100,9648000,13803942,17058300,30356500,495180000,27102134,1700800,9971800,9541800,741600,8860700,4856200,4797500,3446600,15995900,24994800,53115700,5017400,10434800
2019-02-12,58.74857711791992,22.81999969482422,149.85047912597656,169.837158203125,23.099088668823242,24.075096130371094,37.8344841003418,48.85281753540039,52.41777038574219,85.66703796386719,18.507131576538086,70.97633361816406,164.373779296875,43.31248092651367,109.62569427490234,84.1927261352539,108.34249114990234,48.97110366821289,59.87236022949219,32.970703125,39.40160369873047,3.7476041316986084,28.142778396606445,94.93833923339844,43.337120056152344,36.40589141845703,56.52265548706055,32.957706451416016,233.1591033935547,37.99724578857422,61.803794860839844,40.339534759521484,23.132097244262695,22.772502899169922,80.45051574707031,54.33053970336914,79.93000030517578,22.81999969482422,188.42999267578125,182.7899932861328,27.93899917602539,28.690000534057617,49.709999084472656,62.66999816894531,67.44999694824219,118.72000122070312,25.959999084472656,95.62999725341797,194.49000549316406,50.0099983215332,134.16000366210938,102.5999984741211,119.48999786376953,61.869998931884766,74.92366027832031,41.150001525878906,40.400001525878906,3.779249906539917,39.724857330322266,123.1500015258789,51.65999984741211,44.060001373291016,60.526668548583984,38.63999938964844,263.5,51.209999084472656,82.33000183105469,49.04999923706055,32.02000045776367,26.1299991607666,91.05999755859375,75.4000015258789,80.12000274658203,23.559999465942383,188.9600067138672,183.25999450683594,28.038999557495117,28.860000610351562,50.45000076293945,63.34000015258789,68.30000305175781,118.87000274658203,26.43000030517578,97.12000274658203,195.64999389648438,50.13999938964844,134.3000030517578,102.91999816894531,119.9000015258789,62.88999938964844,75.31488800048828,41.5,40.77000045776367,3.7950000762939453,39.85768508911133,123.69000244140625,52.18000030517578,44.36000061035156,60.676666259765625,38.77000045776367,264.0,51.439998626708984,83.44000244140625,49.459999084472656,32.20500183105469,26.229999542236328,91.11000061035156,75.44999694824219,78.56999969482422,22.75,186.42999267578125,180.32000732421875,27.70599937438965,28.579999923706055,49.5099983215332,62.150001525878906,67.23999786376953,117.61000061035156,25.81999969482422,95.19999694824219,193.0,49.27000045776367,132.0800018310547,101.88999938964844,117.5,61.709999084472656,73.5782470703125,40.650001525878906,39.2400016784668,3.685499906539917,39.26945114135742,122.37000274658203,51.02000045776367,43.7400016784668,59.91666793823242,38.439998626708984,256.9200134277344,50.93000030517578,82.13999938964844,48.0099983215332,31.649999618530273,25.93000030517578,90.05999755859375,74.81999969482422,79.98999786376953,23.43000030517578,187.3300018310547,180.32000732421875,27.864999771118164,28.6200008392334,50.380001068115234,62.150001525878906,68.01000213623047,118.33000183105469,25.8799991607666,95.77999877929688,193.0500030517578,49.36000061035156,132.0800018310547,101.94999694824219,117.76000213623047,62.310001373291016,73.75,40.650001525878906,39.38999938964844,3.700000047683716,39.573055267333984,122.52999877929688,51.29999923706055,43.86000061035156,60.003334045410156,38.63999938964844,259.2200012207031,51.0099983215332,83.37000274658203,48.0099983215332,32.04499816894531,25.940000534057617,90.22000122070312,75.08000183105469,6620100,67595400,2412400,901600,19809000,49178100,13815500,14347400,3958000,5400700,7033400,3072400,2392900,18050100,6262300,12852300,6975500,6478600,13676086,12400800,43587900,591060000,30540177,1730300,16637600,8981100,2019900,8831200,4327900,7526100,3083300,22033000,21354600,37671300,9093200,12599200
2019-02-13,59.38067626953125,22.850000381469727,150.2879180908203,169.39117431640625,23.258655548095703,24.083486557006836,38.801090240478516,49.14125442504883,52.674232482910156,86.28041076660156,19.184396743774414,71.8075942993164,164.54283142089844,43.71087646484375,109.8626480102539,84.59481811523438,108.48753356933594,50.380008697509766,60.2536506652832,33.002750396728516,40.64996337890625,3.7899954319000244,28.028518676757812,93.65092468261719,43.27840805053711,36.70334243774414,56.70320510864258,32.52271270751953,233.42449951171875,37.77465057373047,62.65205764770508,40.314857482910156,23.421066284179688,22.833505630493164,80.6272201538086,54.94301986694336,80.79000091552734,22.850000381469727,188.97999572753906,182.30999755859375,28.131999969482422,28.700000762939453,50.97999954223633,63.040000915527344,67.77999877929688,119.56999969482422,26.90999984741211,96.75,194.69000244140625,50.470001220703125,134.4499969482422,103.08999633789062,119.6500015258789,63.650001525878906,75.40076446533203,41.189998626708984,41.68000030517578,3.822000026702881,39.563568115234375,121.4800033569336,51.59000015258789,44.41999816894531,60.720001220703125,38.130001068115234,263.79998779296875,50.90999984741211,83.45999908447266,49.02000045776367,32.41999816894531,26.200000762939453,91.26000213623047,76.25,81.31999969482422,23.239999771118164,190.1199951171875,183.60000610351562,28.215999603271484,28.989999771118164,51.189998626708984,63.75,68.83000183105469,120.38999938964844,27.170000076293945,97.79000091552734,198.77999877929688,50.810001373291016,134.97999572753906,103.8499984741211,120.27999877929688,63.810001373291016,75.54389190673828,42.029998779296875,42.279998779296875,3.895750045776367,39.90512466430664,123.7699966430664,52.4900016784668,45.130001068115234,61.189998626708984,38.47999954223633,266.2900085449219,51.459999084472656,83.7300033569336,49.709999084472656,32.67499923706055,26.43000030517578,91.52999877929688,76.54000091552734,80.29000091552734,22.709999084472656,188.39999389648438,182.08999633789062,27.797000885009766,28.65999984741211,49.709999084472656,62.970001220703125,67.63999938964844,118.69999694824219,26.100000381469727,95.73999786376953,194.60000610351562,50.0,133.2100067138672,102.9000015258789,118.11000061035156,61.849998474121094,74.85687255859375,41.15999984741211,40.79999923706055,3.7952499389648438,39.26945114135742,121.37000274658203,51.560001373291016,44.06999969482422,60.540000915527344,38.04999923706055,263.1499938964844,50.880001068115234,82.5,48.88999938964844,32.1150016784668,26.190000534057617,90.8499984741211,75.51000213623047,80.33999633789062,22.979999542236328,189.22000122070312,182.6199951171875,28.0,28.8700008392334,49.849998474121094,63.29999923706055,67.70999908447266,119.16000366210938,26.1200008392334,96.1500015258789,195.9199981689453,50.130001068115234,134.07000732421875,102.9000015258789,119.5999984741211,62.04999923706055,74.96183013916016,41.5,40.849998474121094,3.809000015258789,39.77229690551758,123.45999908447266,52.0,44.16999816894531,60.82666778564453,38.369998931884766,263.5199890136719,51.220001220703125,82.51000213623047,49.2400016784668,32.150001525878906,26.25,91.23999786376953,75.58000183105469,4237200,57544200,2166000,653800,19190000,48951200,14606500,10710500,5839800,5935900,8143200,3469200,2757300,17712800,7902200,10754100,12738600,4141000,10980106,9528300,50101700,605372000,24757195,2331600,11004000,11036100,906600,7155600,3066400,5075300,2725000,13770900,26123400,42969600,6435600,13214600
2019-02-14,59.18222427368164,23.1299991607666,149.606689453125,171.2680206298828,23.273536682128906,23.82335090637207,38.68692398071289,48.65793991088867,53.70004653930664,86.1200180053711,19.48381805419922,71.96348571777344,162.7173309326172,44.00534439086914,109.74823760986328,84.0450210571289,110.07833099365234,50.68870162963867,60.192626953125,32.626182556152344,41.18637466430664,3.830900192260742,28.209989547729492,92.98018646240234,43.261634826660156,36.47199630737305,56.85572814941406,32.4630012512207,234.77833557128906,37.44075012207031,62.76467514038086,39.903648376464844,23.50414276123047,22.554630279541016,80.81275939941406,54.957420349121094,80.5199966430664,23.1299991607666,186.67999267578125,184.3300018310547,28.149999618530273,28.389999389648438,50.83000183105469,62.41999816894531,69.0999984741211,118.16000366210938,27.329999923706055,96.95999908447266,192.52999877929688,50.810001373291016,134.30999755859375,102.41999816894531,120.75,64.04000091552734,75.32442474365234,40.720001220703125,42.22999954223633,3.8632500171661377,39.819732666015625,120.61000061035156,51.56999969482422,44.13999938964844,60.883331298828125,38.060001373291016,265.3299865722656,50.459999084472656,83.61000061035156,48.52000045776367,32.53499984741211,25.8799991607666,91.47000122070312,76.2699966430664,80.68000030517578,23.3700008392334,187.8000030517578,184.8699951171875,28.284000396728516,28.6200008392334,51.36000061035156,62.86000061035156,69.69000244140625,119.52999877929688,27.639999389648438,97.83000183105469,194.1300048828125,51.040000915527344,134.82000732421875,103.0999984741211,121.25,64.72000122070312,75.90648651123047,41.529998779296875,43.15999984741211,3.8917500972747803,39.9620475769043,121.26000213623047,51.77000045776367,44.52000045776367,61.33333206176758,38.209999084472656,267.07000732421875,50.70000076293945,83.95999908447266,48.90999984741211,32.779998779296875,26.079999923706055,91.87999725341797,76.6500015258789,79.72000122070312,22.59000015258789,185.75999450683594,182.66000366210938,27.895000457763672,28.110000610351562,50.5099983215332,61.41999816894531,67.5,117.66000366210938,26.770000457763672,96.25,189.44000244140625,50.349998474121094,133.35000610351562,101.3499984741211,118.80000305175781,63.040000915527344,75.08587646484375,40.279998779296875,41.310001373291016,3.7774999141693115,39.487667083740234,119.37000274658203,51.09000015258789,44.119998931884766,60.4466667175293,37.7599983215332,262.7099914550781,50.119998931884766,82.44999694824219,48.029998779296875,32.244998931884766,25.729999542236328,90.9000015258789,75.70999908447266,80.44999694824219,22.739999771118164,187.58999633789062,183.17999267578125,28.059999465942383,28.360000610351562,51.060001373291016,62.349998474121094,67.5,118.37000274658203,26.799999237060547,96.33000183105469,192.2100067138672,50.40999984741211,134.3000030517578,102.47000122070312,118.94000244140625,63.349998474121094,75.50572204589844,40.810001373291016,41.38999938964844,3.821000099182129,39.563568115234375,120.48999786376953,51.5,44.279998779296875,60.51333236694336,37.91999816894531,263.239990234375,50.5099983215332,83.25,48.630001068115234,32.30500030517578,26.0,91.02999877929688,76.26000213623047,3436300,64441200,2611500,1060100,16015000,47756600,17855300,12855300,5442800,5406500,5740400,2654700,2865000,17545400,3910400,11518500,17847000,4824400,8577042,10414200,41759200,827264000,19864949,2110300,17895000,9671200,1004700,7782800,3015300,5507900,2810600,16456500,20426400,47630100,6938600,12772900
2019-02-15,59.424781799316406,23.68000030517578,150.93701171875,171.30520629882812,23.3090877532959,24.42753791809082,39.32624816894531,50.10005569458008,54.53935623168945,86.98735809326172,20.260889053344727,74.40528869628906,167.7628631591797,44.74150466918945,111.439697265625,86.61348724365234,111.6554183959961,51.5672721862793,60.85600662231445,33.64374542236328,40.95231246948242,3.900562286376953,28.49901580810547,95.7092514038086,43.605567932128906,37.14127731323242,57.14833068847656,32.488590240478516,239.9105224609375,38.07144546508789,63.35770034790039,40.479347229003906,23.883419036865234,23.033960342407227,82.03197479248047,55.99504470825195,80.8499984741211,23.68000030517578,188.33999633789062,184.3699951171875,28.19300079345703,29.110000610351562,51.66999816894531,64.2699966430664,70.18000030517578,119.3499984741211,28.420000076293945,100.25,198.5,51.65999984741211,136.3800048828125,105.55000305175781,122.4800033569336,65.1500015258789,76.15457916259766,41.9900016784668,41.9900016784668,3.933500051498413,40.22770309448242,124.1500015258789,51.97999954223633,44.95000076293945,61.1966667175293,38.09000015258789,271.1300048828125,51.310001373291016,84.4000015258789,49.220001220703125,33.060001373291016,26.43000030517578,92.8499984741211,77.70999908447266,81.69999694824219,24.049999237060547,189.10000610351562,185.10000610351562,28.409000396728516,29.309999465942383,51.869998931884766,64.58000183105469,70.31999969482422,119.86000061035156,28.459999084472656,100.26000213623047,198.88999938964844,51.66999816894531,136.41000366210938,105.69999694824219,122.4800033569336,65.45999908447266,76.45992279052734,42.08000183105469,42.400001525878906,4.096749782562256,40.332069396972656,124.3499984741211,52.36000061035156,45.099998474121094,61.53333282470703,38.279998779296875,271.1300048828125,51.36000061035156,85.12999725341797,49.41999816894531,33.084999084472656,26.43000030517578,92.9000015258789,77.76000213623047,80.16000366210938,23.200000762939453,185.99000549316406,183.5,27.878999710083008,28.670000076293945,50.91999816894531,63.0099983215332,69.4800033569336,118.58999633789062,27.670000076293945,97.91000366210938,193.10000610351562,51.09000015258789,135.00999450683594,103.66000366210938,120.4000015258789,64.54000091552734,75.63931274414062,41.130001068115234,41.41999816894531,3.9105000495910645,39.92409896850586,121.55000305175781,51.599998474121094,44.470001220703125,60.866668701171875,37.869998931884766,266.6199951171875,50.7599983215332,84.05999755859375,48.4900016784668,32.79999923706055,25.8799991607666,91.47000122070312,76.75,81.12999725341797,23.579999923706055,188.07000732421875,185.08999633789062,28.409000396728516,28.760000228881836,51.41999816894531,63.13999938964844,69.94000244140625,119.62000274658203,27.719999313354492,98.22000122070312,193.2100067138672,51.25,135.19000244140625,103.9000015258789,121.18000030517578,64.9000015258789,76.0114517211914,41.15999984741211,42.27000045776367,4.073750019073486,40.2087287902832,122.02999877929688,52.08000183105469,44.630001068115234,61.366668701171875,37.90999984741211,267.7900085449219,50.95000076293945,84.38999938964844,49.09000015258789,32.875,26.09000015258789,92.16000366210938,76.94000244140625,6295400,78644100,3314600,824400,17352000,65867000,15449600,17908900,5173500,6209800,7114400,3038600,3065400,22520400,6665000,14716900,10366400,5166300,10886100,13289700,28968400,1516748000,19168993,2321300,12239500,8174900,742500,6257600,3673700,7757300,3929800,19346200,20367600,46880800,8234200,14330300
2019-02-19,59.18222427368164,23.950000762939453,149.83912658691406,169.53054809570312,23.28676986694336,24.444316864013672,39.090301513671875,50.18580627441406,54.00313186645508,86.95820617675781,20.18246841430664,74.0045166015625,167.90650939941406,44.516319274902344,110.87586975097656,86.30985260009766,111.33636474609375,51.878509521484375,60.421382904052734,33.77996063232422,40.923057556152344,3.883208751678467,28.633453369140625,96.32598876953125,43.6307258605957,37.62879180908203,57.07051086425781,32.80418014526367,239.2734375,38.07144546508789,63.65047073364258,40.61092758178711,23.95566177368164,23.068815231323242,81.83760833740234,56.3697395324707,80.5199966430664,23.950000762939453,186.97000122070312,182.4600067138672,28.166000366210938,29.1299991607666,51.36000061035156,64.37999725341797,69.48999786376953,119.30999755859375,28.309999465942383,99.70999908447266,198.6699981689453,51.400001525878906,135.69000244140625,105.18000030517578,122.12999725341797,65.01000213623047,75.61068725585938,42.15999984741211,41.959999084472656,3.9159998893737793,40.417457580566406,124.94999694824219,52.0099983215332,45.540000915527344,61.11333465576172,38.459999084472656,270.4100036621094,51.310001373291016,84.79000091552734,49.380001068115234,33.15999984741211,26.469999313354492,92.62999725341797,78.2300033569336,81.5199966430664,24.40999984741211,188.47000122070312,183.60000610351562,28.283000946044922,29.260000228881836,52.02000045776367,64.6500015258789,70.01000213623047,119.86000061035156,28.56999969482422,100.27999877929688,199.05999755859375,51.709999084472656,136.3800048828125,105.37000274658203,123.33000183105469,65.41999816894531,76.45992279052734,42.279998779296875,42.4900016784668,3.9972500801086426,40.66413879394531,125.38999938964844,52.47999954223633,45.79999923706055,61.50666809082031,38.65999984741211,272.489990234375,51.560001373291016,84.9800033569336,49.619998931884766,33.28499984741211,26.549999237060547,92.98999786376953,78.4800033569336,80.2300033569336,23.610000610351562,186.85000610351562,180.92999267578125,28.014999389648438,28.75,51.2599983215332,63.52000045776367,69.18000030517578,118.45999908447266,28.09000015258789,98.41000366210938,195.61000061035156,51.34000015258789,135.6300048828125,103.80999755859375,121.30000305175781,64.26000213623047,75.45801544189453,41.43000030517578,41.5,3.9035000801086426,40.02846145629883,122.80999755859375,51.75,44.439998626708984,60.84333419799805,38.099998474121094,269.2799987792969,50.849998474121094,83.80999755859375,48.81999969482422,32.845001220703125,26.219999313354492,92.58999633789062,77.44999694824219,80.5,23.6299991607666,187.7899932861328,180.94000244140625,28.114999771118164,28.93000030517578,51.68000030517578,63.72999954223633,69.5199966430664,118.9000015258789,28.09000015258789,99.0,196.66000366210938,51.349998474121094,136.13999938964844,104.91000366210938,121.30999755859375,64.5,76.135498046875,41.58000183105469,41.70000076293945,3.9227499961853027,40.07590103149414,122.80999755859375,52.0,44.52000045776367,60.91666793823242,38.220001220703125,271.1700134277344,51.04999923706055,84.0999984741211,49.029998779296875,32.89500045776367,26.299999237060547,92.5999984741211,77.55999755859375,5674700,57517900,2267500,900500,15152000,40841300,9732700,11013900,5189600,4277800,8169100,2791500,2558200,15611800,5935500,12764900,17861300,3836500,9653547,9401700,25575900,551892000,24432985,2674500,8258400,10039200,1182900,8105700,2486700,7179300,2031200,15121700,17443200,23868300,6284100,13551500
2019-02-20,58.792667388916016,23.950000762939453,149.79904174804688,170.822021484375,23.432279586791992,24.679275512695312,39.04463195800781,50.388492584228516,54.904605865478516,87.6651840209961,21.579763412475586,73.31426239013672,167.847412109375,44.507667541503906,111.41519165039062,86.7283706665039,111.81951904296875,51.958309173583984,60.56625747680664,33.98826217651367,41.166866302490234,3.9305593967437744,28.36459732055664,97.53631591796875,43.999847412109375,37.92625045776367,57.556121826171875,33.264774322509766,238.47705078125,38.286617279052734,64.13089752197266,40.96456527709961,24.056798934936523,23.216976165771484,81.74041748046875,56.585906982421875,79.98999786376953,23.950000762939453,186.9199981689453,183.85000610351562,28.341999053955078,29.40999984741211,51.29999923706055,64.63999938964844,70.6500015258789,120.27999877929688,30.270000457763672,98.77999877929688,198.60000610351562,51.38999938964844,136.35000610351562,105.69000244140625,122.66000366210938,65.11000061035156,75.79198455810547,42.41999816894531,42.209999084472656,3.963749885559082,40.0379524230957,126.5199966430664,52.45000076293945,45.900001525878906,61.633331298828125,39.0,269.510009765625,51.599998474121094,85.43000030517578,49.810001373291016,33.29999923706055,26.639999389648438,92.5199966430664,78.52999877929688,80.5999984741211,24.3700008392334,189.22000122070312,184.27000427246094,28.663000106811523,29.450000762939453,51.88999938964844,64.69999694824219,70.75,120.72000122070312,32.529998779296875,99.80999755859375,199.3000030517578,51.72999954223633,136.72999572753906,105.80000305175781,123.05000305175781,65.94999694824219,75.8969497680664,42.47999954223633,43.2599983215332,4.031499862670898,40.3795051574707,126.58999633789062,52.91999816894531,46.349998474121094,62.02000045776367,39.5099983215332,270.5899963378906,51.650001525878906,86.18000030517578,49.880001068115234,33.46500015258789,26.649999618530273,92.63999938964844,78.80999755859375,79.13999938964844,23.899999618530273,186.47999572753906,181.80999755859375,28.22800064086914,29.010000228881836,50.75,64.13999938964844,69.44999694824219,119.0,30.110000610351562,98.41999816894531,197.50999450683594,51.060001373291016,135.72999572753906,104.87999725341797,121.61000061035156,64.4800033569336,75.20037841796875,42.02000045776367,42.130001068115234,3.9342501163482666,39.78178405761719,124.55999755859375,52.13999938964844,45.349998474121094,61.2599983215332,38.88999938964844,268.17999267578125,51.04999923706055,84.5999984741211,49.29999923706055,33.10499954223633,26.399999618530273,92.05999755859375,78.0,80.52999877929688,24.139999389648438,187.19000244140625,181.8699951171875,28.325000762939453,29.100000381469727,51.349998474121094,64.5,69.45999908447266,119.30999755859375,30.8799991607666,99.58000183105469,198.72999572753906,51.630001068115234,135.97000122070312,105.20999908447266,122.37999725341797,64.98999786376953,75.38167572021484,42.09000015258789,42.310001373291016,3.945499897003174,40.351043701171875,124.94999694824219,52.25,45.349998474121094,61.2599983215332,38.93000030517578,269.2099914550781,51.310001373291016,84.75,49.43000030517578,33.11000061035156,26.459999084472656,92.4000015258789,78.30000305175781,5564100,57091600,3046400,600400,16150000,42806300,21470600,10545000,5837100,5940600,34746600,3456300,2266000,21607700,6089800,10030300,19880300,5470500,8993517,10031600,28048700,540988000,27354884,1787800,12863700,8565600,1036800,7178600,2802800,7722900,3951500,16742600,19871400,27509100,6959900,12633100
2019-02-21,57.88127899169922,23.920000076293945,148.6610107421875,169.5955810546875,23.22723960876465,24.578584671020508,38.154151916503906,50.1390380859375,54.585975646972656,86.83429718017578,21.280344009399414,70.76850891113281,165.95423889160156,44.524986267089844,110.65524291992188,86.5478286743164,111.87422943115234,51.59919738769531,60.87125015258789,33.61970901489258,40.5036735534668,3.8616409301757812,28.324264526367188,96.29515838623047,43.91595458984375,36.95123291015625,57.12964630126953,33.24771499633789,235.7251739501953,37.87852478027344,63.41777038574219,40.75896453857422,23.684751510620117,23.0949649810791,81.02478790283203,56.074310302734375,78.75,23.920000076293945,185.5,182.52999877929688,28.0939998626709,29.290000915527344,50.130001068115234,64.31999969482422,70.23999786376953,119.13999938964844,29.850000381469727,95.3499984741211,196.36000061035156,51.40999984741211,135.4199981689453,105.47000122070312,122.72000122070312,64.66000366210938,76.17366027832031,41.959999084472656,41.529998779296875,3.89424991607666,39.98102569580078,124.91000366210938,52.349998474121094,44.720001220703125,61.176666259765625,38.97999954223633,266.3999938964844,51.04999923706055,84.4800033569336,49.560001373291016,32.78499984741211,26.5,91.70999908447266,77.81999969482422,79.91000366210938,24.329999923706055,187.39999389648438,183.2899932861328,28.334999084472656,29.450000762939453,52.79999923706055,64.94000244140625,70.83999633789062,120.31999969482422,30.989999771118164,98.66999816894531,199.4499969482422,51.84000015258789,135.7899932861328,105.98999786376953,123.76000213623047,65.9800033569336,76.364501953125,42.52000045776367,42.869998931884766,4.00124979019165,40.15180206298828,126.58999633789062,52.59000015258789,45.95000076293945,61.776668548583984,39.18000030517578,269.94000244140625,51.54999923706055,86.36000061035156,49.88999938964844,33.279998779296875,26.68000030517578,92.25,78.66000366210938,78.0999984741211,23.850000381469727,184.75,181.13999938964844,27.89299964904785,29.110000610351562,50.09000015258789,64.04000091552734,69.93000030517578,118.38999938964844,29.440000534057617,94.56999969482422,195.0500030517578,51.209999084472656,134.27000427246094,104.95999908447266,121.80000305175781,64.47000122070312,75.52481079101562,41.689998626708984,41.41999816894531,3.879499912261963,39.715370178222656,124.52999877929688,51.900001525878906,44.599998474121094,61.0,38.79999923706055,265.1000061035156,50.91999816894531,84.36000061035156,49.369998931884766,32.665000915527344,26.40999984741211,91.30000305175781,77.61000061035156,79.73999786376953,24.040000915527344,186.38999938964844,181.80999755859375,28.323999404907227,29.329999923706055,51.08000183105469,64.55000305175781,70.23999786376953,120.06999969482422,30.459999084472656,98.33999633789062,198.97000122070312,51.31999969482422,134.97999572753906,105.44999694824219,122.05999755859375,65.01000213623047,75.55343627929688,42.38999938964844,42.470001220703125,3.9765000343322754,39.86717224121094,126.19000244140625,52.5,45.86000061035156,61.63999938964844,39.06999969482422,269.4700012207031,51.529998779296875,85.44999694824219,49.7599983215332,33.19499969482422,26.59000015258789,92.19000244140625,78.20999908447266,6360800,49608200,2947600,712700,13254000,42754100,25947000,10696100,5984300,5139400,19449100,3836800,2785900,16162100,6665500,8400100,20798700,7231800,7740633,9603600,24048800,448548000,19611883,2270800,7826200,9527400,1152900,4607300,2554300,6145700,3207800,16938800,23732200,46619900,8368500,10266000
2019-02-22,58.814735412597656,24.360000610351562,150.26385498046875,171.78836059570312,22.860151290893555,24.402360916137695,38.801090240478516,49.998714447021484,54.37613296508789,87.01651763916016,21.13776969909668,70.90213775634766,165.6499786376953,45.46035385131836,111.61945343017578,86.16217041015625,113.04109191894531,51.88649368286133,61.58802032470703,33.48350143432617,41.51797866821289,3.946425199508667,28.875423431396484,95.7092514038086,44.56190490722656,36.65377426147461,57.742881774902344,33.59740447998047,236.35340881347656,38.04918670654297,64.04834747314453,40.314857482910156,23.753381729125977,23.060102462768555,81.76692199707031,56.50664520263672,80.0199966430664,24.360000610351562,187.5,184.88999938964844,27.649999618530273,29.079999923706055,50.97999954223633,64.13999938964844,69.97000122070312,119.38999938964844,29.649999618530273,95.52999877929688,196.0,52.4900016784668,136.60000610351562,105.0,124.0,65.0199966430664,77.07061004638672,41.790000915527344,42.56999969482422,3.979749917984009,40.75901412963867,124.1500015258789,53.119998931884766,44.36000061035156,61.83333206176758,39.38999938964844,267.1099853515625,51.279998779296875,85.31999969482422,49.02000045776367,32.880001068115234,26.459999084472656,92.55000305175781,78.41999816894531,80.19000244140625,24.360000610351562,188.86000061035156,185.1300048828125,28.0,29.270000457763672,51.040000915527344,65.13999938964844,71.01000213623047,120.45999908447266,30.219999313354492,97.12000274658203,197.75,52.97999954223633,136.63999938964844,106.08999633789062,124.73999786376953,65.86000061035156,77.15648651123047,42.2400016784668,42.56999969482422,3.9987499713897705,40.92030334472656,125.44999694824219,53.150001525878906,45.13999938964844,61.92333221435547,39.40999984741211,268.3900146484375,51.34000015258789,86.08000183105469,49.75,33.130001068115234,26.579999923706055,92.62999725341797,78.94999694824219,78.23999786376953,23.8799991607666,185.80999755859375,183.30999755859375,27.465999603271484,28.959999084472656,50.130001068115234,63.84000015258789,69.87000274658203,118.8499984741211,28.860000610351562,95.12000274658203,195.1999969482422,52.060001373291016,134.82000732421875,104.77999877929688,122.6500015258789,64.7699966430664,76.11640930175781,41.599998474121094,41.83000183105469,3.9327499866485596,40.05692672729492,123.73999786376953,52.63999938964844,44.189998626708984,61.41666793823242,39.08000183105469,265.95001220703125,50.95000076293945,84.55000305175781,48.95000076293945,32.71500015258789,26.360000610351562,91.77999877929688,77.62000274658203,79.16000366210938,24.049999237060547,185.88999938964844,184.30999755859375,27.9950008392334,29.049999237060547,50.439998626708984,64.62999725341797,70.8499984741211,120.27999877929688,30.100000381469727,96.43000030517578,196.60000610351562,52.70000076293945,135.2899932861328,105.69999694824219,122.7300033569336,65.27999877929688,76.11640930175781,42.04999923706055,42.08000183105469,3.946500062942505,40.13282775878906,125.05000305175781,52.689998626708984,45.08000183105469,61.65666580200195,39.119998931884766,266.5,51.209999084472656,85.13999938964844,49.599998474121094,33.029998779296875,26.5,91.88999938964844,78.70999908447266,5022700,52650700,2774100,495600,27225000,47887800,14910200,14003800,5225500,4517600,11957200,4163500,2626600,31934100,5223900,10647300,19574000,3544600,8337469,10132100,22834300,401740000,24779329,1663600,13394500,5716500,880800,5117800,3191100,4959500,3158100,15848200,19896600,26343700,6488100,9519300
2019-02-25,59.01318359375,24.709999084472656,152.1151123046875,173.73956298828125,23.03377914428711,24.561800003051758,38.549930572509766,50.302734375,53.816612243652344,87.18415069580078,21.02370262145996,70.32321166992188,167.8896484375,45.988651275634766,112.03071594238281,87.06481170654297,112.94081115722656,51.671024322509766,61.2906494140625,33.80397415161133,41.69353103637695,3.9340291023254395,28.956077575683594,95.3546142578125,44.45284652709961,37.00907516479492,58.21914291381836,33.75947952270508,234.13243103027344,38.29404067993164,63.79310989379883,40.84120178222656,23.793113708496094,23.15596580505371,81.88178253173828,56.56428909301758,80.29000091552734,24.709999084472656,189.80999755859375,186.99000549316406,27.860000610351562,29.270000457763672,50.650001525878906,64.52999877929688,69.25,119.62000274658203,29.489999771118164,94.75,198.64999389648438,53.099998474121094,136.1999969482422,106.0999984741211,123.88999938964844,64.75,76.69847106933594,42.189998626708984,42.75,3.967250108718872,40.87286376953125,123.69000244140625,52.9900016784668,44.790000915527344,62.34333419799805,39.58000183105469,264.6000061035156,51.61000061035156,84.9800033569336,49.65999984741211,32.935001373291016,26.56999969482422,92.68000030517578,78.5,80.62000274658203,25.520000457763672,190.47000122070312,188.27000427246094,28.08300018310547,29.59000015258789,51.150001525878906,65.43000030517578,70.01000213623047,120.41999816894531,29.950000762939453,95.70999908447266,201.5,53.61000061035156,137.49000549316406,107.2699966430664,124.66999816894531,65.2300033569336,77.28053283691406,42.86000061035156,43.9900016784668,4.131999969482422,41.148006439208984,125.94000244140625,53.970001220703125,45.0099983215332,63.07666778564453,39.91999816894531,268.1700134277344,52.189998626708984,85.66000366210938,50.22999954223633,33.04499816894531,26.81999969482422,93.23999786376953,78.8499984741211,79.87999725341797,24.68000030517578,187.88999938964844,186.2899932861328,27.847999572753906,29.1200008392334,50.56999969482422,64.44999694824219,69.2300033569336,119.37000274658203,29.389999389648438,94.16999816894531,197.7100067138672,52.86000061035156,135.86000061035156,105.69000244140625,123.47000122070312,64.44999694824219,76.32633972167969,42.11000061035156,42.70000076293945,3.9584999084472656,40.74003982543945,123.62000274658203,52.900001525878906,44.25,62.29999923706055,39.47999954223633,264.3800048828125,51.52000045776367,84.86000061035156,49.25,32.744998931884766,26.540000915527344,92.61000061035156,78.19999694824219,80.45999908447266,25.010000228881836,188.66000366210938,187.8000030517578,28.077999114990234,29.1200008392334,51.150001525878906,64.58999633789062,69.66000366210938,119.41000366210938,29.510000228881836,95.12999725341797,198.0,53.060001373291016,136.35000610351562,105.75,124.0999984741211,64.97000122070312,77.15648651123047,42.130001068115234,43.810001373291016,4.064000129699707,40.83491516113281,124.95999908447266,53.779998779296875,44.33000183105469,62.76333236694336,39.869998931884766,267.5799865722656,51.56999969482422,85.0999984741211,49.2599983215332,32.775001525878906,26.579999923706055,93.0199966430664,78.43000030517578,5511800,63221000,3182600,737200,19245000,61227400,10551500,12853000,5160900,5196600,9952500,6090800,3032200,20711800,6846600,11230700,13682400,4054700,9741265,10804700,25233700,656020000,25274815,2553300,15341700,6033300,2355600,5101500,3679100,6154400,2033700,16564100,31808800,33835900,7652600,9274400
2019-02-26,59.17488479614258,24.209999084472656,152.3314208984375,172.2250518798828,22.73613739013672,24.578584671020508,38.17698669433594,49.983131408691406,53.56014633178711,87.41737365722656,21.094995498657227,69.69976043701172,168.10096740722656,46.10124588012695,111.9566879272461,86.40013885498047,113.65187072753906,51.543338775634766,61.56514358520508,33.980255126953125,41.89834213256836,3.8946123123168945,28.915752410888672,94.98455810546875,44.48641586303711,36.612457275390625,57.854949951171875,33.77653884887695,232.6989288330078,38.064022064208984,63.36521911621094,40.78363800048828,23.71726417541504,23.08624839782715,81.59021759033203,56.679588317871094,80.51000213623047,24.209999084472656,190.0800018310547,185.36000061035156,27.5,29.290000915527344,50.15999984741211,64.12000274658203,68.91999816894531,119.94000244140625,29.59000015258789,93.91000366210938,198.89999389648438,53.22999954223633,136.11000061035156,105.29000091552734,124.66999816894531,64.58999633789062,77.04198455810547,42.40999984741211,42.959999084472656,3.927500009536743,40.815940856933594,123.20999908447266,53.029998779296875,44.310001373291016,61.95333480834961,39.599998474121094,262.9800109863281,51.29999923706055,84.41000366210938,49.59000015258789,32.83000183105469,26.489999771118164,92.3499984741211,78.66000366210938,80.86000061035156,24.719999313354492,191.64999389648438,186.47000122070312,27.801000595092773,29.6299991607666,50.86000061035156,64.66999816894531,69.52999877929688,120.97000122070312,30.149999618530273,95.16999816894531,200.55999755859375,53.369998931884766,136.9600067138672,105.47000122070312,125.16000366210938,65.30999755859375,77.385498046875,42.68000030517578,43.150001525878906,4.019000053405762,41.01517868041992,124.56999969482422,53.220001220703125,45.150001525878906,62.41999816894531,39.66999816894531,265.42999267578125,51.810001373291016,85.75,50.13999938964844,33.130001068115234,26.690000534057617,92.72000122070312,79.12999725341797,80.0199966430664,24.149999618530273,189.36000061035156,184.69000244140625,27.44499969482422,28.959999084472656,50.09000015258789,63.88999938964844,68.73999786376953,119.68000030517578,29.489999771118164,92.97000122070312,196.5500030517578,52.90999984741211,136.0500030517578,103.94000244140625,123.31999969482422,64.54000091552734,76.33587646484375,41.630001068115234,42.290000915527344,3.893749952316284,40.60721206665039,122.44000244140625,52.279998779296875,44.2599983215332,61.7599983215332,39.380001068115234,262.79998779296875,51.13999938964844,84.37999725341797,49.34000015258789,32.81999969482422,26.360000610351562,92.23999786376953,78.38999938964844,80.19999694824219,24.649999618530273,189.55999755859375,185.30999755859375,27.792999267578125,29.020000457763672,50.599998474121094,64.08999633789062,69.0999984741211,119.80999755859375,29.489999771118164,94.98999786376953,198.47000122070312,53.0099983215332,136.44000244140625,104.5,123.86000061035156,64.77999877929688,76.83206176757812,41.97999954223633,42.349998474121094,3.9625000953674316,40.75901412963867,123.20999908447266,53.08000183105469,44.79999923706055,62.17333221435547,39.40999984741211,264.6600036621094,51.40999984741211,85.0,49.4900016784668,32.904998779296875,26.3799991607666,92.47000122070312,78.68000030517578,4283100,48470100,2431000,660600,27211000,53153200,12319500,12912800,4689900,5445600,7921100,5777600,2499800,16082200,5106900,15465400,20790900,3746400,8927912,10404400,18051500,488464000,16548959,2920900,11366700,5853200,865200,5587300,3212900,4823300,2146300,16997800,21101400,35659700,7288000,10990600
2019-02-27,58.36636734008789,23.479999542236328,153.4053497314453,171.07290649414062,22.445941925048828,24.77997589111328,38.785865783691406,50.201393127441406,53.793312072753906,87.51943969726562,21.301738739013672,70.53844451904297,168.10096740722656,46.10991287231445,111.7593002319336,86.29342651367188,114.5726089477539,50.59370422363281,61.47365188598633,34.10044479370117,40.29886245727539,3.8527162075042725,28.855266571044922,96.9195785522461,44.49479675292969,36.64550018310547,57.16078567504883,33.64860153198242,221.2843475341797,38.24210739135742,62.37431335449219,41.03858947753906,23.807573318481445,23.17340087890625,81.2103271484375,57.26323318481445,79.41000366210938,23.479999542236328,191.4199981689453,184.1199951171875,27.14900016784668,29.530000686645508,50.959999084472656,64.4000015258789,69.22000122070312,120.08000183105469,29.8799991607666,95.04000091552734,198.10000610351562,53.2400016784668,135.8699951171875,105.16000366210938,125.68000030517578,63.400001525878906,76.92748260498047,42.560001373291016,41.31999969482422,3.8852500915527344,40.73054885864258,125.72000122070312,53.040000915527344,44.349998474121094,61.209999084472656,39.45000076293945,250.0800018310547,51.540000915527344,83.08999633789062,49.900001525878906,32.95500183105469,26.59000015258789,91.91999816894531,79.47000122070312,80.13999938964844,24.229999542236328,192.19000244140625,185.1300048828125,27.510000228881836,29.670000076293945,51.13999938964844,64.58000183105469,70.33999633789062,121.29000091552734,30.34000015258789,98.4000015258789,199.88999938964844,53.380001068115234,136.25,105.37999725341797,126.4800033569336,64.86000061035156,77.5667953491211,42.709999084472656,42.7599983215332,3.9397499561309814,41.00569152832031,125.7699966430664,53.130001068115234,44.779998779296875,61.70333480834961,39.59000015258789,261.6099853515625,51.58000183105469,84.61000061035156,50.029998779296875,33.29499816894531,26.639999389648438,92.36000061035156,79.75,78.80000305175781,23.209999084472656,188.66000366210938,182.27000427246094,26.95800018310547,29.209999084472656,49.95000076293945,63.68000030517578,68.76000213623047,119.88999938964844,29.489999771118164,93.98999786376953,197.1199951171875,52.5099983215332,135.38999938964844,104.51000213623047,124.08000183105469,63.33000183105469,76.74618530273438,42.25,41.0099983215332,3.8277499675750732,40.61669921875,122.87999725341797,52.27000045776367,44.08000183105469,60.543331146240234,39.060001373291016,248.94000244140625,51.16999816894531,82.91000366210938,49.36000061035156,32.79999923706055,26.40999984741211,91.61000061035156,78.66000366210938,80.13999938964844,24.110000610351562,188.74000549316406,185.1300048828125,27.32200050354004,29.299999237060547,50.0,64.23999786376953,69.29000091552734,120.29000091552734,29.8799991607666,95.54000091552734,198.5,52.7599983215332,135.52000427246094,105.18000030517578,124.48999786376953,64.6500015258789,76.85114288330078,42.470001220703125,42.619998931884766,3.9130001068115234,40.77798843383789,123.45999908447266,52.95000076293945,44.400001525878906,61.70333480834961,39.5099983215332,261.6099853515625,51.31999969482422,84.5,49.59000015258789,32.9900016784668,26.440000534057617,92.04000091552734,78.87999725341797,4175500,62649300,1886200,387900,29146000,48128600,17453600,13495700,5355700,5289800,6652700,6452100,1804200,17590300,4378100,9968800,32135600,5805400,7852978,6916600,29522200,500256000,16475074,1949500,10426200,7442700,2977800,8194900,8952900,3838000,3009700,17455000,20588000,42542400,9827600,12398200
2019-02-28,58.24142074584961,23.530000686645508,152.3314208984375,169.91148376464844,22.765905380249023,24.526952743530273,39.318634033203125,49.874000549316406,52.728614807128906,87.15498352050781,21.037960052490234,69.76656341552734,166.91290283203125,45.867408752441406,112.39266204833984,85.63699340820312,115.12870788574219,49.48447036743164,61.984535217285156,33.63572692871094,39.869728088378906,3.8281476497650146,29.13755989074707,97.15084838867188,44.78840255737305,36.40589141845703,57.195030212402344,33.307411193847656,214.32937622070312,38.3534049987793,61.22575759887695,41.03036117553711,23.569162368774414,23.112394332885742,80.97178649902344,56.946189880371094,79.23999786376953,23.530000686645508,190.0800018310547,182.8699951171875,27.535999298095703,29.079999923706055,51.65999984741211,63.97999954223633,67.8499984741211,119.58000183105469,29.510000228881836,94.0,196.6999969482422,52.959999084472656,136.63999938964844,104.36000061035156,126.29000091552734,62.0099983215332,77.5667953491211,41.97999954223633,40.880001068115234,3.8564999103546143,41.129032135009766,126.0199966430664,53.38999938964844,44.060001373291016,61.246665954589844,39.04999923706055,242.22000122070312,51.689998626708984,81.55999755859375,49.88999938964844,32.625,26.520000457763672,91.6500015258789,79.02999877929688,79.70999908447266,23.670000076293945,191.6300048828125,183.86000061035156,27.570999145507812,29.549999237060547,52.619998931884766,64.66000366210938,69.19000244140625,120.16000366210938,29.950000762939453,96.2300033569336,198.39999389648438,53.18000030517578,137.9499969482422,105.20999908447266,127.7699966430664,63.439998626708984,78.01526641845703,42.619998931884766,41.150001525878906,3.8975000381469727,41.53700256347656,126.72000122070312,53.7599983215332,44.540000915527344,61.42333221435547,39.290000915527344,251.9499969482422,51.720001220703125,83.30000305175781,50.130001068115234,33.005001068115234,26.649999618530273,92.25,79.75,78.75,23.110000610351562,189.72999572753906,182.57000732421875,26.863000869750977,29.010000228881836,51.08000183105469,63.84000015258789,67.66000366210938,118.48999786376953,29.350000381469727,92.97000122070312,196.00999450683594,52.810001373291016,135.69000244140625,104.18000030517578,125.19999694824219,61.63999938964844,76.84160614013672,41.84000015258789,39.79999923706055,3.8340001106262207,40.673622131347656,125.4800033569336,52.709999084472656,43.41999816894531,60.75,39.0,239.14999389648438,51.439998626708984,81.52999877929688,49.72999954223633,32.41999816894531,26.510000228881836,91.55000305175781,78.70999908447266,79.45999908447266,23.209999084472656,191.3800048828125,183.32000732421875,26.996999740600586,29.5,51.86000061035156,64.45999908447266,69.1500015258789,120.0,29.899999618530273,95.37000274658203,198.0399932861328,52.91999816894531,135.9499969482422,105.01000213623047,125.5199966430664,63.380001068115234,76.84160614013672,42.4900016784668,40.20000076293945,3.875,40.74952697753906,126.05999755859375,53.0,44.459999084472656,60.95000076293945,39.119998931884766,249.6999969482422,51.61000061035156,83.08999633789062,49.97999954223633,32.959999084472656,26.600000381469727,91.75,79.44999694824219,6310800,39384900,2776200,318500,31460000,62358100,80889800,14209300,8154300,6406500,9008700,5204700,2964300,18388800,10133200,15156900,36023600,7499200,11588365,12299900,25777900,324944000,39002427,2189400,19000200,8846900,1236000,5705100,11034300,5808800,3608400,17786600,22498800,39835900,9464100,14597900
2019-03-01,58.873512268066406,23.68000030517578,153.1969757080078,171.9927520751953,22.55011749267578,24.720935821533203,40.50596618652344,50.2559700012207,53.56793975830078,88.94065856933594,21.49422264099121,71.56267547607422,168.185791015625,46.161869049072266,113.79920959472656,85.69441986083984,117.45333862304688,50.01915740966797,62.25904083251953,34.052371978759766,40.55244827270508,3.882495641708374,29.144283294677734,97.6134033203125,45.46791076660156,37.33958053588867,57.70241165161133,33.59740447998047,217.806884765625,38.375667572021484,62.22418975830078,41.14550018310547,24.00261688232422,23.260547637939453,82.12033081054688,57.6451416015625,80.0999984741211,23.68000030517578,191.16000366210938,185.11000061035156,27.274999618530273,29.309999465942383,53.220001220703125,64.47000122070312,68.93000030517578,122.02999877929688,30.149999618530273,96.41999816894531,198.1999969482422,53.29999923706055,138.35000610351562,104.43000030517578,128.83999633789062,62.68000030517578,77.9103012084961,42.5,41.58000183105469,3.911250114440918,41.138519287109375,126.62000274658203,54.20000076293945,45.189998626708984,61.790000915527344,39.38999938964844,246.14999389648438,51.720001220703125,82.88999938964844,50.029998779296875,33.224998474121094,26.690000534057617,92.94999694824219,80.0,80.8499984741211,24.190000534057617,192.05999755859375,185.27000427246094,27.81599998474121,29.649999618530273,53.279998779296875,65.69000244140625,69.11000061035156,122.04000091552734,30.299999237060547,97.01000213623047,201.44000244140625,53.68000030517578,138.61000061035156,105.91000366210938,129.4199981689453,63.20000076293945,78.17748260498047,42.869998931884766,42.560001373291016,3.953749895095825,41.54648971557617,127.81999969482422,54.400001525878906,45.189998626708984,62.09000015258789,39.52000045776367,248.0,52.38999938964844,82.97000122070312,50.84000015258789,33.22999954223633,26.940000534057617,93.08000183105469,80.0,79.27999877929688,23.450000762939453,190.47000122070312,183.16000366210938,27.113000869750977,29.209999084472656,51.5099983215332,64.11000061035156,68.08999633789062,120.16999816894531,29.450000762939453,94.38999938964844,197.42999267578125,52.88999938964844,137.00999450683594,104.19999694824219,126.58000183105469,62.119998931884766,77.4522933959961,42.349998474121094,41.11000061035156,3.8480000495910645,41.072105407714844,125.56999969482422,53.709999084472656,44.220001220703125,61.150001525878906,39.20000076293945,243.55999755859375,51.47999954223633,81.94999694824219,49.869998931884766,32.79999923706055,26.610000610351562,92.13999938964844,79.02999877929688,79.7699966430664,23.969999313354492,191.38999938964844,184.41000366210938,27.773000717163086,29.329999923706055,51.66999816894531,64.77999877929688,68.08999633789062,120.38999938964844,29.450000762939453,94.63999938964844,198.75,53.439998626708984,137.22000122070312,105.0999984741211,127.25,62.119998931884766,78.01526641845703,42.349998474121094,41.63999938964844,3.906749963760376,41.37571334838867,126.5999984741211,54.0,44.220001220703125,61.83000183105469,39.36000061035156,243.55999755859375,52.119998931884766,82.12000274658203,50.22999954223633,32.79999923706055,26.75,92.22000122070312,79.37999725341797,8567900,48084000,2409400,389800,19035000,45771500,34760700,14376000,7372600,7743600,13399000,5033900,2580500,18359300,5641600,13813300,43290900,6069800,10624205,12336100,26755800,357188000,26667781,1963800,12659000,8811700,1433400,5299200,6921300,5734600,3102700,19051400,40655800,82657300,10795200,15419400
2019-03-04,58.403133392333984,23.3700008392334,152.091064453125,172.5037841796875,22.72704315185547,24.484773635864258,40.37657928466797,49.694705963134766,54.321746826171875,89.00625610351562,20.988056182861328,71.85212707519531,166.30197143554688,46.71616744995117,113.90613555908203,85.49749755859375,116.19529724121094,49.48447036743164,62.0455322265625,33.65174865722656,40.0452880859375,3.890685558319092,28.94936180114746,97.38983154296875,45.11557388305664,37.38090133666992,57.70864486694336,33.392723083496094,208.8433074951172,38.33855056762695,61.95394515991211,41.2112922668457,24.04596710205078,23.112394332885742,81.00713348388672,57.8685188293457,79.45999908447266,23.3700008392334,189.77999877929688,185.66000366210938,27.48900032043457,29.030000686645508,53.04999923706055,63.75,69.9000015258789,122.12000274658203,29.440000534057617,96.80999755859375,195.97999572753906,53.939998626708984,138.47999572753906,104.19000244140625,127.45999908447266,62.0099983215332,77.64312744140625,42.0,41.060001373291016,3.9195001125335693,40.86337661743164,126.33000183105469,53.779998779296875,45.2400016784668,61.79666519165039,39.150001525878906,236.02000427246094,51.66999816894531,82.52999877929688,50.11000061035156,33.28499984741211,26.520000457763672,91.69000244140625,80.30999755859375,80.7300033569336,24.1299991607666,192.1199951171875,186.72999572753906,27.658000946044922,29.540000915527344,53.27000045776367,65.30000305175781,70.05999755859375,122.83999633789062,30.440000534057617,97.62999725341797,200.8300018310547,54.099998474121094,139.41000366210938,105.91999816894531,130.50999450683594,62.880001068115234,78.35877990722656,43.099998474121094,42.150001525878906,3.9730000495910645,41.35673522949219,128.64999389648438,54.70000076293945,45.65999984741211,62.43333435058594,39.33000183105469,248.4499969482422,52.31999969482422,83.66999816894531,50.900001525878906,33.42499923706055,26.940000534057617,93.44999694824219,80.55000305175781,79.11000061035156,23.010000228881836,187.41000366210938,183.55999755859375,27.086000442504883,28.770000457763672,52.5099983215332,63.11000061035156,68.7300033569336,120.55000305175781,29.030000686645508,95.12000274658203,194.14999389648438,53.209999084472656,137.50999450683594,103.2699966430664,125.33999633789062,60.34000015258789,76.84160614013672,41.79999923706055,40.63999938964844,3.862499952316284,40.68311309814453,125.33000183105469,53.2599983215332,44.56999969482422,61.029998779296875,38.709999084472656,234.50999450683594,51.099998474121094,80.91000366210938,49.689998626708984,32.78499984741211,26.299999237060547,91.05999755859375,79.01000213623047,80.4000015258789,23.889999389648438,191.82000732421875,185.36000061035156,27.5,29.329999923706055,53.20000076293945,64.52999877929688,69.5999984741211,122.66999816894531,30.299999237060547,96.70999908447266,198.80999755859375,53.75,138.85000610351562,104.91999816894531,130.50999450683594,62.880001068115234,78.27290344238281,42.54999923706055,41.880001068115234,3.950000047683716,41.214420318603516,126.70999908447266,54.58000183105469,45.43000030517578,62.21666717529297,39.33000183105469,248.1199951171875,51.90999984741211,83.66000366210938,50.290000915527344,33.345001220703125,26.760000228881836,93.27999877929688,80.23999786376953,5872500,48147700,2274800,558300,17382000,56893200,20534600,15786600,6625800,7499500,11404900,3729100,2683600,21706100,8377700,12466300,59468600,7025300,8522755,12115100,27047800,409992000,22805820,1928800,14021700,6946300,1755600,7081100,8646300,4610900,3688500,16697000,39560000,76611900,15208400,18089900
2019-03-05,57.99886703491211,23.5,151.32171630859375,171.45382690429688,22.90231704711914,24.526952743530273,40.94740295410156,49.05549621582031,53.63011169433594,89.85900115966797,20.866863250732422,70.8798599243164,166.31890869140625,46.4909782409668,114.14468383789062,85.43183135986328,117.13427734375,48.5268669128418,62.29715347290039,33.57162094116211,39.001739501953125,3.884233236312866,28.82837677001953,98.53849792480469,45.24980163574219,37.00907516479492,57.48762893676758,33.28182601928711,213.6303253173828,38.24210739135742,60.91799545288086,41.03036117553711,23.966501235961914,23.025239944458008,80.96298217773438,57.78205871582031,78.91000366210938,23.5,188.82000732421875,184.52999877929688,27.701000213623047,29.079999923706055,53.79999923706055,62.93000030517578,69.01000213623047,123.29000091552734,29.270000457763672,95.5,196.0,53.68000030517578,138.77000427246094,104.11000061035156,128.49000549316406,60.810001373291016,77.95801544189453,41.900001525878906,39.9900016784668,3.9130001068115234,40.69260025024414,127.81999969482422,53.939998626708984,44.790000915527344,61.560001373291016,39.02000045776367,241.42999267578125,51.540000915527344,81.1500015258789,49.88999938964844,33.17499923706055,26.420000076293945,91.63999938964844,80.19000244140625,79.9000015258789,23.68000030517578,190.6699981689453,185.77999877929688,28.04400062561035,29.190000534057617,54.380001068115234,63.65999984741211,70.05999755859375,123.3499984741211,29.56999969482422,97.30000305175781,196.17999267578125,53.9900016784668,139.13999938964844,104.55000305175781,128.8699951171875,61.88999938964844,78.27290344238281,42.040000915527344,40.66999816894531,3.9514999389648438,41.034156799316406,128.1300048828125,54.22999954223633,45.27000045776367,61.90999984741211,39.22999954223633,243.1999969482422,51.709999084472656,82.5,50.04999923706055,33.345001220703125,26.579999923706055,91.97000122070312,80.4000015258789,78.72000122070312,23.010000228881836,188.7899932861328,184.14999389648438,27.452999114990234,28.700000762939453,52.91999816894531,61.90999984741211,68.5199966430664,121.58999633789062,28.899999618530273,95.2699966430664,193.0,53.11000061035156,138.36000061035156,103.26000213623047,126.72000122070312,60.310001373291016,77.5,41.189998626708984,39.5099983215332,3.8489999771118164,40.65464782714844,124.66000366210938,53.70000076293945,44.310001373291016,61.276668548583984,38.65999984741211,234.94000244140625,51.08000183105469,80.5199966430664,49.33000183105469,32.939998626708984,26.219999313354492,91.16999816894531,79.75,79.37999725341797,23.34000015258789,190.0,184.64999389648438,27.549999237060547,29.020000457763672,53.13999938964844,63.65999984741211,70.0,121.87000274658203,29.479999542236328,97.04000091552734,195.85000610351562,53.849998474121094,138.80999755859375,104.12999725341797,128.39999389648438,61.790000915527344,77.74809265136719,41.97999954223633,40.25,3.903749942779541,40.882354736328125,126.19000244140625,53.900001525878906,45.20000076293945,61.630001068115234,38.95000076293945,236.52999877929688,51.66999816894531,82.5,50.029998779296875,33.33000183105469,26.56999969482422,91.7300033569336,80.12000274658203,5933100,35462600,3445200,258700,21699000,39932500,23848200,18754900,7635500,7345200,7440400,3337000,2338600,21057700,6568900,10856600,53212600,7254500,8698190,10449100,28798800,362924000,26529812,3160100,10092800,7391100,1330500,7192400,6924500,4415900,3934800,14235400,31615000,39868100,13591700,13745500
2019-03-06,57.39617156982422,22.40999984741211,146.77772521972656,168.32261657714844,22.434370040893555,24.32452392578125,40.254798889160156,48.72809982299805,53.0705680847168,90.03392791748047,20.474761962890625,68.23762512207031,165.249755859375,45.85874557495117,114.40788269042969,85.11177825927734,115.48426055908203,47.82462692260742,61.58039855957031,33.347293853759766,36.99264144897461,3.7733042240142822,28.136058807373047,98.24556732177734,46.505794525146484,35.83575439453125,56.538211822509766,33.08564758300781,211.54212951660156,37.91563034057617,61.06813049316406,40.97279357910156,23.6630802154541,22.877086639404297,79.7790756225586,57.126338958740234,78.08999633789062,22.40999984741211,183.14999389648438,181.16000366210938,27.135000228881836,28.84000015258789,52.88999938964844,62.5099983215332,68.29000091552734,123.52999877929688,28.719999313354492,91.94000244140625,194.74000549316406,52.95000076293945,139.08999633789062,103.72000122070312,126.68000030517578,59.93000030517578,77.06106567382812,41.619998931884766,37.93000030517578,3.8012499809265137,39.715370178222656,127.44000244140625,54.79999923706055,43.369998931884766,60.543331146240234,38.790000915527344,239.07000732421875,51.099998474121094,81.3499984741211,49.81999969482422,32.755001068115234,26.25,90.30000305175781,79.27999877929688,79.12999725341797,23.530000686645508,189.3699951171875,184.3800048828125,27.69300079345703,29.15999984741211,54.0,63.06999969482422,68.63999938964844,124.69999694824219,29.329999923706055,94.9800033569336,197.55999755859375,53.650001525878906,139.64999389648438,104.56999969482422,128.7899932861328,60.7400016784668,78.01526641845703,42.09000015258789,39.45000076293945,3.9124999046325684,40.673622131347656,129.27000427246094,55.459999084472656,44.709999084472656,61.53666687011719,39.220001220703125,241.74000549316406,51.619998931884766,82.01000213623047,50.220001220703125,32.974998474121094,26.510000228881836,91.7699966430664,79.37999725341797,77.55999755859375,22.399999618530273,182.42999267578125,181.0399932861328,27.04800033569336,28.799999237060547,52.650001525878906,62.099998474121094,67.94000244140625,122.30000305175781,28.600000381469727,91.55999755859375,194.52999877929688,52.939998626708984,138.60000610351562,103.55000305175781,125.38999938964844,59.599998474121094,76.62213897705078,41.59000015258789,37.52000045776367,3.7985000610351562,39.487667083740234,127.3499984741211,53.72999954223633,43.20000076293945,60.5,38.779998779296875,237.02999877929688,50.97999954223633,80.75,49.68000030517578,32.59000015258789,26.229999542236328,90.05000305175781,77.86000061035156,79.12999725341797,23.469999313354492,188.8800048828125,184.3000030517578,27.666000366210938,29.010000228881836,53.810001373291016,62.70000076293945,68.61000061035156,123.16999816894531,29.0,94.91999816894531,195.89999389648438,53.630001068115234,139.47000122070312,103.86000061035156,128.75,60.38999938964844,77.86259460449219,41.83000183105469,39.380001068115234,3.9040000438690186,40.62618637084961,128.1300048828125,53.88999938964844,44.5099983215332,61.38999938964844,39.060001373291016,241.74000549316406,51.400001525878906,81.11000061035156,49.970001220703125,32.904998779296875,26.420000076293945,91.6500015258789,78.8499984741211,5293200,60479400,3956100,499300,19973000,41672000,23652800,12711200,7296300,7599900,6347200,5079200,2247500,14740500,6236900,9070800,74822500,8212400,8167169,7062700,44890400,403524000,22410359,2748500,20521300,9948900,1412400,4433400,4878700,4345700,3444400,14211000,45381000,43158900,11662400,18633600
2019-03-07,57.506431579589844,22.079999923706055,145.42332458496094,164.94061279296875,21.951539993286133,24.07992935180664,39.20447540283203,48.25259017944336,52.80634307861328,88.87507629394531,20.004241943359375,67.79973602294922,163.57810974121094,45.55561828613281,113.708740234375,84.49634552001953,115.17428588867188,46.95479202270508,61.344032287597656,32.986717224121094,36.89511489868164,3.704066514968872,27.820154190063477,97.12772369384766,45.852333068847656,35.10862350463867,55.9281005859375,32.94917678833008,209.44500732421875,37.6039924621582,60.497589111328125,40.8576545715332,23.52220344543457,22.64177894592285,79.15178680419922,57.76042938232422,78.23999786376953,22.079999923706055,181.4600067138672,177.52000427246094,26.551000595092773,28.549999237060547,51.5099983215332,61.900001525878906,67.94999694824219,121.94000244140625,28.059999465942383,91.3499984741211,192.77000427246094,52.599998474121094,138.24000549316406,102.97000122070312,126.33999633789062,58.84000015258789,76.76526641845703,41.16999816894531,37.83000183105469,3.7314999103546143,39.26945114135742,125.98999786376953,54.029998779296875,42.4900016784668,59.88999938964844,38.630001068115234,236.6999969482422,50.68000030517578,80.58999633789062,49.68000030517578,32.560001373291016,25.979999542236328,89.58999633789062,80.16000366210938,79.12000274658203,22.40999984741211,183.16000366210938,180.14999389648438,27.033000946044922,28.719999313354492,52.81999969482422,62.119998931884766,68.4000015258789,123.5,28.799999237060547,92.12000274658203,193.4499969482422,52.9900016784668,139.1199951171875,103.47000122070312,127.19000244140625,60.15999984741211,77.39503479003906,41.349998474121094,38.310001373291016,3.78725004196167,39.743831634521484,126.87000274658203,55.04999923706055,43.459999084472656,60.3033332824707,38.880001068115234,241.17999267578125,51.060001373291016,81.69000244140625,49.849998474121094,32.79999923706055,26.149999618530273,90.36000061035156,80.26000213623047,77.44000244140625,21.729999542236328,180.60000610351562,176.92999267578125,26.408000946044922,28.260000228881836,51.220001220703125,61.209999084472656,67.55000305175781,121.69999694824219,27.989999771118164,90.58000183105469,190.0800018310547,52.36000061035156,137.6999969482422,102.16000366210938,125.12999725341797,58.689998626708984,76.3740463256836,40.630001068115234,37.13999938964844,3.684999942779541,39.13662338256836,124.45999908447266,53.61000061035156,42.45000076293945,59.483333587646484,38.369998931884766,235.5500030517578,50.369998931884766,80.3499984741211,49.290000915527344,32.43000030517578,25.829999923706055,89.27999877929688,79.31999969482422,77.7699966430664,22.329999923706055,182.9199981689453,180.1300048828125,27.01799964904785,28.670000076293945,52.70000076293945,62.029998779296875,68.36000061035156,123.41999816894531,28.760000228881836,92.06999969482422,193.1300048828125,52.77000045776367,138.52999877929688,103.25,126.41000366210938,59.939998626708984,77.3187026977539,41.31999969482422,37.540000915527344,3.7774999141693115,39.715370178222656,126.63999938964844,54.83000183105469,43.41999816894531,60.3033332824707,38.77000045776367,240.3000030517578,51.0,81.43000030517578,49.709999084472656,32.775001525878906,26.149999618530273,90.16999816894531,79.55000305175781,6642500,52186300,3421700,648300,25411000,53908600,19096800,15788900,6964300,7201100,8760900,3731300,3567800,17803000,6100400,12705700,60615600,5830500,10925505,12502100,31567800,450104000,29046132,2983900,13667300,8086500,2994000,4231300,5033500,4048500,3145900,19047300,46892400,62622100,14430700,16541700
2019-03-08,57.021324157714844,22.010000228881836,144.9505615234375,166.16705322265625,21.8424015045166,24.16427230834961,39.11314392089844,48.37730026245117,50.847957611083984,88.64183807373047,19.041810989379883,64.15557098388672,165.67404174804688,45.45168685913086,113.56068420410156,84.52915954589844,115.50245666503906,45.885459899902344,60.848392486572266,33.138954162597656,37.694847106933594,3.7383129596710205,27.484079360961914,97.67508697509766,45.42801284790039,34.11709213256836,55.878292083740234,32.58242416381836,210.76844787597656,37.74496841430664,59.86703109741211,40.956336975097656,23.081525802612305,22.63306427001953,78.98397064208984,56.93178176879883,77.58000183105469,22.010000228881836,180.8699951171875,178.83999633789062,26.41900062561035,28.649999618530273,51.38999938964844,62.060001373291016,65.43000030517578,121.62000274658203,26.709999084472656,86.44000244140625,195.24000549316406,52.47999954223633,138.05999755859375,103.01000213623047,126.69999694824219,57.5,76.14503479003906,41.36000061035156,38.650001525878906,3.7660000324249268,38.795066833496094,126.69999694824219,53.529998779296875,41.290000915527344,59.836666107177734,38.20000076293945,237.2899932861328,50.869998931884766,79.75,49.79999923706055,31.950000762939453,25.969999313354492,89.4000015258789,79.01000213623047,78.04000091552734,22.09000015258789,181.30999755859375,178.97000122070312,26.47599983215332,28.670000076293945,51.40999984741211,62.119998931884766,66.69999694824219,121.93000030517578,27.520000457763672,89.69999694824219,195.77000427246094,52.560001373291016,139.3000030517578,103.2300033569336,126.9800033569336,57.939998626708984,76.90839385986328,41.5,38.81999969482422,3.776750087738037,39.31688690185547,126.77999877929688,53.630001068115234,41.790000915527344,59.88666534423828,38.380001068115234,239.41000366210938,50.90999984741211,79.97000122070312,49.900001525878906,32.099998474121094,25.989999771118164,89.44999694824219,79.31999969482422,77.08999633789062,21.040000915527344,179.00999450683594,175.57000732421875,25.920000076293945,28.010000228881836,50.36000061035156,60.7599983215332,64.91000366210938,119.19999694824219,26.59000015258789,86.19000244140625,189.7100067138672,51.70000076293945,136.4199981689453,101.98999786376953,125.25,56.880001068115234,75.42938995361328,40.400001525878906,36.56999969482422,3.619999885559082,38.27324676513672,124.5199966430664,53.029998779296875,40.880001068115234,58.63666534423828,37.939998626708984,234.63999938964844,50.25,78.55000305175781,49.16999816894531,31.655000686645508,25.68000030517578,88.62999725341797,78.25,77.66999816894531,21.350000381469727,180.60000610351562,175.9600067138672,26.1560001373291,28.059999465942383,51.09000015258789,60.959999084472656,66.69999694824219,120.0999984741211,27.459999084472656,89.31999969482422,190.39999389648438,51.970001220703125,138.08999633789062,101.98999786376953,126.37000274658203,57.81999969482422,76.53626251220703,40.58000183105469,36.88999938964844,3.6414999961853027,39.2125244140625,124.66999816894531,53.45000076293945,41.72999954223633,58.85333251953125,37.95000076293945,235.14999389648438,50.290000915527344,79.75,49.2599983215332,32.03499984741211,25.690000534057617,89.11000061035156,78.88999938964844,6189100,49967700,2750900,415700,22167000,40860700,18674900,14304400,8068800,7014100,10808600,6761000,3162700,16793900,7046700,10582400,50169800,7631000,11716326,11748400,34080900,422416000,31306119,2997600,10117100,12739200,1491000,5066200,4921700,4024500,4089100,17400000,31243000,55826400,11531200,16211300
2019-03-11,57.388816833496094,22.959999084472656,147.5711212158203,168.25759887695312,22.245040893554688,24.40886878967285,38.740203857421875,48.57219314575195,51.18990707397461,90.09953308105469,19.818885803222656,64.02196502685547,166.29347229003906,46.20517349243164,113.97196197509766,85.62876892089844,112.58528900146484,47.2420654296875,61.664276123046875,33.53155517578125,38.06545639038086,3.9988832473754883,27.894086837768555,99.1089859008789,46.12389373779297,34.769866943359375,57.17945861816406,32.957706451416016,215.97349548339844,38.1827507019043,62.667083740234375,40.92344665527344,23.4427433013916,22.86836814880371,79.88509368896484,57.486610412597656,78.08000183105469,22.959999084472656,184.13999938964844,181.08999633789062,26.9060001373291,28.940000534057617,50.900001525878906,62.310001373291016,65.87000274658203,123.62000274658203,27.799999237060547,86.26000213623047,195.97000122070312,53.349998474121094,138.55999755859375,104.3499984741211,123.5,59.20000076293945,77.16603088378906,41.849998474121094,39.029998779296875,4.028500080108643,39.37381362915039,128.55999755859375,54.349998474121094,42.08000183105469,61.22999954223633,38.63999938964844,243.14999389648438,51.459999084472656,83.4800033569336,49.7599983215332,32.45000076293945,26.239999771118164,90.41999816894531,79.77999877929688,78.30999755859375,23.079999923706055,184.60000610351562,182.10000610351562,27.05500030517578,29.059999465942383,51.54999923706055,62.959999084472656,66.33999633789062,124.19999694824219,27.979999542236328,87.87000274658203,198.97000122070312,53.650001525878906,139.02999877929688,104.55000305175781,124.91000366210938,59.220001220703125,77.3187026977539,42.209999084472656,39.54999923706055,4.051499843597412,39.39278793334961,128.94000244140625,54.75,42.31999969482422,61.52333450317383,38.689998626708984,244.02000427246094,51.4900016784668,83.55999755859375,50.099998474121094,32.525001525878906,26.31999969482422,90.5,80.29000091552734,77.2699966430664,21.979999542236328,181.39999389648438,178.30999755859375,26.405000686645508,28.700000762939453,50.540000915527344,62.18000030517578,65.33999633789062,122.75,26.889999389648438,86.13999938964844,195.72999572753906,52.56999969482422,137.52000427246094,103.66000366210938,122.51000213623047,57.72999954223633,76.40267181396484,41.65999984741211,38.83000183105469,3.7422499656677246,38.709678649902344,126.95999908447266,53.650001525878906,41.439998626708984,60.06666564941406,38.20000076293945,236.4199981689453,51.0,80.16999816894531,49.630001068115234,32.154998779296875,25.979999542236328,89.37999725341797,79.6500015258789,77.56999969482422,22.149999618530273,181.83999633789062,178.33999633789062,26.48900032043457,28.700000762939453,51.38999938964844,62.529998779296875,66.19999694824219,122.87000274658203,27.020000457763672,86.7699966430664,197.22999572753906,52.880001068115234,138.11000061035156,103.9800033569336,122.80000305175781,57.88999938964844,76.67938995361328,41.70000076293945,38.90999984741211,3.789750099182129,38.99430847167969,127.1500015258789,53.720001220703125,41.790000915527344,60.13666534423828,38.22999954223633,239.2100067138672,51.06999969482422,80.44000244140625,50.0,32.185001373291016,26.100000381469727,89.63999938964844,79.9800033569336,8078100,54420200,2816900,609900,27161000,40709300,13960600,14167600,8703500,6088600,8110800,7699100,2669000,18963000,6150400,9763200,61771200,6670400,9126613,7191600,25164700,859728000,29161545,2546500,10738800,9494500,1993800,6005400,4539600,5558300,4375500,19471500,26424200,63343500,9694300,11060900
2019-03-12,57.87392044067383,23.489999771118164,147.60317993164062,169.5769805908203,22.292163848876953,24.40886878967285,38.344417572021484,48.96194839477539,51.003387451171875,90.30359649658203,20.503280639648438,64.55632781982422,166.85354614257812,46.39571762084961,114.48191833496094,85.37438201904297,112.58528900146484,46.97074890136719,61.938785552978516,33.6757926940918,38.2800178527832,4.033130645751953,28.048686981201172,98.45369720458984,46.53974914550781,35.19126510620117,57.39423370361328,33.17948532104492,218.3983917236328,37.87852478027344,62.94485092163086,40.83298110961914,23.59444808959961,22.9206600189209,80.46820068359375,57.6451416015625,78.73999786376953,23.489999771118164,184.17999267578125,182.50999450683594,26.96299934387207,28.940000534057617,50.380001068115234,62.810001373291016,65.62999725341797,123.9000015258789,28.760000228881836,86.9800033569336,196.6300048828125,53.56999969482422,139.17999267578125,104.04000091552734,123.5,58.86000061035156,77.5095443725586,42.029998779296875,39.25,4.063000202178955,39.5920295715332,127.70999908447266,54.84000015258789,42.59000015258789,61.459999084472656,38.900001525878906,245.8800048828125,51.04999923706055,83.8499984741211,49.650001525878906,32.65999984741211,26.299999237060547,91.08000183105469,80.0,79.13999938964844,23.799999237060547,184.9499969482422,183.52999877929688,27.003000259399414,29.1200008392334,51.09000015258789,62.939998626708984,66.41999816894531,124.95999908447266,28.770000457763672,87.63999938964844,197.39999389648438,53.959999084472656,140.0,104.79000091552734,124.0199966430664,60.0,77.82442474365234,42.189998626708984,39.400001525878906,4.109749794006348,39.77229690551758,129.1999969482422,55.310001373291016,42.91999816894531,61.81999969482422,39.16999816894531,247.47999572753906,51.630001068115234,85.08000183105469,50.04999923706055,32.82500076293945,26.389999389648438,91.29000091552734,80.58000183105469,78.05000305175781,22.780000686645508,183.52000427246094,180.80999755859375,26.427000045776367,28.889999389648438,50.349998474121094,61.959999084472656,65.1500015258789,123.37999725341797,27.8799991607666,86.47000122070312,195.69000244140625,53.18000030517578,138.5,103.75,122.68000030517578,58.86000061035156,77.08015441894531,41.81999969482422,38.83000183105469,3.979749917984009,39.25047302246094,127.37000274658203,54.540000915527344,42.119998931884766,60.926666259765625,38.86000061035156,243.74000549316406,50.939998626708984,82.76000213623047,49.540000915527344,32.494998931884766,26.239999771118164,90.5199966430664,79.88999938964844,78.4800033569336,23.100000381469727,184.61000061035156,182.0,26.97599983215332,29.0,50.90999984741211,62.29999923706055,66.16999816894531,123.83999633789062,28.030000686645508,86.93000030517578,196.0,53.34000015258789,138.64999389648438,104.58999633789062,123.5,59.15999984741211,77.4522933959961,41.95000076293945,39.16999816894531,4.05649995803833,39.563568115234375,128.8000030517578,54.65999984741211,42.150001525878906,61.45333480834961,39.04999923706055,244.9499969482422,51.61000061035156,83.37999725341797,49.779998779296875,32.505001068115234,26.280000686645508,90.6500015258789,80.11000061035156,6128800,56410600,2677500,509000,23324000,34450000,12772700,14772000,11790200,6184300,7048800,8308900,1977400,20782100,5552900,10219100,8077600,5849100,9261281,7204400,18623500,579576000,24170539,3195900,9575300,8230600,1968300,5580200,4235800,6531500,5009900,18299300,22026200,32521100,8981600,11320000
2019-03-13,58.01357650756836,23.3799991607666,150.1436004638672,169.5955810546875,22.422794342041016,24.704071044921875,38.79347610473633,49.61675262451172,52.34006118774414,90.86479949951172,20.90963363647461,65.73644256591797,167.379638671875,47.08856964111328,114.67107391357422,85.66159057617188,113.32369995117188,47.53733825683594,62.22090530395508,33.980255126953125,37.87041091918945,4.18450927734375,28.236886978149414,99.39421844482422,47.00648880004883,35.65397644042969,57.62459182739258,33.44388961791992,224.05641174316406,38.27177810668945,63.22257995605469,41.05503845214844,23.832847595214844,23.07753562927246,81.33403015136719,58.15674591064453,78.93000030517578,23.3799991607666,187.35000610351562,182.52999877929688,27.121000289916992,29.290000915527344,50.970001220703125,63.650001525878906,67.3499984741211,124.66999816894531,29.329999923706055,88.56999969482422,197.25,54.369998931884766,139.41000366210938,104.38999938964844,124.30999755859375,59.56999969482422,77.86259460449219,42.40999984741211,38.83000183105469,4.2154998779296875,39.85768508911133,128.92999267578125,55.38999938964844,43.150001525878906,61.706668853759766,39.209999084472656,252.25,51.58000183105469,84.22000122070312,49.91999816894531,32.9900016784668,26.479999542236328,92.05999755859375,80.70999908447266,79.30000305175781,24.149999618530273,188.33999633789062,183.99000549316406,27.308000564575195,29.510000228881836,51.029998779296875,64.2300033569336,67.36000061035156,124.93000030517578,29.5,88.66999816894531,198.92999267578125,54.56999969482422,139.83999633789062,104.9800033569336,130.75,59.59000015258789,78.25381469726562,42.650001525878906,39.720001220703125,4.244999885559082,39.97153854370117,129.22999572753906,55.939998626708984,43.29999923706055,62.22999954223633,39.439998626708984,252.75999450683594,51.709999084472656,84.56999969482422,50.08000183105469,33.005001068115234,26.579999923706055,92.30999755859375,80.76000213623047,78.1500015258789,23.350000381469727,184.19000244140625,182.38999938964844,26.902000427246094,28.979999542236328,50.310001373291016,63.0,66.02999877929688,123.9000015258789,28.950000762939453,86.7699966430664,196.52000427246094,53.650001525878906,139.02000427246094,103.94999694824219,123.16000366210938,58.93000030517578,77.47137451171875,42.20000076293945,38.63999938964844,4.093249797821045,39.4212532043457,127.36000061035156,55.0,42.83000183105469,61.65666580200195,39.02000045776367,247.0800018310547,50.939998626708984,83.47000122070312,49.61000061035156,32.72999954223633,26.31999969482422,91.29000091552734,80.19999694824219,78.91999816894531,23.65999984741211,184.6999969482422,183.75,27.051000595092773,29.049999237060547,50.52000045776367,63.13999938964844,66.08999633789062,124.5999984741211,29.15999984741211,88.0,197.75,54.0,139.58999633789062,104.19000244140625,124.5999984741211,59.0099983215332,77.87213897705078,42.400001525878906,39.400001525878906,4.100749969482422,39.724857330322266,128.4199981689453,55.029998779296875,43.0099983215332,61.883331298828125,39.220001220703125,247.9600067138672,51.20000076293945,84.11000061035156,49.869998931884766,32.8650016784668,26.399999618530273,91.3499984741211,80.58999633789062,5984500,56705800,2719700,418500,32089000,54683300,12357700,13781100,8324800,4707000,9233700,6656000,1904500,25522300,6446900,13022200,68139300,6243500,8059749,9269000,22786300,768900000,23715316,1741600,9198900,8822800,1230000,6086400,4881600,5111800,4275800,21647300,26413600,42817500,10098300,10260200
2019-03-14,58.76328659057617,22.81999969482422,150.47218322753906,170.30172729492188,22.173940658569336,24.84745216369629,37.97148513793945,49.975345611572266,52.08359146118164,90.81378173828125,21.088350296020508,66.56768798828125,167.56634521484375,46.28312683105469,113.52777862548828,86.44114685058594,112.202392578125,47.633113861083984,62.55869674682617,34.2046012878418,37.46078109741211,4.108570575714111,27.68571662902832,99.91073608398438,47.014976501464844,35.604400634765625,57.31019973754883,33.111244201660156,224.96238708496094,38.36824035644531,63.763084411621094,41.40867614746094,23.85813331604004,23.164684295654297,81.20150756835938,57.96219253540039,79.94999694824219,22.81999969482422,187.75999450683594,183.2899932861328,26.81999969482422,29.459999084472656,49.88999938964844,64.11000061035156,67.0199966430664,124.5999984741211,29.5,89.69000244140625,197.47000122070312,53.439998626708984,138.02000427246094,105.33999633789062,123.08000183105469,59.689998626708984,77.75763702392578,42.689998626708984,38.40999984741211,4.138999938964844,39.07969665527344,129.60000610351562,55.400001525878906,43.09000015258789,61.369998931884766,38.81999969482422,253.27000427246094,51.709999084472656,84.94000244140625,50.349998474121094,33.025001525878906,26.579999923706055,91.91000366210938,80.44000244140625,80.4000015258789,23.489999771118164,188.86000061035156,184.27999877929688,27.22599983215332,29.639999389648438,51.2400016784668,64.2699966430664,67.86000061035156,125.45999908447266,29.649999618530273,90.05000305175781,198.5,54.45000076293945,138.8000030517578,105.87000274658203,124.9800033569336,59.93000030517578,78.01526641845703,42.91999816894531,39.630001068115234,4.23675012588501,39.92409896850586,130.02000427246094,55.869998931884766,43.5,62.029998779296875,39.04999923706055,255.05999755859375,52.06999969482422,84.95999908447266,50.790000915527344,33.189998626708984,26.68000030517578,92.1500015258789,80.91000366210938,78.41000366210938,22.799999237060547,185.88999938964844,182.72999572753906,26.788999557495117,29.239999771118164,48.790000915527344,63.41999816894531,66.97000122070312,124.4800033569336,29.219999313354492,88.33999633789062,196.6999969482422,53.33000183105469,137.94000244140625,104.45999908447266,122.51000213623047,58.900001525878906,77.22328186035156,42.29999923706055,38.34000015258789,4.131249904632568,39.022769927978516,128.47999572753906,55.25,43.04999923706055,61.366668701171875,38.7400016784668,252.33999633789062,51.4900016784668,83.81999969482422,49.93000030517578,32.98500061035156,26.43000030517578,91.58000183105469,80.3499984741211,79.0,23.3700008392334,187.52999877929688,183.25,27.208999633789062,29.309999465942383,51.0,63.689998626708984,67.27999877929688,124.76000213623047,29.239999771118164,88.62000274658203,197.32000732421875,54.29999923706055,138.33999633789062,104.5,124.9800033569336,59.650001525878906,77.58587646484375,42.29999923706055,38.7400016784668,4.22475004196167,39.84819793701172,129.00999450683594,55.529998779296875,43.150001525878906,61.7400016784668,39.0,253.0,51.72999954223633,84.11000061035156,50.06999969482422,33.02000045776367,26.440000534057617,92.02999877929688,80.80000305175781,6161800,42818600,2909600,524100,43094000,45219100,31496100,12193600,7315500,5146400,6571700,4338900,1482300,26647100,8493600,10926500,42768700,5473400,8530406,8351200,19757300,519384000,32119596,1608500,7306100,7934400,1775700,4935000,3865200,3595500,3546000,20160700,24640800,37665700,9283800,9976700
2019-03-15,59.784912109375,23.290000915527344,153.26113891601562,179.14712524414062,24.000268936157227,24.71250343322754,38.02476501464844,50.81722640991211,52.52655029296875,91.33124542236328,21.18842887878418,65.94425201416016,168.23670959472656,47.053932189941406,113.18230438232422,87.43407440185547,112.98640441894531,48.239593505859375,62.62009811401367,34.71738815307617,38.5628547668457,4.214040279388428,28.082294464111328,100.11119079589844,48.03335952758789,35.025997161865234,58.972442626953125,33.819183349609375,223.30142211914062,38.63535690307617,63.86818313598633,41.66361999511719,23.848669052124023,23.32673454284668,81.5748519897461,57.75324249267578,81.33999633789062,23.290000915527344,191.24000549316406,192.80999755859375,29.02899932861328,29.299999237060547,49.959999084472656,65.19000244140625,67.58999633789062,125.30999755859375,29.639999389648438,88.8499984741211,198.25999450683594,54.33000183105469,137.60000610351562,106.55000305175781,123.94000244140625,60.45000076293945,77.83396911621094,43.33000183105469,39.540000915527344,4.245250225067139,39.639469146728516,129.86000061035156,56.599998474121094,42.38999938964844,63.150001525878906,39.650001525878906,251.39999389648438,52.06999969482422,85.08000183105469,50.65999984741211,32.755001068115234,26.6299991607666,91.98999786376953,80.1500015258789,81.45999908447266,23.649999618530273,191.63999938964844,192.9600067138672,29.954999923706055,29.610000610351562,50.09000015258789,65.2699966430664,67.93000030517578,125.41999816894531,29.709999084472656,90.36000061035156,198.85000610351562,54.689998626708984,138.25999450683594,106.80000305175781,124.16000366210938,61.27000045776367,78.15839385986328,43.470001220703125,39.84000015258789,4.288249969482422,39.734344482421875,130.25,57.34000015258789,43.15999984741211,63.643333435058594,40.06999969482422,254.74000549316406,52.130001068115234,86.2300033569336,50.79999923706055,32.85499954223633,26.709999084472656,92.13999938964844,80.55000305175781,79.11000061035156,23.010000228881836,188.10000610351562,187.61000061035156,28.350000381469727,29.260000228881836,48.84000015258789,64.0199966430664,66.52999877929688,124.3499984741211,29.270000457763672,88.0,196.85000610351562,53.68000030517578,136.8300018310547,105.2300033569336,121.95999908447266,59.400001525878906,77.09923553466797,42.540000915527344,38.43000030517578,4.178999900817871,38.7666015625,128.75999450683594,54.91999816894531,42.34000015258789,62.09333419799805,39.40999984741211,249.94000244140625,51.630001068115234,84.6500015258789,50.0,32.630001068115234,26.43000030517578,91.41000366210938,80.0999984741211,80.05999755859375,23.100000381469727,188.4600067138672,187.63999938964844,28.645999908447266,29.440000534057617,49.880001068115234,64.16000366210938,66.55999755859375,124.58999633789062,29.299999237060547,89.11000061035156,197.16000366210938,53.68000030517578,138.0,105.41000366210938,123.0999984741211,59.45000076293945,77.76717376708984,42.68000030517578,38.58000183105469,4.182499885559082,39.117645263671875,129.00999450683594,55.0,42.70000076293945,62.11000061035156,39.40999984741211,254.33999633789062,51.939998626708984,84.87999725341797,50.220001220703125,32.7400016784668,26.450000762939453,91.7300033569336,80.18000030517578,12751100,46519900,6865000,1445100,144066000,82346200,27370700,37840300,16733200,10449700,8012700,8939900,2985200,46512500,11922500,24811700,47331000,9173800,17341046,18992600,30702000,661484000,74768652,3687600,27985600,14144900,3952800,8871300,6466200,9076500,5656800,46117300,24854800,70020400,10219400,25316400
2019-03-18,59.277793884277344,23.25,153.31719970703125,177.1309051513672,24.293771743774414,25.15108871459961,37.94866180419922,51.39406967163086,52.5421142578125,91.7466812133789,21.810359954833984,68.22277069091797,171.8091583251953,46.854732513427734,112.82859802246094,87.9592514038086,114.17150115966797,49.54033660888672,62.45121765136719,35.278255462646484,38.63111877441406,4.192698955535889,28.102447509765625,101.66844940185547,48.22854232788086,35.82749938964844,58.882179260253906,33.989768981933594,226.4990234375,38.91730499267578,65.12181854248047,42.543617248535156,24.179948806762695,23.563241958618164,81.4506607055664,58.42334747314453,80.6500015258789,23.25,191.30999755859375,190.63999938964844,29.384000778198242,29.81999969482422,49.86000061035156,65.93000030517578,67.61000061035156,125.87999725341797,30.510000228881836,91.91999816894531,202.47000122070312,54.099998474121094,137.1699981689453,107.19000244140625,125.23999786376953,62.08000183105469,77.6240463256836,44.029998779296875,39.61000061035156,4.223750114440918,39.667930603027344,131.8800048828125,56.83000183105469,43.36000061035156,63.0533332824707,39.849998474121094,255.0,52.45000076293945,86.75,51.72999954223633,33.209999084472656,26.899999618530273,91.8499984741211,81.08000183105469,81.75,23.6200008392334,192.52000427246094,191.42999267578125,29.697999954223633,29.959999084472656,50.11000061035156,66.18000030517578,68.30000305175781,126.12999725341797,30.56999969482422,92.19000244140625,203.85000610351562,54.5099983215332,137.77999877929688,107.79000091552734,125.3499984741211,62.20000076293945,78.08206176757812,44.209999084472656,40.40999984741211,4.331250190734863,39.91461181640625,132.38999938964844,57.189998626708984,43.650001525878906,63.61333465576172,39.97999954223633,255.30999755859375,52.650001525878906,86.8499984741211,52.06999969482422,33.26499938964844,26.979999542236328,92.16999816894531,81.25,80.27999877929688,23.040000915527344,190.19000244140625,189.3800048828125,29.020999908447266,29.329999923706055,49.630001068115234,65.20999908447266,67.30000305175781,125.16999816894531,29.799999237060547,88.81999969482422,198.9199981689453,53.869998931884766,136.72000122070312,106.5,123.5,60.79999923706055,77.21373748779297,43.470001220703125,39.150001525878906,4.196499824523926,39.51612854003906,130.1300048828125,56.439998626708984,42.470001220703125,62.64666748046875,39.63999938964844,250.4199981689453,52.18000030517578,85.30000305175781,50.83000183105469,32.779998779296875,26.68000030517578,91.5199966430664,80.44000244140625,81.33999633789062,23.299999237060547,191.0800018310547,190.52999877929688,29.023000717163086,29.3799991607666,50.0,65.20999908447266,67.87999725341797,125.20999908447266,29.850000381469727,89.0199966430664,199.17999267578125,54.41999816894531,137.64999389648438,106.55000305175781,123.98999786376953,60.810001373291016,77.5477066040039,43.470001220703125,39.599998474121094,4.2769999504089355,39.629981994628906,130.44000244140625,56.619998931884766,42.70000076293945,63.293331146240234,39.86000061035156,252.66000366210938,52.2599983215332,85.3499984741211,50.84000015258789,32.79499816894531,26.68000030517578,92.08000183105469,80.44000244140625,5550100,34731800,2430200,589500,56746000,58568600,11628200,15601100,7712200,5586900,6771400,4197000,3354900,16274000,7369600,12935500,16052200,7657900,14357914,10305900,22296600,486992000,18994345,1913000,13089300,13518800,2697000,6290900,3927400,7244600,3471800,23843300,20135800,43980700,7183500,9840600
2019-03-19,59.402732849121094,26.0,153.4614715576172,177.2888641357422,24.746015548706055,25.007707595825195,37.75075912475586,51.16020584106445,52.34006118774414,91.30939483642578,21.61734390258789,68.93528747558594,170.66360473632812,46.91535949707031,113.87321472167969,87.63922119140625,115.40219116210938,49.500431060791016,62.88111877441406,35.21415328979492,39.37234115600586,4.36045503616333,28.431812286376953,99.81822967529297,48.347354888916016,35.736602783203125,59.64480972290039,33.91300964355469,228.3909912109375,38.53147888183594,64.881591796875,42.280433654785156,24.114421844482422,23.379291534423828,82.09803009033203,58.27205276489258,80.81999969482422,26.0,191.49000549316406,190.80999755859375,29.930999755859375,29.649999618530273,49.599998474121094,65.62999725341797,67.3499984741211,125.27999877929688,30.239999771118164,92.87999725341797,201.1199951171875,54.16999816894531,138.44000244140625,106.80000305175781,126.58999633789062,62.029998779296875,78.15839385986328,43.95000076293945,40.369998931884766,4.392749786376953,40.13282775878906,129.47999572753906,56.970001220703125,43.25,63.869998931884766,39.7599983215332,257.1300048828125,51.93000030517578,86.43000030517578,51.40999984741211,33.119998931884766,26.690000534057617,92.58000183105469,80.87000274658203,81.29000091552734,26.079999923706055,192.75999450683594,192.5500030517578,30.097999572753906,30.139999389648438,50.11000061035156,66.83000183105469,68.5,126.91999816894531,30.920000076293945,93.12999725341797,206.4499969482422,54.650001525878906,138.82000732421875,108.4000015258789,126.6500015258789,63.040000915527344,78.24427795410156,44.88999938964844,41.04999923706055,4.4375,40.256168365478516,132.5,57.68000030517578,43.9900016784668,64.0633316040039,40.08000183105469,259.25,52.959999084472656,87.94999694824219,52.41999816894531,33.54499816894531,27.100000381469727,92.83999633789062,82.0,79.51000213623047,23.59000015258789,190.9199981689453,189.38999938964844,29.410999298095703,29.540000915527344,49.470001220703125,65.3499984741211,67.0999984741211,124.73999786376953,30.09000015258789,92.33999633789062,200.77999877929688,54.0,137.47000122070312,106.55000305175781,125.13999938964844,61.790000915527344,77.25190734863281,43.880001068115234,39.88999938964844,4.302000045776367,39.61100769042969,129.1300048828125,56.779998779296875,43.09000015258789,63.47666549682617,39.599998474121094,255.13999938964844,51.81999969482422,86.20999908447266,51.34000015258789,32.98500061035156,26.6200008392334,91.83999633789062,80.63999938964844,80.33000183105469,23.600000381469727,191.92999267578125,191.58999633789062,29.416000366210938,30.010000228881836,50.0099983215332,66.45999908447266,68.13999938964844,126.55999755859375,30.760000228881836,92.81999969482422,204.8800048828125,54.470001220703125,137.61000061035156,108.19999694824219,125.26000213623047,62.400001525878906,77.80534362792969,44.619998931884766,39.93000030517578,4.318999767303467,39.819732666015625,132.5,57.16999816894531,43.779998779296875,63.483333587646484,39.97999954223633,255.9499969482422,52.779998779296875,87.2699966430664,52.41999816894531,33.375,27.049999237060547,92.16999816894531,81.58000183105469,6335500,156052200,2268700,683400,51556000,55455100,11656500,12723600,6456400,5096800,6193000,7035400,3284900,18274800,5882500,12889300,13726300,6237100,10224393,12548500,32407300,854972000,26403227,2285300,9363700,8834700,1991400,8033600,4164800,5645500,2946100,19911900,25052000,45029300,11308700,13936500
2019-03-20,59.116085052490234,25.700000762939453,153.1649169921875,177.59548950195312,24.276384353637695,24.155841827392578,37.43871307373047,50.123443603515625,52.487709045410156,90.87938690185547,22.3393497467041,71.16931915283203,164.8933563232422,46.61223602294922,112.92729187011719,85.76828002929688,116.83345031738281,49.628116607666016,63.011634826660156,34.477027893066406,39.13826370239258,4.32794713973999,28.34442710876465,96.71914672851562,48.508602142333984,36.59593200683594,59.086097717285156,33.989768981933594,222.50204467773438,37.37397384643555,64.88911437988281,41.449798583984375,24.3255672454834,22.897520065307617,81.53050994873047,58.596282958984375,80.43000030517578,25.700000762939453,191.1199951171875,191.13999938964844,29.10300064086914,28.639999389648438,49.189998626708984,64.30000305175781,67.54000091552734,124.69000244140625,31.25,95.88999938964844,194.32000732421875,53.81999969482422,137.2899932861328,104.5199966430664,128.16000366210938,62.189998626708984,78.32061004638672,43.029998779296875,40.130001068115234,4.360000133514404,40.00948715209961,125.45999908447266,57.15999984741211,44.290000915527344,63.099998474121094,39.849998474121094,250.5,50.369998931884766,86.44000244140625,50.400001525878906,33.40999984741211,26.139999389648438,91.94000244140625,81.31999969482422,80.91000366210938,26.8799991607666,192.77000427246094,192.69000244140625,29.899999618530273,29.65999984741211,49.70000076293945,65.5999984741211,68.16000366210938,126.33999633789062,31.610000610351562,96.61000061035156,200.3300018310547,54.400001525878906,138.50999450683594,106.6500015258789,129.10000610351562,62.7400016784668,78.9312973022461,43.79999923706055,40.75,4.475749969482422,40.22770309448242,129.82000732421875,57.689998626708984,44.599998474121094,64.0633316040039,40.150001525878906,257.69000244140625,51.90999984741211,87.02999877929688,51.56999969482422,33.709999084472656,26.639999389648438,92.58000183105469,81.91999816894531,80.05999755859375,25.309999465942383,189.8699951171875,188.38999938964844,29.02899932861328,28.600000381469727,48.54999923706055,64.22000122070312,66.66999816894531,124.68000030517578,30.110000610351562,92.81999969482422,193.97000122070312,53.61000061035156,136.64999389648438,104.41000366210938,126.83000183105469,60.81999969482422,77.65267181396484,42.93000030517578,39.619998931884766,4.324999809265137,39.639469146728516,125.36000061035156,56.75,43.08000183105469,62.71333312988281,39.63999938964844,249.97000122070312,50.33000183105469,85.33000183105469,50.33000183105469,32.9900016784668,26.110000610351562,91.58000183105469,80.55999755859375,80.72000122070312,26.489999771118164,191.5,190.49000549316406,29.799999237060547,29.6200008392334,49.70000076293945,65.26000213623047,67.38999938964844,125.04000091552734,30.1299991607666,93.05000305175781,200.3300018310547,54.060001373291016,138.3300018310547,106.43000030517578,127.54000091552734,61.790000915527344,78.10114288330078,43.7400016784668,40.5,4.421999931335449,40.0379524230957,129.39999389648438,57.029998779296875,43.22999954223633,63.733333587646484,39.77000045776367,257.42999267578125,51.849998474121094,86.04000091552734,51.189998626708984,33.09000015258789,26.6299991607666,92.47000122070312,80.75,5360900,151292100,2378700,584100,41263000,81689900,17438200,17494000,7117300,6708500,10054100,7928500,5033500,24325300,5475700,14920700,7520700,8136000,11894590,15078500,41714400,719148000,23499035,2991800,8804800,9512500,2508600,5394000,4193500,6540200,3921800,20632400,27325800,65860300,11123700,13133600
2019-03-21,59.7114143371582,27.889999389648438,153.78201293945312,180.58724975585938,24.757686614990234,23.767858505249023,37.23321533203125,49.819427490234375,52.95398712158203,91.73212432861328,22.625301361083984,71.89666748046875,165.11399841308594,47.322418212890625,113.59356689453125,84.41427612304688,116.97018432617188,50.1069221496582,63.67952346801758,34.557151794433594,42.90288162231445,4.564694404602051,28.465415954589844,94.74559783935547,49.02627182006836,36.538089752197266,61.1274299621582,35.0047721862793,223.85211181640625,36.84716033935547,64.84407043457031,41.00569152832031,24.496673583984375,22.827438354492188,81.84974670410156,58.93494415283203,81.23999786376953,27.889999389648438,191.88999938964844,194.36000061035156,29.68000030517578,28.18000030517578,48.91999816894531,63.90999984741211,68.13999938964844,125.86000061035156,31.649999618530273,96.87000274658203,194.5800018310547,54.63999938964844,138.10000610351562,102.87000274658203,128.30999755859375,62.790000915527344,79.15076446533203,43.130001068115234,43.9900016784668,4.598499774932861,40.180267333984375,122.9000015258789,57.77000045776367,44.220001220703125,65.27999877929688,41.040000915527344,252.02000427246094,49.65999984741211,86.37999725341797,49.86000061035156,33.64500045776367,26.059999465942383,92.30000305175781,81.79000091552734,81.30999755859375,28.110000610351562,192.3699951171875,195.4600067138672,29.937000274658203,28.600000381469727,49.22999954223633,64.30999755859375,68.27999877929688,125.95999908447266,31.75,97.2300033569336,195.5500030517578,54.9900016784668,138.77999877929688,103.48999786376953,128.97999572753906,63.349998474121094,79.36068725585938,43.630001068115234,44.209999084472656,4.625,40.455406188964844,124.87999725341797,58.279998779296875,44.38999938964844,65.71333312988281,41.2400016784668,252.9600067138672,50.18000030517578,87.63999938964844,50.13999938964844,33.70000076293945,26.170000076293945,92.44000244140625,81.88999938964844,79.26000213623047,25.709999084472656,189.17999267578125,189.94000244140625,29.100000381469727,28.040000915527344,48.72999954223633,62.91999816894531,67.26000213623047,124.51000213623047,30.989999771118164,94.38999938964844,191.75,53.84000015258789,136.9499969482422,102.27999877929688,126.63999938964844,61.709999084472656,78.10114288330078,42.20000076293945,41.650001525878906,4.3782501220703125,39.724857330322266,122.79000091552734,57.20000076293945,43.779998779296875,63.15999984741211,40.220001220703125,248.66000366210938,49.349998474121094,86.22000122070312,49.16999816894531,33.2400016784668,25.780000686645508,91.04000091552734,80.80000305175781,79.87999725341797,25.780000686645508,189.72999572753906,189.9499969482422,29.187999725341797,28.450000762939453,49.130001068115234,63.66999816894531,67.7300033569336,124.87000274658203,31.260000228881836,95.81999969482422,192.89999389648438,53.91999816894531,137.0,103.48999786376953,126.87999725341797,62.029998779296875,78.3396987915039,42.59000015258789,41.70000076293945,4.3832502365112305,39.78178405761719,124.7699966430664,57.22999954223633,44.11000061035156,63.15999984741211,40.25,249.19000244140625,50.02000045776367,86.48999786376953,49.97999954223633,33.310001373291016,25.959999084472656,91.16999816894531,80.80999755859375,5159200,129610300,2292900,770100,27379000,77444400,13308400,18638300,5580900,5050400,6863900,5389100,4031500,19127200,5765100,19751000,5704300,6306700,9473291,14576200,84985400,824312000,24262553,2804100,19542700,6168400,2802300,6509600,2699700,8488700,2335900,24132800,35755800,104914100,7398200,10117000
2019-03-22,58.623619079589844,26.3700008392334,149.62271118164062,174.44564819335938,24.411514282226562,22.781051635742188,36.6547737121582,47.53541946411133,51.34532165527344,89.7132339477539,21.68883514404297,69.52903747558594,160.3450164794922,46.127235412597656,112.61474609375,81.86226654052734,116.9610824584961,48.91789627075195,63.17283630371094,33.42742156982422,40.59144592285156,4.404876708984375,28.12934112548828,91.8777847290039,48.22005844116211,35.09210205078125,59.404476165771484,34.48448181152344,219.47312927246094,35.823211669921875,63.53034973144531,39.7309455871582,23.834102630615234,22.19675064086914,80.35995483398438,57.99100875854492,79.76000213623047,26.3700008392334,186.6999969482422,187.75,29.264999389648438,27.010000228881836,48.15999984741211,60.97999954223633,66.06999969482422,123.08999633789062,30.34000015258789,93.68000030517578,188.9600067138672,53.2599983215332,136.91000366210938,99.76000213623047,128.3000030517578,61.29999923706055,78.52098846435547,41.720001220703125,41.619998931884766,4.4375,39.70588302612305,119.18000030517578,56.81999969482422,42.470001220703125,63.439998626708984,40.43000030517578,247.08999633789062,48.279998779296875,84.62999725341797,48.310001373291016,32.73500061035156,25.34000015258789,90.62000274658203,80.4800033569336,81.98999786376953,27.75,192.8699951171875,191.88999938964844,29.643999099731445,28.06999969482422,49.060001373291016,63.22999954223633,67.75,124.9000015258789,31.600000381469727,95.94999694824219,193.7100067138672,54.619998931884766,138.38999938964844,102.31999969482422,129.47999572753906,62.5,79.62786102294922,42.720001220703125,43.47999954223633,4.619999885559082,40.436431884765625,122.19999694824219,58.09000015258789,43.970001220703125,65.0999984741211,41.02000045776367,251.1999969482422,49.380001068115234,86.13999938964844,49.470001220703125,33.39500045776367,25.889999389648438,92.23999786376953,81.44000244140625,79.69000244140625,26.329999923706055,186.5500030517578,187.4499969482422,29.139999389648438,26.709999084472656,48.150001525878906,60.45000076293945,65.38999938964844,122.69999694824219,30.219999313354492,92.77999877929688,187.77999877929688,53.209999084472656,136.86000061035156,99.5199966430664,127.43000030517578,60.630001068115234,78.26335906982422,41.279998779296875,41.54999923706055,4.423500061035156,39.68690872192383,118.69999694824219,56.75,42.310001373291016,63.38666534423828,40.34000015258789,246.99000549316406,48.09000015258789,83.47000122070312,48.0,32.61000061035156,25.229999542236328,90.5999984741211,80.30000305175781,80.77999877929688,27.540000915527344,190.9600067138672,191.36000061035156,29.591999053955078,27.90999984741211,48.779998779296875,62.97999954223633,67.45999908447266,124.8499984741211,31.43000030517578,95.75,192.6699981689453,54.400001525878906,137.75,101.81999969482422,128.72999572753906,62.119998931884766,79.11259460449219,42.560001373291016,43.470001220703125,4.571000099182129,40.0379524230957,121.5,57.68000030517578,43.75,65.00666809082031,40.84000015258789,250.57000732421875,49.279998779296875,85.58999633789062,49.25,33.34000015258789,25.75,91.9000015258789,81.2300033569336,4992500,115323300,3144700,937000,23307000,118851600,14120000,27527400,5182100,5786800,7404000,7873000,5703100,21438400,6528800,31115200,15332900,4664600,10639191,25416800,46605600,747644000,19620105,3464500,10243500,7892200,4417200,6759100,3777900,8290500,2877700,27975800,39949600,121855900,12162600,12497700
2019-03-25,58.439876556396484,25.969999313354492,149.5345458984375,173.1262969970703,24.37064552307129,22.63766860961914,36.14483642578125,47.028724670410156,52.12246322631836,89.56745910644531,22.031965255737305,68.86106872558594,159.9631805419922,45.71150588989258,112.36796569824219,81.18115234375,118.39234161376953,48.81415939331055,63.21889114379883,33.05082702636719,39.54789733886719,4.31256103515625,28.15622329711914,91.8777847290039,48.067298889160156,35.09210205078125,58.661617279052734,34.04948043823242,219.26881408691406,35.68966293334961,64.16847229003906,39.54179000854492,23.845027923583984,22.100400924682617,80.31558990478516,57.58749771118164,79.51000213623047,25.969999313354492,186.58999633789062,186.3300018310547,29.215999603271484,26.84000015258789,47.4900016784668,60.33000183105469,67.06999969482422,122.88999938964844,30.81999969482422,92.77999877929688,188.50999450683594,52.779998779296875,136.61000061035156,98.93000030517578,129.8699951171875,61.16999816894531,78.5782470703125,41.25,40.54999923706055,4.3445000648498535,39.743831634521484,119.18000030517578,56.63999938964844,42.470001220703125,62.64666748046875,39.91999816894531,246.86000061035156,48.099998474121094,85.4800033569336,48.08000183105469,32.75,25.229999542236328,90.56999969482422,79.91999816894531,80.04000091552734,26.989999771118164,187.77999877929688,187.94000244140625,29.417999267578125,27.3799991607666,48.20000076293945,61.65999984741211,67.48999786376953,123.3499984741211,30.940000534057617,94.12999725341797,191.4499969482422,53.54999923706055,137.00999450683594,100.56999969482422,130.5800018310547,61.439998626708984,78.95992279052734,41.93000030517578,41.97999954223633,4.461249828338623,39.99051284790039,120.9000015258789,56.939998626708984,42.54999923706055,63.57666778564453,40.459999084472656,247.4199981689453,48.79999923706055,85.58999633789062,48.88999938964844,32.80500030517578,25.530000686645508,90.86000061035156,80.44000244140625,78.41000366210938,25.540000915527344,185.0399932861328,185.17999267578125,28.899999618530273,26.610000610351562,47.38999938964844,60.04999923706055,65.5199966430664,122.30999755859375,29.979999542236328,91.9800033569336,186.5,52.380001068115234,135.74000549316406,98.08999633789062,128.41000366210938,60.36000061035156,78.16793823242188,40.90999984741211,40.060001373291016,4.277750015258789,39.53510284423828,118.77999877929688,56.06999969482422,41.720001220703125,62.12333297729492,39.77000045776367,240.77999877929688,47.81999969482422,84.05999755859375,47.849998474121094,32.435001373291016,25.079999923706055,89.91999816894531,79.58999633789062,79.5,26.290000915527344,186.63999938964844,186.3300018310547,29.219999313354492,26.90999984741211,48.150001525878906,60.97999954223633,66.04000091552734,122.93000030517578,30.34000015258789,93.55000305175781,189.3300018310547,52.970001220703125,136.91000366210938,99.58999633789062,128.61000061035156,61.130001068115234,78.31106567382812,41.709999084472656,41.34000015258789,4.396500110626221,39.667930603027344,119.48999786376953,56.58000183105469,41.7599983215332,62.9900016784668,40.0,247.4199981689453,48.400001525878906,84.5,48.41999816894531,32.595001220703125,25.309999465942383,90.77999877929688,80.0,4008400,78438200,2523700,1028700,23878000,65568000,12968600,20899300,8070000,3837500,5355100,2940500,3751000,16971400,4500300,21032300,5972800,5190100,7878654,14504100,34516000,525212000,19823316,2118500,6929600,6390000,2944800,4901800,4110900,6279900,2602700,17227600,24692600,72835600,9893300,11320400
2019-03-26,59.3586311340332,25.690000534057617,150.88092041015625,174.01824951171875,24.77687644958496,22.949731826782227,36.79177474975586,47.722503662109375,53.2803955078125,90.4712142944336,22.589557647705078,70.3380355834961,161.8130645751953,46.28312683105469,113.98020935058594,81.9935302734375,119.4406509399414,49.444580078125,63.656497955322266,33.55561065673828,39.32357406616211,4.389242172241211,28.51246452331543,93.635498046875,49.221458435058594,35.57134246826172,59.22343826293945,34.458900451660156,216.1866912841797,35.993873596191406,65.30948638916016,40.30663299560547,24.18723487854004,22.36318588256836,80.86540222167969,58.336883544921875,80.76000213623047,25.690000534057617,188.27000427246094,187.2899932861328,29.702999114990234,27.209999084472656,48.34000015258789,61.220001220703125,68.55999755859375,124.12999725341797,31.600000381469727,94.7699966430664,190.69000244140625,53.439998626708984,138.57000732421875,99.91999816894531,131.02000427246094,61.959999084472656,79.12213897705078,41.880001068115234,40.31999969482422,4.421750068664551,40.24667739868164,121.45999908447266,58.0,43.04999923706055,63.246665954589844,40.400001525878906,243.38999938964844,48.5099983215332,87.0,49.0099983215332,33.220001220703125,25.530000686645508,91.19000244140625,80.95999908447266,81.19000244140625,26.979999542236328,189.58999633789062,187.9499969482422,29.94700050354004,27.350000381469727,48.439998626708984,61.349998474121094,69.5999984741211,124.91000366210938,31.959999084472656,95.98999786376953,192.41000366210938,53.77000045776367,139.27000427246094,100.4000015258789,132.1300048828125,62.83000183105469,79.6469497680664,42.22999954223633,41.650001525878906,4.543749809265137,40.512332916259766,121.72000122070312,58.38999938964844,43.720001220703125,63.813331604003906,40.630001068115234,247.88999938964844,48.869998931884766,87.3499984741211,49.040000915527344,33.44499969482422,25.59000015258789,91.7699966430664,81.2699966430664,79.80000305175781,25.459999084472656,187.02999877929688,186.07000732421875,29.42300033569336,26.8799991607666,47.790000915527344,60.529998779296875,67.91000366210938,123.37999725341797,31.3799991607666,94.2699966430664,188.69000244140625,53.040000915527344,136.92999267578125,98.81999969482422,129.6999969482422,61.2400016784668,78.78816986083984,41.34000015258789,40.099998474121094,4.364999771118164,39.97153854370117,119.62000274658203,56.66999816894531,42.77000045776367,62.77333450317383,40.06999969482422,241.72000122070312,48.130001068115234,85.87999725341797,48.40999984741211,33.040000915527344,25.280000686645508,90.55000305175781,80.18000030517578,79.8499984741211,26.690000534057617,187.5500030517578,186.19000244140625,29.437000274658203,27.149999618530273,47.86000061035156,60.9900016784668,67.97000122070312,123.7699966430664,31.489999771118164,94.44999694824219,190.02999877929688,53.31999969482422,136.92999267578125,99.81999969482422,130.24000549316406,61.81999969482422,78.96946716308594,41.709999084472656,41.16999816894531,4.487249851226807,40.0379524230957,120.2699966430664,57.150001525878906,42.91999816894531,63.526668548583984,40.11000061035156,247.25999450683594,48.310001373291016,85.94999694824219,48.52000045776367,33.130001068115234,25.43000030517578,91.0999984741211,80.33000183105469,4921900,75754100,2359100,414800,28009000,59878500,16679700,14740300,7245200,4079800,5790800,2393700,2910100,17724300,4758600,15987100,5872900,4191500,9242731,9615400,24689600,703508000,20849279,1976900,16051800,6500500,3840900,5573500,4416200,7669900,3233500,16989600,23033000,51171500,8107200,9472800
2019-03-27,58.71918869018555,24.889999389648438,149.31822204589844,171.01715087890625,24.68845558166504,22.797914505004883,36.51777648925781,47.34053421020508,52.77526092529297,89.49459838867188,22.396543502807617,70.20445251464844,161.2529754638672,46.040618896484375,114.08711242675781,81.71455383300781,117.38956451416016,49.628116607666016,63.17283630371094,33.14698028564453,38.26051712036133,4.380061626434326,28.243602752685547,93.48900604248047,48.29643249511719,35.26563262939453,58.39318084716797,34.28830337524414,214.69447326660156,35.71192169189453,64.57379913330078,40.109256744384766,24.016124725341797,22.266830444335938,80.19145965576172,57.8901252746582,79.88999938964844,24.889999389648438,186.32000732421875,184.05999755859375,29.597000122070312,27.030000686645508,47.97999954223633,60.72999954223633,67.91000366210938,122.79000091552734,31.329999923706055,94.58999633789062,190.02999877929688,53.15999984741211,138.6999969482422,99.58000183105469,128.77000427246094,62.189998626708984,78.52098846435547,41.369998931884766,39.22999954223633,4.412499904632568,39.86717224121094,121.2699966430664,56.90999984741211,42.68000030517578,62.36000061035156,40.20000076293945,241.7100067138672,48.130001068115234,86.0199966430664,48.77000045776367,32.98500061035156,25.420000076293945,90.43000030517578,80.33999633789062,81.0,25.8799991607666,188.60000610351562,187.9600067138672,29.868000030517578,27.3700008392334,49.099998474121094,61.65999984741211,69.08000183105469,124.4800033569336,31.809999465942383,95.44999694824219,191.61000061035156,53.86000061035156,139.47999572753906,100.44999694824219,131.55999755859375,62.5099983215332,79.25572204589844,42.04999923706055,40.849998474121094,4.4942498207092285,40.455406188964844,121.93000030517578,57.66999816894531,43.279998779296875,63.529998779296875,40.2599983215332,245.67999267578125,48.43000030517578,87.55999755859375,49.189998626708984,33.345001220703125,25.600000381469727,91.29000091552734,81.30999755859375,79.80000305175781,24.549999237060547,185.22000122070312,183.10000610351562,29.246000289916992,26.950000762939453,47.959999084472656,60.720001220703125,67.58000183105469,122.0199966430664,31.0,93.63999938964844,188.74000549316406,52.939998626708984,138.07000732421875,99.08000183105469,128.52000427246094,61.380001068115234,78.06298065185547,41.290000915527344,39.0099983215332,4.34250020980835,39.77229690551758,120.37999725341797,56.31999969482422,42.38999938964844,61.880001068115234,39.79999923706055,238.16000366210938,47.959999084472656,85.61000061035156,48.45000076293945,32.73500061035156,25.299999237060547,89.80000305175781,79.81999969482422,81.0,25.700000762939453,188.25,187.1300048828125,29.756999969482422,27.09000015258789,48.2599983215332,61.380001068115234,68.30000305175781,123.9800033569336,31.479999542236328,94.31999969482422,190.60000610351562,53.59000015258789,138.58999633789062,99.87999725341797,130.9600067138672,61.70000076293945,79.12213897705078,41.81999969482422,40.380001068115234,4.447500228881836,40.1707763671875,121.29000091552734,57.349998474121094,43.029998779296875,63.31999969482422,40.189998626708984,242.94000244140625,48.349998474121094,86.44999694824219,48.939998626708984,33.19499969482422,25.469999313354492,91.08000183105469,80.97000122070312,4006200,88585300,2022600,786700,21862000,57621700,19695800,16359600,5015600,3727800,5433000,2761700,2343800,19656000,6764900,12753200,7675100,4793400,10020766,11251600,26856700,474372000,19455048,1773200,11934400,5254400,3970800,7660300,4819200,7039100,3460300,16912000,19165200,73148100,10817400,7258700
2019-03-28,58.770626068115234,25.059999465942383,150.38406372070312,171.14723205566406,24.947046279907227,23.050945281982422,36.411224365234375,48.31494903564453,52.363365173339844,89.66219329833984,22.789716720581055,70.6868896484375,162.22886657714844,45.99732208251953,114.23516845703125,82.64179229736328,117.55361938476562,48.63859558105469,63.4338493347168,33.59566879272461,38.3677978515625,4.398672580718994,28.425090789794922,94.71476745605469,47.990928649902344,36.042320251464844,58.296424865722656,34.407711029052734,215.15631103515625,35.9212760925293,63.68051528930664,40.37242126464844,24.10713768005371,22.459535598754883,80.39542388916016,58.1783561706543,79.95999908447266,25.059999465942383,187.64999389648438,184.1999969482422,29.906999588012695,27.329999923706055,47.84000015258789,61.97999954223633,67.37999725341797,123.0199966430664,31.8799991607666,95.23999786376953,191.17999267578125,53.11000061035156,138.8800048828125,100.70999908447266,128.9499969482422,60.95000076293945,78.84542083740234,41.93000030517578,39.34000015258789,4.431250095367432,40.12334060668945,122.86000061035156,56.54999923706055,43.619998931884766,62.25666809082031,40.34000015258789,242.22999572753906,48.040000915527344,84.83000183105469,49.09000015258789,33.11000061035156,25.639999389648438,90.66000366210938,80.73999786376953,80.48999786376953,25.559999465942383,187.88999938964844,184.97000122070312,30.329999923706055,27.40999984741211,48.5099983215332,62.0,67.61000061035156,123.16000366210938,31.93000030517578,95.47000122070312,191.91000366210938,53.439998626708984,139.4600067138672,100.80000305175781,129.89999389648438,62.279998779296875,79.1030502319336,41.970001220703125,39.939998626708984,4.497499942779541,40.199241638183594,122.95999908447266,57.38999938964844,43.68000030517578,63.02333450317383,40.540000915527344,242.85000610351562,48.290000915527344,86.05000305175781,49.220001220703125,33.150001525878906,25.649999618530273,90.91000366210938,80.79000091552734,79.5,24.649999618530273,186.0,182.77000427246094,29.566999435424805,27.020000457763672,47.779998779296875,60.81999969482422,66.76000213623047,122.36000061035156,30.959999084472656,93.72000122070312,189.2899932861328,52.77000045776367,138.7100067138672,99.73999786376953,128.8699951171875,60.599998474121094,78.41603088378906,41.380001068115234,39.02000045776367,4.377749919891357,39.90512466430664,120.95999908447266,56.34000015258789,42.33000183105469,61.81666564941406,40.20000076293945,238.88999938964844,47.56999969482422,84.22000122070312,48.349998474121094,32.779998779296875,25.350000381469727,90.19000244140625,80.0199966430664,80.33000183105469,25.100000381469727,187.0800018310547,183.60000610351562,29.711000442504883,27.200000762939453,48.279998779296875,60.95000076293945,67.4000015258789,122.5999984741211,30.969999313354492,93.80999755859375,190.74000549316406,53.25,139.05999755859375,100.0,129.33999633789062,61.790000915527344,78.99809265136719,41.4900016784668,39.400001525878906,4.43874979019165,40.01897430419922,121.62999725341797,57.029998779296875,42.4900016784668,62.46333312988281,40.2400016784668,242.58999633789062,48.0099983215332,85.55999755859375,48.72999954223633,32.845001220703125,25.469999313354492,90.69999694824219,80.02999877929688,3071000,64667500,1885600,312100,33030000,45872300,16788400,12081000,5122100,4057700,5973000,2768000,2343400,13607900,4602100,12454100,6112900,5095500,7161298,8397000,24584500,480264000,16915541,1619200,11064300,7419800,1386600,6632700,3601500,5147300,2812800,15881600,18298400,52089300,6726800,7412300
2019-03-29,59.233665466308594,25.520000457763672,152.2513427734375,174.7244110107422,25.083843231201172,23.270240783691406,36.31228256225586,48.50203323364258,51.865997314453125,89.77883911132812,22.560958862304688,70.6423568725586,162.91619873046875,46.508304595947266,114.9836196899414,83.06851959228516,118.2920150756836,47.760780334472656,63.848392486572266,33.812007904052734,40.30860900878906,4.455998420715332,28.54607582092285,94.56059265136719,48.39826965332031,36.001014709472656,59.161014556884766,34.93654251098633,219.62413024902344,36.033443450927734,63.68051528930664,39.73917007446289,24.070737838745117,22.520854949951172,81.36199951171875,58.22160339355469,80.58999633789062,25.520000457763672,189.97999572753906,188.0500030517578,30.070999145507812,27.59000015258789,47.709999084472656,62.220001220703125,66.73999786376953,123.18000030517578,31.559999465942383,95.18000030517578,191.99000549316406,53.70000076293945,139.7899932861328,101.2300033569336,129.75999450683594,59.849998474121094,79.36068725585938,42.20000076293945,41.33000183105469,4.488999843597412,40.29411697387695,122.66000366210938,57.029998779296875,43.56999969482422,63.18000030517578,40.959999084472656,247.25999450683594,48.189998626708984,84.83000183105469,48.31999969482422,33.060001373291016,25.709999084472656,91.75,80.80000305175781,80.9000015258789,25.729999542236328,191.0,188.4199981689453,30.267000198364258,27.68000030517578,48.29999923706055,62.810001373291016,68.54000091552734,124.47000122070312,32.43000030517578,96.58000183105469,193.11000061035156,54.040000915527344,139.8800048828125,101.98999786376953,129.94000244140625,61.529998779296875,79.48473358154297,42.630001068115234,41.52000045776367,4.513500213623047,40.39848327636719,124.0,57.560001373291016,44.349998474121094,63.33000183105469,41.04999923706055,247.75999450683594,48.52000045776367,85.73999786376953,49.79999923706055,33.5099983215332,25.8799991607666,91.83000183105469,81.4800033569336,79.95999908447266,25.25,188.5,185.5,29.827999114990234,27.299999237060547,46.52000045776367,61.959999084472656,66.58000183105469,122.48999786376953,31.420000076293945,94.8499984741211,191.13999938964844,53.47999954223633,138.8800048828125,100.58999633789062,128.97999572753906,59.709999084472656,78.9217529296875,41.970001220703125,40.220001220703125,4.447750091552734,40.02846145629883,122.16999816894531,56.939998626708984,43.220001220703125,62.81999969482422,40.599998474121094,241.8699951171875,47.869998931884766,83.88999938964844,47.79999923706055,32.95000076293945,25.610000610351562,91.0,80.4800033569336,80.08000183105469,25.579999923706055,189.3699951171875,186.27999877929688,30.121999740600586,27.549999237060547,46.7400016784668,62.33000183105469,68.27999877929688,124.27999877929688,32.349998474121094,96.37999725341797,192.67999267578125,53.79999923706055,139.27999877929688,101.54000091552734,129.00999450683594,61.400001525878906,79.19847106933594,42.47999954223633,40.25,4.498499870300293,40.22770309448242,123.91000366210938,57.0,44.22999954223633,62.996665954589844,40.81999969482422,244.2899932861328,48.439998626708984,85.5999984741211,49.79999923706055,33.43000030517578,25.860000610351562,91.19999694824219,81.33000183105469,7105900,53502800,3189700,687400,24493000,83446300,49293100,13406300,6810900,5318600,6528600,2785600,2632800,18736100,7168400,14523400,5729100,8245000,10147994,11811400,35716900,456896000,21681834,1951100,8529100,7984800,1725900,6116300,4294200,8608300,3208400,53590800,20075200,50234400,10120900,10889200
2019-04-01,59.37333679199219,26.360000610351562,153.68580627441406,178.8404998779297,25.50759506225586,24.071504592895508,35.840396881103516,50.17021179199219,52.604286193847656,91.06159210205078,22.546663284301758,71.9486083984375,166.9468994140625,47.2098274230957,114.3174057006836,85.86672973632812,117.64478302001953,48.71839904785156,63.948211669921875,34.87763977050781,41.20589065551758,4.523500442504883,28.794775009155273,97.83699035644531,49.06021499633789,36.984291076660156,60.637393951416016,35.286251068115234,218.09637451171875,36.69145584106445,64.881591796875,40.14215087890625,24.387451171875,23.072708129882812,81.48616027832031,58.8917350769043,80.77999877929688,26.360000610351562,191.77000427246094,192.47999572753906,30.57900047302246,28.540000915527344,47.09000015258789,64.36000061035156,67.69000244140625,124.94000244140625,31.540000915527344,96.94000244140625,196.74000549316406,54.5099983215332,138.97999572753906,104.63999938964844,129.0500030517578,61.04999923706055,79.48473358154297,43.529998779296875,42.25,4.557000160217285,40.64516067504883,126.91000366210938,57.810001373291016,44.7599983215332,64.75666809082031,41.369998931884766,245.5399932861328,49.06999969482422,86.43000030517578,48.810001373291016,33.494998931884766,26.34000015258789,91.88999938964844,81.7300033569336,81.11000061035156,26.559999465942383,192.55999755859375,193.0,30.674999237060547,28.739999771118164,48.099998474121094,64.62999725341797,68.12000274658203,125.2699966430664,32.08000183105469,97.1500015258789,198.08999633789062,54.56999969482422,140.2899932861328,104.68000030517578,131.35000610351562,61.25,80.0095443725586,43.95000076293945,42.7599983215332,4.587500095367432,40.74003982543945,127.16999816894531,58.150001525878906,44.9900016784668,64.83333587646484,41.369998931884766,250.1999969482422,49.13999938964844,86.83999633789062,48.900001525878906,33.564998626708984,26.360000610351562,92.44999694824219,81.77999877929688,79.97000122070312,25.829999923706055,190.50999450683594,190.75999450683594,29.975000381469727,27.850000381469727,46.75,62.81999969482422,67.30999755859375,123.44999694824219,31.280000686645508,95.58000183105469,193.61000061035156,54.099998474121094,138.74000549316406,102.12000274658203,129.0500030517578,59.720001220703125,79.14122009277344,42.75,41.720001220703125,4.509250164031982,40.370018005371094,123.83999633789062,57.11000061035156,43.720001220703125,63.883331298828125,40.7400016784668,243.05999755859375,48.29999923706055,85.43000030517578,48.16999816894531,33.23500061035156,25.90999984741211,91.68000030517578,81.08000183105469,80.9800033569336,26.420000076293945,191.13999938964844,191.24000549316406,30.31100082397461,27.899999618530273,48.04999923706055,62.849998474121094,67.48999786376953,123.87000274658203,31.920000076293945,96.19000244140625,194.0,54.34000015258789,139.99000549316406,102.1500015258789,130.7100067138672,60.459999084472656,79.89503479003906,42.779998779296875,42.27000045776367,4.581500053405762,40.39848327636719,123.9800033569336,57.63999938964844,43.97999954223633,64.11000061035156,41.08000183105469,249.7100067138672,48.54999923706055,85.87000274658203,48.43000030517578,33.279998779296875,25.920000076293945,92.30999755859375,81.2300033569336,4759400,63000300,2660500,647500,27040000,91751100,21242500,17736300,5309000,5506300,5252100,2633900,3562600,17830400,5885200,17499300,5132300,6993500,8820282,25813300,28073000,483824000,20345046,1837000,12066500,9717800,1964400,6834200,4809500,10065200,2919100,42015500,24823400,62485300,9082000,10816400
2019-04-02,61.05647277832031,26.75,154.2147979736328,180.1040802001953,25.279041290283203,24.349834442138672,35.54356002807617,50.21697998046875,51.56291198730469,91.05431365966797,22.310760498046875,71.28804779052734,167.59178161621094,47.07991409301758,113.27278137207031,86.27703094482422,117.89092254638672,47.8166389465332,63.87910842895508,35.01384735107422,41.39118957519531,4.5413665771484375,28.841819763183594,97.7213363647461,49.29783630371094,36.76119613647461,60.72791290283203,35.20095443725586,217.09268188476562,36.743797302246094,63.39524841308594,39.64870071411133,24.219993591308594,23.055194854736328,81.2999267578125,58.63951873779297,83.06999969482422,26.75,192.42999267578125,193.83999633789062,30.30500030517578,28.8700008392334,46.70000076293945,64.41999816894531,66.3499984741211,124.93000030517578,31.209999084472656,96.05000305175781,197.5,54.36000061035156,137.7100067138672,105.13999938964844,129.32000732421875,59.91999816894531,79.39885711669922,43.70000076293945,42.439998626708984,4.574999809265137,40.71157455444336,126.76000213623047,58.09000015258789,44.4900016784668,64.85333251953125,41.27000045776367,244.41000366210938,49.13999938964844,84.44999694824219,48.209999084472656,33.26499938964844,26.31999969482422,91.68000030517578,81.37999725341797,83.48999786376953,26.799999237060547,192.82000732421875,194.17999267578125,30.735000610351562,28.8700008392334,47.439998626708984,64.86000061035156,67.83000183105469,125.44000244140625,31.829999923706055,97.7699966430664,197.75999450683594,54.79999923706055,139.00999450683594,105.44000244140625,129.57000732421875,60.880001068115234,79.885498046875,43.88999938964844,42.790000915527344,4.619750022888184,40.967742919921875,128.02999877929688,58.529998779296875,45.45000076293945,65.00666809082031,41.36000061035156,246.39999389648438,49.34000015258789,86.23999786376953,48.880001068115234,33.61000061035156,26.459999084472656,92.05000305175781,81.94999694824219,80.80000305175781,26.09000015258789,191.1999969482422,192.36000061035156,30.26099967956543,28.350000381469727,46.689998626708984,63.91999816894531,66.08999633789062,124.11000061035156,31.15999984741211,96.01000213623047,195.39999389648438,54.22999954223633,136.91000366210938,104.33000183105469,128.24000549316406,59.369998931884766,79.1030502319336,43.209999084472656,41.75,4.538000106811523,40.55028533935547,126.16000366210938,57.65999984741211,44.349998474121094,64.46666717529297,41.0,242.8000030517578,48.810001373291016,84.41999816894531,47.959999084472656,33.185001373291016,26.229999542236328,91.51000213623047,81.11000061035156,80.88999938964844,26.510000228881836,191.80999755859375,193.97999572753906,30.615999221801758,28.469999313354492,47.119998931884766,64.23999786376953,67.58999633789062,125.19999694824219,31.600000381469727,97.08000183105469,196.24000549316406,54.529998779296875,139.00999450683594,104.5999984741211,129.0399932861328,60.689998626708984,79.63740539550781,43.43000030517578,42.08000183105469,4.581250190734863,40.74952697753906,126.55000305175781,57.97999954223633,44.900001525878906,64.79000091552734,41.18000030517578,245.50999450683594,49.06999969482422,86.23999786376953,48.56999969482422,33.58000183105469,26.270000457763672,91.91000366210938,81.75,6355800,53358800,2141800,498300,22857000,66694000,15098100,9915800,5833000,4362700,4385200,2260100,2247000,13704500,5517800,10295400,3214600,7284200,5875088,13101200,21438100,440920000,18625129,1698200,7614500,6899400,1459500,5580200,4057100,7568000,2924700,35393600,22304800,41002400,7002200,7646000
2019-04-03,61.06385040283203,29.020000457763672,154.6074676513672,183.72776794433594,25.37496566772461,24.32452392578125,35.6805534362793,50.71587371826172,50.910133361816406,90.29630279541016,21.953330993652344,69.71461486816406,170.4429473876953,48.0499153137207,112.82859802246094,86.4493408203125,115.821533203125,48.1837158203125,63.856082916259766,35.558677673339844,42.815101623535156,4.680832386016846,28.794775009155273,97.7598876953125,48.949893951416016,36.01753234863281,62.0700569152832,35.644493103027344,218.3628387451172,36.953155517578125,63.25263214111328,40.18327331542969,23.987009048461914,23.12526512145996,81.19352722167969,58.293663024902344,83.08000183105469,29.020000457763672,192.9199981689453,197.74000549316406,30.420000076293945,28.84000015258789,46.880001068115234,65.05999755859375,65.51000213623047,123.88999938964844,30.709999084472656,93.93000030517578,200.86000061035156,55.47999954223633,137.1699981689453,105.3499984741211,127.05000305175781,60.380001068115234,79.37023162841797,44.380001068115234,43.900001525878906,4.7154998779296875,40.64516067504883,126.80999755859375,57.68000030517578,43.59000015258789,66.28666687011719,41.790000915527344,245.83999633789062,49.41999816894531,84.26000213623047,48.86000061035156,32.94499969482422,26.399999618530273,91.55999755859375,80.9000015258789,84.7300033569336,29.950000762939453,193.8699951171875,198.69000244140625,30.739999771118164,29.239999771118164,47.470001220703125,65.3499984741211,66.95999908447266,125.3499984741211,31.450000762939453,96.6500015258789,201.08999633789062,55.9900016784668,138.24000549316406,106.36000061035156,129.25,61.15999984741211,79.8282470703125,44.63999938964844,44.849998474121094,4.775000095367432,40.86337661743164,129.24000549316406,58.290000915527344,44.83000183105469,66.88333129882812,41.959999084472656,247.5399932861328,49.959999084472656,86.0199966430664,48.869998931884766,33.42499923706055,26.6200008392334,92.13999938964844,81.7699966430664,82.79000091552734,27.8799991607666,191.7100067138672,196.5800018310547,30.18199920654297,28.700000762939453,46.34000015258789,64.52999877929688,65.16999816894531,123.54000091552734,30.489999771118164,93.77999877929688,198.5399932861328,54.88999938964844,136.8699951171875,104.79000091552734,126.83999633789062,60.130001068115234,78.95992279052734,44.040000915527344,43.54999923706055,4.619999885559082,40.370018005371094,126.08999633789062,57.18000030517578,43.38999938964844,65.62000274658203,41.5099983215332,244.58999633789062,49.2400016784668,83.8499984741211,48.08000183105469,32.83000183105469,26.290000915527344,91.29000091552734,80.61000061035156,83.62000274658203,28.020000457763672,193.17999267578125,197.16000366210938,30.621999740600586,29.06999969482422,47.08000183105469,64.98999786376953,66.80999755859375,125.22000122070312,31.3799991607666,96.6500015258789,199.25,55.029998779296875,138.1999969482422,105.80999755859375,129.11000061035156,60.380001068115234,79.45610809326172,44.25,43.54999923706055,4.625,40.7874755859375,127.98999786376953,58.20000076293945,44.790000915527344,65.63666534423828,41.599998474121094,246.30999755859375,49.4900016784668,85.11000061035156,48.470001220703125,33.36000061035156,26.5,92.08999633789062,81.7699966430664,6083500,197650500,1948100,691700,22266000,63110600,21744000,11560800,5490800,3595400,4312600,4351500,3227900,24552800,5947000,11499200,4425300,6979400,6550734,11712100,39097200,783504000,16200402,2081400,11563400,7230600,3218100,6821100,2851400,5042500,2983200,30366300,23979600,52030900,7398700,8562900
2019-04-04,60.865379333496094,29.09000015258789,154.1346435546875,184.32237243652344,25.191450119018555,24.585988998413086,35.834129333496094,51.30833053588867,50.63813018798828,90.95954132080078,22.16779136657715,69.52161407470703,171.60549926757812,48.43098831176758,111.51254272460938,87.28450012207031,114.50880432128906,48.95778274536133,62.835060119628906,35.999351501464844,41.830055236816406,4.671897888183594,28.7275447845459,99.00102996826172,49.1026496887207,36.43893814086914,62.20426940917969,35.85771560668945,219.7395782470703,37.229827880859375,63.3201789855957,40.43821334838867,24.18723487854004,23.265419006347656,81.02503204345703,59.1223030090332,82.80999755859375,29.09000015258789,192.3300018310547,198.3800048828125,30.200000762939453,29.149999618530273,46.66999816894531,65.81999969482422,65.16000366210938,124.80000305175781,31.010000228881836,93.66999816894531,202.22999572753906,55.91999816894531,135.57000732421875,105.55999755859375,125.61000061035156,61.349998474121094,78.10114288330078,44.93000030517578,42.88999938964844,4.706500053405762,40.55028533935547,128.4199981689453,57.86000061035156,44.099998474121094,66.43000030517578,42.040000915527344,247.38999938964844,49.790000915527344,84.3499984741211,49.16999816894531,33.220001220703125,26.559999465942383,91.37000274658203,82.05000305175781,83.37999725341797,29.389999389648438,194.42999267578125,199.02000427246094,30.600000381469727,29.309999465942383,46.7400016784668,66.19999694824219,65.7699966430664,124.83000183105469,31.1200008392334,94.5,204.2899932861328,56.13999938964844,137.00999450683594,105.7300033569336,127.3499984741211,61.880001068115234,79.38931274414062,45.2400016784668,43.33000183105469,4.7492499351501465,40.72106170654297,129.22999572753906,58.61000061035156,44.11000061035156,66.84333038330078,42.18000030517578,249.11000061035156,50.13999938964844,84.62999725341797,49.68000030517578,33.244998931884766,26.670000076293945,91.75,82.08000183105469,82.06999969482422,28.610000610351562,190.99000549316406,197.42999267578125,30.16699981689453,28.84000015258789,46.16999816894531,64.80999755859375,64.97000122070312,123.55000305175781,30.40999984741211,92.91999816894531,200.5,55.27000045776367,135.1300048828125,104.44999694824219,124.61000061035156,60.209999084472656,77.4904556274414,44.33000183105469,42.25,4.643249988555908,40.32258224487305,126.80000305175781,57.689998626708984,43.060001373291016,66.06999969482422,41.650001525878906,244.63999938964844,49.33000183105469,83.04000091552734,48.880001068115234,32.80500030517578,26.399999618530273,90.83999633789062,80.7699966430664,83.04000091552734,28.8799991607666,192.85000610351562,198.25,30.475000381469727,28.850000381469727,46.63999938964844,64.80999755859375,65.56999969482422,124.01000213623047,30.799999237060547,94.05999755859375,200.8000030517578,55.27000045776367,136.8699951171875,104.55000305175781,127.33999633789062,60.43000030517578,79.20801544189453,44.33000183105469,42.36000061035156,4.699999809265137,40.597721099853516,126.80000305175781,57.75,43.40999984741211,66.20333099365234,41.72999954223633,245.47999572753906,49.380001068115234,84.26000213623047,48.95000076293945,32.96500015258789,26.399999618530273,91.63999938964844,81.12000274658203,4827900,82191100,1785900,437500,15228000,53712100,17925900,11915700,6397900,3715400,5131500,5782700,2582300,16520500,5844600,11952100,5539800,5838700,10257719,9119900,37038400,457376000,12990972,1639700,9905100,6670900,1617300,7610300,2255500,5130700,3267700,19260100,21008600,54378900,9212400,9360600
2019-04-05,61.335777282714844,28.979999542236328,156.6029815673828,187.11915588378906,25.38163948059082,24.526952743530273,35.81108474731445,51.09785461425781,51.384178161621094,92.14026641845703,23.018468856811523,73.20294189453125,171.73284912109375,48.15384292602539,112.01426696777344,87.07777404785156,115.76683807373047,50.649574279785156,62.29768753051758,35.97532272338867,42.24943542480469,4.7386555671691895,28.89558982849121,98.60790252685547,49.212982177734375,37.182594299316406,62.65376663208008,36.019779205322266,220.97425842285156,37.16252517700195,65.0767822265625,40.11748123168945,24.6131649017334,23.30046272277832,81.58368682861328,59.439353942871094,83.44999694824219,28.979999542236328,195.41000366210938,201.38999938964844,30.42799949645996,29.079999923706055,46.63999938964844,65.55000305175781,66.12000274658203,126.41999816894531,32.20000076293945,98.62999725341797,202.3800048828125,55.599998474121094,136.17999267578125,105.30999755859375,126.98999786376953,63.470001220703125,77.4332046508789,44.900001525878906,43.31999969482422,4.773749828338623,40.7874755859375,127.91000366210938,57.9900016784668,45.0,66.91000366210938,42.22999954223633,248.77999877929688,49.70000076293945,86.69000244140625,48.779998779296875,33.80500030517578,26.600000381469727,92.0,82.48999786376953,84.18000030517578,29.690000534057617,196.8699951171875,201.72000122070312,30.444000244140625,29.5,47.099998474121094,66.41000366210938,66.19000244140625,126.63999938964844,32.209999084472656,98.76000213623047,205.5,55.95000076293945,136.5800018310547,106.11000061035156,127.01000213623047,63.5,78.3969497680664,45.380001068115234,43.540000915527344,4.791250228881836,41.062618255615234,129.25,58.189998626708984,45.540000915527344,66.94000244140625,42.34000015258789,249.30999755859375,50.099998474121094,86.7300033569336,49.40999984741211,33.845001220703125,26.700000762939453,92.16000366210938,82.52999877929688,82.66999816894531,28.799999237060547,193.3000030517578,200.5,30.18000030517578,28.979999542236328,46.5099983215332,65.19000244140625,65.26000213623047,125.19999694824219,31.139999389648438,93.94000244140625,202.05999755859375,54.869998931884766,135.6999969482422,104.98999786376953,125.61000061035156,61.38999938964844,77.39503479003906,44.72999954223633,42.720001220703125,4.713250160217285,40.69260025024414,127.36000061035156,57.689998626708984,44.2599983215332,66.43000030517578,42.060001373291016,245.1699981689453,49.38999938964844,84.23999786376953,48.599998474121094,33.29499816894531,26.520000457763672,91.52999877929688,81.94999694824219,82.81999969482422,29.639999389648438,193.8800048828125,200.57000732421875,30.399999618530273,29.31999969482422,46.880001068115234,65.93000030517578,65.51000213623047,125.25,31.15999984741211,94.44999694824219,203.3800048828125,55.75,136.0399932861328,105.80000305175781,126.48999786376953,61.38999938964844,78.21565246582031,45.130001068115234,43.29999923706055,4.75,40.77798843383789,128.49000549316406,57.97999954223633,44.40999984741211,66.82666778564453,42.34000015258789,248.9499969482422,49.79999923706055,84.45999908447266,49.2599983215332,33.310001373291016,26.610000610351562,91.58999633789062,82.1500015258789,3996300,65662700,2163300,503300,18875000,46383400,16044300,11062400,8337800,5551400,7171400,4505400,2447100,19268400,4759700,9933700,4656400,7359600,10324162,8633900,21119400,481744000,15559043,1331900,12332600,9149600,1223700,4430600,3343000,5756500,2966700,23734900,34538400,37088800,6262000,10059100
2019-04-08,61.725341796875,28.530000686645508,156.1782684326172,189.1353302001953,25.398324966430664,24.602855682373047,35.926265716552734,51.503204345703125,51.71834182739258,92.32977294921875,22.896944046020508,73.83380126953125,171.86856079101562,48.22312927246094,111.98136138916016,87.35891723632812,115.92182159423828,50.56178665161133,62.14415740966797,36.039432525634766,41.83982467651367,4.759501934051514,28.99640655517578,98.86231994628906,49.017791748046875,38.14933776855469,62.80046081542969,36.156253814697266,220.94757080078125,37.297119140625,64.70893859863281,40.19972229003906,24.722375869750977,23.32673454284668,81.56597137451172,59.80683898925781,83.9800033569336,28.530000686645508,194.8800048828125,203.55999755859375,30.447999954223633,29.170000076293945,46.790000915527344,66.06999969482422,66.55000305175781,126.68000030517578,32.029998779296875,99.4800033569336,202.5399932861328,55.68000030517578,136.13999938964844,105.6500015258789,127.16000366210938,63.36000061035156,77.24236297607422,44.97999954223633,42.900001525878906,4.794750213623047,40.92979049682617,128.24000549316406,57.7599983215332,46.16999816894531,67.06666564941406,42.38999938964844,248.75,49.880001068115234,86.19999694824219,48.880001068115234,33.95500183105469,26.6299991607666,91.9800033569336,83.0,84.0,28.950000762939453,195.30999755859375,203.67999267578125,30.530000686645508,29.200000762939453,46.88999938964844,66.0999984741211,67.5199966430664,127.33999633789062,32.4900016784668,100.98999786376953,203.6300048828125,55.7400016784668,136.50999450683594,105.6500015258789,127.27999877929688,63.66999816894531,77.53816986083984,44.9900016784668,43.13999938964844,4.820000171661377,41.062618255615234,128.5500030517578,58.4900016784668,46.2400016784668,67.13999938964844,42.4900016784668,249.67999267578125,49.939998626708984,87.33999633789062,49.099998474121094,34.125,26.639999389648438,92.06999969482422,83.19999694824219,82.77999877929688,28.18000030517578,192.55999755859375,201.6300048828125,30.200000762939453,28.8700008392334,46.529998779296875,65.0199966430664,66.19000244140625,126.2300033569336,31.639999389648438,98.97000122070312,201.17999267578125,55.20000076293945,135.6999969482422,104.91000366210938,126.08999633789062,62.63999938964844,76.66984558105469,44.36000061035156,42.119998931884766,4.71875,40.71157455444336,127.33999633789062,57.5099983215332,45.099998474121094,66.47666931152344,42.08000183105469,246.30999755859375,49.63999938964844,86.02999877929688,48.58000183105469,33.814998626708984,26.469999313354492,91.33000183105469,82.58999633789062,83.69999694824219,28.690000534057617,194.52999877929688,202.0,30.413999557495117,28.889999389648438,46.70000076293945,65.12999725341797,66.51000213623047,126.7699966430664,32.38999938964844,99.12000274658203,202.7899932861328,55.279998779296875,136.0500030517578,105.11000061035156,126.5,63.58000183105469,77.25190734863281,44.650001525878906,42.18000030517578,4.743000030517578,40.86337661743164,127.91000366210938,57.790000915527344,45.150001525878906,66.62000274658203,42.2400016784668,249.67999267578125,49.689998626708984,86.88999938964844,48.63999938964844,33.85499954223633,26.530000686645508,91.93000030517578,82.66999816894531,3499200,58002500,1629800,503600,13899000,35272800,15953300,10466400,5705200,5483100,5413700,4985900,1891500,11758800,4329600,8056300,3430900,7353200,10586267,10898900,24546800,424192000,15410323,1460700,8942400,11421400,1380300,6830300,2195400,4920100,2141200,18875200,21204200,34998000,5961200,9108200
2019-04-09,60.77717590332031,27.239999771118164,154.655517578125,187.286376953125,25.31240463256836,24.36669158935547,35.3043327331543,50.825016021728516,51.05778121948242,91.49888610839844,22.203535079956055,73.15838623046875,170.23931884765625,47.91134262084961,111.51254272460938,86.71395874023438,115.99473571777344,49.60417938232422,62.028987884521484,35.46253967285156,40.68898391723633,4.696715354919434,28.794775009155273,97.75218200683594,48.746219635009766,37.66184616088867,62.148101806640625,36.00271224975586,220.98313903808594,36.803611755371094,63.89070129394531,39.59113693237305,24.42022132873535,23.1340274810791,81.35314178466797,59.03582763671875,82.69000244140625,27.239999771118164,192.97999572753906,201.57000732421875,30.344999313354492,28.889999389648438,45.97999954223633,65.19999694824219,65.69999694824219,125.54000091552734,31.059999465942383,98.56999969482422,200.6199951171875,55.31999969482422,135.57000732421875,104.87000274658203,127.23999786376953,62.15999984741211,77.09923553466797,44.2599983215332,41.720001220703125,4.731500148773193,40.64516067504883,126.80000305175781,57.439998626708984,45.58000183105469,66.37000274658203,42.209999084472656,248.7899932861328,49.220001220703125,85.11000061035156,48.13999938964844,33.540000915527344,26.40999984741211,91.73999786376953,81.93000030517578,83.77999877929688,28.3799991607666,194.0,203.00999450683594,30.410999298095703,29.06999969482422,46.66999816894531,65.5999984741211,66.27999877929688,126.29000091552734,31.93000030517578,99.58999633789062,201.58999633789062,55.43000030517578,136.25999450683594,105.19999694824219,128.1199951171875,63.400001525878906,77.27098846435547,44.66999816894531,42.599998474121094,4.772250175476074,40.79696273803711,127.69000244140625,57.65999984741211,46.040000915527344,66.68333435058594,42.29999923706055,249.94000244140625,49.59000015258789,86.02999877929688,48.70000076293945,33.85499954223633,26.510000228881836,91.94000244140625,82.58000183105469,82.5,27.190000534057617,192.50999450683594,201.07000732421875,30.02899932861328,28.739999771118164,45.880001068115234,64.68000030517578,65.44999694824219,125.12000274658203,30.969999313354492,97.38999938964844,198.86000061035156,54.900001525878906,134.55999755859375,104.25,126.5999984741211,61.880001068115234,76.58396911621094,43.95000076293945,41.27000045776367,4.689000129699707,40.39848327636719,126.22000122070312,57.029998779296875,45.220001220703125,66.02333068847656,42.029998779296875,245.9499969482422,49.11000061035156,84.7699966430664,48.02000045776367,33.435001373291016,26.290000915527344,91.41000366210938,81.73999786376953,83.7699966430664,28.239999771118164,193.58999633789062,202.10000610351562,30.257999420166016,29.0,46.599998474121094,65.5999984741211,66.20999908447266,126.29000091552734,31.84000015258789,98.79000091552734,201.22999572753906,55.349998474121094,136.0,105.08000183105469,126.76000213623047,63.029998779296875,76.87976837158203,44.650001525878906,42.540000915527344,4.761000156402588,40.77798843383789,127.36000061035156,57.56999969482422,45.86000061035156,66.68333435058594,42.2400016784668,247.57000732421875,49.59000015258789,86.02999877929688,48.68000030517578,33.85499954223633,26.510000228881836,91.66000366210938,82.5199966430664,3712700,75539800,1872600,708300,11621000,40535300,16073400,10221000,4707300,4143400,4981600,4005700,2400900,13339700,5210300,9092200,4215600,6046900,10785282,7436200,29055900,439972000,18825072,1572800,11713400,7577500,1483500,5049900,2903800,4551100,2419400,22903500,29083800,65954800,7207600,8561600
2019-04-10,60.9682731628418,27.829999923706055,155.3848419189453,185.63246154785156,25.651071548461914,24.518512725830078,35.2352294921875,51.07445526123047,52.044742584228516,91.46244049072266,22.44658088684082,73.27718353271484,172.241943359375,48.283756256103516,111.52073669433594,87.10258483886719,115.94915771484375,50.75330352783203,62.04436111450195,35.61477279663086,41.12786102294922,4.767192840576172,28.720823287963867,98.12992858886719,47.80421829223633,37.63705062866211,62.6287841796875,36.139183044433594,218.53158569335938,36.863433837890625,66.38294219970703,39.303287506103516,24.511241912841797,23.2041015625,81.3797378540039,58.76921844482422,82.94999694824219,27.829999923706055,193.88999938964844,199.7899932861328,30.750999450683594,29.06999969482422,45.88999938964844,65.5199966430664,66.97000122070312,125.48999786376953,31.399999618530273,98.7300033569336,202.97999572753906,55.75,135.5800018310547,105.33999633789062,127.19000244140625,63.599998474121094,77.11832427978516,44.45000076293945,42.16999816894531,4.802499771118164,40.54079818725586,127.29000091552734,56.33000183105469,45.54999923706055,66.88333129882812,42.369998931884766,246.02999877929688,49.29999923706055,88.43000030517578,47.790000915527344,33.665000915527344,26.489999771118164,91.7699966430664,81.55999755859375,83.37999725341797,28.1200008392334,195.0,200.72000122070312,30.777000427246094,29.149999618530273,46.31999969482422,65.69000244140625,67.18000030517578,126.56999969482422,31.600000381469727,100.05000305175781,203.1699981689453,55.86000061035156,136.1300048828125,105.72000122070312,127.97000122070312,63.9900016784668,77.59542083740234,44.619998931884766,42.439998626708984,4.828499794006348,40.72106170654297,127.52999877929688,57.86000061035156,46.0,67.09666442871094,42.5,249.8699951171875,49.47999954223633,88.93000030517578,48.189998626708984,33.81999969482422,26.530000686645508,92.0199966430664,82.08000183105469,82.5999984741211,27.31999969482422,192.33999633789062,198.58999633789062,30.299999237060547,28.75,45.709999084472656,64.77999877929688,66.02999877929688,125.12999725341797,31.110000610351562,98.4000015258789,200.27000427246094,55.31999969482422,135.3300018310547,104.47000122070312,126.93000030517578,62.04999923706055,76.95610809326172,44.099998474121094,41.5099983215332,4.726250171661377,40.46489715576172,125.77999877929688,56.099998474121094,45.400001525878906,66.23666381835938,42.18000030517578,245.52000427246094,48.91999816894531,85.58000183105469,47.400001525878906,33.57500076293945,26.280000686645508,91.61000061035156,81.41000366210938,83.19999694824219,27.459999084472656,194.14999389648438,200.08999633789062,30.360000610351562,28.899999618530273,45.97999954223633,65.4800033569336,66.08000183105469,126.13999938964844,31.260000228881836,99.33999633789062,201.8000030517578,55.31999969482422,135.88999938964844,105.12999725341797,127.55999755859375,62.349998474121094,77.15648651123047,44.31999969482422,41.689998626708984,4.73075008392334,40.72106170654297,126.56999969482422,57.709999084472656,45.79999923706055,66.2933349609375,42.2599983215332,248.77999877929688,49.31999969482422,85.80999755859375,48.08000183105469,33.6150016784668,26.40999984741211,91.8499984741211,81.91999816894531,3641900,64368100,1653200,611600,14992000,42669700,13083700,12293300,6629000,3970000,4927900,3066200,1907100,13084000,4194100,10882300,4227100,8247800,6894268,6703400,23252200,444772000,13202615,1806300,15976500,6148800,1267500,4040200,2753700,5430200,5232400,30977800,18751200,48232700,5433400,10324300
2019-04-11,60.100990295410156,27.790000915527344,153.9583282470703,183.88568115234375,25.809560775756836,24.518512725830078,35.3887939453125,51.378482818603516,51.578460693359375,91.82687377929688,22.289316177368164,73.27718353271484,172.11463928222656,48.327064514160156,111.21641540527344,87.83849334716797,114.08946228027344,50.36228561401367,61.2920036315918,35.895206451416016,41.235137939453125,4.753296852111816,28.41164207458496,99.2323226928711,47.439292907714844,37.43873977661133,62.575714111328125,35.908905029296875,209.10748291015625,37.0952262878418,66.84087371826172,39.26216506958008,24.529434204101562,23.344255447387695,80.37767791748047,59.050235748291016,81.7699966430664,27.790000915527344,192.11000061035156,197.91000366210938,30.94099998474121,29.06999969482422,46.09000015258789,65.91000366210938,66.37000274658203,125.98999786376953,31.18000030517578,98.7300033569336,202.8300018310547,55.79999923706055,135.2100067138672,106.2300033569336,125.1500015258789,63.11000061035156,76.1832046508789,44.79999923706055,42.279998779296875,4.78849983215332,40.10436248779297,128.72000122070312,55.900001525878906,45.310001373291016,66.82666778564453,42.099998474121094,235.4199981689453,49.61000061035156,89.04000091552734,47.7400016784668,33.689998626708984,26.649999618530273,90.63999938964844,81.94999694824219,83.25,28.049999237060547,194.7899932861328,199.25,31.018999099731445,29.489999771118164,46.33000183105469,66.44000244140625,67.5999984741211,126.26000213623047,31.75,99.76000213623047,205.4499969482422,56.06999969482422,136.17999267578125,106.7300033569336,127.31999969482422,64.52999877929688,77.22328186035156,45.08000183105469,42.72999954223633,4.836750030517578,40.63567352294922,128.91000366210938,56.900001525878906,45.90999984741211,67.3133316040039,42.20000076293945,246.9199981689453,49.97999954223633,90.44000244140625,48.2599983215332,33.92499923706055,26.75,92.0199966430664,82.06999969482422,81.2300033569336,27.459999084472656,190.64999389648438,197.2899932861328,30.62299919128418,28.989999771118164,45.43000030517578,65.30999755859375,65.72000122070312,124.75,30.84000015258789,97.66000366210938,201.57000732421875,55.630001068115234,134.4199981689453,105.55999755859375,124.51000213623047,63.060001373291016,75.75381469726562,44.470001220703125,42.130001068115234,4.738749980926514,39.83871078491211,127.5,55.790000915527344,44.90999984741211,66.65666961669922,41.95000076293945,232.67999267578125,49.29999923706055,88.12999725341797,47.380001068115234,33.43000030517578,26.510000228881836,90.23999786376953,81.0199966430664,83.19999694824219,27.809999465942383,194.57000732421875,197.72000122070312,30.815000534057617,29.25,46.11000061035156,65.80000305175781,66.63999938964844,125.33999633789062,31.190000534057617,98.37999725341797,204.22999572753906,55.7599983215332,135.9600067138672,105.70999908447266,126.86000061035156,63.849998474121094,77.22328186035156,44.7400016784668,42.20000076293945,4.804999828338623,40.597721099853516,128.0,56.439998626708984,45.54999923706055,67.0566635131836,42.09000015258789,246.0500030517578,49.529998779296875,88.4800033569336,47.970001220703125,33.6349983215332,26.59000015258789,91.97000122070312,81.54000091552734,9094200,44801200,2082600,453300,16669000,50440100,19846100,11358700,9486900,3248300,3416500,2640900,2802100,10845800,4485200,11183800,5520700,5284900,10410518,7872700,18163900,374600000,20214877,2051700,13903800,5291400,935400,5172200,8223400,4651500,3682100,33662700,21828400,62205000,8534200,9115100
2019-04-12,60.160560607910156,27.850000381469727,153.4053497314453,188.44775390625,26.445186614990234,25.4462890625,34.98952102661133,52.555564880371094,52.35560989379883,87.28619384765625,23.933490753173828,78.16082000732422,176.36593627929688,48.8640251159668,111.84976196289062,91.9563217163086,112.18417358398438,49.149314880371094,60.97725296020508,37.40953826904297,40.97181701660156,4.715327262878418,28.035236358642578,102.30057525634766,48.330387115478516,37.71967315673828,63.44342803955078,36.31830596923828,198.2710418701172,37.55134582519531,66.36796569824219,38.2341423034668,24.59496307373047,23.773475646972656,79.64163970947266,58.30805206298828,80.77999877929688,27.850000381469727,191.4199981689453,202.82000732421875,31.702999114990234,30.170000076293945,45.56999969482422,67.41999816894531,67.37000274658203,119.76000213623047,33.47999954223633,105.30999755859375,207.83999633789062,56.41999816894531,135.97999572753906,111.20999908447266,123.05999755859375,61.59000015258789,75.79198455810547,46.689998626708984,42.0099983215332,4.750249862670898,39.573055267333984,132.6999969482422,56.95000076293945,45.650001525878906,67.75333404541016,42.58000183105469,223.22000122070312,50.220001220703125,88.41000366210938,46.4900016784668,33.779998779296875,27.139999389648438,89.80999755859375,80.91999816894531,81.80999755859375,28.3799991607666,193.47999572753906,202.8800048828125,31.743999481201172,30.219999313354492,46.41999816894531,68.30999755859375,68.22000122070312,122.0,33.810001373291016,106.4800033569336,209.97000122070312,56.4900016784668,136.35000610351562,111.8499984741211,125.23999786376953,63.95000076293945,76.75572204589844,47.06999969482422,43.20000076293945,4.831500053405762,40.1707763671875,133.57000732421875,57.16999816894531,46.45000076293945,67.80000305175781,42.650001525878906,236.77999877929688,50.7599983215332,90.12999725341797,48.81999969482422,34.20000076293945,27.329999923706055,91.0199966430664,82.80999755859375,79.83999633789062,27.65999984741211,190.7899932861328,200.6699981689453,31.05699920654297,29.559999465942383,45.400001525878906,66.63999938964844,67.25,119.0,32.599998474121094,101.8499984741211,206.3699951171875,55.84000015258789,134.75,108.87999725341797,123.0199966430664,61.400001525878906,75.66793823242188,45.869998931884766,41.810001373291016,4.741499900817871,39.44971466064453,129.17999267578125,56.06999969482422,45.58000183105469,67.23999786376953,42.279998779296875,220.77000427246094,49.65999984741211,87.88999938964844,46.060001373291016,33.69499969482422,26.899999618530273,89.66000366210938,80.58000183105469,80.66999816894531,28.209999084472656,193.02000427246094,201.8300018310547,31.135000228881836,29.559999465942383,46.40999984741211,67.08000183105469,67.55999755859375,121.58000183105469,32.9900016784668,102.08999633789062,207.0,56.209999084472656,135.22000122070312,109.44000244140625,125.23999786376953,63.81999969482422,76.34542083740234,45.88999938964844,42.849998474121094,4.827499866485596,40.1707763671875,129.44000244140625,56.279998779296875,46.0,67.44667053222656,42.470001220703125,236.5,50.189998626708984,89.77999877929688,47.75,34.17499923706055,27.040000915527344,90.98999786376953,82.80999755859375,5011500,41048800,2060800,430900,30087000,100192000,25363500,19238700,9913100,42693700,13576000,7145100,5096600,12910200,5756800,25834100,5470400,10104400,10164762,21641900,21740400,471708000,21338546,4293600,13483500,8667000,1030500,6555700,13979400,11394900,4003200,70271400,30853600,84627600,11659000,16638700
2019-04-15,60.34674072265625,27.329999923706055,153.22906494140625,185.67893981933594,26.39263343811035,25.16795539855957,35.70358657836914,52.52436065673828,51.55515670776367,87.56315612792969,23.28296661376953,75.95185852050781,169.63682556152344,48.742767333984375,112.29393005371094,90.90618896484375,113.11404418945312,48.31141662597656,60.28633117675781,36.9207878112793,40.78650665283203,4.583552360534668,28.29065704345703,101.76480865478516,48.525569915771484,38.33938980102539,62.97211837768555,36.343894958496094,204.47088623046875,37.30459976196289,65.79742431640625,38.46442413330078,24.4493465423584,23.624557495117188,79.96089172363281,58.113502502441406,81.02999877929688,27.329999923706055,191.1999969482422,199.83999633789062,31.639999389648438,29.84000015258789,46.5,67.37999725341797,66.33999633789062,120.13999938964844,32.56999969482422,102.12000274658203,199.91000366210938,56.279998779296875,136.52000427246094,109.94000244140625,124.08000183105469,60.540000915527344,74.9332046508789,46.08000183105469,41.81999969482422,4.617499828338623,39.93358612060547,131.05999755859375,57.18000030517578,46.400001525878906,67.25,42.61000061035156,230.1999969482422,49.88999938964844,87.6500015258789,46.77000045776367,33.58000183105469,26.969999313354492,90.16999816894531,80.6500015258789,81.51000213623047,27.84000015258789,193.17999267578125,201.72999572753906,31.75200080871582,30.139999389648438,46.709999084472656,67.77999877929688,67.2300033569336,121.0199966430664,33.5,104.72000122070312,205.74000549316406,56.560001373291016,136.7899932861328,111.0,124.3499984741211,61.779998779296875,75.84923553466797,46.790000915527344,42.22999954223633,4.747499942779541,39.9620475769043,132.41000366210938,57.66999816894531,46.83000183105469,67.86333465576172,42.77000045776367,230.97000122070312,50.290000915527344,88.41000366210938,47.060001373291016,33.81999969482422,27.15999984741211,90.23999786376953,81.05999755859375,80.37000274658203,26.959999084472656,189.85000610351562,199.00999450683594,31.316999435424805,29.65999984741211,45.650001525878906,66.2699966430664,66.20999908447266,119.33000183105469,32.540000915527344,101.44000244140625,199.6999969482422,55.91999816894531,135.8000030517578,109.12000274658203,123.16000366210938,60.290000915527344,74.8759536743164,45.91999816894531,41.20000076293945,4.577499866485596,39.34535217285156,130.5,57.029998779296875,45.25,66.8933334350586,42.459999084472656,224.41000366210938,49.66999816894531,86.62000274658203,45.65999984741211,33.525001525878906,26.90999984741211,89.75,80.5199966430664,80.95999908447266,27.799999237060547,191.83999633789062,201.27999877929688,31.702999114990234,30.100000381469727,45.83000183105469,67.38999938964844,67.05999755859375,120.0199966430664,33.22999954223633,104.43000030517578,204.11000061035156,56.459999084472656,136.0,110.91999816894531,123.7699966430664,61.4900016784668,75.67748260498047,46.470001220703125,42.16999816894531,4.742499828338623,39.715370178222656,131.97999572753906,57.13999938964844,45.560001373291016,67.86333465576172,42.58000183105469,225.77000427246094,50.22999954223633,88.4000015258789,45.869998931884766,33.7400016784668,27.149999618530273,89.91999816894531,80.88999938964844,3495500,40812500,2038300,389400,16216000,57438800,20263700,19493900,7284800,13369100,6383500,6091000,6617200,11676900,5380900,15163800,4549100,7075900,13822491,11669000,16932300,440092000,18362788,2006100,10712500,11178400,1770000,5274400,10021800,4587500,2824600,34954000,16601400,40030400,7921900,8536100
2019-04-16,59.736053466796875,27.93000030517578,150.70460510253906,189.19110107421875,26.567811965942383,25.20169448852539,35.33504104614258,54.02885818481445,51.16657638549805,88.3138656616211,23.468835830688477,76.1229248046875,171.2745819091797,49.11519241333008,113.52777862548828,91.86534881591797,109.3581314086914,47.89645004272461,59.54168701171875,37.67394256591797,41.70326614379883,4.670658111572266,27.504240036010742,103.38764190673828,59.78710174560547,39.116085052490234,64.98847961425781,36.685081481933594,196.2636260986328,37.59620666503906,66.3003921508789,39.18815231323242,24.609521865844727,23.957426071166992,78.32035064697266,58.50981903076172,80.20999908447266,27.93000030517578,188.0500030517578,203.6199951171875,31.850000381469727,29.8799991607666,46.02000045776367,69.30999755859375,65.83999633789062,121.16999816894531,32.83000183105469,102.3499984741211,201.83999633789062,56.709999084472656,138.02000427246094,111.0999984741211,119.95999908447266,60.02000045776367,74.00763702392578,47.02000045776367,42.7599983215332,4.705249786376953,38.82352828979492,133.14999389648438,70.44999694824219,47.34000015258789,69.40333557128906,43.0099983215332,220.9600067138672,50.279998779296875,88.31999969482422,47.650001525878906,33.79999923706055,27.350000381469727,88.31999969482422,81.19999694824219,81.30000305175781,28.18000030517578,192.57000732421875,204.4600067138672,32.000999450683594,30.049999237060547,46.88999938964844,69.41999816894531,66.91000366210938,121.31999969482422,32.93000030517578,102.81999969482422,202.94000244140625,57.470001220703125,140.6999969482422,111.38999938964844,124.93000030517578,60.599998474121094,75.65839385986328,47.09000015258789,42.93000030517578,4.724249839782715,40.13282775878906,134.02999877929688,71.02999877929688,47.54999923706055,69.46333312988281,43.08000183105469,238.00999450683594,50.380001068115234,88.58000183105469,47.869998931884766,33.849998474121094,27.3799991607666,91.02999877929688,81.3499984741211,80.0199966430664,27.489999771118164,187.44000244140625,201.0800018310547,31.610000610351562,29.0,45.97999954223633,67.38999938964844,65.83999633789062,120.05999755859375,32.16999816894531,100.9800033569336,199.24000549316406,56.06999969482422,137.55999755859375,109.86000061035156,119.79000091552734,59.4900016784668,73.8740463256836,46.189998626708984,42.08000183105469,4.624000072479248,38.73814010620117,131.49000549316406,57.290000915527344,46.61000061035156,67.67666625976562,42.75,215.82000732421875,49.380001068115234,86.95999908447266,46.869998931884766,33.58000183105469,27.010000228881836,88.16999816894531,80.69000244140625,81.11000061035156,27.719999313354492,192.27000427246094,201.3800048828125,32.0,29.299999237060547,46.84000015258789,67.5,66.76000213623047,120.43000030517578,32.75,101.86000061035156,199.6199951171875,56.65999984741211,138.32000732421875,109.9000015258789,124.93000030517578,60.4900016784668,75.60114288330078,46.380001068115234,42.2599983215332,4.6570000648498535,40.05692672729492,131.49000549316406,57.459999084472656,46.63999938964844,67.67666625976562,42.83000183105469,238.00999450683594,49.81999969482422,87.69999694824219,46.880001068115234,33.70000076293945,27.030000686645508,90.91999816894531,80.80999755859375,3624700,47340100,2727300,755200,21116000,105168400,21336600,18635700,7790500,11942900,5129200,2990100,4852600,30301900,10745700,11583200,6573400,7899900,12531250,13358600,19337500,394964000,27506976,2375400,86755900,7654400,3216900,6639100,27361400,7570500,2507300,25217100,16260400,56093400,14857100,7005700
2019-04-17,58.07527160644531,27.489999771118164,146.23275756835938,188.94955444335938,26.73714256286621,25.32821273803711,35.16613006591797,54.83956527709961,51.11994552612305,87.65786743164062,23.740478515625,75.7436294555664,176.41683959960938,50.71744918823242,113.93901824951172,94.51134490966797,106.20391845703125,48.0720100402832,56.747310638427734,38.6674690246582,42.083641052246094,4.647828578948975,26.80521583557129,103.94668579101562,67.11091613769531,39.173927307128906,66.06529235839844,37.86213684082031,192.60414123535156,37.8878288269043,67.12615203857422,39.10590744018555,24.576763153076172,24.018739700317383,76.06792449951172,58.675533294677734,77.9800033569336,27.489999771118164,182.47000122070312,203.36000061035156,32.053001403808594,30.030000686645508,45.79999923706055,70.3499984741211,65.77999877929688,120.2699966430664,33.209999084472656,101.83999633789062,207.89999389648438,58.560001373291016,138.52000427246094,114.30000305175781,116.5,60.2400016784668,70.53434753417969,48.2599983215332,43.150001525878906,4.682250022888184,37.83681106567383,133.8699951171875,79.08000183105469,47.40999984741211,70.55332946777344,44.38999938964844,216.83999633789062,50.66999816894531,89.41999816894531,47.54999923706055,33.755001068115234,27.420000076293945,85.77999877929688,81.43000030517578,80.19999694824219,28.270000457763672,188.74000549316406,208.89999389648438,32.09400177001953,30.1200008392334,46.20000076293945,70.75,67.0,122.54000091552734,33.38999938964844,104.44999694824219,208.5,59.59000015258789,140.14999389648438,114.66000366210938,120.05999755859375,61.13999938964844,74.06488800048828,48.54999923706055,44.04999923706055,4.761499881744385,38.89942932128906,134.52000427246094,82.5199966430664,47.959999084472656,71.40666961669922,44.459999084472656,224.24000549316406,50.880001068115234,90.06999969482422,47.959999084472656,34.08000183105469,27.459999084472656,88.63999938964844,81.69999694824219,77.55000305175781,27.219999313354492,181.52999877929688,200.5800018310547,31.784000396728516,29.459999084472656,45.43000030517578,69.55999755859375,65.77999877929688,120.05000305175781,32.93000030517578,101.43000030517578,201.77999877929688,58.119998931884766,137.6699981689453,111.01000213623047,115.88999938964844,60.18000030517578,70.37213897705078,47.130001068115234,42.7599983215332,4.659749984741211,37.371917724609375,132.30999755859375,76.48999786376953,47.130001068115234,70.0,43.86000061035156,208.07000732421875,49.02000045776367,88.69000244140625,46.91999816894531,33.709999084472656,27.200000762939453,85.33000183105469,81.08000183105469,80.0999984741211,28.209999084472656,188.35000610351562,208.3800048828125,32.02399826049805,29.829999923706055,46.16999816894531,69.94999694824219,66.48999786376953,122.19999694824219,33.099998474121094,103.19000244140625,201.9600067138672,58.439998626708984,139.0,111.69999694824219,120.0,60.70000076293945,74.05534362792969,47.849998474121094,43.36000061035156,4.740499973297119,38.8045539855957,133.3699951171875,78.81999969482422,47.810001373291016,70.82666778564453,43.900001525878906,223.7899932861328,49.349998474121094,88.91000366210938,47.959999084472656,34.005001068115234,27.450000762939453,88.62000274658203,81.55000305175781,6817100,48240800,5242100,1280500,18138000,94831600,20085500,20509000,7907100,11898100,5092000,2445500,4195300,38788400,9543700,17791900,14842800,5500500,34181463,19610000,22092000,351004000,42412117,1752300,156019300,8346300,3275700,15795700,22101400,7825600,3209300,25144000,21869200,58834000,34381800,8311400
2019-04-18,57.769935607910156,27.68000030517578,142.2257080078125,191.31878662109375,26.577816009521484,25.32821273803711,34.95113754272461,54.30949020385742,51.213218688964844,87.35906219482422,23.98353385925293,77.2534408569336,174.7282257080078,50.656803131103516,113.11650085449219,93.8167724609375,105.01883697509766,47.728858947753906,56.18690490722656,38.09858322143555,42.32746124267578,4.623258113861084,26.469135284423828,103.41871643066406,67.79832458496094,37.645301818847656,66.07467651367188,38.72361755371094,196.96534729003906,38.29160690307617,66.09020233154297,39.130584716796875,24.46026611328125,23.94866943359375,76.19206237792969,58.45938491821289,77.56999969482422,27.68000030517578,177.47000122070312,205.91000366210938,31.86199951171875,30.030000686645508,45.52000045776367,69.66999816894531,65.9000015258789,119.86000061035156,33.54999923706055,103.87000274658203,205.91000366210938,58.4900016784668,137.52000427246094,113.45999908447266,115.19999694824219,59.810001373291016,69.83778381347656,47.54999923706055,43.400001525878906,4.65749979019165,37.362430572509766,133.19000244140625,79.88999938964844,45.560001373291016,70.5633316040039,45.400001525878906,221.75,51.209999084472656,88.04000091552734,47.58000183105469,33.595001220703125,27.34000015258789,85.91999816894531,81.12999725341797,78.20999908447266,27.8799991607666,183.49000549316406,207.02999877929688,32.244998931884766,30.15999984741211,46.130001068115234,70.38999938964844,66.38999938964844,120.81999969482422,33.81999969482422,104.29000091552734,207.86000061035156,58.880001068115234,140.24000549316406,114.94999694824219,116.6500015258789,60.81999969482422,70.65839385986328,48.13999938964844,43.529998779296875,4.723249912261963,37.88425064086914,134.41000366210938,80.19999694824219,48.880001068115234,70.76333618164062,45.63999938964844,223.0,51.47999954223633,89.70999908447266,47.869998931884766,33.89500045776367,27.450000762939453,86.44999694824219,81.83000183105469,76.80999755859375,27.34000015258789,176.85000610351562,204.5800018310547,31.81599998474121,29.81999969482422,45.029998779296875,69.62000274658203,65.5199966430664,119.0999984741211,33.13999938964844,101.5199966430664,205.14999389648438,58.119998931884766,135.75,113.33000183105469,114.13999938964844,59.689998626708984,68.9217529296875,47.290000915527344,42.790000915527344,4.629499912261963,36.45161437988281,132.75999450683594,78.0199966430664,45.5099983215332,70.22666931152344,44.0,214.2100067138672,50.43000030517578,87.80999755859375,47.119998931884766,33.5099983215332,27.299999237060547,84.6500015258789,81.06999969482422,78.05999755859375,27.600000381469727,183.24000549316406,206.0500030517578,32.104000091552734,29.950000762939453,46.04999923706055,70.01000213623047,65.94000244140625,120.5199966430664,33.27000045776367,101.94999694824219,207.08999633789062,58.709999084472656,139.35000610351562,114.52999877929688,116.2300033569336,60.25,70.114501953125,47.790000915527344,43.20000076293945,4.689000129699707,37.88425064086914,133.75,78.72000122070312,48.130001068115234,70.66666412353516,44.060001373291016,217.13999938964844,50.61000061035156,89.44000244140625,47.439998626708984,33.849998474121094,27.3700008392334,86.04000091552734,81.55999755859375,7784900,39880900,8266600,1007900,26548000,61796600,23633800,13513800,6033400,9546500,7864600,3307000,2874300,20464200,10485300,12501900,9805800,6363800,32768445,19906500,16193600,380988000,50579774,2392400,41621200,15721600,1083900,16569800,13927200,8816300,2670000,22416800,19519000,52495700,35300900,9493900
2019-04-22,58.201881408691406,28.18000030517578,141.33619689941406,190.9471435546875,26.27585220336914,25.345077514648438,34.73614501953125,53.85737228393555,52.03697967529297,88.8459243774414,25.134450912475586,79.63343048095703,173.61660766601562,50.94261169433594,113.37147521972656,93.93254089355469,105.26495361328125,48.78223419189453,56.39418411254883,37.8902702331543,42.32746124267578,4.6771111488342285,26.20027732849121,103.96222686767578,69.5634994506836,37.88491439819336,66.02474212646484,38.51036834716797,201.72625732421875,38.28413391113281,68.42483520507812,38.86741256713867,24.977210998535156,23.878591537475586,76.23640441894531,59.734779357910156,78.1500015258789,28.18000030517578,176.36000061035156,205.50999450683594,31.5,30.049999237060547,45.2400016784668,69.08999633789062,66.95999908447266,121.9000015258789,35.15999984741211,107.06999969482422,204.60000610351562,58.81999969482422,137.8300018310547,113.5999984741211,115.47000122070312,61.130001068115234,70.09542083740234,47.290000915527344,43.400001525878906,4.711750030517578,36.9829216003418,133.88999938964844,81.97000122070312,45.849998474121094,70.51000213623047,45.150001525878906,227.11000061035156,51.20000076293945,91.1500015258789,47.2599983215332,34.30500030517578,27.260000228881836,85.97000122070312,82.9000015258789,79.0999984741211,28.229999542236328,177.57000732421875,205.8699951171875,31.788999557495117,30.100000381469727,45.650001525878906,69.70999908447266,67.30000305175781,122.01000213623047,35.220001220703125,107.30000305175781,205.58999633789062,58.83000183105469,138.49000549316406,113.93000030517578,115.56999969482422,61.400001525878906,70.42938995361328,47.45000076293945,43.56999969482422,4.727499961853027,37.476280212402344,134.35000610351562,82.5,46.18000030517578,70.71333312988281,45.15999984741211,227.55999755859375,51.70000076293945,91.36000061035156,47.5,34.33000183105469,27.34000015258789,86.47000122070312,83.22000122070312,77.5,27.389999389648438,174.8699951171875,203.72999572753906,31.420000076293945,29.780000686645508,44.900001525878906,69.01000213623047,66.33000183105469,120.44999694824219,33.5,104.63999938964844,204.13999938964844,57.880001068115234,136.4600067138672,112.66000366210938,113.6500015258789,60.27000045776367,69.40839385986328,46.97999954223633,42.529998779296875,4.6020002365112305,36.821632385253906,132.47999572753906,79.33999633789062,45.209999084472656,69.91666412353516,44.59000015258789,221.5,50.880001068115234,88.51000213623047,47.099998474121094,33.810001373291016,27.170000076293945,85.51000213623047,81.63999938964844,77.5999984741211,27.6200008392334,177.10000610351562,204.6199951171875,31.73200035095215,29.93000030517578,45.34000015258789,69.58000183105469,66.69999694824219,120.77999877929688,34.099998474121094,105.25,205.1199951171875,58.150001525878906,136.97999572753906,112.83000183105469,115.04000091552734,60.36000061035156,69.80915832519531,47.369998931884766,43.13999938964844,4.633749961853027,37.03036117553711,133.27999877929688,79.83000183105469,45.63999938964844,70.34333038330078,44.790000915527344,224.0,51.11000061035156,88.58000183105469,47.40999984741211,33.904998779296875,27.260000228881836,85.77999877929688,81.87000274658203,5358600,36477300,3215800,357500,13504000,34763400,15747900,13195600,9061600,7946200,10513100,3886000,1591400,12327500,4666500,7975900,7519700,6186600,14548441,7042100,19447900,279936000,31018904,1469800,33292500,7901000,912300,10872000,11191800,8049600,3063000,15972600,28329400,39324100,18717700,10770600
2019-04-23,58.581695556640625,27.969999313354492,144.06092834472656,190.74273681640625,26.329233169555664,25.36194610595703,34.797569274902344,53.943115234375,51.640647888183594,88.9333724975586,24.734130859375,79.28386688232422,173.2262725830078,50.90797424316406,115.07412719726562,94.04830932617188,107.10643768310547,48.72637176513672,57.26934051513672,37.938350677490234,41.71302795410156,4.731705188751221,26.49602508544922,104.20293426513672,73.59455871582031,37.91798400878906,66.70519256591797,38.74066162109375,204.80844116210938,38.6505241394043,67.771728515625,38.94142150878906,24.937162399291992,24.027503967285156,77.44242858886719,60.080650329589844,78.66000366210938,27.969999313354492,179.75999450683594,205.2899932861328,31.56399917602539,30.06999969482422,45.31999969482422,69.19999694824219,66.44999694824219,122.0199966430664,34.599998474121094,106.5999984741211,204.13999938964844,58.779998779296875,139.89999389648438,113.73999786376953,117.48999786376953,61.060001373291016,71.1832046508789,47.349998474121094,42.77000045776367,4.766749858856201,37.4003791809082,134.1999969482422,86.72000122070312,45.88999938964844,71.23666381835938,45.41999816894531,230.5800018310547,51.689998626708984,90.27999877929688,47.349998474121094,34.25,27.43000030517578,87.33000183105469,83.37999725341797,79.66000366210938,28.489999771118164,180.64999389648438,206.11000061035156,31.80900001525879,30.209999084472656,45.540000915527344,69.30000305175781,67.41999816894531,122.27999877929688,35.38999938964844,107.88999938964844,205.19000244140625,58.97999954223633,140.85000610351562,114.37000274658203,117.88999938964844,61.52000045776367,71.80343627929688,47.45000076293945,43.470001220703125,4.798250198364258,37.609107971191406,134.74000549316406,87.95999908447266,46.09000015258789,71.5,45.41999816894531,231.94000244140625,51.810001373291016,91.5199966430664,47.439998626708984,34.404998779296875,27.459999084472656,87.79000091552734,83.48999786376953,77.75,27.790000915527344,175.75,204.02999877929688,31.41900062561035,29.920000076293945,44.95000076293945,68.37999725341797,66.43000030517578,121.3499984741211,34.439998626708984,105.37000274658203,202.74000549316406,58.5,137.25,112.8499984741211,115.43000030517578,60.38999938964844,70.03816986083984,46.849998474121094,42.720001220703125,4.715250015258789,36.88804626464844,131.72000122070312,83.2699966430664,45.27000045776367,70.73666381835938,45.060001373291016,226.10000610351562,50.68000030517578,89.72000122070312,46.95000076293945,34.025001525878906,27.139999389648438,85.79000091552734,82.68000030517578,78.1500015258789,28.18000030517578,176.94000244140625,204.11000061035156,31.676000595092773,29.989999771118164,45.34000015258789,68.83999633789062,66.98999786376953,121.7300033569336,35.27000045776367,106.97000122070312,204.25,58.88999938964844,137.4199981689453,113.0,116.04000091552734,61.290000915527344,70.32442474365234,47.09000015258789,43.369998931884766,4.724999904632568,37.08728790283203,133.41000366210938,83.9000015258789,45.66999816894531,70.90333557128906,45.150001525878906,228.25,51.06999969482422,91.43000030517578,47.20000076293945,34.33000183105469,27.25,85.94000244140625,83.19000244140625,9920600,41777500,3471700,438200,19777000,41889700,14386000,13205000,8133500,9079200,6277600,4242000,2120900,17739900,5790500,9193100,5891500,6804700,19281523,8163700,21489400,346856000,26672102,3319000,56973700,8539400,2014800,11437500,10261400,7165000,4232500,16434300,20424400,54250300,30503400,10595100
2019-04-24,58.589141845703125,28.459999084472656,142.89085388183594,190.85426330566406,26.219968795776367,25.31977653503418,34.26009750366211,53.654693603515625,50.280643463134766,86.20751190185547,24.655500411987305,77.30548095703125,170.17140197753906,50.85600662231445,114.49838256835938,93.89118957519531,107.57135772705078,47.481483459472656,57.369140625,37.96237564086914,41.96659851074219,4.744115352630615,26.462417602539062,104.17963409423828,73.68791961669922,36.55462646484375,67.32318878173828,38.732139587402344,204.6041259765625,38.643043518066406,65.85749816894531,39.04833984375,24.50031280517578,24.001218795776367,77.35376739501953,58.91334915161133,78.66999816894531,28.459999084472656,178.3000030517578,205.41000366210938,31.433000564575195,30.020000457763672,44.619998931884766,68.83000183105469,64.69999694824219,118.27999877929688,34.4900016784668,103.94000244140625,200.5399932861328,58.720001220703125,139.1999969482422,113.55000305175781,118.0,59.5,71.3072509765625,47.380001068115234,43.029998779296875,4.779250144958496,37.35293960571289,134.1699981689453,86.83000183105469,44.2400016784668,71.89666748046875,45.40999984741211,230.35000610351562,51.68000030517578,87.7300033569336,47.47999954223633,33.650001525878906,27.399999618530273,87.2300033569336,81.76000213623047,79.58999633789062,28.850000381469727,180.8300018310547,207.80999755859375,31.701000213623047,30.170000076293945,45.54999923706055,69.22000122070312,67.0,121.43000030517578,35.16999816894531,107.58000183105469,203.52000427246094,59.290000915527344,140.13999938964844,114.1500015258789,118.43000030517578,61.349998474121094,71.66984558105469,47.61000061035156,43.400001525878906,4.820250034332275,37.609107971191406,134.74000549316406,88.62999725341797,45.810001373291016,72.66666412353516,45.59000015258789,231.6300048828125,52.0,90.43000030517578,47.689998626708984,34.29999923706055,27.520000457763672,87.54000091552734,83.08000183105469,78.44000244140625,27.93000030517578,178.25999450683594,205.1999969482422,31.319000244140625,29.850000381469727,44.61000061035156,68.4000015258789,64.69000244140625,118.08999633789062,34.33000183105469,103.83000183105469,199.72999572753906,58.13999938964844,138.86000061035156,112.80999755859375,117.2300033569336,59.459999084472656,70.59160614013672,47.04999923706055,42.380001068115234,4.716000080108643,37.15370178222656,132.86000061035156,85.30000305175781,44.2400016784668,71.25333404541016,44.939998626708984,227.75,51.380001068115234,87.61000061035156,47.029998779296875,33.6349983215332,27.280000686645508,86.83999633789062,81.7300033569336,79.2300033569336,28.100000381469727,180.13999938964844,205.55999755859375,31.45800018310547,29.950000762939453,45.5099983215332,68.98999786376953,67.0,121.3499984741211,34.88999938964844,107.5,203.0,58.52000045776367,139.64999389648438,113.26000213623047,118.29000091552734,61.04999923706055,71.3072509765625,47.130001068115234,42.81999969482422,4.777249813079834,37.476280212402344,133.85000610351562,87.04000091552734,45.720001220703125,71.28333282470703,45.08000183105469,230.08999633789062,51.47999954223633,90.43000030517578,47.060001373291016,34.279998779296875,27.34000015258789,87.36000061035156,83.01000213623047,7056400,51784700,2711600,485700,23335000,40078100,15062000,9699900,7624600,22115000,7331900,3599200,4606100,17723700,5676300,9245700,4254100,7056500,12779102,9042500,19637000,318204000,21196994,1681400,40290400,8941800,2025900,10776800,6104100,5567500,5046400,17831800,22038200,39505200,14612800,11684000
2019-04-25,59.0881233215332,27.65999984741211,144.63792419433594,191.59756469726562,26.01059341430664,25.370380401611328,35.043270111083984,53.57673645019531,49.71333694458008,85.9305419921875,23.97638511657715,75.92210388183594,170.90118408203125,49.89466094970703,114.86847686767578,93.9407958984375,107.78103637695312,48.39918899536133,58.60512924194336,37.8902702331543,41.69353103637695,4.638397216796875,26.623735427856445,104.2340087890625,72.1943130493164,35.777923583984375,66.1402359008789,37.938899993896484,204.9949493408203,38.7626838684082,68.1845932006836,39.07301330566406,24.42386245727539,24.045024871826172,78.15184020996094,59.24479675292969,79.33999633789062,27.65999984741211,180.47999572753906,206.2100067138672,31.18199920654297,30.079999923706055,45.63999938964844,68.7300033569336,63.970001220703125,117.9000015258789,33.540000915527344,102.08000183105469,201.39999389648438,57.61000061035156,139.64999389648438,113.61000061035156,118.2300033569336,60.650001525878906,72.84351348876953,47.290000915527344,42.75,4.672749996185303,37.58064651489258,134.24000549316406,85.06999969482422,43.29999923706055,70.63333129882812,44.47999954223633,230.7899932861328,51.84000015258789,90.83000183105469,47.5099983215332,33.54499816894531,27.450000762939453,88.12999725341797,82.22000122070312,80.47000122070312,28.860000610351562,181.02000427246094,207.30999755859375,31.295000076293945,30.31999969482422,45.75,69.18000030517578,64.6500015258789,118.69999694824219,34.4900016784668,104.12999725341797,202.55999755859375,58.380001068115234,139.77000427246094,114.1500015258789,118.68000030517578,61.470001220703125,73.30152893066406,47.7400016784668,44.650001525878906,4.761250019073486,37.78937530517578,135.27000427246094,86.31999969482422,44.189998626708984,71.76000213623047,45.040000915527344,232.1199951171875,52.060001373291016,92.69999694824219,47.959999084472656,33.81999969482422,27.559999465942383,88.38999938964844,82.83999633789062,76.91000366210938,27.360000610351562,175.9199981689453,204.02000427246094,30.656999588012695,29.899999618530273,44.540000915527344,68.1500015258789,63.93000030517578,117.4000015258789,33.5099983215332,102.0199966430664,199.10000610351562,57.22999954223633,137.9600067138672,112.5,116.75,59.54999923706055,71.04962158203125,47.0099983215332,42.689998626708984,4.59250020980835,37.16318893432617,133.0399932861328,84.5199966430664,43.16999816894531,70.0433349609375,44.43000030517578,228.1300048828125,51.25,87.6500015258789,46.90999984741211,33.470001220703125,27.200000762939453,86.68000030517578,81.4000015258789,80.05000305175781,28.670000076293945,177.0800018310547,206.86000061035156,31.295000076293945,29.90999984741211,45.04999923706055,68.55999755859375,64.62999725341797,118.05000305175781,34.31999969482422,103.9800033569336,199.6999969482422,58.29999923706055,138.52000427246094,113.01000213623047,117.75,59.7599983215332,71.16412353515625,47.209999084472656,43.619998931884766,4.738749980926514,37.23908996582031,133.3300018310547,86.16999816894531,44.150001525878906,71.65666961669922,44.93000030517578,228.52999877929688,51.349998474121094,87.75,47.16999816894531,33.64500045776367,27.270000457763672,87.04000091552734,81.6500015258789,10442900,57329700,2453700,756700,26732000,43243800,17288000,8913600,7305000,10636400,6210000,4090800,2075300,27949900,5218100,9311800,3425000,6554000,13994154,5585900,28346200,499296000,18130065,1335700,20732200,9404900,2073300,10149800,5954500,5146300,6312000,23042800,24121800,44532300,16166400,11135000
2019-04-26,59.35623550415039,27.8799991607666,145.4313507080078,194.7710723876953,25.89297866821289,25.598106384277344,35.2352294921875,54.18477249145508,48.78855514526367,85.34745025634766,23.368751525878906,72.79837036132812,172.3267822265625,45.408390045166016,115.4771957397461,94.65192413330078,109.27609252929688,48.19169235229492,58.82775115966797,38.371009826660156,41.0595817565918,4.419518947601318,26.865705490112305,105.67047119140625,73.52667999267578,35.777923583984375,65.59400177001953,37.47831726074219,210.51089477539062,39.13655471801758,67.62161254882812,39.44310760498047,24.10713768005371,24.264007568359375,78.93223571777344,57.99821853637695,79.69999694824219,27.8799991607666,181.47000122070312,207.1999969482422,31.041000366210938,30.350000381469727,45.88999938964844,69.51000213623047,62.779998779296875,117.0999984741211,32.689998626708984,97.87999725341797,203.0800018310547,52.43000030517578,140.38999938964844,114.47000122070312,119.87000274658203,60.38999938964844,73.12023162841797,47.88999938964844,42.099998474121094,4.452250003814697,37.92219924926758,136.08999633789062,86.63999938964844,43.29999923706055,70.05000305175781,43.939998626708984,237.0,52.34000015258789,90.08000183105469,47.959999084472656,33.11000061035156,27.700000762939453,89.01000213623047,80.48999786376953,80.6500015258789,27.899999618530273,181.85000610351562,207.25999450683594,31.094999313354492,30.389999389648438,46.150001525878906,69.58000183105469,63.650001525878906,118.5,33.33000183105469,102.13999938964844,203.1199951171875,53.09000015258789,140.52000427246094,114.58000183105469,119.91999816894531,61.16999816894531,73.46373748779297,47.91999816894531,42.279998779296875,4.522250175476074,37.94117736816406,136.10000610351562,86.76000213623047,43.470001220703125,70.08333587646484,44.0,237.11000061035156,52.349998474121094,90.63999938964844,47.97999954223633,33.310001373291016,27.719999313354492,89.04000091552734,80.62999725341797,79.4000015258789,27.049999237060547,180.02999877929688,203.17999267578125,30.51099967956543,30.049999237060547,45.2599983215332,68.51000213623047,62.08000183105469,115.6500015258789,32.2599983215332,97.08000183105469,200.32000732421875,51.52000045776367,139.30999755859375,113.5999984741211,118.66999816894531,60.0,72.60496520996094,47.22999954223633,40.77000045776367,4.332499980926514,37.4288444519043,134.00999450683594,84.20999908447266,42.459999084472656,68.6066665649414,43.31999969482422,231.19000244140625,51.70000076293945,89.01000213623047,47.400001525878906,32.81999969482422,27.40999984741211,88.05999755859375,79.55999755859375,79.66999816894531,27.65999984741211,180.6999969482422,204.8699951171875,30.915000915527344,30.170000076293945,46.08000183105469,68.9000015258789,63.58000183105469,118.4000015258789,33.15999984741211,101.47000122070312,201.72999572753906,52.7400016784668,139.8800048828125,113.94999694824219,118.83000183105469,60.290000915527344,73.12976837158203,47.400001525878906,41.4900016784668,4.517749786376953,37.637569427490234,134.00999450683594,84.51000213623047,42.95000076293945,69.29000091552734,43.650001525878906,232.13999938964844,51.90999984741211,90.27999877929688,47.52000045776367,33.29999923706055,27.450000762939453,88.25,80.2699966430664,5790000,48827900,2445400,637900,16404000,40627500,13671800,10692700,9216800,11626700,4967900,4380400,1543100,72364500,4613600,7889300,3372500,6244500,8888193,7661100,26092400,868988000,20053193,1337100,18860600,8527500,3381000,12745000,6186200,5082900,3008000,13035500,33676800,41527900,11321700,18053500
2019-04-29,59.80308151245117,27.690000534057617,145.19093322753906,194.0284423828125,26.085668563842773,25.952342987060547,35.565391540527344,55.369651794433594,48.687522888183594,85.79936218261719,23.390195846557617,72.14385986328125,175.5852813720703,44.26516342163086,115.02478790283203,96.01624298095703,109.02996063232422,48.67050552368164,58.94289016723633,39.072479248046875,41.0693359375,4.450290203094482,26.610286712646484,106.38484191894531,74.04436492919922,35.88533020019531,65.5159912109375,37.384490966796875,210.91058349609375,39.63005828857422,67.26126098632812,39.69804382324219,24.08530044555664,24.509279251098633,78.79033660888672,57.623531341552734,80.30000305175781,27.690000534057617,181.1699981689453,206.41000366210938,31.27199935913086,30.770000457763672,46.31999969482422,71.02999877929688,62.650001525878906,117.72000122070312,32.720001220703125,97.0,206.9199981689453,51.11000061035156,139.83999633789062,116.12000274658203,119.5999984741211,60.9900016784668,73.26335906982422,48.459999084472656,42.11000061035156,4.483250141143799,37.561668395996094,137.00999450683594,87.25,43.43000030517578,69.96666717529297,43.83000183105469,237.4499969482422,53.0,89.5999984741211,48.27000045776367,33.08000183105469,27.979999542236328,88.8499984741211,79.97000122070312,80.9800033569336,28.139999389648438,182.47000122070312,207.25999450683594,31.466999053955078,31.170000076293945,46.779998779296875,71.94000244140625,63.119998931884766,118.11000061035156,33.15999984741211,98.45999908447266,208.0,52.43000030517578,140.42999267578125,117.16000366210938,120.01000213623047,61.369998931884766,73.64503479003906,48.66999816894531,42.61000061035156,4.511250019073486,37.96963882446289,138.0800018310547,87.9800033569336,44.369998931884766,70.22666931152344,43.91999816894531,238.05999755859375,53.33000183105469,90.41999816894531,48.790000915527344,33.2599983215332,28.1299991607666,89.19999694824219,80.37999725341797,79.91000366210938,27.5,179.58999633789062,205.05999755859375,31.04400062561035,30.40999984741211,45.77000045776367,69.58000183105469,62.36000061035156,116.69999694824219,32.470001220703125,96.69999694824219,203.27000427246094,51.0,139.5800018310547,114.44999694824219,119.25,60.27000045776367,72.97709655761719,47.75,41.72999954223633,4.387499809265137,37.561668395996094,136.17999267578125,85.83999633789062,43.25,69.63333129882812,43.58000183105469,234.16000366210938,52.34000015258789,89.12000274658203,47.959999084472656,33.01499938964844,27.729999542236328,88.47000122070312,79.66000366210938,80.45999908447266,27.899999618530273,181.4499969482422,205.91000366210938,31.124000549316406,30.43000030517578,45.779998779296875,69.69000244140625,62.77000045776367,117.01000213623047,32.529998779296875,98.0,203.5,52.16999816894531,140.35000610351562,114.5999984741211,119.9000015258789,60.5,73.08206176757812,47.849998474121094,42.130001068115234,4.460249900817871,37.92219924926758,136.8000030517578,86.4000015258789,43.34000015258789,70.08333587646484,43.849998474121094,237.39999389648438,52.45000076293945,90.19999694824219,47.970001220703125,33.119998931884766,27.799999237060547,89.04000091552734,80.12000274658203,6444500,44532700,2662500,365800,13404000,68408600,15735800,16491400,6769300,9404000,4900200,3512000,2997000,42142300,4275200,14242200,4097200,4506800,7395317,9702200,13452800,391920000,23229001,1151900,17930000,8927300,2680200,9272100,5345300,5613100,2661700,16918700,25949000,61643200,13264400,10023700
2019-04-30,59.1253662109375,27.6299991607666,143.70835876464844,196.2938690185547,26.559467315673828,25.792095184326172,35.649845123291016,55.11240768432617,49.05276870727539,87.50483703613281,22.9755802154541,71.43728637695312,174.7367401123047,44.20454406738281,116.14346313476562,95.95838165283203,106.69622039794922,48.574745178222656,60.42454147338867,38.903160095214844,41.02058410644531,4.491733551025391,27.295875549316406,106.32272338867188,73.0938491821289,35.26563262939453,66.03411865234375,37.37596130371094,207.02017211914062,39.86932373046875,68.0569839477539,39.81318664550781,24.067096710205078,24.544315338134766,79.1539306640625,57.84689712524414,79.38999938964844,27.6299991607666,179.32000732421875,208.82000732421875,31.84000015258789,30.579999923706055,46.43000030517578,70.69999694824219,63.119998931884766,120.05999755859375,32.13999938964844,96.05000305175781,205.9199981689453,51.040000915527344,141.1999969482422,116.05000305175781,117.04000091552734,60.869998931884766,75.10496520996094,48.25,42.060001373291016,4.525000095367432,38.52941131591797,136.92999267578125,86.12999725341797,42.68000030517578,70.5199966430664,43.81999969482422,233.07000732421875,53.31999969482422,90.66000366210938,48.40999984741211,33.05500030517578,28.020000457763672,89.26000213623047,80.27999877929688,80.69000244140625,27.799999237060547,182.0399932861328,209.00999450683594,31.841999053955078,30.8799991607666,46.58000183105469,71.33000183105469,63.970001220703125,121.91999816894531,33.220001220703125,98.37999725341797,207.99000549316406,51.43000030517578,141.4499969482422,116.72000122070312,117.13999938964844,62.20000076293945,75.28626251220703,48.619998931884766,42.36000061035156,4.550749778747559,39.07020950317383,137.4199981689453,87.45999908447266,43.900001525878906,70.63999938964844,43.939998626708984,238.0800018310547,53.380001068115234,91.37999725341797,48.560001373291016,33.42499923706055,28.059999465942383,89.43000030517578,80.52999877929688,78.68000030517578,26.940000534057617,177.8800048828125,206.2899932861328,31.253000259399414,30.40999984741211,46.0,70.22000122070312,62.54999923706055,119.6500015258789,31.719999313354492,94.97000122070312,204.14999389648438,50.869998931884766,138.9600067138672,115.26000213623047,114.91000366210938,60.81999969482422,72.51908111572266,47.86000061035156,41.58000183105469,4.43149995803833,37.76091003417969,135.6699981689453,86.05000305175781,42.38999938964844,69.8066635131836,43.2599983215332,230.19000244140625,52.849998474121094,89.73999786376953,48.11000061035156,33.01499938964844,27.780000686645508,88.4800033569336,79.93000030517578,80.68000030517578,27.59000015258789,181.6300048828125,206.63999938964844,31.332000732421875,30.799999237060547,46.47999954223633,71.0199966430664,63.54999923706055,121.0999984741211,33.119998931884766,97.98999786376953,206.94000244140625,51.0,140.19000244140625,116.43000030517578,116.61000061035156,61.47999954223633,74.00763702392578,48.5,41.86000061035156,4.45074987411499,38.330169677734375,136.92999267578125,86.9800033569336,43.86000061035156,69.8066635131836,43.400001525878906,238.0800018310547,53.130001068115234,89.76000213623047,48.349998474121094,33.400001525878906,28.020000457763672,89.11000061035156,80.37000274658203,9367400,73165900,3963000,337500,18953000,47764200,14162500,11122000,9358300,21431500,7090500,3804600,1833000,27130900,6003700,11389100,7548300,5005400,11269039,8104600,16342700,362920000,34360400,1432400,17582400,12163700,3088800,11863900,7632300,5947500,3049000,18525100,28654000,38800300,11750900,13721500
2019-05-01,58.75298309326172,26.809999465942383,141.15982055664062,194.00965881347656,26.601173400878906,25.522192001342773,35.76503372192383,54.53554916381836,48.703060150146484,85.86495208740234,22.761123657226562,68.34330749511719,173.7269287109375,43.96204376220703,116.76036071777344,95.22245788574219,107.73545837402344,47.840576171875,60.43221664428711,38.354881286621094,40.864532470703125,4.478580951690674,27.403423309326172,104.98721313476562,73.29753112792969,34.18319320678711,65.50663757324219,37.37596130371094,206.02529907226562,39.712310791015625,67.3888931274414,39.66515350341797,23.586557388305664,24.34284782409668,79.01203155517578,56.68680953979492,78.88999938964844,26.809999465942383,176.13999938964844,206.38999938964844,31.889999389648438,30.260000228881836,46.58000183105469,69.95999908447266,62.66999816894531,117.80999755859375,31.84000015258789,91.88999938964844,204.72999572753906,50.7599983215332,141.9499969482422,115.16000366210938,118.18000030517578,59.95000076293945,75.114501953125,47.56999969482422,41.900001525878906,4.511750221252441,38.68121337890625,135.2100067138672,86.37000274658203,41.369998931884766,69.9566650390625,43.81999969482422,231.9499969482422,53.11000061035156,89.7699966430664,48.22999954223633,32.39500045776367,27.790000915527344,89.0999984741211,78.66999816894531,79.68000030517578,29.149999618530273,178.5,210.8699951171875,32.31999969482422,30.889999389648438,49.810001373291016,71.16999816894531,64.52999877929688,120.13999938964844,33.189998626708984,96.5,208.41000366210938,51.599998474121094,142.35000610351562,117.0,119.52999877929688,61.72999954223633,76.0782470703125,48.619998931884766,42.93000030517578,4.620250225067139,38.82352828979492,138.0399932861328,88.22000122070312,42.88999938964844,71.52666473388672,44.560001373291016,234.6199951171875,53.72999954223633,91.83000183105469,48.849998474121094,33.165000915527344,28.139999389648438,89.7300033569336,80.26000213623047,78.61000061035156,26.780000686645508,171.25,206.3699951171875,31.868999481201172,30.18000030517578,45.849998474121094,69.73999786376953,62.66999816894531,117.76000213623047,31.299999237060547,91.86000061035156,204.02999877929688,50.7400016784668,139.75,115.11000061035156,116.55999755859375,59.95000076293945,74.83778381347656,47.40999984741211,41.88999938964844,4.511499881744385,38.11195373535156,134.8800048828125,86.1500015258789,41.34000015258789,69.87999725341797,43.81999969482422,230.35000610351562,52.880001068115234,89.7300033569336,47.9900016784668,32.369998931884766,27.770000457763672,88.5999984741211,78.62000274658203,79.5999984741211,28.950000762939453,175.39999389648438,209.9199981689453,32.04999923706055,30.559999465942383,46.31999969482422,70.68000030517578,63.72999954223633,119.80000305175781,33.0,95.83999633789062,206.39999389648438,51.099998474121094,140.9499969482422,115.72000122070312,117.05000305175781,61.099998474121094,75.08587646484375,48.20000076293945,42.43000030517578,4.577750205993652,38.51043701171875,136.72000122070312,87.16999816894531,42.630001068115234,71.10333251953125,44.290000915527344,233.07000732421875,53.27000045776367,90.97000122070312,48.31999969482422,33.064998626708984,28.049999237060547,89.37999725341797,79.94000244140625,5231700,136066900,6109100,391200,18158000,56161000,18282300,13261700,12032000,10097000,13692400,5186600,1981800,20467600,6656300,10412900,5392100,4991300,15288643,9056300,17673300,354280000,20703406,1264400,28211500,10523300,4019100,7319000,4823200,5558900,3881300,17542100,44311400,67969500,25596400,13909800
2019-05-02,58.44020080566406,28.290000915527344,141.44839477539062,193.5772247314453,26.34425163269043,25.724618911743164,35.995361328125,54.84736251831055,47.630611419677734,84.82269287109375,22.103450775146484,66.32030487060547,173.9475860595703,43.7801628112793,116.20928192138672,95.42918395996094,107.99070739746094,46.83509063720703,61.04636001586914,38.54838943481445,41.50822448730469,4.546082019805908,27.564733505249023,105.55400848388672,73.95100402832031,33.97661590576172,66.1371078491211,37.87066650390625,206.4694061279297,39.764652252197266,66.24785614013672,39.72270965576172,23.17518424987793,24.369125366210938,79.34901428222656,55.69242858886719,78.47000122070312,28.290000915527344,176.5,205.92999267578125,31.582000732421875,30.5,46.880001068115234,70.36000061035156,61.290000915527344,116.37999725341797,30.920000076293945,89.16999816894531,204.99000549316406,50.54999923706055,141.27999877929688,115.41000366210938,118.45999908447266,58.689998626708984,75.87786102294922,47.810001373291016,42.560001373291016,4.579750061035156,38.90891647338867,135.94000244140625,87.13999938964844,41.119998931884766,70.62999725341797,44.400001525878906,232.4499969482422,53.18000030517578,88.25,48.29999923706055,31.829999923706055,27.81999969482422,89.4800033569336,77.29000091552734,78.77999877929688,28.639999389648438,178.3000030517578,207.47999572753906,32.21900177001953,30.559999465942383,47.06999969482422,70.4800033569336,63.310001373291016,118.4800033569336,32.0,92.1500015258789,206.22000122070312,51.33000183105469,142.14999389648438,115.77999877929688,118.56999969482422,60.599998474121094,76.17366027832031,48.029998779296875,43.20000076293945,4.6217498779296875,38.91840744018555,136.72000122070312,90.33999633789062,41.54999923706055,71.40666961669922,44.470001220703125,233.33999633789062,53.529998779296875,90.75,48.4900016784668,32.3849983215332,27.950000762939453,89.56999969482422,78.5,77.5999984741211,26.610000610351562,174.3000030517578,204.08999633789062,31.42300033569336,30.149999618530273,46.5099983215332,69.4800033569336,61.279998779296875,116.27999877929688,30.6299991607666,89.06999969482422,203.1199951171875,50.119998931884766,140.1199951171875,114.58000183105469,116.86000061035156,58.18000030517578,75.0095443725586,47.400001525878906,41.630001068115234,4.478000164031982,38.50094985961914,135.39999389648438,86.1500015258789,40.66999816894531,69.75333404541016,43.75,228.0800018310547,52.79999923706055,87.63999938964844,47.849998474121094,31.815000534057617,27.6200008392334,88.5,77.23999786376953,78.7300033569336,26.940000534057617,176.05999755859375,206.5399932861328,31.99799919128418,30.260000228881836,46.779998779296875,69.73999786376953,62.20000076293945,117.27999877929688,31.170000076293945,91.12999725341797,204.42999267578125,50.79999923706055,141.91000366210938,115.16999816894531,118.44000244140625,60.029998779296875,75.0095443725586,47.66999816894531,42.0,4.521500110626221,38.71916580200195,135.5399932861328,87.5,40.97999954223633,69.91666412353516,43.86000061035156,230.89999389648438,53.209999084472656,89.75,48.349998474121094,32.189998626708984,27.770000457763672,89.01000213623047,78.27999877929688,5206300,100514800,3014000,405500,20428000,40634100,12676400,12186700,12614200,9495600,9268800,5145900,1514700,22655400,8835600,8613300,4168800,6849500,11579142,7680500,17046800,394684000,20471210,1235900,40342000,9108300,3420000,10717200,5499200,4589300,5084700,16883000,56066000,50972900,18927500,15360400
2019-05-03,58.618934631347656,28.219999313354492,142.09747314453125,196.1622772216797,26.33507537841797,25.9017391204834,37.33136749267578,55.4436149597168,48.19015884399414,85.47137451171875,22.346498489379883,67.60697937011719,176.0944366455078,44.81945037841797,116.80972290039062,96.01624298095703,106.57771301269531,47.84855651855469,61.41484451293945,38.749969482421875,42.25920104980469,4.5416154861450195,27.820154190063477,106.45471954345703,75.77558898925781,34.10883712768555,66.65524291992188,38.13508987426758,206.02529907226562,39.988975524902344,66.39047241210938,40.01056671142578,23.38996696472168,24.588117599487305,79.9520263671875,55.82212448120117,78.70999908447266,28.219999313354492,177.30999755859375,208.67999267578125,31.570999145507812,30.709999084472656,48.619998931884766,70.66999816894531,62.0099983215332,117.2699966430664,31.260000228881836,90.9000015258789,207.52000427246094,51.75,142.00999450683594,116.12000274658203,116.91000366210938,59.959999084472656,76.33587646484375,48.060001373291016,43.33000183105469,4.575250148773193,39.26945114135742,137.10000610351562,89.29000091552734,41.279998779296875,71.18333435058594,44.709999084472656,231.9499969482422,53.47999954223633,88.44000244140625,48.650001525878906,32.125,28.06999969482422,90.16000366210938,77.47000122070312,78.80000305175781,28.420000076293945,177.77000427246094,208.69000244140625,31.665000915527344,30.799999237060547,48.79999923706055,70.9800033569336,62.880001068115234,118.55000305175781,31.450000762939453,93.62000274658203,208.75,51.81999969482422,142.08999633789062,116.68000030517578,118.44000244140625,60.18000030517578,76.46946716308594,48.4900016784668,43.380001068115234,4.598249912261963,39.37381362915039,137.47000122070312,89.81999969482422,41.810001373291016,71.19999694824219,45.13999938964844,233.89999389648438,53.779998779296875,89.66000366210938,48.77000045776367,32.380001068115234,28.1200008392334,90.19000244140625,78.20999908447266,78.25,27.65999984741211,176.47000122070312,206.22000122070312,31.069000244140625,30.5,47.27000045776367,70.0,61.52000045776367,117.11000061035156,30.600000381469727,89.7300033569336,205.6699981689453,50.72999954223633,141.0800018310547,115.66999816894531,116.54000091552734,59.220001220703125,75.62023162841797,47.81999969482422,42.40999984741211,4.51324987411499,38.927894592285156,135.6999969482422,87.05999755859375,41.11000061035156,70.33000183105469,44.560001373291016,227.17999267578125,53.20000076293945,88.25,48.349998474121094,32.05500030517578,27.889999389648438,89.58000183105469,77.44000244140625,78.72000122070312,28.299999237060547,176.92999267578125,206.77000427246094,31.4950008392334,30.65999984741211,47.369998931884766,70.38999938964844,61.900001525878906,117.69000244140625,31.139999389648438,91.75,206.00999450683594,51.08000183105469,141.2899932861328,116.0,118.44000244140625,59.2599983215332,75.8969497680664,48.029998779296875,42.4900016784668,4.588250160217285,39.108158111572266,135.99000549316406,87.76000213623047,41.560001373291016,71.0566635131836,44.93000030517578,232.83999633789062,53.290000915527344,89.1500015258789,48.52000045776367,32.130001068115234,27.940000534057617,89.7300033569336,77.79000091552734,4527300,55503100,2944500,345200,19214000,35256100,24355100,11486700,6883800,7364900,9278900,6354600,1897600,25656600,5281600,8185400,5695500,5626700,7942582,5829700,16577000,336824000,18664759,1055200,21068400,7184800,2269800,5479900,4323100,4205600,2994400,16571300,39249000,34598900,13624000,12180700
2019-05-06,59.02853775024414,27.420000076293945,141.89712524414062,192.86280822753906,25.989734649658203,25.699317932128906,36.932106018066406,55.2396354675293,48.089134216308594,86.2949447631836,22.510923385620117,67.85987091064453,175.16949462890625,44.63210678100586,116.8755111694336,95.16455841064453,106.34066772460938,47.4734992980957,61.01565170288086,38.46776580810547,41.08884048461914,4.463194847106934,27.994905471801758,105.81024169921875,74.89299774169922,34.075782775878906,65.56903839111328,37.32477569580078,213.61968994140625,39.8842887878418,64.85155487060547,39.82963943481445,23.41181182861328,24.421680450439453,80.35995483398438,55.577125549316406,79.26000213623047,27.420000076293945,177.05999755859375,205.1699981689453,31.156999588012695,30.469999313354492,48.099998474121094,70.41000366210938,61.880001068115234,118.4000015258789,31.489999771118164,91.23999786376953,206.42999267578125,51.220001220703125,142.08999633789062,115.08999633789062,116.6500015258789,59.4900016784668,75.8396987915039,47.709999084472656,42.130001068115234,4.496250152587891,39.51612854003906,136.27000427246094,88.25,41.2400016784668,70.02333068847656,43.7599983215332,240.5,53.34000015258789,86.38999938964844,48.43000030517578,32.154998779296875,27.8799991607666,90.62000274658203,77.12999725341797,79.5199966430664,27.5,177.24000549316406,205.5399932861328,31.19300079345703,30.610000610351562,48.20000076293945,70.66999816894531,62.349998474121094,119.83999633789062,31.549999237060547,91.87000274658203,206.97999572753906,51.279998779296875,142.24000549316406,115.47000122070312,117.08000183105469,59.66999816894531,76.135498046875,47.86000061035156,42.290000915527344,4.508500099182129,39.629981994628906,136.9499969482422,88.69999694824219,41.4900016784668,70.04666900634766,43.81999969482422,240.57000732421875,53.65999984741211,87.44999694824219,48.72999954223633,32.2599983215332,27.979999542236328,90.8499984741211,77.66000366210938,77.33999633789062,26.450000762939453,173.8800048828125,201.0500030517578,30.53499984741211,30.06999969482422,47.59000015258789,68.76000213623047,60.97999954223633,117.47000122070312,30.65999984741211,89.54000091552734,201.7100067138672,50.189998626708984,139.92999267578125,113.72000122070312,115.30000305175781,58.400001525878906,74.71373748779297,46.84000015258789,41.0,4.349999904632568,38.74762725830078,134.13999938964844,86.13999938964844,40.70000076293945,68.55332946777344,43.209999084472656,227.5,52.5,85.66000366210938,47.880001068115234,31.850000381469727,27.530000686645508,88.69999694824219,76.70999908447266,77.75,26.719999313354492,175.49000549316406,202.24000549316406,30.679000854492188,30.110000610351562,47.790000915527344,69.05000305175781,61.25,117.5,30.8700008392334,89.9000015258789,202.8000030517578,50.25,140.25,114.18000030517578,115.81999969482422,59.25,74.9332046508789,46.970001220703125,41.400001525878906,4.387499809265137,38.81404113769531,135.35000610351562,86.33000183105469,40.84000015258789,68.70333099365234,43.31999969482422,228.1699981689453,52.63999938964844,87.44999694824219,47.9900016784668,31.8799991607666,27.579999923706055,88.8499984741211,76.91999816894531,5413200,70344100,2735000,413200,14371000,39882000,14481200,12004000,7402400,11035000,5712600,3705900,1927800,26245200,5818900,9387000,5952100,6409400,9906534,6310000,25776000,422176000,25973406,1314000,15682100,6571600,2262900,10756400,7180200,4557000,4741700,19279900,40689400,42517000,25168300,13367100
2019-05-07,58.05291748046875,26.65999984741211,139.34063720703125,188.6515655517578,25.632722854614258,25.235427856445312,36.25642395019531,53.47443389892578,47.40524673461914,86.20021057128906,22.196382522583008,68.2614974975586,171.94493103027344,43.98728942871094,115.13174438476562,93.61005401611328,104.78177642822266,47.425621032714844,59.80270004272461,37.66148376464844,39.26506423950195,4.295934677124023,27.443748474121094,103.23233795166016,72.30461120605469,33.54696273803711,63.95532989501953,37.32477569580078,211.44351196289062,39.301048278808594,63.32769012451172,38.793392181396484,23.20794677734375,24.018739700317383,78.81692504882812,55.28168869018555,77.94999694824219,26.65999984741211,173.8699951171875,200.69000244140625,30.729000091552734,29.920000076293945,47.220001220703125,68.16000366210938,61.0,118.2699966430664,31.049999237060547,91.77999877929688,202.6300048828125,50.47999954223633,139.97000122070312,113.20999908447266,114.94000244140625,59.43000030517578,74.33206176757812,46.709999084472656,40.2599983215332,4.327750205993652,38.73814010620117,132.9499969482422,85.19999694824219,40.599998474121094,68.30000305175781,43.7599983215332,238.0500030517578,52.560001373291016,84.36000061035156,47.16999816894531,31.875,27.420000076293945,88.87999725341797,76.72000122070312,78.98999786376953,27.350000381469727,176.41000366210938,203.0,30.961999893188477,30.170000076293945,47.91999816894531,69.5,61.34000015258789,118.2699966430664,31.18000030517578,91.88999938964844,204.0,50.880001068115234,141.3800048828125,114.02999877929688,116.48999786376953,59.5,75.65839385986328,47.20000076293945,41.93000030517578,4.447500228881836,39.573055267333984,134.8300018310547,88.1500015258789,40.7599983215332,69.25666809082031,44.04999923706055,243.14999389648438,53.11000061035156,85.51000213623047,48.15999984741211,31.899999618530273,27.889999389648438,90.36000061035156,76.79000091552734,77.16999816894531,26.209999084472656,172.5,198.41000366210938,30.37299919128418,29.6299991607666,46.93000030517578,67.62000274658203,60.29999923706055,116.5,30.489999771118164,89.69999694824219,201.00999450683594,49.93000030517578,139.05999755859375,112.29000091552734,114.45999908447266,57.529998779296875,73.8740463256836,46.25,39.72999954223633,4.279250144958496,38.425048828125,132.25999450683594,84.77999877929688,39.970001220703125,67.52333068847656,43.290000915527344,236.39999389648438,52.29999923706055,82.6500015258789,46.90999984741211,31.469999313354492,27.229999542236328,88.36000061035156,75.7699966430664,78.5999984741211,27.200000762939453,175.13999938964844,203.0,30.864999771118164,30.15999984741211,47.75,69.3499984741211,61.15999984741211,117.30000305175781,31.049999237060547,90.1500015258789,203.33999633789062,50.599998474121094,140.82000732421875,114.02999877929688,116.30000305175781,58.75,75.27671813964844,47.13999938964844,41.68000030517578,4.447500228881836,39.26945114135742,134.77999877929688,87.19999694824219,40.7599983215332,69.09666442871094,43.83000183105469,239.19000244140625,52.790000915527344,85.51000213623047,48.04999923706055,31.774999618530273,27.6200008392334,89.91999816894531,76.5,4275300,75868800,2797000,623100,21734000,58528400,13189700,17673400,6452200,9165200,6314700,4170900,2839500,29713400,6606700,15017700,5127200,9697100,10523387,10365100,35094100,555220000,27603838,1821500,21579500,10438900,3237000,10225200,5104700,6097500,6014900,23919100,30129000,60090800,18011600,13498800
2019-05-08,58.08270263671875,27.09000015258789,137.96218872070312,189.34715270996094,25.307397842407227,25.134218215942383,36.43303298950195,53.52149963378906,47.73941421508789,85.63899993896484,22.53951644897461,69.93490600585938,170.5193328857422,42.90677261352539,114.9836196899414,93.11394500732422,105.97602081298828,44.0739860534668,60.017662048339844,37.5163459777832,38.76765823364258,4.31603479385376,27.524402618408203,102.48693084716797,71.74451446533203,33.274295806884766,63.40909194946289,37.27360153198242,212.4205780029297,39.04682540893555,61.856327056884766,38.65358352661133,23.20794677734375,23.9661922454834,78.9854507446289,55.3681526184082,77.98999786376953,27.09000015258789,172.14999389648438,201.42999267578125,30.339000701904297,29.799999237060547,47.45000076293945,68.22000122070312,61.43000030517578,117.5,31.530000686645508,94.02999877929688,200.9499969482422,49.2400016784668,139.7899932861328,112.61000061035156,116.25,55.22999954223633,74.59923553466797,46.529998779296875,39.75,4.3480000495910645,38.851993560791016,131.99000549316406,84.54000091552734,40.27000045776367,67.71666717529297,43.70000076293945,239.14999389648438,52.220001220703125,82.4000015258789,47.0,31.875,27.360000610351562,89.06999969482422,76.83999633789062,78.88999938964844,27.709999084472656,175.5,203.57000732421875,30.766000747680664,30.110000610351562,47.68000030517578,68.8499984741211,62.13999938964844,118.4800033569336,31.889999389648438,94.66000366210938,203.1999969482422,50.790000915527344,140.9199981689453,113.66999816894531,116.88999938964844,58.13999938964844,75.10496520996094,47.189998626708984,40.4900016784668,4.428750038146973,38.927894592285156,132.92999267578125,85.72000122070312,40.599998474121094,68.77999877929688,44.0,240.80999755859375,52.84000015258789,84.91000366210938,47.310001373291016,32.13999938964844,27.59000015258789,89.4800033569336,77.29000091552734,77.31999969482422,26.270000457763672,171.6999969482422,200.89999389648438,30.31100082397461,29.670000076293945,46.810001373291016,67.70999908447266,60.959999084472656,117.4000015258789,30.809999465942383,91.5199966430664,200.8000030517578,49.06999969482422,139.6999969482422,112.45999908447266,115.2300033569336,54.959999084472656,74.33206176757812,46.470001220703125,39.58000183105469,4.288000106811523,38.36812210083008,131.7899932861328,84.11000061035156,39.91999816894531,67.586669921875,43.459999084472656,235.52999877929688,52.189998626708984,82.08999633789062,46.810001373291016,31.790000915527344,27.239999771118164,88.33999633789062,76.41999816894531,77.94999694824219,26.40999984741211,173.5,201.69000244140625,30.530000686645508,29.729999542236328,47.09000015258789,67.87999725341797,61.040000915527344,118.37000274658203,30.899999618530273,91.66999816894531,201.39999389648438,50.20000076293945,140.1999969482422,112.66000366210938,115.8499984741211,57.880001068115234,74.74236297607422,46.5099983215332,39.86000061035156,4.300000190734863,38.709678649902344,132.47000122070312,84.8499984741211,40.52000045776367,67.73666381835938,43.52000045776367,238.0,52.41999816894531,83.62999725341797,47.060001373291016,31.860000610351562,27.309999465942383,88.83999633789062,76.54000091552734,3820700,65967500,3368400,573400,15099000,39903400,13207600,9470500,4809000,6229000,5218300,3925400,1817600,36812400,4667300,9575800,2992600,16021700,10567508,7340300,26190100,419168000,23811968,1694200,15500700,9237900,3103200,8112600,3768400,5453200,4850800,19814400,19647400,44254200,13783300,11352900
2019-05-09,58.02314758300781,27.209999084472656,138.5392303466797,187.05352783203125,25.3632869720459,25.058311462402344,36.26410675048828,53.058616638183594,47.82490539550781,88.32844543457031,22.3393497467041,70.0910873413086,171.0963897705078,40.62375259399414,114.11177825927734,93.03952026367188,105.56578063964844,42.26250457763672,60.1328010559082,37.451847076416016,38.29952621459961,4.223470687866211,27.558320999145508,102.4480972290039,71.09954833984375,33.274295806884766,62.709930419921875,36.889774322509766,211.37246704101562,38.972049713134766,61.36088943481445,38.811344146728516,23.20794677734375,23.91362953186035,78.81692504882812,55.31772232055664,77.91000366210938,27.209999084472656,172.8699951171875,198.99000549316406,30.4060001373291,29.709999084472656,47.22999954223633,67.62999725341797,61.540000915527344,121.19000244140625,31.25,94.23999786376953,201.6300048828125,46.619998931884766,138.72999572753906,112.5199966430664,115.80000305175781,52.959999084472656,74.74236297607422,46.45000076293945,39.27000045776367,4.254749774932861,38.55787658691406,131.94000244140625,83.77999877929688,40.27000045776367,66.97000122070312,43.25,237.97000122070312,52.119998931884766,81.73999786376953,46.7400016784668,31.875,27.299999237060547,88.87999725341797,76.7699966430664,78.12999725341797,27.3799991607666,173.17999267578125,199.94000244140625,30.584999084472656,29.780000686645508,47.380001068115234,67.86000061035156,61.83000183105469,122.31999969482422,31.350000381469727,95.12999725341797,202.22000122070312,48.290000915527344,139.32000732421875,112.73999786376953,116.1500015258789,55.720001220703125,74.91412353515625,46.4900016784668,39.630001068115234,4.288249969482422,38.74762725830078,132.22000122070312,84.83999633789062,40.45000076293945,67.2699966430664,43.29999923706055,240.5399932861328,52.189998626708984,82.30000305175781,46.83000183105469,31.9950008392334,27.360000610351562,89.16999816894531,76.87999725341797,76.7300033569336,26.030000686645508,169.44000244140625,194.74000549316406,29.684999465942383,29.280000686645508,46.7599983215332,66.43000030517578,60.650001525878906,119.86000061035156,30.6299991607666,92.05999755859375,197.91000366210938,46.04999923706055,137.63999938964844,110.58000183105469,114.77999877929688,52.5,73.7022933959961,45.4900016784668,38.20000076293945,4.135000228881836,38.168880462646484,129.47000122070312,82.26000213623047,39.4900016784668,65.44999694824219,42.279998779296875,235.6699981689453,51.470001220703125,78.79000091552734,45.779998779296875,31.454999923706055,26.899999618530273,87.86000061035156,75.95999908447266,77.51000213623047,26.700000762939453,171.24000549316406,198.3800048828125,30.0,29.420000076293945,47.16999816894531,66.83000183105469,60.83000183105469,121.12000274658203,31.1299991607666,92.68000030517578,199.50999450683594,47.900001525878906,138.9499969482422,111.13999938964844,115.86000061035156,55.16999816894531,74.12213897705078,45.90999984741211,39.099998474121094,4.278500080108643,38.235294342041016,130.02999877929688,83.37000274658203,39.91999816894531,66.66666412353516,42.91999816894531,236.60000610351562,51.79999923706055,81.76000213623047,46.0,31.725000381469727,27.030000686645508,88.27999877929688,76.3499984741211,3792200,73150900,2854400,688000,22282000,44173500,13886300,16994200,7799800,16496300,5201400,3395100,2333400,59642200,5604200,12205900,5818900,15870600,8105861,8102300,27844400,660248000,19732461,1504100,14516000,12928500,2978700,11229400,4299500,5560100,6661900,23246900,28819000,56468300,15692300,13221600
2019-05-10,57.6805534362793,27.959999084472656,137.72183227539062,186.8185272216797,25.354942321777344,24.94866180419922,36.09518814086914,53.270450592041016,48.35988235473633,88.9114990234375,22.382246017456055,70.65636444091797,171.4527587890625,40.25777816772461,114.37501525878906,93.03125,105.94867706298828,42.41413116455078,60.02531814575195,37.363155364990234,37.97768020629883,4.189472675323486,27.612560272216797,102.83634185791016,72.8477554321289,32.68762969970703,62.80046081542969,36.53154373168945,213.6996612548828,39.009437561035156,62.8547477722168,39.15180206298828,23.317157745361328,24.071300506591797,78.84355926513672,55.79872131347656,77.44999694824219,27.959999084472656,171.85000610351562,198.74000549316406,30.395999908447266,29.579999923706055,47.0099983215332,67.9000015258789,61.91999816894531,121.98999786376953,31.309999465942383,95.0,202.0500030517578,46.20000076293945,139.0500030517578,112.51000213623047,116.22000122070312,53.150001525878906,74.60877990722656,46.34000015258789,38.939998626708984,4.2204999923706055,38.6337776184082,132.44000244140625,85.83999633789062,39.560001373291016,67.06666564941406,42.83000183105469,240.58999633789062,52.16999816894531,83.7300033569336,47.150001525878906,32.025001525878906,27.479999542236328,88.91000366210938,76.55999755859375,77.7300033569336,28.100000381469727,172.4600067138672,200.0,30.540000915527344,29.709999084472656,47.31999969482422,68.0999984741211,62.279998779296875,122.2699966430664,31.440000534057617,95.25,202.10000610351562,46.79999923706055,139.25,112.83999633789062,116.31999969482422,53.720001220703125,74.74236297607422,46.41999816894531,39.290000915527344,4.289750099182129,38.72865295410156,133.02000427246094,86.33000183105469,40.119998931884766,67.43333435058594,43.09000015258789,242.6199951171875,52.34000015258789,84.08999633789062,47.369998931884766,32.10499954223633,27.530000686645508,89.13999938964844,76.79000091552734,75.62000274658203,26.93000030517578,168.44000244140625,195.42999267578125,29.666000366210938,29.190000534057617,46.22999954223633,66.52999877929688,60.470001220703125,119.83000183105469,30.690000534057617,92.5,198.99000549316406,45.099998474121094,136.41000366210938,110.54000091552734,114.22000122070312,52.029998779296875,73.29198455810547,45.709999084472656,37.650001525878906,4.099999904632568,37.82732391357422,129.5500030517578,83.3499984741211,38.650001525878906,65.44999694824219,42.189998626708984,236.3699951171875,51.29999923706055,81.33000183105469,46.11000061035156,31.424999237060547,26.90999984741211,87.01000213623047,75.16999816894531,77.44999694824219,27.030000686645508,172.4600067138672,198.11000061035156,30.322999954223633,29.459999084472656,46.900001525878906,67.2699966430664,61.27000045776367,121.16999816894531,31.110000610351562,94.36000061035156,200.97999572753906,46.439998626708984,138.42999267578125,111.75,115.62999725341797,52.9900016784668,74.50381469726562,46.25,39.0099983215332,4.223750114440918,38.54838562011719,131.41000366210938,83.37999725341797,39.900001525878906,66.3566665649414,42.86000061035156,239.97000122070312,51.91999816894531,81.91000366210938,46.40999984741211,31.875,27.149999618530273,88.58999633789062,76.18000030517578,4731800,82930100,2942300,780200,21025000,59649900,12019900,12318700,6411500,8787900,4950500,2425700,2089400,42522800,4771600,13189000,3660500,10158900,9027158,9749200,30368100,569500000,17391527,1354300,15955600,12810800,3901200,8313900,4374400,4759400,4484100,19983400,26150000,63453600,17771800,11056000
2019-05-13,57.24860382080078,26.239999771118164,134.31585693359375,179.01641845703125,24.472414016723633,23.826902389526367,35.242916107177734,50.508853912353516,47.789764404296875,87.78180694580078,21.388591766357422,69.5407485961914,165.44488525390625,39.00297927856445,112.853271484375,90.50101470947266,104.26217651367188,40.47495651245117,59.242286682128906,35.621585845947266,36.456233978271484,3.932128429412842,27.51085090637207,99.73818969726562,71.1928939819336,31.530841827392578,59.863304138183594,34.96212387084961,212.77587890625,37.992515563964844,61.1131706237793,38.47090530395508,22.916711807250977,23.370534896850586,77.36264038085938,55.179264068603516,76.87000274658203,26.239999771118164,167.60000610351562,190.44000244140625,29.33799934387207,28.25,45.900001525878906,64.37999725341797,61.189998626708984,120.44000244140625,29.920000076293945,93.5,194.97000122070312,44.7599983215332,137.1999969482422,109.44999694824219,114.37000274658203,50.720001220703125,73.635498046875,44.18000030517578,37.380001068115234,3.961250066757202,38.49146270751953,128.4499969482422,83.88999938964844,38.15999984741211,63.93000030517578,40.9900016784668,239.5500030517578,50.810001373291016,81.41000366210938,46.33000183105469,31.475000381469727,26.68000030517578,87.23999786376953,75.70999908447266,77.30000305175781,27.229999542236328,169.60000610351562,193.97999572753906,29.56800079345703,29.0,46.59000015258789,66.33000183105469,61.90999984741211,122.26000213623047,31.110000610351562,95.30000305175781,197.89999389648438,45.63999938964844,138.05999755859375,110.44999694824219,115.19000244140625,52.869998931884766,73.97901153564453,45.27000045776367,37.97999954223633,4.110750198364258,38.56736373901367,131.08999633789062,84.8499984741211,39.150001525878906,65.2300033569336,41.5099983215332,240.10000610351562,51.720001220703125,83.61000061035156,46.9900016784668,31.889999389648438,26.989999771118164,88.86000061035156,76.2300033569336,76.16999816894531,26.100000381469727,167.1699981689453,189.9199981689453,28.81999969482422,28.049999237060547,45.83000183105469,63.959999084472656,60.81999969482422,120.01000213623047,29.760000228881836,93.20999908447266,194.0,44.70000076293945,136.52999877929688,108.9800033569336,113.87000274658203,50.599998474121094,73.30152893066406,43.939998626708984,37.060001373291016,3.9452500343322754,38.092979431152344,128.13999938964844,82.98999786376953,37.630001068115234,63.630001068115234,40.7400016784668,236.1999969482422,50.689998626708984,80.7300033569336,46.2599983215332,31.325000762939453,26.59000015258789,86.9000015258789,75.36000061035156,76.30000305175781,26.979999542236328,169.24000549316406,193.39999389648438,29.381999969482422,28.959999084472656,46.349998474121094,66.12999725341797,61.4900016784668,121.91000366210938,31.0,93.94000244140625,197.89999389648438,45.33000183105469,137.85000610351562,110.08000183105469,114.86000061035156,52.310001373291016,73.30152893066406,45.20000076293945,37.36000061035156,4.087500095367432,38.168880462646484,130.0399932861328,83.23999786376953,38.880001068115234,64.83333587646484,41.369998931884766,236.4499969482422,51.459999084472656,82.55000305175781,46.279998779296875,31.735000610351562,26.93000030517578,87.4000015258789,75.6500015258789,3858400,99017900,3371800,994000,37864000,72547000,15454000,23494400,6280300,7701200,5947500,4184500,3605600,39091900,5560000,13783700,4284600,7505300,9641705,16506200,33092100,656912000,28010788,2367500,16689000,16732200,4856400,11046000,4684400,5612100,3943400,23304700,28139600,54962500,17436000,12176100
2019-05-14,58.41785430908203,27.31999969482422,134.48410034179688,186.16049194335938,25.191450119018555,24.13896942138672,35.250579833984375,51.199249267578125,48.67228317260742,88.65641784667969,21.989076614379883,70.16548919677734,166.55650329589844,39.360260009765625,112.54071044921875,91.22039794921875,104.78177642822266,40.945796966552734,59.43421173095703,35.4845085144043,37.55830383300781,4.021218299865723,27.571876525878906,100.75541687011719,73.0938491821289,32.22491455078125,61.24292755126953,35.798011779785156,210.0045928955078,38.17196273803711,62.97289276123047,38.60375213623047,23.197023391723633,23.554481506347656,77.75281524658203,55.252140045166016,78.44000244140625,27.31999969482422,167.80999755859375,198.0399932861328,30.200000762939453,28.6200008392334,45.90999984741211,65.26000213623047,62.31999969482422,121.63999938964844,30.760000228881836,94.33999633789062,196.27999877929688,45.16999816894531,136.82000732421875,110.31999969482422,114.94000244140625,51.310001373291016,73.8740463256836,44.0099983215332,38.5099983215332,4.051000118255615,38.57685089111328,129.75999450683594,86.12999725341797,39.0,65.40333557128906,41.970001220703125,236.42999267578125,51.04999923706055,82.95999908447266,46.4900016784668,31.860000610351562,26.889999389648438,87.68000030517578,75.80999755859375,79.36000061035156,27.479999542236328,169.72000122070312,198.97000122070312,30.459999084472656,28.989999771118164,46.439998626708984,65.97000122070312,62.88999938964844,122.25,30.959999084472656,95.33000183105469,198.1300048828125,45.4900016784668,137.83999633789062,111.72000122070312,115.52999877929688,51.65999984741211,74.50381469726562,44.59000015258789,38.61000061035156,4.08650016784668,38.776092529296875,131.0800018310547,86.44000244140625,39.970001220703125,65.74666595458984,42.08000183105469,240.99000549316406,51.630001068115234,83.33999633789062,46.93000030517578,32.130001068115234,27.1200008392334,88.29000091552734,76.80000305175781,77.0,26.149999618530273,167.3000030517578,194.72999572753906,29.54800033569336,28.209999084472656,45.880001068115234,64.3499984741211,61.439998626708984,120.51000213623047,30.030000686645508,93.91999816894531,194.89999389648438,44.869998931884766,136.72999572753906,109.5,114.52999877929688,50.689998626708984,73.8167953491211,43.97999954223633,37.400001525878906,3.962249994277954,38.481971740722656,128.00999450683594,84.0,38.36000061035156,64.41999816894531,41.400001525878906,236.27999877929688,50.720001220703125,81.30999755859375,45.97999954223633,31.614999771118164,26.709999084472656,87.47000122070312,75.76000213623047,77.16000366210938,26.530000686645508,167.67999267578125,195.33999633789062,29.569000244140625,28.360000610351562,46.09000015258789,64.62000274658203,61.4900016784668,120.66999816894531,30.15999984741211,93.91999816894531,194.99000549316406,45.18000030517578,137.0399932861328,109.55000305175781,114.7300033569336,51.0,74.06488800048828,44.18000030517578,38.02000045776367,4.00124979019165,38.51043701171875,128.2100067138672,84.2699966430664,38.4900016784668,64.7300033569336,41.59000015258789,240.63999938964844,50.84000015258789,81.30999755859375,46.380001068115234,31.645000457763672,26.739999771118164,87.63999938964844,76.12999725341797,6365200,82980400,2525300,1036700,34277000,52216100,12971100,15096400,5259000,6858500,4346200,2482500,2463300,24706500,7179400,10503600,3668400,7644100,8113826,17302200,24004000,524880000,26772759,1088500,14353700,12042900,2954100,7107800,5329700,6210900,3389300,21267600,18484000,52398400,13147000,10548400
2019-05-15,58.67107009887695,27.579999923706055,136.1350555419922,188.59512329101562,25.389148712158203,23.860641479492188,35.803409576416016,50.893272399902344,48.453617095947266,89.02082824707031,22.110595703125,70.18035125732422,166.6583709716797,39.75238037109375,112.61474609375,90.87313842773438,105.4017105102539,41.27638626098633,59.534019470214844,35.39582824707031,37.46078109741211,3.9601709842681885,27.904150009155273,99.91680145263672,73.20419311523438,32.497589111328125,61.7142333984375,35.798011779785156,209.69369506835938,37.97756576538086,63.284149169921875,38.064022064208984,23.317157745361328,23.46689224243164,77.9833755493164,55.6602668762207,78.77999877929688,27.579999923706055,169.8699951171875,200.6300048828125,30.437000274658203,28.290000915527344,46.630001068115234,64.87000274658203,62.040000915527344,122.13999938964844,30.93000030517578,94.36000061035156,196.39999389648438,45.619998931884766,136.91000366210938,109.9000015258789,115.62000274658203,51.189998626708984,73.99809265136719,43.900001525878906,38.40999984741211,3.989500045776367,39.041744232177734,128.67999267578125,86.26000213623047,39.33000183105469,65.90666961669922,41.970001220703125,236.0800018310547,50.790000915527344,83.37000274658203,45.84000015258789,32.025001525878906,26.790000915527344,87.94000244140625,76.37000274658203,79.1500015258789,27.790000915527344,170.60000610351562,202.10000610351562,30.777000427246094,28.489999771118164,46.75,65.22000122070312,62.31999969482422,122.48999786376953,31.059999465942383,94.62999725341797,197.58999633789062,45.75,137.49000549316406,110.9000015258789,115.83999633789062,51.45000076293945,74.31298065185547,44.279998779296875,38.70000076293945,4.026249885559082,39.1745719909668,130.4199981689453,87.0,39.439998626708984,66.3566665649414,42.33000183105469,237.52999877929688,51.099998474121094,83.4800033569336,46.349998474121094,32.095001220703125,26.920000076293945,88.23999786376953,76.55000305175781,77.4800033569336,26.729999542236328,166.3000030517578,194.9600067138672,29.861000061035156,28.010000228881836,45.529998779296875,64.0199966430664,61.29999923706055,120.87000274658203,30.200000762939453,93.16999816894531,193.4199981689453,44.7599983215332,135.3300018310547,108.61000061035156,114.31999969482422,50.189998626708984,73.28244018554688,42.86000061035156,37.7599983215332,3.9352500438690186,38.61479949951172,127.58999633789062,84.88999938964844,38.400001525878906,64.663330078125,41.459999084472656,232.6199951171875,50.349998474121094,81.63999938964844,45.4900016784668,31.594999313354492,26.520000457763672,86.83000183105469,75.20999908447266,78.51000213623047,26.8700008392334,167.22999572753906,195.13999938964844,30.027000427246094,28.100000381469727,45.619998931884766,64.45999908447266,62.0,121.19999694824219,30.3700008392334,93.38999938964844,194.63999938964844,44.91999816894531,136.89999389648438,109.20999908447266,115.25,50.66999816894531,73.34923553466797,43.279998779296875,37.900001525878906,3.994999885559082,38.7666015625,128.83999633789062,85.55000305175781,38.40999984741211,64.72666931152344,41.54999923706055,235.0,50.540000915527344,82.54000091552734,46.02000045776367,31.68000030517578,26.6200008392334,87.22000122070312,75.56999969482422,4795700,55689900,2860200,711300,18166000,51973200,10143300,14570900,6316300,6945000,4552300,1950500,2271100,23407900,6429400,10142000,3724400,7209900,7284543,10703100,17532300,502320000,33520678,1609200,11784800,10558400,5173800,5347700,5099700,4071000,2589500,20123300,20184600,49061700,10587700,8918000
2019-05-16,59.207279205322266,28.010000228881836,137.3474884033203,190.0145721435547,24.798566818237305,24.11366844177246,36.17964553833008,51.76411056518555,48.867549896240234,88.91043090820312,22.375091552734375,70.79024505615234,168.98342895507812,39.67394256591797,113.68406677246094,92.03900146484375,107.01057434082031,42.62297439575195,60.7469596862793,35.70221710205078,36.387969970703125,3.9753077030181885,28.236425399780273,101.79585266113281,70.27637481689453,32.935508728027344,60.74039840698242,35.42271423339844,210.32437133789062,38.508453369140625,64.8781967163086,38.113834381103516,23.4445743560791,23.70339584350586,78.59524536132812,55.65297317504883,79.5,28.010000228881836,169.9199981689453,202.13999938964844,29.729000091552734,28.59000015258789,47.119998931884766,65.9800033569336,62.56999969482422,120.80000305175781,31.299999237060547,95.18000030517578,199.13999938964844,45.529998779296875,138.2100067138672,111.30999755859375,116.7300033569336,52.86000061035156,75.50572204589844,44.279998779296875,37.310001373291016,4.004749774932861,39.50664138793945,131.10000610351562,82.80999755859375,39.86000061035156,64.86666870117188,41.529998779296875,236.7899932861328,51.5,85.47000122070312,45.900001525878906,32.20000076293945,27.059999465942383,88.62999725341797,76.36000061035156,80.75,28.3700008392334,172.02000427246094,203.6699981689453,30.309999465942383,28.829999923706055,47.84000015258789,66.38999938964844,63.130001068115234,121.55000305175781,31.809999465942383,96.25,200.0,45.95000076293945,139.19000244140625,112.16999816894531,117.68000030517578,53.25,76.23091888427734,44.720001220703125,37.9900016784668,4.047749996185303,39.8292236328125,131.7100067138672,84.80000305175781,40.0099983215332,65.5633316040039,41.63999938964844,240.4499969482422,51.810001373291016,85.5999984741211,46.529998779296875,32.31999969482422,27.209999084472656,89.38999938964844,76.94999694824219,78.70999908447266,27.270000457763672,169.33999633789062,200.05999755859375,29.469999313354492,28.43000030517578,46.65999984741211,65.16999816894531,62.5,120.52999877929688,31.149999618530273,94.79000091552734,196.6199951171875,45.41999816894531,136.97000122070312,110.58999633789062,114.56999969482422,51.29999923706055,74.16984558105469,43.91999816894531,37.099998474121094,3.9412500858306885,39.041744232177734,129.27999877929688,82.12999725341797,39.470001220703125,64.4566650390625,41.220001220703125,235.72000122070312,51.02000045776367,83.76000213623047,45.7599983215332,32.10499954223633,26.860000610351562,88.06999969482422,76.22000122070312,78.9800033569336,27.3700008392334,169.39999389648438,200.5399932861328,29.975000381469727,28.459999084472656,46.70000076293945,65.30999755859375,62.599998474121094,120.98999786376953,31.34000015258789,95.0,196.6300048828125,45.470001220703125,137.38999938964844,110.62000274658203,114.56999969482422,51.29999923706055,74.20801544189453,44.060001373291016,37.68000030517578,3.9839999675750732,39.041744232177734,129.61000061035156,83.79000091552734,39.59000015258789,64.98666381835938,41.630001068115234,235.88999938964844,51.06999969482422,83.80999755859375,45.9900016784668,32.10499954223633,26.8799991607666,88.12999725341797,76.4000015258789,5404700,67330100,2716200,708600,34233000,42791500,15378100,10573100,5312500,8543300,4146600,2043800,2008100,19954700,6857200,9672700,3914100,11750700,9910831,9305000,29479200,781088000,25508486,1508900,22498800,7632500,6997800,9214700,4456400,4460200,3282900,20764100,18753000,44872600,15124000,8105200
2019-05-17,59.1775016784668,27.5,137.33941650390625,189.13096618652344,24.181289672851562,23.953414916992188,35.97232437133789,51.0501823425293,48.500465393066406,88.704345703125,21.881847381591797,69.18372344970703,167.5323944091797,39.11626434326172,114.0130615234375,91.5925064086914,106.35053253173828,41.88920974731445,60.43221664428711,35.37969970703125,35.168853759765625,3.8844807147979736,28.121143341064453,101.11257934570312,69.16464233398438,32.24143600463867,59.55741500854492,34.33095169067383,214.40133666992188,38.55332946777344,63.54219436645508,37.94776916503906,23.20794677734375,23.545732498168945,78.42675018310547,55.325008392333984,79.45999908447266,27.5,169.91000366210938,201.1999969482422,28.98900032043457,28.399999618530273,46.849998474121094,65.06999969482422,62.099998474121094,120.5199966430664,30.610000610351562,93.0199966430664,197.42999267578125,44.88999938964844,138.61000061035156,110.7699966430664,116.01000213623047,51.95000076293945,75.114501953125,43.880001068115234,36.060001373291016,3.913249969482422,39.34535217285156,130.22000122070312,81.5,39.02000045776367,63.60333251953125,40.25,241.3800048828125,51.560001373291016,83.70999908447266,45.70000076293945,31.875,26.8799991607666,88.44000244140625,75.91000366210938,80.08000183105469,28.459999084472656,171.24000549316406,204.4600067138672,29.35700035095215,28.639999389648438,47.22999954223633,65.93000030517578,62.56999969482422,121.11000061035156,31.200000762939453,94.66999816894531,199.08999633789062,45.72999954223633,139.02999877929688,111.75,116.6500015258789,52.61000061035156,75.44847106933594,44.31999969482422,37.279998779296875,4.092750072479248,39.667930603027344,132.1999969482422,83.12000274658203,39.75,65.11333465576172,40.95000076293945,242.44000244140625,51.93000030517578,85.30999755859375,46.22999954223633,32.15999984741211,27.139999389648438,89.13999938964844,76.30000305175781,78.0199966430664,27.399999618530273,169.11000061035156,200.75,28.840999603271484,28.219999313354492,46.59000015258789,64.88999938964844,61.81999969482422,119.87999725341797,30.530000686645508,92.66999816894531,196.3000030517578,44.7599983215332,136.86000061035156,109.83000183105469,115.22000122070312,51.77000045776367,74.28434753417969,43.5,35.79999923706055,3.873500108718872,39.13662338256836,129.4199981689453,80.0,38.939998626708984,63.32666778564453,40.09000015258789,235.64999389648438,51.099998474121094,83.68000030517578,45.40999984741211,31.834999084472656,26.75,87.9000015258789,75.58999633789062,78.52999877929688,27.690000534057617,169.27000427246094,201.86000061035156,29.277999877929688,28.25,46.689998626708984,64.97000122070312,61.970001220703125,120.05999755859375,30.860000610351562,94.2699966430664,196.3000030517578,45.18000030517578,137.0,110.0,115.69999694824219,52.36000061035156,74.8187026977539,43.52000045776367,36.61000061035156,3.9625000953674316,39.184059143066406,129.4600067138672,80.48999786376953,39.5,63.82666778564453,40.38999938964844,236.1699981689453,51.099998474121094,84.37999725341797,45.439998626708984,31.985000610351562,26.790000915527344,87.9000015258789,75.6500015258789,4756400,65385400,2266600,700300,39094000,43772500,10144900,11503500,4906100,6870900,3156300,2701400,1928300,22500400,6915300,9570100,3109800,6239600,8259707,8411700,31096300,1022068000,29187684,1351600,19523400,7252400,5014200,11271000,4486400,5278400,2553600,22273500,21111400,62711500,13354100,9279400
2019-05-20,59.445613861083984,26.68000030517578,136.11080932617188,179.05398559570312,22.73820686340332,23.953414916992188,35.55771255493164,50.96388244628906,48.77382278442383,88.93986511230469,21.46722412109375,69.67459869384766,167.37118530273438,37.95732879638672,113.85678100585938,92.07209014892578,106.5522232055664,42.02628707885742,60.55504608154297,35.371639251708984,33.764442443847656,3.765859365463257,28.202518463134766,101.98222351074219,65.02323913574219,32.32406997680664,57.182106018066406,32.97477722167969,218.49607849121094,38.67295837402344,62.30491638183594,37.740177154541016,23.218868255615234,23.572004318237305,78.39129638671875,55.31772232055664,79.81999969482422,26.68000030517578,168.38999938964844,190.47999572753906,27.259000778198242,28.399999618530273,46.310001373291016,64.95999908447266,62.45000076293945,120.83999633789062,30.030000686645508,93.68000030517578,197.24000549316406,43.560001373291016,138.4199981689453,111.3499984741211,116.2300033569336,52.119998931884766,75.26717376708984,43.869998931884766,34.619998931884766,3.793750047683716,39.45920181274414,131.33999633789062,76.62000274658203,39.119998931884766,61.06666564941406,38.65999984741211,245.99000549316406,51.720001220703125,82.08000183105469,45.45000076293945,31.889999389648438,26.90999984741211,88.4000015258789,75.9000015258789,80.38999938964844,27.239999771118164,170.39999389648438,195.27000427246094,27.9950008392334,28.520000457763672,46.58000183105469,65.5,62.560001373291016,121.20999908447266,30.850000381469727,94.5199966430664,197.77999877929688,44.52000045776367,138.9600067138672,111.80999755859375,116.30000305175781,52.310001373291016,75.63931274414062,44.15999984741211,35.20000076293945,3.8692500591278076,39.573055267333984,132.0800018310547,78.33000183105469,39.15999984741211,62.03666687011719,39.29999923706055,246.74000549316406,52.09000015258789,83.62000274658203,45.90999984741211,32.040000915527344,27.030000686645508,88.68000030517578,76.36000061035156,78.91000366210938,26.489999771118164,168.14999389648438,188.8699951171875,26.86400032043457,28.239999771118164,46.099998474121094,64.5199966430664,61.880001068115234,120.54000091552734,29.979999542236328,92.77999877929688,195.57000732421875,43.45000076293945,137.67999267578125,110.37000274658203,115.0,51.34000015258789,74.66603088378906,43.33000183105469,34.33000183105469,3.768749952316284,39.16508483886719,130.08999633789062,76.06999969482422,38.65999984741211,60.633331298828125,38.52000045776367,239.77000427246094,51.209999084472656,81.9000015258789,45.29999923706055,31.825000762939453,26.780000686645508,87.75,75.66999816894531,79.0199966430664,26.979999542236328,168.67999267578125,193.8699951171875,27.799999237060547,28.399999618530273,46.380001068115234,64.75,62.029998779296875,120.70999908447266,30.59000015258789,93.20999908447266,197.08999633789062,44.0,138.61000061035156,110.58000183105469,115.87000274658203,51.70000076293945,74.77098846435547,43.4900016784668,34.75,3.8137500286102295,39.27893829345703,130.22000122070312,77.94999694824219,38.83000183105469,61.53333282470703,39.25,240.0,51.4900016784668,83.22000122070312,45.619998931884766,31.8799991607666,26.780000686645508,88.05999755859375,76.05000305175781,4395500,69757400,2144300,1287300,65162000,41717600,11081000,11605900,4794800,4569700,5404800,2823000,2483400,28675000,4771100,8518200,3042800,5315900,8281191,8951600,34489500,572064000,24251591,1153200,32679300,5922600,4640700,13979700,5390800,4573000,2774100,18854000,16372200,44357300,10757400,7154300
2019-05-21,60.23503875732422,27.350000381469727,137.16159057617188,182.12786865234375,22.966758728027344,24.198013305664062,36.417667388916016,51.84257507324219,49.68760299682617,89.30786895751953,22.246421813964844,71.12493133544922,168.95794677734375,38.741573333740234,113.6100082397461,92.38628387451172,106.87307739257812,42.961639404296875,61.0309944152832,35.79090118408203,34.75922775268555,3.848001480102539,28.25676155090332,102.55681610107422,65.98222351074219,32.638057708740234,58.352603912353516,33.52066421508789,222.0045928955078,38.80754852294922,62.6009521484375,38.47090530395508,23.488258361816406,23.81727409362793,79.12732696533203,55.57279968261719,80.87999725341797,27.350000381469727,169.69000244140625,193.75,27.533000946044922,28.690000534057617,47.43000030517578,66.08000183105469,63.619998931884766,121.33999633789062,31.1200008392334,95.62999725341797,199.11000061035156,44.459999084472656,138.1199951171875,111.7300033569336,116.58000183105469,53.279998779296875,75.85877990722656,44.38999938964844,35.63999938964844,3.876499891281128,39.53510284423828,132.0800018310547,77.75,39.5,62.31666564941406,39.29999923706055,249.94000244140625,51.900001525878906,82.47000122070312,46.33000183105469,32.2599983215332,27.190000534057617,89.2300033569336,76.25,81.5,27.3700008392334,170.02000427246094,195.16000366210938,27.97800064086914,28.75,47.459999084472656,66.08999633789062,63.959999084472656,121.94000244140625,31.280000686645508,95.94000244140625,199.32000732421875,44.779998779296875,139.57000732421875,111.91999816894531,117.79000091552734,53.779998779296875,76.0782470703125,44.529998779296875,35.880001068115234,3.8924999237060547,39.667930603027344,132.38999938964844,79.04000091552734,39.72999954223633,62.64666748046875,39.34000015258789,251.17999267578125,52.130001068115234,82.98999786376953,46.36000061035156,32.349998474121094,27.190000534057617,89.61000061035156,76.45999908447266,80.31999969482422,26.93000030517578,168.52999877929688,193.0800018310547,27.46500015258789,28.450000762939453,46.47999954223633,65.19999694824219,62.689998626708984,120.9000015258789,30.229999542236328,94.08999633789062,198.0,44.18000030517578,138.0800018310547,111.22000122070312,116.52999877929688,52.47999954223633,74.9332046508789,44.13999938964844,35.150001525878906,3.815999984741211,39.36432647705078,131.0399932861328,77.22000122070312,38.959999084472656,61.79999923706055,38.65999984741211,246.8000030517578,51.720001220703125,82.19000244140625,45.52000045776367,31.985000610351562,27.020000457763672,88.83999633789062,75.93000030517578,80.33000183105469,27.18000030517578,169.77000427246094,194.5,27.708999633789062,28.56999969482422,46.54999923706055,65.5,62.70000076293945,121.02999877929688,30.290000915527344,94.08999633789062,198.66000366210938,44.34000015258789,139.1199951171875,111.44000244140625,117.04000091552734,52.59000015258789,75.45801544189453,44.2400016784668,35.290000915527344,3.8550000190734863,39.573055267333984,131.1199951171875,78.91000366210938,39.290000915527344,62.293331146240234,39.150001525878906,247.00999450683594,51.880001068115234,82.52999877929688,45.619998931884766,32.025001525878906,27.020000457763672,88.9000015258789,76.2699966430664,4841900,46079200,2249300,736600,25060000,39258700,12018800,11051500,5855300,4859400,5308200,2537300,2327600,25543400,4859000,7967900,2611100,6908700,10873734,5936200,32501300,361848000,28785056,988700,17282200,6716300,5167500,11806400,5345300,3369000,3115800,18416300,36761000,36851400,11690600,8489900
2019-05-22,60.7637939453125,27.40999984741211,138.46295166015625,180.04098510742188,22.457101821899414,24.02932357788086,36.655696868896484,50.728519439697266,49.242408752441406,88.74114227294922,20.952526092529297,69.1019287109375,165.91160583496094,38.34074020385742,114.1364517211914,91.63384246826172,108.15650177001953,41.86501693725586,62.16718673706055,35.06525802612305,33.87172317504883,3.7770273685455322,28.473758697509766,102.51022338867188,58.819644927978516,31.67957305908203,57.11969757080078,33.17948532104492,221.47164916992188,38.7701530456543,60.991703033447266,38.27989959716797,23.124216079711914,23.6771240234375,79.5795669555664,55.06991958618164,81.58999633789062,27.40999984741211,171.3000030517578,191.52999877929688,26.922000885009766,28.489999771118164,47.7400016784668,64.66000366210938,63.04999923706055,120.56999969482422,29.309999465942383,92.91000366210938,195.52000427246094,44.0,138.75999450683594,110.81999969482422,117.9800033569336,51.91999816894531,77.27098846435547,43.4900016784668,34.72999954223633,3.805000066757202,39.83871078491211,132.02000427246094,69.30999755859375,38.34000015258789,61.0,38.900001525878906,249.33999633789062,51.849998474121094,80.3499984741211,46.099998474121094,31.760000228881836,27.030000686645508,89.73999786376953,75.55999755859375,81.75,27.59000015258789,172.0500030517578,193.83999633789062,27.506000518798828,28.6299991607666,47.81999969482422,65.91999816894531,63.709999084472656,121.44000244140625,30.8700008392334,95.37999725341797,198.47999572753906,44.459999084472656,138.9499969482422,111.79000091552734,118.38999938964844,53.08000183105469,77.4332046508789,44.29999923706055,35.45000076293945,3.8637499809265137,40.04743957519531,132.3699951171875,71.73999786376953,39.2599983215332,61.630001068115234,39.38999938964844,251.02999877929688,51.970001220703125,82.47000122070312,46.310001373291016,32.13999938964844,27.110000610351562,89.94000244140625,76.22000122070312,79.87999725341797,27.06999969482422,168.5800018310547,191.47999572753906,26.89699935913086,28.350000381469727,47.06999969482422,64.63999938964844,62.7400016784668,120.33999633789062,29.280000686645508,92.38999938964844,195.4600067138672,43.849998474121094,137.49000549316406,110.75,116.12000274658203,51.7400016784668,75.67748260498047,43.43000030517578,34.630001068115234,3.7939999103546143,39.4212532043457,130.89999389648438,67.97000122070312,38.0099983215332,60.813331604003906,38.88999938964844,248.7100067138672,51.47999954223633,79.94000244140625,45.959999084472656,31.655000686645508,26.950000762939453,88.88999938964844,75.38999938964844,80.51000213623047,27.1200008392334,169.35000610351562,191.47999572753906,27.04800033569336,28.510000228881836,47.459999084472656,65.83999633789062,63.06999969482422,120.9000015258789,30.670000076293945,95.0199966430664,197.44000244140625,44.150001525878906,138.35000610351562,111.4000015258789,116.12000274658203,52.93000030517578,75.71565246582031,44.11000061035156,35.20000076293945,3.8375000953674316,39.554080963134766,131.61000061035156,69.12999725341797,39.15999984741211,61.12333297729492,39.20000076293945,249.10000610351562,51.7400016784668,82.16999816894531,46.06999969482422,32.064998626708984,27.049999237060547,88.97000122070312,76.0199966430664,4219500,40035300,2615500,505300,31809000,29177600,9222200,12564900,5156300,5763300,4706800,2869900,2427200,16932500,5456800,7918900,3934200,5547700,13491847,10109600,20902400,325868000,25274604,1166400,66150700,7429900,3254100,12217600,4038000,3540200,2942200,13155000,19274000,25867600,9021800,7858300
2019-05-23,60.436100006103516,26.360000610351562,139.11766052246094,179.18560791015625,21.695514678955078,23.413618087768555,36.31785583496094,50.13227462768555,46.4698600769043,86.75391387939453,19.4227294921875,66.0822982788086,162.8992156982422,38.802574157714844,114.9836196899414,89.8312759399414,107.08393096923828,40.42972946166992,62.1978874206543,34.43635559082031,32.98421096801758,3.65592360496521,28.42629051208496,100.91845703125,57.92856216430664,30.977218627929688,56.230133056640625,32.47153091430664,218.94908142089844,38.26170349121094,57.241886138916016,37.83150863647461,22.34879493713379,23.344255447387695,79.30467987060547,53.77989959716797,81.1500015258789,26.360000610351562,172.11000061035156,190.6199951171875,26.009000778198242,27.760000228881836,47.29999923706055,63.900001525878906,59.5,117.87000274658203,27.170000076293945,88.8499984741211,191.97000122070312,44.529998779296875,139.7899932861328,108.63999938964844,116.80999755859375,50.13999938964844,77.30915832519531,42.709999084472656,33.81999969482422,3.683000087738037,39.77229690551758,129.97000122070312,68.26000213623047,37.4900016784668,60.04999923706055,38.06999969482422,246.5,51.16999816894531,75.41000366210938,45.560001373291016,30.69499969482422,26.649999618530273,89.43000030517578,73.79000091552734,81.62999725341797,27.100000381469727,173.05999755859375,191.4600067138672,26.548999786376953,28.200000762939453,47.63999938964844,63.939998626708984,61.970001220703125,118.87000274658203,28.709999084472656,91.05000305175781,193.0,44.7400016784668,139.85000610351562,109.79000091552734,117.95999908447266,51.15999984741211,77.47137451171875,42.81999969482422,33.900001525878906,3.7422499656677246,39.8292236328125,130.99000549316406,68.2699966430664,37.529998779296875,60.08333206176758,38.18000030517578,248.14999389648438,51.58000183105469,78.88999938964844,45.86000061035156,31.2549991607666,26.780000686645508,89.43000030517578,74.80000305175781,80.31999969482422,26.030000686645508,170.49000549316406,188.8000030517578,25.816999435424805,27.5,46.88999938964844,63.08000183105469,59.220001220703125,116.86000061035156,26.969999313354492,87.25,189.55999755859375,42.86000061035156,137.6699981689453,107.5,116.4800033569336,49.709999084472656,76.72709655761719,42.150001525878906,32.959999084472656,3.6227500438690186,39.51612854003906,128.99000549316406,65.9000015258789,36.79999923706055,59.06666564941406,37.40999984741211,244.38999938964844,50.7400016784668,75.16999816894531,45.06999969482422,30.510000228881836,26.420000076293945,88.68000030517578,73.04000091552734,80.38999938964844,26.989999771118164,171.33999633789062,189.57000732421875,26.45800018310547,28.1299991607666,47.5099983215332,63.81999969482422,61.84000015258789,118.80999755859375,28.709999084472656,91.05000305175781,193.0,43.369998931884766,138.5,109.63999938964844,117.76000213623047,51.08000183105469,76.90839385986328,42.75,33.88999938964844,3.7422499656677246,39.69639587402344,130.99000549316406,67.0199966430664,37.529998779296875,59.93000030517578,37.97999954223633,247.97999572753906,51.54999923706055,78.88999938964844,45.83000183105469,31.229999542236328,26.770000457763672,89.29000091552734,74.7699966430664,3299100,67809200,2902500,835500,46607000,59772900,10834500,15042200,8896800,11000200,6956300,4547200,3184100,35783900,6951800,14558000,3653500,10245900,9831498,13128900,32186700,591844000,25495944,2026800,31820700,12398900,3725400,14708800,3934600,5142700,6237700,17643700,47927200,51832900,13545300,14657200
2019-05-24,59.62432861328125,26.440000534057617,138.44676208496094,178.41481018066406,21.34933853149414,23.767858505249023,35.941619873046875,50.51668930053711,46.76665115356445,87.37215423583984,19.294052124023438,64.82537841796875,163.77325439453125,38.83742904663086,114.99195098876953,90.71600341796875,107.0655746459961,40.55068588256836,62.31306076049805,34.63791275024414,33.15976333618164,3.6020729541778564,28.446632385253906,102.47140502929688,56.18883514404297,30.572357177734375,55.74007797241211,32.58242416381836,219.9528045654297,38.38134002685547,57.85673141479492,38.33803939819336,22.432533264160156,23.528209686279297,79.4199447631836,54.00584411621094,80.05999755859375,26.440000534057617,171.27999877929688,189.8000030517578,25.5939998626709,28.18000030517578,46.810001373291016,64.38999938964844,59.880001068115234,118.70999908447266,26.989999771118164,87.16000366210938,193.0,44.56999969482422,138.85000610351562,109.70999908447266,116.79000091552734,50.290000915527344,77.4522933959961,42.959999084472656,34.0,3.6287500858306885,39.800758361816406,131.97000122070312,66.20999908447266,37.0,59.526668548583984,38.20000076293945,247.6300048828125,51.33000183105469,76.22000122070312,46.16999816894531,30.809999465942383,26.860000610351562,89.55999755859375,74.0999984741211,81.0999984741211,26.93000030517578,173.77000427246094,192.66000366210938,26.573999404907227,28.260000228881836,47.540000915527344,64.70999908447266,60.40999984741211,118.93000030517578,27.84000015258789,90.5,194.07000732421875,45.04999923706055,139.5,109.95999908447266,117.55000305175781,50.77000045776367,78.18701934814453,43.20000076293945,34.36000061035156,3.737499952316284,40.14231491088867,132.3800048828125,69.1500015258789,37.900001525878906,60.793331146240234,38.7400016784668,249.36000061035156,51.52000045776367,76.94000244140625,46.349998474121094,31.059999465942383,26.8700008392334,90.0999984741211,74.25,79.87000274658203,26.399999618530273,171.08999633789062,189.6699981689453,25.573999404907227,27.860000610351562,46.779998779296875,64.05999755859375,58.93000030517578,117.37999725341797,26.670000076293945,86.70999908447266,191.67999267578125,44.4900016784668,138.55999755859375,109.19000244140625,116.44999694824219,49.77000045776367,77.39503479003906,42.689998626708984,33.59000015258789,3.621999979019165,39.724857330322266,130.24000549316406,65.97000122070312,36.93000030517578,59.473331451416016,38.20000076293945,245.50999450683594,51.18000030517578,75.36000061035156,45.59000015258789,30.545000076293945,26.670000076293945,89.33999633789062,73.44000244140625,81.08999633789062,26.610000610351562,172.6199951171875,191.97000122070312,26.270000457763672,27.93000030517578,47.400001525878906,64.29000091552734,60.02000045776367,118.30000305175781,27.479999542236328,89.77999877929688,192.88999938964844,44.59000015258789,139.5,109.5199966430664,117.52999877929688,50.369998931884766,77.57633972167969,43.029998779296875,34.15999984741211,3.7019999027252197,39.90512466430664,130.33999633789062,68.93000030517578,37.650001525878906,60.34333419799805,38.41999816894531,247.25,51.459999084472656,75.93000030517578,45.7599983215332,30.940000534057617,26.75,89.73999786376953,74.13999938964844,3872700,39835800,2417100,432200,27963000,35524400,9468900,9715400,6070700,4890800,5184900,3757500,1637200,27168100,5473300,8537300,2086400,4860800,6071588,6172300,19706000,357584000,15383341,1162300,21420000,7665200,2273100,10540700,2973900,5636700,3385600,13425500,20306800,30582000,9986400,7056400
2019-05-28,58.11249542236328,29.049999237060547,136.48260498046875,179.53343200683594,21.227554321289062,23.531702041625977,35.21219253540039,50.04597091674805,46.899410247802734,87.07776641845703,19.015254974365234,64.78817749023438,160.7523651123047,37.96604537963867,113.51780700683594,89.73201751708984,106.12135314941406,39.5105094909668,61.614444732666016,34.00096130371094,32.12595748901367,3.5569067001342773,28.412731170654297,100.6622085571289,55.475975036621094,30.159212112426758,55.26251983642578,32.113311767578125,215.0053253173828,37.8878288269043,56.99897384643555,37.85642623901367,22.19953727722168,23.25666046142578,78.28487396240234,52.91988754272461,78.02999877929688,29.049999237060547,168.85000610351562,190.99000549316406,25.447999954223633,27.899999618530273,45.86000061035156,63.790000915527344,60.04999923706055,118.30999755859375,26.600000381469727,87.11000061035156,189.44000244140625,43.56999969482422,137.07000732421875,108.5199966430664,115.76000213623047,49.0,76.58396911621094,42.16999816894531,32.939998626708984,3.583250045776367,39.75332260131836,129.63999938964844,65.37000274658203,36.5,59.016666412353516,37.650001525878906,242.05999755859375,50.66999816894531,75.08999633789062,45.59000015258789,30.489999771118164,26.549999237060547,88.27999877929688,72.61000061035156,80.0999984741211,29.670000076293945,172.77000427246094,193.3800048828125,25.773000717163086,28.25,47.22999954223633,64.44999694824219,60.63999938964844,119.31999969482422,27.170000076293945,88.37999725341797,193.30999755859375,44.689998626708984,140.49000549316406,109.83000183105469,118.41000366210938,50.75,78.18701934814453,43.06999969482422,34.310001373291016,3.679500102996826,40.30360412597656,132.33999633789062,67.70999908447266,37.130001068115234,60.073333740234375,38.20000076293945,249.3000030517578,51.369998931884766,77.16000366210938,46.25,30.885000228881836,26.860000610351562,90.18000030517578,74.25,77.91999816894531,27.059999465942383,168.75999450683594,190.88999938964844,25.009000778198242,27.8799991607666,45.86000061035156,63.7599983215332,59.779998779296875,118.16999816894531,26.559999465942383,86.97000122070312,189.38999938964844,43.29999923706055,137.0500030517578,108.44000244140625,115.69999694824219,48.95000076293945,76.55534362792969,42.15999984741211,32.880001068115234,3.581249952316284,39.743831634521484,129.63999938964844,65.23999786376953,36.439998626708984,58.883331298828125,37.650001525878906,241.97999572753906,50.61000061035156,75.04000091552734,45.58000183105469,30.44499969482422,26.549999237060547,88.2699966430664,72.48999786376953,80.0,27.270000457763672,171.55999755859375,192.6199951171875,25.656999588012695,28.049999237060547,47.060001373291016,64.08999633789062,60.029998779296875,118.87999725341797,27.139999389648438,87.69000244140625,192.0,44.65999984741211,139.0,109.19999694824219,117.08999633789062,50.59000015258789,77.65267181396484,42.849998474121094,34.150001525878906,3.6465001106262207,39.99051284790039,131.74000549316406,66.63999938964844,37.099998474121094,59.866668701171875,38.130001068115234,248.5,51.20000076293945,76.6500015258789,46.06999969482422,30.829999923706055,26.780000686645508,89.63999938964844,74.23999786376953,6557800,146949600,4066200,665700,61965000,44273400,16422900,14727400,5685800,8145100,6361800,3148500,3040000,34779900,11919600,11665500,5007200,8418500,13779733,10539500,26758400,428356000,49440610,1944900,22667300,11869600,2389200,12484600,6172700,6431700,3709000,19984600,25861200,35177700,20796000,14912900
2019-05-29,58.134849548339844,28.09000015258789,136.74932861328125,177.2491455078125,21.197525024414062,23.40518569946289,34.84364318847656,49.98321533203125,46.96969985961914,85.94429779052734,19.1939754486084,64.28240966796875,160.29205322265625,38.54115295410156,108.76409912109375,89.48397064208984,105.87382507324219,39.50246047973633,60.923526763916016,34.017086029052734,32.46731185913086,3.4827065467834473,28.290668487548828,100.96503448486328,55.80695724487305,29.894804000854492,55.462284088134766,32.14741516113281,215.30735778808594,37.83549118041992,56.824398040771484,37.76509094238281,22.057559967041016,23.21286392211914,77.53111267089844,52.59191131591797,78.05999755859375,28.09000015258789,169.17999267578125,188.55999755859375,25.41200065612793,27.75,45.380001068115234,63.709999084472656,60.13999938964844,116.7699966430664,26.850000381469727,86.43000030517578,188.0500030517578,44.22999954223633,131.3300018310547,108.22000122070312,115.48999786376953,48.9900016784668,75.72518920898438,42.189998626708984,33.290000915527344,3.508500099182129,39.582542419433594,130.02999877929688,65.76000213623047,36.18000030517578,59.22999954223633,37.689998626708984,242.39999389648438,50.599998474121094,74.86000061035156,45.47999954223633,30.295000076293945,26.5,87.43000030517578,72.16000366210938,78.27999877929688,29.31999969482422,169.75999450683594,190.0800018310547,25.636999130249023,27.850000381469727,45.650001525878906,63.83000183105469,60.349998474121094,117.36000061035156,26.860000610351562,86.63999938964844,188.64999389648438,44.529998779296875,135.88999938964844,108.4000015258789,115.80000305175781,49.099998474121094,76.68893432617188,42.2400016784668,33.41999816894531,3.570499897003174,39.69639587402344,130.1199951171875,66.1500015258789,36.27000045776367,59.51333236694336,37.75,243.02999877929688,50.79999923706055,75.4000015258789,45.68000030517578,30.315000534057617,26.549999237060547,87.86000061035156,72.43000030517578,77.0999984741211,27.729999542236328,167.3300018310547,186.89999389648438,25.158000946044922,27.3799991607666,44.86000061035156,62.720001220703125,58.939998626708984,115.81999969482422,25.950000762939453,84.27999877929688,184.9199981689453,43.33000183105469,128.52000427246094,107.05999755859375,114.43000030517578,48.02000045776367,75.14312744140625,41.56999969482422,32.16999816894531,3.4735000133514404,39.16508483886719,127.98999786376953,64.76000213623047,35.459999084472656,58.356666564941406,37.18000030517578,237.89999389648438,50.06999969482422,73.63999938964844,45.130001068115234,29.889999389648438,26.219999313354492,86.81999969482422,71.62000274658203,77.56999969482422,29.0,168.0,188.55999755859375,25.27400016784668,27.530000686645508,45.61000061035156,63.150001525878906,59.290000915527344,117.04000091552734,26.1200008392334,85.6500015258789,187.74000549316406,43.349998474121094,135.88999938964844,107.44999694824219,115.61000061035156,48.25,76.45037841796875,41.7400016784668,32.31999969482422,3.535249948501587,39.563568115234375,128.6999969482422,65.36000061035156,36.0,58.526668548583984,37.459999084472656,239.85000610351562,50.5,74.0199966430664,45.38999938964844,30.06999969482422,26.34000015258789,87.8499984741211,71.88999938964844,4182200,99969600,2671600,1154100,28132000,49818900,15910700,13836300,6828300,7451300,11386500,3974100,2815800,28450300,23247400,9966400,5915800,5894900,11278890,9808700,28796100,559800000,26895761,1640400,16312600,10072100,4244400,13043000,3958400,4865900,3054100,16058800,33903200,39700600,16302700,13645200
2019-05-30,57.799720764160156,28.030000686645508,136.6361846923828,178.49940490722656,21.406063079833984,22.90755844116211,35.22755432128906,49.904754638671875,46.04030227661133,84.92123413085938,18.429075241088867,62.445343017578125,159.71241760253906,38.976844787597656,109.41004943847656,88.52478790283203,106.24969482421875,37.986549377441406,61.1691780090332,33.72682189941406,32.49656295776367,3.456122875213623,28.412731170654297,99.86243438720703,56.511322021484375,29.068527221679688,55.93046569824219,32.445945739746094,216.2843475341797,37.685943603515625,55.3138313293457,37.40803146362305,21.777244567871094,23.1340274810791,77.95677947998047,52.45344161987305,77.61000061035156,28.030000686645508,169.0399932861328,189.88999938964844,25.66200065612793,27.15999984741211,45.880001068115234,63.61000061035156,58.95000076293945,115.37999725341797,25.780000686645508,83.95999908447266,187.3699951171875,44.72999954223633,132.11000061035156,107.05999755859375,115.9000015258789,47.11000061035156,76.03053283691406,41.83000183105469,33.31999969482422,3.477750062942505,39.75332260131836,128.61000061035156,66.58999633789062,35.18000030517578,59.72999954223633,38.040000915527344,243.5,50.400001525878906,72.87000274658203,45.04999923706055,29.90999984741211,26.40999984741211,87.91000366210938,71.97000122070312,78.58999633789062,28.559999465942383,170.0500030517578,191.25,25.733999252319336,27.93000030517578,45.970001220703125,65.25,60.310001373291016,116.73999786376953,26.93000030517578,86.48999786376953,189.3699951171875,45.029998779296875,132.82000732421875,109.18000030517578,116.30000305175781,48.88999938964844,76.16412353515625,42.630001068115234,34.31999969482422,3.543750047683716,39.800758361816406,131.05999755859375,67.06999969482422,36.279998779296875,60.209999084472656,38.369998931884766,245.35000610351562,51.040000915527344,74.7300033569336,45.849998474121094,30.299999237060547,26.709999084472656,88.05000305175781,72.12999725341797,77.12999725341797,27.600000381469727,168.1999969482422,188.80999755859375,25.41200065612793,26.979999542236328,45.36000061035156,63.25,58.599998474121094,114.8499984741211,25.75,83.80999755859375,186.00999450683594,44.22999954223633,131.1699981689453,106.54000091552734,114.95999908447266,46.95000076293945,75.56298065185547,41.529998779296875,33.029998779296875,3.4392499923706055,39.44971466064453,127.48999786376953,65.93000030517578,35.119998931884766,59.246665954589844,37.84000015258789,241.33999633789062,49.9900016784668,72.0,44.880001068115234,29.815000534057617,26.280000686645508,87.51000213623047,71.52999877929688,78.5199966430664,28.399999618530273,169.44000244140625,189.14999389648438,25.465999603271484,27.770000457763672,45.36000061035156,64.7699966430664,60.06999969482422,116.54000091552734,26.760000228881836,86.26000213623047,188.08999633789062,44.29999923706055,131.44000244140625,108.6500015258789,115.48999786376953,48.7400016784668,75.91603088378906,42.459999084472656,33.43000030517578,3.5077500343322754,39.544593811035156,130.2899932861328,65.97000122070312,36.040000915527344,59.380001068115234,37.95000076293945,241.9199981689453,50.619998931884766,74.55999755859375,45.689998626708984,30.2450008392334,26.559999465942383,87.5999984741211,72.0199966430664,3533100,65289100,1943300,465300,17310000,58649300,8594900,13570900,5817900,5807900,8207200,3010000,1919300,21618900,7360600,10367800,2392800,8279000,7483768,7797200,20957600,394300000,17344308,1185400,11554600,11763600,2000100,7351600,2646600,4688600,5119600,13775900,30347800,40641200,12457600,9362100
2019-05-31,57.12944793701172,27.40999984741211,134.74473571777344,176.76976013183594,20.99065399169922,22.435239791870117,34.835960388183594,48.75931930541992,46.04811477661133,83.79513549804688,17.98586082458496,60.898345947265625,155.55276489257812,38.37560272216797,108.6150131225586,87.61524963378906,106.2863540649414,37.083431243896484,60.80836486816406,32.80765151977539,31.804115295410156,3.365440845489502,28.155052185058594,98.81420135498047,56.70651626586914,28.663644790649414,55.09709167480469,32.710357666015625,214.77439880371094,37.53639602661133,53.43890380859375,36.84337615966797,21.39499855041504,22.783639907836914,77.39810943603516,51.578861236572266,76.70999908447266,27.40999984741211,166.6999969482422,188.0500030517578,25.163999557495117,26.600000381469727,45.369998931884766,62.150001525878906,58.959999084472656,113.8499984741211,25.15999984741211,81.87999725341797,182.49000549316406,44.040000915527344,131.14999389648438,105.95999908447266,115.94000244140625,45.9900016784668,75.58206176757812,40.689998626708984,32.61000061035156,3.3864998817443848,39.39278793334961,127.26000213623047,66.81999969482422,34.689998626708984,58.84000015258789,38.349998474121094,241.8000030517578,50.20000076293945,70.4000015258789,44.369998931884766,29.385000228881836,26.010000228881836,87.27999877929688,70.7699966430664,77.56999969482422,28.360000610351562,168.8699951171875,189.88999938964844,25.573999404907227,26.8700008392334,45.7599983215332,62.869998931884766,59.400001525878906,115.19999694824219,25.649999618530273,83.8499984741211,184.88999938964844,44.970001220703125,132.0,106.58999633789062,117.58000183105469,46.400001525878906,76.2595443725586,41.279998779296875,33.5,3.4962499141693115,39.8292236328125,128.32000732421875,67.83999633789062,34.939998626708984,59.80666732788086,38.970001220703125,243.6199951171875,50.33000183105469,71.4800033569336,44.86000061035156,29.770000457763672,26.200000762939453,87.69000244140625,71.55000305175781,76.4000015258789,27.399999618530273,166.67999267578125,187.67999267578125,25.100000381469727,26.479999542236328,45.06999969482422,61.970001220703125,57.81999969482422,113.72000122070312,25.1200008392334,81.83000183105469,182.30999755859375,43.93000030517578,129.61000061035156,104.83999633789062,114.98999786376953,45.470001220703125,75.19084167480469,40.599998474121094,32.52000045776367,3.3847498893737793,39.326377868652344,126.33999633789062,65.52999877929688,34.459999084472656,58.79999923706055,38.25,239.47999572753906,49.75,69.44000244140625,44.220001220703125,29.385000228881836,25.989999771118164,86.7699966430664,70.62999725341797,77.30999755859375,27.56999969482422,168.05999755859375,188.6199951171875,25.304000854492188,26.5,45.560001373291016,62.38999938964844,58.04999923706055,114.22000122070312,25.40999984741211,82.69999694824219,184.77000427246094,44.18000030517578,131.52000427246094,105.55999755859375,115.33999633789062,46.209999084472656,75.69656372070312,41.11000061035156,32.599998474121094,3.428499937057495,39.554080963134766,127.37999725341797,65.77999877929688,34.720001220703125,58.983333587646484,38.27000045776367,241.9499969482422,49.869998931884766,71.0199966430664,44.529998779296875,29.5,26.06999969482422,87.33999633789062,71.19000244140625,4003200,68667800,2808900,777300,22192000,68304200,12845500,19968900,6939500,6899800,6536200,4316600,2640100,25532500,7811000,10952800,6098400,12939000,7142749,11328600,18607300,389720000,22639288,1543100,15060300,11445600,3330600,9302700,3285700,5678500,5670700,17540500,43797000,49259200,10712900,13983300
2019-06-03,56.37725067138672,27.579999923706055,139.3197479248047,175.76394653320312,21.119112014770508,22.502716064453125,35.41183090209961,49.120201110839844,46.407371520996094,85.3702163696289,18.23606300354004,61.69413757324219,156.14944458007812,37.87018585205078,108.85518646240234,88.02867126464844,107.04725646972656,38.00266647338867,61.614444732666016,32.83989715576172,31.882137298583984,3.3237013816833496,28.42629051208496,100.14195251464844,56.570735931396484,29.324676513671875,55.22818374633789,33.111244201660156,210.12005615234375,37.93269348144531,54.653446197509766,36.96793746948242,21.668031692504883,22.932554244995117,77.58432006835938,52.387840270996094,75.69999694824219,27.579999923706055,172.36000061035156,186.97999572753906,25.31800079345703,26.68000030517578,46.119998931884766,62.61000061035156,59.41999816894531,115.98999786376953,25.510000228881836,82.94999694824219,183.19000244140625,43.459999084472656,131.44000244140625,106.45999908447266,116.7699966430664,47.130001068115234,76.58396911621094,40.72999954223633,32.689998626708984,3.3445000648498535,39.77229690551758,128.97000122070312,66.66000366210938,35.4900016784668,58.97999954223633,38.81999969482422,236.55999755859375,50.72999954223633,72.0,44.52000045776367,29.760000228881836,26.18000030517578,87.48999786376953,71.87999725341797,76.83999633789062,29.6200008392334,176.80999755859375,189.85000610351562,25.83300018310547,26.989999771118164,46.5,62.779998779296875,60.20000076293945,116.0999984741211,25.719999313354492,83.05000305175781,183.49000549316406,44.59000015258789,132.39999389648438,106.86000061035156,117.72000122070312,47.25,77.21373748779297,41.09000015258789,33.220001220703125,3.4367499351501465,40.02846145629883,129.77999877929688,68.12999725341797,35.650001525878906,60.13999938964844,39.09000015258789,243.8000030517578,50.790000915527344,72.66000366210938,45.11000061035156,29.905000686645508,26.290000915527344,88.23999786376953,72.01000213623047,73.80999755859375,27.290000915527344,170.55999755859375,186.30999755859375,25.1200008392334,26.399999618530273,45.06999969482422,61.939998626708984,59.02000045776367,114.47000122070312,25.1299991607666,81.31999969482422,180.72999572753906,43.20000076293945,131.0399932861328,105.30000305175781,116.04000091552734,46.02000045776367,75.87786102294922,40.43000030517578,32.470001220703125,3.315000057220459,39.44022750854492,126.5199966430664,66.27999877929688,34.83000183105469,58.676666259765625,38.65999984741211,236.02000427246094,49.849998474121094,70.66000366210938,44.20000076293945,29.540000915527344,25.920000076293945,87.30999755859375,70.97000122070312,76.62999725341797,28.75,172.0,188.5800018310547,25.2549991607666,26.59000015258789,45.2599983215332,62.099998474121094,59.06999969482422,114.69999694824219,25.329999923706055,82.47000122070312,181.6999969482422,44.25,131.5,105.80000305175781,116.52999877929688,46.11000061035156,76.00190734863281,40.709999084472656,32.95000076293945,3.397749900817871,39.497154235839844,126.9800033569336,67.08999633789062,34.9900016784668,59.50666809082031,38.959999084472656,241.49000549316406,50.060001373291016,70.70999908447266,44.2400016784668,29.584999084472656,25.969999313354492,87.36000061035156,71.08999633789062,8434400,147532200,5774800,527300,28911000,50109900,13277000,19636800,6541500,6100800,5506900,3333200,2857800,31155700,8434600,11680700,4722000,8684100,9218103,10133200,21174500,478644000,22643082,1711300,13620700,9878700,2988000,9618300,4999400,6045400,3760600,20172500,36049400,63329300,19371000,11831000
2019-06-04,57.15922546386719,29.56999969482422,141.23538208007812,179.03517150878906,22.163471221923828,23.548574447631836,35.803409576416016,51.68564987182617,46.15745544433594,86.33438873291016,18.579193115234375,62.68336868286133,161.85195922851562,39.02912139892578,110.7516860961914,90.74083709716797,107.7714614868164,39.09928512573242,62.24394226074219,34.25090408325195,33.63765335083008,3.5527684688568115,28.636510848999023,103.58174896240234,58.08979797363281,29.94485855102539,57.64407730102539,33.315948486328125,213.8506317138672,39.03935241699219,56.0577392578125,37.9311637878418,22.042999267578125,23.554481506347656,78.87015533447266,53.63412857055664,76.75,29.56999969482422,174.72999572753906,190.4600067138672,26.56999969482422,27.920000076293945,46.630001068115234,65.87999725341797,59.099998474121094,117.30000305175781,25.989999771118164,84.27999877929688,189.8800048828125,44.790000915527344,133.72999572753906,109.73999786376953,117.55999755859375,48.4900016784668,77.36640930175781,42.47999954223633,34.4900016784668,3.575000047683716,40.06641387939453,133.39999389648438,68.44999694824219,35.72999954223633,61.560001373291016,39.060001373291016,240.75999450683594,52.209999084472656,73.8499984741211,45.68000030517578,30.274999618530273,26.889999389648438,88.94000244140625,73.58999633789062,77.44000244140625,29.59000015258789,175.36000061035156,190.55999755859375,26.600000381469727,27.950000762939453,46.84000015258789,65.94000244140625,60.0,117.68000030517578,26.190000534057617,84.9000015258789,189.99000549316406,44.86000061035156,134.3000030517578,109.9000015258789,118.93000030517578,48.65999984741211,77.60496520996094,42.56999969482422,34.560001373291016,3.5802500247955322,40.55977249145508,133.47000122070312,68.5,35.97999954223633,61.560001373291016,39.099998474121094,241.0500030517578,52.29999923706055,73.95999908447266,45.7599983215332,30.344999313354492,26.920000076293945,89.08999633789062,73.66000366210938,75.9000015258789,27.90999984741211,170.55999755859375,188.11000061035156,25.576000213623047,27.139999389648438,46.43000030517578,63.7599983215332,58.959999084472656,116.29000091552734,25.239999771118164,82.58000183105469,185.7100067138672,43.77000045776367,132.5800018310547,107.12999725341797,117.41000366210938,47.13999938964844,76.44084167480469,41.380001068115234,33.099998474121094,3.3867499828338623,39.886146545410156,130.44000244140625,66.69999694824219,35.15999984741211,59.586666107177734,38.41999816894531,234.8300018310547,51.2599983215332,72.25,45.0099983215332,29.959999084472656,26.43000030517578,88.11000061035156,72.16999816894531,76.13999938964844,28.389999389648438,174.02999877929688,188.97000122070312,25.695999145507812,27.18000030517578,46.47999954223633,63.790000915527344,59.869998931884766,116.5999984741211,25.829999923706055,83.44000244140625,186.17999267578125,44.15999984741211,132.60000610351562,107.8499984741211,118.08000183105469,47.4900016784668,77.05152893066406,41.43000030517578,33.36000061035156,3.4089999198913574,40.30360412597656,130.7899932861328,67.61000061035156,35.5099983215332,60.099998474121094,38.63999938964844,238.1300048828125,51.459999084472656,72.5,45.15999984741211,30.040000915527344,26.5,88.22000122070312,72.44999694824219,6447100,107549500,4553200,922600,36805000,58426400,10883100,17743100,7260500,5235600,7348800,3586200,2420800,28094900,6648900,12858600,3122700,8225500,9368806,11860900,25076000,641836000,18453537,1502900,15866700,8021100,3156600,6985600,4992000,6856500,3135000,21082000,29486800,45454400,15837200,10423000
2019-06-05,57.39009475708008,29.5,141.0899658203125,178.03880310058594,22.165142059326172,23.540138244628906,35.803409576416016,51.60719680786133,44.57981491088867,86.59199523925781,18.214614868164062,61.00990295410156,160.62451171875,38.81999588012695,111.29000854492188,91.06330108642578,107.27642059326172,38.4542121887207,62.71224594116211,34.21058654785156,32.516082763671875,3.5100362300872803,28.8060359954834,104.24176025390625,57.396121978759766,29.28276824951172,57.22893142700195,32.60800552368164,215.635986328125,39.2636604309082,55.51877975463867,38.08062744140625,21.799087524414062,23.70339584350586,79.46430969238281,53.1895637512207,77.05999755859375,29.5,174.5500030517578,189.39999389648438,26.57200050354004,27.90999984741211,46.630001068115234,65.77999877929688,57.08000183105469,117.6500015258789,25.479999542236328,82.02999877929688,188.44000244140625,44.54999923706055,134.3800048828125,110.12999725341797,117.0199966430664,47.689998626708984,77.94847106933594,42.43000030517578,33.34000015258789,3.5320000648498535,40.30360412597656,134.25,67.0199966430664,34.939998626708984,61.116668701171875,38.22999954223633,242.77000427246094,52.5099983215332,73.13999938964844,45.86000061035156,29.940000534057617,27.059999465942383,89.61000061035156,72.9800033569336,78.16999816894531,29.989999771118164,175.77000427246094,192.2100067138672,27.150999069213867,28.010000228881836,47.02000045776367,66.0199966430664,59.29999923706055,118.02999877929688,25.920000076293945,84.43000030517578,190.16000366210938,45.18000030517578,135.1300048828125,110.37999725341797,118.37999725341797,48.86000061035156,78.50190734863281,42.66999816894531,35.400001525878906,3.654750108718872,40.64516067504883,134.44000244140625,68.33000183105469,35.849998474121094,62.23666763305664,39.2599983215332,245.7899932861328,52.599998474121094,74.44999694824219,45.900001525878906,30.344999313354492,27.079999923706055,89.81999969482422,73.63999938964844,76.66000366210938,29.030000686645508,173.08999633789062,188.80999755859375,26.239999771118164,27.459999084472656,46.54999923706055,64.5,56.97999954223633,116.2699966430664,24.799999237060547,80.41000366210938,187.00999450683594,44.189998626708984,133.86000061035156,108.63999938964844,116.52999877929688,47.02000045776367,77.36640930175781,41.95000076293945,33.040000915527344,3.495500087738037,40.23719024658203,131.7899932861328,65.83000183105469,34.689998626708984,60.31999969482422,38.099998474121094,241.22999572753906,51.900001525878906,72.16999816894531,45.29999923706055,29.760000228881836,26.709999084472656,88.97000122070312,72.58000183105469,77.41000366210938,29.93000030517578,175.67999267578125,191.8300018310547,26.900999069213867,27.84000015258789,46.869998931884766,65.44999694824219,59.209999084472656,117.87000274658203,25.90999984741211,84.0999984741211,190.10000610351562,45.11000061035156,134.6999969482422,109.86000061035156,118.02999877929688,48.86000061035156,77.65267181396484,42.5,35.20000076293945,3.649250030517578,40.417457580566406,133.41000366210938,68.04000091552734,35.810001373291016,62.08000183105469,39.2400016784668,243.1699981689453,52.2400016784668,74.38999938964844,45.869998931884766,30.334999084472656,26.940000534057617,89.58999633789062,73.63999938964844,3804400,79481500,2606400,356400,23651000,44874400,10052400,12536300,11839200,5105700,6671800,4593300,1967800,20802000,6860600,8340500,4175800,7868200,9821961,6421300,27070300,511616000,21418861,1620400,11779200,9098900,3273600,8219800,3194400,5021600,3245400,13705400,31763800,46599700,24291700,10617800
2019-06-06,57.39754104614258,31.81999969482422,141.00914001464844,181.19723510742188,22.754894256591797,23.64188575744629,35.43486022949219,52.14854431152344,45.45454025268555,88.82210540771484,18.32184410095215,62.675907135009766,161.79226684570312,39.299259185791016,113.1948013305664,91.26174926757812,107.71646881103516,38.78480911254883,62.52030563354492,34.51698303222656,32.64286804199219,3.5721473693847656,28.96200180053711,103.853515625,57.8842658996582,29.374958038330078,58.0217399597168,32.78712463378906,214.7921905517578,39.45808029174805,56.528350830078125,38.13044357299805,22.203176498413086,23.790996551513672,79.87222290039062,54.15888977050781,77.06999969482422,31.81999969482422,174.4499969482422,192.75999450683594,27.27899932861328,27.8799991607666,46.150001525878906,66.47000122070312,58.20000076293945,120.68000030517578,25.6299991607666,84.2699966430664,189.80999755859375,45.099998474121094,136.67999267578125,110.37000274658203,117.5,48.099998474121094,77.70992279052734,42.810001373291016,33.470001220703125,3.5945000648498535,40.52182388305664,133.75,67.58999633789062,35.04999923706055,61.96333312988281,38.439998626708984,241.82000732421875,52.77000045776367,74.47000122070312,45.91999816894531,30.4950008392334,27.15999984741211,90.06999969482422,74.30999755859375,77.72000122070312,31.979999542236328,176.05999755859375,193.10000610351562,27.5,28.040000915527344,46.869998931884766,66.7699966430664,58.529998779296875,121.16000366210938,25.889999389648438,84.77999877929688,190.74000549316406,45.16999816894531,137.66000366210938,110.87000274658203,118.94000244140625,48.220001220703125,78.66412353515625,42.9900016784668,33.81999969482422,3.6192500591278076,40.882354736328125,134.5800018310547,67.97000122070312,35.56999969482422,62.176666259765625,38.59000015258789,243.94000244140625,52.959999084472656,74.86000061035156,46.189998626708984,30.610000610351562,27.270000457763672,90.43000030517578,74.62000274658203,76.86000061035156,29.84000015258789,174.08999633789062,190.22000122070312,26.527999877929688,27.540000915527344,46.119998931884766,65.5,57.290000915527344,118.11000061035156,25.34000015258789,82.43000030517578,187.30999755859375,44.5099983215332,134.58999633789062,108.93000030517578,117.2699966430664,46.810001373291016,77.70037841796875,42.150001525878906,32.939998626708984,3.533750057220459,40.30360412597656,132.99000549316406,66.2699966430664,34.65999984741211,60.98666763305664,37.91999816894531,241.72999572753906,52.38999938964844,72.80000305175781,45.45000076293945,30.0,26.920000076293945,89.54000091552734,73.58999633789062,77.16000366210938,29.8700008392334,174.77999877929688,190.6699981689453,26.70199966430664,27.760000228881836,46.81999969482422,65.81999969482422,57.380001068115234,118.20999908447266,25.639999389648438,82.83999633789062,188.05999755859375,44.75,134.89999389648438,110.1500015258789,117.5199966430664,47.650001525878906,78.3969497680664,42.25,33.2599983215332,3.536250114440918,40.60721206665039,133.88999938964844,66.91999816894531,34.93000030517578,61.206668853759766,38.18000030517578,243.1300048828125,52.61000061035156,74.05000305175781,45.7400016784668,30.0,27.06999969482422,89.75,73.70999908447266,4032800,131267800,2396800,399300,32687000,38633600,12206200,10868900,7370600,7370100,5635000,3545000,1653500,19076200,9115800,8726700,3882800,9358600,11393961,5741500,21088100,408140000,24494222,1251000,10781700,12356100,957000,6234000,2630100,4327200,3767900,16020500,64787800,37297600,18840900,11738900
2019-06-07,57.66567611694336,32.40999984741211,141.8659210205078,184.82566833496094,22.928394317626953,23.345102310180664,35.89555740356445,51.536598205566406,46.04811477661133,89.41092681884766,18.364730834960938,62.921348571777344,161.79226684570312,40.109642028808594,114.74348449707031,90.26123046875,108.49568939208984,37.8897705078125,63.3033447265625,34.42829513549805,33.150020599365234,3.614879846572876,29.104394912719727,103.1780014038086,58.82632064819336,29.835901260375977,58.67721939086914,33.111244201660156,219.18890380859375,39.3833122253418,56.72571563720703,37.889644622802734,22.305116653442383,23.75595474243164,80.70578002929688,54.355690002441406,77.43000030517578,32.40999984741211,175.50999450683594,196.6199951171875,27.48699951171875,27.530000686645508,46.75,65.69000244140625,58.959999084472656,121.4800033569336,25.690000534057617,84.5999984741211,189.80999755859375,46.029998779296875,138.5500030517578,109.16000366210938,118.3499984741211,46.9900016784668,78.6832046508789,42.70000076293945,33.9900016784668,3.637500047683716,40.72106170654297,132.8800048828125,68.69000244140625,35.599998474121094,62.663333892822266,38.81999969482422,246.77000427246094,52.66999816894531,74.7300033569336,45.630001068115234,30.635000228881836,27.1200008392334,91.01000213623047,74.58000183105469,78.37999725341797,32.599998474121094,176.0,198.4600067138672,27.78700065612793,27.790000915527344,46.95000076293945,66.80000305175781,59.310001373291016,122.12000274658203,25.979999542236328,85.13999938964844,190.61000061035156,46.119998931884766,139.58999633789062,110.0199966430664,118.94000244140625,48.650001525878906,79.08396911621094,43.06999969482422,34.029998779296875,3.671999931335449,41.034156799316406,133.85000610351562,68.77999877929688,36.150001525878906,62.793331146240234,39.0,247.07000732421875,52.88999938964844,75.19999694824219,46.15999984741211,30.829999923706055,27.25,91.2300033569336,74.95999908447266,77.08000183105469,31.56999969482422,173.27999877929688,194.9600067138672,27.327999114990234,27.420000076293945,46.47999954223633,65.62000274658203,58.150001525878906,120.52999877929688,25.389999389648438,83.5,188.52000427246094,45.099998474121094,137.13999938964844,108.95999908447266,117.88999938964844,46.33000183105469,78.07251739501953,42.58000183105469,33.220001220703125,3.581249952316284,40.66413879394531,132.30999755859375,67.30000305175781,35.209999084472656,62.02000045776367,38.560001373291016,242.19000244140625,52.45000076293945,74.06999969482422,45.54999923706055,30.514999389648438,27.079999923706055,90.33000183105469,74.43000030517578,77.48999786376953,31.940000534057617,175.6300048828125,195.6300048828125,27.47800064086914,27.75,46.52000045776367,66.16000366210938,58.310001373291016,120.73999786376953,25.729999542236328,84.48999786376953,189.8800048828125,45.25,137.58999633789062,109.69999694824219,118.19000244140625,48.38999938964844,78.07251739501953,42.66999816894531,33.54999923706055,3.6005001068115234,40.77798843383789,133.35000610351562,67.69000244140625,35.40999984741211,62.22999954223633,38.7400016784668,242.89999389648438,52.58000183105469,74.44999694824219,45.900001525878906,30.59000015258789,27.15999984741211,90.36000061035156,74.51000213623047,4829100,86841100,2072000,482300,25963000,51317200,6801600,11674200,5893000,5343100,5364300,2462100,1838600,24370300,6533900,10618900,2726300,10342900,8797436,7546200,21430400,348856000,20023470,1619800,10495600,12881200,1468500,4456900,2837400,4139700,2847200,14979900,31548200,33054800,9302700,9095500
2019-06-10,57.30818557739258,33.22999954223633,141.92247009277344,186.36734008789062,23.37382698059082,23.80301856994629,35.32735824584961,52.65848922729492,46.28240966796875,90.00708770751953,18.67212677001953,63.36759567260742,165.466064453125,40.78059768676758,115.13275909423828,91.2369384765625,104.44371032714844,38.4461555480957,63.3187255859375,34.90399169921875,34.07653045654297,3.687673807144165,29.206127166748047,104.34272003173828,60.4106559753418,29.726947784423828,60.10677719116211,33.79359817504883,220.40576171875,39.5552864074707,57.583457946777344,38.42107009887695,22.37063980102539,23.957426071166992,80.9452133178711,54.59618377685547,76.94999694824219,33.22999954223633,175.5800018310547,198.25999450683594,28.020999908447266,28.06999969482422,46.0099983215332,67.12000274658203,59.2599983215332,122.29000091552734,26.1200008392334,85.19999694824219,194.1199951171875,46.79999923706055,139.02000427246094,110.33999633789062,113.93000030517578,47.68000030517578,78.7022933959961,43.290000915527344,34.939998626708984,3.710750102996826,40.86337661743164,134.3800048828125,70.54000091552734,35.470001220703125,64.19000244140625,39.619998931884766,248.13999938964844,52.900001525878906,75.86000061035156,46.27000045776367,30.725000381469727,27.350000381469727,91.27999877929688,74.91000366210938,77.75,34.29999923706055,176.16000366210938,199.42999267578125,28.476999282836914,28.469999313354492,46.970001220703125,67.9800033569336,59.689998626708984,122.76000213623047,26.860000610351562,85.83000183105469,197.0,47.189998626708984,139.14999389648438,111.20999908447266,116.0,48.470001220703125,78.89312744140625,43.84000015258789,35.540000915527344,3.779750108718872,41.0246696472168,135.63999938964844,71.45999908447266,36.220001220703125,64.97333526611328,40.130001068115234,249.6699981689453,53.470001220703125,77.4000015258789,46.810001373291016,31.0,27.549999237060547,91.58000183105469,75.33000183105469,76.5999984741211,33.08000183105469,174.0500030517578,196.16000366210938,27.672000885009766,27.84000015258789,45.90999984741211,66.7300033569336,58.790000915527344,121.70999908447266,25.75,84.81999969482422,191.39999389648438,46.20000076293945,137.60000610351562,110.22000122070312,113.87999725341797,47.41999816894531,77.9103012084961,43.20000076293945,34.52000045776367,3.694000005722046,40.48387145996094,133.8800048828125,69.0,35.380001068115234,63.436668395996094,39.45000076293945,245.99000549316406,52.88999938964844,75.55999755859375,46.060001373291016,30.68000030517578,27.280000686645508,90.94999694824219,74.44999694824219,77.45999908447266,33.529998779296875,175.9499969482422,196.27000427246094,27.67300033569336,27.860000610351562,46.72999954223633,66.87999725341797,59.33000183105469,122.19999694824219,25.809999465942383,85.08000183105469,191.39999389648438,46.22999954223633,138.60000610351562,110.75,116.0,47.470001220703125,78.89312744140625,43.2400016784668,34.599998474121094,3.694000005722046,41.0246696472168,134.3300018310547,69.0,35.810001373291016,63.436668395996094,39.4900016784668,247.0800018310547,53.0,75.58000183105469,46.060001373291016,30.799999237060547,27.280000686645508,91.29000091552734,75.19000244140625,3969400,97668800,2091400,755900,23280000,48305800,10445300,10994700,5268400,5708800,5234800,2044100,2372000,20806100,4994700,11380600,8172400,7440200,7536273,8693100,21728000,402780000,15275727,1015500,15229200,12121000,3907800,8351800,2331000,4866300,3136300,15242700,19675600,37081400,8552800,7760400
2019-06-11,58.216758728027344,32.40999984741211,141.1465606689453,188.0969696044922,23.64659881591797,23.94716453552246,35.98768997192383,53.254737854003906,45.86847686767578,89.1827621459961,18.657825469970703,64.33448028564453,165.98597717285156,40.82416915893555,115.76214599609375,91.51807403564453,102.86693572998047,38.51871871948242,63.70256423950195,35.210384368896484,33.979000091552734,3.7453134059906006,28.934871673583984,104.96388244628906,61.0101318359375,30.749414443969727,60.34711456298828,34.083595275878906,218.38946533203125,39.764652252197266,57.96300506591797,38.41276550292969,22.414329528808594,23.9661922454834,80.81219482421875,54.545162200927734,78.16999816894531,32.40999984741211,174.6199951171875,200.10000610351562,28.347999572753906,28.239999771118164,46.869998931884766,67.87999725341797,58.72999954223633,121.16999816894531,26.100000381469727,86.5,194.72999572753906,46.849998474121094,139.77999877929688,110.68000030517578,112.20999908447266,47.77000045776367,79.17938995361328,43.66999816894531,34.84000015258789,3.768749952316284,40.48387145996094,135.17999267578125,71.23999786376953,36.689998626708984,64.44667053222656,39.959999084472656,245.8699951171875,53.18000030517578,76.36000061035156,46.2599983215332,30.78499984741211,27.360000610351562,91.12999725341797,74.83999633789062,78.9000015258789,33.4900016784668,177.14999389648438,202.66000366210938,29.174999237060547,28.700000762939453,47.02000045776367,68.02999877929688,59.869998931884766,123.5,26.75,87.69000244140625,196.1199951171875,47.31999969482422,140.66000366210938,111.56999969482422,115.58999633789062,48.470001220703125,79.5896987915039,44.18000030517578,35.9900016784668,3.809000015258789,41.08159255981445,136.35000610351562,72.22000122070312,37.02000045776367,65.51000213623047,40.599998474121094,250.69000244140625,53.63999938964844,77.33000183105469,46.459999084472656,31.094999313354492,27.610000610351562,91.95999908447266,75.80999755859375,77.48999786376953,31.81999969482422,174.1999969482422,199.05999755859375,27.94099998474121,28.139999389648438,46.040000915527344,67.16000366210938,58.65999984741211,121.1500015258789,26.06999969482422,86.16000366210938,193.50999450683594,46.52000045776367,139.5,110.37000274658203,111.8499984741211,47.77000045776367,78.67366027832031,43.40999984741211,34.75,3.7290000915527344,40.370018005371094,134.24000549316406,70.2699966430664,35.79999923706055,63.956668853759766,39.939998626708984,245.72999572753906,52.95000076293945,76.31999969482422,45.77000045776367,30.774999618530273,27.280000686645508,90.9000015258789,74.81999969482422,77.48999786376953,33.43000030517578,176.27000427246094,202.36000061035156,29.048999786376953,28.3799991607666,46.20000076293945,67.58000183105469,59.689998626708984,123.37000274658203,26.40999984741211,86.2300033569336,195.3000030517578,47.2599983215332,139.67999267578125,110.81999969482422,114.77999877929688,48.13999938964844,79.09351348876953,43.77000045776367,35.79999923706055,3.7709999084472656,40.986717224121094,134.77999877929688,71.58000183105469,36.09000015258789,65.37999725341797,40.470001220703125,248.52000427246094,53.2599983215332,76.62000274658203,45.84000015258789,30.9950008392334,27.5,91.7300033569336,75.51000213623047,4210200,82834900,2313800,520400,37105000,38691800,11030300,9800900,5280300,5625100,5756700,4030700,1632200,18415500,8230500,9847700,5681200,5619100,7789679,10654600,19208600,383872000,18813162,1248700,11839500,12121500,3400500,6100600,3043000,3820200,2483300,15078300,19045200,34273400,8317900,9415100
2019-06-12,58.51466369628906,32.18000030517578,141.93869018554688,185.01373291015625,23.333789825439453,23.701251983642578,36.57122802734375,52.4152717590332,45.7279052734375,88.4614486694336,18.214614868164062,63.24116134643555,162.14173889160156,40.36234664916992,117.33566284179688,90.3521957397461,105.64466094970703,37.873634338378906,64.26295471191406,34.36378479003906,32.14546585083008,3.632270574569702,29.212900161743164,104.12529754638672,59.597076416015625,29.81913948059082,58.945640563964844,33.65712356567383,217.172607421875,39.39826583862305,58.06928253173828,37.29177474975586,22.09760284423828,23.729677200317383,81.20238494873047,53.95481872558594,78.56999969482422,32.18000030517578,175.60000610351562,196.82000732421875,27.972999572753906,27.950000762939453,47.630001068115234,66.80999755859375,58.54999923706055,120.19000244140625,25.479999542236328,85.02999877929688,190.22000122070312,46.31999969482422,141.67999267578125,109.2699966430664,115.23999786376953,46.970001220703125,79.8759536743164,42.619998931884766,32.959999084472656,3.6549999713897705,40.87286376953125,134.10000610351562,69.58999633789062,35.58000183105469,62.95000076293945,39.459999084472656,244.5,52.689998626708984,76.5,44.90999984741211,30.350000381469727,27.09000015258789,91.56999969482422,74.02999877929688,79.25,32.56999969482422,176.69000244140625,199.5500030517578,28.31599998474121,28.270000457763672,47.65999984741211,67.80999755859375,58.61000061035156,120.58000183105469,25.75,86.13999938964844,194.0500030517578,46.66999816894531,142.91000366210938,110.9000015258789,115.5,47.88999938964844,80.4103012084961,43.439998626708984,34.099998474121094,3.731250047683716,40.958255767822266,135.75,70.37000274658203,36.79999923706055,63.84333419799805,40.189998626708984,246.5,53.459999084472656,76.83999633789062,46.27000045776367,30.655000686645508,27.3799991607666,91.5999984741211,74.61000061035156,78.18000030517578,31.920000076293945,174.16000366210938,196.72999572753906,27.740999221801758,27.860000610351562,46.900001525878906,66.62999725341797,57.880001068115234,119.55999755859375,25.15999984741211,84.44000244140625,189.8300018310547,46.25,140.3000030517578,108.88999938964844,112.5,46.90999984741211,79.33206176757812,42.540000915527344,32.72999954223633,3.6397500038146973,40.284629821777344,133.67999267578125,69.19999694824219,35.5,62.86333465576172,39.45000076293945,242.3000030517578,52.560001373291016,75.2699966430664,44.779998779296875,30.2549991607666,27.030000686645508,91.05999755859375,73.80999755859375,78.25,32.0,175.3000030517578,199.5500030517578,28.16699981689453,28.200000762939453,46.9900016784668,67.6500015258789,58.16999816894531,120.37999725341797,25.739999771118164,85.95999908447266,193.61000061035156,46.66999816894531,140.3000030517578,110.69999694824219,112.5,47.63999938964844,79.33206176757812,43.439998626708984,34.0099983215332,3.7249999046325684,40.29411697387695,135.08999633789062,69.52999877929688,36.79999923706055,63.7599983215332,40.0,246.1999969482422,53.13999938964844,76.18000030517578,46.0099983215332,30.584999084472656,27.329999923706055,91.1500015258789,74.4800033569336,4165700,56298700,1888600,464500,27057000,33528900,10651400,9878300,5677400,4000100,5327200,2857600,2059400,15900600,9216500,9670500,3793800,6602300,11057762,8073800,28746500,358892000,16296843,1172900,9396200,12258800,1450500,6163200,3251800,4153400,2569200,22470400,27633000,36866000,5799200,7920800
2019-06-13,58.797672271728516,31.389999389648438,142.8358917236328,186.0570831298828,23.49061393737793,23.692777633666992,36.34088897705078,52.627113342285156,46.1262092590332,88.99139404296875,18.738311767578125,64.32703399658203,163.19020080566406,40.69346237182617,116.5323486328125,90.57546997070312,102.50940704345703,38.62355041503906,63.64112854003906,34.62985610961914,32.555084228515625,3.683450222015381,28.819599151611328,103.83798217773438,59.88825225830078,30.833227157592773,59.22969055175781,33.64860153198242,217.58119201660156,39.39826583862305,58.64616394042969,37.60731887817383,22.356077194213867,23.808509826660156,81.1048355102539,54.42856979370117,78.94999694824219,31.389999389648438,176.7100067138672,197.92999267578125,28.160999298095703,27.940000534057617,47.33000183105469,67.08000183105469,59.060001373291016,120.91000366210938,26.1200008392334,86.48999786376953,191.4499969482422,46.70000076293945,140.7100067138672,109.54000091552734,111.81999969482422,47.900001525878906,79.1030502319336,42.95000076293945,33.380001068115234,3.7065000534057617,40.32258224487305,133.72999572753906,69.93000030517578,36.790000915527344,63.253334045410156,39.45000076293945,244.9600067138672,52.689998626708984,77.26000213623047,45.290000915527344,30.704999923706055,27.18000030517578,91.45999908447266,74.68000030517578,79.19999694824219,32.5,177.4499969482422,198.13999938964844,28.288999557495117,28.15999984741211,47.7400016784668,67.44000244140625,59.619998931884766,121.88999938964844,26.139999389648438,87.0,192.25,46.959999084472656,141.9499969482422,110.16000366210938,115.4000015258789,48.099998474121094,80.32442474365234,43.220001220703125,33.63999938964844,3.7249999046325684,40.92979049682617,135.1699981689453,70.48999786376953,36.959999084472656,63.53333282470703,39.619998931884766,245.33999633789062,53.08000183105469,78.06999969482422,45.630001068115234,30.844999313354492,27.270000457763672,91.7300033569336,75.16999816894531,78.30000305175781,31.059999465942383,175.22999572753906,197.00999450683594,27.740999221801758,27.809999465942383,46.970001220703125,66.7699966430664,58.86000061035156,120.45999908447266,25.389999389648438,86.11000061035156,190.07000732421875,46.529998779296875,140.2100067138672,109.05000305175781,110.61000061035156,47.130001068115234,78.75,42.540000915527344,33.0099983215332,3.6594998836517334,40.199241638183594,132.88999938964844,69.37999725341797,35.91999816894531,62.823333740234375,39.029998779296875,243.1199951171875,52.5,76.47000122070312,44.91999816894531,30.34000015258789,27.06999969482422,91.0999984741211,74.37999725341797,78.93000030517578,32.38999938964844,175.8300018310547,197.75999450683594,28.152000427246094,27.969999313354492,47.529998779296875,66.83000183105469,59.349998474121094,121.23999786376953,25.739999771118164,86.33000183105469,190.41000366210938,46.599998474121094,141.72000122070312,109.45999908447266,115.4000015258789,47.439998626708984,80.20992279052734,42.68000030517578,33.08000183105469,3.6772499084472656,40.86337661743164,134.36000061035156,69.97000122070312,36.18000030517578,63.4033317565918,39.619998931884766,244.82000732421875,52.77000045776367,77.4800033569336,45.099998474121094,30.700000762939453,27.139999389648438,91.7300033569336,74.69999694824219,2924900,63556000,1675800,268300,37735000,33404200,9328000,9453600,5174200,3993300,5809600,4218100,1411400,12267600,7500800,8406900,8477300,6491400,10194001,7530900,16586700,308080000,14464042,2019500,6790500,14336200,1143000,6646800,3107800,4313900,2819600,15629400,24383000,31020000,9031800,8986400
2019-06-14,58.60404586791992,30.360000610351562,142.32664489746094,180.50164794921875,22.182662963867188,23.77757453918457,36.517478942871094,52.9409294128418,45.938777923583984,88.91778564453125,18.487224578857422,63.34527587890625,163.36917114257812,40.249053955078125,116.01889038085938,90.80697631835938,102.43606567382812,38.67192077636719,63.97343444824219,34.5250358581543,31.852876663208008,3.5935134887695312,28.995901107788086,104.98721313476562,58.85200500488281,30.112470626831055,57.73771667480469,32.275360107421875,218.91050720214844,39.345916748046875,58.266639709472656,37.85642623901367,22.210460662841797,23.86107063293457,80.91859436035156,54.18803787231445,78.69000244140625,30.360000610351562,176.0800018310547,192.02000427246094,26.593000411987305,28.040000915527344,47.560001373291016,67.4800033569336,58.81999969482422,120.80999755859375,25.770000457763672,85.16999816894531,191.66000366210938,46.189998626708984,140.08999633789062,109.81999969482422,111.73999786376953,47.959999084472656,78.9885482788086,42.81999969482422,32.65999984741211,3.615999937057495,40.56925964355469,135.2100067138672,68.72000122070312,35.93000030517578,61.65999984741211,37.84000015258789,245.3699951171875,52.619998931884766,76.76000213623047,45.59000015258789,30.5049991607666,27.239999771118164,91.25,74.3499984741211,79.33999633789062,30.959999084472656,177.89999389648438,193.13999938964844,26.80900001525879,28.170000076293945,48.029998779296875,67.72000122070312,59.38999938964844,121.16000366210938,26.200000762939453,87.33000183105469,192.1699981689453,46.41999816894531,141.49000549316406,110.30000305175781,112.25,48.0,79.55152893066406,43.220001220703125,32.84000015258789,3.6372499465942383,40.673622131347656,135.75,69.12000274658203,36.70000076293945,61.93000030517578,38.70000076293945,246.10000610351562,52.81999969482422,77.22000122070312,45.790000915527344,30.78499984741211,27.329999923706055,91.7699966430664,74.80999755859375,78.20999908447266,30.020000457763672,175.5500030517578,190.5,25.746999740600586,27.780000686645508,47.20000076293945,66.5,58.689998626708984,120.37000274658203,25.670000076293945,85.05999755859375,189.30999755859375,45.54999923706055,140.0399932861328,108.62999725341797,111.01000213623047,47.33000183105469,78.6832046508789,42.5099983215332,32.2400016784668,3.571000099182129,40.30360412597656,133.42999267578125,67.9000015258789,35.63999938964844,61.2400016784668,37.83000183105469,242.7899932861328,51.97999954223633,75.97000122070312,44.84000015258789,30.43000030517578,27.0,91.18000030517578,74.2300033569336,78.94999694824219,30.700000762939453,176.97000122070312,191.5500030517578,25.81100082397461,27.90999984741211,47.33000183105469,67.1500015258789,59.060001373291016,121.0,26.049999237060547,86.55999755859375,191.2899932861328,45.83000183105469,141.22999572753906,109.56999969482422,112.12999725341797,47.79999923706055,78.9217529296875,43.189998626708984,32.45000076293945,3.6127500534057617,40.341556549072266,134.07000732421875,68.3499984741211,36.66999816894531,61.4033317565918,38.630001068115234,244.72000122070312,52.650001525878906,76.93000030517578,45.310001373291016,30.780000686645508,27.209999084472656,91.5,74.68000030517578,4075900,70373000,1621800,482300,100797000,37322100,10186000,8901900,3590500,3366800,5075600,2759500,1403900,15381100,6548100,9077400,3188100,5463300,7989952,7102600,19715000,394428000,13197872,1757900,12119500,11571500,2081700,11281500,2165500,5665600,2084200,16147500,15832600,29724100,5056300,8575900
2019-06-17,58.57423782348633,29.200000762939453,144.19384765625,178.26437377929688,22.185998916625977,23.684293746948242,37.016563415527344,52.20346450805664,46.087158203125,89.34468078613281,18.93918228149414,63.56844711303711,162.6616973876953,40.19677734375,115.48055267333984,90.31085205078125,103.95783996582031,39.27667999267578,64.37531280517578,34.275089263916016,31.628557205200195,3.6032025814056396,29.07727813720703,102.91399383544922,59.18600082397461,30.724275588989258,57.31052017211914,32.12183380126953,219.4458465576172,38.51593017578125,58.39567565917969,37.59070587158203,22.396129608154297,23.64208221435547,81.28219604492188,54.72736358642578,78.6500015258789,29.200000762939453,178.38999938964844,189.63999938964844,26.597000122070312,27.93000030517578,48.209999084472656,66.54000091552734,59.0099983215332,121.38999938964844,26.399999618530273,85.47000122070312,190.8300018310547,46.130001068115234,139.44000244140625,109.22000122070312,113.4000015258789,48.709999084472656,79.48473358154297,42.5099983215332,32.43000030517578,3.6257500648498535,40.68311309814453,132.5399932861328,69.11000061035156,36.65999984741211,60.95333480834961,37.65999984741211,245.97000122070312,51.5099983215332,76.93000030517578,45.27000045776367,30.760000228881836,26.989999771118164,91.66000366210938,75.08999633789062,79.05000305175781,30.450000762939453,178.5500030517578,192.42999267578125,26.8700008392334,28.219999313354492,48.470001220703125,67.51000213623047,59.11000061035156,121.83999633789062,26.459999084472656,86.05000305175781,193.22999572753906,46.529998779296875,140.24000549316406,110.37000274658203,113.41999816894531,49.0,79.51335906982422,43.08000183105469,32.849998474121094,3.6630001068115234,40.70208740234375,136.17999267578125,69.9800033569336,36.72999954223633,61.619998931884766,38.04999923706055,247.10000610351562,52.77000045776367,77.75,46.02000045776367,30.844999313354492,27.309999465942383,91.72000122070312,75.19000244140625,78.4000015258789,29.18000030517578,175.39999389648438,189.5399932861328,26.134000778198242,27.790000915527344,47.650001525878906,66.4000015258789,58.279998779296875,120.37999725341797,25.34000015258789,84.31999969482422,190.74000549316406,45.79999923706055,139.2100067138672,109.05999755859375,111.33999633789062,47.75,78.75,42.439998626708984,32.13999938964844,3.591249942779541,40.180267333984375,132.30999755859375,68.9000015258789,35.689998626708984,60.93333435058594,37.65999984741211,245.22000122070312,51.400001525878906,76.33000183105469,45.13999938964844,30.344999313354492,26.959999084472656,91.20999908447266,74.04000091552734,78.4000015258789,30.25,176.0399932861328,192.0,26.483999252319336,28.010000228881836,47.790000915527344,67.5,58.349998474121094,120.72000122070312,25.520000457763672,84.41000366210938,192.02000427246094,46.13999938964844,140.0,109.69999694824219,111.63999938964844,47.97999954223633,78.91221618652344,42.72999954223633,32.540000915527344,3.6142499446868896,40.512332916259766,135.2100067138672,69.08999633789062,35.77000045776367,61.39666748046875,37.91999816894531,246.0,52.619998931884766,76.47000122070312,45.58000183105469,30.440000534057617,27.229999542236328,91.33999633789062,74.16000366210938,3083200,70865700,1916800,476400,35785000,33410100,9514200,8135900,4575000,4219100,5624000,2629200,1155600,12643300,5562800,8128600,3032300,8369100,6427279,5658700,20050000,276040000,14094931,1710400,9411100,7574600,1074600,6500700,2270300,5059900,2470100,13420400,17590400,40981600,4861500,9355700
2019-06-18,58.276344299316406,30.450000762939453,146.7965850830078,183.03964233398438,23.193653106689453,24.2694034576416,36.69408416748047,53.33319854736328,46.72758483886719,90.47814178466797,19.297880172729492,65.6732406616211,166.19912719726562,41.277286529541016,116.13481903076172,91.54288482666016,105.1037826538086,40.02656555175781,65.29492950439453,34.944305419921875,33.44259262084961,3.798231840133667,29.206127166748047,104.38151550292969,61.62676239013672,30.950551986694336,59.789615631103516,33.44388961791992,219.2049560546875,39.02439880371094,59.05608367919922,38.27989959716797,22.7055606842041,23.957426071166992,81.97389221191406,55.201114654541016,78.25,30.450000762939453,181.61000061035156,194.72000122070312,27.80500030517578,28.6200008392334,47.790000915527344,67.9800033569336,59.83000183105469,122.93000030517578,26.899999618530273,88.30000305175781,194.97999572753906,47.369998931884766,140.22999572753906,110.70999908447266,114.6500015258789,49.63999938964844,80.62023162841797,43.34000015258789,34.290000915527344,3.822000026702881,40.86337661743164,134.42999267578125,71.95999908447266,36.93000030517578,63.59000015258789,39.209999084472656,245.6999969482422,52.189998626708984,77.80000305175781,46.099998474121094,31.184999465942383,27.350000381469727,92.44000244140625,75.73999786376953,79.19999694824219,30.969999313354492,182.82000732421875,195.8000030517578,28.302000045776367,28.799999237060547,48.68000030517578,68.25,60.220001220703125,123.87000274658203,27.34000015258789,89.08000183105469,197.1300048828125,48.0,140.92999267578125,111.41000366210938,114.83000183105469,50.04999923706055,80.79198455810547,43.810001373291016,34.88999938964844,3.8777499198913574,41.11005783081055,135.4499969482422,72.38999938964844,37.380001068115234,64.03333282470703,39.41999816894531,249.33999633789062,52.41999816894531,78.87000274658203,46.38999938964844,31.3700008392334,27.459999084472656,92.76000213623047,76.22000122070312,77.01000213623047,29.579999923706055,179.1199951171875,189.49000549316406,26.645999908447266,27.829999923706055,47.709999084472656,66.5,59.209999084472656,121.86000061035156,26.469999313354492,86.41999816894531,190.6699981689453,46.599998474121094,139.7899932861328,108.9800033569336,113.22000122070312,48.79999923706055,79.41793823242188,42.439998626708984,32.900001525878906,3.676500082015991,40.62618637084961,131.57000732421875,69.66999816894531,36.540000915527344,61.60333251953125,38.220001220703125,245.14999389648438,51.349998474121094,77.44999694824219,45.060001373291016,30.905000686645508,26.93000030517578,91.94000244140625,75.3499984741211,78.87999725341797,29.760000228881836,179.27000427246094,189.49000549316406,26.815000534057617,28.020000457763672,48.279998779296875,66.80999755859375,59.43000030517578,121.94999694824219,26.56999969482422,86.47000122070312,190.6699981689453,46.75,140.55999755859375,109.01000213623047,113.6500015258789,48.79999923706055,79.41793823242188,42.56999969482422,32.900001525878906,3.6875,40.62618637084961,132.4600067138672,69.69000244140625,36.689998626708984,61.60333251953125,38.27000045776367,247.5,51.560001373291016,77.5999984741211,45.25,30.959999084472656,26.93000030517578,92.12000274658203,75.41999816894531,5433500,86444500,3125500,1358900,54920000,60170700,11523700,12199100,4980000,4884300,5800900,3640500,2363000,25732300,7122700,11057300,2868700,7502200,11425086,10094500,33727300,581920000,22833434,1781100,14508000,10127400,2850000,12303200,3482500,5293000,2759600,18611100,34444200,46237400,7979600,10091500
2019-06-19,57.799720764160156,30.5,147.73423767089844,185.01373291015625,23.14693832397461,24.0150089263916,37.32369613647461,53.0272331237793,46.587013244628906,90.44869232177734,19.305051803588867,65.93356323242188,166.7616729736328,41.015872955322266,116.3170166015625,90.88137817382812,105.63546752929688,40.042694091796875,65.96728515625,34.783050537109375,33.10124588012695,3.8041956424713135,29.49770164489746,103.4653091430664,61.48971939086914,30.59856605529785,59.90871810913086,33.60594940185547,223.21075439453125,38.972049713134766,59.329341888427734,37.906246185302734,22.68008041381836,23.91362953186035,82.70989990234375,54.89499282836914,77.61000061035156,30.5,182.77000427246094,196.82000732421875,27.749000549316406,28.31999969482422,48.61000061035156,67.58999633789062,59.650001525878906,122.88999938964844,26.90999984741211,88.6500015258789,195.63999938964844,47.06999969482422,140.4499969482422,109.91000366210938,115.2300033569336,49.65999984741211,81.45037841796875,43.13999938964844,33.939998626708984,3.828000068664551,41.27134704589844,133.25,71.80000305175781,36.5099983215332,63.71666717529297,39.400001525878906,250.19000244140625,52.119998931884766,78.16000366210938,45.650001525878906,31.149999618530273,27.299999237060547,93.2699966430664,75.31999969482422,78.4800033569336,30.790000915527344,183.1199951171875,198.22000122070312,27.906999588012695,28.969999313354492,48.66999816894531,68.58999633789062,60.290000915527344,123.4800033569336,27.239999771118164,89.37999725341797,197.61000061035156,47.58000183105469,140.97000122070312,111.58999633789062,115.98999786376953,50.400001525878906,81.64122009277344,43.90999984741211,34.689998626708984,3.86899995803833,41.35673522949219,136.27000427246094,72.62000274658203,37.130001068115234,64.12666320800781,39.959999084472656,251.3699951171875,52.95000076293945,79.0999984741211,46.75,31.329999923706055,27.59000015258789,93.4800033569336,75.8499984741211,77.29000091552734,30.059999465942383,180.63999938964844,195.32000732421875,27.371000289916992,28.299999237060547,47.709999084472656,67.58000183105469,59.38999938964844,122.22000122070312,26.5,86.54000091552734,194.7899932861328,47.0,139.91000366210938,109.69999694824219,114.33999633789062,49.369998931884766,80.3530502319336,43.11000061035156,33.709999084472656,3.8017499446868896,40.882354736328125,132.99000549316406,70.80000305175781,36.310001373291016,63.3466682434082,39.29999923706055,245.50999450683594,52.040000915527344,77.47000122070312,45.630001068115234,30.985000610351562,27.270000457763672,92.4000015258789,75.16999816894531,78.4000015258789,30.670000076293945,181.47999572753906,196.47000122070312,27.878000259399414,28.700000762939453,48.08000183105469,68.16000366210938,59.75,122.51000213623047,26.850000381469727,87.75,195.35000610351562,47.47999954223633,140.00999450683594,110.81999969482422,115.0199966430664,49.7599983215332,80.39122009277344,43.70000076293945,34.689998626708984,3.8575000762939453,40.958255767822266,135.25,72.37000274658203,37.099998474121094,64.02666473388672,39.939998626708984,246.0,52.380001068115234,77.91000366210938,46.47999954223633,31.139999389648438,27.399999618530273,92.45999908447266,75.4000015258789,6147300,63233900,2396500,358200,28920000,61953500,8720800,12334800,4469100,3847100,7122000,3318300,2196800,17436400,6393400,13126500,3320600,7330300,9825419,8034300,20436400,331644000,21753611,1521800,11999300,10273200,1431300,10217600,4204600,5664000,2316400,17787600,17655400,58118500,6988100,9757400
2019-06-20,58.343379974365234,30.010000228881836,148.7930908203125,189.56336975097656,23.277067184448242,23.97260856628418,37.538692474365234,53.42734909057617,47.40706253051758,91.47176361083984,20.137229919433594,68.01602172851562,166.81283569335938,41.12044143676758,117.77460479736328,91.1129150390625,105.93799591064453,41.88920974731445,65.37995910644531,35.04106521606445,33.306060791015625,3.828542709350586,29.56551742553711,103.19352722167969,62.29473114013672,32.05683135986328,60.41330337524414,34.55271530151367,221.04278564453125,39.00196075439453,60.53626251220703,38.08062744140625,23.182464599609375,24.018739700317383,83.07349395751953,55.83518600463867,78.33999633789062,30.010000228881836,184.0800018310547,201.66000366210938,27.905000686645508,28.270000457763672,48.88999938964844,68.0999984741211,60.70000076293945,124.27999877929688,28.06999969482422,91.44999694824219,195.6999969482422,47.189998626708984,142.2100067138672,110.19000244140625,115.55999755859375,51.95000076293945,80.72518920898438,43.459999084472656,34.150001525878906,3.8524999618530273,41.3662223815918,132.89999389648438,72.73999786376953,38.25,64.25333404541016,40.5099983215332,247.75999450683594,52.15999984741211,79.75,45.86000061035156,31.84000015258789,27.420000076293945,93.68000030517578,76.61000061035156,79.16999816894531,31.360000610351562,185.2899932861328,203.61000061035156,28.545000076293945,28.610000610351562,49.54999923706055,68.72000122070312,61.20000076293945,124.69999694824219,28.299999237060547,92.0999984741211,198.19000244140625,48.04999923706055,142.39999389648438,111.08999633789062,117.06999969482422,52.290000915527344,82.53816986083984,43.95000076293945,35.2599983215332,3.9332499504089355,41.850093841552734,133.77999877929688,73.66999816894531,38.349998474121094,65.23332977294922,40.720001220703125,252.82000732421875,52.619998931884766,80.6500015258789,45.9900016784668,31.889999389648438,27.530000686645508,94.33000183105469,76.97000122070312,78.08000183105469,29.84000015258789,182.11000061035156,200.49000549316406,27.715999603271484,27.850000381469727,48.63999938964844,67.23999786376953,60.400001525878906,123.5999984741211,27.559999465942383,90.4000015258789,193.61000061035156,46.869998931884766,141.0,109.02999877929688,115.26000213623047,50.5099983215332,80.45801544189453,42.9900016784668,34.02000045776367,3.8380000591278076,41.28083419799805,130.05999755859375,72.2300033569336,37.279998779296875,63.956668853759766,40.13999938964844,247.39999389648438,51.31999969482422,79.30999755859375,45.2400016784668,31.614999771118164,27.1200008392334,93.13999938964844,76.08000183105469,78.23999786376953,31.239999771118164,184.77999877929688,203.11000061035156,28.250999450683594,28.59000015258789,49.0,68.55999755859375,60.72999954223633,124.30999755859375,27.649999618530273,90.4000015258789,197.5,47.869998931884766,141.25,110.87999725341797,116.3499984741211,50.529998779296875,82.04198455810547,43.599998474121094,34.84000015258789,3.919250011444092,41.58443832397461,133.55999755859375,73.19000244140625,37.38999938964844,64.9366683959961,40.45000076293945,251.60000610351562,52.36000061035156,79.43000030517578,45.849998474121094,31.649999618530273,27.450000762939453,94.04000091552734,76.23999786376953,5347000,72418200,2780400,431100,57291000,60887200,9441600,15557100,9437900,7771700,7345900,3772800,2749300,20126800,7335800,13638000,2840100,10766000,12490483,9922800,21691500,350168000,23500300,2128600,9871800,13067900,3371400,10400000,3800800,4533500,3011800,19205200,51908000,50583800,9241200,16229700
2019-06-21,58.67107009887695,29.100000381469727,151.24224853515625,190.1367645263672,23.074111938476562,23.845413208007812,37.88420104980469,53.32536315917969,47.11809158325195,91.9501724243164,20.259185791015625,68.70030975341797,167.0174102783203,41.35572052001953,117.67520904541016,90.49275207519531,105.87382507324219,42.46171188354492,65.3567886352539,35.137813568115234,32.42829513549805,3.7704060077667236,29.612985610961914,103.40319061279297,62.277618408203125,32.584835052490234,60.06855010986328,34.56123352050781,225.0753936767578,39.07673645019531,62.17585372924805,38.9359016418457,23.349985122680664,23.965038299560547,83.47245788574219,56.62230682373047,78.77999877929688,29.100000381469727,187.11000061035156,202.27000427246094,27.39900016784668,28.1200008392334,49.34000015258789,67.97000122070312,60.33000183105469,124.93000030517578,28.239999771118164,92.37000274658203,195.94000244140625,47.459999084472656,142.08999633789062,109.44000244140625,115.48999786376953,52.65999984741211,80.69656372070312,43.58000183105469,33.25,3.7939999103546143,41.43263626098633,133.1699981689453,72.72000122070312,38.880001068115234,63.88666534423828,40.52000045776367,252.27999877929688,52.2599983215332,81.91000366210938,46.88999938964844,31.780000686645508,27.219999313354492,93.7300033569336,77.69000244140625,79.08000183105469,30.350000381469727,187.1300048828125,202.8000030517578,28.100000381469727,28.549999237060547,49.38999938964844,68.95999908447266,60.9900016784668,126.19999694824219,28.56999969482422,93.0999984741211,198.33999633789062,47.72999954223633,142.42999267578125,111.66999816894531,115.93000030517578,53.189998626708984,80.88740539550781,44.16999816894531,33.88999938964844,3.88700008392334,41.745731353759766,134.67999267578125,73.16999816894531,38.90999984741211,64.51667022705078,40.70000076293945,253.49000549316406,52.619998931884766,81.94000244140625,46.88999938964844,31.895000457763672,27.479999542236328,93.91000366210938,77.76000213623047,76.43000030517578,28.969999313354492,182.91000366210938,200.41000366210938,27.395999908447266,28.079999923706055,48.189998626708984,67.81999969482422,60.27000045776367,124.2300033569336,27.959999084472656,91.37000274658203,193.97000122070312,46.79999923706055,141.00999450683594,109.08999633789062,114.80999755859375,51.900001525878906,79.80915832519531,43.439998626708984,32.72999954223633,3.7874999046325684,41.09108352661133,132.8800048828125,72.30999755859375,38.08000183105469,63.766666412353516,40.41999816894531,246.89999389648438,52.119998931884766,80.16999816894531,45.790000915527344,31.600000381469727,27.18000030517578,92.66000366210938,76.87000274658203,78.1500015258789,29.649999618530273,183.88999938964844,201.3000030517578,27.660999298095703,28.190000534057617,48.81999969482422,68.02999877929688,60.70000076293945,124.80000305175781,28.239999771118164,91.37000274658203,195.33999633789062,46.95000076293945,141.4600067138672,110.19000244140625,115.73999786376953,52.58000183105469,80.57251739501953,43.58000183105469,33.70000076293945,3.8375000953674316,41.31878662109375,132.8800048828125,72.30999755859375,38.36000061035156,64.02999877929688,40.52000045776367,248.77999877929688,52.18000030517578,80.47000122070312,45.84000015258789,31.600000381469727,27.299999237060547,93.19000244140625,77.13999938964844,10516900,81861300,6948100,562900,45399000,69444000,14979300,19502500,9147100,14287900,6676700,4052500,3365500,31096300,11272200,27089500,4024600,11668300,15034294,18450800,38858200,434428000,38141203,2480200,15244500,16111400,1333200,12766200,6323500,9004800,6568500,39186200,32712600,65322300,9026100,23108100
2019-06-24,58.425296783447266,29.260000228881836,149.3993682861328,190.63499450683594,23.512868881225586,23.72669792175293,35.0739860534668,52.88601303100586,47.26648712158203,91.93544006347656,20.02962303161621,67.35409545898438,168.33860778808594,41.50385284423828,118.47853088378906,89.84778594970703,106.00216674804688,41.60697937011719,66.08322143554688,34.72661209106445,32.36977767944336,3.7927660942077637,29.67401123046875,103.7914047241211,62.65443420410156,32.392066955566406,60.131229400634766,35.20943069458008,222.7200927734375,39.10664749145508,61.302947998046875,38.42107009887695,23.14058494567871,23.868194580078125,83.03607940673828,56.08298873901367,78.44999694824219,29.260000228881836,184.8300018310547,202.8000030517578,27.920000076293945,27.979999542236328,45.68000030517578,67.41000366210938,60.52000045776367,124.91000366210938,27.920000076293945,90.55999755859375,197.49000549316406,47.630001068115234,143.05999755859375,108.66000366210938,115.62999725341797,51.599998474121094,81.59351348876953,43.06999969482422,33.189998626708984,3.816499948501587,41.518028259277344,133.6699981689453,73.16000366210938,38.650001525878906,63.95333480834961,39.97999954223633,249.63999938964844,52.29999923706055,80.76000213623047,46.27000045776367,31.4950008392334,27.110000610351562,93.23999786376953,76.94999694824219,79.30999755859375,29.399999618530273,187.0,203.86000061035156,27.94499969482422,28.3799991607666,47.439998626708984,68.5,60.779998779296875,125.37999725341797,28.520000457763672,92.94999694824219,199.35000610351562,47.849998474121094,143.6999969482422,109.7699966430664,116.1500015258789,52.88999938964844,82.0896987915039,43.900001525878906,34.08000183105469,3.846250057220459,41.65085220336914,134.5800018310547,73.44999694824219,39.18000030517578,64.25666809082031,40.06999969482422,252.6300048828125,52.650001525878906,82.12000274658203,46.689998626708984,31.860000610351562,27.360000610351562,93.66999816894531,77.76000213623047,77.8499984741211,28.670000076293945,184.6999969482422,201.8800048828125,27.5,27.889999389648438,45.56999969482422,67.37999725341797,60.27000045776367,124.41999816894531,27.709999084472656,90.36000061035156,196.02999877929688,47.16999816894531,142.08999633789062,108.54000091552734,114.70999908447266,51.540000915527344,80.85877990722656,42.9900016784668,33.02000045776367,3.7679998874664307,41.24288558959961,132.25999450683594,72.19999694824219,38.41999816894531,63.79666519165039,39.439998626708984,247.86000061035156,51.88999938964844,80.51000213623047,46.22999954223633,31.44499969482422,27.079999923706055,93.06999969482422,76.80999755859375,78.41000366210938,29.31999969482422,186.07000732421875,203.38999938964844,27.552000045776367,28.079999923706055,47.220001220703125,67.81999969482422,60.31999969482422,124.54000091552734,28.219999313354492,91.83999633789062,196.52999877929688,47.400001525878906,142.4199981689453,109.27999877929688,115.08000183105469,52.189998626708984,81.0782470703125,43.5,33.20000076293945,3.815500020980835,41.45161437988281,132.41000366210938,72.97000122070312,38.70000076293945,63.96666717529297,39.560001373291016,251.3300018310547,52.20000076293945,81.58999633789062,46.54999923706055,31.770000457763672,27.170000076293945,93.61000061035156,77.52999877929688,5182700,55724800,2948300,476800,20506000,40046400,36621800,11223700,3701800,5542600,5202100,2311500,2069800,14479900,5894700,13039600,2570500,5949400,7891440,8141400,27306000,282948000,24624075,1515300,8893000,9348100,2115900,6571000,3163800,4681500,2558000,21854400,20793200,48377800,6493600,10011800
2019-06-25,48.92979431152344,28.860000610351562,149.08407592773438,187.1005096435547,23.286333084106445,23.540136337280273,35.14308166503906,52.20346450805664,46.680721282958984,91.00072479248047,20.02962303161621,66.96734619140625,167.11972045898438,40.82416915893555,119.45579528808594,89.10362243652344,105.7546615600586,41.437660217285156,65.87457275390625,34.396034240722656,31.872385025024414,3.7634499073028564,29.67401123046875,103.55070495605469,62.132049560546875,32.333404541015625,59.30069351196289,34.27590560913086,220.95358276367188,38.9122314453125,61.96332550048828,38.31312942504883,22.956899642944336,23.788955688476562,82.69766998291016,55.587371826171875,65.69999694824219,28.860000610351562,184.44000244140625,199.0399932861328,27.650999069213867,27.760000228881836,45.77000045776367,66.54000091552734,59.77000045776367,123.63999938964844,27.920000076293945,90.04000091552734,196.05999755859375,46.849998474121094,144.24000549316406,107.76000213623047,115.36000061035156,51.38999938964844,81.33587646484375,42.65999984741211,32.68000030517578,3.7869999408721924,41.518028259277344,133.36000061035156,72.55000305175781,38.58000183105469,63.06999969482422,38.91999816894531,247.66000366210938,52.040000915527344,81.62999725341797,46.13999938964844,31.2450008392334,27.020000457763672,92.86000061035156,76.2699966430664,70.66999816894531,29.719999313354492,186.77999877929688,203.08999633789062,28.288000106811523,28.020000457763672,46.560001373291016,67.4800033569336,60.880001068115234,125.11000061035156,28.219999313354492,90.7699966430664,197.52000427246094,47.68000030517578,144.97999572753906,108.9800033569336,116.83000183105469,52.040000915527344,82.30915832519531,43.0,33.880001068115234,3.8970000743865967,42.0208740234375,134.1699981689453,74.13999938964844,38.7400016784668,64.33999633789062,39.52000045776367,251.0399932861328,52.2599983215332,81.97000122070312,46.529998779296875,31.5049991607666,27.149999618530273,93.73999786376953,77.22000122070312,65.05999755859375,28.799999237060547,183.1699981689453,198.1199951171875,27.601999282836914,27.3799991607666,45.650001525878906,66.4800033569336,59.7599983215332,123.48999786376953,27.649999618530273,89.13999938964844,194.00999450683594,46.79999923706055,143.19000244140625,107.66999816894531,115.16999816894531,51.09000015258789,80.92557525634766,42.2400016784668,32.61000061035156,3.784250020980835,41.518028259277344,131.57000732421875,72.5199966430664,38.099998474121094,63.00666809082031,38.90999984741211,247.4199981689453,51.59000015258789,80.19000244140625,45.43000030517578,31.209999084472656,26.889999389648438,92.7699966430664,76.19000244140625,70.47000122070312,29.260000228881836,184.60000610351562,202.8000030517578,27.916000366210938,28.020000457763672,45.810001373291016,67.45999908447266,60.29999923706055,124.83999633789062,27.809999465942383,90.41999816894531,197.5,47.560001373291016,143.27000427246094,108.68000030517578,115.51000213623047,51.380001068115234,81.63167572021484,42.970001220703125,33.349998474121094,3.821500062942505,41.603416442871094,133.58999633789062,73.2300033569336,38.58000183105469,64.1066665649414,39.52000045776367,249.3000030517578,52.220001220703125,80.5,46.130001068115234,31.475000381469727,27.110000610351562,93.30999755859375,77.08000183105469,90131800,53680900,2264700,535400,24436000,46901300,24456700,14205600,5024000,4713300,4782200,2641900,1828300,16665600,7517000,18660100,2110100,5471700,9348894,10232900,39590500,311868000,28429015,1446800,8953400,7969100,1416600,6790500,3182700,4671900,3278500,20814000,23774600,47748500,14930600,9740000
2019-06-26,50.64270782470703,29.920000076293945,148.0575714111328,192.12960815429688,23.701513290405273,23.667335510253906,34.490440368652344,52.736942291259766,49.00812530517578,91.21414184570312,20.610713958740234,69.23579406738281,167.9295196533203,41.9918212890625,117.47645568847656,89.698974609375,102.06936645507812,43.711524963378906,64.56077575683594,34.662105560302734,36.1246337890625,3.956740617752075,29.151865005493164,103.76811218261719,64.1873779296875,32.7021598815918,61.21564483642578,34.41681671142578,217.21542358398438,38.86738204956055,64.46826934814453,38.030799865722656,23.3095760345459,23.74493408203125,81.65571594238281,55.8278923034668,68.0,29.920000076293945,183.1699981689453,204.38999938964844,28.143999099731445,27.90999984741211,44.91999816894531,67.22000122070312,62.75,123.93000030517578,28.729999542236328,93.08999633789062,197.00999450683594,48.189998626708984,141.85000610351562,108.4800033569336,111.33999633789062,54.209999084472656,79.71373748779297,42.9900016784668,37.040000915527344,3.9814999103546143,40.7874755859375,133.63999938964844,74.94999694824219,39.02000045776367,65.1066665649414,39.08000183105469,243.47000122070312,51.97999954223633,84.93000030517578,45.79999923706055,31.725000381469727,26.969999313354492,91.69000244140625,76.5999984741211,68.41000366210938,30.479999542236328,184.94000244140625,204.97000122070312,28.402999877929688,28.18000030517578,45.97999954223633,67.72000122070312,63.29999923706055,124.87999725341797,29.200000762939453,94.37999725341797,197.8699951171875,48.47999954223633,143.85000610351562,109.30999755859375,114.94999694824219,54.279998779296875,81.2977066040039,43.290000915527344,37.61000061035156,4.043000221252441,41.55597686767578,134.83999633789062,75.69000244140625,39.75,65.45333099365234,39.380001068115234,248.0800018310547,52.5099983215332,85.72000122070312,46.279998779296875,31.96500015258789,27.209999084472656,93.0,77.12999725341797,66.80000305175781,29.780000686645508,182.74000549316406,203.0800018310547,27.809999465942383,27.850000381469727,44.540000915527344,66.7699966430664,60.81999969482422,123.87999725341797,28.420000076293945,90.72000122070312,196.1199951171875,47.560001373291016,140.75999450683594,108.16000366210938,110.62000274658203,51.90999984741211,79.28434753417969,42.75,35.70000076293945,3.902250051498413,40.32258224487305,132.91000366210938,73.6500015258789,38.7599983215332,64.36666870117188,38.97999954223633,243.1300048828125,51.880001068115234,82.0999984741211,45.779998779296875,31.479999542236328,26.959999084472656,91.5,76.47000122070312,67.23999786376953,29.979999542236328,184.7100067138672,204.38999938964844,27.857999801635742,27.940000534057617,45.86000061035156,67.04000091552734,60.83000183105469,124.56999969482422,28.469999313354492,91.5,196.5,47.650001525878906,143.85000610351562,108.30000305175781,114.80999755859375,51.90999984741211,81.27862548828125,42.779998779296875,35.869998931884766,3.915250062942505,41.44212341308594,133.86000061035156,73.76000213623047,39.029998779296875,64.4800033569336,39.380001068115234,248.0,52.209999084472656,82.12999725341797,46.209999084472656,31.559999465942383,27.079999923706055,92.98999786376953,76.68000030517578,42093800,65064200,2124600,784500,24774000,42312300,21924200,13654100,9509900,5054800,6219400,3422300,1649900,21886300,7674100,10324600,4677500,9095600,12604401,7826400,100271600,584072000,41009348,1387500,13808000,8362900,1755300,9133300,3852900,5012800,5154200,17106800,28653600,31448000,10498400,11365500
2019-06-27,52.13219451904297,30.739999771118164,148.74462890625,192.69363403320312,24.06110954284668,23.921730041503906,34.62864685058594,53.46657180786133,47.85222244262695,90.61062622070312,20.302230834960938,68.50691986083984,169.89849853515625,41.35572052001953,116.51580047607422,89.99663543701172,102.18854522705078,43.84054183959961,64.7848892211914,35.06525802612305,37.12917709350586,4.055373191833496,29.450237274169922,104.56012725830078,64.59847259521484,32.77759552001953,62.1057243347168,34.865962982177734,219.7759246826172,39.146026611328125,63.70919418334961,38.437686920166016,23.13690948486328,23.95623016357422,82.22565460205078,55.259429931640625,70.0,30.739999771118164,184.02000427246094,204.99000549316406,28.570999145507812,28.209999084472656,45.099998474121094,68.1500015258789,61.27000045776367,123.11000061035156,28.299999237060547,92.11000061035156,199.32000732421875,47.459999084472656,140.69000244140625,108.83999633789062,111.47000122070312,54.369998931884766,79.9904556274414,43.4900016784668,38.06999969482422,4.080749988555908,41.204933166503906,134.66000366210938,75.43000030517578,39.11000061035156,66.05332946777344,39.59000015258789,246.33999633789062,51.97999954223633,83.93000030517578,46.290000915527344,31.489999771118164,27.209999084472656,92.33000183105469,75.81999969482422,70.5999984741211,30.959999084472656,185.44000244140625,205.52999877929688,28.844999313354492,28.31999969482422,45.56999969482422,68.43000030517578,62.86000061035156,124.19999694824219,28.959999084472656,93.79000091552734,199.61000061035156,48.41999816894531,142.5,109.55000305175781,112.20999908447266,55.31999969482422,80.81106567382812,43.650001525878906,38.33000183105469,4.099999904632568,41.32827377319336,135.8800048828125,75.9000015258789,39.349998474121094,66.38333129882812,39.7599983215332,248.14999389648438,52.25,85.0,46.529998779296875,31.81999969482422,27.290000915527344,92.51000213623047,76.75,68.0999984741211,30.209999084472656,183.02999877929688,204.08999633789062,28.222999572753906,28.059999465942383,44.95000076293945,67.52999877929688,60.880001068115234,122.88999938964844,28.18000030517578,91.88999938964844,196.75999450683594,47.2400016784668,140.60000610351562,108.44000244140625,111.16000366210938,53.83000183105469,79.58015441894531,43.08000183105469,36.5099983215332,4.031499862670898,40.806453704833984,133.75999450683594,75.16999816894531,38.849998474121094,65.43333435058594,39.290000915527344,243.16000366210938,51.68000030517578,83.58000183105469,46.11000061035156,31.424999237060547,27.06999969482422,91.83000183105469,75.76000213623047,68.16000366210938,30.40999984741211,183.35000610351562,204.69000244140625,28.292999267578125,28.079999923706055,44.95000076293945,67.62000274658203,62.58000183105469,123.91999816894531,28.729999542236328,92.88999938964844,197.57000732421875,48.150001525878906,142.22999572753906,108.83999633789062,111.73999786376953,54.25,79.83778381347656,43.29999923706055,36.849998474121094,4.067749977111816,40.815940856933594,133.99000549316406,75.33999633789062,39.18000030517578,65.43333435058594,39.58000183105469,244.25999450683594,51.849998474121094,85.0,46.220001220703125,31.725000381469727,27.06999969482422,92.01000213623047,76.58999633789062,22129200,55623300,2193700,345100,21813000,35575600,10918600,11989100,6004700,3551700,4934200,2112400,2239200,23062900,5233500,10906600,3615900,7700200,11721670,7459800,51612400,445440000,21994977,1504300,11151900,6417500,1559700,11375200,3366200,3738700,2408500,13391600,21217400,59459800,7416200,8147800
2019-06-28,54.157901763916016,30.3700008392334,148.9547576904297,195.45724487304688,24.242170333862305,24.591638565063477,34.82060241699219,54.94152069091797,47.641353607177734,91.58950805664062,20.46006202697754,69.2878646850586,174.39910888671875,41.71297836303711,115.34808349609375,92.44418334960938,101.56515502929688,45.0581169128418,64.80035400390625,35.32324981689453,37.63632583618164,4.08021879196167,29.375648498535156,106.59447479248047,65.14656829833984,33.305580139160156,62.1840934753418,34.49607849121094,217.69717407226562,39.462318420410156,64.98446655273438,39.29296112060547,23.405094146728516,24.29960060119629,82.50174713134766,55.84977340698242,72.72000122070312,30.3700008392334,184.27999877929688,207.92999267578125,28.785999298095703,29.0,45.349998474121094,70.02999877929688,61.0,124.44000244140625,28.520000457763672,93.16000366210938,204.60000610351562,47.869998931884766,139.27999877929688,111.80000305175781,110.79000091552734,55.880001068115234,80.0095443725586,43.810001373291016,38.59000015258789,4.10575008392334,41.10057067871094,137.27999877929688,76.06999969482422,39.7400016784668,66.13666534423828,39.16999816894531,244.00999450683594,52.400001525878906,85.61000061035156,47.31999969482422,31.854999542236328,27.600000381469727,92.63999938964844,76.62999725341797,72.73999786376953,31.110000610351562,186.10000610351562,209.77000427246094,28.93000030517578,29.270000457763672,45.400001525878906,70.20999908447266,61.689998626708984,124.4800033569336,28.770000457763672,93.47000122070312,205.83999633789062,48.20000076293945,141.10000610351562,112.43000030517578,111.83000183105469,55.95000076293945,80.59160614013672,44.56999969482422,39.400001525878906,4.134250164031982,41.48007583618164,137.38999938964844,76.44000244140625,39.779998779296875,66.71666717529297,39.72999954223633,246.75,52.75,85.7699966430664,47.70000076293945,31.885000228881836,27.700000762939453,92.72000122070312,76.7300033569336,70.33000183105469,30.329999923706055,183.66000366210938,207.6199951171875,28.48200035095215,28.729999542236328,44.91999816894531,69.12999725341797,60.68000030517578,123.12000274658203,28.1200008392334,91.66999816894531,202.94000244140625,47.68000030517578,138.50999450683594,110.9000015258789,110.0199966430664,54.15999984741211,79.17938995361328,43.7400016784668,38.04999923706055,4.058750152587891,40.77798843383789,135.11000061035156,74.80999755859375,39.189998626708984,65.98999786376953,39.119998931884766,238.64999389648438,52.08000183105469,84.0,46.79999923706055,31.565000534057617,27.239999771118164,91.83999633789062,75.94000244140625,70.58000183105469,31.079999923706055,184.1699981689453,209.27000427246094,28.785999298095703,29.010000228881836,45.380001068115234,69.27999877929688,61.27000045776367,123.41000366210938,28.3700008392334,92.22000122070312,203.5,47.77000045776367,140.74000549316406,111.04000091552734,111.80000305175781,54.470001220703125,80.1240463256836,44.20000076293945,39.36000061035156,4.125,41.223907470703125,136.11000061035156,75.66000366210938,39.22999954223633,66.586669921875,39.72999954223633,246.5,52.38999938964844,84.05999755859375,46.810001373291016,31.565000534057617,27.530000686645508,92.37000274658203,76.19000244140625,21381500,50090900,3753200,405000,49265000,101856900,15627000,20388700,6108800,7048300,8134800,3735900,4854900,26646200,12792400,21634700,8958700,10298700,46684837,15445600,61402700,397668000,39726209,3171700,29217500,9742700,2529900,7040000,6727600,10087100,3248200,31030900,34739200,76728100,9390600,14781300
2019-07-01,54.664337158203125,31.200000762939453,150.62799072265625,202.07498168945312,25.294017791748047,24.947795867919922,35.45789337158203,55.4985466003418,48.61762619018555,91.88390350341797,20.732667922973633,69.23579406738281,176.3255157470703,41.86983108520508,115.41431427001953,93.99868774414062,103.35279083251953,44.44529724121094,65.4958724975586,35.43613815307617,39.11875915527344,4.128416061401367,29.680801391601562,108.55119323730469,66.38835906982422,32.953590393066406,63.75115966796875,36.44237518310547,216.47488403320312,39.92170715332031,63.95209884643555,39.60019302368164,23.427139282226562,24.590137481689453,82.91139221191406,55.79872131347656,73.4000015258789,31.200000762939453,186.35000610351562,214.97000122070312,30.03499984741211,29.420000076293945,46.18000030517578,70.73999786376953,62.25,124.83999633789062,28.899999618530273,93.08999633789062,206.86000061035156,48.04999923706055,139.36000061035156,113.68000030517578,112.73999786376953,55.119998931884766,80.86832427978516,43.95000076293945,40.11000061035156,4.154250144958496,41.52751541137695,139.8000030517578,77.5199966430664,39.31999969482422,67.80332946777344,41.380001068115234,242.63999938964844,53.0099983215332,84.25,47.689998626708984,31.885000228881836,27.93000030517578,93.0999984741211,76.55999755859375,73.8499984741211,32.040000915527344,187.3000030517578,216.58999633789062,30.575000762939453,29.850000381469727,46.290000915527344,71.63999938964844,62.810001373291016,125.83999633789062,29.360000610351562,95.29000091552734,209.85000610351562,49.45000076293945,140.25999450683594,114.5199966430664,112.83999633789062,57.130001068115234,81.04007720947266,45.060001373291016,41.709999084472656,4.348750114440918,41.63187789916992,139.92999267578125,80.76000213623047,40.630001068115234,69.58999633789062,41.900001525878906,246.1699981689453,53.220001220703125,87.23999786376953,48.119998931884766,32.35499954223633,28.049999237060547,93.41000366210938,77.93000030517578,72.27999877929688,30.8700008392334,185.10000610351562,212.97000122070312,29.632999420166016,29.25,45.41999816894531,70.19000244140625,61.709999084472656,124.36000061035156,28.649999618530273,92.44999694824219,205.74000549316406,47.75,138.72000122070312,113.08000183105469,110.63999938964844,54.970001220703125,80.0477066040039,43.52000045776367,39.7400016784668,4.116499900817871,41.119544982910156,138.2100067138672,77.08000183105469,39.2599983215332,67.34666442871094,41.150001525878906,240.72000122070312,52.75,83.79000091552734,47.400001525878906,31.80500030517578,27.780000686645508,92.72000122070312,76.29000091552734,73.5,31.790000915527344,186.8800048828125,215.97000122070312,30.167999267578125,29.479999542236328,45.709999084472656,70.86000061035156,62.0,125.36000061035156,29.1200008392334,95.0,208.0,49.290000915527344,140.1999969482422,113.2300033569336,111.30999755859375,56.900001525878906,80.46755981445312,44.59000015258789,41.15999984741211,4.3142499923706055,41.28083419799805,138.3800048828125,80.66999816894531,40.41999816894531,69.01667022705078,41.540000915527344,245.9499969482422,52.93000030517578,86.83999633789062,47.880001068115234,32.25,27.920000076293945,93.37000274658203,77.12999725341797,18010900,60275900,2079800,634200,44832000,48029900,14049600,13573600,6272200,5526900,4932400,2355200,2465700,27423300,5872300,12724500,3236400,8054200,10260863,12197700,60928000,709756000,21341392,2128300,17693000,13048500,4752000,11046800,4102700,3882300,4558900,15089100,29772600,48971100,7797200,11437900
2019-07-02,55.282474517822266,31.239999771118164,150.86233520507812,201.5579376220703,24.871257781982422,24.71883773803711,35.84180450439453,55.26317596435547,46.93846130371094,90.47814178466797,19.75701332092285,65.12284851074219,175.5753631591797,41.930824279785156,115.96919250488281,94.09790802001953,104.69123077392578,43.93729782104492,66.08322143554688,35.339393615722656,38.62137222290039,4.030526638031006,29.98594093322754,108.38813781738281,65.95160675048828,32.83625793457031,62.955081939697266,35.931575775146484,217.66151428222656,39.8614501953125,61.25739288330078,39.218223571777344,23.05241584777832,24.52850914001465,83.35669708251953,55.1865348815918,74.2300033569336,31.239999771118164,186.63999938964844,214.4199981689453,29.533000946044922,29.149999618530273,46.68000030517578,70.44000244140625,60.099998474121094,122.93000030517578,27.540000915527344,87.55999755859375,205.97999572753906,48.119998931884766,140.02999877929688,113.80000305175781,114.19999694824219,54.4900016784668,81.59351348876953,43.83000183105469,39.599998474121094,4.055749893188477,41.95446014404297,139.58999633789062,77.01000213623047,39.18000030517578,66.9566650390625,40.79999923706055,243.97000122070312,52.93000030517578,80.69999694824219,47.22999954223633,31.375,27.860000610351562,93.5999984741211,75.72000122070312,74.25,31.260000228881836,186.6699981689453,215.27000427246094,30.066999435424805,29.43000030517578,46.68000030517578,70.9800033569336,62.33000183105469,124.72000122070312,28.729999542236328,92.98999786376953,206.30999755859375,48.220001220703125,140.02999877929688,114.19999694824219,114.20999908447266,54.97999954223633,81.59351348876953,43.93000030517578,40.029998779296875,4.158750057220459,41.95446014404297,140.39999389648438,77.4800033569336,39.439998626708984,67.66999816894531,41.310001373291016,243.99000549316406,53.189998626708984,83.75,47.79999923706055,31.854999542236328,27.979999542236328,93.5999984741211,76.2699966430664,72.31999969482422,30.729999542236328,184.1999969482422,213.36000061035156,29.389999389648438,28.93000030517578,46.18000030517578,70.08999633789062,59.90999984741211,122.38999938964844,27.440000534057617,87.3499984741211,204.16000366210938,47.689998626708984,138.69000244140625,113.22000122070312,112.4000015258789,53.97999954223633,80.24809265136719,43.400001525878906,39.029998779296875,4.042500019073486,41.42314910888672,138.58999633789062,76.62000274658203,38.630001068115234,66.6500015258789,40.7400016784668,239.5399932861328,52.630001068115234,79.73999786376953,46.91999816894531,31.235000610351562,27.709999084472656,92.6500015258789,75.41000366210938,73.19999694824219,30.959999084472656,186.02999877929688,214.52000427246094,29.88800048828125,29.34000015258789,46.459999084472656,70.36000061035156,62.22999954223633,124.55000305175781,28.729999542236328,92.66999816894531,205.39999389648438,47.90999984741211,139.22000122070312,113.51000213623047,112.81999969482422,54.72999954223633,80.59160614013672,43.70000076293945,39.619998931884766,4.137499809265137,41.44212341308594,139.27000427246094,77.27999877929688,39.439998626708984,67.60333251953125,41.189998626708984,242.58999633789062,52.880001068115234,83.75,47.52000045776367,31.790000915527344,27.889999389648438,93.18000030517578,76.13999938964844,12862200,37721700,1796300,572400,19011000,32263500,10957000,10272200,8132300,5747700,9228000,5193200,1621400,15381600,4501200,10174900,2343400,6677400,10381593,8234800,29774500,400228000,16541898,1828200,7075600,8732500,1378800,4445600,3863500,3175200,7182100,12107200,24190800,56626800,7952500,10475400
2019-07-03,55.826133728027344,31.190000534057617,152.43051147460938,201.0033416748047,23.992053985595703,24.63404083251953,36.066444396972656,55.58483123779297,47.2508544921875,90.78727722167969,19.742660522460938,64.8551025390625,175.62655639648438,42.27937698364258,117.71663665771484,93.94801330566406,104.8929214477539,43.80022430419922,67.15742492675781,35.4683952331543,38.61162567138672,4.043447971343994,30.10799789428711,109.22672271728516,65.62614440917969,33.09606170654297,62.666748046875,35.51766586303711,218.767822265625,40.102455139160156,62.2290153503418,39.575286865234375,23.14426040649414,24.722198486328125,84.06913757324219,55.71128463745117,74.95999908447266,31.190000534057617,188.5800018310547,213.8300018310547,28.48900032043457,29.049999237060547,46.560001373291016,70.8499984741211,60.5,123.3499984741211,27.520000457763672,87.19999694824219,206.0399932861328,48.52000045776367,142.13999938964844,112.81999969482422,114.41999816894531,54.31999969482422,82.91984558105469,43.9900016784668,39.59000015258789,4.068749904632568,42.12523651123047,140.6699981689453,76.62999725341797,39.4900016784668,66.6500015258789,40.33000183105469,245.2100067138672,53.25,81.9800033569336,47.65999984741211,31.5,28.079999923706055,94.4000015258789,76.44000244140625,74.97000122070312,31.329999923706055,189.4199981689453,214.7899932861328,28.878000259399414,29.239999771118164,46.599998474121094,71.19999694824219,60.7599983215332,123.37000274658203,27.75,88.08999633789062,207.39999389648438,48.560001373291016,142.17999267578125,113.87000274658203,115.47000122070312,54.91999816894531,83.08206176757812,44.150001525878906,39.77000045776367,4.085000038146973,42.27703857421875,140.77000427246094,77.2300033569336,39.5099983215332,66.99666595458984,40.369998931884766,247.52000427246094,53.349998474121094,82.4800033569336,47.790000915527344,31.524999618530273,28.09000015258789,94.41999816894531,76.5,73.77999877929688,30.739999771118164,187.1999969482422,213.38999938964844,28.302000045776367,28.93000030517578,46.22999954223633,70.27999877929688,59.9900016784668,122.33000183105469,27.209999084472656,86.12999725341797,205.22999572753906,48.0,140.7899932861328,112.26000213623047,113.77999877929688,54.099998474121094,82.05152893066406,43.81999969482422,39.16999816894531,4.008500099182129,41.72675323486328,139.2100067138672,76.05000305175781,38.900001525878906,66.14666748046875,40.0099983215332,244.0399932861328,52.900001525878906,80.62000274658203,46.97999954223633,31.229999542236328,27.8700008392334,93.80000305175781,75.62999725341797,74.3499984741211,31.1299991607666,187.5800018310547,213.8300018310547,28.3700008392334,29.190000534057617,46.4900016784668,70.70999908447266,60.52000045776367,122.93000030517578,27.75,88.0,207.3000030517578,48.18000030517578,141.0,113.33999633789062,114.87000274658203,54.43000030517578,82.11832427978516,43.95000076293945,39.619998931884766,4.079249858856201,42.09677505493164,140.0,77.06999969482422,39.13999938964844,66.95333099365234,40.349998474121094,244.32000732421875,53.06999969482422,80.83000183105469,47.29999923706055,31.420000076293945,27.950000762939453,93.80999755859375,75.81999969482422,7434100,23462000,1932600,297100,49411000,26642300,6121500,7632400,4881900,2725800,4011000,2794500,978800,10739100,3436300,6849400,3707700,3229500,6533232,4470800,13479700,246636000,10297580,892400,5290400,4954500,738000,3125000,2559400,2102700,2307400,10438400,13974600,23706800,4066000,5246100
2019-07-05,54.35898971557617,31.5,150.2965545654297,197.1680450439453,23.80426025390625,24.812118530273438,35.54745101928711,56.01633071899414,46.782257080078125,90.92710876464844,20.015274047851562,65.87405395507812,177.21200561523438,41.895973205566406,116.41641998291016,94.50595092773438,103.42613983154297,44.243709564208984,66.15277099609375,35.64577102661133,38.44581985473633,3.980839967727661,29.782506942749023,109.9255599975586,65.65184020996094,33.163108825683594,62.30945587158203,35.1653938293457,220.3558807373047,40.4262809753418,62.12271499633789,39.666629791259766,23.177322387695312,24.792633056640625,83.49027252197266,55.4853515625,72.98999786376953,31.5,185.94000244140625,209.75,28.266000747680664,29.260000228881836,45.88999938964844,71.4000015258789,59.900001525878906,123.54000091552734,27.899999618530273,88.56999969482422,207.89999389648438,48.08000183105469,140.57000732421875,113.48999786376953,112.81999969482422,54.869998931884766,81.67938995361328,44.209999084472656,39.41999816894531,4.0057501792907715,41.669830322265625,141.57000732421875,76.66000366210938,39.56999969482422,66.2699966430664,39.93000030517578,246.99000549316406,53.68000030517578,81.83999633789062,47.77000045776367,31.545000076293945,28.15999984741211,93.75,76.12999725341797,74.79000091552734,31.559999465942383,188.8800048828125,210.3800048828125,28.54400062561035,29.56999969482422,46.66999816894531,71.80000305175781,60.58000183105469,123.73999786376953,27.940000534057617,89.0,208.75999450683594,48.18000030517578,141.86000061035156,114.2699966430664,114.37000274658203,55.130001068115234,82.82442474365234,44.81999969482422,39.560001373291016,4.014500141143799,42.07780075073242,143.08999633789062,76.72000122070312,39.599998474121094,66.31999969482422,40.099998474121094,248.75999450683594,53.84000015258789,82.0999984741211,48.189998626708984,31.575000762939453,28.270000457763672,94.2300033569336,76.3499984741211,72.61000061035156,30.75,185.24000549316406,207.19000244140625,28.19700050354004,29.149999618530273,45.869998931884766,70.9800033569336,59.59000015258789,122.63999938964844,27.350000381469727,87.19999694824219,206.1999969482422,47.439998626708984,140.3699951171875,112.91999816894531,112.55000305175781,53.939998626708984,81.57442474365234,44.06999969482422,38.79999923706055,3.941999912261963,41.53700256347656,141.1699981689453,74.0999984741211,39.08000183105469,65.51667022705078,39.63999938964844,244.05999755859375,53.349998474121094,81.25,47.66999816894531,31.315000534057617,28.030000686645508,93.54000091552734,75.58999633789062,74.6500015258789,30.8799991607666,187.42999267578125,209.52999877929688,28.364999771118164,29.360000610351562,46.529998779296875,71.2699966430664,60.189998626708984,123.13999938964844,27.440000534057617,87.37000274658203,206.86000061035156,48.029998779296875,141.74000549316406,113.51000213623047,114.05000305175781,54.04999923706055,82.70992279052734,44.4900016784668,38.95000076293945,4.010000228881836,42.03984832763672,141.39999389648438,74.19999694824219,39.20000076293945,65.77999877929688,39.869998931884766,244.38999938964844,53.54999923706055,81.76000213623047,48.099998474121094,31.385000228881836,28.170000076293945,94.0,76.19000244140625,10854900,34011900,2225800,428600,24565000,33092000,9635600,9107300,4584300,3458900,4754100,5390500,1511400,14339200,4652400,7929400,2444000,3414000,8767358,6276000,18408000,396552000,18295227,1281000,9220800,5885500,934200,3149300,2965000,3195300,1653400,10801600,14726400,40683100,5934300,6880800
2019-07-08,53.040794372558594,32.040000915527344,147.30580139160156,195.55123901367188,23.155799865722656,24.76123809814453,35.454490661621094,55.80450439453125,46.77444839477539,90.97127532958984,20.043970108032227,67.04917907714844,175.37933349609375,41.669410705566406,116.7476577758789,93.98966979980469,102.23436737060547,43.81634521484375,64.94718933105469,35.06525802612305,39.411346435546875,3.905808448791504,29.362083435058594,109.28108215332031,65.62614440917969,33.431297302246094,61.8267936706543,34.62818145751953,221.11416625976562,39.98948287963867,61.75838088989258,39.46733093261719,23.21038246154785,24.669376373291016,82.86686706542969,55.740447998046875,71.22000122070312,32.040000915527344,182.24000549316406,208.02999877929688,27.496000289916992,29.200000762939453,45.77000045776367,71.12999725341797,59.88999938964844,123.5999984741211,27.940000534057617,90.1500015258789,205.75,47.81999969482422,140.97000122070312,112.87000274658203,111.5199966430664,54.34000015258789,80.19084167480469,43.4900016784668,40.40999984741211,3.9302499294281006,41.08159255981445,140.74000549316406,76.62999725341797,39.88999938964844,65.75666809082031,39.31999969482422,247.83999633789062,53.099998474121094,81.36000061035156,47.529998779296875,31.59000015258789,28.020000457763672,93.05000305175781,76.4800033569336,73.0,32.150001525878906,185.00999450683594,209.50999450683594,28.118999481201172,29.299999237060547,45.83000183105469,71.69000244140625,60.54999923706055,124.08999633789062,28.719999313354492,91.04000091552734,207.25,47.95000076293945,141.0800018310547,113.4800033569336,112.79000091552734,55.060001373291016,81.58396911621094,43.959999084472656,40.61000061035156,3.964750051498413,41.62239074707031,141.4499969482422,77.02999877929688,40.099998474121094,65.94667053222656,39.689998626708984,247.97999572753906,53.68000030517578,81.9800033569336,47.9900016784668,31.764999389648438,28.1299991607666,93.41999816894531,76.69999694824219,70.87999725341797,31.260000228881836,180.52000427246094,206.82000732421875,27.43899917602539,28.940000534057617,45.29999923706055,70.63999938964844,59.75,123.41999816894531,27.649999618530273,87.25,204.7100067138672,47.06999969482422,139.63999938964844,112.5,110.91000366210938,54.209999084472656,79.67557525634766,43.290000915527344,38.939998626708984,3.9000000953674316,40.77798843383789,140.19000244140625,75.93000030517578,39.279998779296875,65.34333038330078,39.2400016784668,244.8800048828125,52.90999984741211,80.75,47.310001373291016,31.405000686645508,27.940000534057617,92.62000274658203,75.91999816894531,72.5199966430664,31.799999237060547,184.66000366210938,208.57000732421875,28.0,29.010000228881836,45.720001220703125,70.76000213623047,59.79999923706055,123.66000366210938,27.709999084472656,87.94999694824219,206.36000061035156,47.619998931884766,140.1199951171875,112.95999908447266,112.47000122070312,54.70000076293945,81.11640930175781,43.59000015258789,39.029998779296875,3.9457499980926514,41.55597686767578,140.61000061035156,75.9800033569336,39.43000030517578,65.66666412353516,39.56999969482422,246.41000366210938,53.33000183105469,81.72000122070312,47.400001525878906,31.4950008392334,28.010000228881836,93.38999938964844,76.13999938964844,13487400,49689400,2700900,425300,34291000,30924400,11884000,10196000,7176000,3505200,7030300,3219400,1853900,16564300,4078100,6917200,2998700,4642200,13693273,7060200,28148500,329788000,23955312,1568600,7924900,10899100,581400,6772300,1902500,4123900,2320500,13189300,17256400,26286700,15202000,7876100
2019-07-09,53.055694580078125,33.150001525878906,146.78042602539062,194.21644592285156,23.203800201416016,24.88843536376953,35.663639068603516,56.1418571472168,46.77444839477539,90.78727722167969,20.1444034576416,66.30542755126953,177.10116577148438,41.60841751098633,117.11207580566406,94.38935852050781,103.66448974609375,44.05825424194336,65.58089447021484,35.29906463623047,40.328121185302734,3.9082939624786377,29.409547805786133,109.31989288330078,65.55763244628906,33.691104888916016,62.2122802734375,34.936405181884766,219.47254943847656,40.17022705078125,62.426361083984375,39.71644592285156,23.228750228881836,24.713396072387695,82.94702911376953,55.70399475097656,71.23999786376953,33.150001525878906,181.58999633789062,206.61000061035156,27.55299949645996,29.350000381469727,46.040000915527344,71.55999755859375,59.88999938964844,123.3499984741211,28.079999923706055,89.1500015258789,207.77000427246094,47.75,141.41000366210938,113.3499984741211,113.08000183105469,54.63999938964844,80.97328186035156,43.779998779296875,41.349998474121094,3.9327499866485596,41.148006439208984,140.7899932861328,76.55000305175781,40.20000076293945,66.16666412353516,39.66999816894531,246.0,53.34000015258789,82.23999786376953,47.83000183105469,31.614999771118164,28.06999969482422,93.13999938964844,76.43000030517578,72.44999694824219,33.18000030517578,182.27000427246094,207.30999755859375,27.597999572753906,29.420000076293945,46.369998931884766,71.66999816894531,60.18000030517578,124.13999938964844,28.1200008392334,90.2300033569336,207.94000244140625,47.79999923706055,142.47000122070312,113.48999786376953,113.36000061035156,54.970001220703125,81.3072509765625,43.869998931884766,41.40999984741211,3.9609999656677246,41.55597686767578,141.60000610351562,76.83999633789062,40.220001220703125,66.27333068847656,40.0099983215332,246.0800018310547,53.349998474121094,82.7300033569336,47.88999938964844,31.635000228881836,28.1200008392334,93.23999786376953,76.7699966430664,70.88999938964844,30.100000381469727,180.50999450683594,205.3000030517578,27.240999221801758,28.940000534057617,45.70000076293945,70.41000366210938,59.0,123.06999969482422,27.420000076293945,88.66000366210938,203.5399932861328,47.130001068115234,140.91000366210938,112.1500015258789,111.8499984741211,53.810001373291016,80.2385482788086,43.02000045776367,40.08000183105469,3.875,41.08159255981445,139.4600067138672,75.83999633789062,39.54999923706055,65.21333312988281,39.41999816894531,243.69000244140625,52.709999084472656,80.87999725341797,47.209999084472656,31.329999923706055,27.809999465942383,92.69999694824219,75.7300033569336,71.18000030517578,31.760000228881836,181.2100067138672,205.88999938964844,27.344999313354492,28.969999313354492,45.849998474121094,70.52999877929688,59.97999954223633,123.9000015258789,27.84000015258789,89.70999908447266,203.75,47.36000061035156,141.4600067138672,112.27999877929688,111.8499984741211,54.0099983215332,80.38167572021484,43.08000183105469,40.130001068115234,3.8877499103546143,41.1954460144043,139.91000366210938,76.44000244140625,39.779998779296875,65.37999725341797,39.650001525878906,244.6300048828125,52.790000915527344,80.98999786376953,47.29999923706055,31.540000915527344,27.829999923706055,92.70999908447266,76.44999694824219,11832500,61419800,2273700,530000,26131000,28750100,9456700,9477700,6057000,3955600,4639800,2626900,1812100,17853200,4217400,8947300,2717700,4702500,8490791,5941900,28254700,342860000,14223308,1838400,7506500,8699200,1347300,6577000,2774800,3676100,2654600,12595000,14976200,25895800,5537300,7863000
2019-07-10,53.36102294921875,33.790000915527344,147.33009338378906,195.6358642578125,23.1170597076416,24.60860252380371,35.60166931152344,55.80450439453125,47.80537796020508,92.32553100585938,20.689624786376953,67.42850494384766,175.56692504882812,42.009254455566406,116.9464340209961,94.11457824707031,104.99375915527344,44.33241271972656,65.54997253417969,34.920127868652344,41.83982467651367,3.976616144180298,29.8774356842041,108.74529266357422,63.68210983276367,34.0430908203125,62.713741302490234,35.85232162475586,220.7930145263672,40.04973602294922,63.306907653808594,39.15180206298828,23.52632713317871,24.625349044799805,83.23198699951172,56.49113464355469,71.6500015258789,33.790000915527344,182.27000427246094,208.1199951171875,27.450000762939453,29.020000457763672,45.959999084472656,71.12999725341797,61.209999084472656,125.44000244140625,28.84000015258789,90.66000366210938,205.97000122070312,48.209999084472656,141.2100067138672,113.0199966430664,114.52999877929688,54.97999954223633,80.93511199951172,43.310001373291016,42.900001525878906,4.001500129699707,41.80265808105469,140.0500030517578,74.36000061035156,40.619998931884766,66.69999694824219,40.709999084472656,247.47999572753906,53.18000030517578,83.4000015258789,47.150001525878906,32.02000045776367,27.969999313354492,93.45999908447266,77.51000213623047,71.73999786376953,34.029998779296875,183.2899932861328,209.30999755859375,27.8799991607666,29.399999618530273,46.13999938964844,71.94000244140625,61.27000045776367,125.62000274658203,29.1299991607666,92.0999984741211,208.99000549316406,48.61000061035156,141.99000549316406,113.83000183105469,114.6500015258789,55.599998474121094,81.21183013916016,43.97999954223633,44.0,4.0592498779296875,41.850093841552734,141.7899932861328,76.91000366210938,40.88999938964844,67.63333129882812,41.13999938964844,249.11000061035156,53.5099983215332,83.66000366210938,47.810001373291016,32.130001068115234,28.229999542236328,93.70999908447266,77.62999725341797,70.95999908447266,33.36000061035156,181.02999877929688,206.97000122070312,27.399999618530273,28.959999084472656,45.75,70.6500015258789,60.25,124.11000061035156,28.290000915527344,89.9000015258789,205.64999389648438,47.900001525878906,140.6699981689453,112.73999786376953,112.66999816894531,54.130001068115234,80.48664093017578,43.2400016784668,42.040000915527344,3.9625000953674316,41.214420318603516,139.8800048828125,74.08000183105469,40.290000915527344,66.59333038330078,40.54999923706055,245.47999572753906,52.95000076293945,82.16000366210938,47.040000915527344,31.604999542236328,27.93000030517578,93.06999969482422,76.73999786376953,71.58000183105469,33.560001373291016,182.1699981689453,207.5,27.785999298095703,29.170000076293945,46.040000915527344,71.5,60.47999954223633,124.11000061035156,28.40999984741211,90.05000305175781,207.17999267578125,47.91999816894531,141.77999877929688,113.37000274658203,113.2699966430664,55.310001373291016,80.91603088378906,43.7599983215332,42.22999954223633,3.9765000343322754,41.41366195678711,140.88999938964844,76.83000183105469,40.61000061035156,66.8933334350586,40.83000183105469,246.82000732421875,53.41999816894531,83.19999694824219,47.66999816894531,31.815000534057617,28.079999923706055,93.3499984741211,76.80000305175781,9170400,60388400,1775700,986500,30134000,40574800,8807200,12153200,5983900,4743500,5116800,4298700,1779800,16032300,4874400,9242300,3339100,3963100,5996132,5311000,51625500,452076000,15298599,1466200,15075700,7003300,1424100,7945000,2753000,3817500,2976800,12784900,23534800,36566700,5347300,8077400
2019-07-11,53.055694580078125,33.060001373291016,143.8785858154297,196.2186737060547,23.248435974121094,24.89691925048828,34.493953704833984,56.181087493896484,48.00061798095703,92.31818389892578,20.56049156188965,67.5623779296875,180.1527557373047,42.34907913208008,116.03546905517578,95.01392364501953,100.67591094970703,44.70332717895508,62.59782409667969,35.621585845947266,42.40547561645508,4.131150245666504,29.145090103149414,109.84017944335938,63.12546920776367,34.33643341064453,62.88924026489258,36.0196533203125,232.9978485107422,40.268131256103516,64.0887451171875,39.143497467041016,23.57407569885254,24.766218185424805,83.24984741210938,56.534854888916016,71.23999786376953,33.060001373291016,178.0,208.74000549316406,27.606000900268555,29.360000610351562,44.529998779296875,71.61000061035156,61.459999084472656,125.43000030517578,28.65999984741211,90.83999633789062,211.35000610351562,48.599998474121094,140.11000061035156,114.0999984741211,109.81999969482422,55.439998626708984,77.29007720947266,44.18000030517578,43.47999954223633,4.1570000648498535,40.77798843383789,141.4600067138672,73.70999908447266,40.970001220703125,66.88666534423828,40.900001525878906,261.1600036621094,53.470001220703125,84.43000030517578,47.13999938964844,32.084999084472656,28.1299991607666,93.4800033569336,77.56999969482422,72.4000015258789,34.0,181.0,209.75,27.7450008392334,29.5,45.88999938964844,72.0,61.470001220703125,125.68000030517578,28.969999313354492,91.62000274658203,212.58999633789062,48.779998779296875,141.2100067138672,114.36000061035156,112.23999786376953,55.630001068115234,79.83778381347656,44.33000183105469,43.540000915527344,4.197999954223633,41.32827377319336,142.07000732421875,75.77999877929688,41.0,67.13666534423828,41.189998626708984,261.69000244140625,53.529998779296875,84.93000030517578,47.58000183105469,32.119998931884766,28.170000076293945,94.1500015258789,77.61000061035156,69.8499984741211,32.7599983215332,175.9499969482422,207.3000030517578,27.295000076293945,29.030000686645508,44.16999816894531,71.08999633789062,60.7599983215332,124.5999984741211,28.40999984741211,90.08999633789062,206.0,48.310001373291016,139.02000427246094,113.12000274658203,109.0999984741211,54.81999969482422,76.1259536743164,43.380001068115234,42.439998626708984,4.037499904632568,40.2087287902832,140.1300048828125,73.30000305175781,40.06999969482422,66.48666381835938,40.83000183105469,249.0500030517578,53.099998474121094,83.56999969482422,47.060001373291016,31.885000228881836,27.959999084472656,92.8499984741211,77.05000305175781,72.30000305175781,33.90999984741211,180.86000061035156,209.61000061035156,27.52400016784668,29.100000381469727,45.880001068115234,71.43000030517578,61.04999923706055,125.68000030517578,28.860000610351562,91.1500015258789,206.1999969482422,48.560001373291016,140.94000244140625,113.37000274658203,111.52999877929688,55.2599983215332,79.67557525634766,43.4900016784668,43.220001220703125,4.074999809265137,41.10057067871094,140.52000427246094,74.5199966430664,40.599998474121094,67.0,41.13999938964844,255.8000030517578,53.290000915527344,83.94000244140625,47.209999084472656,32.1150016784668,28.010000228881836,94.11000061035156,77.41000366210938,13001000,63081800,3621900,269600,20712000,37376800,23338400,10739400,4194600,3548000,4207300,3640300,3691600,16615100,5817400,11595200,6589600,4144700,22146126,8799200,30392400,682560000,38383518,1505700,14298400,9695200,2578800,6126600,10268800,6137300,2782400,19751400,25362600,40907500,13691700,6404000
2019-07-12,53.13885498046875,33.209999084472656,141.3970947265625,195.6922607421875,24.034162521362305,24.973236083984375,34.29255294799805,56.306617736816406,48.234928131103516,92.72299194335938,20.553319931030273,67.60697937011719,182.36048889160156,43.49931335449219,111.22377014160156,96.01319122314453,99.27332305908203,44.735572814941406,61.616355895996094,36.177921295166016,43.41002655029297,4.164191246032715,28.751787185668945,110.40696716308594,64.14459991455078,34.20234298706055,64.03319549560547,36.31026840209961,237.22671508789062,40.366024017333984,64.33165740966797,39.326175689697266,23.67327117919922,24.933502197265625,82.32364654541016,56.578582763671875,70.27999877929688,33.209999084472656,174.92999267578125,208.17999267578125,28.538999557495117,29.450000762939453,44.27000045776367,71.7699966430664,61.7599983215332,125.9800033569336,28.649999618530273,90.9000015258789,213.94000244140625,49.91999816894531,134.3000030517578,115.30000305175781,108.29000091552734,55.47999954223633,76.0782470703125,44.869998931884766,44.5099983215332,4.190249919891357,40.22770309448242,142.19000244140625,74.9000015258789,40.810001373291016,68.10333251953125,41.22999954223633,265.8999938964844,53.599998474121094,84.75,47.36000061035156,32.220001220703125,28.31999969482422,92.44000244140625,77.62999725341797,70.30000305175781,33.38999938964844,178.08999633789062,209.05999755859375,28.593000411987305,29.530000686645508,44.650001525878906,72.0199966430664,61.959999084472656,126.25,29.049999237060547,91.47000122070312,214.19000244140625,49.93000030517578,140.1199951171875,115.3499984741211,109.47000122070312,55.869998931884766,77.19465637207031,44.900001525878906,44.70000076293945,4.261750221252441,40.7874755859375,142.47999572753906,74.9800033569336,41.400001525878906,68.17333221435547,41.27000045776367,266.5199890136719,53.86000061035156,85.25,47.41999816894531,32.33000183105469,28.31999969482422,93.19000244140625,77.87999725341797,68.54000091552734,32.59000015258789,174.19000244140625,207.3800048828125,27.63800048828125,29.360000610351562,43.810001373291016,71.58000183105469,61.279998779296875,125.12999725341797,28.6200008392334,90.41999816894531,210.7899932861328,48.810001373291016,132.32000732421875,113.93000030517578,105.1500015258789,55.29999923706055,75.02862548828125,44.380001068115234,43.36000061035156,4.184999942779541,39.85768508911133,140.57000732421875,73.66000366210938,40.70000076293945,67.0566635131836,40.81999969482422,261.6300048828125,53.38999938964844,84.06999969482422,46.91999816894531,32.10499954223633,28.100000381469727,91.80000305175781,77.5,70.30000305175781,32.7599983215332,177.82000732421875,208.0399932861328,27.63800048828125,29.440000534057617,44.56999969482422,71.88999938964844,61.45000076293945,125.37999725341797,28.719999313354492,90.83999633789062,212.0,49.0,140.1199951171875,114.12999725341797,109.47000122070312,55.470001220703125,77.1469497680664,44.54999923706055,43.75,4.184999942779541,40.71157455444336,142.08999633789062,74.25,41.11000061035156,67.0566635131836,41.11000061035156,261.6300048828125,53.86000061035156,84.55000305175781,47.119998931884766,32.10499954223633,28.170000076293945,93.16999816894531,77.75,12903000,51509700,4488700,427400,21971000,29632900,14254900,15355700,4806300,3974400,4853500,2393000,2626000,20148700,17780100,10783400,7211100,3792000,18910636,9565700,33257800,506392000,33580967,1569200,8028100,6788100,1315500,4695800,5336100,4257700,1769500,12792600,16162800,31109900,11508200,6139000
2019-07-15,53.131290435791016,34.38999938964844,142.3589630126953,194.3574676513672,24.28260040283203,24.7782039642334,34.23058319091797,56.25954055786133,47.36801528930664,92.53162384033203,19.835922241210938,66.00791931152344,180.34881591796875,43.67357635498047,111.56331634521484,94.84736633300781,99.43834686279297,44.211463928222656,62.5669059753418,35.82316207885742,43.30275344848633,4.155744552612305,28.9891300201416,108.8617935180664,64.59847259521484,33.917388916015625,64.59422302246094,36.82986831665039,237.28018188476562,40.004547119140625,64.00523376464844,38.78643798828125,23.4601993560791,24.792633056640625,82.50174713134766,56.177730560302734,70.2699966430664,34.38999938964844,176.1199951171875,206.75999450683594,28.833999633789062,29.219999313354492,44.189998626708984,71.70999908447266,60.650001525878906,125.72000122070312,27.649999618530273,88.75,211.5800018310547,50.119998931884766,134.7100067138672,113.9000015258789,108.47000122070312,54.83000183105469,77.25190734863281,44.43000030517578,44.400001525878906,4.1817498207092285,40.55977249145508,140.1999969482422,75.43000030517578,40.470001220703125,68.69999694824219,41.81999969482422,265.9599914550781,53.119998931884766,84.31999969482422,46.709999084472656,31.93000030517578,28.15999984741211,92.63999938964844,77.08000183105469,71.0199966430664,34.54999923706055,177.44000244140625,209.19000244140625,29.448999404907227,29.530000686645508,44.56999969482422,72.1500015258789,61.90999984741211,126.4000015258789,28.850000381469727,91.36000061035156,214.60000610351562,50.25,136.36000061035156,115.56999969482422,109.16000366210938,55.54999923706055,77.5477066040039,45.0099983215332,45.27000045776367,4.227749824523926,40.5787467956543,142.57000732421875,75.9000015258789,41.0,68.9566650390625,41.93000030517578,267.6499938964844,53.70000076293945,84.83000183105469,47.45000076293945,32.29499816894531,28.350000381469727,92.86000061035156,77.73999786376953,69.69999694824219,33.27000045776367,174.61000061035156,206.0500030517578,28.726999282836914,29.079999923706055,44.04999923706055,70.08000183105469,60.58000183105469,125.2699966430664,27.579999923706055,88.58000183105469,209.7899932861328,49.77000045776367,134.4499969482422,113.52999877929688,107.58999633789062,53.849998474121094,76.45037841796875,44.290000915527344,43.709999084472656,4.153250217437744,40.07590103149414,139.74000549316406,74.79000091552734,40.34000015258789,68.3066635131836,41.65999984741211,264.25,52.900001525878906,83.05000305175781,46.439998626708984,31.860000610351562,28.079999923706055,92.18000030517578,76.88999938964844,70.30999755859375,33.34000015258789,174.89999389648438,208.32000732421875,29.110000610351562,29.5,44.279998779296875,71.7300033569336,61.849998474121094,126.05999755859375,28.75,91.16000366210938,214.11000061035156,50.0,135.38999938964844,115.54000091552734,108.30000305175781,55.5099983215332,76.90839385986328,45.0099983215332,44.689998626708984,4.21150016784668,40.10436248779297,142.57000732421875,75.1500015258789,40.849998474121094,68.41666412353516,41.75,265.05999755859375,53.65999984741211,84.54000091552734,47.400001525878906,32.275001525878906,28.329999923706055,92.48999786376953,77.62999725341797,10253300,65565200,3256800,681300,30334000,46462100,8885400,23365800,5051000,3739200,5786100,3432500,2600200,14345100,10038200,12946600,4405200,5764200,10922570,7870700,26623300,289840000,20363912,2534900,8898200,6903800,684300,5784300,2611400,4484500,2513500,21338400,19077800,28346100,5811100,7116400
2019-07-16,52.29202651977539,33.849998474121094,143.45022583007812,192.70298767089844,23.928050994873047,24.583160400390625,34.431983947753906,55.95357131958008,46.66510009765625,91.82502746582031,19.226133346557617,64.91703033447266,183.7072296142578,42.84577178955078,109.73307037353516,95.86328887939453,99.75921630859375,44.896846771240234,63.053775787353516,35.82316207885742,41.99586868286133,4.15102481842041,29.05693244934082,107.74364471435547,64.80400085449219,33.582149505615234,63.90784454345703,36.78582763671875,236.12042236328125,39.944297790527344,63.92176055908203,37.615623474121094,23.21038246154785,24.731002807617188,82.09208679199219,55.33958053588867,69.16000366210938,33.849998474121094,177.47000122070312,205.0,28.413000106811523,28.989999771118164,44.45000076293945,71.31999969482422,59.75,124.76000213623047,26.799999237060547,87.0,215.52000427246094,49.16999816894531,132.5,115.12000274658203,108.81999969482422,55.68000030517578,77.8530502319336,44.43000030517578,43.060001373291016,4.177000045776367,40.65464782714844,138.75999450683594,75.66999816894531,40.06999969482422,67.97000122070312,41.77000045776367,264.6600036621094,53.040000915527344,84.20999908447266,45.29999923706055,31.59000015258789,28.09000015258789,92.18000030517578,75.93000030517578,70.30000305175781,34.86000061035156,177.77000427246094,206.92999267578125,28.77899932861328,29.200000762939453,44.5099983215332,72.0,60.83000183105469,125.77999877929688,27.729999542236328,88.79000091552734,217.3300018310547,50.0,133.8300018310547,115.5,109.19000244140625,55.90999984741211,78.03434753417969,45.060001373291016,44.099998474121094,4.204249858856201,40.76850128173828,140.3000030517578,76.5,40.7599983215332,68.5199966430664,41.95000076293945,267.1400146484375,53.310001373291016,84.91999816894531,46.970001220703125,31.920000076293945,28.260000228881836,92.69999694824219,77.06999969482422,69.12999725341797,33.79999923706055,175.91000366210938,204.36000061035156,28.23900032043457,28.860000610351562,44.08000183105469,71.08999633789062,59.56999969482422,124.26000213623047,26.59000015258789,86.26000213623047,212.5500030517578,48.959999084472656,131.75,112.91999816894531,107.97000122070312,54.41999816894531,77.18511199951172,44.27000045776367,42.93000030517578,4.120999813079834,40.30360412597656,137.9600067138672,74.55000305175781,39.880001068115234,67.6066665649414,41.56999969482422,263.19000244140625,52.95000076293945,83.62000274658203,45.220001220703125,31.46500015258789,28.030000686645508,92.12000274658203,75.79000091552734,70.1500015258789,34.29999923706055,176.33999633789062,205.39999389648438,28.698999404907227,29.170000076293945,44.150001525878906,71.69999694824219,60.650001525878906,125.5,27.6299991607666,88.79000091552734,214.8000030517578,49.90999984741211,132.92999267578125,113.4800033569336,109.0,54.790000915527344,77.59542083740234,44.79999923706055,44.04999923706055,4.166749954223633,40.597721099853516,140.0,75.11000061035156,40.349998474121094,68.38333129882812,41.79999923706055,265.3299865722656,53.279998779296875,84.25,46.720001220703125,31.864999771118164,28.209999084472656,92.56999969482422,76.91999816894531,10141600,66912700,2260100,639200,14617000,54920400,11590900,16516600,6011300,4697600,7598100,3012000,5283700,17131400,10214500,16945000,2206500,6097600,8448662,10170900,31238900,341444000,19553386,3338400,9909600,9257000,1124400,6529500,3121600,5441300,1772900,37548300,21174200,47287700,9092300,10197400
2019-07-17,51.656898498535156,33.599998474121094,143.1187744140625,204.6129913330078,24.008054733276367,24.752758026123047,34.184112548828125,55.561302185058594,46.68853759765625,91.36870574951172,18.602008819580078,63.56644058227539,181.81491088867188,43.03748321533203,109.20303344726562,94.92230987548828,98.17325592041016,43.79216003417969,63.30882263183594,35.291019439697266,42.29820251464844,4.216365814208984,28.982343673706055,108.45796203613281,64.88109588623047,32.37528991699219,64.09904479980469,36.662532806396484,237.89584350585938,40.832950592041016,63.18544387817383,37.5408821105957,22.945877075195312,24.51970672607422,82.10989379882812,55.01162338256836,68.31999969482422,33.599998474121094,177.05999755859375,217.6699981689453,28.507999420166016,29.190000534057617,44.130001068115234,70.81999969482422,59.779998779296875,124.13999938964844,25.93000030517578,85.19000244140625,213.3000030517578,49.38999938964844,131.86000061035156,113.98999786376953,107.08999633789062,54.310001373291016,78.16793823242188,43.77000045776367,43.369998931884766,4.24275016784668,40.55028533935547,139.67999267578125,75.76000213623047,38.630001068115234,68.17333221435547,41.630001068115234,266.6499938964844,54.220001220703125,83.23999786376953,45.209999084472656,31.229999542236328,27.850000381469727,92.19999694824219,75.4800033569336,69.86000061035156,34.29999923706055,179.4499969482422,219.5800018310547,28.729000091552734,29.6200008392334,44.54999923706055,71.5,60.540000915527344,125.27999877929688,26.959999084472656,87.7300033569336,215.77999877929688,49.70000076293945,133.5800018310547,114.94000244140625,109.6500015258789,55.81999969482422,78.5687026977539,44.31999969482422,43.75,4.249750137329102,40.977230072021484,142.3800048828125,79.4000015258789,40.06999969482422,68.4800033569336,41.90999984741211,268.69000244140625,54.84000015258789,84.44999694824219,45.75,31.665000915527344,28.079999923706055,92.68000030517578,75.95999908447266,68.30999755859375,33.4900016784668,177.00999450683594,215.2100067138672,28.319000244140625,29.0,44.060001373291016,70.62000274658203,59.77000045776367,124.05999755859375,25.920000076293945,85.11000061035156,213.16000366210938,49.2400016784668,131.41000366210938,113.7300033569336,107.08000183105469,54.06999969482422,77.84351348876953,43.65999984741211,42.599998474121094,4.149250030517578,40.54079818725586,138.75,75.70999908447266,38.54999923706055,67.93000030517578,41.52000045776367,263.5,52.810001373291016,82.33999633789062,45.13999938964844,31.209999084472656,27.809999465942383,92.19000244140625,75.3499984741211,69.33000183105469,34.0099983215332,178.13999938964844,217.64999389648438,28.555999755859375,29.100000381469727,44.470001220703125,71.19000244140625,60.11000061035156,124.66000366210938,26.770000457763672,87.2300033569336,213.8300018310547,49.5,132.49000549316406,114.43000030517578,109.3499984741211,55.459999084472656,78.20610809326172,44.2599983215332,43.0,4.178750038146973,40.882354736328125,138.7899932861328,78.56999969482422,39.81999969482422,68.36333465576172,41.68000030517578,264.0,53.04999923706055,84.08000183105469,45.20000076293945,31.565000534057617,27.989999771118164,92.37000274658203,75.73999786376953,12205000,42557900,1945200,2050400,15453000,84958300,10815700,12278200,7055900,3874200,5634600,3693500,2583500,11928600,8862100,13120900,3507300,4609600,9848999,9131800,19539300,348204000,16341532,2901800,20602300,12523600,786900,5514600,3995200,8805200,2954900,24502100,27329400,35062600,9566700,7419300
2019-07-18,51.60397720336914,33.0,145.12344360351562,213.05435180664062,24.40386390686035,24.998680114746094,34.122135162353516,56.322303771972656,47.110286712646484,91.76617431640625,18.4370059967041,63.74551773071289,182.8548583984375,43.5167350769043,109.3769302368164,95.48859405517578,99.31916046142578,44.638816833496094,63.903892517089844,35.82316207885742,43.566078186035156,4.228043079376221,29.1993465423584,108.73207092285156,63.69069290161133,32.50101852416992,65.02672576904297,38.0363883972168,232.49819946289062,41.56345748901367,63.26892852783203,38.04740524291992,22.949552536010742,24.704586029052734,82.57300567626953,54.545162200927734,68.25,33.0,179.5399932861328,226.64999389648438,28.97800064086914,29.479999542236328,44.04999923706055,71.79000091552734,60.31999969482422,124.68000030517578,25.700000762939453,85.43000030517578,214.52000427246094,49.939998626708984,132.07000732421875,114.66999816894531,108.33999633789062,55.36000061035156,78.90267181396484,44.43000030517578,44.66999816894531,4.254499912261963,40.85388946533203,138.8800048828125,74.37000274658203,38.779998779296875,69.16000366210938,43.189998626708984,260.6000061035156,55.189998626708984,83.3499984741211,45.81999969482422,31.235000610351562,28.059999465942383,92.72000122070312,74.83999633789062,68.94999694824219,33.459999084472656,180.42999267578125,226.99000549316406,29.030000686645508,29.579999923706055,44.20000076293945,71.9000015258789,60.439998626708984,125.05000305175781,25.959999084472656,85.55999755859375,215.8300018310547,49.9900016784668,132.50999450683594,115.06999969482422,108.4800033569336,55.43000030517578,79.1603012084961,44.52000045776367,44.93000030517578,4.317749977111816,40.85388946533203,139.9499969482422,75.3499984741211,38.779998779296875,69.31999969482422,43.22999954223633,266.510009765625,55.369998931884766,83.44999694824219,46.02000045776367,31.235000610351562,28.110000610351562,92.87000274658203,75.2699966430664,68.0,32.41999816894531,176.8000030517578,221.57000732421875,28.3799991607666,29.18000030517578,43.529998779296875,70.4800033569336,59.790000915527344,123.36000061035156,25.440000534057617,84.5199966430664,211.75,48.88999938964844,131.1699981689453,113.55000305175781,107.23999786376953,53.70000076293945,77.86259460449219,43.5099983215332,43.5,4.196249961853027,40.370018005371094,137.8300018310547,74.05000305175781,37.959999084472656,68.1500015258789,42.310001373291016,257.260009765625,54.29999923706055,81.9800033569336,45.189998626708984,30.899999618530273,27.780000686645508,91.73999786376953,74.18000030517578,68.56999969482422,33.029998779296875,177.1300048828125,221.69000244140625,28.618000030517578,29.280000686645508,44.189998626708984,70.54000091552734,60.060001373291016,124.12000274658203,25.780000686645508,84.94999694824219,212.7100067138672,49.279998779296875,132.1300048828125,113.93000030517578,107.83000183105469,54.02000045776367,78.635498046875,43.66999816894531,43.61000061035156,4.2532501220703125,40.66413879394531,138.5399932861328,74.97000122070312,38.189998626708984,68.1500015258789,42.52000045776367,265.6400146484375,54.41999816894531,82.61000061035156,45.220001220703125,31.079999923706055,27.809999465942383,92.19000244140625,75.02999877929688,8573300,58473900,2374400,1750500,19357000,49468800,13177600,13407400,5711600,5770700,6051400,3330800,2858100,15671600,6203100,9397200,3232900,4279500,8472661,11185800,26456600,442192000,13728877,2004800,12580800,13563000,1041600,11257600,5825800,7893700,2060100,19409100,25509000,46369800,6559500,11424500
2019-07-19,51.82323455810547,32.5099983215332,144.19384765625,210.20608520507812,24.422393798828125,24.930835723876953,33.564414978027344,55.63976287841797,47.3575439453125,92.03113555908203,18.896141052246094,64.9468765258789,182.00244140625,43.80428695678711,107.91934204101562,94.547607421875,97.89823150634766,44.542057037353516,62.899234771728516,35.79090118408203,44.39506912231445,4.184813022613525,29.002689361572266,108.69290161132812,64.23021697998047,32.44235610961914,64.9515151977539,38.60002517700195,228.9741973876953,41.420372009277344,63.49666213989258,38.22178268432617,23.05609130859375,24.59893798828125,81.71805572509766,54.65448760986328,68.54000091552734,32.5099983215332,178.38999938964844,223.6199951171875,29.0,29.399999618530273,43.33000183105469,70.91999816894531,60.33000183105469,125.04000091552734,26.34000015258789,87.04000091552734,213.52000427246094,50.27000045776367,130.30999755859375,113.54000091552734,106.79000091552734,55.2400016784668,77.66221618652344,44.38999938964844,45.52000045776367,4.210999965667725,40.5787467956543,138.8300018310547,75.0,38.709999084472656,69.08000183105469,43.83000183105469,256.6499938964844,55.0,83.6500015258789,46.029998779296875,31.3799991607666,27.940000534057617,91.76000213623047,74.98999786376953,68.81999969482422,33.349998474121094,181.5800018310547,224.92999267578125,29.31599998474121,29.610000610351562,44.189998626708984,72.16999816894531,60.58000183105469,125.41000366210938,26.420000076293945,87.4000015258789,215.77000427246094,50.65999984741211,132.38999938964844,115.12000274658203,108.5199966430664,55.75,79.02671813964844,44.709999084472656,46.0,4.299499988555908,40.9962043762207,139.9499969482422,75.70999908447266,39.34000015258789,69.71666717529297,44.02000045776367,262.7200012207031,55.540000915527344,84.22000122070312,46.40999984741211,31.485000610351562,28.18000030517578,92.97000122070312,75.25,68.0999984741211,32.45000076293945,178.19000244140625,223.11000061035156,28.952999114990234,29.3799991607666,43.2599983215332,70.86000061035156,59.36000061035156,124.5999984741211,25.479999542236328,84.9000015258789,213.35000610351562,49.90999984741211,130.19000244140625,113.4000015258789,106.58000183105469,54.75,77.4332046508789,44.33000183105469,44.630001068115234,4.204999923706055,40.5787467956543,138.5500030517578,74.41999816894531,37.290000915527344,69.01000213623047,43.06999969482422,256.3999938964844,54.970001220703125,83.27999877929688,45.86000061035156,31.1200008392334,27.920000076293945,91.68000030517578,74.54000091552734,68.13999938964844,33.08000183105469,180.6699981689453,223.19000244140625,29.183000564575195,29.540000915527344,44.11000061035156,71.7300033569336,59.93000030517578,124.68000030517578,25.760000228881836,85.72000122070312,214.02000427246094,49.959999084472656,132.25,114.88999938964844,108.5,55.560001373291016,78.91221618652344,44.349998474121094,45.130001068115234,4.293000221252441,40.977230072021484,139.25999450683594,74.41999816894531,39.34000015258789,69.41999816894531,43.08000183105469,261.1000061035156,55.06999969482422,83.48999786376953,45.959999084472656,31.264999389648438,28.1299991607666,92.93000030517578,74.9000015258789,9806900,44617700,2987200,790500,22047000,44863200,12023100,11184600,5136000,4880900,6905300,3130200,1822300,29141100,8340200,10402800,4820600,3284800,12053782,10083600,39328400,344896000,23552579,1853900,14477400,12811700,1311900,11438800,4413200,7237700,1903100,21847900,19930600,29338500,8105900,11243100
2019-07-22,51.41494369506836,32.849998474121094,142.17308044433594,214.07899475097656,24.94031524658203,25.074996948242188,33.13063049316406,55.788818359375,47.44389343261719,92.2298355102539,18.94635581970215,65.07373809814453,182.41159057617188,44.74538803100586,106.53630828857422,95.15548706054688,98.33824157714844,44.525936126708984,62.76011276245117,35.87959289550781,46.0238037109375,4.256365776062012,29.036592483520508,109.27225494384766,65.0438003540039,33.09606170654297,66.192626953125,39.27812957763672,227.78758239746094,41.66889953613281,64.02802276611328,38.595455169677734,23.162626266479492,24.651763916015625,81.54884338378906,54.71279525756836,68.0,32.849998474121094,175.88999938964844,227.74000549316406,29.614999771118164,29.56999969482422,42.77000045776367,71.11000061035156,60.439998626708984,125.30999755859375,26.40999984741211,87.20999908447266,214.0,51.349998474121094,128.63999938964844,114.2699966430664,107.2699966430664,55.220001220703125,77.4904556274414,44.5,47.189998626708984,4.2829999923706055,40.62618637084961,139.57000732421875,75.94999694824219,39.4900016784668,70.4000015258789,44.599998474121094,255.32000732421875,55.33000183105469,84.3499984741211,46.47999954223633,31.524999618530273,28.0,91.56999969482422,75.06999969482422,68.75,33.310001373291016,178.80999755859375,228.1199951171875,29.999000549316406,29.610000610351562,43.5099983215332,71.29000091552734,60.95000076293945,125.75,26.809999465942383,88.7699966430664,214.86000061035156,51.52000045776367,130.14999389648438,114.44999694824219,107.36000061035156,55.939998626708984,78.07251739501953,44.599998474121094,47.43000030517578,4.296000003814697,40.815940856933594,139.94000244140625,76.62000274658203,39.7599983215332,70.5,44.880001068115234,258.95001220703125,55.439998626708984,84.94000244140625,46.54999923706055,31.6299991607666,28.049999237060547,91.91999816894531,75.30000305175781,67.83999633789062,32.7400016784668,175.72000122070312,225.2899932861328,29.224000930786133,29.280000686645508,42.720001220703125,70.68000030517578,59.970001220703125,124.47000122070312,26.139999389648438,86.9000015258789,212.30999755859375,49.88999938964844,127.83999633789062,112.7699966430664,105.87000274658203,54.65999984741211,77.33778381347656,43.939998626708984,46.310001373291016,4.224999904632568,40.370018005371094,137.97000122070312,75.05999755859375,38.619998931884766,69.38333129882812,44.130001068115234,254.52999877929688,54.83000183105469,83.3499984741211,45.77000045776367,31.274999618530273,27.829999923706055,91.48999786376953,74.5,68.5,32.79999923706055,177.8300018310547,225.2899932861328,29.299999237060547,29.290000915527344,43.400001525878906,70.72000122070312,60.459999084472656,125.37000274658203,26.389999389648438,87.37000274658203,213.39999389648438,50.0099983215332,130.0,112.91000366210938,106.91999816894531,55.400001525878906,77.93893432617188,44.220001220703125,46.5,4.232500076293945,40.63567352294922,138.25999450683594,75.05999755859375,39.119998931884766,69.38333129882812,44.20000076293945,258.1400146484375,54.970001220703125,84.30999755859375,45.88999938964844,31.5,27.8799991607666,91.86000061035156,75.23999786376953,9961800,37777300,2556800,787500,33905000,31224300,12390600,7930600,3320500,3275800,4518100,3331000,1907100,21688000,12624800,9061100,2894400,2725800,7261697,7091800,46042800,315940000,12552086,1671200,9645800,10961200,2729700,10035800,4104300,5568400,2346700,17972100,15686200,26683300,5192500,8368800
2019-07-23,51.21080017089844,33.4900016784668,142.27008056640625,216.4008026123047,25.330232620239258,25.651622772216797,33.34751510620117,56.479225158691406,47.318294525146484,92.605224609375,18.80287742614746,65.35725402832031,187.04006958007812,45.093936920166016,106.70191955566406,96.89586639404297,99.20917510986328,44.92103576660156,63.393829345703125,36.36336898803711,45.78973388671875,4.364190578460693,29.21968650817871,110.14130401611328,63.47658920288086,33.31396484375,67.0419692993164,39.11962890625,227.51100158691406,42.19606399536133,64.34681701660156,39.19331359863281,23.225080490112305,24.907093048095703,82.05645751953125,54.93145751953125,67.7300033569336,33.4900016784668,176.00999450683594,230.2100067138672,30.077999114990234,30.25,43.04999923706055,71.98999786376953,60.279998779296875,125.81999969482422,26.209999084472656,87.58999633789062,219.42999267578125,51.75,128.83999633789062,116.36000061035156,108.22000122070312,55.709999084472656,78.27290344238281,45.099998474121094,46.95000076293945,4.391499996185303,40.882354736328125,140.67999267578125,74.12000274658203,39.75,71.30332946777344,44.41999816894531,255.00999450683594,56.029998779296875,84.7699966430664,47.20000076293945,31.610000610351562,28.290000915527344,92.13999938964844,75.37000274658203,68.44000244140625,33.5,176.77000427246094,231.3300018310547,30.236000061035156,30.280000686645508,43.06999969482422,72.18000030517578,60.459999084472656,126.22000122070312,26.309999465942383,88.37000274658203,220.0,52.0,129.4499969482422,116.44999694824219,109.4000015258789,55.83000183105469,78.65457916259766,45.290000915527344,47.13999938964844,4.393499851226807,41.01517868041992,141.1199951171875,75.58999633789062,40.16999816894531,71.30332946777344,44.58000183105469,256.1000061035156,56.11000061035156,85.30000305175781,47.59000015258789,31.69499969482422,28.329999923706055,92.27999877929688,75.7699966430664,67.5999984741211,32.93000030517578,175.52000427246094,229.32000732421875,29.92099952697754,29.700000762939453,42.47999954223633,71.30000305175781,59.84000015258789,124.77999877929688,25.579999923706055,86.45999908447266,214.9499969482422,51.29999923706055,128.16000366210938,114.81999969482422,106.05999755859375,55.189998626708984,77.18511199951172,44.77000045776367,46.22999954223633,4.3067498207092285,40.55977249145508,139.0,73.30999755859375,39.25,70.5,44.2400016784668,252.02000427246094,55.33000183105469,84.0999984741211,46.65999984741211,31.43000030517578,28.059999465942383,91.31999969482422,74.75,68.0,33.16999816894531,176.42999267578125,230.8699951171875,29.950000762939453,29.75,42.810001373291016,71.33000183105469,60.34000015258789,125.23999786376953,25.920000076293945,87.13999938964844,214.9499969482422,52.0,128.61000061035156,114.87999725341797,107.5,55.20000076293945,77.74809265136719,44.77000045776367,46.779998779296875,4.322500228881836,40.65464782714844,139.75999450683594,75.33999633789062,39.54999923706055,70.8066635131836,44.540000915527344,254.47000122070312,55.349998474121094,84.43000030517578,46.68000030517578,31.524999618530273,28.06999969482422,91.69999694824219,75.1500015258789,8025300,38532500,2081800,831100,19692000,64030300,17663400,11804300,4431900,4295300,7234600,2908200,3330600,18413500,5803600,12752200,5098200,3649900,7420469,9859600,29354400,428176000,19586904,1995600,14420400,10610500,1297500,6565800,2889300,7422200,2902200,21150200,14537600,45307600,6688600,8551200
2019-07-24,51.00663757324219,34.11000061035156,142.07606506347656,220.01983642578125,25.5820369720459,26.007780075073242,33.48695373535156,57.27945327758789,47.16130828857422,93.13513946533203,19.018096923828125,65.42440795898438,189.2563018798828,46.11345291137695,107.48039245605469,97.28726196289062,99.48417663574219,46.46113204956055,63.17742919921875,36.685874938964844,46.80402755737305,4.438723087310791,29.084056854248047,110.65019226074219,64.97528076171875,33.8000602722168,69.08541107177734,39.225303649902344,224.04940795898438,42.617794036865234,65.4095230102539,40.23128128051758,23.32426643371582,25.16241455078125,82.10099029541016,54.92416000366211,67.45999908447266,34.11000061035156,175.77000427246094,234.05999755859375,30.37700080871582,30.670000076293945,43.22999954223633,73.01000213623047,60.08000183105469,126.54000091552734,26.510000228881836,87.68000030517578,222.02999877929688,52.91999816894531,129.77999877929688,116.83000183105469,108.5199966430664,57.619998931884766,78.00572204589844,45.5,47.9900016784668,4.4664998054504395,40.69260025024414,141.3300018310547,75.87000274658203,40.33000183105469,73.47666931152344,44.540000915527344,251.1300048828125,56.59000015258789,86.16999816894531,48.45000076293945,31.7450008392334,28.579999923706055,92.19000244140625,75.36000061035156,67.88999938964844,34.36000061035156,176.75,234.5,30.488000869750977,30.75,43.310001373291016,73.08000183105469,60.720001220703125,126.94000244140625,26.889999389648438,88.73999786376953,222.08999633789062,52.970001220703125,129.7899932861328,116.87999725341797,109.66000366210938,57.810001373291016,78.54007720947266,45.709999084472656,48.22999954223633,4.472249984741211,40.79696273803711,141.88999938964844,76.41999816894531,40.689998626708984,73.6066665649414,44.630001068115234,252.8300018310547,56.7599983215332,86.58999633789062,48.470001220703125,31.950000762939453,28.579999923706055,92.19999694824219,76.05000305175781,66.76000213623047,33.45000076293945,174.8800048828125,230.00999450683594,30.049999237060547,30.040000915527344,42.68000030517578,71.66000366210938,59.88999938964844,125.66000366210938,26.209999084472656,87.33999633789062,218.6300048828125,51.79999923706055,128.57000732421875,115.5199966430664,107.16000366210938,55.45000076293945,77.40457916259766,44.86000061035156,46.81999969482422,4.358500003814697,40.199241638183594,139.72999572753906,73.68000030517578,39.58000183105469,71.79666900634766,44.2400016784668,245.1300048828125,55.86000061035156,84.0999984741211,47.279998779296875,31.53499984741211,28.209999084472656,91.16999816894531,74.8499984741211,67.7699966430664,33.63999938964844,176.02000427246094,230.19000244140625,30.1200008392334,30.06999969482422,42.959999084472656,71.66000366210938,60.130001068115234,125.87000274658203,26.229999542236328,87.45999908447266,219.25,51.97999954223633,128.8800048828125,115.58000183105469,108.3499984741211,55.540000915527344,78.24427795410156,44.88999938964844,46.95000076293945,4.434999942779541,40.79696273803711,139.72999572753906,74.01000213623047,39.63999938964844,71.79666900634766,44.5,252.7899932861328,55.86000061035156,84.55999755859375,47.29999923706055,31.56999969482422,28.229999542236328,92.0,75.38999938964844,12595300,41952300,1898000,786500,19006000,53171900,14490600,12512900,4405000,4796900,6577200,1849300,3180000,20896400,6838600,10011000,3762700,7114300,7720197,8092200,33169900,366236000,18117838,1981200,14012700,10763300,2436300,7130400,4864000,7947800,4002300,29357200,19815400,36374200,5430400,8260200
2019-07-25,50.401756286621094,33.66999816894531,140.73431396484375,216.25039672851562,25.297388076782227,25.727941513061523,35.16789245605469,56.00848388671875,46.344940185546875,92.46537017822266,18.34374237060547,63.7754020690918,187.50888061523438,45.451194763183594,108.59016418457031,96.35460662841797,98.84245300292969,45.558040618896484,63.17742919921875,36.177921295166016,46.58946228027344,4.307544708251953,28.934871673583984,110.26655578613281,64.52996063232422,33.48159408569336,67.92577362060547,38.41508483886719,221.8814697265625,42.595191955566406,63.3448371887207,39.93234634399414,23.05976104736328,24.98632049560547,81.70024108886719,54.61076736450195,66.66000366210938,33.66999816894531,174.11000061035156,230.0500030517578,30.038999557495117,30.34000015258789,45.400001525878906,71.38999938964844,59.040000915527344,125.62999725341797,25.56999969482422,85.47000122070312,219.97999572753906,52.15999984741211,131.1199951171875,115.70999908447266,107.81999969482422,56.5,78.00572204589844,44.869998931884766,47.77000045776367,4.334499835968018,40.48387145996094,140.83999633789062,75.3499984741211,39.95000076293945,72.24333190917969,43.619998931884766,248.6999969482422,56.560001373291016,83.44999694824219,48.09000015258789,31.385000228881836,28.3799991607666,91.73999786376953,74.93000030517578,67.87000274658203,34.25,176.5,232.97000122070312,30.21299934387207,30.889999389648438,45.63999938964844,73.08000183105469,60.599998474121094,127.0,26.670000076293945,88.18000030517578,221.77000427246094,52.599998474121094,131.52999877929688,117.23999786376953,110.37999725341797,57.779998779296875,79.25572204589844,45.56999969482422,48.70000076293945,4.4375,40.79696273803711,142.32000732421875,76.13999938964844,40.59000015258789,72.98666381835938,44.2400016784668,252.75,56.95000076293945,86.44999694824219,48.7400016784668,31.905000686645508,28.610000610351562,92.29000091552734,75.77999877929688,66.5,33.619998931884766,173.77000427246094,229.72000122070312,29.940000534057617,30.209999084472656,42.81999969482422,70.93000030517578,58.900001525878906,125.33000183105469,25.479999542236328,85.0199966430664,218.22999572753906,51.880001068115234,129.6699981689453,115.31999969482422,107.68000030517578,55.869998931884766,77.33778381347656,44.599998474121094,47.59000015258789,4.310999870300293,40.351043701171875,140.2899932861328,75.0999984741211,39.560001373291016,72.02999877929688,43.619998931884766,248.2899932861328,56.40999984741211,82.16000366210938,48.0099983215332,31.290000915527344,28.31999969482422,91.54000091552734,74.80000305175781,67.45999908447266,34.04999923706055,175.77999877929688,232.75999450683594,30.21299934387207,30.739999771118164,42.900001525878906,72.95999908447266,60.59000015258789,127.0,26.610000610351562,88.0199966430664,221.77000427246094,52.5099983215332,130.05999755859375,116.88999938964844,108.56999969482422,57.599998474121094,77.71946716308594,45.5,48.400001525878906,4.424749851226807,40.63567352294922,142.0399932861328,75.83999633789062,40.59000015258789,72.95333099365234,44.209999084472656,251.1300048828125,56.81999969482422,86.18000030517578,48.52000045776367,31.864999771118164,28.56999969482422,91.94000244140625,75.77999877929688,12403500,36705600,2145500,521700,15741000,43251900,33799300,15698300,5019300,4586800,5530200,2945100,2776700,27765400,8897800,10138400,4596700,5127200,9670106,8733800,28127800,392700000,17514634,1557000,7299500,7701100,1846500,6593900,3362800,5304400,5248400,20562000,20140800,34180400,6618700,9083900
2019-07-26,51.23347854614258,34.02000045776367,141.72853088378906,217.00241088867188,25.34202003479004,26.092578887939453,35.14464569091797,56.61259460449219,46.11729049682617,91.05958557128906,18.322223663330078,62.894893646240234,189.3500518798828,44.95451736450195,108.26718139648438,96.77930450439453,99.25499725341797,45.83219528198242,62.93014907836914,36.87938690185547,46.31638717651367,4.3495306968688965,29.21968650817871,111.80108642578125,64.41863250732422,33.531864166259766,67.906982421875,38.27417755126953,225.66419982910156,43.21274948120117,63.99763870239258,40.93709182739258,22.94220542907715,25.259254455566406,81.9941177368164,54.52330780029297,67.76000213623047,34.02000045776367,175.33999633789062,230.85000610351562,30.091999053955078,30.770000457763672,45.369998931884766,72.16000366210938,58.75,123.72000122070312,25.540000915527344,84.29000091552734,222.13999938964844,51.59000015258789,130.72999572753906,116.22000122070312,108.2699966430664,56.84000015258789,77.70037841796875,45.7400016784668,47.4900016784668,4.3767499923706055,40.882354736328125,142.8000030517578,75.22000122070312,40.0099983215332,72.22333526611328,43.459999084472656,252.94000244140625,57.380001068115234,84.30999755859375,49.29999923706055,31.225000381469727,28.690000534057617,92.06999969482422,74.80999755859375,69.13999938964844,34.77000045776367,175.50999450683594,232.41000366210938,30.302000045776367,30.989999771118164,46.11000061035156,72.63999938964844,59.36000061035156,125.25,25.920000076293945,85.19999694824219,222.24000549316406,53.5,131.3000030517578,116.51000213623047,109.2300033569336,57.08000183105469,77.89122009277344,45.77000045776367,48.130001068115234,4.423749923706055,40.958255767822266,143.17999267578125,75.8499984741211,40.310001373291016,72.76333618164062,43.88999938964844,253.8800048828125,57.47999954223633,85.0,49.310001373291016,31.389999389648438,28.709999084472656,92.23999786376953,75.08000183105469,67.37000274658203,33.869998931884766,173.1199951171875,230.8300018310547,30.05299949645996,30.420000076293945,44.2599983215332,71.8499984741211,58.439998626708984,123.30000305175781,25.34000015258789,83.47000122070312,220.3699951171875,51.529998779296875,130.49000549316406,115.52999877929688,107.54000091552734,56.18000030517578,77.2042007446289,44.90999984741211,47.09000015258789,4.36175012588501,40.256168365478516,140.9199981689453,74.8499984741211,39.68000030517578,72.16666412353516,43.380001068115234,246.50999450683594,56.54999923706055,83.08000183105469,48.06999969482422,31.09000015258789,28.3799991607666,91.72000122070312,74.5999984741211,67.63999938964844,34.22999954223633,174.27000427246094,232.22000122070312,30.159000396728516,30.56999969482422,45.97999954223633,72.1500015258789,58.900001525878906,125.23999786376953,25.530000686645508,85.0199966430664,220.4499969482422,52.689998626708984,131.3000030517578,115.7699966430664,107.91999816894531,56.36000061035156,77.84351348876953,44.9900016784668,47.939998626708984,4.36175012588501,40.47438430786133,140.9499969482422,75.11000061035156,39.900001525878906,72.76333618164062,43.72999954223633,249.02000427246094,56.54999923706055,83.20999908447266,48.150001525878906,31.385000228881836,28.440000534057617,92.05999755859375,74.87000274658203,12259300,43502800,3070400,399700,14996000,46978800,20318100,10625900,6704100,6971700,4823600,3026100,2304500,36401500,4894600,12800400,3470700,3452900,7638977,8321000,19676200,274160000,21062187,1233100,8262500,6731100,626400,4399000,3362600,6396300,2712500,21641500,19307600,33642800,3812400,7677300
2019-07-29,50.79494094848633,33.47999954223633,142.32664489746094,217.115234375,25.41107940673828,25.880582809448242,35.16014099121094,56.29877471923828,45.677703857421875,91.4349594116211,18.307878494262695,62.6187858581543,187.79873657226562,45.75618362426758,110.16371154785156,96.4711685180664,99.66751861572266,45.28388214111328,63.74930953979492,36.46818161010742,45.6629524230957,4.34332275390625,28.107580184936523,111.14342498779297,64.20452117919922,32.861392974853516,68.0918960571289,38.696903228759766,226.44932556152344,42.97175216674805,63.78510665893555,40.09011459350586,22.850366592407227,25.065563201904297,82.33251953125,54.90956497192383,67.18000030517578,33.47999954223633,176.0800018310547,230.97000122070312,30.173999786376953,30.520000457763672,45.38999938964844,71.76000213623047,58.189998626708984,124.2300033569336,25.520000457763672,83.91999816894531,220.32000732421875,52.5099983215332,133.02000427246094,115.8499984741211,108.72000122070312,56.15999984741211,78.71183013916016,45.22999954223633,46.81999969482422,4.370500087738037,39.326377868652344,141.9600067138672,74.97000122070312,39.209999084472656,72.41999816894531,43.939998626708984,253.82000732421875,57.060001373291016,84.02999877929688,48.279998779296875,31.100000381469727,28.469999313354492,92.44999694824219,75.33999633789062,68.41000366210938,34.18000030517578,177.16000366210938,231.25999450683594,30.2549991607666,30.850000381469727,45.5099983215332,72.33999633789062,58.810001373291016,124.63999938964844,25.6299991607666,84.38999938964844,222.1300048828125,52.560001373291016,133.30999755859375,117.18000030517578,110.23999786376953,56.779998779296875,79.00763702392578,45.72999954223633,46.970001220703125,4.386750221252441,40.79696273803711,144.32000732421875,76.31999969482422,40.0,72.48999786376953,43.95000076293945,255.3000030517578,57.66999816894531,84.80999755859375,49.56999969482422,31.225000381469727,28.719999313354492,92.5199966430664,75.37999725341797,66.87999725341797,32.97999954223633,174.83999633789062,229.38999938964844,29.695999145507812,30.489999771118164,44.90999984741211,71.7300033569336,57.47999954223633,123.37999725341797,24.920000076293945,82.01000213623047,220.1999969482422,50.779998779296875,130.2100067138672,115.79000091552734,108.06999969482422,55.619998931884766,77.87213897705078,45.06999969482422,45.849998474121094,4.281750202178955,39.22201156616211,141.8800048828125,74.66999816894531,38.650001525878906,71.48999786376953,43.400001525878906,252.33999633789062,57.02000045776367,83.25,48.18000030517578,30.8700008392334,28.440000534057617,91.97000122070312,74.69999694824219,67.87000274658203,34.13999938964844,175.27000427246094,230.61000061035156,30.12299919128418,30.719999313354492,45.0,71.91000366210938,58.689998626708984,123.4800033569336,25.350000381469727,84.05999755859375,221.0,51.529998779296875,131.0,116.45999908447266,108.06999969482422,56.54999923706055,78.3396987915039,45.63999938964844,46.869998931884766,4.369500160217285,40.00948715209961,142.25999450683594,75.16000366210938,39.9900016784668,72.0999984741211,43.52000045776367,252.83999633789062,57.16999816894531,84.06999969482422,49.380001068115234,31.200000762939453,28.639999389648438,92.12000274658203,74.87999725341797,10117300,45922000,1985400,325900,12068000,39176700,14301000,8561200,6597500,4377500,5301700,3407000,1372800,21897500,7832000,8500400,3192500,4604200,11123682,8667000,21939500,248160000,64559186,1273100,8237500,6549500,2041800,4138600,2005500,4603200,2013600,19148600,16569800,35955100,5887500,7091900
2019-07-30,50.79494094848633,33.869998931884766,142.625732421875,214.64292907714844,25.227489471435547,26.194337844848633,34.51720428466797,56.25954055786133,46.71387481689453,91.51590728759766,19.283533096313477,64.21562194824219,188.71926879882812,45.05037307739258,109.38521575927734,96.25466918945312,99.64002227783203,46.00152587890625,64.35211944580078,36.29753494262695,46.28712844848633,4.358973503112793,26.30381202697754,111.11212158203125,64.06749725341797,33.14634704589844,67.93832397460938,37.96593475341797,227.43959045410156,43.03199768066406,64.36201477050781,40.3143196105957,23.10752296447754,24.99513053894043,81.97631072998047,54.9168701171875,67.18000030517578,33.869998931884766,176.4499969482422,228.33999633789062,29.95599937438965,30.889999389648438,44.560001373291016,71.70999908447266,59.5099983215332,124.33999633789062,26.8799991607666,86.05999755859375,221.39999389648438,51.70000076293945,132.0800018310547,115.58999633789062,108.69000244140625,57.04999923706055,79.45610809326172,44.66999816894531,47.459999084472656,4.386250019073486,36.80265808105469,141.9199981689453,74.80999755859375,39.54999923706055,72.25666809082031,43.11000061035156,254.92999267578125,57.13999938964844,84.79000091552734,48.54999923706055,31.450000762939453,28.389999389648438,92.05000305175781,75.3499984741211,67.52999877929688,33.939998626708984,176.72000122070312,229.41000366210938,30.093000411987305,30.899999618530273,45.33000183105469,71.70999908447266,59.86000061035156,124.75,27.1299991607666,86.7300033569336,221.99000549316406,52.310001373291016,132.49000549316406,116.08000183105469,110.0199966430664,57.2599983215332,81.26908111572266,44.849998474121094,47.68000030517578,4.398499965667725,38.178367614746094,142.63999938964844,75.06999969482422,39.7599983215332,72.40666961669922,43.400001525878906,255.05999755859375,57.290000915527344,84.80000305175781,48.59000015258789,31.524999618530273,28.420000076293945,92.08999633789062,75.55999755859375,66.26000213623047,32.939998626708984,174.27000427246094,227.3300018310547,29.709999084472656,30.149999618530273,44.47999954223633,70.58000183105469,57.02000045776367,123.37999725341797,25.43000030517578,83.05000305175781,217.3300018310547,51.560001373291016,131.27000427246094,114.76000213623047,107.0,55.369998931884766,79.02671813964844,44.16999816894531,46.20000076293945,4.3092498779296875,36.62239074707031,140.69000244140625,74.36000061035156,38.59000015258789,71.43333435058594,42.77000045776367,250.47000122070312,56.650001525878906,82.9000015258789,47.88999938964844,30.915000915527344,28.190000534057617,91.36000061035156,74.88999938964844,66.91999816894531,33.209999084472656,174.9199981689453,227.66000366210938,29.909000396728516,30.209999084472656,45.04999923706055,71.02999877929688,57.099998474121094,124.0999984741211,25.510000228881836,83.5999984741211,218.49000549316406,51.709999084472656,132.47000122070312,115.19000244140625,108.30000305175781,56.15999984741211,80.14312744140625,44.61000061035156,46.880001068115234,4.323750019073486,37.78937530517578,140.83999633789062,74.58000183105469,38.9900016784668,71.7066650390625,43.400001525878906,252.66000366210938,56.779998779296875,83.5,48.0099983215332,30.975000381469727,28.25,91.73999786376953,75.05999755859375,8143700,72198900,2005100,462000,11164000,37598300,13906500,9208300,5927800,3871700,6911300,3707600,1644600,16487700,5509600,7121100,4664200,3746300,14286965,7339100,21301600,197772000,95739668,1063600,7397900,9256500,789600,4938500,1908800,5468000,2589800,14207000,21602600,30726100,7959200,6961200
2019-07-31,50.371517181396484,30.450000762939453,150.81385803222656,209.44468688964844,24.421552658081055,26.016260147094727,34.4010009765625,55.82804489135742,46.376338958740234,90.61062622070312,19.369625091552734,64.05892181396484,187.6367645263672,44.04827880859375,107.84481048583984,96.5960693359375,99.87836456298828,45.469337463378906,64.1357192993164,36.20816421508789,43.7806396484375,4.191769123077393,26.33771324157715,111.8793716430664,62.65443420410156,33.49835205078125,65.68490600585938,37.543216705322266,222.15805053710938,43.039527893066406,64.71118927001953,40.198055267333984,23.034046173095703,24.87187385559082,81.1658935546875,54.19533157348633,66.62000274658203,30.450000762939453,186.5800018310547,222.80999755859375,28.999000549316406,30.68000030517578,44.40999984741211,71.16000366210938,59.08000183105469,123.11000061035156,27.0,85.8499984741211,220.1300048828125,50.54999923706055,130.22000122070312,116.0,108.94999694824219,56.38999938964844,79.18893432617188,44.560001373291016,44.88999938964844,4.2179999351501465,36.850093841552734,142.89999389648438,73.16000366210938,39.970001220703125,69.86000061035156,42.630001068115234,249.00999450683594,57.150001525878906,85.25,48.40999984741211,31.350000381469727,28.25,91.13999938964844,74.36000061035156,67.37999725341797,32.29999923706055,188.0,227.36000061035156,30.08300018310547,31.059999465942383,45.04999923706055,71.66000366210938,59.7400016784668,124.69000244140625,27.600000381469727,88.12999725341797,221.97999572753906,51.720001220703125,132.0,116.18000030517578,110.70999908447266,57.61000061035156,80.77290344238281,44.9900016784668,46.790000915527344,4.355500221252441,37.637569427490234,143.83999633789062,75.27999877929688,40.61000061035156,71.81999969482422,43.16999816894531,257.1600036621094,57.810001373291016,86.5,48.97999954223633,31.719999313354492,28.530000686645508,92.33000183105469,75.66000366210938,65.62999725341797,30.299999237060547,177.89999389648438,221.2100067138672,28.66699981689453,30.59000015258789,44.0,70.80999755859375,58.380001068115234,122.4800033569336,26.6200008392334,85.25,219.00999450683594,50.04999923706055,130.17999267578125,114.86000061035156,107.61000061035156,55.5099983215332,79.0457992553711,44.279998779296875,44.439998626708984,4.17549991607666,36.53700256347656,141.0800018310547,72.76000213623047,39.310001373291016,69.163330078125,42.04999923706055,248.47999572753906,57.0099983215332,84.44999694824219,48.11000061035156,31.09000015258789,28.200000762939453,90.58000183105469,74.26000213623047,66.91000366210938,32.08000183105469,180.0,227.05999755859375,30.003000259399414,30.829999923706055,44.369998931884766,71.4000015258789,59.47999954223633,123.70999908447266,26.809999465942383,85.86000061035156,221.24000549316406,51.5099983215332,131.63999938964844,116.0999984741211,108.05999755859375,57.029998779296875,79.1030502319336,44.70000076293945,46.709999084472656,4.354499816894531,36.62239074707031,141.99000549316406,74.83000183105469,39.66999816894531,71.70999908447266,43.029998779296875,256.32000732421875,57.33000183105469,84.72000122070312,48.2599983215332,31.450000762939453,28.389999389648438,91.94999694824219,75.04000091552734,11300000,119190000,7157600,519500,20819000,60607600,12863100,13617300,8268500,7199500,5991300,3144300,1991100,24169800,8559200,13648000,5535700,5682200,12443428,8317100,34493900,359416000,56309423,2394600,14052800,10673300,1374600,7592300,3532400,6685100,3217900,23422800,30556000,64485400,8557400,13104600
2019-08-01,49.75151443481445,29.860000610351562,150.3450469970703,208.1568603515625,24.02995491027832,25.00715446472168,35.012962341308594,53.62348556518555,46.15653610229492,88.86627197265625,18.04961585998535,60.4921989440918,180.3657989501953,43.13332748413086,107.90277099609375,94.0479507446289,101.30848693847656,44.638816833496094,64.67669677734375,34.883663177490234,42.52252960205078,4.0973591804504395,26.180294036865234,108.24662017822266,60.97587203979492,32.27473831176758,64.38739013671875,36.873905181884766,222.3721160888672,41.94000244140625,64.02040100097656,39.077056884765625,22.512380599975586,24.30839729309082,81.27278900146484,52.810577392578125,65.80000305175781,29.860000610351562,186.0,221.44000244140625,28.534000396728516,29.489999771118164,45.20000076293945,68.3499984741211,58.79999923706055,120.73999786376953,25.15999984741211,81.06999969482422,211.60000610351562,49.5,130.2899932861328,112.94000244140625,110.51000213623047,55.36000061035156,79.85687255859375,42.93000030517578,43.599998474121094,4.123000144958496,36.290321350097656,138.25999450683594,71.19999694824219,38.5099983215332,68.4800033569336,41.869998931884766,249.25,55.689998626708984,84.33999633789062,47.060001373291016,30.639999389648438,27.610000610351562,91.26000213623047,72.45999908447266,67.19999694824219,31.479999542236328,189.4600067138672,229.97000122070312,29.781999588012695,31.06999969482422,45.5,71.08999633789062,60.279998779296875,123.75,26.5,84.30000305175781,219.9499969482422,51.88999938964844,130.74000549316406,116.80000305175781,110.73999786376953,58.599998474121094,80.62976837158203,44.7400016784668,45.959999084472656,4.319499969482422,36.64136505126953,143.5399932861328,73.70999908447266,39.45000076293945,71.55999755859375,43.38999938964844,251.5800018310547,57.189998626708984,86.52999877929688,48.63999938964844,31.149999618530273,28.420000076293945,92.23999786376953,74.2699966430664,65.11000061035156,29.100000381469727,184.13999938964844,219.17999267578125,28.23200035095215,29.360000610351562,44.40999984741211,67.5999984741211,57.88999938964844,120.30999755859375,24.829999923706055,79.44999694824219,210.75999450683594,49.470001220703125,129.02000427246094,112.5999984741211,108.30999755859375,54.84000015258789,78.85496520996094,42.689998626708984,42.84000015258789,4.070499897003174,35.74952697753906,138.00999450683594,68.25,38.06999969482422,67.88999938964844,41.599998474121094,247.27999877929688,55.47999954223633,83.66000366210938,46.95000076293945,30.44499969482422,27.56999969482422,90.70999908447266,72.2699966430664,66.93000030517578,30.5,186.39999389648438,225.97999572753906,28.913000106811523,30.549999237060547,44.54999923706055,70.66999816894531,58.08000183105469,122.0,26.5,84.0,219.35000610351562,50.52000045776367,130.25999450683594,115.33000183105469,109.0199966430664,57.91999816894531,79.25572204589844,44.41999816894531,45.0,4.228499889373779,36.34724807739258,142.41000366210938,68.87999725341797,39.380001068115234,69.5633316040039,42.75,249.19000244140625,56.849998474121094,85.20999908447266,48.40999984741211,31.0049991607666,28.229999542236328,91.1500015258789,73.73999786376953,13106700,80878900,3484700,834200,21911000,76913400,16077500,22571000,7924200,7928400,9688500,8080000,3070100,34020800,7870700,15664500,3679000,8254600,10550006,12963900,37906500,421212000,51624920,2973900,29729800,13280000,2578800,9662800,3613600,8786800,4233900,22668600,50380400,107976300,16422500,17132800
2019-08-02,49.41127395629883,29.440000534057617,151.3311767578125,206.71861267089844,23.456443786621094,24.913875579833984,35.62491226196289,53.44167709350586,44.327552795410156,88.85892486572266,17.95635223388672,61.52938461303711,178.4650421142578,42.41879653930664,108.54875183105469,94.03961181640625,103.05945587158203,43.23578643798828,65.27949523925781,34.2254753112793,42.990657806396484,4.0046892166137695,26.009180068969727,108.01177215576172,60.93306350708008,31.361221313476562,63.43773651123047,36.68016052246094,223.08584594726562,41.74420928955078,62.29731369018555,39.392601013183594,22.189098358154297,24.29960060119629,81.08575439453125,52.29309844970703,65.3499984741211,29.440000534057617,187.22000122070312,219.91000366210938,27.85300064086914,29.3799991607666,45.9900016784668,67.61000061035156,56.470001220703125,120.7300033569336,25.030000686645508,82.45999908447266,209.3699951171875,48.68000030517578,131.07000732421875,112.93000030517578,112.41999816894531,53.619998931884766,80.60114288330078,42.119998931884766,44.08000183105469,4.029749870300293,36.053131103515625,137.9600067138672,71.1500015258789,37.41999816894531,67.47000122070312,41.650001525878906,250.0500030517578,55.43000030517578,82.06999969482422,47.439998626708984,30.200000762939453,27.600000381469727,91.05000305175781,71.75,65.79000091552734,29.729999542236328,187.86000061035156,222.5399932861328,28.384000778198242,29.5,46.029998779296875,68.05999755859375,59.310001373291016,122.54000091552734,25.760000228881836,87.83999633789062,211.5800018310547,49.36000061035156,131.47000122070312,113.43000030517578,113.2699966430664,55.400001525878906,80.88740539550781,42.75,44.40999984741211,4.0995001792907715,36.56546401977539,138.6999969482422,71.52999877929688,38.72999954223633,68.37666320800781,41.779998779296875,251.57000732421875,55.68000030517578,83.91000366210938,47.61000061035156,30.94499969482422,27.739999771118164,91.41000366210938,73.26000213623047,65.02999877929688,28.940000534057617,185.00999450683594,218.19000244140625,27.590999603271484,28.90999984741211,45.11000061035156,66.62999725341797,56.31999969482422,117.83000183105469,24.170000076293945,80.05999755859375,205.30999755859375,48.5,129.77000427246094,111.4000015258789,110.19000244140625,53.34000015258789,79.72328186035156,41.2400016784668,42.220001220703125,3.9820001125335693,35.815940856933594,135.42999267578125,70.01000213623047,37.189998626708984,66.87000274658203,41.0099983215332,246.10000610351562,54.619998931884766,81.01000213623047,46.369998931884766,29.889999389648438,27.229999542236328,90.45999908447266,71.18000030517578,65.5,29.479999542236328,186.0,222.5399932861328,28.207000732421875,29.360000610351562,45.25,67.61000061035156,58.939998626708984,121.77999877929688,25.260000228881836,83.05000305175781,211.5800018310547,49.09000015258789,130.86000061035156,112.4000015258789,110.95999908447266,55.099998474121094,80.03816986083984,42.72999954223633,42.63999938964844,4.029749870300293,36.290321350097656,138.3300018310547,70.44000244140625,38.5099983215332,67.78666687011719,41.150001525878906,249.69000244140625,55.34000015258789,83.5,47.11000061035156,30.764999389648438,27.559999465942383,91.12999725341797,72.61000061035156,9653900,60410900,2966500,555700,20080000,57492300,17929000,14771400,7697700,9026200,7951200,6795800,2503000,27881600,6574900,11025500,4477700,5094700,10913767,16089900,31954100,428348000,29153640,1859000,12649400,8738200,2328900,9317000,2677600,7249400,3289900,20159000,43399800,66036400,15956600,21376700
2019-08-05,49.32054138183594,27.989999771118164,146.7076873779297,199.4053497314453,22.541032791137695,23.81148910522461,35.15238952636719,51.520912170410156,42.922447204589844,87.39424133300781,17.260478973388672,58.94763946533203,171.9101104736328,40.928741455078125,107.79513549804688,91.24165344238281,99.65836334228516,40.857086181640625,64.23619079589844,32.90098190307617,40.903541564941406,3.746307134628296,25.29735565185547,104.06584167480469,58.9205207824707,30.16275405883789,60.69850158691406,35.112548828125,218.63397216796875,39.95182800292969,58.16054916381836,38.31312942504883,21.527833938598633,23.489612579345703,79.1799545288086,51.22174072265625,65.2300033569336,27.989999771118164,181.5,212.1300048828125,26.766000747680664,28.079999923706055,45.380001068115234,65.18000030517578,54.68000030517578,118.73999786376953,24.059999465942383,79.0,201.67999267578125,46.970001220703125,130.16000366210938,109.56999969482422,108.70999908447266,50.66999816894531,79.31298065185547,40.4900016784668,41.939998626708984,3.7697501182556152,35.06641387939453,132.9199981689453,68.80000305175781,35.9900016784668,64.5566635131836,39.869998931884766,245.05999755859375,53.04999923706055,75.77999877929688,46.13999938964844,29.299999237060547,26.68000030517578,88.91000366210938,70.27999877929688,66.12000274658203,28.489999771118164,185.9600067138672,216.4199981689453,27.224000930786133,28.639999389648438,45.900001525878906,65.81999969482422,55.709999084472656,120.55000305175781,24.540000915527344,81.62999725341797,205.82000732421875,47.959999084472656,131.4600067138672,110.9800033569336,112.48999786376953,52.66999816894531,80.47709655761719,41.0,42.5099983215332,3.846250057220459,35.891841888427734,135.6300048828125,70.83999633789062,36.79999923706055,65.55000305175781,40.52000045776367,249.94000244140625,54.5,79.6500015258789,46.79999923706055,29.719999313354492,27.1200008392334,90.37999725341797,70.91999816894531,64.54000091552734,27.649999618530273,180.52000427246094,210.3000030517578,26.408000946044922,27.709999084472656,44.900001525878906,64.58000183105469,54.22999954223633,117.44999694824219,23.93000030517578,78.80000305175781,199.5800018310547,46.56999969482422,129.00999450683594,108.2699966430664,107.44000244140625,49.939998626708984,78.3969497680664,39.939998626708984,41.36000061035156,3.7225000858306885,34.544593811035156,131.83999633789062,68.55999755859375,35.900001525878906,63.970001220703125,39.779998779296875,242.58999633789062,52.61000061035156,75.08000183105469,45.849998474121094,29.09000015258789,26.479999542236328,88.19000244140625,69.61000061035156,64.9800033569336,28.260000228881836,185.5800018310547,216.3800048828125,27.19499969482422,28.530000686645508,45.2599983215332,65.5999984741211,55.54999923706055,119.19000244140625,24.25,80.25,205.82000732421875,47.7599983215332,130.91000366210938,110.79000091552734,111.37999725341797,52.599998474121094,80.0095443725586,40.93000030517578,42.400001525878906,3.8450000286102295,35.8254280090332,135.10000610351562,69.97000122070312,36.689998626708984,65.49333190917969,40.40999984741211,248.1300048828125,54.41999816894531,79.63999938964844,46.5,29.639999389648438,26.989999771118164,90.0199966430664,70.77999877929688,11618800,74333200,4060000,693900,27765000,96207700,17156700,21144800,7474600,8620300,8057700,5476400,2794200,38936600,9480000,15855300,4765800,8055900,11885578,15311100,35172900,589156000,46030183,2306100,13071800,10771600,2511300,6668400,5812400,7480400,5976300,27113500,55153800,85527900,17626200,19080900
2019-08-06,48.97272491455078,28.860000610351562,149.10028076171875,201.99977111816406,22.438282012939453,24.099807739257812,35.39252471923828,52.36668395996094,42.56918716430664,87.86530303955078,17.37527084350586,58.4103889465332,175.60096740722656,41.19630432128906,108.30030822753906,91.95783233642578,102.1243667602539,39.98625564575195,65.18675994873047,33.49417495727539,41.566741943359375,3.785065174102783,25.29050636291504,105.20892333984375,58.38098907470703,29.718564987182617,61.4726448059082,36.33668899536133,221.50672912597656,40.335906982421875,58.974082946777344,38.96912384033203,21.502119064331055,23.868194580078125,80.2041015625,51.717323303222656,64.7699966430664,28.860000610351562,184.4600067138672,214.88999938964844,26.643999099731445,28.420000076293945,45.689998626708984,66.25,54.22999954223633,119.37999725341797,24.219999313354492,78.27999877929688,206.00999450683594,46.959999084472656,130.77000427246094,110.43000030517578,111.4000015258789,49.59000015258789,80.48664093017578,41.220001220703125,42.619998931884766,3.8087499141693115,35.05692672729492,134.3800048828125,68.16999816894531,35.459999084472656,65.37999725341797,41.2599983215332,248.27999877929688,53.560001373291016,76.83999633789062,46.93000030517578,29.264999389648438,27.110000610351562,90.05999755859375,70.95999908447266,65.83999633789062,29.049999237060547,184.60000610351562,216.5399932861328,27.218000411987305,28.489999771118164,45.70000076293945,66.33000183105469,55.029998779296875,119.52999877929688,24.5,79.91000366210938,206.07000732421875,47.560001373291016,131.22000122070312,110.5,112.12000274658203,51.56999969482422,80.61068725585938,41.33000183105469,43.189998626708984,3.890749931335449,35.39848327636719,134.63999938964844,69.93000030517578,36.38999938964844,66.21333312988281,41.5099983215332,248.27999877929688,53.61000061035156,77.55000305175781,47.029998779296875,29.545000076293945,27.1299991607666,90.08000183105469,71.01000213623047,64.29000091552734,28.200000762939453,180.02999877929688,212.5500030517578,26.45599937438965,27.690000534057617,45.0,64.83000183105469,53.91999816894531,117.6500015258789,23.479999542236328,76.87000274658203,200.88999938964844,46.77000045776367,129.58999633789062,108.33999633789062,109.04000091552734,49.13999938964844,79.29389190673828,40.470001220703125,41.689998626708984,3.7607500553131104,34.60151672363281,132.0800018310547,67.37999725341797,34.709999084472656,64.65333557128906,40.88999938964844,243.57000732421875,52.5,75.83999633789062,45.81999969482422,28.950000762939453,26.59000015258789,88.87000274658203,70.27999877929688,65.2699966430664,28.860000610351562,181.10000610351562,215.5800018310547,27.01300048828125,28.40999984741211,45.68000030517578,66.0,55.02000045776367,118.72000122070312,24.309999465942383,79.52999877929688,203.55999755859375,47.150001525878906,130.33999633789062,110.05000305175781,109.47000122070312,51.27000045776367,79.31298065185547,40.95000076293945,42.66999816894531,3.8450000286102295,35.284629821777344,134.4600067138672,69.5199966430664,36.130001068115234,65.62999725341797,41.18000030517578,245.92999267578125,53.33000183105469,76.7699966430664,46.61000061035156,29.375,26.850000381469727,89.36000061035156,70.29000091552734,10248700,60578400,3172900,481400,22199000,65115800,12146800,12411500,6166900,6788000,12237600,4257200,2349400,26119600,7880600,10203500,5490000,7722500,11025274,10481200,26857000,361272000,31985843,1380300,13189900,11639900,1479000,8667700,3533000,4668300,3328300,19446100,33995000,53445000,10135900,12282400
2019-08-07,48.73834228515625,29.190000534057617,148.35662841796875,202.7611541748047,22.7423038482666,23.65036964416504,35.818572998046875,51.489295959472656,41.85487747192383,87.65922546386719,17.33222007751465,57.86568832397461,175.3708038330078,40.994537353515625,107.8365249633789,89.95928192138672,101.86769104003906,38.808998107910156,65.10948181152344,32.95787811279297,40.71823501586914,3.8233251571655273,25.03726577758789,101.59183502197266,59.43434143066406,29.11514663696289,61.861270904541016,36.33668899536133,219.8740692138672,39.62046432495117,58.183555603027344,38.03910827636719,21.340476989746094,23.55124282836914,80.23080444335938,51.38208770751953,64.45999908447266,29.190000534057617,183.5399932861328,215.6999969482422,27.0049991607666,27.889999389648438,46.2400016784668,65.13999938964844,53.31999969482422,119.0999984741211,24.15999984741211,77.55000305175781,205.74000549316406,46.72999954223633,130.2100067138672,108.02999877929688,111.12000274658203,48.130001068115234,80.39122009277344,40.560001373291016,41.75,3.847249984741211,34.70588302612305,129.75999450683594,69.4000015258789,34.7400016784668,65.7933349609375,41.2599983215332,246.4499969482422,52.61000061035156,75.80999755859375,45.810001373291016,29.045000076293945,26.75,90.08999633789062,70.5,64.9000015258789,29.280000686645508,184.13999938964844,216.24000549316406,27.27199935913086,27.93000030517578,46.459999084472656,65.31999969482422,53.720001220703125,119.80000305175781,24.459999084472656,78.0999984741211,205.9600067138672,46.880001068115234,130.91000366210938,108.27999877929688,111.37999725341797,48.90999984741211,80.81106567382812,40.65999984741211,42.95000076293945,3.859250068664551,34.89563751220703,131.9499969482422,69.5999984741211,35.0099983215332,66.0,41.45000076293945,247.0399932861328,52.779998779296875,76.12999725341797,46.150001525878906,29.184999465942383,26.8700008392334,90.33999633789062,70.87999725341797,63.310001373291016,28.3700008392334,179.61000061035156,212.39999389648438,26.299999237060547,27.1200008392334,45.08000183105469,63.63999938964844,52.29999923706055,116.94999694824219,22.670000076293945,74.83999633789062,199.0500030517578,45.970001220703125,128.19000244140625,105.94000244140625,108.52999877929688,47.400001525878906,79.00763702392578,39.470001220703125,40.70000076293945,3.7300000190734863,34.022769927978516,128.1199951171875,67.12000274658203,33.939998626708984,64.33999633789062,40.79999923706055,241.25999450683594,51.33000183105469,74.20999908447266,45.22999954223633,28.579999923706055,26.239999771118164,88.19999694824219,69.4000015258789,64.37999725341797,28.469999313354492,183.0399932861328,213.57000732421875,26.402999877929688,27.610000610351562,45.2599983215332,64.62999725341797,53.279998779296875,117.55000305175781,23.1299991607666,76.6500015258789,201.11000061035156,46.29999923706055,129.36000061035156,108.0,110.37000274658203,48.79999923706055,80.3530502319336,40.27000045776367,42.0099983215332,3.747499942779541,34.77229690551758,131.1300048828125,67.26000213623047,34.619998931884766,64.33999633789062,41.04999923706055,246.27000427246094,52.58000183105469,75.61000061035156,46.06999969482422,28.729999542236328,26.600000381469727,89.33000183105469,69.86000061035156,10532100,58577500,3308900,428700,22244000,75388500,16780700,18418300,9289600,6853700,13310200,5249900,2454200,29440400,6771700,17320900,4231700,9238000,11509660,14108500,35604600,372560000,32017253,4324200,8934900,12162700,2180400,5484700,3205800,6955700,4100500,27830000,49604400,82354600,12452500,15231100
2019-08-08,49.48687744140625,33.91999816894531,149.72267150878906,206.8314971923828,22.82062339782715,24.065889358520508,36.631919860839844,52.75399398803711,43.228580474853516,90.69896697998047,17.533096313476562,59.962425231933594,176.44485473632812,41.380523681640625,109.053955078125,91.4831771850586,104.48039245605469,39.9298095703125,65.48042297363281,33.534793853759766,41.57648849487305,3.9318959712982178,25.235754013061523,103.02455139160156,61.027259826660156,29.509048461914062,63.57564163208008,36.90032958984375,220.91787719726562,39.88405227661133,60.447689056396484,38.962791442871094,21.9539737701416,24.000259399414062,81.29946899414062,52.752262115478516,65.44999694824219,33.91999816894531,185.22999572753906,220.02999877929688,27.097999572753906,28.3799991607666,47.290000915527344,66.73999786376953,55.06999969482422,123.2300033569336,24.440000534057617,80.36000061035156,207.0,47.16999816894531,131.67999267578125,109.86000061035156,113.97000122070312,49.52000045776367,80.84923553466797,41.27000045776367,42.630001068115234,3.9565000534057617,34.98102569580078,131.58999633789062,71.26000213623047,35.209999084472656,67.61666870117188,41.900001525878906,247.6199951171875,52.959999084472656,78.76000213623047,46.400001525878906,29.8799991607666,27.260000228881836,91.29000091552734,72.37999725341797,65.44999694824219,34.27000045776367,185.4199981689453,220.5500030517578,27.256000518798828,28.489999771118164,47.369998931884766,66.79000091552734,55.09000015258789,123.33000183105469,24.770000457763672,80.38999938964844,207.8000030517578,47.369998931884766,131.9499969482422,110.08000183105469,114.54000091552734,49.540000915527344,81.15457916259766,41.459999084472656,42.7599983215332,3.957750082015991,35.05692672729492,132.33999633789062,71.3499984741211,35.22999954223633,67.63999938964844,42.18000030517578,247.6699981689453,53.2400016784668,78.83000183105469,46.63999938964844,29.895000457763672,27.270000457763672,91.37999725341797,72.41000366210938,64.33000183105469,31.479999542236328,183.0500030517578,216.6699981689453,26.25,28.06999969482422,46.2599983215332,65.62999725341797,53.29999923706055,119.41999816894531,23.989999771118164,77.5999984741211,203.5399932861328,45.90999984741211,130.22999572753906,108.72000122070312,111.63999938964844,48.060001373291016,80.45801544189453,40.63999938964844,41.66999816894531,3.8475000858306885,34.724857330322266,130.25999450683594,69.3499984741211,34.36000061035156,65.97000122070312,41.75,243.3699951171875,52.689998626708984,76.12999725341797,45.54999923706055,29.104999542236328,26.8799991607666,90.25,70.62000274658203,64.79000091552734,31.530000686645508,183.47000122070312,216.89999389648438,27.038000106811523,28.110000610351562,46.43000030517578,65.8499984741211,53.779998779296875,119.48999786376953,24.510000228881836,78.0,207.1699981689453,46.15999984741211,130.97999572753906,109.05000305175781,111.95999908447266,48.31999969482422,80.86832427978516,41.0099983215332,42.09000015258789,3.905250072479248,34.819732666015625,131.24000549316406,69.55999755859375,34.939998626708984,66.40666961669922,41.849998474121094,246.19000244140625,53.09000015258789,76.2300033569336,45.689998626708984,29.239999771118164,27.010000228881836,90.37000274658203,70.8499984741211,7427400,167278800,2449000,627600,29163000,53141900,13955700,13577900,7444800,8868100,10249000,6235200,2342200,30643700,5260500,10903300,4815900,7974700,8699762,9884400,18567500,309300000,23356429,2033500,8367900,10805500,2165400,7795900,2830700,5181300,3474200,20671300,46535600,66653200,12034800,14304100
2019-08-09,49.585174560546875,34.189998626708984,158.63021850585938,203.0337677001953,23.220643997192383,24.023488998413086,36.65515899658203,52.20859146118164,42.396507263183594,90.10275268554688,17.25330924987793,59.223724365234375,176.35960388183594,40.33658981323242,109.3520736694336,91.38323211669922,104.29702758789062,39.018646240234375,66.09095764160156,33.7216911315918,40.49393081665039,3.8305299282073975,24.87983512878418,103.61174011230469,61.232784271240234,28.93914222717285,62.466156005859375,36.46879196166992,221.81900024414062,39.75602340698242,60.51674270629883,38.87882614135742,21.711519241333008,23.9210205078125,81.39744567871094,51.6298828125,65.58000183105469,34.189998626708984,196.25,215.99000549316406,27.572999954223633,28.329999923706055,47.31999969482422,66.05000305175781,54.0099983215332,122.41999816894531,24.049999237060547,79.37000274658203,206.89999389648438,45.97999954223633,132.0399932861328,109.73999786376953,113.7699966430664,48.38999938964844,81.6030502319336,41.5,41.52000045776367,3.8545000553131104,34.487667083740234,132.33999633789062,71.5,34.529998779296875,66.4366683959961,41.40999984741211,248.6300048828125,52.790000915527344,78.8499984741211,46.29999923706055,29.549999237060547,27.170000076293945,91.4000015258789,70.83999633789062,66.87000274658203,35.54999923706055,200.0,217.36000061035156,28.05500030517578,28.520000457763672,47.84000015258789,66.56999969482422,55.470001220703125,123.88999938964844,24.979999542236328,80.87999725341797,208.3000030517578,47.0,132.75999450683594,110.44999694824219,114.55000305175781,49.560001373291016,82.16603088378906,41.81999969482422,42.2400016784668,3.918750047683716,34.94307327270508,133.1699981689453,72.19000244140625,35.290000915527344,67.17666625976562,41.709999084472656,250.4199981689453,53.13999938964844,79.56999969482422,46.65999984741211,29.969999313354492,27.309999465942383,91.9800033569336,72.25,64.29000091552734,33.08000183105469,182.82000732421875,213.22000122070312,26.95800018310547,27.969999313354492,47.099998474121094,65.20999908447266,53.97999954223633,121.88999938964844,24.030000686645508,79.26000213623047,203.86000061035156,45.779998779296875,131.22999572753906,108.29000091552734,112.3499984741211,48.369998931884766,80.83015441894531,40.650001525878906,40.869998931884766,3.8037500381469727,34.25996017456055,129.83999633789062,70.19000244140625,34.25,65.9800033569336,41.0,246.13999938964844,52.209999084472656,78.23999786376953,45.75,29.424999237060547,26.899999618530273,90.61000061035156,70.47000122070312,65.37000274658203,33.45000076293945,185.14999389648438,216.8300018310547,26.95800018310547,28.270000457763672,47.290000915527344,66.33000183105469,54.959999084472656,123.11000061035156,24.6200008392334,80.80000305175781,205.6199951171875,46.939998626708984,131.8000030517578,109.3499984741211,113.23999786376953,49.439998626708984,81.2022933959961,40.9900016784668,42.040000915527344,3.915250062942505,34.886146545410156,131.2100067138672,70.51000213623047,35.209999084472656,66.9000015258789,41.59000015258789,247.72000122070312,52.81999969482422,78.52999877929688,46.02000045776367,29.905000686645508,27.110000610351562,91.12999725341797,72.12999725341797,10893500,132483900,8417100,415100,30735000,53499600,12213600,13604600,5391700,5051700,7074500,2787800,1790100,24975500,4677300,9980800,2788100,4353800,8968260,11011400,22900300,341816000,25391703,2066300,8702200,7866600,1893600,3480500,2535000,5491200,3789700,19786100,29186400,53782700,7253100,13686600
2019-08-12,48.7912712097168,32.43000030517578,166.3333740234375,201.58616638183594,23.213069915771484,23.43837547302246,36.02771759033203,50.77790069580078,41.69788360595703,89.46244812011719,16.865915298461914,58.14176940917969,171.77374267578125,40.00322723388672,109.2609634399414,89.66783905029297,104.14116668701172,37.37371826171875,65.70455169677734,32.79536056518555,41.08884048461914,3.762704372406006,24.222761154174805,100.71492004394531,59.776920318603516,28.721248626708984,61.64814758300781,36.07248306274414,216.97454833984375,39.341819763183594,59.21199035644531,38.14826965332031,21.454357147216797,23.463193893432617,80.6048355102539,51.378990173339844,64.52999877929688,32.43000030517578,205.77999877929688,214.4499969482422,27.56399917602539,27.639999389648438,46.5099983215332,64.23999786376953,53.119998931884766,121.55000305175781,23.510000228881836,77.91999816894531,201.52000427246094,45.599998474121094,131.92999267578125,107.68000030517578,113.5999984741211,46.349998474121094,81.1259536743164,40.36000061035156,42.130001068115234,3.786250114440918,33.57685089111328,128.63999938964844,69.80000305175781,34.27000045776367,65.56666564941406,40.959999084472656,243.1999969482422,52.2400016784668,77.1500015258789,45.43000030517578,29.200000762939453,26.649999618530273,90.51000213623047,69.62999725341797,65.4800033569336,34.650001525878906,208.77999877929688,216.61000061035156,27.820999145507812,27.850000381469727,47.209999084472656,64.79000091552734,53.93000030517578,123.13999938964844,24.040000915527344,79.62999725341797,204.14999389648438,46.06999969482422,132.6999969482422,108.51000213623047,114.05999755859375,47.9900016784668,81.99427795410156,40.900001525878906,42.400001525878906,3.8545000553131104,34.45920181274414,131.02999877929688,71.4800033569336,34.529998779296875,66.33000183105469,41.27000045776367,247.9600067138672,52.630001068115234,78.91000366210938,45.90999984741211,29.524999618530273,26.950000762939453,91.4000015258789,70.16000366210938,64.08000183105469,32.08000183105469,197.25,213.6999969482422,27.253999710083008,27.459999084472656,46.209999084472656,63.84000015258789,52.849998474121094,120.91000366210938,23.350000381469727,77.80000305175781,200.47999572753906,45.439998626708984,131.2899932861328,107.20999908447266,112.29000091552734,46.09000015258789,80.64885711669922,40.15999984741211,40.970001220703125,3.7642500400543213,32.99810028076172,128.44000244140625,69.7300033569336,34.02000045776367,65.27666473388672,40.849998474121094,243.02999877929688,51.97999954223633,76.6500015258789,45.33000183105469,29.06999969482422,26.56999969482422,90.16000366210938,69.33000183105469,65.23999786376953,34.15999984741211,197.89999389648438,216.0500030517578,27.33799934387207,27.829999923706055,47.0,64.61000061035156,53.790000915527344,123.01000213623047,23.600000381469727,78.75,203.27999877929688,45.7599983215332,131.5,108.44000244140625,112.9000015258789,47.7599983215332,81.32633972167969,40.77000045776367,41.04999923706055,3.802000045776367,34.44971466064453,130.91000366210938,71.0,34.369998931884766,65.74666595458984,41.04999923706055,246.7899932861328,52.20000076293945,78.0199966430664,45.5099983215332,29.479999542236328,26.850000381469727,91.05999755859375,70.05999755859375,5258900,106936000,10599300,292000,20040000,55674700,9441500,13039500,4726100,3936500,6449300,4615300,1479300,18494300,6852100,9393700,2318400,6857200,8761909,8775000,23969200,279200000,44212665,2657300,7364300,8030000,1178100,3463500,2667400,3045000,3011400,17364400,43838000,56837600,7097100,9542600
2019-08-13,49.15420150756836,32.11000061035156,166.6082000732422,206.0512237548828,23.891841888427734,23.506214141845703,36.0122184753418,51.244258880615234,42.28661346435547,90.08068084716797,16.94483184814453,58.589473724365234,173.98143005371094,41.09103775024414,110.49498748779297,91.05014038085938,106.06634521484375,38.0187873840332,66.52372741699219,33.06351852416992,43.07843017578125,3.8769896030426025,24.092716217041016,102.36686706542969,61.81516647338867,29.02295684814453,63.46907424926758,36.84748840332031,222.3453826904297,39.78614807128906,60.43230438232422,38.59331512451172,21.65273666381836,23.75373649597168,81.65571594238281,52.013580322265625,65.01000213623047,32.11000061035156,206.1199951171875,219.1999969482422,28.3700008392334,27.719999313354492,46.4900016784668,64.83000183105469,53.869998931884766,122.38999938964844,23.6200008392334,78.5199966430664,204.11000061035156,46.84000015258789,133.4199981689453,109.33999633789062,115.69999694824219,47.150001525878906,82.13740539550781,40.689998626708984,44.16999816894531,3.901249885559082,33.396583557128906,130.75,72.18000030517578,34.630001068115234,67.50333404541016,41.84000015258789,249.22000122070312,52.83000183105469,78.73999786376953,45.959999084472656,29.469999313354492,26.979999542236328,91.69000244140625,70.48999786376953,65.93000030517578,33.13999938964844,211.89999389648438,220.8000030517578,28.549999237060547,28.25,46.959999084472656,65.95999908447266,54.83000183105469,122.69999694824219,24.489999771118164,79.93000030517578,206.60000610351562,47.04999923706055,134.10000610351562,110.33000183105469,116.13999938964844,48.040000915527344,82.81488800048828,41.33000183105469,45.08000183105469,3.947499990463257,33.9753303527832,132.14999389648438,72.47000122070312,35.7599983215332,68.08000183105469,41.9900016784668,250.4600067138672,53.220001220703125,79.26000213623047,46.41999816894531,29.7450008392334,27.170000076293945,92.16999816894531,70.62000274658203,64.63999938964844,31.719999313354492,203.0,211.38999938964844,27.202999114990234,27.3799991607666,46.150001525878906,63.5099983215332,52.439998626708984,120.30000305175781,23.139999389648438,76.83000183105469,200.22999572753906,45.36000061035156,132.0,107.02999877929688,113.43000030517578,45.63999938964844,81.5457992553711,40.08000183105469,42.5099983215332,3.745500087738037,33.34914779663086,127.83000183105469,69.30999755859375,33.86000061035156,65.12999725341797,40.54999923706055,241.50999450683594,51.86000061035156,76.33999633789062,45.2599983215332,28.915000915527344,26.5,90.4000015258789,68.91999816894531,64.86000061035156,32.36000061035156,203.42999267578125,212.72000122070312,27.530000686645508,27.56999969482422,46.439998626708984,63.900001525878906,52.84000015258789,121.01000213623047,23.31999969482422,77.48999786376953,201.50999450683594,45.4900016784668,132.3000030517578,107.94999694824219,113.52999877929688,46.22999954223633,81.5457992553711,40.38999938964844,42.619998931884766,3.784749984741211,33.61479949951172,128.8699951171875,69.88999938964844,34.099998474121094,65.56666564941406,40.630001068115234,241.67999267578125,52.310001373291016,77.30999755859375,45.61000061035156,29.06999969482422,26.600000381469727,90.4800033569336,69.2699966430664,7082500,102009700,5586400,587600,22340000,69919200,8496200,19056700,6461800,5806400,8900700,4881100,2115900,28959500,5013200,12124700,5247200,5233100,8413658,10896700,33040200,351956000,45549453,2218200,10134800,11075400,2205000,7697800,2763400,4671500,3099000,16649100,28695200,72255900,12232500,12403300
2019-08-14,48.012474060058594,30.239999771118164,161.8867950439453,196.19985961914062,22.86946678161621,22.403831481933594,35.353790283203125,48.54094696044922,40.64601516723633,86.65824890136719,15.80417251586914,55.97785568237305,166.69351196289062,40.24008560180664,107.87791442871094,87.26956939697266,101.67359924316406,35.98681640625,64.45258331298828,31.958415985107422,41.00107192993164,3.728419303894043,23.43564224243164,97.56758880615234,60.70184326171875,27.10373878479004,61.51652908325195,35.60573196411133,216.97454833984375,38.332679748535156,58.32939910888672,36.92228698730469,20.80411720275879,22.873319625854492,79.38477325439453,49.91797637939453,63.5,30.239999771118164,198.8699951171875,208.72000122070312,27.1560001373291,26.420000076293945,45.63999938964844,61.40999984741211,51.779998779296875,117.73999786376953,22.030000686645508,75.0199966430664,195.55999755859375,45.869998931884766,130.25999450683594,104.80000305175781,110.29000091552734,44.630001068115234,79.58015441894531,39.33000183105469,42.040000915527344,3.7517499923706055,32.48576736450195,124.62000274658203,70.87999725341797,32.34000015258789,65.42666625976562,40.43000030517578,243.1999969482422,50.900001525878906,76.0,43.970001220703125,28.315000534057617,25.979999542236328,89.13999938964844,67.6500015258789,64.98999786376953,31.049999237060547,205.39999389648438,212.25,28.014999389648438,27.079999923706055,46.970001220703125,63.040000915527344,52.86000061035156,120.58999633789062,23.020000457763672,76.87999725341797,199.91000366210938,46.630001068115234,132.5399932861328,106.91000366210938,114.87000274658203,46.619998931884766,81.90839385986328,39.56999969482422,43.150001525878906,3.8237500190734863,33.1878547668457,128.30999755859375,71.88999938964844,33.810001373291016,66.4566650390625,41.09000015258789,248.41000366210938,52.220001220703125,77.97000122070312,45.099998474121094,28.90999984741211,26.520000457763672,90.97000122070312,69.08999633789062,63.5,29.510000228881836,198.72000122070312,207.07000732421875,27.038000106811523,26.280000686645508,45.540000915527344,61.18000030517578,51.5099983215332,117.68000030517578,22.020000457763672,74.26000213623047,195.05999755859375,45.650001525878906,130.1300048828125,104.44999694824219,110.22000122070312,44.27000045776367,79.53244018554688,38.84000015258789,41.65999984741211,3.707750082015991,32.447818756103516,124.16000366210938,70.55000305175781,32.20000076293945,65.08999633789062,40.25,243.00999450683594,50.83000183105469,75.97000122070312,43.939998626708984,28.270000457763672,25.959999084472656,89.08999633789062,67.6500015258789,64.5,31.0,202.80999755859375,210.82000732421875,27.878999710083008,26.940000534057617,46.88999938964844,62.880001068115234,52.459999084472656,120.0199966430664,22.899999618530273,76.4800033569336,199.8000030517578,46.060001373291016,132.52999877929688,106.30000305175781,114.86000061035156,46.54999923706055,81.45992279052734,39.56999969482422,42.880001068115234,3.8125,33.14041519165039,126.93000030517578,70.63999938964844,33.77000045776367,65.9433364868164,40.849998474121094,246.72999572753906,51.83000183105469,77.05000305175781,45.02000045776367,28.84000015258789,26.3799991607666,90.75,69.06999969482422,9373300,127521500,4507100,914100,27108000,106591700,14371700,29370700,7851800,7175600,6910300,6971500,3025100,25650200,7736200,19491800,4937900,9399100,11411148,17133400,24657200,419880000,38633421,3142000,10336900,12761500,2766300,9621800,3464300,9297700,3912400,28786700,47299400,92067300,16426100,18114400
2019-08-15,47.61931228637695,29.670000076293945,162.24496459960938,197.271484375,22.623558044433594,22.25967788696289,35.439002990722656,48.46981430053711,39.96308517456055,86.0767822265625,15.510039329528809,55.918174743652344,167.2220001220703,40.0909538269043,108.10982513427734,87.60266876220703,101.61827850341797,36.607704162597656,64.49895477294922,31.771520614624023,41.196128845214844,3.69612193107605,23.59990882873535,97.66153717041016,60.94163513183594,26.525453567504883,61.4036750793457,35.98442077636719,217.9113006591797,38.61884689331055,58.881996154785156,36.426856994628906,20.67552947998047,22.987768173217773,79.66083526611328,49.62282180786133,62.97999954223633,29.670000076293945,199.30999755859375,209.86000061035156,26.86400032043457,26.25,45.75,61.31999969482422,50.90999984741211,116.94999694824219,21.6200008392334,74.94000244140625,196.17999267578125,45.70000076293945,130.5399932861328,105.19999694824219,110.2300033569336,45.400001525878906,79.63740539550781,39.099998474121094,42.2400016784668,3.719249963760376,32.713470458984375,124.73999786376953,71.16000366210938,31.649999618530273,65.3066635131836,40.86000061035156,244.25,51.279998779296875,76.72000122070312,43.380001068115234,28.139999389648438,26.110000610351562,89.44999694824219,67.25,64.23999786376953,30.729999542236328,201.0,211.3300018310547,27.277999877929688,26.829999923706055,46.06999969482422,62.369998931884766,52.0099983215332,117.83999633789062,22.15999984741211,75.5199966430664,196.97000122070312,46.18000030517578,131.07000732421875,106.37999725341797,111.30999755859375,45.54999923706055,80.0095443725586,39.59000015258789,42.560001373291016,3.790750026702881,32.808349609375,126.0999984741211,72.19000244140625,32.150001525878906,65.96666717529297,40.9900016784668,245.25999450683594,51.65999984741211,77.05000305175781,44.5,28.299999237060547,26.280000686645508,89.79000091552734,67.55999755859375,62.65999984741211,29.209999084472656,198.6300048828125,207.5800018310547,26.485000610351562,26.209999084472656,45.31999969482422,60.720001220703125,50.59000015258789,115.45999908447266,21.389999389648438,73.94999694824219,193.7100067138672,45.439998626708984,129.25,104.33999633789062,109.20999908447266,43.959999084472656,79.09351348876953,38.7599983215332,41.5,3.6847500801086426,32.2296028137207,123.33999633789062,70.58999633789062,31.110000610351562,64.73999786376953,40.34000015258789,241.4499969482422,50.84000015258789,75.5199966430664,43.34000015258789,27.834999084472656,25.920000076293945,88.87000274658203,66.52999877929688,64.12000274658203,30.6299991607666,200.0,209.33999633789062,27.200000762939453,26.579999923706055,45.83000183105469,61.97999954223633,51.400001525878906,117.23999786376953,22.040000915527344,74.91000366210938,195.91000366210938,46.099998474121094,130.1699981689453,104.81999969482422,110.41999816894531,44.5099983215332,79.69465637207031,39.43000030517578,42.34000015258789,3.770750045776367,32.542694091796875,125.37000274658203,71.44000244140625,32.099998474121094,65.78666687011719,40.380001068115234,244.35000610351562,51.25,76.23999786376953,44.29999923706055,28.165000915527344,26.110000610351562,89.5199966430664,67.45999908447266,9195700,71674400,3065800,671500,20010000,70192000,8513700,16340400,6069800,6272600,7200700,4008300,1981900,21896000,7251200,13365600,3939900,6292800,9543612,10818600,16104000,477200000,30713665,2354900,9107000,20155700,965700,7690100,2513500,6654000,3082200,27900000,28575800,59504500,12315200,12874400
2019-08-16,48.715660095214844,31.18000030517578,166.07911682128906,200.08216857910156,23.05642318725586,22.921104431152344,36.39179229736328,50.177162170410156,40.40266799926758,86.11396789550781,16.170045852661133,56.6494140625,169.98373413085938,40.792762756347656,108.78892517089844,89.70114135742188,101.8856201171875,37.26890563964844,65.73545837402344,32.45407485961914,42.47374725341797,3.96419358253479,23.716264724731445,99.43094635009766,62.75718688964844,27.422212600708008,63.039695739746094,36.58327102661133,219.19601440429688,39.371944427490234,59.95647048950195,37.274959564208984,20.947385787963867,23.392763137817383,80.64047241210938,50.39760971069336,64.43000030517578,31.18000030517578,204.02000427246094,212.85000610351562,27.378000259399414,27.030000686645508,46.97999954223633,63.47999954223633,51.470001220703125,115.80999755859375,22.540000915527344,75.91999816894531,199.4199981689453,46.5,131.36000061035156,107.72000122070312,110.5199966430664,46.220001220703125,81.16412353515625,39.939998626708984,43.54999923706055,3.989000082015991,32.87476348876953,127.0,73.27999877929688,32.720001220703125,67.04666900634766,41.540000915527344,245.69000244140625,52.279998779296875,78.12000274658203,44.38999938964844,28.510000228881836,26.56999969482422,90.55000305175781,68.30000305175781,64.80999755859375,31.479999542236328,205.4600067138672,213.3300018310547,27.575000762939453,27.1200008392334,47.060001373291016,63.65999984741211,51.79999923706055,116.6500015258789,22.600000381469727,76.56999969482422,200.6699981689453,46.68000030517578,131.6699981689453,107.9800033569336,111.33000183105469,46.380001068115234,81.45037841796875,40.189998626708984,43.880001068115234,4.03849983215332,33.2163200378418,127.41000366210938,73.41000366210938,32.779998779296875,67.23332977294922,41.72999954223633,247.11000061035156,52.459999084472656,78.41999816894531,44.540000915527344,28.594999313354492,26.639999389648438,90.79000091552734,68.45999908447266,63.06999969482422,30.209999084472656,200.36000061035156,209.08999633789062,27.197999954223633,26.440000534057617,45.779998779296875,61.849998474121094,50.79999923706055,115.36000061035156,21.389999389648438,74.83000183105469,197.0,46.060001373291016,130.60000610351562,105.87000274658203,109.29000091552734,45.540000915527344,80.2957992553711,39.41999816894531,42.54999923706055,3.921999931335449,32.72296142578125,125.37000274658203,71.7300033569336,31.600000381469727,65.99333190917969,41.150001525878906,244.17999267578125,51.529998779296875,77.19000244140625,43.630001068115234,28.19499969482422,26.239999771118164,90.0,67.2699966430664,63.5099983215332,30.309999465942383,201.8300018310547,209.2899932861328,27.21500015258789,26.530000686645508,45.970001220703125,61.93000030517578,51.04999923706055,116.4000015258789,21.790000915527344,75.19000244140625,197.02999877929688,46.34000015258789,131.47000122070312,106.37000274658203,110.94000244140625,45.849998474121094,80.58206176757812,39.529998779296875,42.63999938964844,3.983750104904175,32.94117736816406,125.87999725341797,71.8499984741211,31.639999389648438,65.99333190917969,41.18000030517578,245.3800048828125,51.650001525878906,77.54000091552734,43.7400016784668,28.290000915527344,26.239999771118164,90.05999755859375,67.77999877929688,8348100,70469800,2922500,574500,17458000,70841700,9630200,16450700,5273200,6239100,7774400,2540900,1878700,22701800,5858900,11830600,3497600,5028400,9156271,9742800,17914100,1007960000,30012334,1850200,10090600,13561300,1509900,4845700,2810000,6192300,2697500,21196600,42798600,48451800,10239300,12649000
2019-08-19,50.326148986816406,31.479999542236328,167.69090270996094,202.7517547607422,23.477502822875977,23.124624252319336,36.76359558105469,50.833229064941406,42.34156036376953,87.22933197021484,16.693744659423828,58.059669494628906,172.35333251953125,41.433170318603516,109.5260009765625,90.5088882446289,103.73860168457031,38.55097198486328,66.60871887207031,32.80349349975586,43.89767074584961,4.242948532104492,24.079029083251953,100.49571990966797,64.11890411376953,28.57877540588379,64.19931030273438,36.794639587402344,218.32168579101562,39.665653228759766,61.169105529785156,37.997127532958984,21.4102725982666,23.630481719970703,81.4152603149414,51.24617004394531,66.55999755859375,31.479999542236328,206.0,215.69000244140625,27.878000259399414,27.270000457763672,47.459999084472656,64.30999755859375,53.939998626708984,117.30999755859375,23.270000457763672,77.80999755859375,202.1999969482422,47.22999954223633,132.25,108.69000244140625,112.52999877929688,47.810001373291016,82.24236297607422,40.369998931884766,45.0099983215332,4.269499778747559,33.37760925292969,128.36000061035156,74.87000274658203,34.099998474121094,68.27999877929688,41.779998779296875,244.7100067138672,52.66999816894531,79.69999694824219,45.25,29.139999389648438,26.84000015258789,91.41999816894531,69.44999694824219,66.87999725341797,32.189998626708984,206.5,217.42999267578125,28.006999969482422,27.700000762939453,47.84000015258789,64.91000366210938,54.29999923706055,117.81999969482422,23.389999389648438,78.19000244140625,204.4499969482422,47.599998474121094,132.57000732421875,109.75,112.94000244140625,48.189998626708984,82.5667953491211,40.83000183105469,45.369998931884766,4.2855000495910645,33.51043701171875,129.6699981689453,75.52999877929688,34.31999969482422,68.9000015258789,42.209999084472656,248.49000549316406,53.209999084472656,80.44000244140625,45.470001220703125,29.2450008392334,27.030000686645508,91.6500015258789,69.6500015258789,64.97000122070312,31.420000076293945,201.11000061035156,215.1300048828125,27.56100082397461,27.139999389648438,47.02000045776367,64.16000366210938,52.459999084472656,116.95999908447266,22.809999465942383,76.16000366210938,201.82000732421875,47.040000915527344,131.82000732421875,108.41999816894531,110.79000091552734,46.90999984741211,81.53626251220703,40.22999954223633,44.34000015258789,4.086750030517578,33.04553985595703,127.66000366210938,74.13999938964844,33.439998626708984,67.97666931152344,41.650001525878906,244.08999633789062,52.5,79.08000183105469,44.93000030517578,28.854999542236328,26.790000915527344,91.11000061035156,68.86000061035156,65.04000091552734,32.0,203.22999572753906,216.82000732421875,27.950000762939453,27.639999389648438,47.08000183105469,64.81999969482422,52.56999969482422,117.12999725341797,22.979999542236328,77.41999816894531,203.80999755859375,47.459999084472656,132.5,109.62999725341797,111.05000305175781,47.0,81.66984558105469,40.7400016784668,44.66999816894531,4.103000164031982,33.092979431152344,129.1199951171875,74.58000183105469,33.529998779296875,68.65333557128906,42.15999984741211,247.49000549316406,53.119998931884766,79.19999694824219,45.130001068115234,28.90999984741211,26.979999542236328,91.26000213623047,68.97000122070312,9826300,67596900,2974900,329200,17489000,44964800,7788700,13312700,9315400,6443700,5236100,3530000,1646100,21403600,4958000,8265400,2903500,5335800,7655221,7803000,22613400,815112000,21997296,2481400,9688400,11073600,4550400,3797600,2672300,3563000,2835300,15378100,27763200,38297700,6427200,10032800
2019-08-20,50.212745666503906,30.719999313354492,165.38711547851562,201.81175231933594,23.611404418945312,22.65822410583496,36.895294189453125,50.12972640991211,41.37603759765625,86.3519058227539,16.75830841064453,57.223976135253906,170.46104431152344,40.88048553466797,108.15953826904297,89.35971069335938,102.33736419677734,38.0943603515625,66.19141387939453,32.42158126831055,43.13694763183594,4.170652866363525,23.688888549804688,98.80461120605469,65.14656829833984,28.411157608032227,63.961124420166016,36.935546875,214.26234436035156,38.88243865966797,59.872047424316406,37.518497467041016,21.23026466369629,23.313533782958984,80.72061920166016,50.93626403808594,66.41000366210938,30.719999313354492,203.1699981689453,214.69000244140625,28.03700065612793,26.719999313354492,47.630001068115234,63.41999816894531,52.709999084472656,116.12999725341797,23.360000610351562,76.69000244140625,199.97999572753906,46.599998474121094,130.60000610351562,107.30999755859375,111.01000213623047,46.720001220703125,81.72709655761719,39.900001525878906,44.22999954223633,4.196750164031982,32.83681106567383,126.19999694824219,76.06999969482422,33.900001525878906,68.02666473388672,41.939998626708984,240.16000366210938,51.630001068115234,78.01000213623047,44.68000030517578,28.895000457763672,26.479999542236328,90.63999938964844,69.02999877929688,68.45999908447266,31.309999465942383,206.1199951171875,216.22000122070312,28.496000289916992,27.059999465942383,47.79999923706055,64.08000183105469,53.599998474121094,117.19000244140625,23.6200008392334,77.38999938964844,201.99000549316406,47.119998931884766,132.66000366210938,108.44000244140625,112.87999725341797,47.27000045776367,82.75763702392578,40.290000915527344,44.970001220703125,4.264500141143799,33.35863494873047,127.7699966430664,76.44000244140625,34.16999816894531,68.4433364868164,42.220001220703125,244.60000610351562,52.4900016784668,79.62999725341797,45.040000915527344,29.03499984741211,26.739999771118164,91.63999938964844,69.30000305175781,66.33000183105469,30.450000762939453,202.9499969482422,214.0800018310547,27.701000213623047,26.700000762939453,47.2400016784668,63.349998474121094,52.650001525878906,115.66000366210938,22.959999084472656,76.19999694824219,199.6999969482422,46.459999084472656,130.4600067138672,107.23999786376953,110.91000366210938,46.47999954223633,81.6603012084961,39.83000183105469,44.040000915527344,4.17549991607666,32.79886245727539,126.0999984741211,74.33000183105469,33.540000915527344,67.663330078125,41.720001220703125,239.9199981689453,51.56999969482422,77.94000244140625,44.630001068115234,28.78499984741211,26.450000762939453,90.56999969482422,68.70999908447266,67.37999725341797,30.940000534057617,205.89999389648438,215.63999938964844,27.81599998474121,27.020000457763672,47.470001220703125,63.720001220703125,53.5099983215332,117.12999725341797,23.200000762939453,77.25,200.2100067138672,47.029998779296875,131.9600067138672,107.8499984741211,112.33000183105469,46.9900016784668,82.07061004638672,40.040000915527344,44.849998474121094,4.263999938964844,33.30170822143555,127.08000183105469,74.56999969482422,33.810001373291016,68.25666809082031,42.0,244.2100067138672,52.33000183105469,79.45999908447266,45.040000915527344,29.0,26.690000534057617,91.44999694824219,69.30000305175781,12037900,47924000,2710800,275200,17920000,47665000,9176300,9815800,5297700,5150900,6936700,3039100,1545600,23113300,7302000,8374000,2074800,4452100,6176598,11350000,13191000,463188000,19932510,1888000,9387300,7770100,732600,7540300,3201300,4399100,2572600,13345800,19042600,40579300,4708800,9743500
2019-08-21,51.06714630126953,31.700000762939453,166.01393127441406,204.0113525390625,24.21185874938965,22.836307525634766,37.00374221801758,49.995357513427734,41.31325149536133,87.65316772460938,16.772655487060547,57.619449615478516,171.05772399902344,41.36298370361328,108.92970275878906,89.6095199584961,102.75221252441406,38.51021194458008,67.16513061523438,32.45407485961914,43.07843017578125,4.254128932952881,23.866846084594727,98.64801788330078,65.68610382080078,28.235151290893555,64.4845199584961,37.49917984008789,214.43185424804688,39.055641174316406,60.17137145996094,37.78720474243164,21.366186141967773,23.419179916381836,81.3172836303711,51.445396423339844,67.54000091552734,31.700000762939453,203.94000244140625,217.02999877929688,28.75,26.93000030517578,47.77000045776367,63.25,52.630001068115234,117.87999725341797,23.3799991607666,77.22000122070312,200.67999267578125,47.150001525878906,131.52999877929688,107.61000061035156,111.45999908447266,47.22999954223633,82.92938995361328,39.939998626708984,44.16999816894531,4.280749797821045,33.083492279052734,126.0,76.69999694824219,33.689998626708984,68.58333587646484,42.58000183105469,240.35000610351562,51.86000061035156,78.4000015258789,45.0,29.079999923706055,26.600000381469727,91.30999755859375,69.72000122070312,67.91999816894531,31.739999771118164,205.3699951171875,218.61000061035156,28.826000213623047,27.079999923706055,48.0099983215332,64.16999816894531,53.66999816894531,118.22000122070312,23.969999313354492,78.12999725341797,203.02000427246094,47.290000915527344,132.41000366210938,108.43000030517578,112.44000244140625,47.779998779296875,83.25381469726562,40.529998779296875,45.0,4.336249828338623,33.320682525634766,127.4800033569336,77.19000244140625,34.43000030517578,68.93000030517578,42.63999938964844,241.88999938964844,52.209999084472656,79.2699966430664,45.279998779296875,29.2450008392334,26.690000534057617,91.52999877929688,69.9800033569336,66.5999984741211,30.84000015258789,203.5800018310547,216.50999450683594,28.405000686645508,26.790000915527344,47.439998626708984,63.060001373291016,52.38999938964844,117.33000183105469,23.31999969482422,76.3499984741211,200.1699981689453,46.88999938964844,130.85000610351562,107.44999694824219,110.0,46.5,82.18511199951172,39.83000183105469,43.900001525878906,4.241499900817871,33.03605270385742,125.7300033569336,75.98999786376953,33.619998931884766,68.2933349609375,42.290000915527344,239.3000030517578,51.599998474121094,77.7300033569336,44.810001373291016,28.975000381469727,26.530000686645508,91.04000091552734,69.37000274658203,67.33999633789062,31.049999237060547,204.4499969482422,218.61000061035156,28.464000701904297,26.93000030517578,48.0,64.12999725341797,53.33000183105469,117.79000091552734,23.68000030517578,77.58999633789062,202.74000549316406,47.11000061035156,131.6999969482422,108.20999908447266,112.0,47.380001068115234,82.33778381347656,40.47999954223633,44.810001373291016,4.26324987411499,33.149906158447266,127.44000244140625,76.5,34.2400016784668,68.586669921875,42.40999984741211,240.19000244140625,52.099998474121094,79.2699966430664,44.959999084472656,29.19499969482422,26.649999618530273,91.2699966430664,69.95999908447266,7615700,41441500,1755200,298100,19381000,47785400,6729200,14692900,6044600,4578400,5745400,2886800,1160800,15915000,6912800,8189300,2207300,3815900,6486072,9876100,14973800,427244000,19208728,1547000,11004100,6427200,700200,3914600,2761900,3236600,2409400,13513700,24074800,44913500,5687100,10134200
2019-08-22,51.05200958251953,31.899999618530273,165.59063720703125,202.3475799560547,24.22196388244629,23.05678367614746,37.073463439941406,50.51704788208008,41.02280044555664,87.54163360595703,16.521568298339844,56.3434944152832,172.5408935546875,41.038394927978516,108.71440887451172,90.53385162353516,102.89048767089844,38.23297119140625,67.0183334350586,32.722232818603516,43.6733512878418,4.260339736938477,24.010578155517578,98.97683715820312,66.07148742675781,28.251914978027344,64.4845199584961,37.102867126464844,207.82089233398438,39.198734283447266,59.41920852661133,38.30781555175781,21.27067756652832,23.577653884887695,80.9165267944336,51.334720611572266,67.5199966430664,31.899999618530273,203.4199981689453,215.25999450683594,28.761999130249023,27.190000534057617,47.86000061035156,63.90999984741211,52.2599983215332,117.7300033569336,23.030000686645508,75.51000213623047,202.4199981689453,46.779998779296875,131.27000427246094,108.72000122070312,111.61000061035156,46.88999938964844,82.74809265136719,40.27000045776367,44.779998779296875,4.2870001792907715,33.28273010253906,126.41999816894531,77.1500015258789,33.709999084472656,68.58333587646484,42.130001068115234,232.94000244140625,52.04999923706055,77.41999816894531,45.619998931884766,28.950000762939453,26.780000686645508,90.86000061035156,69.56999969482422,68.02999877929688,31.920000076293945,206.35000610351562,216.83999633789062,28.94099998474121,27.299999237060547,48.22999954223633,64.20999908447266,53.349998474121094,118.73999786376953,23.65999984741211,77.75,203.4499969482422,47.43000030517578,132.1300048828125,109.2699966430664,112.2699966430664,47.650001525878906,83.20610809326172,40.41999816894531,45.45000076293945,4.333250045776367,33.425048828125,127.61000061035156,77.94999694824219,34.369998931884766,68.97000122070312,42.4900016784668,240.35000610351562,52.439998626708984,79.02999877929688,45.83000183105469,29.295000076293945,26.850000381469727,91.69000244140625,69.95999908447266,66.80999755859375,30.979999542236328,202.0,213.66000366210938,28.454999923706055,26.959999084472656,47.470001220703125,63.40999984741211,52.22999954223633,117.44999694824219,23.0,75.47000122070312,200.91000366210938,46.689998626708984,130.8000030517578,107.93000030517578,110.79000091552734,46.70000076293945,82.29962158203125,39.91999816894531,44.04999923706055,4.247499942779541,33.0170783996582,125.73999786376953,76.5999984741211,33.66999816894531,67.87000274658203,41.72999954223633,232.6699981689453,51.720001220703125,77.36000061035156,45.060001373291016,28.934999465942383,26.56999969482422,90.5,69.25,67.87000274658203,31.760000228881836,205.27000427246094,216.30999755859375,28.839000701904297,27.09000015258789,47.95000076293945,63.810001373291016,52.90999984741211,118.66000366210938,23.530000686645508,77.62000274658203,202.27999877929688,47.279998779296875,131.60000610351562,108.37000274658203,111.44000244140625,47.22999954223633,82.77671813964844,40.36000061035156,44.5,4.290500164031982,33.168880462646484,127.16999816894531,76.91000366210938,33.959999084472656,68.7300033569336,42.38999938964844,240.35000610351562,52.25,78.5199966430664,45.33000183105469,29.18000030517578,26.739999771118164,91.4800033569336,69.91000366210938,6495700,47667900,2677600,376100,12294000,49353700,6378500,9718500,4316200,4362100,5894800,2299800,1275900,19783000,7213500,9343400,1840200,3311900,6588776,8126000,20599000,303488000,16933142,1321400,7198800,6975600,5985600,3145600,4498200,3522700,2307600,14703900,18706200,43896700,6486900,8972000
2019-08-23,49.88005065917969,29.540000915527344,162.0577392578125,197.8731231689453,22.91746711730957,22.446229934692383,36.081939697265625,48.9677848815918,39.57844161987305,85.64551544189453,15.553088188171387,53.53788375854492,167.2390594482422,39.441776275634766,105.78265380859375,88.28548431396484,100.95455932617188,37.311588287353516,65.6427230834961,31.958415985107422,41.89834213256836,4.035744667053223,23.504091262817383,96.3697280883789,62.96272277832031,26.843931198120117,61.68262481689453,36.06367492675781,205.78677368164062,38.37032699584961,56.93254852294922,37.300167083740234,20.557979583740234,22.978967666625977,79.04637145996094,49.7999153137207,65.97000122070312,29.540000915527344,199.0800018310547,210.5,27.21299934387207,26.469999313354492,46.58000183105469,61.95000076293945,50.41999816894531,115.18000030517578,21.68000030517578,71.75,196.1999969482422,44.959999084472656,127.7300033569336,106.0199966430664,109.51000213623047,45.7599983215332,81.04962158203125,39.33000183105469,42.959999084472656,4.060999870300293,32.58064651489258,123.08999633789062,73.5199966430664,32.029998779296875,65.60333251953125,40.95000076293945,230.66000366210938,50.95000076293945,74.18000030517578,44.41999816894531,27.979999542236328,26.100000381469727,88.76000213623047,67.48999786376953,67.79000091552734,31.829999923706055,203.6199951171875,216.5,28.54800033569336,27.219999313354492,48.20000076293945,64.12999725341797,52.189998626708984,118.05999755859375,22.899999618530273,74.86000061035156,201.8800048828125,46.630001068115234,131.25999450683594,108.77999877929688,112.55999755859375,47.61000061035156,82.95801544189453,40.400001525878906,44.970001220703125,4.264750003814697,33.53889846801758,126.98999786376953,79.0999984741211,33.33000183105469,68.21666717529297,42.150001525878906,235.10000610351562,52.290000915527344,77.69000244140625,45.650001525878906,28.875,26.790000915527344,91.04000091552734,69.52999877929688,65.4800033569336,29.399999618530273,198.00999450683594,209.60000610351562,27.104999542236328,26.260000228881836,46.290000915527344,61.52000045776367,50.130001068115234,114.3499984741211,21.579999923706055,71.36000061035156,195.19000244140625,44.79999923706055,127.12999725341797,105.11000061035156,108.87999725341797,45.560001373291016,80.61068725585938,39.11000061035156,42.65999984741211,4.040999889373779,32.41935348510742,122.37000274658203,73.22000122070312,31.899999618530273,65.41666412353516,40.86000061035156,229.3800048828125,50.599998474121094,73.77999877929688,44.09000015258789,27.81999969482422,25.920000076293945,88.31999969482422,67.02999877929688,67.27999877929688,31.299999237060547,203.08999633789062,213.6300048828125,28.39900016784668,26.950000762939453,47.77000045776367,63.279998779296875,51.650001525878906,116.4800033569336,22.530000686645508,74.18000030517578,200.80999755859375,46.349998474121094,131.07000732421875,108.0,111.45999908447266,46.45000076293945,82.27098846435547,40.04999923706055,43.88999938964844,4.210000038146973,33.406070709228516,126.12999725341797,76.12000274658203,33.150001525878906,67.74333190917969,41.939998626708984,232.89999389648438,51.869998931884766,76.79000091552734,45.20000076293945,28.604999542236328,26.59000015258789,90.69999694824219,68.81999969482422,8904700,83681100,3416200,591500,25742000,81880700,16319900,17997900,7133400,7653400,9246700,5160000,2200500,32814000,15714000,14762300,3870100,6215200,10608694,12310800,27519900,568056000,27765311,1912900,16479400,13952100,1682700,7526900,4826600,6039900,3508000,21152500,48817800,86245300,9822700,15371900
2019-08-26,50.25054931640625,30.280000686645508,167.21055603027344,201.15379333496094,23.346128463745117,22.70911407470703,37.26711654663086,49.5764274597168,40.324180603027344,86.06189727783203,15.474174499511719,53.910972595214844,170.1797637939453,39.968135833740234,106.63372802734375,88.99330139160156,103.04718780517578,37.5399055480957,66.36917114257812,32.63284683227539,42.35671615600586,4.110527515411377,23.846309661865234,97.16046905517578,62.44034194946289,26.475177764892578,62.206024169921875,36.40715026855469,206.16151428222656,38.62636947631836,56.57183074951172,37.7703857421875,20.646148681640625,23.199071884155273,79.8746109008789,50.065547943115234,66.45999908447266,30.280000686645508,205.41000366210938,213.99000549316406,27.722000122070312,26.780000686645508,48.11000061035156,62.720001220703125,51.369998931884766,115.73999786376953,21.56999969482422,72.25,199.64999389648438,45.560001373291016,127.80000305175781,106.87000274658203,111.77999877929688,46.040000915527344,81.94656372070312,40.15999984741211,43.43000030517578,4.136250019073486,33.05502700805664,124.0999984741211,72.91000366210938,31.59000015258789,66.16000366210938,41.34000015258789,231.0800018310547,51.290000915527344,73.70999908447266,44.97999954223633,28.100000381469727,26.350000381469727,89.69000244140625,67.8499984741211,66.93000030517578,30.719999313354492,206.39999389648438,214.44000244140625,27.795000076293945,26.799999237060547,49.08000183105469,62.81999969482422,51.709999084472656,116.22000122070312,22.209999084472656,73.22000122070312,199.7100067138672,45.81999969482422,128.0800018310547,106.98999786376953,111.81999969482422,46.56999969482422,81.96565246582031,40.27000045776367,43.77000045776367,4.1645002365112305,33.074005126953125,124.25,75.08999633789062,32.63999938964844,66.70333099365234,41.54999923706055,234.55999755859375,51.34000015258789,75.30000305175781,45.0,28.375,26.3700008392334,89.76000213623047,68.26000213623047,66.08000183105469,29.940000534057617,199.6699981689453,212.30999755859375,27.5,26.489999771118164,47.720001220703125,62.16999816894531,50.689998626708984,115.19000244140625,21.440000534057617,71.37000274658203,198.0,45.25,126.62999725341797,106.01000213623047,110.25,45.439998626708984,81.1832046508789,39.70000076293945,43.15999984741211,4.097750186920166,32.713470458984375,123.2699966430664,72.5199966430664,31.34000015258789,65.90333557128906,41.130001068115234,230.4600067138672,50.79999923706055,73.5199966430664,44.4900016784668,27.979999542236328,26.110000610351562,89.0999984741211,67.52999877929688,66.43000030517578,30.34000015258789,200.60000610351562,213.86000061035156,27.69499969482422,26.700000762939453,48.41999816894531,62.56999969482422,51.04999923706055,115.91999816894531,22.020000457763672,72.73999786376953,198.27000427246094,45.81999969482422,127.41999816894531,106.62000274658203,110.61000061035156,46.119998931884766,81.46946716308594,39.84000015258789,43.7400016784668,4.140250205993652,32.84629821777344,123.94999694824219,74.9000015258789,32.5099983215332,66.59666442871094,41.369998931884766,232.52000427246094,51.31999969482422,74.72000122070312,44.709999084472656,28.225000381469727,26.270000457763672,89.47000122070312,68.12000274658203,4841100,50612500,4005200,296800,14249000,41499100,20731500,10628800,4989100,3966400,9275800,2688200,1441900,22080500,8889500,8209500,2565500,9283900,6041825,10408600,12282800,318208000,17468680,2431800,11153800,11611200,997800,5519000,2918300,3968900,2912900,15973100,21610600,34175500,8913900,7343900
2019-08-27,49.65321350097656,30.200000762939453,168.08973693847656,201.2289581298828,23.207168579101562,22.446229934692383,37.12767791748047,48.738555908203125,40.01803207397461,86.12884521484375,15.309174537658691,53.47073745727539,168.83299255371094,40.16991424560547,108.16898345947266,88.05233764648438,102.0792236328125,36.96098709106445,66.09095764160156,32.33219909667969,41.39118957519531,4.019845962524414,23.504091262817383,97.18395233154297,63.348140716552734,26.190223693847656,61.97409439086914,36.415950775146484,198.89035034179688,38.438106536865234,55.036834716796875,37.577266693115234,20.51756477355957,23.058202743530273,79.40260314941406,49.57855224609375,65.66999816894531,30.200000762939453,206.49000549316406,214.07000732421875,27.55699920654297,26.469999313354492,47.93000030517578,61.65999984741211,50.97999954223633,115.83000183105469,21.34000015258789,71.66000366210938,198.07000732421875,45.790000915527344,129.63999938964844,105.73999786376953,110.7300033569336,45.33000183105469,81.6030502319336,39.790000915527344,42.439998626708984,4.045000076293945,32.58064651489258,124.12999725341797,73.97000122070312,31.25,65.913330078125,41.349998474121094,222.92999267578125,51.040000915527344,71.70999908447266,44.75,27.924999237060547,26.190000534057617,89.16000366210938,67.19000244140625,66.9800033569336,30.889999389648438,208.9499969482422,215.6699981689453,28.02199935913086,26.899999618530273,48.470001220703125,63.099998474121094,51.849998474121094,117.02999877929688,21.969999313354492,72.98999786376953,200.86000061035156,46.119998931884766,132.39999389648438,107.55999755859375,112.87999725341797,46.81999969482422,82.93893432617188,40.34000015258789,43.79999923706055,4.177499771118164,33.29222106933594,125.12000274658203,74.37999725341797,32.0099983215332,66.97000122070312,41.68000030517578,232.39999389648438,51.61000061035156,74.43000030517578,45.33000183105469,28.364999771118164,26.530000686645508,90.55000305175781,68.44000244140625,65.48999786376953,29.600000381469727,205.27000427246094,213.10000610351562,27.490999221801758,26.280000686645508,47.7400016784668,61.15999984741211,50.52000045776367,115.04000091552734,21.1200008392334,70.83000183105469,196.5,45.5,129.10000610351562,104.83999633789062,110.7300033569336,45.11000061035156,81.53626251220703,39.45000076293945,42.349998474121094,4.015500068664551,32.552181243896484,123.4000015258789,73.19999694824219,31.149999618530273,65.59666442871094,41.27000045776367,222.60000610351562,50.810001373291016,71.38999938964844,44.43000030517578,27.774999618530273,26.030000686645508,89.0999984741211,66.97000122070312,66.66999816894531,30.600000381469727,206.5399932861328,215.30999755859375,27.915000915527344,26.860000610351562,48.33000183105469,63.0099983215332,51.72999954223633,116.2699966430664,21.760000228881836,72.93000030517578,200.3300018310547,45.869998931884766,129.8800048828125,107.3499984741211,112.30999755859375,46.459999084472656,82.46183013916016,40.25,43.709999084472656,4.174749851226807,33.2163200378418,124.66000366210938,73.68000030517578,31.93000030517578,66.63999938964844,41.54999923706055,231.72000122070312,51.5099983215332,74.0999984741211,45.22999954223633,28.25,26.450000762939453,90.23999786376953,68.12999725341797,7591200,53229200,3394000,359700,14298000,52517000,14748000,17219300,5342100,4237100,6666700,2649300,1513300,16925500,20183800,14331800,2945200,3927000,6527049,8742900,19122100,290968000,24715351,1744600,7303100,10000600,1290600,4192800,4988100,4696400,3700300,15038200,23662600,54240800,8252000,9490900
2019-08-28,49.95567321777344,30.780000686645508,168.9281463623047,202.80816650390625,23.248435974121094,22.768468856811523,37.69316101074219,49.291873931884766,40.779457092285156,86.87240600585938,15.725261688232422,54.11989212036133,170.83615112304688,40.16991424560547,107.36798095703125,88.93502807617188,102.30048370361328,37.77637481689453,66.83283233642578,32.811622619628906,42.083641052246094,4.009400367736816,24.010578155517578,99.08645629882812,63.67354202270508,26.500314712524414,62.3658447265625,36.68016052246094,202.8337860107422,38.844783782958984,55.84271240234375,38.181861877441406,20.811460494995117,23.269506454467773,79.9814453125,49.940120697021484,66.06999969482422,30.780000686645508,207.52000427246094,215.75,27.606000900268555,26.850000381469727,48.65999984741211,62.36000061035156,51.95000076293945,116.83000183105469,21.920000076293945,72.52999877929688,200.4199981689453,45.790000915527344,128.67999267578125,106.80000305175781,110.97000122070312,46.33000183105469,82.51908111572266,40.380001068115234,43.150001525878906,4.0304999351501465,33.28273010253906,126.55999755859375,74.3499984741211,31.6200008392334,66.33000183105469,41.650001525878906,227.35000610351562,51.58000183105469,72.76000213623047,45.470001220703125,28.325000762939453,26.43000030517578,89.80999755859375,67.68000030517578,66.37999725341797,31.18000030517578,210.13999938964844,215.94000244140625,27.641000747680664,27.079999923706055,48.68000030517578,62.79999923706055,52.2400016784668,117.19999694824219,22.209999084472656,73.4800033569336,201.47000122070312,45.90999984741211,128.8699951171875,107.20999908447266,111.54000091552734,46.709999084472656,82.60496520996094,40.70000076293945,43.2599983215332,4.083499908447266,33.34914779663086,127.2300033569336,74.87999725341797,32.099998474121094,66.4800033569336,41.77000045776367,229.77000427246094,51.790000915527344,73.58000183105469,45.779998779296875,28.46500015258789,26.469999313354492,90.0,67.9800033569336,65.4000015258789,29.700000762939453,205.3300018310547,212.35000610351562,27.047000885009766,26.209999084472656,47.400001525878906,61.29999923706055,51.25,115.87999725341797,21.479999542236328,71.62000274658203,196.25,45.369998931884766,127.01000213623047,105.04000091552734,109.79000091552734,44.90999984741211,81.14503479003906,39.349998474121094,41.7599983215332,3.9749999046325684,32.523719787597656,123.18000030517578,72.91000366210938,31.030000686645508,65.20333099365234,41.04999923706055,220.77999877929688,50.790000915527344,71.0,44.4900016784668,27.93000030517578,26.030000686645508,88.72000122070312,67.16000366210938,65.56999969482422,29.920000076293945,205.50999450683594,213.17999267578125,27.433000564575195,26.219999313354492,47.70000076293945,61.29999923706055,51.40999984741211,116.41000366210938,21.530000686645508,71.66999816894531,196.57000732421875,45.70000076293945,127.86000061035156,105.08000183105469,110.33000183105469,45.310001373291016,81.35496520996094,39.400001525878906,42.099998474121094,4.014500141143799,32.5996208190918,123.18000030517578,73.79000091552734,31.3799991607666,65.66999816894531,41.31999969482422,222.4199981689453,50.79999923706055,71.5999984741211,44.63999938964844,28.06999969482422,26.049999237060547,88.8499984741211,67.52999877929688,6872800,55835900,3789300,317500,17202000,45897900,8521100,12343500,4880300,4153500,5824800,3055900,1437800,14888800,9878800,10585500,1744400,4258100,6159934,9881900,11545700,255612000,26047924,1462800,5678500,11557000,726000,3586000,4847600,3545600,2125800,14740000,31388800,51870400,5691500,9647400
2019-08-29,50.0690803527832,31.450000762939453,168.4886016845703,206.55885314941406,23.864051818847656,23.175500869750977,37.391048431396484,50.5091552734375,41.046348571777344,87.38546752929688,16.170045852661133,55.574928283691406,174.49867248535156,41.11735153198242,107.0008544921875,90.9502182006836,103.48046875,39.59465789794922,67.0183334350586,33.55104446411133,43.566078186035156,4.153143405914307,24.181690216064453,100.44873046875,65.47200775146484,27.03668785095215,63.86397171020508,37.2349739074707,205.7510986328125,39.45478057861328,57.74609375,38.78645706176758,21.11638069152832,23.621671676635742,80.58702850341797,50.49353790283203,66.22000122070312,31.450000762939453,206.97999572753906,219.74000549316406,28.336999893188477,27.329999923706055,48.27000045776367,63.900001525878906,52.290000915527344,117.5199966430664,22.540000915527344,74.4800033569336,203.44000244140625,46.869998931884766,128.24000549316406,109.22000122070312,112.25,48.560001373291016,82.74809265136719,41.290000915527344,44.66999816894531,4.175000190734863,33.51992416381836,128.3000030517578,76.44999694824219,32.2599983215332,67.92333221435547,42.279998779296875,230.6199951171875,52.38999938964844,75.23999786376953,46.189998626708984,28.739999771118164,26.829999923706055,90.48999786376953,68.43000030517578,67.02999877929688,31.829999923706055,209.83999633789062,221.8699951171875,28.548999786376953,27.450000762939453,49.13999938964844,64.2300033569336,52.95000076293945,117.83999633789062,22.690000534057617,75.83999633789062,204.3699951171875,47.220001220703125,129.1999969482422,109.88999938964844,112.37999725341797,48.880001068115234,83.34923553466797,41.5,45.220001220703125,4.207499980926514,33.956356048583984,129.25999450683594,77.02999877929688,32.689998626708984,68.32666778564453,42.56999969482422,232.3000030517578,52.54999923706055,75.38999938964844,46.4900016784668,28.860000610351562,26.920000076293945,90.75,68.66999816894531,65.95999908447266,31.329999923706055,205.25999450683594,219.52999877929688,28.104999542236328,26.920000076293945,47.77000045776367,63.099998474121094,52.209999084472656,116.58000183105469,22.09000015258789,73.04000091552734,201.36000061035156,46.400001525878906,126.83000183105469,108.0199966430664,110.5999984741211,46.72999954223633,82.23282623291016,40.869998931884766,43.90999984741211,4.11899995803833,33.425048828125,127.5,75.22000122070312,31.84000015258789,67.35333251953125,42.22999954223633,228.00999450683594,52.02000045776367,73.0,45.779998779296875,28.514999389648438,26.6200008392334,89.91000366210938,68.08999633789062,66.7300033569336,31.469999313354492,209.0,220.0500030517578,28.14900016784668,27.0,48.95000076293945,63.310001373291016,52.310001373291016,117.19000244140625,22.09000015258789,73.19000244140625,201.36000061035156,46.459999084472656,128.83999633789062,108.13999938964844,111.80999755859375,46.7599983215332,83.08206176757812,40.88999938964844,43.9900016784668,4.122499942779541,33.956356048583984,127.5199966430664,75.22000122070312,31.969999313354492,67.50333404541016,42.34000015258789,228.4199981689453,52.119998931884766,73.05999755859375,46.0,28.545000076293945,26.670000076293945,90.48999786376953,68.30000305175781,6011900,44422800,2391600,370300,16429000,55432900,10342000,11478200,6401900,4467300,6215100,3726700,1816800,17803800,6749900,10002200,2708600,8793600,6321012,12191900,18674100,357976000,19610302,1568900,7348400,12614300,3748500,5171600,4052500,3652400,2660000,16196600,24663400,49818300,4360300,9004100
2019-08-30,49.70615005493164,31.450000762939453,169.8236083984375,209.25668334960938,23.802570343017578,23.328140258789062,37.23613357543945,50.864845275878906,40.959999084472656,87.53421020507812,15.775476455688477,55.35855484008789,174.90182495117188,41.59107971191406,107.10096740722656,91.4831771850586,104.14421844482422,40.12464904785156,66.82512664794922,33.71358108520508,44.151248931884766,4.165827751159668,24.332277297973633,100.94197082519531,66.60247039794922,27.179166793823242,64.16482543945312,37.543216705322266,208.7666015625,39.68071746826172,57.77678680419922,39.10554885864258,21.11638069152832,23.70090675354004,80.68500518798828,50.530433654785156,65.73999786376953,31.450000762939453,208.6199951171875,222.61000061035156,28.263999938964844,27.510000228881836,48.06999969482422,64.3499984741211,52.18000030517578,117.72000122070312,21.989999771118164,74.19000244140625,203.91000366210938,47.40999984741211,128.36000061035156,109.86000061035156,112.97000122070312,49.209999084472656,82.5095443725586,41.4900016784668,45.27000045776367,4.187749862670898,33.72865295410156,128.92999267578125,77.7699966430664,32.43000030517578,68.24333190917969,42.630001068115234,234.0,52.689998626708984,75.27999877929688,46.56999969482422,28.739999771118164,26.920000076293945,90.5999984741211,68.4800033569336,66.43000030517578,31.8700008392334,210.97000122070312,224.00999450683594,28.59000015258789,27.690000534057617,48.59000015258789,64.81999969482422,52.939998626708984,118.9800033569336,22.90999984741211,75.41000366210938,205.2100067138672,47.790000915527344,129.10000610351562,110.55999755859375,114.16999816894531,49.9900016784668,83.22518920898438,41.869998931884766,45.93000030517578,4.271500110626221,33.88994216918945,130.6699981689453,78.05000305175781,33.119998931884766,68.86333465576172,42.88999938964844,235.0500030517578,52.97999954223633,76.58000183105469,46.900001525878906,29.100000381469727,27.059999465942383,91.08999633789062,69.08000183105469,65.48999786376953,31.1299991607666,206.8800048828125,220.1199951171875,27.989999771118164,27.350000381469727,47.79999923706055,64.19000244140625,51.619998931884766,117.2300033569336,21.889999389648438,73.3499984741211,203.00999450683594,47.15999984741211,127.62000274658203,109.47000122070312,111.91999816894531,48.72999954223633,82.22328186035156,41.29999923706055,45.04999923706055,4.16949987411499,33.47248458862305,128.74000549316406,77.0,32.130001068115234,67.9433364868164,42.36000061035156,232.2899932861328,52.45000076293945,75.11000061035156,46.40999984741211,28.56999969482422,26.81999969482422,90.20999908447266,68.05999755859375,66.4000015258789,31.600000381469727,208.99000549316406,223.27000427246094,28.535999298095703,27.5,48.400001525878906,64.33999633789062,52.36000061035156,117.9800033569336,22.639999389648438,74.58999633789062,204.85000610351562,47.2400016784668,128.27000427246094,109.83999633789062,112.81999969482422,48.7599983215332,83.12976837158203,41.68000030517578,45.119998931884766,4.221499919891357,33.795066833496094,129.2899932861328,77.18000030517578,32.5,68.58333587646484,42.709999084472656,233.6699981689453,52.779998779296875,75.55000305175781,46.540000915527344,28.850000381469727,26.979999542236328,90.91000366210938,68.61000061035156,6415100,40307000,2621300,357600,16720000,41326200,8126000,11844600,5131500,4881100,6616200,3164000,1529600,16922600,7371100,10170300,2870700,5659600,6795127,7427000,16391500,290616000,18873346,1457900,8465300,12443800,1014600,5382200,3384100,4975600,2467600,15250600,26044600,40561000,4784100,9180800
2019-09-03,49.449073791503906,30.899999618530273,167.30014038085938,206.82203674316406,23.07916259765625,22.938066482543945,37.212894439697266,50.12972640991211,40.85010528564453,86.45600891113281,15.847216606140137,55.313758850097656,170.6645965576172,41.21385192871094,107.41802978515625,90.4006118774414,105.056884765625,40.47526168823242,66.96422576904297,33.307281494140625,43.87816619873047,4.082764625549316,24.722412109375,99.2430419921875,64.33297729492188,27.000415802001953,63.10865020751953,36.74180221557617,205.7510986328125,39.17613220214844,57.231868743896484,38.70248794555664,21.013517379760742,23.454395294189453,80.2129898071289,50.58945846557617,65.4000015258789,30.899999618530273,205.52000427246094,220.02000427246094,27.405000686645508,27.049999237060547,48.040000915527344,63.41999816894531,52.040000915527344,116.2699966430664,22.09000015258789,74.12999725341797,198.97000122070312,46.97999954223633,128.74000549316406,108.55999755859375,113.95999908447266,49.63999938964844,82.6812973022461,40.9900016784668,44.9900016784668,4.104249954223633,34.26945114135742,126.76000213623047,75.12000274658203,31.719999313354492,67.12000274658203,41.720001220703125,230.6199951171875,52.02000045776367,74.56999969482422,46.09000015258789,28.600000381469727,26.639999389648438,90.06999969482422,68.55999755859375,65.80000305175781,31.139999389648438,207.88999938964844,221.5800018310547,28.084999084472656,27.229999542236328,48.15999984741211,64.04000091552734,52.119998931884766,116.33000183105469,22.149999618530273,74.3499984741211,201.61000061035156,47.220001220703125,128.97999572753906,108.98999786376953,114.0199966430664,49.83000183105469,83.02481079101562,41.09000015258789,45.33000183105469,4.147749900817871,34.4212532043457,127.7699966430664,76.98999786376953,31.860000610351562,67.76667022705078,42.15999984741211,232.1699981689453,52.40999984741211,74.83000183105469,46.34000015258789,28.65999984741211,26.729999542236328,90.5,68.68000030517578,64.93000030517578,30.68000030517578,204.67999267578125,218.89999389648438,27.093000411987305,26.610000610351562,47.2599983215332,62.31999969482422,50.7400016784668,114.55000305175781,21.299999237060547,72.38999938964844,196.5800018310547,46.5,127.51000213623047,107.31999969482422,112.19000244140625,47.619998931884766,82.09923553466797,40.349998474121094,44.439998626708984,4.081250190734863,33.69070053100586,125.2300033569336,74.69999694824219,31.110000610351562,66.73332977294922,41.58000183105469,228.47000122070312,51.7400016784668,73.23999786376953,45.47999954223633,28.190000534057617,26.40999984741211,89.75,67.62999725341797,65.77999877929688,30.829999923706055,207.3000030517578,220.64999389648438,28.0,27.209999084472656,47.88999938964844,64.0,51.04999923706055,115.7699966430664,21.440000534057617,72.55999755859375,201.10000610351562,47.119998931884766,127.98999786376953,108.9800033569336,112.54000091552734,48.31999969482422,82.29007720947266,41.040000915527344,44.599998474121094,4.114500045776367,33.785579681396484,127.61000061035156,76.7699966430664,31.18000030517578,67.48999786376953,42.150001525878906,231.74000549316406,52.400001525878906,73.9000015258789,46.310001373291016,28.274999618530273,26.700000762939453,90.06999969482422,67.88999938964844,7915700,38029300,2193000,598700,22210000,50743100,7708200,11991500,5142300,5672500,6614700,2467000,2633600,15003800,5710200,9868800,3710300,8002100,6695882,8675300,17108100,296140000,26624989,2002900,7580700,9366900,2833500,4748000,3382300,4508900,2388900,17224200,27929600,59997200,6437800,9849700
2019-09-04,50.19004821777344,30.950000762939453,167.9513702392578,213.6371612548828,23.834569931030273,23.31117820739746,37.27485656738281,50.809513092041016,41.83917236328125,87.18472290039062,16.385265350341797,56.38827133178711,173.03196716308594,42.915733337402344,107.51817321777344,91.49148559570312,104.40233612060547,41.30693435668945,66.50052642822266,33.74605941772461,45.65319061279297,4.196913719177246,24.523923873901367,100.66014862060547,66.02008819580078,28.07294464111328,64.80420684814453,38.00116729736328,202.2805633544922,39.50749969482422,57.39304733276367,39.04676055908203,21.307411193847656,23.683305740356445,80.26644134521484,51.12811279296875,66.37999725341797,30.950000762939453,206.32000732421875,227.27000427246094,28.302000045776367,27.489999771118164,48.119998931884766,64.27999877929688,53.29999923706055,117.25,22.84000015258789,75.56999969482422,201.72999572753906,48.91999816894531,128.86000061035156,109.87000274658203,113.25,50.65999984741211,82.10877990722656,41.529998779296875,46.810001373291016,4.218999862670898,33.99430847167969,128.57000732421875,77.08999633789062,32.97999954223633,68.92333221435547,43.150001525878906,226.72999572753906,52.459999084472656,74.77999877929688,46.5,29.0,26.899999618530273,90.12999725341797,69.29000091552734,66.41999816894531,31.829999923706055,207.3699951171875,227.4499969482422,28.434999465942383,27.579999923706055,48.43000030517578,64.4800033569336,53.47999954223633,118.54000091552734,23.030000686645508,76.37000274658203,202.10000610351562,48.95000076293945,129.58999633789062,110.22000122070312,114.5,50.81999969482422,83.17748260498047,41.689998626708984,47.5,4.226500034332275,34.53510284423828,129.0,77.12000274658203,33.43000030517578,68.97333526611328,43.150001525878906,232.9499969482422,52.599998474121094,75.48999786376953,46.70000076293945,29.125,26.950000762939453,90.70999908447266,69.61000061035156,64.44000244140625,30.850000381469727,203.0,224.17999267578125,27.81999969482422,27.15999984741211,47.529998779296875,63.84000015258789,52.599998474121094,117.16999816894531,22.3799991607666,74.91999816894531,200.0500030517578,47.540000915527344,128.0800018310547,108.55999755859375,112.44999694824219,49.2599983215332,81.50763702392578,41.29999923706055,46.400001525878906,4.165249824523926,33.870967864990234,127.5,75.62999725341797,31.940000534057617,68.14666748046875,42.38999938964844,226.5,52.18000030517578,74.08999633789062,46.279998779296875,28.915000915527344,26.780000686645508,89.70999908447266,69.08999633789062,65.66999816894531,31.31999969482422,206.6999969482422,224.74000549316406,27.878999710083008,27.31999969482422,48.43000030517578,64.0,52.790000915527344,117.4800033569336,22.549999237060547,75.69999694824219,201.49000549316406,47.560001373291016,129.49000549316406,109.44999694824219,114.37999725341797,50.20000076293945,83.14885711669922,41.439998626708984,46.45000076293945,4.165249824523926,34.44022750854492,128.10000610351562,75.98999786376953,32.279998779296875,68.14666748046875,42.61000061035156,231.9499969482422,52.5099983215332,75.45999908447266,46.540000915527344,29.0,26.84000015258789,90.66000366210938,69.5,9618300,46614600,1935700,432700,19865000,40862500,8140000,9689800,5803100,4595600,5609600,2951100,1720600,23450700,4807200,6929200,3756400,4852000,7868070,6829900,26978100,227728000,20649441,1662500,4923700,11018400,1387800,4460900,4526100,3031200,2579100,17123100,22381800,43945700,9318700,6959200
2019-09-05,50.68152618408203,31.5,169.03402709960938,222.8680877685547,24.508296966552734,24.002578735351562,37.57695388793945,52.43782424926758,41.94906997680664,87.47471618652344,16.858741760253906,56.410640716552734,177.59515380859375,43.950923919677734,107.2845687866211,93.57331085205078,105.6468734741211,42.790924072265625,66.53917694091797,34.5098876953125,47.81833267211914,4.469977378845215,24.872989654541016,103.00106811523438,67.64724731445312,28.992246627807617,66.79751586914062,38.96110916137695,204.83216857910156,40.11751174926758,58.935691833496094,39.98723602294922,21.571910858154297,24.16754150390625,81.05904388427734,51.85123825073242,67.02999877929688,31.5,207.64999389648438,237.08999633789062,29.101999282836914,28.1200008392334,48.5099983215332,66.33999633789062,53.439998626708984,117.63999938964844,23.5,75.5999984741211,207.0500030517578,50.099998474121094,128.5800018310547,112.37000274658203,114.5999984741211,52.47999954223633,82.15648651123047,42.470001220703125,49.029998779296875,4.493500232696533,34.47817611694336,131.55999755859375,78.98999786376953,34.060001373291016,71.0433349609375,44.2400016784668,229.58999633789062,53.27000045776367,76.79000091552734,47.619998931884766,29.360000610351562,27.450000762939453,91.0199966430664,70.2699966430664,67.30000305175781,32.04999923706055,208.47000122070312,238.02999877929688,29.368000030517578,28.43000030517578,48.58000183105469,67.27999877929688,54.2400016784668,119.06999969482422,24.100000381469727,77.31999969482422,208.92999267578125,51.16999816894531,129.89999389648438,113.72000122070312,115.44000244140625,52.939998626708984,82.69084167480469,43.11000061035156,49.63999938964844,4.499750137329102,34.61100769042969,132.94000244140625,80.44000244140625,34.79999923706055,71.87666320800781,44.5099983215332,231.50999450683594,54.06999969482422,77.25,48.16999816894531,29.684999465942383,27.68000030517578,91.22000122070312,70.55000305175781,66.43000030517578,31.1200008392334,205.97000122070312,235.6999969482422,28.836000442504883,27.799999237060547,47.93000030517578,65.61000061035156,53.290000915527344,117.26000213623047,23.1299991607666,75.11000061035156,205.0399932861328,49.869998931884766,128.30999755859375,111.19999694824219,113.26000213623047,50.93000030517578,81.58396911621094,42.29999923706055,47.88999938964844,4.320000171661377,34.051231384277344,130.67999267578125,77.88999938964844,33.279998779296875,70.21333312988281,43.7599983215332,227.5800018310547,53.09000015258789,75.12000274658203,47.29999923706055,29.209999084472656,27.270000457763672,90.41999816894531,69.69999694824219,66.63999938964844,31.790000915527344,206.6300048828125,236.35000610351562,28.836000442504883,27.850000381469727,48.29999923706055,65.6500015258789,53.59000015258789,118.01000213623047,23.1299991607666,75.83000183105469,205.27000427246094,49.93000030517578,129.89999389648438,111.25,113.95999908447266,51.34000015258789,82.6717529296875,42.29999923706055,47.900001525878906,4.321750164031982,34.25996017456055,130.88999938964844,77.88999938964844,33.369998931884766,70.40666961669922,43.7599983215332,230.0,53.130001068115234,75.55000305175781,47.310001373291016,29.2549991607666,27.280000686645508,90.9000015258789,69.83999633789062,5602400,57861200,1685300,982300,20938000,63413700,7320900,14723500,6014500,5394300,7531000,4059700,2237900,30014200,4754100,13224700,4045900,8812500,7524954,8101600,33075500,695676000,22096794,1185300,13480300,12117900,2037600,7698300,4256900,4774500,4630500,19243400,29077000,68639200,7897400,9901500
2019-09-06,51.127628326416016,30.559999465942383,169.09918212890625,224.24990844726562,24.5832462310791,23.669681549072266,37.391048431396484,52.145355224609375,42.09821701049805,87.93573760986328,16.75113296508789,57.03743362426758,177.7323455810547,44.670265197753906,106.9758071899414,93.77315521240234,105.13986206054688,42.78277587890625,66.90239715576172,34.27423858642578,47.75980758666992,4.442868709564209,24.982500076293945,103.1263427734375,67.518798828125,29.111417770385742,66.97616577148438,38.49433898925781,204.30580139160156,40.22294616699219,59.964141845703125,39.59258270263672,21.685808181762695,24.158729553222656,81.28167724609375,52.33824920654297,67.62000274658203,30.559999465942383,207.72999572753906,238.55999755859375,29.19099998474121,27.729999542236328,48.27000045776367,65.97000122070312,53.630001068115234,118.26000213623047,23.350000381469727,76.44000244140625,207.2100067138672,50.91999816894531,128.2100067138672,112.61000061035156,114.05000305175781,52.470001220703125,82.60496520996094,42.18000030517578,48.970001220703125,4.466249942779541,34.629981994628906,131.72000122070312,78.83999633789062,34.20000076293945,71.23332977294922,43.709999084472656,229.0,53.40999984741211,78.12999725341797,47.150001525878906,29.514999389648438,27.440000534057617,91.2699966430664,70.93000030517578,68.12000274658203,31.510000228881836,209.35000610351562,240.11000061035156,29.329999923706055,28.09000015258789,48.79999923706055,66.5,53.790000915527344,118.44000244140625,23.56999969482422,76.52999877929688,208.25,50.9900016784668,129.22999572753906,112.9800033569336,114.98999786376953,52.939998626708984,82.94847106933594,42.54999923706055,49.5,4.527249813079834,34.69639587402344,132.19000244140625,79.08000183105469,34.47999954223633,71.43333435058594,44.040000915527344,231.9600067138672,53.779998779296875,78.69000244140625,47.77000045776367,29.549999237060547,27.559999465942383,91.52999877929688,70.94999694824219,67.0,30.479999542236328,206.10000610351562,237.1699981689453,28.93000030517578,27.56999969482422,48.16999816894531,65.75,52.68000030517578,117.38999938964844,22.549999237060547,73.4800033569336,205.57000732421875,50.06999969482422,128.07000732421875,111.95999908447266,113.83999633789062,51.61000061035156,82.35687255859375,42.0099983215332,48.70000076293945,4.427999973297119,34.25996017456055,130.6699981689453,78.44000244140625,33.2599983215332,70.76000213623047,43.689998626708984,228.58999633789062,53.33000183105469,76.4800033569336,47.099998474121094,29.135000228881836,27.34000015258789,91.08000183105469,70.12000274658203,67.26000213623047,31.5,208.63999938964844,238.19000244140625,29.184999465942383,28.020000457763672,48.41999816894531,66.19000244140625,53.08000183105469,117.5,23.18000030517578,74.7300033569336,207.05999755859375,50.25,128.8800048828125,112.66000366210938,114.77999877929688,52.560001373291016,82.57633972167969,42.470001220703125,48.86000061035156,4.46999979019165,34.497154235839844,131.4600067138672,78.95999908447266,33.79999923706055,71.23332977294922,44.0,230.1699981689453,53.38999938964844,77.16999816894531,47.58000183105469,29.299999237060547,27.479999542236328,91.20999908447266,70.3499984741211,7502500,51673000,2388000,872100,13748000,56054100,8241800,10476000,4635000,4578200,5874100,3794000,1438800,17067900,6758300,7836600,2904700,5276500,7047695,7012700,19565700,376976000,20873416,1357400,5128000,11976700,1273500,4325300,4183200,4991900,3036800,18846100,24468600,35660800,13166400,10418500
2019-09-09,50.4320068359375,30.5,164.7115020751953,226.85374450683594,24.642192840576172,24.437896728515625,37.251617431640625,54.3744010925293,43.15007781982422,88.77596282958984,17.669395446777344,59.69381332397461,181.82379150390625,45.25803756713867,105.92449951171875,96.0964584350586,102.3926773071289,43.68784713745117,64.50667572021484,35.029930114746094,47.915855407714844,4.488877773284912,25.208372116088867,106.70427703857422,66.97926330566406,30.839372634887695,67.2206039428711,38.61764144897461,205.80462646484375,41.35258865356445,60.92350769042969,40.65061950683594,22.119293212890625,24.52850914001465,80.53360748291016,52.751461029052734,66.69999694824219,30.5,202.33999633789062,241.3300018310547,29.26099967956543,28.6299991607666,48.09000015258789,68.79000091552734,54.970001220703125,119.38999938964844,24.6299991607666,80.0,211.97999572753906,51.59000015258789,126.94999694824219,115.4000015258789,111.06999969482422,53.58000183105469,79.6469497680664,43.11000061035156,49.130001068115234,4.512499809265137,34.94307327270508,136.2899932861328,78.20999908447266,36.22999954223633,71.49333190917969,43.849998474121094,230.67999267578125,54.90999984741211,79.37999725341797,48.40999984741211,30.104999542236328,27.860000610351562,90.43000030517578,71.48999786376953,68.0,31.18000030517578,202.9499969482422,242.32000732421875,29.719999313354492,28.850000381469727,48.45000076293945,69.30000305175781,55.04999923706055,119.62999725341797,24.68000030517578,80.41999816894531,213.8800048828125,52.029998779296875,128.16000366210938,116.05999755859375,114.5199966430664,54.0,82.5572509765625,43.4900016784668,50.0,4.5995001792907715,34.95256042480469,136.92999267578125,79.44999694824219,36.459999084472656,72.08999633789062,44.08000183105469,232.0,55.060001373291016,80.19000244140625,48.63999938964844,30.174999237060547,27.969999313354492,91.37999725341797,72.06999969482422,66.30999755859375,30.239999771118164,198.7899932861328,238.88999938964844,29.040000915527344,27.969999313354492,47.4900016784668,66.69000244140625,53.869998931884766,118.58000183105469,23.68000030517578,77.05000305175781,208.44000244140625,51.02000045776367,126.58999633789062,113.5999984741211,110.3499984741211,52.720001220703125,79.12213897705078,42.540000915527344,48.86000061035156,4.495999813079834,34.27893829345703,132.33999633789062,77.97000122070312,34.33000183105469,71.22333526611328,43.540000915527344,228.55999755859375,53.68000030517578,78.41999816894531,46.88999938964844,29.69499969482422,27.56999969482422,90.0999984741211,70.9800033569336,67.95999908447266,30.93000030517578,202.52999877929688,239.0800018310547,29.5,28.0,48.400001525878906,66.76000213623047,54.20000076293945,118.73999786376953,23.690000534057617,77.25,209.22000122070312,51.060001373291016,128.0,113.70999908447266,114.5199966430664,52.720001220703125,82.53816986083984,42.540000915527344,49.540000915527344,4.497499942779541,34.715370178222656,132.9499969482422,79.04000091552734,34.5,71.52333068847656,43.90999984741211,229.0,53.91999816894531,78.69999694824219,47.31999969482422,29.7549991607666,27.6299991607666,91.3499984741211,71.16000366210938,10310900,54413200,4353200,536700,21686000,68629300,7470800,20193300,6176800,5048000,7254700,5133600,2734500,20749700,7684700,13985100,4982300,5218500,12040786,11888800,19474400,417524000,24675616,2027800,6885100,13461600,962400,4677000,3895600,5060800,2757000,27651400,49514200,67797700,10675900,12840200
2019-09-10,51.551048278808594,30.229999542236328,160.25869750976562,227.17337036132812,24.796306610107422,25.052473068237305,37.615692138671875,54.52458190917969,44.20978927612305,90.60519409179688,17.619178771972656,59.768428802490234,184.9545440673828,45.459808349609375,108.0938949584961,97.32058715820312,102.42031860351562,44.42167282104492,63.131080627441406,35.41183853149414,48.16943359375,4.5555267333984375,25.58483123779297,107.95695495605469,67.407470703125,31.88637351989746,67.521484375,38.837799072265625,207.3927001953125,42.06803512573242,62.68874740600586,40.566654205322266,22.380125045776367,24.616552352905273,80.76516723632812,53.17942428588867,68.18000030517578,30.229999542236328,196.8699951171875,241.6699981689453,29.444000244140625,29.350000381469727,48.560001373291016,68.9800033569336,56.31999969482422,121.8499984741211,24.559999465942383,80.0999984741211,215.6300048828125,51.81999969482422,129.5500030517578,116.87000274658203,111.0999984741211,54.47999954223633,77.94847106933594,43.58000183105469,49.38999938964844,4.579500198364258,35.46489715576172,137.88999938964844,78.70999908447266,37.459999084472656,71.8133316040039,44.099998474121094,232.4600067138672,55.86000061035156,81.68000030517578,48.310001373291016,30.459999084472656,27.959999084472656,90.69000244140625,72.06999969482422,68.18000030517578,30.3799991607666,201.97000122070312,241.6699981689453,29.44499969482422,29.350000381469727,48.7599983215332,70.01000213623047,57.4900016784668,123.29000091552734,25.399999618530273,82.38999938964844,217.08999633789062,51.84000015258789,129.5500030517578,117.2699966430664,111.12999725341797,55.06999969482422,78.61640930175781,43.810001373291016,49.939998626708984,4.606249809265137,35.46489715576172,138.9600067138672,78.87999725341797,38.38999938964844,71.8133316040039,44.099998474121094,234.2899932861328,55.86000061035156,81.91000366210938,48.93000030517578,30.899999618530273,28.079999923706055,90.69999694824219,72.8499984741211,65.6500015258789,29.770000457763672,195.36000061035156,238.11000061035156,28.881999969482422,28.809999465942383,47.52000045776367,68.44999694824219,55.38999938964844,119.91000366210938,24.31999969482422,79.72000122070312,213.22000122070312,50.83000183105469,126.33999633789062,115.7300033569336,106.4000015258789,53.209999084472656,75.2385482788086,43.060001373291016,48.5,4.469749927520752,34.1745719909668,136.7100067138672,77.33999633789062,36.83000183105469,70.70999908447266,43.36000061035156,230.8300018310547,54.9900016784668,79.43000030517578,48.06999969482422,30.229999542236328,27.700000762939453,89.0199966430664,71.62000274658203,66.06999969482422,30.219999313354492,200.80999755859375,240.07000732421875,29.135000228881836,28.889999389648438,47.75,69.18000030517578,55.540000915527344,120.2300033569336,24.809999465942383,80.38999938964844,213.5,51.33000183105469,127.33999633789062,116.30000305175781,108.37000274658203,53.66999816894531,78.61640930175781,43.279998779296875,49.369998931884766,4.479499816894531,34.715370178222656,137.25,78.02999877929688,37.04999923706055,71.27333068847656,43.599998474121094,231.4499969482422,55.150001525878906,79.4800033569336,48.06999969482422,30.290000915527344,27.950000762939453,89.97000122070312,72.13999938964844,12155700,48604800,4866300,735500,20850000,71066200,9807000,18146200,8567700,8728800,9206800,4342700,2615800,18532000,8239500,14333100,6589500,6929700,18087432,12292700,23111300,352812000,32250397,1893200,9373900,19638200,1291800,5001600,4257600,6414000,3634500,25822400,51436000,77540100,8770700,13810800
2019-09-11,52.541542053222656,29.760000228881836,159.4202880859375,230.52920532226562,25.096961975097656,25.146366119384766,38.14244079589844,54.46134567260742,44.900569915771484,90.18134307861328,17.91330909729004,60.46235275268555,185.9580841064453,46.31075668334961,109.4455795288086,97.58704376220703,102.9642333984375,44.119991302490234,64.08163452148438,35.70436477661133,49.232486724853516,4.5841264724731445,25.60535430908203,106.47721862792969,68.96986389160156,31.767192840576172,68.53379821777344,38.94348907470703,208.95401000976562,42.13581085205078,63.44855880737305,41.020103454589844,22.402172088623047,24.757410049438477,81.56665802001953,53.07615280151367,69.48999786376953,29.760000228881836,195.83999633789062,245.24000549316406,29.801000595092773,29.459999084472656,49.2400016784668,68.9000015258789,57.20000076293945,121.27999877929688,24.969999313354492,81.02999877929688,216.8000030517578,52.790000915527344,131.1699981689453,117.19000244140625,111.69000244140625,54.11000061035156,79.12213897705078,43.939998626708984,50.47999954223633,4.608250141143799,35.49335861206055,136.0,79.9000015258789,37.31999969482422,72.88999938964844,44.220001220703125,234.2100067138672,55.95000076293945,82.66999816894531,48.849998474121094,30.489999771118164,28.1200008392334,91.58999633789062,71.93000030517578,69.73999786376953,30.43000030517578,198.4600067138672,245.24000549316406,29.878000259399414,29.469999313354492,49.54999923706055,69.20999908447266,57.47999954223633,122.9800033569336,25.290000915527344,82.75,216.85000610351562,52.790000915527344,131.27999877929688,117.19999694824219,112.0,55.349998474121094,79.30343627929688,43.939998626708984,51.38999938964844,4.656750202178955,35.8254280090332,138.0500030517578,79.91000366210938,38.83000183105469,72.93000030517578,44.27000045776367,234.25,55.970001220703125,83.25,48.97999954223633,30.8700008392334,28.149999618530273,91.62000274658203,72.83999633789062,68.05999755859375,29.510000228881836,195.1699981689453,241.24000549316406,29.454999923706055,28.899999618530273,48.61000061035156,68.11000061035156,56.290000915527344,120.37000274658203,24.299999237060547,79.80000305175781,213.36000061035156,51.380001068115234,129.0800018310547,115.37999725341797,110.29000091552734,53.61000061035156,77.88167572021484,43.209999084472656,49.84000015258789,4.565000057220459,35.00948715209961,135.47999572753906,78.12000274658203,37.08000183105469,71.7699966430664,43.84000015258789,228.5800018310547,55.13999938964844,81.12000274658203,47.790000915527344,30.325000762939453,27.729999542236328,90.62000274658203,71.55000305175781,68.37999725341797,30.3799991607666,197.1300048828125,241.67999267578125,29.631999969482422,29.3700008392334,48.7599983215332,68.72000122070312,56.72999954223633,122.20999908447266,24.719999313354492,80.87999725341797,215.2100067138672,51.599998474121094,129.86000061035156,116.88999938964844,111.77999877929688,55.0,78.11068725585938,43.7400016784668,50.02000045776367,4.594250202178955,35.806453704833984,138.0,78.16999816894531,37.63999938964844,72.22666931152344,43.90999984741211,232.49000549316406,55.81999969482422,82.11000061035156,48.290000915527344,30.6299991607666,27.979999542236328,90.83999633789062,72.77999877929688,8369100,50631700,2875300,782500,19260000,53982200,8153800,11858800,7940300,5509500,7092500,3585300,1886300,18968900,6203600,9919200,3404100,6531700,10602197,9877900,31012900,361512000,16963181,3444900,6575700,17918600,1415400,4016800,3168100,5438100,3421700,19190000,45504000,53285900,8124300,10525700
2019-09-12,53.554725646972656,30.209999084472656,157.92247009277344,232.02381896972656,25.313396453857422,25.32562255859375,38.42905044555664,54.77751922607422,44.23335266113281,90.28544616699219,17.68291473388672,59.45503234863281,187.6220703125,46.50374984741211,108.82813262939453,98.18659973144531,102.76142120361328,43.36983871459961,64.38304901123047,36.013145446777344,49.1934814453125,4.582633018493652,25.51637840270996,107.39324188232422,68.26202392578125,31.409690856933594,68.68738555908203,38.81138229370117,205.28713989257812,41.97013854980469,64.23907470703125,40.85215759277344,22.2625732421875,24.88947868347168,81.5399398803711,53.113040924072266,70.83000183105469,30.209999084472656,194.0,246.8300018310547,30.058000564575195,29.670000076293945,49.61000061035156,69.30000305175781,56.349998474121094,121.41999816894531,24.559999465942383,79.68000030517578,218.74000549316406,53.0099983215332,130.42999267578125,117.91000366210938,111.47000122070312,53.189998626708984,79.49427795410156,44.31999969482422,50.439998626708984,4.606750011444092,35.370018005371094,137.1699981689453,79.08000183105469,36.900001525878906,73.05332946777344,44.06999969482422,230.10000610351562,55.72999954223633,83.69999694824219,48.650001525878906,30.299999237060547,28.270000457763672,91.55999755859375,71.9800033569336,71.16999816894531,30.84000015258789,196.8300018310547,248.2100067138672,30.232999801635742,29.799999237060547,50.04999923706055,70.05999755859375,56.970001220703125,122.18000030517578,24.860000610351562,80.47000122070312,220.75999450683594,53.33000183105469,131.77000427246094,118.47000122070312,112.41999816894531,53.709999084472656,80.22901153564453,44.439998626708984,51.119998931884766,4.710000038146973,35.69260025024414,137.3800048828125,80.05000305175781,37.060001373291016,73.7699966430664,44.459999084472656,236.39999389648438,56.0,84.48999786376953,49.08000183105469,30.520000457763672,28.3799991607666,92.37999725341797,72.16000366210938,70.19000244140625,29.950000762939453,193.89999389648438,244.60000610351562,29.64699935913086,28.90999984741211,49.209999084472656,67.93000030517578,55.58000183105469,119.55999755859375,23.770000457763672,78.0,215.14999389648438,52.06999969482422,130.05999755859375,115.91999816894531,111.12000274658203,52.540000915527344,78.99809265136719,43.380001068115234,50.099998474121094,4.598750114440918,35.16128921508789,133.5399932861328,78.58000183105469,35.5,72.63333129882812,43.93000030517578,229.6999969482422,54.560001373291016,81.12000274658203,48.220001220703125,29.854999542236328,27.950000762939453,91.51000213623047,70.69999694824219,70.76000213623047,30.079999923706055,196.08999633789062,245.10000610351562,30.14299964904785,29.219999313354492,49.459999084472656,68.11000061035156,55.9900016784668,120.04000091552734,24.1299991607666,79.22000122070312,216.3800048828125,53.0,131.36000061035156,116.55000305175781,111.91999816894531,53.220001220703125,79.65648651123047,43.5099983215332,50.79999923706055,4.65500020980835,35.64516067504883,134.85000610351562,80.05000305175781,36.529998779296875,73.62000274658203,44.290000915527344,235.0,55.5,81.66999816894531,48.52000045776367,30.104999542236328,28.040000915527344,92.0,70.9800033569336,9560100,53618300,4448000,828000,33109000,72943900,9047000,15528700,5712300,5818300,7706100,3200200,2913800,23308700,5250000,12283500,3578500,7028100,8416698,13254300,19671300,327840000,16692303,3076900,5847100,13089500,1719900,6577900,4713700,7144000,3848000,24305900,38119000,72872200,9344700,9100700
2019-09-13,53.31276321411133,30.690000534057617,159.11911010742188,234.05430603027344,24.4493408203125,25.752410888671875,38.289608001708984,55.639102935791016,45.01047134399414,90.34493255615234,18.050113677978516,59.23863220214844,188.61712646484375,46.09143829345703,109.12016296386719,100.11852264404297,102.22673034667969,43.451393127441406,64.26636505126953,36.69569396972656,49.25200653076172,4.524688720703125,25.26312828063965,109.04523468017578,67.68370056152344,31.775707244873047,68.54949188232422,39.40144729614258,209.40147399902344,42.23371887207031,65.6435775756836,41.078880310058594,22.43890953063965,25.083171844482422,81.49540710449219,53.60002517700195,70.51000213623047,30.690000534057617,195.47000122070312,248.99000549316406,29.031999588012695,30.170000076293945,49.43000030517578,70.38999938964844,57.34000015258789,121.5,25.06999969482422,79.38999938964844,219.89999389648438,52.540000915527344,130.77999877929688,120.2300033569336,110.88999938964844,53.290000915527344,78.82633972167969,45.15999984741211,50.5,4.548500061035156,35.01897430419922,139.27999877929688,78.41000366210938,37.33000183105469,72.90666961669922,44.7400016784668,233.61000061035156,56.08000183105469,85.52999877929688,48.91999816894531,30.540000915527344,28.489999771118164,91.51000213623047,72.63999938964844,71.51000213623047,30.850000381469727,196.6699981689453,251.22999572753906,29.798999786376953,30.31999969482422,50.349998474121094,70.73999786376953,57.70000076293945,122.31999969482422,25.309999465942383,81.08999633789062,221.5,53.0,131.57000732421875,120.4000015258789,112.1500015258789,54.189998626708984,79.74236297607422,45.45000076293945,50.95000076293945,4.577000141143799,35.673622131347656,140.2899932861328,79.54000091552734,38.08000183105469,73.26333618164062,44.83000183105469,236.55999755859375,56.45000076293945,85.70999908447266,49.36000061035156,30.700000762939453,28.600000381469727,92.25,72.72000122070312,70.4800033569336,29.950000762939453,194.3300018310547,248.3699951171875,28.388999938964844,29.8700008392334,49.290000915527344,69.8499984741211,56.869998931884766,121.23999786376953,24.6200008392334,78.12000274658203,219.1999969482422,52.22999954223633,129.9600067138672,118.75,110.23999786376953,52.97999954223633,78.35877990722656,44.72999954223633,50.060001373291016,4.504499912261963,34.734344482421875,138.02000427246094,78.37000274658203,36.79999923706055,72.56999969482422,44.189998626708984,231.5399932861328,55.689998626708984,83.91999816894531,48.65999984741211,30.3700008392334,28.360000610351562,91.31999969482422,72.05999755859375,71.1500015258789,30.270000457763672,194.41000366210938,250.36000061035156,29.764999389648438,30.0,49.95000076293945,70.33999633789062,56.97999954223633,122.25,24.950000762939453,80.16999816894531,220.35000610351562,52.7599983215332,131.3300018310547,119.0,111.73999786376953,53.369998931884766,79.16984558105469,44.95000076293945,50.5099983215332,4.539750099182129,35.47438430786133,139.0,79.18000030517578,37.43000030517578,73.14666748046875,44.43000030517578,232.99000549316406,56.130001068115234,84.3499984741211,49.0099983215332,30.5,28.489999771118164,91.66999816894531,72.26000213623047,8135600,47758800,2428800,934000,62557000,79657000,7343500,14313100,7885300,4885400,5773800,4123500,2722400,18010800,5369800,16257200,2842600,7377100,7521496,11364500,14733000,324592000,24099605,2902800,5343700,8453300,1309500,6231100,4523200,5680800,4410300,25142400,28123200,56248700,6351000,7337200
2019-09-16,53.36567687988281,30.829999923706055,157.9875946044922,231.44107055664062,24.309545516967773,25.718257904052734,38.32059860229492,55.19645690917969,49.084495544433594,92.2931137084961,20.246074676513672,63.9022216796875,186.318359375,45.79316329956055,108.08553314208984,99.22750854492188,101.5261001586914,42.73385238647461,63.81513595581055,36.362552642822266,48.91065216064453,4.481666088104248,25.208372116088867,110.0003890991211,67.36431121826172,33.46110534667969,68.1075668334961,39.27812957763672,210.13650512695312,42.06803512573242,63.233642578125,41.12925338745117,23.192014694213867,24.99513053894043,81.3172836303711,54.40433120727539,70.58000183105469,30.829999923706055,194.0800018310547,246.2100067138672,28.865999221801758,30.1299991607666,49.470001220703125,69.83000183105469,62.529998779296875,124.12000274658203,28.1200008392334,85.63999938964844,217.22000122070312,52.20000076293945,129.5399932861328,119.16000366210938,110.12999725341797,52.40999984741211,78.27290344238281,44.75,50.150001525878906,4.505249977111816,34.94307327270508,140.5,78.04000091552734,39.310001373291016,72.4366683959961,44.599998474121094,234.42999267578125,55.86000061035156,82.38999938964844,48.97999954223633,31.565000534057617,28.389999389648438,91.30999755859375,73.7300033569336,70.95999908447266,31.149999618530273,196.16000366210938,247.3300018310547,29.027000427246094,30.170000076293945,49.7400016784668,70.11000061035156,63.150001525878906,125.2699966430664,28.420000076293945,87.0,219.3300018310547,52.290000915527344,130.75,119.87000274658203,110.52999877929688,53.70000076293945,78.67366027832031,45.04999923706055,50.2400016784668,4.539999961853027,35.12334060668945,140.52000427246094,78.48999786376953,40.25,72.73666381835938,44.7400016784668,236.0500030517578,55.90999984741211,82.58000183105469,49.0,31.825000762939453,28.43000030517578,91.54000091552734,75.18000030517578,69.72000122070312,30.260000228881836,193.50999450683594,245.38999938964844,28.56999969482422,29.639999389648438,49.209999084472656,68.95999908447266,60.5099983215332,122.97000122070312,26.729999542236328,83.2300033569336,216.32000732421875,51.70000076293945,129.3300018310547,118.37999725341797,109.20999908447266,51.279998779296875,77.94847106933594,44.349998474121094,49.02000045776367,4.462500095367432,34.487667083740234,137.36000061035156,76.91000366210938,38.84000015258789,71.75333404541016,44.4900016784668,232.14999389648438,55.45000076293945,79.27999877929688,48.400001525878906,31.200000762939453,28.209999084472656,90.9000015258789,73.5999984741211,70.37000274658203,30.3700008392334,196.16000366210938,246.0800018310547,28.68000030517578,29.68000030517578,49.4900016784668,68.95999908447266,61.45000076293945,124.86000061035156,27.239999771118164,85.98999786376953,217.82000732421875,51.900001525878906,130.11000061035156,118.9000015258789,110.41999816894531,53.63999938964844,78.67366027832031,44.4900016784668,49.529998779296875,4.4730000495910645,34.5920295715332,137.9499969482422,77.58000183105469,40.029998779296875,72.3566665649414,44.529998779296875,232.82000732421875,55.63999938964844,82.01000213623047,48.459999084472656,31.81999969482422,28.25,91.01000213623047,75.04000091552734,5992000,52248500,1597400,398900,22176000,43391300,6481800,12063700,17898000,10683900,13742400,11888900,2205500,13354600,5101700,11993900,1728900,9626100,6191270,6289800,17495300,231832000,19877070,2180200,3756500,22533100,840900,3716300,2973600,3880500,9945800,17759700,61355600,36693600,6668100,19830200
2019-09-17,54.13690948486328,30.989999771118164,160.1366424560547,233.2176055908203,24.323863983154297,25.55608558654785,38.529747009277344,54.9198112487793,48.05615997314453,92.12207794189453,19.20928955078125,60.604122161865234,185.1947021484375,45.57384490966797,108.19401550292969,98.7361831665039,102.43877410888672,43.54922866821289,64.18855285644531,35.92375946044922,49.58360290527344,4.503052711486816,24.982500076293945,109.01390838623047,67.92540740966797,32.490726470947266,68.25801849365234,39.744911193847656,208.42446899414062,42.09816360473633,64.70724487304688,40.94451904296875,22.868732452392578,25.021543502807617,81.44197845458984,53.99111557006836,71.5999984741211,30.989999771118164,196.72000122070312,248.10000610351562,28.882999420166016,29.940000534057617,49.7400016784668,69.4800033569336,61.220001220703125,123.88999938964844,26.68000030517578,81.22000122070312,215.91000366210938,51.95000076293945,129.6699981689453,118.56999969482422,111.12000274658203,53.40999984741211,78.73091888427734,44.209999084472656,50.84000015258789,4.526750087738037,34.629981994628906,139.24000549316406,78.69000244140625,38.16999816894531,72.59666442871094,45.130001068115234,232.52000427246094,55.900001525878906,84.30999755859375,48.7599983215332,31.125,28.420000076293945,91.44999694824219,73.16999816894531,72.08999633789062,31.31999969482422,196.77999877929688,248.4199981689453,28.93000030517578,30.020000457763672,50.099998474121094,69.77999877929688,63.220001220703125,124.62000274658203,28.040000915527344,84.98999786376953,216.13999938964844,52.13999938964844,130.5,118.61000061035156,111.19000244140625,53.79999923706055,79.67557525634766,44.5,50.90999984741211,4.531000137329102,34.91461181640625,140.0399932861328,78.79000091552734,38.970001220703125,72.69000244140625,45.150001525878906,233.99000549316406,55.93000030517578,85.0,48.86000061035156,31.594999313354492,28.420000076293945,91.69999694824219,74.08000183105469,70.36000061035156,30.739999771118164,194.0399932861328,245.1999969482422,28.375,29.59000015258789,49.349998474121094,68.66999816894531,60.20000076293945,122.55999755859375,26.229999542236328,80.83000183105469,212.5399932861328,51.349998474121094,129.11000061035156,117.23999786376953,109.62999725341797,51.29999923706055,78.36832427978516,43.54999923706055,49.93000030517578,4.465250015258789,34.487667083740234,138.0,77.51000213623047,37.5099983215332,71.8566665649414,44.209999084472656,231.1699981689453,55.040000915527344,81.51000213623047,48.310001373291016,30.915000915527344,28.190000534057617,91.12999725341797,72.62999725341797,70.51000213623047,31.06999969482422,194.0399932861328,245.66000366210938,28.802000045776367,29.850000381469727,49.4900016784668,69.77999877929688,62.470001220703125,124.12000274658203,28.010000228881836,84.4000015258789,215.8000030517578,52.04999923706055,129.60000610351562,118.41999816894531,110.33000183105469,51.9900016784668,78.36832427978516,44.5,50.18000030517578,4.51200008392334,34.90512466430664,139.60000610351562,77.61000061035156,38.91999816894531,72.3066635131836,44.279998779296875,233.07000732421875,55.29999923706055,81.91999816894531,48.70000076293945,31.584999084472656,28.290000915527344,91.26000213623047,73.81999969482422,9013500,35011700,2447400,730000,21912000,48284900,10059800,10916900,13487100,7246500,9822200,4902200,2429100,19641100,4976400,10735400,2438100,6123700,7375405,9768500,13776500,223048000,22091945,2290300,4400800,13493400,667800,6110900,2392900,5358400,4537900,18346100,52900000,40868800,3932900,14452200
2019-09-18,53.88739776611328,30.420000076293945,158.76901245117188,234.8062744140625,24.23206901550293,25.607303619384766,38.62269973754883,55.40196228027344,47.10637283325195,92.33772277832031,19.079689025878906,60.678749084472656,186.19827270507812,45.38962936401367,108.81145477294922,99.7271499633789,103.91375732421875,43.8346061706543,64.58531188964844,36.04563903808594,49.232486724853516,4.475945949554443,24.90036964416504,110.54843139648438,68.10665893554688,32.37154769897461,68.38339233398438,39.665645599365234,206.71240234375,42.10569763183594,64.16231536865234,41.087276458740234,22.758522033691406,25.10958480834961,81.43306732177734,53.73284912109375,71.2699966430664,30.420000076293945,195.0399932861328,249.7899932861328,28.77400016784668,30.0,49.86000061035156,70.08999633789062,60.0099983215332,124.18000030517578,26.5,81.31999969482422,217.0800018310547,51.7400016784668,130.41000366210938,119.76000213623047,112.72000122070312,53.7599983215332,79.21755981445312,44.36000061035156,50.47999954223633,4.499499797821045,34.51612854003906,141.1999969482422,78.9000015258789,38.029998779296875,72.7300033569336,45.040000915527344,230.61000061035156,55.90999984741211,83.5999984741211,48.93000030517578,30.975000381469727,28.520000457763672,91.44000244140625,72.81999969482422,71.81999969482422,30.889999389648438,196.8300018310547,250.5399932861328,29.076000213623047,30.149999618530273,49.97999954223633,70.3499984741211,60.369998931884766,124.20999908447266,26.969999313354492,81.38999938964844,217.88999938964844,52.130001068115234,130.55999755859375,120.08000183105469,112.91000366210938,53.79999923706055,79.46565246582031,44.4900016784668,51.16999816894531,4.5355000495910645,34.83871078491211,141.30999755859375,79.06999969482422,38.439998626708984,72.7300033569336,45.20000076293945,233.1300048828125,56.15999984741211,84.44000244140625,49.209999084472656,31.100000381469727,28.59000015258789,91.55999755859375,72.97000122070312,70.80999755859375,29.8799991607666,193.25999450683594,246.61000061035156,28.38800048828125,29.549999237060547,49.41999816894531,68.95999908447266,59.27000045776367,123.0199966430664,26.149999618530273,79.68000030517578,213.3000030517578,51.15999984741211,128.77999877929688,117.75,111.16999816894531,52.72999954223633,78.60687255859375,43.650001525878906,49.689998626708984,4.412499904632568,34.402278900146484,138.0800018310547,77.63999938964844,37.540000915527344,71.66000366210938,44.61000061035156,229.22999572753906,55.38999938964844,82.62999725341797,48.43000030517578,30.760000228881836,28.229999542236328,90.79000091552734,72.33000183105469,71.68000030517578,30.75,196.36000061035156,248.7100067138672,28.849000930786133,29.770000457763672,49.7400016784668,69.20999908447266,60.0,123.55000305175781,26.299999237060547,80.0,214.8300018310547,52.130001068115234,129.89999389648438,118.31999969482422,111.44000244140625,53.189998626708984,78.88359069824219,43.90999984741211,51.0,4.519750118255615,34.69639587402344,138.75,78.69000244140625,37.630001068115234,72.68000030517578,45.16999816894531,230.8000030517578,55.709999084472656,84.31999969482422,48.630001068115234,30.899999618530273,28.309999465942383,91.44999694824219,72.6500015258789,6252600,47027500,1897800,519400,16510000,66640400,8326700,11234500,7412500,4801500,8430800,3876100,2474900,14906800,4373600,10665600,3132500,3247400,6943734,8283800,15247100,258152000,19679550,2073200,5147500,6949000,654900,4044800,2960500,3850100,2458800,20511700,23209000,57268900,5369800,7292200
2019-09-19,54.18983459472656,30.290000915527344,159.26564025878906,234.61825561523438,24.47629165649414,25.453657150268555,38.78537368774414,55.117435455322266,47.0749626159668,91.95103454589844,18.690900802612305,60.89513397216797,184.6114501953125,45.24049377441406,108.5611572265625,99.41069793701172,105.41641998291016,43.96506118774414,65.32435607910156,35.76936340332031,48.58881378173828,4.40034294128418,24.989349365234375,110.3918685913086,67.5283203125,32.141727447509766,67.93519592285156,39.82707595825195,208.7202911376953,42.022850036621094,64.12395477294922,41.07048034667969,22.699739456176758,24.99513053894043,81.81602478027344,53.37128829956055,71.66999816894531,30.290000915527344,195.64999389648438,249.58999633789062,29.06399917602539,29.81999969482422,50.06999969482422,69.7300033569336,59.970001220703125,123.66000366210938,25.959999084472656,81.61000061035156,215.22999572753906,51.56999969482422,130.11000061035156,119.37999725341797,114.3499984741211,53.91999816894531,80.1240463256836,44.02000045776367,49.81999969482422,4.423500061035156,34.639469146728516,141.0,78.2300033569336,37.7599983215332,72.25333404541016,44.900001525878906,232.85000610351562,55.79999923706055,83.55000305175781,48.90999984741211,30.895000457763672,28.389999389648438,91.87000274658203,72.33000183105469,71.91000366210938,30.959999084472656,196.3699951171875,252.11000061035156,29.19499969482422,30.100000381469727,50.529998779296875,70.47000122070312,60.689998626708984,124.97000122070312,27.020000457763672,82.47000122070312,217.92999267578125,51.9900016784668,131.19000244140625,120.33999633789062,115.11000061035156,54.310001373291016,80.43893432617188,44.470001220703125,51.29999923706055,4.52400016784668,34.886146545410156,142.08999633789062,80.0,38.58000183105469,73.05000305175781,45.220001220703125,233.9499969482422,56.22999954223633,84.69999694824219,49.310001373291016,31.229999542236328,28.670000076293945,92.27999877929688,73.19000244140625,71.20999908447266,30.139999389648438,194.52000427246094,249.58999633789062,28.722999572753906,29.75,49.65999984741211,69.58999633789062,59.75,123.41999816894531,25.81999969482422,80.97000122070312,215.05999755859375,51.5,129.36000061035156,119.08999633789062,112.38999938964844,53.630001068115234,79.08396911621094,43.90999984741211,49.75,4.412749767303467,34.47817611694336,139.75999450683594,78.20999908447266,37.63999938964844,72.23666381835938,44.7599983215332,231.22999572753906,55.63999938964844,83.33000183105469,48.869998931884766,30.799999237060547,28.3799991607666,91.37999725341797,72.19000244140625,71.4000015258789,30.56999969482422,195.72000122070312,250.42999267578125,28.850000381469727,30.0,49.88999938964844,70.05999755859375,60.47999954223633,124.7699966430664,26.829999923706055,82.38999938964844,217.5800018310547,51.70000076293945,129.6300048828125,119.69999694824219,112.86000061035156,54.11000061035156,79.21755981445312,44.209999084472656,51.16999816894531,4.505499839782715,34.554080963134766,139.75999450683594,79.23999786376953,38.5,72.82333374023438,44.79999923706055,232.0,56.02000045776367,84.31999969482422,48.9900016784668,31.15999984741211,28.5,91.55000305175781,72.97000122070312,5541200,41603000,1483400,394700,19421000,43035700,8016200,10069100,6270700,4034500,6823200,4099100,1596200,11428400,4730100,9382600,3929800,3594500,6922774,6403500,16633600,245476000,17746409,2248500,5180900,6234900,1057500,6422700,2666700,3543800,2432900,16887500,28037000,42335000,5058600,8050200
2019-09-20,54.734230041503906,30.049999237060547,160.31573486328125,231.04620361328125,24.159278869628906,25.2573299407959,39.17267990112305,54.81705093383789,47.74217987060547,92.44183349609375,18.79889678955078,60.43998336791992,183.33338928222656,44.49481201171875,109.84608459472656,99.010986328125,107.08502197265625,44.92721176147461,66.2501220703125,35.48496627807617,47.94511032104492,4.294649124145508,25.1125545501709,110.29788208007812,65.98318481445312,31.750158309936523,66.6846923828125,38.913455963134766,208.75608825683594,41.751739501953125,63.58671569824219,40.83536911010742,22.718276977539062,24.84823989868164,82.27207946777344,53.18681335449219,72.38999938964844,30.049999237060547,196.94000244140625,245.7899932861328,28.426000595092773,29.59000015258789,50.56999969482422,69.3499984741211,60.81999969482422,124.31999969482422,26.110000610351562,81.0,213.74000549316406,50.720001220703125,131.64999389648438,118.9000015258789,116.16000366210938,55.099998474121094,81.2595443725586,43.66999816894531,49.15999984741211,4.317249774932861,34.810245513916016,140.8800048828125,76.44000244140625,37.29999923706055,70.92333221435547,43.869998931884766,232.88999938964844,55.439998626708984,82.8499984741211,48.630001068115234,30.639999389648438,28.079999923706055,92.0,72.08000183105469,73.0,30.469999313354492,199.32000732421875,250.8800048828125,28.84000015258789,30.1299991607666,50.86000061035156,70.54000091552734,61.220001220703125,124.81999969482422,26.239999771118164,82.13999938964844,216.67999267578125,51.880001068115234,132.0,120.33999633789062,117.2300033569336,55.86000061035156,81.93701934814453,44.599998474121094,50.45000076293945,4.446249961853027,35.341556549072266,142.25999450683594,78.69999694824219,38.04999923706055,72.45333099365234,44.900001525878906,235.0,56.040000915527344,84.13999938964844,49.29999923706055,30.760000228881836,28.399999618530273,92.43000030517578,72.5,72.0,29.649999618530273,195.75,244.6699981689453,28.18199920654297,29.56999969482422,49.9900016784668,69.33000183105469,60.130001068115234,123.66999816894531,25.809999465942383,80.08000183105469,213.6300048828125,50.560001373291016,130.2899932861328,118.87000274658203,114.47000122070312,54.119998931884766,80.45801544189453,43.630001068115234,48.77000045776367,4.307000160217285,34.61100769042969,140.25,76.16999816894531,37.16999816894531,70.66666412353516,43.869998931884766,231.9199981689453,55.349998474121094,82.75,48.61000061035156,30.489999771118164,28.059999465942383,91.69000244140625,71.86000061035156,72.0,30.360000610351562,196.0,250.6999969482422,28.767000198364258,29.969999313354492,50.06999969482422,70.1500015258789,60.25,124.0,26.06999969482422,81.98999786376953,214.66000366210938,51.599998474121094,131.0,119.73999786376953,115.93000030517578,54.130001068115234,80.85877990722656,44.220001220703125,50.34000015258789,4.422500133514404,35.0,141.27999877929688,78.19999694824219,37.880001068115234,72.45333099365234,44.77000045776367,234.77000427246094,55.7599983215332,83.61000061035156,49.06999969482422,30.635000228881836,28.290000915527344,91.69999694824219,72.48999786376953,12968700,79957400,6680400,819500,35524000,167269000,13449700,26002100,18124800,10420700,7923500,4754700,5458900,37067900,12053100,21862800,7517700,7932500,23631247,22404600,23195000,350244000,45990658,4212400,9122000,17917800,1944900,7249200,6220100,18203300,3807400,30229400,40300200,82921100,8935700,19736600
2019-09-23,55.142513275146484,30.639999389648438,160.9832305908203,233.5748748779297,24.261266708374023,25.197582244873047,39.133949279785156,54.975135803222656,47.23979568481445,92.87309265136719,18.597293853759766,59.790794372558594,183.09324645996094,44.6527214050293,109.92118835449219,98.99433135986328,105.25969696044922,45.481666564941406,65.62774658203125,35.39558792114258,48.374237060546875,4.348117828369141,24.804548263549805,110.54843139648438,66.67373657226562,31.775707244873047,67.47134399414062,39.090850830078125,205.06304931640625,41.932472229003906,64.57677459716797,41.11246871948242,22.725690841674805,24.892478942871094,81.83390808105469,53.22370147705078,72.93000030517578,30.639999389648438,197.75999450683594,248.47999572753906,28.54599952697754,29.520000457763672,50.52000045776367,69.55000305175781,60.18000030517578,124.9000015258789,25.829999923706055,80.12999725341797,213.4600067138672,50.900001525878906,131.74000549316406,118.87999725341797,114.18000030517578,55.779998779296875,80.49618530273438,43.560001373291016,49.599998474121094,4.370999813079834,34.38330078125,141.1999969482422,77.23999786376953,37.33000183105469,71.76000213623047,44.06999969482422,228.77000427246094,55.68000030517578,84.13999938964844,48.959999084472656,30.649999618530273,28.1299991607666,91.51000213623047,72.12999725341797,73.77999877929688,30.799999237060547,198.80999755859375,249.25,28.715999603271484,29.6200008392334,51.060001373291016,69.69999694824219,60.66999816894531,125.0,26.149999618530273,81.0,214.11000061035156,51.22999954223633,132.0500030517578,119.12000274658203,116.54000091552734,56.310001373291016,81.3167953491211,43.779998779296875,50.189998626708984,4.416749954223633,34.715370178222656,141.75,77.91000366210938,37.5,72.10333251953125,44.290000915527344,230.77999877929688,55.77000045776367,84.55000305175781,49.09000015258789,30.729999542236328,28.209999084472656,92.05999755859375,72.36000061035156,72.05000305175781,30.06999969482422,197.30999755859375,245.83999633789062,28.20800018310547,29.170000076293945,50.470001220703125,68.61000061035156,59.86000061035156,123.55000305175781,25.6299991607666,79.70999908447266,211.55999755859375,50.38999938964844,130.49000549316406,117.68000030517578,113.97000122070312,54.349998474121094,80.47709655761719,42.939998626708984,49.47999954223633,4.31374979019165,34.37381362915039,139.67999267578125,76.05999755859375,36.599998474121094,70.86000061035156,43.849998474121094,228.32000732421875,55.04999923706055,82.37000274658203,48.310001373291016,30.399999618530273,27.889999389648438,91.4800033569336,71.45999908447266,72.33000183105469,30.1200008392334,197.75,246.19000244140625,28.36199951171875,29.309999465942383,50.709999084472656,68.62000274658203,60.0,123.55000305175781,25.709999084472656,80.0,212.85000610351562,50.83000183105469,131.02000427246094,117.77999877929688,116.0,54.349998474121094,81.02098846435547,43.27000045776367,49.540000915527344,4.317500114440918,34.51612854003906,139.7100067138672,76.66999816894531,36.810001373291016,70.913330078125,44.18000030517578,229.77000427246094,55.08000183105469,82.37000274658203,48.31999969482422,30.434999465942383,27.940000534057617,91.7300033569336,71.5199966430664,8092300,44366800,1683900,296100,14850000,52048300,9178700,9546300,6729300,4705500,4068700,3749100,1485500,18916600,5183700,9135100,2611300,5357300,8909572,7114600,16198500,249712000,17295191,2475700,5815700,5849400,2110800,4347000,3281200,3541800,2005100,20603400,18660800,35827300,4232900,7495200
2019-09-24,55.15764236450195,29.520000457763672,159.9982452392578,231.61021423339844,23.993553161621094,24.702512741088867,38.73889923095703,53.670921325683594,46.54902648925781,92.01055145263672,17.798110961914062,58.619319915771484,178.19554138183594,43.70528030395508,109.76266479492188,97.70361328125,104.40233612060547,45.2370491027832,65.03651428222656,34.566768646240234,47.31117630004883,4.290671348571777,24.64712142944336,109.8202896118164,64.938720703125,30.269062042236328,66.3569107055664,39.13520431518555,201.68377685546875,41.66889953613281,63.77858352661133,40.85215759277344,22.3660831451416,24.6535587310791,81.08271789550781,52.49320983886719,72.94999694824219,29.520000457763672,196.5500030517578,246.38999938964844,28.231000900268555,28.940000534057617,50.0099983215332,67.9000015258789,59.29999923706055,123.73999786376953,24.719999313354492,78.55999755859375,207.75,49.81999969482422,131.5500030517578,117.33000183105469,113.25,55.47999954223633,79.77098846435547,42.540000915527344,48.5099983215332,4.3132500648498535,34.16508483886719,140.27000427246094,75.2300033569336,35.560001373291016,70.26000213623047,44.119998931884766,225.0,55.33000183105469,83.0999984741211,48.650001525878906,30.165000915527344,27.860000610351562,90.66999816894531,71.13999938964844,73.83000183105469,30.75,199.8000030517578,249.94000244140625,28.889999389648438,29.639999389648438,50.90999984741211,69.56999969482422,60.060001373291016,124.72000122070312,25.739999771118164,79.7699966430664,214.1999969482422,51.18000030517578,132.77999877929688,119.26000213623047,114.55000305175781,55.939998626708984,80.99236297607422,43.77000045776367,49.900001525878906,4.432250022888184,34.70588302612305,141.8300018310547,78.30000305175781,37.220001220703125,71.97000122070312,44.54999923706055,229.83999633789062,56.0,84.05999755859375,49.220001220703125,30.584999084472656,28.270000457763672,91.91000366210938,71.87000274658203,72.16999816894531,29.290000915527344,195.61000061035156,245.13999938964844,27.975000381469727,28.739999771118164,49.7599983215332,67.55999755859375,58.349998474121094,123.22000122070312,24.579999923706055,77.87999725341797,206.8000030517578,49.63999938964844,131.33999633789062,117.04000091552734,111.94000244140625,54.959999084472656,79.57061004638672,42.369998931884766,48.04999923706055,4.277500152587891,34.13662338256836,139.64999389648438,74.62999725341797,35.41999816894531,69.88333129882812,44.060001373291016,222.9199981689453,55.11000061035156,82.2699966430664,48.470001220703125,29.985000610351562,27.780000686645508,90.3499984741211,70.81999969482422,73.83000183105469,30.540000915527344,198.97999572753906,248.74000549316406,28.73200035095215,29.600000381469727,50.790000915527344,69.5,59.9900016784668,124.66999816894531,25.639999389648438,78.75,214.0399932861328,51.099998474121094,132.10000610351562,118.75,114.36000061035156,55.72999954223633,80.67748260498047,43.77000045776367,49.7400016784668,4.402500152587891,34.411766052246094,140.75,78.08000183105469,37.130001068115234,71.72666931152344,44.400001525878906,229.3800048828125,55.959999084472656,83.9800033569336,48.97999954223633,30.55500030517578,28.209999084472656,91.8499984741211,71.80999755859375,8223800,72963000,2322500,605600,20292000,64806900,9342200,16801900,9370200,6232100,5730000,4323900,2837600,28197400,7102600,11696500,3480200,5520500,9377085,11246400,24959000,317268000,24186560,2842500,10177800,12212700,1169400,7592200,5006800,5249000,2846100,21629300,41101000,61659700,10542600,13307100
2019-09-25,54.50740051269531,29.540000915527344,159.59939575195312,232.68186950683594,23.43770980834961,24.96711540222168,38.607208251953125,54.84077072143555,46.690330505371094,91.83953094482422,17.790910720825195,57.283668518066406,180.1511688232422,44.757991790771484,109.2953872680664,98.26154327392578,102.68765258789062,49.04487228393555,64.64753723144531,34.97305679321289,48.24745178222656,4.4324235916137695,24.57183265686035,109.85163116455078,66.69100189208984,29.996681213378906,67.46820068359375,39.92465591430664,199.14707946777344,41.977664947509766,64.2083740234375,41.364383697509766,22.40315818786621,24.857080459594727,80.68924713134766,52.648162841796875,72.08999633789062,29.540000915527344,196.05999755859375,247.52999877929688,27.57699966430664,29.25,49.84000015258789,69.37999725341797,59.47999954223633,123.51000213623047,24.709999084472656,76.7699966430664,210.02999877929688,51.02000045776367,130.99000549316406,118.0,111.38999938964844,60.150001525878906,79.29389190673828,43.040000915527344,49.470001220703125,4.455749988555908,34.06072235107422,140.30999755859375,77.26000213623047,35.2400016784668,71.4366683959961,45.0099983215332,222.1699981689453,55.7400016784668,83.66000366210938,49.2599983215332,30.21500015258789,28.09000015258789,90.2300033569336,71.3499984741211,73.23999786376953,29.649999618530273,198.3300018310547,248.02999877929688,27.72100067138672,29.40999984741211,50.22999954223633,69.69999694824219,59.5,124.1500015258789,24.829999923706055,78.43000030517578,211.08999633789062,51.209999084472656,131.57000732421875,118.36000061035156,113.8499984741211,60.349998474121094,80.1812973022461,43.15999984741211,49.70000076293945,4.475500106811523,34.487667083740234,141.69000244140625,77.48999786376953,35.54999923706055,71.66666412353516,45.099998474121094,226.5,55.91999816894531,84.11000061035156,49.540000915527344,30.25,28.139999389648438,90.76000213623047,71.47000122070312,72.0199966430664,28.549999237060547,195.9199981689453,241.1699981689453,27.0,28.780000686645508,49.689998626708984,67.87000274658203,58.29999923706055,122.91000366210938,24.190000534057617,76.11000061035156,207.4499969482422,49.41999816894531,130.22999572753906,117.12000274658203,111.30999755859375,58.04999923706055,79.15076446533203,42.349998474121094,47.86000061035156,4.267749786376953,33.870967864990234,139.7100067138672,74.87999725341797,34.83000183105469,69.29000091552734,44.0,222.1300048828125,55.34000015258789,82.61000061035156,48.650001525878906,29.954999923706055,27.809999465942383,90.0999984741211,70.81999969482422,72.87999725341797,29.479999542236328,197.5800018310547,242.6699981689453,27.174999237060547,28.780000686645508,50.0099983215332,67.91000366210938,58.459999084472656,123.4800033569336,24.270000457763672,77.7300033569336,207.9600067138672,49.75,131.5,117.2699966430664,112.87999725341797,59.310001373291016,79.6469497680664,42.349998474121094,48.470001220703125,4.312749862670898,34.07020950317383,140.91000366210938,75.02999877929688,35.29999923706055,69.89666748046875,44.20000076293945,224.27999877929688,55.58000183105469,83.43000030517578,48.72999954223633,30.024999618530273,27.920000076293945,90.68000030517578,70.9800033569336,5922700,58234800,1779900,518300,55588000,45807700,7078700,12243000,5788200,3762500,4347500,3236200,1593400,19486700,4522900,9389400,3093400,16650300,7290936,6909400,23571800,308432000,20269685,1454800,5571600,11344800,1033500,6719500,4658000,3826000,2541200,21313100,20248400,53544400,7956800,8035200
2019-09-26,55.9742317199707,29.469999313354492,159.04583740234375,233.1612548828125,23.53459930419922,24.864686965942383,38.70791244506836,54.62733840942383,45.2773551940918,89.3485336303711,17.574913024902344,56.03010177612305,178.59869384765625,44.670265197753906,107.50981140136719,97.45378112792969,103.08406829833984,49.607460021972656,65.25431823730469,34.631771087646484,47.39894485473633,4.410290718078613,24.489702224731445,109.68721771240234,66.76870727539062,29.400829315185547,67.55319213867188,41.21083068847656,193.1503143310547,41.849639892578125,63.79393768310547,41.03689193725586,22.110280990600586,24.742050170898438,80.24211120605469,52.36776351928711,74.02999877929688,29.469999313354492,195.3800048828125,248.0399932861328,27.69099998474121,29.1299991607666,49.970001220703125,69.11000061035156,57.68000030517578,120.16000366210938,24.40999984741211,75.08999633789062,208.22000122070312,50.91999816894531,128.85000610351562,117.02999877929688,111.81999969482422,60.84000015258789,80.03816986083984,42.619998931884766,48.599998474121094,4.433499813079834,33.946868896484375,140.10000610351562,77.3499984741211,34.540000915527344,71.52666473388672,46.459999084472656,215.47999572753906,55.56999969482422,83.12000274658203,48.869998931884766,29.81999969482422,27.959999084472656,89.7300033569336,70.97000122070312,74.45999908447266,29.770000457763672,196.30999755859375,249.63999938964844,27.865999221801758,29.329999923706055,50.16999816894531,69.52999877929688,59.130001068115234,123.5,24.530000686645508,76.41999816894531,209.97000122070312,51.150001525878906,131.30999755859375,118.05000305175781,112.66000366210938,61.08000183105469,80.2385482788086,43.0099983215332,49.7400016784668,4.454750061035156,34.38330078125,140.64999389648438,77.69000244140625,35.099998474121094,71.73666381835938,46.5099983215332,223.6300048828125,55.849998474121094,83.5199966430664,49.369998931884766,30.149999618530273,28.079999923706055,90.55999755859375,71.3499984741211,72.62000274658203,29.0,193.0800018310547,246.47000122070312,27.26799964904785,29.049999237060547,49.380001068115234,68.80000305175781,57.290000915527344,120.05000305175781,24.100000381469727,74.43000030517578,208.11000061035156,50.34000015258789,128.02999877929688,116.94999694824219,110.69000244140625,59.25,79.23664093017578,42.58000183105469,48.130001068115234,4.38224983215332,33.74762725830078,139.57000732421875,75.94000244140625,34.290000915527344,70.81666564941406,45.099998474121094,213.42999267578125,55.380001068115234,81.66000366210938,48.81999969482422,29.670000076293945,27.920000076293945,89.04000091552734,70.68000030517578,72.94999694824219,29.670000076293945,195.91000366210938,249.55999755859375,27.525999069213867,29.209999084472656,50.0099983215332,69.31999969482422,59.060001373291016,123.26000213623047,24.360000610351562,76.0,209.0500030517578,50.97999954223633,131.08999633789062,117.87999725341797,112.04000091552734,59.70000076293945,79.79007720947266,42.959999084472656,49.380001068115234,4.446000099182129,34.22201156616211,139.9199981689453,77.16000366210938,35.0,71.43333435058594,45.099998474121094,223.0399932861328,55.720001220703125,83.25,49.25,30.079999923706055,28.049999237060547,90.52999877929688,71.22000122070312,10324100,40745400,1877800,615100,27477000,33198100,8194600,8555500,6655400,7834400,3653800,4100200,1685500,11351800,7545800,9899200,2266400,9487000,8104918,5343800,33341000,234564000,17059728,1041600,3760300,12359300,1050600,15832500,10444400,5115500,2884900,19984000,28011000,53107500,10004500,8420200
2019-09-27,56.59423828125,28.719999313354492,158.6876678466797,229.09100341796875,23.299179077148438,25.052473068237305,38.90156173706055,54.90399932861328,45.45005798339844,88.18852233886719,17.459720611572266,55.94801330566406,179.24195861816406,44.547447204589844,107.3012466430664,98.02838134765625,103.59111022949219,50.8957633972168,64.4997329711914,34.8105354309082,42.14216232299805,4.271522045135498,24.790855407714844,109.91426086425781,66.14718627929688,29.22207260131836,65.97282409667969,40.368160247802734,192.95309448242188,42.06210708618164,64.80702209472656,42.58196258544922,22.10657501220703,24.839385986328125,79.8843994140625,52.74407958984375,74.8499984741211,28.719999313354492,194.94000244140625,243.7100067138672,27.413999557495117,29.350000381469727,50.220001220703125,69.45999908447266,57.900001525878906,118.5999984741211,24.25,74.9800033569336,208.97000122070312,50.779998779296875,128.60000610351562,117.72000122070312,112.37000274658203,62.41999816894531,79.11259460449219,42.84000015258789,43.209999084472656,4.294000148773193,34.36432647705078,140.38999938964844,76.62999725341797,34.33000183105469,69.85333251953125,45.5099983215332,215.25999450683594,55.43000030517578,84.44000244140625,50.709999084472656,29.815000534057617,28.06999969482422,89.33000183105469,71.4800033569336,75.13999938964844,29.770000457763672,196.85000610351562,248.0500030517578,28.128000259399414,29.709999084472656,50.56999969482422,70.36000061035156,58.34000015258789,120.25,24.719999313354492,75.44999694824219,210.5500030517578,51.220001220703125,129.39999389648438,118.63999938964844,113.37000274658203,62.81999969482422,80.14312744140625,43.18000030517578,45.91999816894531,4.442500114440918,34.47817611694336,142.22999572753906,78.19999694824219,34.93000030517578,71.2933349609375,46.47999954223633,218.8800048828125,55.779998779296875,85.05999755859375,51.40999984741211,30.045000076293945,28.290000915527344,90.16000366210938,71.66999816894531,73.91999816894531,28.350000381469727,193.83999633789062,241.32000732421875,27.29599952697754,29.209999084472656,49.97999954223633,69.05999755859375,56.959999084472656,118.44999694824219,23.8700008392334,73.48999786376953,208.08999633789062,50.34000015258789,126.69999694824219,117.27999877929688,111.37999725341797,60.849998474121094,78.7977066040039,42.5,42.90999984741211,4.232999801635742,33.88994216918945,139.77999877929688,76.20999908447266,34.11000061035156,69.2933349609375,45.189998626708984,215.02000427246094,55.06999969482422,83.5,50.25,29.600000381469727,27.920000076293945,89.0,70.62999725341797,74.20999908447266,29.170000076293945,195.55999755859375,247.07000732421875,27.663000106811523,29.40999984741211,50.0099983215332,69.81999969482422,57.060001373291016,119.51000213623047,24.0,74.0,209.85000610351562,50.630001068115234,128.61000061035156,117.95999908447266,112.3499984741211,61.400001525878906,80.03816986083984,42.959999084472656,45.900001525878906,4.391499996185303,34.022769927978516,141.50999450683594,77.01000213623047,34.2599983215332,71.14666748046875,46.0,218.17999267578125,55.529998779296875,83.80000305175781,50.400001525878906,29.655000686645508,28.190000534057617,90.02999877929688,70.69999694824219,7677300,54091100,1770300,564500,28660000,41336600,11466100,11559700,4329300,6850700,4462000,3422300,1530900,14845700,6006500,10207800,1906300,13047100,7827093,8005200,75941400,362056000,17583671,1368600,5013200,9969900,2070000,9610400,4834900,4532500,2861400,59467400,31263200,73386900,10017300,8224000
2019-09-30,57.25204849243164,28.989999771118164,157.52359008789062,233.5184783935547,23.463211059570312,24.898826599121094,39.281131744384766,54.6036262512207,44.72788619995117,88.18852233886719,17.322919845581055,55.38090896606445,177.7495574951172,45.20540237426758,107.95203399658203,98.00341033935547,103.09329223632812,49.534088134765625,65.48770904541016,34.672393798828125,41.791046142578125,4.328968524932861,24.592365264892578,109.73419952392578,65.84508514404297,29.085878372192383,66.55523681640625,41.22856140136719,194.79962158203125,41.993812561035156,65.42102813720703,42.35523986816406,21.947162628173828,24.77743911743164,80.59981536865234,52.10211944580078,75.72000122070312,28.989999771118164,193.50999450683594,248.4199981689453,27.60700035095215,29.170000076293945,50.709999084472656,69.08000183105469,56.97999954223633,118.5999984741211,24.059999465942383,74.22000122070312,207.22999572753906,51.529998779296875,129.3800048828125,117.69000244140625,111.83000183105469,60.75,80.32442474365234,42.66999816894531,42.849998474121094,4.351749897003174,34.08918380737305,140.16000366210938,76.27999877929688,34.16999816894531,70.47000122070312,46.47999954223633,217.32000732421875,55.34000015258789,85.23999786376953,50.439998626708984,29.600000381469727,28.0,90.12999725341797,70.61000061035156,76.44000244140625,29.049999237060547,196.67999267578125,249.41000366210938,27.672000885009766,29.520000457763672,51.43000030517578,69.9000015258789,57.90999984741211,119.41999816894531,24.209999084472656,74.87000274658203,209.7100067138672,51.599998474121094,130.27999877929688,118.7699966430664,113.44999694824219,62.29999923706055,81.2022933959961,43.20000076293945,43.470001220703125,4.361999988555908,34.44971466064453,141.1699981689453,76.94999694824219,34.470001220703125,70.59666442871094,46.7400016784668,218.52999877929688,55.66999816894531,86.0,50.849998474121094,29.795000076293945,28.170000076293945,90.68000030517578,71.44999694824219,74.94999694824219,28.360000610351562,191.69000244140625,244.82000732421875,27.25,29.079999923706055,50.31999969482422,69.01000213623047,56.689998626708984,118.41000366210938,23.850000381469727,73.77999877929688,206.8300018310547,50.939998626708984,129.0,117.22000122070312,111.69000244140625,60.52000045776367,79.39885711669922,42.58000183105469,42.58000183105469,4.28849983215332,34.07969665527344,139.36000061035156,76.0199966430664,33.810001373291016,69.85333251953125,46.119998931884766,213.1199951171875,54.959999084472656,84.3499984741211,50.060001373291016,29.56999969482422,27.979999542236328,89.38999938964844,70.58000183105469,74.94999694824219,28.889999389648438,192.8000030517578,244.97999572753906,27.57900047302246,29.489999771118164,50.52000045776367,69.80000305175781,57.56999969482422,118.54000091552734,24.06999969482422,74.37999725341797,209.7100067138672,51.189998626708984,129.07000732421875,118.36000061035156,112.4000015258789,62.15999984741211,79.39885711669922,43.06999969482422,43.0,4.320000171661377,34.4212532043457,141.1699981689453,76.88999938964844,34.150001525878906,70.163330078125,46.56999969482422,213.63999938964844,55.0,84.66999816894531,50.77000045776367,29.674999237060547,28.139999389648438,89.44999694824219,71.23999786376953,8315100,37295600,2492300,495000,19826000,39191000,15950500,8661000,5923700,6108300,3920700,3159100,1794500,13652100,6552100,9755000,2516600,9311300,9806974,6213700,31423100,186184000,17205391,1726300,4775800,9583500,1079700,8396900,5286300,4403900,2899600,26897100,39616800,30608000,8031600,9768900
2019-10-01,55.36935043334961,28.760000228881836,157.2631072998047,230.67022705078125,23.359521865844727,24.27572250366211,39.23465347290039,53.8685188293457,43.291378021240234,86.26268005371094,16.6605281829834,53.41102600097656,173.85537719726562,44.5299072265625,108.4610366821289,96.22138977050781,102.29125213623047,49.232398986816406,65.04429626464844,33.624183654785156,41.2546501159668,4.327227592468262,24.250141143798828,107.41673278808594,65.1458740234375,27.83460235595703,65.93189239501953,41.85834503173828,194.70103454589844,40.81003189086914,65.40567016601562,41.196441650390625,21.439258575439453,24.255342483520508,79.81285858154297,50.87722396850586,73.2300033569336,28.760000228881836,193.19000244140625,245.38999938964844,27.485000610351562,28.440000534057617,50.650001525878906,68.1500015258789,55.150001525878906,116.01000213623047,23.139999389648438,71.58000183105469,202.69000244140625,50.7599983215332,129.99000549316406,115.55000305175781,110.95999908447266,60.380001068115234,79.78053283691406,41.380001068115234,42.29999923706055,4.349999904632568,33.61479949951172,137.1999969482422,75.47000122070312,32.70000076293945,69.80999755859375,47.189998626708984,217.2100067138672,53.779998779296875,85.22000122070312,49.060001373291016,28.915000915527344,27.40999984741211,89.25,68.94999694824219,76.02999877929688,29.540000915527344,195.8800048828125,250.1699981689453,27.96500015258789,29.510000228881836,51.439998626708984,70.2699966430664,57.70000076293945,119.45999908447266,24.540000915527344,74.79000091552734,209.3800048828125,52.2400016784668,130.8000030517578,119.0,112.44999694824219,61.630001068115234,80.72518920898438,42.650001525878906,43.34000015258789,4.525000095367432,34.1745719909668,141.5500030517578,78.05999755859375,34.56999969482422,71.86333465576172,47.849998474121094,219.19000244140625,55.68000030517578,85.9800033569336,50.779998779296875,29.809999465942383,28.149999618530273,90.56999969482422,70.91000366210938,72.94000244140625,28.639999389648438,192.10000610351562,244.67999267578125,27.33799934387207,28.40999984741211,50.349998474121094,68.01000213623047,55.029998779296875,115.87999725341797,23.100000381469727,71.4000015258789,202.61000061035156,50.43000030517578,129.77000427246094,115.41000366210938,110.41000366210938,60.33000183105469,79.71373748779297,41.25,41.75,4.345250129699707,33.61479949951172,137.07000732421875,74.97000122070312,32.66999816894531,69.62333679199219,46.959999084472656,212.0800018310547,53.709999084472656,84.44999694824219,49.0,28.90999984741211,27.40999984741211,89.06999969482422,68.91000366210938,75.88999938964844,29.049999237060547,192.5800018310547,249.1699981689453,27.82699966430664,29.440000534057617,51.09000015258789,69.56999969482422,57.5,119.2699966430664,24.200000762939453,74.79000091552734,207.00999450683594,51.970001220703125,130.02000427246094,118.4000015258789,111.94000244140625,61.2599983215332,80.32442474365234,42.5099983215332,43.099998474121094,4.375,34.08918380737305,141.14999389648438,77.05999755859375,34.36000061035156,70.9566650390625,46.959999084472656,219.19000244140625,55.61000061035156,85.63999938964844,50.650001525878906,29.700000762939453,28.1299991607666,90.37000274658203,70.83000183105469,10910800,37081800,2331000,655300,19429000,49434400,9932400,12428500,6329000,7116600,4563500,4155300,3156200,18413100,7673000,11250300,2203400,6307600,7050001,13437200,28087300,366008000,22013001,1518100,7043700,12617900,1820400,11575200,5523600,5620300,3193700,27249300,32749400,54786200,13413900,10279100
2019-10-02,54.53764343261719,28.309999465942383,154.0232391357422,225.87612915039062,22.95326805114746,23.763574600219727,38.119197845458984,52.374595642089844,41.658626556396484,83.4965591430664,15.861342430114746,52.08285140991211,170.04698181152344,43.32805633544922,110.13812255859375,94.30609893798828,98.6406478881836,48.27024841308594,63.49618148803711,32.689720153808594,40.94255828857422,4.303353786468506,23.750490188598633,106.24234008789062,63.868343353271484,27.03446388244629,64.96856689453125,41.18421173095703,194.28866577148438,40.1270751953125,63.54835510253906,40.701011657714844,20.912826538085938,23.759798049926758,78.65031433105469,49.549034118652344,72.12999725341797,28.309999465942383,189.2100067138672,240.2899932861328,27.006999969482422,27.84000015258789,49.209999084472656,66.26000213623047,53.06999969482422,112.29000091552734,22.030000686645508,69.80000305175781,198.25,49.38999938964844,132.0,113.25,107.0,59.20000076293945,77.88167572021484,40.22999954223633,41.97999954223633,4.326000213623047,32.92219924926758,135.6999969482422,73.98999786376953,31.760000228881836,68.79000091552734,46.43000030517578,216.75,52.880001068115234,82.80000305175781,48.470001220703125,28.204999923706055,26.850000381469727,87.94999694824219,67.1500015258789,73.0,28.850000381469727,193.5800018310547,243.52000427246094,27.3799991607666,28.299999237060547,50.369998931884766,67.80000305175781,55.040000915527344,115.11000061035156,23.09000015258789,72.29000091552734,201.8800048828125,50.369998931884766,134.6999969482422,114.9000015258789,110.63999938964844,60.0,79.39885711669922,41.09000015258789,42.66999816894531,4.340000152587891,33.46299743652344,136.64999389648438,75.70999908447266,32.75,69.45333099365234,46.939998626708984,219.36000061035156,53.52000045776367,84.4000015258789,49.040000915527344,28.815000534057617,27.25,89.1500015258789,68.58999633789062,71.56999969482422,28.030000686645508,188.77999877929688,238.2899932861328,26.832000732421875,27.809999465942383,48.709999084472656,66.19000244140625,53.0,111.62000274658203,22.0,69.47000122070312,197.60000610351562,48.97999954223633,131.22000122070312,112.93000030517578,106.66000366210938,58.65999984741211,76.85114288330078,40.09000015258789,41.7599983215332,4.2532501220703125,32.88425064086914,134.77999877929688,73.7699966430664,31.649999618530273,68.336669921875,46.33000183105469,215.27999877929688,52.56999969482422,82.2699966430664,48.369998931884766,28.125,26.790000915527344,87.55999755859375,67.01000213623047,72.88999938964844,28.5,193.5800018310547,243.49000549316406,27.34600067138672,28.200000762939453,50.29999923706055,67.76000213623047,54.790000915527344,115.05999755859375,22.940000534057617,71.33000183105469,201.69000244140625,50.310001373291016,132.75999450683594,114.80999755859375,110.33000183105469,59.529998779296875,79.26526641845703,41.040000915527344,41.81999969482422,4.328000068664551,33.45351028442383,136.47000122070312,75.26000213623047,32.63999938964844,69.42666625976562,46.709999084472656,216.14999389648438,53.47999954223633,84.4000015258789,48.720001220703125,28.7450008392334,27.239999771118164,88.97000122070312,68.2699966430664,8380500,43640700,2250800,710100,19543000,52293100,12596200,14760900,6135600,9702400,6803500,4289200,3386800,20078700,12051800,12548700,4483900,5479400,8762433,12052500,26408500,293372000,22458000,1776200,5997500,13468900,1328700,5785200,4921200,5346800,2785300,23515900,37824600,78141700,13385000,14503700
2019-10-03,55.83812713623047,28.68000030517578,156.79910278320312,229.69264221191406,23.323827743530273,23.737972259521484,38.70504379272461,52.722381591796875,42.12175369262695,84.13604736328125,16.32213592529297,52.85888671875,169.18064880371094,43.88949966430664,109.46228790283203,94.17179870605469,98.9079818725586,48.92256164550781,64.36746978759766,32.705970764160156,42.385982513427734,4.509020805358887,24.26383399963379,107.04875946044922,65.37031555175781,27.28131103515625,66.11132049560547,41.80513000488281,193.042724609375,40.256080627441406,64.11626434326172,40.70940017700195,21.138965606689453,23.857139587402344,79.35678100585938,50.16149139404297,73.8499984741211,28.68000030517578,192.6199951171875,244.35000610351562,27.44300079345703,27.809999465942383,49.54999923706055,66.69999694824219,53.65999984741211,113.1500015258789,22.670000076293945,70.83999633789062,197.24000549316406,50.029998779296875,131.19000244140625,112.19000244140625,107.29000091552734,60.0,78.95037841796875,40.25,43.459999084472656,4.532750129699707,33.6337776184082,136.72999572753906,75.7300033569336,32.04999923706055,70.0,47.130001068115234,215.36000061035156,53.04999923706055,83.54000091552734,48.47999954223633,28.510000228881836,26.959999084472656,88.73999786376953,67.9800033569336,73.94000244140625,28.780000686645508,192.6699981689453,244.8800048828125,27.450000762939453,27.8799991607666,49.54999923706055,66.7300033569336,53.810001373291016,113.19000244140625,22.700000762939453,71.08999633789062,198.3699951171875,50.06999969482422,132.3699951171875,112.91000366210938,108.0999984741211,60.06999969482422,79.08396911621094,40.29999923706055,43.4900016784668,4.539000034332275,33.65275192260742,136.75,75.83000183105469,32.310001373291016,70.01667022705078,47.13999938964844,216.36000061035156,53.06999969482422,83.56999969482422,48.5099983215332,28.540000915527344,26.959999084472656,88.7699966430664,68.0,72.04000091552734,27.43000030517578,189.0,238.5399932861328,26.722000122070312,27.15999984741211,48.54999923706055,64.79000091552734,52.29999923706055,110.41999816894531,21.420000076293945,69.0999984741211,193.99000549316406,48.529998779296875,130.00999450683594,110.5199966430664,106.20999908447266,58.2400016784668,77.89122009277344,39.29999923706055,41.7599983215332,4.300000190734863,32.82732391357422,133.3699951171875,73.16000366210938,31.459999084472656,67.97666931152344,46.2400016784668,213.0500030517578,52.08000183105469,81.30000305175781,47.31999969482422,27.81999969482422,26.450000762939453,87.19999694824219,66.30999755859375,72.05999755859375,28.280000686645508,189.60000610351562,240.91000366210938,27.0,27.760000228881836,48.84000015258789,66.08000183105469,52.790000915527344,112.05999755859375,21.81999969482422,69.16000366210938,197.61000061035156,49.5,131.63999938964844,112.2699966430664,107.08999633789062,58.779998779296875,78.17748260498047,40.04999923706055,42.0,4.33050012588501,32.93169021606445,134.82000732421875,73.93000030517578,31.59000015258789,68.86000061035156,46.45000076293945,215.6300048828125,52.720001220703125,82.29000091552734,48.29999923706055,28.049999237060547,26.809999465942383,87.83000183105469,67.0,6228500,56325200,1888500,531000,17096000,53015800,9227000,12646100,4238200,5315300,7236500,3556500,2914500,16320100,6997600,12735200,2735000,4462000,5790095,12293600,23627100,450588000,22076135,2057200,5419400,11557200,1603500,6091600,3375800,4134700,2430500,20212200,40914200,81128700,11958800,10788400
2019-10-04,56.450584411621094,29.010000228881836,159.21673583984375,231.28123474121094,23.918760299682617,24.215970993041992,39.642398834228516,53.892234802246094,41.996177673339844,84.65656280517578,16.271739959716797,52.91855239868164,172.23428344726562,44.670265197753906,111.5232162475586,96.21153259277344,99.74689483642578,49.52593231201172,66.1256332397461,33.13664245605469,43.449039459228516,4.525434970855713,24.592365264892578,109.97686767578125,66.88953399658203,27.136598587036133,67.21002960205078,42.06236267089844,197.02261352539062,41.04526901245117,64.8684310913086,41.32239532470703,21.27243423461914,24.299591064453125,80.59981536865234,50.89198303222656,74.66000366210938,29.010000228881836,195.58999633789062,246.0399932861328,28.14299964904785,28.3700008392334,50.75,68.18000030517578,53.5,113.8499984741211,22.600000381469727,70.91999816894531,200.8000030517578,50.91999816894531,133.66000366210938,114.62000274658203,108.19999694824219,60.7400016784668,81.10687255859375,40.779998779296875,44.54999923706055,4.54925012588501,34.08918380737305,140.47000122070312,77.48999786376953,31.8799991607666,71.163330078125,47.41999816894531,219.8000030517578,54.09000015258789,84.5199966430664,49.209999084472656,28.690000534057617,27.459999084472656,90.12999725341797,68.97000122070312,75.05999755859375,29.059999465942383,196.00999450683594,246.36000061035156,28.170000076293945,28.399999618530273,50.81999969482422,68.23999786376953,53.9900016784668,114.0,22.81999969482422,71.41999816894531,201.22999572753906,50.970001220703125,133.72000122070312,114.94000244140625,108.26000213623047,60.9900016784668,81.22137451171875,40.81999969482422,44.619998931884766,4.578750133514404,34.13662338256836,140.69000244140625,77.55999755859375,32.40999984741211,71.2699966430664,47.45000076293945,219.86000061035156,54.18000030517578,84.70999908447266,49.25,28.729999542236328,27.479999542236328,90.18000030517578,69.06999969482422,73.94999694824219,28.280000686645508,193.13999938964844,244.17999267578125,27.520000457763672,27.84000015258789,49.52000045776367,66.66999816894531,52.70000076293945,112.55000305175781,22.139999389648438,69.54000091552734,196.0399932861328,50.029998779296875,131.25,112.2699966430664,107.0,59.720001220703125,79.35114288330078,40.18000030517578,43.290000915527344,4.4695000648498535,33.6337776184082,136.75,75.83999633789062,31.690000534057617,70.2066650390625,46.779998779296875,215.13999938964844,53.0,83.44999694824219,48.529998779296875,28.34000015258789,26.969999313354492,88.94999694824219,67.81999969482422,74.22000122070312,28.829999923706055,193.13999938964844,244.47000122070312,27.849000930786133,27.850000381469727,49.630001068115234,66.76000213623047,53.529998779296875,113.5999984741211,22.389999389648438,70.70999908447266,196.99000549316406,50.349998474121094,131.33999633789062,112.33999633789062,107.48999786376953,60.25,79.59923553466797,40.34000015258789,43.709999084472656,4.534999847412109,33.67172622680664,136.8800048828125,76.31999969482422,32.08000183105469,70.3566665649414,47.029998779296875,216.83999633789062,53.09000015258789,83.91999816894531,48.65999984741211,28.6299991607666,26.989999771118164,89.0,68.11000061035156,7007500,34446700,2158200,518000,25884000,42641800,10081500,10977100,5148300,4757300,3582200,2525300,3021100,12644900,7233300,9453100,2865300,6181700,7504518,5631400,21860000,265524000,18065349,2087400,4893600,10554400,1213200,5704200,3700500,3657800,2066600,15779500,20275800,40697200,9146600,10534800
2019-10-07,56.20105743408203,28.93000030517578,160.5029754638672,232.5784454345703,23.464061737060547,24.164758682250977,39.74394989013672,53.8685188293457,42.85963439941406,84.21783447265625,15.76054573059082,52.0529899597168,171.89112854003906,44.40708923339844,111.10599517822266,96.00167846679688,99.40579986572266,49.24870300292969,65.65110778808594,33.05539321899414,43.06868362426758,4.5841264724731445,24.523923873901367,109.56974792480469,65.8968505859375,27.068510055541992,66.81652069091797,42.53248596191406,198.3134002685547,40.92386245727539,64.02418518066406,40.98651885986328,21.08336067199707,24.175701141357422,80.33154296875,50.190982818603516,74.33000183105469,28.93000030517578,197.1699981689453,247.4199981689453,27.607999801635742,28.309999465942383,50.880001068115234,68.1500015258789,54.599998474121094,113.26000213623047,21.889999389648438,69.76000213623047,200.39999389648438,50.619998931884766,133.16000366210938,114.37000274658203,107.83000183105469,60.400001525878906,80.52481079101562,40.68000030517578,44.15999984741211,4.608250141143799,33.99430847167969,139.9499969482422,76.33999633789062,31.799999237060547,70.74666595458984,47.95000076293945,221.24000549316406,53.93000030517578,83.41999816894531,48.810001373291016,28.434999465942383,27.31999969482422,89.83000183105469,68.0199966430664,75.2699966430664,29.6299991607666,198.82000732421875,249.42999267578125,28.101999282836914,28.6200008392334,51.4900016784668,68.83999633789062,55.630001068115234,114.75,22.600000381469727,71.44000244140625,202.52999877929688,51.22999954223633,133.82000732421875,115.5,108.6500015258789,61.47999954223633,81.21183013916016,41.11000061035156,44.72999954223633,4.708499908447266,34.402278900146484,141.72000122070312,77.55000305175781,32.619998931884766,71.4433364868164,48.150001525878906,222.52999877929688,54.29999923706055,84.7300033569336,49.290000915527344,28.844999313354492,27.56999969482422,90.41999816894531,69.02999877929688,74.08000183105469,28.84000015258789,194.4499969482422,247.17999267578125,27.56999969482422,28.18000030517578,50.560001373291016,67.86000061035156,53.79999923706055,113.2300033569336,21.549999237060547,69.7300033569336,199.47000122070312,50.560001373291016,132.13999938964844,114.06999969482422,107.56999969482422,60.2599983215332,80.10496520996094,40.54999923706055,44.060001373291016,4.60575008392334,33.965843200683594,139.10000610351562,76.2699966430664,31.790000915527344,70.70999908447266,47.43000030517578,218.99000549316406,53.83000183105469,83.41999816894531,48.75,28.420000076293945,27.290000915527344,89.62999725341797,68.0199966430664,74.72000122070312,28.899999618530273,194.5399932861328,247.41000366210938,28.000999450683594,28.329999923706055,50.650001525878906,67.87000274658203,54.150001525878906,113.95999908447266,22.459999084472656,71.4000015258789,200.7899932861328,50.70000076293945,133.08999633789062,114.19000244140625,108.30999755859375,61.0,81.135498046875,40.599998474121094,44.29999923706055,4.614500045776367,33.98482131958008,140.69000244140625,77.01000213623047,32.11000061035156,71.11666870117188,47.72999954223633,219.0500030517578,53.900001525878906,84.7300033569336,48.95000076293945,28.735000610351562,27.350000381469727,89.76000213623047,68.69999694824219,5163500,39337200,2199300,515900,18658000,36742400,9367100,7835500,8158600,4694000,7205800,3736000,2202200,12081400,5427200,6771600,1460800,3345200,5086154,6323600,14911600,480984000,11759373,1778100,4215500,15854500,1224600,11059000,3843200,3610900,1994200,15691900,23284800,36922900,8247200,10993000
2019-10-08,55.596195220947266,28.229999542236328,159.61563110351562,227.55877685546875,22.975370407104492,23.584325790405273,39.337764739990234,52.485252380371094,42.310157775878906,83.0652847290039,15.054954528808594,51.284446716308594,169.292236328125,43.62631607055664,110.00458526611328,93.86122131347656,98.81580352783203,48.775779724121094,64.79533386230469,32.356563568115234,41.586238861083984,4.407555103302002,24.250141143798828,106.61813354492188,62.884300231933594,26.140687942504883,64.74819946289062,42.45265197753906,197.3004913330078,39.74767303466797,63.94742202758789,40.15519332885742,20.723756790161133,23.69785499572754,78.8023452758789,49.21697998046875,73.52999877929688,28.229999542236328,196.0800018310547,242.0800018310547,27.033000946044922,27.6299991607666,50.36000061035156,66.4000015258789,53.900001525878906,111.70999908447266,20.90999984741211,68.7300033569336,197.3699951171875,49.72999954223633,131.83999633789062,111.81999969482422,107.19000244140625,59.81999969482422,79.47518920898438,39.81999969482422,42.63999938964844,4.430749893188477,33.61479949951172,136.17999267578125,72.8499984741211,30.709999084472656,68.5566635131836,47.86000061035156,220.11000061035156,52.380001068115234,83.31999969482422,47.81999969482422,27.950000762939453,26.780000686645508,88.12000274658203,66.69999694824219,74.75,28.639999389648438,198.0,245.60000610351562,27.489999771118164,27.920000076293945,51.189998626708984,67.18000030517578,55.380001068115234,112.75,21.719999313354492,69.75,198.9499969482422,50.47999954223633,133.25999450683594,113.05999755859375,108.33000183105469,60.5,80.54389190673828,40.20000076293945,43.84000015258789,4.515999794006348,34.041744232177734,138.4600067138672,75.81999969482422,31.860000610351562,70.02666473388672,48.400001525878906,221.97999572753906,53.40999984741211,84.33999633789062,48.349998474121094,28.364999771118164,27.059999465942383,89.12000274658203,67.91999816894531,73.41999816894531,27.920000076293945,195.0,241.50999450683594,26.891000747680664,27.459999084472656,49.959999084472656,66.02999877929688,53.72999954223633,111.61000061035156,20.90999984741211,68.11000061035156,195.9199981689453,49.61000061035156,131.49000549316406,111.66000366210938,105.94999694824219,59.560001373291016,79.27481079101562,39.689998626708984,42.619998931884766,4.412499904632568,33.60531234741211,136.0399932861328,72.80999755859375,30.649999618530273,68.47666931152344,47.599998474121094,218.39999389648438,52.2400016784668,82.26000213623047,47.540000915527344,27.90999984741211,26.760000228881836,88.0999984741211,66.63999938964844,73.87999725341797,28.549999237060547,196.5500030517578,244.0500030517578,27.4060001373291,27.8700008392334,50.58000183105469,67.02999877929688,53.900001525878906,112.11000061035156,21.540000915527344,68.88999938964844,197.60000610351562,50.15999984741211,132.4499969482422,113.05999755859375,106.88999938964844,59.88999938964844,79.9522933959961,40.04999923706055,43.599998474121094,4.515999794006348,33.82352828979492,138.17999267578125,75.5199966430664,31.489999771118164,69.836669921875,48.2599983215332,219.49000549316406,53.40999984741211,82.72000122070312,48.25,28.145000457763672,27.049999237060547,89.08000183105469,67.54000091552734,6121500,44265700,2032600,576700,22757000,58201100,11120600,13500700,6968700,5323900,8530500,5544600,2654900,17409100,7870400,10806300,2802500,4838700,6416694,8309000,20664600,444436000,14761270,2221100,8489600,16807100,2052000,13089700,4817000,7799500,2900800,19734000,40038400,60008900,10649300,9748700
2019-10-09,55.42228317260742,28.459999084472656,160.1121826171875,231.4974365234375,23.215045928955078,23.806249618530273,39.704898834228516,53.29940414428711,43.126529693603516,84.12860107421875,15.17015266418457,51.179962158203125,168.84622192382812,44.28426742553711,107.81853485107422,94.5411148071289,98.91720581054688,49.37915802001953,65.48770904541016,32.86037063598633,41.8203125,4.494098663330078,24.4281005859375,106.91567993164062,64.1790771484375,26.30242156982422,65.80595397949219,43.180015563964844,199.0663604736328,39.92219543457031,65.29053497314453,40.43229675292969,20.912826538085938,23.919076919555664,79.37467193603516,49.76302719116211,73.30000305175781,28.459999084472656,196.69000244140625,246.27000427246094,27.315000534057617,27.889999389648438,50.83000183105469,67.43000030517578,54.939998626708984,113.13999938964844,21.06999969482422,68.58999633789062,196.85000610351562,50.47999954223633,129.22000122070312,112.62999725341797,107.30000305175781,60.560001373291016,80.32442474365234,40.439998626708984,42.880001068115234,4.517749786376953,33.861480712890625,136.55999755859375,74.3499984741211,30.899999618530273,69.67666625976562,48.68000030517578,222.0800018310547,52.61000061035156,85.06999969482422,48.150001525878906,28.204999923706055,27.030000686645508,88.76000213623047,67.44000244140625,74.62000274658203,28.950000762939453,198.67999267578125,247.9499969482422,27.490999221801758,28.06999969482422,51.09000015258789,67.7699966430664,55.349998474121094,114.51000213623047,21.399999618530273,70.08000183105469,198.97999572753906,50.790000915527344,131.25,113.16000366210938,108.1500015258789,61.220001220703125,80.62023162841797,40.650001525878906,43.380001068115234,4.567500114440918,34.051231384277344,137.67999267578125,74.80000305175781,31.15999984741211,70.1500015258789,49.060001373291016,223.47000122070312,52.849998474121094,86.12999725341797,48.41999816894531,28.360000610351562,27.15999984741211,89.0199966430664,67.69999694824219,73.25,28.350000381469727,195.9600067138672,244.83999633789062,27.20199966430664,27.75,50.31999969482422,66.79000091552734,54.290000915527344,112.30000305175781,20.59000015258789,68.08999633789062,196.67999267578125,50.150001525878906,128.52000427246094,112.06999969482422,106.87999725341797,60.2400016784668,79.7042007446289,40.029998779296875,42.83000183105469,4.479000091552734,33.709678649902344,136.3300018310547,73.55999755859375,30.719999313354492,69.30000305175781,48.16999816894531,220.1699981689453,52.29999923706055,83.91999816894531,48.08000183105469,28.149999618530273,26.93000030517578,88.36000061035156,67.19999694824219,74.06999969482422,28.799999237060547,198.67999267578125,245.55999755859375,27.368000030517578,27.829999923706055,50.619998931884766,67.0,54.59000015258789,112.58999633789062,21.31999969482422,69.70999908447266,198.19000244140625,50.470001220703125,131.13999938964844,112.66999816894531,107.55999755859375,60.29999923706055,80.31488800048828,40.189998626708984,43.18000030517578,4.507999897003174,33.82352828979492,137.3300018310547,73.91000366210938,30.940000534057617,69.4366683959961,48.20000076293945,221.7100067138672,52.72999954223633,84.5,48.16999816894531,28.200000762939453,26.950000762939453,88.66000366210938,67.30000305175781,5851000,35661500,1292900,431300,16329000,37511400,7815700,8357800,5632100,4601700,7644600,3575300,2443500,11834900,7787700,7273700,1636600,5461300,4660875,8955700,12784000,292412000,13634333,1459400,5137500,12176900,1358400,11033100,4483100,3316600,2781400,13467800,17833800,45131000,7350200,8580900
2019-10-10,56.29179763793945,28.3799991607666,161.7321319580078,236.40432739257812,23.325525283813477,24.284257888793945,39.66582489013672,54.24003982543945,43.864410400390625,85.206787109375,14.997359275817871,51.41874313354492,171.43655395507812,44.83694839477539,107.6850357055664,95.86737823486328,98.56687927246094,50.49622344970703,65.16096496582031,33.35603713989258,42.210426330566406,4.551796913146973,24.496540069580078,108.37191009521484,64.71428680419922,26.447128295898438,66.44819641113281,43.401763916015625,200.5453643798828,40.23332214355469,65.8508071899414,40.85215759277344,21.176042556762695,24.166854858398438,79.76815795898438,50.360713958740234,74.44999694824219,28.3799991607666,198.67999267578125,251.49000549316406,27.44499969482422,28.450000762939453,50.779998779296875,68.62000274658203,55.880001068115234,114.58999633789062,20.829999923706055,68.91000366210938,199.8699951171875,51.11000061035156,129.05999755859375,114.20999908447266,106.91999816894531,61.93000030517578,79.92366027832031,41.04999923706055,43.279998779296875,4.57574987411499,33.956356048583984,138.4199981689453,74.97000122070312,31.06999969482422,70.3566665649414,48.93000030517578,223.72999572753906,53.02000045776367,85.80000305175781,48.650001525878906,28.559999465942383,27.309999465942383,89.19999694824219,68.25,74.62999725341797,28.889999389648438,199.36000061035156,254.24000549316406,27.878000259399414,28.75,50.9900016784668,69.29000091552734,56.0099983215332,114.79000091552734,21.350000381469727,69.61000061035156,201.32000732421875,51.779998779296875,130.1199951171875,115.4000015258789,107.48999786376953,62.0,80.96373748779297,41.40999984741211,43.790000915527344,4.626999855041504,34.16508483886719,139.6199951171875,75.97000122070312,31.389999389648438,71.12000274658203,49.38999938964844,224.1300048828125,53.439998626708984,86.16000366210938,49.06999969482422,28.635000228881836,27.510000228881836,89.51000213623047,68.36000061035156,73.19999694824219,28.0,197.02000427246094,248.3800048828125,27.364999771118164,28.040000915527344,50.400001525878906,67.55000305175781,55.0,113.30000305175781,20.56999969482422,68.0999984741211,197.5399932861328,50.400001525878906,128.6300048828125,113.0,106.58000183105469,60.72999954223633,79.7614517211914,40.75,42.61000061035156,4.510250091552734,33.776092529296875,136.8800048828125,74.16999816894531,30.709999084472656,69.75,48.4900016784668,217.52000427246094,52.7400016784668,84.87999725341797,48.15999984741211,28.2549991607666,27.100000381469727,88.41999816894531,67.37999725341797,73.22000122070312,28.520000457763672,198.0,249.13999938964844,27.45599937438965,28.040000915527344,50.7599983215332,67.7699966430664,55.0,113.52999877929688,21.049999237060547,68.69000244140625,197.58999633789062,50.40999984741211,128.9499969482422,113.13999938964844,107.02999877929688,60.79999923706055,80.28626251220703,40.86000061035156,42.869998931884766,4.515500068664551,33.842506408691406,137.13999938964844,74.3499984741211,31.010000228881836,69.75,48.90999984741211,218.19000244140625,52.86000061035156,85.0999984741211,48.33000183105469,28.299999237060547,27.100000381469727,88.5,67.43000030517578,7329400,40660100,1297500,835700,17340000,48239300,11166700,9817000,5426500,3555500,5998200,3057700,2108000,13907900,5119700,10994100,2736900,4470600,8580290,8207100,15572600,309124000,12198680,1283600,5580600,12784900,1116300,9566500,5252200,4432800,2477400,18267800,20111400,54305400,8232300,7100100
2019-10-11,56.48358917236328,29.75,163.45787048339844,244.40383911132812,23.87456703186035,24.676897048950195,40.314178466796875,55.40987777709961,44.2961540222168,86.36676025390625,15.306954383850098,51.672447204589844,175.56227111816406,45.696659088134766,109.57908630371094,97.48741912841797,99.89439392089844,51.71113586425781,65.61219024658203,34.07109832763672,43.985443115234375,4.6254096031188965,24.715564727783203,109.92208862304688,66.20762634277344,27.647335052490234,68.0159912109375,43.83639907836914,199.0574188232422,40.57479476928711,67.53929138183594,41.32239532470703,21.461503982543945,24.467721939086914,80.4299087524414,50.89936065673828,73.62999725341797,29.75,200.8000030517578,260.0,28.090999603271484,28.90999984741211,51.61000061035156,70.0999984741211,56.43000030517578,116.1500015258789,21.260000228881836,69.25,204.67999267578125,52.09000015258789,131.3300018310547,116.13999938964844,108.36000061035156,63.41999816894531,80.47709655761719,41.93000030517578,45.099998474121094,4.649750232696533,34.25996017456055,140.39999389648438,76.69999694824219,32.47999954223633,72.01667022705078,49.41999816894531,222.07000732421875,53.470001220703125,88.0,49.209999084472656,28.94499969482422,27.649999618530273,89.94000244140625,68.9800033569336,74.33999633789062,30.200000762939453,203.88999938964844,262.4599914550781,28.408000946044922,29.34000015258789,51.97999954223633,70.93000030517578,56.9900016784668,117.02999877929688,21.719999313354492,70.7699966430664,207.2899932861328,52.790000915527344,132.6199951171875,117.98999786376953,109.13999938964844,64.0999984741211,81.52671813964844,42.59000015258789,45.81999969482422,4.733500003814697,34.70588302612305,142.47999572753906,77.81999969482422,32.91999816894531,72.84666442871094,49.790000915527344,228.85000610351562,54.119998931884766,88.83000183105469,49.91999816894531,29.21500015258789,27.989999771118164,91.0,69.48999786376953,73.56999969482422,28.809999465942383,199.97999572753906,257.739990234375,27.909000396728516,28.860000610351562,51.220001220703125,69.98999786376953,56.20000076293945,115.36000061035156,21.049999237060547,69.05000305175781,203.72000122070312,51.81999969482422,130.82000732421875,115.87000274658203,107.58999633789062,62.290000915527344,80.40076446533203,41.900001525878906,44.279998779296875,4.641250133514404,34.22201156616211,140.27000427246094,76.01000213623047,31.270000457763672,71.6433334350586,49.33000183105469,221.58999633789062,53.43000030517578,86.83999633789062,49.150001525878906,28.80500030517578,27.639999389648438,89.9000015258789,68.88999938964844,73.97000122070312,28.829999923706055,200.22999572753906,258.3999938964844,27.948999404907227,28.989999771118164,51.34000015258789,69.98999786376953,56.47999954223633,115.69000244140625,21.18000030517578,69.87999725341797,203.72000122070312,52.0,131.13999938964844,116.02999877929688,107.75,62.90999984741211,80.43893432617188,42.0,44.38999938964844,4.660250186920166,34.28842544555664,140.86000061035156,76.19000244140625,31.5,71.66666412353516,49.45000076293945,225.5399932861328,54.0,87.18000030517578,49.459999084472656,28.854999542236328,27.739999771118164,90.05000305175781,68.9800033569336,7164900,66256900,2472200,1034300,23697000,70008600,11271800,14921700,6810600,5134200,8706400,5662700,3334300,24072500,7161400,15076500,2554900,8368500,6229626,14914600,27483700,446404000,18446054,2416300,7280800,12652600,1947300,7499100,5891600,5432200,3118200,23024600,45127800,78702500,10773200,10101900
2019-10-14,56.58330154418945,30.530000686645508,165.1592254638672,245.94549560546875,23.938304901123047,24.873220443725586,40.27511215209961,55.52053451538086,44.06066131591797,86.38909149169922,15.083760261535645,50.881507873535156,176.5401153564453,45.301902770996094,109.07012939453125,97.74762725830078,99.47032928466797,51.48283386230469,65.88448333740234,34.33112335205078,43.75138473510742,4.638838768005371,24.845609664916992,110.01603698730469,65.86235809326172,27.723939895629883,68.00653076171875,44.271034240722656,197.73074340820312,40.415443420410156,67.94605255126953,41.372779846191406,21.45038414001465,24.50312042236328,80.39413452148438,51.04694366455078,73.76000213623047,30.530000686645508,202.88999938964844,261.6400146484375,28.166000366210938,29.139999389648438,51.560001373291016,70.23999786376953,56.130001068115234,116.18000030517578,20.950000762939453,68.19000244140625,205.82000732421875,51.63999938964844,130.72000122070312,116.44999694824219,107.9000015258789,63.13999938964844,80.81106567382812,42.25,44.86000061035156,4.663249969482422,34.44022750854492,140.52000427246094,76.30000305175781,32.56999969482422,72.00666809082031,49.90999984741211,220.58999633789062,53.2599983215332,88.52999877929688,49.27000045776367,28.93000030517578,27.690000534057617,89.9000015258789,69.18000030517578,74.16999816894531,30.610000610351562,204.89999389648438,262.0,28.264999389648438,29.15999984741211,51.66999816894531,70.5,56.45000076293945,116.38999938964844,21.0,68.5199966430664,206.1699981689453,51.95000076293945,131.36000061035156,116.87000274658203,109.12999725341797,63.72999954223633,81.21183013916016,42.310001373291016,45.33000183105469,4.6842498779296875,34.487667083740234,140.77000427246094,77.37000274658203,32.83000183105469,72.12333679199219,50.130001068115234,223.33999633789062,53.540000915527344,89.0,49.45000076293945,29.03499984741211,27.75,90.33999633789062,69.37000274658203,73.38999938964844,29.3799991607666,201.22999572753906,259.0899963378906,27.988000869750977,28.729999542236328,51.279998779296875,69.45999908447266,55.63999938964844,115.44999694824219,20.09000015258789,66.0199966430664,202.9199981689453,51.439998626708984,130.4199981689453,115.66000366210938,107.87999725341797,62.45000076293945,80.42938995361328,41.68000030517578,44.79999923706055,4.609749794006348,34.13662338256836,139.36000061035156,76.27999877929688,31.739999771118164,71.6066665649414,49.29999923706055,219.89999389648438,53.13999938964844,87.25,48.97999954223633,28.625,27.530000686645508,89.76000213623047,68.58999633789062,73.6500015258789,29.709999084472656,201.25,259.82000732421875,28.04199981689453,28.739999771118164,51.5099983215332,69.52999877929688,55.83000183105469,115.58000183105469,20.81999969482422,68.06999969482422,203.8300018310547,51.900001525878906,131.36000061035156,115.8499984741211,108.5199966430664,62.72999954223633,80.50572204589844,41.77000045776367,44.959999084472656,4.640999794006348,34.30739974975586,139.6999969482422,76.6500015258789,31.989999771118164,71.96666717529297,49.41999816894531,221.6300048828125,53.220001220703125,87.54000091552734,49.09000015258789,28.735000610351562,27.559999465942383,89.87999725341797,68.5999984741211,5040900,44473700,1638200,731800,13312000,36040100,5653200,11398600,4402900,2571300,9665300,5351700,2286100,15016800,5700000,8779000,1341300,3811400,5513214,6644500,12443300,200040000,8700981,1444200,4545300,9294400,1111200,7974000,4075300,3708000,1372200,16870500,24321200,35821000,4915600,6234600
2019-10-15,57.15098190307617,30.719999313354492,166.60006713867188,251.4915771484375,24.674320220947266,25.376834869384766,40.486026763916016,56.295169830322266,43.91936492919922,86.48576354980469,15.098155975341797,51.672447204589844,177.08901977539062,46.18793869018555,110.83898162841797,100.69390106201172,101.12970733642578,52.224830627441406,66.15674591064453,34.55863571166992,45.31184387207031,4.883550643920898,24.982500076293945,111.07299041748047,67.17440032958984,27.92823028564453,69.50191497802734,44.696807861328125,213.86549377441406,40.79486083984375,68.65216064453125,42.07814025878906,21.53936195373535,24.857080459594727,81.8607406616211,51.224029541015625,74.5,30.719999313354492,204.66000366210938,267.5400085449219,29.031999588012695,29.729999542236328,51.83000183105469,71.22000122070312,55.95000076293945,116.30999755859375,20.969999313354492,69.25,206.4600067138672,52.650001525878906,132.83999633789062,119.95999908447266,109.69999694824219,64.05000305175781,81.14503479003906,42.529998779296875,46.459999084472656,4.909249782562256,34.629981994628906,141.8699951171875,77.81999969482422,32.810001373291016,73.58999633789062,50.38999938964844,238.58999633789062,53.7599983215332,89.44999694824219,50.11000061035156,29.049999237060547,28.09000015258789,91.54000091552734,69.41999816894531,74.9800033569336,30.920000076293945,204.8000030517578,269.3900146484375,29.062000274658203,30.239999771118164,52.13999938964844,72.08000183105469,56.4900016784668,117.62000274658203,21.25,69.79000091552734,208.24000549316406,53.06999969482422,134.25,121.58999633789062,110.0999984741211,64.55999755859375,81.2022933959961,42.91999816894531,46.54999923706055,4.982250213623047,34.85768508911133,142.85000610351562,77.9800033569336,33.5099983215332,73.73666381835938,50.63999938964844,239.83999633789062,54.0099983215332,90.36000061035156,51.25,29.34000015258789,28.260000228881836,91.86000061035156,70.0,73.80000305175781,30.170000076293945,202.60000610351562,263.010009765625,28.219999313354492,29.110000610351562,51.470001220703125,68.69999694824219,55.40999984741211,115.80000305175781,20.450000762939453,67.30000305175781,198.61000061035156,51.83000183105469,132.10000610351562,117.87000274658203,108.22000122070312,62.31999969482422,80.71565246582031,41.90999984741211,45.040000915527344,4.739999771118164,34.544593811035156,140.0399932861328,76.27999877929688,32.36000061035156,72.33000183105469,50.11000061035156,231.08999633789062,53.119998931884766,87.83000183105469,48.779998779296875,28.834999084472656,27.739999771118164,90.83000183105469,69.01000213623047,74.19999694824219,30.700000762939453,203.4600067138672,263.44000244140625,28.263999938964844,29.34000015258789,51.63999938964844,70.16999816894531,55.790000915527344,115.8499984741211,20.84000015258789,67.5999984741211,202.0,51.93000030517578,133.0,118.8499984741211,108.3499984741211,62.95000076293945,81.0114517211914,42.38999938964844,45.209999084472656,4.754000186920166,34.582542419433594,140.6699981689453,76.87999725341797,32.470001220703125,72.45333099365234,50.20000076293945,232.69000244140625,53.33000183105469,88.2699966430664,49.279998779296875,28.8700008392334,27.850000381469727,90.88999938964844,69.05999755859375,6028300,41600700,1492800,1265400,21230000,78656000,7414300,22030100,6226000,3742700,6529300,6107900,8241900,18878100,10008800,23379000,1760000,4926300,5205102,10112800,17767700,664124000,15178232,2297700,5222500,8943600,1204800,9323200,13397700,8012800,2197400,38478400,22170000,65130200,12607900,6645700
2019-10-16,57.342769622802734,30.809999465942383,165.41973876953125,239.20555114746094,24.517932891845703,25.752410888671875,40.23605728149414,54.935611724853516,43.191715240478516,85.59345245361328,14.867756843566895,51.08650588989258,177.91249084472656,46.01248550415039,112.78311920166016,100.4588623046875,99.51641082763672,51.11591339111328,65.6977767944336,34.76991271972656,44.04396438598633,4.829832553863525,24.872989654541016,111.6570816040039,67.5283203125,27.19619369506836,68.51653289794922,44.46617889404297,212.43125915527344,41.409507751464844,68.37586212158203,41.6414909362793,21.239070892333984,24.795141220092773,81.75343322753906,50.34595489501953,74.75,30.809999465942383,203.2100067138672,254.47000122070312,28.847999572753906,30.170000076293945,51.5099983215332,69.5,54.61000061035156,115.11000061035156,20.649999618530273,68.18000030517578,207.4199981689453,52.45000076293945,135.1699981689453,119.68000030517578,107.94999694824219,62.689998626708984,80.58206176757812,42.790000915527344,45.15999984741211,4.855249881744385,34.47817611694336,141.4600067138672,78.2300033569336,31.950000762939453,72.54666900634766,50.130001068115234,236.99000549316406,54.56999969482422,89.08999633789062,49.59000015258789,28.645000457763672,28.020000457763672,91.41999816894531,68.2300033569336,74.9800033569336,31.40999984741211,204.97999572753906,260.70001220703125,29.010000228881836,30.719999313354492,52.06999969482422,71.45999908447266,55.7400016784668,116.66000366210938,21.3799991607666,69.70999908447266,208.6199951171875,52.560001373291016,136.58999633789062,120.62000274658203,109.4800033569336,64.16000366210938,81.1927490234375,43.150001525878906,46.54999923706055,4.980500221252441,34.86717224121094,143.27000427246094,78.31999969482422,33.06999969482422,73.51333618164062,51.130001068115234,237.47999572753906,55.459999084472656,90.27999877929688,50.279998779296875,29.155000686645508,28.15999984741211,91.88999938964844,69.52999877929688,74.33999633789062,30.530000686645508,202.17999267578125,253.52999877929688,28.65399932861328,30.149999618530273,51.290000915527344,69.41999816894531,54.560001373291016,115.08000183105469,20.59000015258789,68.16000366210938,206.10000610351562,52.119998931884766,133.8000030517578,119.37999725341797,107.79000091552734,62.61000061035156,80.55343627929688,42.45000076293945,45.08000183105469,4.84375,34.45920181274414,139.9199981689453,77.27999877929688,31.950000762939453,72.336669921875,50.06999969482422,234.0800018310547,54.279998779296875,88.66999816894531,49.45000076293945,28.635000228881836,27.950000762939453,91.2699966430664,68.20999908447266,74.37999725341797,30.600000381469727,204.14999389648438,260.260009765625,28.899999618530273,30.3700008392334,51.95000076293945,70.81999969482422,55.43000030517578,116.2300033569336,20.940000534057617,68.51000213623047,206.1699981689453,52.349998474121094,134.89999389648438,119.95999908447266,109.18000030517578,63.75,81.16412353515625,42.59000015258789,45.9900016784668,4.875,34.75332260131836,142.66000366210938,77.48999786376953,32.79999923706055,73.17333221435547,50.34000015258789,236.2899932861328,54.849998474121094,89.08000183105469,50.040000915527344,28.950000762939453,28.09000015258789,91.47000122070312,69.20999908447266,8288300,42804400,1758500,1720200,20046000,87131700,8619300,17295400,5190700,3608900,6535900,4342100,3405800,14769300,12434200,11087700,2314600,4325600,5686134,10088900,16646900,428944000,14435795,2692800,6218000,22004600,1761600,13615700,5368600,7941300,2267300,23728400,23910600,44595200,7851500,9765800
2019-10-17,57.641937255859375,31.139999389648438,165.7046356201172,238.5381622314453,24.598678588867188,25.829225540161133,40.946895599365234,55.01466369628906,43.128448486328125,85.77189636230469,14.673360824584961,50.030006408691406,177.08901977539062,45.49489974975586,113.61747741699219,101.02127838134766,99.98657989501953,52.265594482421875,65.19209289550781,35.2980842590332,44.375572204589844,4.831822395324707,24.955127716064453,112.60429382324219,68.16708374023438,27.14511489868164,68.63300323486328,44.12911605834961,218.4190216064453,41.515750885009766,69.15101623535156,41.65828323364258,21.253902435302734,24.812843322753906,82.36150360107422,50.279541015625,75.13999938964844,31.139999389648438,203.55999755859375,253.75999450683594,28.94300079345703,30.260000228881836,52.41999816894531,69.5999984741211,54.529998779296875,115.3499984741211,20.3799991607666,66.7699966430664,206.4600067138672,51.86000061035156,136.1699981689453,120.3499984741211,108.45999908447266,64.0999984741211,79.96183013916016,43.439998626708984,45.5,4.857250213623047,34.5920295715332,142.66000366210938,78.97000122070312,31.889999389648438,72.66999816894531,49.75,243.6699981689453,54.709999084472656,90.0999984741211,49.61000061035156,28.665000915527344,28.040000915527344,92.0999984741211,68.13999938964844,76.18000030517578,31.399999618530273,204.75,257.1700134277344,29.17099952697754,30.540000915527344,52.75,70.33999633789062,54.86000061035156,116.05999755859375,20.729999542236328,68.69000244140625,208.92999267578125,52.84000015258789,137.49000549316406,121.56999969482422,109.45999908447266,65.41000366210938,80.77290344238281,44.5,46.119998931884766,4.945250034332275,34.92409896850586,144.10000610351562,79.95999908447266,32.310001373291016,73.56666564941406,51.209999084472656,244.61000061035156,55.16999816894531,90.77999877929688,50.16999816894531,28.854999542236328,28.25,92.36000061035156,68.87999725341797,74.6500015258789,30.860000610351562,201.52000427246094,253.25999450683594,28.832000732421875,30.0,51.90999984741211,69.18000030517578,53.97999954223633,114.91999816894531,20.170000076293945,66.4000015258789,204.38999938964844,51.380001068115234,135.64999389648438,119.87999725341797,108.26000213623047,63.06999969482422,79.90457916259766,43.439998626708984,45.279998779296875,4.802499771118164,34.50664138793945,142.0500030517578,78.4000015258789,31.770000457763672,72.26667022705078,49.2599983215332,237.27000427246094,54.439998626708984,89.44999694824219,49.47999954223633,28.575000762939453,27.969999313354492,91.68000030517578,68.08000183105469,74.98999786376953,31.299999237060547,201.58999633789062,256.19000244140625,29.013999938964844,30.299999237060547,52.099998474121094,70.02999877929688,54.7599983215332,115.61000061035156,20.690000534057617,68.37000274658203,208.2899932861328,52.63999938964844,135.9600067138672,120.75,109.22000122070312,63.290000915527344,80.55343627929688,44.369998931884766,45.77000045776367,4.900000095367432,34.6204948425293,142.4499969482422,78.69999694824219,32.220001220703125,73.37666320800781,51.13999938964844,238.69000244140625,54.79999923706055,89.62000274658203,49.97999954223633,28.764999389648438,28.170000076293945,91.72000122070312,68.4800033569336,6811300,36884400,1380800,1543900,13125000,55575900,8926000,11382800,4364300,3722400,5714900,4324000,2876500,16533900,8434000,10818500,2018900,7049100,7178486,17965100,11718700,263436000,15312090,1748700,5916700,15730800,1289700,12410200,6301200,4881300,2545300,20560100,22616200,32013600,7536100,9757200
2019-10-18,58.65456008911133,30.969999313354492,165.02085876464844,239.15855407714844,24.36920166015625,25.90605354309082,41.42337417602539,55.12531661987305,42.66972351074219,85.31832122802734,14.255767822265625,48.28416061401367,177.14051818847656,45.05626678466797,106.55029296875,101.1975326538086,100.15251159667969,53.113582611083984,65.876708984375,35.476844787597656,42.395729064941406,4.737318992614746,24.955127716064453,113.28303527832031,67.05355834960938,27.50263023376465,67.90579986572266,43.71221923828125,219.91598510742188,41.7889289855957,69.8878173828125,41.96057891845703,21.142681121826172,24.874786376953125,82.05746459960938,49.888458251953125,76.45999908447266,30.969999313354492,202.72000122070312,254.4199981689453,28.67300033569336,30.350000381469727,53.029998779296875,69.73999786376953,53.95000076293945,114.73999786376953,19.799999237060547,64.44000244140625,206.52000427246094,51.36000061035156,127.69999694824219,120.55999755859375,108.63999938964844,65.13999938964844,80.80152893066406,43.65999984741211,43.470001220703125,4.762249946594238,34.5920295715332,143.52000427246094,77.68000030517578,32.310001373291016,71.9000015258789,49.279998779296875,245.33999633789062,55.06999969482422,91.05999755859375,49.970001220703125,28.514999389648438,28.110000610351562,91.76000213623047,67.61000061035156,77.16999816894531,31.329999923706055,204.1199951171875,255.3000030517578,28.993999481201172,30.489999771118164,53.16999816894531,70.08999633789062,54.880001068115234,115.58000183105469,20.610000610351562,66.9000015258789,208.05999755859375,51.81999969482422,134.38999938964844,121.0199966430664,108.94000244140625,65.54000091552734,81.02098846435547,43.86000061035156,44.97999954223633,4.890500068664551,34.819732666015625,144.6999969482422,79.22000122070312,33.20000076293945,72.7699966430664,50.09000015258789,246.41000366210938,55.2599983215332,91.66000366210938,50.220001220703125,28.81999969482422,28.219999313354492,92.23999786376953,68.1500015258789,75.20999908447266,30.290000915527344,200.80999755859375,252.3300018310547,28.399999618530273,30.100000381469727,52.380001068115234,69.13999938964844,53.95000076293945,114.73999786376953,19.799999237060547,64.44000244140625,204.99000549316406,51.029998779296875,127.69999694824219,119.86000061035156,107.9000015258789,63.779998779296875,79.8282470703125,43.22999954223633,43.22999954223633,4.6875,34.487667083740234,142.08999633789062,77.66999816894531,32.09000015258789,71.26000213623047,49.130001068115234,241.75999450683594,54.58000183105469,89.62000274658203,49.31999969482422,28.510000228881836,27.959999084472656,91.3499984741211,67.61000061035156,75.23999786376953,31.059999465942383,204.11000061035156,253.99000549316406,28.950000762939453,30.1299991607666,52.45000076293945,69.31999969482422,54.65999984741211,115.13999938964844,20.329999923706055,66.69000244140625,204.99000549316406,51.75,133.30999755859375,120.0,108.30999755859375,63.900001525878906,79.8759536743164,43.529998779296875,44.83000183105469,4.857749938964844,34.563568115234375,142.4499969482422,78.62000274658203,32.189998626708984,72.54000091552734,49.650001525878906,244.4499969482422,54.79999923706055,89.9000015258789,49.34000015258789,28.59000015258789,27.959999084472656,91.83999633789062,67.87000274658203,9480200,39681700,2043400,1640900,16981000,48872900,10859800,10413600,5160400,5679900,5893000,6595300,2207000,16974100,25868700,10417400,2207100,12749000,7883056,10493900,26215300,307440000,14219198,1901000,6107000,17218300,807600,9169200,4922100,6217700,3796200,21199500,20555600,40523700,6784700,13472700
2019-10-21,59.2989387512207,32.029998779296875,165.19174194335938,244.8080291748047,24.610580444335938,26.477949142456055,41.556175231933594,56.76152038574219,44.25944900512695,86.70880889892578,14.572565078735352,50.696876525878906,179.48214721679688,45.73175811767578,106.8172836303711,103.70733642578125,99.47954559326172,52.7303581237793,65.75221252441406,36.549442291259766,44.10248565673828,4.87459659576416,24.955127716064453,114.86962890625,68.17572784423828,28.59217071533203,69.2437515258789,44.35087203979492,218.6431121826172,42.638816833496094,71.53792572021484,42.372032165527344,21.520822525024414,25.219894409179688,81.96804809570312,50.722267150878906,77.30000305175781,32.029998779296875,202.92999267578125,260.42999267578125,28.957000732421875,31.020000457763672,53.20000076293945,71.80999755859375,55.959999084472656,116.61000061035156,20.239999771118164,67.66000366210938,209.25,52.130001068115234,128.02000427246094,123.55000305175781,107.91000366210938,64.66999816894531,80.64885711669922,44.97999954223633,45.220001220703125,4.90024995803833,34.5920295715332,145.52999877929688,78.9800033569336,33.59000015258789,73.31666564941406,50.0,243.9199981689453,56.189998626708984,93.20999908447266,50.459999084472656,29.024999618530273,28.5,91.66000366210938,68.73999786376953,77.8499984741211,32.2599983215332,203.61000061035156,261.0,29.190000534057617,31.149999618530273,53.369998931884766,71.88999938964844,56.11000061035156,116.75,20.389999389648438,67.7300033569336,210.86000061035156,52.16999816894531,129.6699981689453,123.7699966430664,109.0,66.05000305175781,81.16412353515625,45.09000015258789,45.29999923706055,4.913750171661377,34.800758361816406,146.38999938964844,79.08999633789062,33.79999923706055,73.32333374023438,50.11000061035156,245.60000610351562,56.34000015258789,93.5,50.5,29.049999237060547,28.540000915527344,92.27999877929688,68.7699966430664,75.8499984741211,31.40999984741211,200.77999877929688,257.1000061035156,28.70599937438965,30.6299991607666,52.560001373291016,70.5199966430664,54.08000183105469,115.55000305175781,19.770000457763672,64.33000183105469,207.67999267578125,51.34000015258789,127.05999755859375,121.98999786376953,107.7699966430664,64.66999816894531,80.22901153564453,44.08000183105469,43.91999816894531,4.804999828338623,34.497154235839844,144.7100067138672,78.01000213623047,32.220001220703125,72.41999816894531,49.33000183105469,242.14999389648438,55.61000061035156,91.58999633789062,50.18000030517578,28.53499984741211,28.34000015258789,91.4800033569336,67.81999969482422,76.87999725341797,31.5,203.57000732421875,257.7799987792969,28.8439998626709,30.670000076293945,53.150001525878906,70.5199966430664,54.25,115.55000305175781,19.780000686645508,64.4000015258789,208.6699981689453,51.52000045776367,128.6699981689453,122.05000305175781,108.87000274658203,65.44999694824219,81.0782470703125,44.08000183105469,43.959999084472656,4.823999881744385,34.77229690551758,145.0,78.37999725341797,32.220001220703125,72.5999984741211,49.529998779296875,245.02000427246094,55.709999084472656,92.0199966430664,50.279998779296875,28.56999969482422,28.350000381469727,92.13999938964844,67.81999969482422,7839100,52182800,1564000,790400,13031000,61087400,13098200,13080600,6734100,3926300,5062900,5603500,1934900,12189000,13823600,12714600,3944900,4631300,5352136,14244800,15473700,261868000,13237081,1747100,5119800,16441100,1299900,6538900,3029200,4782100,3227700,19409100,20948000,44145400,4948400,10199300
2019-10-22,59.7362060546875,31.510000228881836,166.73846435546875,239.97634887695312,24.431251525878906,26.631593704223633,42.5091552734375,56.95914840698242,44.718177795410156,87.59370422363281,14.882160186767578,52.128021240234375,179.7823944091797,45.62648391723633,107.80186462402344,104.74817657470703,101.25877380371094,53.14622116088867,63.24721908569336,36.87446975708008,43.55632400512695,4.864650726318359,24.93459129333496,114.81433868408203,67.73548126220703,29.639163970947266,68.6393051147461,44.918556213378906,223.626953125,42.98788833618164,72.27471923828125,42.506385803222656,21.79886817932129,25.149105072021484,82.14688110351562,50.98052978515625,77.87000274658203,31.510000228881836,204.8300018310547,255.2899932861328,28.746000289916992,31.200000762939453,54.41999816894531,72.05999755859375,56.540000915527344,117.80000305175781,20.670000076293945,69.56999969482422,209.60000610351562,52.0099983215332,129.1999969482422,124.79000091552734,109.83999633789062,65.18000030517578,77.57633972167969,45.380001068115234,44.65999984741211,4.890250205993652,34.563568115234375,145.4600067138672,78.47000122070312,34.81999969482422,72.67666625976562,50.63999938964844,249.47999572753906,56.650001525878906,94.16999816894531,50.619998931884766,29.399999618530273,28.420000076293945,91.86000061035156,69.08999633789062,78.66000366210938,32.150001525878906,206.05999755859375,260.2699890136719,29.086000442504883,31.3700008392334,57.369998931884766,72.87000274658203,57.650001525878906,118.55999755859375,21.18000030517578,70.69000244140625,211.64999389648438,52.31999969482422,130.5399932861328,125.0999984741211,111.45999908447266,65.87999725341797,78.89312744140625,45.619998931884766,45.70000076293945,5.0632500648498535,34.819732666015625,146.8800048828125,79.06999969482422,35.189998626708984,73.57333374023438,50.83000183105469,251.5,57.04999923706055,94.58999633789062,51.02000045776367,29.735000610351562,28.610000610351562,92.94999694824219,69.76000213623047,77.75,31.5,203.22000122070312,255.07000732421875,28.724000930786133,30.75,54.369998931884766,71.47000122070312,55.93000030517578,116.48999786376953,20.09000015258789,67.4000015258789,208.30999755859375,51.88999938964844,128.08999633789062,123.12000274658203,108.88999938964844,64.86000061035156,76.57442474365234,44.56999969482422,44.619998931884766,4.882500171661377,34.39278793334961,144.5399932861328,78.23999786376953,33.459999084472656,72.67666625976562,50.18000030517578,243.14999389648438,56.02000045776367,92.73999786376953,50.22999954223633,29.024999618530273,28.329999923706055,91.81999969482422,68.6500015258789,78.05000305175781,32.060001373291016,204.6300048828125,258.80999755859375,28.958999633789062,30.969999313354492,55.9900016784668,71.72000122070312,55.939998626708984,116.62999725341797,20.34000015258789,67.87000274658203,209.58999633789062,51.900001525878906,128.75999450683594,123.44999694824219,109.9800033569336,65.04000091552734,78.24427795410156,44.849998474121094,45.29999923706055,4.957499980926514,34.544593811035156,145.5500030517578,78.93000030517578,33.7599983215332,73.53333282470703,50.29999923706055,243.63999938964844,56.099998474121094,93.54000091552734,50.439998626708984,29.114999771118164,28.450000762939453,92.36000061035156,68.77999877929688,6062000,36185200,2136700,797300,13046000,58662100,26890200,11052300,6187300,4095000,6468900,4476400,1868000,13114300,7613700,12549100,5708500,3468800,18629038,12366600,13802400,328720000,14549416,1697700,4944500,17598700,1130400,10697300,5660800,7135600,3087300,18526900,39393800,50423000,8702400,9536000
2019-10-23,59.644126892089844,31.360000610351562,165.50924682617188,242.2042236328125,23.824419021606445,26.819381713867188,42.78254318237305,57.26738357543945,44.48881912231445,87.72753143310547,15.335749626159668,53.903846740722656,181.25765991210938,45.37208557128906,108.38591766357422,105.02518463134766,99.0093765258789,53.70881271362305,64.4686050415039,37.305137634277344,43.55632400512695,4.851718902587891,25.167306900024414,115.5325927734375,66.67373657226562,30.073287963867188,67.31709289550781,44.50166320800781,222.12100219726562,42.93476486206055,72.02913665771484,42.76670837402344,21.980525970458984,25.255294799804688,82.65660858154297,51.467533111572266,77.75,31.360000610351562,203.32000732421875,257.6600036621094,28.031999588012695,31.420000076293945,54.77000045776367,72.44999694824219,56.25,117.9800033569336,21.299999237060547,71.94000244140625,211.32000732421875,51.720001220703125,129.89999389648438,125.12000274658203,107.4000015258789,65.87000274658203,79.07442474365234,45.90999984741211,44.65999984741211,4.8772501945495605,34.886146545410156,146.3699951171875,77.23999786376953,35.33000183105469,71.27666473388672,50.16999816894531,247.8000030517578,56.58000183105469,93.8499984741211,50.93000030517578,29.645000457763672,28.540000915527344,92.43000030517578,69.75,78.0199966430664,31.649999618530273,205.88999938964844,257.95001220703125,28.354000091552734,31.440000534057617,54.81999969482422,72.47000122070312,56.81999969482422,118.0199966430664,21.530000686645508,72.73999786376953,212.02000427246094,51.959999084472656,130.47999572753906,125.1500015258789,107.75,65.95999908447266,79.07442474365234,45.93000030517578,44.81999969482422,4.891499996185303,34.89563751220703,146.42999267578125,78.12999725341797,35.650001525878906,71.96333312988281,50.400001525878906,251.75,56.849998474121094,94.66000366210938,50.970001220703125,29.704999923706055,28.540000915527344,92.69999694824219,69.76000213623047,77.19000244140625,30.829999923706055,203.0399932861328,253.58999633789062,27.875999450683594,31.09000015258789,53.869998931884766,71.7300033569336,55.56999969482422,116.77999877929688,20.31999969482422,69.05999755859375,209.0,51.20000076293945,129.07000732421875,124.16999816894531,101.36000061035156,64.73999786376953,77.4427490234375,45.099998474121094,43.95000076293945,4.775750160217285,34.36432647705078,144.6999969482422,76.87000274658203,34.220001220703125,70.83999633789062,49.91999816894531,246.72999572753906,56.33000183105469,93.23999786376953,50.56999969482422,29.225000381469727,28.350000381469727,91.83000183105469,68.77999877929688,77.79000091552734,31.09000015258789,204.22999572753906,254.85000610351562,28.29599952697754,31.1299991607666,54.40999984741211,71.9000015258789,56.619998931884766,117.4000015258789,20.639999389648438,69.6500015258789,209.22000122070312,51.369998931884766,129.66000366210938,124.19999694824219,106.0,65.08999633789062,77.5667953491211,45.130001068115234,44.04999923706055,4.807750225067139,34.44971466064453,144.97999572753906,77.20999908447266,34.56999969482422,71.33999633789062,50.099998474121094,248.38999938964844,56.5,93.5999984741211,50.720001220703125,29.350000381469727,28.360000610351562,92.0199966430664,68.95999908447266,6136700,26582200,1805800,917100,20957000,47771200,13025500,10327000,5252400,4148500,10303100,5533200,1574500,15887500,6693400,8828300,9047500,5908200,8511961,8328000,13959200,279916000,14000598,1106400,5785700,12862300,1599300,7118800,3706600,4677900,3534600,14173700,23640800,30615400,5525000,8641800
2019-10-24,58.915374755859375,31.719999313354492,165.2975616455078,249.07571411132812,23.993553161621094,26.768165588378906,42.47010040283203,57.14884567260742,44.41762924194336,87.43009185791016,15.450956344604492,53.92631149291992,181.02610778808594,45.81948471069336,106.38341522216797,104.94965362548828,99.41499328613281,54.10019302368164,64.24299621582031,37.1832389831543,45.93601608276367,4.895736217498779,24.907211303710938,114.92483520507812,68.1843490600586,29.88601303100586,68.98245239257812,45.19354248046875,219.17196655273438,42.729881286621094,74.37764739990234,42.909461975097656,21.887847900390625,25.219894409179688,82.23632049560547,50.98052978515625,76.80000305175781,31.719999313354492,203.05999755859375,264.9700012207031,28.231000900268555,31.360000610351562,54.369998931884766,72.30000305175781,56.15999984741211,117.58000183105469,21.459999084472656,71.97000122070312,211.0500030517578,52.22999954223633,127.5,125.02999877929688,107.83999633789062,66.3499984741211,78.7977066040039,45.7599983215332,47.099998474121094,4.921500205993652,34.52561569213867,145.60000610351562,78.98999786376953,35.11000061035156,73.04000091552734,50.95000076293945,244.50999450683594,56.310001373291016,96.91000366210938,51.099998474121094,29.520000457763672,28.5,91.95999908447266,69.08999633789062,77.88999938964844,31.860000610351562,204.3000030517578,265.4800109863281,28.350000381469727,31.520000457763672,54.970001220703125,72.86000061035156,56.900001525878906,118.80999755859375,21.530000686645508,72.55999755859375,213.14999389648438,52.43000030517578,130.5800018310547,125.66000366210938,108.20999908447266,66.7699966430664,79.80915832519531,46.130001068115234,47.15999984741211,4.955249786376953,34.95256042480469,146.69000244140625,79.0199966430664,35.52000045776367,73.11000061035156,51.04999923706055,248.49000549316406,56.720001220703125,97.4000015258789,51.20000076293945,29.834999084472656,28.6200008392334,92.69000244140625,70.05000305175781,76.25,31.34000015258789,201.66000366210938,260.6499938964844,27.8700008392334,31.200000762939453,53.86000061035156,71.86000061035156,55.72999954223633,117.30999755859375,21.030000686645508,70.66999816894531,209.77999877929688,51.43000030517578,126.0999984741211,124.06999969482422,106.25,65.4000015258789,78.28244018554688,45.5099983215332,45.58000183105469,4.884500026702881,34.402278900146484,144.69000244140625,77.58999633789062,34.279998779296875,72.1500015258789,50.22999954223633,243.91000366210938,56.06999969482422,95.1500015258789,50.65999984741211,29.364999771118164,28.389999389648438,91.62999725341797,69.0199966430664,77.83999633789062,31.579999923706055,203.9499969482422,260.79998779296875,28.288999557495117,31.450000762939453,54.849998474121094,72.55000305175781,56.56999969482422,118.47000122070312,21.479999542236328,72.29000091552734,211.61000061035156,52.09000015258789,130.4199981689453,125.29000091552734,107.5,66.25,79.30343627929688,46.0,45.900001525878906,4.918749809265137,34.86717224121094,146.1999969482422,78.05999755859375,35.400001525878906,72.23666381835938,50.4900016784668,248.02999877929688,56.560001373291016,95.30000305175781,50.65999984741211,29.815000534057617,28.56999969482422,92.58999633789062,69.95999908447266,5699300,27808000,1220800,642300,16896000,39491000,14594500,7445700,4552100,3873900,8312900,4249800,1266500,23413000,12111600,8020500,3304500,4898400,5232769,7469800,25760200,232020000,19998385,1143800,5271200,11551700,1912200,7006600,2546900,4934900,4566300,16695400,24233600,33469600,6892300,9003600
2019-10-25,58.70824432373047,32.709999084472656,165.2894744873047,248.15443420410156,24.631824493408203,27.075448989868164,42.946590423583984,57.836524963378906,44.567901611328125,88.2406005859375,15.458150863647461,54.30845260620117,183.753662109375,49.53030776977539,107.0926513671875,105.78903198242188,101.59062194824219,55.4537239074707,63.99406051635742,37.67890167236328,46.84304428100586,5.086731433868408,25.167306900024414,115.76941680908203,69.20294952392578,29.868989944458008,70.42432403564453,45.35319900512695,219.53054809570312,43.056182861328125,76.18890380859375,43.30412673950195,22.0657958984375,25.343788146972656,82.32573699951172,51.098594665527344,76.52999877929688,32.709999084472656,203.0500030517578,263.989990234375,28.98200035095215,31.719999313354492,54.97999954223633,73.16999816894531,56.349998474121094,118.66999816894531,21.469999313354492,72.4800033569336,214.22999572753906,56.459999084472656,128.35000610351562,126.02999877929688,110.19999694824219,68.01000213623047,78.49236297607422,46.369998931884766,48.029998779296875,5.113500118255615,34.886146545410156,146.6699981689453,80.16999816894531,35.09000015258789,74.56666564941406,51.130001068115234,244.91000366210938,56.7400016784668,99.2699966430664,51.56999969482422,29.760000228881836,28.639999389648438,92.05999755859375,69.25,76.79000091552734,32.86000061035156,203.7100067138672,264.70001220703125,29.136999130249023,31.850000381469727,55.25,73.41999816894531,56.70000076293945,118.8499984741211,21.6299991607666,72.80999755859375,215.4199981689453,56.61000061035156,129.10000610351562,126.6500015258789,110.58999633789062,68.5,79.05534362792969,46.459999084472656,48.27000045776367,5.134500026702881,34.99051284790039,147.86000061035156,80.2300033569336,35.310001373291016,74.63999938964844,51.22999954223633,246.0800018310547,57.04999923706055,99.83999633789062,51.72999954223633,29.844999313354492,28.729999542236328,92.30999755859375,69.4800033569336,76.22000122070312,31.829999923706055,201.50999450683594,261.8800048828125,28.32200050354004,31.34000015258789,54.400001525878906,71.80999755859375,55.59000015258789,117.69000244140625,21.059999465942383,71.19999694824219,210.17999267578125,53.91999816894531,127.30999755859375,124.75,107.54000091552734,65.75,78.27290344238281,45.61000061035156,46.91999816894531,4.994750022888184,34.44971466064453,145.2899932861328,78.91000366210938,34.59000015258789,73.24333190917969,50.689998626708984,242.14999389648438,56.25,96.98999786376953,51.0,29.489999771118164,28.229999542236328,91.4800033569336,68.9000015258789,76.38999938964844,31.899999618530273,202.58999633789062,262.45001220703125,28.326000213623047,31.360000610351562,54.5,71.97000122070312,56.09000015258789,117.7699966430664,21.43000030517578,71.83000183105469,210.17999267578125,54.189998626708984,127.83000183105469,125.0,108.08000183105469,66.3499984741211,78.50190734863281,45.70000076293945,47.279998779296875,5.002500057220459,34.53510284423828,145.2899932861328,79.0,35.0,73.28333282470703,50.79999923706055,243.91000366210938,56.25,98.0,51.08000183105469,29.530000686645508,28.469999313354492,91.72000122070312,68.9000015258789,5497000,45368800,1321500,550500,20869000,43702000,12353100,10497600,3046000,3369100,9456300,2398800,2602100,59767700,6947300,9055700,4234600,6248200,7868384,9576400,19855300,423092000,17497665,1072500,6712300,12385700,1859700,6303500,2815100,3877000,3899200,17433300,23750000,28330200,5536900,7607200
2019-10-28,60.089080810546875,33.689998626708984,166.885009765625,250.52330017089844,24.778858184814453,27.17788314819336,43.423072814941406,58.16851806640625,44.038002014160156,88.0993423461914,15.155756950378418,53.236961364746094,186.77291870117188,49.793479919433594,107.78515625,106.19194793701172,104.16265106201172,55.103111267089844,63.94736099243164,38.06082534790039,47.486732482910156,5.142686367034912,25.51637840270996,116.63768768310547,71.68895721435547,29.809402465820312,71.70562744140625,45.51286697387695,221.4487762451172,43.268646240234375,76.80292510986328,43.371299743652344,21.93974494934082,25.476520538330078,83.17528533935547,50.64849090576172,78.33000183105469,33.689998626708984,205.00999450683594,266.510009765625,29.155000686645508,31.84000015258789,55.59000015258789,73.58999633789062,55.68000030517578,118.4800033569336,21.049999237060547,71.05000305175781,217.75,56.7599983215332,129.17999267578125,126.51000213623047,112.98999786376953,67.58000183105469,78.43511199951172,46.84000015258789,48.689998626708984,5.169750213623047,35.370018005371094,147.77000427246094,83.05000305175781,35.02000045776367,75.92333221435547,51.310001373291016,247.0500030517578,57.02000045776367,100.06999969482422,51.650001525878906,29.59000015258789,28.790000915527344,93.01000213623047,68.63999938964844,78.37999725341797,33.90999984741211,205.97999572753906,268.3599853515625,29.24799919128418,32.22999954223633,55.93000030517578,74.27999877929688,56.95000076293945,119.51000213623047,21.8700008392334,73.33000183105469,218.9199981689453,56.810001373291016,130.0,127.20999908447266,113.19000244140625,68.58999633789062,79.6469497680664,47.15999984741211,48.75,5.222499847412109,35.55977249145508,148.5,83.12999725341797,35.560001373291016,75.98332977294922,51.47999954223633,248.38999938964844,57.33000183105469,100.81999969482422,52.04999923706055,30.030000686645508,28.920000076293945,93.19999694824219,69.66999816894531,76.48999786376953,33.150001525878906,202.67999267578125,265.8800048828125,28.832000732421875,31.739999771118164,54.709999084472656,73.44000244140625,54.86000061035156,117.63999938964844,21.049999237060547,71.0199966430664,215.69000244140625,56.060001373291016,128.50999450683594,126.4000015258789,110.62000274658203,67.22000122070312,76.6603012084961,46.470001220703125,48.22999954223633,5.127999782562256,34.93358612060547,147.19000244140625,80.54000091552734,34.810001373291016,75.01333618164062,51.04999923706055,244.9199981689453,56.810001373291016,99.62999725341797,51.56999969482422,29.540000915527344,28.739999771118164,92.22000122070312,68.58000183105469,76.66999816894531,33.15999984741211,203.1699981689453,267.3900146484375,29.115999221801758,31.969999313354492,54.86000061035156,73.7300033569336,56.47999954223633,119.08000183105469,21.65999984741211,73.08999633789062,216.32000732421875,56.380001068115234,128.6199951171875,126.56999969482422,110.62000274658203,68.29000091552734,78.94084167480469,46.4900016784668,48.5,5.15749979019165,34.97153854370117,147.72000122070312,80.55000305175781,35.38999938964844,75.12333679199219,51.400001525878906,245.25999450683594,57.02000045776367,99.75,51.939998626708984,29.860000610351562,28.75,92.30000305175781,69.45999908447266,7146400,51223600,1652800,683000,12999000,58790300,13931300,13086900,7574600,5076300,8878500,3211400,2707800,32307500,7876300,9522200,4168500,4748700,15557665,10276000,15240000,330792000,25800339,1250700,9949800,12727500,1158600,7725500,2957100,4661200,3941700,23914800,23513200,50104600,6937900,11209600
2019-10-29,60.19647979736328,33.029998779296875,170.12484741210938,248.7278594970703,24.490739822387695,27.37420082092285,43.56367874145508,57.773292541503906,45.1531867980957,87.83903503417969,15.407752990722656,53.80641555786133,186.6786346435547,49.42504119873047,107.73511505126953,106.12480926513672,102.9457778930664,55.46185302734375,66.20342254638672,38.052696228027344,46.92106628417969,5.046442985534668,26.152917861938477,117.04812622070312,70.48909759521484,29.61363983154297,70.96266174316406,45.65477752685547,226.14572143554688,43.511478424072266,77.37852478027344,43.80795669555664,22.028715133666992,25.538461685180664,84.355712890625,50.500911712646484,78.47000122070312,33.029998779296875,208.99000549316406,264.6000061035156,28.81599998474121,32.06999969482422,55.77000045776367,73.08999633789062,57.09000015258789,118.12999725341797,21.399999618530273,71.80999755859375,217.63999938964844,56.34000015258789,129.1199951171875,126.43000030517578,111.66999816894531,68.0199966430664,81.2022933959961,46.83000183105469,48.11000061035156,5.072999954223633,36.25237274169922,148.2899932861328,81.66000366210938,34.790000915527344,75.13666534423828,51.470001220703125,252.2899932861328,57.34000015258789,100.81999969482422,52.16999816894531,29.709999084472656,28.860000610351562,94.33000183105469,68.44000244140625,78.73999786376953,33.900001525878906,211.25,269.260009765625,29.3700008392334,32.13999938964844,56.119998931884766,73.79000091552734,57.970001220703125,119.06999969482422,21.540000915527344,72.27999877929688,219.27999877929688,57.2400016784668,129.97000122070312,127.41999816894531,112.80999755859375,69.6500015258789,81.84160614013672,46.93000030517578,49.16999816894531,5.16225004196167,36.774192810058594,149.38999938964844,82.8499984741211,35.0099983215332,76.50333404541016,51.84000015258789,253.1999969482422,57.709999084472656,101.44000244140625,52.36000061035156,29.959999084472656,29.0,94.4800033569336,69.02999877929688,77.58999633789062,32.70000076293945,204.91000366210938,264.239990234375,28.80699920654297,31.809999465942383,55.33000183105469,72.72000122070312,54.38999938964844,117.69000244140625,20.709999084472656,70.05000305175781,216.4499969482422,56.2400016784668,128.55999755859375,125.94000244140625,111.5,67.61000061035156,78.91221618652344,46.529998779296875,48.060001373291016,5.053500175476074,35.977230072021484,147.1199951171875,81.44000244140625,34.20000076293945,75.13666534423828,51.439998626708984,246.30999755859375,56.7400016784668,99.20999908447266,51.5,29.3799991607666,28.700000762939453,93.0,68.23999786376953,78.11000061035156,33.72999954223633,205.25999450683594,268.8800048828125,29.22800064086914,31.940000534057617,55.619998931884766,73.13999938964844,55.79999923706055,117.97000122070312,20.809999465942383,70.66000366210938,217.22000122070312,56.369998931884766,129.6999969482422,126.05999755859375,112.5,67.7699966430664,80.20037841796875,46.529998779296875,48.79999923706055,5.155749797821045,36.053131103515625,147.1199951171875,82.75,34.75,75.98999786376953,51.5,247.0399932861328,56.900001525878906,99.62999725341797,51.5,29.479999542236328,28.729999542236328,93.2300033569336,68.4800033569336,6391500,78700100,4460000,501900,13272000,48266600,9118900,9592300,8699200,4548400,8305100,3939500,2030800,18155800,4506300,9797300,2987800,7274800,17371019,7773600,12183600,211236000,32212032,1411700,4993600,10309100,1158300,5303900,3528900,4269800,3259300,21063000,26936800,48458100,13768400,13894400
2019-10-30,61.10935592651367,33.130001068115234,171.66339111328125,249.71490478515625,24.667518615722656,26.990095138549805,44.42292785644531,57.67844772338867,43.53181076049805,86.52290344238281,14.57976245880127,52.165489196777344,185.10891723632812,49.65312957763672,110.83898162841797,105.53722381591797,103.91375732421875,53.969730377197266,67.07472229003906,37.87257766723633,46.69675064086914,5.048433303833008,26.33771324157715,116.62189483642578,70.29918670654297,28.17508888244629,70.98783874511719,46.04507064819336,228.3956756591797,43.34453201293945,75.83587646484375,43.690391540527344,21.580137252807617,25.52076530456543,84.82966613769531,49.96963882446289,79.66000366210938,33.130001068115234,210.8800048828125,265.6499938964844,29.02400016784668,31.6200008392334,56.869998931884766,72.97000122070312,55.040000915527344,116.36000061035156,20.25,69.62000274658203,215.80999755859375,56.599998474121094,132.83999633789062,125.7300033569336,112.72000122070312,66.19000244140625,82.27098846435547,46.2599983215332,47.880001068115234,5.074999809265137,36.50853729248047,147.75,81.44000244140625,33.099998474121094,75.163330078125,51.90999984741211,254.8000030517578,57.119998931884766,98.80999755859375,52.029998779296875,29.104999542236328,28.84000015258789,94.86000061035156,67.72000122070312,79.79000091552734,33.34000015258789,211.0,266.0199890136719,29.097000122070312,32.0099983215332,56.91999816894531,73.3499984741211,57.459999084472656,118.18000030517578,21.59000015258789,72.5,217.0500030517578,56.630001068115234,133.52999877929688,126.26000213623047,113.20999908447266,68.88999938964844,82.52862548828125,46.290000915527344,48.34000015258789,5.10575008392334,36.831119537353516,148.77000427246094,82.25,34.75,75.72666931152344,52.060001373291016,255.27999877929688,57.380001068115234,100.5,52.279998779296875,29.795000076293945,28.920000076293945,94.9000015258789,68.37000274658203,78.01000213623047,32.029998779296875,204.16000366210938,261.0799865722656,28.652000427246094,31.530000686645508,55.84000015258789,72.0999984741211,54.95000076293945,115.5199966430664,20.18000030517578,69.48999786376953,213.80999755859375,55.619998931884766,131.72999572753906,124.91999816894531,111.26000213623047,65.18000030517578,80.45801544189453,45.83000183105469,47.2599983215332,5.006499767303467,36.33776092529297,146.52000427246094,80.8499984741211,33.0,74.66666412353516,51.56999969482422,251.97999572753906,56.9900016784668,97.79000091552734,51.619998931884766,28.989999771118164,28.639999389648438,93.98999786376953,67.2699966430664,78.51000213623047,32.93000030517578,206.35000610351562,263.1600036621094,29.000999450683594,32.0099983215332,56.2400016784668,72.75,57.439998626708984,118.18000030517578,21.510000228881836,72.01000213623047,217.02000427246094,56.31999969482422,133.3000030517578,126.05000305175781,111.37000274658203,68.69000244140625,81.10687255859375,46.2599983215332,48.220001220703125,5.099999904632568,36.44212341308594,147.85000610351562,82.0999984741211,34.65999984741211,75.70999908447266,51.790000915527344,252.1699981689453,57.220001220703125,100.37999725341797,51.880001068115234,29.780000686645508,28.860000610351562,94.36000061035156,68.37000274658203,7222500,78228800,3793500,494700,17281000,45262400,14159000,12431500,7907800,4690900,6303300,3361400,1584900,15248000,9627600,8513700,2424700,6873400,10026845,7101400,12932800,205960000,22019430,1168000,3971000,13940300,1061400,5198100,3299600,4745900,4187000,16155900,31013400,51106700,10179700,12840600
2019-10-31,61.024993896484375,33.93000030517578,173.59259033203125,246.255615234375,24.889347076416016,26.691343307495117,44.81349182128906,56.801055908203125,43.658355712890625,86.3593521118164,14.60136890411377,51.933197021484375,183.0245361328125,49.59172439575195,110.17147827148438,104.8572998046875,105.04764556884766,52.14329147338867,67.41703033447266,37.700660705566406,46.37490463256836,4.999191761016846,26.26243019104004,115.79308319091797,69.43598175048828,27.826087951660156,70.62895202636719,45.796714782714844,226.51329040527344,43.268646240234375,74.43135833740234,43.35451126098633,21.487449645996094,25.396879196166992,84.73130798339844,49.85894775390625,79.55000305175781,33.93000030517578,213.25,261.9700012207031,29.28499984741211,31.270000457763672,57.369998931884766,71.86000061035156,55.20000076293945,116.13999938964844,20.280000686645508,69.30999755859375,213.3800048828125,56.529998779296875,132.0399932861328,124.91999816894531,113.94999694824219,63.95000076293945,82.69084167480469,46.04999923706055,47.54999923706055,5.0254998207092285,36.4041748046875,146.6999969482422,80.44000244140625,32.689998626708984,74.78333282470703,51.630001068115234,252.6999969482422,57.02000045776367,96.9800033569336,51.630001068115234,28.979999542236328,28.700000762939453,94.75,67.56999969482422,79.73999786376953,34.34000015258789,213.6699981689453,265.29998779296875,29.408000946044922,31.6200008392334,58.220001220703125,72.97000122070312,55.20000076293945,116.36000061035156,20.43000030517578,69.7300033569336,215.36000061035156,56.599998474121094,132.83999633789062,125.7300033569336,114.66999816894531,66.94000244140625,83.00572204589844,46.2599983215332,47.880001068115234,5.074999809265137,36.603416442871094,147.75,81.47000122070312,33.119998931884766,75.03666687011719,51.93000030517578,255.72000122070312,57.119998931884766,98.98999786376953,52.029998779296875,29.030000686645508,28.75,94.80999755859375,67.72000122070312,78.73999786376953,32.81999969482422,209.60000610351562,261.32000732421875,28.780000686645508,30.81999969482422,56.310001373291016,71.33000183105469,54.130001068115234,115.31999969482422,19.719999313354492,68.11000061035156,211.32000732421875,55.619998931884766,130.88999938964844,123.86000061035156,112.0,61.380001068115234,81.59351348876953,45.33000183105469,46.459999084472656,4.945250034332275,36.223907470703125,145.0399932861328,79.83999633789062,32.349998474121094,73.80999755859375,51.349998474121094,249.91000366210938,56.36000061035156,96.12999725341797,51.150001525878906,28.69499969482422,28.469999313354492,94.13999938964844,67.13999938964844,79.70999908447266,32.97999954223633,210.10000610351562,265.29998779296875,28.979999542236328,31.40999984741211,56.459999084472656,72.36000061035156,54.869998931884766,115.86000061035156,20.15999984741211,69.16999816894531,215.14999389648438,56.33000183105469,132.3800048828125,125.48999786376953,112.36000061035156,66.5999984741211,82.15648651123047,45.95000076293945,47.279998779296875,5.053999900817871,36.42314910888672,146.6699981689453,81.44000244140625,33.119998931884766,75.03666687011719,51.88999938964844,254.3800048828125,56.810001373291016,98.56999969482422,51.77000045776367,28.985000610351562,28.739999771118164,94.68000030517578,67.45999908447266,10009400,67881600,3255800,630600,27881000,49430900,25041900,16864000,6346400,7177700,5711200,5272200,1876200,19249700,7686700,11589100,4124400,15931500,12419429,9414100,15445800,209732000,24539860,1266900,5693700,10079200,862800,5140800,3960400,4906800,4396600,18814700,30064800,56795500,9675200,16169100
2019-11-01,62.712650299072266,34.88999938964844,177.4185333251953,254.3680419921875,25.207204818725586,27.143735885620117,44.64945602416992,58.783321380615234,45.200626373291016,86.41138458251953,15.242151260375977,53.311893463134766,186.4641876220703,49.57416915893555,109.47059631347656,107.2747802734375,103.72016143798828,54.19804000854492,66.07896423339844,38.74857711791992,47.18439865112305,5.038235187530518,26.2761173248291,117.45856475830078,72.1464614868164,29.31570816040039,72.25023651123047,46.213592529296875,226.07406616210938,43.693603515625,76.64176177978516,43.81634521484375,21.97681999206543,25.768537521362305,84.838623046875,51.35685729980469,81.75,34.88999938964844,217.9499969482422,270.6000061035156,29.659000396728516,31.799999237060547,57.15999984741211,73.83999633789062,57.150001525878906,116.20999908447266,21.170000076293945,71.1500015258789,217.38999938964844,56.5099983215332,131.1999969482422,127.80000305175781,112.51000213623047,66.47000122070312,81.04962158203125,47.33000183105469,48.380001068115234,5.0647501945495605,36.42314910888672,148.80999755859375,83.58000183105469,34.439998626708984,76.5,52.099998474121094,252.2100067138672,57.58000183105469,99.86000061035156,52.18000030517578,29.639999389648438,29.1200008392334,94.87000274658203,69.5999984741211,82.18000030517578,35.0,219.3800048828125,270.8399963378906,29.659000396728516,31.84000015258789,58.459999084472656,73.98999786376953,57.4900016784668,116.62000274658203,21.209999084472656,71.37999725341797,217.88999938964844,56.650001525878906,133.0,127.98999786376953,114.51000213623047,66.83000183105469,83.24427795410156,47.400001525878906,48.540000915527344,5.097249984741211,36.94497299194336,148.91000366210938,83.6500015258789,34.529998779296875,76.5,52.099998474121094,256.3299865722656,57.939998626708984,99.91999816894531,52.290000915527344,29.69499969482422,29.149999618530273,95.66999816894531,69.61000061035156,79.12999725341797,34.099998474121094,214.0,266.1600036621094,29.208999633789062,31.3700008392334,57.09000015258789,72.0999984741211,55.470001220703125,114.0199966430664,20.360000610351562,69.63999938964844,214.75,55.619998931884766,131.13999938964844,126.0199966430664,112.30999755859375,64.7300033569336,80.90648651123047,46.459999084472656,47.25,4.964749813079834,36.42314910888672,147.30999755859375,81.25,32.970001220703125,75.13999938964844,51.70000076293945,252.16000366210938,57.380001068115234,97.5,51.90999984741211,29.100000381469727,28.860000610351562,94.8499984741211,68.30999755859375,80.02999877929688,34.369998931884766,214.25999450683594,267.2099914550781,29.298999786376953,31.700000762939453,57.9900016784668,72.25,55.650001525878906,115.48999786376953,20.56999969482422,70.05999755859375,215.25999450683594,55.939998626708984,132.0500030517578,126.19999694824219,114.06999969482422,64.8499984741211,83.08206176757812,46.52000045776367,47.47999954223633,4.989999771118164,36.70777893066406,148.32000732421875,81.58999633789062,33.04999923706055,75.48999786376953,51.88999938964844,253.99000549316406,57.54999923706055,97.80000305175781,52.130001068115234,29.125,28.920000076293945,95.26000213623047,68.38999938964844,13356300,64238600,3685500,617600,21234000,41985300,17122200,12935200,6483600,7684700,6601300,3033100,2112300,17953500,5541800,11682600,2629100,7377500,9281298,9765900,18311700,283640000,19263220,1109500,8620300,11094400,1989600,5226600,2919600,5870200,2843000,16359300,26620200,42302300,14670800,14108700
2019-11-04,63.663902282714844,36.290000915527344,174.53689575195312,257.9082946777344,25.92197036743164,27.6558895111084,44.243263244628906,59.82619857788086,45.87290954589844,90.39698028564453,16.250133514404297,55.2150764465332,188.59136962890625,50.539161682128906,108.66126251220703,108.1309585571289,104.2732925415039,55.39664077758789,65.2698974609375,39.97661209106445,48.36449432373047,5.234951972961426,26.02971649169922,118.40575408935547,73.44989013671875,30.84787940979004,73.85894012451172,47.446563720703125,225.2135009765625,44.11854553222656,77.70088195800781,44.26980972290039,22.692325592041016,25.989761352539062,84.57928466796875,52.884273529052734,82.98999786376953,36.290000915527344,214.41000366210938,273.17999267578125,30.5,32.400001525878906,56.63999938964844,75.1500015258789,58.0,121.56999969482422,22.56999969482422,73.69000244140625,219.8699951171875,57.61000061035156,130.22999572753906,128.82000732421875,113.11000061035156,67.94000244140625,80.0572509765625,48.83000183105469,49.59000015258789,5.262499809265137,36.08159255981445,150.00999450683594,85.08999633789062,36.2400016784668,78.20333099365234,53.4900016784668,251.25,58.13999938964844,101.23999786376953,52.720001220703125,30.604999542236328,29.3700008392334,94.58000183105469,71.66999816894531,83.31999969482422,36.45000076293945,219.83999633789062,275.0,30.54599952697754,32.5,57.2400016784668,75.2699966430664,58.56999969482422,121.87000274658203,22.649999618530273,74.23999786376953,220.69000244140625,57.79999923706055,131.9499969482422,129.4199981689453,114.33000183105469,68.5,81.77481079101562,49.0,49.900001525878906,5.275000095367432,36.755218505859375,150.72999572753906,85.87000274658203,36.459999084472656,78.28333282470703,53.790000915527344,253.8300018310547,58.2400016784668,101.83000183105469,52.79999923706055,30.69499969482422,29.420000076293945,95.36000061035156,71.87000274658203,82.13999938964844,34.7599983215332,214.35000610351562,272.0799865722656,29.90999984741211,32.099998474121094,56.529998779296875,74.11000061035156,57.209999084472656,117.0199966430664,21.510000228881836,72.37000274658203,218.57000732421875,56.849998474121094,130.08999633789062,128.55999755859375,112.87000274658203,66.72000122070312,80.03816986083984,47.880001068115234,49.25,5.123000144958496,36.08159255981445,149.69000244140625,84.30999755859375,34.779998779296875,77.44999694824219,53.119998931884766,249.91000366210938,57.90999984741211,100.23999786376953,52.2400016784668,29.975000381469727,29.290000915527344,94.54000091552734,69.94000244140625,82.94999694824219,35.189998626708984,218.72999572753906,272.6000061035156,29.95199966430664,32.2400016784668,57.099998474121094,74.94000244140625,57.7599983215332,117.2300033569336,21.610000610351562,72.41999816894531,219.6999969482422,56.93000030517578,131.8000030517578,129.0800018310547,113.23999786376953,66.91999816894531,81.66984558105469,47.9900016784668,49.38999938964844,5.146249771118164,36.72675323486328,150.38999938964844,84.54000091552734,34.900001525878906,77.47000122070312,53.54999923706055,253.6300048828125,58.0,100.5999984741211,52.58000183105469,29.979999542236328,29.3700008392334,95.30999755859375,70.06999969482422,9127900,83343800,2646600,664600,34075000,54228600,12960100,12585200,5667900,10348800,12374300,6808500,2538100,19068000,6140300,9159900,3002100,6145100,8947195,15965900,16021500,376716000,17709730,1192900,8389200,14206000,1991100,7233400,3186400,6791000,2482500,17559900,43060400,37319100,9878200,15858200
2019-11-05,62.781707763671875,36.150001525878906,175.082275390625,256.6055603027344,26.690282821655273,28.01439094543457,44.04798126220703,59.57145309448242,46.276275634765625,90.67210388183594,16.545330047607422,55.454864501953125,187.5363006591797,50.48652267456055,108.8198013305664,108.365966796875,102.55862426757812,54.173587799072266,64.50749969482422,39.9111213684082,47.47697830200195,5.2128167152404785,25.653263092041016,119.2108383178711,73.76925659179688,31.256465911865234,73.89988708496094,47.499778747558594,224.36196899414062,44.46002197265625,77.58575439453125,44.75682830810547,22.721986770629883,26.087106704711914,83.9801254272461,53.93207550048828,81.83999633789062,36.150001525878906,215.0800018310547,271.79998779296875,31.40399932861328,32.81999969482422,56.38999938964844,74.83000183105469,58.5099983215332,121.94000244140625,22.979999542236328,74.01000213623047,218.63999938964844,57.54999923706055,130.4199981689453,129.10000610351562,111.25,66.44000244140625,79.12213897705078,48.75,48.68000030517578,5.240250110626221,35.55977249145508,151.02999877929688,85.45999908447266,36.720001220703125,78.24666595458984,53.54999923706055,250.3000030517578,58.59000015258789,101.08999633789062,53.29999923706055,30.645000457763672,29.479999542236328,93.91000366210938,73.08999633789062,83.4000015258789,37.18000030517578,219.49000549316406,273.92999267578125,31.67799949645996,33.09000015258789,56.869998931884766,75.97000122070312,59.33000183105469,122.44999694824219,23.56999969482422,75.36000061035156,221.77999877929688,58.349998474121094,131.47000122070312,130.3000030517578,113.08000183105469,68.7300033569336,79.91412353515625,49.88999938964844,49.720001220703125,5.28849983215332,36.148006439208984,152.13999938964844,85.73999786376953,37.06999969482422,78.87999725341797,53.970001220703125,254.27000427246094,58.880001068115234,101.98999786376953,53.5,30.915000915527344,29.6200008392334,94.7300033569336,73.12000274658203,81.47000122070312,35.97999954223633,213.19000244140625,271.0,30.44700050354004,32.5,55.970001220703125,74.63999938964844,58.36000061035156,120.72000122070312,22.719999313354492,73.41999816894531,218.47000122070312,57.209999084472656,129.67999267578125,128.83999633789062,110.51000213623047,66.12000274658203,78.94084167480469,48.68000030517578,48.61000061035156,5.191999912261963,35.55028533935547,150.0,84.7300033569336,36.41999816894531,78.02333068847656,53.4900016784668,250.08999633789062,58.25,99.94999694824219,52.7400016784668,30.545000076293945,29.40999984741211,93.69999694824219,71.8499984741211,83.16999816894531,36.560001373291016,215.9199981689453,271.82000732421875,30.5,32.5099983215332,56.689998626708984,75.19000244140625,58.619998931884766,121.2300033569336,22.799999237060547,74.4000015258789,220.8000030517578,57.470001220703125,130.52999877929688,129.38999938964844,112.94999694824219,68.22000122070312,79.83778381347656,48.970001220703125,49.619998931884766,5.262249946594238,36.08159255981445,150.6300048828125,85.19999694824219,36.43000030517578,78.44000244140625,53.630001068115234,253.74000549316406,58.400001525878906,101.62999725341797,52.7400016784668,30.690000534057617,29.459999084472656,94.72000122070312,72.04000091552734,7475600,84848600,3012000,382700,38711000,68785600,10503300,14403200,7545200,6971200,11001200,4412800,2525100,20865400,6257300,13747600,3357300,7018500,9937974,13894100,13682600,300868000,21688474,1382700,7280000,15720300,1091700,5287100,5393400,5910200,3286200,25965300,35110200,39516100,13273800,14930400
2019-11-06,62.96580123901367,35.93000030517578,176.1567840576172,253.7165985107422,26.61549186706543,27.988780975341797,44.49323272705078,59.24504089355469,45.58026885986328,89.15521240234375,15.897343635559082,53.514190673828125,187.34759521484375,50.80849075317383,109.27037048339844,108.53384399414062,104.92784118652344,52.41236114501953,64.76421356201172,39.75556564331055,46.5016975402832,5.163577079772949,25.742244720458984,119.74761199951172,73.05282592773438,30.269062042236328,73.40560913085938,47.57960891723633,224.5592041015625,44.589019775390625,77.017822265625,45.17668914794922,22.25857925415039,26.219844818115234,84.26631164550781,52.751461029052734,82.08000183105469,35.93000030517578,216.39999389648438,268.739990234375,31.31599998474121,32.790000915527344,56.959999084472656,74.41999816894531,57.630001068115234,119.9000015258789,22.079999923706055,71.41999816894531,218.4199981689453,57.599998474121094,130.9600067138672,129.3000030517578,113.81999969482422,64.27999877929688,79.43701934814453,48.560001373291016,47.68000030517578,5.1907501220703125,35.68311309814453,151.7100067138672,84.62999725341797,35.560001373291016,77.72333526611328,53.63999938964844,250.52000427246094,58.7599983215332,100.3499984741211,53.79999923706055,30.020000457763672,29.6299991607666,94.2300033569336,71.48999786376953,82.25,36.47999954223633,218.5800018310547,270.1300048828125,31.42799949645996,33.060001373291016,57.13999938964844,75.05000305175781,59.08000183105469,122.13999938964844,24.0,73.69999694824219,219.07000732421875,57.709999084472656,131.47999572753906,129.83999633789062,114.29000091552734,66.01000213623047,80.114501953125,48.79999923706055,48.29999923706055,5.2417497634887695,35.79696273803711,151.75999450683594,85.61000061035156,36.720001220703125,78.12000274658203,53.75,251.99000549316406,58.84000015258789,101.29000091552734,53.84000015258789,30.665000915527344,29.6299991607666,94.41000366210938,72.87000274658203,80.3499984741211,35.52000045776367,215.4499969482422,267.80999755859375,30.871000289916992,32.66999816894531,56.13999938964844,73.97000122070312,57.349998474121094,119.80000305175781,22.030000686645508,70.68000030517578,216.5500030517578,56.97999954223633,129.6999969482422,128.5800018310547,111.51000213623047,64.08000183105469,79.32251739501953,48.2400016784668,47.11000061035156,5.102749824523926,35.436431884765625,149.9499969482422,84.22000122070312,35.33000183105469,76.93333435058594,53.099998474121094,249.08999633789062,58.31999969482422,99.66000366210938,53.16999816894531,29.934999465942383,29.420000076293945,93.70999908447266,71.19999694824219,81.7699966430664,36.060001373291016,215.4499969482422,269.54998779296875,31.20599937438965,32.7599983215332,56.61000061035156,74.41999816894531,58.25,121.94000244140625,24.0,73.48999786376953,218.00999450683594,57.4900016784668,130.4199981689453,128.69000244140625,111.56999969482422,66.0,79.73282623291016,48.7400016784668,48.150001525878906,5.216000080108643,35.68311309814453,150.5500030517578,85.33999633789062,36.599998474121094,78.09666442871094,53.70000076293945,249.7100067138672,58.5,100.63999938964844,53.290000915527344,30.600000381469727,29.459999084472656,94.0,72.7300033569336,9303600,51675100,2540200,909500,18076000,47524500,13475600,12629200,5464900,6104700,10316400,5247800,1863000,17721000,5450000,11231100,3973700,5081400,9735606,7872400,21803600,269012000,18757722,1650300,9755300,10647900,1633800,4545100,3668600,4777800,2529800,22051100,35655800,40179900,13130200,13996500
2019-11-07,62.912109375,36.279998779296875,177.4511260986328,252.68743896484375,26.494808197021484,28.364349365234375,44.9775276184082,60.35161209106445,47.09092712402344,90.63492584228516,16.3293399810791,56.00183868408203,191.52479553222656,51.205440521240234,109.6624984741211,109.12144470214844,103.9598617553711,54.018653869628906,64.47638702392578,39.83743667602539,47.20389938354492,5.181233882904053,25.507282257080078,120.82109069824219,77.67095184326172,30.711698532104492,73.84951782226562,47.60621643066406,229.8836212158203,44.84703063964844,77.82369995117188,45.778602600097656,22.592227935791016,26.414525985717773,84.45409393310547,53.8730354309082,82.01000213623047,36.279998779296875,217.99000549316406,267.6499938964844,31.173999786376953,33.22999954223633,57.58000183105469,75.80999755859375,59.540000915527344,121.88999938964844,22.68000030517578,74.73999786376953,223.2899932861328,58.04999923706055,131.42999267578125,130.0,112.7699966430664,66.25,79.08396911621094,48.65999984741211,48.400001525878906,5.208499908447266,35.01897430419922,153.07000732421875,89.9800033569336,36.08000183105469,78.1933364868164,53.66999816894531,256.4599914550781,59.099998474121094,101.4000015258789,54.0,30.469999313354492,29.850000381469727,94.44000244140625,73.01000213623047,82.58999633789062,36.9900016784668,218.50999450683594,270.7699890136719,31.950000762939453,33.599998474121094,57.619998931884766,76.27999877929688,59.630001068115234,122.0,22.8700008392334,75.5999984741211,224.77000427246094,58.54999923706055,132.3800048828125,131.2899932861328,114.62999725341797,66.81999969482422,80.14312744140625,49.58000183105469,49.08000183105469,5.292500019073486,35.65464782714844,154.75,92.5,36.779998779296875,79.05000305175781,54.369998931884766,256.75,59.709999084472656,101.6500015258789,54.400001525878906,30.565000534057617,30.030000686645508,94.73999786376953,73.02999877929688,81.08000183105469,36.029998779296875,215.4600067138672,267.20001220703125,31.065000534057617,33.0099983215332,56.900001525878906,75.41000366210938,58.29999923706055,120.31999969482422,22.3799991607666,71.87000274658203,220.41000366210938,57.86000061035156,131.00999450683594,129.9199981689453,112.02999877929688,64.93000030517578,78.88359069824219,48.56999969482422,48.0,5.16349983215332,34.99051284790039,152.52000427246094,88.31999969482422,35.81999969482422,77.87000274658203,53.52000045776367,251.25999450683594,58.97999954223633,100.25,53.779998779296875,30.2450008392334,29.739999771118164,94.16000366210938,72.0,82.20999908447266,36.52000045776367,216.91000366210938,269.0799865722656,31.558000564575195,33.11000061035156,57.029998779296875,75.41000366210938,58.29999923706055,121.12999725341797,22.43000030517578,72.44999694824219,220.77000427246094,58.0,131.72999572753906,130.42999267578125,114.2300033569336,65.11000061035156,79.41793823242188,49.119998931884766,48.52000045776367,5.277750015258789,35.48387145996094,152.9499969482422,89.83000183105469,36.13999938964844,78.88333129882812,53.900001525878906,251.9499969482422,59.22999954223633,100.86000061035156,53.779998779296875,30.325000762939453,29.809999465942383,94.58999633789062,72.02999877929688,6561500,54350200,2498300,560900,23981000,68310700,11892700,14340500,9492200,5440700,8545900,7641200,3748600,16962800,5873700,13528900,3076200,5980300,9251325,14501500,19253600,280340000,22727297,1565000,30254000,8832400,1491600,7890900,3646300,5205500,3220800,23452500,26483400,61738600,7827900,13073800
2019-11-08,65.3669204711914,36.290000915527344,179.9908905029297,252.34764099121094,26.636737823486328,28.38995361328125,45.32122039794922,60.59841537475586,46.790374755859375,89.92107391357422,16.494930267333984,55.97186279296875,191.19891357421875,51.39949417114258,110.97248840332031,109.44039154052734,104.66048431396484,54.002349853515625,65.02871704101562,40.23858642578125,46.0238037109375,5.167307376861572,25.604034423828125,120.13436126708984,81.16691589355469,30.933019638061523,74.22100067138672,46.86113739013672,230.34078979492188,44.695255279541016,77.40923309326172,45.86337661743164,22.49954605102539,26.40567398071289,85.0711441040039,52.84994888305664,85.20999908447266,36.290000915527344,221.11000061035156,267.2900085449219,31.340999603271484,33.2599983215332,58.02000045776367,76.12000274658203,59.15999984741211,120.93000030517578,22.90999984741211,74.69999694824219,222.91000366210938,58.27000045776367,133.0,130.3800048828125,113.52999877929688,66.2300033569336,79.7614517211914,49.150001525878906,47.189998626708984,5.194499969482422,35.15180206298828,152.1999969482422,94.02999877929688,36.34000015258789,78.586669921875,52.83000183105469,256.9700012207031,58.900001525878906,100.86000061035156,54.099998474121094,30.344999313354492,29.84000015258789,95.12999725341797,70.7699966430664,85.45999908447266,36.58000183105469,221.25,268.20001220703125,31.360000610351562,33.27000045776367,58.060001373291016,76.12000274658203,59.29999923706055,121.19999694824219,23.0,75.27999877929688,223.22999572753906,58.29999923706055,133.0399932861328,130.39999389648438,113.56999969482422,66.45999908447266,79.8759536743164,49.150001525878906,48.0099983215332,5.226250171661377,35.256168365478516,152.9199981689453,94.11000061035156,36.5099983215332,78.63666534423828,53.529998779296875,258.3399963378906,59.04999923706055,101.20999908447266,54.22999954223633,30.385000228881836,29.850000381469727,95.1500015258789,71.80000305175781,82.08999633789062,36.0,217.4600067138672,264.69000244140625,30.51300048828125,32.93000030517578,57.290000915527344,75.05999755859375,57.91999816894531,120.16000366210938,22.059999465942383,73.13999938964844,221.10000610351562,57.310001373291016,130.97000122070312,129.25,112.0999984741211,64.87000274658203,78.9217529296875,48.290000915527344,46.95000076293945,5.153749942779541,34.94307327270508,151.6300048828125,89.5999984741211,35.02000045776367,77.43333435058594,52.529998779296875,255.0,58.54999923706055,99.61000061035156,53.560001373291016,30.0,29.639999389648438,94.2699966430664,70.66000366210938,82.0999984741211,36.060001373291016,218.2100067138672,265.7900085449219,30.98699951171875,33.06999969482422,57.61000061035156,75.4800033569336,58.88999938964844,120.97000122070312,22.309999465942383,74.0,223.0,57.849998474121094,131.3000030517578,129.8800048828125,112.6500015258789,65.87000274658203,79.11259460449219,48.63999938964844,47.560001373291016,5.191500186920166,34.99051284790039,152.57000732421875,89.9800033569336,35.7599983215332,77.8933334350586,53.529998779296875,256.7699890136719,59.0099983215332,101.04000091552734,53.83000183105469,30.28499984741211,29.81999969482422,94.37999725341797,71.61000061035156,11364100,39353900,2069900,743400,17830000,38724000,11580000,7927100,4769000,4249800,5696800,3136400,1610800,11888900,5003000,9293400,2224100,4488100,6653123,7966500,18518800,189100000,26626886,1845800,16371300,8382200,1048500,6558400,2200300,3214700,2678400,14722100,20779600,53808800,7756900,12106000
2019-11-11,65.71212005615234,36.310001373291016,179.65716552734375,251.80950927734375,26.580644607543945,28.32167625427246,45.42277908325195,60.18444061279297,46.59264373779297,89.83184051513672,16.221338272094727,55.3125,187.87088012695312,51.47005844116211,110.12144470214844,109.05426788330078,103.98750305175781,53.57834243774414,64.78755187988281,40.18947219848633,45.11677932739258,5.1772541999816895,25.52110481262207,120.3395767211914,79.2765121459961,30.992595672607422,73.9156494140625,46.65711975097656,227.7592010498047,44.497962951660156,77.27108001708984,45.820980072021484,22.373502731323242,26.334880828857422,84.72235870361328,52.5288200378418,85.66000366210938,36.310001373291016,220.6999969482422,266.7200012207031,31.274999618530273,33.18000030517578,58.150001525878906,75.5999984741211,58.90999984741211,120.80999755859375,22.530000686645508,73.81999969482422,219.02999877929688,58.349998474121094,131.97999572753906,129.9199981689453,112.80000305175781,65.70999908447266,79.46565246582031,49.09000015258789,46.2599983215332,5.204500198364258,35.0379524230957,152.4600067138672,91.83999633789062,36.40999984741211,78.26333618164062,52.599998474121094,254.08999633789062,58.63999938964844,100.68000030517578,54.04999923706055,30.174999237060547,29.760000228881836,94.73999786376953,70.33999633789062,85.68000030517578,36.65999984741211,221.3800048828125,267.489990234375,31.323999404907227,33.25,58.29999923706055,76.08000183105469,59.2400016784668,121.38999938964844,22.760000228881836,74.5999984741211,221.41000366210938,58.5,132.52000427246094,130.10000610351562,114.20999908447266,66.44999694824219,79.80915832519531,49.38999938964844,46.7400016784668,5.227749824523926,35.113853454589844,153.22999572753906,92.5199966430664,36.5,78.38333129882812,52.75,256.4599914550781,58.939998626708984,101.20999908447266,54.13999938964844,30.315000534057617,29.81999969482422,94.97000122070312,70.61000061035156,83.9000015258789,35.58000183105469,218.6999969482422,265.1300048828125,31.083999633789062,32.970001220703125,57.45000076293945,75.23999786376953,58.29999923706055,120.01000213623047,22.290000915527344,72.91999816894531,218.52000427246094,57.900001525878906,131.3300018310547,129.35000610351562,112.22000122070312,65.05999755859375,79.1603012084961,48.709999084472656,45.849998474121094,5.10699987411499,34.86717224121094,151.3800048828125,90.88999938964844,35.310001373291016,77.62666320800781,52.15999984741211,253.3300018310547,58.38999938964844,99.33999633789062,53.72999954223633,29.94499969482422,29.6200008392334,94.4800033569336,69.97000122070312,84.94999694824219,35.959999084472656,220.24000549316406,266.1499938964844,31.1200008392334,33.029998779296875,57.869998931884766,75.44999694824219,58.65999984741211,120.19999694824219,22.450000762939453,73.5,220.89999389648438,57.970001220703125,132.27000427246094,129.60000610351562,113.45999908447266,65.44000244140625,79.35114288330078,48.86000061035156,46.720001220703125,5.193749904632568,35.01897430419922,151.5,91.70999908447266,35.75,77.92333221435547,52.38999938964844,255.0500030517578,58.5,99.95999908447266,53.790000915527344,30.059999465942383,29.65999984741211,94.7699966430664,70.20999908447266,8726300,43511100,1364300,451700,9154000,27784000,9096700,6020300,3716200,3870800,5730300,2905800,2754500,11228900,4371400,8679000,1770200,2254900,3725221,7107500,14635900,243436000,12542916,1354800,11297700,8804100,836400,4046500,1765600,1790900,1901400,10659400,28961000,19702400,6092500,8674000
2019-11-12,66.31048583984375,36.709999084472656,180.15365600585938,252.63088989257812,26.816917419433594,28.244848251342773,45.61024856567383,59.76250457763672,46.0548210144043,89.94339752197266,16.106142044067383,54.915382385253906,189.0545196533203,51.33774185180664,109.59576416015625,108.41635131835938,104.32859802246094,52.91789627075195,65.4410400390625,40.12398147583008,45.740970611572266,5.2128167152404785,25.548748016357422,120.21329498291016,78.52550506591797,30.822351455688477,74.06673431396484,46.257957458496094,228.79901123046875,44.376548767089844,77.11759948730469,45.96510696411133,22.25857925415039,26.37027931213379,85.23210144042969,51.80445098876953,86.44000244140625,36.709999084472656,221.30999755859375,267.5899963378906,31.55299949645996,33.09000015258789,58.38999938964844,75.06999969482422,58.22999954223633,120.95999908447266,22.3700008392334,73.29000091552734,220.41000366210938,58.20000076293945,131.35000610351562,129.16000366210938,113.16999816894531,64.9000015258789,80.26717376708984,49.0099983215332,46.900001525878906,5.240250110626221,35.07590103149414,152.3000030517578,90.97000122070312,36.209999084472656,78.42333221435547,52.150001525878906,255.25,58.47999954223633,100.4800033569336,54.220001220703125,30.020000457763672,29.799999237060547,95.30999755859375,69.37000274658203,88.27999877929688,37.130001068115234,225.25999450683594,269.1499938964844,31.639999389648438,33.31999969482422,59.0,75.95999908447266,59.45000076293945,122.05000305175781,23.06999969482422,74.37999725341797,221.11000061035156,58.79999923706055,132.08999633789062,130.6199951171875,114.04000091552734,66.23999786376953,80.93511199951172,49.209999084472656,47.68000030517578,5.296500205993652,35.189754486083984,153.1699981689453,92.25,37.20000076293945,79.02999877929688,52.689998626708984,255.75999450683594,58.849998474121094,101.87000274658203,54.2400016784668,30.43000030517578,29.889999389648438,95.6500015258789,70.41000366210938,85.55000305175781,36.400001525878906,219.8699951171875,266.6099853515625,31.326000213623047,32.9900016784668,58.119998931884766,75.01000213623047,57.939998626708984,120.4800033569336,22.15999984741211,72.4800033569336,217.92999267578125,58.029998779296875,131.02000427246094,129.00999450683594,112.44999694824219,64.41000366210938,79.75190734863281,48.77000045776367,46.68000030517578,5.207749843597412,34.819732666015625,151.11000061035156,90.16999816894531,36.029998779296875,78.11666870117188,52.029998779296875,253.41000366210938,58.380001068115234,100.0,53.619998931884766,29.864999771118164,29.690000534057617,94.76000213623047,68.9800033569336,85.5999984741211,36.43000030517578,221.30999755859375,268.20001220703125,31.399999618530273,33.130001068115234,58.25,75.55000305175781,58.97999954223633,121.29000091552734,22.739999771118164,74.0999984741211,218.55999755859375,58.400001525878906,132.0,129.6300048828125,112.7699966430664,65.93000030517578,79.75190734863281,49.06999969482422,46.79999923706055,5.243000030517578,34.94307327270508,152.13999938964844,92.18000030517578,36.5,78.45999908447266,52.689998626708984,253.58999633789062,58.599998474121094,101.08000183105469,53.75,30.264999389648438,29.770000457763672,94.88999938964844,70.2699966430664,12165900,58664500,2704500,336100,16875000,37282200,9700600,11066600,4939900,4503600,7759900,3262000,1891600,11952500,5228700,9099000,2273200,5518500,8616656,6400700,15170700,283504000,13338370,1182200,9332100,11652100,1444200,8625100,1892500,3254300,1928200,15187600,25082400,44640600,13801500,13918600
2019-11-13,66.4792251586914,37.52000045776367,178.81871032714844,254.83058166503906,26.658830642700195,27.988780975341797,45.922691345214844,58.83903503417969,45.52491760253906,90.92491149902344,15.566147804260254,54.40584945678711,188.1195831298828,51.064300537109375,109.52904510498047,107.84555053710938,103.97830963134766,52.38790512084961,65.985595703125,39.61638641357422,45.155799865722656,5.186953544616699,25.293052673339844,119.04508209228516,78.09391784667969,29.817922592163086,74.14543151855469,46.905479431152344,227.29312133789062,44.47519302368164,76.94107055664062,45.176692962646484,22.162179946899414,26.202146530151367,85.33045959472656,51.378780364990234,86.66000366210938,37.52000045776367,219.6699981689453,269.9200134277344,31.367000579833984,32.790000915527344,58.790000915527344,73.91000366210938,57.560001373291016,122.27999877929688,21.6200008392334,72.61000061035156,219.32000732421875,57.88999938964844,131.27000427246094,128.47999572753906,112.79000091552734,64.25,80.93511199951172,48.38999938964844,46.29999923706055,5.214250087738037,34.724857330322266,150.82000732421875,90.47000122070312,35.029998779296875,78.50666809082031,52.880001068115234,253.57000732421875,58.61000061035156,100.25,53.290000915527344,29.889999389648438,29.610000610351562,95.41999816894531,68.80000305175781,87.2699966430664,37.959999084472656,221.69000244140625,270.489990234375,31.570999145507812,32.88999938964844,59.18000030517578,74.91000366210938,58.02000045776367,122.41000366210938,22.34000015258789,72.94000244140625,219.83999633789062,57.970001220703125,131.49000549316406,128.82000732421875,113.52999877929688,64.9000015258789,81.21183013916016,48.58000183105469,46.54999923706055,5.236499786376953,35.05692672729492,151.75,91.9000015258789,36.060001373291016,78.69667053222656,52.939998626708984,256.8800048828125,58.810001373291016,100.7300033569336,53.900001525878906,29.9950008392334,29.709999084472656,95.6500015258789,69.1500015258789,85.33000183105469,36.58000183105469,218.5399932861328,267.30999755859375,31.200000762939453,32.47999954223633,57.900001525878906,73.70999908447266,57.220001220703125,120.37000274658203,21.540000915527344,71.0999984741211,217.00999450683594,57.349998474121094,130.72000122070312,127.41999816894531,112.25,63.7599983215332,80.25763702392578,48.189998626708984,45.810001373291016,5.147500038146973,34.44022750854492,150.07000732421875,89.62000274658203,34.97999954223633,77.61333465576172,52.150001525878906,253.19000244140625,57.93000030517578,99.13999938964844,53.209999084472656,29.764999389648438,29.450000762939453,94.9000015258789,68.5999984741211,85.73999786376953,36.650001525878906,220.42999267578125,268.0299987792969,31.24799919128418,32.720001220703125,58.2400016784668,74.25,57.84000015258789,120.45999908447266,22.209999084472656,72.66999816894531,218.38999938964844,57.869998931884766,131.0399932861328,128.1300048828125,112.87000274658203,64.30000305175781,80.67748260498047,48.52000045776367,46.5,5.208749771118164,35.05692672729492,150.63999938964844,90.69999694824219,36.0,77.99333190917969,52.58000183105469,254.8699951171875,58.209999084472656,99.47000122070312,53.810001373291016,29.864999771118164,29.56999969482422,95.05000305175781,69.0199966430664,5798800,67648300,2333000,422800,12625000,48887800,12857500,14040700,4644200,5076400,6227300,3847700,1756000,15332700,5885400,8023300,3250600,4325600,6516883,7022000,15423600,300188000,25855252,1677500,9353200,9728100,929700,5336200,3289800,4090800,1887200,16846800,21151200,43495400,6507700,11773700
2019-11-14,67.2233657836914,38.349998474121094,179.04811096191406,254.65126037597656,26.25938606262207,27.91196060180664,45.703975677490234,58.783321380615234,45.279727935791016,90.68697357177734,15.724544525146484,54.211029052734375,188.21395874023438,50.99372863769531,109.27037048339844,107.94628143310547,103.27825164794922,52.55097961425781,65.77556610107422,39.79650115966797,45.643436431884766,5.217294216156006,25.258495330810547,117.62432098388672,78.10252380371094,29.5455322265625,73.89988708496094,46.55067825317383,229.3189239501953,44.44484329223633,77.37852478027344,45.346248626708984,22.102867126464844,26.255239486694336,85.33938598632812,51.15475082397461,87.62999725341797,38.349998474121094,218.5,269.7300109863281,30.89699935913086,32.70000076293945,58.5099983215332,73.83999633789062,57.25,121.95999908447266,21.84000015258789,72.3499984741211,219.42999267578125,57.810001373291016,130.9600067138672,128.60000610351562,111.38999938964844,64.44999694824219,80.67748260498047,48.61000061035156,46.79999923706055,5.244750022888184,34.67741775512695,149.02000427246094,90.4800033569336,34.709999084472656,78.24666595458984,52.47999954223633,255.8300018310547,58.56999969482422,100.81999969482422,53.4900016784668,29.809999465942383,29.670000076293945,95.43000030517578,68.5,87.75,38.5,218.74000549316406,270.4599914550781,31.18400001525879,32.86000061035156,58.849998474121094,74.01000213623047,58.04999923706055,122.94000244140625,22.110000610351562,74.23999786376953,220.47000122070312,58.040000915527344,131.36000061035156,128.83999633789062,112.36000061035156,65.20999908447266,81.27862548828125,48.720001220703125,46.83000183105469,5.247000217437744,34.87665939331055,150.86000061035156,90.58000183105469,35.349998474121094,78.31666564941406,52.72999954223633,256.0799865722656,58.68000030517578,101.05999755859375,53.560001373291016,30.045000076293945,29.670000076293945,95.56999969482422,68.97000122070312,85.93000030517578,37.36000061035156,213.5500030517578,268.1499938964844,30.611000061035156,32.4900016784668,57.91999816894531,73.33000183105469,56.959999084472656,121.4000015258789,21.639999389648438,72.11000061035156,218.02999877929688,57.56999969482422,130.13999938964844,127.58999633789062,111.0,64.16000366210938,79.86640930175781,48.209999084472656,45.77000045776367,5.163000106811523,34.45920181274414,148.47999572753906,89.43000030517578,34.5,77.6500015258789,52.130001068115234,253.47000122070312,58.18000030517578,99.76000213623047,53.099998474121094,29.670000076293945,29.469999313354492,94.8499984741211,68.18000030517578,86.4800033569336,37.5099983215332,218.22000122070312,268.6499938964844,31.075000762939453,32.689998626708984,58.61000061035156,73.61000061035156,57.7599983215332,121.8499984741211,21.700000762939453,72.87000274658203,218.7899932861328,57.61000061035156,131.02999877929688,127.72000122070312,112.19000244140625,64.48999786376953,81.03053283691406,48.31999969482422,46.119998931884766,5.223249912261963,34.68690872192383,150.16000366210938,90.30999755859375,34.959999084472656,78.08999633789062,52.5,253.8000030517578,58.5,99.87000274658203,53.220001220703125,29.8799991607666,29.530000686645508,95.4000015258789,68.86000061035156,5425600,65829500,2749300,539200,17268000,35554600,10931900,9446800,3971200,4882800,5818300,3425200,1483100,12119000,4217500,8483400,2627100,4440400,7911247,5836600,11797400,518080000,25190600,1973000,8793600,14068000,973800,5308600,2101900,3304600,2288100,16491400,16233600,46158400,6498800,11279800
2019-11-15,67.99046325683594,38.560001373291016,180.9820098876953,259.5982360839844,26.594242095947266,28.1082820892334,45.76647186279297,59.2291374206543,46.070640563964844,90.58935546875,16.242935180664062,55.05773162841797,188.91729736328125,51.12604904174805,112.59121704101562,108.72691345214844,104.94718933105469,52.74666976928711,66.0478515625,40.10761260986328,46.53095626831055,5.07802677154541,25.762977600097656,119.07665252685547,78.38739776611328,30.098819732666016,74.57674407958984,47.2691535949707,241.482666015625,44.83944320678711,77.21736145019531,45.60904312133789,22.273401260375977,26.32602882385254,87.15474700927734,51.6700325012207,88.62999725341797,38.560001373291016,220.86000061035156,274.9700012207031,31.291000366210938,32.93000030517578,58.59000015258789,74.4000015258789,58.25,120.63999938964844,22.559999465942383,73.4800033569336,220.25,57.959999084472656,134.94000244140625,129.52999877929688,113.19000244140625,64.69000244140625,81.0114517211914,48.9900016784668,47.709999084472656,5.104750156402588,35.370018005371094,150.86000061035156,90.80999755859375,35.36000061035156,78.96333312988281,53.290000915527344,269.3999938964844,59.09000015258789,100.61000061035156,53.79999923706055,30.040000915527344,29.75,97.45999908447266,69.19000244140625,89.19000244140625,39.369998931884766,220.92999267578125,275.5199890136719,31.305999755859375,32.959999084472656,58.790000915527344,74.45999908447266,58.290000915527344,121.38999938964844,22.850000381469727,74.01000213623047,221.08999633789062,58.70000076293945,134.97000122070312,129.52999877929688,113.81999969482422,65.29000091552734,81.67938995361328,49.15999984741211,48.52000045776367,5.29449987411499,35.55028533935547,150.9199981689453,93.94000244140625,35.720001220703125,79.62999725341797,53.38999938964844,275.57000732421875,59.31999969482422,101.19999694824219,53.939998626708984,30.155000686645508,29.799999237060547,97.62999725341797,69.30000305175781,87.26000213623047,38.34000015258789,217.2100067138672,273.5799865722656,31.007999420166016,32.70000076293945,58.400001525878906,73.68000030517578,57.54999923706055,120.11000061035156,22.010000228881836,72.54000091552734,219.0399932861328,57.619998931884766,130.77999877929688,128.39999389648438,111.33000183105469,64.37999725341797,80.76335906982422,48.720001220703125,47.34000015258789,5.015999794006348,34.648956298828125,149.41000366210938,90.58000183105469,34.93000030517578,78.59666442871094,52.880001068115234,255.36000061035156,58.68000030517578,99.54000091552734,53.43000030517578,29.899999618530273,29.65999984741211,95.66999816894531,68.66999816894531,88.0999984741211,38.939998626708984,219.58999633789062,274.30999755859375,31.226999282836914,32.91999816894531,58.540000915527344,74.33999633789062,57.560001373291016,121.22000122070312,22.040000915527344,72.80999755859375,220.0,58.16999816894531,131.25,129.22999572753906,111.33000183105469,64.91999816894531,80.81106567382812,48.869998931884766,47.599998474121094,5.242499828338623,34.75332260131836,150.11000061035156,92.5999984741211,34.939998626708984,79.28333282470703,53.0099983215332,256.1099853515625,58.79999923706055,101.0,53.779998779296875,29.934999465942383,29.770000457763672,95.76000213623047,68.70999908447266,8036700,62958500,2028600,667900,18120000,36398300,9723800,10294000,4261900,5589600,6862200,3505300,1693100,16112100,10495100,10163600,4857400,4468100,9675870,6439000,17859200,1053628000,36378810,1773000,25490200,9017400,977400,5986400,10136000,5069900,2487600,15225300,18363600,30097000,11337700,11252800
2019-11-18,68.06719970703125,39.880001068115234,180.82632446289062,258.18212890625,26.4378662109375,28.133888244628906,45.032203674316406,59.2291374206543,44.84473419189453,89.01995849609375,15.810942649841309,53.394325256347656,188.4712677001953,51.38185501098633,112.49942779541016,109.64186096191406,105.76309967041016,52.624359130859375,65.44881439208984,40.14035415649414,46.63822937011719,5.279217720031738,25.721515655517578,119.74761199951172,78.10252380371094,29.52850341796875,74.40674591064453,47.38447189331055,244.64686584472656,45.19608688354492,77.56273651123047,45.778602600097656,22.002769470214844,26.379127502441406,86.85964965820312,51.169677734375,88.7300033569336,39.880001068115234,220.6699981689453,273.4700012207031,31.10700035095215,32.959999084472656,57.650001525878906,74.4000015258789,56.70000076293945,118.55000305175781,21.959999084472656,71.26000213623047,219.72999572753906,58.25,134.8300018310547,130.6199951171875,114.06999969482422,64.54000091552734,80.27671813964844,49.029998779296875,47.81999969482422,5.307000160217285,35.31309127807617,151.7100067138672,90.4800033569336,34.689998626708984,78.78333282470703,53.41999816894531,272.92999267578125,59.560001373291016,101.05999755859375,54.0,29.674999237060547,29.809999465942383,97.12999725341797,68.5199966430664,89.41000366210938,39.9900016784668,221.58999633789062,276.2300109863281,31.340999603271484,33.029998779296875,58.529998779296875,74.63999938964844,57.779998779296875,120.0,22.31999969482422,72.94000244140625,219.9499969482422,58.47999954223633,135.69000244140625,130.64999389648438,114.12999725341797,64.73999786376953,80.93511199951172,49.09000015258789,48.40999984741211,5.333749771118164,35.52182388305664,152.42999267578125,91.9800033569336,35.0,79.26667022705078,53.959999084472656,278.45001220703125,59.65999984741211,101.11000061035156,54.11000061035156,29.885000228881836,29.81999969482422,97.93000030517578,68.81999969482422,88.31999969482422,38.599998474121094,219.2100067138672,271.80999755859375,30.80299949645996,32.75,57.290000915527344,73.55999755859375,56.38999938964844,118.13999938964844,21.600000381469727,70.69999694824219,218.0399932861328,57.56999969482422,132.66000366210938,128.99000549316406,112.86000061035156,63.880001068115234,80.0095443725586,48.560001373291016,47.470001220703125,5.094250202178955,35.06641387939453,150.49000549316406,89.27999877929688,34.13999938964844,78.39666748046875,53.38999938964844,269.0,59.0099983215332,99.88999938964844,53.650001525878906,29.549999237060547,29.65999984741211,97.01000213623047,68.30000305175781,88.33999633789062,38.650001525878906,221.05999755859375,273.07000732421875,31.18199920654297,32.86000061035156,58.189998626708984,74.29000091552734,57.70000076293945,119.81999969482422,22.25,72.72000122070312,219.72999572753906,57.70000076293945,134.22000122070312,129.55999755859375,113.0199966430664,64.51000213623047,80.78244018554688,48.84000015258789,47.95000076293945,5.097249984741211,35.47438430786133,150.52000427246094,90.80999755859375,34.97999954223633,78.9566650390625,53.38999938964844,269.0,59.0099983215332,100.25,53.84000015258789,29.850000381469727,29.75,97.37000274658203,68.69999694824219,5772300,66102800,2239500,430700,15850000,31133700,28506700,8525700,5793300,4885300,7662000,2965800,1603400,16097500,9291800,8749300,3361600,3310700,10701757,6446900,12631200,574588000,18084532,1616600,10360500,11671500,777000,4774400,6985200,4845500,2938000,14374600,25508200,25440500,11251400,10095600
2019-11-19,68.28966522216797,41.290000915527344,183.9647674560547,256.36944580078125,27.0013427734375,28.11681365966797,44.118282318115234,59.563472747802734,45.21645736694336,87.44306945800781,15.472545623779297,52.74992370605469,188.73716735839844,51.47005844116211,112.49107360839844,109.6082992553711,106.7181167602539,50.84857177734375,65.85334014892578,40.38596725463867,45.42887878417969,5.172529220581055,26.025585174560547,119.75547790527344,75.92727661132812,29.205055236816406,74.0352554321289,47.686058044433594,245.81214904785156,45.08985900878906,75.59579467773438,45.80402374267578,21.676532745361328,26.432220458984375,87.44986724853516,50.646942138671875,89.0199966430664,41.290000915527344,224.5,271.54998779296875,31.770000457763672,32.939998626708984,56.47999954223633,74.81999969482422,57.16999816894531,116.44999694824219,21.489999771118164,70.4000015258789,220.0399932861328,58.349998474121094,134.82000732421875,130.5800018310547,115.0999984741211,61.849998474121094,80.77290344238281,49.33000183105469,46.58000183105469,5.199749946594238,35.73054885864258,151.72000122070312,87.95999908447266,34.310001373291016,78.38999938964844,53.7599983215332,274.2300109863281,59.41999816894531,97.62000274658203,54.029998779296875,29.235000610351562,29.8700008392334,97.79000091552734,67.81999969482422,90.41000366210938,41.790000915527344,224.67999267578125,273.239990234375,32.56700134277344,33.150001525878906,57.849998474121094,75.23999786376953,57.529998779296875,118.80000305175781,21.889999389648438,71.38999938964844,220.67999267578125,58.650001525878906,135.19000244140625,131.25,116.12000274658203,63.88999938964844,81.05915832519531,49.599998474121094,48.18000030517578,5.299499988555908,35.74952697753906,153.10000610351562,91.38999938964844,34.68000030517578,79.26667022705078,54.13999938964844,275.3599853515625,59.77000045776367,100.16000366210938,54.33000183105469,29.604999542236328,29.969999313354492,97.93000030517578,68.55999755859375,88.91000366210938,39.689998626708984,220.6999969482422,270.3999938964844,31.665000915527344,32.81999969482422,56.2599983215332,74.47000122070312,56.29999923706055,116.08000183105469,21.209999084472656,69.77999877929688,218.30999755859375,57.75,134.2100067138672,130.17999267578125,113.75,61.720001220703125,80.1240463256836,49.209999084472656,46.279998779296875,5.141250133514404,35.4079704284668,150.75,86.68000030517578,34.040000915527344,77.9566650390625,53.68000030517578,271.54998779296875,59.13999938964844,97.19000244140625,53.869998931884766,29.200000762939453,29.790000915527344,97.22000122070312,67.77999877929688,89.26000213623047,40.13999938964844,221.24000549316406,272.95001220703125,31.665000915527344,33.119998931884766,57.84000015258789,74.97000122070312,56.83000183105469,118.5,21.84000015258789,71.36000061035156,220.55999755859375,58.47999954223633,135.0,130.99000549316406,114.02999877929688,63.779998779296875,80.53434753417969,49.220001220703125,48.11000061035156,5.275750160217285,35.512332916259766,152.0,91.25,34.52000045776367,79.1500015258789,54.04999923706055,275.239990234375,59.630001068115234,100.05999755859375,54.099998474121094,29.579999923706055,29.8799991607666,97.47000122070312,68.4000015258789,7504800,94373000,2551600,465200,31743000,33183700,39248100,9095500,6588000,8723000,6166100,3763500,1817100,17061900,5192200,8824500,3781600,4757000,9691380,6980100,18384000,414564000,26475110,1647000,18091300,10174100,731700,4731100,4002000,4974700,3641300,14434100,30758200,30770900,10025800,12605500
2019-11-20,66.89348602294922,40.97999954223633,184.7924041748047,253.8392791748047,26.48885726928711,27.90342140197754,44.063602447509766,58.83903503417969,46.94854736328125,88.1113510131836,15.803746223449707,53.993743896484375,186.91021728515625,51.0731086730957,113.42557525634766,108.81085205078125,106.26378631591797,50.807456970214844,66.33568572998047,40.197654724121094,44.4438362121582,5.251863479614258,25.604034423828125,119.80284881591797,73.90738677978516,30.76276969909668,73.1632308959961,47.45543670654297,247.00433349609375,44.8546028137207,75.26280212402344,45.38862991333008,21.8952579498291,26.308338165283203,87.3335952758789,50.80376052856445,87.19999694824219,40.97999954223633,225.50999450683594,268.8699951171875,31.16699981689453,32.689998626708984,56.40999984741211,73.91000366210938,59.36000061035156,117.33999633789062,21.950000762939453,72.05999755859375,217.91000366210938,57.900001525878906,135.94000244140625,129.6300048828125,114.61000061035156,61.79999923706055,81.364501953125,49.099998474121094,45.56999969482422,5.2795000076293945,35.15180206298828,151.77999877929688,85.62000274658203,36.13999938964844,77.46666717529297,53.5,275.55999755859375,59.11000061035156,97.19000244140625,53.540000915527344,29.530000686645508,29.729999542236328,97.66000366210938,68.02999877929688,88.72000122070312,41.75,226.5500030517578,272.0,31.683000564575195,32.83000183105469,56.5,74.72000122070312,59.54999923706055,118.08000183105469,22.540000915527344,73.36000061035156,219.47000122070312,58.36000061035156,136.33999633789062,130.6199951171875,115.91999816894531,62.150001525878906,81.56488800048828,49.11000061035156,46.5,5.363749980926514,35.75901412963867,152.66000366210938,88.36000061035156,36.22999954223633,78.413330078125,53.779998779296875,276.0299987792969,59.439998626708984,97.69999694824219,53.86000061035156,29.7450008392334,29.809999465942383,97.97000122070312,68.54000091552734,86.54000091552734,40.06999969482422,223.1300048828125,267.0,30.899999618530273,32.41999816894531,55.29999923706055,73.22000122070312,56.91999816894531,116.12000274658203,21.290000915527344,70.30999755859375,216.39999389648438,57.369998931884766,134.07000732421875,128.94000244140625,114.05000305175781,59.81999969482422,80.58206176757812,48.38999938964844,45.22999954223633,5.164000034332275,35.113853454589844,150.44000244140625,85.30999755859375,34.13999938964844,76.87333679199219,53.209999084472656,271.239990234375,58.72999954223633,94.7699966430664,53.25,29.045000076293945,29.520000457763672,97.08000183105469,67.31999969482422,88.72000122070312,40.959999084472656,224.3800048828125,271.29998779296875,31.59000015258789,32.790000915527344,56.15999984741211,74.62999725341797,57.099998474121094,116.41000366210938,21.399999618530273,70.73999786376953,218.36000061035156,58.2599983215332,135.11000061035156,130.3000030517578,114.95999908447266,61.75,80.65839385986328,48.959999084472656,46.150001525878906,5.176750183105469,35.64516067504883,151.27000427246094,87.81999969482422,34.36000061035156,78.02333068847656,53.54999923706055,272.25,59.150001525878906,97.66999816894531,53.72999954223633,29.225000381469727,29.75,97.62999725341797,67.66999816894531,10933000,79767900,3524300,408800,19927000,43612200,185413200,12799900,10097500,5903100,6380900,4027600,2177700,18542300,7594400,11782800,3638200,8599600,8160147,9138700,24660700,472588000,19947582,1456400,13045100,15805500,1412700,5264800,4141600,4287600,4590000,14994700,34290000,46719500,12305600,16930700
2019-11-21,66.37184143066406,39.52000045776367,186.6853485107422,252.1021728515625,26.79311752319336,28.03145980834961,44.40729522705078,58.83109664916992,47.620819091796875,89.1851577758789,16.394136428833008,54.9378547668457,187.18467712402344,51.35539627075195,113.84276580810547,109.06267547607422,106.3935775756836,51.99132537841797,66.4834976196289,39.98480224609375,44.42432403564453,5.226993083953857,26.08087158203125,119.7318115234375,73.46714782714844,31.171350479125977,72.38247680664062,46.99417495727539,247.89178466796875,45.142967224121094,76.20755767822266,45.40559005737305,22.254865646362305,26.28178596496582,87.55717468261719,52.02847671508789,86.5199966430664,39.52000045776367,227.82000732421875,267.0299987792969,31.524999618530273,32.84000015258789,56.849998474121094,73.9000015258789,60.209999084472656,118.7699966430664,22.770000457763672,73.31999969482422,218.22999572753906,58.220001220703125,136.44000244140625,129.92999267578125,114.75,63.2400016784668,81.5457992553711,48.84000015258789,45.54999923706055,5.254499912261963,35.806453704833984,151.69000244140625,85.11000061035156,36.619998931884766,76.63999938964844,52.97999954223633,276.54998779296875,59.4900016784668,98.41000366210938,53.560001373291016,30.014999389648438,29.700000762939453,97.91000366210938,69.66999816894531,86.87000274658203,40.709999084472656,228.8000030517578,269.510009765625,31.56999969482422,33.040000915527344,57.459999084472656,74.62999725341797,60.54999923706055,118.94999694824219,22.889999389648438,73.45999908447266,219.32000732421875,58.29999923706055,136.85000610351562,130.72000122070312,115.5199966430664,63.31999969482422,81.84160614013672,49.34000015258789,46.18000030517578,5.330999851226807,35.9962043762207,153.52999877929688,86.30000305175781,36.91999816894531,77.31999969482422,53.5099983215332,277.67999267578125,59.709999084472656,98.8499984741211,53.93000030517578,30.040000915527344,29.84000015258789,97.9800033569336,69.75,85.55000305175781,38.63999938964844,225.02000427246094,266.5899963378906,30.979999542236328,32.630001068115234,56.459999084472656,73.51000213623047,59.400001525878906,117.19999694824219,21.90999984741211,71.30000305175781,216.82000732421875,57.40999984741211,135.0,129.38999938964844,113.29000091552734,61.939998626708984,80.4103012084961,48.72999954223633,45.040000915527344,5.232749938964844,35.14231491088867,151.30999755859375,84.55000305175781,36.040000915527344,76.30332946777344,52.939998626708984,273.9100036621094,59.08000183105469,97.2699966430664,53.34000015258789,29.53499984741211,29.600000381469727,97.05000305175781,67.91999816894531,86.79000091552734,40.41999816894531,227.1199951171875,269.45001220703125,31.11400032043457,32.779998779296875,57.130001068115234,74.08000183105469,59.54999923706055,117.61000061035156,22.110000610351562,72.05999755859375,218.60000610351562,57.4900016784668,135.94000244140625,130.0,114.69999694824219,62.060001373291016,81.77481079101562,49.25,45.29999923706055,5.275000095367432,35.30360412597656,152.6699981689453,84.79000091552734,36.41999816894531,76.92666625976562,53.5,275.2200012207031,59.380001068115234,97.56999969482422,53.84000015258789,29.6299991607666,29.790000915527344,97.72000122070312,68.0199966430664,9614100,88069400,2659300,652100,19317000,42787600,22932700,8585100,10527300,5810900,7108000,4147700,1677700,16139000,6424900,7705500,2909500,3842000,7195568,8353600,14192900,288388000,20942664,1404600,10180400,11451700,2084400,6037000,3309900,5880400,3127700,16186100,31283400,37192700,9122400,14080900
2019-11-22,66.01130676269531,39.150001525878906,189.07809448242188,251.33743286132812,26.76507568359375,28.32167625427246,44.094844818115234,59.603275299072266,47.37563705444336,89.08001708984375,16.394136428833008,54.69059371948242,188.9429931640625,50.81731033325195,115.20282745361328,109.7845458984375,107.73799133300781,51.26784896850586,66.47569274902344,40.320472717285156,44.73642349243164,5.244650840759277,26.488603591918945,120.64739990234375,73.27725982666016,31.162830352783203,72.3069076538086,46.825660705566406,248.15171813964844,45.56791687011719,75.51061248779297,46.015968322753906,22.180721282958984,26.47646713256836,87.87017059326172,51.80445098876953,86.05000305175781,39.150001525878906,230.74000549316406,266.2200012207031,31.492000579833984,33.18000030517578,56.45000076293945,74.87000274658203,59.900001525878906,118.62999725341797,22.770000457763672,72.98999786376953,220.27999877929688,57.61000061035156,138.07000732421875,130.7899932861328,116.19999694824219,62.36000061035156,81.53626251220703,49.25,45.869998931884766,5.272250175476074,36.3662223815918,152.85000610351562,84.88999938964844,36.61000061035156,76.55999755859375,52.790000915527344,276.8399963378906,60.04999923706055,97.51000213623047,54.279998779296875,29.915000915527344,29.920000076293945,98.26000213623047,69.37000274658203,86.79000091552734,39.88999938964844,230.8699951171875,270.2300109863281,31.947999954223633,33.31999969482422,57.119998931884766,74.91999816894531,61.38999938964844,119.69999694824219,23.040000915527344,74.30999755859375,220.7100067138672,58.650001525878906,138.6300048828125,131.22000122070312,116.68000030517578,63.59000015258789,82.40457916259766,49.2599983215332,46.380001068115234,5.323999881744385,36.44212341308594,153.72000122070312,85.81999969482422,37.09000015258789,77.28333282470703,53.15999984741211,277.7699890136719,60.04999923706055,99.72000122070312,54.349998474121094,30.184999465942383,29.950000762939453,98.4000015258789,70.18000030517578,85.30999755859375,38.189998626708984,227.8300018310547,264.80999755859375,31.371000289916992,32.939998626708984,55.91999816894531,73.97000122070312,59.63999938964844,118.5999984741211,22.510000228881836,72.83000183105469,218.0,57.4900016784668,136.5,130.10000610351562,114.70999908447266,62.2599983215332,81.41221618652344,48.81999969482422,45.75,5.248499870300293,35.75901412963867,150.94000244140625,84.52999877929688,36.2400016784668,76.37999725341797,52.7400016784668,275.0,59.5,97.3499984741211,53.810001373291016,29.854999542236328,29.739999771118164,97.87000274658203,69.33000183105469,86.63999938964844,39.36000061035156,228.0800018310547,269.8699951171875,31.663999557495117,32.959999084472656,56.650001525878906,74.0999984741211,60.4900016784668,119.05999755859375,22.8700008392334,73.51000213623047,218.0,58.34000015258789,136.64999389648438,130.14999389648438,115.08999633789062,63.349998474121094,81.72709655761719,48.939998626708984,45.93000030517578,5.277249813079834,35.85388946533203,151.36000061035156,85.29000091552734,36.70000076293945,76.86000061035156,52.91999816894531,276.5299987792969,59.52000045776367,99.05000305175781,53.900001525878906,30.040000915527344,29.739999771118164,98.08000183105469,69.70999908447266,7784700,56931900,1975000,616000,13216000,38783900,21515600,7910700,6575300,4786800,4324300,2903300,1529100,15690200,9235800,8167900,3120100,2379300,7800159,6609800,11253700,224100000,25544006,1080600,6166700,7515000,1028400,4172300,2802700,6548900,2877500,13823400,22984000,35195000,6141800,12143600
2019-11-25,67.32310485839844,39.790000915527344,192.19198608398438,255.9918670654297,27.164531707763672,28.5692138671875,43.87613296508789,60.248130798339844,48.28519821166992,88.89228820800781,16.372533798217773,55.087711334228516,191.06161499023438,51.875823974609375,115.25320434570312,110.37212371826172,108.91552734375,51.325401306152344,66.67017364501953,40.9017333984375,46.345645904541016,5.501297473907471,26.730466842651367,121.08155059814453,73.6225357055664,31.562896728515625,74.04156494140625,47.686058044433594,253.37747192382812,45.39338684082031,75.38671875,45.95661926269531,22.202964782714844,26.644596099853516,88.89857482910156,51.4609375,87.76000213623047,39.790000915527344,234.5399932861328,271.1499938964844,31.961999893188477,33.470001220703125,56.16999816894531,75.68000030517578,61.04999923706055,118.37999725341797,22.739999771118164,73.5199966430664,222.75,58.810001373291016,137.17999267578125,131.49000549316406,117.47000122070312,62.43000030517578,81.77481079101562,49.959999084472656,47.52000045776367,5.530250072479248,36.69829177856445,153.39999389648438,85.29000091552734,37.08000183105469,78.39666748046875,53.7599983215332,282.6700134277344,59.81999969482422,97.3499984741211,54.209999084472656,29.94499969482422,30.110000610351562,99.41000366210938,68.91000366210938,87.87999725341797,40.16999816894531,235.8000030517578,271.75,32.018001556396484,33.5099983215332,57.099998474121094,75.8499984741211,61.15999984741211,119.22000122070312,22.889999389648438,73.58999633789062,223.9499969482422,58.84000015258789,137.64999389648438,132.07000732421875,118.45999908447266,63.060001373291016,82.6240463256836,49.97999954223633,47.54999923706055,5.535250186920166,36.88804626464844,154.4199981689453,86.29000091552734,37.20000076293945,78.47333526611328,53.939998626708984,283.0,60.5099983215332,98.16999816894531,54.529998779296875,29.9950008392334,30.149999618530273,99.43000030517578,69.44000244140625,86.05999755859375,39.4900016784668,231.0800018310547,268.1300048828125,31.62700080871582,33.2599983215332,55.939998626708984,74.87000274658203,59.209999084472656,117.9800033569336,22.489999771118164,72.06999969482422,220.88999938964844,58.0,136.24000549316406,130.8699951171875,116.5999984741211,62.11000061035156,81.4312973022461,49.31999969482422,45.939998626708984,5.388000011444092,36.48007583618164,152.72999572753906,85.08000183105469,36.029998779296875,77.29000091552734,52.79999923706055,277.010009765625,59.65999984741211,96.95999908447266,54.040000915527344,29.764999389648438,29.950000762939453,98.51000213623047,68.70999908447266,86.8499984741211,39.5,231.0800018310547,268.3599853515625,31.660999298095703,33.33000183105469,56.91999816894531,74.93000030517578,60.0,118.43000030517578,22.729999542236328,72.81999969482422,220.88999938964844,58.0,137.05999755859375,131.25,116.5999984741211,62.459999084472656,82.09923553466797,49.349998474121094,46.099998474121094,5.401000022888184,36.50853729248047,153.5500030517578,85.76000213623047,36.29999923706055,77.29000091552734,53.09000015258789,277.7799987792969,60.040000915527344,97.77999877929688,54.529998779296875,29.8799991607666,29.959999084472656,98.66000366210938,69.37000274658203,9522100,45769500,2637400,409800,19636000,50238800,23231400,11497700,7721200,7390000,7193200,3129200,2181800,15011700,6111900,10068500,2939300,6855800,9021289,8461000,18803600,506476000,31592385,2438300,8964100,8711700,1229100,5021500,4082900,8473300,3027400,15561000,24672000,50094100,11726500,10670000
2019-11-26,67.29239654541016,38.9900016784668,192.06907653808594,256.2940368652344,26.879812240600586,28.466781616210938,44.313560485839844,60.07299041748047,47.5417366027832,88.44926452636719,16.026941299438477,53.8813591003418,190.8042755126953,51.95521545410156,115.24480438232422,110.5232162475586,108.56318664550781,50.700584411621094,67.94605255126953,40.45145034790039,45.565406799316406,5.396600246429443,26.460952758789062,120.67896270751953,73.05282592773438,30.975563049316406,73.7645034790039,47.57074737548828,252.2391357421875,45.469268798828125,75.45639038085938,45.61752700805664,21.999059677124023,26.618051528930664,88.8270263671875,51.3339729309082,87.72000122070312,38.9900016784668,234.38999938964844,271.4700012207031,31.62700080871582,33.349998474121094,56.72999954223633,75.45999908447266,60.11000061035156,117.79000091552734,22.260000228881836,71.91000366210938,222.4499969482422,58.900001525878906,137.1699981689453,131.6699981689453,117.08999633789062,61.66999816894531,83.3396987915039,49.40999984741211,46.720001220703125,5.425000190734863,36.32827377319336,152.88999938964844,84.62999725341797,36.38999938964844,78.10333251953125,53.630001068115234,281.3999938964844,59.91999816894531,97.44000244140625,53.810001373291016,29.670000076293945,30.079999923706055,99.33000183105469,68.73999786376953,88.19000244140625,39.47999954223633,234.88999938964844,273.8399963378906,32.018001556396484,33.400001525878906,56.900001525878906,75.83999633789062,61.36000061035156,118.55999755859375,22.809999465942383,73.68000030517578,222.75999450683594,59.130001068115234,137.33999633789062,131.82000732421875,118.11000061035156,62.650001525878906,83.43511199951172,49.93000030517578,47.66999816894531,5.517250061035156,36.6129035949707,153.47000122070312,85.55000305175781,37.220001220703125,78.38666534423828,53.790000915527344,282.25,60.2400016784668,98.41999816894531,54.119998931884766,29.9950008392334,30.110000610351562,99.55999755859375,69.04000091552734,86.93000030517578,38.810001373291016,232.00999450683594,271.2099914550781,31.604999542236328,33.119998931884766,56.08000183105469,74.81999969482422,60.06999969482422,117.19999694824219,22.149999618530273,71.8499984741211,221.11000061035156,58.45000076293945,135.14999389648438,130.36000061035156,117.0,61.400001525878906,81.97518920898438,49.06999969482422,46.540000915527344,5.418499946594238,36.10057067871094,152.33999633789062,84.13999938964844,36.220001220703125,77.74666595458984,53.380001068115234,280.1600036621094,59.70000076293945,97.08999633789062,53.72999954223633,29.559999465942383,29.93000030517578,99.0,68.44000244140625,88.1500015258789,39.29999923706055,233.97999572753906,273.7200012207031,31.899999618530273,33.380001068115234,56.33000183105469,75.83999633789062,60.79999923706055,118.33999633789062,22.700000762939453,73.4800033569336,222.67999267578125,58.95000076293945,136.47000122070312,131.82000732421875,117.47000122070312,62.5099983215332,82.06106567382812,49.91999816894531,47.650001525878906,5.512499809265137,36.56546401977539,153.13999938964844,85.25,36.97999954223633,78.26667022705078,53.5,280.7099914550781,59.77000045776367,97.94999694824219,54.11000061035156,29.985000610351562,30.110000610351562,99.4000015258789,68.91999816894531,6431400,43603300,3300800,445600,30793000,50626600,21781800,11306000,8151100,10053100,6717600,3320000,1926300,22338700,10636500,10490700,4704900,9866700,19233420,10360600,12849300,385244000,34620633,1570700,11584500,9578300,2139600,5672800,2998600,7285600,4971000,18078900,26804000,33516200,11073300,15457000
2019-11-27,67.76034545898438,39.40999984741211,192.19198608398438,256.3033447265625,27.064237594604492,28.526533126831055,44.99315643310547,60.27996826171875,47.72364807128906,88.6595230102539,16.20693588256836,54.211029052734375,191.23316955566406,51.6111946105957,115.73210144042969,110.85057067871094,108.88768768310547,50.536155700683594,68.15608978271484,40.75436782836914,46.969825744628906,5.431443214416504,26.695919036865234,120.99467468261719,73.1995620727539,31.29902458190918,74.29653930664062,47.801361083984375,251.58489990234375,45.674156188964844,75.19310760498047,46.06683349609375,22.05467414855957,26.724241256713867,89.28308868408203,51.30411148071289,88.33000183105469,39.40999984741211,234.5399932861328,271.4800109863281,31.8439998626709,33.41999816894531,57.599998474121094,75.72000122070312,60.34000015258789,118.06999969482422,22.510000228881836,72.3499984741211,222.9499969482422,58.5099983215332,137.75,132.05999755859375,117.44000244140625,61.470001220703125,83.59732818603516,49.779998779296875,48.15999984741211,5.455999851226807,36.65085220336914,153.2899932861328,84.80000305175781,36.77000045776367,78.66666412353516,53.88999938964844,280.6700134277344,60.189998626708984,97.0999984741211,54.34000015258789,29.7450008392334,30.200000762939453,99.83999633789062,68.69999694824219,88.80999755859375,39.7599983215332,235.27999877929688,271.6499938964844,31.993999481201172,33.599998474121094,57.849998474121094,76.12999725341797,60.47999954223633,118.61000061035156,22.59000015258789,72.55999755859375,224.27999877929688,58.59000015258789,138.25,132.42999267578125,117.9000015258789,62.2599983215332,83.84542083740234,49.869998931884766,48.27000045776367,5.50124979019165,36.72675323486328,154.14999389648438,85.30999755859375,36.939998626708984,78.67666625976562,54.060001373291016,281.92999267578125,60.34000015258789,98.0,54.400001525878906,29.80500030517578,30.209999084472656,99.98999786376953,69.08999633789062,87.61000061035156,39.06999969482422,231.85000610351562,270.0799865722656,31.64699935913086,33.310001373291016,56.900001525878906,75.5,59.27000045776367,117.62000274658203,22.100000381469727,71.33000183105469,221.86000061035156,57.90999984741211,136.89999389648438,131.64999389648438,116.62000274658203,60.95000076293945,83.00572204589844,49.5,47.11000061035156,5.429500102996826,36.3662223815918,152.52999877929688,84.47000122070312,36.130001068115234,78.31666564941406,53.540000915527344,278.69000244140625,59.970001220703125,96.68000030517578,54.0099983215332,29.5,30.059999465942383,99.37999725341797,68.41000366210938,87.86000061035156,39.459999084472656,234.64999389648438,271.20001220703125,31.79400062561035,33.4900016784668,56.939998626708984,75.83999633789062,60.349998474121094,117.98999786376953,22.350000381469727,72.06999969482422,223.4499969482422,58.529998779296875,137.16000366210938,132.2899932861328,117.7300033569336,61.93000030517578,83.3969497680664,49.630001068115234,47.349998474121094,5.466750144958496,36.41366195678711,153.6699981689453,85.16000366210938,36.40999984741211,78.41999816894531,54.029998779296875,281.010009765625,60.15999984741211,97.58999633789062,54.150001525878906,29.704999923706055,30.15999984741211,99.47000122070312,68.76000213623047,4711800,33630100,1579800,383300,20182000,32097700,25908300,7592100,5998400,4106100,3221600,2346500,1614600,18184200,5523000,6607900,1798200,4197100,6037318,8614000,15409400,215784000,19201034,1315300,5215000,6538200,775200,2786100,2323900,4246500,3016700,16352900,19336600,31012300,6333200,8393900
2019-11-29,67.3000717163086,39.150001525878906,192.33950805664062,255.49147033691406,26.87470817565918,28.441181182861328,44.47760772705078,59.80230712890625,47.40727615356445,87.95366668701172,15.76054573059082,53.124595642089844,190.9312744140625,51.205440521240234,115.513671875,110.5987777709961,108.80423736572266,49.853797912597656,67.82156372070312,40.50876235961914,46.335899353027344,5.394111633300781,26.619901657104492,120.93157958984375,72.12055206298828,30.81383514404297,73.50008392333984,47.09174728393555,250.86767578125,45.55274200439453,73.94635009765625,46.168556213378906,21.832231521606445,26.679996490478516,88.97008514404297,50.87843704223633,87.7300033569336,39.150001525878906,234.72000122070312,270.6199951171875,31.621000289916992,33.31999969482422,56.939998626708984,75.12000274658203,59.939998626708984,117.12999725341797,21.889999389648438,70.9000015258789,221.35000610351562,58.04999923706055,137.49000549316406,131.75999450683594,117.3499984741211,60.63999938964844,83.18701934814453,49.47999954223633,47.5099983215332,5.418499946594238,36.54648971557617,153.2100067138672,83.55000305175781,36.20000076293945,77.82333374023438,53.09000015258789,279.8699951171875,60.029998779296875,95.48999786376953,54.459999084472656,29.44499969482422,30.149999618530273,99.48999786376953,68.12999725341797,88.08999633789062,39.52000045776367,235.47000122070312,273.42999267578125,31.77899932861328,33.52000045776367,57.369998931884766,75.80000305175781,60.29999923706055,117.81999969482422,22.25,71.8499984741211,222.0,58.29999923706055,138.27000427246094,132.41000366210938,118.04000091552734,61.4900016784668,83.75,49.720001220703125,47.95000076293945,5.453499794006348,36.88804626464844,154.4499969482422,85.0999984741211,36.47999954223633,78.40333557128906,53.15999984741211,280.9200134277344,60.29999923706055,96.94000244140625,54.75,29.604999542236328,30.239999771118164,99.80999755859375,68.52999877929688,87.22000122070312,39.02000045776367,233.75,270.42999267578125,31.5,33.2400016784668,56.849998474121094,74.98999786376953,59.43000030517578,116.87999725341797,21.709999084472656,70.45999908447266,220.41000366210938,57.790000915527344,136.94000244140625,131.4499969482422,117.16999816894531,60.38999938964844,83.04389190673828,49.369998931884766,47.439998626708984,5.394499778747559,36.53700256347656,152.94000244140625,83.41999816894531,35.91999816894531,77.72333526611328,52.79999923706055,277.3299865722656,59.91999816894531,95.37999725341797,54.06999969482422,29.334999084472656,30.09000015258789,99.29000091552734,68.0,88.0,39.099998474121094,234.1300048828125,273.42999267578125,31.684999465942383,33.369998931884766,57.22999954223633,75.43000030517578,59.61000061035156,117.27999877929688,22.25,71.37000274658203,220.8800048828125,58.150001525878906,137.60000610351562,131.8699951171875,117.2300033569336,61.2400016784668,83.17748260498047,49.70000076293945,47.939998626708984,5.425000190734863,36.56546401977539,153.63999938964844,84.51000213623047,36.279998779296875,78.40333557128906,53.060001373291016,278.1000061035156,60.22999954223633,96.83999633789062,54.06999969482422,29.5,30.139999389648438,99.58000183105469,68.33000183105469,3042800,17609900,945600,267600,9229000,19503400,11292400,6246900,2707100,3271000,2392100,1497600,770400,9481100,3278900,5712000,1243900,3545100,4880222,4138400,7343600,141556000,9793873,736300,3882400,5445400,615000,3391700,1520900,3394800,1716800,10508600,15660400,19444200,2392000,7980800
2019-12-02,66.7630615234375,38.72999954223633,191.32342529296875,250.74264526367188,26.408119201660156,28.535066604614258,44.84473419189453,59.32465362548828,47.747379302978516,87.70587158203125,15.717348098754883,53.04214096069336,187.7311553955078,50.861412048339844,115.40442657470703,110.3553466796875,108.23867797851562,50.042877197265625,67.71263885498047,40.18128204345703,45.24357223510742,5.207704544067383,26.460952758789062,119.9607162475586,71.1710433959961,30.950027465820312,72.36988830566406,46.99417495727539,250.679443359375,45.34785079956055,74.0315170288086,45.456451416015625,21.832231521606445,26.511865615844727,88.57662963867188,51.095001220703125,87.02999877929688,38.72999954223633,233.47999572753906,265.5899963378906,31.07200050354004,33.43000030517578,57.40999984741211,74.5199966430664,60.369998931884766,116.80000305175781,21.829999923706055,70.79000091552734,217.63999938964844,57.65999984741211,137.36000061035156,131.47000122070312,116.73999786376953,60.869998931884766,83.05343627929688,49.08000183105469,46.38999938964844,5.231249809265137,36.32827377319336,151.97999572753906,82.44999694824219,36.36000061035156,76.62666320800781,52.97999954223633,279.6600036621094,59.7599983215332,95.5999984741211,53.619998931884766,29.44499969482422,29.959999084472656,99.05000305175781,68.41999816894531,88.02999877929688,39.40999984741211,235.8000030517578,270.2099914550781,31.792999267578125,33.75,58.099998474121094,75.93000030517578,61.29999923706055,118.06999969482422,22.3700008392334,72.62000274658203,221.8000030517578,58.689998626708984,137.85000610351562,132.74000549316406,118.25,61.52000045776367,83.95992279052734,49.959999084472656,47.95000076293945,5.425000190734863,36.8121452331543,154.44000244140625,84.29000091552734,37.02000045776367,77.98332977294922,53.59000015258789,282.0,60.470001220703125,97.08000183105469,54.439998626708984,29.735000610351562,30.260000228881836,99.72000122070312,68.87999725341797,87.0,38.439998626708984,232.6300048828125,263.9200134277344,31.055999755859375,33.34000015258789,57.279998779296875,74.43000030517578,60.02000045776367,116.72000122070312,21.790000915527344,70.70999908447266,217.0800018310547,57.470001220703125,136.85000610351562,131.35000610351562,116.0999984741211,60.47999954223633,82.58587646484375,49.060001373291016,46.349998474121094,5.216000080108643,36.290321350097656,151.94000244140625,82.30999755859375,36.33000183105469,76.46333312988281,52.779998779296875,278.57000732421875,59.68000030517578,95.5199966430664,53.54999923706055,29.40999984741211,29.93000030517578,98.7300033569336,68.37000274658203,87.83999633789062,39.31999969482422,234.5399932861328,270.1099853515625,31.77199935913086,33.45000076293945,57.34000015258789,75.41999816894531,60.2400016784668,117.9800033569336,22.149999618530273,71.62000274658203,220.97000122070312,58.54999923706055,137.72000122070312,132.30999755859375,117.5199966430664,60.880001068115234,83.53053283691406,49.58000183105469,47.56999969482422,5.411499977111816,36.80265808105469,153.92999267578125,83.9800033569336,36.45000076293945,77.90333557128906,53.54999923706055,281.7799987792969,60.25,95.83999633789062,54.310001373291016,29.545000076293945,30.200000762939453,99.69000244140625,68.5,6526400,35710200,1633600,764600,23158000,47158800,24715100,11085300,7171500,5195200,4867500,3938000,2118500,19154500,4717100,8615600,2199700,4327700,5597997,8117100,16053800,372036000,15645998,1234300,7668800,8583000,1428900,4475800,2517100,5085600,3172900,20252700,30779000,52427800,6682200,11116900
2019-12-03,65.9345932006836,38.900001525878906,190.74159240722656,250.03463745117188,26.051156997680664,28.03145980834961,45.110321044921875,58.37733459472656,46.57682800292969,87.0225601196289,15.414949417114258,51.53608703613281,183.07322692871094,49.458885192871094,115.23639678955078,108.936767578125,109.0453109741211,49.352291107177734,67.97716522216797,39.38715744018555,44.11223602294922,5.168133735656738,26.29511260986328,118.19266510009766,69.55684661865234,30.199155807495117,71.24913787841797,46.81678009033203,248.2054901123047,44.7180290222168,72.70732879638672,44.574798583984375,21.50599479675293,26.14020347595215,88.3799057006836,50.691741943359375,85.94999694824219,38.900001525878906,232.77000427246094,264.8399963378906,30.652000427246094,32.84000015258789,57.75,73.33000183105469,58.88999938964844,115.88999938964844,21.40999984741211,68.77999877929688,212.24000549316406,56.06999969482422,137.16000366210938,129.77999877929688,117.61000061035156,60.029998779296875,83.37786102294922,48.11000061035156,45.22999954223633,5.191500186920166,36.10057067871094,149.74000549316406,80.58000183105469,34.9900016784668,75.44000244140625,52.779998779296875,276.8999938964844,58.93000030517578,93.88999938964844,52.58000183105469,29.0049991607666,29.540000915527344,98.83000183105469,67.87999725341797,86.4800033569336,38.93000030517578,233.17999267578125,265.0,30.899999618530273,32.900001525878906,57.810001373291016,73.47000122070312,59.90999984741211,116.69999694824219,21.770000457763672,70.12000274658203,215.42999267578125,56.86000061035156,137.4499969482422,129.9600067138672,117.91999816894531,60.43000030517578,83.46373748779297,48.439998626708984,45.400001525878906,5.195499897003174,36.24288558959961,150.2899932861328,81.38999938964844,35.38999938964844,75.51667022705078,52.93000030517578,278.4200134277344,59.15999984741211,94.9000015258789,53.04999923706055,29.235000610351562,29.6200008392334,98.91000366210938,68.25,85.58999633789062,37.150001525878906,230.77999877929688,261.1099853515625,30.312999725341797,32.54999923706055,56.68000030517578,72.5,58.61000061035156,115.69999694824219,21.09000015258789,68.08000183105469,210.0,55.75,136.16000366210938,128.58999633789062,115.91999816894531,59.2400016784668,82.53816986083984,47.439998626708984,44.54999923706055,5.009250164031982,35.901329040527344,148.08999633789062,79.80999755859375,34.52000045776367,74.61666870117188,52.18000030517578,273.8500061035156,58.63999938964844,93.75,52.16999816894531,28.899999618530273,29.350000381469727,98.02999877929688,67.5199966430664,85.95999908447266,37.34000015258789,231.47999572753906,263.1400146484375,30.582000732421875,32.869998931884766,57.0,73.37999725341797,59.7400016784668,116.19999694824219,21.5,70.01000213623047,215.42999267578125,56.86000061035156,136.91000366210938,129.77000427246094,116.4000015258789,60.09000015258789,82.70992279052734,48.40999984741211,45.119998931884766,5.046750068664551,36.01517868041992,150.27000427246094,81.37999725341797,35.15999984741211,74.9800033569336,52.41999816894531,276.9700012207031,59.15999984741211,94.83999633789062,53.0099983215332,29.184999465942383,29.610000610351562,98.30000305175781,68.0,10054500,51556400,1825400,929800,18736000,58745100,16233300,13559400,6110000,6135800,4483700,4555500,3207100,25737400,5741400,10361300,2786000,5006900,7466162,12217700,20321400,465232000,20869832,2358000,11126100,10351800,1932300,5468100,3239200,8044600,3345700,25560700,33891000,66912000,7709700,12245800
2019-12-04,66.89348602294922,39.689998626708984,191.65115356445312,254.67950439453125,26.3231258392334,28.296062469482422,46.008628845214844,59.09380340576172,47.9530029296875,87.8110122680664,16.120534896850586,53.98625946044922,186.26475524902344,49.41477966308594,117.1015853881836,111.08560180664062,110.02812194824219,49.352291107177734,68.98072814941406,39.98480224609375,45.155799865722656,5.211935520172119,26.3572940826416,119.46344757080078,71.40103149414062,31.234848022460938,72.37616729736328,47.17158508300781,250.37472534179688,45.00637435913086,72.18074035644531,45.134307861328125,21.828529357910156,26.387975692749023,89.20259857177734,51.26677322387695,87.19999694824219,39.689998626708984,233.8800048828125,269.760009765625,30.972000122070312,33.150001525878906,58.900001525878906,74.2300033569336,60.630001068115234,116.94000244140625,22.389999389648438,72.05000305175781,215.94000244140625,56.02000045776367,139.3800048828125,132.33999633789062,118.66999816894531,60.029998779296875,84.60877990722656,48.84000015258789,46.29999923706055,5.235499858856201,36.18595886230469,151.35000610351562,82.08000183105469,36.189998626708984,76.63333129882812,53.18000030517578,279.32000732421875,59.310001373291016,93.20999908447266,53.2400016784668,29.440000534057617,29.81999969482422,99.75,68.6500015258789,87.55000305175781,39.81999969482422,234.88999938964844,270.4100036621094,31.136999130249023,33.29999923706055,58.97999954223633,74.58999633789062,61.04999923706055,117.30000305175781,22.59000015258789,72.55000305175781,216.99000549316406,56.65999984741211,139.74000549316406,132.47000122070312,118.83999633789062,60.9900016784668,84.66603088378906,49.09000015258789,46.599998474121094,5.297999858856201,36.299808502197266,151.83999633789062,82.44000244140625,36.36000061035156,76.96666717529297,53.56999969482422,281.8399963378906,59.70000076293945,94.94999694824219,53.47999954223633,29.530000686645508,29.899999618530273,99.87999725341797,68.76000213623047,86.12000274658203,39.130001068115234,232.0,268.1400146484375,30.71299934387207,32.849998474121094,57.54999923706055,73.41999816894531,59.18000030517578,116.43000030517578,21.739999771118164,69.62999725341797,212.3800048828125,55.86000061035156,138.0399932861328,129.99000549316406,117.56999969482422,59.97999954223633,83.18701934814453,48.16999816894531,45.72999954223633,5.20674991607666,35.948768615722656,149.63999938964844,80.44999694824219,35.279998779296875,76.41000366210938,53.11000061035156,278.6400146484375,58.959999084472656,92.93000030517578,52.540000915527344,29.165000915527344,29.549999237060547,99.12999725341797,68.13999938964844,86.18000030517578,39.380001068115234,232.72999572753906,268.9599914550781,30.975000381469727,33.08000183105469,57.83000183105469,73.83000183105469,59.36000061035156,116.63999938964844,21.760000228881836,69.72000122070312,213.5399932861328,56.65999984741211,138.5,130.3800048828125,118.27999877929688,60.849998474121094,83.52098846435547,48.36000061035156,46.18000030517578,5.2754998207092285,36.27134704589844,149.74000549316406,80.91999816894531,35.47999954223633,76.4800033569336,53.27000045776367,281.6199951171875,59.06999969482422,94.94999694824219,52.599998474121094,29.260000228881836,29.56999969482422,99.2300033569336,68.25,6174600,44299400,1908500,447100,14439000,46637900,22257200,8266400,8036700,5706700,6375200,5310600,1583600,18881400,7257300,10318200,2597000,3884100,7293766,8608400,16921700,273424000,14501248,1703200,8477400,9780100,1081500,3905200,2694200,5926800,3898000,18867400,34853000,41793900,6237600,11049700
2019-12-05,66.52529907226562,39.619998931884766,191.26602172851562,258.5314025878906,26.44806671142578,28.399049758911133,46.461673736572266,59.475921630859375,47.32818603515625,87.35293579101562,15.890142440795898,52.89229202270508,187.2998809814453,49.46771240234375,117.25276184082031,111.68997955322266,111.04801940917969,49.20431137084961,69.04293823242188,40.173095703125,45.4678840637207,5.195011615753174,26.281278610229492,120.13436126708984,71.84465026855469,30.941404342651367,72.73822021484375,48.253746032714844,252.77700805664062,45.2264289855957,72.0103759765625,45.125831604003906,21.724721908569336,26.511865615844727,89.20259857177734,51.08753967285156,86.72000122070312,39.619998931884766,233.41000366210938,273.8399963378906,31.118999481201172,33.09000015258789,59.47999954223633,74.70999908447266,59.84000015258789,116.33000183105469,22.06999969482422,70.58999633789062,217.13999938964844,56.08000183105469,139.55999755859375,133.05999755859375,119.7699966430664,59.849998474121094,84.68511199951172,49.06999969482422,46.619998931884766,5.218500137329102,36.08159255981445,152.1999969482422,82.58999633789062,35.849998474121094,77.01667022705078,54.400001525878906,282.0,59.599998474121094,92.98999786376953,53.22999954223633,29.299999237060547,29.959999084472656,99.75,68.41000366210938,87.25,40.220001220703125,233.77000427246094,275.17999267578125,31.246000289916992,33.220001220703125,59.66999816894531,74.8499984741211,61.27000045776367,117.73999786376953,22.739999771118164,72.80999755859375,217.6300048828125,56.40999984741211,139.75,133.30999755859375,119.91999816894531,60.34000015258789,84.72328186035156,49.2599983215332,47.400001525878906,5.273250102996826,36.4041748046875,152.6300048828125,83.44000244140625,36.470001220703125,77.33333587646484,54.540000915527344,282.82000732421875,59.880001068115234,93.4800033569336,53.529998779296875,29.600000381469727,30.010000228881836,99.9000015258789,68.97000122070312,86.26000213623047,39.54999923706055,231.4600067138672,271.3999938964844,30.9060001373291,33.0,58.79999923706055,74.3499984741211,59.439998626708984,116.19000244140625,21.8700008392334,70.16000366210938,215.4199981689453,55.7599983215332,137.9499969482422,132.17999267578125,117.54000091552734,59.61000061035156,83.94084167480469,48.95000076293945,46.25,5.187749862670898,35.85388946533203,151.58999633789062,81.77999877929688,35.560001373291016,76.68000030517578,53.4900016784668,277.4800109863281,59.16999816894531,91.94000244140625,53.099998474121094,29.200000762939453,29.829999923706055,98.91000366210938,68.20999908447266,87.25,39.95000076293945,233.69000244140625,272.80999755859375,31.05900001525879,33.15999984741211,58.86000061035156,74.6500015258789,61.0,117.62000274658203,22.670000076293945,72.5199966430664,217.14999389648438,56.40999984741211,139.35000610351562,132.67999267578125,118.4000015258789,60.15999984741211,84.66603088378906,49.13999938964844,46.709999084472656,5.257500171661377,36.4041748046875,152.27999877929688,82.6500015258789,36.400001525878906,77.163330078125,53.619998931884766,279.239990234375,59.400001525878906,93.16000366210938,53.40999984741211,29.565000534057617,29.940000534057617,99.80999755859375,68.88999938964844,6072100,35574000,2083600,639200,15494000,38304500,17149700,9581200,5047000,5517500,5175000,3480500,1329300,17673700,5472900,9587400,3003200,3205200,8267462,6680700,13003800,184884000,13098058,2087100,6358300,6836700,1404600,7624300,3357300,4925400,3136100,13499700,21784800,44933500,7390400,13109000
2019-12-06,66.7247314453125,39.630001068115234,191.56100463867188,264.4320983886719,26.861112594604492,28.89682388305664,46.82880783081055,60.35161209106445,49.012840270996094,88.61447143554688,16.6605281829834,55.417388916015625,193.7432861328125,50.111637115478516,117.94173431396484,113.35196685791016,110.927490234375,49.4920539855957,69.12071990966797,40.770751953125,46.745513916015625,5.2803754806518555,26.460952758789062,121.40515899658203,72.91463470458984,31.839000701904297,73.7896957397461,48.73274230957031,252.12014770507812,45.636199951171875,72.490478515625,46.092262268066406,22.13994598388672,26.865827560424805,89.7928466796875,51.909000396728516,86.9800033569336,39.630001068115234,233.77000427246094,280.0899963378906,31.604999542236328,33.66999816894531,59.95000076293945,75.80999755859375,61.970001220703125,118.01000213623047,23.139999389648438,73.95999908447266,224.61000061035156,56.810001373291016,140.3800048828125,135.0399932861328,119.63999938964844,60.20000076293945,84.78053283691406,49.79999923706055,47.93000030517578,5.3042497634887695,36.32827377319336,153.80999755859375,83.81999969482422,36.88999938964844,78.12999725341797,54.939998626708984,280.19000244140625,60.13999938964844,93.61000061035156,54.369998931884766,29.860000610351562,30.360000610351562,100.41000366210938,69.51000213623047,87.70999908447266,40.189998626708984,235.0,281.9700012207031,31.634000778198242,33.79999923706055,60.86000061035156,76.22000122070312,62.130001068115234,119.29000091552734,23.25,74.12000274658203,225.39999389648438,56.9900016784668,141.5800018310547,135.77999877929688,120.70999908447266,61.0,85.15267181396484,50.2400016784668,48.33000183105469,5.337250232696533,36.54648971557617,154.82000732421875,84.25,37.029998779296875,78.3566665649414,55.029998779296875,283.0400085449219,60.58000183105469,94.94000244140625,54.40999984741211,29.950000762939453,30.459999084472656,100.75,69.87000274658203,86.77999877929688,39.560001373291016,233.19000244140625,278.6000061035156,31.20599937438965,33.56999969482422,59.81999969482422,75.5999984741211,60.130001068115234,116.9800033569336,22.170000076293945,70.69999694824219,218.82000732421875,56.41999816894531,139.4600067138672,134.64999389648438,119.58000183105469,60.119998931884766,84.68511199951172,49.72999954223633,47.31999969482422,5.2779998779296875,36.26185989379883,153.5,83.41999816894531,36.0099983215332,77.83000183105469,54.5,279.1099853515625,60.11000061035156,93.38999938964844,53.689998626708984,29.420000076293945,30.280000686645508,100.19999694824219,68.76000213623047,87.20999908447266,40.099998474121094,234.67999267578125,280.79998779296875,31.464000701904297,33.68000030517578,59.880001068115234,75.93000030517578,60.310001373291016,117.08999633789062,22.170000076293945,70.91000366210938,219.9499969482422,56.65999984741211,139.4600067138672,134.69000244140625,119.97000122070312,60.27000045776367,84.92366027832031,49.84000015258789,47.439998626708984,5.288000106811523,36.31878662109375,154.0800018310547,83.44999694824219,36.060001373291016,77.97000122070312,54.5,282.8399963378906,60.25,93.93000030517578,53.86000061035156,29.424999237060547,30.290000915527344,100.2699966430664,68.76000213623047,6044600,31101400,1860900,724600,16937000,50908500,17765400,9877800,8311100,6735300,5310200,4368000,4229400,16476800,6640400,10170600,2462800,3970100,7245872,9487300,20468100,232236000,12868708,2701000,6860400,8525400,1002300,5429100,2828900,5894300,3825100,18325700,33459200,40811300,5658500,13710800
2019-12-09,66.31048583984375,38.93000030517578,190.7825469970703,262.00567626953125,26.719181060791016,28.759511947631836,47.86771011352539,59.96949005126953,48.9021110534668,88.08132934570312,16.667734146118164,55.82949447631836,191.3280792236328,49.86465835571289,118.04254150390625,112.82316589355469,111.48377990722656,48.036895751953125,69.01960754394531,40.60700225830078,45.30208969116211,5.2803754806518555,26.481691360473633,121.3183364868164,73.87151336669922,32.07204055786133,73.45286560058594,48.30696105957031,249.7355194091797,45.529972076416016,71.64640808105469,45.71076965332031,22.11399269104004,26.80388641357422,89.16683959960938,52.02101516723633,86.44000244140625,38.93000030517578,232.82000732421875,277.5199890136719,31.437999725341797,33.5099983215332,61.279998779296875,75.33000183105469,61.83000183105469,117.30000305175781,23.149999618530273,74.51000213623047,221.80999755859375,56.529998779296875,140.5,134.41000366210938,120.23999786376953,58.43000030517578,84.65648651123047,49.599998474121094,46.45000076293945,5.3042497634887695,36.35673522949219,153.6999969482422,84.91999816894531,37.15999984741211,77.77333068847656,54.459999084472656,277.5400085449219,60.0,92.5199966430664,53.91999816894531,29.825000762939453,30.290000915527344,99.70999908447266,69.66000366210938,87.72000122070312,39.84000015258789,235.0500030517578,282.5,31.71500015258789,33.70000076293945,61.58000183105469,75.91999816894531,62.220001220703125,117.88999938964844,23.299999237060547,74.9000015258789,224.64999389648438,56.959999084472656,140.80999755859375,135.4600067138672,120.83999633789062,59.75,84.92366027832031,49.900001525878906,47.77000045776367,5.359250068664551,36.41366195678711,154.05999755859375,85.30000305175781,37.459999084472656,78.38333129882812,55.189998626708984,280.8699951171875,60.40999984741211,93.62000274658203,54.54999923706055,29.96500015258789,30.420000076293945,100.47000122070312,69.97000122070312,86.37999725341797,38.90999984741211,232.6300048828125,277.42999267578125,31.393999099731445,33.439998626708984,60.400001525878906,75.08000183105469,61.380001068115234,116.44000244140625,22.8700008392334,72.77999877929688,221.77000427246094,56.5,140.05999755859375,134.41000366210938,118.94000244140625,58.20000076293945,84.1603012084961,49.43000030517578,46.43000030517578,5.272500038146973,36.148006439208984,152.0399932861328,83.83999633789062,36.540000915527344,77.76333618164062,54.31999969482422,277.4200134277344,59.90999984741211,92.2699966430664,53.90999984741211,29.6299991607666,30.280000686645508,99.70999908447266,69.0199966430664,87.22000122070312,39.459999084472656,234.9600067138672,282.1199951171875,31.600000381469727,33.5,60.59000015258789,75.18000030517578,61.58000183105469,116.5199966430664,22.90999984741211,73.27999877929688,224.61000061035156,56.540000915527344,140.38999938964844,134.6300048828125,119.52999877929688,59.11000061035156,84.8282470703125,49.529998779296875,47.56999969482422,5.28125,36.148006439208984,152.1999969482422,84.0,36.540000915527344,78.3133316040039,55.04999923706055,280.7699890136719,59.9900016784668,93.3499984741211,54.16999816894531,29.6299991607666,30.299999237060547,100.44999694824219,69.08000183105469,5582700,27928100,1867900,427200,24694000,32974500,16110700,8817100,5256500,4736100,4508700,3752000,2134600,14298600,4241000,8498200,2335100,5609600,8054823,6382300,16540500,211880000,15641571,1699600,8382900,8713500,492900,6541900,2697100,4357900,3172400,15070800,16812600,21627500,5148900,12397700
2019-12-10,66.40254211425781,39.439998626708984,191.6183624267578,263.5068359375,26.7769718170166,28.77667999267578,48.50041961669922,60.32772445678711,48.84674072265625,88.52434539794922,16.86212921142578,56.0767822265625,191.38845825195312,49.91758346557617,117.61405181884766,112.8987045288086,111.86392211914062,48.23420333862305,69.31521606445312,40.66431427001953,46.28712844848633,5.3254218101501465,26.592252731323242,122.81806945800781,73.17561340332031,32.22739028930664,73.7645034790039,48.360198974609375,251.51719665527344,45.492027282714844,73.23390197753906,45.51578140258789,22.158475875854492,26.81273078918457,89.36358642578125,51.572940826416016,86.55999755859375,39.439998626708984,233.83999633789062,279.1099853515625,31.506000518798828,33.529998779296875,62.09000015258789,75.77999877929688,61.7599983215332,117.88999938964844,23.420000076293945,74.83999633789062,221.8800048828125,56.59000015258789,139.99000549316406,134.5,120.6500015258789,58.66999816894531,85.01908111572266,49.66999816894531,47.459999084472656,5.3495001792907715,36.50853729248047,155.60000610351562,84.12000274658203,37.34000015258789,78.10333251953125,54.52000045776367,279.5199890136719,59.95000076293945,94.56999969482422,53.689998626708984,29.885000228881836,30.299999237060547,99.93000030517578,69.05999755859375,86.94999694824219,39.72999954223633,235.1199951171875,280.2799987792969,31.590999603271484,33.630001068115234,62.369998931884766,76.2699966430664,62.0099983215332,118.08999633789062,23.889999389648438,75.0999984741211,222.8800048828125,56.83000183105469,141.0,134.77000427246094,121.1500015258789,59.040000915527344,85.42938995361328,49.93000030517578,47.91999816894531,5.401500225067139,36.603416442871094,156.8300018310547,85.33000183105469,37.47999954223633,78.61333465576172,55.060001373291016,279.6000061035156,60.15999984741211,94.63999938964844,53.869998931884766,29.9950008392334,30.360000610351562,100.0199966430664,70.1500015258789,86.20999908447266,38.81999969482422,231.50999450683594,277.2300109863281,31.325000762939453,33.29999923706055,60.93000030517578,74.87000274658203,61.33000183105469,117.05000305175781,23.170000076293945,73.73999786376953,220.5500030517578,56.439998626708984,139.91000366210938,132.8800048828125,120.11000061035156,57.720001220703125,84.45610809326172,49.27000045776367,46.720001220703125,5.281499862670898,36.2333984375,152.74000549316406,83.69000244140625,36.709999084472656,77.80999755859375,54.33000183105469,274.010009765625,59.709999084472656,92.33000183105469,53.380001068115234,29.7549991607666,30.1299991607666,99.30000305175781,68.69999694824219,86.91999816894531,39.20000076293945,231.9199981689453,277.8900146484375,31.510000228881836,33.400001525878906,61.029998779296875,75.06999969482422,61.84000015258789,118.02999877929688,23.489999771118164,74.05000305175781,221.6699981689453,56.709999084472656,140.8000030517578,133.25,120.55999755859375,58.33000183105469,84.54198455810547,49.529998779296875,47.040000915527344,5.334499835968018,36.30929946899414,153.6999969482422,85.04000091552734,37.22999954223633,78.18333435058594,54.68000030517578,277.6000061035156,59.83000183105469,92.70999908447266,53.4900016784668,29.924999237060547,30.209999084472656,99.69000244140625,69.66000366210938,7816000,33733600,1494700,380000,14563000,41960100,19224800,13019600,4630200,4886800,5087100,3646900,1854100,16157900,5310300,7532900,3592600,3993900,8663711,10009600,19263100,256388000,19171311,2606500,8082200,9497000,522600,4364800,2515300,5719400,2858300,15959100,17570200,37362100,6027900,14281800
2019-12-11,66.50994110107422,39.470001220703125,191.75765991210938,268.1612548828125,27.173025131225586,28.8710880279541,48.75039291381836,60.14463424682617,48.78347396850586,87.2778549194336,16.86212921142578,55.94939041137695,190.7932891845703,50.34098434448242,118.44580841064453,112.63011169433594,111.98444366455078,46.951690673828125,69.22186279296875,40.48419952392578,48.04265213012695,5.40904426574707,26.412582397460938,122.34447479248047,75.67220306396484,33.14225769042969,75.27561950683594,49.58427429199219,252.39907836914062,44.96084976196289,71.93293762207031,45.07496643066406,22.12140464782715,26.75078773498535,89.44405364990234,51.49826431274414,86.69999694824219,39.470001220703125,234.00999450683594,284.0400085449219,31.972000122070312,33.63999938964844,62.40999984741211,75.55000305175781,61.68000030517578,116.2300033569336,23.420000076293945,74.66999816894531,221.19000244140625,57.06999969482422,140.97999572753906,134.17999267578125,120.77999877929688,57.11000061035156,84.90457916259766,49.45000076293945,49.2599983215332,5.433499813079834,36.26185989379883,155.0,86.98999786376953,38.400001525878906,79.70333099365234,55.900001525878906,280.5,59.25,92.88999938964844,53.16999816894531,29.834999084472656,30.229999542236328,100.0199966430664,68.95999908447266,87.26000213623047,39.61000061035156,234.97000122070312,284.3599853515625,32.1349983215332,33.7599983215332,62.97999954223633,76.20999908447266,61.84000015258789,117.66000366210938,23.579999923706055,75.02999877929688,222.85000610351562,57.16999816894531,141.97999572753906,135.02000427246094,121.19999694824219,58.83000183105469,85.39122009277344,49.790000915527344,49.34000015258789,5.439000129699707,36.593929290771484,156.1199951171875,87.0999984741211,38.5,79.82333374023438,56.20000076293945,280.6600036621094,60.45000076293945,94.98999786376953,53.97999954223633,30.040000915527344,30.34000015258789,100.2699966430664,69.76000213623047,86.2300033569336,39.040000915527344,233.02999877929688,278.44000244140625,31.51799964904785,33.47999954223633,61.959999084472656,75.5,61.029998779296875,116.12999725341797,23.1200008392334,74.05000305175781,220.83999633789062,56.58000183105469,140.6300048828125,134.00999450683594,119.9800033569336,56.709999084472656,84.78053283691406,49.41999816894531,47.689998626708984,5.357500076293945,36.24288558959961,154.89999389648438,84.76000213623047,37.47999954223633,78.25333404541016,55.029998779296875,278.0299987792969,59.189998626708984,92.30999755859375,53.06999969482422,29.774999618530273,30.200000762939453,99.81999969482422,68.66999816894531,86.69999694824219,39.439998626708984,234.02999877929688,278.44000244140625,31.51799964904785,33.47999954223633,62.869998931884766,76.12000274658203,61.369998931884766,117.08999633789062,23.329999923706055,74.76000213623047,222.25,56.90999984741211,140.92999267578125,134.2899932861328,120.55999755859375,58.599998474121094,85.0572509765625,49.65999984741211,47.75,5.360000133514404,36.4041748046875,155.8300018310547,84.83999633789062,37.5,78.3066635131836,55.040000915527344,278.29998779296875,60.060001373291016,94.83000183105469,53.7400016784668,29.84000015258789,30.290000915527344,100.01000213623047,68.73999786376953,7326400,31698300,1754100,465600,20829000,43107800,18262900,10484900,3959200,7039600,3583600,3158900,1778600,20051100,6631500,9011900,3438100,7712000,6821746,6296300,22081300,233796000,15569372,1795100,9571500,15742800,1458900,11028000,2751300,8940500,3049700,16834200,24872400,24490200,6064300,13748400
2019-12-12,68.06719970703125,42.59000015258789,193.38018798828125,271.1823425292969,27.85974884033203,29.763654708862305,49.94552230834961,61.33875274658203,49.50318908691406,89.21519470214844,17.33915138244629,57.47792434692383,194.9853973388672,50.76438522338867,118.748291015625,115.8533706665039,112.83746337890625,48.50550079345703,69.68084716796875,41.49938201904297,49.710391998291016,5.576537132263184,26.63371467590332,125.50170135498047,77.46419525146484,33.72052001953125,77.31562042236328,51.988101959228516,255.1974334716797,45.947330474853516,73.20294189453125,46.08378982543945,22.529205322265625,27.272878646850586,90.27572631835938,52.5288200378418,88.7300033569336,42.59000015258789,235.99000549316406,287.239990234375,32.779998779296875,34.68000030517578,63.939998626708984,77.05000305175781,62.59000015258789,118.80999755859375,23.989999771118164,76.70999908447266,226.0500030517578,57.54999923706055,141.33999633789062,138.02000427246094,121.69999694824219,59.0,85.46755981445312,50.689998626708984,50.970001220703125,5.601749897003174,36.56546401977539,159.0,89.05000305175781,39.06999969482422,81.86333465576172,58.61000061035156,283.6099853515625,60.54999923706055,94.52999877929688,54.36000061035156,30.385000228881836,30.81999969482422,100.94999694824219,70.33999633789062,88.94000244140625,42.619998931884766,237.24000549316406,287.2799987792969,33.01599884033203,34.810001373291016,64.22000122070312,77.5199966430664,62.95000076293945,118.88999938964844,24.1200008392334,77.12000274658203,226.77999877929688,58.04999923706055,142.05999755859375,138.47000122070312,121.93000030517578,59.150001525878906,85.8396987915039,50.869998931884766,51.33000183105469,5.619999885559082,36.64136505126953,159.63999938964844,89.2300033569336,39.63999938964844,82.00333404541016,58.619998931884766,283.989990234375,60.70000076293945,94.7699966430664,54.54999923706055,30.489999771118164,30.90999984741211,101.27999877929688,70.37999725341797,86.75,39.25,234.05999755859375,281.29998779296875,31.94300079345703,33.68000030517578,62.41999816894531,75.62000274658203,61.369998931884766,116.58999633789062,23.31999969482422,74.37000274658203,220.60000610351562,56.61000061035156,140.72999572753906,134.2100067138672,120.55999755859375,56.849998474121094,84.83778381347656,49.470001220703125,49.31999969482422,5.395500183105469,36.214420318603516,155.1199951171875,86.37000274658203,38.33000183105469,79.58333587646484,57.02000045776367,280.0400085449219,59.20000076293945,92.91999816894531,53.099998474121094,29.844999313354492,30.25,100.0199966430664,68.9000015258789,86.76000213623047,39.400001525878906,234.5800018310547,281.70001220703125,31.972999572753906,33.779998779296875,62.41999816894531,75.80999755859375,61.4900016784668,116.58999633789062,23.389999389648438,74.66000366210938,221.91000366210938,56.75,141.32000732421875,134.49000549316406,120.55999755859375,56.97999954223633,84.96183013916016,49.650001525878906,49.36000061035156,5.4045000076293945,36.214420318603516,155.66000366210938,86.83999633789062,38.41999816894531,79.58333587646484,57.25,281.0299987792969,59.220001220703125,93.16000366210938,53.369998931884766,29.8799991607666,30.270000457763672,100.06999969482422,68.95999908447266,6260500,86878000,1851500,856800,38935000,64942500,17353600,15829000,5162700,6462000,5833000,3754800,2974300,27883300,5012400,13717400,2959400,4380500,6863876,11553400,36590800,404348000,13414469,3113600,12164600,13609000,2190300,15788700,2996200,7120600,2495400,19119500,44981600,68427500,9769100,17068500
2019-12-13,67.38446044921875,41.150001525878906,193.99478149414062,273.6841735839844,26.807565689086914,29.557668685913086,49.85178756713867,60.8133430480957,49.59019088745117,88.57694244384766,16.970544815063477,56.56381607055664,194.07974243164062,50.97608184814453,118.78189086914062,114.83772277832031,112.6798324584961,48.18488693237305,69.86103057861328,41.1309700012207,49.9347038269043,5.574546813964844,26.488603591918945,125.21755981445312,76.4029312133789,33.66011047363281,76.97563171386719,51.668758392333984,256.880126953125,45.73486328125,72.64537811279297,45.6005744934082,22.358671188354492,27.1755428314209,90.21312713623047,51.69990158081055,87.83999633789062,41.150001525878906,236.74000549316406,289.8900146484375,31.54199981689453,34.439998626708984,63.81999969482422,76.38999938964844,62.70000076293945,117.95999908447266,23.479999542236328,75.48999786376953,225.0,57.790000915527344,141.3800048828125,136.80999755859375,121.52999877929688,58.61000061035156,85.10496520996094,50.2400016784668,51.20000076293945,5.59975004196167,36.3662223815918,158.63999938964844,87.83000183105469,39.0,81.50333404541016,58.25,285.4800109863281,60.27000045776367,93.80999755859375,53.790000915527344,30.155000686645508,30.709999084472656,100.87999725341797,69.2300033569336,89.08999633789062,42.95000076293945,238.1199951171875,291.8299865722656,31.976999282836914,34.959999084472656,64.75,77.83000183105469,64.06999969482422,119.54000091552734,24.209999084472656,77.6500015258789,227.99000549316406,58.34000015258789,141.8000030517578,138.8300018310547,122.19000244140625,60.5099983215332,85.48664093017578,51.150001525878906,52.31999969482422,5.7245001792907715,36.69829177856445,160.0800018310547,89.69999694824219,39.5099983215332,82.75,59.52000045776367,287.80999755859375,60.810001373291016,95.80999755859375,54.41999816894531,30.684999465942383,30.969999313354492,101.47000122070312,70.54000091552734,87.33000183105469,41.060001373291016,235.13999938964844,287.1099853515625,31.062000274658203,34.349998474121094,63.790000915527344,76.05999755859375,62.4900016784668,117.9000015258789,23.43000030517578,75.38999938964844,223.6999969482422,57.380001068115234,140.30999755859375,136.22000122070312,120.72000122070312,58.27000045776367,84.38931274414062,50.13999938964844,50.70000076293945,5.545499801635742,36.119544982910156,157.38999938964844,87.55999755859375,38.54999923706055,81.13333129882812,58.25,284.1199951171875,60.040000915527344,93.23999786376953,53.43000030517578,30.135000228881836,30.530000686645508,100.47000122070312,69.12000274658203,88.77999877929688,42.349998474121094,235.60000610351562,288.5299987792969,31.805999755859375,34.689998626708984,64.04000091552734,77.05000305175781,63.45000076293945,119.05000305175781,24.049999237060547,77.45999908447266,226.72000122070312,57.54999923706055,141.10000610351562,137.9499969482422,121.9800033569336,59.2400016784668,85.114501953125,50.7400016784668,51.02000045776367,5.604750156402588,36.54648971557617,158.16000366210938,88.91000366210938,39.349998474121094,81.90666961669922,59.04999923706055,284.9700012207031,60.47999954223633,94.58999633789062,54.04999923706055,30.489999771118164,30.790000915527344,100.8499984741211,70.4800033569336,5975200,79927800,2041200,723000,70952000,48539600,14526400,13447000,6965000,4863400,4573600,2728900,1908200,22795200,4257200,10592100,3343900,4836600,7571800,10191200,30039700,454704000,16678496,2472600,12269100,11981100,1735800,9886900,3599300,5424800,2456400,19179300,22743000,48135700,6433200,12274500
2019-12-16,68.60420227050781,42.349998474121094,199.288330078125,276.5919494628906,27.462841033935547,29.780820846557617,49.60183334350586,61.22732162475586,49.68511199951172,89.628173828125,17.237964630126953,58.377105712890625,196.70191955566406,50.896697998046875,119.1263427734375,115.28260040283203,113.90372467041016,49.944236755371094,69.93934631347656,41.523948669433594,51.63170623779297,5.603416442871094,27.048364639282227,125.50170135498047,76.92487335205078,34.005332946777344,77.7123794555664,51.926002502441406,262.77398681640625,46.03080749511719,73.6753158569336,45.96510696411133,22.658958435058594,27.272878646850586,91.18785858154297,52.274932861328125,89.43000030517578,42.349998474121094,243.1999969482422,292.9700012207031,32.3129997253418,34.70000076293945,63.5,76.91000366210938,62.81999969482422,119.36000061035156,23.850000381469727,77.91000366210938,228.0399932861328,57.70000076293945,141.7899932861328,137.33999633789062,122.8499984741211,60.75,85.20037841796875,50.720001220703125,52.939998626708984,5.628749847412109,37.13472366333008,159.0,88.43000030517578,39.400001525878906,81.99333190917969,58.540000915527344,292.0299987792969,60.65999984741211,95.13999938964844,54.220001220703125,30.559999465942383,30.81999969482422,101.97000122070312,70.0,90.12000274658203,42.97999954223633,244.52999877929688,293.95001220703125,32.7599983215332,35.09000015258789,64.2699966430664,77.5999984741211,63.56999969482422,119.47000122070312,24.209999084472656,78.16000366210938,230.6999969482422,58.56999969482422,142.85000610351562,138.83999633789062,124.26000213623047,61.59000015258789,85.87786102294922,51.119998931884766,54.29999923706055,5.701499938964844,37.381404876708984,160.8699951171875,90.45999908447266,39.84000015258789,82.70333099365234,58.70000076293945,295.44000244140625,61.11000061035156,96.18000030517578,54.560001373291016,30.68000030517578,31.020000457763672,102.33999633789062,70.25,88.26000213623047,41.72999954223633,239.5,291.2300109863281,31.753000259399414,34.70000076293945,63.0099983215332,76.9000015258789,62.529998779296875,118.61000061035156,23.6299991607666,75.98999786376953,227.8699951171875,57.650001525878906,141.49000549316406,137.32000732421875,122.05999755859375,58.959999084472656,85.09542083740234,50.599998474121094,52.689998626708984,5.6192498207092285,36.679317474365234,158.88999938964844,88.3499984741211,39.11000061035156,81.93000030517578,58.290000915527344,287.05999755859375,60.540000915527344,93.69999694824219,54.220001220703125,30.354999542236328,30.790000915527344,101.47000122070312,69.69999694824219,88.37999725341797,41.72999954223633,239.5,291.2300109863281,31.797000885009766,34.95000076293945,63.099998474121094,77.36000061035156,63.04999923706055,118.86000061035156,23.780000686645508,76.25,228.5,58.209999084472656,141.72999572753906,138.3800048828125,123.06999969482422,59.209999084472656,85.54389190673828,50.77000045776367,52.7599983215332,5.647500038146973,36.71726989746094,160.3000030517578,89.27999877929688,39.11000061035156,82.11000061035156,58.290000915527344,287.9700012207031,60.939998626708984,94.4800033569336,54.2400016784668,30.3700008392334,30.959999084472656,101.47000122070312,69.69999694824219,6723300,58824900,3047600,552800,37921000,50777100,23018200,13967200,5590000,5619300,11448300,6744500,3218400,19131200,5353100,11372000,3468400,8166000,10355183,11007500,38629600,320976000,24187824,1644400,8719100,12149000,2099100,5779400,4663600,6758000,3878000,19793500,22271800,45914900,7730300,15208700
2019-12-17,69.10283660888672,42.77000045776367,198.99334716796875,278.3575134277344,27.519784927368164,30.072612762451172,50.07831954956055,61.88808822631836,50.23875045776367,89.05748748779297,17.469253540039062,59.051448822021484,199.38455200195312,50.543861389160156,120.6134262084961,115.98767852783203,116.20314025878906,50.32240676879883,69.72786712646484,41.671302795410156,51.69021987915039,5.681562900543213,26.88250732421875,126.5751953125,76.82917785644531,34.0571174621582,78.06307983398438,52.53804016113281,261.3702697753906,46.045982360839844,74.09347534179688,46.06683349609375,22.67378807067871,27.379072189331055,91.08951568603516,52.03596115112305,90.08000183105469,42.77000045776367,242.83999633789062,294.8399963378906,32.380001068115234,35.040000915527344,64.11000061035156,77.73999786376953,63.52000045776367,118.5999984741211,24.170000076293945,78.80999755859375,231.14999389648438,57.29999923706055,143.55999755859375,138.17999267578125,125.33000183105469,61.209999084472656,84.9427490234375,50.900001525878906,53.0,5.707250118255615,36.907020568847656,160.36000061035156,88.31999969482422,39.459999084472656,82.36333465576172,59.22999954223633,290.4700012207031,60.68000030517578,95.68000030517578,54.34000015258789,30.579999923706055,30.940000534057617,101.86000061035156,69.68000030517578,90.16999816894531,43.11000061035156,244.99000549316406,297.0899963378906,32.494998931884766,35.27000045776367,64.55000305175781,78.12999725341797,63.779998779296875,119.88999938964844,24.34000015258789,79.5,232.07000732421875,58.099998474121094,144.0500030517578,138.6699981689453,127.02999877929688,61.68000030517578,85.3530502319336,51.220001220703125,54.0,5.730000019073486,37.41935348510742,160.91000366210938,89.04000091552734,39.91999816894531,82.52333068847656,59.709999084472656,292.7799987792969,60.970001220703125,97.20999908447266,54.5099983215332,30.854999542236328,31.040000915527344,102.25,70.37999725341797,89.06999969482422,42.150001525878906,241.27999877929688,293.05999755859375,32.17499923706055,34.7400016784668,63.540000915527344,77.12999725341797,62.900001525878906,118.33000183105469,23.860000610351562,78.05000305175781,228.8000030517578,57.130001068115234,142.52000427246094,137.22999572753906,123.30999755859375,60.75,84.46565246582031,50.77000045776367,52.650001525878906,5.638000011444092,36.850093841552734,158.47999572753906,87.68000030517578,39.29999923706055,81.93333435058594,58.779998779296875,289.1700134277344,60.47999954223633,95.30000305175781,53.9900016784668,30.46500015258789,30.829999923706055,101.72000122070312,69.30999755859375,90.0,42.5099983215332,243.5800018310547,296.9800109863281,32.374000549316406,34.849998474121094,63.79999923706055,77.29000091552734,62.900001525878906,119.58999633789062,23.899999618530273,78.12000274658203,230.0,58.0,143.0,137.72999572753906,124.0,60.97999954223633,85.2385482788086,50.81999969482422,53.9900016784668,5.647500038146973,37.41935348510742,158.97000122070312,89.0,39.5,82.4433364868164,59.709999084472656,291.239990234375,60.61000061035156,96.16999816894531,54.11000061035156,30.690000534057617,30.84000015258789,102.0999984741211,69.9800033569336,8750000,44852000,2382500,401100,20248000,50840500,16207100,14409200,6211100,6755500,5364000,5506500,3590000,21653100,10722400,11546800,6718800,5519400,11690545,10446000,28344800,321196000,29038016,1527800,7485900,9658500,974100,8407500,4409100,7301600,2971900,16723400,46292400,30911900,4643600,14450700
2019-12-18,68.5274887084961,42.29999923706055,198.25587463378906,275.8273620605469,27.82915496826172,30.1326961517334,49.32842254638672,62.031368255615234,49.98565673828125,89.01995849609375,17.85232162475586,60.38517761230469,198.78077697753906,50.42919921875,120.30255889892578,115.87016296386719,120.05088806152344,50.07576370239258,70.19781494140625,41.47482681274414,51.72922897338867,5.711925029754639,26.87559700012207,126.33052825927734,76.53339385986328,34.195213317871094,78.02198791503906,52.42272186279297,263.5567321777344,45.59827423095703,73.18743133544922,45.49884033203125,22.759056091308594,27.2640380859375,91.21470642089844,52.17784881591797,89.33000183105469,42.29999923706055,241.94000244140625,292.1600036621094,32.74399948120117,35.11000061035156,63.150001525878906,77.91999816894531,63.20000076293945,118.55000305175781,24.700000762939453,80.58999633789062,230.4499969482422,57.16999816894531,143.19000244140625,138.0399932861328,129.47999572753906,60.90999984741211,85.51526641845703,50.65999984741211,53.040000915527344,5.737750053405762,36.89753341674805,160.0500030517578,87.9800033569336,39.619998931884766,82.31999969482422,59.099998474121094,292.8999938964844,60.09000015258789,94.51000213623047,53.66999816894531,30.69499969482422,30.809999465942383,102.0,69.87000274658203,90.18000030517578,43.060001373291016,243.22000122070312,295.6600036621094,33.119998931884766,35.27000045776367,64.27999877929688,78.33000183105469,63.959999084472656,119.63999938964844,25.020000457763672,81.36000061035156,232.1999969482422,57.459999084472656,143.8800048828125,139.02000427246094,129.97999572753906,61.83000183105469,85.87786102294922,51.119998931884766,53.720001220703125,5.798500061035156,37.07780075073242,160.91000366210938,88.6500015258789,40.0,82.52666473388672,59.63999938964844,294.8599853515625,60.81999969482422,95.6500015258789,54.459999084472656,30.889999389648438,31.040000915527344,102.19999694824219,70.29000091552734,89.0199966430664,42.2400016784668,241.02000427246094,291.9100036621094,32.35499954223633,35.04999923706055,62.970001220703125,77.66000366210938,63.150001525878906,118.5199966430664,24.309999465942383,78.80999755859375,229.94000244140625,56.939998626708984,142.74000549316406,137.72000122070312,127.69000244140625,60.709999084472656,85.0477066040039,50.63999938964844,52.369998931884766,5.733749866485596,36.660343170166016,159.3800048828125,87.58999633789062,38.970001220703125,82.0199966430664,58.720001220703125,290.989990234375,59.61000061035156,93.97000122070312,53.630001068115234,30.5049991607666,30.809999465942383,101.79000091552734,69.27999877929688,90.05000305175781,42.790000915527344,242.2100067138672,294.8299865722656,32.439998626708984,35.11000061035156,63.869998931884766,77.69999694824219,63.470001220703125,118.68000030517578,24.649999618530273,78.91000366210938,231.97000122070312,57.38999938964844,143.72000122070312,138.14999389648438,127.87999725341797,61.34000015258789,85.25763702392578,51.0,53.0,5.742249965667725,37.01138687133789,160.80999755859375,88.54000091552734,39.20000076293945,82.52666473388672,59.599998474121094,291.0,60.75,95.5,54.459999084472656,30.545000076293945,31.040000915527344,101.9000015258789,69.62999725341797,6490100,39083300,2956700,478500,35155000,48757900,14824300,12643000,5598400,7496700,9021700,7742700,2280800,28261000,7849200,10381500,8173000,4787000,11578199,9513000,39099100,343548000,27339390,1621200,5860600,9204400,963900,10021200,3621600,12497800,4334300,18857000,25881400,39079700,5202900,13652300
2019-12-19,68.09789276123047,42.83000183105469,198.17393493652344,275.50634765625,27.54528045654297,29.995376586914062,49.094093322753906,62.25426483154297,49.977752685546875,88.70455932617188,18.148651123046875,60.87969207763672,198.34083557128906,51.12604904174805,122.11732482910156,115.29100799560547,121.32115173339844,50.256629943847656,70.48764038085938,41.63856506347656,53.182411193847656,5.860005855560303,26.930883407592773,125.92008209228516,76.9770278930664,34.186588287353516,78.65070343017578,51.77067947387695,265.10455322265625,45.537559509277344,73.24939727783203,45.464927673339844,22.751644134521484,27.25518798828125,91.57239532470703,51.819393157958984,88.7699966430664,42.83000183105469,241.83999633789062,291.82000732421875,32.40999984741211,34.95000076293945,62.849998474121094,78.19999694824219,63.189998626708984,118.12999725341797,25.110000610351562,81.25,229.94000244140625,57.959999084472656,145.35000610351562,137.35000610351562,130.85000610351562,61.130001068115234,85.86832427978516,50.86000061035156,54.529998779296875,5.886499881744385,36.97343444824219,159.52999877929688,88.48999786376953,39.61000061035156,82.98332977294922,57.959999084472656,294.6199951171875,60.0099983215332,94.58999633789062,53.630001068115234,30.684999465942383,30.799999237060547,102.4000015258789,69.38999938964844,89.68000030517578,43.34000015258789,243.3000030517578,291.8299865722656,32.92599868774414,35.22999954223633,63.459999084472656,78.5199966430664,63.369998931884766,118.73999786376953,25.229999542236328,81.66000366210938,231.38999938964844,57.9900016784668,145.8800048828125,138.22000122070312,130.99000549316406,61.40999984741211,85.96373748779297,51.0,55.290000915527344,5.900000095367432,37.14421463012695,160.9499969482422,88.69999694824219,39.83000183105469,82.98332977294922,58.5,297.20001220703125,60.31999969482422,95.38999938964844,53.83000183105469,30.78499984741211,30.889999389648438,102.51000213623047,70.05000305175781,88.55999755859375,42.599998474121094,239.92999267578125,289.1400146484375,32.37099838256836,34.88999938964844,62.7400016784668,77.94000244140625,62.90999984741211,117.86000061035156,24.709999084472656,79.69000244140625,228.9600067138672,56.970001220703125,143.61000061035156,137.10000610351562,128.33999633789062,60.31999969482422,85.39122009277344,50.54999923706055,53.900001525878906,5.767499923706055,36.821632385253906,158.72000122070312,87.62000274658203,39.47999954223633,82.25333404541016,57.880001068115234,293.6199951171875,59.869998931884766,94.20999908447266,53.41999816894531,30.6299991607666,30.770000457763672,102.05000305175781,69.23999786376953,89.68000030517578,42.630001068115234,242.77999877929688,290.6499938964844,32.92100143432617,35.150001525878906,63.18000030517578,78.0,62.97999954223633,118.56999969482422,24.739999771118164,80.16999816894531,230.9499969482422,57.16999816894531,143.88999938964844,137.75999450683594,129.0800018310547,61.040000915527344,85.77290344238281,50.650001525878906,55.0099983215332,5.772500038146973,37.00189971923828,160.27000427246094,88.36000061035156,39.59000015258789,82.6500015258789,58.5,295.0,60.02000045776367,94.88999938964844,53.7400016784668,30.700000762939453,30.81999969482422,102.20999908447266,69.98999786376953,5447000,45883000,2070800,410100,31787000,45409500,12928200,13006200,5197100,6220300,7107400,6791700,2418100,18865100,9414700,9350400,4423400,5252100,7602716,9222000,55792900,445360000,22022276,1577600,7471400,7048600,1063500,7228700,2905900,8029200,2782300,18133300,25534800,36946900,6637200,13273200
2019-12-20,68.49678802490234,44.150001525878906,199.1736297607422,277.17742919921875,27.386457443237305,30.003957748413086,49.6096305847168,62.501068115234375,50.39692306518555,89.86849975585938,18.408843994140625,61.93620681762695,197.46961975097656,51.99932098388672,122.71383666992188,115.19865417480469,122.78608703613281,50.6512565612793,71.7330551147461,41.49938201904297,53.69931411743164,5.957315444946289,27.110565185546875,126.14895629882812,77.29022216796875,34.03122329711914,79.39945983886719,51.74388885498047,263.2778015136719,45.35544204711914,73.7759780883789,45.21059799194336,22.96988868713379,27.287208557128906,92.2207260131836,52.23011779785156,89.29000091552734,44.150001525878906,243.05999755859375,293.5899963378906,31.899999618530273,34.959999084472656,63.5099983215332,78.51000213623047,63.720001220703125,119.68000030517578,25.469999313354492,82.66000366210938,228.92999267578125,58.95000076293945,146.05999755859375,137.24000549316406,132.42999267578125,61.61000061035156,87.385498046875,50.689998626708984,55.060001373291016,5.984250068664551,37.220115661621094,159.82000732421875,88.8499984741211,39.43000030517578,83.77333068847656,57.93000030517578,292.5899963378906,59.77000045776367,95.2699966430664,53.33000183105469,30.68000030517578,30.68000030517578,102.69999694824219,69.94000244140625,91.98999786376953,44.2599983215332,244.57000732421875,294.3599853515625,32.24700164794922,35.2400016784668,63.59000015258789,79.05000305175781,64.0199966430664,119.94000244140625,25.549999237060547,83.62000274658203,231.2899932861328,59.04999923706055,147.83999633789062,138.8800048828125,137.0,62.13999938964844,88.3969497680664,51.439998626708984,55.93000030517578,6.009749889373779,37.51423263549805,161.3699951171875,89.8499984741211,39.970001220703125,83.97000122070312,58.29999923706055,300.0,60.91999816894531,95.98999786376953,54.04999923706055,30.71500015258789,30.8799991607666,102.93000030517578,70.2300033569336,89.1500015258789,43.2599983215332,240.6999969482422,292.30999755859375,31.69099998474121,34.90999984741211,62.91999816894531,78.04000091552734,63.22999954223633,118.08999633789062,25.059999465942383,81.4000015258789,228.6199951171875,57.88999938964844,144.8000030517578,136.89999389648438,131.24000549316406,61.029998779296875,86.67938995361328,50.65999984741211,54.630001068115234,5.934000015258789,36.97343444824219,159.3699951171875,88.18000030517578,39.18000030517578,83.16999816894531,57.31999969482422,292.510009765625,59.720001220703125,94.37999725341797,53.06999969482422,30.424999237060547,30.639999389648438,102.27999877929688,69.38999938964844,90.4000015258789,43.439998626708984,244.57000732421875,292.75,32.24700164794922,35.2400016784668,63.58000183105469,78.94000244140625,63.93000030517578,119.4000015258789,25.299999237060547,82.72000122070312,230.9600067138672,58.31999969482422,146.8800048828125,138.02000427246094,132.49000549316406,61.68000030517578,87.27098846435547,51.439998626708984,54.900001525878906,5.953249931335449,37.33396530151367,161.1999969482422,88.81999969482422,39.93000030517578,83.55999755859375,57.779998779296875,298.8999938964844,60.689998626708984,95.23999786376953,54.04999923706055,30.479999542236328,30.799999237060547,102.27999877929688,69.86000061035156,19134800,68104700,5091600,824600,50540000,109395500,24137000,32019400,11008000,12171100,14639100,9119000,3715500,49953000,14532800,29992600,9229900,8907200,17849641,18742900,44285000,603044000,58199772,3340300,17538000,13465800,1035600,8043800,6608300,14484000,4801600,66318000,34839600,97416000,8586500,35092000
2019-12-23,69.23324584960938,45.459999084472656,199.14903259277344,279.58489990234375,27.43195915222168,30.184186935424805,49.37529754638672,62.700077056884766,51.092933654785156,90.35658264160156,18.95815086364746,62.47568893432617,197.6076202392578,52.246299743652344,123.03309631347656,115.16508483886719,121.59928894042969,49.8702392578125,71.8583984375,41.523948669433594,54.030906677246094,5.943627834320068,27.172752380371094,125.92008209228516,76.94225311279297,35.20501708984375,79.65219116210938,52.0029182434082,265.5273742675781,45.211265563964844,73.75274658203125,45.61752700805664,23.205720901489258,27.224950790405273,92.58891296386719,52.49149703979492,90.25,45.459999084472656,243.02999877929688,296.1400146484375,31.952999114990234,35.16999816894531,63.209999084472656,78.76000213623047,64.5999984741211,120.33000183105469,26.229999542236328,83.37999725341797,229.08999633789062,59.22999954223633,146.44000244140625,137.1999969482422,131.14999389648438,60.65999984741211,87.53816986083984,50.720001220703125,55.400001525878906,5.9704999923706055,37.305503845214844,159.52999877929688,88.44999694824219,40.790000915527344,84.04000091552734,58.220001220703125,295.0899963378906,59.58000183105469,95.23999786376953,53.810001373291016,30.9950008392334,30.610000610351562,103.11000061035156,70.29000091552734,90.47000122070312,45.630001068115234,244.0,297.4200134277344,32.233001708984375,35.189998626708984,63.79999923706055,78.97000122070312,64.83000183105469,120.4000015258789,26.309999465942383,83.5,230.47999572753906,59.779998779296875,146.75999450683594,137.91000366210938,132.5800018310547,61.560001373291016,87.80534362792969,51.099998474121094,56.11000061035156,6.045249938964844,37.49525451660156,160.63999938964844,89.33000183105469,40.88999938964844,84.47333526611328,58.34000015258789,295.8500061035156,59.97999954223633,95.44999694824219,54.0,31.014999389648438,30.770000457763672,103.22000122070312,70.30000305175781,89.33000183105469,44.38999938964844,241.58999633789062,295.45001220703125,31.76099967956543,34.95000076293945,63.08000183105469,78.44000244140625,63.459999084472656,119.1500015258789,25.440000534057617,81.81999969482422,228.41000366210938,59.040000915527344,145.33999633789062,136.8800048828125,131.02999877929688,60.470001220703125,87.25190734863281,50.709999084472656,55.13999938964844,5.959750175476074,37.12523651123047,158.9199981689453,88.25,39.43000030517578,83.93333435058594,57.95000076293945,292.80999755859375,59.459999084472656,94.5,53.25,30.610000610351562,30.56999969482422,102.68000030517578,69.52999877929688,89.52999877929688,44.58000183105469,243.97999572753906,295.5,32.05400085449219,35.040000915527344,63.54999923706055,78.66999816894531,63.66999816894531,119.30999755859375,25.540000915527344,82.36000061035156,229.66000366210938,59.060001373291016,145.74000549316406,137.60000610351562,132.38999938964844,61.45000076293945,87.6240463256836,50.90999984741211,55.22999954223633,6.013000011444092,37.4003791809082,160.0800018310547,89.01000213623047,39.439998626708984,84.43000030517578,58.029998779296875,293.42999267578125,59.77000045776367,95.30000305175781,53.34000015258789,30.645000457763672,30.760000228881836,102.94000244140625,69.86000061035156,5907200,55886500,1686200,424900,20254000,33995400,12914900,9256500,7019800,5875000,6292100,3159100,1670400,23593000,6558700,9738400,2473400,6449400,7895946,6547600,23693800,355060000,17454345,1253600,7274700,9911300,1356300,4022000,2098900,4971300,1910300,17637700,26944400,38293100,4770900,14172500
2019-12-24,68.92638397216797,46.540000915527344,198.57546997070312,278.44244384765625,27.515235900878906,30.227102279663086,49.336238861083984,62.56474685668945,51.148292541503906,90.36408233642578,19.182207107543945,62.79789733886719,198.31495666503906,52.40507888793945,122.60462188720703,115.48404693603516,121.5622329711914,50.125099182128906,71.62340545654297,41.49938201904297,54.050411224365234,5.938650608062744,27.152029037475586,126.62257385253906,77.22061920166016,35.08417510986328,79.78172302246094,51.592037200927734,265.032470703125,45.27955627441406,73.64434051513672,45.6259880065918,23.19449234008789,27.287208557128906,92.47217559814453,52.28986740112305,89.8499984741211,46.540000915527344,242.3300018310547,294.92999267578125,32.04999923706055,35.220001220703125,63.15999984741211,78.58999633789062,64.66999816894531,120.33999633789062,26.540000915527344,83.80999755859375,229.91000366210938,59.40999984741211,145.92999267578125,137.5800018310547,131.11000061035156,60.970001220703125,87.25190734863281,50.689998626708984,55.41999816894531,5.9654998779296875,37.27703857421875,160.4199981689453,88.7699966430664,40.650001525878906,84.17666625976562,57.7599983215332,294.5400085449219,59.66999816894531,95.0999984741211,53.81999969482422,30.979999542236328,30.68000030517578,102.9800033569336,70.0199966430664,90.4000015258789,46.61000061035156,243.10000610351562,295.19000244140625,32.06800079345703,35.279998779296875,63.43000030517578,78.94000244140625,65.51000213623047,120.77999877929688,26.690000534057617,84.5,229.9499969482422,59.47999954223633,146.00999450683594,137.6300048828125,131.2100067138672,61.0,87.52862548828125,50.93000030517578,55.63999938964844,5.982749938964844,37.41935348510742,160.55999755859375,88.80999755859375,40.93000030517578,84.24666595458984,58.09000015258789,295.8299865722656,59.79999923706055,95.66000366210938,54.040000915527344,31.110000610351562,30.690000534057617,103.23999786376953,70.5,89.43000030517578,45.77000045776367,241.72000122070312,291.29998779296875,31.900999069213867,35.119998931884766,63.0099983215332,78.45999908447266,64.61000061035156,120.08999633789062,26.280000686645508,83.52999877929688,228.3699951171875,59.15999984741211,145.25999450683594,137.05999755859375,130.1300048828125,60.34000015258789,86.89885711669922,50.56999969482422,55.040000915527344,5.920499801635742,37.191650390625,159.5800018310547,87.9800033569336,40.349998474121094,83.75,57.54999923706055,293.55999755859375,59.52000045776367,94.69000244140625,53.7400016784668,30.924999237060547,30.600000381469727,102.7300033569336,69.91000366210938,90.4000015258789,46.099998474121094,242.82000732421875,293.989990234375,32.0,35.189998626708984,63.02000045776367,78.69999694824219,64.76000213623047,120.43000030517578,26.350000381469727,83.80000305175781,228.97999572753906,59.25,146.0,137.3300018310547,131.07000732421875,60.59000015258789,87.4427490234375,50.83000183105469,55.45000076293945,5.954999923706055,37.31499099731445,159.83999633789062,88.62000274658203,40.7400016784668,84.22666931152344,57.9900016784668,295.260009765625,59.66999816894531,95.16000366210938,53.95000076293945,31.065000534057617,30.670000076293945,103.11000061035156,70.3499984741211,1798800,44432200,612800,219500,7024000,13805400,2890400,4576200,3188400,1640100,2780000,1236200,467700,6313200,4238900,3324300,1215800,1570700,2343223,2087800,8621900,138864000,5187683,1230000,2435200,3860400,504300,2692200,714000,2246200,559800,4635500,10074800,12315900,2071800,3979400
2019-12-26,68.91104125976562,46.630001068115234,198.2230682373047,279.7735595703125,27.298891067504883,30.48456382751465,49.961143493652344,63.55189514160156,51.4093132019043,90.55931091308594,19.05211067199707,62.678001403808594,199.43629455566406,52.766727447509766,122.52058410644531,116.70955657958984,121.59002685546875,49.714027404785156,71.54508209228516,41.84322738647461,53.748069763183594,5.952836513519287,27.214221954345703,127.19874572753906,76.89876556396484,34.58360290527344,79.87334442138672,52.02971649169922,266.0313415527344,45.64379119873047,73.11775207519531,45.90576171875,23.1870059967041,27.438405990600586,92.4093017578125,52.37200164794922,89.83000183105469,46.630001068115234,241.89999389648438,296.3399963378906,31.79800033569336,35.52000045776367,63.959999084472656,79.83000183105469,65.0,120.5999984741211,26.360000610351562,83.6500015258789,231.2100067138672,59.81999969482422,145.8300018310547,139.0399932861328,131.13999938964844,60.470001220703125,87.15648651123047,51.11000061035156,55.11000061035156,5.979750156402588,37.362430572509766,161.14999389648438,88.4000015258789,40.06999969482422,84.27333068847656,58.25,295.6499938964844,60.150001525878906,94.41999816894531,54.150001525878906,30.969999313354492,30.850000381469727,102.91000366210938,70.12999725341797,90.72000122070312,47.310001373291016,243.63999938964844,296.54998779296875,32.17399978637695,35.560001373291016,64.04000091552734,79.83999633789062,65.73999786376953,121.41999816894531,26.90999984741211,84.69000244140625,232.1999969482422,59.849998474121094,146.17999267578125,139.10000610351562,131.6999969482422,61.33000183105469,87.51908111572266,51.290000915527344,55.650001525878906,6.007999897003174,37.542694091796875,161.27000427246094,88.95999908447266,40.880001068115234,84.53333282470703,58.349998474121094,296.260009765625,60.209999084472656,95.37999725341797,54.38999938964844,31.219999313354492,30.850000381469727,103.2300033569336,70.5,89.44999694824219,45.65999984741211,241.32000732421875,294.2300109863281,31.68199920654297,35.290000915527344,63.18000030517578,78.6500015258789,64.8499984741211,120.33999633789062,26.31999969482422,83.47000122070312,229.99000549316406,59.349998474121094,145.16000366210938,137.77999877929688,130.66000366210938,60.34000015258789,86.89885711669922,50.86000061035156,54.90999984741211,5.949999809265137,37.191650390625,160.2899932861328,88.0,39.93000030517578,83.95999908447266,57.7599983215332,294.5400085449219,59.63999938964844,94.18000030517578,53.95000076293945,30.93000030517578,30.709999084472656,102.58000183105469,70.01000213623047,90.19999694824219,46.9900016784668,242.72000122070312,295.0400085449219,32.12699890136719,35.31999969482422,63.22999954223633,78.75,65.08999633789062,120.66999816894531,26.700000762939453,84.29000091552734,230.25999450683594,59.40999984741211,145.97000122070312,137.88999938964844,131.0,61.02000045776367,87.40457916259766,50.970001220703125,55.45000076293945,5.968999862670898,37.286529541015625,160.47999572753906,88.91999816894531,40.86000061035156,84.53333282470703,57.79999923706055,295.29998779296875,59.86000061035156,95.23999786376953,54.04999923706055,31.114999771118164,30.709999084472656,103.11000061035156,70.19000244140625,4066700,57562800,1098300,191300,15848000,26992100,8187700,11992800,4835200,3648600,3175300,2588800,1704000,11480300,3019300,6770900,1272000,3655300,3062675,5517400,13537400,182852000,9384078,798000,5070000,7629700,654000,2490400,1050600,4155100,1205800,12517100,20312400,15891300,2910100,8840200
2019-12-27,68.42774200439453,46.18000030517578,197.91986083984375,280.0851745605469,27.174406051635742,30.338672637939453,50.101749420166016,63.42453384399414,51.39348602294922,90.33404541015625,18.596763610839844,62.29585647583008,198.96185302734375,52.9960823059082,122.45336151123047,116.79352569580078,121.9423599243164,49.64004135131836,71.67037963867188,41.82685470581055,52.694759368896484,5.895096778869629,27.172752380371094,126.93041229248047,77.24671173095703,34.52318572998047,79.71539306640625,52.2172966003418,266.3192138671875,45.32508850097656,72.17298889160156,45.71076965332031,23.089675903320312,27.36725616455078,92.43624877929688,52.19277572631836,89.19999694824219,46.18000030517578,241.52999877929688,296.6700134277344,31.652999877929688,35.349998474121094,64.13999938964844,79.66999816894531,64.9800033569336,120.30000305175781,25.729999542236328,83.13999938964844,230.66000366210938,60.08000183105469,145.75,139.13999938964844,131.52000427246094,60.380001068115234,87.30915832519531,51.09000015258789,54.029998779296875,5.921750068664551,37.305503845214844,160.80999755859375,88.80000305175781,40.0,84.1066665649414,58.459999084472656,295.9700012207031,59.72999954223633,93.19999694824219,53.91999816894531,30.84000015258789,30.770000457763672,102.94000244140625,69.88999938964844,90.27999877929688,46.880001068115234,242.99000549316406,298.5,31.934999465942383,35.720001220703125,64.30000305175781,80.18000030517578,65.62999725341797,121.29000091552734,26.56999969482422,84.08999633789062,232.2100067138672,60.47999954223633,146.5500030517578,139.77000427246094,131.77000427246094,60.849998474121094,87.5,51.33000183105469,55.529998779296875,6.008500099182129,37.59013366699219,161.72000122070312,88.94999694824219,40.380001068115234,84.62000274658203,58.709999084472656,296.5400085449219,60.36000061035156,94.8499984741211,54.31999969482422,31.114999771118164,30.90999984741211,103.13999938964844,70.30999755859375,88.83000183105469,45.97999954223633,240.16000366210938,296.1499938964844,31.52199935913086,35.2599983215332,63.83000183105469,79.58000183105469,64.61000061035156,120.23999786376953,25.709999084472656,82.93000030517578,230.47000122070312,59.900001525878906,145.5399932861328,138.6699981689453,130.83999633789062,60.0099983215332,87.0896987915039,50.93000030517578,53.88999938964844,5.895249843597412,37.23908996582031,160.55999755859375,88.08999633789062,39.83000183105469,83.82333374023438,58.33000183105469,295.010009765625,59.650001525878906,93.12000274658203,53.869998931884766,30.81999969482422,30.75,102.70999908447266,69.87999725341797,89.9800033569336,46.849998474121094,242.24000549316406,297.45001220703125,31.93000030517578,35.70000076293945,64.16999816894531,80.0,65.19999694824219,120.88999938964844,26.5,84.06999969482422,231.80999755859375,59.90999984741211,146.1999969482422,139.3000030517578,131.57000732421875,60.689998626708984,87.48091888427734,51.33000183105469,55.2400016784668,5.994999885559082,37.40986633300781,161.5500030517578,88.9000015258789,40.130001068115234,84.62000274658203,58.529998779296875,296.010009765625,60.36000061035156,94.77999877929688,54.290000915527344,31.084999084472656,30.899999618530273,103.12999725341797,70.19999694824219,4087800,36581300,1085000,317000,14487000,28111300,7684400,10867900,5414300,4138300,3950700,1868300,1343900,14085800,3432700,7868200,2161300,3682800,3758966,4116900,17176700,254644000,10117662,1051800,5808900,6769100,1104000,2847800,1547100,3661800,1752400,9892000,21436600,19417400,3605000,10516100
2019-12-30,67.90609741210938,45.52000045776367,196.88739013671875,278.4046936035156,26.91084861755371,30.167024612426758,49.7814826965332,63.29714584350586,51.10084915161133,89.99612426757812,18.452213287353516,61.733909606933594,198.2200469970703,52.5903205871582,122.07530212402344,116.36544036865234,121.7383804321289,49.05632400512695,71.30226135253906,41.72042465209961,51.895023345947266,5.781859397888184,26.889419555664062,126.30682373046875,76.92487335205078,34.8684196472168,79.11511993408203,51.672428131103516,264.4115905761719,45.21809387207031,71.92518615722656,45.43949890136719,23.016815185546875,27.287208557128906,91.88130187988281,51.8865966796875,88.5199966430664,45.52000045776367,240.27000427246094,294.8900146484375,31.34600067138672,35.150001525878906,63.72999954223633,79.51000213623047,64.61000061035156,119.8499984741211,25.530000686645508,82.38999938964844,229.8000030517578,59.619998931884766,145.3000030517578,138.6300048828125,131.3000030517578,59.66999816894531,86.86068725585938,50.959999084472656,53.209999084472656,5.808000087738037,36.916507720947266,160.02000427246094,88.43000030517578,40.400001525878906,83.47333526611328,57.849998474121094,293.8500061035156,59.16999816894531,92.87999725341797,53.599998474121094,29.850000381469727,30.68000030517578,101.66000366210938,69.4800033569336,89.7300033569336,46.16999816894531,242.97999572753906,296.70001220703125,31.732999801635742,35.650001525878906,64.45999908447266,80.41999816894531,65.25,121.33999633789062,25.969999313354492,83.5,231.67999267578125,60.04999923706055,146.1999969482422,140.0800018310547,131.92999267578125,60.689998626708984,87.4904556274414,51.380001068115234,53.880001068115234,5.90500020980835,37.4003791809082,161.7899932861328,88.77999877929688,40.75,84.086669921875,58.689998626708984,296.5400085449219,59.689998626708984,93.83999633789062,54.2599983215332,30.114999771118164,30.959999084472656,102.48999786376953,70.44000244140625,88.16000366210938,44.65999984741211,239.39999389648438,293.6499938964844,31.274999618530273,35.09000015258789,63.63999938964844,79.33999633789062,64.52999877929688,119.80999755859375,25.5,82.2300033569336,229.5,59.380001068115234,145.02999877929688,138.47000122070312,130.8699951171875,59.619998931884766,86.57442474365234,50.91999816894531,52.65999984741211,5.776500225067139,36.89753341674805,159.8800048828125,87.30999755859375,40.0,82.9000015258789,57.619998931884766,293.45001220703125,59.06999969482422,92.73999786376953,53.5,29.80500030517578,30.649999618530273,101.51000213623047,69.4000015258789,89.22000122070312,46.13999938964844,241.39999389648438,296.4200134277344,31.652000427246094,35.56999969482422,64.08999633789062,80.1500015258789,65.06999969482422,120.44000244140625,25.760000228881836,82.9000015258789,231.67999267578125,59.9900016784668,145.77999877929688,139.89999389648438,131.52000427246094,60.36000061035156,87.33778381347656,51.36000061035156,53.77000045776367,5.899750232696533,37.286529541015625,161.58999633789062,88.70999908447266,40.0099983215332,84.086669921875,58.65999984741211,296.04998779296875,59.560001373291016,93.01000213623047,54.16999816894531,30.059999465942383,30.90999984741211,102.2699966430664,70.08999633789062,7014800,41149700,1454400,338900,13104000,30705100,7862300,10084900,3665200,4580200,3549700,2251800,1494500,12750500,2923300,6963000,1856200,3363100,3932934,4532800,15271500,258056000,11554264,1401100,6543100,8155800,1118700,3519900,1511700,4020100,2186800,10900500,29259000,18819300,5665100,12689400
2019-12-31,67.92144012451172,45.86000061035156,197.54296875,279.3960266113281,27.13062286376953,30.227102279663086,50.14080810546875,63.59966278076172,51.43302917480469,90.49173736572266,18.77022933959961,62.760414123535156,198.3321990966797,52.79319763183594,122.55421447753906,117.01173400878906,121.85889434814453,49.53316116333008,71.23959350585938,41.851402282714844,52.45094299316406,5.85602331161499,27.07599639892578,125.9990234375,76.7508544921875,34.69579315185547,79.32992553710938,51.895721435546875,264.5285339355469,45.30979919433594,72.52145385742188,45.60904312133789,23.14789390563965,27.376144409179688,92.06207275390625,52.11062240600586,88.54000091552734,45.86000061035156,241.07000732421875,295.94000244140625,31.601999282836914,35.220001220703125,64.19000244140625,79.88999938964844,65.02999877929688,120.51000213623047,25.969999313354492,83.76000213623047,229.92999267578125,59.849998474121094,145.8699951171875,139.39999389648438,131.42999267578125,60.25,86.78434753417969,51.119998931884766,53.779998779296875,5.882500171661377,37.17267608642578,159.6300048828125,88.2300033569336,40.20000076293945,83.69999694824219,58.099998474121094,293.9800109863281,59.290000915527344,93.6500015258789,53.79999923706055,30.020000457763672,30.780000686645508,101.86000061035156,69.77999877929688,88.5999984741211,46.09000015258789,241.4600067138672,296.489990234375,31.63599967956543,35.2599983215332,64.20999908447266,79.94000244140625,65.16999816894531,120.62999725341797,26.079999923706055,83.77999877929688,229.97000122070312,59.93000030517578,146.00999450683594,139.47999572753906,131.52000427246094,60.349998474121094,86.82251739501953,51.130001068115234,53.900001525878906,5.892000198364258,37.191650390625,160.3699951171875,88.7699966430664,40.220001220703125,83.74333190917969,58.130001068115234,294.0899963378906,59.38999938964844,93.80000305175781,53.81999969482422,30.049999237060547,30.790000915527344,101.94999694824219,69.80000305175781,87.87999725341797,44.91999816894531,238.5,293.3599853515625,31.280000686645508,34.970001220703125,63.5099983215332,79.0999984741211,63.900001525878906,119.25,25.149999618530273,81.37999725341797,228.6699981689453,59.36000061035156,144.77999877929688,138.2899932861328,130.5,59.02000045776367,86.2977066040039,50.7400016784668,52.779998779296875,5.7532501220703125,36.72675323486328,158.99000549316406,87.87999725341797,39.529998779296875,83.0,57.459999084472656,291.1499938964844,58.869998931884766,92.73999786376953,53.459999084472656,29.614999771118164,30.6200008392334,101.2699966430664,69.01000213623047,88.20999908447266,45.06999969482422,240.27999877929688,294.9800109863281,31.312000274658203,35.029998779296875,63.59000015258789,79.31999969482422,64.1500015258789,119.5,25.280000686645508,81.8499984741211,229.7100067138672,59.619998931884766,145.10000610351562,138.50999450683594,131.17999267578125,59.5,86.75572204589844,50.959999084472656,52.90999984741211,5.772500038146973,36.80265808105469,159.85000610351562,87.98999786376953,40.0099983215332,83.04000091552734,57.68000030517578,293.6600036621094,59.099998474121094,92.94999694824219,53.529998779296875,29.700000762939453,30.65999984741211,101.44000244140625,69.0199966430664,4702100,31673200,1748300,298900,12487000,29630100,9378400,8031200,3639800,4215700,3391300,2238900,1447200,14432900,4435000,7201600,1549800,3356900,4710760,5131600,13296400,231004000,15175703,1499800,5173400,10649000,604500,2950200,2224200,4732000,1582000,12566000,21444800,15788100,4746700,13151800
2020-01-02,68.69625091552734,49.099998474121094,196.74806213378906,285.9007568359375,27.677492141723633,30.587562561035156,49.82614517211914,64.66644287109375,51.77311706542969,91.18257904052734,18.640132904052734,63.04514694213867,202.118896484375,53.666465759277344,122.63822937011719,118.43031311035156,122.58210754394531,50.897884368896484,72.09337615966797,42.6046028137207,54.021156311035156,5.970754146575928,27.048364639282227,126.5831069946289,77.15103149414062,34.66990661621094,80.96961212158203,53.62856674194336,263.1968994140625,45.24102783203125,73.66755676269531,45.5666618347168,23.356088638305664,27.642969131469727,92.30610656738281,52.94704055786133,89.55000305175781,49.099998474121094,240.10000610351562,302.8299865722656,32.23899841308594,35.63999938964844,63.34000015258789,81.2300033569336,65.45999908447266,121.43000030517578,25.790000915527344,84.13999938964844,234.32000732421875,60.84000015258789,145.97000122070312,141.08999633789062,132.2100067138672,61.90999984741211,87.82442474365234,52.040000915527344,55.38999938964844,5.9977498054504395,37.13472366333008,160.3699951171875,88.69000244140625,40.16999816894531,85.43000030517578,60.040000915527344,292.5,59.20000076293945,95.12999725341797,53.75,30.290000915527344,31.079999923706055,102.12999725341797,70.9000015258789,89.56999969482422,49.25,243.19000244140625,303.32000732421875,32.25,35.65999984741211,64.0,81.26000213623047,65.68000030517578,121.62999725341797,26.280000686645508,84.61000061035156,234.63999938964844,60.970001220703125,146.02000427246094,141.10000610351562,132.25999450683594,61.91999816894531,87.91984558105469,52.060001373291016,55.4900016784668,5.9977498054504395,37.33396530151367,160.3699951171875,89.80999755859375,40.720001220703125,85.43000030517578,60.119998931884766,295.70001220703125,59.47999954223633,95.23999786376953,54.040000915527344,30.334999084472656,31.079999923706055,102.29000091552734,71.0199966430664,88.51000213623047,46.630001068115234,238.97999572753906,300.6099853515625,31.73200035095215,35.290000915527344,63.13999938964844,80.02999877929688,64.8499984741211,120.7699966430664,25.6299991607666,83.54000091552734,230.16000366210938,60.220001220703125,145.0800018310547,139.25999450683594,130.72999572753906,60.380001068115234,86.23091888427734,51.16999816894531,54.5099983215332,5.918000221252441,36.88804626464844,158.89999389648438,88.08000183105469,40.08000183105469,84.33333587646484,59.599998474121094,289.7900085449219,59.0099983215332,94.26000213623047,53.5099983215332,30.114999771118164,30.799999237060547,101.4000015258789,70.23999786376953,89.08000183105469,46.86000061035156,243.0,301.2699890136719,31.93199920654297,35.349998474121094,63.849998474121094,80.12999725341797,65.27999877929688,120.80999755859375,26.209999084472656,84.31999969482422,231.0,60.2400016784668,145.8699951171875,139.7899932861328,131.77000427246094,60.880001068115234,86.90839385986328,51.20000076293945,54.849998474121094,5.96875,37.286529541015625,159.75,89.05000305175781,40.52000045776367,84.75333404541016,59.599998474121094,293.9800109863281,59.470001220703125,94.62999725341797,53.849998474121094,30.219999313354492,30.889999389648438,102.16999816894531,70.23999786376953,5639200,80331100,2088000,573600,20329000,37614200,13163700,12728900,4122800,5205000,5091400,2496400,3736300,18056000,5777000,10803700,2204200,4497400,8251428,7808000,20173200,237536000,16514072,1881300,8413900,9147400,1275300,8432600,2543400,5002100,2130500,16803100,23889400,28843300,6277400,12456400
2020-01-03,68.04418182373047,48.599998474121094,195.41238403320312,281.2935485839844,26.973520278930664,29.95246124267578,49.3856315612793,63.44841384887695,51.96294021606445,90.86719512939453,18.864192962646484,63.68205261230469,199.75543212890625,53.01371765136719,121.21835327148438,116.86750793457031,122.17411804199219,47.872467041015625,71.47457885742188,41.916908264160156,53.182411193847656,5.875185966491699,26.903236389160156,125.36756134033203,75.69831085205078,35.00651168823242,79.45948791503906,51.86000442504883,260.53338623046875,44.71372604370117,70.87201690673828,45.286903381347656,23.28668785095215,27.34946632385254,91.5016860961914,52.521358489990234,88.69999694824219,48.599998474121094,238.47000122070312,297.95001220703125,31.41900062561035,34.900001525878906,62.779998779296875,79.69999694824219,65.69999694824219,121.01000213623047,26.100000381469727,84.98999786376953,231.5800018310547,60.099998474121094,144.27999877929688,138.33999633789062,131.77000427246094,58.22999954223633,87.07061004638672,51.20000076293945,54.529998779296875,5.901750087738037,36.93548583984375,158.8300018310547,87.0199966430664,40.560001373291016,83.836669921875,58.060001373291016,289.5400085449219,58.5099983215332,91.5199966430664,53.41999816894531,30.200000762939453,30.75,101.23999786376953,70.33000183105469,89.38999938964844,49.38999938964844,240.25999450683594,300.75,32.0,35.150001525878906,63.33000183105469,80.5199966430664,67.12999725341797,122.72000122070312,26.540000915527344,86.8499984741211,232.61000061035156,60.70000076293945,145.3699951171875,139.22999572753906,132.47000122070312,61.36000061035156,87.8530502319336,51.45000076293945,55.310001373291016,5.9457502365112305,37.2296028137207,159.58999633789062,87.63999938964844,41.13999938964844,84.56999969482422,58.97999954223633,291.8800048828125,58.810001373291016,94.6500015258789,53.619998931884766,30.655000686645508,30.8799991607666,101.81999969482422,71.37000274658203,87.9000015258789,47.540000915527344,236.24000549316406,297.6600036621094,31.408000946044922,34.7599983215332,62.54999923706055,79.44999694824219,65.06999969482422,120.73999786376953,25.920000076293945,84.05999755859375,230.3000030517578,59.810001373291016,143.0,137.0800018310547,130.22999572753906,58.16999816894531,86.364501953125,50.83000183105469,54.0,5.852499961853027,36.688804626464844,157.42999267578125,86.44000244140625,40.0,83.65333557128906,58.040000915527344,284.3599853515625,58.02000045776367,90.8499984741211,52.900001525878906,30.049999237060547,30.59000015258789,100.44999694824219,70.16000366210938,88.16999816894531,48.029998779296875,237.16000366210938,298.0400085449219,31.750999450683594,34.97999954223633,62.61000061035156,79.80000305175781,67.04000091552734,121.77999877929688,26.5,85.58000183105469,231.60000610351562,59.810001373291016,143.5,137.5,130.3000030517578,61.060001373291016,86.52671813964844,51.220001220703125,54.15999984741211,5.877500057220459,36.736244201660156,158.41000366210938,87.26000213623047,41.0,84.11333465576172,58.970001220703125,287.2699890136719,58.5,94.3499984741211,53.11000061035156,30.565000534057617,30.68000030517578,100.94999694824219,71.33999633789062,5988500,73127400,1879000,410800,22870000,50357900,12984600,12437400,6333200,6360900,6983500,3716200,2274500,15293900,5752400,10386800,1963500,9671100,5903698,6706000,16815800,205384000,14922848,1374400,8340300,9752000,1235100,10546400,2711400,5161800,5057000,15608800,59005800,51363600,8247500,17386900
2020-01-06,68.58119201660156,48.38999938964844,196.91197204589844,279.05615234375,26.93316650390625,29.909549713134766,49.54295349121094,63.24940872192383,52.57986068725586,90.55931091308594,19.088245391845703,66.26709747314453,201.79974365234375,52.863765716552734,121.06715393066406,116.77455139160156,122.62846374511719,47.8642463684082,71.7800521850586,41.76954650878906,52.24612808227539,5.899825096130371,26.868684768676758,125.11498260498047,75.25466918945312,35.23090362548828,78.63174438476562,51.261558532714844,262.3420104980469,44.10234832763672,70.87976837158203,45.01561737060547,23.467891693115234,27.331676483154297,92.07110595703125,52.92464065551758,89.4000015258789,48.38999938964844,240.3000030517578,295.5799865722656,31.371999740600586,34.849998474121094,62.97999954223633,79.44999694824219,66.4800033569336,120.5999984741211,26.40999984741211,88.44000244140625,233.9499969482422,59.93000030517578,144.10000610351562,138.22999572753906,132.25999450683594,58.220001220703125,87.4427490234375,51.02000045776367,53.56999969482422,5.926499843597412,36.88804626464844,158.50999450683594,86.51000213623047,40.81999969482422,82.96333312988281,57.38999938964844,291.54998779296875,57.709999084472656,91.52999877929688,53.099998474121094,30.434999465942383,30.729999542236328,101.87000274658203,70.87000274658203,89.62000274658203,48.86000061035156,240.4499969482422,295.7200012207031,31.392000198364258,34.900001525878906,63.2400016784668,79.55000305175781,66.94000244140625,121.66999816894531,26.549999237060547,89.29000091552734,234.02000427246094,60.20000076293945,144.1999969482422,138.27000427246094,132.55999755859375,58.72999954223633,87.53816986083984,51.040000915527344,54.13999938964844,5.9317498207092285,37.00189971923828,158.67999267578125,86.55000305175781,41.08000183105469,83.2300033569336,57.689998626708984,291.6600036621094,57.790000915527344,91.98999786376953,53.20000076293945,30.59000015258789,30.75,101.9000015258789,71.36000061035156,87.9800033569336,47.86000061035156,236.55999755859375,292.42999267578125,30.96299934387207,34.369998931884766,62.66999816894531,78.72000122070312,65.87999725341797,120.33000183105469,26.09000015258789,85.77999877929688,229.49000549316406,59.33000183105469,142.85000610351562,136.5,130.94000244140625,57.02000045776367,86.82251739501953,50.459999084472656,53.15999984741211,5.781750202178955,36.71726989746094,157.4499969482422,85.54000091552734,40.189998626708984,82.41999816894531,57.130001068115234,287.2200012207031,56.81999969482422,90.5199966430664,52.720001220703125,30.200000762939453,30.459999084472656,100.75,70.2300033569336,88.22000122070312,48.02000045776367,237.1999969482422,293.1700134277344,31.084999084472656,34.40999984741211,62.900001525878906,78.72000122070312,66.27999877929688,121.23999786376953,26.329999923706055,85.9000015258789,229.92999267578125,59.59000015258789,144.0,136.55999755859375,131.4199981689453,57.720001220703125,87.05152893066406,50.66999816894531,53.75,5.808000087738037,36.831119537353516,158.10000610351562,85.91000366210938,40.61000061035156,82.78333282470703,57.599998474121094,288.0,57.06999969482422,91.11000061035156,52.7400016784668,30.30500030517578,30.469999313354492,100.77999877929688,70.31999969482422,6786600,47934900,1802800,617600,20789000,42185000,11311400,10059500,8823800,9953000,4389700,8485500,3329300,17755200,7731300,10259000,2102900,7878000,7522963,7476700,18768700,262636000,15771951,1335500,8381400,15534100,1615200,8897200,3079100,6869200,3393200,13200300,44916200,27956100,6441800,20081900
2020-01-07,68.18994903564453,48.25,195.0600128173828,282.08673095703125,26.840450286865234,29.712154388427734,50.290279388427734,62.700077056884766,52.57986068725586,89.40291595458984,19.14607048034668,66.90399169921875,203.12808227539062,51.98167419433594,121.80644226074219,114.7893295288086,122.86023712158203,48.62059783935547,69.86884307861328,41.68767547607422,56.82998275756836,5.971251487731934,26.778844833374023,124.12830352783203,77.39462280273438,35.049652099609375,80.07870483398438,52.09224319458008,260.75836181640625,43.68204879760742,71.80902099609375,44.64261245727539,23.40620994567871,27.153799057006836,91.89033508300781,52.49149703979492,88.88999938964844,48.25,238.0399932861328,298.7900085449219,31.263999938964844,34.619998931884766,63.93000030517578,78.76000213623047,66.4800033569336,119.05999755859375,26.489999771118164,89.29000091552734,235.49000549316406,58.93000030517578,144.97999572753906,135.8800048828125,132.50999450683594,59.13999938964844,85.114501953125,50.91999816894531,58.27000045776367,5.9982500076293945,36.764705657958984,157.25999450683594,88.97000122070312,40.61000061035156,84.48999786376953,58.31999969482422,289.7900085449219,57.15999984741211,92.7300033569336,52.65999984741211,30.354999542236328,30.530000686645508,101.66999816894531,70.29000091552734,89.54000091552734,49.38999938964844,240.0,301.2200012207031,31.658000946044922,34.91999816894531,64.18000030517578,79.30000305175781,66.48999786376953,119.7300033569336,26.56999969482422,89.33000183105469,237.77000427246094,59.79999923706055,145.4499969482422,137.86000061035156,132.92999267578125,59.16999816894531,86.94656372070312,51.189998626708984,58.400001525878906,6.044250011444092,37.12523651123047,158.39999389648438,89.48999786376953,40.61000061035156,84.82333374023438,58.599998474121094,291.489990234375,57.689998626708984,92.76000213623047,53.04999923706055,30.385000228881836,30.709999084472656,101.76000213623047,70.5199966430664,88.26000213623047,48.040000915527344,237.58999633789062,297.4100036621094,31.225000381469727,34.529998779296875,62.77000045776367,78.7300033569336,65.73999786376953,117.7699966430664,26.100000381469727,87.2300033569336,234.75999450683594,58.88999938964844,141.3800048828125,135.82000732421875,131.6999969482422,57.22999954223633,85.03816986083984,50.709999084472656,55.36000061035156,5.909749984741211,36.69829177856445,156.61000061035156,86.91000366210938,39.72999954223633,83.5,56.7400016784668,287.5799865722656,57.13999938964844,90.30999755859375,52.470001220703125,30.0,30.530000686645508,101.0999984741211,69.51000213623047,88.93000030517578,49.349998474121094,239.30999755859375,298.6700134277344,31.524999618530273,34.70000076293945,62.84000015258789,79.29000091552734,66.44000244140625,119.0199966430664,26.25,88.62999725341797,235.0,59.779998779296875,144.00999450683594,137.27999877929688,131.6999969482422,57.68000030517578,86.64122009277344,51.040000915527344,55.380001068115234,5.954999923706055,37.11574935913086,157.42999267578125,87.04000091552734,40.529998779296875,83.99666595458984,57.45000076293945,290.70001220703125,57.529998779296875,91.05999755859375,53.04999923706055,30.350000381469727,30.65999984741211,101.58999633789062,70.5,7242500,58061400,1518900,477700,18565000,34149000,15551700,10469100,5974800,7856900,6457400,4320000,5255200,21876100,7382900,10531300,2448300,6578000,11132275,4538100,49908200,314856000,20108107,1936300,8377400,10971700,1146600,7444300,2492900,4006800,3795500,13278600,22925000,39627500,6335300,17387700
2020-01-08,68.6732177734375,47.83000183105469,195.20751953125,285.0133056640625,26.505630493164062,30.012537002563477,50.235206604003906,63.1777229309082,51.361846923828125,88.3816909790039,18.46666717529297,65.44287109375,205.086181640625,52.01696014404297,121.7896728515625,115.68479919433594,123.9728775024414,48.11087417602539,69.39887237548828,42.219818115234375,56.09852600097656,5.98245096206665,26.993070602416992,125.41492462158203,77.1684341430664,34.01396942138672,80.00601959228516,52.47632598876953,266.2562255859375,43.5903434753418,72.08780670166016,44.778255462646484,23.020671844482422,27.331676483154297,92.48687744140625,51.69990158081055,89.5199966430664,47.83000183105469,238.22000122070312,301.8900146484375,30.874000549316406,34.970001220703125,63.86000061035156,79.36000061035156,64.94000244140625,117.69999694824219,25.549999237060547,87.33999633789062,237.75999450683594,58.970001220703125,144.9600067138672,136.94000244140625,133.7100067138672,58.52000045776367,84.54198455810547,51.56999969482422,57.52000045776367,6.009500026702881,37.05882263183594,158.88999938964844,88.70999908447266,39.40999984741211,84.413330078125,58.75,295.8999938964844,57.040000915527344,93.08999633789062,52.81999969482422,29.854999542236328,30.729999542236328,102.33000183105469,69.2300033569336,90.05999755859375,48.29999923706055,239.5800018310547,303.19000244140625,31.349000930786133,35.189998626708984,64.61000061035156,80.0,66.62999725341797,119.08999633789062,26.489999771118164,89.54000091552734,239.75,59.31999969482422,145.97999572753906,137.5800018310547,134.2100067138672,59.11000061035156,85.40076446533203,51.790000915527344,58.38999938964844,6.051000118255615,37.21062469482422,159.91000366210938,89.47000122070312,40.439998626708984,84.98332977294922,58.97999954223633,297.3800048828125,57.5099983215332,93.52999877929688,53.33000183105469,30.360000610351562,30.899999618530273,102.79000091552734,70.29000091552734,88.87000274658203,47.13999938964844,236.61000061035156,299.94000244140625,30.840999603271484,34.54999923706055,63.86000061035156,78.68000030517578,64.5199966430664,117.6500015258789,25.209999084472656,86.97000122070312,235.47999572753906,58.52000045776367,143.6999969482422,135.60000610351562,132.00999450683594,57.790000915527344,84.36068725585938,50.900001525878906,57.060001373291016,5.953750133514404,36.764705657958984,157.3000030517578,87.91999816894531,39.310001373291016,84.05332946777344,58.11000061035156,290.0400085449219,57.029998779296875,91.98999786376953,52.79999923706055,29.815000534057617,30.559999465942383,101.68000030517578,69.16999816894531,89.1500015258789,47.849998474121094,237.92999267578125,300.6600036621094,31.29800033569336,34.56999969482422,64.05000305175781,78.7699966430664,66.44999694824219,118.55000305175781,26.450000762939453,89.23999786376953,235.67999267578125,58.88999938964844,144.8699951171875,135.6999969482422,132.4600067138672,58.91999816894531,85.0095443725586,50.959999084472656,58.09000015258789,5.99399995803833,36.774192810058594,158.0,88.9000015258789,40.279998779296875,84.65666961669922,58.189998626708984,291.5,57.20000076293945,92.5199966430664,52.84000015258789,30.325000762939453,30.559999465942383,101.72000122070312,70.11000061035156,7696800,53767000,2214700,536900,31979000,45311600,18527000,11292400,6470100,7295900,8227400,5337300,3564700,23133500,6605800,9695300,5188600,5585200,15200506,6185200,29730800,277108000,16403507,1958400,7619900,11327600,1297800,5381500,3379200,5627500,4101800,16585600,38042800,47966600,7494700,15137700
2020-01-09,69.20256042480469,48.970001220703125,195.789306640625,284.5318908691406,26.29271697998047,30.064029693603516,51.48596954345703,63.75092697143555,52.25558090209961,88.23902130126953,18.683504104614258,66.12474060058594,209.2610626220703,52.30805206298828,122.15097045898438,116.10716247558594,126.02192687988281,48.82612609863281,70.00984191894531,42.62097930908203,55.893707275390625,6.048153877258301,26.87559700012207,126.93041229248047,78.21231842041016,34.402347564697266,80.51152801513672,52.905059814453125,264.7446594238281,43.605621337890625,73.70628356933594,44.70195007324219,23.190303802490234,27.50066375732422,92.88452911376953,52.095699310302734,90.20999908447266,48.970001220703125,238.92999267578125,301.3800048828125,30.625999450683594,35.029998779296875,65.44999694824219,80.08000183105469,66.06999969482422,117.51000213623047,25.850000381469727,88.25,242.60000610351562,59.29999923706055,145.38999938964844,137.44000244140625,135.9199981689453,59.38999938964844,85.28626251220703,52.060001373291016,57.310001373291016,6.075500011444092,36.89753341674805,160.80999755859375,89.91000366210938,39.86000061035156,84.94667053222656,59.22999954223633,294.2200012207031,57.060001373291016,95.18000030517578,52.72999954223633,30.075000762939453,30.920000076293945,102.7699966430664,69.76000213623047,90.2300033569336,49.959999084472656,239.69000244140625,303.9100036621094,31.298999786376953,35.33000183105469,65.77999877929688,80.9800033569336,66.1500015258789,117.91999816894531,25.940000534057617,88.37000274658203,243.39999389648438,59.5099983215332,146.02999877929688,138.22999572753906,136.36000061035156,59.41999816894531,85.92557525634766,52.25,58.47999954223633,6.148250102996826,37.25806427001953,161.25,90.72000122070312,40.09000015258789,85.586669921875,59.709999084472656,297.20001220703125,57.560001373291016,95.2699966430664,53.20000076293945,30.104999542236328,30.979999542236328,103.05000305175781,69.9000015258789,89.05000305175781,48.38999938964844,237.97000122070312,300.2699890136719,30.30500030517578,34.939998626708984,64.12000274658203,79.7300033569336,64.29000091552734,116.18000030517578,25.200000762939453,84.70999908447266,239.82000732421875,58.83000183105469,144.99000549316406,137.0399932861328,134.00999450683594,57.959999084472656,84.71373748779297,51.81999969482422,56.47999954223633,6.021500110626221,36.80265808105469,159.83999633789062,88.83000183105469,38.72999954223633,84.14666748046875,58.70000076293945,293.7200012207031,56.86000061035156,92.93000030517578,52.47999954223633,29.489999771118164,30.829999923706055,102.41999816894531,68.62999725341797,90.01000213623047,48.939998626708984,239.69000244140625,303.2799987792969,31.23200035095215,35.29999923706055,64.13999938964844,80.9800033569336,64.56999969482422,117.58999633789062,25.889999389648438,86.55000305175781,241.33999633789062,59.04999923706055,145.75999450683594,138.0500030517578,134.5500030517578,58.41999816894531,84.8759536743164,52.16999816894531,58.31999969482422,6.096250057220459,37.25806427001953,160.3800048828125,89.66000366210938,39.52000045776367,85.586669921875,59.689998626708984,294.2900085449219,57.349998474121094,93.69999694824219,53.20000076293945,29.84000015258789,30.950000762939453,102.63999938964844,69.13999938964844,7518000,76512800,1629000,579700,42397000,39861600,16169300,12895900,6005100,7345300,7500200,6908200,3980700,18813300,6112700,9469000,4522800,6179700,9714750,7308000,22376100,255112000,21971895,1652000,9155500,12186000,639600,5112700,2838200,5775400,3033300,20817400,30733600,27705300,6660600,14811800
2020-01-10,68.32035064697266,48.16999816894531,195.24029541015625,279.6225891113281,25.68832778930664,29.815143585205078,51.31291198730469,63.09016418457031,51.74147033691406,87.435546875,18.14142608642578,64.64114379882812,208.8384246826172,51.99049758911133,121.87364959716797,114.9498291015625,127.95045471191406,49.50849914550781,70.12732696533203,42.74379348754883,55.26951599121094,6.080507755279541,27.290231704711914,125.16232299804688,78.51676177978516,34.37645721435547,80.04396057128906,52.5745735168457,265.56341552734375,43.30758285522461,75.03048706054688,44.50696563720703,23.05921745300293,27.29610252380371,92.91165161132812,51.63269805908203,89.05999755859375,48.16999816894531,238.25999450683594,296.17999267578125,29.922000885009766,34.7400016784668,65.2300033569336,79.25,65.41999816894531,116.44000244140625,25.100000381469727,86.2699966430664,242.11000061035156,58.939998626708984,145.05999755859375,136.07000732421875,138.0,60.220001220703125,85.42938995361328,52.209999084472656,56.66999816894531,6.107999801635742,37.466793060302734,158.57000732421875,90.26000213623047,39.83000183105469,84.45333099365234,58.86000061035156,295.1300048828125,56.66999816894531,96.88999938964844,52.5,29.905000686645508,30.690000534057617,102.80000305175781,69.13999938964844,90.29000091552734,49.290000915527344,240.92999267578125,300.510009765625,30.55500030517578,35.06999969482422,65.97000122070312,80.01000213623047,66.19999694824219,117.69000244140625,25.700000762939453,87.61000061035156,243.38999938964844,60.08000183105469,146.17999267578125,137.25,138.27000427246094,61.06999969482422,85.98282623291016,52.470001220703125,57.5,6.213749885559082,37.5996208190918,160.97999572753906,92.38999938964844,40.09000015258789,85.48666381835938,59.70000076293945,296.07000732421875,57.150001525878906,97.4800033569336,52.900001525878906,30.084999084472656,30.950000762939453,103.33000183105469,69.95999908447266,88.83000183105469,48.0,237.61000061035156,295.55999755859375,29.8799991607666,34.65999984741211,65.04000091552734,79.06999969482422,65.33000183105469,116.4000015258789,25.020000457763672,86.1500015258789,241.38999938964844,58.869998931884766,144.89999389648438,135.80999755859375,135.52999877929688,59.43000030517578,85.3530502319336,51.91999816894531,56.27000045776367,6.09375,36.97343444824219,158.47000122070312,89.87000274658203,39.5099983215332,84.2066650390625,58.77000045776367,292.2099914550781,56.58000183105469,95.38999938964844,52.47999954223633,29.8700008392334,30.649999618530273,102.62000274658203,69.12000274658203,90.2300033569336,49.2599983215332,238.67999267578125,300.04998779296875,30.545000076293945,35.0,65.44999694824219,80.0,65.86000061035156,117.5199966430664,25.700000762939453,87.55000305175781,242.75,59.56999969482422,145.75,137.2100067138672,135.77999877929688,59.65999984741211,85.61068725585938,52.150001525878906,57.470001220703125,6.1832499504089355,36.9829216003418,160.97999572753906,90.51000213623047,39.72999954223633,85.48666381835938,59.70000076293945,296.07000732421875,57.099998474121094,95.52999877929688,52.790000915527344,30.059999465942383,30.940000534057617,103.16000366210938,69.93000030517578,8581400,44133700,1777600,447700,40705000,39730400,11698000,10062100,7233100,6393800,5205900,2950600,2248100,15200600,5042600,10190900,4177600,4941400,5945304,7686800,19122800,316296000,21557357,2182500,9668300,8089700,1952100,4807700,2477900,5285000,3551800,13777600,18302400,33458200,9300300,11995600
2020-01-13,67.90609741210938,48.75,194.14224243164062,284.59796142578125,25.856595993041992,30.089784622192383,52.03662872314453,64.20468139648438,51.51211166381836,87.6007308959961,18.329343795776367,64.07915496826172,211.51235961914062,52.56385803222656,122.4113540649414,115.90443420410156,128.82200622558594,49.01521682739258,70.11165618896484,43.210445404052734,56.03024673461914,6.271145343780518,27.234954833984375,125.84902954101562,79.13439178466797,33.858612060546875,80.97911071777344,53.64644241333008,257.2130432128906,43.33816146850586,74.53486633300781,44.17634201049805,23.06692886352539,27.48287582397461,92.5862808227539,52.12556838989258,88.5199966430664,48.75,236.9199981689453,301.45001220703125,30.118000030517578,35.060001373291016,66.1500015258789,80.6500015258789,65.12999725341797,116.66000366210938,25.360000610351562,85.5199966430664,245.2100067138672,59.59000015258789,145.6999969482422,137.1999969482422,138.94000244140625,59.619998931884766,85.4103012084961,52.779998779296875,57.45000076293945,6.299499988555908,37.390892028808594,159.44000244140625,90.97000122070312,39.22999954223633,85.44000244140625,60.060001373291016,285.8500061035156,56.709999084472656,96.25,52.11000061035156,29.915000915527344,30.899999618530273,102.44000244140625,69.80000305175781,89.5,48.86000061035156,238.3300018310547,301.6199951171875,30.3799991607666,35.06999969482422,66.98999786376953,80.72000122070312,65.51000213623047,116.91000366210938,25.43000030517578,85.97000122070312,246.11000061035156,59.779998779296875,145.7899932861328,137.1999969482422,139.99000549316406,60.4900016784668,85.52481079101562,52.779998779296875,57.779998779296875,6.324749946594238,37.73244857788086,159.5399932861328,92.7300033569336,39.84000015258789,85.55999755859375,60.15999984741211,294.45001220703125,56.779998779296875,98.02999877929688,52.5,30.010000228881836,30.93000030517578,102.98999786376953,69.87000274658203,87.91999816894531,48.2400016784668,234.7899932861328,297.5,29.966999053955078,34.65999984741211,65.37000274658203,79.0,64.87999725341797,116.08000183105469,24.639999389648438,84.33999633789062,243.0,59.08000183105469,144.72000122070312,135.75999450683594,137.88999938964844,59.310001373291016,84.9427490234375,52.06999969482422,56.86000061035156,6.168749809265137,37.20113754272461,157.82000732421875,90.55000305175781,38.970001220703125,84.78333282470703,59.45000076293945,285.0199890136719,56.189998626708984,95.80999755859375,51.83000183105469,29.704999923706055,30.68000030517578,102.08999633789062,69.11000061035156,89.5,48.65999984741211,238.25999450683594,298.67999267578125,30.00200080871582,34.84000015258789,65.43000030517578,79.5,65.36000061035156,116.47000122070312,25.010000228881836,85.87999725341797,244.44000244140625,59.16999816894531,145.47999572753906,136.19000244140625,138.1999969482422,60.2599983215332,85.41984558105469,52.209999084472656,57.0099983215332,6.191500186920166,37.59013366699219,158.8800048828125,91.05000305175781,39.83000183105469,85.0433349609375,60.150001525878906,294.3699951171875,56.52000045776367,97.05000305175781,52.5,29.860000610351562,30.760000228881836,102.97000122070312,69.19999694824219,9292200,34266800,2004400,405700,22054000,37956100,19243300,16566300,3675300,6846700,4744200,3399700,3359200,16453300,4593200,12355200,5117100,4044300,10261492,8334200,16163000,319840000,15392405,2391100,10367800,11665600,950100,6613700,6994900,6235800,2703100,25197600,17557000,27542700,7621700,9953900
2020-01-14,68.57475280761719,48.209999084472656,196.66615295410156,285.6365051269531,26.45755386352539,30.312923431396484,52.26473617553711,65.20777130126953,51.52003860473633,87.3304214477539,18.95815086364746,64.68609619140625,211.9005584716797,52.42272186279297,123.10031127929688,117.25606536865234,130.40745544433594,49.19609451293945,70.44064331054688,43.27593994140625,56.09852600097656,6.154175281524658,27.691051483154297,126.19634246826172,78.77774047851562,34.11753463745117,81.15601348876953,53.87865447998047,259.3636169433594,43.2464485168457,73.87664794921875,41.79415512084961,23.070785522460938,27.429508209228516,93.14663696289062,51.677486419677734,88.19999694824219,48.209999084472656,240.0,302.54998779296875,30.81800079345703,35.31999969482422,66.44000244140625,81.91000366210938,65.13999938964844,116.30000305175781,26.229999542236328,86.33000183105469,245.66000366210938,59.43000030517578,146.52000427246094,138.8000030517578,140.64999389648438,59.84000015258789,85.81106567382812,52.86000061035156,57.52000045776367,6.182000160217285,38.0170783996582,159.8800048828125,90.55999755859375,39.529998779296875,85.62666320800781,60.31999969482422,288.239990234375,56.59000015258789,95.4000015258789,49.29999923706055,29.920000076293945,30.84000015258789,103.05999755859375,69.19999694824219,88.44000244140625,49.040000915527344,240.67999267578125,305.8999938964844,30.915000915527344,35.66999816894531,66.52999877929688,83.11000061035156,65.33000183105469,116.87999725341797,26.360000610351562,86.66000366210938,248.52000427246094,59.7400016784668,146.61000061035156,140.75999450683594,140.89999389648438,60.119998931884766,85.81106567382812,53.25,58.29999923706055,6.2820000648498535,38.02656555175781,160.9499969482422,91.61000061035156,39.529998779296875,86.34666442871094,60.63999938964844,288.239990234375,57.20000076293945,96.1500015258789,50.7400016784668,29.954999923706055,31.079999923706055,103.08000183105469,69.58000183105469,86.7699966430664,47.90999984741211,235.1699981689453,298.4700012207031,30.159000396728516,35.11000061035156,65.56999969482422,80.97000122070312,64.66000366210938,115.70999908447266,25.3700008392334,84.55999755859375,244.60000610351562,59.189998626708984,144.72999572753906,137.69000244140625,138.1199951171875,59.130001068115234,84.79962158203125,52.68000030517578,56.459999084472656,6.168749809265137,37.286529541015625,158.80999755859375,90.29000091552734,38.38999938964844,85.18000030517578,59.91999816894531,284.25,56.470001220703125,94.80999755859375,49.25,29.655000686645508,30.799999237060547,101.94999694824219,68.88999938964844,87.0999984741211,48.63999938964844,235.8000030517578,299.1499938964844,30.200000762939453,35.29999923706055,65.80999755859375,81.19999694824219,65.22000122070312,116.5,25.510000228881836,85.37000274658203,245.32000732421875,59.4900016784668,145.0500030517578,137.94000244140625,138.99000549316406,59.470001220703125,85.1812973022461,53.060001373291016,57.79999923706055,6.256499767303467,37.40986633300781,159.1699981689453,91.12999725341797,38.97999954223633,85.66666412353516,60.15999984741211,285.6000061035156,56.689998626708984,96.02999877929688,50.22999954223633,29.850000381469727,30.899999618530273,102.12999725341797,69.37999725341797,8876900,38563200,2239100,609600,28911000,66719300,30560500,24971800,6119400,7189100,6388500,4281700,4302800,17051200,7037500,24906000,4685200,5411900,8625669,9602000,26454300,359088000,20919160,3333900,7800100,13958700,896400,6715200,6056300,6866500,3270900,56668300,34678000,37575400,7294900,16261000
2020-01-15,69.39888763427734,48.54999923706055,198.0592041015625,283.3045959472656,26.024858474731445,29.755064010620117,52.37488555908203,64.67438507080078,51.4093132019043,87.20277404785156,18.96537971496582,64.99329376220703,211.51235961914062,51.99049758911133,123.51199340820312,115.49894714355469,130.833984375,47.790260314941406,71.70175170898438,43.341426849365234,54.7818717956543,6.111616611480713,28.10569190979004,121.61825561523438,78.00353240966797,33.08182907104492,80.29669952392578,52.15476608276367,266.7152404785156,42.0084342956543,71.44506072998047,40.96335983276367,22.90114402770996,27.27831268310547,93.9510269165039,51.59535217285156,89.26000213623047,48.54999923706055,241.6999969482422,300.0799865722656,30.31399917602539,34.66999816894531,66.58000183105469,81.23999786376953,65.0,116.12999725341797,26.239999771118164,86.73999786376953,245.2100067138672,58.939998626708984,147.00999450683594,136.72000122070312,141.11000061035156,58.130001068115234,87.34732818603516,52.939998626708984,56.16999816894531,6.139249801635742,38.58633804321289,154.0800018310547,89.66999816894531,38.33000183105469,84.72000122070312,58.38999938964844,296.4100036621094,54.970001220703125,92.26000213623047,48.31999969482422,29.700000762939453,30.670000076293945,103.94999694824219,69.08999633789062,89.87999725341797,49.08000183105469,242.60000610351562,302.95001220703125,30.788000106811523,34.790000915527344,67.08999633789062,82.05000305175781,65.33000183105469,116.41000366210938,26.260000228881836,86.7699966430664,249.5,59.650001525878906,147.39999389648438,138.60000610351562,141.69000244140625,59.689998626708984,87.41412353515625,52.939998626708984,57.119998931884766,6.217249870300293,38.776092529296875,158.30999755859375,91.18000030517578,39.36000061035156,85.78666687011719,59.70000076293945,299.6400146484375,55.81999969482422,94.8499984741211,48.84000015258789,29.8799991607666,30.790000915527344,104.22000122070312,69.58999633789062,88.18000030517578,48.119998931884766,240.0500030517578,299.75,30.06999969482422,34.34000015258789,66.43000030517578,80.7300033569336,64.44000244140625,115.6500015258789,25.860000610351562,85.25,239.16000366210938,58.75,146.24000549316406,136.14999389648438,140.00999450683594,57.72999954223633,85.96373748779297,52.11000061035156,55.84000015258789,6.113249778747559,38.11195373535156,153.3300018310547,89.25,38.13999938964844,84.37000274658203,58.2599983215332,289.0,54.4900016784668,91.66000366210938,47.97999954223633,29.614999771118164,30.56999969482422,103.0999984741211,68.88999938964844,88.18000030517578,48.22999954223633,240.6699981689453,301.6000061035156,30.731000900268555,34.77000045776367,66.43000030517578,81.7300033569336,65.0,116.30000305175781,26.0,85.68000030517578,242.0,59.29999923706055,146.39999389648438,137.85000610351562,140.5800018310547,59.529998779296875,85.97328186035156,52.47999954223633,57.029998779296875,6.19474983215332,38.13093185424805,158.30999755859375,90.75,39.20000076293945,85.74666595458984,59.66999816894531,289.0199890136719,55.470001220703125,94.56999969482422,48.83000183105469,29.790000915527344,30.690000534057617,103.18000030517578,69.19999694824219,8490100,40199900,1920700,505300,22733000,74745500,10937400,16063600,3933300,5808800,5669200,2562500,5411200,18498800,4960300,16293400,3676500,7231300,9614038,11342500,21638600,263104000,23925800,4078500,7259100,13737700,1516500,10075100,6081300,10158500,4001900,47148000,21661600,41457300,7521800,11390300
2020-01-16,69.39888763427734,49.77000045776367,197.07583618164062,284.2486572265625,26.360536575317383,29.797975540161133,52.53220748901367,64.48333740234375,51.46466827392578,87.77345275878906,19.109926223754883,65.42032623291016,215.402587890625,52.62559509277344,124.51179504394531,115.94667053222656,131.1306915283203,47.29698181152344,71.41973876953125,46.20683670043945,56.25456619262695,6.195239067077637,28.064228057861328,121.37174224853516,79.84770202636719,33.47022247314453,81.56674194335938,52.47632598876953,270.61138916015625,42.17656707763672,71.2282485961914,41.75177764892578,22.939701080322266,27.518455505371094,94.43907928466797,51.39371109008789,89.26000213623047,49.77000045776367,240.5,301.0799865722656,30.704999923706055,34.720001220703125,66.77999877929688,81.0,65.06999969482422,116.88999938964844,26.440000534057617,87.0199966430664,249.72000122070312,59.65999984741211,148.1999969482422,137.25,141.42999267578125,57.529998779296875,87.00381469726562,56.439998626708984,57.68000030517578,6.223249912261963,38.52941131591797,152.6199951171875,91.79000091552734,38.779998779296875,86.05999755859375,58.75,300.739990234375,55.189998626708984,91.9800033569336,49.25,29.75,30.940000534057617,104.48999786376953,68.81999969482422,89.80000305175781,50.310001373291016,243.85000610351562,302.94000244140625,30.785999298095703,34.9900016784668,66.97000122070312,82.12999725341797,65.61000061035156,117.27999877929688,26.979999542236328,88.08999633789062,249.82000732421875,59.84000015258789,148.83999633789062,137.89999389648438,141.97000122070312,58.560001373291016,87.84351348876953,57.36000061035156,57.84000015258789,6.229249954223633,38.709678649902344,153.6999969482422,92.2300033569336,38.93000030517578,86.09333038330078,59.689998626708984,300.989990234375,55.27000045776367,93.19999694824219,49.31999969482422,29.975000381469727,30.940000534057617,104.55999755859375,69.58000183105469,88.91999816894531,48.9900016784668,239.85000610351562,299.54998779296875,30.42099952697754,34.599998474121094,66.51000213623047,80.8499984741211,64.76000213623047,116.44999694824219,26.389999389648438,86.66999816894531,246.22999572753906,59.06999969482422,146.1999969482422,136.83999633789062,139.85000610351562,57.29999923706055,86.87976837158203,55.650001525878906,56.7599983215332,6.16949987411499,38.254268646240234,149.9499969482422,89.81999969482422,38.349998474121094,85.3133316040039,58.29999923706055,295.92999267578125,54.400001525878906,91.43000030517578,47.84000015258789,29.735000610351562,30.75,103.97000122070312,68.80000305175781,89.30999755859375,49.16999816894531,242.17999267578125,302.54998779296875,30.5,34.900001525878906,66.62999725341797,81.95999908447266,65.38999938964844,116.55999755859375,26.489999771118164,86.95999908447266,247.00999450683594,59.2599983215332,147.4199981689453,137.4499969482422,141.8300018310547,58.45000076293945,87.65267181396484,56.04999923706055,56.79999923706055,6.192999839782715,38.700191497802734,153.5800018310547,90.22000122070312,38.56999969482422,85.37333679199219,59.20000076293945,298.0,54.75,93.06999969482422,48.459999084472656,29.875,30.81999969482422,104.37999725341797,69.30000305175781,7073200,58898900,2085700,547500,21508000,50368500,8435800,10426000,4315200,7022000,6293500,5128600,3968400,21365500,6476000,10783800,3794800,7222300,7252474,34590700,22732700,284192000,16216422,3831600,9295500,11771100,1708500,11215700,3710300,12176100,2829500,37020200,16449000,34444000,5479900,13340300
2020-01-17,68.41925811767578,50.93000030517578,197.88711547851562,283.26678466796875,26.509923934936523,29.789398193359375,52.4849967956543,64.57884979248047,51.46466827392578,86.78977966308594,18.683504104614258,64.13475036621094,215.1783447265625,52.57267761230469,125.32676696777344,116.74921417236328,129.41542053222656,46.77082061767578,71.25526428222656,47.082847595214844,56.23506164550781,6.203949928283691,27.99513053894043,121.960205078125,83.43167877197266,33.11635971069336,82.17964172363281,52.32448196411133,268.56878662109375,42.298824310302734,70.63969421386719,41.69243240356445,22.793195724487305,27.598499298095703,94.43907928466797,51.19955825805664,88.0,50.93000030517578,241.49000549316406,300.0400085449219,30.878999710083008,34.709999084472656,66.72000122070312,81.12000274658203,65.06999969482422,115.58000183105469,25.850000381469727,85.30999755859375,249.4600067138672,59.599998474121094,149.1699981689453,138.1999969482422,139.5800018310547,56.88999938964844,86.80343627929688,57.5099983215332,57.65999984741211,6.23199987411499,38.43453598022461,153.36000061035156,95.91000366210938,38.369998931884766,86.7066650390625,58.58000183105469,298.4700012207031,55.349998474121094,91.22000122070312,49.18000030517578,29.559999465942383,31.030000686645508,104.48999786376953,68.55999755859375,89.2699966430664,51.04999923706055,242.13999938964844,301.04998779296875,30.893999099731445,34.95000076293945,67.20999908447266,81.4000015258789,65.43000030517578,117.29000091552734,26.559999465942383,87.13999938964844,250.4600067138672,60.0,149.41000366210938,138.2899932861328,141.74000549316406,57.61000061035156,87.4332046508789,57.56999969482422,58.119998931884766,6.25,38.71916580200195,154.0500030517578,96.16999816894531,39.970001220703125,86.7066650390625,58.75,300.70001220703125,55.4900016784668,92.08999633789062,49.41999816894531,29.844999313354492,31.100000381469727,104.6500015258789,69.08000183105469,87.79000091552734,49.900001525878906,239.27000427246094,299.2699890136719,30.406999588012695,34.599998474121094,66.69999694824219,80.80999755859375,64.83999633789062,115.5199966430664,25.719999313354492,84.30000305175781,248.0,59.2400016784668,147.92999267578125,137.32000732421875,139.36000061035156,56.560001373291016,86.69847106933594,56.18000030517578,57.0099983215332,6.1842498779296875,38.34914779663086,152.85000610351562,92.94999694824219,38.18000030517578,86.02666473388672,58.0099983215332,295.8800048828125,55.11000061035156,90.91000366210938,48.529998779296875,29.510000228881836,30.90999984741211,104.2300033569336,68.29000091552734,89.12999725341797,50.20000076293945,242.11000061035156,300.8999938964844,30.865999221801758,34.91999816894531,66.75,81.16000366210938,65.27999877929688,117.01000213623047,26.559999465942383,87.06999969482422,250.22999572753906,59.97999954223633,148.41000366210938,137.5399932861328,140.8800048828125,57.540000915527344,87.09923553466797,56.2599983215332,58.02000045776367,6.242499828338623,38.49146270751953,153.0500030517578,93.0,39.0099983215332,86.58333587646484,58.63999938964844,300.010009765625,55.31999969482422,91.94000244140625,49.369998931884766,29.829999923706055,31.030000686645508,104.2300033569336,68.75,10122300,57722500,2582800,743900,26896000,54156100,14375000,12413100,4765500,7885900,5842600,4542600,3108400,21803400,9083600,14697700,5393200,6122600,10131226,15403900,20549200,253792000,23083970,2515600,23694400,17644600,1016700,8125700,4632200,9546400,2891700,29669200,23818200,38819400,6533400,18144100
2020-01-21,68.4114761352539,51.04999923706055,194.69949340820312,281.71844482421875,26.448108673095703,29.403194427490234,53.04352569580078,63.60765075683594,50.642120361328125,85.08521270751953,18.061918258666992,63.179988861083984,211.93504333496094,53.41065979003906,125.41073608398438,115.60026550292969,130.64854431152344,46.187110900878906,70.47197723388672,45.78112030029297,57.51268005371094,6.170601844787598,27.877643585205078,120.60034942626953,82.23992156982422,31.890789031982422,82.13224792480469,52.020774841308594,270.4223937988281,41.5881233215332,69.8885498046875,41.48896789550781,22.384525299072266,27.36725616455078,94.53850555419922,50.46770095825195,87.98999786376953,51.04999923706055,237.60000610351562,298.3999938964844,30.80699920654297,34.2599983215332,67.43000030517578,79.9000015258789,64.02999877929688,113.30999755859375,24.989999771118164,84.04000091552734,245.6999969482422,60.54999923706055,149.27000427246094,136.83999633789062,140.91000366210938,56.18000030517578,85.84923553466797,55.91999816894531,58.970001220703125,6.198500156402588,38.27324676513672,151.64999389648438,94.54000091552734,36.95000076293945,86.65666961669922,58.2400016784668,300.5299987792969,54.41999816894531,90.25,48.939998626708984,29.030000686645508,30.770000457763672,104.5999984741211,67.58000183105469,88.52999877929688,51.810001373291016,242.00999450683594,301.25,30.951000213623047,34.52000045776367,67.62000274658203,80.91000366210938,64.8499984741211,115.1500015258789,25.770000457763672,86.16999816894531,248.85000610351562,61.25,150.1699981689453,138.07000732421875,141.57000732421875,56.599998474121094,86.80343627929688,56.47999954223633,59.18000030517578,6.232250213623047,38.57685089111328,153.3300018310547,95.72000122070312,37.72999954223633,86.9566650390625,59.0,302.5400085449219,54.9900016784668,90.94000244140625,49.880001068115234,29.399999618530273,31.020000457763672,104.83999633789062,68.41999816894531,87.56999969482422,50.70000076293945,237.25999450683594,297.4700012207031,30.632999420166016,34.220001220703125,66.52999877929688,79.87000274658203,63.939998626708984,113.16999816894531,24.979999542236328,84.02999877929688,245.60000610351562,59.790000915527344,148.5,136.69000244140625,138.42999267578125,55.70000076293945,85.60114288330078,55.18000030517578,57.27000045776367,6.164249897003174,38.13093185424805,151.4600067138672,93.41999816894531,36.88999938964844,86.2933349609375,57.470001220703125,296.010009765625,54.36000061035156,89.12000274658203,48.79999923706055,28.979999542236328,30.770000457763672,104.20999908447266,67.51000213623047,87.68000030517578,50.959999084472656,240.97000122070312,298.1099853515625,30.780000686645508,34.41999816894531,66.69999694824219,80.4800033569336,64.56999969482422,115.0999984741211,25.649999618530273,85.0999984741211,247.2100067138672,59.810001373291016,148.5800018310547,137.19000244140625,139.5,56.400001525878906,86.56488800048828,55.880001068115234,57.369998931884766,6.195250034332275,38.311195373535156,152.13999938964844,95.33000183105469,37.630001068115234,86.36666870117188,57.9900016784668,296.8900146484375,54.88999938964844,90.54000091552734,49.09000015258789,29.395000457763672,30.8799991607666,104.25,68.37999725341797,13552000,49095000,3094200,573000,21967000,50811000,12519400,10522000,6974000,8470300,5810100,4522700,2492400,28358500,9543900,8474200,4849500,6499800,10022129,20833900,24821700,217916000,23115696,2036200,10868500,16710200,1653300,9873700,4962800,9490600,3221500,30858300,34709200,41276500,6644800,17982600
2020-01-22,67.8050308227539,51.43000030517578,194.00296020507812,279.6886291503906,26.8687801361084,29.489015579223633,53.04352569580078,63.766845703125,49.83537673950195,84.77734375,17.563209533691406,62.465797424316406,213.0994873046875,55.33362579345703,124.55379486083984,115.46511840820312,131.25120544433594,46.01446533203125,70.2213363647461,45.73200225830078,57.707740783691406,6.224606513977051,27.773984909057617,121.08544158935547,80.87419891357422,31.657760620117188,82.68512725830078,52.11903762817383,270.47637939453125,41.98550796508789,69.40068054199219,41.16682434082031,22.168621063232422,27.44729995727539,94.656005859375,50.17645263671875,87.20999908447266,51.43000030517578,236.75,296.25,31.297000885009766,34.36000061035156,67.43000030517578,80.0999984741211,63.0099983215332,112.9000015258789,24.299999237060547,83.08999633789062,247.0500030517578,62.72999954223633,148.25,136.67999267578125,141.55999755859375,55.970001220703125,85.54389190673828,55.86000061035156,59.16999816894531,6.252749919891357,38.13093185424805,152.25999450683594,92.97000122070312,36.68000030517578,87.23999786376953,58.349998474121094,300.5899963378906,54.939998626708984,89.62000274658203,48.560001373291016,28.75,30.860000610351562,104.7300033569336,67.19000244140625,88.16999816894531,51.880001068115234,239.6999969482422,301.6600036621094,31.79199981689453,34.45000076293945,68.33999633789062,80.4800033569336,63.79999923706055,113.52999877929688,24.850000381469727,84.0999984741211,248.52000427246094,62.849998474121094,149.17999267578125,137.39999389648438,142.25,56.4900016784668,86.3167953491211,56.5099983215332,60.25,6.339749813079834,38.339656829833984,153.02000427246094,95.38999938964844,36.81999969482422,88.20999908447266,58.939998626708984,302.1300048828125,55.02000045776367,90.9000015258789,49.09000015258789,28.9950008392334,30.940000534057617,105.08000183105469,67.69999694824219,87.1500015258789,51.20000076293945,235.75999450683594,296.010009765625,31.049999237060547,34.22999954223633,67.22000122070312,79.86000061035156,62.83000183105469,112.45999908447266,24.18000030517578,82.77999877929688,246.33999633789062,60.970001220703125,146.0,136.3800048828125,140.69000244140625,55.869998931884766,85.51526641845703,55.849998474121094,58.849998474121094,6.224999904632568,37.92219924926758,151.64999389648438,92.70999908447266,36.22999954223633,87.04000091552734,58.31999969482422,297.3500061035156,54.45000076293945,89.55999755859375,48.290000915527344,28.670000076293945,30.81999969482422,104.58999633789062,67.0,88.02999877929688,51.630001068115234,238.75,300.55999755859375,31.079999923706055,34.369998931884766,67.91000366210938,80.19999694824219,63.79999923706055,113.0999984741211,24.739999771118164,84.04000091552734,246.61000061035156,61.040000915527344,146.6999969482422,137.24000549316406,141.25,56.4900016784668,86.04007720947266,56.18000030517578,59.52000045776367,6.24399995803833,38.254268646240234,151.9600067138672,95.26000213623047,36.79999923706055,87.2933349609375,58.900001525878906,301.989990234375,54.54999923706055,90.63999938964844,49.029998779296875,28.975000381469727,30.8700008392334,104.83000183105469,67.55999755859375,6438900,40772200,1998200,1108600,29264000,38879700,15186700,8045600,6755800,5589900,8146500,4030400,2030900,29475100,10305300,7549100,2742100,4152000,7800474,10276800,22604400,239240000,18097812,2637300,8342300,12796800,1251300,8124500,3117600,6804900,2129400,20367700,29355400,27391000,9431500,17033100
2020-01-23,66.29668426513672,51.709999084472656,192.60171508789062,277.86651611328125,27.442258834838867,29.283037185668945,52.60301208496094,63.528038024902344,49.938194274902344,84.92752075195312,17.635486602783203,61.5185546875,211.83152770996094,55.854061126708984,124.78902435302734,115.34683227539062,130.9267120361328,45.48828887939453,69.3675537109375,45.46184539794922,57.736995697021484,6.293046474456787,28.133338928222656,121.44330596923828,80.03038787841797,31.441997528076172,83.31067657470703,51.34193801879883,269.4596252441406,41.93964767456055,69.31550598144531,40.87858963012695,22.083797454833984,27.376144409179688,94.17696380615234,49.862815856933594,85.2699966430664,51.709999084472656,235.0399932861328,294.32000732421875,31.96500015258789,34.119998931884766,66.87000274658203,79.80000305175781,63.13999938964844,113.0999984741211,24.399999618530273,81.83000183105469,245.5800018310547,63.31999969482422,148.52999877929688,136.5399932861328,141.2100067138672,55.33000183105469,84.50381469726562,55.529998779296875,59.20000076293945,6.321499824523926,38.62428665161133,152.7100067138672,92.0,36.43000030517578,87.9000015258789,57.47999954223633,299.4599914550781,54.880001068115234,89.51000213623047,48.220001220703125,28.639999389648438,30.780000686645508,104.19999694824219,66.7699966430664,87.06999969482422,51.75,237.05999755859375,297.1000061035156,31.979999542236328,34.2599983215332,67.25,80.08000183105469,63.36000061035156,113.48999786376953,24.59000015258789,82.23999786376953,247.0,63.709999084472656,148.77000427246094,136.74000549316406,141.74000549316406,55.84000015258789,85.55343627929688,55.650001525878906,60.560001373291016,6.329999923706055,38.73814010620117,153.25,92.94999694824219,36.529998779296875,87.9800033569336,58.06999969482422,300.5799865722656,55.0099983215332,89.75,48.45000076293945,28.729999542236328,30.850000381469727,104.69999694824219,66.93000030517578,84.98999786376953,50.7400016784668,233.07000732421875,291.55999755859375,31.082000732421875,33.72999954223633,66.02999877929688,78.91999816894531,61.619998931884766,111.86000061035156,23.600000381469727,80.6500015258789,242.8800048828125,62.810001373291016,146.75999450683594,134.72000122070312,139.8800048828125,53.95000076293945,84.21755981445312,54.79999923706055,59.029998779296875,6.203750133514404,38.074005126953125,149.92999267578125,91.45999908447266,35.56999969482422,86.77666473388672,56.619998931884766,296.6499938964844,54.349998474121094,86.94999694824219,47.97999954223633,28.229999542236328,30.489999771118164,103.4800033569336,66.05000305175781,87.05000305175781,51.34000015258789,237.05999755859375,296.92999267578125,31.51799964904785,34.09000015258789,67.12999725341797,79.58000183105469,62.0099983215332,112.4000015258789,24.040000915527344,82.0999984741211,244.5,62.86000061035156,148.0399932861328,135.7100067138672,141.25,55.47999954223633,85.55343627929688,55.220001220703125,60.33000183105469,6.293000221252441,38.13093185424805,151.38999938964844,92.8499984741211,36.06999969482422,87.57333374023438,57.86000061035156,300.010009765625,54.790000915527344,89.19000244140625,48.38999938964844,28.450000762939453,30.700000762939453,104.55000305175781,66.70999908447266,12266800,40135400,2088700,713000,30266000,45717100,13183300,11618200,6199900,8007800,5921300,3369400,2806800,42778700,8671900,9345700,3138700,5107000,13198093,10064500,26146100,244516000,27148510,2118100,11282000,11844000,1077300,9999200,3169600,7107800,2952300,17297900,26556000,43072300,8522600,19605900
2020-01-24,64.95165252685547,50.349998474121094,184.8579864501953,279.2921142578125,27.815715789794922,28.785259246826172,50.471195220947266,62.42942428588867,49.52691650390625,83.9888916015625,17.31024169921875,60.03001022338867,208.67445373535156,60.39683151245117,124.61260986328125,112.4830551147461,128.94253540039062,44.79771423339844,67.3466567993164,44.65951919555664,56.33258056640625,6.233816146850586,27.518295288085938,119.59038543701172,77.98614501953125,30.872350692749023,82.42606353759766,51.56525421142578,263.47589111328125,41.14487838745117,69.12190246582031,40.32754898071289,21.8293399810791,27.029277801513672,92.60435485839844,49.52676010131836,83.54000091552734,50.349998474121094,225.58999633789062,295.8299865722656,32.400001525878906,33.540000915527344,64.16000366210938,78.41999816894531,62.619998931884766,111.8499984741211,23.950000762939453,79.8499984741211,241.9199981689453,68.47000122070312,148.32000732421875,133.14999389648438,139.07000732421875,54.4900016784668,82.04198455810547,54.54999923706055,57.7599983215332,6.26200008392334,37.779884338378906,150.3800048828125,89.6500015258789,35.77000045776367,86.96666717529297,57.72999954223633,292.80999755859375,53.84000015258789,89.26000213623047,47.56999969482422,28.309999465942383,30.389999389648438,102.45999908447266,66.31999969482422,85.4800033569336,52.810001373291016,235.8800048828125,299.3299865722656,33.15800094604492,34.13999938964844,66.73999786376953,79.66999816894531,62.70000076293945,112.9800033569336,24.350000381469727,81.20999908447266,245.7100067138672,69.29000091552734,148.9499969482422,136.42999267578125,141.99000549316406,55.279998779296875,84.7614517211914,55.61000061035156,60.02000045776367,6.487500190734863,38.870967864990234,152.47999572753906,93.25,36.220001220703125,89.30999755859375,58.13999938964844,299.92999267578125,54.86000061035156,90.06999969482422,48.209999084472656,28.639999389648438,30.790000915527344,104.37000274658203,66.68000030517578,82.76000213623047,49.470001220703125,224.5,294.489990234375,32.07699966430664,33.27000045776367,63.61000061035156,77.63999938964844,62.04999923706055,111.33999633789062,23.559999465942383,78.97000122070312,240.60000610351562,66.45999908447266,147.92999267578125,132.32000732421875,138.6999969482422,53.959999084472656,81.6603012084961,54.099998474121094,57.2400016784668,6.207499980926514,37.609107971191406,149.52000427246094,88.83000183105469,35.349998474121094,86.36000061035156,57.459999084472656,291.55999755859375,53.5,88.2300033569336,47.18000030517578,28.09000015258789,30.200000762939453,102.19999694824219,66.04000091552734,85.43000030517578,52.279998779296875,235.8000030517578,296.8900146484375,33.04999923706055,34.119998931884766,66.38999938964844,79.62000274658203,62.70000076293945,112.79000091552734,24.34000015258789,81.19999694824219,245.07000732421875,66.56999969482422,148.5800018310547,136.3699951171875,141.85000610351562,55.13999938964844,84.57061004638672,55.529998779296875,60.0,6.4375,38.842506408691406,152.47999572753906,92.68000030517578,36.220001220703125,89.18333435058594,58.09000015258789,298.3399963378906,54.86000061035156,89.12000274658203,48.189998626708984,28.510000228881836,30.790000915527344,104.31999969482422,66.54000091552734,13215400,80004900,5019900,977800,55782000,47797200,22453000,15036100,5689500,6920000,5564900,3128800,2877400,84711000,9051900,15166400,3183300,4607600,14954960,9752000,28555300,373512000,34143698,3152900,9471700,10408600,1626300,10402200,3678500,6179500,2580300,21239600,40781200,58924900,15962700,18238600
2020-01-27,65.32483673095703,49.2599983215332,182.6946563720703,268.3878479003906,26.530527114868164,28.193073272705078,50.10934066772461,61.06809616088867,48.277286529541016,82.8925552368164,16.348966598510742,57.61677169799805,205.4139404296875,57.944610595703125,124.97386932373047,111.53689575195312,128.23793029785156,43.326107025146484,67.4406509399414,43.4806022644043,54.04066467285156,5.977973461151123,27.753252029418945,118.119140625,75.72440338134766,29.310182571411133,79.2793960571289,49.359004974365234,255.6294708251953,40.915618896484375,65.86172485351562,39.929107666015625,21.224042892456055,26.611249923706055,91.89938354492188,48.346839904785156,84.0199966430664,49.2599983215332,222.9499969482422,284.2799987792969,30.902999877929688,32.849998474121094,63.70000076293945,76.70999908447266,61.040000915527344,110.38999938964844,22.6200008392334,76.63999938964844,238.13999938964844,65.69000244140625,148.75,132.02999877929688,138.30999755859375,52.70000076293945,82.15648651123047,53.11000061035156,55.40999984741211,6.005000114440918,38.10246658325195,148.52999877929688,87.05000305175781,33.959999084472656,83.64666748046875,55.2599983215332,284.0899963378906,53.540000915527344,85.05000305175781,47.099998474121094,27.524999618530273,29.920000076293945,101.68000030517578,64.73999786376953,85.93000030517578,49.790000915527344,224.92999267578125,288.6199951171875,31.988000869750977,33.130001068115234,64.62999725341797,77.0,61.83000183105469,110.83000183105469,23.420000076293945,78.2699966430664,238.99000549316406,67.41999816894531,149.4600067138672,132.94000244140625,139.10000610351562,53.349998474121094,82.5477066040039,53.689998626708984,55.9900016784668,6.056250095367432,38.35863494873047,150.0,88.22000122070312,34.7400016784668,84.66999816894531,55.9900016784668,288.0799865722656,53.709999084472656,86.87000274658203,47.41999816894531,27.850000381469727,30.059999465942383,102.06999969482422,65.7300033569336,84.0,47.900001525878906,221.1699981689453,283.7699890136719,30.86400032043457,32.470001220703125,63.09000015258789,75.8499984741211,60.84000015258789,109.9800033569336,22.440000534057617,76.61000061035156,235.00999450683594,65.5999984741211,147.0,129.7100067138672,137.33999633789062,52.25,80.83015441894531,52.86000061035156,54.619998931884766,5.805749893188477,37.23908996582031,147.32000732421875,86.44999694824219,33.869998931884766,83.47666931152344,55.060001373291016,280.07000732421875,52.869998931884766,84.7699966430664,46.7400016784668,27.489999771118164,29.75,101.08000183105469,64.69999694824219,85.05000305175781,48.45000076293945,223.67999267578125,287.1600036621094,31.641000747680664,32.56999969482422,63.2599983215332,76.26000213623047,61.369998931884766,110.25,23.200000762939453,77.58999633789062,236.3699951171875,66.72000122070312,147.52000427246094,130.27000427246094,137.33999633789062,53.16999816894531,81.2022933959961,53.0,55.150001525878906,5.955999851226807,37.390892028808594,147.94000244140625,87.30000305175781,34.54999923706055,84.5,55.619998931884766,288.0,53.0,86.81999969482422,46.88999938964844,27.739999771118164,29.790000915527344,101.22000122070312,65.41999816894531,13832000,48878600,2843600,889100,38843000,57096200,20951100,15859600,7321100,7609800,6349000,2968300,2506200,30764000,7587100,12860500,2826400,7797200,10847534,10649100,27310100,470536000,31964026,2343400,9240200,17360600,3212100,9675500,4399400,6296200,3369600,18156200,43365000,50289300,11762300,21231000
2020-01-28,65.1304702758789,50.529998779296875,184.24337768554688,273.9579772949219,27.327220916748047,28.52779197692871,50.98250961303711,61.490028381347656,48.38801956176758,83.44071960449219,16.421241760253906,57.92501449584961,209.2437744140625,59.373600006103516,125.60399627685547,113.56436920166016,129.11874389648438,43.51518630981445,67.55815887451172,44.225608825683594,55.074466705322266,6.171347618103027,26.3572940826416,119.04167938232422,77.55116271972656,29.310182571411133,81.11811065673828,50.993587493896484,257.2310791015625,41.16016387939453,66.55867767333984,40.15800094604492,21.320430755615234,26.922548294067383,92.3512954711914,48.279624938964844,83.7699966430664,50.529998779296875,224.83999633789062,290.17999267578125,31.83099937438965,33.2400016784668,64.80999755859375,77.23999786376953,61.18000030517578,111.12000274658203,22.719999313354492,77.05000305175781,242.5800018310547,67.30999755859375,149.5,134.42999267578125,139.25999450683594,52.93000030517578,82.29962158203125,54.02000045776367,56.470001220703125,6.199250221252441,36.18595886230469,149.69000244140625,89.1500015258789,33.959999084472656,85.586669921875,57.09000015258789,285.8699951171875,53.86000061035156,85.94999694824219,47.369998931884766,27.649999618530273,30.270000457763672,102.18000030517578,64.6500015258789,84.98999786376953,50.849998474121094,226.6999969482422,290.260009765625,31.92300033569336,33.4900016784668,65.36000061035156,78.12999725341797,61.68000030517578,111.62000274658203,22.979999542236328,77.93000030517578,243.5800018310547,67.58000183105469,150.57000732421875,134.97000122070312,139.8800048828125,53.66999816894531,82.7385482788086,54.439998626708984,56.779998779296875,6.231750011444092,37.466793060302734,150.97000122070312,89.54000091552734,34.22999954223633,85.88666534423828,57.119998931884766,288.3699951171875,54.400001525878906,86.9000015258789,47.790000915527344,27.81999969482422,30.399999618530273,102.58000183105469,65.19999694824219,83.63999938964844,49.47999954223633,222.85000610351562,285.1600036621094,31.277000427246094,32.95000076293945,63.900001525878906,76.77999877929688,60.900001525878906,110.7699966430664,22.540000915527344,76.56999969482422,238.0500030517578,65.94000244140625,148.14999389648438,132.47999572753906,138.22999572753906,52.290000915527344,81.96565246582031,53.380001068115234,55.2400016784668,6.017749786376953,36.00569152832031,148.8800048828125,87.38999938964844,33.4900016784668,84.12333679199219,55.47999954223633,283.29998779296875,53.66999816894531,84.88999938964844,47.279998779296875,27.540000915527344,30.030000686645508,101.69999694824219,64.62999725341797,84.98999786376953,50.029998779296875,223.57000732421875,286.2300109863281,31.35300064086914,33.02000045776367,64.12999725341797,77.20999908447266,61.61000061035156,110.9800033569336,22.899999618530273,77.47000122070312,239.49000549316406,66.5,148.4600067138672,132.83999633789062,138.69000244140625,53.02000045776367,82.48091888427734,53.79999923706055,56.25,6.071249961853027,37.305503845214844,149.32000732421875,88.1500015258789,34.220001220703125,84.59333038330078,55.72999954223633,283.9100036621094,53.84000015258789,85.62000274658203,47.5099983215332,27.68000030517578,30.079999923706055,101.9800033569336,65.11000061035156,8614400,62343800,2103900,1636100,23166000,38834600,12761900,10960200,4824700,5771900,5050200,2794300,3123000,30915400,7336600,13062800,2649100,5148700,9496347,9232900,18544900,310976000,70202408,1636200,9187000,10938000,2410500,8124400,4341000,5965200,2424100,16673300,28600200,34257900,8079900,19664700
2020-01-29,64.68727111816406,47.5099983215332,186.13633728027344,279.58489990234375,27.258541107177734,28.330394744873047,50.45546340942383,60.885009765625,47.842288970947266,82.87755584716797,16.038175582885742,56.48912811279297,207.12181091308594,58.509159088134766,126.477783203125,113.3954086303711,129.73062133789062,44.05779266357422,68.3336181640625,43.947261810302734,53.93337631225586,6.110871315002441,25.970298767089844,118.16690063476562,76.7508544921875,29.111679077148438,79.62693786621094,51.08290481567383,254.55857849121094,40.96147155761719,66.95360565185547,40.073211669921875,21.096817016601562,26.87807846069336,92.09822845458984,47.876365661621094,83.19999694824219,47.5099983215332,227.14999389648438,296.1400146484375,31.750999450683594,33.0099983215332,64.13999938964844,76.4800033569336,60.4900016784668,110.37000274658203,22.190000534057617,75.13999938964844,240.1199951171875,66.33000183105469,150.5399932861328,134.22999572753906,139.9199981689453,53.59000015258789,83.24427795410156,53.68000030517578,55.29999923706055,6.138500213623047,35.65464782714844,148.58999633789062,88.2300033569336,33.72999954223633,84.01333618164062,57.189998626708984,282.8999938964844,53.599998474121094,86.45999908447266,47.27000045776367,27.360000610351562,30.219999313354492,101.9000015258789,64.11000061035156,84.0,48.06999969482422,228.92999267578125,298.2900085449219,32.542999267578125,33.439998626708984,65.08999633789062,77.9000015258789,61.68000030517578,111.83999633789062,23.079999923706055,77.94000244140625,246.5,68.05999755859375,151.19000244140625,135.5399932861328,141.13999938964844,55.939998626708984,84.12213897705078,54.54999923706055,57.189998626708984,6.2210001945495605,36.41366195678711,150.75999450683594,89.0199966430664,34.630001068115234,85.49666595458984,57.52000045776367,286.19000244140625,54.36000061035156,88.44000244140625,47.900001525878906,27.905000686645508,30.479999542236328,102.63999938964844,65.12999725341797,83.12999725341797,46.099998474121094,225.0,293.7099914550781,31.714000701904297,32.97999954223633,64.12999725341797,76.41000366210938,60.27000045776367,110.18000030517578,22.1200008392334,75.04000091552734,239.57000732421875,66.16999816894531,149.1300048828125,133.69000244140625,138.97000122070312,52.36000061035156,82.47137451171875,53.68000030517578,55.290000915527344,6.098499774932861,35.62618637084961,148.3300018310547,87.3499984741211,33.720001220703125,83.96333312988281,56.849998474121094,280.8900146484375,53.529998779296875,86.33000183105469,47.2599983215332,27.325000762939453,30.170000076293945,101.87999725341797,63.900001525878906,83.80000305175781,47.84000015258789,225.5,296.07000732421875,32.082000732421875,33.33000183105469,65.0199966430664,77.54000091552734,61.59000015258789,111.44999694824219,22.950000762939453,77.66999816894531,244.52000427246094,67.62999725341797,149.4499969482422,134.80999755859375,139.50999450683594,54.599998474121094,82.63359069824219,54.47999954223633,55.9900016784668,6.184750080108643,36.16698455810547,149.91000366210938,88.66000366210938,34.29999923706055,85.28333282470703,57.52000045776367,284.0,53.97999954223633,86.93000030517578,47.41999816894531,27.80500030517578,30.3700008392334,102.27999877929688,65.02999877929688,5703200,112349900,2001100,965500,23668000,37414700,10763200,9478900,4102500,4772800,5954000,2701000,3711600,18055800,6288600,9326000,2815500,9915000,8511227,9027800,19278300,258848000,34165726,1091200,8158500,9003800,1242300,7693400,3963800,5026600,3478200,16166300,27490800,41167500,6435700,14202800
2020-01-30,63.583248138427734,48.779998779296875,185.3168487548828,277.9232177734375,27.06022834777832,28.7337646484375,50.19586181640625,61.64128112792969,48.15865707397461,83.65098571777344,16.255006790161133,57.000335693359375,210.58078002929688,58.63264465332031,126.32655334472656,114.79774475097656,132.28036499023438,44.68260955810547,67.75399017333984,44.351051330566406,53.670047760009766,6.117591381072998,25.879539489746094,120.05165100097656,76.35942840576172,29.379226684570312,79.63008117675781,49.84133529663086,252.83096313476562,41.45820999145508,68.29331970214844,40.615787506103516,21.266450881958008,27.216053009033203,91.42939758300781,48.38418960571289,81.77999877929688,48.779998779296875,226.14999389648438,294.3800048828125,31.520000457763672,33.47999954223633,63.810001373291016,77.43000030517578,60.88999938964844,111.4000015258789,22.489999771118164,75.81999969482422,244.1300048828125,66.47000122070312,150.36000061035156,135.88999938964844,142.6699981689453,54.349998474121094,82.53816986083984,53.81999969482422,55.029998779296875,6.145249843597412,35.1707763671875,150.9600067138672,87.77999877929688,34.040000915527344,84.01667022705078,55.79999923706055,280.9800109863281,54.25,88.19000244140625,47.90999984741211,27.579999923706055,30.600000381469727,101.16000366210938,64.79000091552734,82.79000091552734,48.810001373291016,226.97000122070312,294.70001220703125,31.552000045776367,33.52000045776367,64.30999755859375,77.54000091552734,60.9900016784668,111.58000183105469,22.540000915527344,75.98999786376953,244.33999633789062,66.5,150.50999450683594,136.1300048828125,143.72000122070312,54.619998931884766,83.13931274414062,53.86000061035156,55.06999969482422,6.158750057220459,35.265655517578125,151.10000610351562,87.86000061035156,34.08000183105469,84.26333618164062,56.040000915527344,281.8399963378906,54.31999969482422,88.44999694824219,47.95000076293945,27.610000610351562,30.6200008392334,101.22000122070312,64.87999725341797,81.18000030517578,46.130001068115234,223.30999755859375,290.5400085449219,30.858999252319336,32.66999816894531,63.38999938964844,75.5,59.59000015258789,109.05999755859375,21.65999984741211,73.58999633789062,236.72999572753906,64.93000030517578,149.0500030517578,132.69000244140625,138.10000610351562,52.7599983215332,82.25190734863281,52.400001525878906,53.220001220703125,5.985000133514404,34.810245513916016,147.1300048828125,86.19000244140625,33.0,82.36666870117188,55.060001373291016,275.9200134277344,53.18000030517578,85.05000305175781,47.040000915527344,27.0049991607666,29.93000030517578,100.29000091552734,63.43000030517578,82.58000183105469,46.4900016784668,226.0,290.7900085449219,31.43199920654297,32.70000076293945,63.79999923706055,75.73999786376953,59.75,109.80999755859375,21.81999969482422,74.12999725341797,237.69000244140625,65.63999938964844,150.02999877929688,132.69000244140625,138.17999267578125,52.779998779296875,82.96755981445312,52.61000061035156,54.18000030517578,6.040249824523926,35.199241638183594,147.1300048828125,87.30999755859375,33.13999938964844,83.55000305175781,55.08000183105469,281.8399963378906,53.189998626708984,85.94000244140625,47.16999816894531,27.075000762939453,29.950000762939453,101.1500015258789,63.779998779296875,10870000,70460200,2581600,794100,21128000,50542800,10783700,12498200,6931500,8382700,5609200,4535800,3261700,18522400,6470600,9048900,5243400,5282600,11016471,8685900,30783800,290504000,32316589,2277500,8379400,10489600,1741800,10295700,4211800,6190800,4281400,14760200,48861000,51210000,10989400,18544700
2020-01-31,62.99236297607422,47.0,177.04051208496094,264.97021484375,26.198280334472656,28.175918579101562,49.51935958862305,59.629852294921875,47.00391387939453,80.45213317871094,15.698474884033203,54.81262969970703,205.07754516601562,56.39213562011719,125.07469940185547,111.81565856933594,129.47103881835938,44.805931091308594,66.92369842529297,43.065513610839844,51.777992248535156,5.884146690368652,25.998226165771484,118.13506317138672,74.21078491210938,28.921789169311523,76.78987121582031,48.179962158203125,245.15554809570312,40.67107391357422,65.28868103027344,39.79346466064453,20.60331916809082,26.646831512451172,89.60370635986328,46.390262603759766,81.0199966430664,47.0,216.0500030517578,280.6600036621094,30.516000747680664,32.83000183105469,62.95000076293945,74.41000366210938,59.43000030517578,107.13999938964844,21.719999313354492,72.91000366210938,237.75,63.93000030517578,148.8699951171875,132.36000061035156,139.63999938964844,54.5,81.52671813964844,52.2599983215332,53.09000015258789,5.910749912261963,35.332069396972656,148.5500030517578,85.30999755859375,33.5099983215332,81.0199966430664,53.939998626708984,272.45001220703125,53.220001220703125,84.30999755859375,46.939998626708984,26.719999313354492,29.959999084472656,99.13999938964844,62.119998931884766,81.72000122070312,48.58000183105469,219.0800018310547,288.25,31.45800018310547,33.16999816894531,63.689998626708984,76.18000030517578,60.40999984741211,110.0,22.049999237060547,74.80000305175781,242.88999938964844,65.9800033569336,150.0,134.8300018310547,142.85000610351562,55.72999954223633,82.70037841796875,53.279998779296875,55.20000076293945,6.111249923706055,35.531307220458984,150.69000244140625,87.16999816894531,33.86000061035156,83.3133316040039,55.47999954223633,278.7799987792969,53.90999984741211,88.4000015258789,47.45000076293945,27.190000534057617,30.3799991607666,100.83999633789062,63.20000076293945,80.41000366210938,46.790000915527344,210.00999450683594,280.1700134277344,30.36199951171875,32.650001525878906,62.5099983215332,73.91000366210938,59.119998931884766,106.4000015258789,21.270000457763672,72.51000213623047,236.8800048828125,63.66999816894531,148.63999938964844,131.47000122070312,139.47000122070312,53.650001525878906,81.10687255859375,51.88999938964844,52.70000076293945,5.868750095367432,35.00948715209961,148.24000549316406,85.04000091552734,33.18000030517578,80.63333129882812,53.599998474121094,271.17999267578125,53.04999923706055,83.31999969482422,46.75,26.579999923706055,29.850000381469727,98.80999755859375,61.86000061035156,81.54000091552734,48.400001525878906,218.75999450683594,288.0,31.416000366210938,33.06999969482422,63.630001068115234,75.95999908447266,60.0,109.80999755859375,21.950000762939453,74.31999969482422,241.99000549316406,65.80000305175781,149.75,134.49000549316406,142.85000610351562,53.9900016784668,82.42366027832031,53.20000076293945,55.150001525878906,6.099249839782715,35.04743957519531,149.27000427246094,87.05000305175781,33.4900016784668,83.24666595458984,55.43000030517578,278.1700134277344,53.7599983215332,87.55999755859375,47.41999816894531,27.114999771118164,30.34000015258789,100.76000213623047,63.20000076293945,13870100,60322400,5968900,1272600,22123000,54845300,12898000,17101200,7673000,13699600,7340500,5004100,3482800,25268400,8651700,12785200,3913500,9482400,9621583,11286900,28550800,370420000,33894005,2808400,9503600,16887900,2155500,13467200,5532600,6355100,6537200,23080400,66861000,58958800,14476700,34282900
2020-02-03,63.987579345703125,48.02000045776367,177.7206573486328,272.0509338378906,26.204294204711914,28.296066284179688,50.014949798583984,60.20683288574219,46.806182861328125,79.80635070800781,15.308184623718262,53.654884338378906,206.16439819335938,56.8243522644043,126.16690826416016,112.66890716552734,130.73199462890625,42.79994583129883,68.41194915771484,43.3456916809082,52.45094299316406,5.981206893920898,26.18671989440918,118.92234802246094,75.22857666015625,28.878643035888672,77.64920043945312,48.92132568359375,246.5681915283203,41.03024673461914,62.14466857910156,39.946048736572266,20.33344268798828,26.833606719970703,90.41715240478516,45.352237701416016,82.30000305175781,48.02000045776367,216.8800048828125,288.1600036621094,30.523000717163086,32.970001220703125,63.58000183105469,75.12999725341797,59.18000030517578,106.27999877929688,21.18000030517578,71.37000274658203,239.00999450683594,64.41999816894531,150.1699981689453,133.3699951171875,141.0,52.060001373291016,83.3396987915039,52.599998474121094,53.779998779296875,6.0082502365112305,35.588233947753906,149.5399932861328,86.4800033569336,33.459999084472656,81.92666625976562,54.77000045776367,274.0199890136719,53.689998626708984,80.25,47.119998931884766,26.3700008392334,30.170000076293945,100.04000091552734,60.72999954223633,82.5999984741211,48.099998474121094,219.6199951171875,288.8500061035156,30.65999984741211,33.400001525878906,64.23999786376953,76.20999908447266,60.34000015258789,107.25,21.790000915527344,73.0,242.38999938964844,65.04000091552734,150.49000549316406,134.24000549316406,141.57000732421875,54.70000076293945,84.17938995361328,53.59000015258789,54.11000061035156,6.027750015258789,36.09108352661133,151.14999389648438,86.58000183105469,33.70000076293945,82.12666320800781,54.939998626708984,276.8500061035156,54.25,84.4800033569336,47.720001220703125,26.725000381469727,30.469999313354492,100.76000213623047,61.41999816894531,80.91999816894531,46.22999954223633,215.55999755859375,283.32000732421875,30.36400032043457,32.91999816894531,63.04999923706055,74.69999694824219,58.86000061035156,105.4000015258789,21.149999618530273,71.2699966430664,238.0500030517578,64.30000305175781,149.24000549316406,132.66000366210938,139.67999267578125,52.040000915527344,82.09923553466797,52.58000183105469,53.0,5.886250019073486,35.38899230957031,149.25999450683594,85.16000366210938,33.189998626708984,81.21333312988281,54.13999938964844,270.82000732421875,53.54999923706055,79.73999786376953,47.029998779296875,26.274999618530273,30.149999618530273,99.83000183105469,60.369998931884766,81.30999755859375,46.400001525878906,216.38999938964844,283.6300048828125,30.562999725341797,33.0,63.099998474121094,74.69999694824219,59.40999984741211,106.94999694824219,21.700000762939453,72.83000183105469,238.36000061035156,64.45999908447266,149.4199981689453,132.66000366210938,140.52999877929688,54.540000915527344,82.09923553466797,52.63999938964844,53.25,5.892499923706055,35.54079818725586,150.0399932861328,85.55000305175781,33.439998626708984,81.26667022705078,54.349998474121094,275.1300048828125,53.56999969482422,84.30000305175781,47.2400016784668,26.684999465942383,30.170000076293945,99.83000183105469,61.380001068115234,10143700,46983500,2565400,823200,21288000,48485500,15986500,11096500,7015300,8785500,5867400,3803200,2733000,16646600,5765200,10021100,5137800,7339800,9729318,8375100,20471900,255564000,20875735,1969300,7792700,9202500,1719300,9594300,5646800,6336900,5188900,15471100,42578400,40168200,11850600,27389300
2020-02-04,65.58920288085938,49.45000076293945,181.76052856445312,282.5020751953125,26.751155853271484,28.853925704956055,50.57345962524414,61.30471420288086,44.678646087646484,80.23436737060547,15.799664497375488,55.34640884399414,208.69175720214844,57.741729736328125,127.36833953857422,114.29085540771484,132.99432373046875,43.893367767333984,69.21089935302734,44.515865325927734,54.12843322753906,6.150442600250244,26.3123836517334,119.81302642822266,77.35980987548828,29.405115127563477,80.07552337646484,51.3776741027832,252.70497131347656,41.435279846191406,62.911293029785156,40.06473922729492,20.40669822692871,27.091535568237305,92.00784301757812,44.78467559814453,84.36000061035156,49.45000076293945,221.80999755859375,299.2300109863281,31.15999984741211,33.619998931884766,64.29000091552734,76.5,56.4900016784668,106.8499984741211,21.860000610351562,73.62000274658203,241.94000244140625,65.45999908447266,151.60000610351562,135.2899932861328,143.44000244140625,53.38999938964844,84.31298065185547,54.02000045776367,55.5,6.178249835968018,35.75901412963867,150.66000366210938,88.93000030517578,34.06999969482422,84.48666381835938,57.52000045776367,280.8399963378906,54.220001220703125,81.23999786376953,47.2599983215332,26.46500015258789,30.459999084472656,101.80000305175781,59.970001220703125,84.70999908447266,49.75,223.85000610351562,299.260009765625,31.457000732421875,33.900001525878906,64.94000244140625,77.2699966430664,59.81999969482422,108.33999633789062,22.329999923706055,74.80000305175781,243.74000549316406,66.05999755859375,152.75,136.60000610351562,144.07000732421875,53.84000015258789,85.114501953125,54.599998474121094,56.02000045776367,6.197500228881836,36.28083419799805,152.22999572753906,88.94999694824219,34.72999954223633,84.61333465576172,57.63999938964844,283.5,54.84000015258789,83.5,47.84000015258789,26.959999084472656,30.75,102.20999908447266,61.90999984741211,83.58999633789062,48.61000061035156,220.47999572753906,294.2300109863281,30.96500015258789,33.529998779296875,64.05000305175781,76.43000030517578,56.43000030517578,106.5999984741211,21.670000076293945,72.9000015258789,241.5500030517578,64.91999816894531,151.1999969482422,135.0800018310547,141.77999877929688,52.2400016784668,84.02671813964844,53.72999954223633,54.939998626708984,6.100500106811523,35.70208740234375,150.42999267578125,87.37000274658203,33.95000076293945,83.69000244140625,56.900001525878906,276.8800048828125,54.189998626708984,81.0,47.25,26.415000915527344,30.450000762939453,101.2699966430664,59.88999938964844,83.58999633789062,49.209999084472656,220.77000427246094,294.9100036621094,31.179000854492188,33.560001373291016,64.06999969482422,76.75,58.93000030517578,107.68000030517578,21.75,72.91000366210938,242.8800048828125,65.7699966430664,151.49000549316406,135.5500030517578,142.3000030517578,53.369998931884766,84.37976837158203,53.75,55.290000915527344,6.150750160217285,36.129032135009766,151.9499969482422,88.25,34.22999954223633,84.11000061035156,56.91999816894531,277.2799987792969,54.380001068115234,81.70999908447266,47.70000076293945,26.75,30.579999923706055,101.29000091552734,61.45000076293945,8251500,46302100,2765300,795300,22559000,45061600,11740200,12173200,13403000,9909000,6171000,4725200,3052500,20970800,6541400,9157100,3177500,7009000,15091305,9375100,19998600,271544000,31150865,1502500,9236400,12373600,2465100,12746600,4290200,5512200,4504400,14973300,39639600,79273300,9575100,31922100
2020-02-05,67.35411834716797,49.84000015258789,190.0614471435547,289.1956787109375,27.247385025024414,29.789398193359375,51.596099853515625,63.18791580200195,46.489830017089844,82.8099594116211,16.919950485229492,57.92501449584961,210.72744750976562,59.40007400512695,129.37628173828125,116.23387908935547,136.61956787109375,45.66093826293945,67.22918701171875,45.31520080566406,55.3670539855957,6.24078369140625,26.647483825683594,122.30220794677734,79.08222198486328,30.268199920654297,81.92056274414062,51.734954833984375,266.1033630371094,42.184200286865234,64.87825775146484,40.95488739013672,21.173927307128906,27.634075164794922,93.77933502197266,46.84579849243164,86.62999725341797,49.84000015258789,231.94000244140625,306.32000732421875,31.738000869750977,34.709999084472656,65.58999633789062,78.8499984741211,58.779998779296875,110.27999877929688,23.40999984741211,77.05000305175781,244.3000030517578,67.33999633789062,153.99000549316406,137.58999633789062,147.35000610351562,55.540000915527344,81.89885711669922,54.9900016784668,56.77000045776367,6.269000053405762,36.214420318603516,153.7899932861328,90.91000366210938,35.06999969482422,86.43333435058594,57.91999816894531,295.7300109863281,55.20000076293945,83.77999877929688,48.310001373291016,27.459999084472656,31.06999969482422,103.76000213623047,62.72999954223633,87.13999938964844,50.41999816894531,234.63999938964844,307.3500061035156,31.981000900268555,34.810001373291016,65.8499984741211,78.9800033569336,58.95000076293945,110.6500015258789,23.610000610351562,77.9800033569336,245.1300048828125,67.5999984741211,154.02000427246094,137.72999572753906,147.36000061035156,55.7400016784668,82.76717376708984,55.150001525878906,57.2599983215332,6.309999942779541,36.593929290771484,153.85000610351562,91.13999938964844,35.65999984741211,86.58000183105469,58.150001525878906,297.0,55.38999938964844,84.30999755859375,48.400001525878906,27.55500030517578,31.100000381469727,104.12000274658203,62.93000030517578,84.87999725341797,49.310001373291016,223.74000549316406,303.04998779296875,31.586000442504883,34.06999969482422,64.8499984741211,77.80999755859375,56.81999969482422,108.11000061035156,22.399999618530273,75.27999877929688,243.0,66.12999725341797,151.30999755859375,136.00999450683594,144.52999877929688,54.0099983215332,80.15267181396484,54.380001068115234,55.81999969482422,6.1852498054504395,35.882354736328125,152.3000030517578,89.2699966430664,34.72999954223633,85.15666961669922,57.16999816894531,285.44000244140625,54.810001373291016,81.7699966430664,47.779998779296875,26.889999389648438,30.799999237060547,102.2699966430664,60.599998474121094,85.05999755859375,50.290000915527344,223.74000549316406,307.3500061035156,31.75,34.099998474121094,64.91999816894531,77.91999816894531,57.279998779296875,108.2699966430664,22.479999542236328,75.5,244.99000549316406,66.69000244140625,151.72000122070312,136.57000732421875,144.77999877929688,54.0099983215332,80.80152893066406,54.86000061035156,57.02000045776367,6.299749851226807,35.91081619262695,152.52000427246094,90.98999786376953,34.77000045776367,86.09666442871094,58.099998474121094,285.6000061035156,55.0,82.58999633789062,47.900001525878906,26.905000686645508,30.8700008392334,102.27999877929688,60.75,10020600,42737100,3669500,1042000,24825000,54604800,14991600,13070400,12891800,6914100,6787400,3724800,3126600,23401400,5979900,10150700,4060900,6227700,29290133,8237500,19795300,208220000,29443490,1451900,14220900,11399900,2009100,6594400,5761000,6071600,3248000,20141800,68764000,51086900,14131000,32099200
2020-02-06,67.7817153930664,49.31999969482422,189.65992736816406,292.2451171875,27.445695877075195,29.755064010620117,52.783935546875,63.28408432006836,46.19719696044922,82.21673583984375,16.71757698059082,57.03791427612305,208.58824157714844,59.470970153808594,128.98985290527344,116.25078582763672,136.57321166992188,45.59517288208008,67.11168670654297,45.33168411254883,57.229854583740234,6.327640056610107,26.710308074951172,121.5546875,78.82124328613281,29.784875869750977,81.96796417236328,51.82427215576172,263.160888671875,41.87852096557617,64.48330688476562,41.10911560058594,20.958017349243164,27.598499298095703,93.86063385009766,46.21104049682617,87.18000030517578,49.31999969482422,231.4499969482422,309.54998779296875,31.9689998626709,34.66999816894531,67.0999984741211,78.97000122070312,58.40999984741211,109.48999786376953,23.1299991607666,75.87000274658203,241.82000732421875,67.08999633789062,153.52999877929688,137.61000061035156,147.3000030517578,55.459999084472656,81.75572204589844,55.0099983215332,58.68000030517578,6.356249809265137,36.299808502197266,152.85000610351562,90.61000061035156,34.5099983215332,86.48332977294922,58.02000045776367,292.4599914550781,54.79999923706055,83.2699966430664,47.97999954223633,27.18000030517578,31.030000686645508,103.8499984741211,61.880001068115234,87.95999908447266,49.38999938964844,233.88999938964844,309.6099853515625,31.988000869750977,35.0099983215332,67.80000305175781,79.86000061035156,59.06999969482422,110.66999816894531,23.549999237060547,77.4000015258789,245.77000427246094,67.4000015258789,154.5,138.2899932861328,147.8699951171875,56.09000015258789,82.28053283691406,55.4900016784668,59.16999816894531,6.356249809265137,36.52751541137695,154.9499969482422,90.77999877929688,35.220001220703125,86.52666473388672,58.279998779296875,297.2699890136719,55.599998474121094,84.66999816894531,48.5,27.59000015258789,31.270000457763672,104.23999786376953,63.0099983215332,86.22000122070312,47.630001068115234,229.33999633789062,306.6199951171875,31.42300033569336,34.599998474121094,66.38999938964844,78.4000015258789,57.93000030517578,109.11000061035156,22.940000534057617,75.22000122070312,241.17999267578125,66.7699966430664,152.74000549316406,137.11000061035156,146.80999755859375,55.279998779296875,81.35496520996094,54.61000061035156,57.40999984741211,6.2220001220703125,36.08159255981445,152.67999267578125,86.19000244140625,34.41999816894531,85.44000244140625,57.279998779296875,290.0,54.72999954223633,82.80999755859375,47.849998474121094,27.135000228881836,30.969999313354492,103.4000015258789,61.779998779296875,87.88999938964844,48.79999923706055,233.72000122070312,307.5299987792969,31.884000778198242,34.939998626708984,67.0,79.80000305175781,59.06999969482422,110.62999725341797,23.479999542236328,77.4000015258789,245.35000610351562,67.30000305175781,154.25,138.24000549316406,147.74000549316406,55.81999969482422,82.08015441894531,55.43000030517578,58.08000183105469,6.303500175476074,36.47058868408203,154.82000732421875,88.05999755859375,35.220001220703125,86.40333557128906,58.27000045776367,297.0,55.52000045776367,84.04000091552734,48.439998626708984,27.59000015258789,31.239999771118164,104.23999786376953,62.93000030517578,7769700,48670600,2007500,698000,22683000,39511500,16488500,12826400,5901700,6274000,5152800,2128800,2225600,17408000,6201200,8992300,3285000,3571700,16110170,6976900,23358700,218284000,21047748,1484300,21059000,7980300,1068600,4236300,3044000,4608800,2615100,18259200,30801200,37044400,6166500,16055400
2020-02-07,71.75469207763672,49.72999954223633,187.92274475097656,287.9211730957031,27.062801361083984,29.703571319580078,52.115291595458984,63.05970764160156,45.86500930786133,81.80374908447266,16.601932525634766,55.895198822021484,205.29318237304688,58.52247619628906,127.61193084716797,115.87908172607422,135.748046875,44.96213912963867,66.64171600341797,45.3481559753418,55.474327087402344,6.261440753936768,26.56371307373047,121.95228576660156,76.04625701904297,29.70719337463379,80.03446197509766,50.19862747192383,260.24542236328125,41.7409553527832,65.07960510253906,40.98915481567383,20.81151580810547,27.50066375732422,93.12858581542969,45.904850006103516,92.29000091552734,49.72999954223633,229.3300018310547,304.9700012207031,31.523000717163086,34.61000061035156,66.25,78.69000244140625,57.9900016784668,108.94000244140625,22.969999313354492,74.3499984741211,238.0,66.0199966430664,151.88999938964844,137.1699981689453,146.41000366210938,54.689998626708984,81.1832046508789,55.029998779296875,56.880001068115234,6.289750099182129,36.10057067871094,153.35000610351562,87.41999816894531,34.41999816894531,84.4433364868164,56.20000076293945,289.2200012207031,54.619998931884766,84.04000091552734,47.84000015258789,26.989999771118164,30.920000076293945,103.04000091552734,61.470001220703125,92.9800033569336,50.66999816894531,232.17999267578125,305.6300048828125,31.851999282836914,34.65999984741211,67.01000213623047,79.05000305175781,58.369998931884766,109.44000244140625,23.09000015258789,75.31999969482422,240.52000427246094,67.30000305175781,153.4600067138672,137.6699981689453,147.22000122070312,55.40999984741211,82.00381469726562,55.11000061035156,58.0,6.338250160217285,36.43263626098633,153.63999938964844,90.02999877929688,34.7599983215332,85.61666870117188,57.13999938964844,293.3900146484375,54.7400016784668,84.70999908447266,48.0,27.104999542236328,31.010000228881836,103.94999694824219,61.65999984741211,88.87999725341797,48.63999938964844,227.6699981689453,303.20001220703125,31.48699951171875,34.2400016784668,65.83999633789062,78.05999755859375,57.560001373291016,108.47000122070312,22.5,73.9000015258789,236.5500030517578,66.01000213623047,151.5500030517578,136.3000030517578,145.3800048828125,54.5,80.94465637207031,54.41999816894531,56.77000045776367,6.264249801635742,35.986717224121094,151.3800048828125,87.37999725341797,33.880001068115234,84.33999633789062,56.060001373291016,288.9100036621094,54.29999923706055,82.2300033569336,47.47999954223633,26.850000381469727,30.790000915527344,102.87999725341797,61.060001373291016,89.73999786376953,48.90999984741211,231.41000366210938,304.6700134277344,31.832000732421875,34.31999969482422,66.68000030517578,78.12999725341797,57.810001373291016,108.93000030517578,22.729999542236328,74.8499984741211,239.75,66.86000061035156,153.33999633789062,136.72999572753906,147.22000122070312,55.0,81.95610809326172,54.61000061035156,57.970001220703125,6.315999984741211,36.39468765258789,151.82000732421875,89.62000274658203,34.0,85.46666717529297,57.13999938964844,292.8699951171875,54.63999938964844,82.73999786376953,47.72999954223633,26.975000381469727,30.860000610351562,103.86000061035156,61.40999984741211,19090300,53107600,2295100,1775900,15883000,31263000,13093400,8341700,5081800,4830100,3338500,2257800,3006500,18134600,5700300,6379800,2670400,5589000,11419427,7588000,20891100,189752000,21903596,1547200,10725100,8582100,1550700,6808400,3425900,3626700,2333500,13174600,27386600,27982500,6057200,15112500
2020-02-10,73.66729736328125,52.2599983215332,186.35757446289062,292.3679504394531,26.974374771118164,29.77223014831543,52.63447189331055,62.89141845703125,45.77008819580078,82.44202423095703,16.29114532470703,55.40654373168945,204.74111938476562,58.85047912597656,127.58677673339844,116.360595703125,134.9135284423828,45.27454376220703,67.09603118896484,45.611873626708984,55.91321563720703,6.54465913772583,26.396156311035156,122.35783386230469,77.07274627685547,29.64678192138672,81.15601348876953,50.931060791015625,258.2748107910156,41.756248474121094,65.33516693115234,40.92918014526367,20.707416534423828,27.58071517944336,93.62566375732422,45.420047760009766,94.75,52.2599983215332,227.4199981689453,309.67999267578125,31.420000076293945,34.689998626708984,66.91000366210938,78.4800033569336,57.869998931884766,109.79000091552734,22.540000915527344,73.69999694824219,237.36000061035156,66.38999938964844,151.86000061035156,137.74000549316406,145.50999450683594,55.06999969482422,81.73664093017578,55.349998474121094,57.33000183105469,6.574250221252441,35.87286376953125,153.86000061035156,88.5999984741211,34.349998474121094,85.62666320800781,57.02000045776367,287.0299987792969,54.63999938964844,84.37000274658203,47.77000045776367,26.854999542236328,31.010000228881836,103.58999633789062,59.959999084472656,95.5,52.29999923706055,228.9600067138672,309.70001220703125,31.459999084472656,34.689998626708984,67.12000274658203,78.73999786376953,58.13999938964844,109.80000305175781,22.84000015258789,74.13999938964844,237.8699951171875,66.4000015258789,151.91000366210938,137.85000610351562,145.5500030517578,55.09000015258789,82.04198455810547,55.36000061035156,57.34000015258789,6.574999809265137,36.26185989379883,153.86000061035156,88.63999938964844,34.369998931884766,85.67333221435547,57.04999923706055,289.2900085449219,54.63999938964844,84.43000030517578,47.86000061035156,26.915000915527344,31.010000228881836,103.58999633789062,60.52000045776367,92.11000061035156,49.349998474121094,226.25999450683594,304.0,31.030000686645508,34.380001068115234,65.80000305175781,78.05000305175781,57.209999084472656,108.31999969482422,22.329999923706055,73.05999755859375,235.4600067138672,65.44000244140625,150.88999938964844,136.75,141.1199951171875,53.88999938964844,81.04962158203125,54.619998931884766,56.20000076293945,6.307499885559082,35.7874755859375,152.30999755859375,86.5,33.810001373291016,83.65666961669922,56.34000015258789,285.45001220703125,54.099998474121094,83.05999755859375,47.41999816894531,26.690000534057617,30.809999465942383,102.58000183105469,59.619998931884766,92.36000061035156,49.470001220703125,228.14999389648438,304.0400085449219,31.23699951171875,34.439998626708984,65.87999725341797,78.08000183105469,57.459999084472656,108.54000091552734,22.700000762939453,73.9000015258789,237.39999389648438,65.55999755859375,151.67999267578125,136.9499969482422,141.5,54.38999938964844,81.1832046508789,54.68000030517578,56.29999923706055,6.3125,36.25237274169922,152.49000549316406,86.77999877929688,34.119998931884766,83.65666961669922,56.439998626708984,286.2300109863281,54.439998626708984,83.4000015258789,47.66999816894531,26.850000381469727,30.81999969482422,102.66000366210938,60.47999954223633,13998300,60971700,2144700,373000,19218000,24373800,13218500,8418300,6756300,6011800,3741400,2865400,2591300,22299300,4835600,5960700,4892100,4114100,10590983,5115100,15929000,529608000,19998385,1206400,7481300,7197400,1212900,4281200,3147400,5602700,2602900,18124800,29281200,17723700,4010100,20934500
2020-02-11,74.6391830444336,53.79999923706055,187.6195068359375,298.34405517578125,27.48604393005371,29.840892791748047,52.69740295410156,63.38025665283203,46.434452056884766,83.50830078125,16.406787872314453,56.22600173950195,203.9647979736328,59.754642486572266,127.69598388671875,116.58024597167969,133.74534606933594,46.663944244384766,66.77488708496094,45.966217041015625,55.83518600463867,6.667105674743652,26.59162712097168,123.0974349975586,78.29058837890625,30.032150268554688,82.79569244384766,52.39593505859375,261.658203125,41.97786331176758,66.0011215209961,41.11767578125,20.938743591308594,27.67855453491211,94.1860122680664,45.85182189941406,96.0,53.79999923706055,228.9600067138672,316.010009765625,32.01599884033203,34.77000045776367,66.98999786376953,79.08999633789062,58.709999084472656,111.20999908447266,22.700000762939453,74.79000091552734,236.4600067138672,67.41000366210938,151.99000549316406,138.0,144.25,56.7599983215332,81.34542083740234,55.779998779296875,57.25,6.697249889373779,36.138519287109375,154.7899932861328,90.0,34.290000915527344,87.3566665649414,58.65999984741211,290.7900085449219,54.93000030517578,84.23999786376953,47.9900016784668,27.155000686645508,31.1200008392334,104.20999908447266,60.529998779296875,97.08000183105469,54.47999954223633,229.47000122070312,316.2699890136719,32.07899856567383,35.040000915527344,67.55000305175781,79.55000305175781,59.0099983215332,111.37000274658203,23.149999618530273,75.41000366210938,239.5500030517578,67.70999908447266,152.3800048828125,138.82000732421875,145.86000061035156,57.15999984741211,82.06106567382812,56.25,58.84000015258789,6.8125,36.17647171020508,155.69000244140625,91.47000122070312,34.349998474121094,87.86333465576172,58.900001525878906,291.57000732421875,55.310001373291016,84.37000274658203,48.34000015258789,27.260000228881836,31.260000228881836,104.30000305175781,60.88999938964844,95.01000213623047,52.90999984741211,226.8000030517578,313.010009765625,31.60099983215332,34.7599983215332,66.97000122070312,78.63999938964844,58.209999084472656,110.05999755859375,22.670000076293945,74.30999755859375,236.22000122070312,66.56999969482422,151.5399932861328,137.77999877929688,143.17999267578125,55.08000183105469,81.05915832519531,55.689998626708984,56.33000183105469,6.6207499504089355,35.8254280090332,154.19000244140625,88.9000015258789,33.869998931884766,86.4566650390625,57.810001373291016,285.8999938964844,54.70000076293945,83.43000030517578,47.939998626708984,27.03499984741211,31.09000015258789,103.73999786376953,60.16999816894531,95.26000213623047,53.220001220703125,227.6999969482422,313.0400085449219,31.665000915527344,34.849998474121094,67.3499984741211,78.75,58.849998474121094,110.77999877929688,23.0,75.12999725341797,239.0,66.83000183105469,152.2899932861328,138.25999450683594,145.72999572753906,55.54999923706055,81.92748260498047,55.7400016784668,57.880001068115234,6.683000087738037,35.948768615722656,154.33999633789062,89.37000274658203,34.150001525878906,86.4566650390625,57.95000076293945,286.8500061035156,54.709999084472656,84.12999725341797,48.08000183105469,27.219999313354492,31.09000015258789,103.94999694824219,60.58000183105469,10682800,74719100,1934500,789900,15527000,32476300,7261400,9437200,6143000,6072700,3700800,2191500,2238800,17975600,3715300,6578600,2976400,6780700,10252689,7120800,26776900,638556000,16027335,1224400,9452800,8825600,1132500,6523200,2992200,5309400,1886500,13686100,27689200,27997400,10277100,14908700
2020-02-12,76.03091430664062,53.88999938964844,186.01341247558594,299.6941223144531,27.875808715820312,29.96962547302246,52.70528030395508,63.57257843017578,47.26491165161133,84.1315689086914,16.811532974243164,56.669551849365234,205.85389709472656,59.7989616394043,126.93984985351562,116.58024597167969,133.05917358398438,48.44794845581055,65.20831298828125,46.295833587646484,57.80527114868164,6.78283166885376,26.3472900390625,123.43145751953125,79.78682708740234,30.69777488708496,84.07205200195312,53.262351989746094,273.0769348144531,41.88615417480469,66.6279067993164,40.94633102416992,21.220191955566406,27.696331024169922,94.30350494384766,46.412376403808594,97.79000091552734,53.88999938964844,227.0,317.44000244140625,32.470001220703125,34.91999816894531,67.0,79.33000183105469,59.7599983215332,112.04000091552734,23.260000228881836,75.37999725341797,238.64999389648438,67.45999908447266,151.08999633789062,138.0,143.50999450683594,58.93000030517578,79.43701934814453,56.18000030517578,59.27000045776367,6.813499927520752,35.806453704833984,155.2100067138672,91.72000122070312,35.04999923706055,88.70333099365234,59.630001068115234,303.4800109863281,54.810001373291016,85.04000091552734,47.790000915527344,27.520000457763672,31.139999389648438,104.33999633789062,61.27000045776367,97.86000061035156,54.849998474121094,230.22999572753906,317.7099914550781,32.50899887084961,35.45000076293945,67.5,80.7699966430664,61.150001525878906,112.5999984741211,23.790000915527344,76.91000366210938,241.17999267578125,68.08999633789062,152.14999389648438,139.2899932861328,144.89999389648438,59.02000045776367,81.32633972167969,56.65999984741211,61.189998626708984,6.820000171661377,36.2333984375,156.9199981689453,92.44000244140625,35.380001068115234,88.83333587646484,59.75,305.0,55.689998626708984,86.79000091552734,48.4900016784668,27.674999237060547,31.3799991607666,104.83999633789062,61.529998779296875,95.70999908447266,53.529998779296875,225.8800048828125,315.25,32.16299819946289,34.779998779296875,66.56999969482422,79.30000305175781,59.540000915527344,111.61000061035156,23.1200008392334,75.16999816894531,237.72000122070312,67.30999755859375,150.9199981689453,137.8000030517578,143.49000549316406,57.650001525878906,79.1030502319336,56.11000061035156,58.900001525878906,6.711249828338623,35.7874755859375,154.83999633789062,91.29000091552734,34.439998626708984,88.25333404541016,58.900001525878906,294.010009765625,54.790000915527344,84.38999938964844,47.7599983215332,27.295000076293945,31.100000381469727,103.91999816894531,60.560001373291016,95.9800033569336,54.529998779296875,229.47000122070312,315.6300048828125,32.20399856567383,35.08000183105469,67.08999633789062,79.9000015258789,59.900001525878906,112.51000213623047,23.350000381469727,76.5999984741211,238.00999450683594,67.5999984741211,151.8699951171875,138.60000610351562,144.6699981689453,58.290000915527344,81.14503479003906,56.220001220703125,59.040000915527344,6.750249862670898,36.138519287109375,156.0,91.6500015258789,35.220001220703125,88.33333587646484,59.25,295.0,55.2599983215332,85.66000366210938,48.220001220703125,27.559999465942383,31.280000686645508,104.5999984741211,61.34000015258789,10591000,45994900,2501300,656100,15310000,36656700,11213700,9484100,5906800,5725700,4484100,2860000,2119200,15586600,5166800,7958000,3953200,8065000,19630926,7130000,47180800,374644000,22944315,956100,9824200,9094900,1554900,5962900,6701900,4112400,2543800,16668100,34399600,26964200,4705700,17862100
2020-02-13,74.13382720947266,54.529998779296875,184.0657958984375,299.51470947265625,27.81313705444336,29.961040496826172,51.9815559387207,63.30813980102539,46.85072708129883,83.8462142944336,16.84044647216797,56.89506149291992,205.59510803222656,59.781246185302734,126.09967803955078,116.4788589477539,132.1551971435547,48.91657257080078,64.20571899414062,46.089820861816406,57.86378860473633,6.739030838012695,25.781801223754883,123.51895904541016,78.31671142578125,30.364957809448242,84.16050720214844,52.994380950927734,271.92510986328125,42.16892623901367,65.57803344726562,41.22905349731445,21.154644012451172,27.68743896484375,93.86063385009766,46.15483856201172,95.3499984741211,54.529998779296875,223.0399932861328,317.25,32.39699935913086,34.90999984741211,66.08000183105469,79.0,58.81999969482422,111.66000366210938,23.299999237060547,75.68000030517578,238.35000610351562,67.44000244140625,150.08999633789062,137.8800048828125,141.8000030517578,59.5,78.21565246582031,55.93000030517578,59.33000183105469,6.769499778747559,35.0379524230957,155.32000732421875,90.02999877929688,34.66999816894531,88.79666900634766,59.33000183105469,302.20001220703125,55.18000030517578,83.69999694824219,48.119998931884766,27.434999465942383,31.1299991607666,103.8499984741211,60.93000030517578,97.36000061035156,55.029998779296875,226.52000427246094,318.3699951171875,32.54600143432617,35.029998779296875,66.94999694824219,79.27999877929688,59.45000076293945,112.33000183105469,23.3700008392334,76.04000091552734,238.97000122070312,67.6500015258789,151.0399932861328,138.33999633789062,143.74000549316406,60.06999969482422,79.13167572021484,55.9900016784668,60.630001068115234,6.836999893188477,35.65464782714844,155.5500030517578,91.37999725341797,35.02000045776367,89.37333679199219,59.70000076293945,305.8999938964844,55.369998931884766,85.05000305175781,48.18000030517578,27.59000015258789,31.200000762939453,104.27999877929688,61.41999816894531,95.2300033569336,53.34000015258789,222.82000732421875,314.0199890136719,32.095001220703125,34.54999923706055,66.04000091552734,78.62000274658203,58.599998474121094,111.2300033569336,22.790000915527344,74.75,236.57000732421875,66.73999786376953,149.8800048828125,136.39999389648438,141.7899932861328,58.310001373291016,77.71946716308594,55.5,58.86000061035156,6.727749824523926,35.0,154.1300048828125,89.77999877929688,33.970001220703125,87.86333465576172,58.7400016784668,300.1400146484375,54.47999954223633,83.62000274658203,47.54999923706055,27.274999618530273,30.950000762939453,103.63999938964844,60.560001373291016,96.8499984741211,53.43000030517578,224.99000549316406,314.95001220703125,32.14799880981445,34.7599983215332,66.72000122070312,78.88999938964844,59.09000015258789,111.37000274658203,22.969999313354492,75.0,237.85000610351562,66.98999786376953,150.16000366210938,137.75,142.86000061035156,58.689998626708984,79.13167572021484,55.79999923706055,59.0099983215332,6.755249977111816,35.65464782714844,154.75999450683594,91.02999877929688,34.84000015258789,87.97000122070312,59.130001068115234,300.1400146484375,54.65999984741211,84.87000274658203,47.619998931884766,27.44499969482422,31.040000915527344,103.95999908447266,61.060001373291016,10613000,51640000,1946500,742200,13857000,31775100,9149500,8946200,5995600,5991900,5176500,2197600,1461300,11602700,5480200,7447500,3455500,6661100,19388734,5718400,23679700,528016000,22099745,1388000,8428300,11718000,1681800,6460100,3565500,4928100,4507300,12530000,23949800,22758700,4778500,16949400
2020-02-14,73.1230697631836,55.310001373291016,184.4289093017578,298.6177673339844,27.280864715576172,29.909549713134766,52.217552185058594,63.13985061645508,46.691429138183594,83.62590789794922,16.493515014648438,56.323726654052734,204.49960327148438,59.63053894042969,126.13330078125,116.12409973144531,131.521484375,47.954673767089844,64.73834991455078,46.01565933227539,57.05430603027344,7.212141513824463,25.488590240478516,122.57258605957031,77.9426498413086,30.1460018157959,83.87934112548828,51.97611999511719,268.84765625,42.11541748046875,64.74751281738281,41.31474685668945,21.0428409576416,27.723018646240234,93.93296813964844,45.94272232055664,94.05000305175781,55.310001373291016,223.47999572753906,316.29998779296875,31.777000427246094,34.849998474121094,66.37999725341797,78.79000091552734,58.619998931884766,110.08000183105469,22.81999969482422,74.91999816894531,237.0800018310547,67.2699966430664,150.1300048828125,137.4600067138672,141.1199951171875,58.33000183105469,78.864501953125,55.84000015258789,58.5,7.244750022888184,34.639469146728516,154.1300048828125,89.5999984741211,34.41999816894531,88.5,58.189998626708984,298.7799987792969,55.11000061035156,82.63999938964844,48.220001220703125,27.290000915527344,31.170000076293945,103.93000030517578,60.650001525878906,95.30000305175781,55.400001525878906,223.49000549316406,319.2200012207031,32.56999969482422,34.959999084472656,66.83000183105469,79.08999633789062,59.099998474121094,110.97000122070312,23.59000015258789,76.22000122070312,239.00999450683594,67.86000061035156,150.63999938964844,138.19000244140625,142.32000732421875,59.900001525878906,79.00763702392578,56.119998931884766,60.560001373291016,7.3742499351501465,35.14231491088867,155.44000244140625,90.80000305175781,34.869998931884766,89.78666687011719,59.16999816894531,303.9700012207031,55.33000183105469,84.20999908447266,48.31999969482422,27.549999237060547,31.190000534057617,104.0,61.15999984741211,93.7699966430664,54.560001373291016,221.33999633789062,314.510009765625,31.709999084472656,34.70000076293945,65.9800033569336,78.44999694824219,58.18000030517578,109.58000183105469,22.559999465942383,73.83999633789062,236.22999572753906,66.81999969482422,149.14999389648438,136.94000244140625,140.57000732421875,58.04999923706055,77.92938995361328,55.540000915527344,58.2599983215332,7.150000095367432,34.554080963134766,153.17999267578125,88.79000091552734,34.13999938964844,88.0566635131836,57.869998931884766,297.30999755859375,54.84000015258789,81.86000061035156,47.75,27.1200008392334,31.020000457763672,103.41999816894531,60.279998779296875,95.2300033569336,55.189998626708984,222.92999267578125,317.3699951171875,32.48400115966797,34.880001068115234,66.25,78.88999938964844,58.869998931884766,110.83999633789062,23.440000534057617,76.0,237.94000244140625,67.5199966430664,150.55999755859375,137.83999633789062,142.25,59.4900016784668,78.46373748779297,55.900001525878906,60.15999984741211,7.18149995803833,35.07590103149414,155.16000366210938,90.55000305175781,34.810001373291016,89.49333190917969,59.02000045776367,302.2099914550781,55.209999084472656,84.19999694824219,48.13999938964844,27.530000686645508,31.100000381469727,103.95999908447266,61.150001525878906,11175800,52365400,1611900,661400,19137000,26447700,7530700,9056600,4204500,5148700,7211000,2087700,1718700,13405500,5716300,6627600,2273700,6811500,8743464,4579300,20920200,1041924000,21006747,1832400,6256500,7904500,1366800,6932400,2485600,4351500,2990400,15526400,25040000,22080200,5114200,10855300
2020-02-18,72.7809829711914,56.88999938964844,182.95167541503906,291.89581298828125,26.678186416625977,29.411779403686523,51.97369384765625,62.17021179199219,46.43655014038086,83.7474594116211,16.016494750976562,56.03053283691406,201.16143798828125,58.62887191772461,125.3015365600586,114.58653259277344,131.41893005371094,46.891780853271484,64.58952331542969,45.751953125,56.32283020019531,7.380878925323486,25.35594367980957,120.39358520507812,76.57691192626953,29.471622467041016,82.80200958251953,50.18077087402344,271.8710632324219,41.5881233215332,64.65349578857422,40.26087951660156,20.86934471130371,27.48287582397461,93.5985336303711,45.35944366455078,93.61000061035156,56.88999938964844,221.69000244140625,309.17999267578125,31.075000762939453,34.27000045776367,66.06999969482422,77.58000183105469,58.29999923706055,110.23999786376953,22.15999984741211,74.52999877929688,233.2100067138672,66.13999938964844,149.13999938964844,135.63999938964844,141.00999450683594,56.470001220703125,78.6832046508789,55.52000045776367,57.75,7.414249897003174,34.45920181274414,151.38999938964844,88.02999877929688,33.650001525878906,87.36333465576172,56.18000030517578,302.1400146484375,54.41999816894531,82.5199966430664,46.9900016784668,27.065000534057617,30.899999618530273,103.55999755859375,59.880001068115234,94.5,58.130001068115234,224.35000610351562,310.2099914550781,31.500999450683594,34.83000183105469,66.97000122070312,78.86000061035156,58.56999969482422,110.2699966430664,22.559999465942383,75.06999969482422,237.07000732421875,66.69000244140625,150.74000549316406,137.7100067138672,141.9600067138672,57.29999923706055,79.30343627929688,55.959999084472656,58.040000915527344,7.432750225067139,34.7912712097168,154.1300048828125,89.0,33.9900016784668,87.50333404541016,56.560001373291016,303.3500061035156,55.099998474121094,83.3499984741211,48.119998931884766,27.28499984741211,31.15999984741211,104.05999755859375,60.38999938964844,93.26000213623047,54.84000015258789,220.9199981689453,306.8900146484375,30.80500030517578,34.0099983215332,65.44000244140625,77.51000213623047,57.709999084472656,108.83000183105469,22.010000228881836,73.52999877929688,231.1999969482422,65.87999725341797,149.05999755859375,135.0500030517578,140.52999877929688,56.29999923706055,78.49236297607422,54.939998626708984,56.619998931884766,7.121500015258789,34.411766052246094,150.0,87.52999877929688,32.880001068115234,86.69667053222656,55.630001068115234,299.0,53.79999923706055,82.0999984741211,46.529998779296875,26.815000534057617,30.719999313354492,103.22000122070312,59.45000076293945,93.66999816894531,54.939998626708984,224.14999389648438,307.3999938964844,31.5,34.77000045776367,66.51000213623047,78.61000061035156,58.40999984741211,109.0,22.5,74.52999877929688,236.5500030517578,66.66000366210938,150.47000122070312,137.33999633789062,141.02000427246094,57.18000030517578,79.08396911621094,55.79999923706055,57.06999969482422,7.140999794006348,34.67741775512695,153.49000549316406,87.83000183105469,33.900001525878906,87.15666961669922,56.099998474121094,299.6700134277344,54.880001068115234,82.37000274658203,47.970001220703125,27.049999237060547,31.079999923706055,103.93000030517578,60.150001525878906,9406300,70133200,1936400,757100,26693000,40318000,13831900,10343500,3937800,4975800,9680000,2520800,2736500,12758400,7230700,8996400,2858200,5258000,10017308,6897800,21513200,620164000,17988513,2121900,7248100,11792800,2409900,10989000,3241700,5591200,1856600,22423800,32629400,37768900,8409300,18948500
2020-02-19,73.19306945800781,58.900001525878906,183.99977111816406,299.6468200683594,27.102296829223633,29.797975540161133,51.69050216674805,62.54684829711914,47.20119857788086,84.1272964477539,16.421241760253906,58.09792709350586,204.71527099609375,59.48870849609375,125.13351440429688,116.14939880371094,131.25115966796875,47.90486145019531,64.22920989990234,46.40296173095703,58.507469177246094,7.832088470458984,25.29311180114746,121.95228576660156,78.77774047851562,30.032150268554688,84.89031219482422,51.48485565185547,274.7236022949219,41.84030532836914,65.20979309082031,40.34656524658203,21.146934509277344,27.68743896484375,94.03237915039062,45.70790481567383,94.13999938964844,58.900001525878906,222.9600067138672,317.3900146484375,31.569000244140625,34.720001220703125,65.70999908447266,78.05000305175781,59.2599983215332,110.73999786376953,22.719999313354492,77.27999877929688,237.3300018310547,67.11000061035156,148.94000244140625,137.49000549316406,140.8300018310547,57.689998626708984,78.24427795410156,56.310001373291016,59.9900016784668,7.867499828338623,34.37381362915039,153.35000610351562,90.55999755859375,34.290000915527344,89.56666564941406,57.63999938964844,305.30999755859375,54.75,83.2300033569336,47.09000015258789,27.424999237060547,31.1299991607666,104.04000091552734,60.34000015258789,94.79000091552734,59.27000045776367,224.0500030517578,317.6300048828125,31.683000564575195,34.849998474121094,66.05000305175781,78.38999938964844,59.36000061035156,111.0999984741211,23.030000686645508,77.66999816894531,237.8000030517578,67.19999694824219,149.75999450683594,138.38999938964844,141.83999633789062,57.93000030517578,79.30343627929688,56.43000030517578,60.25,7.885250091552734,34.629981994628906,153.89999389648438,90.62000274658203,34.34000015258789,89.73332977294922,57.939998626708984,306.7099914550781,54.880001068115234,83.33999633789062,47.349998474121094,27.53499984741211,31.209999084472656,104.19000244140625,60.619998931884766,93.0199966430664,57.5099983215332,222.0500030517578,311.0,31.170000076293945,34.40999984741211,65.36000061035156,77.62000274658203,58.68000030517578,109.88999938964844,22.15999984741211,74.93000030517578,233.27999877929688,66.18000030517578,148.5800018310547,136.33999633789062,140.36000061035156,56.290000915527344,77.83396911621094,55.4900016784668,58.560001373291016,7.53725004196167,34.35483932495117,151.88999938964844,88.6500015258789,33.63999938964844,88.47333526611328,57.0,302.7300109863281,54.61000061035156,81.33999633789062,46.97999954223633,27.094999313354492,30.969999313354492,103.7300033569336,59.83000183105469,93.7699966430664,57.9900016784668,222.94000244140625,311.1499938964844,31.299999237060547,34.45000076293945,66.0,77.87000274658203,58.75,110.5199966430664,22.520000457763672,74.93000030517578,235.0,66.38999938964844,149.2100067138672,136.91000366210938,141.6199951171875,56.650001525878906,79.27481079101562,55.86000061035156,58.58000183105469,7.53725004196167,34.53510284423828,152.14999389648438,88.91999816894531,33.880001068115234,88.47333526611328,57.25,303.3699951171875,54.70000076293945,82.76000213623047,47.25,27.2450008392334,31.010000228881836,103.83000183105469,60.11000061035156,6349100,58597300,1322900,1093900,20525000,29632100,9905400,9145200,5267400,5887500,10966700,2765200,2207100,13551200,6115200,7071200,3082800,7065100,11740220,6075300,23335500,694332000,17750941,1317400,7820900,6592300,1575300,7866300,3021100,4219800,1831500,15602500,24910800,25643300,6427900,12804900
2020-02-20,73.26303100585938,57.27000045776367,183.3230743408203,295.9459533691406,26.548555374145508,29.909549713134766,51.265708923339844,62.68306350708008,46.89851760864258,83.42076873779297,16.009262084960938,57.12813186645508,200.7473907470703,58.01721954345703,124.65460205078125,116.14939880371094,132.3415985107422,50.038936614990234,64.6130142211914,44.29336166381836,57.54194259643555,7.682764053344727,25.027830123901367,122.85091400146484,77.8295669555664,29.6292667388916,83.65817260742188,50.44873046875,271.86199951171875,41.87852096557617,65.94625854492188,40.560768127441406,21.12380027770996,27.634075164794922,93.42681121826172,45.34429931640625,94.2300033569336,57.27000045776367,222.13999938964844,313.4700012207031,30.923999786376953,34.849998474121094,65.16999816894531,78.22000122070312,58.880001068115234,109.80999755859375,22.149999618530273,75.98999786376953,232.72999572753906,65.44999694824219,148.3699951171875,137.49000549316406,142.0,60.2599983215332,78.71183013916016,53.75,59.0,7.71750020980835,34.013282775878906,154.47999572753906,89.47000122070312,33.83000183105469,88.26667022705078,56.47999954223633,302.1300048828125,54.79999923706055,84.16999816894531,47.34000015258789,27.395000457763672,31.06999969482422,103.37000274658203,59.86000061035156,94.38999938964844,59.02000045776367,223.47999572753906,316.5799865722656,31.569000244140625,35.08000183105469,65.9800033569336,78.69000244140625,59.54999923706055,111.06999969482422,22.6200008392334,77.37000274658203,236.89999389648438,67.29000091552734,149.3800048828125,138.36000061035156,142.80999755859375,60.349998474121094,79.03626251220703,55.5099983215332,59.9900016784668,7.9079999923706055,34.2125244140625,154.94000244140625,91.87999725341797,34.709999084472656,89.52333068847656,57.040000915527344,304.1600036621094,55.22999954223633,84.7699966430664,47.40999984741211,27.700000762939453,31.280000686645508,103.9000015258789,60.540000915527344,92.58999633789062,56.150001525878906,218.50999450683594,310.44000244140625,30.61199951171875,34.459999084472656,64.88999938964844,77.30999755859375,58.58000183105469,109.69999694824219,22.059999465942383,75.69000244140625,231.25,64.55999755859375,147.39999389648438,136.52999877929688,141.1999969482422,58.25,77.97709655761719,53.59000015258789,57.689998626708984,7.408750057220459,33.5958251953125,152.27000427246094,88.68000030517578,33.779998779296875,86.96666717529297,55.810001373291016,297.8900146484375,54.52000045776367,83.01000213623047,46.68000030517578,27.325000762939453,30.860000610351562,102.43000030517578,59.720001220703125,93.93000030517578,58.439998626708984,223.1999969482422,315.8500061035156,31.395999908447266,34.459999084472656,65.62999725341797,77.66000366210938,59.25,110.77999877929688,22.329999923706055,76.79000091552734,236.41000366210938,67.04000091552734,148.61000061035156,137.1699981689453,141.6300048828125,58.70000076293945,78.4542007446289,54.0,59.880001068115234,7.819250106811523,33.880455017089844,152.75,90.80999755859375,34.4900016784668,89.28666687011719,56.939998626708984,303.20001220703125,54.56999969482422,83.26000213623047,47.0,27.4950008392334,31.020000457763672,103.80000305175781,60.22999954223633,5446200,74203400,1638000,1118400,25521000,42604100,11360500,11763400,5755000,4466600,7706300,2447100,3183700,26452600,7464700,7422800,3417000,13576300,10941330,58533500,20797100,810052000,42953135,1426400,9754900,7836000,2301300,7192900,2885500,4906200,2015800,15965500,26101600,50344300,8080900,14817200
2020-02-21,73.83059692382812,53.279998779296875,183.85946655273438,288.89361572265625,26.141618728637695,29.489015579223633,51.6275520324707,61.25662612915039,46.548057556152344,82.81304931640625,15.15639877319336,55.789947509765625,198.92735290527344,57.03328323364258,125.96526336669922,114.73016357421875,132.3788299560547,49.100616455078125,64.49551391601562,43.19735336303711,55.58161544799805,7.318659782409668,24.937068939208984,122.3101577758789,75.7070083618164,29.24390411376953,81.17184448242188,49.65375518798828,271.2322692871094,41.687469482421875,64.95124053955078,40.86920928955078,20.873201370239258,27.36725616455078,93.4810562133789,44.791324615478516,94.95999908447266,53.279998779296875,222.7899932861328,306.0,30.450000762939453,34.36000061035156,65.62999725341797,76.44000244140625,58.439998626708984,109.01000213623047,20.969999313354492,74.20999908447266,230.6199951171875,64.33999633789062,149.92999267578125,135.80999755859375,142.0399932861328,59.130001068115234,78.5687026977539,52.41999816894531,56.9900016784668,7.351749897003174,33.88994216918945,153.8000030517578,87.02999877929688,33.38999938964844,85.6433334350586,55.59000015258789,301.42999267578125,54.54999923706055,82.9000015258789,47.70000076293945,27.06999969482422,30.770000457763672,103.43000030517578,59.130001068115234,95.5199966430664,56.79999923706055,223.8000030517578,310.8299865722656,30.94499969482422,34.63999938964844,65.87000274658203,77.95999908447266,58.61000061035156,109.19000244140625,21.729999542236328,74.87000274658203,231.8000030517578,65.25,150.24000549316406,136.9199981689453,142.64999389648438,60.220001220703125,78.84542083740234,53.59000015258789,58.72999954223633,7.630000114440918,33.98482131958008,154.07000732421875,89.02999877929688,33.54999923706055,87.7300033569336,56.650001525878906,302.510009765625,54.689998626708984,83.51000213623047,47.849998474121094,27.15999984741211,30.989999771118164,103.52999877929688,59.5099983215332,93.37999725341797,52.88999938964844,220.99000549316406,304.7300109863281,30.229000091552734,34.13999938964844,64.80000305175781,76.1500015258789,57.77000045776367,107.6500015258789,20.850000381469727,73.6500015258789,228.3699951171875,64.04000091552734,147.5399932861328,134.9199981689453,140.3300018310547,58.93000030517578,77.96755981445312,52.09000015258789,55.88999938964844,7.266499996185303,33.709678649902344,151.77999877929688,86.33000183105469,32.869998931884766,85.30332946777344,55.52000045776367,298.6099853515625,54.04999923706055,81.94000244140625,47.099998474121094,26.844999313354492,30.600000381469727,102.61000061035156,58.790000915527344,93.95999908447266,56.709999084472656,222.24000549316406,310.20001220703125,30.850000381469727,34.529998779296875,64.87000274658203,77.55999755859375,58.31999969482422,108.98999786376953,21.700000762939453,74.87000274658203,230.91000366210938,65.18000030517578,148.08999633789062,136.5500030517578,141.33999633789062,59.95000076293945,78.42557525634766,53.5,58.630001068115234,7.604750156402588,33.927894592285156,153.60000610351562,88.55999755859375,33.470001220703125,87.65333557128906,56.650001525878906,300.4700012207031,54.52000045776367,83.30000305175781,47.47999954223633,27.135000228881836,30.920000076293945,102.97000122070312,59.5099983215332,6676000,88271100,2047500,1134600,24522000,46675500,10134800,14020000,5216300,6443900,9274000,2963700,3081600,20775900,7776800,9772800,2900900,6490700,9295970,29536400,27038900,768180000,32425256,1547500,12257600,7246300,2479200,6816600,2987100,5666000,2084800,21729100,27616400,51128200,6510800,20315700
2020-02-24,72.4155502319336,49.119998931884766,179.80743408203125,274.1656799316406,25.03413963317871,28.090085983276367,50.32173156738281,58.12327575683594,44.90726089477539,79.5464096069336,13.862651824951172,52.55727767944336,193.68296813964844,54.746273040771484,123.36956024169922,111.64672088623047,128.75344848632812,46.3935546875,63.704402923583984,40.939422607421875,53.65053939819336,6.801249980926514,24.20404052734375,118.34185791015625,72.47969818115234,27.08936309814453,77.28271484375,48.340736389160156,249.96055603027344,40.564083099365234,61.19049072265625,39.746803283691406,19.909351348876953,26.47783851623535,90.53461456298828,42.693031311035156,93.13999938964844,49.119998931884766,217.8800048828125,290.3999938964844,29.15999984741211,32.72999954223633,63.970001220703125,72.52999877929688,56.380001068115234,104.70999908447266,19.18000030517578,69.91000366210938,224.5399932861328,61.7599983215332,145.91000366210938,132.16000366210938,138.14999389648438,55.869998931884766,77.60496520996094,49.68000030517578,55.0099983215332,6.831999778747559,32.89373779296875,148.80999755859375,83.31999969482422,30.93000030517578,81.54000091552734,54.119998931884766,277.7900085449219,53.08000183105469,78.0999984741211,46.38999938964844,25.81999969482422,29.770000457763672,100.16999816894531,56.36000061035156,93.87000274658203,50.279998779296875,223.99000549316406,295.2300109863281,29.8799991607666,33.209999084472656,65.05999755859375,74.05000305175781,56.939998626708984,106.95999908447266,19.93000030517578,71.33000183105469,226.69000244140625,62.77000045776367,149.0,133.1999969482422,141.58999633789062,57.0099983215332,78.8072509765625,50.4900016784668,55.459999084472656,7.046750068664551,33.58633804321289,150.22000122070312,84.83000183105469,31.989999771118164,82.78666687011719,54.689998626708984,288.989990234375,53.599998474121094,80.0999984741211,46.95000076293945,26.200000762939453,30.059999465942383,101.61000061035156,57.79999923706055,92.1500015258789,47.4900016784668,215.75999450683594,288.2699890136719,29.006000518798828,32.52000045776367,63.689998626708984,72.44000244140625,55.9900016784668,104.41999816894531,19.100000381469727,69.4000015258789,222.5399932861328,61.31999969482422,145.25,130.8000030517578,137.8699951171875,55.279998779296875,76.87976837158203,49.209999084472656,52.61000061035156,6.699999809265137,32.82732391357422,148.0800018310547,82.70999908447266,30.809999465942383,81.0,53.18000030517578,277.6400146484375,52.95000076293945,77.69999694824219,46.2599983215332,25.739999771118164,29.6299991607666,99.69000244140625,56.36000061035156,92.16999816894531,48.18000030517578,219.8800048828125,289.04998779296875,29.420000076293945,33.18000030517578,64.08000183105469,73.37999725341797,56.150001525878906,105.70999908447266,19.93000030517578,71.33000183105469,223.22999572753906,61.61000061035156,146.5,131.44000244140625,139.27999877929688,57.0,76.91793823242188,50.310001373291016,53.310001373291016,6.754749774932861,33.244781494140625,149.30999755859375,83.9000015258789,31.889999389648438,81.62333679199219,53.54999923706055,286.8900146484375,53.04999923706055,80.04000091552734,46.58000183105469,26.049999237060547,29.799999237060547,100.93000030517578,57.619998931884766,10705100,86624100,3049600,1347400,36849000,79159600,12105000,21096200,10350200,9539800,10968800,3854400,4139400,26903100,10588900,13618400,4727400,10276800,13734145,28670400,33321100,856916000,37969296,2234700,12158500,16714900,3786600,9968800,8790600,7773800,3868700,23075900,66075000,70455400,16284500,32096600
2020-02-25,69.3366928100586,47.56999969482422,173.61801147460938,268.680419921875,24.26835060119629,26.673999786376953,48.882171630859375,55.6390495300293,42.87614440917969,76.5076904296875,12.850777626037598,50.362056732177734,187.7052459716797,52.946800231933594,122.30415344238281,106.6624755859375,126.19984436035156,44.11000442504883,62.87413787841797,39.57971954345703,50.81245040893555,6.521762847900391,23.68742561340332,112.40129089355469,69.78302764892578,25.69679832458496,74.9795913696289,48.10850524902344,237.003173828125,38.76055145263672,58.32291030883789,38.65867233276367,19.030315399169922,25.579532623291016,87.78704833984375,41.056827545166016,89.18000030517578,47.56999969482422,210.3800048828125,284.5899963378906,28.26799964904785,31.079999923706055,62.13999938964844,69.43000030517578,53.83000183105469,100.70999908447266,17.780000686645508,66.98999786376953,217.61000061035156,59.72999954223633,144.64999389648438,126.26000213623047,135.41000366210938,53.119998931884766,76.59351348876953,48.029998779296875,52.099998474121094,6.551249980926514,32.191650390625,141.33999633789062,80.22000122070312,29.34000015258789,79.11000061035156,53.86000061035156,263.3900146484375,50.720001220703125,74.44000244140625,45.119998931884766,24.68000030517578,28.760000228881836,97.12999725341797,54.20000076293945,93.45999908447266,51.2400016784668,219.55999755859375,295.92999267578125,29.572999954223633,32.7599983215332,63.90999984741211,73.20999908447266,56.689998626708984,104.91999816894531,19.360000610351562,70.31999969482422,225.8699951171875,62.279998779296875,146.75,132.22999572753906,139.22999572753906,56.150001525878906,78.18701934814453,50.150001525878906,55.45000076293945,6.969749927520752,32.96015167236328,149.33999633789062,84.4000015258789,31.049999237060547,82.75666809082031,55.470001220703125,281.9800109863281,53.33000183105469,78.62000274658203,46.66999816894531,25.90999984741211,29.84000015258789,100.75,56.75,88.11000061035156,47.119998931884766,209.82000732421875,284.44000244140625,28.10700035095215,30.84000015258789,61.599998474121094,69.0,53.540000915527344,100.0,17.610000610351562,65.55000305175781,215.88999938964844,59.459999084472656,143.8300018310547,125.58999633789062,134.6199951171875,52.779998779296875,76.1927490234375,47.560001373291016,51.54999923706055,6.448999881744385,31.982921600341797,141.00999450683594,79.63999938964844,29.219999313354492,78.63666534423828,53.83000183105469,262.010009765625,50.54999923706055,73.98999786376953,44.959999084472656,24.520000457763672,28.6200008392334,96.79000091552734,53.970001220703125,93.31999969482422,51.13999938964844,218.0800018310547,295.54998779296875,29.410999298095703,32.689998626708984,63.88999938964844,72.62999725341797,56.52000045776367,104.80000305175781,19.209999084472656,70.1500015258789,224.77999877929688,61.9900016784668,145.99000549316406,131.0,138.94000244140625,56.06999969482422,77.7957992553711,49.97999954223633,54.84000015258789,6.90749979019165,32.90322494506836,148.89999389648438,83.94000244140625,30.989999771118164,82.63333129882812,55.33000183105469,280.1499938964844,53.029998779296875,78.41999816894531,46.290000915527344,25.889999389648438,29.780000686645508,100.52999877929688,56.75,11366400,88699400,3915500,1166700,31892000,91586800,15706000,27451000,10447900,12871900,10388900,6558100,5343100,34495700,10529000,20797200,3401600,8826300,13171683,25568400,41894200,1055496000,41878898,2828000,14725000,18709700,5127600,12670700,8171200,10564600,4057500,31110100,85674600,111826900,20301600,36414500
2020-02-26,68.73802185058594,47.4900016784668,177.05108642578125,270.31378173828125,24.54307746887207,26.28779411315918,48.80350875854492,54.6373176574707,40.75742721557617,74.47931671142578,12.084648132324219,47.51280975341797,186.12672424316406,52.87589645385742,121.4840087890625,106.9834976196289,124.44770050048828,43.4041748046875,62.61564254760742,38.9287223815918,51.07579040527344,6.661134243011475,24.238948822021484,110.30976104736328,69.2958755493164,24.856002807617188,75.08067321777344,49.153564453125,236.65219116210938,37.950496673583984,56.191837310791016,37.81900405883789,18.455860137939453,25.392759323120117,87.77800750732422,40.15538787841797,88.41000366210938,47.4900016784668,214.5399932861328,286.32000732421875,28.58799934387207,30.6299991607666,62.040000915527344,68.18000030517578,51.16999816894531,98.04000091552734,16.719999313354492,63.20000076293945,215.77999877929688,59.650001525878906,143.67999267578125,126.63999938964844,133.52999877929688,52.27000045776367,76.27862548828125,47.2400016784668,52.369998931884766,6.691249847412109,32.94117736816406,138.7100067138672,79.66000366210938,28.3799991607666,79.21666717529297,55.029998779296875,263.0,49.65999984741211,71.72000122070312,44.13999938964844,23.934999465942383,28.549999237060547,97.12000274658203,53.0099983215332,91.18000030517578,49.290000915527344,216.6999969482422,292.30999755859375,28.81999969482422,31.600000381469727,63.38999938964844,70.61000061035156,54.25,101.61000061035156,17.93000030517578,67.7699966430664,220.0,60.81999969482422,146.22000122070312,128.9499969482422,137.02000427246094,54.459999084472656,77.89122009277344,48.54999923706055,54.27000045776367,6.886250019073486,33.406070709228516,143.0800018310547,82.02999877929688,29.739999771118164,80.9566650390625,55.40999984741211,269.8299865722656,51.45000076293945,75.48999786376953,45.650001525878906,24.889999389648438,29.219999313354492,98.81999969482422,54.81999969482422,88.19000244140625,47.06999969482422,212.02000427246094,285.5899963378906,28.399999618530273,30.559999465942383,61.61000061035156,68.16000366210938,51.11000061035156,98.0,16.690000534057617,63.08000183105469,214.75999450683594,59.27000045776367,143.58999633789062,126.33999633789062,133.30999755859375,52.09000015258789,76.11640930175781,46.88999938964844,51.880001068115234,6.550000190734863,32.27703857421875,138.67999267578125,79.08999633789062,28.3799991607666,78.73332977294922,54.380001068115234,258.7099914550781,49.650001525878906,71.5999984741211,44.130001068115234,23.924999237060547,28.549999237060547,96.91000366210938,52.93000030517578,88.62000274658203,47.70000076293945,216.17999267578125,289.45001220703125,28.434999465942383,31.389999389648438,61.75,70.0199966430664,54.02000045776367,100.86000061035156,17.8700008392334,67.72000122070312,218.6999969482422,60.11000061035156,145.35000610351562,126.93000030517578,136.02999877929688,53.11000061035156,76.96565246582031,48.220001220703125,52.650001525878906,6.551499843597412,32.48576736450195,142.5500030517578,81.0,29.59000015258789,79.76000213623047,54.4900016784668,264.7200012207031,51.189998626708984,74.88999938964844,45.47999954223633,24.770000457763672,28.950000762939453,97.66999816894531,54.54999923706055,9786900,86378400,3314000,861100,23074000,80012800,11264600,25552100,11646700,11990400,10340400,5371300,4171100,26190100,10093800,24825600,4659000,6040700,11940283,22286100,28075600,747732000,47920005,2734800,13125000,19240700,4525200,10969300,6806600,12018000,4702000,27372600,97656600,95015700,13721600,29801000
2020-02-27,66.41331481933594,44.0099983215332,167.9402313232422,261.73199462890625,23.518871307373047,25.000436782836914,46.86835861206055,51.64821243286133,37.53951644897461,71.50895690917969,11.325742721557617,45.10708999633789,177.42333984375,49.48971176147461,117.6284408569336,102.53147888183594,120.40287780761719,39.80030822753906,61.15873718261719,37.42067337036133,49.33002471923828,6.290336608886719,23.806102752685547,103.87614440917969,66.05988311767578,23.507226943969727,71.61493682861328,47.59937286376953,228.48190307617188,36.315093994140625,51.8591423034668,36.38816452026367,17.468870162963867,24.307674407958984,84.79544067382812,37.73893737792969,85.41999816894531,44.0099983215332,203.5,277.2300109863281,27.395000457763672,29.1299991607666,59.58000183105469,64.44999694824219,47.130001068115234,94.12999725341797,15.670000076293945,60.0,205.69000244140625,55.83000183105469,139.1199951171875,121.37000274658203,129.19000244140625,47.93000030517578,74.50381469726562,45.40999984741211,50.58000183105469,6.315000057220459,32.35293960571289,130.6199951171875,75.94000244140625,26.84000015258789,75.55999755859375,53.290000915527344,253.9199981689453,47.52000045776367,66.19000244140625,42.470001220703125,22.655000686645508,27.329999923706055,93.81999969482422,49.81999969482422,89.44999694824219,46.2400016784668,215.27999877929688,286.8500061035156,28.5310001373291,30.299999237060547,61.58000183105469,66.88999938964844,49.61000061035156,98.19999694824219,16.729999542236328,63.560001373291016,213.47999572753906,58.5099983215332,144.77000427246094,125.62000274658203,134.6699981689453,50.7599983215332,78.00572204589844,47.209999084472656,52.849998474121094,6.675000190734863,33.880455017089844,136.80999755859375,78.19000244140625,28.280000686645508,78.4366683959961,54.599998474121094,262.1499938964844,49.58000183105469,69.80999755859375,44.31999969482422,23.764999389648438,28.389999389648438,97.33999633789062,52.439998626708984,84.19999694824219,42.209999084472656,203.22000122070312,275.8699951171875,27.354000091552734,28.90999984741211,59.560001373291016,64.4000015258789,47.130001068115234,94.08000183105469,15.399999618530273,58.849998474121094,205.3699951171875,55.79999923706055,138.9499969482422,121.30000305175781,129.0500030517578,47.84000015258789,74.42748260498047,45.15999984741211,49.9900016784668,6.222249984741211,32.35293960571289,130.52999877929688,75.33000183105469,26.81999969482422,75.42333221435547,53.27000045776367,252.07000732421875,47.5099983215332,65.76000213623047,42.43000030517578,22.645000457763672,27.309999465942383,93.80000305175781,49.79999923706055,86.19000244140625,45.380001068115234,214.9199981689453,278.8599853515625,28.030000686645508,29.549999237060547,61.0,66.0999984741211,49.599998474121094,95.94999694824219,15.829999923706055,60.59000015258789,210.49000549316406,57.93000030517578,142.55999755859375,122.91000366210938,133.3300018310547,50.68000030517578,77.01335906982422,45.7400016784668,50.630001068115234,6.372499942779541,32.67552185058594,136.00999450683594,77.12999725341797,27.530000686645508,76.86000061035156,54.20000076293945,258.4200134277344,48.70000076293945,69.37000274658203,43.31999969482422,23.315000534057617,27.940000534057617,96.06999969482422,51.709999084472656,14184100,106416200,4071100,1373900,34837000,121148300,20624800,34656800,14676100,15783700,13203400,7699300,5848200,42226900,12566700,23005500,4292800,13247500,15734253,26815200,36349200,906416000,55444827,3668800,17898300,23765700,4172100,11878900,7604300,13413900,7682400,41180000,122557400,143536200,22047900,48141300
2020-02-28,66.63878631591797,45.47999954223633,164.82899475097656,261.240966796875,23.404685974121094,24.459745407104492,46.45929718017578,50.8548583984375,38.56702423095703,70.90880584716797,11.737717628479004,47.55791473388672,174.2383270263672,49.21491241455078,113.70523834228516,98.08792114257812,117.55101776123047,39.37681198120117,59.96815872192383,37.10753631591797,51.2610969543457,6.7253804206848145,23.331382751464844,100.52017211914062,68.11280822753906,23.726181030273438,73.22932434082031,48.090633392333984,229.417724609375,35.489742279052734,51.9061393737793,35.00014877319336,17.453453063964844,23.649507522583008,83.70182800292969,38.966102600097656,85.70999908447266,45.47999954223633,199.72999572753906,276.7099914550781,27.261999130249023,28.5,59.060001373291016,63.459999084472656,48.41999816894531,93.33999633789062,16.239999771118164,63.2599983215332,200.77000427246094,55.52000045776367,134.47999572753906,116.11000061035156,126.12999725341797,47.41999816894531,73.05343627929688,45.029998779296875,52.560001373291016,6.7517499923706055,31.707780838012695,126.4000015258789,78.30000305175781,27.09000015258789,77.26333618164062,53.84000015258789,254.9600067138672,46.439998626708984,66.25,40.849998474121094,22.635000228881836,26.59000015258789,92.61000061035156,51.439998626708984,85.70999908447266,46.150001525878906,203.0,277.4599914550781,27.413000106811523,28.75,59.209999084472656,64.44999694824219,48.439998626708984,93.44000244140625,16.31999969482422,63.2599983215332,202.25,56.380001068115234,137.2899932861328,118.48999786376953,126.80000305175781,47.529998779296875,73.94084167480469,45.54999923706055,52.91999816894531,6.811500072479248,32.20113754272461,127.94999694824219,79.80999755859375,27.15999984741211,77.7699966430664,54.04999923706055,257.1000061035156,46.709999084472656,66.2699966430664,41.869998931884766,22.920000076293945,26.850000381469727,92.66000366210938,51.439998626708984,81.58000183105469,41.040000915527344,195.17999267578125,265.9800109863281,26.27400016784668,27.700000762939453,56.369998931884766,61.34000015258789,45.119998931884766,90.11000061035156,14.789999961853027,56.34000015258789,194.85000610351562,53.599998474121094,130.82000732421875,112.66000366210938,121.51000213623047,45.02000045776367,70.78244018554688,43.689998626708984,48.38999938964844,6.044750213623047,30.863378524780273,122.55000305175781,73.33999633789062,25.450000762939453,72.7066650390625,51.0,245.3000030517578,44.90999984741211,62.40999984741211,39.75,21.760000228881836,25.969999313354492,89.9800033569336,48.0099983215332,82.79000091552734,41.36000061035156,198.0500030517578,267.80999755859375,26.33300018310547,28.0,57.7599983215332,62.0,45.41999816894531,90.62999725341797,14.930000305175781,57.29999923706055,199.08999633789062,54.29999923706055,135.36000061035156,117.5199966430664,126.37999725341797,45.93000030517578,73.16793823242188,43.869998931884766,48.650001525878906,6.061500072479248,31.774194717407227,126.30999755859375,73.76000213623047,25.809999465942383,72.92666625976562,51.349998474121094,246.1999969482422,46.0099983215332,63.529998779296875,41.310001373291016,21.940000534057617,26.399999618530273,91.3499984741211,48.77000045776367,18450000,100331800,5316100,1647400,44586000,171198800,28292500,46013200,16558800,20835100,13848000,11070400,6727100,60721700,19820300,45931400,7898300,14192500,29246117,36978800,40121300,1133252000,66057447,4900400,20843300,26830600,4788900,13604500,9961000,24626100,7421700,71703000,137511600,192063500,27750600,62446700
2020-03-02,68.95572662353516,47.459999084472656,175.11997985839844,271.4183654785156,24.464948654174805,25.206417083740234,47.46620559692383,54.16451644897461,39.212188720703125,73.3777847290039,11.788314819335938,47.257198333740234,181.78866577148438,51.57283401489258,118.38941192626953,102.658203125,123.80462646484375,39.63423156738281,63.7357292175293,38.30241775512695,53.24092483520508,6.88375997543335,24.35064697265625,105.4825668334961,70.07878875732422,24.33926773071289,75.82313537597656,50.00211715698242,245.74935913085938,36.804195404052734,53.175392150878906,36.20823287963867,18.158985137939453,24.859106063842773,87.6243667602539,40.81441116333008,88.69000244140625,47.459999084472656,212.1999969482422,287.489990234375,28.496999740600586,29.3700008392334,60.34000015258789,67.58999633789062,49.22999954223633,96.58999633789062,16.309999465942383,62.86000061035156,209.47000122070312,58.18000030517578,140.02000427246094,121.5199966430664,132.83999633789062,47.72999954223633,77.64312744140625,46.47999954223633,54.59000015258789,6.910749912261963,33.092979431152344,132.63999938964844,80.55999755859375,27.790000915527344,80.0,55.97999954223633,273.1099853515625,48.15999984741211,67.87000274658203,42.2599983215332,23.549999237060547,27.950000762939453,96.94999694824219,53.880001068115234,88.77999877929688,47.68000030517578,212.3699951171875,287.489990234375,28.540000915527344,29.3799991607666,60.779998779296875,67.61000061035156,49.380001068115234,96.68000030517578,16.670000076293945,63.900001525878906,209.6199951171875,58.220001220703125,140.1300048828125,121.58000183105469,133.0,48.209999084472656,77.81488800048828,46.47999954223633,54.689998626708984,6.9397501945495605,33.159393310546875,132.75999450683594,80.70999908447266,27.790000915527344,80.0,56.0099983215332,273.239990234375,48.15999984741211,68.05999755859375,42.279998779296875,23.579999923706055,27.950000762939453,97.0999984741211,53.88999938964844,83.55000305175781,44.65999984741211,198.7100067138672,275.4700012207031,27.114999771118164,27.440000534057617,58.68000030517578,63.119998931884766,46.880001068115234,92.20999908447266,15.40999984741211,60.15999984741211,197.6300048828125,54.52000045776367,134.00999450683594,114.45999908447266,126.20999908447266,45.689998626708984,73.54962158203125,44.400001525878906,52.099998474121094,6.525000095367432,31.736242294311523,124.6500015258789,77.12999725341797,26.170000076293945,76.10333251953125,53.83000183105469,250.32000732421875,45.5099983215332,63.849998474121094,39.459999084472656,22.46500015258789,26.360000610351562,92.31999969482422,51.130001068115234,86.0,47.41999816894531,199.89999389648438,279.6199951171875,27.676000595092773,28.350000381469727,59.56999969482422,63.849998474121094,49.31999969482422,94.0199966430664,16.530000686645508,63.810001373291016,201.41000366210938,55.790000915527344,134.77999877929688,116.62999725341797,127.73999786376953,47.88999938964844,73.59732818603516,45.11000061035156,53.20000076293945,6.922500133514404,32.17267608642578,126.81999969482422,79.0199966430664,27.649999618530273,78.63333129882812,54.369998931884766,257.3399963378906,46.47999954223633,66.97000122070312,40.97999954223633,23.139999389648438,26.639999389648438,92.63999938964844,52.59000015258789,12171100,102324700,4245700,1081300,31976000,147776300,19500300,29006400,10672800,15050800,11012000,8008500,5285500,43140300,11508200,27355400,7355700,11884700,18840525,23234100,33272700,890744000,42034469,2965200,15043400,23253000,4137600,13797700,8866300,12673900,6526300,44231200,73285400,127115500,22359400,38127600
2020-03-03,68.08494567871094,46.75,168.69949340820312,268.40667724609375,23.54463005065918,23.816070556640625,46.56943130493164,52.1290397644043,38.32807922363281,71.70649719238281,11.412473678588867,46.93393325805664,176.54678344726562,49.61382293701172,114.64375305175781,98.80597686767578,121.4466781616211,37.50843811035156,61.981204986572266,36.58838653564453,50.519866943359375,6.621290683746338,23.945728302001953,99.7964859008789,68.3389892578125,23.480947494506836,73.15352630615234,49.019588470458984,235.2125244140625,35.229923248291016,50.48802947998047,34.72597122192383,17.603809356689453,23.925222396850586,85.4461898803711,38.86004638671875,87.56999969482422,46.75,204.4199981689453,284.29998779296875,27.424999237060547,27.75,59.20000076293945,65.05000305175781,48.119998931884766,94.38999938964844,15.789999961853027,62.43000030517578,203.42999267578125,55.970001220703125,135.58999633789062,116.95999908447266,130.30999755859375,45.16999816894531,75.50572204589844,44.400001525878906,51.79999923706055,6.647250175476074,32.542694091796875,125.48999786376953,78.55999755859375,26.809999465942383,77.18333435058594,54.880001068115234,261.3999938964844,46.099998474121094,64.44000244140625,40.529998779296875,22.829999923706055,26.899999618530273,94.54000091552734,51.29999923706055,90.9000015258789,50.20000076293945,216.16000366210938,296.8500061035156,28.847999572753906,29.75,61.849998474121094,68.43000030517578,51.4900016784668,98.4800033569336,16.809999465942383,65.41000366210938,211.7899932861328,59.02000045776367,140.99000549316406,122.94999694824219,135.64999389648438,48.25,78.6259536743164,46.91999816894531,55.400001525878906,7.026750087738037,33.946868896484375,133.63999938964844,82.6500015258789,27.90999984741211,81.40333557128906,56.369998931884766,280.3500061035156,49.040000915527344,69.05000305175781,42.900001525878906,23.9950008392334,28.25,98.88999938964844,54.150001525878906,85.66000366210938,45.66999816894531,202.66000366210938,282.2200012207031,27.156999588012695,27.6200008392334,58.34000015258789,64.47000122070312,47.45000076293945,93.37000274658203,15.479999542236328,60.88999938964844,202.1199951171875,55.400001525878906,133.10000610351562,116.23999786376953,128.69000244140625,44.810001373291016,74.34160614013672,43.86000061035156,51.099998474121094,6.561500072479248,32.12523651123047,124.05000305175781,77.83000183105469,26.270000457763672,76.66666412353516,54.040000915527344,259.2300109863281,45.68000030517578,63.630001068115234,40.029998779296875,22.575000762939453,26.6299991607666,93.2699966430664,50.97999954223633,89.44000244140625,49.029998779296875,210.33999633789062,292.92999267578125,28.46500015258789,29.3700008392334,60.86000061035156,67.86000061035156,49.529998779296875,96.79000091552734,16.219999313354492,62.93000030517578,209.0,58.029998779296875,140.0,120.97000122070312,133.27999877929688,47.529998779296875,77.6717529296875,46.369998931884766,54.599998474121094,6.966750144958496,33.37760925292969,132.0,80.81999969482422,27.6200008392334,80.3566665649414,56.29999923706055,275.3500061035156,47.97999954223633,68.43000030517578,42.060001373291016,23.684999465942383,27.860000610351562,97.19000244140625,53.95000076293945,12660900,141972300,3975100,1916300,29930000,138698500,18250100,29547700,11785400,16525500,11433000,6432200,5677200,49740300,13662500,32547700,6936600,8506400,17394599,30206600,36893200,652792000,46174475,3545500,16356200,22020400,2729700,14661800,9188100,13197700,5587900,45091000,97190600,256525000,33385500,50580700
2020-03-04,71.3348388671875,50.11000061035156,177.521484375,284.74896240234375,24.50615692138672,24.36534309387207,48.36298751831055,54.00423812866211,39.371498107910156,74.8515625,11.752171516418457,48.174373626708984,181.15512084960938,52.01605224609375,121.31489562988281,101.2474136352539,130.83172607421875,38.098018646240234,64.98898315429688,37.28059005737305,53.92361831665039,7.0849714279174805,25.411794662475586,102.90594482421875,71.72350311279297,23.717418670654297,76.89097595214844,50.98465347290039,260.4255065917969,35.65787124633789,50.26082229614258,35.471378326416016,18.02019691467285,24.71680450439453,90.37193298339844,39.708457946777344,91.75,50.11000061035156,215.11000061035156,301.6099853515625,28.545000076293945,28.389999389648438,61.47999954223633,67.38999938964844,49.43000030517578,98.52999877929688,16.260000228881836,64.08000183105469,208.74000549316406,58.68000030517578,143.47999572753906,119.8499984741211,140.3800048828125,45.880001068115234,79.16984558105469,45.2400016784668,55.290000915527344,7.112750053405762,34.53510284423828,129.39999389648438,81.80000305175781,27.079999923706055,81.12666320800781,57.08000183105469,289.4200134277344,46.65999984741211,64.1500015258789,41.400001525878906,23.3700008392334,27.790000915527344,99.98999786376953,52.41999816894531,91.86000061035156,50.13999938964844,215.2899932861328,301.989990234375,28.57200050354004,28.420000076293945,61.68000030517578,67.5199966430664,49.54999923706055,99.0199966430664,16.549999237060547,64.5,208.9199981689453,58.709999084472656,143.63999938964844,120.19000244140625,140.86000061035156,46.25,79.26526641845703,45.31999969482422,55.380001068115234,7.122250080108643,34.5920295715332,129.61000061035156,81.91000366210938,27.3799991607666,81.12666320800781,57.09000015258789,295.8399963378906,46.79999923706055,65.93000030517578,41.43000030517578,23.375,27.799999237060547,100.1500015258789,52.47999954223633,88.94999694824219,47.209999084472656,207.6199951171875,289.9800109863281,27.476999282836914,27.399999618530273,59.689998626708984,64.36000061035156,47.7400016784668,95.66999816894531,15.6899995803833,62.279998779296875,202.6999969482422,56.15999984741211,137.13999938964844,114.69999694824219,133.0,44.810001373291016,76.22137451171875,44.209999084472656,52.209999084472656,6.679999828338623,33.159393310546875,124.61000061035156,78.05000305175781,26.260000228881836,77.7300033569336,55.54999923706055,282.2099914550781,45.31999969482422,63.029998779296875,39.959999084472656,22.834999084472656,26.799999237060547,97.18000030517578,51.119998931884766,89.2699966430664,48.25,209.52999877929688,292.3900146484375,27.753999710083008,28.25,60.20000076293945,66.05000305175781,48.75,96.37000274658203,16.149999618530273,63.619998931884766,205.83999633789062,57.0099983215332,137.67999267578125,118.33000183105469,133.02999877929688,46.099998474121094,77.76717376708984,45.15999984741211,53.02000045776367,6.755000114440918,33.30170822143555,127.16000366210938,79.12000274658203,27.209999084472656,78.88666534423828,55.970001220703125,290.0,46.56999969482422,65.93000030517578,41.0099983215332,23.31999969482422,27.260000228881836,97.37999725341797,52.22999954223633,16590400,93311800,3880200,1289500,23477000,111239800,18228300,24188500,8924200,14753000,8787200,5455100,3520400,29223100,10560500,25795900,5301900,6923700,20224199,21938100,28222000,597408000,38712155,2598600,9894900,16155900,3355800,9878200,14533000,12095400,6485000,33881500,48969000,124408000,26418700,24079600
2020-03-05,70.44850158691406,48.11000061035156,175.053955078125,272.1359558105469,23.52659797668457,23.13023567199707,47.592079162597656,50.8788948059082,37.993534088134766,73.83358764648438,11.528117179870605,46.51292419433594,172.51998901367188,50.49138641357422,120.0719985961914,96.28009033203125,130.6173553466797,34.22013473510742,63.90020751953125,35.09682846069336,52.392433166503906,6.805567741394043,24.755556106567383,95.97928619384766,69.41746520996094,22.622636795043945,74.57520294189453,49.778812408447266,254.6126708984375,33.45695495605469,48.341270446777344,33.32939910888672,17.360918045043945,23.52499008178711,88.27507781982422,37.9586067199707,90.61000061035156,48.11000061035156,212.1199951171875,288.25,27.40399932861328,26.780000686645508,60.5,63.4900016784668,47.70000076293945,97.19000244140625,15.949999809265137,61.869998931884766,198.7899932861328,56.959999084472656,142.00999450683594,113.97000122070312,140.14999389648438,41.209999084472656,77.84351348876953,42.59000015258789,53.720001220703125,6.832250118255615,33.64326477050781,120.69000244140625,79.16999816894531,25.829999923706055,78.68333435058594,55.72999954223633,282.9599914550781,43.779998779296875,61.70000076293945,38.900001525878906,22.514999389648438,26.450000762939453,97.66999816894531,50.11000061035156,91.70999908447266,49.720001220703125,216.38999938964844,295.94000244140625,28.30900001525879,27.350000381469727,61.2400016784668,65.12000274658203,48.63999938964844,97.38999938964844,16.100000381469727,63.7400016784668,203.47000122070312,58.65999984741211,142.67999267578125,116.43000030517578,141.91000366210938,42.790000915527344,78.97901153564453,43.939998626708984,55.61000061035156,7.079999923706055,34.326377868652344,124.80999755859375,81.37000274658203,26.25,80.72000122070312,56.38999938964844,289.4200134277344,45.29999923706055,63.790000915527344,40.0099983215332,22.80500030517578,26.940000534057617,99.19000244140625,50.70000076293945,89.43000030517578,47.5099983215332,207.5800018310547,286.0400085449219,27.2450008392334,26.399999618530273,59.84000015258789,63.0099983215332,46.779998779296875,94.94000244140625,15.460000038146973,60.709999084472656,196.9499969482422,56.61000061035156,139.83999633789062,112.58000183105469,137.52999877929688,39.630001068115234,77.23282623291016,42.13999938964844,53.34000015258789,6.787499904632568,33.35863494873047,118.44999694824219,78.69999694824219,25.239999771118164,78.02666473388672,55.25,279.94000244140625,43.130001068115234,60.75,38.56999969482422,22.139999389648438,26.149999618530273,96.55999755859375,49.040000915527344,90.05999755859375,48.68000030517578,207.66000366210938,291.0400085449219,27.72599983215332,27.239999771118164,60.70000076293945,64.80000305175781,47.97999954223633,95.70999908447266,15.630000114440918,61.779998779296875,201.3300018310547,57.060001373291016,140.8000030517578,115.66999816894531,138.3800048828125,42.70000076293945,77.7957992553711,43.5099983215332,53.45000076293945,6.912499904632568,33.82352828979492,124.66000366210938,79.45999908447266,26.1299991607666,79.11666870117188,56.11000061035156,281.6000061035156,45.29999923706055,62.099998474121094,40.0,22.700000762939453,26.8700008392334,97.8499984741211,50.41999816894531,9688400,98302700,3185400,1453900,24374000,110878700,15119400,27277600,9603800,12814400,9800200,4905100,4151500,29099200,11339200,25025600,6882100,15767100,15017840,23950200,26223000,540328000,35096303,3561500,9396200,15754600,3548700,10004200,5908400,12815800,5918900,45037900,58774600,130265700,17873000,40788200
2020-03-06,69.0567855834961,48.59000015258789,173.84083557128906,272.0037536621094,23.13254165649414,22.206058502197266,47.44260787963867,49.10787582397461,36.10581970214844,72.4129867553711,9.663379669189453,41.57371139526367,167.364990234375,49.43653106689453,120.08889770507812,91.3042984008789,131.8383026123047,32.50954055786133,64.38587188720703,34.47877883911133,50.198028564453125,6.625024795532227,24.448383331298828,90.8419189453125,67.92689514160156,20.888504028320312,72.94501495361328,49.18928909301758,255.43150329589844,32.44056701660156,49.430320739746094,31.778593063354492,16.385501861572266,22.72451400756836,87.80513000488281,36.12545394897461,88.81999969482422,48.59000015258789,210.64999389648438,288.1099853515625,26.94499969482422,25.709999084472656,60.310001373291016,61.279998779296875,45.33000183105469,95.31999969482422,13.369999885559082,55.29999923706055,192.85000610351562,55.77000045776367,142.02999877929688,108.08000183105469,141.4600067138672,39.150001525878906,78.43511199951172,41.84000015258789,51.470001220703125,6.651000022888184,33.225807189941406,114.2300033569336,77.47000122070312,23.850000381469727,76.96333312988281,55.06999969482422,283.8699951171875,42.45000076293945,63.09000015258789,37.09000015258789,21.25,25.549999237060547,97.1500015258789,47.689998626708984,89.76000213623047,49.540000915527344,211.61000061035156,288.239990234375,27.093000411987305,26.209999084472656,60.41999816894531,62.310001373291016,46.4900016784668,96.05999755859375,15.220000267028809,59.900001525878906,196.3000030517578,56.0099983215332,143.00999450683594,110.31999969482422,142.36000061035156,40.849998474121094,78.83587646484375,42.2400016784668,53.189998626708984,6.709750175476074,33.36812210083008,118.48999786376953,78.08000183105469,25.15999984741211,77.69000244140625,55.08000183105469,284.9700012207031,42.72999954223633,63.66999816894531,37.68000030517578,21.94499969482422,25.84000015258789,97.5,49.0099983215332,87.26000213623047,46.7400016784668,203.82000732421875,281.2900085449219,26.25,25.100000381469727,58.7599983215332,59.7400016784668,44.68000030517578,93.41999816894531,13.010000228881836,53.869998931884766,189.27999877929688,54.540000915527344,137.41000366210938,105.0199966430664,135.5500030517578,38.04999923706055,75.79198455810547,40.34000015258789,50.0,6.449999809265137,32.371917724609375,112.12000274658203,75.83000183105469,23.520000457763672,75.11000061035156,53.970001220703125,271.8999938964844,41.40999984741211,58.220001220703125,36.33000183105469,20.93000030517578,25.030000686645508,94.5999984741211,47.20000076293945,88.7300033569336,49.439998626708984,203.97000122070312,284.4599914550781,26.697999954223633,25.469999313354492,58.880001068115234,60.459999084472656,45.97999954223633,93.91999816894531,15.15999984741211,58.91999816894531,190.67999267578125,55.18000030517578,138.47999572753906,106.26000213623047,136.1199951171875,40.13999938964844,76.3072509765625,40.5099983215332,52.20000076293945,6.6519999504089355,32.92219924926758,115.37999725341797,76.33000183105469,24.8799991607666,76.2933349609375,54.599998474121094,275.4200134277344,41.68000030517578,59.560001373291016,37.0,21.75,25.25,94.98999786376953,48.84000015258789,12664600,124590900,3100500,1148400,30169000,119121200,14833900,29916600,14504800,16861900,13648400,9915000,5071900,36259200,12239100,38159400,8010700,13937000,14208574,30898400,30313700,515412000,40931036,3704000,11536500,23793200,4851600,12971200,5361900,14127500,9569600,56766500,123034800,160606600,17917700,55640500
2020-03-09,66.29668426513672,43.27000045776367,163.70663452148438,249.15660095214844,21.26700210571289,18.94123077392578,45.35799789428711,41.16630935668945,27.137102127075195,61.28363037109375,6.049549102783203,28.26711082458496,149.9732208251953,45.075260162353516,115.3624496459961,78.9366455078125,126.48871612548828,28.08359146118164,61.84803009033203,30.9023494720459,44.833961486816406,6.112036228179932,23.56874656677246,78.53138732910156,63.69187545776367,15.160584449768066,66.71487426757812,46.29528045654297,246.04632568359375,27.755979537963867,45.755760192871094,27.82876205444336,13.08526611328125,20.287519454956055,83.24089050292969,31.709199905395508,85.2699966430664,43.27000045776367,198.3699951171875,263.9100036621094,24.77199935913086,21.93000030517578,57.65999984741211,51.369998931884766,34.06999969482422,80.66999816894531,8.369999885559082,37.599998474121094,172.80999755859375,50.849998474121094,136.44000244140625,93.44000244140625,135.72000122070312,33.81999969482422,75.34351348876953,37.5,45.970001220703125,6.136000156402588,32.03036117553711,98.75,72.63999938964844,17.309999465942383,70.38999938964844,51.83000183105469,273.44000244140625,36.31999969482422,58.400001525878906,32.47999954223633,16.969999313354492,22.809999465942383,92.0999984741211,41.86000061035156,87.33999633789062,46.34000015258789,203.6199951171875,276.3699951171875,26.027000427246094,23.489999771118164,59.13999938964844,55.61000061035156,36.20000076293945,88.01000213623047,9.770000457763672,40.18000030517578,179.25,52.709999084472656,139.67999267578125,99.2300033569336,140.92999267578125,37.25,77.02290344238281,39.02000045776367,48.599998474121094,6.485000133514404,32.91271209716797,107.20999908447266,76.0999984741211,17.899999618530273,74.26000213623047,54.13999938964844,281.44000244140625,39.04999923706055,67.69999694824219,34.47999954223633,18.21500015258789,23.8799991607666,94.27999877929688,44.56999969482422,82.43000030517578,42.5099983215332,190.75,263.8599853515625,24.424999237060547,21.510000228881836,56.0,51.0,32.0,80.0,8.029999732971191,34.88999938964844,170.16000366210938,50.0,134.89999389648438,93.0,133.30999755859375,30.780000686645508,73.46373748779297,36.849998474121094,44.91999816894531,5.954500198364258,31.461101531982422,97.55000305175781,71.83000183105469,12.90999984741211,70.0,51.060001373291016,259.239990234375,35.880001068115234,57.36000061035156,32.220001220703125,16.864999771118164,22.520000457763672,90.01000213623047,40.79999923706055,84.0,43.029998779296875,197.74000549316406,265.45001220703125,25.107999801635742,22.229999542236328,56.0099983215332,54.310001373291016,33.95000076293945,82.2300033569336,9.149999618530273,38.220001220703125,173.5800018310547,51.91999816894531,136.3300018310547,96.56999969482422,134.02000427246094,31.889999389648438,74.42748260498047,36.849998474121094,45.47999954223633,5.997499942779541,31.745731353759766,102.5999984741211,72.4000015258789,17.899999618530273,70.82333374023438,51.54999923706055,264.4599914550781,38.02000045776367,58.400001525878906,33.720001220703125,17.53499984741211,23.0,91.38999938964844,41.709999084472656,15806200,80859800,4065600,1759600,43934000,145196000,22385900,35625600,29828600,30595500,24783100,18938200,6443000,56197000,13848600,40352000,5351300,14834800,18942810,28177500,31260800,614160000,43183856,4702300,13898500,86148000,6082500,13781100,8070700,17811700,12531100,53277200,133113800,134165700,21968500,72896300
2020-03-10,68.0538330078125,45.380001068115234,170.66363525390625,264.1205139160156,22.570219039916992,20.392257690429688,45.570396423339844,44.54007339477539,27.782276153564453,64.557861328125,6.512119770050049,31.274255752563477,159.9882354736328,47.84980392456055,119.75918579101562,85.06980895996094,131.58665466308594,28.664859771728516,64.24488067626953,32.55046463012695,46.677242279052734,6.501507759094238,24.148189544677734,85.91930389404297,69.17195129394531,15.931319236755371,71.09366607666016,48.689090728759766,251.94918823242188,29.52894401550293,47.36190414428711,30.05643653869629,13.705989837646484,21.479337692260742,86.09690856933594,32.883331298828125,87.52999877929688,45.380001068115234,206.8000030517578,279.760009765625,26.290000915527344,23.610000610351562,57.93000030517578,55.58000183105469,34.880001068115234,84.9800033569336,9.010000228881836,41.599998474121094,184.35000610351562,53.97999954223633,141.63999938964844,100.69999694824219,141.19000244140625,34.52000045776367,78.26335906982422,39.5,47.86000061035156,6.5269999504089355,32.81783676147461,108.04000091552734,78.88999938964844,18.190000534057617,75.01000213623047,54.5099983215332,280.0,38.63999938964844,60.45000076293945,35.08000183105469,17.774999618530273,24.149999618530273,95.26000213623047,43.40999984741211,88.22000122070312,45.439998626708984,207.10000610351562,280.3500061035156,26.368000030517578,23.68000030517578,58.95000076293945,55.70000076293945,37.41999816894531,86.30000305175781,9.399999618530273,41.709999084472656,185.39999389648438,54.0,141.9499969482422,101.27999877929688,141.92999267578125,36.709999084472656,78.41603088378906,39.9900016784668,48.2599983215332,6.5269999504089355,32.88425064086914,108.9800033569336,79.04000091552734,19.229999542236328,75.07666778564453,54.619998931884766,283.8999938964844,38.93000030517578,63.849998474121094,35.08000183105469,18.40999984741211,24.170000076293945,95.41999816894531,46.2599983215332,83.76000213623047,43.099998474121094,194.6699981689453,265.0,24.34000015258789,21.59000015258789,55.90999984741211,51.5,33.0,81.04000091552734,7.820000171661377,35.810001373291016,173.2899932861328,50.43000030517578,134.22999572753906,94.58000183105469,134.72000122070312,33.040000915527344,73.95037841796875,37.04999923706055,45.290000915527344,6.149750232696533,31.31878662109375,100.30000305175781,74.16000366210938,17.1299991607666,70.69999694824219,52.4900016784668,272.5,36.150001525878906,57.029998779296875,32.279998779296875,16.68000030517578,22.84000015258789,90.94000244140625,41.45000076293945,88.19000244140625,45.40999984741211,203.36000061035156,277.989990234375,25.659000396728516,23.25,58.81999969482422,54.72999954223633,36.63999938964844,86.23999786376953,9.380000114440918,39.880001068115234,181.6199951171875,52.7599983215332,139.97000122070312,99.0,139.22999572753906,36.08000183105469,76.79389190673828,39.810001373291016,48.150001525878906,6.41349983215332,32.79886245727539,104.05000305175781,74.80000305175781,19.139999389648438,73.33333587646484,53.709999084472656,279.7200012207031,38.439998626708984,60.72999954223633,34.630001068115234,18.334999084472656,23.8700008392334,94.76000213623047,46.16999816894531,12965800,76228200,3928700,1699200,55071000,134863600,24831000,32527500,20337700,22642900,20134700,13804500,6803900,36569000,12698100,31102700,5961200,12222900,17527486,27111000,31652900,580648000,40548329,4757100,13615600,40409000,3859500,11698700,7366000,16815700,10527600,40078700,96862200,149282300,26473200,60445900
2020-03-11,65.97015380859375,45.70000076293945,163.93772888183594,249.373779296875,21.116762161254883,19.580373764038086,44.4533576965332,40.70151901245117,25.934370040893555,63.07646942138672,6.078460216522217,29.214359283447266,149.17478942871094,45.793270111083984,111.43928527832031,81.06549072265625,130.4962158203125,26.040843963623047,62.07520294189453,30.383188247680664,42.63955307006836,6.137685298919678,22.458724975585938,81.0682373046875,65.427978515625,15.22188949584961,67.10978698730469,46.6614990234375,249.95155334472656,27.67192268371582,42.63747787475586,27.700244903564453,12.981172561645508,20.3142032623291,82.80704498291016,31.800098419189453,84.8499984741211,45.70000076293945,198.64999389648438,264.1400146484375,24.597000122070312,22.670000076293945,56.5099983215332,50.790000915527344,32.560001373291016,83.02999877929688,8.40999984741211,38.86000061035156,171.88999938964844,51.65999984741211,131.8000030517578,95.95999908447266,140.02000427246094,31.360000610351562,75.62023162841797,36.869998931884766,43.720001220703125,6.161749839782715,30.521821975708008,101.94000244140625,74.62000274658203,17.3799991607666,70.8066635131836,52.2400016784668,277.7799987792969,36.209999084472656,54.41999816894531,32.33000183105469,16.834999084472656,22.84000015258789,91.62000274658203,41.97999954223633,86.63999938964844,45.970001220703125,203.9199981689453,274.3299865722656,25.64900016784668,23.959999084472656,57.959999084472656,54.33000183105469,33.95000076293945,84.83999633789062,8.9399995803833,39.95000076293945,180.77000427246094,53.540000915527344,138.75,100.05000305175781,141.83999633789062,34.13999938964844,76.4885482788086,38.86000061035156,46.31999969482422,6.414999961853027,32.14421463012695,106.08000183105469,77.79000091552734,18.139999389648438,73.6933364868164,53.560001373291016,285.239990234375,37.650001525878906,59.7400016784668,34.27000045776367,17.524999618530273,23.649999618530273,93.66999816894531,43.47999954223633,83.56999969482422,43.79999923706055,195.80999755859375,260.55999755859375,24.249000549316406,22.260000228881836,55.810001373291016,50.02000045776367,31.510000228881836,81.75,8.09000015258789,37.560001373291016,170.97000122070312,51.0099983215332,131.5,94.55000305175781,137.38999938964844,29.43000030517578,74.45610809326172,36.439998626708984,42.849998474121094,6.0642499923706055,30.03795051574707,100.12999725341797,73.72000122070312,17.049999237060547,70.02999877929688,52.09000015258789,273.260009765625,35.529998779296875,53.529998779296875,32.0099983215332,16.565000534057617,22.520000457763672,90.44999694824219,41.75,85.80000305175781,44.189998626708984,201.0,272.510009765625,25.38800048828125,22.84000015258789,56.779998779296875,53.95000076293945,33.59000015258789,82.2300033569336,8.420000076293945,39.45000076293945,178.47999572753906,52.38999938964844,138.08999633789062,97.69999694824219,139.4600067138672,33.11000061035156,76.17366027832031,38.22999954223633,46.20000076293945,6.386499881744385,32.03036117553711,104.29000091552734,76.29000091552734,17.31999969482422,72.63666534423828,53.11000061035156,274.760009765625,37.0,58.68000030517578,34.04999923706055,17.225000381469727,23.40999984741211,93.01000213623047,42.38999938964844,10382200,101601100,3777000,1175900,36030000,127347000,19768800,36709000,18460700,18412800,15483400,13208700,5314000,38563500,17763400,38127000,7211800,13535400,14274179,27376200,38483800,499964000,65350213,5605500,13376500,33291900,2262900,14498000,7744600,18947700,9184800,44769500,86954600,146915400,23217900,51986100
2020-03-12,61.118614196777344,39.0099983215332,150.3951873779297,227.29132080078125,18.7824764251709,17.714752197265625,41.495574951171875,34.667213439941406,22.461589813232422,57.93342590332031,5.311347484588623,24.43301010131836,130.7677001953125,40.368289947509766,106.03640747070312,74.38327026367188,117.44847869873047,19.007490158081055,58.3154296875,25.801403045654297,37.850894927978516,5.386630058288574,20.957752227783203,75.32649993896484,58.76417541503906,12.62944221496582,59.75178527832031,43.49059295654297,225.32354736328125,24.156566619873047,34.44218063354492,23.304874420166016,11.361899375915527,18.117355346679688,76.62501525878906,28.164064407348633,78.61000061035156,39.0099983215332,182.24000549316406,240.75,21.878000259399414,20.510000228881836,52.75,43.2599983215332,28.200000762939453,76.26000213623047,7.269999980926514,32.5,150.67999267578125,45.540000915527344,125.41000366210938,88.05000305175781,126.0199966430664,22.889999389648438,71.04007720947266,31.309999465942383,38.810001373291016,5.407750129699707,28.48197364807129,94.72000122070312,67.0199966430664,14.420000076293945,63.043331146240234,48.689998626708984,250.41000366210938,31.610000610351562,43.959999084472656,27.200000762939453,14.734999656677246,20.3700008392334,84.77999877929688,37.18000030517578,81.29000091552734,42.5,196.25999450683594,254.86000061035156,24.275999069213867,22.8700008392334,54.900001525878906,49.0,31.40999984741211,78.12999725341797,8.100000381469727,35.95000076293945,166.75,50.09000015258789,133.75999450683594,96.95999908447266,136.5,28.170000076293945,74.48473358154297,34.90999984741211,42.540000915527344,5.9029998779296875,30.360530853271484,104.0,72.52999877929688,16.690000534057617,68.55999755859375,50.9900016784668,272.2300109863281,34.400001525878906,50.68000030517578,30.860000610351562,16.0,22.209999084472656,89.7300033569336,40.650001525878906,77.05999755859375,39.0,181.77000427246094,237.5500030517578,21.631999969482422,20.149999618530273,50.619998931884766,42.81999969482422,27.81999969482422,72.86000061035156,7.010000228881836,31.65999984741211,150.0,45.369998931884766,124.5,86.31999969482422,125.93000030517578,22.5,69.90457916259766,31.209999084472656,38.0,5.394999980926514,28.462997436523438,90.88999938964844,67.0,14.40999984741211,62.936668395996094,48.5099983215332,250.0,31.020000457763672,42.689998626708984,27.1200008392334,14.6899995803833,20.299999237060547,82.9000015258789,37.0,78.8499984741211,42.0,184.6300048828125,245.4199981689453,22.698999404907227,20.59000015258789,52.33000183105469,45.29999923706055,30.34000015258789,77.2300033569336,7.760000228881836,35.189998626708984,160.0,47.9900016784668,127.30999755859375,89.58999633789062,130.7899932861328,28.170000076293945,70.99236297607422,33.90999984741211,39.400001525878906,5.636499881744385,28.918405532836914,93.4800033569336,69.5199966430664,15.619999885559082,65.86333465576172,49.65999984741211,260.0,33.630001068115234,50.06999969482422,29.809999465942383,15.595000267028809,20.940000534057617,86.01000213623047,39.900001525878906,19935700,107461500,4902600,2779800,64281000,139552600,22963000,45941600,16581700,25768200,14551000,12384000,8357700,50661700,21539200,49725200,7836300,23939000,22664782,27964600,40117200,816540000,62731445,5347700,19386200,47922900,5859900,15942200,10496600,20621100,14645700,68447600,77658200,161437500,20652200,65725300
2020-03-13,66.37445068359375,43.900001525878906,166.78485107421875,242.5856475830078,20.108013153076172,20.867305755615234,43.257652282714844,40.901859283447266,24.994487762451172,63.372737884521484,6.356083869934082,26.16211700439453,153.75706481933594,48.24870300292969,113.54460906982422,87.78155517578125,129.89047241210938,20.693166732788086,60.61360168457031,30.9023494720459,41.927589416503906,5.9974846839904785,22.83571434020996,85.07633209228516,66.47137451171875,14.153383255004883,66.16197967529297,46.65256118774414,245.8468780517578,28.35205841064453,39.096099853515625,26.46645164489746,12.410572052001953,20.5009765625,81.93938446044922,28.876127243041992,85.37000274658203,43.900001525878906,202.10000610351562,256.95001220703125,23.422000885009766,24.15999984741211,54.9900016784668,51.040000915527344,31.3799991607666,83.41999816894531,8.699999809265137,34.79999923706055,177.1699981689453,54.43000030517578,134.2899932861328,103.91000366210938,139.3699951171875,24.920000076293945,73.23473358154297,37.5,42.9900016784668,6.020999908447266,31.034156799316406,106.9800033569336,75.80999755859375,16.15999984741211,69.8066635131836,52.22999954223633,272.0400085449219,37.099998474121094,49.900001525878906,30.889999389648438,16.094999313354492,23.049999237060547,90.66000366210938,38.119998931884766,86.31999969482422,43.90999984741211,203.1699981689453,257.8599853515625,23.44700050354004,24.25,55.5,51.2400016784668,31.739999771118164,83.5,8.710000038146973,35.81999969482422,177.55999755859375,55.0,134.9199981689453,103.98999786376953,139.3699951171875,26.290000915527344,73.6927490234375,37.52000045776367,43.02000045776367,6.0254998207092285,31.195446014404297,107.18000030517578,76.66999816894531,16.170000076293945,70.05999755859375,52.459999084472656,273.2200012207031,37.150001525878906,49.9900016784668,31.760000228881836,16.110000610351562,23.09000015258789,90.9000015258789,40.13999938964844,80.69000244140625,39.599998474121094,188.52000427246094,233.83999633789062,20.115999221801758,21.479999542236328,51.779998779296875,45.310001373291016,27.59000015258789,74.11000061035156,7.190000057220459,30.25,152.35000610351562,47.7400016784668,124.6500015258789,92.0,128.50999450683594,22.709999084472656,68.95037841796875,33.06999969482422,38.349998474121094,5.490250110626221,28.68121337890625,99.45999908447266,67.26000213623047,14.319999694824219,63.0533332824707,49.290000915527344,242.27000427246094,32.959999084472656,41.75,27.770000457763672,14.399999618530273,20.899999618530273,84.16000366210938,35.0,83.36000061035156,42.20000076293945,189.75999450683594,257.05999755859375,22.551000595092773,22.190000534057617,54.88999938964844,47.81999969482422,30.600000381469727,79.9800033569336,8.130000114440918,35.25,162.82000732421875,48.2599983215332,129.32000732421875,95.98999786376953,132.9499969482422,25.84000015258789,72.72901153564453,34.27000045776367,41.56999969482422,5.762499809265137,29.667932510375977,103.30999755859375,71.18000030517578,15.720000267028809,66.80332946777344,51.900001525878906,260.989990234375,34.619998931884766,48.099998474121094,30.149999618530273,15.979999542236328,21.899999618530273,88.72000122070312,40.0099983215332,21867700,86689700,6903900,2637200,84714000,128357400,23503600,40519800,17506900,23497500,18626600,13961100,6368400,48805100,20084200,38543300,6841700,17766900,25857094,33305100,35264800,634836000,60553038,6420100,15971400,29182100,4420200,14948700,9308400,20211400,9700600,78365700,68196800,160945700,29162800,79891500
2020-03-16,57.74429702758789,38.709999084472656,155.70986938476562,216.53802490234375,16.10392189025879,17.654294967651367,40.205474853515625,33.00837326049805,20.772987365722656,52.94990158081055,5.53052282333374,23.380508422851562,134.2217559814453,39.543907165527344,107.49067687988281,74.64515686035156,120.5799789428711,16.84848976135254,55.219600677490234,26.081579208374023,33.61814880371094,4.890823841094971,21.0694522857666,71.5490493774414,56.53705596923828,12.620681762695312,56.08700180053711,40.105316162109375,203.3722381591797,24.89020538330078,32.61664962768555,22.705114364624023,10.721900939941406,17.690431594848633,73.85934448242188,26.126371383666992,74.2699966430664,38.709999084472656,188.67999267578125,229.36000061035156,18.757999420166016,20.440000534057617,51.11000061035156,41.189998626708984,26.079999923706055,69.69999694824219,7.570000171661377,31.100000381469727,154.66000366210938,44.61000061035156,127.12999725341797,88.36000061035156,129.3800048828125,20.290000915527344,66.71755981445312,31.649999618530273,34.470001220703125,4.909999847412109,28.63377571105957,89.97000122070312,64.4800033569336,14.40999984741211,59.176666259765625,44.900001525878906,225.0399932861328,32.56999969482422,41.630001068115234,26.5,13.904999732971191,19.889999389648438,81.72000122070312,34.4900016784668,82.18000030517578,43.369998931884766,204.72000122070312,248.2100067138672,21.8799991607666,21.729999542236328,53.7599983215332,45.22999954223633,31.149999618530273,78.48999786376953,8.359999656677246,36.09000015258789,169.5399932861328,52.25,133.75999450683594,93.9800033569336,138.67999267578125,23.75,72.60496520996094,35.27000045776367,39.13999938964844,5.652500152587891,30.62618637084961,103.29000091552734,71.16999816894531,16.040000915527344,65.62333679199219,48.349998474121094,245.67999267578125,35.5,47.9900016784668,29.229999542236328,15.5600004196167,21.34000015258789,87.05000305175781,37.880001068115234,73.58000183105469,38.5099983215332,182.9600067138672,209.6199951171875,18.023000717163086,19.579999923706055,48.0099983215332,39.56999969482422,25.90999984741211,69.69000244140625,6.5,28.110000610351562,150.0,43.630001068115234,122.43000030517578,84.55000305175781,128.25,19.989999771118164,64.0457992553711,30.360000610351562,34.45000076293945,4.849999904632568,28.130929946899414,89.26000213623047,64.45999908447266,13.260000228881836,58.54999923706055,44.900001525878906,223.9499969482422,30.0,41.189998626708984,26.299999237060547,13.835000038146973,18.93000030517578,80.66999816894531,33.25,79.0,39.08000183105469,184.6699981689453,220.64999389648438,20.81800079345703,19.850000381469727,50.130001068115234,40.4900016784668,27.489999771118164,72.56999969482422,7.099999904632568,29.989999771118164,150.22999572753906,47.5099983215332,123.56999969482422,85.19999694824219,131.0,20.520000457763672,67.52862548828125,31.06999969482422,37.349998474121094,5.3102498054504395,28.40607261657715,91.18000030517578,68.27999877929688,14.020000457763672,62.66666793823242,46.34000015258789,243.9199981689453,30.049999237060547,43.0099983215332,26.34000015258789,13.975000381469727,19.350000381469727,82.5199966430664,34.400001525878906,20916000,84545900,4932400,1496800,76935000,121688800,20582800,35133800,13774100,17535300,14135800,10311100,6888000,53878900,18877900,38589700,6619700,14482400,20808354,26789900,36879100,726972000,50995050,5318400,16134700,24971100,4817100,16628200,10303500,14280000,8241800,57466700,80467200,110661600,21474800,48924700
2020-03-17,56.77242660522461,41.880001068115234,171.48880004882812,225.01602172851562,17.128128051757812,18.984407424926758,42.5496711730957,32.25508499145508,20.908397674560547,53.701988220214844,4.719573974609375,23.22262954711914,137.70179748535156,44.392704010009766,115.48927307128906,79.20698547363281,133.45993041992188,16.856792449951172,58.82087707519531,27.845077514648438,36.456233978271484,5.4105353355407715,22.451740264892578,76.34444427490234,60.37751007080078,12.261591911315918,61.02181625366211,43.35660934448242,220.7055206298828,25.769044876098633,30.57174301147461,25.386886596679688,10.795154571533203,18.6510009765625,78.49585723876953,27.883792877197266,73.0199966430664,41.880001068115234,207.8000030517578,238.33999633789062,19.951000213623047,21.979999542236328,54.09000015258789,40.25,26.25,70.69000244140625,6.460000038146973,30.889999389648438,158.6699981689453,50.08000183105469,136.58999633789062,93.76000213623047,143.1999969482422,20.299999237060547,71.0687026977539,33.790000915527344,37.380001068115234,5.4317498207092285,30.5123348236084,96.0,68.86000061035156,14.0,64.38333129882812,48.540000915527344,244.22000122070312,33.720001220703125,39.02000045776367,29.6299991607666,14.0,20.969999313354492,86.8499984741211,36.810001373291016,77.70999908447266,42.880001068115234,210.91000366210938,239.97999572753906,20.000999450683594,22.690000534057617,54.099998474121094,43.97999954223633,26.850000381469727,72.9800033569336,7.869999885559082,33.2400016784668,166.74000549316406,51.630001068115234,136.77000427246094,97.44000244140625,143.58999633789062,21.75,72.58587646484375,35.119998931884766,39.130001068115234,5.521500110626221,30.977230072021484,96.19000244140625,69.80999755859375,14.5600004196167,65.0,48.560001373291016,248.75999450683594,34.310001373291016,43.209999084472656,30.6200008392334,14.59000015258789,21.190000534057617,87.55000305175781,37.380001068115234,69.98999786376953,38.29999923706055,191.64999389648438,225.02000427246094,18.148000717163086,20.030000686645508,51.20000076293945,38.79999923706055,24.389999389648438,65.48999786376953,6.360000133514404,29.6200008392334,150.0,45.20000076293945,127.80999755859375,87.5,131.10000610351562,18.459999084472656,68.11068725585938,30.110000610351562,34.02000045776367,4.775000095367432,29.022769927978516,87.54000091552734,62.20000076293945,13.109999656677246,58.106666564941406,45.029998779296875,228.2899932861328,31.239999771118164,38.0,25.889999389648438,13.475000381469727,19.540000915527344,82.3499984741211,34.20000076293945,75.70999908447266,40.189998626708984,192.2100067138672,231.5500030517578,19.18199920654297,21.059999465942383,51.83000183105469,42.0,26.360000610351562,70.4000015258789,7.599999904632568,31.389999389648438,157.0,45.7599983215332,128.5500030517578,90.88999938964844,133.2100067138672,20.829999923706055,68.36832427978516,32.369998931884766,35.4900016784668,5.022749900817871,30.01897430419922,91.30000305175781,65.91000366210938,14.539999961853027,60.753334045410156,45.75,230.82000732421875,33.369998931884766,42.11000061035156,27.6299991607666,14.039999961853027,20.350000381469727,83.41000366210938,35.209999084472656,23205000,92741900,5912800,1642500,70662000,120065700,17519600,51650000,18692900,22684200,13441300,10122100,6876300,52085200,18911800,35239800,8909200,13424800,24745795,27047400,34869000,833632000,54220606,4486800,16864500,25536500,4079100,13415700,9642200,16232200,8839500,58112800,90887200,122295100,27899700,41204400
2020-03-18,55.22522735595703,39.119998931884766,169.07907104492188,185.97760009765625,14.411803245544434,17.956592559814453,39.521095275878906,29.19386863708496,18.056888580322266,41.8205451965332,3.952460527420044,22.37311553955078,121.51641845703125,42.203224182128906,114.11109161376953,70.86897277832031,133.357421875,13.908930778503418,56.570068359375,25.339927673339844,33.832706451416016,5.050699234008789,22.591367721557617,69.60863494873047,53.65232849121094,10.553728103637695,56.008018493652344,39.631900787353516,196.1605682373047,25.218814849853516,27.437782287597656,24.093128204345703,9.245277404785156,17.067846298217773,75.89290618896484,25.088590621948242,71.02999877929688,39.119998931884766,204.8800048828125,196.99000549316406,16.78700065612793,20.790000915527344,50.2400016784668,36.43000030517578,22.670000076293945,55.04999923706055,5.409999847412109,29.760000228881836,140.02000427246094,47.61000061035156,134.9600067138672,83.88999938964844,143.08999633789062,16.75,68.34923553466797,30.75,34.689998626708984,5.070499897003174,30.70208740234375,87.52999877929688,61.189998626708984,12.050000190734863,59.09333419799805,44.369998931884766,217.05999755859375,33.0,35.02000045776367,28.1200008392334,11.989999771118164,19.190000534057617,83.97000122070312,33.119998931884766,71.38999938964844,41.95000076293945,210.89999389648438,226.2899932861328,18.74799919128418,20.969999313354492,52.38999938964844,37.9900016784668,25.600000381469727,66.2300033569336,5.960000038146973,30.149999618530273,155.97000122070312,50.04999923706055,135.6699981689453,90.79000091552734,144.0,19.100000381469727,71.2404556274414,32.84000015258789,36.560001373291016,5.248499870300293,30.939279556274414,91.19000244140625,65.55999755859375,13.720000267028809,62.26333236694336,46.09000015258789,231.4499969482422,33.959999084472656,37.349998474121094,28.889999389648438,13.289999961853027,20.049999237060547,85.30000305175781,36.709999084472656,64.69000244140625,36.75,196.74000549316406,191.25,15.567000389099121,19.700000762939453,48.02000045776367,32.0,20.84000015258789,54.56999969482422,4.699999809265137,27.0,135.41000366210938,45.20000076293945,128.7100067138672,80.36000061035156,134.0800018310547,15.579999923706055,65.67748260498047,27.200000762939453,31.1299991607666,4.517000198364258,28.757116317749023,81.02999877929688,58.0,11.890000343322754,55.93000030517578,43.2599983215332,200.19000244140625,30.90999984741211,31.0,26.899999618530273,11.4399995803833,18.280000686645508,79.91999816894531,31.229999542236328,70.0,39.540000915527344,198.55999755859375,213.36000061035156,18.56599998474121,20.270000457763672,51.630001068115234,37.060001373291016,24.25,66.20999908447266,5.880000114440918,28.190000534057617,150.0,46.709999084472656,131.02000427246094,87.66999816894531,136.33999633789062,18.600000381469727,68.17748260498047,31.34000015258789,34.2599983215332,5.002500057220459,29.19354820251465,88.77999877929688,63.560001373291016,13.0,60.10333251953125,43.79999923706055,225.75,31.389999389648438,36.40999984741211,27.700000762939453,13.020000457763672,19.649999618530273,82.4000015258789,34.54999923706055,23712800,106949300,5597900,3131900,98993000,148272500,27384200,48351400,17039700,24947300,14374600,7759600,9543200,49309900,17521100,41525600,6734600,17497000,18558508,27603000,36519000,874268000,43884976,5107400,18381200,28198200,4131600,15018500,12917500,18092700,8900200,51904100,104271600,145056400,28931000,54036400
2020-03-19,55.2485466003418,39.81999969482422,164.0284881591797,202.0650177001953,16.693716049194336,18.310714721679688,38.38045120239258,31.76626205444336,20.38269805908203,43.598201751708984,4.785327911376953,24.974302291870117,129.7349853515625,40.72285461425781,107.42304992675781,72.06008911132812,124.03760528564453,13.884021759033203,55.85928726196289,25.48001480102539,35.3931770324707,5.303456783294678,21.23700523376465,73.49742126464844,56.99299621582031,12.147737503051758,57.448665618896484,39.57508850097656,198.63681030273438,25.379297256469727,29.31032943725586,24.23878288269043,9.873710632324219,17.44139862060547,74.33837127685547,26.080930709838867,71.05999755859375,39.81999969482422,198.75999450683594,214.02999877929688,19.44499969482422,21.200000762939453,48.790000915527344,39.63999938964844,25.59000015258789,57.38999938964844,6.550000190734863,33.220001220703125,149.49000549316406,45.939998626708984,127.05000305175781,85.30000305175781,133.08999633789062,16.719999313354492,67.4904556274414,30.920000076293945,36.290000915527344,5.324250221252441,28.861480712890625,92.41999816894531,65.0,13.869999885559082,60.61333465576172,43.88999938964844,219.8000030517578,33.209999084472656,37.40999984741211,28.290000915527344,12.805000305175781,19.610000610351562,82.25,34.43000030517578,74.8499984741211,41.70000076293945,208.75,219.24000549316406,20.746999740600586,21.75,50.720001220703125,41.2400016784668,25.989999771118164,58.4900016784668,6.550000190734863,34.54999923706055,152.49000549316406,49.22999954223633,134.99000549316406,88.11000061035156,142.97999572753906,17.770000457763672,69.52290344238281,32.900001525878906,37.29999923706055,5.41825008392334,30.59772300720215,96.5,67.55000305175781,14.279999732971191,62.496665954589844,45.18000030517578,226.1199951171875,33.93000030517578,37.470001220703125,29.110000610351562,12.854999542236328,19.889999389648438,84.26000213623047,34.900001525878906,65.33000183105469,37.689998626708984,195.27000427246094,200.58999633789062,16.5,19.0,48.130001068115234,34.20000076293945,21.0,51.599998474121094,5.260000228881836,29.760000228881836,130.85000610351562,45.15999984741211,126.1500015258789,76.91000366210938,131.1199951171875,15.260000228881836,65.75381469726562,28.739999771118164,33.650001525878906,4.834750175476074,28.47248649597168,84.56999969482422,59.040000915527344,11.869999885559082,56.793331146240234,42.70000076293945,208.94000244140625,31.06999969482422,31.889999389648438,26.290000915527344,11.489999771118164,18.110000610351562,81.33000183105469,32.349998474121094,69.0999984741211,39.560001373291016,201.0,205.80999755859375,16.763999938964844,20.260000228881836,50.11000061035156,35.470001220703125,23.1299991607666,55.2599983215332,5.510000228881836,29.940000534057617,137.3800048828125,47.84000015258789,134.99000549316406,81.55999755859375,142.49000549316406,17.010000228881836,68.08206176757812,30.350000381469727,34.65999984741211,5.048999786376953,30.569259643554688,85.43000030517578,61.119998931884766,12.170000076293945,58.0099983215332,43.7400016784668,216.97999572753906,32.33000183105469,34.790000915527344,27.65999984741211,12.164999961853027,18.790000915527344,83.02999877929688,33.72999954223633,19739900,88939000,4796500,1634600,74438000,122461300,20058300,43397100,15655100,29871000,14057900,9407700,6548200,44538000,18482300,32175100,6554800,17581700,19268738,23929600,31015200,765512000,59820929,3370800,17127400,25449300,2945100,11182600,8065200,16042700,8776000,53123500,104453000,105652800,27121100,49412400
2020-03-20,53.50697708129883,39.61000061035156,155.35499572753906,204.01930236816406,16.78277587890625,16.989238739013672,38.07365798950195,30.50009536743164,21.378337860107422,45.117576599121094,4.441952705383301,26.22977638244629,120.11917114257812,40.62535858154297,101.36914825439453,70.53949737548828,114.07471466064453,15.735774993896484,56.35683822631836,24.44993782043457,35.21762466430664,5.123661518096924,20.252647399902344,71.16732025146484,53.406829833984375,12.506824493408203,55.8121452331543,40.15216827392578,186.69873046875,24.89020538330078,30.289682388305664,22.705114364624023,9.97009563446045,16.81880760192871,71.4823226928711,24.80074119567871,68.81999969482422,39.61000061035156,188.25,216.10000610351562,19.222000122070312,19.670000076293945,48.400001525878906,38.060001373291016,26.84000015258789,59.38999938964844,6.079999923706055,34.88999938964844,138.41000366210938,45.83000183105469,119.88999938964844,83.5,122.4000015258789,18.950000762939453,68.09160614013672,29.670000076293945,36.11000061035156,5.143750190734863,27.523719787597656,89.48999786376953,60.90999984741211,14.279999732971191,58.88666534423828,44.529998779296875,206.58999633789062,32.56999969482422,38.65999984741211,26.5,12.930000305175781,18.90999984741211,79.08999633789062,32.7400016784668,73.0,42.47999954223633,201.97000122070312,237.32000732421875,20.868000030517578,21.84000015258789,50.63999938964844,40.9900016784668,28.389999389648438,60.650001525878906,7.340000152587891,37.2400016784668,149.19000244140625,49.41999816894531,127.44000244140625,89.45999908447266,132.25,19.860000610351562,69.17938995361328,31.450000762939453,38.59000015258789,5.757999897003174,29.09867286682129,95.37000274658203,67.9800033569336,14.579999923706055,63.92333221435547,48.279998779296875,232.63999938964844,33.93000030517578,41.18000030517578,28.75,13.420000076293945,19.920000076293945,83.80999755859375,35.18000030517578,66.80999755859375,39.58000183105469,186.0,215.58999633789062,18.791000366210938,19.559999465942383,47.25,37.20000076293945,25.889999389648438,56.36000061035156,5.940000057220459,33.52000045776367,138.2899932861328,45.470001220703125,118.12999725341797,82.4800033569336,120.2300033569336,16.43000030517578,65.36259460449219,29.190000534057617,35.84000015258789,5.1282501220703125,27.428842544555664,86.5999984741211,60.790000915527344,13.100000381469727,58.586666107177734,44.47999954223633,203.4600067138672,31.049999237060547,36.41999816894531,26.18000030517578,12.380000114440918,18.670000076293945,78.63999938964844,31.559999465942383,73.0,41.5099983215332,198.88999938964844,225.14999389648438,20.200000762939453,21.760000228881836,49.04999923706055,40.459999084472656,27.059999465942383,59.529998779296875,6.739999771118164,34.689998626708984,148.99000549316406,46.5099983215332,126.83000183105469,86.30000305175781,132.16000366210938,17.610000610351562,66.364501953125,31.25,37.77000045776367,5.474999904632568,28.728652954101562,94.08000183105469,65.02999877929688,14.300000190734863,62.81666564941406,48.02000045776367,223.17999267578125,33.880001068115234,38.4900016784668,28.68000030517578,13.130000114440918,19.81999969482422,82.95999908447266,34.84000015258789,18844500,106859500,5726800,2316700,74044000,150910400,20370800,38163900,23790200,26960400,18814900,12411400,7561300,52344000,19785100,30150800,9113500,19580400,23075912,27472500,37667400,804636000,52488989,3939900,16591500,32875200,2942700,14157700,9364100,20375900,9225000,73915800,116714400,157840900,22004900,76534600
2020-03-23,50.14820861816406,41.63999938964844,153.44039916992188,220.1161346435547,16.891916275024414,15.615931510925293,36.500370025634766,28.36043357849121,19.5543212890625,41.19001770019531,4.515010356903076,25.96664810180664,117.13379669189453,43.94948196411133,93.97085571289062,66.76331329345703,110.95259094238281,13.800982475280762,52.43966293334961,22.917179107666016,37.30473327636719,5.296483039855957,19.889617919921875,64.12931823730469,54.82726287841797,11.23687744140625,57.805667877197266,40.8104133605957,176.09812927246094,22.108491897583008,25.557409286499023,21.63412094116211,9.290549278259277,15.840229988098145,67.76962280273438,23.823558807373047,64.5,41.63999938964844,185.92999267578125,233.14999389648438,19.347000122070312,18.079999923706055,46.400001525878906,35.38999938964844,24.549999237060547,54.220001220703125,6.179999828338623,34.540000915527344,134.97000122070312,49.58000183105469,111.13999938964844,79.02999877929688,119.05000305175781,16.6200008392334,63.35877990722656,27.809999465942383,38.25,5.317249774932861,27.03036117553711,80.63999938964844,62.529998779296875,12.829999923706055,60.9900016784668,45.2599983215332,194.86000061035156,28.93000030517578,32.619998931884766,25.25,11.78499984741211,17.65999984741211,74.62000274658203,31.450000762939453,67.75,42.31999969482422,191.9600067138672,235.3000030517578,19.597000122070312,19.670000076293945,48.400001525878906,38.150001525878906,26.969999313354492,59.400001525878906,6.590000152587891,36.529998779296875,141.94000244140625,50.4900016784668,118.55999755859375,83.75,126.87999725341797,18.81999969482422,68.33015441894531,29.790000915527344,39.470001220703125,5.4120001792907715,28.064516067504883,88.44000244140625,64.86000061035156,14.430000305175781,61.970001220703125,45.61000061035156,205.75,32.25,37.779998779296875,26.8700008392334,12.645000457763672,18.600000381469727,78.30999755859375,32.70000076293945,62.54999923706055,38.95000076293945,177.0500030517578,222.6699981689453,17.774999618530273,17.950000762939453,45.7599983215332,34.619998931884766,23.350000381469727,52.970001220703125,5.699999809265137,33.11000061035156,133.25999450683594,45.90999984741211,109.16000366210938,78.08999633789062,117.05999755859375,16.5,62.261451721191406,27.760000228881836,35.689998626708984,4.9629998207092285,26.45161247253418,79.41000366210938,59.11000061035156,12.600000381469727,58.10333251953125,43.52000045776367,187.72000122070312,28.59000015258789,32.459999084472656,25.110000610351562,11.574999809265137,17.489999771118164,73.54000091552734,30.110000610351562,67.37999725341797,40.619998931884766,188.88999938964844,225.3300018310547,19.288000106811523,19.260000228881836,47.189998626708984,37.54999923706055,26.75,58.2599983215332,6.019999980926514,34.599998474121094,136.02999877929688,46.02000045776367,117.0,82.68000030517578,120.94999694824219,18.709999084472656,67.05152893066406,29.149999618530273,36.9900016784668,5.142749786376953,27.286527633666992,86.3499984741211,61.54999923706055,14.170000076293945,59.53666687011719,45.119998931884766,202.0399932861328,31.760000228881836,37.310001373291016,26.260000228881836,12.5649995803833,18.440000534057617,78.19999694824219,32.529998779296875,19219000,101704700,4396600,1731500,46921000,181898500,21237000,33013300,16239400,23764000,13426500,8642100,5472600,46698500,20815200,32536600,7299300,12971100,18375003,26401000,45286000,643876000,52853041,3848300,14920300,24393500,2787600,10508600,10654500,13417600,6535300,47064100,96520400,144547900,33633000,56952500
2020-03-24,52.47289276123047,46.220001220703125,166.98291015625,245.6633758544922,18.576129913330078,18.16388511657715,38.73444747924805,32.58365249633789,24.484724044799805,50.556907653808594,5.413628578186035,29.921049118041992,133.3018341064453,46.449249267578125,100.76881408691406,74.70430755615234,114.53140258789062,14.531722068786621,54.53250503540039,27.37535858154297,42.20067596435547,6.20517110824585,20.734352111816406,71.71604919433594,57.396331787109375,12.830883026123047,64.05792236328125,44.065494537353516,198.63681030273438,23.84324073791504,27.147891998291016,24.778564453125,10.78050422668457,17.8045654296875,72.99172973632812,26.84600257873535,67.48999786376953,46.220001220703125,202.33999633789062,260.2099914550781,21.275999069213867,21.030000686645508,49.2400016784668,40.65999984741211,30.739999771118164,66.55000305175781,7.409999847412109,39.79999923706055,153.60000610351562,52.400001525878906,119.18000030517578,88.43000030517578,122.88999938964844,17.5,65.88740539550781,33.220001220703125,43.27000045776367,6.229499816894531,28.178367614746094,90.18000030517578,65.45999908447266,14.649999618530273,67.586669921875,48.869998931884766,219.8000030517578,31.200000762939453,34.650001525878906,28.920000076293945,13.675000190734863,19.850000381469727,80.37000274658203,35.439998626708984,71.81999969482422,46.810001373291016,202.85000610351562,260.5299987792969,21.871000289916992,21.149999618530273,49.5,40.91999816894531,30.8700008392334,67.6500015258789,7.630000114440918,40.0,153.89999389648438,54.63999938964844,119.6500015258789,90.0999984741211,124.5999984741211,18.770000457763672,66.55534362792969,33.380001068115234,44.41999816894531,6.316500186920166,28.510435104370117,90.98999786376953,67.62000274658203,14.930000305175781,67.78333282470703,48.91999816894531,220.27000427246094,31.5,37.310001373291016,29.170000076293945,13.744999885559082,19.959999084472656,80.52999877929688,36.16999816894531,67.08999633789062,43.9900016784668,190.00999450683594,250.8000030517578,20.128999710083008,19.010000228881836,47.38999938964844,37.34000015258789,26.450000762939453,60.31999969482422,6.369999885559082,35.720001220703125,143.6300048828125,51.349998474121094,113.86000061035156,82.9000015258789,117.41000366210938,16.829999923706055,64.11259460449219,29.399999618530273,41.13999938964844,5.701250076293945,27.419355392456055,84.66000366210938,62.189998626708984,13.5,64.62000274658203,47.5,199.0,29.760000228881836,33.5099983215332,26.329999923706055,12.699999809265137,18.579999923706055,77.56999969482422,33.33000183105469,68.16000366210938,44.040000915527344,191.47000122070312,254.3300018310547,20.56399917602539,19.420000076293945,48.18000030517578,37.650001525878906,26.450000762939453,61.47999954223633,6.800000190734863,36.439998626708984,144.32000732421875,53.13999938964844,118.76000213623047,84.9000015258789,123.23999786376953,17.989999771118164,65.83015441894531,30.09000015258789,41.81999969482422,5.724999904632568,27.99810218811035,86.55000305175781,66.0,13.539999961853027,64.81666564941406,48.0,202.13999938964844,30.8799991607666,35.880001068115234,26.959999084472656,12.699999809265137,18.709999084472656,78.1500015258789,34.41999816894531,18376300,106794200,5288200,1427600,62970000,147882400,16484800,34100600,16724400,29198800,14859800,10485900,6647400,50019800,17604800,34363200,6827300,14391400,19901939,25905500,45588000,1101644000,44466784,5137300,18966800,25812600,5754600,12216200,8894400,14752200,9068400,48630300,89022200,158551100,16775800,61835600
2020-03-25,52.79944610595703,44.630001068115234,159.39053344726562,247.4193878173828,18.994338989257812,18.22434425354004,38.82097244262695,33.5452995300293,24.64402961730957,52.62323760986328,5.230983257293701,29.83834457397461,134.6296844482422,45.43870162963867,100.95482635498047,77.4920654296875,113.64601135253906,17.529407501220703,53.877010345458984,28.0098876953125,41.4496955871582,6.116518020629883,20.769262313842773,73.20318603515625,55.30951690673828,12.787090301513672,63.22287368774414,44.18272018432617,211.9123992919922,24.4775333404541,31.049667358398438,24.821399688720703,11.288981437683105,18.288923263549805,73.96350860595703,28.24738883972168,67.91000366210938,44.630001068115234,193.13999938964844,262.07000732421875,21.7549991607666,21.100000381469727,49.349998474121094,41.86000061035156,30.940000534057617,69.2699966430664,7.159999847412109,39.689998626708984,155.1300048828125,51.2599983215332,119.4000015258789,91.7300033569336,121.94000244140625,21.110000610351562,65.09542083740234,33.9900016784668,42.5,6.140500068664551,28.225805282592773,92.05000305175781,63.08000183105469,14.600000381469727,66.47666931152344,49.0,234.49000549316406,32.029998779296875,39.630001068115234,28.969999313354492,14.319999694824219,20.389999389648438,81.44000244140625,37.290000915527344,70.68000030517578,47.880001068115234,201.36000061035156,272.3399963378906,24.399999618530273,22.100000381469727,51.95000076293945,44.70000076293945,32.560001373291016,73.13999938964844,7.789999961853027,41.56999969482422,162.2100067138672,53.790000915527344,123.95999908447266,95.1500015258789,126.13999938964844,22.329999923706055,67.15648651123047,35.47999954223633,44.880001068115234,6.545499801635742,29.14611053466797,97.16999816894531,66.95999908447266,15.869999885559082,70.16999816894531,50.04999923706055,247.50999450683594,33.7400016784668,42.4900016784668,30.299999237060547,15.0,21.229999542236328,84.08999633789062,38.59000015258789,65.55000305175781,44.43000030517578,190.00999450683594,251.9499969482422,20.922000885009766,20.40999984741211,48.16999816894531,39.43000030517578,29.489999771118164,66.63999938964844,6.639999866485596,36.70000076293945,145.32000732421875,49.90999984741211,116.69999694824219,84.54000091552734,119.20999908447266,16.56999969482422,63.6927490234375,32.25,40.029998779296875,6.0914998054504395,27.514230728149414,86.9000015258789,62.459999084472656,13.579999923706055,65.51667022705078,48.04999923706055,216.0,29.989999771118164,33.849998474121094,27.770000457763672,13.369999885559082,19.389999389648438,78.87000274658203,35.18000030517578,67.91999816894531,46.790000915527344,197.77000427246094,260.6700134277344,21.2189998626709,21.709999084472656,49.029998779296875,42.310001373291016,31.229999542236328,68.29000091552734,7.380000114440918,39.09000015258789,154.60000610351562,52.47999954223633,118.91000366210938,89.23999786376953,120.12000274658203,18.25,65.27671813964844,33.900001525878906,43.90999984741211,6.34499979019165,27.988615036010742,91.5199966430664,65.9000015258789,14.989999771118164,67.95333099365234,49.29999923706055,219.08999633789062,31.399999618530273,36.47999954223633,29.0,13.975000381469727,20.139999389648438,79.83999633789062,36.5099983215332,20017300,93760400,5301000,1211300,64442000,146991300,20921300,38211100,14295900,22560100,12033100,9492500,8587800,41106100,13986100,38111700,6472100,18300300,18311494,27198500,54091000,793432000,44601275,3793100,15969800,24201200,2496000,9796600,10014000,17018600,8933300,53341100,104869800,162949600,16851800,56607700
2020-03-26,57.402191162109375,47.5,163.80569458007812,260.47637939453125,21.231231689453125,19.62355613708496,41.10224914550781,36.87900161743164,25.560012817382812,58.02458190917969,5.377100467681885,29.718050003051758,143.88092041015625,49.23264694213867,107.01720428466797,82.8902359008789,125.2119369506836,19.215089797973633,58.07060623168945,29.427268981933594,43.68311309814453,6.4058837890625,22.165508270263672,81.84759521484375,60.48272705078125,13.592850685119629,67.47409057617188,44.96718978881836,230.80003356933594,27.648996353149414,35.72710418701172,26.475019454956055,11.978775024414062,19.437023162841797,78.8768310546875,29.406375885009766,73.83000183105469,47.5,198.49000549316406,275.8999938964844,24.316999435424805,22.719999313354492,52.25,46.02000045776367,32.09000015258789,76.37999725341797,7.360000133514404,39.529998779296875,165.7899932861328,55.540000915527344,126.56999969482422,98.12000274658203,134.35000610351562,23.139999389648438,70.16221618652344,35.709999084472656,44.790000915527344,6.431000232696533,30.123340606689453,102.91999816894531,68.9800033569336,15.520000457763672,70.94667053222656,49.869998931884766,255.38999938964844,36.18000030517578,45.599998474121094,30.899999618530273,15.194999694824219,21.670000076293945,86.8499984741211,38.81999969482422,74.30999755859375,47.5,199.72000122070312,277.1400146484375,24.479999542236328,22.950000762939453,53.31999969482422,46.290000915527344,32.459999084472656,77.0999984741211,7.599999904632568,40.20000076293945,167.66000366210938,55.95000076293945,127.0999984741211,98.56999969482422,135.74000549316406,24.860000610351562,70.78244018554688,36.849998474121094,45.75,6.555500030517578,30.351043701171875,103.7300033569336,69.66000366210938,15.640000343322754,71.23666381835938,50.459999084472656,257.9599914550781,36.720001220703125,47.13999938964844,31.389999389648438,15.5,21.81999969482422,87.30999755859375,39.560001373291016,68.76000213623047,45.400001525878906,190.5,261.6099853515625,22.60300064086914,21.170000076293945,50.310001373291016,43.0,30.399999618530273,67.88999938964844,6.75,36.119998931884766,154.30999755859375,51.65999984741211,120.37999725341797,93.54000091552734,121.94000244140625,22.079999923706055,64.98091888427734,33.33000183105469,43.33000183105469,6.25,28.349145889282227,92.05000305175781,63.25,14.380000114440918,67.60333251953125,48.91999816894531,232.3000030517578,32.22999954223633,40.13999938964844,29.079999923706055,14.28499984741211,20.6299991607666,82.01000213623047,36.720001220703125,68.81999969482422,45.779998779296875,193.1199951171875,262.8900146484375,22.60300064086914,21.309999465942383,50.459999084472656,43.68000030517578,31.1200008392334,70.30000305175781,7.309999942779541,36.119998931884766,156.3699951171875,51.7400016784668,120.56999969482422,94.08000183105469,123.29000091552734,22.25,65.01908111572266,33.79999923706055,44.900001525878906,6.348499774932861,28.35863494873047,92.58000183105469,64.0,14.510000228881836,68.22000122070312,49.099998474121094,234.02999877929688,32.380001068115234,40.939998626708984,29.329999923706055,14.46500015258789,20.65999984741211,82.16999816894531,37.5,15979400,73680200,5162200,1018600,60213000,116111400,21600200,31528600,13576900,24129100,13399600,9263100,6762200,41459800,15066800,29826300,6723600,18506600,18052848,26422500,62450700,696108000,43269967,3735700,15820300,22180200,3301800,10577500,7517600,16014300,10055900,45494700,93836200,129753900,18822500,46722000
2020-03-27,56.500308990478516,46.58000183105469,163.62413024902344,238.49771118164062,20.141603469848633,18.65620231628418,41.52702713012695,35.09994888305664,23.297929763793945,52.2509880065918,4.595374584197998,27.064258575439453,137.41542053222656,46.422645568847656,104.13399505615234,76.9852066040039,124.98823547363281,19.223388671875,56.649044036865234,28.0263671875,42.40547561645508,6.29357385635376,21.572101593017578,79.62882995605469,58.38712692260742,12.051393508911133,64.12638854980469,42.298187255859375,219.10597229003906,27.335670471191406,35.28834533691406,25.943809509277344,11.166790008544922,18.84503173828125,77.18761444091797,27.98984146118164,72.66999816894531,46.58000183105469,198.27000427246094,252.6199951171875,23.069000244140625,21.600000381469727,52.790000915527344,43.79999923706055,29.25,68.77999877929688,6.289999961853027,36.0,158.33999633789062,52.369998931884766,123.16000366210938,91.12999725341797,134.11000061035156,23.149999618530273,68.44465637207031,34.0099983215332,43.47999954223633,6.3182501792907715,29.3168888092041,100.12999725341797,66.58999633789062,13.760000228881836,67.42666625976562,46.90999984741211,242.4499969482422,35.77000045776367,45.040000915527344,30.280000686645508,14.164999961853027,21.010000228881836,84.98999786376953,36.95000076293945,75.05999755859375,47.97999954223633,205.8699951171875,263.7099914550781,24.208999633789062,22.200000762939453,53.779998779296875,45.5,30.270000457763672,73.54000091552734,6.960000038146973,38.38999938964844,163.72999572753906,54.63999938964844,127.62000274658203,94.83999633789062,137.61000061035156,23.93000030517578,70.0667953491211,34.72999954223633,45.279998779296875,6.578000068664551,30.11385154724121,103.29000091552734,69.12000274658203,14.699999809265137,69.71333312988281,48.09000015258789,251.60000610351562,37.189998626708984,47.470001220703125,31.290000915527344,14.604999542236328,21.670000076293945,87.2300033569336,37.68000030517578,70.70999908447266,45.900001525878906,194.00999450683594,251.80999755859375,23.0,21.100000381469727,50.869998931884766,43.0,28.799999237060547,68.5,6.210000038146973,34.880001068115234,157.0,52.06999969482422,120.58000183105469,90.55000305175781,130.1999969482422,20.600000381469727,67.98664093017578,33.119998931884766,42.310001373291016,6.2170000076293945,29.089183807373047,96.9800033569336,65.93000030517578,13.739999771118164,67.19667053222656,46.5099983215332,238.24000549316406,34.16999816894531,42.02000045776367,29.079999923706055,14.079999923706055,20.549999237060547,84.27999877929688,36.20000076293945,71.62999725341797,46.31999969482422,194.4199981689453,262.2099914550781,23.299999237060547,21.68000030517578,51.11000061035156,44.130001068115234,30.1200008392334,72.12000274658203,6.940000057220459,37.83000183105469,159.0800018310547,53.41999816894531,121.6500015258789,93.19000244140625,130.64999389648438,22.049999237060547,68.5114517211914,33.63999938964844,43.25,6.25,29.22201156616211,97.4800033569336,66.5,14.539999961853027,68.7066650390625,47.22999954223633,242.94000244140625,34.459999084472656,42.709999084472656,30.020000457763672,14.5600004196167,20.790000915527344,84.33999633789062,37.130001068115234,12293300,74599200,4119600,1518300,39448000,91522800,14498400,25484500,10647200,20411500,13563100,10078900,4186700,31633500,12133200,30041500,4717400,11426300,12467218,33375400,39791500,638828000,38290344,2535500,9739100,21794500,2500800,12158500,4879500,11470300,8028700,38942800,73056800,109305600,13043200,51558600
2020-03-30,58.498451232910156,47.86000061035156,172.05001831054688,253.0463104248047,20.96406364440918,19.036237716674805,42.78566360473633,35.324337005615234,23.32978630065918,54.659183502197266,4.639210224151611,26.297433853149414,138.5262908935547,49.188323974609375,112.46234893798828,78.98734283447266,129.0237274169922,20.2032413482666,60.77156066894531,28.710330963134766,43.41978073120117,6.613818168640137,22.807785034179688,80.2968521118164,60.52656936645508,11.630997657775879,66.35820770263672,43.118736267089844,227.08575439453125,27.73777198791504,36.97284698486328,25.63536262512207,11.281098365783691,19.203811645507812,80.80223846435547,28.406463623046875,75.23999786376953,47.86000061035156,208.47999572753906,268.0299987792969,24.01099967956543,22.040000915527344,54.38999938964844,44.08000183105469,29.290000915527344,71.94999694824219,6.349999904632568,34.97999954223633,159.6199951171875,55.4900016784668,133.00999450683594,93.5,138.44000244140625,24.329999923706055,73.42557525634766,34.84000015258789,44.52000045776367,6.639750003814697,30.996204376220703,100.97000122070312,69.02999877929688,13.279999732971191,69.77333068847656,47.81999969482422,251.27999877929688,35.869998931884766,47.189998626708984,29.920000076293945,14.3100004196167,21.40999984741211,88.97000122070312,37.5,76.23999786376953,48.459999084472656,209.4499969482422,270.1300048828125,24.13599967956543,22.350000381469727,55.08000183105469,44.2599983215332,30.139999389648438,72.93000030517578,6.519999980926514,35.470001220703125,160.42999267578125,56.099998474121094,133.99000549316406,94.08999633789062,141.77000427246094,24.700000762939453,74.03626251220703,35.34000015258789,45.56999969482422,6.64900016784668,31.166982650756836,101.68000030517578,69.5,13.6899995803833,69.9800033569336,48.15999984741211,254.08999633789062,36.099998474121094,47.47999954223633,30.479999542236328,14.4350004196167,21.530000686645508,89.13999938964844,38.150001525878906,73.47000122070312,46.65999984741211,200.0500030517578,260.69000244140625,22.8439998626709,21.270000457763672,53.20000076293945,41.56999969482422,27.520000457763672,67.0199966430664,5.460000038146973,33.52000045776367,153.17999267578125,52.83000183105469,127.5,89.30000305175781,133.50999450683594,21.5,69.54198455810547,32.970001220703125,43.150001525878906,6.339749813079834,29.459203720092773,97.81999969482422,66.05999755859375,12.949999809265137,67.63333129882812,46.77000045776367,242.63999938964844,34.0099983215332,41.0,28.889999389648438,13.545000076293945,20.600000381469727,86.51000213623047,35.86000061035156,73.5199966430664,47.2400016784668,200.0500030517578,263.57000732421875,23.219999313354492,21.649999618530273,53.20000076293945,44.04999923706055,28.510000228881836,68.01000213623047,6.159999847412109,35.0099983215332,158.52000427246094,52.9900016784668,128.4600067138672,90.6500015258789,133.8699951171875,22.829999923706055,70.24809265136719,33.529998779296875,44.16999816894531,6.383999824523926,29.459203720092773,99.2699966430664,67.19000244140625,13.350000381469727,68.13333129882812,47.18000030517578,242.63999938964844,35.0,42.790000915527344,30.360000610351562,13.975000381469727,21.040000915527344,86.5199966430664,36.22999954223633,10671600,68486600,3219000,1142400,52343000,80449100,18013500,27459000,11089600,18486800,19194700,9148200,4152800,31628600,21754000,21656900,5057400,10263000,15803316,18046400,33763900,602252000,29943508,2707400,9880800,25981500,3341400,8428300,5329000,9825600,7691900,41232800,84254800,67297200,13766700,45835000
2020-03-31,59.23707962036133,45.47999954223633,167.30474853515625,247.01353454589844,20.701261520385742,18.336626052856445,43.84764099121094,33.75364685058594,24.532514572143555,55.046630859375,5.048338413238525,27.004104614257812,134.16099548339844,47.973907470703125,110.87276458740234,76.05593872070312,129.28468322753906,19.613672256469727,60.763668060302734,28.018129348754883,41.02058410644531,6.564261436462402,22.786840438842773,76.12176513671875,59.316558837890625,11.814922332763672,65.05526733398438,43.091678619384766,225.3686981201172,26.63971519470215,35.539058685302734,24.590065002441406,11.454533576965332,18.674612045288086,80.4480209350586,28.762496948242188,76.19000244140625,45.47999954223633,202.72999572753906,261.6400146484375,23.709999084472656,21.229999542236328,55.7400016784668,42.119998931884766,30.799999237060547,72.45999908447266,6.909999847412109,35.91999816894531,154.58999633789062,54.119998931884766,131.1300048828125,90.02999877929688,138.72000122070312,23.6200008392334,73.41603088378906,34.0,42.060001373291016,6.590000152587891,30.967742919921875,95.72000122070312,67.6500015258789,13.489999771118164,68.40333557128906,47.790000915527344,249.3800048828125,34.45000076293945,45.36000061035156,28.700000762939453,14.529999732971191,20.81999969482422,88.58000183105469,37.970001220703125,77.91999816894531,48.529998779296875,207.25,268.5899963378906,25.270999908447266,22.489999771118164,56.2400016784668,44.22999954223633,31.920000076293945,75.04000091552734,7.449999809265137,38.61000061035156,161.10000610351562,55.79999923706055,135.7100067138672,94.16999816894531,142.02000427246094,25.639999389648438,74.0457992553711,35.290000915527344,45.16999816894531,6.885000228881836,31.309297561645508,100.54000091552734,70.36000061035156,13.890000343322754,70.95999908447266,49.029998779296875,254.52999877929688,36.369998931884766,49.279998779296875,29.75,15.0,21.450000762939453,89.52999877929688,39.45000076293945,74.44000244140625,45.15999984741211,200.6999969482422,259.0,23.606000900268555,20.959999084472656,54.2400016784668,41.650001525878906,29.709999084472656,70.80999755859375,6.679999828338623,35.18000030517578,153.72000122070312,53.220001220703125,130.0500030517578,89.33999633789062,134.52000427246094,22.690000534057617,72.06106567382812,33.720001220703125,41.90999984741211,6.443749904632568,30.58823585510254,94.23999786376953,66.66000366210938,13.300000190734863,67.8066635131836,47.65999984741211,243.0,33.91999816894531,43.83000183105469,28.15999984741211,14.239999771118164,20.639999389648438,87.63999938964844,37.369998931884766,75.4000015258789,47.93000030517578,203.49000549316406,268.1199951171875,23.799999237060547,21.81999969482422,54.29999923706055,43.630001068115234,30.030000686645508,73.2699966430664,6.679999828338623,36.900001525878906,158.1300048828125,55.060001373291016,134.99000549316406,92.05000305175781,136.9600067138672,25.530000686645508,72.75763702392578,34.529998779296875,44.400001525878906,6.679999828338623,30.74003791809082,98.7300033569336,69.30000305175781,13.880000114440918,69.78333282470703,47.79999923706055,243.47999572753906,35.439998626708984,48.97999954223633,29.40999984741211,14.710000038146973,21.209999084472656,89.05000305175781,38.34000015258789,20474400,83483700,2929000,881800,50191000,95213700,28455600,26219100,13481100,18514200,14607600,7816000,3588200,48074700,15746100,23379300,7560100,11631300,15079672,17122600,36723700,949960000,29466151,3563600,13213900,25754200,4342200,9595700,5450000,11034500,7423500,36920300,68701200,83819900,13584900,41491600
2020-04-01,57.083431243896484,43.65999984741211,163.24447631835938,235.08950805664062,19.525192260742188,17.075605392456055,43.123924255371094,30.860713958740234,23.592632293701172,52.0838623046875,4.960666179656982,26.011749267578125,126.08999633789062,45.98829650878906,108.91116333007812,71.26600646972656,127.14114379882812,17.330120086669922,58.2838249206543,26.056859970092773,38.90420150756836,6.053017616271973,22.165508270263672,69.4654769897461,57.782135009765625,11.026674270629883,61.495140075683594,41.93751525878906,214.4698944091797,24.69103240966797,32.123050689697266,22.765085220336914,10.886931419372559,17.535472869873047,77.38741302490234,28.429197311401367,73.41999816894531,43.65999984741211,197.80999755859375,249.00999450683594,22.363000869750977,19.770000457763672,54.81999969482422,38.5099983215332,29.6200008392334,68.55999755859375,6.789999961853027,34.599998474121094,145.2899932861328,51.880001068115234,128.80999755859375,84.36000061035156,136.4199981689453,20.8700008392334,70.41984558105469,31.6200008392334,39.88999938964844,6.076749801635742,30.123340606689453,87.3499984741211,65.9000015258789,12.59000015258789,64.66000366210938,46.5099983215332,237.32000732421875,31.93000030517578,41.0,26.56999969482422,13.8100004196167,19.549999237060547,85.20999908447266,37.529998779296875,73.98999786376953,46.849998474121094,201.3800048828125,257.67999267578125,23.44099998474121,20.350000381469727,55.70000076293945,40.25,30.530000686645508,72.29000091552734,6.940000057220459,35.470001220703125,149.57000732421875,54.689998626708984,130.22999572753906,86.55999755859375,137.19000244140625,22.690000534057617,72.01335906982422,32.40999984741211,42.29999923706055,6.538249969482422,30.62618637084961,90.76000213623047,68.69999694824219,13.1899995803833,67.73666381835938,47.560001373291016,246.61000061035156,33.0,43.91999816894531,27.3700008392334,14.239999771118164,19.940000534057617,86.38999938964844,38.70000076293945,71.43000030517578,43.15999984741211,194.99000549316406,247.3800048828125,21.968000411987305,19.510000228881836,53.52000045776367,38.0,28.829999923706055,67.61000061035156,6.21999979019165,33.54999923706055,145.0,51.43000030517578,125.5,83.25,132.97999572753906,20.649999618530273,69.6469497680664,31.15999984741211,39.33000183105469,6.0320000648498535,29.91461181640625,86.5199966430664,65.0,12.170000076293945,63.973331451416016,46.29999923706055,235.44000244140625,31.260000228881836,40.5,26.200000762939453,13.614999771118164,19.3700008392334,84.38999938964844,36.34000015258789,72.12000274658203,44.18000030517578,197.55999755859375,253.1300048828125,22.798999786376953,19.93000030517578,53.619998931884766,39.13999938964844,29.31999969482422,69.51000213623047,6.570000171661377,34.56999969482422,146.10000610351562,52.5,127.69999694824219,85.0999984741211,134.0,21.93000030517578,71.2404556274414,31.68000030517578,40.54999923706055,6.391250133514404,30.284629821777344,90.0,65.0,13.09000015258789,66.15333557128906,46.83000183105469,238.69000244140625,32.529998779296875,42.08000183105469,27.020000457763672,14.0600004196167,19.719999313354492,85.62000274658203,36.86000061035156,12948000,92083100,2747900,715700,41858000,83961300,13441300,29219500,11101400,14362000,16931500,6250300,4689100,29586600,12606100,28029600,3297900,9305100,11665288,23755100,37452800,656912000,26709625,4024600,14167900,25393800,2938800,8755200,4548800,11203900,5354600,48497400,47653000,79185000,15255200,36045900
2020-04-02,58.41294860839844,44.4900016784668,172.380126953125,233.4562530517578,20.69776725769043,17.766578674316406,43.7901725769043,31.437692642211914,26.96983528137207,57.82707214355469,5.691250801086426,28.793363571166992,130.11685180664062,48.177791595458984,112.5807113647461,73.92708587646484,132.50930786132812,17.620750427246094,60.70835876464844,27.93572425842285,40.07455062866211,6.361807346343994,22.947418212890625,72.1534423828125,59.6409797668457,12.156494140625,63.3275032043457,43.39826202392578,217.28948974609375,25.26325798034668,32.51478576660156,23.32201385498047,11.884175300598145,17.9749813079834,79.53076171875,30.603235244750977,75.12999725341797,44.4900016784668,208.8800048828125,247.27999877929688,23.70599937438965,20.56999969482422,55.209999084472656,39.22999954223633,33.86000061035156,76.12000274658203,7.789999961853027,38.29999923706055,149.92999267578125,54.349998474121094,133.14999389648438,87.51000213623047,142.17999267578125,21.219999313354492,73.34923553466797,33.900001525878906,41.09000015258789,6.386750221252441,31.185958862304688,90.7300033569336,68.0199966430664,13.880000114440918,66.586669921875,48.130001068115234,240.44000244140625,32.66999816894531,41.5,27.219999313354492,15.074999809265137,20.040000915527344,87.56999969482422,40.400001525878906,75.5,45.279998779296875,209.52999877929688,251.9600067138672,23.795000076293945,20.790000915527344,55.31999969482422,39.65999984741211,35.41999816894531,78.69999694824219,9.039999961853027,43.45000076293945,150.4499969482422,54.560001373291016,134.0,87.91000366210938,142.8000030517578,24.799999237060547,73.58778381347656,34.0,41.59000015258789,6.400000095367432,31.309297561645508,91.97000122070312,68.26000213623047,14.989999771118164,66.74333190917969,48.220001220703125,242.0,33.08000183105469,46.0,27.530000686645508,15.880000114440918,20.200000762939453,87.7699966430664,41.959999084472656,71.45999908447266,43.099998474121094,194.2100067138672,242.25,22.145000457763672,19.59000015258789,53.58000183105469,37.29999923706055,30.709999084472656,69.58000183105469,7.070000171661377,36.290000915527344,141.6699981689453,51.220001220703125,127.22000122070312,82.95999908447266,133.02999877929688,20.940000534057617,70.63931274414062,31.25,39.52000045776367,6.057750225067139,30.123340606689453,85.86000061035156,65.30999755859375,12.949999809265137,63.96666717529297,46.61000061035156,226.02999877929688,31.450000762939453,40.5,26.3799991607666,14.130000114440918,19.360000610351562,83.93000030517578,37.900001525878906,72.77999877929688,43.400001525878906,194.41000366210938,243.8699951171875,22.239999771118164,19.649999618530273,54.84000015258789,38.36000061035156,31.25,71.75,7.289999961853027,36.630001068115234,143.02000427246094,51.290000915527344,129.1199951171875,83.51000213623047,135.35000610351562,22.190000534057617,72.5,31.34000015258789,39.790000915527344,6.105999946594238,30.265655517578125,87.33000183105469,65.87000274658203,13.100000381469727,64.10333251953125,46.91999816894531,235.3000030517578,31.600000381469727,42.810001373291016,26.469999313354492,14.505000114440918,19.43000030517578,84.77999877929688,38.7400016784668,8077800,79024100,3867300,788600,45049000,70007400,12929400,29532100,14693200,23220600,24076400,12694000,4446900,27810000,11594500,24018000,4725000,11990400,12843345,21656000,31457700,675764000,27186876,3063500,15432900,33976500,3537900,6174700,4636800,8497600,8098300,33113500,146256200,68398300,13588000,62000200
2020-04-03,57.044559478759766,42.59000015258789,169.51646423339844,230.9355010986328,20.45330047607422,17.300167083740234,44.04397964477539,30.043312072753906,26.213150024414062,57.05979537963867,6.122296333312988,29.988697052001953,127.51324462890625,47.9827766418457,113.44312286376953,71.74195861816406,130.1607666015625,16.657503128051758,60.2187385559082,27.894519805908203,40.20134353637695,6.073935031890869,23.484968185424805,67.74774932861328,57.194671630859375,12.515583038330078,62.12917709350586,42.4334602355957,207.39376831054688,24.118803024291992,31.605937957763672,22.473783493041992,11.758044242858887,17.61620330810547,78.81327056884766,29.70179557800293,73.37000274658203,42.59000015258789,205.41000366210938,244.61000061035156,23.426000595092773,20.030000686645508,55.529998779296875,37.4900016784668,32.90999984741211,75.11000061035156,8.380000114440918,39.88999938964844,146.92999267578125,54.130001068115234,134.1699981689453,84.05000305175781,139.66000366210938,20.059999465942383,72.75763702392578,33.849998474121094,41.220001220703125,6.097750186920166,31.9165096282959,85.19000244140625,65.2300033569336,14.289999961853027,65.32666778564453,47.060001373291016,229.49000549316406,31.190000534057617,40.34000015258789,26.229999542236328,14.914999961853027,19.639999389648438,86.77999877929688,39.209999084472656,75.44000244140625,44.84000015258789,209.75,248.0,24.2549991607666,20.739999771118164,56.470001220703125,39.459999084472656,34.97999954223633,78.98999786376953,8.569999694824219,41.290000915527344,150.9199981689453,55.130001068115234,134.7899932861328,87.4800033569336,144.60000610351562,22.510000228881836,73.89312744140625,34.29999923706055,41.86000061035156,6.390749931335449,32.15370178222656,91.12000274658203,68.69000244140625,14.600000381469727,67.32666778564453,48.150001525878906,239.33999633789062,32.880001068115234,42.0,27.360000610351562,15.654999732971191,20.139999389648438,88.12000274658203,42.18000030517578,72.55000305175781,41.70000076293945,203.02999877929688,242.47999572753906,23.05500030517578,19.68000030517578,54.900001525878906,36.66999816894531,31.610000610351562,73.02999877929688,7.559999942779541,38.43000030517578,145.22999572753906,52.72999954223633,131.5800018310547,82.7699966430664,138.4600067138672,18.270000457763672,71.87023162841797,32.86000061035156,40.54999923706055,5.959750175476074,30.958253860473633,84.0199966430664,64.55000305175781,13.779999732971191,64.46666717529297,46.779998779296875,227.27000427246094,30.780000686645508,39.66999816894531,25.90999984741211,14.489999771118164,19.360000610351562,85.80000305175781,38.52000045776367,74.6500015258789,44.29999923706055,207.42999267578125,246.05999755859375,23.663999557495117,20.399999618530273,54.9900016784668,39.0,34.61000061035156,78.0,8.300000190734863,40.0,149.1999969482422,53.849998474121094,132.3800048828125,86.0,140.9199981689453,22.399999618530273,72.78626251220703,33.560001373291016,40.970001220703125,6.348999977111816,30.958253860473633,89.38999938964844,67.68000030517578,14.479999542236328,66.48332977294922,47.790000915527344,238.32000732421875,32.41999816894531,41.7400016784668,27.0,15.550000190734863,19.850000381469727,87.29000091552734,41.45000076293945,8062700,79335000,2281400,571700,28960000,68293500,14654200,25327100,11505000,14905400,17941900,13593900,2801600,23906100,10071200,21199400,4013200,14114500,10039211,16926500,28522400,663212000,32837370,3118600,8600700,24822900,3110400,5486200,4650300,7148800,5313400,32735800,127668600,68418100,12934200,48425700
2020-04-06,58.87942886352539,47.52000045776367,174.60830688476562,255.97299194335938,22.04060173034668,18.47481918334961,45.89997482299805,32.9522819519043,26.125532150268555,61.07093811035156,6.429141044616699,29.64287757873535,137.3199462890625,51.79444885253906,118.16958618164062,76.3597183227539,131.97813415527344,19.173568725585938,63.425140380859375,30.498554229736328,45.224063873291016,6.683794021606445,24.13422203063965,75.79571533203125,62.21004104614258,13.724227905273438,68.46635437011719,45.0573616027832,224.42884826660156,26.577844619750977,36.11884689331055,24.530088424682617,12.380826950073242,18.880905151367188,82.9455795288086,30.656265258789062,75.7300033569336,47.52000045776367,211.5800018310547,271.1300048828125,25.243999481201172,21.389999389648438,57.869998931884766,41.119998931884766,32.79999923706055,80.38999938964844,8.800000190734863,39.43000030517578,158.22999572753906,58.43000030517578,139.75999450683594,89.45999908447266,141.61000061035156,23.09000015258789,76.63167572021484,37.0099983215332,46.369998931884766,6.710000038146973,32.79886245727539,95.30999755859375,70.94999694824219,15.670000076293945,71.98999786376953,49.970001220703125,248.33999633789062,34.369998931884766,46.099998474121094,28.6299991607666,15.704999923706055,21.049999237060547,91.33000183105469,40.470001220703125,77.26000213623047,47.58000183105469,212.7100067138672,272.7799987792969,25.340999603271484,21.600000381469727,58.06999969482422,41.34000015258789,33.79999923706055,80.94999694824219,8.890000343322754,40.939998626708984,158.92999267578125,58.77000045776367,140.97000122070312,90.98999786376953,143.5,23.530000686645508,77.1469497680664,37.5,46.689998626708984,6.747000217437744,33.11195373535156,96.1500015258789,71.37000274658203,15.819999694824219,72.31666564941406,50.099998474121094,249.2899932861328,34.709999084472656,46.529998779296875,28.829999923706055,15.8100004196167,21.219999313354492,91.8499984741211,40.83000183105469,74.02999877929688,44.060001373291016,206.85000610351562,259.4200134277344,24.356000900268555,20.809999465942383,56.58000183105469,39.5099983215332,31.790000915527344,75.51000213623047,8.199999809265137,37.65999984741211,153.77000427246094,56.119998931884766,135.5399932861328,87.69999694824219,140.3000030517578,21.06999969482422,74.33206176757812,35.75,43.34000015258789,6.323249816894531,32.04933547973633,89.55999755859375,67.6500015258789,14.529999732971191,68.163330078125,48.5099983215332,235.1199951171875,33.0,42.849998474121094,27.399999618530273,15.045000076293945,20.469999313354492,89.13999938964844,39.22999954223633,75.73999786376953,44.29999923706055,212.0,260.0,24.45800018310547,21.030000686645508,57.06999969482422,39.79999923706055,33.47999954223633,77.0,8.460000038146973,40.68000030517578,155.47000122070312,56.630001068115234,137.00999450683594,88.98999786376953,142.27000427246094,21.15999984741211,74.74236297607422,35.93000030517578,43.349998474121094,6.38100004196167,32.18216323852539,90.16999816894531,68.5,14.960000038146973,68.163330078125,48.630001068115234,240.0,33.16999816894531,42.849998474121094,27.40999984741211,15.25,20.6200008392334,89.54000091552734,39.880001068115234,10266500,82294000,3702100,807600,38868000,97766200,22589700,30064700,13532900,17334900,13542100,9030700,4689400,32323400,14994400,26820800,4159900,10180000,14314108,18788700,37899100,727884000,40503217,3169700,12153100,24572200,5011800,7370300,6365900,9205000,6213000,36056100,76041400,69015100,13472900,41301900
2020-04-07,58.615081787109375,47.560001373291016,172.29757690429688,257.35137939453125,22.11307144165039,19.122608184814453,45.130615234375,33.05646514892578,26.499897003173828,61.47354507446289,6.3633904457092285,31.07126808166504,144.0805206298828,51.767852783203125,116.24182891845703,77.36695098876953,132.22970581054688,18.691944122314453,62.043060302734375,30.440874099731445,45.38985824584961,6.45045804977417,23.464025497436523,75.48555755615234,63.770790100097656,14.424886703491211,68.22223663330078,44.83193588256836,224.15774536132812,26.63971519470215,37.61530303955078,24.650043487548828,12.644922256469727,19.069278717041016,82.26444244384766,31.239540100097656,75.38999938964844,47.560001373291016,208.77999877929688,272.5899963378906,25.32699966430664,22.139999389648438,56.900001525878906,41.25,33.27000045776367,80.91999816894531,8.710000038146973,41.33000183105469,166.02000427246094,58.400001525878906,137.47999572753906,90.63999938964844,141.8800048828125,22.510000228881836,74.96183013916016,36.939998626708984,46.540000915527344,6.475749969482422,31.888046264648438,94.91999816894531,72.7300033569336,16.469999313354492,71.73332977294922,49.720001220703125,248.0399932861328,34.45000076293945,48.0099983215332,28.770000457763672,16.040000915527344,21.260000228881836,90.58000183105469,41.2400016784668,78.58000183105469,49.650001525878906,215.17999267578125,281.2799987792969,26.549999237060547,22.8799991607666,58.59000015258789,45.59000015258789,35.939998626708984,85.69000244140625,10.079999923706055,42.939998626708984,169.13999938964844,61.4900016784668,142.02999877929688,94.5,144.8000030517578,26.0,78.21565246582031,39.65999984741211,48.369998931884766,6.956250190734863,33.36812210083008,103.33000183105469,74.9000015258789,17.700000762939453,74.7933349609375,51.31999969482422,266.7099914550781,36.88999938964844,50.09000015258789,30.780000686645508,16.934999465942383,22.219999313354492,93.81999969482422,43.31999969482422,75.25,46.68000030517578,207.3300018310547,271.0,25.253000259399414,21.850000381469727,56.68000030517578,41.119998931884766,33.02000045776367,80.8499984741211,8.640000343322754,40.61000061035156,162.4499969482422,58.209999084472656,137.25999450683594,90.37999725341797,140.0500030517578,22.100000381469727,74.80915832519531,36.86000061035156,46.040000915527344,6.432499885559082,31.869070053100586,94.43000030517578,70.86000061035156,16.25,71.6500015258789,49.65999984741211,246.5399932861328,34.34000015258789,46.34000015258789,28.709999084472656,16.010000228881836,21.25,90.48999786376953,41.15999984741211,78.37999725341797,48.959999084472656,213.4499969482422,280.4599914550781,26.18400001525879,22.799999237060547,58.529998779296875,44.810001373291016,34.880001068115234,84.26000213623047,9.59000015258789,42.0,166.0,59.939998626708984,139.86000061035156,94.44999694824219,143.1300048828125,25.389999389648438,77.93893432617188,39.65999984741211,48.09000015258789,6.932499885559082,33.20683288574219,101.3499984741211,73.66000366210938,16.93000030517578,74.50666809082031,51.290000915527344,259.80999755859375,36.720001220703125,49.45000076293945,30.75,16.479999542236328,22.200000762939453,93.6500015258789,42.900001525878906,11591700,102098700,2447500,768200,45892000,94560300,19224400,35220700,11704200,16394800,14770900,7531800,4953500,41410000,11567100,22563800,3900600,14246900,10657950,19536700,34646400,784520000,24226295,2962500,11285600,29091500,6696300,6568700,4984100,8122100,7767300,39229900,103019000,70950900,16699200,48921800
2020-04-08,61.07973098754883,48.790000915527344,180.88853454589844,263.00640869140625,22.796709060668945,20.25406837463379,46.20136642456055,35.46858215332031,28.419485092163086,65.31754302978516,6.874798774719238,34.048343658447266,153.57484436035156,52.281986236572266,121.12889099121094,80.49101257324219,136.27452087402344,20.18663215637207,64.45970916748047,32.4433479309082,47.096614837646484,6.647684574127197,24.155170440673828,79.12782287597656,64.296875,15.13431167602539,70.50477600097656,45.327877044677734,242.04226684570312,27.56765365600586,40.42802810668945,25.943809509277344,13.488442420959473,19.9034423828125,85.65198516845703,33.21662902832031,78.55999755859375,48.790000915527344,219.19000244140625,278.5799865722656,26.110000610351562,23.450000762939453,58.25,44.2599983215332,35.68000030517578,85.9800033569336,9.40999984741211,45.290000915527344,176.9600067138672,58.97999954223633,143.25999450683594,94.30000305175781,146.22000122070312,24.309999465942383,77.88167572021484,39.369998931884766,48.290000915527344,6.673749923706055,32.82732391357422,99.5,73.33000183105469,17.280000686645508,74.13333129882812,50.27000045776367,267.8299865722656,35.650001525878906,51.599998474121094,30.280000686645508,17.110000610351562,22.190000534057617,94.30999755859375,43.849998474121094,78.9800033569336,49.0,219.82000732421875,281.3399963378906,26.219999313354492,23.600000381469727,59.130001068115234,44.45000076293945,35.88999938964844,86.30000305175781,9.4399995803833,45.38999938964844,178.10000610351562,59.5099983215332,144.1300048828125,94.86000061035156,147.25,25.280000686645508,79.19847106933594,39.779998779296875,48.689998626708984,6.698750019073486,33.0170783996582,100.3499984741211,74.37999725341797,17.389999389648438,74.40666961669922,50.599998474121094,269.1600036621094,35.900001525878906,52.7599983215332,30.479999542236328,17.165000915527344,22.329999923706055,94.86000061035156,44.040000915527344,74.77999877929688,47.61000061035156,207.33999633789062,274.4100036621094,25.36400032043457,22.40999984741211,56.36000061035156,41.970001220703125,33.869998931884766,81.5199966430664,8.619999885559082,42.16999816894531,168.5500030517578,57.90999984741211,137.3000030517578,90.55000305175781,140.5,23.18000030517578,74.75190734863281,37.45000076293945,46.79999923706055,6.514999866485596,31.726755142211914,94.62000274658203,72.41999816894531,16.43000030517578,71.91999816894531,49.540000915527344,246.25999450683594,34.380001068115234,48.119998931884766,28.68000030517578,16.2450008392334,21.34000015258789,90.22000122070312,41.470001220703125,76.44000244140625,48.06999969482422,208.89999389648438,278.0299987792969,25.677000045776367,22.40999984741211,57.04999923706055,42.849998474121094,34.04999923706055,82.29000091552734,9.029999732971191,42.2599983215332,168.5500030517578,58.9900016784668,137.75,92.0999984741211,142.0500030517578,23.25,75.55343627929688,37.709999084472656,47.08000183105469,6.585249900817871,32.24857711791992,95.87000274658203,73.69999694824219,16.899999618530273,72.94000244140625,50.209999084472656,247.69000244140625,34.959999084472656,48.540000915527344,29.34000015258789,16.3799991607666,21.579999923706055,91.36000061035156,41.95000076293945,12218500,64930800,2861500,891700,27565000,81212300,15268700,32944800,8171100,12284800,11611300,7217500,5194800,26719500,10758200,22903300,4006600,18008600,11481888,15376700,27694400,542444000,25523980,2900300,10695600,16039000,3915900,6325900,6390200,7236600,6830800,42213700,83811600,80003400,32624300,33355600
2020-04-09,62.004940032958984,48.380001068115234,180.07980346679688,261.3354187011719,22.203001022338867,21.471906661987305,46.724849700927734,37.99289321899414,27.662797927856445,64.04886627197266,7.064748287200928,33.69499206542969,159.9101104736328,50.650943756103516,119.4124755859375,87.7121353149414,135.81784057617188,21.28274154663086,65.14678192138672,33.85248947143555,44.99000549316406,6.54807710647583,24.70669174194336,83.83572387695312,62.762447357177734,14.424886703491211,68.97993469238281,43.578590393066406,238.69850158691406,29.423542022705078,39.2528076171875,28.445659637451172,13.366250038146973,20.9708194732666,86.12423706054688,32.67123031616211,79.75,48.380001068115234,218.2100067138672,276.80999755859375,25.43000030517578,24.860000610351562,58.90999984741211,47.40999984741211,34.72999954223633,84.30999755859375,9.670000076293945,44.81999969482422,184.25999450683594,57.13999938964844,141.22999572753906,102.76000213623047,145.72999572753906,25.6299991607666,78.71183013916016,41.08000183105469,46.130001068115234,6.573750019073486,33.57685089111328,105.41999816894531,71.58000183105469,16.469999313354492,72.52999877929688,48.33000183105469,264.1300048828125,38.04999923706055,50.099998474121094,33.20000076293945,16.954999923706055,23.3799991607666,94.83000183105469,43.130001068115234,80.08000183105469,50.25,219.35000610351562,285.1300048828125,26.75,25.31999969482422,59.58000183105469,49.220001220703125,37.97999954223633,89.91000366210938,10.5600004196167,47.58000183105469,187.3300018310547,59.720001220703125,145.4199981689453,104.38999938964844,146.39999389648438,27.270000457763672,79.47518920898438,41.849998474121094,49.810001373291016,6.822999954223633,33.937381744384766,106.7699966430664,74.83999633789062,18.600000381469727,75.7699966430664,50.65999984741211,270.3999938964844,38.779998779296875,53.880001068115234,33.90999984741211,18.229999542236328,23.65999984741211,95.3499984741211,46.709999084472656,78.55999755859375,47.720001220703125,215.6999969482422,275.1199951171875,25.131000518798828,24.049999237060547,58.369998931884766,46.369998931884766,33.290000915527344,81.5199966430664,8.859999656677246,42.54999923706055,179.77000427246094,56.060001373291016,140.27999877929688,96.88999938964844,143.5500030517578,24.030000686645508,76.50763702392578,40.18000030517578,45.349998474121094,6.510499954223633,33.06451416015625,101.0,70.0,15.880000114440918,71.81999969482422,47.720001220703125,261.6000061035156,36.43000030517578,48.34000015258789,31.100000381469727,16.309999465942383,22.729999542236328,93.97000122070312,41.7400016784668,78.55999755859375,49.650001525878906,217.39999389648438,282.2200012207031,26.57900047302246,24.06999969482422,58.79999923706055,46.939998626708984,37.93000030517578,88.73999786376953,10.100000381469727,47.25,180.5800018310547,59.36000061035156,144.00999450683594,96.91999816894531,144.50999450683594,26.06999969482422,77.4522933959961,40.2599983215332,49.29999923706055,6.800000190734863,33.235294342041016,101.56999969482422,74.62000274658203,18.3799991607666,75.19000244140625,50.279998779296875,265.0,36.709999084472656,53.79999923706055,31.1200008392334,17.770000457763672,22.770000457763672,95.16999816894531,45.459999084472656,9425900,80270100,2503300,728900,34828000,125275700,13256000,43637200,14176800,17023800,24413800,10998400,6445800,40499700,11125400,42055900,4415300,15625800,13876568,21902200,39799400,525564000,30648107,4331400,15459400,25065500,6792300,12274000,4923300,10116700,7708000,62462000,182655200,147845500,12982500,60107300
2020-04-13,62.43256759643555,50.939998626708984,180.1293182373047,258.77691650390625,22.69367790222168,20.660017013549805,46.73278045654297,37.407894134521484,27.320302963256836,64.50469207763672,7.093974590301514,32.544776916503906,155.50140380859375,52.033790588378906,118.17803192138672,83.81132507324219,134.5970001220703,21.03363037109375,63.60676956176758,32.61640930175781,45.02900695800781,6.719902515411377,24.53215789794922,80.28889465332031,64.27057647705078,13.969457626342773,69.7597885131836,43.957298278808594,238.13821411132812,28.449201583862305,38.93940353393555,26.92912483215332,13.322891235351562,20.208404541015625,85.3704605102539,32.390953063964844,80.30000305175781,50.939998626708984,218.27000427246094,274.1000061035156,25.992000579833984,23.920000076293945,58.91999816894531,46.68000030517578,34.29999923706055,84.91000366210938,9.710000038146973,43.290000915527344,179.17999267578125,58.70000076293945,139.77000427246094,98.19000244140625,144.4199981689453,25.329999923706055,76.85114288330078,39.58000183105469,46.16999816894531,6.746250152587891,33.339656829833984,100.95999908447266,73.30000305175781,15.949999809265137,73.3499984741211,48.75,263.510009765625,36.790000915527344,49.70000076293945,31.43000030517578,16.899999618530273,22.530000686645508,94.0,42.7599983215332,81.33000183105469,51.06999969482422,219.17999267578125,276.1499938964844,26.152000427246094,24.850000381469727,59.400001525878906,47.56999969482422,35.97999954223633,87.36000061035156,10.34000015258789,46.97999954223633,184.97000122070312,58.77000045776367,141.49000549316406,103.11000061035156,146.58999633789062,26.799999237060547,78.6927490234375,41.0,46.38999938964844,6.755000114440918,34.13662338256836,105.2699966430664,73.51000213623047,16.81999969482422,73.56999969482422,49.09000015258789,264.9599914550781,38.09000015258789,52.369998931884766,33.2400016784668,17.610000610351562,23.329999923706055,94.81999969482422,44.689998626708984,78.66000366210938,48.22999954223633,215.14999389648438,272.010009765625,25.280000686645508,23.780000686645508,58.060001373291016,45.27000045776367,33.77000045776367,83.4000015258789,9.430000305175781,42.7400016784668,179.1300048828125,56.56999969482422,137.83999633789062,97.30000305175781,142.8800048828125,24.719999313354492,76.17366027832031,39.25,44.38999938964844,6.425000190734863,32.94117736816406,100.41999816894531,71.44000244140625,15.699999809265137,71.66999816894531,47.959999084472656,258.17999267578125,36.33000183105469,48.93000030517578,31.40999984741211,16.6299991607666,22.329999923706055,92.66000366210938,41.970001220703125,80.66000366210938,48.470001220703125,216.97999572753906,274.8500061035156,25.350000381469727,24.780000686645508,58.5,47.5,35.939998626708984,87.18000030517578,10.260000228881836,46.20000076293945,183.85000610351562,56.56999969482422,140.0,103.11000061035156,144.97000122070312,26.799999237060547,78.07251739501953,40.880001068115234,44.900001525878906,6.513750076293945,34.117645263671875,105.13999938964844,71.70999908447266,16.6200008392334,72.25333404541016,48.7400016784668,262.05999755859375,38.0,51.939998626708984,33.220001220703125,17.545000076293945,23.309999465942383,94.48999786376953,44.45000076293945,9293500,64290100,2168000,789400,25729000,83164700,13921600,27944300,10222000,13854700,11422400,5758200,4774300,23251900,8153200,26911900,2289000,11670100,7706678,13369900,30449900,398408000,18270141,2802100,7896500,16740700,3968100,9873200,2964900,7678300,4668100,36068900,67685600,66236300,9606600,29651900
2020-04-14,64.8077392578125,54.93000030517578,187.16879272460938,272.7779235839844,23.366844177246094,20.49591064453125,47.62112045288086,36.39817428588867,27.14507484436035,64.27680206298828,6.65562105178833,31.74786949157715,154.67697143554688,53.77119445800781,123.4709701538086,81.5152816772461,140.83193969726562,21.839099884033203,65.4231948852539,32.84713363647461,46.44316482543945,7.071025848388672,25.439725875854492,79.10397338867188,67.99703979492188,13.610368728637695,72.9775161743164,45.65248107910156,244.45523071289062,27.68364715576172,39.91876983642578,25.858129501342773,13.259825706481934,20.298097610473633,88.20402526855469,32.140968322753906,82.12999725341797,54.93000030517578,226.8000030517578,288.92999267578125,26.76300048828125,23.729999542236328,60.040000915527344,45.41999816894531,34.08000183105469,84.61000061035156,9.109999656677246,42.22999954223633,178.22999572753906,60.65999984741211,146.02999877929688,95.5,151.11000061035156,26.299999237060547,79.0457992553711,39.86000061035156,47.619998931884766,7.098750114440918,34.573055267333984,99.47000122070312,77.55000305175781,15.539999961853027,76.73332977294922,50.630001068115234,270.5,35.79999923706055,50.95000076293945,30.18000030517578,16.81999969482422,22.6299991607666,97.12000274658203,42.43000030517578,82.8499984741211,55.13999938964844,228.32000732421875,294.760009765625,26.83799934387207,24.649999618530273,60.72999954223633,47.7400016784668,34.470001220703125,87.08000183105469,9.720000267028809,43.47999954223633,183.3800048828125,60.900001525878906,147.4199981689453,102.0,151.5500030517578,26.459999084472656,79.38931274414062,40.77000045776367,48.380001068115234,7.132999897003174,34.75332260131836,104.1500015258789,77.66999816894531,16.450000762939453,76.73332977294922,51.27000045776367,273.07000732421875,37.689998626708984,51.47999954223633,32.5,17.190000534057617,23.139999389648438,97.47000122070312,43.75,80.29000091552734,52.11000061035156,220.25,285.04998779296875,26.23200035095215,23.100000381469727,59.630001068115234,43.529998779296875,33.66999816894531,84.33000183105469,8.869999885559082,41.77000045776367,174.5399932861328,59.5099983215332,144.0500030517578,93.63999938964844,144.0500030517578,25.31999969482422,77.03244018554688,38.369998931884766,46.619998931884766,6.847249984741211,33.52941131591797,97.69999694824219,74.97000122070312,15.449999809265137,74.94667053222656,49.95000076293945,267.0,35.25,49.529998779296875,29.559999465942383,16.709999084472656,22.209999084472656,95.5199966430664,41.90999984741211,80.62000274658203,52.2400016784668,221.00999450683594,286.989990234375,26.61199951171875,24.5,59.83000183105469,47.65999984741211,34.369998931884766,85.45999908447266,9.420000076293945,42.849998474121094,182.35000610351562,60.040000915527344,145.4199981689453,101.0199966430664,147.27999877929688,25.31999969482422,78.55915832519531,40.5099983215332,47.0,6.875,34.08918380737305,103.22000122070312,75.0,16.0,75.12666320800781,50.0,269.0,37.689998626708984,49.810001373291016,32.11000061035156,16.985000610351562,23.06999969482422,95.83999633789062,43.0,11072700,85306800,3029000,1700600,23094000,88991100,14259000,40466200,11082200,14797600,11435600,5410700,4149600,25674000,13838000,46151300,3809600,11312400,12155333,14471900,25738000,530948000,21845309,3377000,11314100,20214400,5871300,11068800,4778900,7781800,4201000,64267100,72648200,96169000,12830800,30769000
2020-04-15,64.56311798095703,54.9900016784668,183.0424346923828,266.6978759765625,22.477149963378906,19.165790557861328,47.16109085083008,34.34666442871094,25.647626876831055,62.66624450683594,6.334165096282959,30.25738525390625,154.92869567871094,52.18448257446289,124.84916687011719,77.4949722290039,140.89715576171875,19.912609100341797,64.81510162353516,31.64400291442871,45.28258514404297,6.993579387664795,25.111602783203125,74.3651123046875,66.6291732788086,12.900947570800781,70.8059310913086,44.7778434753418,254.55868530273438,25.773630142211914,36.58893585205078,24.367305755615234,12.637039184570312,19.41908073425293,87.74994659423828,30.663829803466797,81.81999969482422,54.9900016784668,221.8000030517578,282.489990234375,25.743999481201172,22.190000534057617,59.459999084472656,42.86000061035156,32.20000076293945,82.48999786376953,8.670000076293945,39.88999938964844,178.52000427246094,58.869998931884766,147.66000366210938,90.79000091552734,151.17999267578125,23.979999542236328,78.31106567382812,38.400001525878906,46.43000030517578,7.020999908447266,34.12713623046875,92.43000030517578,75.98999786376953,14.729999542236328,74.44999694824219,49.65999984741211,281.67999267578125,33.33000183105469,46.70000076293945,28.440000534057617,16.030000686645508,21.649999618530273,96.62000274658203,40.47999954223633,83.04000091552734,55.56999969482422,225.50999450683594,284.5400085449219,26.23200035095215,22.649999618530273,59.88999938964844,44.27000045776367,33.0,83.37999725341797,8.729999542236328,40.400001525878906,181.67999267578125,59.83000183105469,147.91000366210938,92.02999877929688,153.39999389648438,24.809999465942383,79.1603012084961,39.40999984741211,46.65999984741211,7.104249954223633,34.37381362915039,96.5999984741211,76.33999633789062,14.979999542236328,75.12333679199219,49.970001220703125,282.989990234375,35.5,48.5,29.110000610351562,16.190000534057617,21.860000610351562,97.19000244140625,41.060001373291016,79.62000274658203,53.40999984741211,219.30999755859375,275.04998779296875,25.615999221801758,21.90999984741211,58.900001525878906,42.61000061035156,30.729999542236328,79.31999969482422,8.050000190734863,38.779998779296875,169.14999389648438,58.38999938964844,143.5399932861328,90.12999725341797,148.50999450683594,23.520000457763672,76.87023162841797,37.59000015258789,45.63999938964844,6.884500026702881,33.75711441040039,91.0999984741211,74.02999877929688,14.020000457763672,73.75,49.040000915527344,270.67999267578125,32.810001373291016,46.0099983215332,28.219999313354492,15.529999732971191,21.540000915527344,95.29000091552734,39.380001068115234,80.51000213623047,53.72999954223633,224.99000549316406,276.9200134277344,26.100000381469727,22.15999984741211,59.29999923706055,43.369998931884766,32.16999816894531,80.45999908447266,8.350000381469727,39.369998931884766,170.6300048828125,59.7400016784668,145.5500030517578,91.1500015258789,148.94000244140625,24.809999465942383,77.5095443725586,38.209999084472656,46.400001525878906,6.929999828338623,34.2125244140625,94.55000305175781,75.86000061035156,14.670000076293945,75.12333679199219,49.7599983215332,276.3299865722656,35.130001068115234,48.0099983215332,28.770000457763672,16.149999618530273,21.729999542236328,95.83000183105469,41.0,8977300,83814000,3107000,1487600,25926000,99082200,14402100,32249000,11354700,13982300,10246900,6256000,6042700,22841600,11962300,30118600,3614400,8269100,10809072,15590100,22389400,366148000,21312196,3934200,9951700,22681400,3620400,9398100,7841800,11726400,5311800,41883900,73421000,63482000,11019000,33125000
2020-04-16,64.59465789794922,56.95000076293945,190.5523223876953,276.0538635253906,22.551366806030273,18.500730514526367,47.240413665771484,32.471458435058594,24.747577667236328,60.767051696777344,5.910426139831543,27.7011661529541,153.6442108154297,53.886436462402344,126.54867553710938,74.54165649414062,144.20570373535156,18.226932525634766,65.54956817626953,31.611045837402344,44.40482711791992,7.338726043701172,25.048770904541016,72.84451293945312,67.3832778930664,12.305386543273926,72.79365539550781,47.24846649169922,269.6959533691406,24.57503318786621,35.25701141357422,23.039264678955078,12.097027778625488,19.07823944091797,89.6662368774414,29.656360626220703,81.86000061035156,56.95000076293945,230.89999389648438,292.3999938964844,25.82900047302246,21.420000076293945,59.560001373291016,40.52000045776367,31.06999969482422,79.98999786376953,8.09000015258789,36.52000045776367,177.0399932861328,60.790000915527344,149.6699981689453,87.33000183105469,154.72999572753906,21.950000762939453,79.19847106933594,38.36000061035156,45.529998779296875,7.367499828338623,34.041744232177734,90.54000091552734,76.8499984741211,14.050000190734863,76.54000091552734,52.400001525878906,298.42999267578125,31.780000686645508,45.0,26.889999389648438,15.345000267028809,21.270000457763672,98.7300033569336,39.150001525878906,83.72000122070312,58.08000183105469,232.10000610351562,292.54998779296875,26.176000595092773,22.209999084472656,60.349998474121094,42.84000015258789,32.22999954223633,82.19000244140625,8.630000114440918,39.650001525878906,178.44000244140625,60.959999084472656,150.67999267578125,90.56999969482422,155.58999633789062,24.110000610351562,79.51335906982422,38.81999969482422,47.20000076293945,7.474999904632568,34.402278900146484,93.33000183105469,77.69000244140625,14.789999961853027,76.70333099365234,53.13999938964844,300.0,33.63999938964844,47.470001220703125,28.280000686645508,16.040000915527344,21.639999389648438,98.9800033569336,40.47999954223633,81.58000183105469,55.630001068115234,223.22000122070312,286.1700134277344,25.410999298095703,21.09000015258789,59.5,40.099998474121094,30.520000457763672,78.80999755859375,8.079999923706055,36.400001525878906,172.38999938964844,58.810001373291016,146.44000244140625,87.05000305175781,152.0,21.899999618530273,78.49236297607422,37.06999969482422,44.65999984741211,7.163750171661377,33.75711441040039,89.12999725341797,75.37999725341797,13.960000038146973,74.7933349609375,51.68000030517578,280.010009765625,31.399999618530273,44.439998626708984,26.65999984741211,15.324999809265137,21.059999465942383,97.02999877929688,38.93000030517578,82.7300033569336,55.959999084472656,225.0,289.8299865722656,26.176000595092773,22.149999618530273,59.79999923706055,42.709999084472656,31.84000015258789,81.30999755859375,8.600000381469727,39.54999923706055,177.22000122070312,59.61000061035156,148.30999755859375,90.2300033569336,152.88999938964844,24.010000228881836,78.864501953125,37.86000061035156,47.02000045776367,7.177000045776367,34.26945114135742,92.83000183105469,76.86000061035156,14.640000343322754,75.80000305175781,51.810001373291016,283.44000244140625,33.02000045776367,46.540000915527344,28.280000686645508,15.989999771118164,21.600000381469727,97.33999633789062,40.47999954223633,10326900,103106500,2617300,1212000,26896000,89213300,12984900,37756000,13220600,12291900,6949200,6638800,4662200,24433500,12181700,32449600,3512900,11792600,9145058,27913000,26589000,745620000,20657451,3104200,8819700,18242900,3338100,18615900,7738900,10664600,5133200,52962100,64605800,68907600,11331600,30934000
2020-04-17,65.84931945800781,56.599998474121094,193.9110870361328,279.12225341796875,23.21405601501465,20.10723876953125,48.06528854370117,36.422203063964844,28.084943771362305,66.22157287597656,6.735987186431885,31.736494064331055,159.24188232421875,53.50526428222656,128.53564453125,81.24212646484375,146.59156799316406,21.13327407836914,65.91288757324219,32.21261215209961,44.57062530517578,7.279459476470947,25.767839431762695,81.66246032714844,66.7870101928711,13.382652282714844,73.35794067382812,48.41164016723633,262.5837707519531,27.111419677734375,40.55339050292969,24.315893173217773,13.3820161819458,20.082826614379883,91.52803802490234,32.739402770996094,83.44999694824219,56.599998474121094,234.97000122070312,295.6499938964844,26.58799934387207,23.280000686645508,60.599998474121094,45.45000076293945,35.2599983215332,87.16999816894531,9.220000267028809,41.84000015258789,183.49000549316406,60.36000061035156,152.02000427246094,95.18000030517578,157.2899932861328,25.450000762939453,79.63740539550781,39.09000015258789,45.70000076293945,7.308000087738037,35.01897430419922,101.5,76.16999816894531,15.279999732971191,77.13333129882812,53.689998626708984,290.55999755859375,35.060001373291016,51.7599983215332,28.3799991607666,16.975000381469727,22.389999389648438,100.77999877929688,43.220001220703125,84.79000091552734,57.7599983215332,236.99000549316406,301.42999267578125,26.743000030517578,23.399999618530273,60.77000045776367,45.619998931884766,35.369998931884766,87.5,9.25,42.130001068115234,185.27999877929688,62.130001068115234,152.3000030517578,95.69999694824219,157.6699981689453,25.5,80.30534362792969,40.099998474121094,46.88999938964844,7.471499919891357,35.10436248779297,101.86000061035156,78.25,15.399999618530273,78.0433349609375,54.189998626708984,304.0,35.290000915527344,51.90999984741211,28.780000686645508,16.9950008392334,22.520000457763672,101.12999725341797,43.31999969482422,82.5,55.54999923706055,229.22000122070312,293.6099853515625,25.893999099731445,22.309999465942383,59.880001068115234,42.650001525878906,31.850000381469727,81.31999969482422,8.130000114440918,37.4900016784668,178.2899932861328,59.83000183105469,149.60000610351562,90.95999908447266,153.02999877929688,22.420000076293945,78.66412353515625,38.189998626708984,44.849998474121094,7.173500061035156,34.25996017456055,94.12000274658203,75.4800033569336,14.199999809265137,76.18333435058594,53.0,287.1000061035156,33.08000183105469,45.75,27.799999237060547,15.654999732971191,21.920000076293945,99.38999938964844,39.869998931884766,84.0,57.349998474121094,236.8300018310547,301.25,26.32200050354004,22.34000015258789,60.380001068115234,43.150001525878906,31.979999542236328,81.33000183105469,8.180000305175781,37.54999923706055,183.49000549316406,62.02000045776367,151.99000549316406,92.0,155.4199981689453,22.610000610351562,80.10496520996094,39.54999923706055,46.779998779296875,7.449999809265137,34.629981994628906,94.27999877929688,77.31999969482422,14.720000267028809,77.88666534423828,54.130001068115234,300.989990234375,33.08000183105469,46.150001525878906,28.149999618530273,15.664999961853027,22.100000381469727,101.12999725341797,39.880001068115234,10734800,76908800,2864200,899100,34089000,92800300,16697800,41252900,13162600,16130100,12742900,10886100,5426700,27385600,10920000,30191900,3709900,13646100,15433162,25074500,23388300,539120000,24404843,4058200,9926000,33939700,2772600,11288500,5857500,10757200,6855700,46985000,91706800,88698600,11504400,40829100
2020-04-20,66.27543640136719,56.970001220703125,195.2563018798828,275.27972412109375,22.550491333007812,19.43353843688965,48.921905517578125,35.26823425292969,27.535364151000977,63.48671340942383,6.69215202331543,31.22829246520996,156.56021118164062,52.45927810668945,128.23971557617188,78.2802505493164,147.05760192871094,20.635046005249023,65.6285400390625,31.611045837402344,42.32746124267578,7.148224353790283,25.188398361206055,82.50724029541016,65.15616607666016,13.3213472366333,71.76335144042969,47.41978073120117,254.97445678710938,26.48505210876465,39.41732406616211,23.716135025024414,12.96419906616211,19.733016967773438,90.80147552490234,31.194089889526367,83.98999786376953,56.970001220703125,236.60000610351562,291.5799865722656,25.827999114990234,22.5,61.68000030517578,44.0099983215332,34.56999969482422,83.56999969482422,9.15999984741211,41.16999816894531,180.39999389648438,59.18000030517578,151.6699981689453,91.70999908447266,157.7899932861328,24.850000381469727,79.29389190673828,38.36000061035156,43.400001525878906,7.176249980926514,34.23149871826172,102.55000305175781,74.30999755859375,15.210000038146973,75.4566650390625,52.59000015258789,282.1400146484375,34.25,50.310001373291016,27.68000030517578,16.44499969482422,22.0,99.9800033569336,41.18000030517578,85.33000183105469,58.630001068115234,239.55999755859375,298.010009765625,26.525999069213867,23.1299991607666,62.84000015258789,45.439998626708984,35.66999816894531,87.0,9.579999923706055,43.029998779296875,186.32000732421875,60.040000915527344,153.0,94.70999908447266,160.1999969482422,25.90999984741211,80.27671813964844,39.540000915527344,45.08000183105469,7.337500095367432,35.01897430419922,103.98999786376953,76.2300033569336,15.739999771118164,77.10333251953125,53.81999969482422,289.010009765625,35.22999954223633,52.2400016784668,28.889999389648438,17.049999237060547,22.360000610351562,101.41000366210938,42.7400016784668,82.62999725341797,55.849998474121094,232.38999938964844,291.44000244140625,25.791000366210938,22.18000030517578,60.599998474121094,42.88999938964844,32.400001525878906,82.08999633789062,8.300000190734863,38.84000015258789,178.02000427246094,58.88999938964844,150.08999633789062,90.45999908447266,155.61000061035156,22.75,77.06106567382812,37.81999969482422,43.29999923706055,7.131750106811523,34.23149871826172,97.29000091552734,74.0999984741211,14.010000228881836,75.3566665649414,52.560001373291016,281.2699890136719,33.439998626708984,48.279998779296875,26.920000076293945,15.890000343322754,21.75,99.70999908447266,40.540000915527344,83.54000091552734,55.97999954223633,234.1999969482422,291.6499938964844,26.0,22.56999969482422,60.75,43.400001525878906,32.470001220703125,82.66000366210938,8.390000343322754,39.029998779296875,179.6999969482422,59.279998779296875,150.92999267578125,92.47000122070312,156.6300048828125,23.440000534057617,79.02671813964844,38.189998626708984,44.52000045776367,7.181000232696533,34.51612854003906,98.37000274658203,75.0199966430664,14.069999694824219,75.97333526611328,53.0,285.29998779296875,34.0,48.439998626708984,27.329999923706055,15.975000381469727,21.950000762939453,99.81999969482422,40.75,9126300,72367300,2824000,510100,23801000,74446300,17446000,33471900,13226400,15749000,12798900,6680800,4674800,26420300,12226200,23679400,2562200,9923400,11675768,16573800,30463300,449388000,22530620,4165200,7217700,21290600,2713200,9901700,4072600,10342000,5451300,45441600,112790000,59063100,10558100,39260800
2020-04-21,63.41102981567383,52.91999816894531,190.42852783203125,265.3762512207031,21.622385025024414,18.69074821472168,48.05735778808594,33.31290054321289,26.436172485351562,62.020503997802734,6.611788272857666,30.72007942199707,150.841064453125,49.959529876708984,126.5571060180664,76.00978088378906,142.2858123779297,19.696706771850586,62.043060302734375,30.449113845825195,40.386634826660156,6.711435317993164,24.867258071899414,79.65106964111328,62.99042510986328,12.865914344787598,68.24761962890625,46.31972122192383,247.78990173339844,25.309656143188477,38.7435302734375,22.996423721313477,12.735581398010254,19.096172332763672,88.0405502319336,31.027446746826172,80.36000061035156,52.91999816894531,230.75,281.0899963378906,24.764999389648438,21.639999389648438,60.59000015258789,41.56999969482422,33.189998626708984,81.63999938964844,9.050000190734863,40.5,173.80999755859375,56.36000061035156,149.67999267578125,89.05000305175781,152.6699981689453,23.719999313354492,74.96183013916016,36.95000076293945,41.40999984741211,6.737750053405762,33.795066833496094,99.0,71.83999633789062,14.6899995803833,71.76000213623047,51.369998931884766,274.19000244140625,32.72999954223633,49.45000076293945,26.84000015258789,16.155000686645508,21.290000915527344,96.94000244140625,40.959999084472656,82.97000122070312,57.72999954223633,235.77000427246094,287.54998779296875,25.479000091552734,22.3700008392334,61.31999969482422,43.11000061035156,34.130001068115234,83.79000091552734,9.270000457763672,41.63999938964844,179.1999969482422,58.599998474121094,151.63999938964844,91.37999725341797,155.8000030517578,25.079999923706055,78.53053283691406,38.13999938964844,43.06999969482422,7.1192498207092285,34.08918380737305,99.93000030517578,73.97000122070312,15.619999885559082,74.663330078125,51.810001373291016,280.0,33.560001373291016,50.79999923706055,27.25,16.450000762939453,21.709999084472656,98.83000183105469,42.130001068115234,80.0199966430664,51.40999984741211,229.0,278.57000732421875,24.68000030517578,21.5,60.2599983215332,41.06999969482422,32.61000061035156,79.25,8.579999923706055,39.27000045776367,173.66000366210938,55.93000030517578,148.57000732421875,88.33000183105469,151.41000366210938,23.040000915527344,74.62786102294922,36.560001373291016,41.189998626708984,6.677750110626221,33.55787658691406,96.95999908447266,71.75,14.369999885559082,71.52666473388672,50.52000045776367,273.25,32.400001525878906,47.619998931884766,26.5,15.694999694824219,21.209999084472656,96.62000274658203,39.630001068115234,82.51000213623047,56.900001525878906,235.0,286.07000732421875,25.45599937438965,21.899999618530273,60.86000061035156,42.349998474121094,32.95000076293945,80.27999877929688,8.6899995803833,39.27000045776367,175.44000244140625,58.11000061035156,150.1199951171875,88.62000274658203,155.41000366210938,24.18000030517578,77.88167572021484,37.29999923706055,43.0,7.057750225067139,33.946868896484375,98.16999816894531,73.30999755859375,14.84000015258789,74.27999877929688,51.599998474121094,274.95001220703125,33.0,48.099998474121094,26.899999618530273,15.970000267028809,21.329999923706055,98.2699966430664,40.400001525878906,9627500,123906400,2672900,663700,29138000,78871300,22203000,35336200,13639500,19620600,14497600,6313900,3819000,25248000,9951100,23035000,4270200,11871900,17876574,14134900,32482200,735160000,23975233,4106700,9273800,22926600,3653100,13102500,3977500,11434400,5692800,41918700,120861600,71957900,9291400,44381600
2020-04-22,64.28691101074219,55.91999816894531,189.22364807128906,278.4801940917969,22.69804573059082,18.828941345214844,48.327030181884766,33.84981155395508,27.8619327545166,64.14765167236328,7.115890026092529,32.73017120361328,152.72430419921875,53.27478790283203,129.35574340820312,76.2573013305664,146.05108642578125,20.50218391418457,63.16453552246094,31.15780258178711,42.82485580444336,7.125810146331787,25.307079315185547,79.57061767578125,65.48056030273438,13.435202598571777,72.37834167480469,47.74439239501953,250.3474884033203,25.711767196655273,39.62104034423828,22.9621524810791,13.188875198364258,19.30247688293457,89.38468933105469,31.913721084594727,81.47000122070312,55.91999816894531,229.2899932861328,294.9700012207031,25.996999740600586,21.799999237060547,60.93000030517578,42.2400016784668,34.97999954223633,84.44000244140625,9.739999771118164,43.150001525878906,175.97999572753906,60.099998474121094,152.99000549316406,89.33999633789062,156.7100067138672,24.690000534057617,76.3167953491211,37.810001373291016,43.90999984741211,7.153749942779541,34.39278793334961,98.9000015258789,74.68000030517578,15.34000015258789,76.10333251953125,52.95000076293945,277.0199890136719,33.25,50.56999969482422,26.799999237060547,16.729999542236328,21.520000457763672,98.41999816894531,42.130001068115234,82.44999694824219,56.150001525878906,234.0,295.4700012207031,26.222000122070312,22.229999542236328,61.90999984741211,43.119998931884766,35.529998779296875,85.25,9.819999694824219,43.33000183105469,178.17999267578125,60.5,155.0,91.87000274658203,157.27999877929688,25.299999237060547,76.95610809326172,38.18000030517578,44.20000076293945,7.196750164031982,35.10436248779297,101.83999633789062,75.33999633789062,16.040000915527344,76.46333312988281,53.11000061035156,283.82000732421875,33.779998779296875,52.7400016784668,27.579999923706055,16.9950008392334,21.790000915527344,99.02999877929688,42.93000030517578,80.7300033569336,54.34000015258789,227.58999633789062,288.2300109863281,25.073999404907227,21.75,60.880001068115234,41.849998474121094,34.540000915527344,82.97000122070312,9.329999923706055,41.59000015258789,174.47000122070312,57.810001373291016,151.72999572753906,89.18000030517578,153.57000732421875,24.09000015258789,75.21946716308594,37.439998626708984,42.75,6.885000228881836,34.26945114135742,98.3499984741211,72.75,14.9399995803833,73.72333526611328,52.40999984741211,276.7099914550781,32.93000030517578,50.36000061035156,26.700000762939453,16.5049991607666,21.469999313354492,97.73999786376953,41.86000061035156,81.2300033569336,54.90999984741211,233.35000610351562,290.0,25.476999282836914,22.15999984741211,61.2599983215332,43.0,35.20000076293945,84.94999694824219,9.579999923706055,42.689998626708984,177.5,58.27000045776367,152.80999755859375,90.69000244140625,154.61000061035156,24.899999618530273,75.57251739501953,37.869998931884766,43.11000061035156,6.930749893188477,35.06641387939453,101.41000366210938,73.79000091552734,15.460000038146973,74.0999984741211,52.47999954223633,279.5799865722656,33.5099983215332,51.970001220703125,27.5,16.885000228881836,21.729999542236328,98.3499984741211,42.599998474121094,7033300,63041600,2845100,596100,35438000,49669500,12081000,21888100,12048400,10320700,7391800,5273600,2314500,23350400,11515600,16662400,3278000,9891700,11933890,10449000,21346600,483356000,20182624,2577200,7365300,20596000,3341100,8255500,3663300,7240400,4678600,28043300,73753200,47507800,11994100,27074200
2020-04-23,64.73670196533203,55.900001525878906,191.86448669433594,273.2215576171875,22.607248306274414,18.889400482177734,48.34290313720703,34.02610778808594,28.817747116088867,65.94048309326172,7.7222771644592285,33.541778564453125,151.917236328125,52.33517074584961,131.4864959716797,76.30000305175781,149.0520477294922,21.540157318115234,63.87530517578125,30.877628326416016,42.68832778930664,7.072519779205322,25.614255905151367,79.99701690673828,64.71772003173828,14.468681335449219,71.65556335449219,47.464874267578125,257.8572998046875,25.804561614990234,40.796268463134766,22.730819702148438,13.61457633972168,19.22175407409668,89.8751220703125,32.91363525390625,82.04000091552734,55.900001525878906,232.49000549316406,289.3999938964844,25.89299964904785,21.8700008392334,60.95000076293945,42.459999084472656,36.18000030517578,86.80000305175781,10.569999694824219,44.220001220703125,175.0500030517578,59.040000915527344,155.50999450683594,89.38999938964844,159.92999267578125,25.940000534057617,77.17557525634766,37.470001220703125,43.77000045776367,7.100249767303467,34.810245513916016,99.43000030517578,73.80999755859375,16.520000457763672,75.34333038330078,52.63999938964844,285.3299865722656,33.369998931884766,52.06999969482422,26.530000686645508,17.270000457763672,21.43000030517578,98.95999908447266,43.45000076293945,83.83000183105469,57.290000915527344,235.64999389648438,297.1600036621094,26.520000457763672,22.389999389648438,61.9900016784668,43.7400016784668,37.20000076293945,88.77999877929688,11.0,46.119998931884766,179.07000732421875,60.099998474121094,157.0,91.27999877929688,162.55999755859375,26.889999389648438,78.12976837158203,38.38999938964844,44.720001220703125,7.328499794006348,35.48387145996094,102.19999694824219,76.16999816894531,16.850000381469727,76.88999938964844,53.130001068115234,288.4599914550781,34.41999816894531,53.209999084472656,27.209999084472656,17.674999237060547,21.860000610351562,100.48999786376953,44.65999984741211,81.95999908447266,55.63999938964844,228.8800048828125,288.30999755859375,25.851999282836914,21.850000381469727,60.84000015258789,42.2599983215332,35.369998931884766,85.38999938964844,10.050000190734863,44.08000183105469,174.4499969482422,58.810001373291016,153.6999969482422,89.26000213623047,154.0,25.170000076293945,76.49809265136719,37.279998779296875,43.41999816894531,7.074999809265137,34.4212532043457,99.19000244140625,73.76000213623047,15.75,75.07666778564453,52.2599983215332,278.5400085449219,33.189998626708984,50.88999938964844,26.420000076293945,17.06999969482422,21.399999618530273,98.73999786376953,42.810001373291016,82.18000030517578,56.650001525878906,229.08999633789062,290.94000244140625,26.024999618530273,21.959999084472656,61.31999969482422,42.650001525878906,36.61000061035156,86.30000305175781,10.130000114440918,45.25,177.0,59.66999816894531,154.25,89.73999786376953,157.17999267578125,25.450000762939453,76.51717376708984,38.099998474121094,43.81999969482422,7.196000099182129,34.4212532043457,99.19000244140625,75.0,15.850000381469727,76.1066665649414,52.810001373291016,279.05999755859375,33.61000061035156,52.02000045776367,26.950000762939453,17.239999771118164,21.579999923706055,98.94000244140625,43.130001068115234,7869600,69662700,3226400,730500,21659000,50614800,11897400,23970700,9849600,14226500,12396400,7565400,2013300,35092000,10665000,16638800,5692900,9947800,8152497,8694800,22273100,424160000,20185365,2034900,7673800,20619600,2933100,7619900,4420500,7311800,5164500,38331500,83207200,71740200,16013300,35271000
2020-04-24,65.95979309082031,56.18000030517578,194.9922332763672,276.92034912109375,23.12063217163086,19.157154083251953,49.37399673461914,34.53899002075195,28.746057510375977,66.10002136230469,7.68574857711792,32.88945770263672,153.60948181152344,52.530189514160156,130.9368896484375,77.42668914794922,151.84799194335938,21.39069175720215,64.30963897705078,31.289648056030273,43.06868362426758,7.211475372314453,26.095966339111328,81.0429458618164,66.67302703857422,14.109593391418457,73.14554595947266,47.54602813720703,263.2434387207031,26.29172706604004,41.133174896240234,23.064971923828125,13.646109580993652,19.49980926513672,91.0830078125,33.12571716308594,83.58999633789062,56.18000030517578,236.27999877929688,291.8399963378906,26.481000900268555,22.18000030517578,62.25,43.099998474121094,36.09000015258789,87.01000213623047,10.520000457763672,43.36000061035156,177.0,59.2599983215332,154.86000061035156,90.70999908447266,162.92999267578125,25.760000228881836,77.70037841796875,37.970001220703125,44.15999984741211,7.239749908447266,35.46489715576172,100.7300033569336,76.04000091552734,16.110000610351562,76.91000366210938,52.72999954223633,291.2900085449219,34.0,52.5,26.920000076293945,17.309999465942383,21.739999771118164,100.29000091552734,43.72999954223633,83.66999816894531,56.779998779296875,236.92999267578125,292.4599914550781,26.506999969482422,22.299999237060547,62.54999923706055,43.34000015258789,37.29999923706055,88.79000091552734,11.229999542236328,45.33000183105469,177.9499969482422,59.400001525878906,156.3000030517578,91.0999984741211,164.89999389648438,26.68000030517578,78.3396987915039,38.189998626708984,44.31999969482422,7.2417497634887695,35.512332916259766,101.77999877929688,76.11000061035156,17.399999618530273,77.08000183105469,52.88999938964844,291.8999938964844,34.29999923706055,53.54999923706055,27.290000915527344,17.770000457763672,21.829999923706055,100.48999786376953,44.88999938964844,82.3499984741211,54.41999816894531,230.8000030517578,285.9700012207031,25.88800048828125,21.670000076293945,61.2599983215332,41.72999954223633,35.779998779296875,85.7699966430664,10.1899995803833,42.810001373291016,173.49000549316406,56.099998474121094,153.63999938964844,88.48999786376953,160.61000061035156,25.399999618530273,77.30915832519531,37.2599983215332,42.97999954223633,7.014999866485596,34.89563751220703,98.45999908447266,73.66000366210938,15.979999542236328,74.663330078125,52.0,284.0,32.869998931884766,51.61000061035156,26.3700008392334,17.03499984741211,21.329999923706055,98.94000244140625,43.130001068115234,82.87000274658203,55.099998474121094,234.0399932861328,289.8900146484375,25.981000900268555,22.110000610351562,61.66999816894531,43.0,36.970001220703125,88.4800033569336,10.899999618530273,45.0,177.0,56.20000076293945,155.57000732421875,90.63999938964844,162.0,26.260000228881836,77.86259460449219,37.970001220703125,43.79999923706055,7.090000152587891,34.95256042480469,99.97000122070312,73.91999816894531,16.850000381469727,75.2933349609375,52.599998474121094,287.2900085449219,33.66999816894531,52.79999923706055,26.799999237060547,17.614999771118164,21.65999984741211,99.55999755859375,44.400001525878906,6770700,72761000,1946200,464200,23373000,47633500,10460800,26282100,8683900,9175500,16016800,5192300,2024400,50187000,8653400,15809200,4414000,10755800,7686451,8567500,16581800,352328000,17353794,2122700,6071300,22709600,2887200,5701800,3265000,7682200,4012500,35135900,64859200,33825300,7853300,28653800
2020-04-27,66.8277816772461,56.4900016784668,200.0675811767578,276.0283508300781,23.438432693481445,20.271339416503906,49.61988067626953,37.311729431152344,29.590360641479492,68.15116119384766,7.861087799072266,33.78450012207031,159.28526306152344,52.716339111328125,130.45494079589844,80.76412200927734,150.31954956054688,21.96365737915039,66.32354736328125,32.3939094543457,44.1609992980957,7.397993087768555,26.759185791015625,84.87263488769531,66.62042999267578,14.057039260864258,74.1219711303711,48.24933624267578,265.67437744140625,27.74551010131836,43.53848648071289,24.341596603393555,13.94173526763916,20.163557052612305,92.25460052490234,33.2848014831543,84.69000244140625,56.4900016784668,242.42999267578125,290.8999938964844,26.844999313354492,23.469999313354492,62.560001373291016,46.560001373291016,37.150001525878906,89.70999908447266,10.760000228881836,44.540000915527344,183.5399932861328,59.470001220703125,154.2899932861328,94.62000274658203,161.2899932861328,26.450000762939453,80.13359069824219,39.310001373291016,45.279998779296875,7.427000045776367,36.3662223815918,105.48999786376953,75.9800033569336,16.049999237060547,77.9366683959961,53.5099983215332,293.9800109863281,35.880001068115234,55.56999969482422,28.40999984741211,17.684999465942383,22.479999542236328,101.58000183105469,43.939998626708984,84.91999816894531,58.0,243.0,294.760009765625,27.121999740600586,23.649999618530273,63.02000045776367,46.81999969482422,37.40999984741211,90.62000274658203,10.890000343322754,45.08000183105469,184.25,59.83000183105469,156.0500030517578,95.62999725341797,164.5,26.579999923706055,80.79198455810547,39.54999923706055,45.38999938964844,7.587500095367432,36.56546401977539,106.08000183105469,77.81999969482422,16.389999389648438,78.71333312988281,53.75,296.8599853515625,36.15999984741211,56.27000045776367,28.579999923706055,17.809999465942383,22.600000381469727,102.01000213623047,44.31999969482422,83.77999877929688,56.25,235.0,290.2799987792969,26.434999465942383,22.450000762939453,62.40999984741211,43.72999954223633,34.68000030517578,85.87000274658203,9.880000114440918,42.04999923706055,178.72000122070312,58.38999938964844,154.0,91.54000091552734,160.72000122070312,25.040000915527344,77.12786102294922,38.33000183105469,44.58000183105469,7.349999904632568,35.64516067504883,101.12999725341797,75.48999786376953,15.180000305175781,77.57666778564453,52.970001220703125,290.6300048828125,34.25,52.08000183105469,27.15999984741211,16.790000915527344,21.920000076293945,100.83000183105469,42.22999954223633,84.02999877929688,57.439998626708984,236.6300048828125,293.7900085449219,26.434999465942383,22.520000457763672,62.63999938964844,44.16999816894531,35.869998931884766,86.75,10.300000190734863,42.86000061035156,179.10000610351562,59.720001220703125,154.80999755859375,91.94000244140625,164.0,25.989999771118164,77.5095443725586,38.63999938964844,45.0,7.374750137329102,35.66413879394531,102.16999816894531,76.58999633789062,15.75,77.90333557128906,53.150001525878906,293.2099914550781,34.40999984741211,52.54999923706055,27.3700008392334,17.18000030517578,21.959999084472656,100.98999786376953,43.59000015258789,9209700,62568100,2472600,689100,16588000,66916700,13994600,30929200,8302500,12037100,7466800,4777200,2743100,25902200,8924000,22870200,3210300,7702500,12786753,11619400,16667200,479388000,23394057,1953400,7219500,17717100,3212400,5812300,3706200,8306800,3813900,39606100,46576000,109435100,8022100,28274400
2020-04-28,65.30484771728516,55.5099983215332,196.1393280029297,276.5217590332031,23.11363983154297,20.634105682373047,49.2867546081543,37.83261489868164,30.649709701538086,68.3031005859375,8.014509201049805,34.118255615234375,162.29669189453125,52.07810974121094,128.0029296875,81.33599853515625,146.60089111328125,23.607820510864258,64.11222076416016,33.06964111328125,44.19026565551758,7.255552291870117,26.46596908569336,85.27490997314453,66.01543426513672,14.144624710083008,73.73834991455078,47.57306671142578,260.5955810546875,28.340938568115234,45.340511322021484,24.7357234954834,14.261011123657227,20.378826141357422,90.39279174804688,34.065040588378906,82.76000213623047,55.5099983215332,237.6699981689453,291.4200134277344,26.472999572753906,23.889999389648438,62.13999938964844,47.209999084472656,38.47999954223633,89.91000366210938,10.970000267028809,44.97999954223633,187.00999450683594,58.75,151.38999938964844,95.29000091552734,157.3000030517578,28.43000030517578,77.46183013916016,40.130001068115234,45.310001373291016,7.283999919891357,35.967742919921875,105.98999786376953,75.29000091552734,16.149999618530273,77.53333282470703,52.7599983215332,288.3599853515625,36.650001525878906,57.869998931884766,28.8700008392334,18.09000015258789,22.719999313354492,99.52999877929688,44.970001220703125,85.97000122070312,57.349998474121094,244.9499969482422,297.5899963378906,27.641000747680664,24.809999465942383,63.18000030517578,49.59000015258789,38.9900016784668,90.95999908447266,11.25,46.810001373291016,190.4199981689453,60.220001220703125,153.10000610351562,98.36000061035156,161.97999572753906,28.6200008392334,78.46373748779297,41.380001068115234,47.689998626708984,7.605000019073486,37.21062469482422,110.68000030517578,77.77999877929688,16.65999984741211,79.78666687011719,53.72999954223633,298.25,37.97999954223633,59.20000076293945,29.920000076293945,18.200000762939453,23.329999923706055,102.26000213623047,45.38999938964844,82.37000274658203,55.29999923706055,236.86000061035156,291.0899963378906,26.41200065612793,23.850000381469727,61.77000045776367,46.93000030517578,37.560001373291016,88.83000183105469,10.65999984741211,44.5,184.8699951171875,58.2599983215332,150.6999969482422,95.02999877929688,156.58999633789062,26.459999084472656,76.49809265136719,39.84000015258789,45.279998779296875,7.278500080108643,35.46489715576172,105.33000183105469,75.16000366210938,15.899999618530273,77.44667053222656,52.68000030517578,285.6199951171875,36.56999969482422,56.40999984741211,28.59000015258789,17.65999984741211,22.670000076293945,99.41000366210938,44.11000061035156,85.69999694824219,57.15999984741211,243.0,297.5899963378906,27.423999786376953,24.450000762939453,62.93000030517578,48.939998626708984,37.88999938964844,89.55000305175781,11.029999732971191,46.040000915527344,189.16000366210938,59.9900016784668,151.25,97.80999755859375,160.94000244140625,27.219999313354492,77.46183013916016,40.56999969482422,46.209999084472656,7.574999809265137,37.04933547973633,109.97000122070312,77.11000061035156,16.399999618530273,79.38999938964844,53.5099983215332,298.0,37.2400016784668,57.560001373291016,29.600000381469727,17.950000762939453,23.15999984741211,102.26000213623047,44.369998931884766,8341000,80501800,2548900,532000,18988000,65504900,10858900,28973300,9445700,10645200,8856000,4409600,3344700,28784700,8558700,20238900,3270200,8460700,20273560,12778400,25234900,442904000,35666728,2400100,6250500,18234000,4094100,8561100,3862900,6988800,4570900,35188000,59138000,46452300,11517500,26545100
2020-04-29,66.09391784667969,53.65999984741211,194.50527954101562,288.1835021972656,24.099374771118164,21.402803421020508,48.88224411010742,40.276790618896484,33.620704650878906,71.88118743896484,9.227279663085938,36.19659423828125,164.91761779785156,54.781734466552734,127.03059387207031,83.5296630859375,144.6065216064453,27.435888290405273,63.788429260253906,33.90925216674805,48.598567962646484,7.43235969543457,26.61257553100586,89.29769134521484,69.24211883544922,15.94007682800293,77.23826599121094,49.12397766113281,259.9539794921875,29.740585327148438,51.92965316772461,25.703899383544922,15.3173828125,20.9708194732666,90.99219512939453,35.95123291015625,83.76000213623047,53.65999984741211,235.69000244140625,303.7099914550781,27.601999282836914,24.780000686645508,61.630001068115234,50.2599983215332,42.209999084472656,94.62000274658203,12.630000114440918,47.720001220703125,190.02999877929688,61.79999923706055,150.24000549316406,97.86000061035156,155.16000366210938,33.040000915527344,77.07061004638672,40.790000915527344,49.83000183105469,7.46150016784668,36.16698455810547,110.98999786376953,78.97000122070312,18.200000762939453,81.21333312988281,54.47999954223633,287.6499938964844,38.459999084472656,66.27999877929688,30.0,19.43000030517578,23.3799991607666,100.19000244140625,47.459999084472656,84.75,54.86000061035156,239.30999755859375,304.760009765625,27.698999404907227,25.110000610351562,62.619998931884766,50.650001525878906,42.54999923706055,95.13999938964844,12.899999618530273,47.900001525878906,193.72000122070312,62.029998779296875,151.6300048828125,99.44999694824219,158.02999877929688,33.31999969482422,78.42557525634766,41.36000061035156,50.13999938964844,7.514500141143799,36.574951171875,112.9000015258789,79.23999786376953,18.25,81.5433349609375,54.689998626708984,292.75,38.939998626708984,66.94000244140625,30.459999084472656,19.4950008392334,23.65999984741211,101.05999755859375,47.599998474121094,82.13999938964844,52.7400016784668,235.24000549316406,295.3500061035156,26.92300033569336,24.510000228881836,61.529998779296875,48.459999084472656,39.63999938964844,92.29000091552734,11.350000381469727,45.470001220703125,189.57000732421875,59.31999969482422,149.16000366210938,97.2699966430664,154.6699981689453,29.510000228881836,75.4103012084961,40.54999923706055,46.33000183105469,7.34375,35.77798843383789,108.62999725341797,76.83000183105469,16.770000457763672,78.76333618164062,53.43000030517578,286.1000061035156,37.16999816894531,60.540000915527344,29.649999618530273,18.670000076293945,23.18000030517578,99.54000091552734,46.15999984741211,83.72000122070312,54.529998779296875,238.89999389648438,296.29998779296875,27.107999801635742,24.90999984741211,62.369998931884766,49.70000076293945,40.06999969482422,92.4800033569336,11.510000228881836,47.20000076293945,192.61000061035156,59.439998626708984,151.3800048828125,99.08000183105469,157.75999450683594,29.799999237060547,78.42557525634766,41.099998474121094,46.58000183105469,7.419250011444092,36.48956298828125,110.6500015258789,77.16999816894531,16.950000762939453,78.91000366210938,53.75,292.0,37.9900016784668,61.13999938964844,30.100000381469727,18.684999465942383,23.420000076293945,101.05999755859375,46.2599983215332,8231700,110800900,3365100,968000,28871000,73493900,11035100,32941100,12958100,12342800,11865400,6661500,3086300,30451500,9285200,20462600,3240700,15179700,13687194,15880400,35743000,379160000,26518535,2332300,11950200,19406700,3975900,8565500,4258400,7844200,9892400,38515200,71075000,70064400,9939900,29502500
2020-04-30,64.86294555664062,52.38999938964844,197.41844177246094,273.6846008300781,23.715211868286133,20.772294998168945,48.23185348510742,38.91447067260742,33.533077239990234,69.89083862304688,9.110386848449707,36.03730392456055,159.18113708496094,53.16842269897461,126.86148834228516,81.7372055053711,144.1218719482422,26.638717651367188,62.65907669067383,32.778682708740234,46.70650100708008,7.2784624099731445,26.78012466430664,85.82201385498047,68.97906494140625,14.731427192687988,74.51187896728516,47.906700134277344,264.309814453125,28.224943161010742,49.634033203125,24.88994789123535,14.978398323059082,20.441617965698242,90.57442474365234,35.201290130615234,82.19999694824219,52.38999938964844,239.22000122070312,288.42999267578125,27.16200065612793,24.049999237060547,60.810001373291016,48.560001373291016,42.099998474121094,92.0,12.470000267028809,47.5099983215332,183.4199981689453,59.97999954223633,150.0399932861328,95.76000213623047,154.63999938964844,32.08000183105469,75.70610809326172,39.43000030517578,47.88999938964844,7.307000160217285,36.39468765258789,106.66999816894531,78.66999816894531,16.81999969482422,78.34666442871094,53.130001068115234,292.4700012207031,36.5,63.349998474121094,29.049999237060547,19.0,22.790000915527344,99.7300033569336,46.470001220703125,83.26000213623047,54.290000915527344,240.07000732421875,301.5299987792969,27.405000686645508,24.3799991607666,61.11000061035156,49.77000045776367,43.58000183105469,95.73999786376953,12.850000381469727,49.11000061035156,187.5500030517578,61.540000915527344,150.42999267578125,96.83999633789062,156.97999572753906,33.90999984741211,76.71755981445312,40.11000061035156,49.58000183105469,7.46150016784668,36.53700256347656,108.47000122070312,80.87000274658203,18.25,80.97000122070312,54.40999984741211,295.0,37.45000076293945,66.75,29.610000610351562,19.540000915527344,23.15999984741211,100.37999725341797,47.68000030517578,81.2300033569336,52.029998779296875,231.91000366210938,287.05999755859375,26.8799991607666,23.850000381469727,60.36000061035156,48.040000915527344,40.84000015258789,90.58000183105469,11.899999618530273,45.86000061035156,182.89999389648438,59.75,147.16000366210938,94.55000305175781,153.27999877929688,31.209999084472656,75.51526641845703,39.0,47.369998931884766,7.293000221252441,35.445919036865234,105.16999816894531,77.27999877929688,16.670000076293945,78.21333312988281,52.959999084472656,285.5199890136719,36.189998626708984,62.18000030517578,28.600000381469727,18.719999313354492,22.68000030517578,99.20999908447266,45.77000045776367,82.97000122070312,53.43000030517578,236.02000427246094,301.3599853515625,27.35300064086914,24.209999084472656,60.849998474121094,49.06999969482422,42.58000183105469,93.72000122070312,12.8100004196167,47.79999923706055,186.0,61.369998931884766,148.4600067138672,95.5999984741211,155.1999969482422,33.099998474121094,76.16412353515625,39.900001525878906,49.47999954223633,7.407249927520752,36.053131103515625,107.66999816894531,80.2699966430664,18.25,80.87000274658203,54.20000076293945,286.6499938964844,37.38999938964844,65.91999816894531,29.31999969482422,19.540000915527344,22.90999984741211,99.76000213623047,47.68000030517578,15535800,65543900,5704500,846300,23379000,55244100,17554500,28687000,11760700,12222000,10381000,5449300,2695400,26279900,14829600,19127600,4175800,18487300,11638878,13431700,28585400,375916000,29450973,2111000,17113500,25829800,5172300,6337900,7631700,7796400,6676400,29506100,84040200,56745700,12768900,37076300
2020-05-01,65.36797332763672,49.880001068115234,190.61834716796875,264.793701171875,22.67447853088379,19.93449592590332,47.79561233520508,36.865478515625,31.1754150390625,67.94605255126953,8.146015167236328,33.80727005004883,153.69631958007812,50.94346237182617,125.38185119628906,79.5947494506836,143.18057250976562,24.28042984008789,61.340179443359375,31.922420501708984,43.94643783569336,7.041889667510986,26.277475357055664,82.84515380859375,66.32231903076172,13.794293403625488,70.87886047363281,46.076271057128906,257.1161804199219,27.018619537353516,46.037811279296875,23.63902473449707,14.130936622619629,19.786836624145508,88.8488540649414,32.67879867553711,82.83999633789062,49.880001068115234,230.97999572753906,279.05999755859375,25.969999313354492,23.079999923706055,60.2599983215332,45.52000045776367,39.13999938964844,89.44000244140625,11.149999618530273,44.56999969482422,177.10000610351562,57.470001220703125,148.2899932861328,93.25,153.6300048828125,29.239999771118164,74.11259460449219,38.400001525878906,45.060001373291016,7.069499969482422,35.71157455444336,102.97000122070312,75.63999938964844,15.75,74.52666473388672,51.099998474121094,284.510009765625,34.939998626708984,58.7599983215332,27.59000015258789,17.924999237060547,22.059999465942383,97.83000183105469,43.13999938964844,84.2300033569336,51.95000076293945,237.0500030517578,283.8599853515625,26.78499984741211,23.459999084472656,60.869998931884766,46.470001220703125,41.29999923706055,92.05000305175781,12.199999809265137,46.959999084472656,179.60000610351562,59.31999969482422,149.6699981689453,93.73999786376953,154.60000610351562,30.790000915527344,75.24809265136719,38.720001220703125,46.91999816894531,7.222499847412109,35.9962043762207,105.95999908447266,77.58999633789062,16.649999618530273,76.70333099365234,52.560001373291016,289.0,35.81999969482422,61.90999984741211,28.530000686645508,18.75,22.309999465942383,98.7699966430664,46.38999938964844,80.5,49.09000015258789,228.0,278.20001220703125,25.81999969482422,22.809999465942383,59.68000030517578,45.220001220703125,38.709999084472656,87.04000091552734,11.039999961853027,43.84000015258789,176.64999389648438,57.310001373291016,146.7899932861328,91.83999633789062,151.57000732421875,28.889999389648438,73.40648651123047,37.90999984741211,44.52000045776367,7.020999908447266,35.47438430786133,101.7300033569336,74.68000030517578,15.510000228881836,74.16666412353516,51.09000015258789,279.6000061035156,34.650001525878906,58.34000015258789,27.280000686645508,17.704999923706055,21.90999984741211,96.94999694824219,43.0,81.94999694824219,51.06999969482422,233.0,283.8599853515625,26.600000381469727,23.3799991607666,60.849998474121094,46.310001373291016,40.540000915527344,91.51000213623047,11.920000076293945,46.13999938964844,179.0,58.83000183105469,149.6199951171875,93.5,153.72000122070312,30.299999237060547,75.24809265136719,38.349998474121094,46.36000061035156,7.108749866485596,35.91081619262695,103.41000366210938,76.8499984741211,16.31999969482422,76.28666687011719,52.47999954223633,288.3900146484375,35.709999084472656,60.83000183105469,28.5,18.610000610351562,22.25,98.58999633789062,45.630001068115234,12705300,69562700,3045400,862800,26836000,51772600,15582800,28078900,9256700,13250100,7152100,5699200,2650200,21194800,7309000,18547700,2576400,7456900,9518565,12806200,28194000,342096000,22679867,2350600,9742100,18752100,6033600,10238700,3526100,6554300,4667800,35197600,58531800,37534300,10102000,35399300
2020-05-04,64.59465789794922,52.560001373291016,190.56057739257812,268.7030944824219,22.89798355102539,19.80493927001953,47.72423553466797,36.541526794433594,32.14714813232422,69.46542358398438,8.343273162841797,35.45326232910156,152.76771545410156,51.4044189453125,125.36493682861328,78.64728546142578,142.85433959960938,26.182008743286133,60.70048904418945,31.664705276489258,43.36126708984375,7.253808498382568,26.263511657714844,81.75096893310547,66.35736846923828,14.214688301086426,71.468505859375,47.023048400878906,259.8545227050781,26.655176162719727,49.87690353393555,23.433393478393555,14.619707107543945,19.60744857788086,88.8034439086914,33.99686050415039,81.86000061035156,52.560001373291016,230.91000366210938,283.17999267578125,26.22599983215332,22.93000030517578,60.16999816894531,45.119998931884766,40.36000061035156,91.44000244140625,11.420000076293945,46.7400016784668,176.02999877929688,57.9900016784668,148.27000427246094,92.13999938964844,153.27999877929688,31.530000686645508,73.3396987915039,38.09000015258789,44.459999084472656,7.282249927520752,35.69260025024414,101.61000061035156,75.68000030517578,16.229999542236328,75.14666748046875,52.150001525878906,287.5400085449219,34.470001220703125,63.65999984741211,27.350000381469727,18.545000076293945,21.860000610351562,97.77999877929688,44.880001068115234,82.83999633789062,52.61000061035156,232.9199981689453,283.2300109863281,26.243000030517578,22.989999771118164,60.91999816894531,45.36000061035156,40.400001525878906,91.62000274658203,11.430000305175781,46.79999923706055,176.30999755859375,58.06999969482422,149.0800018310547,92.66999816894531,156.0,31.56999969482422,74.45610809326172,38.220001220703125,44.689998626708984,7.296000003814697,35.977230072021484,101.93000030517578,75.94000244140625,16.260000228881836,75.23999786376953,52.18000030517578,287.94000244140625,34.70000076293945,63.72999954223633,27.450000762939453,18.559999465942383,21.889999389648438,98.0,44.939998626708984,81.12000274658203,49.72999954223633,228.10000610351562,275.9599914550781,25.531999588012695,22.43000030517578,59.72999954223633,43.97999954223633,38.150001525878906,87.69000244140625,10.640000343322754,43.2599983215332,171.72000122070312,56.310001373291016,147.08999633789062,90.80000305175781,151.25999450683594,28.520000457763672,72.72901153564453,37.16999816894531,43.61000061035156,7.021999835968018,35.49335861206055,98.68000030517578,74.08999633789062,15.109999656677246,73.52333068847656,51.279998779296875,282.1099853515625,33.83000183105469,57.779998779296875,26.600000381469727,17.510000228881836,21.440000534057617,96.88999938964844,42.220001220703125,82.22000122070312,49.81999969482422,232.44000244140625,279.6000061035156,25.92099952697754,22.700000762939453,60.7400016784668,45.029998779296875,38.619998931884766,88.76000213623047,10.859999656677246,43.5,175.0,57.119998931884766,148.77000427246094,92.0199966430664,154.64999389648438,28.540000915527344,74.44656372070312,38.0,44.189998626708984,7.021999835968018,35.673622131347656,100.0,75.16000366210938,15.260000228881836,73.81666564941406,51.790000915527344,284.489990234375,34.33000183105469,58.45000076293945,26.959999084472656,17.594999313354492,21.770000457763672,97.52999877929688,42.5099983215332,6833000,62590600,2035800,1036900,17046000,45886100,16989600,26340200,12515600,11192400,6554300,7710200,2990100,18957200,7198400,15725900,2228500,13776100,8850255,13985100,21377100,317556000,19893512,2175900,7202400,23079600,3381300,7514000,2894200,5988300,6629800,34343900,52780400,50177200,8991300,27465600
2020-05-05,67.36436462402344,52.189998626708984,195.05821228027344,273.60870361328125,23.12586212158203,19.571735382080078,48.66808319091797,35.5939826965332,32.59319305419922,70.56696319580078,8.167933464050293,34.929866790771484,154.7377471923828,52.07810974121094,126.40491485595703,78.52779388427734,147.15078735351562,25.858158111572266,61.60869216918945,31.573265075683594,44.28779220581055,7.3148193359375,26.884843826293945,80.27054595947266,68.06718444824219,14.232209205627441,72.67001342773438,46.62630081176758,264.824951171875,25.936023712158203,49.37546920776367,22.55088996887207,14.63153076171875,19.544658660888672,90.72882080078125,33.9589958190918,85.37000274658203,52.189998626708984,236.36000061035156,288.3500061035156,26.48699951171875,22.65999984741211,61.36000061035156,43.95000076293945,40.91999816894531,92.88999938964844,11.180000305175781,46.04999923706055,178.3000030517578,58.75,149.5,92.0,157.88999938964844,31.139999389648438,74.43701934814453,37.97999954223633,45.40999984741211,7.343500137329102,36.53700256347656,99.7699966430664,77.62999725341797,16.25,76.41000366210938,51.709999084472656,293.0400085449219,33.540000915527344,63.02000045776367,26.31999969482422,18.559999465942383,21.790000915527344,99.9000015258789,44.83000183105469,86.4800033569336,53.5099983215332,237.97999572753906,293.0,26.893999099731445,23.520000457763672,61.79999923706055,46.349998474121094,43.56999969482422,95.30000305175781,12.25,49.20000076293945,182.60000610351562,59.29999923706055,150.77999877929688,94.20999908447266,159.22000122070312,34.400001525878906,75.19084167480469,39.310001373291016,46.95000076293945,7.506750106811523,36.86906814575195,104.16999816894531,78.80999755859375,17.329999923706055,77.83333587646484,52.58000183105469,296.0,35.2400016784668,66.55000305175781,27.799999237060547,19.459999084472656,22.280000686645508,100.62000274658203,47.150001525878906,82.5999984741211,51.290000915527344,229.1699981689453,284.3299865722656,26.371000289916992,22.6200008392334,60.43000030517578,43.91999816894531,40.65999984741211,92.68000030517578,11.109999656677246,45.70000076293945,178.13999938964844,58.349998474121094,148.63999938964844,91.9000015258789,152.75,30.75,73.25381469726562,37.900001525878906,45.11000061035156,7.282249927520752,36.30929946899414,99.58999633789062,76.55999755859375,16.1200008392334,75.95333099365234,51.58000183105469,287.2900085449219,33.45000076293945,62.41999816894531,26.25,18.4950008392334,21.790000915527344,98.38999938964844,44.65999984741211,82.94999694824219,53.43000030517578,231.27999877929688,284.3299865722656,26.655000686645508,23.479999542236328,60.599998474121094,46.29999923706055,43.099998474121094,94.5,12.15999984741211,48.5,179.10000610351562,58.790000915527344,149.0,93.6500015258789,153.8000030517578,34.29999923706055,73.71183013916016,38.97999954223633,45.45000076293945,7.386750221252441,36.821632385253906,103.56999969482422,76.75,16.969999313354492,76.54666900634766,52.209999084472656,289.9599914550781,34.959999084472656,65.5,27.520000457763672,19.30500030517578,22.15999984741211,98.63999938964844,46.2599983215332,10927000,56560500,1975500,821600,26462000,45691900,13340800,27342900,10096700,13608700,8942300,7181600,3272600,17252100,6562300,18064100,2862600,13474500,7401395,8951200,21007500,368896000,24123952,1275200,7540800,15936300,4506300,7780700,2501300,7305200,6329600,56753400,68733400,65123000,11498300,29276200
2020-05-06,67.40382385253906,52.15999984741211,195.24803161621094,276.977294921875,23.065624237060547,19.303985595703125,48.48566436767578,34.784114837646484,32.250694274902344,68.40946960449219,8.394411087036133,34.77058029174805,153.54006958007812,52.755611419677734,125.20427703857422,77.05113220214844,146.0230712890625,24.521242141723633,60.905818939208984,31.007966995239258,44.94123458862305,7.41567325592041,26.884843826293945,79.248779296875,69.1544418334961,13.855600357055664,73.56082916259766,47.00501251220703,260.9660339355469,25.680835723876953,47.72231674194336,21.942564010620117,14.249188423156738,19.123088836669922,89.82970428466797,33.32268142700195,85.41999816894531,52.15999984741211,236.58999633789062,291.8999938964844,26.417999267578125,22.350000381469727,61.130001068115234,42.95000076293945,40.4900016784668,90.05000305175781,11.489999771118164,45.84000015258789,176.9199981689453,59.18000030517578,148.0800018310547,90.2699966430664,156.67999267578125,29.530000686645508,73.58778381347656,37.29999923706055,46.08000183105469,7.44474983215332,36.53700256347656,98.5,78.87000274658203,15.819999694824219,77.34666442871094,52.130001068115234,288.7699890136719,33.209999084472656,60.90999984741211,25.610000610351562,18.075000762939453,21.31999969482422,98.91000366210938,43.9900016784668,88.1500015258789,53.310001373291016,239.67999267578125,295.7799987792969,27.04800033569336,23.079999923706055,62.22999954223633,45.02000045776367,41.83000183105469,93.45999908447266,12.050000190734863,47.08000183105469,181.1999969482422,59.95000076293945,150.32000732421875,92.76000213623047,158.94000244140625,31.729999542236328,75.03816986083984,38.630001068115234,47.119998931884766,7.550000190734863,37.01138687133789,101.3499984741211,80.13999938964844,16.559999465942383,78.53666687011719,52.619998931884766,297.67999267578125,34.099998474121094,64.04000091552734,26.649999618530273,18.809999465942383,22.049999237060547,100.48999786376953,45.27000045776367,85.25,51.880001068115234,235.69000244140625,290.7900085449219,26.36199951171875,22.229999542236328,60.939998626708984,42.720001220703125,39.81999969482422,89.7699966430664,11.25,45.599998474121094,175.2100067138672,58.939998626708984,148.0399932861328,89.93000030517578,156.35000610351562,29.510000228881836,73.54962158203125,37.04999923706055,45.91999816894531,7.385250091552734,36.53700256347656,98.19000244140625,78.5199966430664,15.8100004196167,77.12333679199219,52.0,288.44000244140625,33.029998779296875,60.59000015258789,25.399999618530273,18.059999465942383,21.299999237060547,98.86000061035156,43.900001525878906,86.27999877929688,52.41999816894531,237.30999755859375,293.8900146484375,26.83300018310547,23.0,61.650001525878906,44.4900016784668,41.09000015258789,92.8499984741211,11.899999618530273,46.13999938964844,179.67999267578125,59.040000915527344,150.0,92.16000366210938,158.4600067138672,31.190000534057617,74.7614517211914,38.470001220703125,46.06999969482422,7.423250198364258,36.97343444824219,101.0,78.80999755859375,16.239999771118164,77.24333190917969,52.11000061035156,295.1000061035156,33.849998474121094,63.400001525878906,26.459999084472656,18.649999618530273,21.989999771118164,100.41999816894531,44.93000030517578,17042600,48138100,1980500,552400,22727000,53874600,14589000,25028000,8213000,11145900,10874300,3247100,2408700,17848700,6191600,20978000,1964800,7794700,12414922,7817800,22011900,323464000,24047432,2457900,8179700,8990700,4407900,8206700,2579200,9640400,4406000,57732900,47350200,63738400,9493200,22659000
2020-05-07,66.45691680908203,51.95000076293945,192.55775451660156,284.2741394042969,23.3773193359375,19.727201461791992,48.414283752441406,36.15279769897461,33.787967681884766,70.37704467773438,8.77431583404541,36.644126892089844,158.22650146484375,52.74668502807617,124.78999328613281,77.85346984863281,142.56541442871094,25.559219360351562,59.70537567138672,32.26325607299805,45.43862533569336,7.591983318328857,26.059894561767578,81.49349975585938,69.1193618774414,14.652606010437012,74.22340393066406,47.18534851074219,257.55902099609375,26.446393966674805,47.99653244018555,22.056211471557617,14.619707107543945,19.571561813354492,89.82060241699219,33.512054443359375,84.22000122070312,51.95000076293945,233.3300018310547,299.5899963378906,26.774999618530273,22.84000015258789,61.040000915527344,44.63999938964844,42.41999816894531,92.63999938964844,12.010000228881836,48.310001373291016,182.32000732421875,59.16999816894531,147.58999633789062,91.20999908447266,152.97000122070312,30.780000686645508,72.13740539550781,38.810001373291016,46.59000015258789,7.6217498779296875,35.06641387939453,101.29000091552734,78.83000183105469,16.729999542236328,78.0433349609375,52.33000183105469,285.0,34.20000076293945,61.2599983215332,25.229999542236328,18.545000076293945,21.81999969482422,98.9000015258789,44.2400016784668,86.83999633789062,52.970001220703125,237.97000122070312,300.1199951171875,27.047000885009766,23.3700008392334,62.599998474121094,45.15999984741211,43.349998474121094,94.05999755859375,12.430000305175781,49.40999984741211,183.3800048828125,60.099998474121094,149.52999877929688,92.91000366210938,157.69000244140625,31.450000762939453,73.58778381347656,39.13999938964844,47.5,7.6852498054504395,36.518028259277344,104.4000015258789,80.16999816894531,17.049999237060547,79.01000213623047,52.97999954223633,292.2900085449219,34.970001220703125,64.05000305175781,26.100000381469727,18.895000457763672,22.18000030517578,99.93000030517578,45.27000045776367,83.55999755859375,51.619998931884766,232.10000610351562,294.54998779296875,26.600000381469727,22.610000610351562,60.619998931884766,43.439998626708984,41.90999984741211,91.91000366210938,11.90999984741211,47.38999938964844,179.17999267578125,58.91999816894531,147.1300048828125,90.58000183105469,152.72000122070312,30.040000915527344,71.97518920898438,37.7599983215332,46.34000015258789,7.5329999923706055,35.0,99.95999908447266,78.26000213623047,16.290000915527344,77.65333557128906,52.099998474121094,284.5199890136719,33.689998626708984,60.86000061035156,25.139999389648438,18.415000915527344,21.600000381469727,98.77999877929688,43.970001220703125,86.5199966430664,52.93000030517578,236.89999389648438,297.94000244140625,27.0,22.65999984741211,62.52000045776367,43.52000045776367,42.0,92.9800033569336,11.949999809265137,47.56999969482422,179.17999267578125,59.93000030517578,149.3699951171875,91.33999633789062,157.5,30.510000228881836,73.47328186035156,37.7599983215332,47.119998931884766,7.584499835968018,36.44212341308594,99.95999908447266,79.69999694824219,16.309999465942383,78.71333312988281,52.95000076293945,291.05999755859375,33.709999084472656,62.029998779296875,25.59000015258789,18.584999084472656,21.600000381469727,99.91999816894531,44.959999084472656,11941800,48956600,2451200,570800,18238000,51884300,17531500,29849100,9520700,9749600,8928300,5907500,2480100,14733500,5570500,16771900,2330600,10622100,12602410,9348900,16372100,373732000,33546080,1703800,7291800,14609800,2825700,5493400,3162300,6983600,4307100,52387000,48469400,61339000,9453900,22160300
2020-05-08,66.25175476074219,53.189998626708984,193.787353515625,288.8382568359375,24.012937545776367,20.357715606689453,48.42220687866211,37.51338195800781,34.656803131103516,72.52693176269531,9.278420448303223,39.025875091552734,160.89076232910156,53.19240951538086,125.72846984863281,79.12527465820312,143.0686798095703,27.427583694458008,60.337188720703125,33.31902313232422,47.05759811401367,7.78198766708374,26.24321937561035,84.50254821777344,70.6362533569336,15.808694839477539,76.41398620605469,47.70832824707031,259.366455078125,26.87169647216797,51.64759063720703,22.231056213378906,15.285852432250977,19.993135452270508,90.28379821777344,34.98162078857422,83.95999908447266,53.189998626708984,234.82000732421875,304.3999938964844,27.503000259399414,23.56999969482422,61.04999923706055,46.31999969482422,43.08000183105469,95.47000122070312,12.699999809265137,51.45000076293945,185.38999938964844,59.66999816894531,148.6999969482422,92.69999694824219,153.50999450683594,33.029998779296875,72.90076446533203,40.08000183105469,48.25,7.8125,35.31309127807617,105.02999877929688,80.55999755859375,18.049999237060547,80.34666442871094,52.90999984741211,287.0,34.75,65.91999816894531,25.43000030517578,19.389999389648438,22.290000915527344,99.41000366210938,46.18000030517578,84.66000366210938,53.27000045776367,235.72999572753906,304.510009765625,27.55500030517578,23.6200008392334,62.18000030517578,46.41999816894531,43.349998474121094,95.55999755859375,12.720000267028809,51.5099983215332,185.91000366210938,59.779998779296875,149.17999267578125,94.08000183105469,154.4199981689453,33.33000183105469,73.43511199951172,40.16999816894531,48.459999084472656,7.818749904632568,35.46489715576172,105.4800033569336,81.08999633789062,18.100000381469727,80.43000030517578,53.34000015258789,290.0,35.41999816894531,66.22000122070312,25.780000686645508,19.399999618530273,22.31999969482422,100.0,46.220001220703125,82.44999694824219,51.810001373291016,231.60000610351562,299.44000244140625,27.003000259399414,23.25,60.95000076293945,45.2599983215332,42.060001373291016,94.06999969482422,12.25,48.459999084472656,182.74000549316406,59.04999923706055,147.88999938964844,92.11000061035156,152.5500030517578,31.079999923706055,72.4904556274414,39.20000076293945,47.290000915527344,7.659749984741211,35.14231491088867,103.11000061035156,79.36000061035156,17.09000015258789,78.63666534423828,52.470001220703125,285.6600036621094,34.40999984741211,61.560001373291016,25.229999542236328,18.8700008392334,22.010000228881836,99.11000061035156,44.97999954223633,84.41999816894531,52.150001525878906,234.9499969482422,300.2200012207031,27.219999313354492,23.469999313354492,61.83000183105469,45.31999969482422,43.119998931884766,95.0,12.319999694824219,49.29999923706055,185.02999877929688,59.66999816894531,148.9199981689453,92.80000305175781,154.1999969482422,31.639999389648438,72.99618530273438,39.5099983215332,47.290000915527344,7.693749904632568,35.341556549072266,104.16999816894531,79.69999694824219,17.1200008392334,78.86000061035156,52.619998931884766,289.489990234375,35.0,62.81999969482422,25.639999389648438,18.979999542236328,22.239999771118164,99.95999908447266,45.310001373291016,20188100,40686100,1534300,680600,16757000,45181000,16960100,22905200,6974200,8585900,7413600,7284300,2277500,20384500,4712100,20487800,1966600,8061600,8791672,12096400,17437100,339216000,19893618,1330900,7887200,16418000,3885600,6086000,3200000,5617700,4405300,53725300,49646200,42218300,10374500,19977400
2020-05-11,69.36074829101562,55.7400016784668,200.3233642578125,288.82879638671875,24.04524803161621,19.50263786315918,49.699188232421875,35.691165924072266,34.00517272949219,70.93160247802734,9.103079795837402,37.804664611816406,158.95547485351562,53.602474212646484,126.07515716552734,76.79505920410156,147.76589965820312,27.153560638427734,61.529727935791016,33.11119842529297,47.00884246826172,8.033998489379883,26.863689422607422,82.1612777709961,70.56610107421875,15.204374313354492,76.3410873413086,47.24846649169922,260.893798828125,25.789093017578125,51.37337875366211,21.662818908691406,15.017818450927734,19.60744857788086,91.83683013916016,34.648311614990234,87.9000015258789,55.7400016784668,242.74000549316406,304.3900146484375,27.540000915527344,22.579999923706055,62.65999984741211,44.06999969482422,42.27000045776367,93.37000274658203,12.460000038146973,49.84000015258789,183.16000366210938,60.130001068115234,149.11000061035156,89.97000122070312,158.5500030517578,32.70000076293945,74.34160614013672,39.83000183105469,48.20000076293945,8.065500259399414,36.148006439208984,102.12000274658203,80.4800033569336,17.360000610351562,80.2699966430664,52.400001525878906,288.69000244140625,33.349998474121094,65.56999969482422,24.780000686645508,19.049999237060547,21.860000610351562,101.12000274658203,45.7400016784668,88.45999908447266,55.88999938964844,243.49000549316406,305.79998779296875,27.673999786376953,23.1200008392334,62.810001373291016,45.25,43.279998779296875,94.5999984741211,12.779999732971191,51.970001220703125,184.85000610351562,60.84000015258789,150.10000610351562,91.11000061035156,159.47000122070312,33.09000015258789,74.49427795410156,40.060001373291016,48.72999954223633,8.112500190734863,36.25237274169922,103.0,81.2699966430664,17.940000534057617,80.98999786376953,52.83000183105469,290.1000061035156,34.15999984741211,66.70999908447266,25.229999542236328,19.315000534057617,22.049999237060547,101.37999725341797,46.20000076293945,83.9800033569336,52.75,232.50999450683594,298.3500061035156,27.174999237060547,22.559999465942383,60.77000045776367,43.810001373291016,42.08000183105469,93.18000030517578,12.25,49.5,181.25999450683594,59.709999084472656,148.1199951171875,89.33000183105469,153.0800018310547,32.0099983215332,72.4427490234375,39.29999923706055,47.439998626708984,7.778749942779541,35.256168365478516,100.69999694824219,79.54000091552734,17.110000610351562,79.44667053222656,52.380001068115234,285.260009765625,33.029998779296875,65.01000213623047,24.600000381469727,18.959999084472656,21.739999771118164,99.0,45.5099983215332,85.08000183105469,52.900001525878906,233.07000732421875,298.6000061035156,27.336999893188477,23.110000610351562,60.869998931884766,45.209999084472656,42.22999954223633,94.20999908447266,12.5,50.7400016784668,182.5399932861328,59.7400016784668,148.4499969482422,91.11000061035156,153.47000122070312,32.5,72.5477066040039,39.380001068115234,47.7400016784668,7.807499885559082,35.341556549072266,103.0,80.29000091552734,17.700000762939453,79.59333038330078,52.61000061035156,285.55999755859375,34.060001373291016,65.0199966430664,25.110000610351562,19.260000228881836,21.979999542236328,99.0,46.11000061035156,19219800,68746400,2163700,513600,20851000,68951800,14146800,34765200,7076800,7101000,8113500,5279100,2212200,18684400,5887500,31907600,3196200,7232900,10622528,10106400,17353500,469060000,25620421,2527900,6604600,12661300,3498300,6459300,3490700,7158300,4981300,51444200,46531400,54994900,15115100,22258000
2020-05-12,71.38081359863281,53.7599983215332,195.7597198486328,281.46551513671875,23.438432693481445,18.889400482177734,50.2464714050293,34.298179626464844,33.45008087158203,69.2071304321289,9.059244155883789,37.71363830566406,153.79177856445312,52.05135726928711,124.40949249267578,74.28559875488281,146.99234008789062,26.746667861938477,60.96110534667969,31.93904685974121,44.56087112426758,7.772027492523193,26.341928482055664,80.45561981201172,68.75985717773438,14.959142684936523,74.31533813476562,46.076271057128906,259.9990539550781,24.474506378173828,49.62619400024414,21.01590919494629,14.753721237182617,19.096172332763672,90.43820190429688,34.06916809082031,90.45999908447266,53.7599983215332,237.2100067138672,296.6300048828125,26.844999313354492,21.8700008392334,63.349998474121094,42.349998474121094,41.58000183105469,91.0999984741211,12.399999618530273,49.720001220703125,177.2100067138672,58.38999938964844,147.13999938964844,87.02999877929688,157.72000122070312,32.209999084472656,73.65457916259766,38.41999816894531,45.689998626708984,7.802499771118164,35.445919036865234,100.0,78.41999816894531,17.079999923706055,78.13999938964844,51.099998474121094,287.70001220703125,31.649999618530273,63.34000015258789,24.040000915527344,18.71500015258789,21.290000915527344,99.58000183105469,44.119998931884766,92.2300033569336,56.58000183105469,244.5,305.8999938964844,27.77199935913086,22.81999969482422,64.2699966430664,44.689998626708984,43.150001525878906,94.02999877929688,13.079999923706055,50.540000915527344,184.3000030517578,60.63999938964844,150.33999633789062,90.79000091552734,161.39999389648438,33.47999954223633,75.09542083740234,40.06999969482422,48.560001373291016,8.172499656677246,36.28083419799805,103.1500015258789,81.79000091552734,17.81999969482422,81.08333587646484,52.63999938964844,293.1499938964844,33.529998779296875,66.87000274658203,25.270000457763672,19.264999389648438,22.030000686645508,101.80000305175781,45.66999816894531,88.47000122070312,53.75,237.0500030517578,296.239990234375,26.82200050354004,21.850000381469727,62.880001068115234,42.31999969482422,41.529998779296875,91.0,12.399999618530273,48.709999084472656,176.75,58.2599983215332,147.02999877929688,86.9000015258789,157.58999633789062,32.209999084472656,73.58778381347656,38.349998474121094,45.63999938964844,7.792749881744385,35.426944732666016,98.44999694824219,78.4000015258789,16.899999618530273,78.07333374023438,51.08000183105469,287.70001220703125,31.610000610351562,63.34000015258789,24.0,18.690000534057617,21.270000457763672,99.56999969482422,44.119998931884766,90.0,56.209999084472656,242.67999267578125,305.3800048828125,27.658000946044922,22.709999084472656,63.16999816894531,44.38999938964844,42.619998931884766,93.12999725341797,12.640000343322754,50.0099983215332,183.88999938964844,60.220001220703125,150.10000610351562,90.1500015258789,159.8699951171875,33.0099983215332,74.57061004638672,39.970001220703125,48.52000045776367,8.123499870300293,36.16698455810547,102.29000091552734,81.29000091552734,17.5,80.8133316040039,52.63999938964844,291.7699890136719,33.529998779296875,66.51000213623047,24.959999084472656,19.239999771118164,21.950000762939453,101.70999908447266,45.41999816894531,23492300,55631100,2241000,481700,18764000,69588700,18928100,33328300,7375900,8749100,8834000,5286000,3549200,16754900,7039200,27962900,2329400,7025500,9544660,13605600,26738900,493060000,19335314,9921300,7318100,14169600,3764100,8584500,4214300,11626300,5030700,53560500,56129000,62202700,18471000,25439100
2020-05-13,70.12615966796875,52.18000030517578,195.4461212158203,279.1881408691406,22.975692749023438,18.02569007873535,50.18301773071289,32.880897521972656,32.090518951416016,67.38388061523438,8.423637390136719,36.56068420410156,149.09669494628906,51.471923828125,124.40106201171875,71.72489166259766,147.18807983398438,25.783422470092773,61.513916015625,30.750274658203125,42.454246520996094,7.749615669250488,26.123353958129883,77.87300109863281,68.39159393310547,13.881876945495605,72.88240051269531,45.913963317871094,251.23309326171875,22.773277282714844,46.992088317871094,19.695858001708984,14.083634376525879,18.531097412109375,89.45734405517578,32.378074645996094,88.87000274658203,52.18000030517578,236.8300018310547,294.2300109863281,26.315000534057617,20.8700008392334,63.27000045776367,40.599998474121094,39.88999938964844,88.69999694824219,11.529999732971191,48.20000076293945,171.8000030517578,57.7400016784668,147.1300048828125,84.02999877929688,157.92999267578125,31.049999237060547,74.32251739501953,36.9900016784668,43.529998779296875,7.78000020980835,35.15180206298828,96.79000091552734,78.0,15.850000381469727,76.63333129882812,50.91999816894531,278.0,29.450000762939453,59.04999923706055,22.530000686645508,17.864999771118164,20.65999984741211,98.5,41.93000030517578,92.23999786376953,55.220001220703125,243.94000244140625,301.4700012207031,27.033000946044922,21.75,63.93000030517578,42.20000076293945,41.18000030517578,90.0,12.270000457763672,49.45000076293945,176.8800048828125,59.22999954223633,148.9499969482422,86.86000061035156,159.35000610351562,32.54999923706055,75.19084167480469,38.279998779296875,45.880001068115234,8.078499794006348,35.502845764160156,99.66000366210938,79.51000213623047,16.959999084472656,78.87999725341797,52.02000045776367,286.3999938964844,31.469999313354492,62.040000915527344,23.950000762939453,18.614999771118164,21.139999389648438,100.22000122070312,43.869998931884766,87.7300033569336,51.29999923706055,235.22000122070312,290.75,25.93600082397461,20.719999313354492,62.58000183105469,40.22999954223633,39.540000915527344,87.31999969482422,11.289999961853027,47.54999923706055,170.75999450683594,56.900001525878906,146.00999450683594,83.4000015258789,156.0399932861328,30.280000686645508,73.07251739501953,36.599998474121094,42.95000076293945,7.594749927520752,34.715370178222656,94.83000183105469,76.75,15.75,75.47333526611328,50.47999954223633,275.55999755859375,29.049999237060547,58.72999954223633,22.0,17.735000610351562,20.5,97.70999908447266,41.599998474121094,90.73999786376953,54.040000915527344,235.22000122070312,298.489990234375,27.006999969482422,21.65999984741211,63.16999816894531,42.0,41.02000045776367,89.9000015258789,12.25,49.45000076293945,175.66000366210938,58.45000076293945,146.0800018310547,86.37999725341797,157.02999877929688,31.690000534057617,73.14885711669922,38.150001525878906,45.869998931884766,7.917500019073486,35.39848327636719,99.5,78.86000061035156,16.8700008392334,78.5199966430664,51.90999984741211,284.489990234375,31.399999618530273,61.81999969482422,23.950000762939453,18.59000015258789,21.110000610351562,99.44999694824219,43.7400016784668,23562600,76824700,2292700,1142300,21927000,112113400,17287900,35350600,7666400,12215100,9738800,5768000,3445300,21065000,6970500,35451600,2650000,8503600,10935146,11565900,35117500,625852000,24596882,6206100,9584800,15827300,6889500,8611000,5474100,15304800,5721100,90209900,68994800,86848300,12667200,30827900
2020-05-14,70.97048950195312,54.5099983215332,196.3951873779297,287.0827941894531,23.276914596557617,18.751203536987305,50.5796012878418,34.063316345214844,32.122703552246094,68.40946960449219,8.5186128616333,36.07522964477539,151.39649963378906,52.666465759277344,124.83229064941406,74.70382690429688,148.30233764648438,25.650564193725586,63.219791412353516,31.431943893432617,44.59987258911133,7.9991374015808105,26.736774444580078,78.71778106689453,70.03124237060547,14.100833892822266,74.83206939697266,46.97795486450195,262.62896728515625,24.103330612182617,47.278587341308594,21.03339385986328,14.241305351257324,19.006484985351562,90.43820190429688,32.663787841796875,89.94000244140625,54.5099983215332,237.97999572753906,302.54998779296875,26.65999984741211,21.709999084472656,63.77000045776367,42.060001373291016,39.93000030517578,90.05000305175781,11.65999984741211,47.560001373291016,174.4499969482422,59.08000183105469,147.63999938964844,87.5199966430664,158.3800048828125,30.889999389648438,76.38359069824219,37.810001373291016,45.72999954223633,8.030500411987305,35.977230072021484,97.83999633789062,79.87000274658203,16.100000381469727,78.68333435058594,52.099998474121094,290.6099853515625,31.170000076293945,59.40999984741211,24.059999465942383,18.065000534057617,21.190000534057617,99.58000183105469,42.29999923706055,90.4800033569336,54.540000915527344,238.97000122070312,303.760009765625,26.69499969482422,21.790000915527344,64.12999725341797,42.099998474121094,40.459999084472656,90.93000030517578,12.0600004196167,48.959999084472656,174.77999877929688,59.150001525878906,147.75999450683594,88.11000061035156,158.9499969482422,31.649999618530273,76.45992279052734,37.970001220703125,45.779998779296875,8.03600025177002,36.01517868041992,99.0,80.0,16.530000686645508,78.76000213623047,52.150001525878906,292.45001220703125,31.270000457763672,60.650001525878906,24.59000015258789,18.235000610351562,21.209999084472656,99.62999725341797,42.54999923706055,87.43000030517578,51.61000061035156,233.8000030517578,283.30999755859375,25.475000381469727,20.100000381469727,62.130001068115234,38.7599983215332,37.779998779296875,86.0199966430664,10.789999961853027,45.90999984741211,165.36000061035156,56.099998474121094,144.25999450683594,82.4000015258789,153.80999755859375,28.81999969482422,73.72137451171875,35.529998779296875,42.5099983215332,7.6875,34.89563751220703,93.2699966430664,76.47000122070312,15.140000343322754,74.70333099365234,49.790000915527344,275.6400146484375,28.360000610351562,55.810001373291016,22.020000457763672,17.149999618530273,20.09000015258789,97.56999969482422,40.20000076293945,87.62000274658203,52.099998474121094,235.9499969482422,286.1700134277344,26.09600067138672,20.290000915527344,62.5,39.9900016784668,38.93000030517578,87.29000091552734,11.210000038146973,47.13999938964844,169.0399932861328,57.31999969482422,145.38999938964844,82.72000122070312,155.94000244140625,30.030000686645508,73.7404556274414,36.2599983215332,43.060001373291016,7.841750144958496,34.91461181640625,94.4800033569336,77.5,15.5,75.9800033569336,50.43000030517578,275.92999267578125,28.860000610351562,57.650001525878906,22.1299991607666,17.549999237060547,20.299999237060547,97.58999633789062,41.06999969482422,13379500,73814000,3322700,1296800,19912000,88359100,18221700,40976400,6718700,10678200,7713900,5903800,4176700,21569400,6871400,35152500,2393900,7941400,11407585,14986600,27543500,602312000,22362507,5234200,9956800,13323200,6521700,13695600,5704600,14770900,5237900,87965500,61968400,103763100,12021400,24856500
2020-05-15,71.57808685302734,54.20000076293945,199.56898498535156,277.58453369140625,22.736467361450195,18.51800537109375,50.833404541015625,33.94993591308594,32.878902435302734,67.73334503173828,8.730481147766113,36.16625213623047,149.157470703125,51.95330810546875,127.19970703125,73.32106018066406,149.09829711914062,25.16063690185547,63.006553649902344,30.999658584594727,43.3125,8.457590103149414,26.62396812438965,78.24308776855469,66.43630981445312,13.969457626342773,73.28501892089844,44.904075622558594,262.94512939453125,23.724424362182617,46.777217864990234,20.42144775390625,14.186121940612793,18.880905151367188,91.20109558105469,32.43211364746094,90.70999908447266,54.20000076293945,240.1999969482422,292.5400085449219,26.041000366210938,21.440000534057617,64.08999633789062,41.91999816894531,40.869998931884766,89.16000366210938,11.949999809265137,47.68000030517578,171.8699951171875,58.279998779296875,150.44000244140625,85.9000015258789,159.22999572753906,30.299999237060547,76.1259536743164,37.290000915527344,44.40999984741211,8.490750312805176,35.8254280090332,97.25,75.7699966430664,15.949999809265137,77.0566635131836,49.79999923706055,290.9599914550781,30.68000030517578,58.779998779296875,23.360000610351562,17.9950008392334,21.049999237060547,100.41999816894531,42.0,91.1500015258789,54.439998626708984,240.42999267578125,296.2200012207031,26.4060001373291,21.700000762939453,65.33999633789062,42.45000076293945,41.54999923706055,92.05999755859375,12.34000015258789,48.810001373291016,174.08999633789062,58.369998931884766,150.47999572753906,87.27999877929688,159.50999450683594,31.260000228881836,76.86068725585938,37.810001373291016,44.779998779296875,8.500499725341797,36.214420318603516,98.91000366210938,77.69999694824219,16.510000228881836,77.31999969482422,51.04999923706055,300.0,31.1299991607666,60.5,23.829999923706055,18.44499969482422,21.229999542236328,100.51000213623047,43.0099983215332,89.41999816894531,52.86000061035156,233.88999938964844,290.1000061035156,25.677000045776367,21.229999542236328,63.810001373291016,41.099998474121094,39.720001220703125,88.83000183105469,11.510000228881836,46.939998626708984,170.5800018310547,56.959999084472656,145.66000366210938,85.30000305175781,156.02999877929688,29.8799991607666,75.21946716308594,37.02000045776367,43.2400016784668,7.874000072479248,35.47438430786133,95.88999938964844,74.37000274658203,15.829999923706055,75.58000183105469,49.380001068115234,290.7200012207031,30.1200008392334,57.790000915527344,23.079999923706055,17.834999084472656,20.799999237060547,99.06999969482422,41.849998474121094,90.01000213623047,53.31999969482422,234.42999267578125,292.75,25.941999435424805,21.399999618530273,64.19999694824219,41.58000183105469,39.869998931884766,90.6500015258789,11.609999656677246,47.09000015258789,173.47999572753906,57.400001525878906,147.8699951171875,86.8499984741211,158.6300048828125,30.649999618530273,76.44084167480469,37.2599983215332,43.279998779296875,7.889750003814697,36.01517868041992,96.9800033569336,74.66999816894531,15.979999542236328,76.04666900634766,50.560001373291016,292.4100036621094,30.790000915527344,59.189998626708984,23.690000534057617,18.06999969482422,20.989999771118164,99.30000305175781,42.380001068115234,14071200,66950900,3111500,957200,21650000,64484000,35224400,28494900,7242300,10113000,8335400,4004800,2867800,21373300,10340400,26099000,2824500,9469100,9367234,9175800,28803900,987660000,25460002,2649600,29597800,10347800,5657100,17777200,12182800,12087500,3768000,51616700,54427800,70285000,15170200,22445600
2020-05-18,72.17778778076172,54.59000015258789,193.74472045898438,289.30316162109375,23.88197135925293,19.80493927001953,50.44475555419922,36.986968994140625,35.075130462646484,71.34085083007812,9.585262298583984,39.776817321777344,157.8446502685547,53.41526412963867,127.26737213134766,77.20474243164062,147.9091339111328,29.02192497253418,62.95918273925781,33.48529052734375,44.78518295288086,8.716075897216797,26.84253692626953,83.7221450805664,70.09262084960938,15.721112251281738,76.6517562866211,46.770565032958984,265.1141052246094,25.487512588500977,51.2098388671875,22.213571548461914,15.344974517822266,19.84962272644043,91.95487213134766,35.01124954223633,91.47000122070312,54.59000015258789,233.19000244140625,304.8900146484375,27.35300064086914,22.93000030517578,63.599998474121094,45.66999816894531,43.599998474121094,92.55000305175781,13.119999885559082,52.439998626708984,181.8800048828125,59.91999816894531,150.52000427246094,90.44999694824219,157.9600067138672,34.95000076293945,76.0687026977539,40.279998779296875,45.91999816894531,8.750249862670898,36.119544982910156,104.05999755859375,79.94000244140625,17.950000762939453,80.59666442871094,51.869998931884766,293.3599853515625,32.959999084472656,64.3499984741211,25.40999984741211,19.46500015258789,22.1299991607666,101.25,45.34000015258789,93.66000366210938,55.25,244.38999938964844,306.55999755859375,27.67300033569336,23.059999465942383,65.20999908447266,45.90999984741211,44.61000061035156,93.4000015258789,13.359999656677246,52.68000030517578,183.10000610351562,60.279998779296875,153.6199951171875,91.1500015258789,162.3699951171875,35.310001373291016,77.29007720947266,40.650001525878906,46.150001525878906,8.916500091552734,36.48956298828125,104.83999633789062,80.18000030517578,18.09000015258789,81.02666473388672,52.189998626708984,299.7200012207031,33.16999816894531,64.91000366210938,25.59000015258789,19.59000015258789,22.299999237060547,102.7699966430664,45.58000183105469,91.30999755859375,54.2400016784668,231.8000030517578,297.6600036621094,26.799999237060547,22.06999969482422,63.47999954223633,43.4900016784668,43.16999816894531,91.45999908447266,12.630000114440918,50.0099983215332,175.24000549316406,59.36000061035156,150.4600067138672,87.87999725341797,157.11000061035156,31.979999542236328,75.60114288330078,38.68000030517578,44.95000076293945,8.680500030517578,35.70208740234375,100.11000061035156,77.20999908447266,17.0,78.88666534423828,50.77000045776367,292.0199890136719,31.84000015258789,61.61000061035156,24.34000015258789,18.975000381469727,21.68000030517578,101.19000244140625,44.060001373291016,92.0,54.97999954223633,243.66000366210938,297.69000244140625,26.86199951171875,22.420000076293945,64.91999816894531,44.04999923706055,43.45000076293945,92.4000015258789,12.859999656677246,50.5,177.7100067138672,59.7400016784668,152.49000549316406,88.69000244140625,161.33999633789062,32.36000061035156,77.29007720947266,38.91999816894531,45.83000183105469,8.760499954223633,36.37571334838867,101.0,77.2699966430664,17.040000915527344,78.88666534423828,50.939998626708984,298.4800109863281,32.119998931884766,61.9900016784668,24.549999237060547,19.024999618530273,21.829999923706055,102.30000305175781,44.400001525878906,16300200,48569200,5631400,997000,26531000,86589400,15170500,39383300,9047300,12304300,10691700,6340600,4505800,20428700,7388400,30504400,2703700,13224100,12552630,14722400,20307800,774460000,22635177,3579100,13191000,22646700,4940700,12726500,4015100,9197800,4418800,55684400,73139600,79548500,10557300,32026100
2020-05-19,71.96473693847656,55.470001220703125,188.95907592773438,290.5935974121094,23.744028091430664,19.183063507080078,49.73884963989258,35.982723236083984,34.32695388793945,69.08230590820312,8.993491172790527,38.4266471862793,154.32984924316406,53.74509811401367,125.99909210205078,75.68543243408203,146.729248046875,29.131694793701172,61.24540328979492,32.69554138183594,44.00496292114258,8.771108627319336,26.567556381225586,81.36476135253906,68.47051239013672,14.985418319702148,76.40131378173828,45.814781188964844,261.2191162109375,24.737424850463867,50.97110366821289,20.937225341796875,14.915328979492188,19.365262985229492,90.84687042236328,33.93016815185547,91.19999694824219,55.470001220703125,227.42999267578125,306.25,27.19499969482422,22.209999084472656,62.709999084472656,44.43000030517578,42.66999816894531,89.62000274658203,12.3100004196167,50.65999984741211,177.8300018310547,60.290000915527344,149.02000427246094,88.66999816894531,156.6999969482422,34.5,73.99809265136719,39.33000183105469,45.119998931884766,8.805500030517578,35.74952697753906,101.12999725341797,78.08999633789062,17.110000610351562,80.33333587646484,50.810001373291016,289.04998779296875,31.989999771118164,64.05000305175781,23.950000762939453,18.920000076293945,21.59000015258789,100.02999877929688,43.939998626708984,91.6500015258789,56.72999954223633,233.44000244140625,311.989990234375,27.60300064086914,23.0,63.81999969482422,45.790000915527344,43.880001068115234,92.62999725341797,13.15999984741211,52.77000045776367,182.19000244140625,61.77000045776367,151.10000610351562,91.19999694824219,159.1300048828125,35.380001068115234,76.0782470703125,40.54999923706055,46.22999954223633,9.087499618530273,36.072105407714844,104.5,80.1500015258789,17.860000610351562,82.1933364868164,51.459999084472656,294.6300048828125,32.849998474121094,65.70999908447266,25.149999618530273,19.549999237060547,22.110000610351562,101.44999694824219,46.630001068115234,89.55999755859375,54.36000061035156,227.1699981689453,303.7300109863281,27.160999298095703,22.190000534057617,62.4900016784668,44.209999084472656,42.61000061035156,89.52999877929688,12.300000190734863,50.58000183105469,177.72000122070312,59.849998474121094,148.39999389648438,88.58999633789062,155.27999877929688,33.08000183105469,73.8072509765625,39.290000915527344,45.02000045776367,8.762749671936035,35.39848327636719,101.0,78.0,17.049999237060547,80.30332946777344,50.79999923706055,288.8800048828125,31.809999465942383,62.5099983215332,23.920000076293945,18.905000686645508,21.579999923706055,100.0199966430664,43.93000030517578,91.26000213623047,54.38999938964844,232.63999938964844,303.82000732421875,27.35300064086914,22.65999984741211,63.43000030517578,45.27000045776367,43.70000076293945,92.52999877929688,13.140000343322754,52.290000915527344,180.55999755859375,60.130001068115234,150.10000610351562,90.05000305175781,156.85000610351562,34.599998474121094,75.83015441894531,40.099998474121094,45.779998779296875,8.790249824523926,35.91081619262695,103.44999694824219,79.75,17.809999465942383,80.61333465576172,51.349998474121094,290.739990234375,32.56999969482422,64.26000213623047,25.0,19.489999771118164,22.0,100.93000030517578,45.54999923706055,9892500,60388500,3835800,687400,18702000,62179000,11052100,27271600,6126300,7749300,9861100,3559100,2210500,21865000,6107300,19597300,2339400,13057200,10591822,8895500,17389500,717320000,19476234,3238000,8118400,12776600,4308000,12940300,3059400,7533600,4573100,48234300,53940600,56673200,10561400,21771600
2020-05-20,71.95685577392578,56.38999938964844,189.3246612548828,308.9924011230469,24.331621170043945,19.78766441345215,48.921905517578125,36.824989318847656,35.51758575439453,71.68771362304688,9.073854446411133,39.93610763549805,157.46279907226562,56.250057220458984,124.86609649658203,77.95591735839844,143.38641357421875,31.0906982421875,60.72417068481445,34.13371658325195,45.487396240234375,8.934966087341309,26.532304763793945,83.99568176269531,70.6976089477539,15.94882583618164,79.21643829345703,46.74352264404297,260.2611999511719,25.56484603881836,53.58927536010742,21.435527801513672,15.510525703430176,19.795804977416992,90.95585632324219,35.03440475463867,91.19000244140625,56.38999938964844,227.8699951171875,325.6400146484375,27.868000030517578,22.90999984741211,61.68000030517578,45.470001220703125,44.150001525878906,93.0,12.420000076293945,52.650001525878906,181.44000244140625,63.099998474121094,147.67999267578125,91.33000183105469,153.1300048828125,36.81999969482422,73.36832427978516,41.060001373291016,46.63999938964844,8.970000267028809,35.70208740234375,104.4000015258789,80.62999725341797,18.209999084472656,83.2933349609375,51.84000015258789,287.989990234375,33.060001373291016,67.33999633789062,24.520000457763672,19.674999237060547,22.06999969482422,100.1500015258789,45.369998931884766,92.54000091552734,56.97999954223633,230.1199951171875,326.260009765625,28.131000518798828,23.0,63.25,46.279998779296875,44.79999923706055,93.47000122070312,12.869999885559082,53.38999938964844,183.8300018310547,63.4900016784668,150.38999938964844,92.38999938964844,157.42999267578125,37.279998779296875,74.65648651123047,41.25,47.040000915527344,9.043000221252441,36.24288558959961,105.43000030517578,81.95999908447266,18.25,83.836669921875,52.09000015258789,292.8999938964844,33.2599983215332,68.25,24.739999771118164,19.709999084472656,22.200000762939453,101.16999816894531,45.58000183105469,89.9000015258789,55.630001068115234,225.63999938964844,317.54998779296875,27.607999801635742,22.639999389648438,60.83000183105469,45.220001220703125,43.29999923706055,90.18000030517578,12.359999656677246,51.5099983215332,180.3000030517578,61.02000045776367,147.27000427246094,90.37000274658203,151.61000061035156,35.150001525878906,73.16793823242188,40.040000915527344,46.09000015258789,8.888750076293945,35.62618637084961,102.70999908447266,79.69000244140625,17.299999237060547,81.98666381835938,50.5,286.70001220703125,32.56999969482422,65.7300033569336,24.360000610351562,19.209999084472656,21.93000030517578,99.91999816894531,44.56999969482422,92.12999725341797,56.54999923706055,229.27000427246094,318.239990234375,27.69700050354004,22.68000030517578,63.0,45.56999969482422,43.59000015258789,91.0,12.619999885559082,51.650001525878906,180.9499969482422,61.15999984741211,149.75,90.70999908447266,155.27000427246094,35.349998474121094,74.45610809326172,40.06999969482422,46.5099983215332,8.991000175476074,36.00569152832031,102.98999786376953,79.95999908447266,17.469999313354492,81.98666381835938,51.58000183105469,292.8999938964844,32.599998474121094,65.83000183105469,24.489999771118164,19.309999465942383,21.950000762939453,100.79000091552734,44.619998931884766,10661500,50888200,3714600,1084900,18605000,59789500,16658200,23841300,7203000,9160000,10717300,3303600,2599900,30584000,5713400,20552400,3780800,18678500,11027685,12031600,17876500,587536000,17504200,2671900,11379200,14142800,3791100,8406200,3200600,10122500,5337200,45297100,54521200,50402600,10058000,19352400
2020-05-21,73.40088653564453,54.650001525878906,186.75735473632812,302.6822814941406,23.992860794067383,19.779027938842773,48.493595123291016,36.44435501098633,35.17165756225586,70.94772338867188,8.978880882263184,39.685794830322266,156.29989624023438,55.251651763916016,124.04593658447266,76.96577453613281,142.59054565429688,30.136518478393555,60.455665588378906,33.501914978027344,44.10248565673828,8.74098014831543,26.27142333984375,83.02214813232422,68.39159393310547,15.58098316192627,77.22239685058594,45.76068115234375,259.28521728515625,25.45658302307129,52.308040618896484,21.38307762145996,15.262197494506836,19.733016967773438,90.28379821777344,34.408939361572266,93.0199966430664,54.650001525878906,224.77999877929688,318.989990234375,27.479999542236328,22.899999618530273,61.13999938964844,45.0,43.720001220703125,92.04000091552734,12.289999961853027,52.31999969482422,180.10000610351562,61.97999954223633,146.7100067138672,90.16999816894531,152.27999877929688,35.689998626708984,73.04389190673828,40.29999923706055,45.220001220703125,8.775250434875488,35.351043701171875,103.19000244140625,78.0,17.790000915527344,81.19667053222656,50.75,286.9100036621094,32.91999816894531,65.7300033569336,24.459999084472656,19.360000610351562,22.0,99.41000366210938,44.560001373291016,93.12999725341797,56.720001220703125,228.24000549316406,324.4599914550781,27.950000762939453,23.270000457763672,61.869998931884766,45.790000915527344,44.869998931884766,93.37000274658203,12.609999656677246,53.560001373291016,181.1699981689453,63.79999923706055,148.5,91.76000213623047,153.14999389648438,37.41999816894531,73.50190734863281,40.93000030517578,46.56999969482422,9.052499771118164,35.72106170654297,105.47000122070312,80.08999633789062,18.5,83.38333129882812,52.209999084472656,290.1300048828125,33.349998474121094,67.79000091552734,24.850000381469727,19.815000534057617,22.209999084472656,99.93000030517578,45.790000915527344,90.3499984741211,54.61000061035156,224.0,317.29998779296875,27.46500015258789,22.780000686645508,60.439998626708984,44.779998779296875,43.619998931884766,91.27999877929688,12.050000190734863,51.61000061035156,177.67999267578125,61.81999969482422,145.82000732421875,89.66999816894531,149.72000122070312,35.36000061035156,72.77671813964844,39.84000015258789,44.7599983215332,8.737500190734863,35.15180206298828,102.66999816894531,77.87000274658203,17.540000915527344,81.0633316040039,50.689998626708984,284.92999267578125,32.72999954223633,65.36000061035156,24.31999969482422,19.204999923706055,21.8799991607666,98.83000183105469,44.38999938964844,91.27999877929688,56.68000030517578,228.11000061035156,322.6000061035156,27.892000198364258,22.809999465942383,61.619998931884766,45.16999816894531,44.38999938964844,92.7699966430664,12.489999771118164,52.95000076293945,180.1999969482422,63.099998474121094,148.5,90.2699966430664,153.14999389648438,36.810001373291016,73.24427795410156,40.77000045776367,46.5,9.05150032043457,35.64516067504883,102.97000122070312,79.47000122070312,18.219999313354492,83.31999969482422,52.099998474121094,286.0400085449219,32.849998474121094,67.0199966430664,24.389999389648438,19.735000610351562,22.0,99.87000274658203,45.439998626708984,10393200,48496100,2377500,639200,14847000,57726000,16016000,21698300,6646000,8830900,8138600,3881100,2153500,20987700,6487300,14621400,3049800,11427200,9000329,9654200,17445300,761068000,17652181,2463200,8141500,17533800,3809700,7842600,3604900,5890500,2959700,28376500,56241800,49939900,12259500,19130700
2020-05-22,72.6749267578125,55.16999816894531,188.12826538085938,303.033447265625,24.154382705688477,19.571735382080078,48.215999603271484,35.71547317504883,34.817684173583984,69.59105682373047,8.869293212890625,39.65544891357422,156.15231323242188,55.50124740600586,122.91357421875,76.36827087402344,141.54176330566406,30.035192489624023,60.313499450683594,33.360595703125,43.82940673828125,8.990996360778809,26.440637588500977,84.16462707519531,69.00538635253906,15.39705753326416,77.56476593017578,44.904075622558594,262.02349853515625,25.464313507080078,52.26825714111328,21.129554748535156,15.16759967803955,19.66126251220703,90.47451782226562,34.43982696533203,92.0999984741211,55.16999816894531,226.42999267578125,319.3599853515625,27.665000915527344,22.65999984741211,60.790000915527344,44.099998474121094,43.279998779296875,90.27999877929688,12.140000343322754,52.279998779296875,179.92999267578125,62.2599983215332,144.3699951171875,89.47000122070312,151.16000366210938,35.56999969482422,72.87213897705078,40.130001068115234,44.939998626708984,9.026249885559082,35.5787467956543,104.61000061035156,78.69999694824219,17.579999923706055,81.5566635131836,49.79999923706055,289.94000244140625,32.93000030517578,65.68000030517578,24.170000076293945,19.239999771118164,21.920000076293945,99.62000274658203,44.599998474121094,93.01000213623047,55.369998931884766,226.77000427246094,319.5,27.725000381469727,22.950000762939453,61.65999984741211,45.04999923706055,43.36000061035156,91.5999984741211,12.25,52.380001068115234,180.63999938964844,62.31999969482422,146.2899932861328,90.36000061035156,152.55999755859375,35.84000015258789,73.14885711669922,40.540000915527344,45.310001373291016,9.093000411987305,35.60721206665039,104.86000061035156,78.76000213623047,17.719999313354492,81.6933364868164,50.86000061035156,290.239990234375,33.0099983215332,65.9800033569336,24.489999771118164,19.260000228881836,22.020000457763672,99.69999694824219,44.66999816894531,91.7300033569336,53.779998779296875,223.61000061035156,314.32000732421875,27.051000595092773,22.459999084472656,60.59000015258789,43.689998626708984,42.29999923706055,89.47000122070312,11.800000190734863,50.95000076293945,178.05999755859375,61.41999816894531,144.05999755859375,88.72000122070312,150.1699981689453,34.439998626708984,72.58587646484375,39.79999923706055,44.2400016784668,8.713250160217285,35.06641387939453,102.58999633789062,77.29000091552734,17.09000015258789,80.2699966430664,49.61000061035156,284.7900085449219,32.209999084472656,63.95000076293945,23.920000076293945,18.844999313354492,21.700000762939453,98.9000015258789,43.45000076293945,92.87000274658203,54.77000045776367,224.1699981689453,315.9700012207031,27.374000549316406,22.93000030517578,61.0099983215332,44.77000045776367,42.90999984741211,91.44999694824219,12.149999618530273,52.209999084472656,180.02999877929688,61.97999954223633,144.57000732421875,90.01000213623047,152.22000122070312,35.58000183105469,72.6812973022461,40.22999954223633,45.150001525878906,8.825249671936035,35.2087287902832,103.54000091552734,78.26000213623047,17.56999969482422,81.27666473388672,50.84000015258789,287.29998779296875,32.900001525878906,65.55000305175781,24.440000534057617,19.204999923706055,21.989999771118164,99.41999816894531,44.04999923706055,5507000,43524100,2334300,365400,17452000,48107000,9228600,22631700,4674000,8563100,8327800,2500200,2176400,14103000,6140900,13557900,2355000,5682700,6357482,6468900,13385400,1038764000,15781226,3242200,5530400,9974700,2462400,12462300,2922800,5534000,3521100,30415300,38495000,37584500,10233200,15406400
2020-05-26,71.57808685302734,53.189998626708984,184.77993774414062,303.5078430175781,24.623233795166016,20.970951080322266,47.84320831298828,39.01164245605469,35.13144302368164,71.91897583007812,8.993491172790527,39.018306732177734,170.1507568359375,55.572566986083984,123.07537078857422,81.78839874267578,138.54539489746094,31.09914207458496,61.016380310058594,36.320068359375,44.66815185546875,8.683703422546387,26.433589935302734,88.14716339111328,68.40914916992188,16.115234375,78.37948608398438,45.82379913330078,266.4969177246094,27.70684814453125,54.67156982421875,22.95664405822754,15.589357376098633,20.683788299560547,90.3110580444336,35.451393127441406,90.70999908447266,53.189998626708984,222.39999389648438,319.8599853515625,28.20199966430664,24.280000686645508,60.31999969482422,48.16999816894531,43.66999816894531,93.30000305175781,12.3100004196167,51.439998626708984,196.05999755859375,62.34000015258789,144.55999755859375,95.81999969482422,147.9600067138672,36.83000183105469,73.72137451171875,43.689998626708984,45.79999923706055,8.71774959564209,35.56925964355469,109.55999755859375,78.0199966430664,18.399999618530273,82.413330078125,50.81999969482422,294.8900146484375,35.83000183105469,68.69999694824219,26.260000228881836,19.774999618530273,23.059999465942383,99.44000244140625,45.90999984741211,93.56999969482422,56.08000183105469,228.35000610351562,325.3800048828125,28.708999633789062,24.600000381469727,61.5099983215332,48.900001525878906,45.119998931884766,94.33999633789062,12.789999961853027,54.369998931884766,197.10000610351562,64.13999938964844,146.44000244140625,97.5,151.75999450683594,37.47999954223633,75.0,43.790000915527344,46.689998626708984,9.181750297546387,35.92979049682617,111.6500015258789,80.56999969482422,18.670000076293945,84.1433334350586,51.400001525878906,297.0299987792969,36.279998779296875,70.1500015258789,26.510000228881836,19.979999542236328,23.299999237060547,101.27999877929688,46.29999923706055,90.30999755859375,53.02000045776367,221.72999572753906,319.3800048828125,28.138999938964844,23.700000762939453,60.18000030517578,45.97999954223633,43.5,92.02999877929688,12.109999656677246,51.29999923706055,185.22000122070312,62.119998931884766,144.3000030517578,92.61000061035156,147.16000366210938,36.61000061035156,73.38740539550781,41.54999923706055,45.45000076293945,8.67199993133545,35.531307220458984,108.93000030517578,77.77999877929688,18.170000076293945,82.30332946777344,50.790000915527344,292.5,34.41999816894531,68.19000244140625,25.040000915527344,19.725000381469727,22.729999542236328,99.27999877929688,45.470001220703125,93.44999694824219,56.0099983215332,227.52999877929688,322.4599914550781,28.5,23.75,61.5099983215332,46.20000076293945,44.810001373291016,92.48999786376953,12.739999771118164,54.36000061035156,185.6300048828125,63.68000030517578,146.19000244140625,92.88999938964844,151.11000061035156,37.09000015258789,74.67557525634766,41.869998931884766,46.220001220703125,9.156749725341797,35.72106170654297,109.4000015258789,80.19000244140625,18.309999465942383,83.73999786376953,51.29999923706055,296.5,34.4900016784668,68.22000122070312,25.049999237060547,19.854999542236328,22.75,101.19000244140625,45.7400016784668,11869800,51618900,2397800,540400,23573000,119485500,18447800,34429300,7702600,9430000,9076900,5685300,5971200,20933600,7072300,41233900,5013400,10481800,19146017,19709900,24303900,770780000,23260094,4167400,10067300,11760900,4310400,8872000,4567800,11156600,4833500,57720300,74888600,108349200,10828800,20356500
2020-05-27,71.00206756591797,52.7400016784668,186.7822723388672,302.2458801269531,25.109556198120117,22.43925666809082,47.90665817260742,42.324039459228516,35.93592071533203,72.3814697265625,9.081162452697754,39.99679183959961,181.95352172851562,56.66012954711914,123.35633850097656,86.52567291259766,136.42916870117188,30.88804054260254,61.24540328979492,38.955318450927734,48.22795104980469,8.491954803466797,26.377182006835938,93.8112564086914,69.52268981933594,16.684526443481445,79.58733367919922,46.65335464477539,274.5216979980469,29.091022491455078,55.849361419677734,24.434049606323242,15.790386199951172,21.580745697021484,91.24647521972656,35.70622253417969,89.9800033569336,52.7400016784668,224.80999755859375,318.5299987792969,28.759000778198242,25.979999542236328,60.400001525878906,52.2599983215332,44.66999816894531,93.9000015258789,12.430000305175781,52.72999954223633,209.66000366210938,63.560001373291016,144.88999938964844,101.37000274658203,145.6999969482422,36.58000183105469,73.99809265136719,46.86000061035156,49.45000076293945,8.525250434875488,35.49335861206055,116.5999984741211,79.29000091552734,19.049999237060547,83.68333435058594,51.7400016784668,303.7699890136719,37.619998931884766,70.18000030517578,27.950000762939453,20.030000686645508,24.059999465942383,100.47000122070312,46.2400016784668,91.0,53.279998779296875,225.1300048828125,319.6000061035156,28.780000686645508,26.170000076293945,60.52000045776367,52.38999938964844,44.68000030517578,94.69000244140625,12.5,52.7400016784668,210.7100067138672,63.59000015258789,145.25,102.58000183105469,148.1699981689453,37.939998626708984,74.08396911621094,46.91999816894531,49.58000183105469,8.632749557495117,35.61669921875,118.0,79.31999969482422,19.270000457763672,83.68333435058594,51.7400016784668,303.79998779296875,38.650001525878906,71.29000091552734,28.260000228881836,20.18000030517578,24.100000381469727,100.47000122070312,47.13999938964844,88.55999755859375,49.09000015258789,217.47000122070312,311.1099853515625,28.0,24.969999313354492,59.11000061035156,49.86000061035156,42.959999084472656,92.11000061035156,11.779999732971191,50.33000183105469,200.00999450683594,61.06999969482422,143.00999450683594,98.80000305175781,143.6199951171875,35.560001373291016,72.51908111572266,45.310001373291016,43.900001525878906,7.9967498779296875,35.07590103149414,112.30000305175781,76.16000366210938,18.190000534057617,80.32666778564453,50.75,290.79998779296875,36.70000076293945,68.75,26.84000015258789,19.469999313354492,23.540000915527344,98.06999969482422,45.40999984741211,90.54000091552734,53.27000045776367,222.32000732421875,318.989990234375,28.302000045776367,26.06999969482422,60.0,51.68000030517578,44.34000015258789,94.68000030517578,12.5,52.279998779296875,203.0,62.31999969482422,144.32000732421875,102.06999969482422,148.1699981689453,37.72999954223633,73.47328186035156,45.779998779296875,45.95000076293945,8.625,35.49335861206055,118.0,78.2699966430664,18.889999389648438,82.66666412353516,51.029998779296875,297.4200134277344,37.9900016784668,70.0999984741211,27.799999237060547,20.065000534057617,24.09000015258789,99.58000183105469,46.65999984741211,12529500,102414500,2932100,808100,22812000,117672700,19071700,43660500,5768100,7822600,9418900,3968600,8182100,19886300,7950000,39402000,5376100,10878100,12828987,25892400,56071500,1175892000,25904158,4416500,9125900,13778600,5297400,11405700,5618900,9938900,4359800,61963000,71225600,121521200,15551900,20788300
2020-05-28,71.04150390625,51.7400016784668,186.21730041503906,303.61224365234375,24.721027374267578,21.471906661987305,47.43870162963867,39.81342697143555,34.60047912597656,70.04585266113281,8.5186128616333,39.17000198364258,174.6288604736328,55.00204086303711,125.12720489501953,85.2367935180664,141.064208984375,29.705883026123047,62.422149658203125,36.91029739379883,45.32158660888672,8.453855514526367,26.92009925842285,93.1676254272461,68.48802185058594,16.456817626953125,77.85009002685547,45.336891174316406,274.7025451660156,28.232681274414062,53.422157287597656,23.795881271362305,15.348917007446289,21.239900588989258,92.43619537353516,34.779579162597656,90.02999877929688,51.7400016784668,224.1300048828125,319.9700012207031,28.31399917602539,24.860000610351562,59.810001373291016,49.15999984741211,43.0099983215332,90.87000274658203,11.65999984741211,51.63999938964844,201.22000122070312,61.70000076293945,146.97000122070312,99.86000061035156,150.64999389648438,35.18000030517578,75.41984558105469,44.400001525878906,46.470001220703125,8.487000465393066,36.223907470703125,115.80000305175781,78.11000061035156,18.790000915527344,81.8566665649414,50.279998779296875,303.9700012207031,36.5099983215332,67.12999725341797,27.219999313354492,19.469999313354492,23.68000030517578,101.77999877929688,45.040000915527344,91.19000244140625,53.540000915527344,226.6199951171875,329.0799865722656,28.93000030517578,26.139999389648438,60.97999954223633,53.0099983215332,44.720001220703125,93.9000015258789,12.399999618530273,53.099998474121094,211.30999755859375,63.45000076293945,148.11000061035156,102.94999694824219,152.10000610351562,36.70000076293945,76.61259460449219,47.31999969482422,48.790000915527344,8.760499954223633,36.47058868408203,117.6500015258789,81.4800033569336,19.360000610351562,84.1866683959961,51.619998931884766,309.6600036621094,38.15999984741211,70.5,28.3700008392334,20.079999923706055,24.34000015258789,102.80000305175781,46.459999084472656,90.0,51.25,222.25,319.4100036621094,28.243000030517578,24.790000915527344,59.68000030517578,49.11000061035156,42.779998779296875,90.79000091552734,11.569999694824219,51.310001373291016,201.2100067138672,61.4900016784668,145.80999755859375,99.4000015258789,146.50999450683594,34.959999084472656,74.91412353515625,44.279998779296875,46.06999969482422,8.379249572753906,35.7874755859375,114.30999755859375,77.7300033569336,18.639999389648438,81.40666961669922,50.099998474121094,303.2900085449219,36.38999938964844,66.52999877929688,27.1200008392334,19.375,23.610000610351562,101.26000213623047,44.93000030517578,90.87000274658203,52.25,226.25999450683594,321.260009765625,28.5,26.079999923706055,60.959999084472656,52.9900016784668,44.720001220703125,93.61000061035156,12.390000343322754,52.61000061035156,210.83999633789062,63.0,146.02000427246094,102.94000244140625,147.42999267578125,36.70000076293945,75.0,47.25,48.70000076293945,8.412249565124512,35.901329040527344,117.5999984741211,80.23999786376953,19.139999389648438,83.06999969482422,51.459999084472656,305.95001220703125,38.09000015258789,70.22000122070312,28.31999969482422,20.079999923706055,24.329999923706055,101.29000091552734,46.43000030517578,8765900,53670200,2591000,797900,18543000,84340800,14977400,37972800,5871500,9633300,11208700,4688700,4886100,17253500,6189600,24713900,3982700,6998100,13180906,17615900,38289300,734896000,22521767,2998500,11161700,10372900,4460100,8178700,4387700,9030100,4992100,51490200,54356800,101590100,11707700,19698000
2020-05-29,73.12470245361328,53.79999923706055,190.84512329101562,312.6645202636719,25.430858612060547,20.832759857177734,47.367305755615234,38.80108642578125,33.93277359008789,70.68563079833984,7.897616863250732,38.66179656982422,171.58985900878906,56.09851837158203,126.64265441894531,83.06021881103516,143.21786499023438,29.672103881835938,63.74892044067383,36.74403762817383,46.726009368896484,8.840837478637695,26.927146911621094,91.7515869140625,70.91683197021484,16.176546096801758,79.84413146972656,45.3819694519043,275.4978332519531,27.498058319091797,53.03221893310547,23.140228271484375,15.277970314025879,20.99772834777832,93.55328369140625,35.111637115478516,92.66999816894531,53.79999923706055,229.6999969482422,329.510009765625,29.12700080871582,24.1200008392334,59.720001220703125,47.90999984741211,42.18000030517578,91.69999694824219,10.8100004196167,50.970001220703125,196.49000549316406,62.93000030517578,148.75,97.30999755859375,152.9499969482422,35.13999938964844,77.02290344238281,44.20000076293945,47.90999984741211,8.875499725341797,36.2333984375,114.04000091552734,80.87999725341797,18.469999313354492,83.95333099365234,50.33000183105469,304.8500061035156,35.560001373291016,66.63999938964844,26.469999313354492,19.3799991607666,23.40999984741211,103.01000213623047,45.470001220703125,92.88999938964844,53.79999923706055,230.57000732421875,329.9800109863281,29.200000762939453,24.90999984741211,60.470001220703125,49.47999954223633,42.779998779296875,91.88999938964844,11.5600004196167,51.47999954223633,200.9199981689453,63.65999984741211,149.35000610351562,99.18000030517578,153.63999938964844,35.43000030517578,77.23282623291016,44.790000915527344,48.02000045776367,8.875499725341797,36.46110153198242,116.13999938964844,81.19999694824219,18.729999542236328,84.17666625976562,50.72999954223633,308.3699951171875,36.4900016784668,67.93000030517578,27.06999969482422,19.524999618530273,23.6200008392334,103.2300033569336,45.689998626708984,89.5999984741211,51.849998474121094,222.05999755859375,324.239990234375,28.19099998474121,24.059999465942383,59.380001068115234,47.560001373291016,41.66999816894531,89.26000213623047,10.770000457763672,49.93000030517578,194.64999389648438,61.619998931884766,145.3300018310547,96.77999877929688,149.94000244140625,34.11000061035156,74.72328186035156,43.52000045776367,46.209999084472656,8.484999656677246,35.65464782714844,113.2699966430664,77.9000015258789,17.790000915527344,81.87333679199219,49.86000061035156,300.8500061035156,35.41999816894531,65.75,26.09000015258789,18.975000381469727,23.170000076293945,100.69000244140625,44.369998931884766,91.0,52.06999969482422,225.0,325.45001220703125,28.290000915527344,24.420000076293945,60.29999923706055,48.02000045776367,42.61000061035156,90.19000244140625,11.5,51.47999954223633,197.22999572753906,61.900001525878906,147.9600067138672,98.66000366210938,151.66000366210938,34.779998779296875,75.82061004638672,44.0099983215332,46.619998931884766,8.554499626159668,36.30929946899414,113.54000091552734,78.69999694824219,18.549999237060547,82.12666320800781,50.34000015258789,304.7200012207031,35.86000061035156,66.95999908447266,26.5,19.299999237060547,23.399999618530273,102.22000122070312,44.81999969482422,13758800,64666700,4251200,649500,27300000,113811100,27224800,35873400,10172200,17010000,43102100,6602700,3822600,33393900,8504000,26526400,9466300,11445100,13517104,13102100,26337000,745256000,48333067,3666600,10558700,21018100,6282000,10918500,6251500,18241700,4971900,51336900,71500400,86969000,19055300,25874700
2020-06-01,71.57019805908203,53.630001068115234,188.5270538330078,310.02667236328125,25.319103240966797,21.2559757232666,47.81941604614258,40.048282623291016,34.90618133544922,71.52584075927734,8.547836303710938,39.2989387512207,174.5939483642578,55.14466857910156,125.31449890136719,84.16130828857422,142.7496337890625,30.820486068725586,62.83283615112305,37.15969467163086,45.194801330566406,8.771856307983398,25.002267837524414,92.25847625732422,69.90850067138672,16.141511917114258,79.4129867553711,46.013153076171875,276.4737854003906,28.37187385559082,52.98447799682617,23.682233810424805,15.546001434326172,21.239900588989258,92.62694549560547,35.73711013793945,90.69999694824219,53.630001068115234,226.91000366210938,326.7300109863281,28.999000549316406,24.610000610351562,60.290000915527344,49.45000076293945,43.38999938964844,92.79000091552734,11.699999809265137,51.810001373291016,199.92999267578125,61.86000061035156,147.19000244140625,98.5999984741211,152.4499969482422,36.5,75.91603088378906,44.70000076293945,46.34000015258789,8.806249618530273,33.64326477050781,114.66999816894531,79.7300033569336,18.43000030517578,83.5,51.029998779296875,305.92999267578125,36.689998626708984,66.58000183105469,27.09000015258789,19.719999313354492,23.68000030517578,101.98999786376953,46.279998779296875,93.05999755859375,54.11000061035156,230.5399932861328,327.1600036621094,29.110000610351562,24.8700008392334,61.439998626708984,49.68000030517578,43.70000076293945,93.8499984741211,11.880000114440918,51.91999816894531,201.77000427246094,62.65999984741211,148.33999633789062,99.51000213623047,154.99000549316406,36.83000183105469,76.77481079101562,45.06999969482422,47.66999816894531,8.840749740600586,33.89942932128906,116.0,80.4800033569336,18.860000610351562,83.8933334350586,51.279998779296875,305.9800109863281,37.04999923706055,67.33999633789062,27.59000015258789,19.829999923706055,23.790000915527344,102.4800033569336,46.45000076293945,90.69000244140625,52.88999938964844,225.7100067138672,323.5,28.73699951171875,24.049999237060547,59.43000030517578,47.81999969482422,41.63999938964844,90.11000061035156,10.619999885559082,50.0,195.1199951171875,61.65999984741211,146.00999450683594,97.37999725341797,150.88999938964844,34.349998474121094,75.50572204589844,43.95000076293945,46.31999969482422,8.689499855041504,33.12144088745117,113.61000061035156,79.23999786376953,18.239999771118164,82.75666809082031,50.540000915527344,300.55999755859375,35.61000061035156,65.30000305175781,26.3700008392334,19.09000015258789,23.34000015258789,101.3499984741211,44.79999923706055,92.05000305175781,53.310001373291016,228.88999938964844,323.8800048828125,29.04199981689453,24.280000686645508,59.459999084472656,48.13999938964844,42.2599983215332,90.94000244140625,10.800000190734863,50.720001220703125,197.30999755859375,62.4900016784668,147.2899932861328,97.75,154.47000122070312,35.25,76.50763702392578,44.52000045776367,47.4900016784668,8.833250045776367,33.68121337890625,114.79000091552734,79.88999938964844,18.510000228881836,83.5199966430664,50.90999984741211,304.0199890136719,35.790000915527344,66.83000183105469,26.610000610351562,19.350000381469727,23.5,102.36000061035156,45.31999969482422,8486500,36864400,1816700,526100,18444000,58375500,11507900,22860100,6344300,7344000,12174000,3263900,2230800,14317700,6141800,15176800,5233800,7414300,6269241,8649500,21809100,389876000,76884979,1837300,6474800,10251700,2780100,6187300,2894000,6594300,3893900,34201700,47680000,52619200,8436200,19031000
2020-06-02,71.8385009765625,53.540000915527344,185.8766632080078,317.61767578125,26.02369499206543,21.454631805419922,48.10494613647461,41.17401123046875,35.55781555175781,72.99044036865234,8.883905410766602,41.57450485229492,178.2704315185547,55.376441955566406,126.21694946289062,84.44297790527344,144.06996154785156,31.850656509399414,63.843692779541016,37.89125442504883,45.6629524230957,8.790782928466797,25.495832443237305,92.41132354736328,74.20489501953125,16.630918502807617,81.12804412841797,46.89680099487305,276.8172607421875,28.317737579345703,54.26571273803711,23.953237533569336,15.979586601257324,21.41032600402832,93.16278076171875,36.53247833251953,91.04000091552734,53.540000915527344,223.72000122070312,334.7300109863281,29.805999755859375,24.84000015258789,60.650001525878906,50.84000015258789,44.20000076293945,94.69000244140625,12.15999984741211,54.810001373291016,204.13999938964844,62.119998931884766,148.25,98.93000030517578,153.86000061035156,37.720001220703125,77.13740539550781,45.58000183105469,46.81999969482422,8.825249671936035,34.30739974975586,114.86000061035156,84.62999725341797,18.860000610351562,85.30332946777344,52.0099983215332,306.30999755859375,36.619998931884766,68.19000244140625,27.399999618530273,20.270000457763672,23.8700008392334,102.58000183105469,47.310001373291016,91.69999694824219,53.56999969482422,226.36000061035156,335.0199890136719,29.832000732421875,25.389999389648438,60.68000030517578,51.290000915527344,44.689998626708984,95.22000122070312,12.220000267028809,54.849998474121094,206.5,62.16999816894531,148.35000610351562,100.41999816894531,154.0800018310547,37.939998626708984,77.15648651123047,46.2599983215332,46.849998474121094,8.837249755859375,34.30739974975586,116.5,84.87999725341797,19.040000915527344,85.36666870117188,52.040000915527344,308.1000061035156,37.52000045776367,68.69000244140625,27.989999771118164,20.290000915527344,24.040000915527344,102.62999725341797,47.45000076293945,90.05000305175781,52.0099983215332,222.5800018310547,328.7699890136719,29.009000778198242,24.559999465942383,59.27000045776367,50.15999984741211,43.70000076293945,93.29000091552734,11.859999656677246,52.349998474121094,201.32000732421875,60.83000183105469,146.1199951171875,97.93000030517578,151.0399932861328,36.47999954223633,75.21946716308594,44.880001068115234,45.56999969482422,8.657999992370605,33.44402313232422,113.43000030517578,79.91000366210938,18.459999084472656,83.3499984741211,51.290000915527344,301.7300109863281,36.34000015258789,66.5199966430664,27.15999984741211,19.90999984741211,23.700000762939453,101.41999816894531,46.75,90.97000122070312,53.45000076293945,225.8000030517578,331.69000244140625,29.10300064086914,24.959999084472656,60.290000915527344,50.709999084472656,44.02000045776367,93.77999877929688,11.880000114440918,52.5,203.77000427246094,61.70000076293945,147.05999755859375,100.27999877929688,152.0800018310547,37.0,75.8969497680664,45.18000030517578,46.4900016784668,8.796250343322754,33.709678649902344,116.20999908447266,79.93000030517578,18.5,83.73999786376953,51.45000076293945,305.5799865722656,37.29999923706055,67.2699966430664,27.579999923706055,19.934999465942383,23.889999389648438,102.02999877929688,46.86000061035156,9413300,42855200,3198900,717200,31847000,71118100,15460100,27651300,5858300,7880300,8460800,4824400,4128700,20702400,6078300,21195000,3269400,7533100,11352984,11179200,23035600,391320000,42690900,3016600,13255300,16286900,3159900,6063600,2756800,6596500,4373900,39058000,50318400,52572800,13162300,22319000
2020-06-03,71.72012329101562,52.72999954223633,183.61676025390625,328.5961608886719,27.0251407623291,22.44789695739746,47.75595474243164,43.198692321777344,36.297935485839844,74.9098129272461,9.146915435791016,41.99928283691406,183.8856201171875,55.20707321166992,126.5574722290039,89.00101470947266,142.82460021972656,32.58528137207031,64.80719757080078,38.996883392333984,47.7110481262207,8.735248565673828,25.495832443237305,96.31343841552734,74.31977081298828,17.29227638244629,83.4708023071289,47.84357833862305,275.94964599609375,29.910715103149414,56.13585662841797,25.203350067138672,16.448640823364258,22.208608627319336,92.98113250732422,38.022804260253906,90.88999938964844,52.72999954223633,221.0,346.29998779296875,30.952999114990234,25.989999771118164,60.209999084472656,53.34000015258789,45.119998931884766,97.18000030517578,12.520000457763672,55.369998931884766,210.57000732421875,61.93000030517578,148.64999389648438,104.2699966430664,152.52999877929688,38.59000015258789,78.30152893066406,46.90999984741211,48.91999816894531,8.769499778747559,34.30739974975586,119.70999908447266,84.11000061035156,19.610000610351562,87.76667022705078,53.060001373291016,305.3500061035156,38.68000030517578,70.54000091552734,28.829999923706055,20.864999771118164,24.760000228881836,102.37999725341797,49.2400016784668,91.5,53.650001525878906,224.2899932861328,347.4599914550781,31.084999084472656,26.139999389648438,60.88999938964844,53.7599983215332,45.22999954223633,97.7300033569336,12.59000015258789,56.2599983215332,211.92999267578125,62.540000915527344,149.13999938964844,104.91999816894531,154.38999938964844,39.220001220703125,78.5782470703125,47.4900016784668,49.41999816894531,8.866250038146973,34.544593811035156,121.4800033569336,85.94999694824219,19.709999084472656,88.16666412353516,53.25,310.1199951171875,38.869998931884766,70.93000030517578,29.190000534057617,20.959999084472656,24.8700008392334,102.9800033569336,49.400001525878906,89.5999984741211,52.33000183105469,218.25,338.8500061035156,30.051000595092773,25.389999389648438,59.689998626708984,52.41999816894531,44.02000045776367,95.75,12.079999923706055,53.93000030517578,206.42999267578125,61.529998779296875,146.4499969482422,101.05999755859375,150.85000610351562,38.16999816894531,77.15648651123047,46.439998626708984,47.45000076293945,8.699999809265137,33.71916580200195,118.37999725341797,83.62000274658203,19.09000015258789,86.54666900634766,52.41999816894531,302.739990234375,37.529998779296875,68.6500015258789,28.34000015258789,20.549999237060547,24.34000015258789,101.94999694824219,47.95000076293945,91.47000122070312,53.599998474121094,223.49000549316406,340.510009765625,30.104999542236328,25.5,60.70000076293945,52.560001373291016,45.11000061035156,95.97000122070312,12.399999618530273,56.11000061035156,208.49000549316406,62.45000076293945,148.52000427246094,101.58000183105469,153.33999633789062,38.5,77.29007720947266,46.97999954223633,48.040000915527344,8.822250366210938,34.43074035644531,119.16000366210938,84.94999694824219,19.329999923706055,86.56999969482422,52.63999938964844,307.8500061035156,37.650001525878906,69.25,28.389999389648438,20.59000015258789,24.399999618530273,102.87999725341797,48.0,8588400,46765300,3660500,693900,31926000,86744600,13497600,33341800,8024200,8440200,8261400,4638800,3471900,16737300,6339500,25941100,3190300,9151200,13675457,11253500,34662100,365440000,38751996,4601000,13029300,13986600,1781700,8380200,4360000,9656100,4963100,50814000,54601800,77622900,10020900,23418000
2020-06-04,73.4166488647461,52.630001068115234,183.51707458496094,335.05804443359375,26.969266891479492,23.291547775268555,48.29530334472656,45.06950759887695,35.96809387207031,74.216064453125,9.29302978515625,41.8324089050293,187.59703063964844,56.13417434692383,124.92284393310547,90.85324096679688,141.12042236328125,32.12086486816406,64.40444946289062,40.476627349853516,49.954200744628906,8.736246109008789,25.39006233215332,98.73514556884766,76.02510833740234,17.92717170715332,84.23167419433594,48.94363784790039,269.3796691894531,30.98557472229004,55.745906829833984,26.418498992919922,16.452587127685547,22.692968368530273,92.24549865722656,37.91469192504883,93.04000091552734,52.630001068115234,220.8800048828125,353.1099853515625,30.888999938964844,26.780000686645508,60.88999938964844,55.650001525878906,44.709999084472656,96.27999877929688,12.720000267028809,55.150001525878906,214.82000732421875,62.970001220703125,146.72999572753906,106.44000244140625,150.7100067138672,38.040000915527344,77.81488800048828,48.689998626708984,51.220001220703125,8.766500473022461,34.16508483886719,122.72000122070312,86.04000091552734,20.329999923706055,88.56666564941406,54.279998779296875,298.0799865722656,40.06999969482422,70.05000305175781,30.219999313354492,20.8700008392334,25.299999237060547,101.56999969482422,49.099998474121094,93.4800033569336,53.7400016784668,223.4499969482422,353.3900146484375,31.299999237060547,26.829999923706055,61.09000015258789,55.689998626708984,45.130001068115234,96.88999938964844,12.819999694824219,55.689998626708984,214.99000549316406,63.470001220703125,148.3699951171875,106.61000061035156,153.5399932861328,38.86000061035156,78.3969497680664,48.75,51.97999954223633,8.943249702453613,34.43074035644531,123.26000213623047,86.69999694824219,20.610000610351562,89.22333526611328,54.369998931884766,304.4700012207031,40.09000015258789,70.58999633789062,30.25,20.950000762939453,25.299999237060547,102.47000122070312,49.150001525878906,90.25,52.20000076293945,219.2100067138672,347.0,30.209999084472656,25.56999969482422,59.81999969482422,52.61000061035156,44.18000030517578,95.16000366210938,12.079999923706055,54.150001525878906,207.9600067138672,61.34000015258789,145.5800018310547,102.79000091552734,149.7100067138672,37.529998779296875,77.13740539550781,46.689998626708984,48.599998474121094,8.677499771118164,33.870967864990234,118.06999969482422,83.94999694824219,19.360000610351562,87.15666961669922,53.029998779296875,294.2900085449219,38.04999923706055,69.16000366210938,28.639999389648438,20.450000762939453,24.520000457763672,100.91999816894531,48.15999984741211,90.27999877929688,52.59000015258789,220.77000427246094,347.8500061035156,30.575000762939453,25.709999084472656,59.81999969482422,53.29999923706055,44.68000030517578,96.77999877929688,12.350000381469727,55.0,208.7899932861328,61.7400016784668,146.8000030517578,103.81999969482422,152.2100067138672,38.20000076293945,77.5477066040039,46.709999084472656,48.86000061035156,8.727999687194824,33.880455017089844,119.58000183105469,83.94999694824219,19.6299991607666,87.43333435058594,53.060001373291016,303.17999267578125,38.68000030517578,69.62000274658203,29.479999542236328,20.75,24.719999313354492,101.76000213623047,48.880001068115234,9525700,44869100,2392800,884600,34997000,94545300,13476900,33083500,5577000,6371700,10409200,4361200,3522300,22010100,8170500,26784700,3328700,9239300,9292930,15279600,34830800,424280000,27013388,3553100,12109000,20361300,1948500,13269500,4374300,9142500,3391700,61839200,54849400,97575100,10848300,18731400
2020-06-05,74.05581665039062,53.099998474121094,187.496826171875,338.9578857421875,27.684335708618164,24.44829750061035,48.6442985534668,47.66920852661133,39.089454650878906,77.70794677734375,10.666529655456543,44.987850189208984,190.3041229248047,57.35544967651367,125.4081802368164,94.94182586669922,139.71583557128906,35.09313201904297,64.96516418457031,41.174930572509766,52.392433166503906,8.8892183303833,25.37596893310547,103.00733184814453,78.24295043945312,19.39097785949707,86.29546356201172,49.773189544677734,281.8238525390625,32.76413345336914,59.39863586425781,27.686098098754883,17.674509048461914,23.536104202270508,93.73495483398438,40.98802185058594,93.8499984741211,53.099998474121094,225.6699981689453,357.2200012207031,31.70800018310547,28.110000610351562,61.33000183105469,58.86000061035156,48.59000015258789,100.80999755859375,14.600000381469727,59.310001373291016,217.9199981689453,64.33999633789062,147.3000030517578,111.2300033569336,149.2100067138672,41.560001373291016,78.49236297607422,49.529998779296875,53.720001220703125,8.920000076293945,34.14611053466797,128.02999877929688,88.55000305175781,21.989999771118164,90.73666381835938,55.20000076293945,311.8500061035156,42.369998931884766,74.63999938964844,31.670000076293945,22.420000076293945,26.239999771118164,103.20999908447266,53.08000183105469,95.54000091552734,53.56999969482422,225.9499969482422,364.1600036621094,32.81100082397461,29.010000228881836,61.77000045776367,62.470001220703125,48.779998779296875,102.05000305175781,14.899999618530273,59.86000061035156,222.97999572753906,65.11000061035156,149.63999938964844,115.7699966430664,151.75999450683594,42.0099983215332,79.32251739501953,51.849998474121094,54.81999969482422,8.996999740600586,34.6204948425293,132.5800018310547,89.4800033569336,23.09000015258789,92.05332946777344,56.34000015258789,314.2799987792969,44.2599983215332,75.75,33.88999938964844,22.625,26.829999923706055,104.04000091552734,53.45000076293945,92.80999755859375,52.08000183105469,218.1999969482422,356.1600036621094,31.509000778198242,27.8799991607666,60.529998779296875,58.34000015258789,47.029998779296875,99.05000305175781,13.5,58.220001220703125,217.66000366210938,63.15999984741211,146.60000610351562,109.52999877929688,148.33999633789062,40.470001220703125,77.75763702392578,49.2400016784668,52.59000015258789,8.708000183105469,34.041744232177734,126.02999877929688,87.81999969482422,21.56999969482422,90.25666809082031,55.060001373291016,300.5,41.7400016784668,73.05999755859375,31.459999084472656,21.895000457763672,26.149999618530273,101.68000030517578,51.599998474121094,93.5,52.9900016784668,219.6999969482422,359.0,31.969999313354492,28.950000762939453,61.18000030517578,61.56999969482422,47.38999938964844,99.08000183105469,13.510000228881836,59.209999084472656,222.0,63.36000061035156,147.69000244140625,114.93000030517578,149.6999969482422,40.95000076293945,78.34923553466797,51.29999923706055,52.65999984741211,8.794500350952148,34.38330078125,130.99000549316406,88.0,22.329999923706055,90.68333435058594,55.5,304.0,43.5,73.08999633789062,33.88999938964844,21.915000915527344,26.780000686645508,102.20999908447266,51.650001525878906,9630100,53908300,3714600,899200,50958000,118767900,11862600,44648500,11578800,12760100,15550300,6327200,4737600,26813100,9725400,42231000,4578800,10867700,10413347,17976100,34110700,481748000,36705655,4804700,11882100,26486400,2878200,9776100,5554300,12586800,5700500,107651200,100393400,135859300,14579500,41328900
2020-06-08,74.63972473144531,52.970001220703125,187.5632781982422,331.3953857421875,27.72275161743164,24.822280883789062,48.723609924316406,49.59671401977539,40.4731559753418,79.58108520507812,11.514006614685059,47.11170959472656,192.82794189453125,56.758174896240234,124.95690155029297,96.83672332763672,139.71583557128906,35.64199447631836,65.47057342529297,41.690345764160156,52.372920989990234,8.774614334106445,25.79901695251465,105.50147247314453,80.73471069335938,20.854782104492188,86.11790466308594,50.1068115234375,279.68206787109375,33.645687103271484,60.17851638793945,29.128536224365234,18.470727920532227,23.98458480834961,94.37975311279297,42.269866943359375,94.58999633789062,52.970001220703125,225.75,349.25,31.75200080871582,28.540000915527344,61.43000030517578,61.2400016784668,50.310001373291016,103.23999786376953,15.760000228881836,62.11000061035156,220.80999755859375,63.66999816894531,146.77000427246094,113.44999694824219,149.2100067138672,42.209999084472656,79.1030502319336,50.150001525878906,53.70000076293945,8.805000305175781,34.715370178222656,131.1300048828125,91.37000274658203,23.649999618530273,90.55000305175781,55.56999969482422,309.4800109863281,43.5099983215332,75.62000274658203,33.31999969482422,23.43000030517578,26.739999771118164,103.91999816894531,54.7400016784668,95.01000213623047,53.349998474121094,226.25,351.57000732421875,31.884000778198242,28.899999618530273,61.43000030517578,61.33000183105469,50.790000915527344,103.58999633789062,15.760000228881836,62.43000030517578,222.25999450683594,64.1500015258789,147.61000061035156,114.19000244140625,149.25,44.119998931884766,79.38931274414062,50.68000030517578,54.63999938964844,8.889749526977539,34.724857330322266,132.3699951171875,91.5,23.739999771118164,91.41999816894531,55.779998779296875,315.8399963378906,43.939998626708984,77.11000061035156,33.43000030517578,23.440000534057617,26.799999237060547,103.95999908447266,55.36000061035156,92.80999755859375,52.2599983215332,221.75,343.1099853515625,31.336000442504883,28.139999389648438,60.400001525878906,59.77000045776367,48.810001373291016,100.87000274658203,14.539999961853027,59.099998474121094,218.24000549316406,62.939998626708984,145.74000549316406,111.94000244140625,146.52000427246094,41.529998779296875,77.4332046508789,49.380001068115234,52.22999954223633,8.685750007629395,33.851993560791016,129.75999450683594,88.33999633789062,22.540000915527344,89.65666961669922,54.709999084472656,307.92999267578125,42.41999816894531,74.22000122070312,32.27000045776367,22.71500015258789,26.3700008392334,102.55000305175781,53.459999084472656,92.91000366210938,53.29999923706055,223.27000427246094,350.9700012207031,31.75,28.59000015258789,60.599998474121094,60.65999984741211,50.209999084472656,102.62999725341797,15.649999618530273,61.970001220703125,220.02000427246094,63.970001220703125,145.8800048828125,113.41000366210938,146.75,43.5,77.4332046508789,50.52000045776367,54.5,8.877249717712402,33.965843200683594,130.64999389648438,89.0,23.3700008392334,91.27666473388672,55.7400016784668,308.6400146484375,42.95000076293945,76.0,32.900001525878906,23.235000610351562,26.670000076293945,102.80000305175781,54.720001220703125,6621400,39681700,2270500,1001700,23916000,79598500,12549100,32587100,10242200,11090700,13064200,6075100,3260300,21546200,7555600,24881800,4076400,14498100,9956838,12150300,22850600,387736000,30194149,4019600,9748300,21082500,2531400,6302100,4635500,10445800,4397300,69051300,95069400,80298400,8191300,33579400
2020-06-09,75.88652038574219,56.38999938964844,186.8570098876953,331.47125244140625,27.530668258666992,24.543962478637695,48.327030181884766,48.187530517578125,39.12162780761719,78.2629623413086,10.63000202178955,45.10920715332031,190.4613494873047,56.19657516479492,124.26731872558594,94.35285949707031,139.64089965820312,34.12207794189453,64.96516418457031,41.89817428588867,51.83651351928711,9.01478385925293,25.531078338623047,101.5269546508789,79.30326843261719,19.849517822265625,86.18447875976562,51.04457092285156,279.4381103515625,32.55534744262695,56.71678161621094,28.52533531188965,17.776994705200195,23.473318099975586,93.39891052246094,41.327781677246094,96.16999816894531,56.38999938964844,224.89999389648438,349.3299865722656,31.531999588012695,28.219999313354492,60.93000030517578,59.5,48.630001068115234,101.52999877929688,14.550000190734863,59.470001220703125,218.10000610351562,63.040000915527344,145.9600067138672,110.54000091552734,149.1300048828125,40.40999984741211,78.49236297607422,50.400001525878906,53.150001525878906,9.045999526977539,34.35483932495117,126.19000244140625,89.75,22.510000228881836,90.62000274658203,56.61000061035156,309.2099914550781,42.099998474121094,71.2699966430664,32.630001068115234,22.549999237060547,26.170000076293945,102.83999633789062,53.52000045776367,96.66000366210938,56.459999084472656,228.30999755859375,353.1400146484375,31.88800048828125,28.540000915527344,62.16999816894531,60.20000076293945,49.189998626708984,102.93000030517578,15.029999732971191,61.41999816894531,220.02000427246094,63.709999084472656,149.3300018310547,111.62999725341797,151.75,40.939998626708984,79.68511199951172,50.689998626708984,53.5,9.109749794006348,34.78178405761719,127.76000213623047,90.38999938964844,22.8799991607666,90.9433364868164,56.630001068115234,312.6499938964844,42.54999923706055,73.69000244140625,33.08000183105469,22.7450008392334,26.399999618530273,104.22000122070312,53.970001220703125,94.76000213623047,52.720001220703125,224.57000732421875,345.17999267578125,31.156999588012695,27.549999237060547,60.93000030517578,57.650001525878906,47.880001068115234,99.83000183105469,14.220000267028809,58.650001525878906,215.16000366210938,62.900001525878906,145.64999389648438,109.01000213623047,149.11000061035156,39.36000061035156,78.35877990722656,48.56999969482422,52.45000076293945,8.751250267028809,34.31688690185547,124.62999725341797,89.05999755859375,21.709999084472656,89.23999786376953,54.95000076293945,307.3299865722656,41.34000015258789,71.02999877929688,31.510000228881836,22.239999771118164,25.920000076293945,102.72000122070312,52.45000076293945,94.94999694824219,52.95000076293945,226.0,346.6199951171875,31.200000762939453,27.719999313354492,61.75,59.0,48.25,100.69999694824219,15.0,59.560001373291016,215.74000549316406,62.9900016784668,148.25,110.6500015258789,149.75,40.310001373291016,79.37976837158203,48.720001220703125,52.650001525878906,8.800000190734863,34.629981994628906,126.19000244140625,90.2300033569336,22.559999465942383,89.63666534423828,55.290000915527344,309.8999938964844,41.880001068115234,73.1500015258789,32.439998626708984,22.68000030517578,26.110000610351562,103.70999908447266,52.880001068115234,9555900,79919100,2403600,737200,22335000,77773400,12159500,30422900,8203600,10745400,10895900,6336900,2478400,23594100,8247200,17031100,4302100,8264500,8846168,15090400,17840800,468488000,21675088,3455900,7327700,17914700,1958400,9355100,3061500,7580400,4902400,51480400,87399000,92833100,10371100,27276900
2020-06-10,76.46253967285156,57.439998626708984,188.70150756835938,330.1334533691406,27.506221771240234,23.134990692138672,47.7162971496582,45.239585876464844,36.9334602355957,75.21815490722656,9.987089157104492,42.196495056152344,186.4617462158203,56.93647384643555,125.83384704589844,90.52886962890625,141.3919219970703,33.091922760009766,64.57818603515625,40.476627349853516,51.173316955566406,9.334425926208496,25.326608657836914,95.68586730957031,80.41659545898438,18.482715606689453,86.48883056640625,51.892154693603516,276.3111877441406,30.405614852905273,54.950103759765625,25.972654342651367,16.901939392089844,22.594303131103516,93.25360107421875,39.111602783203125,96.9000015258789,57.439998626708984,227.1199951171875,347.9200134277344,31.503999710083008,26.600000381469727,60.15999984741211,55.86000061035156,45.90999984741211,97.58000183105469,13.670000076293945,55.630001068115234,213.52000427246094,63.869998931884766,147.8000030517578,106.05999755859375,151.0,39.189998626708984,78.02481079101562,48.689998626708984,52.470001220703125,9.36674976348877,34.07969665527344,118.93000030517578,91.01000213623047,20.959999084472656,90.94000244140625,57.54999923706055,305.75,39.31999969482422,69.05000305175781,29.709999084472656,21.440000534057617,25.190000534057617,102.68000030517578,50.650001525878906,99.3499984741211,59.0,229.49000549316406,353.4200134277344,31.92099952697754,28.100000381469727,61.41999816894531,59.13999938964844,48.290000915527344,101.5,14.5,58.11000061035156,219.85000610351562,64.29000091552734,150.02999877929688,110.51000213623047,152.39999389648438,40.79999923706055,78.9885482788086,50.5,53.29999923706055,9.5,34.582542419433594,125.69000244140625,92.13999938964844,22.059999465942383,91.80332946777344,58.040000915527344,310.30999755859375,41.7599983215332,72.3499984741211,32.33000183105469,22.360000610351562,26.15999984741211,103.5199966430664,53.5,96.80000305175781,57.029998779296875,225.52000427246094,347.7099914550781,31.469999313354492,26.510000228881836,59.900001525878906,55.86000061035156,45.869998931884766,97.55999755859375,13.350000381469727,55.599998474121094,212.8000030517578,62.75,146.60000610351562,105.8499984741211,149.83999633789062,39.130001068115234,77.28053283691406,48.61000061035156,51.56999969482422,9.153499603271484,34.051231384277344,118.5999984741211,90.02999877929688,20.940000534057617,90.56666564941406,56.81999969482422,302.8599853515625,39.18000030517578,68.68000030517578,29.649999618530273,21.43000030517578,25.170000076293945,102.2300033569336,50.599998474121094,96.98999786376953,57.20000076293945,226.67999267578125,351.010009765625,31.665000915527344,27.969999313354492,61.2400016784668,58.900001525878906,48.040000915527344,101.0,14.149999618530273,58.029998779296875,217.38999938964844,62.790000915527344,146.60000610351562,110.45999908447266,149.9600067138672,39.810001373291016,78.66412353515625,50.029998779296875,52.91999816894531,9.167750358581543,34.497154235839844,125.06999969482422,90.25,21.979999542236328,91.22333526611328,56.81999969482422,308.94000244140625,41.54999923706055,71.62000274658203,32.29999923706055,22.34000015258789,26.020000457763672,103.18000030517578,53.5,11138300,78719400,2851300,997900,25914000,90415300,13343700,36743700,7882300,10486300,12575600,6349300,3091200,21367800,10137100,24913300,4940200,7984800,9080920,14770900,18766700,632180000,29557217,3630800,9079700,16602500,2579400,9194300,3296100,11590200,4571200,82090000,80977000,110848900,10519700,31156800
2020-06-11,72.80115509033203,52.83000183105469,181.8719940185547,315.8717956542969,25.64738655090332,20.81279182434082,44.97990036010742,39.189823150634766,33.88449478149414,68.88959503173828,8.913129806518555,38.7983283996582,169.52896118164062,53.21915054321289,119.93375396728516,82.97484588623047,134.91226196289062,29.832555770874023,61.08747863769531,37.05162811279297,47.320926666259766,8.765897750854492,23.479290008544922,86.49783325195312,74.24022674560547,16.322282791137695,80.99491882324219,49.6289176940918,256.41131591796875,27.946561813354492,48.289249420166016,23.419973373413086,15.30949878692627,20.7465763092041,88.06781005859375,35.65989303588867,92.26000213623047,52.83000183105469,218.89999389648438,332.8900146484375,29.375,23.93000030517578,56.709999084472656,48.38999938964844,42.119998931884766,89.37000274658203,12.199999809265137,51.150001525878906,194.1300048828125,59.70000076293945,140.8699951171875,97.20999908447266,144.0800018310547,35.33000183105469,73.8072509765625,44.56999969482422,48.52000045776367,8.796250343322754,31.59392738342285,107.51000213623047,84.0199966430664,18.510000228881836,85.163330078125,55.040000915527344,283.7300109863281,36.13999938964844,60.68000030517578,26.790000915527344,19.420000076293945,23.1299991607666,96.97000122070312,46.18000030517578,96.88999938964844,56.68000030517578,229.77999877929688,344.82000732421875,30.854999542236328,25.690000534057617,60.279998779296875,53.52000045776367,44.25,94.19000244140625,13.220000267028809,54.93000030517578,206.89999389648438,63.29999923706055,149.1699981689453,101.58000183105469,152.24000549316406,37.880001068115234,77.91984558105469,47.20000076293945,51.09000015258789,9.261249542236328,33.851993560791016,114.2300033569336,89.05999755859375,19.719999313354492,88.92333221435547,56.40999984741211,303.3599853515625,37.689998626708984,66.5199966430664,28.43000030517578,20.520000457763672,24.360000610351562,101.9800033569336,48.84000015258789,92.02999877929688,52.79999923706055,218.6699981689453,332.79998779296875,29.34000015258789,23.68000030517578,56.400001525878906,48.20000076293945,41.79999923706055,89.12000274658203,11.920000076293945,51.06999969482422,194.02000427246094,59.52000045776367,140.75,96.54000091552734,143.0500030517578,35.16999816894531,73.8072509765625,44.439998626708984,48.20000076293945,8.78600025177002,31.574953079223633,107.29000091552734,83.91000366210938,18.450000762939453,85.06999969482422,55.0099983215332,280.79998779296875,36.060001373291016,60.279998779296875,26.700000762939453,19.354999542236328,23.09000015258789,96.62999725341797,46.099998474121094,95.69000244140625,55.939998626708984,228.05999755859375,341.6000061035156,30.761999130249023,24.979999542236328,59.900001525878906,51.66999816894531,42.08000183105469,92.30000305175781,12.199999809265137,51.77000045776367,204.6999969482422,63.06999969482422,148.5800018310547,100.02999877929688,151.85000610351562,35.900001525878906,77.10877990722656,46.130001068115234,50.41999816894531,9.149999618530273,33.776092529296875,112.16999816894531,88.62000274658203,19.1200008392334,88.63333129882812,55.849998474121094,303.3599853515625,36.650001525878906,64.55000305175781,27.200000762939453,19.94499969482422,24.0,101.79000091552734,47.529998779296875,12584800,78715400,3900700,919300,45115000,149875500,17371900,62098600,8435200,14944800,9180400,5890600,4923400,26998200,11913300,36259200,4547400,10531700,14303838,17961900,29897600,583652000,63166642,4163100,15241700,19638300,3992100,9877100,6638900,16095900,6214000,75621300,96304400,233116600,39561900,39183000
2020-06-12,72.95899200439453,53.5,181.0411376953125,325.53125,26.214902877807617,21.55207061767578,44.55160903930664,42.31593704223633,35.17970275878906,71.21749877929688,9.436561584472656,39.87541580200195,176.20948791503906,52.88931655883789,121.02352905273438,85.24533081054688,134.40658569335938,30.921812057495117,60.73720932006836,38.47315979003906,47.486732482910156,8.901673316955566,23.796579360961914,89.11265563964844,75.31824493408203,16.754365921020508,82.09814453125,50.49454116821289,257.69464111328125,29.00596809387207,50.764190673828125,24.451534271240234,15.695784568786621,21.374446868896484,88.63996887207031,36.42436981201172,92.45999908447266,53.5,217.89999389648438,343.07000732421875,30.024999618530273,24.780000686645508,56.16999816894531,52.25,43.72999954223633,92.38999938964844,12.800000190734863,52.56999969482422,201.77999877929688,59.33000183105469,142.14999389648438,99.87000274658203,143.5399932861328,36.619998931884766,72.80534362792969,46.279998779296875,48.689998626708984,8.932499885559082,32.0208740234375,110.76000213623047,85.23999786376953,19.0,86.32333374023438,56.0,285.1499938964844,37.5099983215332,63.790000915527344,27.969999313354492,19.90999984741211,23.829999923706055,97.5999984741211,47.16999816894531,94.73999786376953,55.599998474121094,222.35000610351562,347.2699890136719,30.395000457763672,25.049999237060547,57.650001525878906,52.45000076293945,45.40999984741211,93.6500015258789,13.09000015258789,54.18000030517578,202.94000244140625,60.959999084472656,143.7100067138672,101.12999725341797,146.3800048828125,37.900001525878906,74.36068725585938,46.95000076293945,50.47999954223633,9.187250137329102,32.35293960571289,113.20999908447266,87.13999938964844,19.81999969482422,88.0566635131836,56.869998931884766,294.1000061035156,38.27000045776367,64.6500015258789,28.229999542236328,20.420000076293945,24.059999465942383,99.31999969482422,48.619998931884766,91.02999877929688,52.11000061035156,214.1999969482422,337.25,29.273000717163086,24.040000915527344,55.59000015258789,49.79999923706055,42.11000061035156,90.01000213623047,12.109999656677246,50.65999984741211,196.2100067138672,58.119998931884766,140.27999877929688,97.33000183105469,141.47000122070312,35.33000183105469,72.01335906982422,45.119998931884766,47.36000061035156,8.70324993133545,31.356735229492188,107.76000213623047,83.52999877929688,18.440000534057617,84.39666748046875,55.349998474121094,278.70001220703125,36.59000015258789,61.66999816894531,27.350000381469727,19.3700008392334,23.219999313354492,95.91999816894531,45.90999984741211,93.73999786376953,55.0099983215332,221.10000610351562,346.260009765625,30.281999588012695,25.030000686645508,57.59000015258789,51.400001525878906,45.310001373291016,93.62000274658203,13.029999732971191,53.849998474121094,200.6199951171875,60.11000061035156,142.83999633789062,100.70999908447266,145.5399932861328,37.630001068115234,74.32251739501953,46.7599983215332,50.290000915527344,9.162500381469727,32.33396530151367,113.01000213623047,86.25,19.56999969482422,87.34333038330078,56.5,290.6499938964844,38.15999984741211,63.88999938964844,28.0,20.274999618530273,24.059999465942383,99.0,48.040000915527344,8010100,71189100,2426600,845000,39439000,73729700,14864200,39040000,8928400,9532400,8107100,4552500,3380800,30419800,8687400,24856800,3973200,7688900,17000656,14093100,24293600,570908000,37902472,3730900,10113200,14646700,4613400,9838800,5416800,9329300,3575200,51301200,85635000,127502900,19397200,30978100
2020-06-15,73.44822692871094,54.68000030517578,182.6031036376953,332.1165466308594,26.55017852783203,21.873878479003906,43.70292282104492,42.90715408325195,34.87399673461914,70.3233413696289,9.502912521362305,39.60237121582031,180.16542053222656,53.57572937011719,120.25731658935547,86.42324829101562,132.51516723632812,31.95197868347168,58.92226028442383,39.40424346923828,48.02313995361328,9.142091751098633,23.52159881591797,90.89071655273438,76.33435821533203,17.036544799804688,83.20469665527344,50.5125732421875,258.71588134765625,29.988039016723633,50.60502624511719,24.661344528198242,15.743084907531738,21.670440673828125,88.83975982666016,36.40119552612305,93.08000183105469,54.68000030517578,219.77999877929688,350.010009765625,30.409000396728516,25.149999618530273,55.099998474121094,52.97999954223633,43.349998474121094,91.2300033569336,12.890000343322754,52.209999084472656,206.30999755859375,60.099998474121094,141.25,101.25,141.52000427246094,37.84000015258789,70.62976837158203,47.400001525878906,49.2400016784668,9.173749923706055,31.650854110717773,112.97000122070312,86.38999938964844,19.31999969482422,87.29666900634766,56.02000045776367,286.2799987792969,38.779998779296875,63.59000015258789,28.209999084472656,19.969999313354492,24.15999984741211,97.81999969482422,47.13999938964844,94.02999877929688,54.72999954223633,221.0,350.010009765625,30.674999237060547,25.170000076293945,55.779998779296875,53.0,43.90999984741211,92.08000183105469,13.09000015258789,52.7400016784668,206.99000549316406,60.36000061035156,142.39999389648438,101.43000030517578,142.89999389648438,38.20000076293945,71.91793823242188,47.849998474121094,49.72999954223633,9.182250022888184,31.99241065979004,113.31999969482422,86.56999969482422,19.610000610351562,87.43333435058594,56.119998931884766,287.0,39.02000045776367,63.970001220703125,28.389999389648438,20.174999237060547,24.239999771118164,98.37999725341797,47.7599983215332,90.77999877929688,52.40999984741211,213.86000061035156,336.6300048828125,29.240999221801758,23.690000534057617,54.06999969482422,49.7400016784668,40.849998474121094,88.20999908447266,11.819999694824219,49.27000045776367,195.14999389648438,58.58000183105469,139.38999938964844,95.87000274658203,139.67999267578125,34.61000061035156,70.20037841796875,44.599998474121094,47.099998474121094,8.743749618530273,31.081594467163086,105.94000244140625,83.0999984741211,17.709999084472656,83.94667053222656,54.52000045776367,273.7099914550781,35.65999984741211,59.560001373291016,26.559999465942383,18.850000381469727,22.959999084472656,95.41999816894531,44.75,91.2699966430664,52.58000183105469,215.80999755859375,337.510009765625,29.5,23.760000228881836,55.63999938964844,49.959999084472656,41.06999969482422,89.08999633789062,12.010000228881836,49.72999954223633,195.72999572753906,59.33000183105469,141.0,96.41999816894531,142.0,34.79999923706055,71.47901153564453,44.65999984741211,47.36000061035156,8.815250396728516,31.59392738342285,106.38999938964844,83.66999816894531,17.979999542236328,84.23999786376953,54.709999084472656,278.0199890136719,35.83000183105469,60.869998931884766,26.860000610351562,19.059999465942383,23.010000228881836,96.13999938964844,45.349998474121094,7120200,56740700,2471800,598200,29824000,76538900,21617800,36592100,7992100,12289500,7482400,5415200,3467400,29651700,8649600,22153600,3709900,9565800,17684162,14758800,18092300,400004000,36247482,2606600,9852600,12742000,2132400,7509700,4494600,11284100,4972900,48311400,65694800,92469500,14521800,27929300
2020-06-16,75.79969787597656,54.459999084472656,188.4937744140625,334.0522155761719,27.129045486450195,22.4392032623291,45.25751495361328,44.09765625,36.28987121582031,72.48169708251953,9.805177688598633,41.41521453857422,183.02978515625,53.843162536621094,122.990234375,87.11463165283203,153.29319763183594,32.62749481201172,61.27054214477539,40.36856460571289,49.7591552734375,9.037203788757324,23.54979705810547,92.47569274902344,79.10003662109375,17.239368438720703,84.82819366455078,50.31420135498047,264.788818359375,30.42108154296875,52.650238037109375,24.93235206604004,16.19637680053711,22.011280059814453,91.02853393554688,37.21971893310547,96.05999755859375,54.459999084472656,226.8699951171875,352.04998779296875,31.07200050354004,25.799999237060547,57.060001373291016,54.45000076293945,45.11000061035156,94.02999877929688,13.300000190734863,54.599998474121094,209.58999633789062,60.400001525878906,144.4600067138672,102.05999755859375,163.7100067138672,38.63999938964844,73.44465637207031,48.560001373291016,51.02000045776367,9.068499565124512,31.688804626464844,114.94000244140625,89.5199966430664,19.549999237060547,89.0,55.79999923706055,293.0,39.34000015258789,66.16000366210938,28.520000457763672,20.545000076293945,24.540000915527344,100.2300033569336,48.20000076293945,96.19999694824219,56.06999969482422,228.8800048828125,355.0,31.454999923706055,26.239999771118164,57.290000915527344,56.400001525878906,45.68000030517578,95.58000183105469,13.880000114440918,54.939998626708984,214.97999572753906,61.650001525878906,145.4199981689453,105.68000030517578,167.42999267578125,40.47999954223633,73.864501953125,49.599998474121094,52.150001525878906,9.26675033569336,32.220115661621094,117.70999908447266,90.44000244140625,20.670000076293945,90.43333435058594,57.0,297.57000732421875,40.5,67.7699966430664,29.649999618530273,20.950000762939453,25.1200008392334,100.87000274658203,49.75,93.4800033569336,53.59000015258789,222.6199951171875,347.0400085449219,30.399999618530273,24.860000610351562,55.5,52.31999969482422,43.599998474121094,91.48999786376953,12.800000190734863,51.900001525878906,203.72999572753906,59.4900016784668,142.77000427246094,99.30999755859375,155.0,37.619998931884766,71.40267181396484,46.90999984741211,49.86000061035156,8.838749885559082,31.043643951416016,112.36000061035156,87.76000213623047,19.170000076293945,87.413330078125,55.540000915527344,287.44000244140625,38.380001068115234,64.41000366210938,27.770000457763672,19.959999084472656,23.950000762939453,98.58000183105469,47.2400016784668,94.86000061035156,55.720001220703125,222.8300018310547,351.25,31.0,26.18000030517578,55.93000030517578,56.29999923706055,45.29999923706055,94.98999786376953,13.869999885559082,54.54999923706055,214.97999572753906,61.4900016784668,144.08999633789062,105.37000274658203,156.32000732421875,40.11000061035156,71.92748260498047,49.439998626708984,51.15999984741211,9.225000381469727,31.869070053100586,117.61000061035156,89.9000015258789,20.579999923706055,89.86333465576172,56.59000015258789,295.44000244140625,40.41999816894531,66.69000244140625,29.43000030517578,20.920000076293945,25.1200008392334,100.12000274658203,49.56999969482422,9366100,50949700,2581600,863900,30387000,96796500,16973300,37638700,6932400,8726700,10065500,4660800,3099100,23226600,7579100,22193600,15029300,7253800,21437050,13551500,20987200,535716000,55616945,2629100,12639800,17831200,3384300,8827200,4245400,9409400,4046100,52985600,64083800,108121300,13272800,26203400
2020-06-17,75.54719543457031,54.54999923706055,187.7460479736328,343.8826599121094,27.36652374267578,21.743410110473633,45.17027282714844,42.923343658447266,35.41300964355469,70.56230926513672,9.311233520507812,39.8071403503418,180.06065368652344,53.923397064208984,122.61565399169922,84.91244506835938,149.7912139892578,31.352466583251953,60.7292594909668,39.70350646972656,49.700626373291016,9.20412826538086,23.662607192993164,89.94938659667969,79.47115325927734,17.48627281188965,85.48905181884766,51.03554916381836,264.42730712890625,29.779247283935547,49.594364166259766,23.9969482421875,15.644540786743164,21.679410934448242,90.93769836425781,36.00736999511719,95.73999786376953,54.54999923706055,225.97000122070312,362.4100036621094,31.3439998626709,25.0,56.95000076293945,53.0,44.02000045776367,91.54000091552734,12.630000114440918,52.47999954223633,206.19000244140625,60.4900016784668,144.02000427246094,99.4800033569336,159.97000122070312,37.130001068115234,72.7957992553711,47.7599983215332,50.959999084472656,9.236000061035156,31.840606689453125,111.80000305175781,89.94000244140625,19.829999923706055,89.6933364868164,56.599998474121094,292.6000061035156,38.5099983215332,62.31999969482422,27.450000762939453,19.844999313354492,24.170000076293945,100.12999725341797,46.630001068115234,97.0999984741211,55.81999969482422,228.80999755859375,365.75,31.67099952697754,25.899999618530273,57.36000061035156,54.79999923706055,45.099998474121094,94.0,13.3100004196167,54.54999923706055,210.7899932861328,61.279998779296875,145.4199981689453,102.54000091552734,164.36000061035156,38.63999938964844,73.90267181396484,48.779998779296875,51.5099983215332,9.298999786376953,32.03984832763672,115.37999725341797,91.08999633789062,20.040000915527344,90.5,56.81999969482422,295.1000061035156,39.619998931884766,65.83999633789062,28.549999237060547,20.469999313354492,24.610000610351562,100.91000366210938,48.130001068115234,95.2699966430664,54.29999923706055,224.52999877929688,360.4100036621094,31.179000854492188,24.920000076293945,56.709999084472656,52.880001068115234,43.90999984741211,91.5,12.600000381469727,52.439998626708984,205.44000244140625,60.060001373291016,143.47000122070312,99.20999908447266,159.39999389648438,37.119998931884766,72.16603088378906,47.65999984741211,50.540000915527344,9.070249557495117,31.612903594970703,111.44999694824219,89.30000305175781,19.270000457763672,89.15666961669922,55.88999938964844,291.2300109863281,38.45000076293945,62.29999923706055,27.350000381469727,19.84000015258789,24.1299991607666,99.77999877929688,46.599998474121094,96.8499984741211,54.790000915527344,228.5399932861328,361.3800048828125,31.341999053955078,25.899999618530273,57.209999084472656,54.70000076293945,44.9900016784668,93.83000183105469,13.199999809265137,54.5,210.0,60.7400016784668,144.89999389648438,102.52999877929688,164.22999572753906,38.5,73.8167953491211,48.70000076293945,51.29999923706055,9.113750457763672,31.869070053100586,114.93000030517578,90.68000030517578,19.510000228881836,89.84666442871094,56.150001525878906,295.1000061035156,39.400001525878906,65.83999633789062,28.5,20.46500015258789,24.610000610351562,100.7300033569336,48.0,6212200,45146500,2751100,710400,20279000,58349500,13638200,23727300,5967200,6019900,7580300,3933500,1798300,20454800,5100100,15639800,4711200,5498500,13983045,8674400,13905100,408304000,27509822,1811300,7620300,15816600,1371300,8248700,2538000,7153000,4649800,38660800,46736000,56320900,9086200,19279400
2020-06-18,75.93384552001953,54.040000915527344,191.3602294921875,340.5329895019531,27.82665252685547,21.778207778930664,44.39297866821289,42.95574188232422,35.7589225769043,70.87063598632812,9.54714584350586,40.14849090576172,178.00845336914062,53.55790328979492,122.0962905883789,84.4515151977539,150.8211669921875,32.48395538330078,60.67353057861328,39.55386734008789,49.232486724853516,9.186188697814941,23.436983108520508,89.0885238647461,79.4534912109375,17.79490089416504,85.33016967773438,51.00830841064453,263.41522216796875,29.82564353942871,51.43266677856445,24.084367752075195,15.837681770324707,21.652503967285156,90.62890625,36.23131561279297,96.2300033569336,54.040000915527344,230.32000732421875,358.8800048828125,31.871000289916992,25.040000915527344,55.970001220703125,53.040000915527344,44.45000076293945,91.94000244140625,12.949999809265137,52.93000030517578,203.83999633789062,60.08000183105469,143.41000366210938,98.94000244140625,161.07000732421875,38.470001220703125,72.72901153564453,47.58000183105469,50.47999954223633,9.218000411987305,31.537002563476562,110.7300033569336,89.91999816894531,20.18000030517578,89.52666473388672,56.150001525878906,291.4800109863281,38.56999969482422,64.62999725341797,27.549999237060547,20.09000015258789,24.139999389648438,99.79000091552734,46.91999816894531,96.44999694824219,55.119998931884766,231.47999572753906,361.79998779296875,31.91200065612793,25.489999771118164,56.619998931884766,53.650001525878906,44.84000015258789,93.2300033569336,13.140000343322754,53.84000015258789,207.25999450683594,60.5099983215332,144.1199951171875,100.5199966430664,162.97000122070312,39.0,72.78626251220703,48.380001068115234,51.040000915527344,9.282500267028809,31.755218505859375,113.5199966430664,90.48999786376953,20.229999542236328,90.00666809082031,56.540000915527344,291.7799987792969,39.290000915527344,65.3499984741211,27.93000030517578,20.309999465942383,24.3700008392334,100.0199966430664,47.33000183105469,95.26000213623047,53.650001525878906,225.67999267578125,356.5199890136719,31.152000427246094,24.579999923706055,55.58000183105469,52.029998779296875,43.18000030517578,90.0999984741211,12.369999885559082,51.470001220703125,202.6699981689453,59.31999969482422,141.8699951171875,98.12999725341797,158.1999969482422,36.40999984741211,71.90839385986328,46.970001220703125,50.02000045776367,9.114500045776367,31.29032325744629,109.9800033569336,89.02999877929688,19.190000534057617,89.12999725341797,55.790000915527344,286.6000061035156,37.88999938964844,61.34000015258789,26.93000030517578,19.524999618530273,23.860000610351562,99.16000366210938,45.77000045776367,95.55999755859375,54.619998931884766,226.86000061035156,359.5799865722656,31.211999893188477,24.700000762939453,56.56999969482422,52.66999816894531,43.529998779296875,91.0,12.4399995803833,52.0,203.99000549316406,60.349998474121094,142.52000427246094,98.66999816894531,159.1999969482422,36.95000076293945,72.16603088378906,47.119998931884766,50.5,9.22700023651123,31.565465927124023,110.83999633789062,89.8499984741211,19.309999465942383,89.57333374023438,56.040000915527344,290.42999267578125,38.04999923706055,61.70000076293945,27.100000381469727,19.645000457763672,23.93000030517578,99.55999755859375,46.11000061035156,4571600,40354700,2469800,494700,33625000,53419000,14113300,22280600,7293700,7064100,6611000,3444300,2051700,24899700,4797400,16591900,3631600,6219300,7750903,9825200,13220200,254408000,32278855,2322700,5709500,15867700,1340400,6831500,2926600,5425900,3817800,33670200,36937800,61206500,7115200,21478700
2020-06-19,76.31260681152344,54.22999954223633,198.32273864746094,342.2315368652344,26.70726776123047,21.960845947265625,44.7419548034668,42.85856246948242,35.15556716918945,69.86083221435547,9.539773941040039,39.670623779296875,176.07847595214844,53.14783477783203,122.45384979248047,83.48696899414062,149.76307678222656,32.24751663208008,62.010860443115234,39.01352310180664,49.573848724365234,9.229289054870605,23.563901901245117,87.07714080810547,78.47269439697266,17.380451202392578,84.91714477539062,50.24523162841797,264.3318786621094,30.057634353637695,50.262821197509766,24.12807846069336,15.597238540649414,21.508991241455078,91.50078582763672,35.50545120239258,96.70999908447266,54.22999954223633,238.6999969482422,360.6700134277344,30.277000427246094,25.25,56.40999984741211,52.91999816894531,43.70000076293945,90.62999725341797,12.9399995803833,52.29999923706055,201.6300048828125,59.619998931884766,143.8300018310547,97.80999755859375,159.94000244140625,38.189998626708984,74.33206176757812,46.93000030517578,50.83000183105469,9.261249542236328,31.707780838012695,108.2300033569336,88.80999755859375,19.709999084472656,89.09333038330078,55.310001373291016,291.239990234375,38.869998931884766,63.15999984741211,27.600000381469727,19.78499984741211,23.979999542236328,100.75,45.97999954223633,98.19999694824219,55.459999084472656,239.07000732421875,368.1400146484375,31.809999465942383,25.489999771118164,56.83000183105469,54.09000015258789,45.900001525878906,94.41000366210938,13.65999984741211,55.4900016784668,207.4199981689453,60.88999938964844,145.8800048828125,100.5999984741211,162.47999572753906,41.79999923706055,74.40839385986328,48.68000030517578,52.75,9.444999694824219,32.01138687133789,113.12000274658203,90.25,20.959999084472656,90.93333435058594,56.5,296.5199890136719,39.36000061035156,66.86000061035156,28.049999237060547,20.719999313354492,24.610000610351562,101.33999633789062,48.2599983215332,95.75,53.81999969482422,231.30999755859375,359.5899963378906,30.277000427246094,24.489999771118164,54.72999954223633,51.560001373291016,43.380001068115234,90.55000305175781,12.729999542236328,52.27000045776367,200.97000122070312,59.099998474121094,143.25,96.7300033569336,158.25999450683594,38.189998626708984,72.33778381347656,46.709999084472656,50.75,9.227250099182129,31.42314910888672,107.12000274658203,87.54000091552734,19.450000762939453,88.8499984741211,55.27000045776367,290.9100036621094,37.900001525878906,63.02000045776367,27.010000228881836,19.764999389648438,23.709999084472656,99.70999908447266,45.97999954223633,97.72000122070312,54.40999984741211,233.3800048828125,364.7300109863281,31.76799964904785,25.440000534057617,56.70000076293945,54.060001373291016,45.900001525878906,94.41000366210938,13.420000076293945,55.439998626708984,207.0500030517578,60.650001525878906,145.7899932861328,100.52999877929688,162.22999572753906,41.7599983215332,73.59732818603516,48.459999084472656,51.15999984741211,9.242500305175781,31.963947296142578,112.33999633789062,89.87000274658203,20.940000534057617,90.6500015258789,56.47999954223633,294.42999267578125,39.36000061035156,66.0199966430664,28.0,20.71500015258789,24.600000381469727,100.93000030517578,48.220001220703125,9210900,52801500,5319500,786900,58465000,127563600,54134700,50379300,13702800,14838800,15559700,7928400,4962400,60336100,12206900,40371200,6004900,25989000,17691393,20962700,28081500,524160000,43986266,6735000,23213800,22249100,2271300,6965100,5172800,42484600,9539900,71903000,53934200,99903900,12177000,48899900
2020-06-22,76.75448608398438,54.7599983215332,194.5756072998047,345.6664733886719,27.657285690307617,21.41291046142578,45.65409851074219,42.16205978393555,35.042945861816406,70.6008529663086,9.362838745117188,39.76164245605469,177.6416778564453,53.56681823730469,122.07923126220703,82.58222961425781,150.2406005859375,32.60216522216797,61.09540939331055,39.387611389160156,49.885929107666016,9.493875503540039,23.34532356262207,87.34262084960938,78.75542449951172,17.47745132446289,85.54302978515625,50.87204360961914,265.6297302246094,29.555002212524414,49.86494064331055,23.90953254699707,15.66950511932373,21.4024715423584,91.14965057373047,35.845211029052734,97.2699966430664,54.7599983215332,234.19000244140625,364.2900085449219,31.354000091552734,24.6200008392334,57.560001373291016,52.060001373291016,43.560001373291016,91.58999633789062,12.699999809265137,52.41999816894531,203.4199981689453,60.09000015258789,143.38999938964844,96.75,160.4499969482422,38.61000061035156,73.23473358154297,47.380001068115234,51.150001525878906,9.526749610900879,31.41366195678711,108.55999755859375,89.12999725341797,19.81999969482422,89.75,56.0,292.6700134277344,38.220001220703125,62.65999984741211,27.350000381469727,19.625,23.709999084472656,99.94000244140625,46.41999816894531,97.30000305175781,55.16999816894531,237.64999389648438,364.92999267578125,31.417999267578125,25.030000686645508,57.689998626708984,52.56999969482422,43.97999954223633,91.69000244140625,12.979999542236328,52.81999969482422,204.5800018310547,60.54999923706055,143.66000366210938,97.94999694824219,161.47999572753906,38.779998779296875,74.07442474365234,47.61000061035156,51.400001525878906,9.53125,31.650854110717773,109.9800033569336,89.44000244140625,20.0,89.95999908447266,56.0,293.0,38.709999084472656,63.0,27.6299991607666,19.690000534057617,23.8799991607666,100.08000183105469,46.439998626708984,95.81999969482422,53.7400016784668,233.05999755859375,359.82000732421875,30.35300064086914,24.610000610351562,55.91999816894531,51.52000045776367,42.65999984741211,89.58999633789062,12.5600004196167,51.33000183105469,200.0,58.83000183105469,142.02999877929688,96.54000091552734,158.9199981689453,37.02000045776367,72.92938995361328,46.54999923706055,50.2400016784668,9.273249626159668,31.223909378051758,106.13999938964844,87.61000061035156,19.360000610351562,88.13999938964844,55.31999969482422,286.260009765625,37.88999938964844,61.459999084472656,26.889999389648438,19.209999084472656,23.530000686645508,98.91000366210938,45.400001525878906,96.63999938964844,54.66999816894531,236.30999755859375,362.3800048828125,30.549999237060547,24.889999389648438,56.2400016784668,51.849998474121094,43.2400016784668,90.31999969482422,12.90999984741211,51.9900016784668,200.99000549316406,59.72999954223633,143.47000122070312,97.25,159.17999267578125,37.63999938964844,73.82633972167969,46.79999923706055,51.099998474121094,9.300000190734863,31.622390747070312,107.43000030517578,88.72000122070312,19.479999542236328,89.0,55.5,289.7900085449219,38.459999084472656,62.43000030517578,27.270000457763672,19.440000534057617,23.68000030517578,99.91000366210938,45.689998626708984,6004300,44704800,2337000,554500,27195000,55484300,18716200,22642100,5009100,5939200,6084900,3335400,1806900,22846000,5285600,16216900,2647300,10442600,7474231,11657400,15952200,398468000,23332503,2178100,8028000,9110100,1286100,4480400,2174100,8321200,3138000,32808300,38896400,47929500,6889200,17565400
2020-06-23,76.78606414794922,53.9900016784668,195.87173461914062,347.8963317871094,27.459697723388672,21.560766220092773,46.30448532104492,42.88284683227539,35.24406433105469,70.4852294921875,9.12692642211914,39.7919807434082,178.82933044433594,53.41526412963867,121.6280288696289,83.58942413330078,149.20126342773438,32.76259994506836,61.38994216918945,39.811580657958984,48.608306884765625,9.417388916015625,23.105594635009766,86.67484283447266,78.9498291015625,17.257001876831055,85.84803771972656,51.56243133544922,270.1042785644531,29.848854064941406,49.85697555541992,23.80462646484375,15.68547534942627,21.501766204833984,91.54181671142578,36.06143569946289,97.30999755859375,53.9900016784668,235.75,366.6400146484375,31.1299991607666,24.790000915527344,58.380001068115234,52.95000076293945,43.810001373291016,91.44000244140625,12.380000114440918,52.459999084472656,204.77999877929688,59.91999816894531,142.86000061035156,97.93000030517578,159.33999633789062,38.79999923706055,73.58778381347656,47.88999938964844,49.84000015258789,9.449999809265137,31.091081619262695,107.7300033569336,89.3499984741211,19.56999969482422,90.06999969482422,56.7599983215332,297.6000061035156,38.599998474121094,62.650001525878906,27.229999542236328,19.645000457763672,23.81999969482422,100.37000274658203,46.70000076293945,99.0999984741211,55.369998931884766,239.1699981689453,371.79998779296875,31.743999481201172,25.40999984741211,59.099998474121094,53.72999954223633,44.529998779296875,93.08999633789062,13.0,53.5,207.50999450683594,60.470001220703125,144.0800018310547,99.97000122070312,162.8699951171875,39.70000076293945,75.01908111572266,48.47999954223633,50.88999938964844,9.642499923706055,31.546489715576172,111.83000183105469,90.61000061035156,20.1299991607666,91.00666809082031,57.15999984741211,299.2799987792969,39.45000076293945,63.75,28.290000915527344,19.969999313354492,24.219999313354492,101.2300033569336,47.220001220703125,97.05000305175781,53.869998931884766,233.44000244140625,366.54998779296875,31.128999710083008,24.760000228881836,57.81999969482422,52.5,43.59000015258789,91.18000030517578,12.279999732971191,52.0,203.63999938964844,59.86000061035156,142.67999267578125,97.8499984741211,158.9499969482422,38.66999816894531,73.36832427978516,47.61000061035156,49.56999969482422,9.407500267028809,31.062618255615234,107.69000244140625,89.11000061035156,19.440000534057617,89.91000366210938,56.529998779296875,291.07000732421875,38.34000015258789,62.5,27.190000534057617,19.584999084472656,23.799999237060547,100.18000030517578,46.5,98.41999816894531,55.04999923706055,234.8699951171875,370.6099853515625,31.506000518798828,25.010000228881836,57.939998626708984,52.95000076293945,44.119998931884766,92.5,12.90999984741211,53.189998626708984,206.5,60.189998626708984,143.74000549316406,98.97000122070312,160.88999938964844,39.04999923706055,73.95037841796875,48.27000045776367,50.689998626708984,9.550999641418457,31.49905014038086,110.66000366210938,90.13999938964844,19.969999313354492,90.62333679199219,56.63999938964844,294.010009765625,38.900001525878906,63.400001525878906,27.780000686645508,19.920000076293945,24.06999969482422,100.62999725341797,46.900001525878906,6715600,48089000,2171500,604100,22419000,46108300,15557200,22092600,4962200,6317700,9560800,3850000,2451800,22809600,5921600,15381400,2771500,5808200,11428650,9672600,23194200,375108000,37690408,2060800,7778700,18440100,1177800,7836500,4023400,6545800,2628500,47279100,29611600,47218900,5369900,18916600
2020-06-24,75.0737533569336,52.38999938964844,193.17979431152344,343.0950012207031,27.077754974365234,20.708431243896484,45.81272506713867,41.149715423583984,32.975440979003906,67.55602264404297,8.293854713439941,37.12958908081055,172.9259796142578,52.67537307739258,119.03983306884766,80.79828643798828,147.0382843017578,30.592504501342773,60.39491271972656,39.030147552490234,47.096614837646484,9.203629493713379,22.696643829345703,83.17501068115234,78.7642593383789,15.749105453491211,83.96402740478516,51.39893341064453,262.4621276855469,28.511062622070312,46.17241668701172,22.834257125854492,14.815163612365723,20.743515014648438,89.15226745605469,34.362606048583984,95.13999938964844,52.38999938964844,232.50999450683594,361.5799865722656,30.69700050354004,23.809999465942383,57.7599983215332,50.810001373291016,40.9900016784668,87.63999938964844,11.25,48.95000076293945,198.02000427246094,59.09000015258789,139.82000732421875,94.66000366210938,157.02999877929688,36.22999954223633,72.39503479003906,46.95000076293945,48.290000915527344,9.23550033569336,30.540796279907227,103.37999725341797,89.13999938964844,17.860000610351562,88.09333038330078,56.58000183105469,289.17999267578125,36.869998931884766,58.02000045776367,26.1200008392334,18.55500030517578,22.979999542236328,97.75,44.5,97.16000366210938,54.7400016784668,237.0,367.55999755859375,31.097000122070312,24.540000915527344,58.209999084472656,51.84000015258789,43.16999816894531,90.12999725341797,12.170000076293945,52.29999923706055,202.61000061035156,59.810001373291016,142.19000244140625,96.83999633789062,159.7899932861328,38.15999984741211,73.36832427978516,47.650001525878906,50.099998474121094,9.556500434875488,31.053131103515625,106.48999786376953,89.83000183105469,19.200000762939453,90.05332946777344,57.060001373291016,297.1000061035156,38.13999938964844,61.58000183105469,27.030000686645508,19.344999313354492,23.520000457763672,99.81999969482422,45.959999084472656,94.3499984741211,51.91999816894531,231.39999389648438,359.5299987792969,30.451000213623047,23.68000030517578,57.11000061035156,50.15999984741211,40.93000030517578,86.86000061035156,11.25,48.90999984741211,197.3800048828125,58.66999816894531,138.72000122070312,94.30999755859375,156.3300018310547,35.72999954223633,71.99427795410156,46.41999816894531,48.02000045776367,9.144499778747559,30.360530853271484,102.2699966430664,87.41999816894531,17.850000381469727,87.413330078125,56.15999984741211,285.57000732421875,36.65999984741211,57.290000915527344,25.989999771118164,18.43000030517578,22.90999984741211,97.04000091552734,44.25,96.45999908447266,53.939998626708984,235.2100067138672,365.5899963378906,30.920000076293945,24.540000915527344,58.11000061035156,51.66999816894531,43.0,89.98999786376953,12.109999656677246,51.56999969482422,202.33999633789062,59.63999938964844,141.49000549316406,96.75,158.5500030517578,37.84000015258789,73.21565246582031,47.59000015258789,49.650001525878906,9.476249694824219,31.034156799316406,106.48999786376953,89.16999816894531,19.09000015258789,89.58000183105469,56.709999084472656,293.989990234375,38.08000183105469,61.36000061035156,26.959999084472656,19.34000015258789,23.510000228881836,99.62000274658203,45.90999984741211,9025100,53535500,1972900,613500,19096000,75437100,11177200,27207700,7137200,8974500,11073100,4258300,2756700,27764500,8211200,22919800,3096000,7993800,8084901,12806200,19346500,449372000,30817695,3971100,8208800,17967800,1974000,7080200,3399900,7351300,5688100,57380900,64726000,90217500,15739700,27626900
2020-06-25,76.53356170654297,51.93000030517578,195.3399658203125,347.8109130859375,27.243587493896484,21.4998836517334,46.145843505859375,42.664180755615234,33.83623123168945,68.7662582397461,8.625608444213867,38.47974395751953,180.85531616210938,52.15834045410156,118.91210174560547,83.61502075195312,152.49728393554688,30.98091697692871,60.95214080810547,40.559757232666016,47.97437286376953,9.457253456115723,22.788307189941406,85.64501953125,78.60521697998047,16.242923736572266,84.56449890136719,51.81679916381836,268.8516540527344,29.423542022705078,45.58351135253906,23.927011489868164,15.098611831665039,21.29414939880371,90.02781677246094,34.879974365234375,96.98999786376953,51.93000030517578,235.11000061035156,366.54998779296875,30.885000228881836,24.719999313354492,58.18000030517578,52.68000030517578,42.060001373291016,89.20999908447266,11.699999809265137,50.72999954223633,207.10000610351562,58.5099983215332,139.6699981689453,97.95999908447266,162.86000061035156,36.689998626708984,73.06298065185547,48.790000915527344,49.189998626708984,9.489999771118164,30.66413688659668,106.44999694824219,88.95999908447266,18.420000076293945,88.72333526611328,57.040000915527344,296.2200012207031,38.04999923706055,57.279998779296875,27.3700008392334,18.90999984741211,23.59000015258789,98.70999908447266,45.16999816894531,97.06999969482422,52.70000076293945,235.44000244140625,366.92999267578125,30.947999954223633,24.770000457763672,58.470001220703125,52.790000915527344,42.119998931884766,89.51000213623047,11.789999961853027,50.79999923706055,207.38999938964844,59.09000015258789,140.57000732421875,98.20999908447266,163.38999938964844,37.029998779296875,73.43511199951172,48.86000061035156,49.310001373291016,9.505000114440918,30.7210636138916,106.91000366210938,89.45999908447266,18.59000015258789,88.89666748046875,57.09000015258789,296.7799987792969,38.16999816894531,58.45000076293945,27.40999984741211,18.979999542236328,23.639999389648438,98.83000183105469,45.2400016784668,94.31999969482422,50.540000915527344,230.38999938964844,358.5799865722656,30.299999237060547,23.549999237060547,57.70000076293945,50.130001068115234,40.5099983215332,87.16000366210938,11.0600004196167,48.0099983215332,197.61000061035156,57.47999954223633,137.5399932861328,94.26000213623047,156.7100067138672,35.119998931884766,71.86068725585938,46.540000915527344,47.279998779296875,9.182250022888184,30.199241638183594,102.56999969482422,87.31999969482422,17.5,86.6433334350586,55.95000076293945,286.05999755859375,36.560001373291016,56.59000015258789,25.889999389648438,18.28499984741211,22.860000610351562,96.83999633789062,43.689998626708984,95.18000030517578,52.560001373291016,231.5,362.4700012207031,30.606000900268555,23.700000762939453,58.0099983215332,50.29999923706055,40.65999984741211,87.30999755859375,11.109999656677246,48.43000030517578,197.86000061035156,58.97999954223633,140.57000732421875,94.3499984741211,157.63999938964844,35.58000183105469,72.18511199951172,46.709999084472656,48.2400016784668,9.35575008392334,30.464895248413086,102.9800033569336,88.69999694824219,17.639999389648438,87.98666381835938,56.560001373291016,288.2799987792969,36.709999084472656,57.25,25.959999084472656,18.3799991607666,22.899999618530273,97.66000366210938,44.04999923706055,6411700,51129600,2080300,465100,15029000,65031900,15267200,28112400,5981000,7398000,8708200,3504500,3466500,21906900,7421200,25743600,3735400,8370700,7583328,15014300,14971900,376072000,27418651,2238300,7062600,18885600,1376400,4509600,3112500,6023400,4887000,45102200,48034400,110208900,10506300,19353600
2020-06-26,75.85491180419922,50.099998474121094,193.4539794921875,343.26580810546875,27.116565704345703,20.134397506713867,45.63823318481445,40.15357208251953,32.46057891845703,66.6464614868164,8.065311431884766,36.98545837402344,165.21493530273438,51.25798034667969,117.32853698730469,79.03137969970703,152.46920776367188,29.866321563720703,59.853599548339844,39.11328125,47.29167556762695,9.123406410217285,22.59088134765625,81.20386505126953,77.7746353149414,15.37874698638916,82.9791488647461,51.17182540893555,260.37469482421875,27.884700775146484,44.819549560546875,22.152374267578125,14.575629234313965,20.382448196411133,88.93336486816406,33.683074951171875,96.12999725341797,50.099998474121094,232.83999633789062,361.760009765625,30.740999221801758,23.149999618530273,57.540000915527344,49.58000183105469,40.349998474121094,86.45999908447266,10.9399995803833,48.7599983215332,189.19000244140625,57.5,137.80999755859375,92.58999633789062,162.8300018310547,35.369998931884766,71.74618530273438,47.04999923706055,48.4900016784668,9.154999732971191,30.398481369018555,100.93000030517578,88.0199966430664,17.440000534057617,87.05999755859375,56.33000183105469,286.8800048828125,36.060001373291016,56.31999969482422,25.34000015258789,18.2549991607666,22.579999923706055,97.51000213623047,43.619998931884766,97.02999877929688,51.95000076293945,236.86000061035156,368.20001220703125,31.577999114990234,24.110000610351562,58.02000045776367,52.34000015258789,41.619998931884766,88.83000183105469,11.569999694824219,50.2599983215332,200.24000549316406,58.72999954223633,139.60000610351562,95.37000274658203,163.7899932861328,39.04999923706055,73.21565246582031,48.369998931884766,49.349998474121094,9.5,30.62618637084961,104.62000274658203,89.7300033569336,18.190000534057617,88.91999816894531,57.2599983215332,296.5799865722656,37.25,57.279998779296875,26.399999618530273,18.774999618530273,23.260000228881836,98.77999877929688,44.939998626708984,95.04000091552734,49.45000076293945,231.82000732421875,361.0,30.315000534057617,23.020000457763672,56.66999816894531,49.470001220703125,40.15999984741211,86.18000030517578,10.850000381469727,48.40999984741211,188.50999450683594,57.06999969482422,137.02000427246094,92.0,160.17999267578125,34.65999984741211,71.56488800048828,46.61000061035156,48.13999938964844,9.125,29.99051284790039,100.11000061035156,87.54000091552734,17.299999237060547,86.84333038330078,56.209999084472656,285.82000732421875,35.95000076293945,55.65999984741211,25.25,18.170000076293945,22.520000457763672,97.04000091552734,43.5,96.88999938964844,51.849998474121094,235.3699951171875,367.42999267578125,31.35700035095215,24.09000015258789,57.959999084472656,52.34000015258789,41.56999969482422,88.77999877929688,11.5600004196167,50.15999984741211,199.0,58.4900016784668,139.52999877929688,95.11000061035156,162.3300018310547,36.38999938964844,72.8530502319336,48.29999923706055,49.150001525878906,9.5,30.59772300720215,104.1500015258789,89.06999969482422,18.18000030517578,88.83333587646484,57.0,295.1400146484375,37.0099983215332,57.04999923706055,26.100000381469727,18.774999618530273,23.190000534057617,98.52999877929688,44.880001068115234,14568400,65485700,3613300,493000,31425000,118139200,26132400,35426200,8399400,13766000,9114100,4342700,9530700,38477500,12849700,41896300,5290400,14780900,12328882,20082500,16929700,592084000,42153992,4043300,9126500,18480300,1637700,6229300,5043200,13960100,4851900,81172300,67722200,123959100,16631400,31518600
2020-06-29,76.09955596923828,50.279998779296875,192.39044189453125,346.1598815917969,27.32562255859375,20.343135833740234,45.84445571899414,40.72858810424805,33.22483444213867,67.57917785644531,8.198012351989746,37.66054916381836,168.95257568359375,51.94438552856445,118.37574768066406,79.38134002685547,152.36619567871094,29.89164924621582,60.59392547607422,39.2712287902832,47.93537139892578,9.168252944946289,23.013935089111328,82.73251342773438,78.64939880371094,15.881381034851074,83.88461303710938,51.226322174072266,262.9886169433594,28.440202713012695,45.32090759277344,22.46708869934082,14.771248817443848,20.60811424255371,89.73597717285156,34.223609924316406,96.44000244140625,50.279998779296875,231.55999755859375,364.80999755859375,30.97800064086914,23.389999389648438,57.79999923706055,50.290000915527344,41.29999923706055,87.66999816894531,11.119999885559082,49.650001525878906,193.47000122070312,58.27000045776367,139.0399932861328,93.0,162.72000122070312,35.400001525878906,72.63359069824219,47.2400016784668,49.150001525878906,9.199999809265137,30.967742919921875,102.83000183105469,89.01000213623047,18.010000228881836,88.01000213623047,56.38999938964844,289.760009765625,36.349998474121094,56.95000076293945,25.700000762939453,18.5,22.829999923706055,98.38999938964844,44.31999969482422,97.33000183105469,50.279998779296875,234.13999938964844,365.1000061035156,31.041000366210938,23.84000015258789,58.13999938964844,50.91999816894531,41.349998474121094,88.56999969482422,11.199999809265137,49.849998474121094,193.89999389648438,58.349998474121094,139.6999969482422,94.48999786376953,164.2100067138672,36.43000030517578,73.00572204589844,47.79999923706055,49.150001525878906,9.204500198364258,30.996204376220703,103.62000274658203,89.1500015258789,18.290000915527344,88.0433349609375,56.40999984741211,292.2799987792969,36.83000183105469,58.189998626708984,25.899999618530273,18.65999984741211,22.979999542236328,98.56999969482422,44.58000183105469,95.68000030517578,48.41999816894531,229.97999572753906,358.1099853515625,30.44499969482422,23.100000381469727,57.310001373291016,49.61000061035156,39.91999816894531,86.5999984741211,10.760000228881836,48.43000030517578,188.66000366210938,56.7599983215332,137.97999572753906,92.18000030517578,161.02999877929688,35.0,72.06106567382812,46.650001525878906,47.58000183105469,8.899999618530273,30.55028533935547,101.55000305175781,86.68000030517578,17.459999084472656,85.98666381835938,55.65999984741211,286.6199951171875,35.869998931884766,56.060001373291016,25.260000228881836,18.219999313354492,22.6299991607666,97.5199966430664,43.540000915527344,96.5,50.150001525878906,233.39999389648438,362.92999267578125,30.80699920654297,23.40999984741211,57.9900016784668,50.279998779296875,40.400001525878906,86.91000366210938,10.920000076293945,49.029998779296875,191.3800048828125,57.470001220703125,138.74000549316406,93.4000015258789,163.85000610351562,35.540000915527344,72.42366027832031,47.56999969482422,48.689998626708984,9.169750213623047,30.796964645385742,102.38999938964844,88.20999908447266,17.6299991607666,87.08333587646484,56.34000015258789,288.45001220703125,36.22999954223633,56.70000076293945,25.59000015258789,18.299999237060547,22.81999969482422,98.27999877929688,43.810001373291016,6676400,49905800,1938000,612800,14516000,66269200,9831400,22578600,5764800,7022200,8126000,2634100,3736000,22150300,5309800,18499700,2640300,4630900,7230990,9380800,24666200,342248000,23956261,2907700,5870400,14061300,2664900,5016600,2356700,5352100,3636900,43769200,38905600,69107100,7490200,17052100
2020-06-30,77.4725570678711,52.61000061035156,195.96310424804688,349.21527099609375,27.839887619018555,20.65624237060547,46.63760757446289,41.384578704833984,33.80405044555664,68.78166961669922,8.360204696655273,38.4266471862793,172.57664489746094,53.33503723144531,119.72947692871094,80.28612518310547,153.73329162597656,31.563554763793945,61.557125091552734,40.15242385864258,50.24679183959961,9.464973449707031,23.056238174438477,84.6473617553711,80.59330749511719,16.21646499633789,86.05773162841797,51.571529388427734,267.6990661621094,28.80793571472168,46.809051513671875,22.379674911499023,15.110591888427734,20.887943267822266,91.26821899414062,34.53248977661133,98.18000030517578,52.61000061035156,235.86000061035156,368.0299987792969,31.56100082397461,23.75,58.79999923706055,51.099998474121094,42.02000045776367,89.2300033569336,11.34000015258789,50.65999984741211,197.6199951171875,59.83000183105469,140.6300048828125,94.05999755859375,164.17999267578125,37.380001068115234,73.78816986083984,48.29999923706055,51.52000045776367,9.497750282287598,31.024667739868164,105.20999908447266,91.20999908447266,18.389999389648438,90.29000091552734,56.77000045776367,294.95001220703125,36.81999969482422,58.81999969482422,25.600000381469727,18.924999237060547,23.139999389648438,100.06999969482422,44.720001220703125,98.87999725341797,52.77000045776367,237.32000732421875,368.9100036621094,31.707000732421875,23.90999984741211,59.20000076293945,51.54999923706055,42.34000015258789,89.98999786376953,11.430000305175781,51.0099983215332,198.41000366210938,59.97999954223633,141.02000427246094,94.66000366210938,165.1699981689453,37.65999984741211,74.1030502319336,48.529998779296875,52.470001220703125,9.526249885559082,31.195446014404297,106.04000091552734,91.93000030517578,18.510000228881836,90.62666320800781,56.9900016784668,296.45001220703125,37.11000061035156,59.099998474121094,25.8700008392334,19.03499984741211,23.299999237060547,100.5999984741211,44.970001220703125,95.83000183105469,50.81999969482422,231.8000030517578,362.19000244140625,30.674999237060547,23.100000381469727,57.5,49.650001525878906,40.279998779296875,86.36000061035156,10.779999732971191,48.779998779296875,193.6199951171875,58.540000915527344,137.83999633789062,92.56999969482422,162.3000030517578,34.689998626708984,72.70992279052734,47.060001373291016,50.970001220703125,9.266500473022461,30.57874870300293,101.8499984741211,89.0,17.59000015258789,88.336669921875,56.189998626708984,287.6600036621094,35.79999923706055,55.77000045776367,25.170000076293945,18.15999984741211,22.690000534057617,98.12999725341797,43.15999984741211,95.97000122070312,51.15999984741211,233.30999755859375,362.2200012207031,30.9950008392334,23.200000762939453,57.86000061035156,49.810001373291016,40.869998931884766,86.5999984741211,10.949999809265137,49.04999923706055,193.83999633789062,58.709999084472656,139.39999389648438,92.83000183105469,163.11000061035156,35.119998931884766,73.23473358154297,47.060001373291016,51.779998779296875,9.314000129699707,30.863378524780273,101.98999786376953,89.19999694824219,17.780000686645508,88.41000366210938,56.25,288.57000732421875,35.91999816894531,56.34000015258789,25.209999084472656,18.350000381469727,22.709999084472656,98.41999816894531,43.43000030517578,8112500,42275700,2589000,678600,25125000,61716200,12139700,23360400,6313900,8263600,8480700,3104900,3102800,31542100,7738300,19137000,3296300,6542100,9940804,11894300,47852100,367892000,25451676,3350900,9378500,18613000,4086000,7158700,2932900,7709300,5122500,46610000,41886800,60653100,9183000,22153600
2020-07-01,78.23008728027344,52.58000183105469,211.9651641845703,348.7977294921875,27.585838317871094,20.23006820678711,47.13730239868164,40.77717590332031,32.774322509765625,67.54061889648438,8.183271408081055,37.81983947753906,172.5330352783203,52.42577362060547,119.51660919189453,79.60327911376953,152.90928649902344,30.12807846069336,62.18598175048828,39.57881164550781,48.47177505493164,9.497112274169922,23.78952407836914,82.73251342773438,79.32975769042969,15.625652313232422,84.95528411865234,51.616947174072266,270.2221984863281,28.150711059570312,44.91504669189453,21.933828353881836,14.743305206298828,20.70741081237793,91.97047424316406,33.752567291259766,99.13999938964844,52.58000183105469,255.1199951171875,367.5899963378906,31.273000717163086,23.260000228881836,59.43000030517578,50.349998474121094,40.7400016784668,87.62000274658203,11.100000381469727,49.86000061035156,197.57000732421875,58.810001373291016,140.3800048828125,93.26000213623047,163.3000030517578,35.68000030517578,74.54198455810547,47.61000061035156,49.70000076293945,9.529999732971191,32.01138687133789,102.83000183105469,89.77999877929688,17.719999313354492,89.13333129882812,56.81999969482422,297.7300109863281,35.97999954223633,56.439998626708984,25.09000015258789,18.46500015258789,22.940000534057617,100.83999633789062,43.709999084472656,99.66000366210938,52.869998931884766,256.2300109863281,370.19000244140625,31.684999465942383,24.06999969482422,59.72999954223633,52.0,42.83000183105469,90.7699966430664,11.800000190734863,51.9900016784668,199.74000549316406,60.029998779296875,141.38999938964844,95.70999908447266,165.47000122070312,38.060001373291016,75.32442474365234,49.08000183105469,51.560001373291016,9.575750350952148,32.7703971862793,105.79000091552734,91.30000305175781,18.780000686645508,90.40666961669922,57.470001220703125,300.3999938964844,37.130001068115234,60.29999923706055,25.959999084472656,19.2549991607666,23.350000381469727,101.26000213623047,45.380001068115234,97.5,51.599998474121094,232.5800018310547,365.2699890136719,31.194000244140625,23.229999542236328,58.880001068115234,50.150001525878906,40.68000030517578,87.55000305175781,10.979999542236328,49.779998779296875,195.52000427246094,58.7599983215332,140.05999755859375,93.02999877929688,162.52000427246094,35.459999084472656,73.58778381347656,47.25,49.61000061035156,9.413000106811523,31.99241065979004,102.48999786376953,89.58000183105469,17.700000762939453,89.05000305175781,56.7599983215332,295.239990234375,35.79999923706055,56.369998931884766,24.93000030517578,18.440000534057617,22.8700008392334,99.91000366210938,43.66999816894531,98.5,52.630001068115234,235.52000427246094,368.0299987792969,31.51099967956543,24.030000686645508,59.189998626708984,51.7599983215332,42.349998474121094,89.27999877929688,11.359999656677246,51.029998779296875,198.8800048828125,59.90999984741211,140.69000244140625,94.88999938964844,164.32000732421875,37.599998474121094,73.88359069824219,48.40999984741211,51.52000045776367,9.520750045776367,32.7703971862793,105.7699966430664,91.01000213623047,18.5,90.37333679199219,56.970001220703125,295.8299865722656,36.91999816894531,59.20000076293945,25.729999542236328,19.0,23.239999771118164,100.54000091552734,44.4900016784668,6522900,32370900,6575800,516600,15661000,57379900,11738300,19206900,5600000,6379400,9292600,3394800,2620100,14748100,6174800,18755700,2065100,6026400,9948769,11363800,25218400,326648000,73503009,2120800,6990600,13923300,1909200,6866500,2303800,6902400,3172200,37509300,49146800,60500300,10932800,17290100
2020-07-02,78.02494049072266,52.34000015258789,214.55740356445312,354.1400146484375,27.827531814575195,20.25617027282715,47.265174865722656,40.939151763916016,33.6109733581543,68.072509765625,8.286482810974121,38.32046890258789,172.38453674316406,52.711036682128906,120.01892852783203,79.86184692382812,153.44302368164062,30.457399368286133,62.71137237548828,39.72844314575195,48.598567962646484,9.579081535339355,24.332443237304688,82.18540954589844,81.17649841308594,15.8549222946167,85.99419403076172,53.252113342285156,270.7032470703125,28.08029556274414,44.83546447753906,22.152374267578125,14.906987190246582,20.734495162963867,92.66361236572266,34.03828048706055,98.87999725341797,52.34000015258789,258.239990234375,373.2200012207031,31.547000885009766,23.290000915527344,59.13999938964844,50.54999923706055,41.779998779296875,88.30999755859375,11.239999771118164,50.52000045776367,197.39999389648438,59.130001068115234,140.97000122070312,92.66000366210938,163.8699951171875,36.06999969482422,75.1717529296875,47.790000915527344,49.83000183105469,9.612250328063965,32.74193572998047,102.1500015258789,91.87000274658203,17.979999542236328,90.22333526611328,58.619998931884766,298.260009765625,35.88999938964844,56.34000015258789,25.34000015258789,18.670000076293945,22.969999313354492,101.5999984741211,44.08000183105469,99.98999786376953,53.189998626708984,261.4599914550781,375.8800048828125,31.937999725341797,23.989999771118164,59.63999938964844,52.459999084472656,42.5099983215332,90.36000061035156,11.65999984741211,51.630001068115234,203.0,59.810001373291016,141.83999633789062,94.95999908447266,164.77000427246094,37.41999816894531,75.67748260498047,49.029998779296875,50.75,9.737500190734863,33.06451416015625,106.29000091552734,92.5,18.489999771118164,91.0633316040039,59.06999969482422,303.0799865722656,37.220001220703125,58.279998779296875,26.170000076293945,19.104999542236328,23.530000686645508,102.18000030517578,45.189998626708984,97.86000061035156,52.04999923706055,252.8699951171875,372.4100036621094,31.465999603271484,23.219999313354492,58.75,50.279998779296875,41.58000183105469,88.16000366210938,11.140000343322754,50.45000076293945,197.1300048828125,58.970001220703125,140.3300018310547,91.93000030517578,162.3699951171875,35.93000030517578,74.63740539550781,47.68000030517578,49.47999954223633,9.57824993133545,32.296016693115234,101.80999755859375,90.80000305175781,17.899999618530273,89.94999694824219,57.95000076293945,297.17999267578125,35.779998779296875,56.150001525878906,25.100000381469727,18.6299991607666,22.920000076293945,101.37999725341797,43.93000030517578,99.44999694824219,53.029998779296875,252.8699951171875,373.55999755859375,31.774999618530273,23.84000015258789,59.29999923706055,52.119998931884766,41.81999969482422,89.37000274658203,11.470000267028809,51.16999816894531,202.5,59.189998626708984,141.25,94.73999786376953,164.07000732421875,36.43000030517578,74.97137451171875,48.86000061035156,50.5,9.638999938964844,32.84629821777344,105.3499984741211,91.08999633789062,18.18000030517578,90.51000213623047,57.95000076293945,300.5,36.9900016784668,57.59000015258789,25.75,18.844999313354492,23.450000762939453,101.7300033569336,44.619998931884766,6158800,29081400,3338000,449400,16638000,56000200,11366100,22042700,4775000,5832800,8120800,4166400,2699400,15578600,5152200,27845600,1960200,5716300,6827825,7488800,18562400,364056000,45270881,3087200,8317300,10301000,1787400,10021200,1971700,5768200,3834600,37013300,41558400,50841900,6502400,18216600
2020-07-06,78.12749481201172,53.400001525878906,212.904052734375,365.754150390625,28.12038803100586,20.577966690063477,48.10433578491211,42.08917236328125,33.49031066894531,68.2729263305664,8.227503776550293,38.23701858520508,181.08236694335938,53.07652282714844,121.73017883300781,81.87865447998047,156.2708740234375,30.702274322509766,63.348201751708984,40.58469009399414,49.661624908447266,9.80529499053955,24.332443237304688,83.15089416503906,82.10428619384766,16.533920288085938,88.26580047607422,56.213592529296875,274.8328552246094,28.815753936767578,44.93891525268555,22.28350257873535,14.950897216796875,21.131671905517578,93.60302734375,34.27766036987305,99.01000213623047,53.400001525878906,256.25,385.4599914550781,31.878999710083008,23.65999984741211,60.189998626708984,51.970001220703125,41.630001068115234,88.56999969482422,11.15999984741211,50.40999984741211,207.36000061035156,59.540000915527344,142.97999572753906,95.0,166.88999938964844,36.36000061035156,75.93511199951172,48.81999969482422,50.91999816894531,9.839249610900879,32.74193572998047,103.3499984741211,92.91999816894531,18.75,92.6066665649414,61.880001068115234,302.80999755859375,36.83000183105469,56.470001220703125,25.489999771118164,18.725000381469727,23.40999984741211,102.62999725341797,44.38999938964844,99.80000305175781,53.52000045776367,264.9700012207031,389.489990234375,32.0989990234375,24.079999923706055,60.58000183105469,52.560001373291016,42.869998931884766,90.25,11.729999542236328,52.09000015258789,207.7899932861328,59.619998931884766,143.77000427246094,95.19999694824219,168.9199981689453,37.119998931884766,76.35496520996094,49.369998931884766,51.43000030517578,9.9087495803833,33.19734191894531,105.69999694824219,93.75,18.93000030517578,92.95999908447266,62.130001068115234,303.489990234375,37.650001525878906,57.79999923706055,26.020000457763672,19.135000228881836,23.65999984741211,103.22000122070312,45.08000183105469,97.94999694824219,52.33000183105469,253.89999389648438,383.5,31.733999252319336,23.459999084472656,58.869998931884766,51.189998626708984,41.36000061035156,87.81999969482422,10.979999542236328,49.869998931884766,201.1300048828125,58.599998474121094,141.8800048828125,93.4800033569336,164.00999450683594,35.31999969482422,75.28626251220703,48.70000076293945,50.47999954223633,9.712499618530273,32.618595123291016,102.66999816894531,92.0999984741211,18.309999465942383,91.70999908447266,60.560001373291016,299.3299865722656,36.400001525878906,55.150001525878906,24.979999542236328,18.489999771118164,23.280000686645508,102.13999938964844,43.84000015258789,99.63999938964844,52.900001525878906,260.0299987792969,386.2799987792969,32.0,23.81999969482422,59.599998474121094,51.869998931884766,42.630001068115234,89.5,11.5,51.220001220703125,201.33999633789062,58.720001220703125,142.1699981689453,94.43000030517578,164.4600067138672,36.88999938964844,75.61068725585938,48.869998931884766,50.75,9.74174976348877,33.159393310546875,104.25,93.20999908447266,18.469999313354492,91.99666595458984,60.66999816894531,303.0,36.72999954223633,57.5,25.81999969482422,19.0,23.479999542236328,102.7699966430664,44.66999816894531,7039000,36769400,3460400,752900,17561000,59589000,8810800,22613100,5825100,6747500,8733500,2381400,3567700,20536700,6156400,18625300,2760100,6860000,8058282,10649600,16321000,315892000,27150935,2327100,6933100,11469600,2312700,12725600,2395000,6069500,3595800,46983100,45084400,60271700,6374400,22692000
2020-07-07,78.39580535888672,52.93000030517578,210.32839965820312,362.49005126953125,27.620237350463867,20.012630462646484,48.184268951416016,40.75287628173828,32.693885803222656,66.53083038330078,7.630345821380615,36.4924201965332,174.09619140625,51.980045318603516,121.6195068359375,79.56879425048828,156.13978576660156,29.29212760925293,62.66359329223633,39.47904968261719,47.87684631347656,9.837682723999023,23.994001388549805,80.22230529785156,81.4150619506836,16.03128433227539,87.22372436523438,55.15074157714844,269.24200439453125,27.837753295898438,42.27298355102539,21.38307762145996,14.475826263427734,20.69838523864746,92.79130554199219,33.38964080810547,99.3499984741211,52.93000030517578,253.14999389648438,382.0199890136719,31.312000274658203,23.010000228881836,60.290000915527344,50.31999969482422,40.63999938964844,86.30999755859375,10.350000381469727,48.11000061035156,199.36000061035156,58.310001373291016,142.85000610351562,92.31999969482422,166.75,34.689998626708984,75.114501953125,47.4900016784668,49.09000015258789,9.871749877929688,32.286529541015625,99.70999908447266,92.13999938964844,18.18000030517578,91.51333618164062,60.709999084472656,296.6499938964844,35.58000183105469,53.119998931884766,24.459999084472656,18.1299991607666,22.93000030517578,101.73999786376953,43.2400016784668,100.69000244140625,54.16999816894531,258.9100036621094,388.6099853515625,31.81599998474121,23.389999389648438,60.61000061035156,51.36000061035156,41.630001068115234,88.08000183105469,11.0,49.779998779296875,205.7100067138672,59.56999969482422,143.97000122070312,94.0999984741211,168.3800048828125,35.91999816894531,76.03053283691406,48.54999923706055,50.59000015258789,10.069999694824219,32.59013366699219,102.62000274658203,93.55000305175781,18.6299991607666,92.9800033569336,61.5,303.55999755859375,36.36000061035156,55.529998779296875,25.219999313354492,18.514999389648438,23.229999542236328,102.97000122070312,44.0,98.55999755859375,52.86000061035156,252.08999633789062,381.8699951171875,31.2549991607666,22.899999618530273,59.52000045776367,50.09000015258789,40.56999969482422,86.1500015258789,10.329999923706055,48.02000045776367,199.19000244140625,58.13999938964844,141.22999572753906,92.0,165.27000427246094,34.630001068115234,74.9904556274414,47.38999938964844,49.0099983215332,9.850749969482422,32.220115661621094,99.20999908447266,91.91000366210938,18.139999389648438,91.36666870117188,60.68000030517578,295.95001220703125,35.470001220703125,53.0099983215332,24.34000015258789,18.100000381469727,22.8700008392334,101.5999984741211,43.11000061035156,98.68000030517578,53.279998779296875,253.60000610351562,385.3999938964844,31.733999252319336,23.3799991607666,59.7599983215332,51.25,41.150001525878906,87.81999969482422,10.970000267028809,49.68000030517578,205.5,59.06999969482422,141.38999938964844,93.81999969482422,166.1199951171875,35.540000915527344,75.38167572021484,48.52000045776367,50.52000045776367,9.946249961853027,32.305503845214844,102.2300033569336,92.97000122070312,18.6299991607666,92.413330078125,61.2599983215332,300.6600036621094,36.33000183105469,55.5,25.200000762939453,18.489999771118164,23.219999313354492,101.87999725341797,43.900001525878906,6345600,32153100,2365900,410900,16150000,60645800,12766700,21235300,5995100,5898000,10357100,3779700,2853500,15996500,5622600,25757200,3273300,6752000,6956414,8750700,19797900,357800000,25148018,2515900,6722400,9742500,1893000,6672300,2075700,6683600,6069900,36920500,41821800,43810900,5913200,17407600
2020-07-08,78.34054565429688,53.43000030517578,209.03231811523438,371.8935546875,28.189189910888672,20.090917587280273,47.60083770751953,41.2064094543457,33.015663146972656,66.56165313720703,7.637716770172119,35.98421096801758,176.61993408203125,52.24748229980469,121.97708129882812,80.4134292602539,158.3683624267578,28.836162567138672,62.02678680419922,40.659523010253906,48.48152160644531,10.180744171142578,23.796579360961914,80.56827545166016,82.6432876586914,15.934292793273926,88.40560913085938,56.858577728271484,270.79400634765625,27.782987594604492,42.16157150268555,21.461748123168945,14.463846206665039,20.915027618408203,92.8004379272461,33.31242370605469,99.27999877929688,53.43000030517578,251.58999633789062,391.92999267578125,31.957000732421875,23.100000381469727,59.560001373291016,50.880001068115234,41.040000915527344,86.3499984741211,10.359999656677246,47.439998626708984,202.25,58.61000061035156,143.27000427246094,93.30000305175781,169.1300048828125,34.150001525878906,74.35114288330078,48.90999984741211,49.709999084472656,10.215999603271484,32.0208740234375,100.13999938964844,93.52999877929688,18.06999969482422,92.75333404541016,62.59000015258789,298.3599853515625,35.5099983215332,52.97999954223633,24.549999237060547,18.114999771118164,23.170000076293945,101.75,43.13999938964844,100.56999969482422,53.470001220703125,253.97999572753906,392.1499938964844,31.983999252319336,23.190000534057617,60.68000030517578,51.06999969482422,41.56999969482422,87.80000305175781,10.5,48.7599983215332,203.25,58.70000076293945,143.38999938964844,93.33999633789062,169.82000732421875,34.810001373291016,75.34351348876953,48.9900016784668,49.75,10.225000381469727,32.609107971191406,100.8499984741211,93.5999984741211,18.610000610351562,92.83333587646484,62.7400016784668,300.8699951171875,35.93000030517578,54.130001068115234,24.780000686645508,18.40999984741211,23.229999542236328,102.4000015258789,43.93000030517578,98.55000305175781,52.06999969482422,249.25,386.8900146484375,31.41200065612793,22.700000762939453,59.279998779296875,49.939998626708984,40.29999923706055,85.88999938964844,10.09000015258789,47.16999816894531,199.02000427246094,57.93000030517578,141.6999969482422,91.80000305175781,166.83999633789062,33.540000915527344,73.9312973022461,47.279998779296875,48.959999084472656,9.965499877929688,31.850095748901367,98.26000213623047,92.33999633789062,17.940000534057617,91.48666381835938,61.5,295.67999267578125,34.88999938964844,52.119998931884766,24.06999969482422,17.96500015258789,22.84000015258789,101.06999969482422,42.84000015258789,99.75,53.0099983215332,253.14999389648438,388.8299865722656,31.61400032043457,23.030000686645508,60.31999969482422,50.20000076293945,40.58000183105469,86.38999938964844,10.3100004196167,48.279998779296875,199.5399932861328,58.45000076293945,142.8699951171875,92.29000091552734,166.83999633789062,34.72999954223633,75.02862548828125,47.630001068115234,49.560001373291016,9.993749618530273,32.26755142211914,99.56999969482422,93.2699966430664,18.200000762939453,92.20999908447266,61.63999938964844,297.3500061035156,35.529998779296875,52.790000915527344,24.440000534057617,18.1299991607666,22.920000076293945,102.08999633789062,43.150001525878906,6154400,35608300,1993700,599300,18023000,52922600,10507000,19115300,4896800,6736400,9995400,3867400,2789700,13277900,6257400,18762200,2781800,12174100,8211394,12322200,15311900,365480000,24256545,2911100,6692700,10031300,1610700,8721900,1987400,5969900,5539400,38413400,41301800,53046100,5624900,18291400
2020-07-09,77.2831802368164,57.2599983215332,209.09046936035156,374.5408020019531,28.35944175720215,19.80389976501465,46.441986083984375,40.048282623291016,30.851633071899414,63.7789421081543,7.224867343902588,33.632808685302734,171.88677978515625,52.07810592651367,121.31299591064453,78.67244720458984,155.85885620117188,28.16063117980957,61.04765701293945,39.49567794799805,48.744850158691406,10.472731590270996,23.592100143432617,79.53038024902344,82.39586639404297,15.105385780334473,89.57793426513672,58.84804916381836,264.2591857910156,26.773698806762695,39.96515655517578,21.01590919494629,13.749238967895508,20.47271728515625,92.07080078125,31.937917709350586,97.94000244140625,57.2599983215332,251.66000366210938,394.7200012207031,32.150001525878906,22.770000457763672,58.11000061035156,49.45000076293945,38.349998474121094,82.73999786376953,9.800000190734863,44.34000015258789,196.8300018310547,58.41999816894531,142.49000549316406,91.27999877929688,166.4499969482422,33.349998474121094,73.17748260498047,47.5099983215332,49.97999954223633,10.508999824523926,31.745731353759766,98.8499984741211,93.25,17.1299991607666,93.98332977294922,64.77999877929688,291.1600036621094,34.220001220703125,50.220001220703125,24.040000915527344,17.219999313354492,22.68000030517578,100.94999694824219,41.36000061035156,99.77999877929688,57.58000183105469,253.8300018310547,395.67999267578125,32.43299865722656,23.15999984741211,60.13999938964844,51.08000183105469,40.88999938964844,86.31999969482422,10.430000305175781,47.439998626708984,202.5,58.75,144.42999267578125,94.12000274658203,170.75,34.2599983215332,74.7614517211914,49.04999923706055,50.38999938964844,10.569999694824219,32.14421463012695,99.98999786376953,93.94999694824219,18.239999771118164,94.55332946777344,64.97000122070312,298.54998779296875,35.529998779296875,52.81999969482422,24.780000686645508,18.084999084472656,23.209999084472656,102.0199966430664,43.099998474121094,96.80999755859375,53.310001373291016,248.83999633789062,386.1000061035156,31.524999618530273,22.389999389648438,57.83000183105469,49.029998779296875,38.290000915527344,82.69000244140625,9.779999732971191,44.279998779296875,195.0,57.70000076293945,140.5800018310547,90.77999877929688,163.7100067138672,32.56999969482422,72.5572509765625,47.02000045776367,48.72999954223633,10.233499526977539,31.4041748046875,97.08999633789062,91.44000244140625,17.09000015258789,91.77666473388672,62.88999938964844,287.5,34.0099983215332,49.869998931884766,23.709999084472656,17.200000762939453,22.489999771118164,99.68000030517578,41.290000915527344,99.08000183105469,53.52000045776367,250.25,395.45001220703125,32.000999450683594,22.940000534057617,59.65999984741211,50.72999954223633,40.65999984741211,85.97000122070312,10.319999694824219,47.279998779296875,202.11000061035156,58.20000076293945,142.75999450683594,93.5199966430664,169.8800048828125,34.2599983215332,74.37023162841797,48.79999923706055,49.849998474121094,10.380249977111816,32.00189971923828,99.47000122070312,93.94999694824219,18.0,93.19999694824219,62.95000076293945,295.1000061035156,35.310001373291016,52.790000915527344,24.5,18.03499984741211,23.15999984741211,101.63999938964844,42.900001525878906,5817300,87216300,1739600,644200,25225000,79385900,12780000,24263900,9189500,8833600,8992400,5209700,3160100,20683700,5738600,25600800,2955200,10668600,7966058,9119900,18510800,494548000,20363702,3432000,6287700,12015300,2007900,16903300,3061700,6103500,6920900,38118900,61087200,71163700,10521700,25882000
2020-07-10,76.40729522705078,55.880001068115234,206.9136505126953,375.6130065917969,28.17772674560547,20.891075134277344,45.89852523803711,42.639892578125,31.92962074279785,65.69834899902344,7.51238489151001,34.43684005737305,179.51046752929688,53.06761169433594,121.21084594726562,82.97322845458984,152.96551513671875,30.567171096801758,61.07949447631836,41.39938735961914,49.44706344604492,10.443087577819824,23.85298728942871,81.74291229248047,81.74201965332031,15.687379837036133,89.27613067626953,58.00320816040039,264.32275390625,28.5106201171875,42.694759368896484,22.266021728515625,14.188385963439941,21.176799774169922,91.85191345214844,32.93404006958008,96.83000183105469,55.880001068115234,249.0399932861328,395.8500061035156,31.944000244140625,24.020000457763672,57.43000030517578,52.650001525878906,39.689998626708984,85.2300033569336,10.1899995803833,45.400001525878906,205.55999755859375,59.529998779296875,142.3699951171875,96.2699966430664,163.36000061035156,36.20000076293945,73.21565246582031,49.79999923706055,50.70000076293945,10.479249954223633,32.09677505493164,101.5999984741211,92.51000213623047,17.790000915527344,93.66666412353516,63.849998474121094,291.2300109863281,36.439998626708984,53.650001525878906,25.469999313354492,17.770000457763672,23.459999084472656,100.70999908447266,42.650001525878906,98.33000183105469,58.150001525878906,251.57000732421875,399.19000244140625,32.29899978637695,24.049999237060547,58.09000015258789,52.689998626708984,39.81999969482422,85.41999816894531,10.239999771118164,45.56999969482422,206.32000732421875,59.689998626708984,142.8699951171875,96.83999633789062,166.13999938964844,36.2599983215332,73.8072509765625,49.880001068115234,50.709999084472656,10.65524959564209,32.296016693115234,102.01000213623047,93.5199966430664,17.81999969482422,94.34666442871094,64.55999755859375,294.239990234375,36.4900016784668,53.65999984741211,25.530000686645508,17.790000915527344,23.489999771118164,101.12999725341797,42.709999084472656,96.36000061035156,55.5099983215332,247.07000732421875,391.95001220703125,31.54400062561035,22.68000030517578,57.15999984741211,49.45000076293945,38.220001220703125,82.5,9.609999656677246,44.040000915527344,196.8300018310547,57.83000183105469,141.42999267578125,91.87000274658203,162.74000549316406,33.02000045776367,72.90076446533203,47.52000045776367,49.400001525878906,10.37874984741211,31.774194717407227,98.62000274658203,91.55999755859375,16.959999084472656,92.76000213623047,63.189998626708984,287.1000061035156,34.25,50.15999984741211,24.149999618530273,17.1200008392334,22.670000076293945,99.97000122070312,41.099998474121094,98.05999755859375,57.540000915527344,250.64999389648438,399.0799865722656,32.191001892089844,22.709999084472656,58.0,49.45000076293945,38.36000061035156,82.5,9.6899995803833,44.34000015258789,196.8699951171875,57.95000076293945,142.75,92.0,166.13999938964844,33.209999084472656,73.23473358154297,47.59000015258789,50.0099983215332,10.588749885559082,31.935483932495117,98.62000274658203,93.0,17.09000015258789,94.23332977294922,64.47000122070312,294.239990234375,34.41999816894531,50.220001220703125,24.18000030517578,17.1200008392334,22.670000076293945,101.02999877929688,41.119998931884766,6202500,59839700,1326100,667200,13280000,81142900,8770000,28027800,9218300,6218100,8822300,6245700,4414800,17742300,4282400,28954200,2245100,9439700,5161400,13386000,18128700,497676000,24459019,2925200,5687600,9806200,966000,10700000,2391600,8974900,5180700,56483300,50456000,94440600,10502700,18951000
2020-07-13,77.22006225585938,53.59000015258789,207.74449157714844,368.7526550292969,27.46058464050293,21.038923263549805,46.154266357421875,42.27545166015625,31.905479431152344,65.82938385009766,7.342826843261719,34.09549331665039,182.4097442626953,52.22073745727539,123.62875366210938,84.16264343261719,151.7669219970703,29.815658569335938,61.57304763793945,41.74854278564453,48.237701416015625,10.017560958862305,24.82599449157715,82.61183166503906,80.69937133789062,15.325836181640625,87.80828857421875,59.11148452758789,272.01922607421875,28.815753936767578,42.36052703857422,22.213571548461914,14.112530708312988,21.267072677612305,92.37178039550781,32.941768646240234,97.86000061035156,53.59000015258789,250.0399932861328,388.6199951171875,31.131000518798828,24.190000534057617,57.75,52.20000076293945,39.65999984741211,85.4000015258789,9.960000038146973,44.95000076293945,208.8800048828125,58.58000183105469,145.2100067138672,97.6500015258789,162.0800018310547,35.310001373291016,73.8072509765625,50.220001220703125,49.459999084472656,10.052249908447266,33.406070709228516,102.68000030517578,91.33000183105469,17.3799991607666,92.12666320800781,65.06999969482422,299.7099914550781,36.83000183105469,53.22999954223633,25.40999984741211,17.674999237060547,23.559999465942383,101.27999877929688,42.65999984741211,99.55999755859375,58.349998474121094,255.42999267578125,402.8699951171875,32.35300064086914,24.510000228881836,58.4900016784668,53.599998474121094,40.5099983215332,86.93000030517578,10.460000038146973,46.13999938964844,212.97999572753906,60.619998931884766,146.63999938964844,99.2699966430664,167.0,36.45000076293945,74.98091888427734,51.029998779296875,52.279998779296875,10.79224967956543,33.88994216918945,104.26000213623047,94.12999725341797,18.0,96.01667022705078,67.08000183105469,304.5199890136719,37.27000045776367,54.540000915527344,26.040000915527344,18.0049991607666,23.90999984741211,103.1500015258789,43.290000915527344,96.91999816894531,53.380001068115234,249.27999877929688,387.8699951171875,31.058000564575195,23.860000610351562,57.5,51.86000061035156,39.0,84.80999755859375,9.829999923706055,44.540000915527344,207.0,58.38999938964844,143.27999877929688,96.2300033569336,161.0399932861328,35.04999923706055,73.21565246582031,49.880001068115234,49.380001068115234,10.024999618530273,32.75142288208008,101.5199966430664,91.19999694824219,17.350000381469727,91.94999694824219,64.9800033569336,291.7699890136719,35.849998474121094,52.5099983215332,24.940000534057617,17.540000915527344,23.420000076293945,101.0199966430664,42.22999954223633,97.36000061035156,56.68000030517578,249.8300018310547,397.8599853515625,32.167999267578125,24.3700008392334,57.56999969482422,53.33000183105469,40.130001068115234,86.04000091552734,10.199999809265137,45.869998931884766,209.0,59.84000015258789,143.61000061035156,98.7300033569336,164.61000061035156,36.31999969482422,73.47328186035156,51.029998779296875,51.310001373291016,10.595000267028809,32.95066452026367,102.5,93.30000305175781,17.989999771118164,94.99333190917969,65.19999694824219,292.0899963378906,36.75,54.16999816894531,25.81999969482422,17.934999465942383,23.760000228881836,101.29000091552734,42.97999954223633,8507400,57741800,2528100,1083600,21549000,73598100,10149000,27151800,5887000,7074000,8218600,3817700,4449600,19082900,6951900,32079200,3455600,8333300,8114245,14904000,23296400,457076000,56569129,3573100,7606400,10945400,2951700,16667700,4263300,6708000,4305500,51038800,74447600,102487100,10167200,20028300
2020-07-14,78.96925354003906,54.720001220703125,210.27857971191406,376.5429382324219,27.79313087463379,20.99544334411621,46.26616668701172,40.615211486816406,33.23287582397461,68.10333251953125,7.689325332641602,35.862850189208984,186.88961791992188,52.57731628417969,125.93598175048828,84.6452865600586,153.45240783691406,30.567171096801758,62.289485931396484,41.98130798339844,48.48152160644531,10.341191291809082,24.840103149414062,81.4693603515625,81.62714385986328,16.21646499633789,89.26024627685547,60.82841110229492,280.0152587890625,28.393260955810547,43.29160690307617,21.199491500854492,14.607569694519043,21.37539291381836,94.20500183105469,34.03055191040039,98.87000274658203,54.720001220703125,253.08999633789062,396.8299865722656,31.507999420166016,24.139999389648438,57.88999938964844,50.150001525878906,41.310001373291016,88.3499984741211,10.430000305175781,47.279998779296875,214.00999450683594,58.97999954223633,147.9199981689453,98.20999908447266,163.8800048828125,36.20000076293945,74.66603088378906,50.5,49.709999084472656,10.376999855041504,33.425048828125,101.26000213623047,92.37999725341797,18.389999389648438,93.6500015258789,66.95999908447266,308.5199890136719,36.290000915527344,54.400001525878906,24.25,18.295000076293945,23.68000030517578,103.29000091552734,44.06999969482422,99.0999984741211,54.86000061035156,253.7899932861328,397.54998779296875,31.621999740600586,24.149999618530273,58.099998474121094,52.08000183105469,41.34000015258789,88.5999984741211,10.430000305175781,47.29999923706055,214.3000030517578,59.25,148.38999938964844,99.94999694824219,164.77000427246094,36.290000915527344,75.0095443725586,50.58000183105469,49.790000915527344,10.402750015258789,33.60531234741211,103.36000061035156,92.62000274658203,18.440000534057617,93.88333129882812,67.02999877929688,309.739990234375,37.08000183105469,54.5099983215332,24.389999389648438,18.329999923706055,23.75,103.45999908447266,44.189998626708984,95.94000244140625,52.2599983215332,240.47999572753906,385.4100036621094,30.518999099731445,23.450000762939453,57.290000915527344,50.0099983215332,39.27000045776367,85.04000091552734,9.739999771118164,44.470001220703125,207.00999450683594,57.349998474121094,145.25999450683594,96.63999938964844,161.52999877929688,34.400001525878906,73.8167953491211,48.90999984741211,47.95000076293945,9.785499572753906,33.092979431152344,100.4000015258789,89.19999694824219,17.1200008392334,90.28333282470703,65.33000183105469,296.7099914550781,35.7400016784668,52.36000061035156,23.329999923706055,17.5049991607666,23.25,100.8499984741211,42.2599983215332,96.97000122070312,53.29999923706055,242.75999450683594,386.6300048828125,30.89900016784668,23.889999389648438,57.83000183105469,51.290000915527344,39.439998626708984,85.38999938964844,9.90999984741211,44.84000015258789,211.42999267578125,57.869998931884766,145.32000732421875,98.37000274658203,162.8800048828125,34.880001068115234,73.9885482788086,50.27000045776367,49.08000183105469,10.074999809265137,33.55787658691406,102.66000366210938,90.86000061035156,17.270000457763672,91.47666931152344,66.0,297.80999755859375,36.540000915527344,52.70000076293945,23.920000076293945,17.55500030517578,23.459999084472656,101.04000091552734,42.529998779296875,6765600,54890100,2368300,880100,18363000,67423100,12153900,35814400,4953500,7440500,8370700,3695600,5202000,24190900,7447100,42731700,2642900,8771300,8397100,16075600,17455200,542676000,32854129,3445800,6571000,13525000,3124200,10482700,4234900,7961500,4671100,118952600,68442200,102468300,10889900,21444100
2020-07-15,80.25519561767578,55.34000015258789,210.46131896972656,356.2369079589844,27.67845916748047,21.395519256591797,47.36907196044922,41.98388671875,33.482261657714844,68.51960754394531,7.917864799499512,35.9993896484375,189.4134063720703,52.621891021728516,126.22543334960938,85.95535278320312,154.9224853515625,31.7239990234375,63.23675537109375,42.687923431396484,49.26175308227539,10.191957473754883,25.185590744018555,83.73017120361328,81.77734375,16.666187286376953,89.10453796386719,60.010833740234375,275.9764709472656,29.449495315551758,45.54373550415039,22.161121368408203,14.922954559326172,21.79964828491211,95.42711639404297,34.462989807128906,100.4800033569336,55.34000015258789,253.30999755859375,375.42999267578125,31.378000259399414,24.600000381469727,59.27000045776367,51.84000015258789,41.619998931884766,88.88999938964844,10.739999771118164,47.459999084472656,216.89999389648438,59.029998779296875,148.25999450683594,99.7300033569336,165.4499969482422,37.56999969482422,75.80152893066406,51.349998474121094,50.5099983215332,10.227250099182129,33.88994216918945,104.06999969482422,92.55000305175781,18.899999618530273,93.48666381835938,66.05999755859375,304.07000732421875,37.63999938964844,57.22999954223633,25.350000381469727,18.690000534057617,24.149999618530273,104.62999725341797,44.630001068115234,100.4800033569336,55.369998931884766,254.57000732421875,387.69000244140625,31.777000427246094,24.8700008392334,59.61000061035156,52.11000061035156,42.41999816894531,90.19000244140625,10.829999923706055,48.40999984741211,225.24000549316406,59.34000015258789,150.2100067138672,101.29000091552734,166.47999572753906,37.72999954223633,76.3072509765625,52.4900016784668,50.650001525878906,10.432999610900879,34.15559768676758,105.33000183105469,92.93000030517578,19.270000457763672,94.40333557128906,67.20999908447266,310.69000244140625,38.36000061035156,57.45000076293945,25.549999237060547,18.809999465942383,24.260000228881836,104.93000030517578,45.09000015258789,98.81999969482422,53.59000015258789,250.77000427246094,372.510009765625,31.017000198364258,24.280000686645508,58.31999969482422,50.68000030517578,41.04999923706055,88.20999908447266,10.470000267028809,46.29999923706055,214.69000244140625,58.41999816894531,148.22999572753906,98.6500015258789,163.89999389648438,36.4900016784668,75.22901153564453,50.459999084472656,49.40999984741211,10.055749893188477,33.65275192260742,101.69999694824219,91.01000213623047,18.549999237060547,92.05332946777344,65.16000366210938,298.6600036621094,37.11000061035156,55.4900016784668,24.84000015258789,18.415000915527344,23.889999389648438,103.83000183105469,44.209999084472656,100.0,54.959999084472656,254.57000732421875,387.1700134277344,31.594999313354492,24.760000228881836,58.650001525878906,51.900001525878906,42.189998626708984,90.18000030517578,10.729999542236328,48.290000915527344,224.3699951171875,59.029998779296875,149.72999572753906,100.88999938964844,165.19000244140625,37.36000061035156,75.61068725585938,52.4900016784668,50.209999084472656,10.414250373840332,34.14611053466797,103.87000274658203,92.93000030517578,19.0,94.4000015258789,67.18000030517578,301.1199951171875,38.16999816894531,56.2400016784668,24.979999542236328,18.760000228881836,24.25,104.05000305175781,45.029998779296875,5661600,42360300,1650100,1640300,15253000,57384400,9459400,27676300,5777100,5935200,7685500,4202100,12516700,19986300,8512800,22508400,2346200,4805100,7709717,17424200,15911400,403984000,26294454,3991000,6154100,13852400,2247000,12432500,5116900,7798200,3941400,61714300,51805000,90561800,9606900,17332400
2020-07-16,79.80790710449219,54.91999816894531,212.0316619873047,365.5264892578125,27.463228225708008,20.81279182434082,47.40902328491211,41.67613220214844,33.458126068115234,68.11106872558594,7.866260528564453,36.561336517333984,187.46603393554688,52.719947814941406,127.06835174560547,86.19667053222656,154.50112915039062,31.57200050354004,63.20490264892578,43.760318756103516,48.86188507080078,10.099775314331055,25.100982666015625,85.41419982910156,80.58450317382812,16.595640182495117,88.77095031738281,60.49228286743164,278.7718505859375,29.386903762817383,45.02646255493164,22.257280349731445,14.855084419250488,21.79964828491211,95.27207946777344,34.192710876464844,99.91999816894531,54.91999816894531,255.1999969482422,385.2200012207031,31.134000778198242,23.93000030517578,59.31999969482422,51.459999084472656,41.59000015258789,88.36000061035156,10.670000076293945,47.81999969482422,214.6699981689453,59.13999938964844,149.25,100.01000213623047,165.0,37.38999938964844,75.76335906982422,52.63999938964844,50.099998474121094,10.134750366210938,33.776092529296875,104.98999786376953,91.19999694824219,18.81999969482422,93.13666534423828,66.58999633789062,307.1499938964844,37.560001373291016,56.58000183105469,25.459999084472656,18.604999542236328,24.149999618530273,104.45999908447266,44.279998779296875,100.2300033569336,55.150001525878906,255.2899932861328,393.8599853515625,31.38800048828125,24.219999313354492,59.380001068115234,52.459999084472656,42.060001373291016,89.4800033569336,10.970000267028809,48.349998474121094,220.4600067138672,59.36000061035156,149.33999633789062,101.22000122070312,165.44000244140625,37.95000076293945,76.15457916259766,53.5099983215332,50.290000915527344,10.20674991607666,33.81404113769531,106.66999816894531,91.75,19.219999313354492,93.4366683959961,66.62999725341797,310.8500061035156,38.470001220703125,57.84000015258789,26.09000015258789,18.844999313354492,24.399999618530273,104.54000091552734,44.810001373291016,98.80999755859375,53.7400016784668,249.9199981689453,372.82000732421875,30.93000030517578,23.540000915527344,58.72999954223633,50.939998626708984,40.65999984741211,87.3499984741211,10.329999923706055,46.13999938964844,213.5,58.400001525878906,146.67999267578125,98.55000305175781,162.60000610351562,36.650001525878906,75.14312744140625,51.34000015258789,49.22999954223633,9.895500183105469,33.45351028442383,101.33999633789062,90.68000030517578,18.530000686645508,91.99333190917969,64.31999969482422,303.1600036621094,37.02000045776367,55.7599983215332,24.81999969482422,18.329999923706055,23.850000381469727,103.72000122070312,43.790000915527344,99.69000244140625,54.68000030517578,252.05999755859375,374.1000061035156,31.06100082397461,23.75,59.22999954223633,51.279998779296875,41.290000915527344,88.44000244140625,10.609999656677246,46.52000045776367,213.50999450683594,58.540000915527344,148.67999267578125,98.77999877929688,164.9499969482422,37.029998779296875,76.1259536743164,51.58000183105469,49.81999969482422,10.015000343322754,33.776092529296875,101.8499984741211,91.26000213623047,18.760000228881836,92.4000015258789,65.37999725341797,305.010009765625,37.16999816894531,56.650001525878906,24.90999984741211,18.565000534057617,23.940000534057617,104.52999877929688,44.310001373291016,4269200,36887100,1530900,2240900,12929000,78067100,6949700,18824000,4655700,4795700,6045600,3080100,5769600,12425900,9304700,16886900,1486800,3380600,5850774,25026800,14014000,344964000,18421812,4029200,6178700,9806100,1344600,15709400,3844500,6105600,2530900,48676800,37645600,74678500,6412200,14673700
2020-07-17,80.53471374511719,55.040000915527344,214.74020385742188,363.9798583984375,27.584074020385742,20.195283889770508,48.26417922973633,40.6718864440918,32.47478103637695,67.20916748046875,7.586113452911377,36.05671691894531,184.619140625,53.48658752441406,127.15348052978516,84.60220336914062,155.40003967285156,32.02796936035156,63.579036712646484,43.56911087036133,48.24745178222656,10.166295051574707,25.559289932250977,83.8115234375,81.4946060180664,16.419281005859375,89.21894073486328,60.319698333740234,278.20916748046875,28.18983268737793,44.14311981201172,21.811433792114258,14.647490501403809,21.619117736816406,96.57630157470703,33.605857849121094,100.83000183105469,55.040000915527344,258.4599914550781,383.5899963378906,31.270999908447266,23.219999313354492,60.38999938964844,50.220001220703125,39.959999084472656,87.19000244140625,10.289999961853027,47.15999984741211,211.41000366210938,60.0,149.35000610351562,98.16000366210938,165.9600067138672,37.93000030517578,76.21183013916016,52.40999984741211,49.470001220703125,10.201499938964844,34.39278793334961,103.0199966430664,92.2300033569336,18.6200008392334,93.6066665649414,66.4000015258789,306.5299987792969,36.029998779296875,55.470001220703125,24.950000762939453,18.344999313354492,23.950000762939453,105.88999938964844,43.52000045776367,101.27999877929688,55.810001373291016,259.95001220703125,387.04998779296875,31.520999908447266,23.979999542236328,60.619998931884766,51.47999954223633,41.66999816894531,89.11000061035156,10.930000305175781,48.88999938964844,215.1699981689453,60.459999084472656,150.5800018310547,100.08000183105469,167.25999450683594,39.630001068115234,76.57442474365234,53.0099983215332,50.43000030517578,10.248499870300293,34.468692779541016,105.12999725341797,92.45999908447266,19.18000030517578,93.98666381835938,68.0,310.9700012207031,37.56999969482422,57.91999816894531,25.639999389648438,18.8700008392334,24.219999313354492,106.25,44.689998626708984,99.91999816894531,54.68000030517578,254.75999450683594,380.1099853515625,31.0,23.200000762939453,59.400001525878906,50.20000076293945,39.779998779296875,86.91000366210938,10.199999809265137,46.86000061035156,211.25,59.279998779296875,148.69000244140625,98.13999938964844,165.11000061035156,37.20000076293945,75.67748260498047,51.97999954223633,49.279998779296875,10.087750434875488,33.89942932128906,102.98999786376953,91.0,18.450000762939453,93.1500015258789,66.37000274658203,306.25,36.0099983215332,55.31999969482422,24.860000610351562,18.264999389648438,23.940000534057617,104.86000061035156,43.38999938964844,100.29000091552734,55.310001373291016,256.70001220703125,385.42999267578125,31.415000915527344,23.8799991607666,59.70000076293945,51.220001220703125,41.349998474121094,88.41000366210938,10.720000267028809,47.83000183105469,214.89999389648438,59.41999816894531,150.0,100.0,166.0399932861328,37.63999938964844,76.0687026977539,52.779998779296875,50.310001373291016,10.225500106811523,34.022769927978516,104.29000091552734,91.68000030517578,18.959999084472656,93.4433364868164,67.30999755859375,309.0899963378906,37.52000045776367,56.97999954223633,25.489999771118164,18.665000915527344,24.200000762939453,105.01000213623047,44.33000183105469,6890900,34710400,2044800,1048700,13354000,66659100,9078200,19747400,6699300,5964000,6260700,2949500,3614300,16322800,7441100,16137700,2935800,10359900,8191378,16263800,15003800,266284000,23347365,2953300,5985700,8818600,1340400,11716600,3016500,9154500,3093300,39184100,35433800,47033200,7548600,17958900
2020-07-20,79.50439453125,57.459999084472656,216.8090362548828,371.4664611816406,27.973960876464844,20.508390426635742,47.52090835571289,40.60710144042969,31.96279525756836,65.72916412353516,7.5713677406311035,36.4695930480957,184.88113403320312,54.51174545288086,127.36634063720703,83.8609619140625,156.41131591796875,31.03158187866211,63.21287155151367,43.11189651489258,49.94445037841797,10.47447681427002,25.735553741455078,83.7464370727539,82.32518768310547,16.26055335998535,90.98220825195312,60.76482009887695,275.4228515625,27.829933166503906,43.23589324951172,21.479238510131836,14.403965950012207,21.519819259643555,96.55804443359375,32.81821823120117,99.54000091552734,57.459999084472656,260.95001220703125,391.4800109863281,31.71299934387207,23.579999923706055,59.459999084472656,50.13999938964844,39.33000183105469,85.2699966430664,10.270000457763672,47.70000076293945,211.7100067138672,61.150001525878906,149.60000610351562,97.30000305175781,167.0399932861328,36.75,75.77290344238281,51.86000061035156,51.209999084472656,10.510749816894531,34.629981994628906,102.94000244140625,93.16999816894531,18.440000534057617,95.4566650390625,66.88999938964844,303.4599914550781,35.56999969482422,54.33000183105469,24.56999969482422,18.040000915527344,23.84000015258789,105.87000274658203,42.5,101.25,57.529998779296875,262.82000732421875,392.4700012207031,31.764999389648438,23.700000762939453,60.63999938964844,50.58000183105469,40.34000015258789,87.48999786376953,10.579999923706055,48.650001525878906,213.1699981689453,61.380001068115234,150.32000732421875,98.38999938964844,167.7100067138672,38.310001373291016,76.52671813964844,52.06999969482422,51.31999969482422,10.53125,35.69260025024414,103.62999725341797,93.2699966430664,18.950000762939453,95.72333526611328,66.9800033569336,308.6000061035156,36.130001068115234,56.13999938964844,24.8799991607666,18.489999771118164,23.979999542236328,106.48999786376953,43.5099983215332,99.26000213623047,54.83000183105469,258.32000732421875,382.0799865722656,31.025999069213867,23.110000610351562,59.220001220703125,49.75,39.2400016784668,84.80000305175781,10.180000305175781,46.93000030517578,210.25,59.34000015258789,148.42999267578125,97.26000213623047,165.72999572753906,36.68000030517578,75.44847106933594,51.349998474121094,49.540000915527344,10.156749725341797,34.45920181274414,101.55000305175781,91.30000305175781,18.389999389648438,93.14666748046875,65.80000305175781,302.3800048828125,35.4900016784668,54.2599983215332,24.399999618530273,18.024999618530273,23.75,105.5199966430664,42.47999954223633,100.76000213623047,55.22999954223633,260.0799865722656,383.9100036621094,31.184999465942383,23.190000534057617,60.290000915527344,49.9900016784668,39.959999084472656,86.83000183105469,10.260000228881836,46.93000030517578,210.72999572753906,60.08000183105469,150.22999572753906,97.43000030517578,166.49000549316406,37.72999954223633,76.21183013916016,51.7599983215332,49.65999984741211,10.274250030517578,35.56925964355469,102.0,92.19000244140625,18.600000381469727,93.76333618164062,66.69999694824219,306.7900085449219,35.84000015258789,55.34000015258789,24.719999313354492,18.280000686645508,23.81999969482422,106.12999725341797,43.209999084472656,4823300,45034300,1497400,972600,14323000,61114000,6759900,23472600,6407600,14974800,7694900,4004100,2268700,16868700,6191500,14458100,1806200,7093400,5434194,10423600,17604200,284852000,36815693,2401000,5407500,13673700,1783200,6357300,2375500,7234100,2329200,38682200,40153000,40127600,6776300,18553900
2020-07-21,77.79513549804688,57.0,214.28321838378906,364.1980285644531,27.72785758972168,21.23896598815918,47.79264831542969,41.894798278808594,33.85634231567383,70.4466781616211,8.367579460144043,38.5491943359375,185.15184020996094,54.110599517822266,127.48553466796875,85.67953491210938,154.78204345703125,32.54305648803711,62.798919677734375,43.5441780090332,50.24679183959961,10.29285717010498,25.869522094726562,87.61891174316406,81.56527709960938,17.24818229675293,90.51837158203125,61.600582122802734,276.9202880859375,28.63579559326172,45.822261810302734,22.904193878173828,15.27426815032959,21.944072723388672,96.49422454833984,34.47843551635742,97.4000015258789,57.0,257.9100036621094,383.82000732421875,31.43400001525879,24.420000076293945,59.79999923706055,51.72999954223633,41.65999984741211,91.38999938964844,11.350000381469727,50.41999816894531,212.02000427246094,60.70000076293945,149.74000549316406,99.41000366210938,165.3000030517578,38.540000915527344,75.27671813964844,52.380001068115234,51.52000045776367,10.328499794006348,34.810245513916016,107.69999694824219,92.30999755859375,19.559999465942383,94.97000122070312,67.80999755859375,305.1099853515625,36.599998474121094,57.58000183105469,26.200000762939453,19.1299991607666,24.309999465942383,105.80000305175781,44.650001525878906,99.80999755859375,58.5,260.0299987792969,392.2900085449219,31.92300033569336,24.479999542236328,60.2400016784668,51.81999969482422,42.08000183105469,91.7300033569336,11.630000114440918,50.9900016784668,213.80999755859375,61.93000030517578,151.6699981689453,100.05000305175781,167.22999572753906,38.7599983215332,76.45037841796875,52.45000076293945,52.65999984741211,10.5600004196167,35.180267333984375,108.27999877929688,93.8499984741211,19.920000076293945,96.29000091552734,69.25,307.0,36.970001220703125,57.939998626708984,26.280000686645508,19.274999618530273,24.43000030517578,106.62999725341797,45.189998626708984,97.16999816894531,56.31999969482422,257.2799987792969,383.1600036621094,31.267000198364258,23.690000534057617,59.31999969482422,50.66999816894531,40.0,86.36000061035156,10.6899995803833,48.70000076293945,210.38999938964844,60.439998626708984,149.5,97.63999938964844,164.75999450683594,37.15999984741211,75.1812973022461,51.52000045776367,51.22999954223633,10.286749839782715,34.648956298828125,103.69000244140625,91.80999755859375,18.760000228881836,94.58000183105469,67.70999908447266,303.1099853515625,35.77000045776367,55.02000045776367,24.709999084472656,18.325000762939453,23.969999313354492,105.58000183105469,43.11000061035156,99.80999755859375,57.810001373291016,258.6199951171875,392.1400146484375,31.92300033569336,23.709999084472656,59.59000015258789,50.900001525878906,40.099998474121094,86.47000122070312,10.6899995803833,48.70000076293945,212.25,61.52000045776367,149.60000610351562,97.70999908447266,166.8699951171875,37.290000915527344,76.0687026977539,52.099998474121094,51.619998931884766,10.512999534606934,35.04743957519531,103.69000244140625,93.55000305175781,18.860000610351562,96.163330078125,68.83999633789062,305.0299987792969,35.81999969482422,55.29999923706055,24.75,18.350000381469727,24.0,106.2300033569336,43.150001525878906,8239000,44741000,1821600,823700,14312000,75499300,7802300,21943200,7950900,15115000,14804500,4584300,3393500,19803700,5575900,17798100,1540700,6673300,8967526,11951200,16650200,277036000,23588520,3502400,7098600,18805000,1593900,10619700,2340200,9232100,4050700,58395200,72340400,46491300,7458600,28821800
2020-07-22,78.03475189208984,61.790000915527344,213.5105743408203,372.52923583984375,27.680221557617188,21.143291473388672,47.83261489868164,41.838111877441406,33.23058319091797,70.1768798828125,8.161154747009277,38.373348236083984,179.89471435546875,54.42258834838867,127.71533966064453,85.05899810791016,154.35130310058594,32.70349884033203,62.71137237548828,42.3969612121582,50.37358474731445,10.402727127075195,27.188024520874023,86.74842071533203,81.82154846191406,16.904277801513672,90.8169937133789,62.254669189453125,278.3725280761719,28.36979103088379,45.41639709472656,22.95664405822754,15.086637496948242,21.944072723388672,97.36064910888672,33.675357818603516,97.69999694824219,61.790000915527344,256.9800109863281,392.6000061035156,31.3799991607666,24.309999465942383,59.849998474121094,51.65999984741211,40.88999938964844,91.04000091552734,11.069999694824219,50.189998626708984,206.0,61.04999923706055,150.00999450683594,98.69000244140625,164.83999633789062,38.72999954223633,75.1717529296875,51.0,51.650001525878906,10.438750267028809,36.58443832397461,106.62999725341797,92.5999984741211,19.170000076293945,95.28333282470703,68.52999877929688,306.7099914550781,36.2599983215332,57.06999969482422,26.260000228881836,18.895000457763672,24.309999465942383,106.75,43.61000061035156,98.27999877929688,62.0,260.0,394.54998779296875,31.56800079345703,24.329999923706055,60.33000183105469,52.279998779296875,41.25,91.25,11.25,50.47999954223633,211.0,61.77000045776367,150.41000366210938,100.12999725341797,165.85000610351562,38.90999984741211,76.10687255859375,52.349998474121094,51.77000045776367,10.602499961853027,36.745731353759766,107.79000091552734,93.29000091552734,19.450000762939453,96.00666809082031,68.9000015258789,306.9100036621094,36.779998779296875,57.939998626708984,26.350000381469727,18.924999237060547,24.329999923706055,106.93000030517578,44.150001525878906,96.93000030517578,56.970001220703125,255.8000030517578,389.75,31.03700065612793,23.969999313354492,59.34000015258789,51.150001525878906,40.31999969482422,88.9000015258789,10.880000114440918,49.0099983215332,205.35000610351562,60.619998931884766,147.85000610351562,97.52999877929688,162.3300018310547,37.400001525878906,74.44656372070312,50.9900016784668,51.02000045776367,10.291500091552734,35.597721099853516,106.05000305175781,91.66999816894531,18.90999984741211,94.51000213623047,68.02999877929688,301.80999755859375,36.02000045776367,56.02000045776367,25.81999969482422,18.6200008392334,24.110000610351562,105.7300033569336,43.369998931884766,97.80000305175781,57.06999969482422,259.7900085449219,392.6199951171875,31.500999450683594,24.239999771118164,59.88999938964844,51.540000915527344,41.06999969482422,89.94999694824219,11.140000343322754,49.61000061035156,210.5,61.310001373291016,149.92999267578125,99.6500015258789,165.5399932861328,37.70000076293945,75.68701934814453,52.0,51.58000183105469,10.367500305175781,36.27134704589844,106.63999938964844,92.73999786376953,19.299999237060547,95.2300033569336,68.0999984741211,304.8599853515625,36.40999984741211,56.560001373291016,26.1299991607666,18.924999237060547,24.190000534057617,106.27999877929688,44.150001525878906,4441800,135159400,1598100,710100,14404000,52193700,8961000,17873400,5158400,10317500,9684400,2565000,4978400,18959900,5910200,14271200,1686500,7550200,12362103,13604000,11412600,367292000,90705554,2529900,4366400,12653600,1240500,7366100,1935800,6305500,2741100,41030500,39243400,44437400,5648400,21345400
2020-07-23,78.29833221435547,59.56999969482422,209.57240295410156,364.5870666503906,27.315916061401367,21.343334197998047,47.848594665527344,42.17825698852539,32.8811149597168,70.15376281738281,8.021077156066895,37.34883117675781,177.29234313964844,53.843162536621094,127.37483978271484,85.30891418457031,151.24253845214844,32.83015060424805,62.138214111328125,42.03118896484375,51.339111328125,10.094792366027832,27.0822696685791,87.3260498046875,79.23257446289062,17.018909454345703,89.42861938476562,61.20088195800781,274.97802734375,28.768810272216797,45.893882751464844,23.03532600402832,15.058692932128906,21.962133407592773,96.92286682128906,33.74485397338867,98.02999877929688,59.56999969482422,252.24000549316406,384.2300109863281,30.966999053955078,24.540000915527344,59.869998931884766,52.08000183105469,40.459999084472656,91.01000213623047,10.880000114440918,48.849998474121094,203.02000427246094,60.400001525878906,149.61000061035156,98.9800033569336,161.52000427246094,38.880001068115234,74.48473358154297,50.560001373291016,52.63999938964844,10.12975025177002,36.44212341308594,107.33999633789062,89.66999816894531,19.299999237060547,93.82666778564453,67.37000274658203,302.9700012207031,36.77000045776367,57.66999816894531,26.350000381469727,18.860000610351562,24.329999923706055,106.2699966430664,43.70000076293945,98.91999816894531,62.33000183105469,260.0,394.2099914550781,31.608999252319336,24.639999389648438,60.459999084472656,52.22999954223633,41.130001068115234,91.37999725341797,11.220000267028809,50.08000183105469,206.02000427246094,61.7400016784668,150.85000610351562,99.3499984741211,165.4600067138672,39.5,75.57251739501953,51.25,54.20000076293945,10.54699993133545,37.4003791809082,108.27999877929688,92.97000122070312,19.360000610351562,96.07666778564453,68.5,308.5,36.90999984741211,57.810001373291016,26.510000228881836,18.954999923706055,24.469999313354492,107.52999877929688,43.81999969482422,97.44999694824219,58.630001068115234,251.60000610351562,381.8900146484375,30.83799934387207,24.110000610351562,59.56999969482422,51.130001068115234,40.22999954223633,90.0199966430664,10.760000228881836,48.630001068115234,202.0500030517578,59.97999954223633,149.27999877929688,97.97000122070312,160.7899932861328,38.11000061035156,73.95992279052734,50.310001373291016,51.56999969482422,10.03125,36.223907470703125,105.8499984741211,89.2300033569336,18.780000686645508,93.0,66.75,301.2699890136719,36.0,56.38999938964844,25.700000762939453,18.6200008392334,24.18000030517578,105.91999816894531,43.02000045776367,98.23999786376953,61.630001068115234,259.5400085449219,390.04998779296875,31.336999893188477,24.520000457763672,60.119998931884766,51.45000076293945,40.529998779296875,90.5,10.869999885559082,49.58000183105469,205.10000610351562,61.2599983215332,150.2100067138672,98.5,165.25999450683594,38.20000076293945,75.52481079101562,50.9900016784668,51.7400016784668,10.449999809265137,37.220115661621094,106.01000213623047,92.91000366210938,18.979999542236328,95.33333587646484,68.26000213623047,308.20001220703125,36.09000015258789,56.470001220703125,26.15999984741211,18.829999923706055,24.260000228881836,107.08999633789062,43.400001525878906,5127200,106829100,2532000,990800,19417000,61047600,8913200,17090400,5953500,6586300,9173000,4936400,4088600,43518600,6566300,12870200,2408800,4573800,11558916,13527000,33399900,411660000,59639536,2062500,9438500,13233200,2006100,8559500,2367700,5988200,3576100,50791000,42087800,49916100,6970100,17934400
2020-07-24,77.56352996826172,69.4000015258789,206.03289794921875,348.8831787109375,26.973663330078125,21.178085327148438,46.234188079833984,41.8462028503418,32.734840393066406,69.47543334960938,7.888375282287598,37.494110107421875,175.9387664794922,45.098106384277344,126.10627746582031,84.70561981201172,149.3885498046875,32.67816162109375,61.374027252197266,41.71527862548828,48.78385925292969,10.159318923950195,26.553455352783203,86.91925811767578,78.54337310791016,17.177635192871094,88.02433776855469,67.13291931152344,272.9994812011719,28.886171340942383,46.140586853027344,22.95664405822754,14.974849700927734,21.90797233581543,95.85580444335938,33.53635787963867,97.11000061035156,69.4000015258789,247.97999572753906,367.67999267578125,30.57900047302246,24.350000381469727,57.849998474121094,51.66999816894531,40.279998779296875,90.12999725341797,10.699999809265137,49.040000915527344,201.47000122070312,50.59000015258789,148.1199951171875,98.27999877929688,159.5399932861328,38.70000076293945,73.5687026977539,50.18000030517578,50.02000045776367,10.194499969482422,35.73054885864258,106.83999633789062,88.88999938964844,19.479999542236328,92.35333251953125,73.9000015258789,300.7900085449219,36.91999816894531,57.97999954223633,26.260000228881836,18.7549991607666,24.270000457763672,105.0999984741211,43.43000030517578,98.19000244140625,69.94000244140625,251.8300018310547,375.1600036621094,31.090999603271484,24.829999923706055,59.7599983215332,52.47999954223633,41.36000061035156,92.73999786376953,11.09000015258789,49.97999954223633,204.92999267578125,52.18000030517578,150.60000610351562,99.80000305175781,161.47000122070312,39.36000061035156,74.41793823242188,50.79999923706055,51.279998779296875,10.364749908447266,36.1954460144043,108.87000274658203,90.29000091552734,19.65999984741211,93.66999816894531,76.88999938964844,304.2799987792969,37.47999954223633,58.75,26.850000381469727,19.139999389648438,24.479999542236328,106.16000366210938,44.41999816894531,96.45999908447266,64.05000305175781,245.5,366.7699890136719,30.417999267578125,24.270000457763672,57.54999923706055,51.5,40.15999984741211,89.9800033569336,10.670000076293945,48.619998931884766,201.32000732421875,49.5,147.02999877929688,97.94000244140625,158.4499969482422,38.45000076293945,72.86259460449219,50.06999969482422,49.650001525878906,9.777000427246094,35.417457580566406,106.7300033569336,87.51000213623047,18.899999618530273,90.92333221435547,71.3499984741211,299.2300109863281,36.779998779296875,57.459999084472656,26.200000762939453,18.684999465942383,24.190000534057617,104.43000030517578,43.189998626708984,98.05000305175781,64.18000030517578,251.25999450683594,371.010009765625,30.659000396728516,24.559999465942383,59.66999816894531,52.099998474121094,40.7400016784668,91.4800033569336,10.850000381469727,49.13999938964844,203.0,52.150001525878906,150.5,99.5999984741211,161.47000122070312,38.93000030517578,74.28434753417969,50.560001373291016,51.279998779296875,9.875,36.08159255981445,108.06999969482422,89.20999908447266,19.5,92.16666412353516,71.4000015258789,303.3299865722656,36.90999984741211,57.720001220703125,26.469999313354492,18.860000610351562,24.350000381469727,106.0999984741211,43.880001068115234,5169400,205314500,2187900,1628900,15631000,50217600,12531900,16258900,5202600,6620500,5428000,3055000,3191500,182269900,5405900,12744200,2247900,3728500,9068763,6860800,25348000,473292000,33870501,1991200,9520000,16738200,2717400,41226800,2415700,7385800,2978400,39357000,39901200,41245600,6241000,16415300
2020-07-27,77.60343933105469,68.97000122070312,210.7438201904297,362.2622985839844,27.5814266204834,20.99544334411621,46.39403533935547,41.5384521484375,32.32037353515625,70.1768798828125,7.689325332641602,37.12711715698242,177.29234313964844,44.188838958740234,125.30592346191406,83.51622009277344,150.28749084472656,32.52617263793945,62.83077621459961,42.66297912597656,50.31505584716797,10.38553524017334,26.468847274780273,85.35725402832031,81.90988159179688,17.354001998901367,90.76617431640625,75.6267318725586,271.01177978515625,28.291545867919922,46.18036651611328,22.28350257873535,14.990821838378906,21.727439880371094,96.57630157470703,34.03055191040039,97.16000366210938,68.97000122070312,253.64999389648438,381.7799987792969,31.26799964904785,24.139999389648438,58.04999923706055,51.290000915527344,39.77000045776367,91.04000091552734,10.430000305175781,48.560001373291016,203.02000427246094,49.56999969482422,147.17999267578125,96.9000015258789,160.5,38.52000045776367,75.31488800048828,51.31999969482422,51.59000015258789,10.421500205993652,35.61669921875,104.91999816894531,92.69999694824219,19.68000030517578,95.2300033569336,83.25,298.6000061035156,36.15999984741211,58.029998779296875,25.489999771118164,18.774999618530273,24.06999969482422,105.88999938964844,44.06999969482422,97.88999938964844,71.62999725341797,255.10000610351562,383.7900085449219,31.29599952697754,24.270000457763672,58.619998931884766,51.459999084472656,40.47999954223633,91.08999633789062,10.699999809265137,49.4900016784668,204.17999267578125,51.13999938964844,148.9199981689453,97.62999725341797,161.74000549316406,38.90999984741211,75.51526641845703,51.56999969482422,51.709999084472656,10.441749572753906,35.815940856933594,105.75,92.83999633789062,19.729999542236328,95.2699966430664,83.4000015258789,302.1300048828125,36.619998931884766,58.13999938964844,26.020000457763672,18.860000610351562,24.18000030517578,106.16000366210938,44.09000015258789,96.26000213623047,67.79000091552734,247.02999877929688,376.260009765625,30.749000549316406,23.8799991607666,57.349998474121094,50.61000061035156,39.439998626708984,88.80000305175781,10.260000228881836,48.16999816894531,199.58999633789062,49.470001220703125,146.86000061035156,96.16999816894531,158.58999633789062,37.75,72.81488800048828,49.72999954223633,50.4900016784668,10.21774959564209,35.32258224487305,103.83999633789062,89.26000213623047,19.139999389648438,93.45333099365234,80.43000030517578,297.3699951171875,35.59000015258789,56.810001373291016,25.25,18.4950008392334,23.860000610351562,104.7300033569336,42.970001220703125,96.3499984741211,69.27999877929688,247.3000030517578,377.989990234375,30.829999923706055,24.219999313354492,57.54999923706055,51.459999084472656,39.91999816894531,89.76000213623047,10.670000076293945,48.810001373291016,200.10000610351562,51.029998779296875,147.3699951171875,97.51000213623047,159.60000610351562,38.52000045776367,72.9103012084961,49.90999984741211,50.599998474121094,10.232250213623047,35.445919036865234,105.75,90.0199966430664,19.700000762939453,93.5199966430664,81.36000061035156,298.42999267578125,36.599998474121094,57.79999923706055,26.020000457763672,18.729999542236328,24.15999984741211,105.05999755859375,43.22999954223633,5030700,107918100,2155700,1080300,20646000,54721300,12372000,13991400,5312400,7599700,7119200,2474800,2601200,107526500,5675200,11959100,2709700,3290300,10958307,12087100,15991700,292132000,27640307,1884300,8021700,15020100,2324400,39899200,2060500,6452300,2678400,34761000,36462000,43060200,5934200,18547900
2020-07-28,77.2440185546875,67.61000061035156,212.0897979736328,357.1194152832031,27.11126708984375,21.18678855895996,47.4969367980957,41.52225875854492,31.662105560302734,68.68917846679688,7.62297248840332,36.14082336425781,176.06976318359375,43.8946647644043,125.00799560546875,83.87821960449219,152.30064392089844,32.18840026855469,63.435760498046875,41.78178024291992,48.85213851928711,10.180246353149414,27.512365341186523,85.2840347290039,80.80538940429688,16.886640548706055,89.01241302490234,69.8763656616211,272.21893310546875,28.416732788085938,45.27315902709961,22.318471908569336,14.735320091247559,21.67327308654785,96.46686553955078,33.6290168762207,96.70999908447266,67.61000061035156,255.27000427246094,376.3599853515625,30.735000610351562,24.360000610351562,59.43000030517578,51.27000045776367,38.959999084472656,89.11000061035156,10.34000015258789,47.27000045776367,201.6199951171875,49.2400016784668,146.8300018310547,97.31999969482422,162.64999389648438,38.119998931884766,76.04007720947266,50.2599983215332,50.09000015258789,10.215499877929688,37.0208740234375,104.83000183105469,91.44999694824219,19.149999618530273,93.38999938964844,76.91999816894531,299.92999267578125,36.31999969482422,56.88999938964844,25.530000686645508,18.454999923706055,24.010000228881836,105.7699966430664,43.54999923706055,97.62000274658203,69.80000305175781,258.3999938964844,381.739990234375,31.211000442504883,24.559999465942383,59.81999969482422,51.65999984741211,39.959999084472656,91.16999816894531,10.680000305175781,48.689998626708984,203.60000610351562,50.22999954223633,147.99000549316406,97.88999938964844,165.41000366210938,38.86000061035156,76.53626251220703,51.220001220703125,51.27000045776367,10.381999969482422,37.32447814941406,105.62999725341797,92.58999633789062,19.600000381469727,94.65666961669922,79.58000183105469,301.3999938964844,36.5099983215332,58.540000915527344,25.700000762939453,18.844999313354492,24.1200008392334,106.47000122070312,44.25,96.45999908447266,67.0199966430664,253.77000427246094,376.19000244140625,30.615999221801758,24.079999923706055,58.2400016784668,50.970001220703125,38.79999923706055,88.7699966430664,10.3100004196167,47.189998626708984,201.08999633789062,49.13999938964844,146.75,96.5,161.35000610351562,37.869998931884766,75.3530502319336,50.209999084472656,50.040000915527344,10.209250450134277,36.11005783081055,104.41000366210938,90.56999969482422,18.989999771118164,93.20333099365234,76.48999786376953,297.2099914550781,35.91999816894531,56.52000045776367,25.329999923706055,18.405000686645508,23.899999618530273,105.56999969482422,43.459999084472656,97.0,68.0999984741211,254.4600067138672,381.1099853515625,31.118000030517578,24.1299991607666,58.54999923706055,51.02000045776367,39.56999969482422,90.47000122070312,10.359999656677246,48.11000061035156,201.91000366210938,49.47999954223633,147.39999389648438,96.5,161.6699981689453,38.279998779296875,75.56298065185547,50.83000183105469,51.2599983215332,10.374250411987305,36.56546401977539,104.41000366210938,92.16999816894531,19.489999771118164,94.53333282470703,79.3499984741211,297.8900146484375,35.9900016784668,57.619998931884766,25.329999923706055,18.665000915527344,23.979999542236328,105.94000244140625,43.90999984741211,5941800,94181400,2266600,502000,13974000,48406500,9816300,13121400,6188300,6787300,5853400,2763300,2139600,62362600,4842200,11754300,3483100,4821000,8494564,7287900,15614400,271636000,56393954,1335800,5818400,14551100,1822500,31500100,2257400,7658800,3645500,30505200,35553800,35370500,6239400,19190500
2020-07-29,77.48362731933594,76.08999633789062,206.75576782226562,345.9795837402344,27.243587493896484,21.97824478149414,47.27315139770508,42.53459930419922,32.45853042602539,69.4291763305664,7.991587162017822,37.081233978271484,176.90809631347656,42.85166931152344,124.76107025146484,85.9122543334961,151.45791625976562,33.69987106323242,63.16508483886719,42.05613327026367,49.14471435546875,10.42938232421875,27.681591033935547,88.63583374023438,82.20148468017578,17.133544921875,90.84559631347656,75.09983825683594,278.3452453613281,29.504262924194336,47.50139236450195,22.537025451660156,15.042723655700684,22.079479217529297,97.4792251586914,33.999671936035156,97.01000213623047,76.08999633789062,248.85000610351562,364.6199951171875,30.885000228881836,25.270000457763672,59.150001525878906,52.52000045776367,39.939998626708984,90.06999969482422,10.84000015258789,48.5,202.5800018310547,48.06999969482422,146.5399932861328,99.68000030517578,161.75,39.90999984741211,75.71565246582031,50.59000015258789,50.38999938964844,10.465499877929688,37.24857711791992,108.94999694824219,93.02999877929688,19.43000030517578,95.3133316040039,82.66999816894531,306.67999267578125,37.709999084472656,59.689998626708984,25.780000686645508,18.84000015258789,24.459999084472656,106.87999725341797,44.029998779296875,97.4000015258789,77.19000244140625,252.85000610351562,366.1600036621094,31.12299919128418,25.290000915527344,59.400001525878906,52.59000015258789,39.939998626708984,90.08000183105469,10.850000381469727,48.52000045776367,203.88999938964844,49.5,147.47000122070312,99.70999908447266,163.02999877929688,39.95000076293945,76.08778381347656,50.65999984741211,50.630001068115234,10.516249656677246,37.4288444519043,109.30000305175781,93.62000274658203,19.479999542236328,95.70333099365234,83.37000274658203,309.75,37.83000183105469,59.7599983215332,25.81999969482422,18.854999542236328,24.489999771118164,107.30999755859375,44.09000015258789,96.63999938964844,73.9000015258789,245.74000549316406,361.69000244140625,30.743999481201172,24.190000534057617,58.59000015258789,50.9900016784668,38.599998474121094,88.58000183105469,10.270000457763672,46.95000076293945,199.6199951171875,47.900001525878906,146.07000732421875,97.0,161.10000610351562,38.22999954223633,75.13359069824219,49.880001068115234,49.779998779296875,10.347000122070312,36.48007583618164,104.05000305175781,91.73999786376953,18.950000762939453,94.12000274658203,77.05999755859375,300.0,36.0099983215332,57.13999938964844,25.0,18.3799991607666,23.93000030517578,105.94000244140625,43.34000015258789,96.87000274658203,75.5,250.39999389648438,365.0,30.85300064086914,24.360000610351562,59.15999984741211,51.16999816894531,38.970001220703125,89.4800033569336,10.40999984741211,47.38999938964844,201.6999969482422,49.4900016784668,146.38999938964844,97.06999969482422,162.52999877929688,38.34000015258789,75.62023162841797,50.27000045776367,50.38999938964844,10.39074993133545,37.286529541015625,104.31999969482422,92.08000183105469,19.100000381469727,94.22000122070312,77.11000061035156,301.4599914550781,36.27000045776367,57.599998474121094,25.450000762939453,18.5049991607666,23.969999313354492,106.01000213623047,43.709999084472656,5512000,132969700,3286700,1446700,16562000,71393500,7357900,16991000,6305200,6386900,7501100,3016100,2635000,60500800,4489100,12743500,3108900,5097300,6398040,8074300,14714800,284508000,37033660,2604900,11453000,7444900,1452000,28304000,2672700,6527700,4510900,31442100,34430000,36491600,5449800,14143200
2020-07-30,76.70887756347656,78.19999694824219,204.5041961669922,344.1861877441406,27.5302677154541,21.60425567626953,47.04938507080078,41.19831085205078,30.589370727539062,66.5,7.62297248840332,35.61328125,174.24464416503906,42.780364990234375,125.01651000976562,83.61966705322266,143.26467895507812,32.154624938964844,62.87853240966797,40.97627258300781,49.48607635498047,10.577372550964355,27.58191680908203,86.45552825927734,94.71328735351562,16.26055335998535,92.63430786132812,72.61074829101562,277.0292663574219,28.87834358215332,44.827510833740234,21.54916763305664,14.451872825622559,21.68230628967285,96.80430603027344,32.33174133300781,96.04000091552734,78.19999694824219,246.13999938964844,362.7300109863281,31.209999084472656,24.84000015258789,58.869998931884766,50.869998931884766,37.63999938964844,86.2699966430664,10.34000015258789,46.58000183105469,199.52999877929688,47.9900016784668,146.83999633789062,97.0199966430664,153.0,38.08000183105469,75.37213897705078,48.95000076293945,50.7400016784668,10.61400032043457,36.755218505859375,106.2699966430664,107.19000244140625,18.440000534057617,97.19000244140625,79.93000030517578,305.2300109863281,36.90999984741211,56.33000183105469,24.649999618530273,18.100000381469727,24.020000457763672,106.13999938964844,41.869998931884766,96.73999786376953,78.95999908447266,247.82000732421875,362.82000732421875,31.292999267578125,24.950000762939453,59.150001525878906,51.20000076293945,38.470001220703125,88.5,10.59000015258789,47.689998626708984,199.99000549316406,48.5,147.5,97.73999786376953,158.5,39.27000045776367,75.64885711669922,49.36000061035156,50.75,10.623000144958496,36.94497299194336,106.62000274658203,107.69000244140625,19.15999984741211,97.27999877929688,81.27999877929688,306.4599914550781,37.040000915527344,57.369998931884766,25.239999771118164,18.454999923706055,24.06999969482422,106.31999969482422,43.18000030517578,95.41000366210938,75.06999969482422,245.1999969482422,354.8599853515625,30.600000381469727,24.350000381469727,58.34000015258789,49.86000061035156,35.900001525878906,85.69999694824219,10.15999984741211,46.09000015258789,196.3000030517578,47.59000015258789,146.13999938964844,96.05000305175781,150.4499969482422,37.630001068115234,74.07442474365234,48.54999923706055,49.11000061035156,10.295249938964844,36.24288558959961,104.33999633789062,100.69999694824219,18.200000762939453,95.01333618164062,78.61000061035156,298.8900146484375,36.02000045776367,54.400001525878906,24.5,17.940000534057617,23.709999084472656,105.0,41.83000183105469,96.30999755859375,75.37000274658203,246.39999389648438,355.8500061035156,30.600000381469727,24.719999313354492,58.79999923706055,51.11000061035156,38.119998931884766,88.43000030517578,10.520000457763672,47.34000015258789,199.5,47.83000183105469,147.44000244140625,97.54000091552734,158.4499969482422,39.0,75.1240463256836,49.36000061035156,49.7400016784668,10.375,36.31878662109375,106.44999694824219,102.41999816894531,19.049999237060547,95.03666687011719,80.01000213623047,301.67999267578125,36.65999984741211,56.43000030517578,25.190000534057617,18.44499969482422,24.0,105.8499984741211,43.130001068115234,6411500,80286900,1967400,1010400,21259000,61755900,7175200,24154600,13421000,10112800,7693300,3226500,3057900,39735200,5922500,14834800,6638100,5949200,7152600,9410100,17644300,308880000,32273796,1736700,42122500,15563300,2717400,16820300,2205300,6202100,6257300,51019200,65667400,53994600,5349200,29901100
2020-07-31,75.80633544921875,77.43000030517578,203.28286743164062,335.6368713378906,27.940441131591797,21.639041900634766,46.88154602050781,40.911983489990234,30.386192321777344,64.7039566040039,7.733556747436523,35.819698333740234,172.8736114501953,42.548587799072266,124.09703063964844,83.2921371459961,140.7270965576172,32.25596237182617,63.87356185913086,40.91766357421875,48.822872161865234,10.578120231628418,27.396793365478516,86.78096008300781,93.31719207763672,15.996013641357422,92.25941467285156,71.66597747802734,274.8056335449219,28.823572158813477,44.7479362487793,21.208234786987305,14.384004592895508,21.691328048706055,96.24797058105469,32.493892669677734,94.91000366210938,77.43000030517578,244.6699981689453,353.7200012207031,31.674999237060547,24.8799991607666,58.65999984741211,50.0099983215332,37.38999938964844,83.94000244140625,10.489999771118164,46.849998474121094,197.9600067138672,47.72999954223633,145.75999450683594,96.63999938964844,150.2899932861328,38.20000076293945,76.56488800048828,48.880001068115234,50.060001373291016,10.614749908447266,36.50853729248047,106.66999816894531,105.61000061035156,18.139999389648438,96.79666900634766,78.88999938964844,302.7799987792969,36.84000015258789,56.22999954223633,24.260000228881836,18.014999389648438,24.030000686645508,105.52999877929688,42.08000183105469,97.25,78.95999908447266,246.10000610351562,362.1600036621094,31.84000015258789,24.950000762939453,59.09000015258789,50.310001373291016,37.599998474121094,84.0999984741211,10.520000457763672,46.880001068115234,199.83999633789062,48.31999969482422,147.4499969482422,96.93000030517578,153.33999633789062,38.54999923706055,77.93893432617188,49.029998779296875,50.70000076293945,10.766500473022461,36.764705657958984,106.77999877929688,107.75,18.559999465942383,97.4800033569336,79.7699966430664,303.739990234375,36.869998931884766,56.459999084472656,24.65999984741211,18.03499984741211,24.059999465942383,106.0999984741211,42.16999816894531,93.55000305175781,75.36000061035156,239.38999938964844,350.739990234375,31.139999389648438,24.459999084472656,57.77000045776367,49.369998931884766,36.709999084472656,81.51000213623047,10.130000114440918,45.849998474121094,196.50999450683594,46.970001220703125,143.9600067138672,95.25,148.74000549316406,37.2400016784668,75.52481079101562,48.27000045776367,49.2599983215332,10.432999610900879,35.92030334472656,104.05999755859375,104.51000213623047,17.920000076293945,95.31999969482422,77.51000213623047,298.04998779296875,36.08000183105469,55.06999969482422,24.079999923706055,17.649999618530273,23.709999084472656,104.1500015258789,40.90999984741211,95.54000091552734,78.66999816894531,245.6300048828125,361.95001220703125,31.469999313354492,24.93000030517578,58.880001068115234,50.2599983215332,37.04999923706055,83.25,10.229999542236328,45.90999984741211,199.83999633789062,48.130001068115234,146.66000366210938,96.4800033569336,153.1300048828125,37.599998474121094,77.18511199951172,49.02000045776367,50.619998931884766,10.563249588012695,36.31878662109375,106.44999694824219,105.66000366210938,18.110000610351562,97.43333435058594,79.62999725341797,303.44000244140625,36.650001525878906,55.540000915527344,24.5,17.825000762939453,24.010000228881836,105.80999755859375,41.15999984741211,14613000,71621600,2830100,954900,24719000,61955800,10443000,22485800,7719900,19119800,7538200,2885500,2399700,46536000,8259600,14535000,5342700,9994400,12291154,9669900,17433200,386080000,28472124,2082300,16765100,15338900,1928400,12021200,3913500,7707300,5120100,45537900,49548200,50115900,6920400,32116200
2020-08-03,76.62899780273438,77.66999816894531,205.5177764892578,347.8678283691406,28.335622787475586,21.734712600708008,47.23320007324219,41.22285461425781,29.83357048034668,65.37458038330078,7.814652919769287,35.452720642089844,174.1223907470703,43.05670166015625,125.45071411132812,82.82672119140625,143.11485290527344,32.568382263183594,65.7044448852539,41.40317916870117,49.14471435546875,10.972253799438477,27.304250717163086,86.17894744873047,96.83392333984375,16.50745964050293,93.93372344970703,71.7204818725586,275.5589294433594,28.792285919189453,43.662635803222656,21.234460830688477,14.43590259552002,21.7545223236084,97.2420883178711,32.62517547607422,95.94000244140625,77.66999816894531,247.36000061035156,366.6099853515625,32.12300109863281,24.989999771118164,59.099998474121094,50.38999938964844,36.709999084472656,84.80999755859375,10.600000381469727,46.369998931884766,199.38999938964844,48.29999923706055,147.35000610351562,96.0999984741211,152.83999633789062,38.56999969482422,78.7595443725586,49.459999084472656,50.38999938964844,11.010250091552734,36.38520050048828,105.93000030517578,109.58999633789062,18.719999313354492,98.55332946777344,78.94999694824219,303.6099853515625,36.79999923706055,53.90999984741211,24.290000915527344,18.079999923706055,24.100000381469727,106.62000274658203,42.25,97.16999816894531,78.5,249.02000427246094,367.1499938964844,32.3489990234375,25.309999465942383,59.63999938964844,50.849998474121094,37.38999938964844,85.13999938964844,10.770000457763672,47.06999969482422,199.8800048828125,48.630001068115234,147.7899932861328,97.56999969482422,153.85000610351562,40.040000915527344,79.96183013916016,49.90999984741211,50.619998931884766,11.098750114440918,36.679317474365234,107.5999984741211,113.0,18.969999313354492,98.79000091552734,79.1500015258789,304.9100036621094,37.09000015258789,55.65999984741211,24.5,18.18000030517578,24.290000915527344,106.97000122070312,42.5,95.05999755859375,77.05999755859375,244.52999877929688,359.82000732421875,31.72800064086914,24.690000534057617,58.95000076293945,49.689998626708984,36.689998626708984,83.80000305175781,10.279999732971191,45.90999984741211,196.52999877929688,47.7400016784668,146.14999389648438,95.8499984741211,151.22000122070312,37.41999816894531,78.11068725585938,48.720001220703125,50.02000045776367,10.715250015258789,36.26185989379883,105.30000305175781,107.02999877929688,17.8700008392334,97.37333679199219,77.41000366210938,299.20001220703125,36.369998931884766,53.58000183105469,23.899999618530273,17.860000610351562,23.959999084472656,106.0,41.470001220703125,95.19000244140625,78.19000244140625,244.85000610351562,361.0199890136719,31.799999237060547,25.030000686645508,59.11000061035156,50.560001373291016,37.27000045776367,83.9800033569336,10.510000228881836,46.86000061035156,198.49000549316406,48.27000045776367,146.38999938964844,97.0199966430664,152.8000030517578,38.400001525878906,78.38740539550781,49.220001220703125,50.38999938964844,10.732500076293945,36.63187789916992,106.54000091552734,107.4000015258789,18.100000381469727,97.38666534423828,77.7699966430664,303.5899963378906,36.790000915527344,55.22999954223633,24.25,18.010000228881836,24.1299991607666,106.19000244140625,42.04999923706055,6919000,42628800,1853900,862400,20796000,58284000,10337900,15856600,8064700,11220100,6596700,4004500,2294600,31767100,4078700,12962800,3615000,24358900,10601463,9912400,15143500,412720000,31036400,1913200,18899400,9618800,1654200,10129800,2628500,4683700,5396500,27863700,42206800,42982100,8811800,23033600
2020-08-04,75.31111907958984,85.04000091552734,202.38555908203125,351.3977355957031,28.967205047607422,21.752111434936523,47.52891159057617,41.01833724975586,30.589370727539062,66.66958618164062,8.175897598266602,37.05065155029297,176.0872039794922,43.79660415649414,125.34004974365234,82.3526840209961,144.9969482421875,31.82532501220703,65.01190185546875,41.23576354980469,50.032230377197266,11.18900203704834,27.332719802856445,85.65827941894531,98.03563690185547,16.957183837890625,95.31258392333984,72.8469467163086,276.36669921875,28.346315383911133,42.94181442260742,21.173263549804688,14.78721809387207,21.664249420166016,96.8134536743164,33.56724166870117,94.29000091552734,85.04000091552734,243.58999633789062,370.3299865722656,32.8390007019043,25.010000228881836,59.470001220703125,50.13999938964844,37.63999938964844,86.48999786376953,11.09000015258789,48.459999084472656,201.63999938964844,49.130001068115234,147.22000122070312,95.55000305175781,154.85000610351562,37.689998626708984,77.92938995361328,49.2599983215332,51.29999923706055,11.227749824523926,36.42314910888672,105.29000091552734,110.94999694824219,19.229999542236328,100.0,80.19000244140625,304.5,36.22999954223633,53.02000045776367,24.219999313354492,18.520000457763672,24.0,106.1500015258789,43.470001220703125,96.02999877929688,85.80999755859375,246.1699981689453,371.8699951171875,32.85900115966797,25.059999465942383,59.5099983215332,50.31999969482422,38.06999969482422,86.72000122070312,11.319999694824219,48.77000045776367,201.72000122070312,49.13999938964844,147.22000122070312,95.94999694824219,156.0,38.56999969482422,78.76908111572266,49.77000045776367,51.47999954223633,11.227749824523926,36.69829177856445,106.13999938964844,111.0199966430664,19.360000610351562,100.086669921875,80.19000244140625,308.8599853515625,36.75,53.93000030517578,24.290000915527344,18.559999465942383,24.040000915527344,106.62999725341797,43.599998474121094,94.05999755859375,77.98999786376953,241.33999633789062,368.20001220703125,32.03900146484375,24.860000610351562,58.529998779296875,49.849998474121094,36.470001220703125,84.27999877929688,10.550000190734863,46.09000015258789,198.47999572753906,48.5,145.82000732421875,95.02999877929688,153.08999633789062,36.5099983215332,77.35687255859375,49.08000183105469,50.290000915527344,10.906000137329102,36.138519287109375,104.83000183105469,108.66000366210938,18.600000381469727,98.50333404541016,78.73999786376953,300.07000732421875,36.15999984741211,51.93000030517578,24.030000686645508,18.0049991607666,23.8700008392334,105.48999786376953,42.2400016784668,95.91999816894531,78.02999877929688,245.97000122070312,368.42999267578125,32.04999923706055,24.959999084472656,58.83000183105469,50.22999954223633,36.65999984741211,84.4800033569336,10.569999694824219,46.380001068115234,199.35000610351562,48.599998474121094,146.99000549316406,95.91000366210938,153.3800048828125,37.83000183105469,78.76908111572266,49.5,50.349998474121094,11.050000190734863,36.34724807739258,106.13999938964844,109.48999786376953,18.68000030517578,98.55332946777344,79.33000183105469,301.9100036621094,36.630001068115234,53.689998626708984,24.200000762939453,18.020000457763672,24.0,106.37999725341797,42.34000015258789,7865100,155676100,1912100,833400,25258000,37985300,6527600,16230800,5808100,9077900,11389200,5754300,1944700,29045800,4162200,13366200,3260000,13185700,7218729,6445200,15753100,310336000,29448549,1645300,10205400,10141800,1452900,12569400,3594900,4098900,5702700,28106900,45144200,30754400,6092900,17724000
2020-08-05,74.4804458618164,85.30999755859375,200.62417602539062,349.6708068847656,29.06864356994629,22.082609176635742,47.704734802246094,41.75461196899414,30.898181915283203,67.21687316894531,8.876266479492188,38.80150604248047,178.60227966308594,43.60939407348633,126.34463500976562,83.78339385986328,144.51942443847656,30.761371612548828,64.98799896240234,41.66269302368164,49.788414001464844,11.247800827026367,27.375444412231445,86.69147491455078,98.4244155883789,17.19527244567871,95.2140884399414,74.15506744384766,283.6002502441406,28.83922004699707,41.80792999267578,21.33062171936035,14.942914962768555,21.962133407592773,97.26033020019531,33.860679626464844,93.25,85.30999755859375,241.47000122070312,368.510009765625,32.95399856567383,25.389999389648438,59.689998626708984,51.040000915527344,38.02000045776367,87.19999694824219,12.039999961853027,50.75,204.52000427246094,48.91999816894531,148.39999389648438,97.20999908447266,154.33999633789062,36.43000030517578,77.90076446533203,49.77000045776367,51.04999923706055,11.286749839782715,36.48007583618164,106.55999755859375,111.38999938964844,19.5,99.89666748046875,81.62999725341797,312.4700012207031,36.86000061035156,51.619998931884766,24.399999618530273,18.71500015258789,24.329999923706055,106.63999938964844,43.849998474121094,94.80000305175781,86.31999969482422,245.41000366210938,373.2099914550781,33.15800094604492,25.59000015258789,60.380001068115234,51.310001373291016,38.689998626708984,88.43000030517578,12.140000343322754,51.11000061035156,204.80999755859375,49.720001220703125,149.30999755859375,98.47000122070312,157.49000549316406,38.130001068115234,78.6927490234375,49.959999084472656,51.279998779296875,11.371749877929688,36.55597686767578,106.77999877929688,112.45999908447266,19.950000762939453,100.33999633789062,84.0,312.9599914550781,36.95000076293945,54.380001068115234,24.75,18.950000762939453,24.389999389648438,106.83000183105469,44.310001373291016,93.12999725341797,83.31999969482422,240.8000030517578,366.7099914550781,32.58000183105469,25.25,59.40999984741211,50.470001220703125,37.709999084472656,86.41000366210938,11.550000190734863,49.52000045776367,203.00999450683594,48.65999984741211,147.8000030517578,95.72000122070312,153.3000030517578,36.27000045776367,77.4332046508789,49.439998626708984,50.630001068115234,11.166250228881836,36.17647171020508,105.36000061035156,110.08000183105469,19.3700008392334,99.19999694824219,80.56999969482422,305.0199890136719,36.47999954223633,51.290000915527344,24.34000015258789,18.545000076293945,24.1299991607666,106.37000274658203,43.529998779296875,94.47000122070312,84.95999908447266,243.91000366210938,371.010009765625,32.82500076293945,25.31999969482422,59.95000076293945,50.5,38.5,88.13999938964844,11.859999656677246,49.869998931884766,203.1699981689453,49.720001220703125,149.10000610351562,95.87000274658203,157.30999755859375,38.08000183105469,78.31106567382812,49.59000015258789,51.09000015258789,11.244000434875488,36.49905014038086,106.19000244140625,111.0,19.65999984741211,99.84333038330078,80.9800033569336,306.8299865722656,36.5,54.279998779296875,24.399999618530273,18.885000228881836,24.15999984741211,106.7300033569336,44.150001525878906,6918900,65642600,1736400,591300,22299000,51322600,10662800,16412400,7315000,7324200,14166700,5052800,2232400,29438600,5467500,15260900,2386400,14914600,6492465,6636100,13198600,249924000,24292697,2290700,7967400,9127500,1741500,14436300,2982200,4585300,5284500,32935400,61517400,34860700,4406600,17175100
2020-08-06,73.93733978271484,86.70999908447266,200.6906280517578,350.35400390625,29.035131454467773,22.15218734741211,49.01544189453125,41.631893157958984,30.922571182250977,67.42499542236328,8.677214622497559,38.90852737426758,178.36647033691406,43.59144592285156,125.62098693847656,83.80923461914062,143.15232849121094,30.170299530029297,64.51836395263672,41.394805908203125,47.496490478515625,11.296382904052734,27.24728012084961,87.07384490966797,98.13282775878906,17.036544799804688,95.16324615478516,73.1467056274414,285.04345703125,28.784456253051758,41.694541931152344,21.2779541015625,14.823151588439941,21.95310401916504,96.740478515625,33.698516845703125,92.56999969482422,86.70999908447266,241.5500030517578,369.2300109863281,32.91600036621094,25.469999313354492,61.33000183105469,50.88999938964844,38.04999923706055,87.47000122070312,11.770000457763672,50.88999938964844,204.25,48.56999969482422,147.5500030517578,97.23999786376953,152.8800048828125,35.72999954223633,77.33778381347656,49.45000076293945,48.70000076293945,11.33549976348877,36.30929946899414,107.02999877929688,111.05999755859375,19.31999969482422,99.84333038330078,80.5199966430664,314.05999755859375,36.790000915527344,51.47999954223633,24.239999771118164,18.565000534057617,24.31999969482422,106.06999969482422,43.63999938964844,93.6500015258789,86.9800033569336,242.1999969482422,369.55999755859375,33.0880012512207,25.670000076293945,62.970001220703125,51.290000915527344,38.43000030517578,87.9000015258789,12.050000190734863,51.08000183105469,206.2899932861328,48.81999969482422,149.25,98.0999984741211,155.5,36.880001068115234,78.61640930175781,49.97999954223633,50.029998779296875,11.357999801635742,37.09677505493164,107.37999725341797,111.36000061035156,19.690000534057617,100.00666809082031,82.0999984741211,316.239990234375,37.150001525878906,52.97999954223633,24.5,18.780000686645508,24.420000076293945,106.95999908447266,43.900001525878906,91.77999877929688,84.77999877929688,239.11000061035156,364.17999267578125,32.54100036621094,25.280000686645508,60.41999816894531,50.58000183105469,37.61000061035156,86.0999984741211,11.640000343322754,50.2599983215332,203.8300018310547,48.099998474121094,146.5,96.54000091552734,151.0,35.4900016784668,76.88931274414062,49.2400016784668,48.31999969482422,11.178750038146973,36.1954460144043,105.6500015258789,109.93000030517578,19.209999084472656,98.83000183105469,80.22000122070312,310.3999938964844,36.540000915527344,51.099998474121094,24.1200008392334,18.4950008392334,24.149999618530273,105.30000305175781,43.25,93.31999969482422,85.48999786376953,240.85000610351562,368.04998779296875,32.777000427246094,25.450000762939453,62.0,50.75,37.63999938964844,86.43000030517578,11.899999618530273,50.40999984741211,205.0,48.790000915527344,148.39999389648438,97.58000183105469,153.85000610351562,36.06999969482422,77.72901153564453,49.83000183105469,50.0,11.349749565124512,36.7836799621582,105.79000091552734,111.2300033569336,19.450000762939453,99.81999969482422,82.04000091552734,312.0,36.63999938964844,51.36000061035156,24.200000762939453,18.610000610351562,24.25,106.51000213623047,43.400001525878906,7269300,53961700,1747000,402100,14193000,51999700,18961900,11025000,6588700,7035600,9407300,3290600,1882400,23795500,4837900,10482100,2176200,7172500,7256562,5701100,32204700,244316000,20922111,1632600,6392200,6751100,1096200,9838700,3305300,3227200,3924600,44670300,38381400,33115400,5369700,14434900
2020-08-07,74.21688079833984,84.8499984741211,199.9761199951172,347.3554382324219,28.750205993652344,22.708826065063477,48.76768112182617,42.638126373291016,31.1257266998291,66.90853881835938,8.927871704101562,37.31825256347656,181.87701416015625,43.10679626464844,126.51493072509766,85.65367889404297,143.19911193847656,30.964035034179688,64.49446105957031,42.1482048034668,47.54524612426758,11.16085147857666,27.375444412231445,89.24600219726562,95.64990234375,17.309906005859375,94.10529327392578,72.70159912109375,287.73907470703125,29.308666229248047,42.65025329589844,22.006526947021484,14.843110084533691,22.422496795654297,97.0505599975586,33.54408645629883,92.91999816894531,84.8499984741211,240.69000244140625,366.07000732421875,32.59299850463867,26.110000610351562,61.02000045776367,52.119998931884766,38.29999923706055,86.80000305175781,12.109999656677246,48.810001373291016,208.27000427246094,48.029998779296875,148.60000610351562,99.37999725341797,152.92999267578125,36.66999816894531,77.30915832519531,50.349998474121094,48.75,11.19950008392334,36.48007583618164,109.69999694824219,108.25,19.6299991607666,98.73332977294922,80.02999877929688,317.0299987792969,37.459999084472656,52.65999984741211,25.06999969482422,18.59000015258789,24.84000015258789,106.41000366210938,43.439998626708984,93.0,87.29000091552734,243.6199951171875,371.1700134277344,32.972999572753906,26.190000534057617,61.650001525878906,52.22999954223633,38.38999938964844,87.11000061035156,12.170000076293945,49.189998626708984,208.8000030517578,48.650001525878906,148.64999389648438,99.48999786376953,153.5,36.75,77.30915832519531,50.470001220703125,49.18000030517578,11.50475025177002,36.64136505126953,110.02999877929688,111.05000305175781,19.649999618530273,100.0999984741211,80.79000091552734,319.0,37.470001220703125,52.869998931884766,25.219999313354492,18.635000228881836,24.860000610351562,106.43000030517578,43.52000045776367,92.19999694824219,82.66999816894531,238.57000732421875,362.3299865722656,32.14799880981445,25.260000228881836,60.41999816894531,50.130001068115234,37.349998474121094,85.73999786376953,11.430000305175781,45.06999969482422,202.4499969482422,47.70000076293945,147.14999389648438,96.55999755859375,151.5800018310547,35.25,76.364501953125,49.08000183105469,48.04999923706055,11.037500381469727,36.204933166503906,105.80999755859375,106.0,19.020000457763672,97.53333282470703,79.41000366210938,313.3399963378906,36.099998474121094,50.72999954223633,24.0,18.184999465942383,24.149999618530273,105.66000366210938,42.810001373291016,92.69000244140625,86.66999816894531,243.5800018310547,370.739990234375,32.8390007019043,25.34000015258789,61.560001373291016,50.52000045776367,37.869998931884766,86.87999725341797,11.569999694824219,47.0,203.47999572753906,48.529998779296875,147.50999450683594,96.93000030517578,152.9600067138672,35.59000015258789,77.0896987915039,49.209999084472656,48.689998626708984,11.3125,36.33776092529297,105.83000183105469,110.01000213623047,19.190000534057617,99.7300033569336,80.48999786376953,313.3399963378906,36.36000061035156,51.220001220703125,24.1299991607666,18.399999618530273,24.200000762939453,105.95999908447266,43.22999954223633,5226600,66543200,1352300,572500,14192000,63354500,9969100,21499100,4445300,7185000,9433600,8528400,3075000,36765200,3635100,14743700,2017100,5469000,6977584,6225900,13637300,342516000,23097251,2797800,11155900,7084800,1364700,8705800,2600800,7818900,3310200,46272400,36753200,63302800,4274000,18757900
2020-08-10,73.78556060791016,82.23999786376953,197.88233947753906,346.729248046875,28.876346588134766,23.100202560424805,49.40705108642578,43.243507385253906,32.214717864990234,69.1670913696289,9.318607330322266,38.579776763916016,182.84634399414062,44.1748161315918,126.02967071533203,86.73965454101562,143.26467895507812,31.352466583251953,64.40691375732422,42.34074783325195,47.93537139892578,11.126470565795898,27.332719802856445,89.21347045898438,93.97988891601562,17.83017349243164,94.10209655761719,72.5562515258789,289.61773681640625,29.316490173339844,43.371063232421875,21.681747436523438,15.302218437194824,22.584980010986328,96.72223663330078,34.370323181152344,92.37999725341797,82.23999786376953,238.1699981689453,365.4100036621094,32.736000061035156,26.559999465942383,61.81999969482422,52.86000061035156,39.63999938964844,89.7300033569336,12.640000343322754,50.459999084472656,209.3800048828125,49.220001220703125,148.02999877929688,100.63999938964844,153.0,37.130001068115234,77.2042007446289,50.58000183105469,49.150001525878906,11.164999961853027,36.42314910888672,109.66000366210938,106.36000061035156,20.219999313354492,98.7300033569336,79.87000274658203,319.1000061035156,37.470001220703125,53.54999923706055,24.700000762939453,19.165000915527344,25.020000457763672,106.05000305175781,44.5099983215332,93.66999816894531,85.16000366210938,240.6699981689453,366.7799987792969,32.926998138427734,26.809999465942383,61.9900016784668,53.209999084472656,39.66999816894531,89.76000213623047,12.699999809265137,50.630001068115234,210.63999938964844,49.38999938964844,149.00999450683594,102.04000091552734,153.49000549316406,37.150001525878906,77.4904556274414,50.83000183105469,49.66999816894531,11.408249855041504,36.679317474365234,111.61000061035156,108.98999786376953,20.389999389648438,99.1500015258789,80.8499984741211,320.4700012207031,37.9900016784668,53.77000045776367,25.479999542236328,19.174999237060547,25.110000610351562,106.5199966430664,44.599998474121094,92.1500015258789,79.31999969482422,236.2100067138672,359.5400085449219,32.40599822998047,26.209999084472656,60.77000045776367,52.25,38.45000076293945,87.5999984741211,12.119999885559082,48.63999938964844,208.0399932861328,48.060001373291016,147.72000122070312,100.02999877929688,151.52999877929688,36.04999923706055,76.62213897705078,50.2599983215332,48.27000045776367,10.856499671936035,36.299808502197266,109.37999725341797,105.72000122070312,19.479999542236328,97.30000305175781,79.22000122070312,315.5799865722656,37.2400016784668,52.38999938964844,24.219999313354492,18.684999465942383,24.8700008392334,105.7699966430664,43.599998474121094,92.62999725341797,85.05000305175781,240.25999450683594,364.760009765625,32.422000885009766,26.309999465942383,60.959999084472656,52.290000915527344,38.5099983215332,87.94000244140625,12.25,48.9900016784668,209.58999633789062,48.20000076293945,148.86000061035156,100.11000061035156,152.92999267578125,36.900001525878906,77.29962158203125,50.5,48.849998474121094,11.334250450134277,36.574951171875,110.1500015258789,108.5999984741211,19.559999465942383,99.02999877929688,80.55000305175781,317.0,37.72999954223633,53.0,25.219999313354492,18.729999542236328,24.979999542236328,106.43000030517578,43.9900016784668,7623600,70536100,1533200,547900,11989000,64051100,9820900,16850400,5612600,8150200,10311300,4088700,2432800,37442600,4096600,14989900,1745200,9232600,5782445,6518300,15881500,427796000,19964552,2066900,10087100,11555800,1326900,7421400,2563600,7739300,5663300,50602600,52616200,45436100,4640200,24367800
2020-08-11,74.01719665527344,76.87999725341797,194.95779418945312,342.83880615234375,28.582609176635742,23.413307189941406,50.454010009765625,43.97976303100586,32.27161407470703,69.08230590820312,9.112180709838867,37.78463363647461,184.31346130371094,43.25040054321289,125.12720489501953,89.48042297363281,141.0454559326172,31.20046615600586,64.40691375732422,43.34526824951172,46.57970428466797,10.812557220458984,26.905534744262695,91.4995346069336,96.16242980957031,17.900718688964844,93.120361328125,70.802978515625,286.39581298828125,29.942411422729492,43.45205307006836,22.225980758666992,15.250317573547363,22.846759796142578,96.11114501953125,34.72553634643555,92.66999816894531,76.87999725341797,234.64999389648438,361.30999755859375,32.40299987792969,26.920000076293945,63.130001068115234,53.7599983215332,39.709999084472656,89.62000274658203,12.359999656677246,49.41999816894531,211.05999755859375,48.189998626708984,146.97000122070312,103.81999969482422,150.6300048828125,36.95000076293945,77.2042007446289,51.779998779296875,47.7599983215332,10.850000381469727,35.85388946533203,112.47000122070312,108.83000183105469,20.299999237060547,97.69999694824219,77.94000244140625,315.54998779296875,38.27000045776367,53.650001525878906,25.31999969482422,19.100000381469727,25.309999465942383,105.37999725341797,44.970001220703125,93.29000091552734,80.70999908447266,238.89999389648438,369.3699951171875,33.332000732421875,27.75,64.25,55.029998779296875,41.150001525878906,93.01000213623047,13.25,52.779998779296875,216.9499969482422,49.72999954223633,149.22999572753906,106.16000366210938,153.13999938964844,38.68000030517578,78.12023162841797,52.869998931884766,49.7400016784668,11.136750221252441,36.603416442871094,115.29000091552734,112.01000213623047,21.270000457763672,99.63666534423828,79.19999694824219,324.57000732421875,39.349998474121094,55.72999954223633,26.139999389648438,19.764999389648438,25.719999313354492,106.73999786376953,46.41999816894531,92.12999725341797,76.0999984741211,234.36000061035156,360.6600036621094,32.2760009765625,26.780000686645508,62.689998626708984,53.540000915527344,39.58000183105469,89.16999816894531,12.300000190734863,49.22999954223633,210.52999877929688,48.060001373291016,146.3699951171875,103.51000213623047,150.1999969482422,36.72999954223633,76.93701934814453,51.56999969482422,47.630001068115234,10.79574966430664,35.74003982543945,111.93000030517578,104.73999786376953,20.190000534057617,97.4000015258789,77.94000244140625,314.6600036621094,38.060001373291016,53.45000076293945,25.200000762939453,19.010000228881836,25.25,105.12999725341797,44.72999954223633,92.30999755859375,80.70999908447266,238.17999267578125,366.0400085449219,32.75699996948242,27.280000686645508,62.970001220703125,54.45000076293945,40.56999969482422,91.94999694824219,13.039999961853027,52.0,212.72000122070312,49.630001068115234,149.13999938964844,103.86000061035156,153.13999938964844,38.0,78.00572204589844,51.63999938964844,49.0099983215332,11.073749542236328,36.58443832397461,112.73999786376953,106.19999694824219,20.860000610351562,98.61666870117188,79.08999633789062,322.9200134277344,38.439998626708984,55.029998779296875,25.290000915527344,19.540000915527344,25.489999771118164,106.63999938964844,45.5,7208400,77877700,2296200,627000,19316000,81441000,20736000,25256500,7975900,9074300,8952600,5528600,4042700,35348100,6388400,31518600,2103400,7622200,7636671,11792600,21532800,354512000,21326847,2910700,17803000,12373700,2116500,7056300,3018200,7527000,4711000,55000100,53026200,73758600,8115900,28987500
2020-08-12,76.2855453491211,82.61000061035156,200.83187866210938,355.6486511230469,29.4303035736084,23.248058319091797,50.86160659790039,43.64435958862305,33.85634231567383,69.93022918701172,9.22276496887207,37.5323371887207,185.24790954589844,44.14788818359375,127.41740417480469,88.72197723388672,142.84329223632812,32.196868896484375,65.81587982177734,43.847530364990234,47.28192138671875,11.400769233703613,27.29000473022461,91.11715698242188,102.31227111816406,17.953628540039062,96.12909698486328,72.12020111083984,292.494873046875,29.582500457763672,44.64263153076172,22.111865997314453,15.402024269104004,22.783571243286133,97.72547912597656,34.71765899658203,95.51000213623047,82.61000061035156,241.72000122070312,374.80999755859375,33.36399841308594,26.729999542236328,63.63999938964844,53.349998474121094,41.65999984741211,90.72000122070312,12.510000228881836,49.09000015258789,212.1300048828125,49.189998626708984,149.66000366210938,102.94000244140625,152.5500030517578,38.130001068115234,78.89312744140625,52.380001068115234,48.47999954223633,11.440250396728516,36.3662223815918,112.0,115.79000091552734,20.360000610351562,100.8566665649414,79.38999938964844,322.2699890136719,37.810001373291016,55.119998931884766,25.190000534057617,19.290000915527344,25.239999771118164,107.1500015258789,44.09000015258789,95.58000183105469,82.87999725341797,243.0,376.0299987792969,33.5880012512207,27.56999969482422,64.2699966430664,55.02000045776367,41.68000030517578,91.66000366210938,12.75,50.34000015258789,215.9499969482422,49.2599983215332,150.24000549316406,106.43000030517578,153.1699981689453,38.45000076293945,79.11259460449219,53.41999816894531,48.72999954223633,11.467000007629395,36.574951171875,114.8499984741211,116.25,20.760000228881836,101.12333679199219,79.55000305175781,323.2900085449219,39.15999984741211,55.150001525878906,26.139999389648438,19.514999389648438,25.770000457763672,107.48999786376953,44.939998626708984,93.33000183105469,77.55000305175781,234.69000244140625,365.6400146484375,32.5359992980957,26.40999984741211,63.45000076293945,52.75,40.25,89.44999694824219,12.3100004196167,48.619998931884766,209.27000427246094,48.2400016784668,147.49000549316406,101.70999908447266,150.60000610351562,37.349998474121094,77.614501953125,51.90999984741211,47.65999984741211,10.958250045776367,35.87286376953125,110.4000015258789,109.6500015258789,19.809999465942383,98.21333312988281,77.7300033569336,317.6400146484375,37.400001525878906,53.5,24.719999313354492,19.084999084472656,25.059999465942383,105.91000366210938,43.630001068115234,93.44999694824219,78.43000030517578,234.69000244140625,366.5899963378906,32.584999084472656,27.479999542236328,63.58000183105469,54.939998626708984,40.369998931884766,90.80000305175781,12.670000076293945,50.33000183105469,214.6999969482422,48.66999816894531,147.5399932861328,106.16000366210938,150.7899932861328,38.029998779296875,77.64312744140625,52.630001068115234,48.380001068115234,10.990750312805176,35.891841888427734,114.7300033569336,110.38999938964844,20.65999984741211,98.52999877929688,78.16000366210938,318.0,39.11000061035156,54.650001525878906,25.979999542236328,19.389999389648438,25.760000228881836,105.94999694824219,44.459999084472656,7705600,88513700,2325500,565400,18471000,61971300,8616200,19337900,11822500,9057400,6983400,4644300,2439400,30659800,5257300,19240800,2430400,8280400,7295652,8949400,17176600,464412000,19957595,2005600,18664700,14560900,1945800,8354400,2915800,4864100,3138300,42868500,51065400,58793600,8205500,22503200
2020-08-13,75.62261962890625,81.83999633789062,199.78500366210938,355.6011962890625,29.058059692382812,22.917556762695312,50.541934967041016,43.26804733276367,33.01927947998047,69.23646545410156,8.914085388183594,36.25550842285156,181.98190307617188,43.58247375488281,126.00409698486328,88.23069763183594,141.57302856445312,31.462223052978516,66.50047302246094,43.680110931396484,44.99974060058594,11.403512954711914,27.17608642578125,90.31175231933594,100.20927429199219,17.521541595458984,95.17279815673828,71.13003540039062,291.8141174316406,29.238250732421875,43.07950210571289,21.9626407623291,15.102605819702148,22.639137268066406,97.59779357910156,33.86723709106445,94.68000030517578,81.83999633789062,240.4600067138672,374.760009765625,32.94200134277344,26.350000381469727,63.2400016784668,52.88999938964844,40.630001068115234,89.81999969482422,11.84000015258789,47.41999816894531,208.38999938964844,48.560001373291016,148.0,102.37000274658203,150.4600067138672,37.2599983215332,79.71373748779297,52.18000030517578,46.13999938964844,11.442999839782715,36.214420318603516,111.01000213623047,113.41000366210938,19.8700008392334,99.85333251953125,78.30000305175781,321.5199890136719,37.369998931884766,53.189998626708984,25.020000457763672,18.915000915527344,25.079999923706055,107.01000213623047,43.0099983215332,95.5,84.0199966430664,242.77000427246094,378.1400146484375,33.340999603271484,26.670000076293945,63.58000183105469,53.47999954223633,41.83000183105469,91.27999877929688,12.359999656677246,49.150001525878906,212.1999969482422,49.33000183105469,149.19000244140625,103.36000061035156,151.69000244140625,38.06999969482422,79.79962158203125,52.459999084472656,47.22999954223633,11.721750259399414,36.223907470703125,111.79000091552734,116.19999694824219,20.290000915527344,100.95999908447266,79.0999984741211,321.8699951171875,37.79999923706055,54.939998626708984,25.229999542236328,19.295000076293945,25.260000228881836,107.12000274658203,43.869998931884766,94.01000213623047,81.54000091552734,239.61000061035156,373.0,32.78499984741211,26.139999389648438,62.900001525878906,52.56999969482422,40.619998931884766,89.76000213623047,11.829999923706055,47.380001068115234,207.69000244140625,48.38999938964844,147.52999877929688,101.63999938964844,149.7899932861328,37.119998931884766,78.25381469726562,51.709999084472656,45.93000030517578,11.35575008392334,35.93927764892578,109.83000183105469,112.7699966430664,19.729999542236328,99.3566665649414,77.83000183105469,317.8399963378906,37.06999969482422,53.099998474121094,24.68000030517578,18.8700008392334,24.93000030517578,106.29000091552734,42.91999816894531,95.13999938964844,82.87999725341797,241.30999755859375,376.5799865722656,33.22100067138672,26.489999771118164,63.02000045776367,52.83000183105469,41.150001525878906,89.87000274658203,12.210000038146973,48.77000045776367,210.41000366210938,49.2599983215332,148.5399932861328,102.0,150.82000732421875,37.5,78.36832427978516,51.93000030517578,47.15999984741211,11.545999526977539,36.119544982910156,110.45999908447266,116.19999694824219,20.290000915527344,100.8566665649414,79.0,320.67999267578125,37.45000076293945,54.31999969482422,24.950000762939453,19.135000228881836,25.049999237060547,107.0199966430664,43.5,6004200,57407400,1362800,470700,15095000,55955500,7748700,13815300,8286400,7314600,7692500,3394600,2219900,24774500,5155500,13598600,2077700,5040000,7455262,5728700,41051700,374460000,15340021,1271000,9958400,8551500,1522200,6551800,2159500,4084600,3411000,27387800,31522000,35222500,5323300,17338700
2020-08-14,75.93411254882812,81.30000305175781,200.49594116210938,352.1284484863281,28.91692543029785,23.02192497253418,50.477996826171875,43.3007698059082,33.17369079589844,69.64501953125,9.124890327453613,36.67601776123047,181.6150665283203,43.87864303588867,126.20846557617188,88.26519012451172,141.2248992919922,32.38261795043945,66.45269775390625,43.78055953979492,44.47309112548828,11.524093627929688,27.0977725982666,90.91378784179688,100.50086975097656,17.697900772094727,95.11560821533203,71.22994232177734,293.79278564453125,29.559030532836914,44.10808563232422,22.20842742919922,15.24632740020752,22.72941017150879,97.40625,34.016849517822266,95.06999969482422,81.30000305175781,239.7100067138672,371.1000061035156,32.78200149536133,26.469999313354492,63.15999984741211,52.93000030517578,40.81999969482422,90.3499984741211,12.119999885559082,47.970001220703125,207.97000122070312,48.88999938964844,148.24000549316406,102.41000366210938,150.08999633789062,38.349998474121094,79.65648651123047,52.29999923706055,45.599998474121094,11.564000129699707,36.11005783081055,111.75,113.73999786376953,20.06999969482422,99.7933349609375,78.41000366210938,323.70001220703125,37.779998779296875,54.459999084472656,25.299999237060547,19.094999313354492,25.18000030517578,106.80000305175781,43.20000076293945,95.66999816894531,83.23999786376953,240.05999755859375,374.1499938964844,32.98500061035156,26.65999984741211,63.54999923706055,53.349998474121094,41.0,90.58999633789062,12.119999885559082,47.97999954223633,209.47999572753906,49.209999084472656,149.33999633789062,103.30999755859375,151.69000244140625,38.380001068115234,80.56298065185547,52.54999923706055,46.08000183105469,11.704750061035156,36.42314910888672,112.48999786376953,114.5199966430664,20.170000076293945,100.95999908447266,79.2300033569336,323.92999267578125,37.959999084472656,54.52000045776367,25.489999771118164,19.125,25.299999237060547,107.27999877929688,43.279998779296875,94.54000091552734,80.87999725341797,238.6199951171875,369.6700134277344,32.599998474121094,25.920000076293945,62.75,52.36000061035156,39.959999084472656,88.8499984741211,11.579999923706055,46.93000030517578,206.61000061035156,48.650001525878906,147.5800018310547,101.41999816894531,149.14999389648438,36.900001525878906,79.36068725585938,51.650001525878906,45.29999923706055,11.440500259399414,35.986717224121094,109.5,112.56999969482422,19.59000015258789,99.44000244140625,78.05000305175781,318.7300109863281,36.86000061035156,52.650001525878906,24.639999389648438,18.69499969482422,24.93000030517578,106.38999938964844,42.40999984741211,95.37999725341797,81.80999755859375,239.2100067138672,371.0799865722656,32.801998138427734,26.059999465942383,63.189998626708984,52.45000076293945,40.220001220703125,89.0,11.770000457763672,47.349998474121094,207.4600067138672,48.72999954223633,147.61000061035156,101.5,149.8000030517578,37.04999923706055,79.56106567382812,51.68000030517578,45.599998474121094,11.529999732971191,36.062618255615234,109.80000305175781,113.30000305175781,19.670000076293945,100.17333221435547,78.41999816894531,320.5400085449219,37.0099983215332,52.849998474121094,24.790000915527344,18.764999389648438,24.959999084472656,106.80999755859375,42.599998474121094,5488100,42389500,1225000,543900,10140000,50931900,5606900,13861300,3349800,6343000,4218100,3498900,2287600,22321200,4240200,12134400,1538000,5768100,7390496,5782300,18167300,366436000,12901276,1831000,6641000,7290300,1088700,5611200,1787200,3971800,3693700,26743400,26559400,28276900,3826200,13595700
2020-08-17,76.95645904541016,82.41999816894531,203.25611877441406,359.1595458984375,29.137449264526367,22.526174545288086,50.845619201660156,42.06547164916992,33.076175689697266,69.9687728881836,8.838799476623535,35.58269500732422,177.33604431152344,43.91455078125,126.84695434570312,85.93809509277344,142.57986450195312,32.63593292236328,67.47162628173828,42.92671203613281,44.10248565673828,12.294426918029785,27.304250717163086,89.758544921875,99.12244415283203,17.644994735717773,96.186279296875,72.8469467163086,290.89752197265625,28.893991470336914,45.03139877319336,21.479848861694336,15.158496856689453,22.350284576416016,97.98084259033203,33.57589340209961,96.3499984741211,82.41999816894531,243.00999450683594,378.510009765625,33.03200149536133,25.899999618530273,63.619998931884766,51.41999816894531,40.70000076293945,90.7699966430664,11.739999771118164,46.540000915527344,203.07000732421875,48.93000030517578,148.99000549316406,99.70999908447266,151.52999877929688,38.650001525878906,80.87786102294922,51.279998779296875,45.220001220703125,12.336999893188477,36.38520050048828,110.33000183105469,112.18000030517578,20.010000228881836,100.91666412353516,80.19000244140625,320.510009765625,36.93000030517578,55.599998474121094,24.469999313354492,18.985000610351562,24.760000228881836,107.43000030517578,42.63999938964844,97.26000213623047,83.05999755859375,244.74000549316406,380.5,33.17900085449219,26.40999984741211,64.08000183105469,52.81999969482422,40.97999954223633,91.58000183105469,12.039999961853027,47.900001525878906,207.85000610351562,49.310001373291016,150.22999572753906,102.0,152.6999969482422,39.08000183105469,81.27862548828125,52.29999923706055,45.939998626708984,12.409749984741211,36.44212341308594,111.05000305175781,114.48999786376953,20.239999771118164,101.3933334350586,80.88999938964844,323.79998779296875,37.619998931884766,56.18000030517578,25.139999389648438,19.110000610351562,25.110000610351562,107.83999633789062,43.16999816894531,95.26000213623047,81.55000305175781,240.2100067138672,376.25,32.900001525878906,25.84000015258789,63.16999816894531,51.349998474121094,39.90999984741211,89.72000122070312,11.539999961853027,46.09000015258789,202.52999877929688,48.72999954223633,148.22999572753906,99.52999877929688,150.36000061035156,38.040000915527344,80.16221618652344,51.09000015258789,44.7400016784668,11.81725025177002,36.00569152832031,109.54000091552734,110.62999725341797,19.860000610351562,100.38666534423828,79.66000366210938,319.3500061035156,36.849998474121094,54.16999816894531,24.440000534057617,18.8799991607666,24.75,106.94000244140625,42.470001220703125,95.29000091552734,82.08999633789062,240.2100067138672,376.6600036621094,32.95100021362305,26.309999465942383,63.40999984741211,52.630001068115234,40.75,90.3499984741211,12.010000228881836,47.900001525878906,207.0,49.11000061035156,148.32000732421875,101.5,150.9199981689453,38.369998931884766,80.41984558105469,52.20000076293945,45.900001525878906,11.851249694824219,36.09108352661133,110.4000015258789,113.29000091552734,19.950000762939453,100.61666870117188,79.80000305175781,321.45001220703125,37.56999969482422,54.36000061035156,25.030000686645508,19.100000381469727,25.09000015258789,106.98999786376953,43.16999816894531,7251400,31450200,1697500,428200,10594000,57518700,5972400,19788700,6089300,10473800,6813200,4693800,3922600,20018300,4306900,14988000,2704700,5424600,8764319,7333000,17303800,621300000,17494187,2513600,10283000,8658100,928500,8663900,2772500,5522600,4335800,36661700,28511600,53397000,4610200,15554600
2020-08-18,76.39739990234375,81.66000366210938,201.99313354492188,357.9354248046875,28.989255905151367,22.204374313354492,50.37408447265625,41.18195343017578,32.775474548339844,68.52216339111328,8.537644386291504,35.43741989135742,175.79904174804688,43.663246154785156,127.78350067138672,84.74008178710938,144.0665283203125,31.92441749572754,67.31243896484375,42.625362396240234,43.30275344848633,12.218438148498535,27.311365127563477,87.11453247070312,98.98992156982422,17.433361053466797,95.67794036865234,72.13837432861328,287.5393981933594,28.424564361572266,44.334869384765625,21.102394104003906,14.966867446899414,22.205854415893555,97.9534912109375,33.4105339050293,95.6500015258789,81.66000366210938,241.5,377.2200012207031,32.86399841308594,25.530000686645508,63.029998779296875,50.34000015258789,40.33000183105469,87.62999725341797,11.34000015258789,46.349998474121094,201.30999755859375,48.650001525878906,150.08999633789062,98.31999969482422,153.11000061035156,37.2400016784668,80.68701934814453,50.91999816894531,44.400001525878906,12.260749816894531,36.39468765258789,107.08000183105469,112.02999877929688,19.770000457763672,100.38333129882812,79.41000366210938,316.80999755859375,36.33000183105469,54.7400016784668,24.040000915527344,18.7450008392334,24.600000381469727,107.4000015258789,42.43000030517578,96.69999694824219,82.87999725341797,244.30999755859375,383.9800109863281,33.31800079345703,25.989999771118164,63.68000030517578,51.529998779296875,41.33000183105469,89.37000274658203,11.720000267028809,47.18000030517578,203.5800018310547,49.56999969482422,150.10000610351562,99.91000366210938,153.14999389648438,38.220001220703125,81.11640930175781,51.369998931884766,45.15999984741211,12.496000289916992,36.48956298828125,110.33000183105469,113.37999725341797,20.149999618530273,101.5633316040039,80.81999969482422,322.6700134277344,37.029998779296875,55.779998779296875,24.450000762939453,19.100000381469727,24.84000015258789,107.83000183105469,43.189998626708984,95.1500015258789,81.02999877929688,240.02000427246094,376.989990234375,32.81399917602539,25.459999084472656,62.900001525878906,50.279998779296875,40.130001068115234,87.31999969482422,11.289999961853027,46.18000030517578,201.10000610351562,48.619998931884766,148.57000732421875,98.12000274658203,151.14999389648438,37.22999954223633,79.9332046508789,50.650001525878906,44.04999923706055,12.086250305175781,36.214420318603516,106.80999755859375,111.5199966430664,19.68000030517578,100.09666442871094,79.25,315.7099914550781,36.27000045776367,54.619998931884766,24.010000228881836,18.690000534057617,24.579999923706055,106.83999633789062,42.290000915527344,96.62000274658203,82.80000305175781,243.52000427246094,383.6099853515625,33.18600082397461,25.8700008392334,63.4900016784668,51.52000045776367,40.619998931884766,88.97000122070312,11.640000343322754,46.31999969482422,203.4499969482422,49.2599983215332,149.25999450683594,99.91000366210938,152.14999389648438,37.93000030517578,81.00190734863281,51.16999816894531,45.060001373291016,12.449999809265137,36.48007583618164,109.94000244140625,112.91000366210938,19.860000610351562,101.48999786376953,80.22000122070312,321.9800109863281,36.900001525878906,55.25,24.420000076293945,18.915000915527344,24.780000686645508,107.6500015258789,42.59000015258789,4557400,30970500,1123800,466500,8857000,45850100,5745600,17100800,5711500,7981500,6895200,3215400,3067900,19251400,4322600,13246500,1959700,5824200,6551572,6450000,20118100,503448000,10846398,2431300,6387000,7845500,1020300,6804800,2520000,4335500,2567300,29680700,28697600,35502500,4220500,13014000
2020-08-19,76.75679016113281,81.08999633789062,201.1483612060547,355.7720642089844,29.039541244506836,22.17828369140625,50.42203903198242,41.14104080200195,32.22285461425781,67.55254364013672,8.34942626953125,34.87165069580078,177.29234313964844,43.37605285644531,128.03890991210938,84.93831634521484,143.2949676513672,31.87297248840332,67.68656921386719,43.002052307128906,42.96139907836914,12.096611022949219,27.240161895751953,86.55317687988281,98.11515045166016,17.389266967773438,95.13467407226562,71.34803009033203,286.2596435546875,28.291545867919922,43.946102142333984,21.12872886657715,14.795205116271973,22.196828842163086,97.63426971435547,33.04043960571289,96.0999984741211,81.08999633789062,240.49000549316406,374.94000244140625,32.92100143432617,25.5,63.09000015258789,50.290000915527344,39.650001525878906,86.38999938964844,11.09000015258789,45.61000061035156,203.02000427246094,48.33000183105469,150.38999938964844,98.55000305175781,152.2899932861328,37.18000030517578,81.135498046875,51.369998931884766,44.04999923706055,12.138500213623047,36.299808502197266,106.38999938964844,111.04000091552734,19.719999313354492,99.8133316040039,78.54000091552734,315.3999938964844,36.15999984741211,54.2599983215332,24.06999969482422,18.530000686645508,24.59000015258789,107.05000305175781,41.959999084472656,97.41999816894531,81.8499984741211,243.72999572753906,380.42999267578125,33.308998107910156,26.079999923706055,63.81999969482422,51.33000183105469,40.31999969482422,87.9000015258789,11.399999618530273,46.560001373291016,206.10000610351562,48.97999954223633,151.5800018310547,100.58999633789062,154.41000366210938,37.83000183105469,81.78434753417969,52.029998779296875,44.70000076293945,12.3149995803833,36.63187789916992,108.75,113.47000122070312,20.1299991607666,100.69000244140625,79.2300033569336,319.489990234375,36.900001525878906,54.97999954223633,24.389999389648438,18.815000534057617,24.940000534057617,107.80000305175781,42.65999984741211,95.8499984741211,80.44999694824219,238.5,373.9599914550781,32.82400131225586,25.389999389648438,62.95000076293945,50.0,39.52000045776367,86.19999694824219,11.0600004196167,45.439998626708984,201.77000427246094,48.25,149.32000732421875,98.33999633789062,152.00999450683594,36.70000076293945,80.68701934814453,51.13999938964844,43.849998474121094,12.097999572753906,36.16698455810547,106.16999816894531,110.75,19.6299991607666,99.51000213623047,78.25,315.17999267578125,36.040000915527344,53.65999984741211,23.84000015258789,18.469999313354492,24.520000457763672,106.81999969482422,41.869998931884766,97.11000061035156,81.77999877929688,241.02000427246094,380.3900146484375,32.946998596191406,25.65999984741211,63.06999969482422,50.68000030517578,40.11000061035156,87.30000305175781,11.34000015258789,46.20000076293945,202.39999389648438,48.790000915527344,149.5800018310547,98.91999816894531,153.80999755859375,37.130001068115234,80.68701934814453,51.189998626708984,44.29999923706055,12.296500205993652,36.50853729248047,106.87000274658203,112.33000183105469,19.739999771118164,100.50666809082031,79.01000213623047,316.7699890136719,36.34000015258789,54.31999969482422,24.010000228881836,18.729999542236328,24.690000534057617,107.5,42.349998474121094,7672000,37507400,1900500,354400,11273000,59856000,6092700,20837300,4526200,9120300,6724900,2878900,2458500,27775000,7816300,13533000,1938800,5357100,6896050,5957600,19455500,622624000,15690055,1989200,7747600,8055100,1197600,7976800,2066700,4218700,3031100,33667800,29587800,59847200,6308100,14473100
2020-08-20,76.03795623779297,82.7699966430664,199.67625427246094,353.1437072753906,29.006017684936523,21.830385208129883,49.72673416137695,40.560211181640625,31.50769805908203,66.31706237792969,8.048273086547852,33.717159271240234,176.27064514160156,44.12994384765625,128.91583251953125,83.92131042480469,142.401123046875,30.5356502532959,67.68656921386719,42.52490997314453,41.927589416503906,12.099101066589355,27.567672729492188,86.30096435546875,97.77938079833984,16.551551818847656,94.28955078125,69.7764663696289,284.3808898925781,27.86123275756836,42.68263626098633,20.84783363342285,14.475826263427734,21.98921012878418,97.32415771484375,32.53647994995117,95.19999694824219,82.7699966430664,238.72999572753906,372.1700134277344,32.882999420166016,25.100000381469727,62.220001220703125,49.58000183105469,38.77000045776367,84.80999755859375,10.6899995803833,44.099998474121094,201.85000610351562,49.16999816894531,151.4199981689453,97.37000274658203,151.33999633789062,35.619998931884766,81.135498046875,50.79999923706055,42.9900016784668,12.140999794006348,36.736244201660156,106.08000183105469,110.66000366210938,18.770000457763672,98.92666625976562,76.80999755859375,313.3299865722656,35.61000061035156,52.70000076293945,23.75,18.1299991607666,24.360000610351562,106.70999908447266,41.31999969482422,96.02999877929688,82.83999633789062,240.69000244140625,373.3800048828125,32.999000549316406,25.329999923706055,62.86000061035156,50.02000045776367,39.310001373291016,86.88999938964844,11.020000457763672,45.29999923706055,203.27999877929688,50.20000076293945,151.5800018310547,98.02999877929688,152.85000610351562,36.689998626708984,81.40267181396484,51.06999969482422,43.65999984741211,12.375,36.80265808105469,106.43000030517578,110.9800033569336,19.579999923706055,99.38333129882812,77.0999984741211,315.2799987792969,35.939998626708984,53.95000076293945,23.940000534057617,18.375,24.5,106.94999694824219,41.88999938964844,94.68000030517578,79.12000274658203,237.3000030517578,368.3800048828125,32.60599899291992,25.020000457763672,61.93000030517578,49.22999954223633,38.72999954223633,84.7300033569336,10.680000305175781,44.09000015258789,200.33999633789062,49.0,149.5500030517578,96.80000305175781,150.85000610351562,35.619998931884766,80.52481079101562,50.5,42.25,11.87874984741211,36.17647171020508,104.41000366210938,109.66999816894531,18.770000457763672,98.19000244140625,75.9800033569336,312.010009765625,35.349998474121094,51.97999954223633,23.600000381469727,18.125,24.290000915527344,106.43000030517578,41.29999923706055,95.48999786376953,79.73999786376953,240.1300048828125,369.5400085449219,32.76900100708008,25.15999984741211,62.779998779296875,49.529998779296875,39.060001373291016,85.41999816894531,10.859999656677246,44.959999084472656,200.75999450683594,49.810001373291016,149.75,97.26000213623047,152.5500030517578,36.58000183105469,80.91603088378906,50.72999954223633,42.68000030517578,11.975000381469727,36.223907470703125,105.08000183105469,110.0,19.389999389648438,98.66666412353516,76.31999969482422,314.8299865722656,35.7400016784668,53.68000030517578,23.739999771118164,18.2549991607666,24.309999465942383,106.58000183105469,41.689998626708984,6798000,42948900,1172800,498200,8910000,49403700,6326300,15920900,3943200,7872300,5064600,4225500,1764200,55081300,4874700,13672600,1830200,8117000,6380434,5186300,22445400,921388000,21957455,2003900,7200300,10240700,1899300,11457100,2245600,4373400,3796100,36022100,38215400,45586100,4938300,15678500
2020-08-21,75.76638793945312,83.80999755859375,198.7645721435547,353.09613037109375,29.110986709594727,21.72602081298828,49.7027473449707,40.33115005493164,31.011962890625,66.5281982421875,7.860054969787598,33.17431640625,176.77708435058594,44.228660583496094,130.05667114257812,83.87821960449219,140.44393920898438,30.347049713134766,67.64675903320312,42.776023864746094,41.605751037597656,12.63973331451416,27.681589126586914,86.60198211669922,99.84701538085938,16.38401222229004,94.92815399169922,71.16634368896484,285.115966796875,27.548269271850586,42.61784362792969,20.751270294189453,14.384004592895508,21.944072723388672,97.42449188232422,32.292388916015625,94.86000061035156,83.80999755859375,237.63999938964844,372.1199951171875,33.00199890136719,24.979999542236328,62.189998626708984,49.29999923706055,38.15999984741211,85.08000183105469,10.4399995803833,43.38999938964844,202.42999267578125,49.279998779296875,152.75999450683594,97.31999969482422,149.25999450683594,35.400001525878906,81.08778381347656,51.099998474121094,42.65999984741211,12.683500289916992,36.88804626464844,106.44999694824219,113.0,18.579999923706055,99.59666442871094,78.33999633789062,314.1400146484375,35.209999084472656,52.619998931884766,23.639999389648438,18.014999389648438,24.309999465942383,106.81999969482422,41.0099983215332,95.31999969482422,84.41000366210938,238.8800048828125,372.1300048828125,33.04600143432617,25.43000030517578,62.349998474121094,50.08000183105469,38.810001373291016,85.08999633789062,10.710000038146973,44.119998931884766,203.35000610351562,49.310001373291016,153.64999389648438,98.56999969482422,151.35000610351562,35.689998626708984,81.27862548828125,51.41999816894531,43.060001373291016,12.80875015258789,37.00189971923828,106.98999786376953,113.1500015258789,18.700000762939453,99.67333221435547,78.7300033569336,315.2799987792969,35.72999954223633,53.22999954223633,23.90999984741211,18.094999313354492,24.530000686645508,106.95999908447266,41.34000015258789,94.31999969482422,82.2300033569336,235.50999450683594,365.5400085449219,32.5,24.899999618530273,61.7400016784668,49.15999984741211,37.95000076293945,83.51000213623047,10.380000114440918,42.97999954223633,199.82000732421875,48.650001525878906,150.58999633789062,96.94000244140625,147.9499969482422,34.959999084472656,80.26717376708984,50.5,42.400001525878906,12.195249557495117,36.593929290771484,105.5,109.94999694824219,18.3700008392334,98.3566665649414,77.86000061035156,310.0899963378906,35.029998779296875,52.040000915527344,23.520000457763672,17.844999313354492,24.229999542236328,105.98999786376953,40.709999084472656,95.19999694824219,83.29000091552734,238.8800048828125,366.1499938964844,32.83000183105469,24.979999542236328,62.220001220703125,49.45000076293945,38.63999938964844,84.66999816894531,10.670000076293945,44.08000183105469,200.11000061035156,49.02000045776367,151.77999877929688,97.2699966430664,151.33999633789062,35.5,81.2022933959961,50.59000015258789,42.849998474121094,12.201749801635742,36.916507720947266,105.80000305175781,110.2300033569336,18.549999237060547,98.73332977294922,78.0199966430664,311.2799987792969,35.599998474121094,52.560001373291016,23.639999389648438,18.059999465942383,24.31999969482422,106.54000091552734,41.29999923706055,5269000,48280300,1959900,605400,11508000,55010700,8031400,17416000,5034200,9003600,4932300,4166400,1780900,34621500,6722800,12228300,3112000,6586100,6890495,6408500,15476700,999868000,25467170,2208300,8546900,8913900,1239300,7942300,2488500,5999700,2936800,27198000,34695600,35349200,6466700,25517700
2020-08-24,75.48683166503906,83.08000183105469,197.03321838378906,358.6660461425781,29.46206283569336,22.343530654907227,49.87858200073242,41.770957946777344,31.588958740234375,68.1859130859375,8.116035461425781,33.893028259277344,181.06491088867188,44.103023529052734,130.3994903564453,86.23975372314453,140.68858337402344,31.55579376220703,67.99700927734375,43.839149475097656,42.678550720214844,12.676351547241211,27.653112411499023,89.327392578125,102.41829681396484,17.239368438720703,95.9162368774414,71.675048828125,280.3057556152344,28.7531681060791,44.537353515625,21.497407913208008,14.77923583984375,22.46763038635254,96.97761535644531,33.24517059326172,94.51000213623047,83.08000183105469,235.57000732421875,377.989990234375,33.400001525878906,25.690000534057617,62.40999984741211,51.060001373291016,38.869998931884766,87.19999694824219,10.779999732971191,44.33000183105469,207.33999633789062,49.13999938964844,152.14999389648438,100.05999755859375,149.52000427246094,36.810001373291016,81.50763702392578,52.369998931884766,43.7599983215332,12.720250129699707,36.850093841552734,109.80000305175781,115.91000366210938,19.549999237060547,100.63333129882812,78.9000015258789,308.8399963378906,36.75,54.9900016784668,24.489999771118164,18.510000228881836,24.889999389648438,106.33000183105469,42.220001220703125,95.23999786376953,85.33000183105469,238.44000244140625,380.79998779296875,33.61899948120117,25.700000762939453,62.459999084472656,51.130001068115234,39.560001373291016,87.33999633789062,10.920000076293945,44.970001220703125,207.42999267578125,49.400001525878906,152.89999389648438,100.20999908447266,150.39999389648438,37.02000045776367,81.55534362792969,52.470001220703125,43.81999969482422,12.912500381469727,37.03984832763672,109.87999725341797,116.0,19.729999542236328,100.99333190917969,79.91000366210938,316.8999938964844,36.7599983215332,55.18000030517578,24.510000228881836,18.639999389648438,24.889999389648438,107.37000274658203,42.5099983215332,94.18000030517578,82.55000305175781,233.55999755859375,374.5299987792969,33.11399841308594,25.040000915527344,61.70000076293945,49.45000076293945,38.09000015258789,84.88999938964844,10.470000267028809,43.36000061035156,201.32000732421875,48.81999969482422,150.35000610351562,97.41999816894531,148.25,35.47999954223633,80.61068725585938,51.15999984741211,42.88999938964844,12.507499694824219,36.56546401977539,106.5,113.2699966430664,18.670000076293945,99.84666442871094,78.48999786376953,306.489990234375,35.33000183105469,52.779998779296875,23.610000610351562,18.014999389648438,24.389999389648438,105.68000030517578,41.09000015258789,94.9000015258789,84.55000305175781,237.72999572753906,380.25,33.20100021362305,25.219999313354492,62.34000015258789,49.900001525878906,38.34000015258789,85.5999984741211,10.539999961853027,43.709999084472656,203.11000061035156,49.2599983215332,152.74000549316406,98.44999694824219,150.0500030517578,35.79999923706055,81.2977066040039,51.310001373291016,43.119998931884766,12.883749961853027,37.0208740234375,106.88999938964844,114.37000274658203,18.719999313354492,100.75,79.7300033569336,316.80999755859375,35.400001525878906,53.06999969482422,23.799999237060547,18.125,24.450000762939453,107.33000183105469,41.279998779296875,4103600,38036100,1565300,590700,11996000,54579500,8721000,19745100,5357400,8738700,5946900,6078900,3097400,36295300,5387900,17898300,2268400,7215700,7582280,7728500,14972200,490564000,25011947,1704700,10235000,8702700,1043700,6405600,2922200,5276300,3226400,36906700,49654000,51010900,6363200,18208900
2020-08-25,75.12741088867188,86.3499984741211,207.6138153076172,361.36090087890625,29.650836944580078,22.61315155029297,50.118343353271484,42.253631591796875,31.572715759277344,67.34922790527344,8.266610145568848,33.93125915527344,179.89471435546875,44.36329650878906,130.32240295410156,86.6189956665039,140.83909606933594,31.247182846069336,68.20397186279297,43.57128143310547,43.985443115234375,12.706000328063965,27.346960067749023,90.11649322509766,102.45362091064453,16.9836368560791,96.84711456298828,72.71068572998047,283.3733825683594,28.64362144470215,43.93800354003906,21.602739334106445,14.571638107299805,22.53081703186035,97.63426971435547,32.19002914428711,94.05999755859375,86.3499984741211,248.22000122070312,380.8299865722656,33.61399841308594,26.0,62.709999084472656,51.650001525878906,38.849998474121094,86.12999725341797,10.979999542236328,44.380001068115234,206.0,49.43000030517578,152.05999755859375,100.5,149.67999267578125,36.45000076293945,81.75572204589844,52.04999923706055,45.099998474121094,12.75,36.44212341308594,110.7699966430664,115.94999694824219,19.260000228881836,101.61000061035156,80.04000091552734,312.2200012207031,36.61000061035156,54.25,24.610000610351562,18.25,24.959999084472656,107.05000305175781,40.880001068115234,94.79000091552734,86.62000274658203,249.9600067138672,380.8299865722656,33.70899963378906,26.190000534057617,63.369998931884766,52.5099983215332,39.45000076293945,88.04000091552734,11.069999694824219,45.130001068115234,210.49000549316406,49.880001068115234,153.07000732421875,101.9800033569336,151.30999755859375,37.0,82.33778381347656,52.88999938964844,45.540000915527344,12.761249542236328,36.58443832397461,112.0,117.0999984741211,19.979999542236328,101.69000244140625,80.4800033569336,312.3599853515625,37.40999984741211,55.810001373291016,24.889999389648438,18.635000228881836,25.170000076293945,107.08999633789062,42.06999969482422,93.91000366210938,82.3499984741211,240.8000030517578,376.2699890136719,33.29999923706055,25.729999542236328,62.5,50.970001220703125,38.45000076293945,85.76000213623047,10.710000038146973,44.04999923706055,205.1699981689453,49.209999084472656,151.5399932861328,99.80000305175781,149.30999755859375,36.0099983215332,81.2977066040039,51.849998474121094,44.599998474121094,12.573749542236328,36.00569152832031,109.56999969482422,114.44000244140625,19.110000610351562,100.62999725341797,79.47000122070312,307.79998779296875,36.400001525878906,53.70000076293945,24.299999237060547,18.15999984741211,24.799999237060547,106.45999908447266,40.70000076293945,94.20999908447266,83.36000061035156,242.89999389648438,379.29998779296875,33.5,26.040000915527344,62.75,51.849998474121094,39.40999984741211,88.01000213623047,10.899999618530273,44.97999954223633,209.99000549316406,49.349998474121094,152.77999877929688,101.2699966430664,150.36000061035156,36.95000076293945,81.97518920898438,52.810001373291016,44.880001068115234,12.630749702453613,36.53700256347656,111.44999694824219,116.11000061035156,19.969999313354492,100.83333587646484,79.8499984741211,312.20001220703125,37.119998931884766,55.150001525878906,24.739999771118164,18.610000610351562,25.100000381469727,106.87000274658203,41.65999984741211,6710000,49234400,6392100,378200,11140000,57304700,6620600,17244800,4160600,6835800,5796300,3263300,2627600,38384300,3863500,13648900,2216100,7086600,10245982,8425500,21524900,289076000,26221201,2044200,6208000,11012500,1089900,6113100,1879300,4890800,3380900,35077300,40237000,55236900,5096500,31285600
2020-08-26,75.35904693603516,86.0199966430664,209.25314331054688,366.1907043457031,29.962209701538086,22.230464935302734,49.77468490600586,41.59916305541992,30.524351119995117,66.29362487792969,8.055802345275879,33.074928283691406,180.96014404296875,44.47098922729492,130.52806091308594,85.40372467041016,140.44393920898438,30.28705596923828,68.0925521850586,43.28667068481445,43.848907470703125,12.728920936584473,27.090656280517578,89.74226379394531,102.53316497802734,16.463369369506836,97.15847778320312,74.26408386230469,280.2875671386719,28.33849334716797,43.49256134033203,21.102394104003906,14.264235496520996,22.422496795654297,97.51569366455078,31.504961013793945,94.3499984741211,86.0199966430664,250.17999267578125,385.9200134277344,33.96699905395508,25.559999465942383,62.279998779296875,50.849998474121094,37.560001373291016,84.77999877929688,10.699999809265137,43.2599983215332,207.22000122070312,49.54999923706055,152.3000030517578,99.08999633789062,149.25999450683594,35.33000183105469,81.62213897705078,51.709999084472656,44.959999084472656,12.77299976348877,36.10057067871094,110.30999755859375,116.04000091552734,18.670000076293945,101.9366683959961,81.75,308.82000732421875,36.220001220703125,53.70000076293945,24.040000915527344,17.864999771118164,24.84000015258789,106.91999816894531,40.0099983215332,94.41000366210938,87.72000122070312,251.3800048828125,386.6700134277344,34.1510009765625,25.940000534057617,62.59000015258789,51.790000915527344,38.959999084472656,85.83999633789062,11.100000381469727,44.36000061035156,207.27999877929688,49.66999816894531,152.64999389648438,100.2699966430664,149.4600067138672,36.599998474121094,81.75572204589844,52.11000061035156,45.81999969482422,12.868499755859375,36.30929946899414,111.31999969482422,116.55000305175781,19.270000457763672,102.30000305175781,82.16999816894531,311.3599853515625,36.68000030517578,54.65999984741211,24.579999923706055,18.225000381469727,24.959999084472656,107.04000091552734,40.84000015258789,92.94000244140625,85.19999694824219,245.75999450683594,380.0799865722656,33.35100173950195,25.540000915527344,61.58000183105469,50.81999969482422,37.52000045776367,84.66000366210938,10.680000305175781,43.0099983215332,205.02999877929688,49.22999954223633,150.63999938964844,99.05000305175781,147.41000366210938,35.29999923706055,80.78244018554688,51.61000061035156,44.689998626708984,12.677749633789062,35.73054885864258,109.5199966430664,115.16999816894531,18.639999389648438,101.41666412353516,81.01000213623047,303.6099853515625,36.189998626708984,53.2599983215332,24.040000915527344,17.84000015258789,24.75,105.7699966430664,40.0,93.5,86.97000122070312,248.3300018310547,380.0899963378906,33.4739990234375,25.940000534057617,62.5,51.65999984741211,38.83000183105469,85.70999908447266,11.0,44.2400016784668,205.88999938964844,49.38999938964844,151.86000061035156,99.94000244140625,149.19000244140625,36.31999969482422,81.40267181396484,51.9900016784668,45.599998474121094,12.799249649047852,36.2333984375,110.51000213623047,116.25,19.229999542236328,101.83999633789062,81.25,310.9800109863281,36.470001220703125,54.150001525878906,24.510000228881836,18.225000381469727,24.899999618530273,106.83000183105469,40.63999938964844,5682800,47157300,3125000,417600,14844000,39478000,6195800,14541600,6753300,7486500,5244400,3054000,2563200,28616600,8008300,12052400,3029700,5174700,7844175,5920800,15328900,321244000,24083689,2058200,7487400,7982000,1019700,7821600,3178900,4649000,4065200,28348200,36002400,30646600,6995300,26795000
2020-08-27,75.3191146850586,83.80000305175781,211.45291137695312,356.9865417480469,29.915462493896484,22.656635284423828,49.95850372314453,42.3109016418457,31.003835678100586,66.395263671875,8.10097599029541,34.367042541503906,183.51881408691406,44.33636474609375,131.11083984375,88.21347045898438,140.17108154296875,29.987003326416016,68.31542205810547,44.04005813598633,43.517311096191406,12.584671974182129,26.955373764038086,91.52393341064453,102.51549530029297,16.489830017089844,96.0528335571289,73.21940612792969,282.8742370605469,28.90181541442871,43.2819709777832,21.585182189941406,14.292182922363281,22.801626205444336,98.28181457519531,31.2923526763916,94.30000305175781,83.80000305175781,252.80999755859375,376.2200012207031,33.91400146484375,26.049999237060547,62.5099983215332,51.720001220703125,38.150001525878906,84.91000366210938,10.760000228881836,44.95000076293945,210.14999389648438,49.400001525878906,152.97999572753906,102.3499984741211,148.97000122070312,34.97999954223633,81.88931274414062,52.61000061035156,44.619998931884766,12.628250122070312,35.92030334472656,112.5,116.0199966430664,18.700000762939453,100.77666473388672,80.5999984741211,311.6700134277344,36.939998626708984,53.439998626708984,24.59000015258789,17.899999618530273,25.260000228881836,107.76000213623047,39.7400016784668,95.05999755859375,86.58000183105469,256.9100036621094,386.79998779296875,34.130001068115234,26.219999313354492,62.959999084472656,52.209999084472656,38.279998779296875,85.62999725341797,10.869999885559082,45.099998474121094,213.0,49.93000030517578,153.25999450683594,102.6500015258789,150.94000244140625,35.4900016784668,82.21373748779297,52.869998931884766,44.83000183105469,12.850000381469727,36.053131103515625,113.4800033569336,118.18000030517578,18.8700008392334,102.38333129882812,82.30999755859375,314.7699890136719,37.279998779296875,53.95000076293945,24.780000686645508,18.020000457763672,25.3799991607666,108.26000213623047,40.29999923706055,93.66999816894531,82.94000244140625,250.41000366210938,373.239990234375,33.61399841308594,25.440000534057617,62.2400016784668,50.650001525878906,37.5,83.97000122070312,10.520000457763672,43.20000076293945,206.41000366210938,49.16999816894531,151.88999938964844,99.0,148.94000244140625,34.400001525878906,81.1832046508789,51.68000030517578,43.66999816894531,12.566499710083008,35.74952697753906,109.55000305175781,115.3499984741211,18.440000534057617,100.13666534423828,80.16999816894531,305.489990234375,36.189998626708984,52.33000183105469,23.969999313354492,17.68000030517578,24.81999969482422,106.33999633789062,39.310001373291016,94.33000183105469,86.3499984741211,252.24000549316406,386.7200012207031,34.04899978637695,25.489999771118164,62.5,50.720001220703125,37.77000045776367,85.16000366210938,10.760000228881836,43.61000061035156,206.67999267578125,49.790000915527344,152.4199981689453,99.0,150.5800018310547,35.439998626708984,81.53626251220703,51.7599983215332,44.54999923706055,12.781499862670898,36.01517868041992,110.04000091552734,116.43000030517578,18.75,102.38333129882812,82.18000030517578,310.4100036621094,36.220001220703125,53.83000183105469,23.989999771118164,17.8700008392334,24.81999969482422,107.0999984741211,40.0,5271500,42194200,3928300,636100,12552000,52934800,6389500,19393500,6231600,7438200,5458400,5453800,3692400,24420600,5575400,22163900,3146100,7384700,6464902,8910100,13777000,317604000,22156556,1857200,8206200,8549000,1660200,8018200,2321000,5600600,3453600,36706600,44519400,66463900,7775200,32034300
2020-08-28,75.21527099609375,85.55000305175781,211.7122039794922,360.0704345703125,30.41649055480957,22.874073028564453,49.846614837646484,42.76901626586914,31.19074058532715,66.95825958251953,8.35695743560791,35.33039474487305,181.3880615234375,45.26078796386719,131.67648315429688,88.5754623413086,138.63734436035156,31.795835494995117,68.18009185791016,44.274444580078125,44.56087112426758,13.102378845214844,26.990970611572266,91.40190124511719,104.44175720214844,17.12472915649414,97.8256607055664,73.07403564453125,285.32476806640625,29.105239868164062,44.45635986328125,21.6729679107666,14.547684669494629,22.891891479492188,98.50071716308594,32.0404167175293,94.16999816894531,85.55000305175781,253.1199951171875,379.4700012207031,34.481998443603516,26.299999237060547,62.369998931884766,52.279998779296875,38.380001068115234,85.62999725341797,11.100000381469727,46.209999084472656,207.7100067138672,50.43000030517578,153.63999938964844,102.7699966430664,147.33999633789062,37.09000015258789,81.72709655761719,52.88999938964844,45.689998626708984,13.147749900817871,35.967742919921875,112.3499984741211,118.19999694824219,19.420000076293945,102.63666534423828,80.44000244140625,314.3699951171875,37.20000076293945,54.88999938964844,24.690000534057617,18.219999313354492,25.360000610351562,108.0,40.689998626708984,94.6500015258789,86.04000091552734,254.13999938964844,379.8900146484375,34.481998443603516,26.469999313354492,62.59000015258789,52.369998931884766,38.459999084472656,85.7300033569336,11.229999542236328,46.25,212.0,50.79999923706055,153.6999969482422,103.25,149.14999389648438,37.2599983215332,81.94656372070312,53.0,45.790000915527344,13.14799976348877,36.11005783081055,113.19999694824219,118.26000213623047,19.459999084472656,102.67666625976562,80.87999725341797,315.82000732421875,37.349998474121094,55.02000045776367,24.770000457763672,18.274999618530273,25.450000762939453,108.05999755859375,40.91999816894531,93.52999877929688,84.19000244140625,247.7899932861328,374.79998779296875,33.77000045776367,25.989999771118164,61.849998474121094,51.529998779296875,37.880001068115234,84.31999969482422,10.789999961853027,44.7599983215332,207.08999633789062,49.459999084472656,151.89999389648438,101.80999755859375,146.97999572753906,35.099998474121094,81.02098846435547,52.45000076293945,44.40999984741211,12.642499923706055,35.48387145996094,111.41000366210938,116.16999816894531,18.770000457763672,100.72333526611328,79.91000366210938,308.9700012207031,36.66999816894531,53.63999938964844,24.350000381469727,17.8799991607666,25.149999618530273,107.19999694824219,39.7599983215332,94.5199966430664,84.30000305175781,253.39999389648438,376.1199951171875,33.900001525878906,26.399999618530273,62.5,52.06999969482422,38.33000183105469,85.05000305175781,10.84000015258789,45.310001373291016,211.88999938964844,49.56999969482422,152.74000549316406,103.13999938964844,148.83999633789062,35.15999984741211,81.94656372070312,53.0,44.619998931884766,12.675000190734863,35.92979049682617,113.19999694824219,116.70999908447266,18.799999237060547,100.9000015258789,80.05999755859375,312.3399963378906,37.349998474121094,53.63999938964844,24.75,17.969999313354492,25.440000534057617,108.05999755859375,39.84000015258789,4938300,40723300,12838400,490200,14589000,46466400,6380400,16990300,5058100,7307900,5612100,3365900,3697400,35384700,5395700,13756700,2102600,7090800,6134049,8743800,13459100,537160000,32830519,1311800,6280300,12613700,1711200,5699500,2883500,4666600,3805600,25797300,29150200,49170600,5159600,33477100
2020-08-31,76.49322509765625,90.81999969482422,211.87948608398438,355.05084228515625,30.622020721435547,22.387022018432617,49.710750579833984,41.82004928588867,30.792537689208984,65.62893676757812,8.183792114257812,34.665225982666016,179.9911346435547,45.72748947143555,131.4793701171875,86.351806640625,139.62530517578125,30.39848518371582,67.87761688232422,43.7470817565918,44.385311126708984,13.328344345092773,26.905534744262695,90.46634674072266,105.23699188232422,16.7631893157959,97.6064453125,71.99300384521484,283.6729736328125,28.479328155517578,42.593544006347656,21.198951721191406,14.23230266571045,22.621082305908203,98.73785400390625,31.44983673095703,95.7699966430664,90.81999969482422,253.32000732421875,374.17999267578125,34.71500015258789,25.739999771118164,62.20000076293945,51.119998931884766,37.88999938964844,83.93000030517578,10.869999885559082,45.34000015258789,204.8699951171875,50.95000076293945,153.41000366210938,100.19000244140625,148.38999938964844,35.459999084472656,81.364501953125,52.2599983215332,45.5099983215332,13.374500274658203,35.85388946533203,111.19999694824219,119.0999984741211,19.010000228881836,102.40666961669922,79.25,312.54998779296875,36.400001525878906,52.59000015258789,24.149999618530273,17.825000762939453,25.059999465942383,108.26000213623047,39.939998626708984,96.01000213623047,92.63999938964844,256.04998779296875,378.44000244140625,35.05799865722656,26.139999389648438,62.79999923706055,52.040000915527344,38.45000076293945,85.9000015258789,11.140000343322754,46.25,206.41000366210938,51.5,154.39999389648438,102.18000030517578,148.7899932861328,37.06999969482422,81.99427795410156,52.88999938964844,45.81999969482422,13.574999809265137,36.072105407714844,112.26000213623047,121.05999755859375,19.540000915527344,103.26667022705078,79.76000213623047,319.55999755859375,37.060001373291016,55.25,24.510000228881836,18.270000457763672,25.34000015258789,108.77999877929688,40.720001220703125,94.01000213623047,85.05000305175781,250.10000610351562,373.30999755859375,34.35200119018555,25.690000534057617,61.95000076293945,51.099998474121094,37.56999969482422,83.87000274658203,10.75,45.0099983215332,203.6300048828125,50.31999969482422,152.25999450683594,100.0199966430664,147.02999877929688,35.459999084472656,81.2404556274414,52.25,45.13999938964844,13.037750244140625,35.5787467956543,111.0999984741211,118.12000274658203,18.940000534057617,101.75,78.69000244140625,312.5400085449219,36.2400016784668,52.529998779296875,24.09000015258789,17.825000762939453,25.059999465942383,107.68000030517578,39.900001525878906,94.12000274658203,85.05000305175781,252.92999267578125,375.9200134277344,34.35200119018555,26.09000015258789,62.380001068115234,51.90999984741211,38.349998474121094,85.83000183105469,11.100000381469727,46.220001220703125,205.5,51.0,153.0,102.12000274658203,147.35000610351562,37.0099983215332,81.67938995361328,52.88999938964844,45.349998474121094,13.18274974822998,35.901329040527344,112.04000091552734,118.33000183105469,19.5,102.56666564941406,79.0,314.8900146484375,36.970001220703125,55.11000061035156,24.489999771118164,18.2450008392334,25.34000015258789,107.7699966430664,40.63999938964844,9932300,90655900,4053900,533300,22229000,49416200,14189800,16280100,6165700,9437500,5002400,3017300,3046200,46114100,6362700,14219400,4430700,5727700,7929273,8026600,13241800,500840000,30032465,2158300,9694600,13596300,1013400,9812900,4341600,6037300,4486200,27615500,37583000,52259000,6721100,25259600
2020-09-01,73.6737289428711,92.18000030517578,209.82188415527344,367.12054443359375,31.714937210083008,22.360923767089844,48.727718353271484,41.885501861572266,30.199270248413086,64.96428680419922,8.213909149169922,34.56583786010742,180.50946044921875,45.58388900756836,129.85952758789062,86.30872344970703,138.59970092773438,29.978439331054688,67.20893859863281,44.014949798583984,44.62913513183594,13.777424812316895,26.257640838623047,90.79174041748047,107.80826568603516,16.536832809448242,99.54444122314453,74.0823974609375,283.9270324707031,28.706226348876953,42.49636459350586,21.111169815063477,14.13648509979248,22.68427276611328,97.85316467285156,31.04825210571289,92.23999786376953,92.18000030517578,250.86000061035156,386.8999938964844,35.95399856567383,25.709999084472656,60.970001220703125,51.20000076293945,37.15999984741211,83.08000183105469,10.90999984741211,45.209999084472656,205.4600067138672,50.790000915527344,151.52000427246094,100.13999938964844,147.3000030517578,34.970001220703125,80.56298065185547,52.58000183105469,45.7599983215332,13.821000099182129,34.99051284790039,111.5999984741211,122.01000213623047,18.6299991607666,104.44000244140625,81.55000305175781,312.8299865722656,36.689998626708984,52.470001220703125,24.049999237060547,17.704999923706055,25.1299991607666,107.29000091552734,39.43000030517578,95.91999816894531,92.51000213623047,252.0399932861328,386.8999938964844,36.207000732421875,25.899999618530273,62.2599983215332,51.56999969482422,37.599998474121094,83.62999725341797,11.069999694824219,45.380001068115234,206.7100067138672,51.0,154.0800018310547,100.87000274658203,149.1999969482422,35.86000061035156,81.87023162841797,52.81999969482422,45.790000915527344,13.993749618530273,35.882354736328125,112.38999938964844,122.56999969482422,18.920000076293945,104.51000213623047,81.5999984741211,314.7200012207031,36.900001525878906,53.400001525878906,24.34000015258789,17.78499984741211,25.219999313354492,108.29000091552734,39.75,91.29000091552734,90.19000244140625,248.67999267578125,382.3299865722656,34.742000579833984,25.399999618530273,60.689998626708984,50.540000915527344,36.619998931884766,82.44999694824219,10.619999885559082,44.38999938964844,203.00999450683594,50.220001220703125,150.07000732421875,99.04000091552734,146.64999389648438,34.630001068115234,80.07633972167969,51.689998626708984,45.060001373291016,13.43649959564209,34.639469146728516,109.54000091552734,119.51000213623047,18.459999084472656,102.69000244140625,79.98999786376953,310.0,35.95000076293945,51.59000015258789,23.739999771118164,17.485000610351562,24.850000381469727,106.63999938964844,39.04999923706055,95.5199966430664,91.91999816894531,250.0500030517578,384.1099853515625,35.0,25.579999923706055,62.20000076293945,50.880001068115234,37.41999816894531,83.26000213623047,10.760000228881836,44.720001220703125,203.60000610351562,50.90999984741211,153.8699951171875,99.55000305175781,148.61000061035156,35.0099983215332,81.44084167480469,51.91999816894531,45.529998779296875,13.479999542236328,35.85388946533203,109.80999755859375,121.08000183105469,18.520000457763672,103.22666931152344,80.12000274658203,310.1600036621094,36.15999984741211,52.279998779296875,24.020000457763672,17.7450008392334,24.93000030517578,108.12000274658203,39.75,15783600,55825600,2869000,634500,29205000,46109200,12154000,16903400,6267700,8990600,5747800,2906400,2457000,30472800,6307700,11595600,2358700,5048700,6797433,5568800,14079800,511316000,36145560,1705800,9091900,9446800,1414200,10193300,2487100,5984200,3197800,30508800,36521000,42036100,10999300,22464100
2020-09-02,75.03955841064453,90.22000122070312,215.89427185058594,378.1180725097656,33.07954406738281,22.630544662475586,49.23122024536133,42.499053955078125,29.56538200378418,65.05030822753906,8.025688171386719,33.41134262084961,184.5332794189453,46.89424133300781,131.83932495117188,87.61013793945312,140.71678161621094,30.012714385986328,69.19902038574219,44.575809478759766,46.64799499511719,14.30126953125,26.48546600341797,91.44257354736328,109.42503356933594,16.661109924316406,102.42925262451172,74.64563751220703,290.65240478515625,29.426021575927734,42.85272216796875,21.567630767822266,14.06861686706543,23.009235382080078,99.81407928466797,30.859268188476562,93.94999694824219,90.22000122070312,258.1199951171875,398.489990234375,37.500999450683594,26.020000457763672,61.599998474121094,51.95000076293945,36.380001068115234,83.19000244140625,10.65999984741211,43.70000076293945,210.0399932861328,52.25,153.8300018310547,101.6500015258789,149.5500030517578,35.0099983215332,82.94847106933594,53.25,47.83000183105469,14.346500396728516,35.29411697387695,112.4000015258789,123.18000030517578,18.770000457763672,107.46666717529297,82.16999816894531,320.239990234375,37.61000061035156,52.90999984741211,24.56999969482422,17.6200008392334,25.489999771118164,109.44000244140625,39.189998626708984,94.23999786376953,94.27999877929688,258.79998779296875,401.1499938964844,37.895999908447266,26.15999984741211,61.81999969482422,52.13999938964844,37.16999816894531,83.95999908447266,10.9399995803833,45.13999938964844,210.92999267578125,52.68000030517578,154.3300018310547,101.94000244140625,150.0,35.43000030517578,83.21565246582031,53.470001220703125,48.189998626708984,14.726750373840332,35.38899230957031,113.0,123.93000030517578,18.790000915527344,108.086669921875,82.70999908447266,321.2799987792969,37.77000045776367,53.380001068115234,24.65999984741211,17.80500030517578,25.579999923706055,109.7300033569336,39.720001220703125,91.9000015258789,88.73999786376953,251.22000122070312,390.489990234375,36.356998443603516,25.489999771118164,60.459999084472656,50.65999984741211,36.380001068115234,82.69999694824219,10.59000015258789,43.529998779296875,205.3699951171875,51.09000015258789,149.25,99.55999755859375,146.50999450683594,34.59000015258789,80.4103012084961,52.470001220703125,46.279998779296875,13.899999618530273,34.53510284423828,110.62000274658203,121.80999755859375,18.360000610351562,105.07333374023438,79.87999725341797,312.55999755859375,36.5099983215332,51.900001525878906,23.93000030517578,17.510000228881836,25.049999237060547,106.94000244140625,38.95000076293945,92.06999969482422,94.01000213623047,251.22000122070312,395.6600036621094,36.58599853515625,25.530000686645508,60.790000915527344,51.040000915527344,37.0,83.05999755859375,10.90999984741211,44.720001220703125,205.7899932861328,51.209999084472656,150.7899932861328,99.94999694824219,146.7899932861328,35.029998779296875,80.61068725585938,52.61000061035156,46.43000030517578,14.703749656677246,34.886146545410156,111.0,123.26000213623047,18.530000686645508,106.086669921875,81.3499984741211,312.55999755859375,36.63999938964844,52.599998474121094,24.010000228881836,17.700000762939453,25.1200008392334,107.38999938964844,39.22999954223633,9139200,50366900,2871600,904300,37053000,57300900,13287300,15348600,7441600,10821900,8443800,5249900,3565200,53000700,6881900,14475700,2406800,5556900,11571597,7547100,24636200,874012000,29068688,1624900,9167700,10875100,2971800,12567800,2846500,8346100,3959500,40334000,47700400,48432500,8495800,26413400
2020-09-03,73.37822723388672,82.54000091552734,207.35452270507812,356.9297180175781,31.05777359008789,22.472904205322266,47.99245071411133,42.130916595458984,29.248435974121094,64.33873748779297,7.882639408111572,32.97554016113281,182.3544464111328,45.22488784790039,128.17120361328125,87.33435821533203,140.21810913085938,29.369773864746094,68.05274200439453,44.157249450683594,45.185054779052734,12.974464416503906,25.9158878326416,90.84870147705078,103.42877960205078,16.971782684326172,96.71685028076172,73.74628448486328,287.0129699707031,29.308666229248047,42.38297653198242,21.52373695373535,13.96481990814209,22.657194137573242,97.0961685180664,30.79627227783203,91.87000274658203,82.54000091552734,247.91000366210938,376.1600036621094,35.20899963378906,25.65999984741211,60.04999923706055,51.5,35.9900016784668,82.27999877929688,10.470000267028809,43.130001068115234,207.55999755859375,50.38999938964844,149.5500030517578,101.33000183105469,149.02000427246094,34.2599983215332,81.57442474365234,52.75,46.33000183105469,13.01550006866455,34.53510284423828,111.66999816894531,116.43000030517578,19.1200008392334,101.47333526611328,81.18000030517578,316.2300109863281,37.459999084472656,52.33000183105469,24.520000457763672,17.489999771118164,25.100000381469727,106.45999908447266,39.11000061035156,94.30999755859375,88.47000122070312,260.05999755859375,389.30999755859375,36.88999938964844,26.6200008392334,62.02000045776367,53.63999938964844,36.869998931884766,84.48999786376953,10.770000457763672,44.599998474121094,215.22999572753906,52.619998931884766,155.47000122070312,104.98999786376953,153.3699951171875,35.83000183105469,83.77862548828125,54.380001068115234,47.83000183105469,13.884499549865723,35.56925964355469,116.66999816894531,121.70999908447266,19.559999465942383,105.97666931152344,81.80999755859375,323.82000732421875,38.939998626708984,54.47999954223633,25.360000610351562,17.950000762939453,26.010000228881836,109.73999786376953,40.029998779296875,91.08999633789062,81.58999633789062,246.35000610351562,370.0799865722656,35.01599884033203,25.459999084472656,59.529998779296875,51.22999954223633,35.84000015258789,81.70999908447266,10.390000343322754,42.779998779296875,205.8300018310547,50.13999938964844,148.3000030517578,100.63999938964844,147.4600067138672,33.939998626708984,81.04962158203125,52.20000076293945,45.849998474121094,12.87874984741211,34.25047302246094,110.94000244140625,115.5999984741211,18.670000076293945,100.76667022705078,78.37999725341797,313.7300109863281,37.27000045776367,51.65999984741211,24.299999237060547,17.385000228881836,24.940000534057617,105.69999694824219,38.880001068115234,93.87999725341797,87.83999633789062,259.2900085449219,389.1000061035156,36.60100173950195,26.200000762939453,61.619998931884766,52.439998626708984,36.029998779296875,83.05000305175781,10.479999542236328,43.709999084472656,211.75,52.5,154.8300018310547,103.31999969482422,152.19000244140625,35.099998474121094,83.67366027832031,53.599998474121094,47.7599983215332,13.828749656677246,35.455406188964844,113.76000213623047,121.30000305175781,18.770000457763672,105.73999786376953,81.12000274658203,322.0,37.970001220703125,52.9900016784668,24.799999237060547,17.584999084472656,25.639999389648438,109.58000183105469,39.20000076293945,8921900,87462700,3137700,1258500,41795000,86192500,16483900,25003200,8733400,16179900,8122500,5188200,3533500,47394300,8672800,23281200,4226100,6314800,12983672,11029600,20632800,945128000,35956788,1869700,13560800,16863200,3921000,20090100,3872500,9892300,3624200,42349300,78884600,98405500,13337300,28817200
2020-09-04,73.37822723388672,82.01000213623047,207.7643585205078,348.63653564453125,32.01573181152344,23.243602752685547,47.912532806396484,42.96534729003906,29.142789840698242,64.06504821777344,7.94287109375,32.98318862915039,185.32395935058594,44.9466667175293,127.34838104248047,89.22186279296875,141.99647521972656,28.83827018737793,67.85372924804688,44.123779296875,45.33134841918945,12.582703590393066,25.887414932250977,92.01206970214844,103.02014923095703,17.14043617248535,95.71289825439453,71.68415069580078,283.17376708984375,29.973716735839844,41.48395919799805,21.760744094848633,13.920905113220215,22.828704833984375,96.40299987792969,30.772653579711914,91.87000274658203,82.01000213623047,248.39999389648438,367.4200134277344,36.29499816894531,26.540000915527344,59.95000076293945,52.52000045776367,35.86000061035156,81.93000030517578,10.550000190734863,43.13999938964844,210.94000244140625,50.08000183105469,148.58999633789062,103.5199966430664,150.91000366210938,33.63999938964844,81.33587646484375,52.709999084472656,46.47999954223633,12.6225004196167,34.497154235839844,113.0999984741211,115.97000122070312,19.309999465942383,100.41999816894531,78.91000366210938,312.0,38.310001373291016,51.220001220703125,24.790000915527344,17.434999465942383,25.290000915527344,105.69999694824219,39.08000183105469,93.12999725341797,84.38999938964844,252.27000427246094,371.0,37.25299835205078,26.760000228881836,60.529998779296875,53.36000061035156,36.689998626708984,83.63999938964844,10.770000457763672,43.91999816894531,213.35000610351562,51.22999954223633,150.9499969482422,105.20999908447266,152.5800018310547,34.779998779296875,82.9103012084961,53.7599983215332,46.95000076293945,13.175000190734863,34.75332260131836,115.55999755859375,117.81999969482422,19.68000030517578,102.1500015258789,81.47000122070312,317.8299865722656,38.75,53.119998931884766,25.190000534057617,17.790000915527344,25.690000534057617,107.0199966430664,39.790000915527344,90.58000183105469,76.33000183105469,244.5800018310547,352.8599853515625,35.349998474121094,25.799999237060547,59.25,51.439998626708984,35.66999816894531,80.9000015258789,10.350000381469727,42.54999923706055,205.32000732421875,49.4900016784668,147.1300048828125,101.37000274658203,147.9499969482422,33.22999954223633,80.39122009277344,51.7599983215332,44.88999938964844,11.704750061035156,34.032257080078125,111.33999633789062,112.37999725341797,18.889999389648438,96.83999633789062,77.41000366210938,306.6300048828125,37.540000915527344,50.65999984741211,24.25,17.219999313354492,24.889999389648438,104.41000366210938,38.650001525878906,92.08000183105469,81.44999694824219,251.3300018310547,365.5,36.09700012207031,26.260000228881836,60.18000030517578,52.470001220703125,36.36000061035156,82.45999908447266,10.609999656677246,43.56999969482422,210.88999938964844,50.529998779296875,150.1699981689453,104.05000305175781,148.77000427246094,34.540000915527344,81.63167572021484,53.439998626708984,46.189998626708984,12.7837495803833,34.6204948425293,113.97000122070312,115.69000244140625,19.350000381469727,100.79666900634766,80.5,316.4800109863281,38.31999969482422,52.7599983215332,25.0,17.670000076293945,25.549999237060547,106.83000183105469,39.459999084472656,9444800,82267800,2910200,1206300,58514000,99621400,16405800,25124000,8285300,10516600,5498300,4418300,3668900,43318400,7200100,26325500,4361800,7278900,9359688,9413000,20608500,1463684000,26872257,1466800,11064300,15384300,3466800,13638700,2901000,8406900,3700500,48745000,68682000,111105500,14715500,24632500
2020-09-08,72.0603256225586,78.69000244140625,201.72547912597656,329.592529296875,30.92105484008789,22.31525421142578,46.77766036987305,41.75461196899414,27.67995834350586,61.75048828125,7.2426934242248535,31.217056274414062,177.8913116455078,43.89659118652344,126.20852661132812,86.11909484863281,140.490966796875,27.71526527404785,66.33329772949219,41.997520446777344,43.91718292236328,11.875442504882812,25.58125877380371,89.73412322998047,97.51245880126953,16.314926147460938,91.23954772949219,70.23975372314453,278.86260986328125,28.729700088500977,39.467262268066406,21.04094696044922,13.413894653320312,22.241960525512695,94.81605529785156,30.06396484375,90.22000122070312,78.69000244140625,241.17999267578125,347.3500061035156,35.05400085449219,25.479999542236328,58.529998779296875,51.040000915527344,34.060001373291016,78.97000122070312,9.619999885559082,40.83000183105469,202.47999572753906,48.90999984741211,147.25999450683594,99.91999816894531,149.30999755859375,32.33000183105469,79.51335906982422,50.16999816894531,45.029998779296875,11.913000106811523,34.08918380737305,110.30000305175781,109.7699966430664,18.3799991607666,95.72666931152344,77.31999969482422,307.25,36.720001220703125,48.72999954223633,23.969999313354492,16.799999237060547,24.639999389648438,103.95999908447266,38.18000030517578,91.86000061035156,81.87999725341797,246.99000549316406,353.3900146484375,36.275001525878906,26.31999969482422,60.0,52.09000015258789,35.29999923706055,80.58000183105469,10.25,42.36000061035156,209.9600067138672,49.900001525878906,150.88999938964844,103.56999969482422,151.30999755859375,33.40999984741211,82.00381469726562,52.290000915527344,46.22999954223633,12.550000190734863,34.734344482421875,112.11000061035156,113.87999725341797,19.020000457763672,98.58999633789062,79.1500015258789,311.4599914550781,37.95000076293945,51.0,24.549999237060547,17.184999465942383,25.100000381469727,105.56999969482422,38.68000030517578,89.44999694824219,78.0,239.52999877929688,343.25,35.0,25.389999389648438,58.13999938964844,50.65999984741211,33.7400016784668,78.04000091552734,9.489999771118164,40.029998779296875,201.27000427246094,48.849998474121094,146.89999389648438,99.4800033569336,148.5,32.22999954223633,79.19847106933594,50.09000015258789,44.529998779296875,11.70425033569336,33.851993560791016,108.83999633789062,109.62000274658203,17.93000030517578,95.586669921875,77.22000122070312,303.8299865722656,36.43000030517578,48.68000030517578,23.739999771118164,16.610000610351562,24.549999237060547,103.66999816894531,37.349998474121094,91.5199966430664,78.05000305175781,246.22999572753906,345.3699951171875,35.26599884033203,26.139999389648438,59.869998931884766,51.91999816894531,35.29999923706055,80.5,10.210000038146973,42.16999816894531,209.50999450683594,49.2599983215332,150.25,102.9800033569336,150.9499969482422,33.040000915527344,82.00381469726562,52.290000915527344,44.9900016784668,11.73449993133545,34.658443450927734,111.61000061035156,111.94000244140625,18.899999618530273,96.8133316040039,78.0199966430664,311.0299987792969,37.61000061035156,50.5,24.280000686645508,17.104999542236328,25.040000915527344,105.52999877929688,38.25,8563900,54955700,3358600,1541000,26685000,74978600,11735900,28128600,9338600,14942500,11081000,5747100,4574700,39752700,8756800,22108600,4351200,6645500,9095592,10946600,20893600,795728000,26736818,2045300,10245200,15677400,3036000,11553500,2594500,9781700,4513400,49082900,98437600,84687600,9660200,38496400
2020-09-09,73.18653869628906,81.91000366210938,205.39732360839844,340.9980163574219,31.75815773010254,22.341533660888672,47.217227935791016,42.04910659790039,28.005020141601562,62.57933044433594,7.212579250335693,32.00455093383789,177.66293334960938,44.533817291259766,128.29969787597656,86.93787384033203,142.99386596679688,27.235191345214844,67.56714630126953,42.7425537109375,44.03422546386719,12.674914360046387,25.759254455566406,89.41683959960938,101.28788757324219,16.519088745117188,93.72404479980469,72.1292724609375,283.1918640136719,28.581031799316406,38.673545837402344,20.926830291748047,13.50571346282959,22.46763038635254,96.49422454833984,29.88286590576172,91.62999725341797,81.91000366210938,245.57000732421875,359.3699951171875,36.00299835205078,25.510000228881836,59.08000183105469,51.400001525878906,34.459999084472656,80.02999877929688,9.579999923706055,41.86000061035156,202.22000122070312,49.619998931884766,149.6999969482422,100.87000274658203,151.97000122070312,31.770000457763672,80.99236297607422,51.060001373291016,45.150001525878906,12.71500015258789,34.326377868652344,109.91000366210938,114.0199966430664,18.610000610351562,98.33333587646484,79.4000015258789,312.0199890136719,36.529998779296875,47.75,23.84000015258789,16.915000915527344,24.889999389648438,105.80000305175781,37.95000076293945,92.43000030517578,82.44000244140625,247.49000549316406,361.5400085449219,36.185001373291016,25.719999313354492,59.599998474121094,51.59000015258789,34.849998474121094,81.06999969482422,9.789999961853027,42.34000015258789,204.8300018310547,49.970001220703125,151.10000610351562,101.69000244140625,154.1199951171875,32.75,81.88931274414062,51.630001068115234,45.880001068115234,12.809249877929688,34.77229690551758,111.27999877929688,115.7699966430664,18.739999771118164,99.15333557128906,79.69999694824219,315.32000732421875,37.08000183105469,49.470001220703125,24.06999969482422,17.084999084472656,25.06999969482422,106.66999816894531,38.84000015258789,90.51000213623047,79.27999877929688,241.82000732421875,353.510009765625,35.11000061035156,25.229999542236328,58.7599983215332,50.619998931884766,34.220001220703125,79.68000030517578,9.369999885559082,40.95000076293945,202.02999877929688,49.040000915527344,148.1199951171875,99.55999755859375,150.30999755859375,31.739999771118164,79.8282470703125,50.43000030517578,44.45000076293945,12.231749534606934,34.28842544555664,109.7699966430664,112.30000305175781,18.3700008392334,96.86333465576172,78.55000305175781,308.4200134277344,36.43000030517578,47.34000015258789,23.700000762939453,16.854999542236328,24.709999084472656,104.72000122070312,37.91999816894531,90.86000061035156,81.4000015258789,242.63999938964844,357.9700012207031,35.61600112915039,25.639999389648438,58.93000030517578,51.20000076293945,34.849998474121094,79.97000122070312,9.770000457763672,41.36000061035156,204.19000244140625,49.529998779296875,148.14999389648438,100.80000305175781,150.6199951171875,32.720001220703125,79.9332046508789,50.59000015258789,45.880001068115234,12.399999618530273,34.43074035644531,111.27999877929688,113.4800033569336,18.479999542236328,98.15333557128906,78.62000274658203,309.67999267578125,37.0099983215332,49.18000030517578,24.010000228881836,16.989999771118164,24.8700008392334,104.73999786376953,38.349998474121094,5373500,54163900,2244300,847300,26273000,53822700,7173700,19193900,6440000,9269800,7062100,3565000,4681400,33437300,6960700,13434000,2328500,7017500,8862307,8808100,17529100,736200000,27490533,1074900,9708400,9925300,1914600,7867500,2195600,5718900,4490400,49427900,49955200,52321200,8200800,25886100
2020-09-10,71.60507202148438,78.9800033569336,201.27381896972656,338.7491760253906,31.497947692871094,22.017488479614258,46.585845947265625,41.680973052978516,26.753501892089844,61.10928726196289,6.67803430557251,29.053340911865234,175.7212677001953,43.94147872924805,125.90856170654297,86.04153442382812,137.58349609375,25.949302673339844,66.52434539794922,42.09797668457031,43.76113510131836,12.272931098937988,25.381912231445312,88.04193878173828,99.88432312011719,15.720205307006836,92.45320892333984,71.675048828125,276.4574279785156,27.99423599243164,36.95652389526367,21.023391723632812,13.010677337646484,22.151691436767578,95.01670837402344,29.134807586669922,89.6500015258789,78.9800033569336,240.63999938964844,357.0,35.70800018310547,25.139999389648438,58.290000915527344,50.95000076293945,32.91999816894531,78.1500015258789,8.869999885559082,38.0,200.00999450683594,48.959999084472656,146.91000366210938,99.83000183105469,146.22000122070312,30.270000457763672,79.74236297607422,50.290000915527344,44.869998931884766,12.311750411987305,33.82352828979492,108.22000122070312,112.44000244140625,17.709999084472656,97.0,78.9000015258789,304.6000061035156,35.779998779296875,45.630001068115234,23.950000762939453,16.295000076293945,24.540000915527344,104.18000030517578,37.0,91.41000366210938,83.30999755859375,246.13999938964844,366.80999755859375,36.78300094604492,25.889999389648438,59.29999923706055,52.5,34.52000045776367,80.88999938964844,9.6899995803833,41.81999969482422,205.35000610351562,50.09000015258789,149.77999877929688,102.41999816894531,150.60000610351562,31.969999313354492,80.99236297607422,51.59000015258789,45.95000076293945,13.065250396728516,34.45920181274414,111.58999633789062,115.80999755859375,18.649999618530273,99.9566650390625,81.2300033569336,314.44000244140625,37.18000030517578,48.060001373291016,24.670000076293945,16.985000610351562,25.139999389648438,106.0999984741211,38.369998931884766,89.4800033569336,78.37999725341797,238.89999389648438,355.0299987792969,35.43899917602539,25.079999923706055,58.18000030517578,50.70000076293945,32.86000061035156,78.05000305175781,8.859999656677246,37.9900016784668,199.5500030517578,48.709999084472656,146.52000427246094,99.63999938964844,145.72000122070312,30.219999313354492,79.46565246582031,50.16999816894531,44.689998626708984,12.166999816894531,33.75711441040039,108.19000244140625,111.56999969482422,17.639999389648438,96.43000030517578,78.76000213623047,303.7200012207031,35.7400016784668,45.380001068115234,23.860000610351562,16.264999389648438,24.489999771118164,103.9000015258789,36.900001525878906,91.06999969482422,83.06999969482422,244.55999755859375,364.2699890136719,36.2130012512207,25.700000762939453,58.9900016784668,51.720001220703125,34.43000030517578,80.62999725341797,9.579999923706055,41.81999969482422,203.72999572753906,50.0,149.25,101.4000015258789,149.8800048828125,31.8799991607666,80.84923553466797,51.33000183105469,45.470001220703125,12.989250183105469,34.34535217285156,110.61000061035156,115.1500015258789,18.649999618530273,99.663330078125,80.73999786376953,312.7300109863281,36.7400016784668,47.869998931884766,24.030000686645508,16.96500015258789,24.969999313354492,106.0999984741211,38.27000045776367,10403600,51499400,2126400,678600,22851000,56609600,11995300,22324400,8582800,11845900,12149700,7457200,2510300,32649100,6191800,15922800,3961300,8887000,6907578,8609100,13744700,698684000,21650741,2031400,6166300,16190800,1914000,11241800,2421200,7381700,4870800,54211700,74006600,55515300,9186200,34381200
2020-09-11,71.64498138427734,76.33999633789062,203.42340087890625,340.8651123046875,31.72905158996582,22.33277702331543,47.14529037475586,41.72187805175781,26.907913208007812,60.749595642089844,6.8381242752075195,29.856124877929688,176.52078247070312,44.228660583496094,126.65421295166016,87.11026763916016,139.343017578125,26.78941535949707,67.24872589111328,42.1482048034668,44.95098876953125,12.12614917755127,25.68093490600586,90.10022735595703,100.75489807128906,15.862226486206055,92.42777252197266,71.6023941040039,274.7532653808594,28.69839096069336,37.57206726074219,21.304285049438477,13.022653579711914,22.30514907836914,95.39063262939453,29.056062698364258,89.69999694824219,76.33999633789062,243.2100067138672,359.2300109863281,35.970001220703125,25.5,58.9900016784668,51.0,33.11000061035156,77.69000244140625,8.970000267028809,39.04999923706055,200.9199981689453,49.279998779296875,147.77999877929688,101.06999969482422,148.08999633789062,31.25,80.61068725585938,50.349998474121094,46.09000015258789,12.16450023651123,34.22201156616211,110.75,113.41999816894531,17.8700008392334,96.97333526611328,78.81999969482422,301.4800109863281,36.68000030517578,46.38999938964844,24.270000457763672,16.309999465942383,24.709999084472656,104.58999633789062,36.900001525878906,90.33999633789062,79.98999786376953,245.49000549316406,367.1499938964844,36.426998138427734,25.579999923706055,59.27000045776367,51.689998626708984,33.439998626708984,78.69000244140625,9.020000457763672,39.189998626708984,201.91000366210938,50.04999923706055,148.52999877929688,101.36000061035156,149.19000244140625,31.600000381469727,80.99236297607422,50.95000076293945,46.47999954223633,12.65250015258789,34.25996017456055,111.26000213623047,114.8499984741211,17.969999313354492,98.6866683959961,80.30000305175781,306.4599914550781,36.75,46.779998779296875,24.31999969482422,16.415000915527344,24.84000015258789,105.08999633789062,37.310001373291016,89.04000091552734,75.04000091552734,241.07000732421875,357.5899963378906,35.46799850463867,25.09000015258789,58.43000030517578,50.79999923706055,32.63999938964844,77.06999969482422,8.65999984741211,37.900001525878906,198.9499969482422,48.95000076293945,146.6300048828125,99.58999633789062,146.8800048828125,30.139999389648438,79.9427490234375,50.060001373291016,44.959999084472656,11.895750045776367,33.6337776184082,108.3499984741211,112.4000015258789,17.489999771118164,95.91666412353516,78.5999984741211,297.2900085449219,35.650001525878906,45.13999938964844,23.709999084472656,16.174999237060547,24.5,103.79000091552734,36.4900016784668,89.80999755859375,79.81999969482422,241.6999969482422,364.0,36.04999923706055,25.219999313354492,58.459999084472656,50.88999938964844,32.880001068115234,78.23999786376953,8.789999961853027,38.47999954223633,200.24000549316406,49.2599983215332,147.0500030517578,99.97000122070312,147.55999755859375,30.309999465942383,80.0,50.36000061035156,45.22999954223633,12.48550033569336,33.90891647338867,109.08000183105469,113.37999725341797,17.760000228881836,97.67666625976562,80.01000213623047,305.07000732421875,35.79999923706055,45.59000015258789,23.920000076293945,16.329999923706055,24.579999923706055,104.66999816894531,37.130001068115234,8385800,54763000,1899400,678700,17362000,47708300,8573500,21033200,6769100,13732400,10429000,5658300,2376400,29333600,3934700,13784300,3001400,8273000,7171254,8969700,18365500,636928000,24109301,1632000,6740200,8634200,1524300,7853500,3085900,6330300,3969400,34861100,50794600,69285700,8764300,26838600
2020-09-14,72.2760009765625,77.9000015258789,206.38430786132812,349.1299133300781,31.949573516845703,22.55172348022461,47.71272277832031,39.3903694152832,27.24110984802246,60.43681716918945,6.952474117279053,29.947879791259766,176.88978576660156,44.34534454345703,127.1427001953125,88.31689453125,140.19927978515625,27.449506759643555,67.48127746582031,42.81789016723633,47.81833267211914,12.831666946411133,26.350194931030273,92.89068603515625,100.79042053222656,16.004249572753906,94.27684783935547,73.1285629272461,281.2147521972656,29.629444122314453,38.479164123535156,21.778301239013672,13.122459411621094,22.612062454223633,96.75872039794922,28.867084503173828,90.48999786376953,77.9000015258789,246.75,367.94000244140625,36.220001220703125,25.75,59.70000076293945,48.150001525878906,33.52000045776367,77.29000091552734,9.119999885559082,39.16999816894531,201.33999633789062,49.40999984741211,148.35000610351562,102.47000122070312,149.0,32.02000045776367,80.30534362792969,51.150001525878906,49.029998779296875,12.872249603271484,35.113853454589844,114.18000030517578,113.45999908447266,18.030000686645508,98.913330078125,80.5,308.57000732421875,37.869998931884766,47.5099983215332,24.809999465942383,16.434999465942383,25.049999237060547,106.08999633789062,36.65999984741211,91.26000213623047,78.81999969482422,247.83999633789062,369.9800109863281,36.5890007019043,25.989999771118164,60.09000015258789,52.08000183105469,33.869998931884766,77.9800033569336,9.220000267028809,39.7599983215332,203.3000030517578,49.720001220703125,149.47000122070312,103.45999908447266,150.50999450683594,32.4900016784668,81.2022933959961,51.56999969482422,49.59000015258789,13.3149995803833,35.61669921875,115.08000183105469,115.43000030517578,18.209999084472656,99.53333282470703,81.12000274658203,311.1199951171875,38.2400016784668,48.08000183105469,24.969999313354492,16.584999084472656,25.270000457763672,106.66000366210938,37.0099983215332,89.45999908447266,76.26000213623047,244.25,365.3599853515625,35.935001373291016,25.540000915527344,59.06999969482422,47.900001525878906,33.0099983215332,76.91999816894531,8.899999618530273,38.540000915527344,200.6699981689453,48.849998474121094,148.00999450683594,101.37000274658203,147.47000122070312,31.479999542236328,79.89503479003906,50.29999923706055,48.29999923706055,12.631250381469727,34.4212532043457,111.2300033569336,112.6500015258789,17.639999389648438,98.15333557128906,79.94999694824219,303.010009765625,36.93000030517578,46.540000915527344,24.229999542236328,16.239999771118164,24.860000610351562,105.2300033569336,36.4900016784668,90.05000305175781,76.80000305175781,244.83999633789062,369.7699890136719,36.441001892089844,25.670000076293945,59.189998626708984,51.4900016784668,33.2400016784668,77.4800033569336,9.039999961853027,39.310001373291016,203.3000030517578,48.849998474121094,148.1199951171875,101.51000213623047,149.08999633789062,31.489999771118164,80.34351348876953,50.959999084472656,48.349998474121094,13.081000328063965,34.497154235839844,111.5,115.23999786376953,17.889999389648438,98.91666412353516,80.5,303.010009765625,37.02000045776367,46.65999984741211,24.3799991607666,16.354999542236328,24.93000030517578,105.44000244140625,36.90999984741211,5212300,47448700,2086500,575700,16447000,47802400,6242400,58798300,5436000,8182800,6228100,5543300,2756900,27212500,4375800,19017400,3072500,9334900,8575994,8812200,26715400,1201744000,29565543,1504300,5397300,9913100,1155600,7091100,1795500,5797000,5927700,49787100,38888400,51021000,5846900,26129900
2020-09-15,72.61145782470703,78.93000030517578,207.7225341796875,351.3218078613281,32.365055084228516,22.140100479125977,47.57685852050781,36.65799331665039,27.46866226196289,59.701778411865234,7.036329746246338,29.50444221496582,173.95538330078125,44.87487030029297,127.60550689697266,85.5674819946289,141.21548461914062,26.65225601196289,67.5213623046875,42.18168640136719,47.83784103393555,12.950041770935059,26.314594268798828,90.53954315185547,103.56201934814453,16.155153274536133,95.90351867675781,77.98865509033203,279.9935607910156,29.199121475219727,37.70975875854492,21.83974266052246,13.026646614074707,22.30514907836914,96.88638305664062,28.559972763061523,90.91000366210938,78.93000030517578,248.35000610351562,370.25,36.691001892089844,25.280000686645508,59.529998779296875,44.810001373291016,33.79999923706055,76.3499984741211,9.229999542236328,38.59000015258789,198.0,50.0,148.88999938964844,99.27999877929688,150.0800018310547,31.09000015258789,80.3530502319336,50.38999938964844,49.04999923706055,12.991000175476074,35.06641387939453,111.29000091552734,116.58000183105469,18.200000762939453,100.62000274658203,85.8499984741211,307.2300109863281,37.31999969482422,46.560001373291016,24.8799991607666,16.315000534057617,24.709999084472656,106.2300033569336,36.27000045776367,91.9800033569336,80.33000183105469,251.9199981689453,374.760009765625,37.11199951171875,25.829999923706055,60.11000061035156,48.38999938964844,34.220001220703125,78.4800033569336,9.390000343322754,39.779998779296875,202.58999633789062,50.599998474121094,150.58999633789062,102.8499984741211,151.8699951171875,32.470001220703125,81.26908111572266,51.34000015258789,49.65999984741211,13.298749923706055,35.436431884765625,114.43000030517578,117.80999755859375,18.450000762939453,101.3133316040039,86.79000091552734,311.4599914550781,38.08000183105469,48.16999816894531,25.040000915527344,16.69499969482422,25.1200008392334,107.08000183105469,37.380001068115234,90.63999938964844,75.97000122070312,248.10000610351562,369.1000061035156,36.53499984741211,25.190000534057617,59.38999938964844,44.66999816894531,33.61000061035156,75.95999908447266,9.130000114440918,38.43000030517578,197.97999572753906,49.72999954223633,148.52000427246094,99.13999938964844,149.4199981689453,30.950000762939453,79.8187026977539,50.27000045776367,48.70000076293945,12.827750205993652,34.92409896850586,110.69999694824219,114.79000091552734,17.969999313354492,100.09333038330078,81.37999725341797,306.04998779296875,37.11000061035156,46.540000915527344,24.559999465942383,16.264999389648438,24.690000534057617,105.95999908447266,36.209999084472656,91.4000015258789,77.66000366210938,248.6999969482422,374.54998779296875,36.630001068115234,25.770000457763672,59.970001220703125,48.119998931884766,33.72999954223633,77.55999755859375,9.170000076293945,39.5,202.0,49.790000915527344,149.4499969482422,102.7300033569336,149.9600067138672,31.959999084472656,80.84923553466797,51.15999984741211,49.369998931884766,13.279999732971191,35.284629821777344,113.69999694824219,114.94000244140625,18.06999969482422,100.26667022705078,81.55999755859375,310.04998779296875,37.88999938964844,47.70000076293945,24.959999084472656,16.545000076293945,25.100000381469727,106.63999938964844,36.79999923706055,3851300,57874400,2243900,717100,16618000,63820200,8259100,84689700,8333400,11732000,8890400,4791200,3717600,27598300,3658800,23683000,2923500,5248500,10826678,7660100,14456000,727556000,22003726,1998400,8773700,10611400,1259700,21048400,1468300,7353500,3568400,41954800,51220800,48459900,5580500,23724200
2020-09-16,71.70889282226562,76.66000366210938,207.22906494140625,343.8541564941406,32.376502990722656,22.42035484313965,47.51292037963867,37.64786148071289,28.508895874023438,61.42988586425781,7.440368175506592,31.239980697631836,176.3098907470703,45.206947326660156,127.18555450439453,85.92947387695312,142.04351806640625,27.740976333618164,68.61184692382812,42.81789016723633,48.96916198730469,12.475044250488281,26.186447143554688,92.4513931274414,101.76758575439453,17.02504539489746,95.00440979003906,75.51773071289062,279.3464050292969,29.856338500976562,39.76693344116211,22.568323135375977,13.549628257751465,22.557899475097656,96.72223663330078,29.772621154785156,89.77999877929688,76.66000366210938,247.75999450683594,362.3800048828125,36.70399856567383,25.600000381469727,59.45000076293945,46.02000045776367,35.08000183105469,78.55999755859375,9.760000228881836,40.86000061035156,200.67999267578125,50.369998931884766,148.39999389648438,99.69999694824219,150.9600067138672,32.36000061035156,81.65076446533203,51.150001525878906,50.209999084472656,12.51449966430664,34.89563751220703,113.63999938964844,114.55999755859375,19.18000030517578,99.67666625976562,83.12999725341797,306.5199890136719,38.15999984741211,49.099998474121094,25.709999084472656,16.969999313354492,24.989999771118164,106.05000305175781,37.810001373291016,91.2699966430664,79.72000122070312,251.35000610351562,372.9800109863281,37.20000076293945,25.90999984741211,59.970001220703125,46.7599983215332,35.529998779296875,79.4800033569336,9.930000305175781,41.58000183105469,203.8000030517578,51.029998779296875,150.05999755859375,101.12999725341797,152.67999267578125,33.060001373291016,82.15648651123047,51.90999984741211,51.220001220703125,13.09274959564209,35.39848327636719,115.12999725341797,118.0,19.389999389648438,101.46333312988281,86.48999786376953,312.25,38.720001220703125,50.040000915527344,26.0,17.190000534057617,25.270000457763672,107.01000213623047,38.150001525878906,89.69000244140625,76.54000091552734,247.0,362.3599853515625,36.6349983215332,25.049999237060547,59.2400016784668,44.619998931884766,33.650001525878906,75.95999908447266,9.220000267028809,38.650001525878906,198.07000732421875,50.16999816894531,148.35000610351562,98.76000213623047,150.7899932861328,30.75,80.62976837158203,50.310001373291016,48.959999084472656,12.513750076293945,34.83871078491211,110.73999786376953,114.54000091552734,18.219999313354492,99.52333068847656,83.04000091552734,306.20001220703125,37.16999816894531,46.56999969482422,24.75,16.31999969482422,24.709999084472656,105.93000030517578,36.27000045776367,91.0199966430664,79.3499984741211,251.35000610351562,372.0,36.81800079345703,25.280000686645508,59.66999816894531,45.209999084472656,34.119998931884766,76.3499984741211,9.399999618530273,38.900001525878906,198.49000549316406,50.5099983215332,149.38999938964844,99.43000030517578,151.72000122070312,31.309999465942383,80.62976837158203,50.47999954223633,49.11000061035156,12.957249641418457,35.370018005371094,111.1500015258789,118.0,18.540000915527344,101.34333038330078,86.48999786376953,309.07000732421875,37.31999969482422,47.060001373291016,24.8700008392334,16.459999084472656,24.760000228881836,106.80000305175781,36.459999084472656,6304400,38393500,2325300,973900,18498000,64598600,6159800,45484600,9240700,13019000,7845100,6553700,3571400,26531400,4323000,19270600,3618800,9228800,10380230,8699700,23542200,556384000,22208412,2254100,6340100,14177400,1217400,14492600,3438200,5697300,6197100,51768200,71772200,62119900,7193300,30890900
2020-09-17,71.5890884399414,76.55000305175781,207.4967041015625,347.99127197265625,32.277713775634766,22.201404571533203,47.472965240478516,37.24699783325195,29.329702377319336,61.609710693359375,7.585210800170898,31.492290496826172,171.1703338623047,45.16205978393555,126.13137817382812,84.94695281982422,143.46434020996094,27.535232543945312,68.66796875,42.06449890136719,49.72013473510742,12.424203872680664,26.214916229248047,91.01954650878906,102.05184936523438,16.936277389526367,94.95674133300781,74.79361724853516,277.9429626464844,29.645097732543945,39.68594741821289,22.041641235351562,13.569589614868164,22.323205947875977,96.40299987792969,29.764739990234375,89.62999725341797,76.55000305175781,248.0800018310547,366.739990234375,36.59199905395508,25.350000381469727,59.400001525878906,45.529998779296875,36.09000015258789,78.79000091552734,9.949999809265137,41.189998626708984,194.8300018310547,50.31999969482422,147.1699981689453,98.55999755859375,152.47000122070312,32.119998931884766,81.71755981445312,50.25,50.97999954223633,12.463500022888184,34.93358612060547,111.87999725341797,114.87999725341797,19.079999923706055,99.62666320800781,81.91000366210938,304.9800109863281,37.88999938964844,49.0,25.110000610351562,16.9950008392334,24.729999542236328,105.69999694824219,37.79999923706055,90.80999755859375,76.62999725341797,249.72000122070312,367.6300048828125,37.012001037597656,25.479999542236328,59.43000030517578,45.83000183105469,36.11000061035156,78.8499984741211,9.970000267028809,41.20000076293945,199.88999938964844,50.4900016784668,148.6300048828125,99.33999633789062,152.67999267578125,32.400001525878906,81.84160614013672,50.93000030517578,51.290000915527344,12.589750289916992,35.07590103149414,113.58999633789062,115.69999694824219,19.1299991607666,99.78666687011719,82.29000091552734,307.3800048828125,38.150001525878906,49.029998779296875,25.43000030517578,17.010000228881836,24.8799991607666,106.05999755859375,37.97999954223633,89.18000030517578,74.19999694824219,243.02000427246094,355.1400146484375,35.5,25.100000381469727,58.2599983215332,45.0099983215332,34.15999984741211,76.37000274658203,9.460000038146973,39.560001373291016,194.50999450683594,49.29999923706055,146.0500030517578,97.70999908447266,149.4600067138672,31.450000762939453,80.58206176757812,49.97999954223633,48.810001373291016,12.034749984741211,34.67741775512695,111.0,111.0,18.450000762939453,96.79666900634766,80.61000061035156,302.1099853515625,37.45000076293945,47.84000015258789,24.899999618530273,16.53499984741211,24.579999923706055,104.7300033569336,36.970001220703125,89.30000305175781,74.87999725341797,243.52999877929688,355.510009765625,35.5,25.1299991607666,59.0,45.459999084472656,34.400001525878906,77.52999877929688,9.510000228881836,39.86000061035156,198.2100067138672,49.369998931884766,148.0399932861328,98.69999694824219,150.1300048828125,31.549999237060547,81.46946716308594,50.38999938964844,49.15999984741211,12.13224983215332,34.89563751220703,111.58000183105469,111.91999816894531,18.809999465942383,97.13666534423828,81.0,304.5,37.68000030517578,48.04999923706055,25.229999542236328,16.700000762939453,24.649999618530273,105.06999969482422,37.349998474121094,5604700,55619100,2801100,901000,22862000,48862000,6624800,28741600,13147700,10515100,6791100,3900500,4274800,26959900,5461400,18290100,3620700,8454600,8090455,7533700,20556900,792512000,17894390,1767400,7418100,11677400,1714800,10090200,2394100,6422600,6633400,51531300,44713400,47334200,7597300,24696200
2020-09-18,71.97247314453125,74.93000030517578,207.19561767578125,347.6116638183594,31.731700897216797,22.07879638671875,47.36907196044922,36.698890686035156,29.150909423828125,61.15620422363281,7.455616474151611,31.12530517578125,171.19671630859375,44.77614212036133,127.85403442382812,84.76593780517578,145.06393432617188,27.672395706176758,68.80427551269531,41.92218780517578,49.48607635498047,12.1508207321167,26.079647064208984,90.92191314697266,98.3297348022461,16.62560272216797,93.4698715209961,73.25959777832031,280.7134704589844,29.433847427368164,39.45107650756836,22.059200286865234,13.41788387298584,22.278076171875,96.257080078125,29.284412384033203,90.11000061035156,74.93000030517578,247.72000122070312,366.3399963378906,35.972999572753906,25.209999084472656,59.27000045776367,44.86000061035156,35.869998931884766,78.20999908447266,9.779999732971191,40.709999084472656,194.86000061035156,49.88999938964844,149.17999267578125,98.3499984741211,154.1699981689453,32.279998779296875,81.87976837158203,50.08000183105469,50.7400016784668,12.189249992370605,34.75332260131836,111.76000213623047,110.69000244140625,18.729999542236328,98.06666564941406,80.2300033569336,308.0199890136719,37.619998931884766,48.709999084472656,25.1299991607666,16.80500030517578,24.68000030517578,105.54000091552734,37.189998626708984,90.5,77.4000015258789,249.83999633789062,370.9100036621094,36.784000396728516,25.579999923706055,59.720001220703125,45.959999084472656,36.45000076293945,79.1500015258789,10.069999694824219,41.54999923706055,196.64999389648438,50.5,149.64999389648438,99.48999786376953,154.5,32.61000061035156,82.34732818603516,50.939998626708984,52.16999816894531,12.632499694824219,35.1707763671875,112.4000015258789,115.43000030517578,19.34000015258789,100.336669921875,82.83999633789062,310.3900146484375,38.04999923706055,49.099998474121094,25.399999618530273,16.9950008392334,24.93000030517578,106.22000122070312,37.81999969482422,88.86000061035156,73.8499984741211,242.35000610351562,359.92999267578125,35.505001068115234,25.100000381469727,58.83000183105469,44.7599983215332,35.400001525878906,77.5,9.670000076293945,40.310001373291016,192.3800048828125,49.040000915527344,146.1999969482422,97.44000244140625,152.0399932861328,31.639999389648438,81.04962158203125,50.04999923706055,49.970001220703125,11.988750457763672,34.69639587402344,110.66999816894531,109.80000305175781,18.520000457763672,96.79000091552734,80.11000061035156,303.7699890136719,37.38999938964844,47.779998779296875,24.899999618530273,16.635000228881836,24.6299991607666,104.55999755859375,36.70000076293945,89.48999786376953,77.0,248.69000244140625,370.2900085449219,36.71200180053711,25.149999618530273,59.09000015258789,45.52000045776367,35.79999923706055,77.87999725341797,9.90999984741211,40.79999923706055,195.00999450683594,50.33000183105469,146.50999450683594,97.88999938964844,152.0399932861328,31.739999771118164,81.65076446533203,50.369998931884766,51.5,12.59375,34.89563751220703,110.98999786376953,115.04000091552734,18.790000915527344,100.08333587646484,82.37000274658203,305.010009765625,37.54999923706055,48.540000915527344,24.940000534057617,16.985000610351562,24.729999542236328,105.83000183105469,37.529998779296875,10076300,51082900,6042400,912200,35295000,94055800,13944500,33201700,12409800,14517800,12580600,5865800,9066300,50123500,12174000,20121600,13209800,12106500,12308446,10743900,25549000,698460000,31694623,2233000,15443200,19118700,1210800,10528300,3795400,7800000,8200400,115153200,52812800,61707200,8649300,46853800
2020-09-21,71.15779113769531,77.94000244140625,203.40663146972656,344.08184814453125,31.31422233581543,21.43070411682129,46.170257568359375,35.93808364868164,27.92376708984375,59.66267013549805,7.066825866699219,29.672630310058594,170.44114685058594,44.623573303222656,124.35731506347656,82.14582824707031,142.25051879882812,26.78941535949707,66.65540313720703,40.48236846923828,47.93537139892578,12.477787971496582,25.645341873168945,88.5463638305664,99.42236328125,15.329644203186035,93.30146026611328,73.58829498291016,272.6662292480469,28.291545867919922,38.35768508911133,21.102394104003906,12.973136901855469,21.719867706298828,94.4788589477539,28.68596839904785,89.08999633789062,77.94000244140625,243.19000244140625,362.6199951171875,35.17900085449219,24.469999313354492,57.77000045776367,43.93000030517578,34.36000061035156,76.30000305175781,9.270000457763672,38.810001373291016,194.0,49.720001220703125,145.10000610351562,95.30999755859375,151.17999267578125,31.25,79.32251739501953,48.36000061035156,49.150001525878906,12.517250061035156,34.1745719909668,108.83999633789062,111.91999816894531,17.270000457763672,97.88999938964844,80.58999633789062,299.19000244140625,36.15999984741211,47.36000061035156,24.040000915527344,15.984999656677246,23.93000030517578,103.18000030517578,36.43000030517578,89.43000030517578,77.9800033569336,247.0399932861328,363.0,35.19599914550781,24.780000686645508,58.959999084472656,44.15999984741211,35.08000183105469,76.6500015258789,9.460000038146973,40.11000061035156,194.1699981689453,49.75,147.92999267578125,96.05000305175781,153.66000366210938,31.34000015258789,81.4312973022461,49.09000015258789,49.779998779296875,12.522500038146973,34.61100769042969,110.56999969482422,112.13999938964844,18.190000534057617,97.88999938964844,80.6500015258789,300.5299987792969,37.18000030517578,47.900001525878906,24.520000457763672,16.170000076293945,24.170000076293945,103.72000122070312,36.709999084472656,87.16999816894531,73.87999725341797,238.1999969482422,352.57000732421875,34.347999572753906,24.030000686645508,56.900001525878906,43.06999969482422,34.09000015258789,74.68000030517578,9.130000114440918,38.290000915527344,187.47000122070312,48.83000183105469,142.9600067138672,93.81999969482422,149.05999755859375,30.25,78.33015441894531,47.5099983215332,47.88999938964844,11.904500007629395,33.56736373901367,107.4800033569336,108.30000305175781,17.09000015258789,95.3933334350586,79.08000183105469,291.6600036621094,35.619998931884766,46.29999923706055,23.719999313354492,15.71500015258789,23.559999465942383,101.73999786376953,35.68000030517578,89.13999938964844,74.2300033569336,247.0399932861328,355.30999755859375,35.000999450683594,24.56999969482422,58.91999816894531,43.40999984741211,34.810001373291016,76.23999786376953,9.380000114440918,39.5,189.89999389648438,49.38999938964844,147.5800018310547,95.19999694824219,153.1699981689453,30.799999237060547,81.03053283691406,48.86000061035156,49.61000061035156,11.925000190734863,34.50664138793945,108.91999816894531,109.16000366210938,18.100000381469727,96.22000122070312,79.80000305175781,300.4700012207031,36.68000030517578,47.18000030517578,24.450000762939453,16.1299991607666,24.030000686645508,103.72000122070312,36.43000030517578,7328300,61312000,2745300,657900,24198000,75218600,16199700,33469700,11316000,16199100,5664200,4719900,4871300,27377100,7574500,28378800,3501600,10301500,10445311,12909900,21257500,721044000,26608968,2097800,8197600,16106800,2331600,8417100,4124700,8109100,6162500,56188400,61439200,72307300,8783000,35351800
2020-09-22,70.76642608642578,77.69999694824219,207.0115966796875,345.9986267089844,32.18657302856445,20.966533660888672,46.96147537231445,35.414512634277344,27.874996185302734,59.06058120727539,7.013460159301758,29.397396087646484,168.35015869140625,44.82999801635742,123.59452819824219,81.24945831298828,141.00848388671875,26.609390258789062,66.50305938720703,39.87128829956055,48.47177505493164,12.597904205322266,25.809093475341797,85.71521759033203,101.11022186279297,15.382898330688477,94.26414489746094,73.48785400390625,268.1733093261719,27.8455810546875,38.406272888183594,20.760051727294922,12.839225769042969,21.538341522216797,94.27740478515625,27.977279663085938,88.5999984741211,77.69999694824219,247.5,364.6400146484375,36.159000396728516,23.940000534057617,58.7599983215332,43.290000915527344,34.29999923706055,75.52999877929688,9.199999809265137,38.45000076293945,191.6199951171875,49.95000076293945,144.2100067138672,94.2699966430664,149.86000061035156,31.040000915527344,79.14122009277344,47.630001068115234,49.70000076293945,12.637749671936035,34.39278793334961,105.36000061035156,113.81999969482422,17.329999923706055,98.9000015258789,80.4800033569336,294.260009765625,35.59000015258789,47.41999816894531,23.649999618530273,15.819999694824219,23.729999542236328,102.95999908447266,35.529998779296875,88.94999694824219,78.79000091552734,248.2899932861328,365.1000061035156,36.18000030517578,24.600000381469727,58.849998474121094,44.130001068115234,34.810001373291016,77.52999877929688,9.489999771118164,39.70000076293945,196.13999938964844,50.209999084472656,145.35000610351562,95.66000366210938,151.57000732421875,31.709999084472656,79.74236297607422,48.59000015258789,49.779998779296875,12.64799976348877,34.468692779541016,108.83999633789062,114.25,17.739999771118164,99.03666687011719,80.88999938964844,300.6199951171875,36.400001525878906,47.95000076293945,24.360000610351562,16.25,24.100000381469727,103.27999877929688,36.84000015258789,87.93000030517578,75.2699966430664,240.89999389648438,358.7300109863281,35.29499816894531,23.809999465942383,57.630001068115234,43.08000183105469,34.0099983215332,75.3499984741211,9.109999656677246,37.97999954223633,188.42999267578125,49.470001220703125,143.72000122070312,93.66999816894531,149.14999389648438,30.8799991607666,78.43511199951172,46.93000030517578,48.779998779296875,12.155500411987305,33.90891647338867,104.16999816894531,110.41999816894531,17.170000076293945,96.80000305175781,79.4000015258789,292.9200134277344,35.31999969482422,47.0,23.530000686645508,15.789999961853027,23.530000686645508,102.02999877929688,35.470001220703125,88.9000015258789,78.36000061035156,241.5500030517578,363.989990234375,35.637001037597656,24.270000457763672,57.77000045776367,43.790000915527344,34.34000015258789,76.1500015258789,9.34000015258789,39.06999969482422,194.0,49.88999938964844,144.69000244140625,94.95999908447266,150.91000366210938,31.100000381469727,79.29389190673828,48.2400016784668,49.27000045776367,12.574999809265137,33.9753303527832,108.18000030517578,112.61000061035156,17.40999984741211,98.51667022705078,80.83000183105469,298.44000244140625,36.2599983215332,47.25,23.979999542236328,15.994999885559082,23.8700008392334,103.01000213623047,36.459999084472656,5306100,56044700,2172600,971200,19500000,68665300,12466800,25799200,7963000,9155000,5359300,3767800,3355800,22290900,5295900,19257000,2926400,9786300,8143170,11164400,10845300,646452000,22727297,2879400,6911200,8862700,1096200,6375200,3163600,7230500,4799600,39839500,44697400,84561500,7833300,27303200
2020-09-23,69.60028839111328,74.7300033569336,202.90480041503906,339.2805480957031,31.296419143676758,20.37099266052246,47.14529037475586,34.236480712890625,26.753501892089844,56.26119613647461,6.617048263549805,27.81475067138672,163.51805114746094,43.81582260131836,123.79166412353516,79.93080139160156,140.96145629882812,24.629119873046875,66.2544937133789,38.8583869934082,48.61806106567383,12.085528373718262,25.6310977935791,83.37220001220703,98.22313690185547,14.743793487548828,92.08919525146484,71.15028381347656,266.2412414550781,26.99276351928711,36.04941940307617,20.040254592895508,12.25894546508789,21.057292938232422,93.30681610107422,27.079614639282227,87.13999938964844,74.7300033569336,242.58999633789062,357.55999755859375,35.159000396728516,23.260000228881836,58.9900016784668,41.849998474121094,32.91999816894531,71.94999694824219,8.680000305175781,36.380001068115234,186.1199951171875,48.81999969482422,144.44000244140625,92.73999786376953,149.80999755859375,28.729999542236328,78.84542083740234,46.41999816894531,49.849998474121094,12.123749732971191,34.15559768676758,102.4800033569336,110.56999969482422,16.610000610351562,96.2699966430664,77.91999816894531,292.1400146484375,34.5,44.5099983215332,22.829999923706055,15.104999542236328,23.200000762939453,101.9000015258789,34.38999938964844,89.2699966430664,77.91000366210938,249.22999572753906,366.5799865722656,36.12099838256836,24.260000228881836,59.5,43.95000076293945,34.59000015258789,75.91000366210938,9.34000015258789,39.08000183105469,192.9199981689453,50.150001525878906,147.5500030517578,95.3499984741211,151.58999633789062,31.15999984741211,79.98091888427734,48.2400016784668,51.61000061035156,12.72700023651123,34.51612854003906,107.33999633789062,113.93000030517578,17.6200008392334,99.0999984741211,79.93000030517578,296.1000061035156,36.22999954223633,47.45000076293945,24.1299991607666,15.9399995803833,23.950000762939453,103.43000030517578,35.790000915527344,87.12000274658203,74.33999633789062,241.47999572753906,356.92999267578125,35.005001068115234,23.260000228881836,58.619998931884766,41.790000915527344,32.880001068115234,71.8499984741211,8.680000305175781,36.34000015258789,185.8699951171875,48.65999984741211,144.3800048828125,92.66000366210938,148.6999969482422,28.700000762939453,78.7977066040039,46.38999938964844,49.63999938964844,12.07925033569336,34.12713623046875,102.41999816894531,110.06999969482422,16.59000015258789,95.913330078125,77.88999938964844,291.8299865722656,34.4900016784668,44.470001220703125,22.829999923706055,15.085000038146973,23.200000762939453,101.80000305175781,34.349998474121094,89.0,77.38999938964844,247.3000030517578,365.2099914550781,36.018001556396484,24.100000381469727,59.04999923706055,43.61000061035156,34.36000061035156,75.58999633789062,9.260000228881836,38.709999084472656,192.0,49.83000183105469,147.47999572753906,94.77999877929688,150.0500030517578,30.899999618530273,79.28434753417969,47.86000061035156,51.0099983215332,12.575499534606934,34.47817611694336,105.7300033569336,113.63999938964844,17.280000686645508,98.56999969482422,79.69999694824219,295.0,35.810001373291016,47.439998626708984,23.780000686645508,15.880000114440918,23.780000686645508,103.38999938964844,35.650001525878906,6253000,42327500,2104300,709800,15542000,59950300,11436600,28780200,7714500,16649200,6896800,4041400,3116100,30078800,8784400,19952700,3545700,8669200,7085842,8248100,19160000,647012000,23102521,2013000,6553300,10684200,1896000,9094700,3709900,6665800,4627500,45697700,52969200,54282500,7681900,31251400
2020-09-24,68.61785888671875,75.81999969482422,201.0061798095703,341.7475891113281,31.379199981689453,20.441057205200195,46.553871154785156,34.51462936401367,27.306127548217773,56.14391326904297,6.830501556396484,28.021188735961914,171.41632080078125,44.120967864990234,123.98880004882812,79.86184692382812,140.02052307128906,24.534820556640625,66.67143249511719,39.017433166503906,48.24745178222656,12.309069633483887,25.460227966308594,84.16133880615234,99.66222381591797,14.75267219543457,92.86722564697266,71.5703125,266.71514892578125,27.172714233398438,36.10611343383789,20.470369338989258,12.254886627197266,21.102670669555664,92.83980560302734,27.02450180053711,85.91000366210938,75.81999969482422,240.32000732421875,360.1600036621094,35.25199890136719,23.34000015258789,58.25,42.189998626708984,33.599998474121094,71.80000305175781,8.960000038146973,36.650001525878906,195.11000061035156,49.15999984741211,144.6699981689453,92.66000366210938,148.80999755859375,28.6200008392334,79.34160614013672,46.61000061035156,49.470001220703125,12.347999572753906,33.927894592285156,103.44999694824219,112.19000244140625,16.6200008392334,97.08333587646484,78.37999725341797,292.6600036621094,34.72999954223633,44.58000183105469,23.31999969482422,15.100000381469727,23.25,101.38999938964844,34.31999969482422,87.0,77.25,242.67999267578125,363.5899963378906,35.75699996948242,23.81999969482422,58.81999969482422,42.599998474121094,34.2599983215332,73.02999877929688,9.140000343322754,37.439998626708984,197.4600067138672,49.63999938964844,145.25,94.30000305175781,149.66000366210938,29.149999618530273,79.65648651123047,47.41999816894531,50.36000061035156,12.569499969482422,34.193546295166016,105.38999938964844,113.29000091552734,17.079999923706055,98.43333435058594,79.0,294.92999267578125,35.31999969482422,45.54999923706055,23.719999313354492,15.375,23.579999923706055,101.9000015258789,34.81999969482422,85.31999969482422,73.9000015258789,237.77999877929688,353.67999267578125,34.909000396728516,22.950000762939453,57.70000076293945,41.290000915527344,32.459999084472656,70.5,8.430000305175781,35.33000183105469,187.0500030517578,48.41999816894531,143.33999633789062,91.37999725341797,147.3699951171875,27.56999969482422,78.10114288330078,45.86000061035156,49.09000015258789,12.013999938964844,33.71916580200195,101.58000183105469,109.23999786376953,15.930000305175781,95.40333557128906,76.16999816894531,289.6400146484375,34.16999816894531,42.93000030517578,22.559999465942383,14.770000457763672,22.940000534057617,100.7699966430664,33.7599983215332,87.0,74.54000091552734,242.14999389648438,354.6499938964844,35.02000045776367,23.3799991607666,58.47999954223633,41.849998474121094,32.810001373291016,71.25,8.640000343322754,36.18000030517578,188.97999572753906,48.529998779296875,144.55999755859375,92.31999969482422,149.25999450683594,28.510000228881836,78.3396987915039,46.540000915527344,49.52000045776367,12.072250366210938,34.108158111572266,103.43000030517578,109.38999938964844,16.34000015258789,95.47333526611328,76.81999969482422,292.19000244140625,34.68000030517578,44.060001373291016,22.959999084472656,15.050000190734863,23.209999084472656,101.54000091552734,34.400001525878906,9980800,57540900,1827200,768400,13611000,53570700,10358800,31259200,7084000,15203500,9167500,4431700,5114600,29343400,5614800,18366500,3424200,9454400,7844280,9832700,13842300,731240000,20859925,1895800,6849000,17772300,2350500,9940900,2869100,6961400,3818100,43329100,70487600,56512300,8434600,26796000
2020-09-25,68.87346649169922,78.05999755859375,203.93359375,342.05133056640625,31.760189056396484,20.572425842285156,47.544891357421875,34.375553131103516,27.387392044067383,56.167362213134766,6.72377347946167,28.632831573486328,171.27574157714844,44.82102584838867,124.8372802734375,80.5599594116211,141.38487243652344,24.543397903442383,66.49501037597656,39.37739562988281,47.92559814453125,12.833161354064941,25.666696548461914,85.34098815917969,101.71427917480469,14.131318092346191,94.14266967773438,72.02684783935547,275.68280029296875,27.5091495513916,35.571571350097656,20.751270294189453,12.246770858764648,21.32050895690918,94.33234405517578,27.276477813720703,86.2300033569336,78.05999755859375,243.82000732421875,360.4800109863281,35.68000030517578,23.489999771118164,59.4900016784668,42.02000045776367,33.70000076293945,71.83000183105469,8.819999694824219,37.45000076293945,194.9499969482422,49.939998626708984,145.66000366210938,93.47000122070312,150.25999450683594,28.6299991607666,79.13167572021484,47.040000915527344,49.13999938964844,12.873749732971191,34.20303726196289,104.9000015258789,114.5,15.920000076293945,98.41666412353516,78.87999725341797,302.5,35.15999984741211,43.91999816894531,23.639999389648438,15.09000015258789,23.489999771118164,103.0199966430664,34.63999938964844,86.86000061035156,78.19999694824219,244.17999267578125,361.1099853515625,35.77199935913086,23.549999237060547,59.84000015258789,42.130001068115234,33.9900016784668,72.4800033569336,8.970000267028809,37.79999923706055,195.38999938964844,50.279998779296875,146.25,93.72000122070312,150.39999389648438,28.889999389648438,79.42748260498047,47.33000183105469,49.599998474121094,12.883500099182129,34.29791259765625,105.05000305175781,115.75,16.40999984741211,98.72666931152344,78.91999816894531,303.2699890136719,35.22999954223633,44.189998626708984,23.709999084472656,15.204999923706055,23.56999969482422,103.30000305175781,34.939998626708984,85.45999908447266,74.66999816894531,237.80999755859375,351.0899963378906,34.827999114990234,23.1299991607666,58.15999984741211,41.52000045776367,32.97999954223633,70.7699966430664,8.680000305175781,36.060001373291016,189.61000061035156,48.75,143.88999938964844,91.87000274658203,147.85000610351562,27.6299991607666,78.05343627929688,45.91999816894531,47.779998779296875,12.245750427246094,33.700191497802734,102.01000213623047,111.80000305175781,15.819999694824219,95.79666900634766,77.38999938964844,291.2200012207031,34.209999084472656,43.02000045776367,23.010000228881836,14.850000381469727,23.030000686645508,100.93000030517578,33.880001068115234,86.0,76.3499984741211,239.50999450683594,352.82000732421875,35.20500183105469,23.280000686645508,58.2599983215332,41.84000015258789,33.09000015258789,71.01000213623047,8.770000457763672,36.25,192.9600067138672,48.959999084472656,144.0,92.05000305175781,148.38999938964844,28.1299991607666,78.38740539550781,46.279998779296875,49.56999969482422,12.447500228881836,33.71916580200195,102.26000213623047,113.55000305175781,16.280000686645508,97.25333404541016,78.16999816894531,291.25,34.400001525878906,43.91999816894531,23.1200008392334,14.944999694824219,23.079999923706055,101.04000091552734,34.0,9935600,48206200,2635700,724100,18183000,42111300,9835900,26917200,5240900,11070500,6859700,3365800,3106000,26633400,5531200,13293100,2440600,6647200,6932101,9816000,17773000,588016000,14365598,1381300,11718000,16290200,1614300,6057500,2455800,4565600,4687200,30229900,55116800,46026600,6769000,23486000
2020-09-28,69.71209716796875,79.4800033569336,206.6184844970703,352.0903625488281,32.69482421875,21.0979061126709,47.72072219848633,35.455421447753906,27.39552116394043,57.8094596862793,7.470860004425049,28.62518882751465,174.89544677734375,46.158294677734375,126.0799789428711,82.87843322753906,139.3524169921875,25.67498016357422,66.35873413085938,40.499114990234375,48.491275787353516,12.993905067443848,25.908769607543945,87.96874237060547,105.24095916748047,14.601771354675293,96.73493957519531,72.83954620361328,276.34820556640625,28.244600296020508,36.30048751831055,20.909276962280273,12.534883499145508,21.828786849975586,95.18391418457031,27.80405616760254,87.27999877929688,79.4800033569336,247.02999877929688,371.05999755859375,36.72999954223633,24.09000015258789,59.709999084472656,43.34000015258789,33.709999084472656,73.93000030517578,9.800000190734863,37.439998626708984,199.07000732421875,51.43000030517578,147.11000061035156,96.16000366210938,148.10000610351562,29.950000762939453,78.96946716308594,48.380001068115234,49.720001220703125,13.03499984741211,34.52561569213867,108.12999725341797,118.47000122070312,16.450000762939453,101.12666320800781,79.7699966430664,303.2300109863281,36.099998474121094,44.81999969482422,23.81999969482422,15.444999694824219,24.049999237060547,103.94999694824219,35.310001373291016,88.19999694824219,79.56999969482422,249.0399932861328,371.489990234375,36.84299850463867,24.309999465942383,60.209999084472656,43.880001068115234,34.7400016784668,74.76000213623047,10.020000457763672,38.369998931884766,201.8699951171875,51.459999084472656,148.2899932861328,96.93000030517578,151.5800018310547,30.309999465942383,79.86640930175781,49.13999938964844,49.77000045776367,13.051750183105469,34.70588302612305,109.1500015258789,118.73999786376953,16.850000381469727,101.22666931152344,80.37000274658203,310.010009765625,36.459999084472656,45.56999969482422,24.270000457763672,15.614999771118164,24.219999313354492,104.76000213623047,35.900001525878906,86.87000274658203,77.5199966430664,244.77000427246094,364.3500061035156,35.90299987792969,23.790000915527344,58.959999084472656,42.88999938964844,33.619998931884766,73.1500015258789,8.989999771118164,37.2599983215332,197.14999389648438,50.15999984741211,146.4199981689453,94.3499984741211,147.89999389648438,29.18000030517578,78.77862548828125,47.810001373291016,48.130001068115234,12.75,34.30739974975586,106.55000305175781,114.91999816894531,16.260000228881836,99.16666412353516,79.47000122070312,302.8299865722656,35.66999816894531,44.630001068115234,23.760000228881836,15.345000267028809,23.81999969482422,103.75,35.099998474121094,87.29000091552734,79.12000274658203,247.67999267578125,365.8999938964844,36.167999267578125,23.8799991607666,59.369998931884766,42.91999816894531,34.34000015258789,73.63999938964844,9.5600004196167,38.369998931884766,197.77999877929688,50.5099983215332,146.72999572753906,95.05999755859375,151.0,29.459999084472656,79.38931274414062,47.88999938964844,49.63999938964844,13.040249824523926,34.30739974975586,106.81999969482422,115.95999908447266,16.360000610351562,99.8133316040039,80.30999755859375,306.3900146484375,35.880001068115234,44.81999969482422,23.989999771118164,15.364999771118164,23.81999969482422,104.01000213623047,35.13999938964844,6306900,48005500,2213900,821900,22192000,47996900,9616600,21204600,8958400,12863800,39400900,4169600,3280100,29652200,5843200,20894100,2427100,7496000,6123674,9466200,18904000,573808000,15044269,1543000,9043600,11912400,1836000,5999300,2575700,5622700,3247900,41103500,52752000,62803500,6511100,23396500
2020-09-29,69.40062713623047,81.7699966430664,207.68069458007812,354.8800048828125,32.42422866821289,20.817651748657227,47.8725700378418,34.702781677246094,26.379667282104492,56.222110748291016,7.295523166656494,27.669485092163086,172.8922882080078,45.9428825378418,126.03715515136719,82.18029022216797,137.62110900878906,25.22920036315918,65.66918182373047,39.54481887817383,49.45680618286133,13.184050559997559,25.752140045166016,86.99250030517578,104.27267456054688,13.847271919250488,96.96135711669922,73.51525115966797,277.1865234375,27.943784713745117,35.15851593017578,20.417705535888672,12.189960479736328,21.55649185180664,95.06489562988281,26.992998123168945,86.88999938964844,81.7699966430664,248.3000030517578,374.0,36.42599868774414,23.770000457763672,59.900001525878906,42.41999816894531,32.459999084472656,71.9000015258789,9.569999694824219,36.189998626708984,196.7899932861328,51.189998626708984,147.05999755859375,95.3499984741211,146.25999450683594,29.43000030517578,78.14885711669922,47.2400016784668,50.709999084472656,13.225749969482422,34.31688690185547,106.93000030517578,117.37999725341797,15.600000381469727,101.36333465576172,80.51000213623047,304.1499938964844,35.29999923706055,43.40999984741211,23.260000228881836,15.020000457763672,23.75,103.81999969482422,34.279998779296875,87.27999877929688,82.55000305175781,249.0500030517578,375.8800048828125,37.08000183105469,23.989999771118164,60.939998626708984,43.290000915527344,33.779998779296875,74.13999938964844,9.770000457763672,37.470001220703125,198.77000427246094,51.7400016784668,147.9199981689453,96.02999877929688,148.44000244140625,30.270000457763672,79.34160614013672,48.2599983215332,51.380001068115234,13.442749977111816,34.667930603027344,107.76000213623047,119.25,16.399999618530273,102.3133316040039,81.23999786376953,305.5,35.58000183105469,44.9900016784668,23.719999313354492,15.4350004196167,24.020000457763672,104.66000366210938,35.11000061035156,86.30999755859375,79.30000305175781,245.47999572753906,369.57000732421875,36.39899826049805,23.530000686645508,59.68000030517578,42.02000045776367,32.16999816894531,71.11000061035156,8.970000267028809,34.900001525878906,195.42999267578125,50.95000076293945,146.05999755859375,94.33000183105469,145.92999267578125,29.1200008392334,77.95801544189453,47.189998626708984,49.59000015258789,12.933250427246094,34.184059143066406,105.16000366210938,117.19999694824219,15.470000267028809,101.05999755859375,79.30999755859375,300.67999267578125,34.720001220703125,43.11000061035156,23.06999969482422,14.869999885559082,23.6200008392334,103.41000366210938,33.9900016784668,87.11000061035156,79.30000305175781,247.5500030517578,370.07000732421875,36.749000549316406,23.979999542236328,59.84000015258789,43.099998474121094,33.720001220703125,74.0,9.760000228881836,37.2400016784668,198.16000366210938,51.310001373291016,147.60000610351562,96.02999877929688,147.97999572753906,29.920000076293945,78.89312744140625,48.06999969482422,49.709999084472656,12.9375,34.563568115234375,107.5,118.13999938964844,16.350000381469727,101.21333312988281,79.69999694824219,303.6700134277344,35.5,44.90999984741211,23.719999313354492,15.399999618530273,23.979999542236328,104.12999725341797,35.0,5508900,61568900,2008000,608800,13722000,45695200,8084100,20694300,6662600,10553000,25306900,7017000,2400000,19558200,6768600,12848200,3308300,4856600,6742413,11355600,35676600,621460000,13512491,1625300,5655700,15827200,1915500,6114600,1797800,5202800,4385200,38416300,47601800,53250800,5402700,20770500
2020-09-30,69.9596939086914,81.98999786376953,212.58206176757812,350.3918151855469,32.4295654296875,21.0979061126709,48.184268951416016,35.26726531982422,26.6884822845459,56.300296783447266,7.211668014526367,27.478342056274414,176.56472778320312,46.472412109375,127.59699249267578,82.97322845458984,139.27719116210938,25.15205192565918,66.51107788085938,40.4739990234375,45.79948806762695,13.48784065246582,26.12948226928711,89.41683959960938,104.5392074584961,13.811766624450684,97.12716674804688,74.02659606933594,284.1309814453125,28.37917137145996,35.08560562133789,20.63715362548828,12.15343952178955,21.846942901611328,96.58490753173828,27.032373428344727,87.58999633789062,81.98999786376953,254.16000366210938,369.2699890136719,36.43199920654297,24.09000015258789,60.290000915527344,43.11000061035156,32.84000015258789,72.0,9.460000038146973,35.939998626708984,200.97000122070312,51.779998779296875,148.8800048828125,96.2699966430664,148.02000427246094,29.34000015258789,79.15076446533203,48.349998474121094,46.959999084472656,13.530500411987305,34.819732666015625,109.91000366210938,117.68000030517578,15.5600004196167,101.53666687011719,81.06999969482422,311.7699890136719,35.849998474121094,43.31999969482422,23.510000228881836,14.975000381469727,24.06999969482422,105.4800033569336,34.33000183105469,88.44000244140625,82.94000244140625,256.1199951171875,373.25,37.099998474121094,24.31999969482422,60.63999938964844,43.59000015258789,33.290000915527344,72.88999938964844,9.760000228881836,36.7599983215332,203.0800018310547,52.380001068115234,149.72999572753906,97.19999694824219,148.4499969482422,30.209999084472656,79.50381469726562,48.9900016784668,49.27000045776367,13.6225004196167,35.06641387939453,110.27999877929688,119.26000213623047,16.020000457763672,102.53666687011719,81.94000244140625,314.5199890136719,36.16999816894531,44.400001525878906,23.8700008392334,15.289999961853027,24.270000457763672,106.33000183105469,34.91999816894531,86.80999755859375,80.66000366210938,248.10000610351562,367.5,36.17100143432617,23.770000457763672,59.790000915527344,42.5,32.54999923706055,71.61000061035156,9.399999618530273,35.79999923706055,198.36000061035156,51.150001525878906,146.83999633789062,95.26000213623047,145.05999755859375,29.1299991607666,78.26335906982422,47.540000915527344,46.83000183105469,13.150250434875488,34.39278793334961,107.36000061035156,116.91999816894531,15.420000076293945,100.9433364868164,80.56999969482422,303.989990234375,35.34000015258789,42.93000030517578,23.25,14.904999732971191,23.84000015258789,104.12000274658203,34.130001068115234,87.0,81.75,249.80999755859375,368.7799987792969,36.29499816894531,23.780000686645508,60.13999938964844,42.58000183105469,32.72999954223633,72.25,9.609999656677246,36.439998626708984,198.67999267578125,51.2400016784668,147.4499969482422,95.3499984741211,146.39999389648438,29.59000015258789,78.49236297607422,47.66999816894531,48.95000076293945,13.157500267028809,34.411766052246094,107.55000305175781,117.5,15.8100004196167,101.29666900634766,80.58999633789062,304.0199890136719,35.45000076293945,43.56999969482422,23.360000610351562,15.114999771118164,23.850000381469727,104.13999938964844,34.63999938964844,8209300,51533700,3526600,867800,22403000,56226100,10322300,22533400,8111700,10466500,12237500,6033700,3075800,27711300,8487700,16400600,5083900,5788800,11593605,15047300,55392600,689184000,22629275,2501100,5829700,15527200,1947600,5878900,3497300,9457500,4757000,43071500,49149000,66732200,7565500,22223700
2020-10-01,69.60028839111328,84.86000061035156,213.61083984375,362.4806213378906,32.810543060302734,21.106657028198242,48.168155670166016,35.5372200012207,26.355283737182617,55.064815521240234,6.937228202819824,26.652620315551758,174.4385986328125,46.8852653503418,126.25997161865234,83.57654571533203,135.76748657226562,23.75471305847168,65.46066284179688,39.56155776977539,46.735755920410156,13.571575164794922,25.894533157348633,89.02635955810547,106.17374420166016,13.32356071472168,99.20610809326172,75.44194030761719,285.3157653808594,28.497909545898438,32.62346649169922,20.681047439575195,11.780113220214844,21.88324546813965,96.25524139404297,26.08745574951172,87.13999938964844,84.86000061035156,255.38999938964844,382.010009765625,36.86000061035156,24.100000381469727,59.81999969482422,43.439998626708984,32.43000030517578,70.41999816894531,9.100000381469727,34.86000061035156,198.5500030517578,52.2400016784668,147.32000732421875,96.97000122070312,144.2899932861328,27.709999084472656,77.90076446533203,47.2599983215332,47.91999816894531,13.614500045776367,34.50664138793945,109.43000030517578,119.5199966430664,15.010000228881836,103.70999908447266,82.62000274658203,313.07000732421875,36.0,40.279998779296875,23.559999465942383,14.515000343322754,24.110000610351562,105.12000274658203,33.130001068115234,88.16999816894531,85.25,258.510009765625,382.6499938964844,37.07099914550781,24.40999984741211,60.56999969482422,43.650001525878906,32.7400016784668,71.87999725341797,9.539999961853027,35.81999969482422,203.1300048828125,52.720001220703125,149.64999389648438,97.7699966430664,148.7100067138672,28.979999542236328,79.52290344238281,49.06999969482422,48.18000030517578,13.762749671936035,35.189754486083984,110.9000015258789,120.20999908447266,15.529999732971191,103.90666961669922,82.72000122070312,315.1700134277344,36.09000015258789,42.0,23.809999465942383,14.875,24.329999923706055,106.4000015258789,34.099998474121094,86.7300033569336,82.86000061035156,254.0500030517578,374.4200134277344,36.481998443603516,23.860000610351562,59.630001068115234,42.599998474121094,31.690000534057617,70.02999877929688,9.020000457763672,34.619998931884766,197.8699951171875,51.9900016784668,146.4600067138672,96.02999877929688,144.05999755859375,27.389999389648438,77.52862548828125,46.900001525878906,47.04999923706055,13.460749626159668,34.30739974975586,108.37000274658203,117.69999694824219,14.880000114440918,102.4433364868164,81.73999786376953,309.1499938964844,35.439998626708984,39.720001220703125,23.15999984741211,14.425000190734863,23.920000076293945,104.66999816894531,32.939998626708984,88.16999816894531,83.05999755859375,255.07000732421875,375.5299987792969,36.89799880981445,24.270000457763672,60.380001068115234,43.33000183105469,32.22999954223633,71.51000213623047,9.40999984741211,35.33000183105469,201.52999877929688,52.400001525878906,149.30999755859375,97.12000274658203,148.3300018310547,28.770000457763672,79.37023162841797,48.75,47.099998474121094,13.758000373840332,35.01897430419922,110.05000305175781,119.93000030517578,15.359999656677246,102.91666412353516,82.05999755859375,312.9100036621094,36.029998779296875,41.619998931884766,23.56999969482422,14.8100004196167,24.170000076293945,105.97000122070312,33.790000915527344,8777300,52177100,2428300,891600,16016000,44782200,8747600,21900500,7929600,14930700,12066500,5085300,2288700,22127600,6457800,15778700,3809200,7880300,8410305,25275400,24460000,525004000,22520396,1596500,5316800,17901600,2045400,6253800,2731200,4618100,10606700,38879800,56730400,65766100,9113200,36890200
2020-10-02,68.78559875488281,81.80000305175781,205.2635040283203,351.0845642089844,31.762853622436523,21.202991485595703,47.28241729736328,35.717201232910156,26.875402450561523,55.66693878173828,7.318394660949707,26.614395141601562,175.62464904785156,45.78135299682617,125.33432006835938,84.3694839477539,136.6331329345703,24.234779357910156,64.78714752197266,40.155906677246094,45.39961624145508,13.021068572998047,25.901655197143555,91.2473373413086,102.57598876953125,13.820642471313477,96.2311782836914,73.7800521850586,284.3224182128906,29.107460021972656,32.98792266845703,21.058504104614258,11.893733978271484,22.055694580078125,95.37622833251953,25.969348907470703,86.12000274658203,81.80000305175781,245.41000366210938,370.0,35.68299865722656,24.209999084472656,58.720001220703125,43.65999984741211,33.06999969482422,71.19000244140625,9.600000381469727,34.810001373291016,199.89999389648438,51.0099983215332,146.24000549316406,97.88999938964844,145.2100067138672,28.270000457763672,77.09923553466797,47.970001220703125,46.54999923706055,13.062250137329102,34.51612854003906,112.16000366210938,115.47000122070312,15.569999694824219,100.5999984741211,80.80000305175781,311.9800109863281,36.77000045776367,40.72999954223633,23.989999771118164,14.654999732971191,24.299999237060547,104.16000366210938,32.97999954223633,87.3499984741211,84.6500015258789,254.66000366210938,375.7200012207031,36.492000579833984,24.43000030517578,60.0099983215332,43.869998931884766,33.290000915527344,71.66999816894531,9.859999656677246,35.220001220703125,200.6999969482422,51.97999954223633,148.41000366210938,98.58999633789062,146.94000244140625,28.639999389648438,77.99618530273438,48.34000015258789,47.52000045776367,13.519499778747559,34.78178405761719,113.0,118.66000366210938,15.729999542236328,102.69667053222656,82.19999694824219,317.3900146484375,36.95000076293945,41.2400016784668,24.09000015258789,14.779999732971191,24.440000534057617,105.20999908447266,33.349998474121094,86.05000305175781,81.66000366210938,244.00999450683594,370.0,35.6150016784668,23.56999969482422,58.68000030517578,42.52000045776367,31.450000762939453,68.81999969482422,8.649999618530273,33.630001068115234,195.2899932861328,50.9900016784668,145.8300018310547,95.08999633789062,143.27000427246094,26.559999465942383,76.76526641845703,46.41999816894531,46.5,13.050999641418457,34.184059143066406,107.79000091552734,115.43000030517578,14.520000457763672,100.45999908447266,80.61000061035156,308.3599853515625,35.25,38.869998931884766,23.079999923706055,14.100000381469727,23.729999542236328,103.70999908447266,32.209999084472656,86.5,82.58000183105469,252.39999389648438,372.3999938964844,36.0,23.639999389648438,59.38999938964844,42.540000915527344,31.579999923706055,68.91999816894531,8.699999809265137,33.790000915527344,195.33999633789062,51.5,146.2100067138672,95.25,143.6699981689453,26.81999969482422,77.09923553466797,46.4900016784668,46.86000061035156,13.225000381469727,34.2125244140625,108.08999633789062,116.77999877929688,14.569999694824219,101.02999877929688,80.70999908447266,312.1000061035156,35.369998931884766,39.2400016784668,23.149999618530273,14.125,23.790000915527344,104.12000274658203,32.25,5554300,52855100,2514100,711600,17100000,51682100,12574300,23899200,7069100,9854800,14637600,5428500,2541200,25811800,5485600,15149600,3880000,7342400,5255406,12681800,20277500,552496000,21461759,2125200,5834300,14625800,2008500,6145900,2338000,5406100,6992100,26238600,57410400,63368100,8628700,32694300
2020-10-05,70.23126983642578,86.1500015258789,214.12948608398438,362.5754699707031,32.58802032470703,21.562070846557617,47.66892623901367,36.73979949951172,27.858749389648438,56.847660064697266,7.737676620483398,27.875919342041016,177.29391479492188,46.39163589477539,127.03990936279297,86.1527328491211,137.96926879882812,25.06632423400879,65.13995361328125,40.68327331542969,46.42366409301758,13.59949016571045,26.165082931518555,93.39508819580078,107.06204986572266,14.26446533203125,99.23800659179688,77.19512176513672,289.94537353515625,29.86739730834961,34.88313293457031,21.462295532226562,12.250829696655273,22.418752670288086,97.33574676513672,26.567794799804688,87.93000030517578,86.1500015258789,256.010009765625,382.1099853515625,36.61000061035156,24.6200008392334,59.20000076293945,44.90999984741211,34.279998779296875,72.69999694824219,10.149999618530273,36.459999084472656,201.8000030517578,51.689998626708984,148.22999572753906,99.04000091552734,146.6300048828125,29.239999771118164,77.51908111572266,48.599998474121094,47.599998474121094,13.642499923706055,34.86717224121094,114.80000305175781,120.5199966430664,16.06999969482422,103.74333190917969,84.54000091552734,318.1499938964844,37.72999954223633,43.06999969482422,24.450000762939453,15.095000267028809,24.700000762939453,106.30000305175781,33.7400016784668,88.18000030517578,86.27999877929688,256.6499938964844,382.3999938964844,36.685001373291016,24.709999084472656,59.279998779296875,45.22999954223633,34.310001373291016,72.7300033569336,10.15999984741211,36.4900016784668,202.83999633789062,51.810001373291016,148.3800048828125,99.25,147.47000122070312,29.469999313354492,77.80534362792969,48.88999938964844,47.72999954223633,13.64424991607666,34.99051284790039,114.97000122070312,120.6500015258789,16.1299991607666,103.836669921875,84.62999725341797,318.4200134277344,37.91999816894531,43.119998931884766,24.600000381469727,15.104999542236328,24.780000686645508,106.41000366210938,33.75,86.20999908447266,82.55000305175781,246.24000549316406,374.9100036621094,35.9900016784668,24.3799991607666,57.95000076293945,44.209999084472656,33.22999954223633,70.70999908447266,9.619999885559082,35.06999969482422,199.58999633789062,51.27000045776367,146.4199981689453,97.52999877929688,144.17999267578125,28.6200008392334,76.92748260498047,47.779998779296875,46.97999954223633,13.222749710083008,34.47817611694336,112.5,116.7300033569336,15.630000114440918,101.37999725341797,81.55000305175781,313.1199951171875,37.11000061035156,41.25,24.219999313354492,14.75,24.469999313354492,104.87999725341797,33.16999816894531,86.48999786376953,82.55000305175781,246.52000427246094,375.1499938964844,36.08399963378906,24.520000457763672,58.54999923706055,44.2599983215332,33.560001373291016,71.5199966430664,9.869999885559082,35.459999084472656,201.92999267578125,51.29999923706055,147.0,98.31999969482422,145.07000732421875,28.700000762939453,77.5095443725586,48.43000030517578,46.9900016784668,13.236000061035156,34.658443450927734,113.47000122070312,116.9000015258789,15.770000457763672,101.51667022705078,81.55000305175781,315.07000732421875,37.31999969482422,41.45000076293945,24.219999313354492,14.78499984741211,24.530000686645508,104.91000366210938,33.31999969482422,5984200,47056500,2852300,649900,18923000,44396800,10992300,24170600,5652500,12049800,12036800,4113400,2551600,20883200,4992800,13871900,2790600,6615100,8807182,19140100,16933700,479820000,19400029,1852000,5835900,12192000,1540200,10129100,1638600,5471700,5107900,22607500,63144400,58911700,6661200,22965200
2020-10-06,68.60192108154297,84.4800033569336,211.3525848388672,351.18896484375,32.39929962158203,21.34312629699707,46.4932975769043,36.33076858520508,27.062320709228516,56.53488540649414,7.417498588562012,27.516572952270508,176.67010498046875,46.104427337646484,125.35149383544922,85.26544189453125,135.61692810058594,24.7148494720459,63.849021911621094,39.96337127685547,46.15059280395508,13.693191528320312,25.752140045166016,92.06900787353516,106.19147491455078,13.909407615661621,98.76610565185547,75.89847564697266,286.57342529296875,29.621990203857422,34.28379821777344,21.225284576416016,12.06822395324707,22.191844940185547,96.04467010498047,26.29218864440918,85.88999938964844,84.4800033569336,252.69000244140625,370.1099853515625,36.39799880981445,24.3700008392334,57.7400016784668,44.40999984741211,33.29999923706055,72.30000305175781,9.729999542236328,35.9900016784668,201.08999633789062,51.369998931884766,146.25999450683594,98.0199966430664,144.1300048828125,28.829999923706055,75.98282623291016,47.7400016784668,47.31999969482422,13.736499786376953,34.31688690185547,113.16999816894531,119.54000091552734,15.670000076293945,103.25,83.12000274658203,314.45001220703125,37.41999816894531,42.33000183105469,24.18000030517578,14.869999885559082,24.450000762939453,104.88999938964844,33.38999938964844,88.05999755859375,87.25,257.3999938964844,377.3800048828125,37.20000076293945,25.190000534057617,59.459999084472656,46.060001373291016,35.08000183105469,74.31999969482422,10.59000015258789,37.720001220703125,206.08999633789062,52.70000076293945,148.61000061035156,100.86000061035156,147.8300018310547,30.299999237060547,77.42366027832031,49.40999984741211,48.83000183105469,14.142000198364258,35.13282775878906,117.16000366210938,122.5199966430664,16.559999465942383,105.73666381835938,84.44999694824219,320.29998779296875,38.79999923706055,44.31999969482422,25.0,15.399999618530273,25.079999923706055,106.66000366210938,34.41999816894531,85.70999908447266,83.54000091552734,252.13999938964844,368.55999755859375,36.20199966430664,24.280000686645508,57.61000061035156,44.15999984741211,33.119998931884766,72.25,9.6899995803833,35.72999954223633,199.89999389648438,51.22999954223633,145.8699951171875,97.51000213623047,143.92999267578125,28.760000228881836,75.87786102294922,47.470001220703125,47.220001220703125,13.664999961853027,34.24098587036133,112.58999633789062,119.0999984741211,15.640000343322754,102.82666778564453,82.7699966430664,313.489990234375,37.27000045776367,42.09000015258789,24.040000915527344,14.829999923706055,24.360000610351562,104.79000091552734,33.310001373291016,87.97000122070312,86.20999908447266,257.3999938964844,374.20001220703125,36.611000061035156,24.920000076293945,59.34000015258789,45.47999954223633,34.880001068115234,73.83999633789062,10.449999809265137,37.18000030517578,204.25,51.709999084472656,148.27999877929688,100.06999969482422,146.92999267578125,29.770000457763672,77.41412353515625,49.20000076293945,47.54999923706055,13.829999923706055,35.10436248779297,115.98999786376953,120.44999694824219,16.440000534057617,103.82666778564453,83.7699966430664,318.95001220703125,38.150001525878906,43.869998931884766,24.68000030517578,15.3149995803833,24.90999984741211,106.5999984741211,34.119998931884766,8743800,52725400,2431400,686600,16672000,67541100,13113300,29505900,6645600,15294500,11454000,6025700,2833100,25642800,5118200,19220400,2409200,5367900,10273230,22980200,17926200,784420000,25233392,1943200,7637000,13187300,1888800,7795600,2434400,6061100,4450100,30991300,62223200,88404900,7747200,26731800
2020-10-07,69.54436492919922,86.69000244140625,215.51788330078125,356.5880432128906,32.64498519897461,21.78978157043457,48.65129852294922,36.68254089355469,27.899381637573242,57.69217300415039,7.524224758148193,28.067054748535156,178.87535095214844,47.27119445800781,126.73990631103516,86.7529525756836,140.1616668701172,25.040605545043945,64.17777252197266,40.77535629272461,47.21364974975586,13.919973373413086,25.96572494506836,93.70423889160156,109.29179382324219,14.157947540283203,100.65692901611328,79.36835479736328,294.52044677734375,30.706510543823242,34.29999542236328,21.778301239013672,12.238655090332031,22.563980102539062,97.85768127441406,26.37880516052246,87.06999969482422,86.69000244140625,257.6700134277344,375.79998779296875,36.67399978637695,24.8799991607666,60.41999816894531,44.84000015258789,34.33000183105469,73.77999877929688,9.869999885559082,36.709999084472656,203.60000610351562,52.66999816894531,147.8800048828125,99.7300033569336,148.9600067138672,29.209999084472656,76.3740463256836,48.709999084472656,48.40999984741211,13.96399974822998,34.60151672363281,115.18000030517578,123.02999877929688,15.949999809265137,105.22666931152344,86.91999816894531,323.1700134277344,38.790000915527344,42.349998474121094,24.809999465942383,15.079999923706055,24.860000610351562,106.87000274658203,33.5,87.30000305175781,87.79000091552734,258.3999938964844,376.5299987792969,36.986000061035156,25.110000610351562,60.97999954223633,45.630001068115234,34.529998779296875,73.91999816894531,9.949999809265137,36.869998931884766,205.0,52.900001525878906,148.22999572753906,100.3499984741211,149.88999938964844,29.270000457763672,76.66984558105469,49.16999816894531,49.0,14.119250297546387,34.715370178222656,117.04000091552734,123.36000061035156,16.030000686645508,105.55000305175781,87.0,324.739990234375,39.060001373291016,42.86000061035156,24.93000030517578,15.119999885559082,24.979999542236328,107.19999694824219,33.7400016784668,86.02999877929688,85.6500015258789,253.10000610351562,371.6300048828125,36.60599899291992,24.600000381469727,57.959999084472656,44.61000061035156,33.31999969482422,71.55999755859375,9.59000015258789,35.709999084472656,201.1699981689453,51.790000915527344,145.80999755859375,98.66999816894531,146.85000610351562,28.549999237060547,75.86832427978516,48.2400016784668,48.31999969482422,13.863499641418457,34.184059143066406,114.25,120.6500015258789,15.579999923706055,104.70333099365234,84.77999877929688,315.82000732421875,37.9900016784668,41.86000061035156,24.389999389648438,14.78499984741211,24.68000030517578,105.61000061035156,33.209999084472656,86.16000366210938,86.0999984741211,253.9600067138672,374.42999267578125,36.834999084472656,24.6299991607666,58.150001525878906,45.02000045776367,33.470001220703125,72.16999816894531,9.800000190734863,36.0,203.89999389648438,51.849998474121094,146.49000549316406,98.95999908447266,148.52000427246094,28.989999771118164,76.4217529296875,48.380001068115234,48.41999816894531,13.999750137329102,34.402278900146484,114.33999633789062,121.23999786376953,15.720000267028809,104.72000122070312,84.77999877929688,315.82000732421875,38.04999923706055,42.5,24.420000076293945,14.954999923706055,24.68000030517578,105.62999725341797,33.63999938964844,5899700,43045700,1842800,550900,12747000,47648000,14632600,22135800,6633200,15410300,9363500,4513200,2326600,21978700,5603100,16358500,4602800,5507800,9845226,12019100,13889300,418084000,22160034,2387000,7410300,10374000,1249200,11446400,2596600,7673000,4239500,34647300,42086000,53815200,7873100,23779300
2020-10-08,69.76002502441406,86.51000213623047,200.81378173828125,361.4178771972656,33.23158264160156,22.10506820678711,49.617549896240234,36.58436584472656,28.87459373474121,58.81818389892578,7.867272853851318,28.801042556762695,182.7234649658203,47.899436950683594,127.60550689697266,88.53620910644531,144.43350219726562,26.6779727935791,64.53057098388672,41.01811599731445,48.66682815551758,13.795120239257812,26.264753341674805,94.81067657470703,108.6788330078125,14.584015846252441,101.90365600585938,80.17189025878906,293.8277587890625,31.26854705810547,35.92792892456055,22.20842742919922,12.697199821472168,22.87257957458496,98.33382415771484,27.764680862426758,87.33999633789062,86.51000213623047,240.08999633789062,380.8900146484375,37.33300018310547,25.239999771118164,61.619998931884766,44.720001220703125,35.529998779296875,75.22000122070312,10.319999694824219,37.66999816894531,207.97999572753906,53.369998931884766,148.88999938964844,101.77999877929688,153.5,31.1200008392334,76.79389190673828,49.0,49.900001525878906,13.838749885559082,35.0,116.54000091552734,122.33999633789062,16.43000030517578,106.52999877929688,87.80000305175781,322.4100036621094,39.5,44.36000061035156,25.299999237060547,15.645000457763672,25.200000762939453,107.38999938964844,35.2599983215332,88.58000183105469,88.72000122070312,250.05999755859375,380.95001220703125,37.42900085449219,25.299999237060547,62.09000015258789,45.16999816894531,35.619998931884766,75.55000305175781,10.329999923706055,37.869998931884766,208.16000366210938,53.58000183105469,149.85000610351562,101.91999816894531,153.94000244140625,31.139999389648438,78.08206176757812,49.4900016784668,50.0,14.084500312805176,35.275142669677734,117.02999877929688,124.43000030517578,16.440000534057617,106.74666595458984,88.86000061035156,325.3500061035156,39.65999984741211,44.380001068115234,25.329999923706055,15.654999732971191,25.260000228881836,107.73999786376953,35.34000015258789,86.91999816894531,85.94999694824219,239.0,376.44000244140625,36.83100128173828,24.809999465942383,60.459999084472656,44.279998779296875,34.29999923706055,73.98999786376953,9.84000015258789,36.66999816894531,204.11000061035156,52.66999816894531,148.0399932861328,99.9000015258789,150.5,29.280000686645508,76.4885482788086,47.2599983215332,48.220001220703125,13.758000373840332,34.639469146728516,115.0999984741211,121.83999633789062,15.9399995803833,105.8566665649414,86.5199966430664,320.989990234375,38.790000915527344,42.2599983215332,24.670000076293945,15.135000228881836,24.940000534057617,107.16000366210938,33.7599983215332,87.2699966430664,88.11000061035156,249.27000427246094,376.7699890136719,36.98899841308594,24.950000762939453,60.849998474121094,44.90999984741211,34.5,74.38999938964844,9.970000267028809,37.11000061035156,205.14999389648438,52.90999984741211,148.5,100.51000213623047,152.39999389648438,29.389999389648438,76.70801544189453,47.97999954223633,48.9900016784668,14.074999809265137,34.724857330322266,115.80000305175781,124.0,16.1200008392334,106.19000244140625,88.86000061035156,323.42999267578125,39.0,42.63999938964844,24.8799991607666,15.204999923706055,25.0,107.48999786376953,33.880001068115234,5535100,54240700,5592300,686700,17045000,52080600,11787300,28630700,6758800,11590900,8722000,3714900,2330600,22369500,4413500,15659000,4686100,6636000,9217160,23836600,14569700,378900000,17857395,2514100,4757500,10855600,979800,10920800,2056700,6988400,3251400,26483400,61126200,57646300,5942700,34413700
2020-10-09,70.04756927490234,83.0999984741211,197.97830200195312,369.103759765625,33.531558990478516,22.210166931152344,49.77859878540039,36.75615310668945,28.549522399902344,57.864192962646484,7.676689624786377,28.71693992614746,182.3368682861328,47.40580749511719,129.38818359375,88.03166961669922,147.61386108398438,25.820711135864258,64.43437194824219,40.875797271728516,48.65707778930664,13.719359397888184,26.193565368652344,93.94830322265625,110.92630004882812,14.406484603881836,103.69562530517578,81.06676483154297,298.7763366699219,31.0073184967041,35.34479904174805,22.20842742919922,12.494304656982422,22.899805068969727,99.22203063964844,27.3552188873291,87.69999694824219,83.0999984741211,236.6999969482422,388.989990234375,37.66999816894531,25.360000610351562,61.81999969482422,44.93000030517578,35.130001068115234,74.0,10.069999694824219,37.560001373291016,207.5399932861328,52.81999969482422,150.97000122070312,101.19999694824219,156.8800048828125,30.1200008392334,76.67938995361328,48.83000183105469,49.88999938964844,13.762749671936035,34.90512466430664,115.4800033569336,124.87000274658203,16.229999542236328,108.40333557128906,88.77999877929688,327.8399963378906,39.16999816894531,43.63999938964844,25.299999237060547,15.395000457763672,25.229999542236328,108.36000061035156,34.7400016784668,88.69999694824219,85.75,239.5800018310547,389.9800109863281,38.0,25.489999771118164,62.29999923706055,45.59000015258789,35.970001220703125,76.08999633789062,10.460000038146973,38.16999816894531,209.80999755859375,53.849998474121094,151.47999572753906,102.11000061035156,157.14999389648438,31.389999389648438,77.36640930175781,49.72999954223633,50.599998474121094,13.824250221252441,35.21821594238281,117.22000122070312,125.88999938964844,16.600000381469727,108.7066650390625,88.80000305175781,328.1700134277344,39.7599983215332,44.88999938964844,25.510000228881836,15.824999809265137,25.3700008392334,108.68000030517578,35.95000076293945,87.3499984741211,82.3499984741211,234.02000427246094,385.7699890136719,37.400001525878906,25.040000915527344,61.61000061035156,44.689998626708984,34.84000015258789,73.9800033569336,10.0,37.16999816894531,206.07000732421875,52.66999816894531,149.4499969482422,100.11000061035156,154.07000732421875,30.06999969482422,76.38359069824219,48.72999954223633,49.310001373291016,13.660750389099121,34.715370178222656,114.83999633789062,122.79000091552734,16.049999237060547,107.66000366210938,87.63999938964844,323.9200134277344,38.58000183105469,43.150001525878906,25.010000228881836,15.369999885559082,25.030000686645508,107.70999908447266,34.650001525878906,87.41000366210938,84.73999786376953,238.5,385.79998779296875,37.59299850463867,25.34000015258789,61.79999923706055,45.0099983215332,35.939998626708984,75.86000061035156,10.40999984741211,37.97999954223633,208.75999450683594,53.54999923706055,149.64999389648438,102.0,154.08999633789062,31.350000381469727,77.17557525634766,49.439998626708984,50.2400016784668,13.767000198364258,34.94307327270508,117.11000061035156,123.93000030517578,16.579999923706055,108.06999969482422,88.33999633789062,324.6600036621094,39.70000076293945,44.7599983215332,25.389999389648438,15.78499984741211,25.34000015258789,107.98999786376953,35.68000030517578,6005800,80354400,4183000,539300,17253000,44511500,9408400,25595600,6382000,12260900,8986300,3398000,3040900,24343900,5054100,13689100,4590600,7514000,5956098,11381800,13933700,346892000,23667465,1963500,11073400,11704100,1967400,7608800,2028900,6504700,5617900,28211300,51035800,52031600,5636300,29228600
2020-10-12,70.54276275634766,84.29000091552734,200.3286590576172,378.63995361328125,34.04161071777344,22.490415573120117,49.786643981933594,37.533329010009766,28.92336082458496,58.26298904418945,7.516598224639893,29.213899612426758,188.11778259277344,48.35715866088867,130.1337890625,89.1103286743164,145.3650665283203,26.13789939880371,64.43437194824219,42.474674224853516,49.427547454833984,14.181147575378418,26.214916229248047,94.59912872314453,112.5430908203125,14.308849334716797,105.23571014404297,83.01170349121094,300.7174987792969,31.466442108154297,34.89933776855469,22.541990280151367,12.526766777038574,23.153942108154297,99.89964294433594,27.268600463867188,88.31999969482422,84.29000091552734,239.50999450683594,399.0400085449219,38.24300003051758,25.68000030517578,61.83000183105469,45.880001068115234,35.59000015258789,74.51000213623047,9.859999656677246,38.209999084472656,214.1199951171875,53.880001068115234,151.83999633789062,102.44000244140625,154.49000549316406,30.489999771118164,76.67938995361328,50.7400016784668,50.68000030517578,14.22599983215332,34.93358612060547,116.27999877929688,126.69000244140625,16.1200008392334,110.01333618164062,90.91000366210938,329.9700012207031,39.75,43.09000015258789,25.68000030517578,15.4350004196167,25.510000228881836,109.0999984741211,34.630001068115234,88.5999984741211,85.12999725341797,241.9199981689453,401.0,38.5099983215332,25.829999923706055,62.25,45.9900016784668,35.84000015258789,74.94999694824219,10.029999732971191,38.40999984741211,214.88999938964844,54.20000076293945,153.13999938964844,103.0,157.14999389648438,30.510000228881836,77.02290344238281,51.0099983215332,50.84000015258789,14.347000122070312,35.275142669677734,116.83000183105469,127.69999694824219,16.200000762939453,110.57666778564453,91.2699966430664,333.55999755859375,39.970001220703125,43.4900016784668,25.739999771118164,15.489999771118164,25.59000015258789,109.52999877929688,34.72999954223633,87.31999969482422,83.12000274658203,235.75999450683594,395.42999267578125,37.979000091552734,25.239999771118164,61.47999954223633,44.95000076293945,34.72999954223633,73.19999694824219,9.760000228881836,36.65999984741211,207.41000366210938,53.209999084472656,151.02000427246094,100.8499984741211,154.4199981689453,29.6200008392334,76.25,49.029998779296875,50.08000183105469,13.912500381469727,34.60151672363281,115.22000122070312,124.94999694824219,15.760000228881836,109.29000091552734,88.68000030517578,329.010009765625,38.790000915527344,42.220001220703125,25.149999618530273,15.1850004196167,25.209999084472656,108.48999786376953,34.22999954223633,88.16999816894531,83.6500015258789,237.72999572753906,395.42999267578125,38.17900085449219,25.299999237060547,61.97999954223633,45.09000015258789,35.06999969482422,73.62999725341797,10.0,37.5099983215332,207.41000366210938,53.54999923706055,151.60000610351562,101.0999984741211,156.8300018310547,29.969999313354492,76.82251739501953,49.27000045776367,50.58000183105469,13.989500045776367,34.819732666015625,115.51000213623047,127.69999694824219,16.030000686645508,109.836669921875,89.12000274658203,329.1199951171875,39.029998779296875,43.2599983215332,25.200000762939453,15.345000267028809,25.209999084472656,108.8499984741211,34.540000915527344,7314900,47669700,2881600,840300,18839000,48362900,11531800,24070200,7214600,9056900,6470900,3806500,3474200,27303500,7273200,16058000,3242700,4393100,8276370,17615000,13108800,434744000,19413837,1517300,7893800,12381400,1591500,10022000,2424200,7249500,3733300,25855600,33369200,45931400,5065000,17912800
2020-10-13,70.15141296386719,85.27999877929688,200.1864471435547,384.43756103515625,33.95793151855469,21.851093292236328,49.22298812866211,35.733558654785156,28.346363067626953,57.395023345947266,7.242162704467773,29.542661666870117,185.20974731445312,48.312286376953125,127.15128326416016,87.66630554199219,141.21548461914062,25.186338424682617,64.71500396728516,42.22355270385742,50.56863021850586,14.203329086303711,26.271875381469727,91.5320816040039,113.22711181640625,13.962662696838379,105.04761505126953,81.85202026367188,302.03900146484375,30.41360092163086,33.55487060546875,21.716856002807617,12.331986427307129,22.709199905395508,99.13961029052734,26.94575309753418,87.83000183105469,85.27999877929688,239.33999633789062,405.1499938964844,38.14899826049805,24.950000762939453,61.130001068115234,43.68000030517578,34.880001068115234,73.4000015258789,9.5,38.63999938964844,210.80999755859375,53.83000183105469,148.36000061035156,100.77999877929688,150.0800018310547,29.3799991607666,77.01335906982422,50.439998626708984,51.849998474121094,14.248250007629395,35.00948715209961,112.51000213623047,127.45999908447266,15.729999542236328,109.81666564941406,89.63999938964844,331.4200134277344,38.41999816894531,41.43000030517578,24.739999771118164,15.194999694824219,25.020000457763672,108.2699966430664,34.220001220703125,88.80000305175781,86.08999633789062,241.8699951171875,409.1099853515625,38.779998779296875,25.68000030517578,62.0099983215332,46.119998931884766,36.0,74.73999786376953,9.970000267028809,40.150001525878906,214.11000061035156,54.290000915527344,150.1199951171875,103.22000122070312,154.3300018310547,30.489999771118164,77.22328186035156,51.2400016784668,52.75,14.34850025177002,35.22770309448242,116.2300033569336,128.17999267578125,16.139999389648438,110.75333404541016,90.6500015258789,333.70001220703125,39.689998626708984,42.88999938964844,25.5,15.524999618530273,25.510000228881836,109.0199966430664,34.869998931884766,87.47000122070312,83.97000122070312,238.8699951171875,398.2799987792969,37.861000061035156,24.84000015258789,60.97999954223633,43.54999923706055,34.70000076293945,72.77999877929688,9.479999542236328,38.4900016784668,209.17999267578125,53.619998931884766,147.77000427246094,100.26000213623047,148.5500030517578,29.079999923706055,76.3740463256836,49.9900016784668,51.63999938964844,14.018750190734863,34.75332260131836,111.9000015258789,125.4000015258789,15.520000457763672,109.31999969482422,89.43000030517578,327.7099914550781,38.31999969482422,41.400001525878906,24.700000762939453,15.149999618530273,24.940000534057617,107.98999786376953,34.099998474121094,88.01000213623047,84.86000061035156,239.1999969482422,401.510009765625,38.441001892089844,25.639999389648438,61.560001373291016,46.119998931884766,35.529998779296875,74.73999786376953,9.800000190734863,38.63999938964844,214.00999450683594,54.27000045776367,149.0,103.0,153.0,30.170000076293945,76.62213897705078,51.119998931884766,51.88999938964844,14.296500205993652,34.7912712097168,115.86000061035156,127.47000122070312,15.960000038146973,110.19999694824219,90.5,328.5,39.5,42.65999984741211,25.420000076293945,15.4350004196167,25.43000030517578,108.44999694824219,34.72999954223633,7851700,42764100,2065600,1027900,16731000,61186900,8374300,49899100,8121000,10440300,8267600,7808700,3317300,20005800,11057600,21697300,5963900,6551800,9125774,17448000,22179400,344604000,21543233,2314400,7605700,14015000,2298900,8247000,2713500,6460000,3890900,29939600,50767600,60377800,6773600,20995100
2020-10-14,69.68184661865234,84.20999908447266,198.77293395996094,377.68157958984375,33.85200500488281,20.6862850189209,49.11831283569336,35.20180892944336,28.061918258666992,57.04314422607422,7.104940891265869,28.7628116607666,185.57872009277344,48.06098556518555,126.92843627929688,87.17918395996094,139.69117736816406,25.640687942504883,64.55462646484375,42.39933776855469,50.35407638549805,14.050811767578125,26.243396759033203,89.35176849365234,115.37686157226562,14.157947540283203,104.62351989746094,80.90238952636719,293.31744384765625,30.279041290283203,33.781646728515625,20.4089298248291,12.38474178314209,22.49136734008789,98.562744140625,26.890634536743164,86.06999969482422,84.20999908447266,237.64999389648438,398.0299987792969,38.029998779296875,23.6200008392334,61.0,43.029998779296875,34.529998779296875,72.94999694824219,9.319999694824219,37.619998931884766,211.22999572753906,53.54999923706055,148.10000610351562,100.22000122070312,148.4600067138672,29.90999984741211,76.82251739501953,50.650001525878906,51.630001068115234,14.095250129699707,34.97153854370117,109.83000183105469,129.8800048828125,15.949999809265137,109.37333679199219,88.5999984741211,321.8500061035156,38.25,41.709999084472656,23.25,15.260000228881836,24.780000686645508,107.63999938964844,34.150001525878906,87.11000061035156,85.95999908447266,242.27000427246094,406.0,38.374000549316406,24.59000015258789,61.630001068115234,44.2400016784668,35.529998779296875,74.43000030517578,9.869999885559082,39.209999084472656,214.4499969482422,54.400001525878906,149.02999877929688,101.93000030517578,150.60000610351562,30.600000381469727,77.22328186035156,51.38999938964844,52.25,14.34274959564209,35.38899230957031,114.38999938964844,132.4199981689453,16.510000228881836,110.61000061035156,89.87999725341797,330.57000732421875,39.5099983215332,42.619998931884766,24.43000030517578,15.614999771118164,25.1299991607666,108.68000030517578,34.83000183105469,85.9000015258789,83.45999908447266,237.1999969482422,395.5,37.78499984741211,23.59000015258789,60.720001220703125,43.0,34.040000915527344,72.91000366210938,9.300000190734863,37.599998474121094,210.27000427246094,53.5099983215332,147.38999938964844,100.0999984741211,147.7100067138672,29.43000030517578,76.40267181396484,50.380001068115234,51.349998474121094,13.960000038146973,34.69639587402344,109.54000091552734,128.92999267578125,15.739999771118164,108.75,88.2699966430664,320.20001220703125,38.220001220703125,41.45000076293945,23.229999542236328,15.199999809265137,24.75,107.30000305175781,34.029998779296875,86.83000183105469,85.86000061035156,240.39999389648438,402.6400146484375,38.354000091552734,24.350000381469727,61.11000061035156,43.52000045776367,34.040000915527344,73.27999877929688,9.569999694824219,38.7599983215332,213.8800048828125,54.0099983215332,148.82000732421875,101.02999877929688,150.3800048828125,29.540000915527344,77.1469497680664,50.90999984741211,52.0099983215332,14.290499687194824,35.113853454589844,112.18000030517578,129.0800018310547,15.75,110.27333068847656,89.6500015258789,322.07000732421875,38.439998626708984,41.459999084472656,24.270000457763672,15.229999542236328,25.040000915527344,108.2300033569336,34.060001373291016,5863900,40403000,2693600,954800,17298000,127409500,8822600,30260500,9817400,7057500,11721100,6919300,7550100,21874200,7706400,15204100,2710200,4925100,9166122,20330100,15899400,276100000,22120298,2675900,13177100,15875200,1562400,8159000,4455400,7761200,3692900,75388100,54488000,48982200,5999900,17743000
2020-10-15,69.00178527832031,83.12999725341797,196.56478881835938,366.8074951171875,33.8190803527832,21.15045166015625,48.65129852294922,35.676300048828125,28.768957138061523,57.481048583984375,7.1811747550964355,29.40764808654785,183.2681427001953,48.33022689819336,126.14855194091797,88.48401641845703,138.1103973388672,26.180768966674805,63.39199447631836,42.968563079833984,50.656410217285156,13.925956726074219,26.02268409729004,90.07525634765625,114.22205352783203,14.57514476776123,104.34291076660156,80.4914779663086,295.7962951660156,30.983570098876953,33.660160064697266,20.145586013793945,12.534883499145508,22.663818359375,97.84854125976562,27.126863479614258,85.2300033569336,83.12999725341797,235.00999450683594,386.57000732421875,37.99300003051758,24.149999618530273,60.41999816894531,43.61000061035156,35.400001525878906,73.51000213623047,9.420000076293945,38.08000183105469,208.60000610351562,53.849998474121094,147.19000244140625,101.72000122070312,146.77999877929688,30.540000915527344,75.43893432617188,51.33000183105469,51.939998626708984,13.970000267028809,34.67741775512695,109.55999755859375,128.5800018310547,16.420000076293945,109.08000183105469,88.1500015258789,324.57000732421875,39.13999938964844,41.560001373291016,22.950000762939453,15.444999694824219,24.969999313354492,106.86000061035156,34.45000076293945,85.73999786376953,84.72000122070312,236.99000549316406,387.9200134277344,38.04899978637695,24.200000762939453,60.900001525878906,43.63999938964844,35.470001220703125,73.72000122070312,9.4399995803833,38.2400016784668,210.72999572753906,53.97999954223633,147.89999389648438,101.77999877929688,146.91000366210938,30.56999969482422,76.27862548828125,51.869998931884766,51.970001220703125,14.005749702453613,34.85768508911133,109.55999755859375,129.13999938964844,16.440000534057617,109.2933349609375,89.48999786376953,326.9700012207031,39.349998474121094,41.720001220703125,23.09000015258789,15.449999809265137,24.979999542236328,107.05999755859375,34.459999084472656,84.95999908447266,82.41999816894531,232.8699951171875,380.7200012207031,37.50199890136719,23.479999542236328,60.310001373291016,42.25,33.66999816894531,71.38999938964844,8.930000305175781,36.15999984741211,206.89999389648438,52.619998931884766,146.3300018310547,99.04000091552734,145.3800048828125,28.59000015258789,75.1717529296875,49.91999816894531,50.31999969482422,13.767749786376953,34.544593811035156,107.55000305175781,126.6500015258789,15.550000190734863,107.11000061035156,87.19000244140625,316.3299865722656,38.060001373291016,39.779998779296875,22.75,14.864999771118164,24.510000228881836,106.12999725341797,33.27000045776367,85.41000366210938,83.4000015258789,236.0,383.79998779296875,37.505001068115234,23.59000015258789,60.59000015258789,42.540000915527344,33.869998931884766,71.81999969482422,9.119999885559082,36.54999923706055,209.5800018310547,52.75,147.47999572753906,99.0999984741211,146.50999450683594,29.100000381469727,76.14503479003906,49.93000030517578,50.7599983215332,13.810750007629395,34.75332260131836,108.33999633789062,127.30000305175781,15.75,107.33333587646484,87.29000091552734,318.8500061035156,38.20000076293945,40.900001525878906,23.059999465942383,15.0,24.549999237060547,106.30999755859375,33.70000076293945,6190900,33696400,2531000,786200,14361000,66832400,13104700,26408000,8633700,10052100,10028800,4791600,4325700,18272900,5978600,17171200,3785900,5150200,9151974,21059700,14000600,267224000,16089205,2503100,7376600,15709600,1207200,10327900,3172200,6006800,5678300,60328600,40707800,41637200,6197700,23251600
2020-10-16,69.84375,83.16999816894531,197.15866088867188,367.12054443359375,33.70514678955078,21.229272842407227,49.31156921386719,35.33271026611328,27.781734466552734,56.996246337890625,6.822877883911133,28.8979549407959,181.1684112548828,48.60845947265625,126.92843627929688,88.30134582519531,137.48941040039062,25.177766799926758,64.00938415527344,43.40385818481445,50.334571838378906,13.76795482635498,27.019453048706055,91.65380859375,114.62178802490234,13.288056373596191,103.84549713134766,79.1674575805664,300.6537780761719,30.983570098876953,32.57487869262695,20.066585540771484,12.250829696655273,22.681970596313477,98.81913757324219,26.85126495361328,86.2699966430664,83.16999816894531,235.72000122070312,386.8999938964844,37.8650016784668,24.239999771118164,61.2400016784668,43.189998626708984,33.77000045776367,72.88999938964844,8.949999809265137,37.41999816894531,206.2100067138672,54.15999984741211,148.10000610351562,101.51000213623047,146.1199951171875,29.3700008392334,76.17366027832031,51.849998474121094,51.61000061035156,13.81149959564209,36.00569152832031,111.4800033569336,129.02999877929688,14.970000267028809,108.55999755859375,86.69999694824219,329.8999938964844,39.13999938964844,40.220001220703125,22.860000610351562,15.095000267028809,24.989999771118164,107.91999816894531,34.099998474121094,87.1500015258789,83.98999786376953,239.16000366210938,392.3800048828125,38.327999114990234,24.350000381469727,61.7400016784668,43.880001068115234,34.970001220703125,74.02999877929688,9.470000267028809,39.849998474121094,210.0,54.70000076293945,148.75999450683594,102.33000183105469,148.3800048828125,30.520000457763672,76.62213897705078,52.27000045776367,52.54999923706055,14.121500015258789,36.16698455810547,111.51000213623047,130.19000244140625,16.260000228881836,110.03333282470703,88.58999633789062,332.3500061035156,39.70000076293945,41.650001525878906,23.229999542236328,15.4350004196167,25.149999618530273,108.72000122070312,34.63999938964844,85.76000213623047,82.41000366210938,233.8000030517578,385.8699951171875,37.814998626708984,23.940000534057617,60.650001525878906,43.08000183105469,33.75,72.2699966430664,8.9399995803833,36.650001525878906,205.80999755859375,53.900001525878906,147.00999450683594,100.72000122070312,146.0,29.31999969482422,75.48664093017578,51.43000030517578,51.58000183105469,13.792499542236328,35.12334060668945,108.88999938964844,127.73999786376953,14.899999618530273,108.47333526611328,86.44000244140625,324.7300109863281,38.630001068115234,40.15999984741211,22.610000610351562,15.069999694824219,24.8700008392334,107.16999816894531,33.880001068115234,85.88999938964844,83.54000091552734,235.35000610351562,390.760009765625,38.327999114990234,24.200000762939453,60.66999816894531,43.68000030517578,34.810001373291016,73.5199966430664,9.380000114440918,37.880001068115234,208.32000732421875,53.900001525878906,147.60000610351562,101.41000366210938,147.11000061035156,30.34000015258789,75.66793823242188,51.529998779296875,52.150001525878906,14.036749839782715,35.1707763671875,109.58000183105469,129.6999969482422,15.619999885559082,109.83333587646484,88.55000305175781,325.4599914550781,39.25,41.56999969482422,23.010000228881836,15.414999961853027,25.020000457763672,107.20999908447266,34.369998931884766,5358500,31474300,2059300,594500,10295000,58357700,9385400,25998000,8312900,9305600,9136600,10261100,3244500,23414400,6097000,13275000,2918900,5024100,7903492,16923300,14225400,242392000,42993503,1982600,6625400,39866400,865800,7457200,3293300,5679000,5518900,43141200,37423000,40103600,7462100,22627200
2020-10-19,68.25695037841797,82.0,192.96824645996094,365.61187744140625,33.44877243041992,20.773860931396484,48.9331169128418,35.095462799072266,26.901477813720703,55.73729705810547,6.754269599914551,27.948076248168945,180.7115478515625,48.98540496826172,123.68882751464844,86.81383514404297,134.36550903320312,24.217636108398438,63.07926559448242,42.65046691894531,51.329368591308594,13.455192565917969,26.912654876708984,90.42878723144531,114.07990264892578,13.32356071472168,103.32257843017578,79.9527359008789,295.4772644042969,30.848997116088867,31.821651458740234,19.785690307617188,11.991122245788574,22.337068557739258,97.25332641601562,26.315813064575195,84.30999755859375,82.0,230.7100067138672,385.30999755859375,37.57699966430664,23.719999313354492,60.77000045776367,42.900001525878906,32.70000076293945,71.27999877929688,8.859999656677246,36.189998626708984,205.69000244140625,54.58000183105469,144.32000732421875,99.80000305175781,142.8000030517578,28.25,75.0667953491211,50.95000076293945,52.630001068115234,13.497750282287598,35.86337661743164,109.98999786376953,128.4199981689453,15.010000228881836,108.01333618164062,87.55999755859375,324.2200012207031,38.970001220703125,39.290000915527344,22.540000915527344,14.774999618530273,24.610000610351562,106.20999908447266,33.41999816894531,86.79000091552734,84.6500015258789,237.44000244140625,392.2699890136719,38.361000061035156,24.31999969482422,62.41999816894531,43.38999938964844,34.20000076293945,73.33999633789062,9.09000015258789,37.59000015258789,207.91000366210938,56.22999954223633,148.89999389648438,101.87000274658203,147.41000366210938,29.510000228881836,76.80343627929688,52.189998626708984,54.0,13.983499526977539,36.85958480834961,112.2300033569336,131.9600067138672,15.4399995803833,110.09666442871094,89.62000274658203,330.7799987792969,39.70000076293945,40.459999084472656,22.90999984741211,15.225000381469727,25.09000015258789,108.52999877929688,34.369998931884766,84.12999725341797,81.52999877929688,230.00999450683594,383.7900085449219,37.51499938964844,23.690000534057617,60.5099983215332,42.810001373291016,32.68000030517578,71.19000244140625,8.770000457763672,36.15999984741211,204.58999633789062,53.84000015258789,144.1300048828125,99.55999755859375,142.2100067138672,28.170000076293945,74.74236297607422,50.790000915527344,51.29999923706055,13.406749725341797,35.71157455444336,109.76000213623047,127.69999694824219,14.90999984741211,107.5999984741211,87.29000091552734,322.05999755859375,38.86000061035156,39.150001525878906,22.510000228881836,14.760000228881836,24.56999969482422,105.8499984741211,33.38999938964844,86.58999633789062,83.62000274658203,236.2100067138672,392.19000244140625,38.124000549316406,24.299999237060547,61.79999923706055,43.349998474121094,34.119998931884766,73.11000061035156,9.050000190734863,37.529998779296875,207.38999938964844,54.470001220703125,148.52999877929688,101.5999984741211,147.0,29.389999389648438,76.45037841796875,52.189998626708984,51.970001220703125,13.902999877929688,36.45161437988281,111.91000366210938,130.1300048828125,15.15999984741211,109.44999694824219,88.33999633789062,328.5400085449219,39.349998474121094,40.41999816894531,22.889999389648438,15.149999618530273,25.079999923706055,108.19999694824219,34.099998474121094,10288000,36689100,2749800,392700,14803000,51377900,10999100,22793600,21684100,8357100,8942500,8378000,3235300,43537200,7250800,11725700,3158900,8570100,8614455,12677000,24176200,298068000,31931352,1949900,5765800,18285500,1208700,7994500,2482100,6117200,5086800,37423600,50372000,42989000,8308500,23645800
2020-10-20,68.20836639404297,81.55999755859375,193.29446411132812,365.27972412109375,33.55738067626953,21.141695022583008,48.828433990478516,35.6026611328125,26.80275535583496,56.050086975097656,6.8381242752075195,28.017576217651367,182.76736450195312,47.953277587890625,123.88593292236328,87.30968475341797,135.10882568359375,25.06632423400879,62.75853729248047,43.08576202392578,52.20711898803711,13.602478981018066,26.691944122314453,92.13065338134766,113.97328186035156,13.749628067016602,103.15357208251953,80.5919189453125,294.7391357421875,31.038982391357422,32.96363067626953,20.0226993560791,12.133149147033691,22.51859474182129,97.38154602050781,26.536293029785156,84.25,81.55999755859375,231.10000610351562,384.9599914550781,37.69900131225586,24.139999389648438,60.63999938964844,43.52000045776367,32.58000183105469,71.68000030517578,8.970000267028809,36.279998779296875,208.02999877929688,53.43000030517578,144.5500030517578,100.37000274658203,143.58999633789062,29.239999771118164,74.68511199951172,51.470001220703125,53.529998779296875,13.645500183105469,35.56925964355469,112.05999755859375,128.3000030517578,15.489999771118164,107.836669921875,88.26000213623047,323.4100036621094,39.209999084472656,40.70000076293945,22.809999465942383,14.949999809265137,24.809999465942383,106.3499984741211,33.70000076293945,84.83000183105469,82.69000244140625,232.89999389648438,389.2699890136719,38.11399841308594,24.479999542236328,61.27000045776367,44.08000183105469,33.04999923706055,72.29000091552734,9.119999885559082,36.599998474121094,211.3800048828125,54.70000076293945,145.75,101.7699966430664,144.1199951171875,29.5,75.3530502319336,52.27000045776367,54.20000076293945,13.799750328063965,35.948768615722656,113.8499984741211,129.3300018310547,15.649999618530273,108.7933349609375,88.9800033569336,328.6199951171875,39.83000183105469,41.130001068115234,23.1299991607666,15.079999923706055,25.100000381469727,107.2300033569336,33.93000030517578,83.41999816894531,80.58000183105469,229.36000061035156,384.260009765625,37.555999755859375,23.8799991607666,60.529998779296875,43.34000015258789,32.06999969482422,71.04000091552734,8.729999542236328,35.25,206.47000122070312,53.27000045776367,144.1199951171875,100.12000274658203,142.11000061035156,28.5,74.50381469726562,51.369998931884766,52.75,13.506999969482422,35.436431884765625,110.9800033569336,127.51000213623047,15.180000305175781,107.58333587646484,87.7699966430664,323.2799987792969,39.150001525878906,39.689998626708984,22.690000534057617,14.760000228881836,24.760000228881836,106.16999816894531,33.33000183105469,84.19000244140625,82.16000366210938,231.05999755859375,386.82000732421875,37.70100021362305,23.889999389648438,61.09000015258789,43.369998931884766,32.90999984741211,71.91000366210938,8.920000076293945,36.47999954223633,206.6999969482422,54.599998474121094,144.66000366210938,100.30999755859375,143.36000061035156,28.600000381469727,75.3530502319336,51.560001373291016,53.13999938964844,13.583499908447266,35.92979049682617,110.9800033569336,129.17999267578125,15.239999771118164,108.5,87.79000091552734,326.6199951171875,39.310001373291016,39.75,22.729999542236328,14.859999656677246,24.770000457763672,106.58999633789062,33.65999984741211,6932100,38219400,1950100,356800,13297000,62476400,6635100,21255900,19243000,7753200,10046500,6117800,3335500,27224900,5325400,11257100,2188700,6047600,11144746,11177600,17343400,229212000,22384852,1826000,4409800,20802200,1048800,7357600,1988600,5666300,4120600,34751200,45980600,67293900,7421100,23040600
2020-10-21,67.1073226928711,79.19999694824219,191.51290893554688,363.41998291015625,33.117645263671875,21.06287384033203,48.33725357055664,35.185455322265625,25.20676612854004,55.41669464111328,6.578932285308838,27.12175178527832,178.2691650390625,48.01610565185547,123.35453796386719,86.43980407714844,132.96348571777344,24.706274032592773,62.59815979003906,42.17332077026367,51.992557525634766,13.482110023498535,26.400039672851562,90.96318817138672,114.19540405273438,13.32356071472168,102.46166229248047,80.02580261230469,294.1741638183594,30.73025894165039,32.834041595458984,19.92613983154297,11.901849746704102,22.40060806274414,96.896240234375,26.111083984375,82.88999938964844,79.19999694824219,228.97000122070312,383.0,37.20500183105469,24.049999237060547,60.029998779296875,43.0099983215332,30.639999389648438,70.87000274658203,8.630000114440918,35.119998931884766,202.91000366210938,53.5,143.92999267578125,99.37000274658203,141.30999755859375,28.81999969482422,74.49427795410156,50.380001068115234,53.310001373291016,13.524749755859375,35.180267333984375,110.63999938964844,128.5500030517578,15.010000228881836,107.11333465576172,87.63999938964844,322.7900085449219,38.81999969482422,40.540000915527344,22.700000762939453,14.664999961853027,24.68000030517578,105.81999969482422,33.15999984741211,84.13999938964844,81.93000030517578,231.11000061035156,389.2900085449219,37.68600082397461,24.34000015258789,60.75,43.72999954223633,32.40999984741211,71.58000183105469,9.0,36.349998474121094,207.9499969482422,54.06999969482422,145.33999633789062,100.98999786376953,143.3300018310547,29.489999771118164,75.2385482788086,51.810001373291016,53.959999084472656,13.791500091552734,35.531307220458984,112.7300033569336,130.4199981689453,15.59000015258789,108.30999755859375,88.87000274658203,326.489990234375,39.36000061035156,41.540000915527344,22.950000762939453,14.949999809265137,24.93000030517578,106.63999938964844,33.619998931884766,82.55999755859375,79.19000244140625,227.5399932861328,382.9800109863281,37.03099822998047,24.010000228881836,59.95000076293945,42.900001525878906,30.579999923706055,70.7300033569336,8.619999885559082,35.040000915527344,202.00999450683594,52.81999969482422,143.91000366210938,99.33000183105469,141.2100067138672,28.290000915527344,74.45610809326172,50.2599983215332,53.18000030517578,13.477499961853027,35.16128921508789,110.45999908447266,126.37000274658203,14.979999542236328,107.02666473388672,87.56999969482422,322.17999267578125,38.779998779296875,39.75,22.600000381469727,14.65999984741211,24.68000030517578,105.56999969482422,33.13999938964844,83.58000183105469,81.72000122070312,229.4600067138672,385.6499938964844,37.57699966430664,24.219999313354492,60.38999938964844,43.459999084472656,32.16999816894531,71.12999725341797,8.880000114440918,36.290000915527344,207.38999938964844,53.13999938964844,144.1199951171875,100.36000061035156,142.2899932861328,28.739999771118164,74.67557525634766,51.4900016784668,53.29999923706055,13.625,35.436431884765625,112.0199966430664,128.0399932861328,15.359999656677246,108.09333038330078,88.0,323.4100036621094,39.0099983215332,40.27000045776367,22.81999969482422,14.864999771118164,24.770000457763672,106.33999633789062,33.5099983215332,9776900,36426400,1978700,359100,11896000,41564900,8004800,19816300,19210200,9800600,13997300,6314500,3083600,21866000,5221300,10730500,1983700,5732500,9689808,18583200,12922200,219596000,18984859,1281700,4344000,18537500,1074300,7387600,2139000,4911800,5592100,29528300,49315200,44307200,5474300,28619300
2020-10-22,68.25695037841797,79.41999816894531,190.68482971191406,356.3033447265625,33.23514175415039,21.78102684020996,48.92506408691406,35.954444885253906,26.251567840576172,57.395023345947266,7.120186805725098,28.519546508789062,180.45672607421875,48.37510299682617,124.34017181396484,89.4930648803711,133.283447265625,25.297780990600586,63.51225280761719,43.33689880371094,53.03611755371094,13.318876266479492,26.649229049682617,94.81086730957031,114.04437255859375,13.580979347229004,102.50308990478516,80.54627227783203,296.85345458984375,32.04432678222656,33.433380126953125,20.4089298248291,12.392857551574707,22.8453426361084,98.3613052368164,27.44970703125,84.30999755859375,79.41999816894531,227.97999572753906,375.5,37.33700180053711,24.8700008392334,60.7599983215332,43.95000076293945,31.90999984741211,73.4000015258789,9.34000015258789,36.93000030517578,205.39999389648438,53.900001525878906,145.0800018310547,102.87999725341797,141.64999389648438,29.510000228881836,75.58206176757812,51.77000045776367,54.380001068115234,13.361000061035156,35.512332916259766,115.31999969482422,128.3800048828125,15.300000190734863,107.15666961669922,88.20999908447266,325.7300109863281,40.47999954223633,41.279998779296875,23.25,15.270000457763672,25.170000076293945,107.41999816894531,34.86000061035156,84.88999938964844,80.81999969482422,229.92999267578125,382.0899963378906,37.430999755859375,24.90999984741211,61.0099983215332,43.9900016784668,31.969999313354492,73.48999786376953,9.380000114440918,37.130001068115234,206.3699951171875,54.220001220703125,145.69000244140625,103.23999786376953,142.25999450683594,29.649999618530273,75.81106567382812,51.97999954223633,54.849998474121094,13.611749649047852,35.64516067504883,115.38999938964844,129.58999633789062,15.420000076293945,107.71333312988281,88.94000244140625,328.05999755859375,40.54999923706055,41.38999938964844,23.31999969482422,15.289999961853027,25.200000762939453,107.61000061035156,34.959999084472656,82.91999816894531,78.41999816894531,226.16000366210938,375.3999938964844,36.71099853515625,24.0,59.95000076293945,42.65999984741211,30.469999313354492,70.56999969482422,8.640000343322754,34.95000076293945,202.1999969482422,53.06999969482422,143.83999633789062,99.30999755859375,140.8000030517578,28.09000015258789,74.52290344238281,50.119998931884766,53.08000183105469,13.231749534606934,35.13282775878906,110.62000274658203,126.86000061035156,14.90999984741211,105.8566665649414,87.87999725341797,322.25,38.77000045776367,38.41999816894531,22.610000610351562,14.595000267028809,24.65999984741211,105.95999908447266,33.02000045776367,83.0199966430664,79.6500015258789,228.10000610351562,381.1000061035156,37.108001708984375,24.049999237060547,59.97999954223633,42.88999938964844,30.6200008392334,70.87999725341797,8.640000343322754,35.08000183105469,203.1999969482422,53.119998931884766,144.16000366210938,99.31999969482422,141.52999877929688,28.610000610351562,74.52290344238281,50.41999816894531,53.290000915527344,13.522500038146973,35.180267333984375,110.87000274658203,129.50999450683594,15.0600004196167,107.24666595458984,88.44000244140625,322.32000732421875,38.77000045776367,40.16999816894531,22.65999984741211,14.6899995803833,24.670000076293945,105.97000122070312,33.18000030517578,8080100,38006800,2172900,611700,13547000,55402000,7034900,21341200,15029400,9810100,10617000,7240100,2136900,41522700,5279700,14837200,3056600,6250000,6075990,13264400,14842600,290480000,19243616,1825000,3895100,15937500,905100,5656200,2100600,6366100,6561200,32238300,65648400,39511800,6127100,31831500
2020-10-23,68.28124237060547,81.95999908447266,189.99896240234375,359.2069091796875,33.17728042602539,21.807294845581055,48.417781829833984,35.954444885253906,26.769847869873047,56.745994567871094,7.135434627532959,28.967456817626953,180.1404571533203,43.259376525878906,124.47731018066406,90.30204772949219,133.97030639648438,25.6235408782959,64.00938415527344,43.42061233520508,51.543922424316406,13.547404289245605,27.183204650878906,94.3915786743164,114.4885482788086,13.669740676879883,102.14278411865234,80.63760375976562,301.2917175292969,32.186805725097656,33.99222946166992,20.435264587402344,12.331986427307129,22.91795539855957,98.72756958007812,26.898508071899414,84.33999633789062,81.95999908447266,227.16000366210938,378.55999755859375,37.27199935913086,24.899999618530273,60.130001068115234,43.95000076293945,32.540000915527344,72.56999969482422,9.359999656677246,37.5099983215332,205.0399932861328,48.20000076293945,145.24000549316406,103.80999755859375,142.3800048828125,29.889999389648438,76.17366027832031,51.869998931884766,52.849998474121094,13.590250015258789,36.223907470703125,114.80999755859375,128.8800048828125,15.399999618530273,106.77999877929688,88.30999755859375,330.6000061035156,40.65999984741211,41.970001220703125,23.280000686645508,15.194999694824219,25.25,107.81999969482422,34.15999984741211,85.1500015258789,81.98999786376953,230.07000732421875,379.55999755859375,37.39400100708008,25.260000228881836,61.220001220703125,44.56999969482422,33.189998626708984,74.36000061035156,9.5600004196167,37.709999084472656,208.2100067138672,48.66999816894531,147.47000122070312,104.44999694824219,144.6999969482422,30.579999923706055,76.92748260498047,52.61000061035156,54.119998931884766,13.593250274658203,36.31878662109375,116.5199966430664,129.10000610351562,15.779999732971191,106.77999877929688,88.44999694824219,335.6499938964844,41.029998779296875,43.41999816894531,23.59000015258789,15.4399995803833,25.40999984741211,108.5999984741211,35.08000183105469,83.94000244140625,79.33000183105469,226.3000030517578,374.1400146484375,37.07600021362305,24.709999084472656,60.06999969482422,43.66999816894531,31.920000076293945,71.83000183105469,9.210000038146973,36.70000076293945,204.02000427246094,47.65999984741211,144.35000610351562,102.93000030517578,141.72000122070312,29.059999465942383,75.62976837158203,51.540000915527344,52.380001068115234,13.291250228881836,35.72106170654297,113.5999984741211,127.0999984741211,15.170000076293945,105.7699966430664,87.43000030517578,328.1300048828125,40.06999969482422,40.9900016784668,23.1200008392334,15.005000114440918,25.049999237060547,107.20999908447266,33.86000061035156,84.63999938964844,80.93000030517578,228.72000122070312,378.8399963378906,37.32600021362305,25.239999771118164,60.83000183105469,44.209999084472656,32.27000045776367,73.93000030517578,9.40999984741211,37.2599983215332,206.75999450683594,48.349998474121094,145.8800048828125,103.5,142.24000549316406,29.8700008392334,75.62976837158203,52.25,54.09000015258789,13.449999809265137,35.986717224121094,116.22000122070312,128.58999633789062,15.460000038146973,106.74666595458984,88.25,329.1600036621094,40.880001068115234,41.68000030517578,23.579999923706055,15.350000381469727,25.329999923706055,107.95999908447266,34.970001220703125,4238700,46557700,2104200,467600,8868000,51007400,7336800,18486500,15335200,8727200,8760000,4466200,2110200,97322500,4154400,15087600,2427200,6050900,7309381,11538500,16175700,233484000,30557884,1435700,3943100,13862100,786000,4165400,2349500,5760500,6217000,24558300,49975400,45092700,5697900,27429100
2020-10-26,67.94119262695312,82.2300033569336,188.10032653808594,348.70294189453125,32.31562423706055,21.49201011657715,48.0473747253418,35.38996887207031,24.943510055541992,55.471439361572266,6.716151714324951,26.975025177001953,176.71408081054688,41.931068420410156,123.38887023925781,88.06645965576172,133.3304901123047,24.517677307128906,63.215599060058594,42.12309265136719,50.85146713256836,13.09981918334961,26.998096466064453,91.7771224975586,112.10779571533203,13.465584754943848,99.92993927001953,79.1948471069336,294.42010498046875,31.632686614990234,32.02412796020508,19.92613983154297,11.88967514038086,22.40060806274414,97.62875366210938,26.260690689086914,83.91999816894531,82.2300033569336,224.88999938964844,367.489990234375,36.30400085449219,24.540000915527344,59.66999816894531,43.2599983215332,30.31999969482422,70.94000244140625,8.8100004196167,34.93000030517578,201.13999938964844,46.720001220703125,143.97000122070312,101.23999786376953,141.6999969482422,28.600000381469727,75.22901153564453,50.31999969482422,52.13999938964844,13.141249656677246,35.977230072021484,111.62999725341797,126.19999694824219,15.170000076293945,104.46666717529297,86.7300033569336,323.05999755859375,39.959999084472656,39.540000915527344,22.700000762939453,14.649999618530273,24.68000030517578,106.62000274658203,33.349998474121094,84.31999969482422,84.97000122070312,228.22999572753906,374.8800048828125,36.99599838256836,24.579999923706055,60.13999938964844,43.400001525878906,31.93000030517578,71.88999938964844,9.180000305175781,36.77000045776367,202.80999755859375,47.86000061035156,144.77000427246094,102.69999694824219,142.2899932861328,29.290000915527344,76.14503479003906,51.279998779296875,52.88999938964844,13.692749977111816,36.072105407714844,113.4000015258789,128.6699981689453,15.260000228881836,106.24666595458984,87.77999877929688,327.75,40.27000045776367,41.29999923706055,23.020000457763672,14.954999923706055,24.93000030517578,107.08000183105469,33.77000045776367,82.80999755859375,80.86000061035156,221.7899932861328,364.0,35.76100158691406,24.149999618530273,59.040000915527344,42.810001373291016,30.079999923706055,70.23999786376953,8.680000305175781,34.65999984741211,198.50999450683594,46.25,142.75,100.25,140.0500030517578,28.149999618530273,74.67557525634766,49.79999923706055,51.400001525878906,13.03849983215332,35.55977249145508,110.08000183105469,124.4000015258789,14.859999656677246,103.10333251953125,85.7699966430664,318.5400085449219,39.380001068115234,39.209999084472656,22.600000381469727,14.505000114440918,24.450000762939453,105.5999984741211,32.95000076293945,84.08999633789062,82.55000305175781,226.02000427246094,371.54998779296875,36.959999084472656,24.469999313354492,59.81999969482422,43.36000061035156,31.760000228881836,71.7300033569336,9.119999885559082,36.77000045776367,202.49000549316406,47.849998474121094,144.42999267578125,102.6500015258789,141.89999389648438,29.25,75.69656372070312,51.150001525878906,52.400001525878906,13.427000045776367,35.92979049682617,113.36000061035156,127.52999877929688,15.149999618530273,105.86666870117188,87.20999908447266,326.32000732421875,40.18000030517578,41.220001220703125,22.969999313354492,14.9350004196167,24.889999389648438,106.94999694824219,33.61000061035156,7986300,69423700,3087100,900400,15509000,59450200,7484100,24928100,11522800,9710900,9174100,5054900,3249700,54161300,6929500,12410700,2947100,6438500,9122840,15561400,11678900,336896000,33783124,1739900,6065900,17382400,1671300,5568000,2408500,6300100,4902000,34034100,60802000,54015100,8135500,30888700
2020-10-27,66.96159362792969,78.87999725341797,186.904296875,347.64019775390625,32.009422302246094,20.887714385986328,47.29852294921875,34.26103210449219,24.894155502319336,54.35325241088867,6.62467098236084,26.70473289489746,171.91709899902344,40.9617805480957,122.6860580444336,86.40498352050781,124.10930633544922,24.166196823120117,62.534034729003906,40.67490005493164,50.67591094970703,13.354513168334961,26.649229049682617,89.77106475830078,111.85018920898438,13.394571304321289,99.53773498535156,79.17658233642578,292.0961608886719,30.405698776245117,30.9874324798584,19.153669357299805,11.735475540161133,21.99216079711914,96.96031951904297,25.84335708618164,82.70999908447266,78.87999725341797,223.4600067138672,366.3699951171875,35.959999084472656,23.850000381469727,58.7400016784668,41.880001068115234,30.260000228881836,69.51000213623047,8.6899995803833,34.58000183105469,195.67999267578125,45.63999938964844,143.14999389648438,99.33000183105469,131.89999389648438,28.190000534057617,74.41793823242188,48.59000015258789,51.959999084472656,13.396750450134277,35.512332916259766,109.19000244140625,125.91000366210938,15.09000015258789,104.0566635131836,86.70999908447266,320.510009765625,38.40999984741211,38.2599983215332,21.81999969482422,14.460000038146973,24.229999542236328,105.88999938964844,32.81999969482422,84.26000213623047,82.37000274658203,225.9499969482422,370.5400085449219,36.518001556396484,24.389999389648438,59.84000015258789,43.040000915527344,30.690000534057617,70.5999984741211,8.850000381469727,35.189998626708984,200.58999633789062,46.40999984741211,144.2899932861328,100.91999816894531,136.0800018310547,29.0,76.55534362792969,50.279998779296875,52.31999969482422,13.442000389099121,36.16698455810547,111.08000183105469,126.95999908447266,15.229999542236328,105.44667053222656,87.22000122070312,323.5,39.72999954223633,39.45000076293945,22.610000610351562,14.640000343322754,24.670000076293945,106.76000213623047,33.20000076293945,82.68000030517578,77.56999969482422,223.13999938964844,364.4599914550781,35.922000885009766,23.809999465942383,58.560001373291016,41.869998931884766,29.959999084472656,69.48999786376953,8.600000381469727,34.2599983215332,195.41000366210938,45.36000061035156,142.9199981689453,99.16000366210938,131.8699951171875,28.049999237060547,74.41793823242188,48.58000183105469,51.540000915527344,13.191499710083008,34.98102569580078,108.9800033569336,125.19000244140625,14.75,103.69667053222656,85.9800033569336,319.42999267578125,38.38999938964844,38.220001220703125,21.81999969482422,14.425000190734863,24.209999084472656,105.83000183105469,32.70000076293945,84.0,82.0,225.05999755859375,368.4100036621094,36.518001556396484,24.290000915527344,59.2599983215332,43.040000915527344,30.15999984741211,70.41999816894531,8.720000267028809,34.7400016784668,200.0,45.97999954223633,143.74000549316406,100.51000213623047,133.02000427246094,28.440000534057617,75.31488800048828,50.25,52.029998779296875,13.305999755859375,35.14231491088867,111.05999755859375,126.51000213623047,15.109999656677246,105.19000244140625,86.95999908447266,323.05999755859375,39.630001068115234,39.119998931884766,22.610000610351562,14.635000228881836,24.670000076293945,106.2300033569336,33.150001525878906,6705600,156669500,1934400,968700,9620000,55009300,10008000,24251700,13017800,14251700,8523700,7082400,3430400,50130500,4890100,10391700,11374600,4681200,12241374,11593300,8964800,250520000,36851529,1793700,5825500,14749700,890100,5315800,2427700,6944000,4886800,49636500,43193600,46083300,6893100,27100700
2020-10-28,65.16429901123047,76.4000015258789,180.9824676513672,344.3094787597656,30.90652847290039,20.554908752441406,46.5093994140625,33.64746856689453,23.68482208251953,52.29671859741211,6.1748948097229,25.10616111755371,166.72482299804688,39.714256286621094,118.5808334350586,83.97803497314453,123.55413818359375,23.57468605041504,61.08274459838867,39.8210563659668,48.76435470581055,12.587189674377441,25.23951530456543,89.38465118408203,108.00369262695312,12.58681583404541,96.27902221679688,76.56507873535156,280.6952819824219,29.527008056640625,29.310897827148438,18.591880798339844,11.24446964263916,21.429426193237305,93.88365936279297,24.859071731567383,80.48999786376953,76.4000015258789,216.3800048828125,362.8599853515625,34.72100067138672,23.469999313354492,57.7599983215332,41.130001068115234,28.790000915527344,66.87999725341797,8.100000381469727,32.5099983215332,189.77000427246094,44.25,138.36000061035156,96.54000091552734,131.30999755859375,27.5,72.69084167480469,47.56999969482422,50.0,12.626999855041504,33.6337776184082,108.72000122070312,121.58000183105469,14.180000305175781,100.6500015258789,83.8499984741211,308.0,37.29999923706055,36.189998626708984,21.18000030517578,13.854999542236328,23.610000610351562,102.52999877929688,31.56999969482422,82.20999908447266,78.95999908447266,221.05999755859375,365.07000732421875,35.486000061035156,23.65999984741211,58.540000915527344,41.59000015258789,29.809999465942383,68.08000183105469,8.449999809265137,33.689998626708984,193.3699951171875,45.290000915527344,141.97999572753906,98.30000305175781,134.10000610351562,27.940000534057617,74.16984558105469,48.11000061035156,50.849998474121094,13.260000228881836,35.22770309448242,110.06999969482422,123.81999969482422,14.75,102.41666412353516,85.41000366210938,317.80999755859375,38.029998779296875,37.66999816894531,21.479999542236328,14.194999694824219,23.93000030517578,104.7699966430664,32.380001068115234,80.23999786376953,75.76000213623047,215.92999267578125,357.3800048828125,34.553001403808594,23.1200008392334,57.400001525878906,40.7400016784668,28.549999237060547,66.33000183105469,8.010000228881836,31.969999313354492,188.94000244140625,44.20000076293945,138.17999267578125,96.06999969482422,130.30999755859375,26.790000915527344,72.53816986083984,47.189998626708984,49.56999969482422,12.609000205993652,33.51043701171875,107.63999938964844,121.05000305175781,14.149999618530273,100.48332977294922,83.83999633789062,307.44000244140625,37.18000030517578,35.9900016784668,20.799999237060547,13.774999618530273,23.469999313354492,102.4000015258789,31.520000457763672,81.3499984741211,78.7300033569336,219.02000427246094,359.4700012207031,35.400001525878906,23.40999984741211,58.0,40.970001220703125,29.360000610351562,67.69000244140625,8.390000343322754,33.650001525878906,191.30999755859375,44.88999938964844,141.42999267578125,97.5,130.4600067138672,27.270000457763672,73.59732818603516,47.560001373291016,50.75,13.197999954223633,34.91461181640625,107.70999908447266,123.5,14.5,102.41666412353516,85.1500015258789,313.3299865722656,37.68000030517578,37.099998474121094,21.229999542236328,14.104999542236328,23.719999313354492,104.13999938964844,32.099998474121094,11480200,76529900,2874000,953100,22331000,81942500,11931200,27485000,15274500,15961900,10995600,8754600,4214600,45066000,8426100,16389500,6188000,8389000,8989954,13622800,15463700,376520000,33857537,3221700,8234800,18198000,1481100,8727300,3301400,8437800,6338200,54835900,81098200,89288300,11431700,42136400
2020-10-29,65.31000518798828,78.0199966430664,182.18692016601562,351.9006652832031,31.600858688354492,20.616214752197266,46.63822937011719,34.08104705810547,23.98921012878418,53.798065185546875,6.44171142578125,26.23365592956543,166.8741912841797,39.58860397338867,117.57811737060547,84.52606201171875,124.7209243774414,24.7148494720459,60.8502082824707,40.58003234863281,49.232486724853516,12.982939720153809,25.118480682373047,90.28900909423828,112.32099151611328,12.8264799118042,98.721435546875,77.51472473144531,276.75823974609375,30.136552810668945,30.39619255065918,18.556764602661133,11.589388847351074,21.592802047729492,93.114501953125,25.96147346496582,80.66999816894531,78.0199966430664,217.82000732421875,370.8599853515625,35.500999450683594,23.540000915527344,57.91999816894531,41.65999984741211,29.15999984741211,68.80000305175781,8.449999809265137,33.970001220703125,189.94000244140625,44.11000061035156,137.19000244140625,97.16999816894531,132.5500030517578,28.829999923706055,72.41412353515625,48.119998931884766,50.47999954223633,13.02400016784668,33.47248458862305,109.81999969482422,126.44000244140625,14.449999809265137,103.20333099365234,84.88999938964844,303.67999267578125,38.06999969482422,37.529998779296875,21.139999389648438,14.279999732971191,23.790000915527344,101.69000244140625,32.970001220703125,81.37000274658203,79.18000030517578,220.3300018310547,373.79998779296875,35.944000244140625,23.75,58.43000030517578,42.150001525878906,29.190000534057617,69.13999938964844,8.460000038146973,34.040000915527344,192.35000610351562,44.470001220703125,138.6999969482422,97.9800033569336,133.1300048828125,28.8799991607666,73.08206176757812,48.43000030517578,50.90999984741211,13.192749977111816,33.81404113769531,110.66000366210938,127.69000244140625,14.489999771118164,104.27999877929688,85.33000183105469,309.4800109863281,38.33000183105469,37.72999954223633,21.3799991607666,14.324999809265137,23.959999084472656,102.91000366210938,33.130001068115234,79.11000061035156,76.29000091552734,210.27999877929688,362.2200012207031,34.5369987487793,23.1200008392334,56.75,40.709999084472656,27.530000686645508,65.16000366210938,7.730000019073486,31.219999313354492,186.89999389648438,43.91999816894531,136.0500030517578,95.23999786376953,130.3800048828125,26.770000457763672,71.25,46.54999923706055,49.380001068115234,12.75,32.82732391357422,106.8499984741211,121.88999938964844,13.699999809265137,100.52666473388672,84.0199966430664,301.4599914550781,36.56999969482422,35.439998626708984,20.760000228881836,13.489999771118164,23.25,101.05999755859375,31.110000610351562,80.5,76.75,213.6300048828125,363.3399963378906,34.72600173950195,23.360000610351562,57.810001373291016,41.130001068115234,28.1200008392334,66.12999725341797,7.889999866485596,31.799999237060547,189.8000030517578,44.2400016784668,138.0,96.12000274658203,132.0,27.010000228881836,72.6812973022461,47.04999923706055,49.709999084472656,12.838500022888184,33.66223907470703,108.19000244140625,122.05999755859375,13.899999618530273,100.66666412353516,84.2699966430664,306.5899963378906,37.13999938964844,35.790000915527344,21.049999237060547,13.675000190734863,23.549999237060547,102.45999908447266,31.40999984741211,8876700,52784100,2994100,808800,15697000,57490400,8838600,23351000,15560100,12292200,12843600,6106000,3581200,36796800,7205400,14208800,4099900,6478500,9314310,10887800,12420700,320080000,27545341,1813100,7053300,16151800,1504500,5845600,3279200,6634200,5068700,46184000,74504200,60908400,15974200,38622800
2020-10-30,68.89653015136719,75.29000091552734,181.4508819580078,342.743896484375,31.121950149536133,20.756343841552734,47.06501007080078,34.304656982421875,23.544965744018555,54.345436096191406,6.80763053894043,26.44217300415039,166.08346557617188,39.74117660522461,117.509521484375,85.28285217285156,122.75436401367188,25.289215087890625,60.30498123168945,40.605342864990234,49.095947265625,12.494482040405273,25.260873794555664,91.98267364501953,109.58493041992188,13.26142406463623,97.4045639038086,76.58334350585938,278.08880615234375,30.833166122436523,31.270902633666992,18.828880310058594,11.654315948486328,21.656335830688477,93.0870361328125,25.685874938964844,85.0999984741211,75.29000091552734,216.94000244140625,361.2099914550781,34.9630012512207,23.700000762939453,58.45000076293945,41.41999816894531,28.6200008392334,69.5,8.930000305175781,34.2400016784668,189.0399932861328,44.279998779296875,137.11000061035156,98.04000091552734,130.4600067138672,29.5,71.76526641845703,48.150001525878906,50.34000015258789,12.534000396728516,33.66223907470703,111.87999725341797,123.36000061035156,14.9399995803833,101.82666778564453,83.87000274658203,305.1400146484375,38.95000076293945,38.61000061035156,21.450000762939453,14.359999656677246,23.860000610351562,101.66000366210938,32.619998931884766,86.13999938964844,77.69999694824219,217.27000427246094,365.8299865722656,35.29899978637695,23.84000015258789,58.47999954223633,41.540000915527344,28.969999313354492,70.11000061035156,8.930000305175781,34.2599983215332,190.39999389648438,44.79999923706055,137.5399932861328,98.41999816894531,133.10000610351562,29.530000686645508,72.41412353515625,48.2599983215332,50.43000030517578,12.93649959564209,33.709678649902344,112.01000213623047,125.25,14.960000038146973,102.77999877929688,84.75,307.1700134277344,38.959999084472656,38.650001525878906,21.459999084472656,14.369999885559082,23.899999618530273,102.16000366210938,33.13999938964844,83.0,74.2300033569336,213.9600067138672,359.010009765625,34.44200134277344,23.239999771118164,57.59000015258789,40.4900016784668,27.6299991607666,68.08000183105469,8.34000015258789,33.02000045776367,185.52000427246094,43.61000061035156,133.64999389648438,96.2300033569336,129.2100067138672,28.15999984741211,70.55343627929688,47.0099983215332,49.29999923706055,12.300000190734863,33.05502700805664,108.58999633789062,121.5999984741211,14.319999694824219,100.4800033569336,83.16000366210938,299.6000061035156,37.7599983215332,36.90999984741211,20.84000015258789,14.015000343322754,23.469999313354492,100.30999755859375,32.0099983215332,83.19999694824219,77.08999633789062,216.22000122070312,363.80999755859375,34.93899917602539,23.489999771118164,57.709999084472656,41.029998779296875,28.93000030517578,69.9000015258789,8.4399995803833,33.63999938964844,189.50999450683594,44.099998474121094,136.67999267578125,97.91000366210938,131.75999450683594,28.5,71.92748260498047,47.959999084472656,50.0099983215332,12.850000381469727,33.43453598022461,109.45999908447266,123.68000030517578,14.40999984741211,102.11333465576172,84.43000030517578,303.2300109863281,37.9900016784668,37.209999084472656,21.100000381469727,14.180000305175781,23.649999618530273,101.55999755859375,32.40999984741211,18089100,51349000,3262500,821100,18530000,66453400,11155300,26962800,15681700,17191600,15694900,4707300,3658800,46781300,7364100,15194500,4335300,8784600,11096748,14907400,15955700,416820000,25631067,2261500,7811200,17496700,1337100,4963600,3556800,6210100,6549500,34592400,75799400,66221600,10741700,47885700
2020-11-02,71.44676208496094,74.69999694824219,184.18594360351562,347.8838806152344,31.266151428222656,21.089143753051758,47.90243148803711,34.958961486816406,24.869470596313477,56.417598724365234,7.188795566558838,27.14492416381836,167.1025848388672,39.902732849121094,118.86365509033203,87.20528411865234,123.85525512695312,26.832279205322266,61.507713317871094,41.64260482788086,48.48152160644531,12.541088104248047,25.79485321044922,94.0956039428711,110.1268310546875,13.829517364501953,97.75212097167969,78.26345825195312,284.431884765625,31.458526611328125,32.31569290161133,19.223896026611328,12.05199146270752,22.064767837524414,94.76270294189453,26.764650344848633,88.25,74.69999694824219,220.2100067138672,365.2099914550781,35.125,24.079999923706055,59.4900016784668,42.209999084472656,30.229999542236328,72.1500015258789,9.430000305175781,35.150001525878906,190.1999969482422,44.459999084472656,138.69000244140625,100.25,131.6300048828125,31.299999237060547,73.19656372070312,49.380001068115234,49.709999084472656,12.580750465393066,34.37381362915039,114.44999694824219,123.97000122070312,15.579999923706055,102.19000244140625,85.70999908447266,312.1000061035156,39.7400016784668,39.900001525878906,21.899999618530273,14.850000381469727,24.309999465942383,103.48999786376953,33.9900016784668,88.54000091552734,76.33999633789062,222.3699951171875,368.32000732421875,35.53900146484375,24.260000228881836,59.63999938964844,42.66999816894531,30.549999237060547,73.08000183105469,9.579999923706055,35.77000045776367,192.6999969482422,45.060001373291016,139.00999450683594,100.87999725341797,133.9499969482422,31.809999465942383,73.3396987915039,49.84000015258789,50.790000915527344,12.836750030517578,34.39278793334961,116.13999938964844,126.16999816894531,15.800000190734863,103.25,85.95999908447266,312.6400146484375,40.119998931884766,40.29999923706055,21.979999542236328,15.045000076293945,24.420000076293945,103.7300033569336,34.459999084472656,86.0,73.76000213623047,217.1999969482422,361.7200012207031,34.834999084472656,23.469999313354492,58.84000015258789,41.20000076293945,28.510000228881836,69.4000015258789,8.670000076293945,33.400001525878906,188.22999572753906,44.2400016784668,137.49000549316406,97.86000061035156,129.99000549316406,28.540000915527344,72.17557525634766,48.439998626708984,49.439998626708984,12.395000457763672,33.71916580200195,112.19000244140625,122.41000366210938,14.779999732971191,101.3133316040039,84.52999877929688,307.3599853515625,38.77000045776367,38.45000076293945,21.190000534057617,14.28499984741211,23.959999084472656,102.41000366210938,32.56999969482422,86.02999877929688,75.8499984741211,221.55999755859375,364.4800109863281,35.50400161743164,23.889999389648438,59.189998626708984,41.86000061035156,29.420000076293945,70.69999694824219,9.069999694824219,34.88999938964844,192.0,44.959999084472656,138.97999572753906,99.38999938964844,132.5399932861328,28.920000076293945,72.94847106933594,48.880001068115234,50.790000915527344,12.657750129699707,34.08918380737305,113.48999786376953,124.5,15.119999885559082,102.77999877929688,84.5999984741211,312.6400146484375,39.45000076293945,39.349998474121094,21.700000762939453,14.555000305175781,24.260000228881836,103.16000366210938,33.13999938964844,10781400,45760700,2029000,893200,11757000,59756400,10318500,24310800,13762900,11475500,9494800,4858500,2459600,33856700,7088000,15011600,3449500,11738200,8145475,16337800,13103200,299652000,21430666,3411600,5860300,18490900,1456200,6597100,4519000,5915600,4660100,38401200,83786200,65136000,10287300,40130300
2020-11-03,71.21196746826172,76.58000183105469,184.0605010986328,354.4089660644531,31.489580154418945,21.623382568359375,49.31156921386719,36.052215576171875,24.112611770629883,56.096981048583984,7.348888874053955,27.044532775878906,173.8938751220703,40.25275421142578,118.70082092285156,89.95410919189453,123.24365234375,27.355213165283203,61.67607879638672,43.16055679321289,49.81766891479492,12.9784517288208,25.76637077331543,98.15703582763672,111.44153594970703,13.989295959472656,99.59513854980469,80.07144927978516,292.8617248535156,32.313480377197266,31.97553062438965,19.390674591064453,11.983006477355957,22.554901123046875,96.14537048339844,26.307941436767578,87.95999908447266,76.58000183105469,220.05999755859375,372.05999755859375,35.375999450683594,24.690000534057617,61.2400016784668,43.529998779296875,29.309999465942383,71.73999786376953,9.640000343322754,35.02000045776367,197.92999267578125,44.849998474121094,138.5,103.41000366210938,130.97999572753906,31.90999984741211,73.3969497680664,51.18000030517578,51.08000183105469,13.019499778747559,34.33586120605469,119.38999938964844,125.44999694824219,15.760000228881836,104.11666870117188,87.69000244140625,321.3500061035156,40.81999969482422,39.47999954223633,22.09000015258789,14.765000343322754,24.850000381469727,105.0,33.40999984741211,89.38999938964844,77.08000183105469,223.0800018310547,376.3900146484375,35.92399978637695,24.940000534057617,62.2400016784668,44.02000045776367,30.739999771118164,73.30000305175781,9.899999618530273,35.970001220703125,199.0,45.459999084472656,140.9600067138672,104.73999786376953,134.07000732421875,32.34000015258789,74.6469497680664,51.459999084472656,51.59000015258789,13.104999542236328,34.743831634521484,120.08000183105469,126.91999816894531,16.049999237060547,105.0,88.23999786376953,326.44000244140625,41.09000015258789,40.689998626708984,22.5,15.109999656677246,25.100000381469727,106.13999938964844,34.4900016784668,87.43000030517578,74.5999984741211,218.4600067138672,367.8599853515625,34.66600036621094,24.510000228881836,60.209999084472656,43.060001373291016,29.139999389648438,71.05000305175781,9.4399995803833,34.529998779296875,193.22000122070312,44.70000076293945,137.77999877929688,102.69000244140625,130.6999969482422,31.459999084472656,73.24427795410156,50.40999984741211,50.0099983215332,12.602749824523926,34.23149871826172,116.86000061035156,124.69000244140625,15.5600004196167,103.06999969482422,86.05999755859375,315.0199890136719,40.400001525878906,38.959999084472656,21.989999771118164,14.630000114440918,24.729999542236328,104.68000030517578,33.130001068115234,89.13999938964844,74.93000030517578,221.75999450683594,368.4599914550781,35.595001220703125,24.579999923706055,61.0099983215332,43.29999923706055,30.719999313354492,73.16000366210938,9.6899995803833,35.91999816894531,193.94000244140625,44.72999954223633,140.02000427246094,103.0199966430664,133.63999938964844,31.68000030517578,73.9217529296875,50.40999984741211,50.130001068115234,12.708499908447266,34.563568115234375,117.29000091552734,125.44000244140625,15.920000076293945,103.08999633789062,86.19000244140625,317.4700012207031,40.540000915527344,40.58000183105469,22.309999465942383,15.100000381469727,24.760000228881836,104.76000213623047,34.4900016784668,8518800,41231800,2533600,813500,15457000,65106200,14236000,29985200,12131300,8608000,9360000,3683700,4545500,34349500,6363000,17482600,3628400,8395600,7693578,13142200,11429500,272900000,21636617,3057500,5832800,13028200,1385100,6274700,4043900,6210400,4003300,38427000,69755000,79834200,9812900,36773000
2020-11-04,76.5067367553711,81.3499984741211,192.65045166015625,364.8299560546875,32.45716094970703,20.73883056640625,52.6854362487793,34.851287841796875,24.99287223815918,56.120452880859375,7.478484153747559,27.83223533630371,173.8411865234375,41.015628814697266,119.47213745117188,87.20528411865234,139.8135223388672,27.175189971923828,64.642822265625,43.37139892578125,50.67591094970703,13.750758171081543,26.578027725219727,92.78838348388672,114.56846618652344,14.175700187683105,103.0770492553711,81.67855834960938,323.127685546875,30.872743606567383,31.562471389770508,19.20633888244629,11.999238014221191,22.291683197021484,100.41241455078125,26.166202545166016,94.5,81.3499984741211,230.3300018310547,383.0,36.4630012512207,23.68000030517578,65.43000030517578,42.08000183105469,30.3799991607666,71.7699966430664,9.8100004196167,36.040000915527344,197.8699951171875,45.70000076293945,139.39999389648438,100.25,148.58999633789062,31.700000762939453,76.92748260498047,51.43000030517578,51.959999084472656,13.794249534606934,35.417457580566406,112.86000061035156,128.97000122070312,15.970000267028809,107.75666809082031,89.44999694824219,354.55999755859375,39.0,38.970001220703125,21.8799991607666,14.78499984741211,24.559999465942383,109.66000366210938,33.22999954223633,97.48999786376953,81.8499984741211,235.97999572753906,384.9599914550781,36.89799880981445,24.139999389648438,66.2300033569336,43.40999984741211,30.6200008392334,73.58999633789062,10.020000457763672,36.88999938964844,200.82000732421875,46.150001525878906,142.5399932861328,102.06999969482422,151.97999572753906,32.72999954223633,79.09351348876953,52.31999969482422,52.5,13.827500343322754,36.16698455810547,116.48999786376953,129.57000732421875,16.200000762939453,108.31666564941406,89.7699966430664,360.44000244140625,40.279998779296875,40.11000061035156,22.559999465942383,15.140000343322754,25.0,111.41999816894531,34.13999938964844,92.66999816894531,78.97000122070312,225.10000610351562,372.32000732421875,35.7140007019043,23.270000457763672,63.75,41.900001525878906,29.209999084472656,69.88999938964844,9.300000190734863,34.220001220703125,194.89999389648438,44.779998779296875,138.6999969482422,98.93000030517578,134.91000366210938,31.1299991607666,75.8969497680664,50.5099983215332,50.93000030517578,13.336999893188477,35.06641387939453,112.19999694824219,126.06999969482422,15.069999694824219,105.06666564941406,88.45999908447266,341.1400146484375,38.470001220703125,37.880001068115234,21.170000076293945,14.385000228881836,24.190000534057617,107.77999877929688,32.529998779296875,93.13999938964844,80.25,226.2899932861328,373.6600036621094,36.04800033569336,23.889999389648438,63.959999084472656,42.529998779296875,29.59000015258789,70.77999877929688,9.710000038146973,35.130001068115234,196.25,45.11000061035156,139.49000549316406,101.0,134.91000366210938,31.920000076293945,76.27862548828125,50.529998779296875,51.72999954223633,13.389249801635742,35.16128921508789,116.19999694824219,129.32000732421875,15.699999809265137,106.336669921875,88.72000122070312,345.2300109863281,39.68000030517578,39.5,21.75,14.78499984741211,24.40999984741211,107.98999786376953,33.27000045776367,25849000,66579700,3810000,2451500,21277000,88845500,24699700,25956400,15178400,10925700,16190000,6095200,3868500,34748200,10263500,18886500,12211700,7392500,14731422,17378000,13554400,410228000,40870536,2136100,12608900,17689400,3026700,7620800,10344900,7494700,4643600,47203200,87227400,87397400,25531500,35410100
2020-11-05,75.8509521484375,83.0,194.0220947265625,379.2992858886719,33.90275955200195,21.553316116333008,51.332664489746094,35.67122268676758,24.778980255126953,56.40977096557617,7.661444664001465,27.492443084716797,178.3130645751953,41.295875549316406,119.78070831298828,90.77180480957031,136.9248504638672,27.286630630493164,64.5145492553711,44.02073669433594,53.231163024902344,14.115355491638184,26.175216674804688,96.33185577392578,129.17271423339844,13.776259422302246,107.70687103271484,82.5733871459961,322.9818420410156,32.02849578857422,32.01602554321289,19.691343307495117,11.999238014221191,22.836273193359375,100.61384582519531,26.11895751953125,93.69000244140625,83.0,231.97000122070312,398.19000244140625,38.08700180053711,24.610000610351562,63.75,43.06999969482422,30.1200008392334,72.13999938964844,10.050000190734863,35.599998474121094,202.9600067138672,45.68000030517578,139.75999450683594,104.3499984741211,145.52000427246094,31.829999923706055,76.77481079101562,52.20000076293945,54.58000183105469,14.15999984741211,34.52561569213867,117.16999816894531,145.41000366210938,15.520000457763672,112.59666442871094,90.43000030517578,354.3999938964844,40.459999084472656,39.529998779296875,22.329999923706055,14.78499984741211,25.15999984741211,109.87999725341797,33.16999816894531,95.5199966430664,83.5,233.8300018310547,399.67999267578125,38.26499938964844,24.790000915527344,65.37999725341797,43.58000183105469,30.90999984741211,72.97000122070312,10.350000381469727,36.470001220703125,204.1199951171875,46.380001068115234,141.8300018310547,105.0999984741211,148.80999755859375,32.52000045776367,79.1030502319336,52.779998779296875,54.779998779296875,14.33899974822998,35.38899230957031,117.5999984741211,148.8000030517578,16.1299991607666,112.87666320800781,90.95999908447266,360.9800109863281,40.650001525878906,40.27000045776367,22.56999969482422,15.079999923706055,25.34000015258789,111.25,33.91999816894531,93.0,81.8499984741211,230.0,393.4599914550781,37.20100021362305,23.860000610351562,63.540000915527344,42.18000030517578,30.040000915527344,71.76000213623047,9.65999984741211,35.310001373291016,199.05999755859375,45.529998779296875,139.25999450683594,101.0,144.6999969482422,31.520000457763672,76.75572204589844,51.58000183105469,52.779998779296875,13.991000175476074,34.52561569213867,113.0999984741211,141.8300018310547,15.5,110.7699966430664,89.7699966430664,349.67999267578125,38.959999084472656,38.900001525878906,21.860000610351562,14.755000114440918,24.770000457763672,109.68000030517578,33.13999938964844,95.36000061035156,83.2699966430664,233.77000427246094,397.20001220703125,37.236000061035156,23.899999618530273,64.98999786376953,42.34000015258789,30.100000381469727,71.9000015258789,9.75,35.310001373291016,199.64999389648438,46.150001525878906,140.5500030517578,101.05999755859375,147.67999267578125,31.649999618530273,78.30152893066406,52.0,52.880001068115234,14.162500381469727,35.341556549072266,113.12999725341797,145.82000732421875,15.899999618530273,110.87000274658203,90.41999816894531,358.07000732421875,38.959999084472656,39.06999969482422,21.889999389648438,14.805000305175781,24.770000457763672,111.16999816894531,33.369998931884766,8013000,46542300,2070300,1115500,21783000,74722600,17676100,24945100,10316600,10627700,14737800,5564100,2892800,31103200,8016200,17837400,5731000,7109500,9277210,9444300,16373600,319028000,33926995,2069300,27910900,15004600,2808600,6670100,4786500,5535900,4695000,38319700,63591600,65942300,12864800,30824100
2020-11-06,75.1708755493164,85.87999725341797,193.7711944580078,386.9673767089844,33.8804931640625,21.290576934814453,51.372920989990234,35.37307357788086,24.013887405395508,55.63563537597656,7.447992324829102,26.70473289489746,176.8194580078125,41.03370666503906,121.91476440429688,89.56265258789062,134.30902099609375,27.07231330871582,64.43437194824219,43.599090576171875,53.79684066772461,14.516090393066406,26.18241310119629,94.2846908569336,128.81739807128906,13.509966850280762,109.4637680053711,83.46826934814453,316.6570129394531,31.0073184967041,30.914541244506836,19.320972442626953,11.739531517028809,22.654739379882812,100.65048217773438,25.81186294555664,92.8499984741211,85.87999725341797,231.6699981689453,406.239990234375,38.0620002746582,24.309999465942383,63.79999923706055,42.709999084472656,29.190000534057617,71.1500015258789,9.770000457763672,34.58000183105469,201.25999450683594,45.38999938964844,142.25,102.95999908447266,142.74000549316406,31.579999923706055,76.67938995361328,51.70000076293945,55.15999984741211,14.562000274658203,34.53510284423828,114.68000030517578,145.00999450683594,15.220000267028809,114.43333435058594,91.41000366210938,347.4599914550781,39.16999816894531,38.16999816894531,21.90999984741211,14.46500015258789,24.959999084472656,109.91999816894531,32.779998779296875,93.6500015258789,86.08999633789062,233.2100067138672,407.5,38.367000579833984,24.959999084472656,64.91999816894531,43.61000061035156,30.649999618530273,73.2699966430664,10.279999732971191,37.130001068115234,204.38999938964844,45.79999923706055,143.19000244140625,105.0999984741211,147.38999938964844,32.470001220703125,77.42366027832031,52.619998931884766,55.40999984741211,14.588749885559082,34.83871078491211,117.83999633789062,146.22999572753906,15.829999923706055,114.8499984741211,91.5,352.0,40.93000030517578,39.900001525878906,22.56999969482422,15.005000114440918,25.309999465942383,110.66999816894531,33.65999984741211,91.70999908447266,82.66999816894531,230.0399932861328,398.19000244140625,37.71699905395508,24.229999542236328,63.380001068115234,42.5,28.780000686645508,70.83000183105469,9.729999542236328,34.040000915527344,200.4199981689453,44.900001525878906,139.64999389648438,102.38999938964844,139.10000610351562,31.290000915527344,75.81106567382812,51.5099983215332,54.33000183105469,13.895000457763672,34.24098587036133,114.13999938964844,143.9600067138672,15.140000343322754,111.96666717529297,89.05000305175781,344.57000732421875,38.900001525878906,37.97999954223633,21.84000015258789,14.404999732971191,24.8799991607666,109.20999908447266,32.619998931884766,92.9800033569336,83.5199966430664,232.66000366210938,402.1000061035156,38.005001068115234,24.93000030517578,63.61000061035156,43.5099983215332,30.1299991607666,72.5,9.949999809265137,36.29999923706055,204.33999633789062,45.540000915527344,140.39999389648438,105.02999877929688,145.0500030517578,31.700000762939453,75.81106567382812,52.58000183105469,54.459999084472656,14.109749794006348,34.52561569213867,117.83999633789062,146.00999450683594,15.489999771118164,112.33000183105469,89.80999755859375,350.3599853515625,40.81999969482422,39.45000076293945,22.5,14.78499984741211,25.280000686645508,110.0,33.099998474121094,7006900,53829900,2028500,710700,13545000,55454500,9680100,17705200,10484500,8366900,13372700,8823500,2475100,36233700,5942500,12552800,6229800,7181600,6945515,6453900,13922600,383348000,23870676,1682200,7278500,10324200,2016000,6403000,2994900,6210300,4378700,29502900,66446400,60783500,12311200,33985600
2020-11-09,77.0086669921875,83.12000274658203,196.5564422607422,387.0531005859375,33.428306579589844,24.31207275390625,51.59838104248047,39.45616149902344,27.460899353027344,62.08670425415039,8.637229919433594,31.129785537719727,188.82945251464844,41.223548889160156,125.19722747802734,101.68875122070312,133.92327880859375,31.264326095581055,64.54661560058594,47.24217987060547,54.57706832885742,13.587775230407715,28.196441650390625,105.2193603515625,126.68537139892578,16.199533462524414,108.1883316040039,81.29501342773438,318.9718322753906,34.95744705200195,40.56065368652344,21.35800552368164,13.415451049804688,24.51540756225586,101.5936279296875,29.079679489135742,95.12000274658203,83.12000274658203,235.0,406.3299865722656,37.55400085449219,27.760000228881836,64.08000183105469,47.63999938964844,33.380001068115234,79.4000015258789,11.329999923706055,40.310001373291016,214.92999267578125,45.599998474121094,146.0800018310547,116.9000015258789,142.3300018310547,36.470001220703125,76.81298065185547,56.02000045776367,55.959999084472656,13.630749702453613,37.191650390625,127.9800033569336,142.61000061035156,18.25,113.0999984741211,89.02999877929688,350.0,44.15999984741211,50.08000183105469,24.219999313354492,16.530000686645508,27.010000228881836,110.94999694824219,36.93000030517578,96.94999694824219,87.05000305175781,244.8000030517578,420.6499938964844,39.388999938964844,28.270000457763672,66.08000183105469,48.779998779296875,34.83000183105469,84.2699966430664,11.880000114440918,41.779998779296875,218.0,47.349998474121094,148.99000549316406,118.9000015258789,144.75,38.220001220703125,81.26908111572266,56.90999984741211,57.83000183105469,14.691499710083008,39.83871078491211,129.55999755859375,149.41000366210938,18.760000228881836,117.92333221435547,92.4800033569336,367.95001220703125,44.9900016784668,50.90999984741211,24.8700008392334,16.895000457763672,27.440000534057617,114.41000366210938,38.0099983215332,94.66999816894531,82.7699966430664,234.0,406.32000732421875,37.500999450683594,26.299999237060547,63.9900016784668,46.2599983215332,32.869998931884766,78.26000213623047,10.829999923706055,39.099998474121094,209.3699951171875,45.540000915527344,144.9199981689453,110.3499984741211,140.60000610351562,35.650001525878906,76.66984558105469,55.060001373291016,55.869998931884766,13.610750198364258,36.41366195678711,125.05000305175781,142.44000244140625,16.93000030517578,113.09333038330078,88.94000244140625,348.9800109863281,42.4900016784668,44.900001525878906,23.299999237060547,16.149999618530273,26.65999984741211,110.80999755859375,36.060001373291016,95.73999786376953,84.23999786376953,242.94000244140625,417.0400085449219,38.90999984741211,26.600000381469727,65.12000274658203,46.869998931884766,33.15999984741211,80.0,10.829999923706055,39.45000076293945,214.49000549316406,46.63999938964844,148.42999267578125,113.16000366210938,142.5399932861328,35.68000030517578,80.8969497680664,55.40999984741211,56.470001220703125,14.552499771118164,39.715370178222656,125.55999755859375,149.41000366210938,17.020000457763672,117.50666809082031,92.19999694824219,366.30999755859375,42.970001220703125,44.90999984741211,24.030000686645508,16.200000762939453,26.979999542236328,113.91999816894531,36.41999816894531,11028900,58580700,2996200,1273700,24088000,178378800,15533300,56895200,17614500,24015200,17784200,10837900,6960500,48481700,12351600,47792400,5493800,17209800,11184046,24243300,20968500,582976000,230153864,3978400,10666300,31835600,1920900,8978000,4635300,16088500,19211600,102118900,198713400,162966800,20443000,76879400
2020-11-10,80.0446548461914,77.98999786376953,202.07676696777344,380.35662841796875,32.32363510131836,24.224491119384766,51.95267868041992,39.46445083618164,29.229642868041992,64.95645904541016,8.965031623840332,32.58163833618164,191.06101989746094,41.07890701293945,127.08272552490234,101.35820007324219,137.9034423828125,32.26731491088867,65.03572082519531,47.014488220214844,54.04066467285156,12.729738235473633,27.82240867614746,104.19986724853516,124.46453857421875,16.252790451049805,104.94235229492188,80.04405975341797,322.334716796875,34.941612243652344,40.46346664428711,21.331560134887695,13.849645614624023,24.64247703552246,101.88663482666016,29.724821090698242,98.87000274658203,77.98999786376953,241.60000610351562,399.29998779296875,36.3129997253418,27.65999984741211,64.5199966430664,47.650001525878906,35.529998779296875,83.06999969482422,11.760000228881836,42.189998626708984,217.47000122070312,45.439998626708984,148.27999877929688,116.5199966430664,146.55999755859375,37.63999938964844,77.39503479003906,55.75,55.40999984741211,12.770000457763672,36.69829177856445,126.73999786376953,140.11000061035156,18.309999465942383,109.7066650390625,87.66000366210938,353.69000244140625,44.13999938964844,49.959999084472656,24.190000534057617,17.065000534057617,27.149999618530273,111.2699966430664,36.86000061035156,99.12999725341797,82.12999725341797,245.83999633789062,410.1099853515625,37.31999969482422,27.760000228881836,64.80000305175781,48.75,35.540000915527344,83.1500015258789,11.779999732971191,42.25,218.3800048828125,46.47999954223633,148.75,117.44999694824219,149.1999969482422,37.66999816894531,78.27290344238281,56.81999969482422,55.939998626708984,13.606499671936035,38.46299743652344,129.0,143.1699981689453,18.90999984741211,112.56666564941406,88.80000305175781,355.8999938964844,44.4900016784668,51.060001373291016,24.3700008392334,17.065000534057617,27.25,111.66999816894531,37.43000030517578,95.62999725341797,77.62999725341797,239.47000122070312,397.9800109863281,36.0359992980957,27.18000030517578,63.709999084472656,47.45000076293945,33.59000015258789,79.70999908447266,11.199999809265137,39.56999969482422,211.17999267578125,45.25,146.25999450683594,114.69000244140625,143.7899932861328,36.279998779296875,77.29962158203125,54.900001525878906,54.36000061035156,12.628250122070312,36.48956298828125,126.0,138.52999877929688,18.0,109.42333221435547,86.69999694824219,348.1700134277344,43.22999954223633,48.0,23.860000610351562,16.489999771118164,26.790000915527344,110.06999969482422,35.97999954223633,96.01000213623047,81.93000030517578,244.0,409.1199951171875,37.03200149536133,27.489999771118164,64.20999908447266,48.310001373291016,34.349998474121094,81.13999938964844,11.550000190734863,41.0,215.25,45.400001525878906,147.25,117.3499984741211,147.60000610351562,37.400001525878906,78.03434753417969,56.59000015258789,55.130001068115234,13.606499671936035,38.37760925292969,129.0,140.14999389648438,18.770000457763672,112.086669921875,88.4000015258789,349.489990234375,44.4900016784668,51.0,24.360000610351562,16.84000015258789,27.040000915527344,111.45999908447266,37.04999923706055,12267200,67137200,3742800,1323100,26784000,77694600,11210000,33275800,20650600,15039700,12157100,6593300,4166500,39224500,7386500,20539300,5377000,12599800,8593914,15502900,14502100,644068000,80091668,3765800,12019900,19098500,1862100,8350100,3733200,8062400,8816600,49029100,146676200,85851200,12526500,49055400
2020-11-11,79.46175384521484,81.27999877929688,201.31564331054688,398.21710205078125,33.46213150024414,23.944238662719727,51.06694030761719,40.52456283569336,29.02399253845215,64.4794692993164,8.888799667358398,32.36540222167969,191.57054138183594,41.901573181152344,126.67137145996094,99.84461212158203,136.2097625732422,31.881549835205078,64.99563598632812,47.512027740478516,54.967185974121094,13.375696182250977,27.69293785095215,103.13107299804688,131.1981201171875,15.720205307006836,108.72399139404297,82.98429870605469,320.5211181640625,34.63288116455078,40.325782775878906,21.331560134887695,13.707618713378906,24.542634963989258,101.7584457397461,29.418380737304688,98.1500015258789,81.27999877929688,240.69000244140625,418.04998779296875,37.59199905395508,27.34000015258789,63.41999816894531,48.93000030517578,35.279998779296875,82.45999908447266,11.65999984741211,41.90999984741211,218.0500030517578,46.349998474121094,147.8000030517578,114.77999877929688,144.75999450683594,37.189998626708984,77.34732818603516,56.34000015258789,56.36000061035156,13.418000221252441,36.52751541137695,125.44000244140625,147.69000244140625,17.709999084472656,113.66000366210938,90.87999725341797,351.70001220703125,43.75,49.790000915527344,24.190000534057617,16.889999389648438,27.040000915527344,111.12999725341797,36.47999954223633,99.87000274658203,81.47000122070312,245.6699981689453,418.6400146484375,37.7140007019043,27.770000457763672,65.12000274658203,49.290000915527344,36.20000076293945,84.48999786376953,11.949999809265137,43.040000915527344,219.9199981689453,46.459999084472656,149.1999969482422,116.95999908447266,147.75999450683594,38.220001220703125,78.12023162841797,56.66999816894531,56.939998626708984,13.4350004196167,38.14041519165039,127.4000015258789,148.08999633789062,18.510000228881836,113.86000061035156,91.18000030517578,356.80999755859375,44.150001525878906,50.83000183105469,24.540000915527344,17.28499984741211,27.31999969482422,112.16000366210938,37.119998931884766,97.7699966430664,78.97000122070312,238.5,407.2799987792969,36.85499954223633,27.1200008392334,63.029998779296875,47.68000030517578,35.060001373291016,81.80000305175781,11.569999694824219,41.27000045776367,215.02999877929688,45.86000061035156,146.86000061035156,113.95999908447266,143.3699951171875,36.7400016784668,76.89885711669922,55.38999938964844,55.849998474121094,12.948249816894531,35.958255767822266,123.0199966430664,144.0,17.399999618530273,111.38999938964844,89.36000061035156,349.4100036621094,42.810001373291016,49.06999969482422,24.010000228881836,16.729999542236328,26.8799991607666,110.58999633789062,36.189998626708984,99.1500015258789,79.38999938964844,242.52000427246094,407.3999938964844,37.08599853515625,27.75,65.06999969482422,47.900001525878906,35.959999084472656,84.0999984741211,11.9399995803833,42.75,218.63999938964844,45.900001525878906,149.1699981689453,116.88999938964844,147.75999450683594,37.84000015258789,78.12023162841797,55.939998626708984,55.970001220703125,13.053750038146973,36.88804626464844,127.4000015258789,144.5,18.5,111.4000015258789,89.5,356.1600036621094,44.029998779296875,50.209999084472656,24.229999542236328,17.25,27.299999237060547,112.16000366210938,37.09000015258789,9476500,44611300,2244800,933300,15133000,48360900,8269700,29719600,17225000,11640600,9466900,7126700,2680700,31496900,6382400,14443400,3046800,5687600,5741678,9731600,14765500,404744000,58980997,3130700,10222700,16402100,1670400,7707300,2048200,7680500,6325300,38309200,93085000,65062400,9935400,34124500
2020-11-12,79.0164794921875,81.83999633789062,198.3463897705078,393.1399841308594,32.95297622680664,23.374967575073242,50.52744674682617,39.9862174987793,27.979185104370117,63.079795837402344,8.553372383117676,31.268787384033203,188.46041870117188,40.63594055175781,127.0998764038086,98.61807250976562,133.38189697265625,29.746971130371094,64.03346252441406,46.845821380615234,54.85989761352539,13.414324760437012,27.009611129760742,99.48072052001953,127.84020233154297,15.356268882751465,107.38159942626953,82.01641845703125,322.9909362792969,33.888771057128906,38.29288101196289,20.9964599609375,13.265305519104004,24.134197235107422,101.38300323486328,28.41035270690918,97.5999984741211,81.83999633789062,237.13999938964844,412.7200012207031,37.02000045776367,26.690000534057617,62.75,48.279998779296875,34.0099983215332,80.66999816894531,11.220000267028809,40.4900016784668,214.50999450683594,44.95000076293945,148.3000030517578,113.37000274658203,141.02999877929688,34.70000076293945,76.2022933959961,55.54999923706055,56.25,13.45674991607666,35.62618637084961,121.0,143.91000366210938,17.299999237060547,112.25666809082031,89.81999969482422,354.4100036621094,42.810001373291016,47.279998779296875,23.809999465942383,16.344999313354492,26.59000015258789,110.72000122070312,35.22999954223633,97.75,83.0,240.88999938964844,421.17999267578125,37.86000061035156,26.899999618530273,63.13999938964844,48.40999984741211,35.209999084472656,82.23999786376953,11.819999694824219,41.88999938964844,216.86000061035156,46.189998626708984,148.64999389648438,113.95999908447266,143.4600067138672,36.63999938964844,77.29007720947266,55.93000030517578,56.970001220703125,13.765999794006348,36.37571334838867,123.30999755859375,148.50999450683594,17.8799991607666,114.11000061035156,91.88999938964844,360.5199890136719,43.20000076293945,49.9900016784668,24.149999618530273,16.829999923706055,26.770000457763672,111.36000061035156,36.290000915527344,96.27999877929688,80.30000305175781,235.63999938964844,412.010009765625,36.827999114990234,26.309999465942383,62.20000076293945,47.709999084472656,33.599998474121094,79.91000366210938,11.0600004196167,40.119998931884766,212.39999389648438,44.54999923706055,146.75,112.05999755859375,139.86000061035156,34.41999816894531,75.4103012084961,54.9900016784668,55.88999938964844,13.315999984741211,35.332069396972656,118.79000091552734,143.07000732421875,17.15999984741211,111.66000366210938,89.77999877929688,349.75,42.130001068115234,46.959999084472656,23.559999465942383,16.170000076293945,26.350000381469727,109.9800033569336,34.869998931884766,97.5,81.31999969482422,240.5500030517578,419.0,37.722999572753906,26.84000015258789,63.13999938964844,47.970001220703125,34.599998474121094,80.9800033569336,11.399999618530273,40.810001373291016,215.22000122070312,46.130001068115234,147.61000061035156,112.52999877929688,142.92999267578125,36.47999954223633,76.86068725585938,55.5,56.599998474121094,13.479000091552734,36.31878662109375,123.30999755859375,147.57000732421875,17.350000381469727,113.83999633789062,90.87999725341797,351.3999938964844,42.959999084472656,48.72999954223633,23.90999984741211,16.594999313354492,26.709999084472656,110.91999816894531,35.86000061035156,7646600,37242600,2438200,800800,12160000,67912600,7602900,28457400,10944500,8920700,7156200,4738900,3005500,42881300,4710300,22063000,3463400,8952800,7464799,9889500,13785600,365812000,46767877,2269700,8580700,10762200,1203600,7474600,2907300,8025000,5754500,34505900,77169600,62733800,7856300,30933700
2020-11-13,80.18225860595703,81.43000030517578,199.87896728515625,399.68408203125,33.24672317504883,23.646465301513672,51.22798538208008,40.30094909667969,29.089799880981445,64.92518615722656,8.980277061462402,32.952308654785156,192.4754638671875,41.09698486328125,128.47113037109375,99.23570251464844,134.65869140625,32.19873809814453,65.01969909667969,47.73973083496094,56.498382568359375,13.255077362060547,27.779251098632812,100.94413757324219,128.15110778808594,15.977620124816895,108.69849395751953,85.12101745605469,324.1392517089844,34.28458023071289,41.24098205566406,21.225736618041992,13.748201370239258,24.53356170654297,102.66496276855469,29.09581756591797,99.04000091552734,81.43000030517578,237.36000061035156,419.5899963378906,37.349998474121094,27.0,63.619998931884766,48.65999984741211,35.36000061035156,83.02999877929688,11.779999732971191,42.66999816894531,219.0800018310547,45.459999084472656,149.89999389648438,114.08000183105469,142.3800048828125,37.560001373291016,77.3759536743164,56.61000061035156,57.93000030517578,13.29699993133545,36.64136505126953,122.77999877929688,144.25999450683594,18.0,113.63333129882812,93.22000122070312,355.6700134277344,43.310001373291016,50.91999816894531,24.06999969482422,16.940000534057617,27.030000686645508,112.12000274658203,36.08000183105469,99.55000305175781,83.11000061035156,238.58999633789062,421.3800048828125,37.733001708984375,27.209999084472656,64.04000091552734,49.06999969482422,35.560001373291016,83.3499984741211,11.829999923706055,42.93000030517578,220.9600067138672,45.58000183105469,150.41000366210938,114.86000061035156,143.2100067138672,37.63999938964844,78.10114288330078,57.04999923706055,58.189998626708984,13.668749809265137,36.679317474365234,123.77999877929688,146.25,18.110000610351562,114.58000183105469,93.80999755859375,357.94000244140625,43.59000015258789,51.38999938964844,24.18000030517578,17.024999618530273,27.139999389648438,112.55000305175781,36.25,97.4000015258789,80.69999694824219,235.0,416.3800048828125,37.15800094604492,26.760000228881836,62.77000045776367,48.400001525878906,34.25,81.02999877929688,11.289999961853027,40.959999084472656,215.41000366210938,44.970001220703125,148.41000366210938,113.56999969482422,141.32000732421875,35.02000045776367,76.0687026977539,55.90999984741211,56.75,13.059249877929688,35.77798843383789,121.5,143.22999572753906,17.420000076293945,112.81999969482422,91.20999908447266,352.7900085449219,43.02000045776367,47.79999923706055,23.729999542236328,16.450000762939453,26.770000457763672,111.06999969482422,35.380001068115234,97.41000366210938,82.7300033569336,236.88999938964844,419.57000732421875,37.5,26.8799991607666,62.790000915527344,48.650001525878906,34.349998474121094,81.1500015258789,11.34000015258789,40.97999954223633,215.85000610351562,44.9900016784668,149.08999633789062,114.69999694824219,142.42999267578125,35.189998626708984,76.56488800048828,55.959999084472656,56.790000915527344,13.627249717712402,35.92979049682617,122.0,145.5399932861328,17.440000534057617,113.59333038330078,91.54000091552734,356.8599853515625,43.25,47.86000061035156,23.90999984741211,16.469999313354492,26.84000015258789,111.2699966430664,35.400001525878906,6888600,30423200,1767100,582700,10997000,52421000,9433500,18632500,11997500,10890300,6255500,4854100,2832100,30884700,5893500,11847900,2142700,7917600,7694206,9919100,14318800,346312000,40175634,1560900,5899200,9321400,1070700,9170900,2442100,5968700,5714300,30056100,78865400,45031800,6576100,29241500
2020-11-16,79.63176727294922,83.7300033569336,199.2895050048828,406.2757873535156,33.897403717041016,24.15443229675293,51.93657302856445,41.74204635620117,31.327472686767578,69.56214904785156,9.55202865600586,35.021968841552734,195.37474060058594,41.75692367553711,129.2853240966797,102.03671264648438,132.96572875976562,34.916255950927734,64.29003143310547,49.00468826293945,60.33125686645508,13.472639083862305,26.851360321044922,103.82991790771484,132.42398071289062,17.78841781616211,111.40241241455078,90.64537048339844,325.1872253417969,35.05244064331055,45.08809280395508,21.957660675048828,14.653109550476074,25.078142166137695,102.4909896850586,30.773176193237305,98.36000061035156,83.7300033569336,236.66000366210938,426.510009765625,38.08100128173828,27.579999923706055,64.5,50.400001525878906,38.08000183105469,88.95999908447266,12.529999732971191,45.349998474121094,222.3800048828125,46.189998626708984,150.85000610351562,117.30000305175781,140.58999633789062,40.72999954223633,76.50763702392578,58.11000061035156,61.86000061035156,13.515250205993652,35.417457580566406,126.29000091552734,149.07000732421875,20.040000915527344,116.45999908447266,99.2699966430664,356.82000732421875,44.279998779296875,55.66999816894531,24.899999618530273,18.05500030517578,27.6299991607666,111.93000030517578,38.15999984741211,100.54000091552734,83.77999877929688,239.82000732421875,426.6499938964844,38.137001037597656,28.0,64.93000030517578,51.02000045776367,38.130001068115234,89.18000030517578,12.579999923706055,45.47999954223633,224.60000610351562,46.75,151.3000030517578,118.61000061035156,144.3000030517578,40.869998931884766,78.13931274414062,58.13999938964844,61.90999984741211,13.649499893188477,36.00569152832031,127.0199966430664,149.25,20.049999237060547,116.45999908447266,102.44000244140625,359.5799865722656,45.040000915527344,56.0,25.030000686645508,18.094999313354492,27.729999542236328,113.19000244140625,38.16999816894531,98.33000183105469,80.4800033569336,235.25999450683594,419.6300048828125,37.400001525878906,27.18000030517578,63.849998474121094,49.86000061035156,36.400001525878906,85.54000091552734,12.210000038146973,43.650001525878906,220.02999877929688,45.790000915527344,149.8000030517578,115.7300033569336,140.0,38.66999816894531,76.04962158203125,57.029998779296875,59.61000061035156,13.156000137329102,34.9620475769043,124.5,144.5500030517578,18.559999465942383,114.25,96.36000061035156,351.010009765625,43.79999923706055,52.459999084472656,24.389999389648438,17.44499969482422,27.360000610351562,111.37000274658203,37.099998474121094,99.95999908447266,81.20999908447266,237.4199981689453,419.95001220703125,37.48099899291992,27.860000610351562,64.12000274658203,50.40999984741211,36.95000076293945,86.23999786376953,12.529999732971191,44.290000915527344,223.52999877929688,46.040000915527344,150.9199981689453,117.79000091552734,143.05999755859375,39.439998626708984,77.5095443725586,57.7599983215332,59.720001220703125,13.172499656677246,35.92030334472656,125.7699966430664,145.1999969482422,18.889999389648438,114.5633316040039,96.41999816894531,358.95001220703125,44.65999984741211,56.0,24.989999771118164,17.65999984741211,27.709999084472656,113.01000213623047,37.59000015258789,8611300,38640800,2069200,547300,12100000,57396700,7199600,26699400,18701200,18980200,9010500,6993000,3004700,36306300,6266400,19858600,4957600,15288200,9503474,12201400,31397200,413776000,75530167,5431000,7598500,23092800,1456200,18436200,2790100,7642100,9029300,36954800,95865400,67556100,7586000,38596800
2020-11-17,80.31990814208984,83.36000061035156,195.7358856201172,406.2471618652344,33.87871170043945,24.128156661987305,51.7916374206543,42.015350341796875,31.9609432220459,69.06227111816406,9.994182586669922,35.26909255981445,197.36904907226562,41.16027069091797,127.99977111816406,101.00155639648438,133.5426788330078,35.316307067871094,65.34842681884766,49.595008850097656,60.45805740356445,13.37993335723877,27.323333740234375,104.32321166992188,132.130859375,17.83280372619629,110.48410034179688,87.39466857910156,320.88568115234375,34.85453796386719,44.642913818359375,22.081113815307617,14.803254127502441,25.041837692260742,101.8225326538086,31.184450149536133,99.20999908447266,83.36000061035156,232.44000244140625,426.4800109863281,38.060001373291016,27.549999237060547,64.31999969482422,50.72999954223633,38.849998474121094,87.04000091552734,13.109999656677246,45.66999816894531,224.64999389648438,45.529998779296875,149.35000610351562,116.11000061035156,141.1999969482422,40.61000061035156,77.76717376708984,58.810001373291016,61.9900016784668,13.422249794006348,36.040000915527344,126.88999938964844,148.74000549316406,20.09000015258789,115.5,95.70999908447266,352.1000061035156,44.029998779296875,54.150001525878906,25.040000915527344,18.239999771118164,27.59000015258789,111.19999694824219,38.66999816894531,100.26000213623047,84.80999755859375,236.92999267578125,427.45001220703125,38.24399948120117,27.600000381469727,64.69999694824219,50.93000030517578,39.130001068115234,87.52999877929688,13.109999656677246,45.79999923706055,224.85000610351562,46.119998931884766,150.6300048828125,116.44000244140625,141.9600067138672,40.65999984741211,78.20610809326172,58.88999938964844,62.20000076293945,13.5962495803833,36.5,127.06999969482422,149.85000610351562,20.100000381469727,116.08000183105469,98.08999633789062,353.3599853515625,44.34000015258789,54.290000915527344,25.149999618530273,18.25,27.639999389648438,111.61000061035156,38.709999084472656,98.73999786376953,82.91000366210938,232.1199951171875,422.25,37.702999114990234,27.010000228881836,63.880001068115234,49.47999954223633,37.2400016784668,84.83000183105469,12.270000457763672,43.95000076293945,218.3300018310547,45.40999984741211,149.1199951171875,114.58000183105469,138.61000061035156,38.15999984741211,76.72709655761719,57.20000076293945,60.29999923706055,13.303750038146973,35.81999969482422,123.2699966430664,147.17999267578125,19.270000457763672,114.6433334350586,95.69000244140625,347.5,43.2400016784668,51.97999954223633,24.520000457763672,17.584999084472656,27.1299991607666,110.66999816894531,37.380001068115234,99.37000274658203,83.93000030517578,235.00999450683594,424.9200134277344,37.86600112915039,27.25,64.47000122070312,49.84000015258789,37.52000045776367,86.4000015258789,12.399999618530273,44.849998474121094,220.02000427246094,45.75,150.0,115.38999938964844,139.57000732421875,39.02000045776367,77.34732818603516,57.5099983215332,61.0,13.552499771118164,36.4900016784668,124.91999816894531,149.02000427246094,19.440000534057617,116.04666900634766,97.9800033569336,352.3900146484375,43.59000015258789,52.91999816894531,24.530000686645508,17.81999969482422,27.31999969482422,111.36000061035156,37.810001373291016,11593500,29473500,1935100,524600,11950000,46402300,8610200,18970000,14466800,14329000,10544300,5393500,2722900,31118000,7297700,14553200,3619200,7931300,9509133,9599100,17703600,312028000,46984500,3668100,7438600,13972500,1371600,10843700,2557600,7384500,5972200,29490400,78020200,63679700,8898100,26521100
2020-11-18,79.9232177734375,82.54000091552734,191.79489135742188,403.7038879394531,33.8804931640625,23.62895393371582,49.931583404541016,42.28037643432617,32.2324104309082,66.8723373413086,9.727367401123047,34.697628021240234,197.06158447265625,40.735382080078125,126.30281066894531,100.25345611572266,132.56846618652344,33.51613235473633,64.34613800048828,49.595008850097656,59.23893737792969,13.386412620544434,27.53561019897461,106.30460357666016,130.6295623779297,17.72628402709961,109.66145324707031,88.5086669921875,313.96856689453125,34.2449951171875,42.25205612182617,22.098751068115234,14.373114585876465,24.80585289001465,99.92708587646484,30.007068634033203,98.72000122070312,82.54000091552734,227.75999450683594,423.80999755859375,38.0620002746582,26.979999542236328,62.0099983215332,51.04999923706055,39.18000030517578,84.27999877929688,12.760000228881836,44.93000030517578,224.3000030517578,45.060001373291016,147.3699951171875,115.25,140.1699981689453,38.540000915527344,76.57442474365234,58.810001373291016,60.7400016784668,13.428750038146973,36.31999969482422,129.3000030517578,147.0500030517578,19.969999313354492,114.63999938964844,96.93000030517578,344.510009765625,43.2599983215332,51.25,25.059999465942383,17.709999084472656,27.329999923706055,109.12999725341797,37.209999084472656,100.29000091552734,83.95999908447266,234.3699951171875,427.3599853515625,38.49399948120117,27.93000030517578,64.69999694824219,52.650001525878906,40.869998931884766,87.9000015258789,13.640000343322754,47.40999984741211,227.72000122070312,45.689998626708984,149.75999450683594,118.61000061035156,142.4199981689453,41.06999969482422,78.21565246582031,60.130001068115234,62.040000915527344,13.60575008392334,37.41999816894531,131.30999755859375,153.3300018310547,20.56999969482422,116.5,98.80000305175781,354.04998779296875,44.7599983215332,54.70000076293945,25.950000762939453,18.46500015258789,27.940000534057617,111.4800033569336,39.130001068115234,98.68000030517578,82.22000122070312,227.63999938964844,421.0199890136719,37.96200180053711,26.959999084472656,62.0,51.0099983215332,38.650001525878906,84.25,12.75,44.849998474121094,223.50999450683594,45.040000915527344,147.3699951171875,115.19999694824219,140.1300048828125,38.529998779296875,76.55534362792969,58.77000045776367,60.630001068115234,13.1850004196167,36.29999923706055,126.56999969482422,146.91000366210938,19.920000076293945,114.56666564941406,96.37000274658203,343.0899963378906,43.220001220703125,51.2400016784668,25.059999465942383,17.709999084472656,27.31999969482422,109.0999984741211,37.20000076293945,100.0,83.01000213623047,234.0500030517578,424.1199951171875,37.98899841308594,27.6299991607666,64.66999816894531,51.09000015258789,38.959999084472656,87.37000274658203,13.220000267028809,46.20000076293945,225.0,45.54999923706055,148.8699951171875,117.33999633789062,141.89999389648438,40.88999938964844,77.70037841796875,59.0,61.5,13.465250015258789,36.93000030517578,127.5199966430664,149.24000549316406,20.18000030517578,115.70333099365234,98.5199966430664,353.42999267578125,44.27000045776367,54.56999969482422,25.149999618530273,18.395000457763672,27.719999313354492,111.44000244140625,39.02000045776367,8880600,29968000,2466200,543600,13517000,54416700,12455300,25824000,23319600,10583700,13030700,5104300,2856200,32817900,6661000,12571200,2795100,9135600,8678174,11536700,18734500,510924000,63442700,3782400,12124500,15408300,1361100,8526600,2722500,7324800,5562700,44318300,82000400,71578400,9849900,31068000
2020-11-19,80.69232940673828,85.54000091552734,189.19284057617188,403.2752380371094,34.210731506347656,23.62895393371582,49.99599838256836,43.183135986328125,32.47098922729492,68.02285766601562,10.33723258972168,35.106910705566406,197.2987518310547,41.24163055419922,126.1056900024414,100.52312469482422,135.63279724121094,33.98573684692383,64.45841217041016,49.44321823120117,60.30200958251953,13.39787769317627,27.437053680419922,107.12676239013672,131.0559844970703,18.16122817993164,111.28125,88.21646881103516,307.12432861328125,34.22916793823242,42.21907424926758,23.068763732910156,14.608476638793945,24.88753890991211,99.85385131835938,30.160295486450195,99.66999816894531,85.54000091552734,224.6699981689453,423.3599853515625,38.43299865722656,26.979999542236328,62.09000015258789,52.13999938964844,39.470001220703125,85.7300033569336,13.5600004196167,45.459999084472656,224.57000732421875,45.619998931884766,147.13999938964844,115.55999755859375,143.41000366210938,39.08000183105469,76.70801544189453,58.630001068115234,61.83000183105469,13.440250396728516,36.189998626708984,130.3000030517578,147.52999877929688,20.459999084472656,116.33333587646484,96.61000061035156,337.0,43.2400016784668,51.209999084472656,26.15999984741211,18.0,27.420000076293945,109.05000305175781,37.400001525878906,100.1500015258789,85.63999938964844,226.97000122070312,423.3800048828125,38.48400115966797,27.010000228881836,62.400001525878906,52.31999969482422,39.61000061035156,85.95999908447266,13.59000015258789,45.61000061035156,224.94000244140625,45.66999816894531,147.4600067138672,115.81999969482422,143.88999938964844,39.2400016784668,77.07061004638672,58.689998626708984,61.970001220703125,13.487500190734863,36.630001068115234,130.36000061035156,149.3000030517578,20.5,116.4433364868164,96.86000061035156,343.07000732421875,43.310001373291016,51.45000076293945,26.219999313354492,18.03499984741211,27.450000762939453,109.22000122070312,37.5,98.58999633789062,81.72000122070312,223.58999633789062,416.8699951171875,37.435001373291016,26.649999618530273,61.150001525878906,50.95000076293945,38.380001068115234,83.05999755859375,12.65999984741211,44.11000061035156,222.11000061035156,44.70000076293945,145.58999633789062,113.55999755859375,138.9199981689453,37.209999084472656,75.69656372070312,57.86000061035156,59.650001525878906,13.100000381469727,35.86000061035156,126.25,145.4600067138672,19.549999237060547,113.7066650390625,95.62000274658203,334.3299865722656,42.34000015258789,49.400001525878906,24.969999313354492,17.405000686645508,27.020000457763672,108.23999786376953,36.560001373291016,98.76000213623047,82.38999938964844,226.97000122070312,417.30999755859375,37.77199935913086,26.93000030517578,62.20000076293945,51.599998474121094,38.709999084472656,83.55000305175781,12.760000228881836,44.45000076293945,224.3000030517578,44.91999816894531,147.3000030517578,114.18000030517578,140.25,37.45000076293945,77.07061004638672,58.560001373291016,60.040000915527344,13.212750434875488,36.599998474121094,128.05999755859375,146.55999755859375,19.690000534057617,114.2300033569336,96.7699966430664,342.2900085449219,42.97999954223633,49.849998474121094,25.190000534057617,17.584999084472656,27.190000534057617,109.12999725341797,36.86000061035156,7550300,50116800,2595700,914100,14555000,46423000,9025500,20262400,12504100,8820200,13796600,4186700,1505200,29469100,7987700,10202500,4626100,6149200,7037110,7220200,12723600,565936000,43261800,2205600,7743700,11924300,1056300,5542800,3935600,7476300,4768400,44560000,65872400,47194800,10410900,26954400
2020-11-20,81.63954162597656,84.63999938964844,187.92970275878906,403.4942321777344,34.12172317504883,23.480060577392578,49.6094970703125,42.777313232421875,32.619075775146484,68.0704574584961,10.032299041748047,35.05286407470703,196.2269287109375,41.03370666503906,125.43720245361328,99.66193389892578,137.6000213623047,33.27262496948242,64.50651550292969,48.751708984375,59.88262939453125,13.046486854553223,27.823711395263672,105.97572326660156,129.7234649658203,17.939315795898438,110.76152038574219,87.04768371582031,305.0282287597656,33.77002716064453,41.897544860839844,22.469120025634766,14.531376838684082,24.669706344604492,99.62492370605469,29.78934097290039,100.83999633789062,84.63999938964844,223.1699981689453,423.5899963378906,38.33300018310547,26.809999465942383,61.61000061035156,51.650001525878906,39.650001525878906,85.79000091552734,13.15999984741211,45.38999938964844,223.35000610351562,45.38999938964844,146.36000061035156,114.56999969482422,145.49000549316406,38.2599983215332,76.76526641845703,57.810001373291016,61.400001525878906,13.087750434875488,36.70000076293945,128.89999389648438,146.02999877929688,20.209999084472656,115.79000091552734,95.33000183105469,334.70001220703125,42.65999984741211,50.81999969482422,25.479999542236328,17.905000686645508,27.18000030517578,108.80000305175781,36.939998626708984,101.83000183105469,86.0999984741211,225.08999633789062,428.3999938964844,38.8849983215332,26.950000762939453,62.33000183105469,52.11000061035156,39.93000030517578,86.30999755859375,13.569999694824219,46.02000045776367,224.80999755859375,45.880001068115234,147.94000244140625,115.6500015258789,147.08999633789062,39.16999816894531,77.10877990722656,58.7400016784668,62.63999938964844,13.494500160217285,37.310001373291016,130.32000732421875,149.10000610351562,20.5,117.3566665649414,97.19999694824219,337.6600036621094,43.16999816894531,51.86000061035156,26.229999542236328,18.03499984741211,27.389999389648438,109.30999755859375,37.40999984741211,98.62000274658203,84.47000122070312,221.47999572753906,423.5199890136719,38.27000045776367,26.6299991607666,61.400001525878906,51.189998626708984,39.13999938964844,84.87999725341797,13.039999961853027,44.56999969482422,222.6300048828125,45.33000183105469,146.1300048828125,114.08999633789062,142.83999633789062,38.20000076293945,76.0782470703125,57.5099983215332,61.349998474121094,13.0649995803833,36.439998626708984,127.75,145.94000244140625,19.979999542236328,115.65333557128906,95.30000305175781,331.7099914550781,42.41999816894531,50.369998931884766,25.459999084472656,17.780000686645508,27.1200008392334,108.41999816894531,36.779998779296875,99.94999694824219,85.27999877929688,223.22000122070312,424.0400085449219,38.430999755859375,26.739999771118164,61.849998474121094,51.83000183105469,39.310001373291016,85.72000122070312,13.5,45.099998474121094,223.0,45.65999984741211,147.0500030517578,114.43000030517578,142.83999633789062,38.9900016784668,76.78434753417969,58.36000061035156,61.47999954223633,13.454000473022461,36.70000076293945,128.80999755859375,148.27999877929688,20.360000610351562,116.37333679199219,96.66000366210938,335.0,43.04999923706055,51.15999984741211,26.040000915527344,17.954999923706055,27.280000686645508,108.80000305175781,37.349998474121094,9682500,35008400,2956200,484000,16140000,40538000,8299700,15471100,12037800,8294600,9144000,3497200,1848100,24199300,6354900,12718900,5063800,4602400,8415440,7739900,14115700,341088000,60633800,2245100,5551900,10300900,1369500,5329800,3702000,5242500,3000800,38469100,39506400,39974700,7674500,18351000
2020-11-23,82.72441864013672,85.30999755859375,187.12973022460938,406.8853759765625,34.448402404785156,23.988025665283203,49.85912322998047,44.14386749267578,35.1364631652832,72.22816467285156,11.038578987121582,38.90644073486328,201.04147338867188,41.639408111572266,124.15992736816406,102.53254699707031,135.60443115234375,35.84678649902344,64.37020111083984,50.826255798339844,62.59393310546875,13.098570823669434,27.687238693237305,109.88098907470703,127.76024627685547,19.18202018737793,112.33985137939453,89.60443878173828,305.3563232421875,34.11042404174805,46.24229049682617,23.192222595214844,15.558025360107422,25.132606506347656,99.3685302734375,31.740890502929688,102.18000030517578,85.30999755859375,222.22000122070312,427.1499938964844,38.70000076293945,27.389999389648438,61.91999816894531,53.29999923706055,42.709999084472656,91.02999877929688,14.479999542236328,50.380001068115234,228.8300018310547,46.060001373291016,143.8699951171875,117.87000274658203,143.3800048828125,41.220001220703125,76.6030502319336,60.27000045776367,64.18000030517578,13.140000343322754,36.52000045776367,133.64999389648438,143.82000732421875,21.610000610351562,117.44000244140625,98.12999725341797,335.05999755859375,43.09000015258789,56.09000015258789,26.299999237060547,19.170000076293945,27.690000534057617,108.5199966430664,39.36000061035156,102.76000213623047,87.54000091552734,223.1699981689453,429.6400146484375,38.915000915527344,27.520000457763672,62.0099983215332,53.630001068115234,42.84000015258789,91.58000183105469,14.529999732971191,50.459999084472656,230.0,46.209999084472656,146.00999450683594,118.16999816894531,145.6199951171875,41.349998474121094,77.4427490234375,60.77000045776367,64.5,13.382499694824219,37.09000015258789,134.16000366210938,147.0,21.649999618530273,117.8499984741211,98.93000030517578,336.260009765625,43.369998931884766,56.16999816894531,26.440000534057617,19.19499969482422,27.770000457763672,109.4000015258789,39.43000030517578,101.06999969482422,84.62000274658203,220.33999633789062,421.95001220703125,38.29999923706055,27.059999465942383,61.08000183105469,52.290000915527344,40.27000045776367,86.76000213623047,13.430000305175781,46.04999923706055,225.72999572753906,45.45000076293945,143.0399932861328,115.56999969482422,141.16000366210938,38.880001068115234,75.74427795410156,58.61000061035156,62.29999923706055,13.01550006866455,36.209999084472656,130.66000366210938,141.8800048828125,20.450000762939453,115.93333435058594,96.8499984741211,331.5899963378906,42.81999969482422,51.599998474121094,25.8700008392334,18.165000915527344,27.389999389648438,107.83999633789062,37.279998779296875,101.94000244140625,85.5199966430664,222.05999755859375,427.989990234375,38.5369987487793,27.110000610351562,61.7400016784668,52.5099983215332,40.36000061035156,87.44999694824219,13.489999771118164,46.130001068115234,226.05999755859375,45.47999954223633,146.00999450683594,116.05000305175781,145.5399932861328,39.0,76.91793823242188,58.66999816894531,62.61000061035156,13.171250343322754,37.029998779296875,132.22000122070312,142.35000610351562,20.600000381469727,116.3066635131836,97.16000366210938,335.54998779296875,43.27000045776367,51.79999923706055,25.950000762939453,18.184999465942383,27.530000686645508,109.33999633789062,37.5,7541500,46505000,2032600,596000,12212000,45421200,9591100,28923200,14643900,13379300,13055800,6339600,3371300,35489600,7318300,13209200,3794200,8987300,9498548,12647400,20612600,361356000,43673100,2151100,11649400,14791600,1374900,8802400,2535700,5943400,7368900,40691400,76324600,51870500,7747700,29367600
2020-11-24,84.16548156738281,85.06999969482422,185.6475830078125,404.1420593261719,34.91394805908203,25.38054084777832,50.90589904785156,47.25794219970703,36.535011291503906,75.87010955810547,11.663691520690918,42.02635955810547,208.65858459472656,42.498226165771484,124.15992736816406,107.27338409423828,137.0419921875,36.916446685791016,64.25796508789062,53.63446807861328,62.36961364746094,12.916898727416992,27.747892379760742,115.19210052490234,129.63462829589844,19.73236083984375,112.9520492553711,88.24386596679688,306.2221374511719,35.939048767089844,48.2209358215332,25.229265213012695,16.357437133789062,26.013015747070312,99.66156768798828,33.85371780395508,103.95999908447266,85.06999969482422,220.4600067138672,424.2699890136719,39.222999572753906,28.979999542236328,63.220001220703125,57.060001373291016,44.40999984741211,95.62000274658203,15.300000190734863,54.41999816894531,237.5,47.0099983215332,143.8699951171875,123.31999969482422,144.89999389648438,42.45000076293945,76.46946716308594,63.599998474121094,63.95000076293945,12.95775032043457,36.599998474121094,140.11000061035156,145.92999267578125,22.229999542236328,118.08000183105469,96.63999938964844,336.010009765625,45.400001525878906,58.4900016784668,28.610000610351562,20.155000686645508,28.65999984741211,108.83999633789062,41.97999954223633,104.81999969482422,86.11000061035156,223.0500030517578,427.6099853515625,39.28099822998047,28.989999771118164,63.5099983215332,57.13999938964844,45.36000061035156,95.81999969482422,15.4399995803833,54.70000076293945,238.1199951171875,47.29999923706055,144.75999450683594,123.5,145.63999938964844,42.869998931884766,77.18511199951172,63.65999984741211,64.29000091552734,13.161999702453613,36.7400016784668,140.24000549316406,146.3300018310547,22.5,118.29000091552734,98.58999633789062,340.0,45.43000030517578,59.91999816894531,28.729999542236328,20.209999084472656,28.690000534057617,109.58000183105469,42.08000183105469,102.58000183105469,83.31999969482422,219.82000732421875,423.0199890136719,38.61800003051758,27.920000076293945,61.880001068115234,54.47999954223633,43.779998779296875,93.0,14.800000190734863,51.83000183105469,230.6300048828125,46.0099983215332,143.61000061035156,119.70999908447266,143.11000061035156,41.43000030517578,76.02098846435547,60.63999938964844,62.88999938964844,12.885000228881836,36.02000045776367,136.14999389648438,141.11000061035156,21.920000076293945,116.26000213623047,96.0199966430664,334.42999267578125,43.91999816894531,56.790000915527344,27.34000015258789,19.639999389648438,28.100000381469727,108.47000122070312,40.220001220703125,102.87999725341797,85.72000122070312,222.4499969482422,425.4200134277344,38.86199951171875,27.93000030517578,61.95000076293945,54.47999954223633,44.08000183105469,93.38999938964844,15.039999961853027,52.13999938964844,231.10000610351562,46.290000915527344,144.0,120.06999969482422,143.38999938964844,42.7400016784668,76.35496520996094,61.13999938964844,64.29000091552734,13.142499923706055,36.130001068115234,136.63999938964844,143.38999938964844,22.440000534057617,118.28333282470703,98.48999786376953,336.17999267578125,44.040000915527344,58.130001068115234,27.459999084472656,19.815000534057617,28.170000076293945,109.05000305175781,40.5099983215332,9322200,36839200,3198300,610400,13455000,80387800,13510100,32890900,15439200,17257400,15283200,10364300,3915200,33901200,11034800,20121600,4127000,12176000,12790840,22357700,22625600,346500000,42485300,2933900,10800800,20774100,1824600,7022800,3759700,8718100,8712000,80523400,106932000,60983200,9615900,46979300
2020-11-25,84.35978698730469,86.70999908447266,185.52133178710938,403.3895263671875,34.789337158203125,25.42432975769043,50.599918365478516,47.25794219970703,35.8933219909668,73.10889434814453,11.526472091674805,40.92975616455078,207.81517028808594,42.53438186645508,123.9959716796875,106.15122985839844,136.90011596679688,36.0728874206543,64.19380950927734,53.533260345458984,61.86247253417969,13.193024635314941,27.694826126098633,115.63605499267578,127.99121856689453,19.616968154907227,112.70335388183594,89.02001190185547,303.65203857421875,35.36907958984375,46.52260208129883,25.211624145507812,15.975992202758789,25.922252655029297,99.2952880859375,32.91020202636719,104.19999694824219,86.70999908447266,220.30999755859375,423.4800109863281,39.08300018310547,29.030000686645508,62.84000015258789,57.060001373291016,43.630001068115234,92.13999938964844,15.119999885559082,53.0,236.5399932861328,47.04999923706055,143.67999267578125,122.02999877929688,144.75,41.47999954223633,76.39312744140625,63.47999954223633,63.43000030517578,13.234749794006348,36.529998779296875,140.64999389648438,144.0800018310547,22.100000381469727,117.81999969482422,97.48999786376953,333.19000244140625,44.68000030517578,56.43000030517578,28.59000015258789,19.684999465942383,28.559999465942383,108.44000244140625,40.810001373291016,104.45999908447266,87.83999633789062,223.77000427246094,424.67999267578125,39.54999923706055,29.040000915527344,63.5,57.15999984741211,44.439998626708984,94.68000030517578,15.329999923706055,54.779998779296875,237.4499969482422,47.18000030517578,144.1699981689453,122.37999725341797,145.33999633789062,42.209999084472656,76.77481079101562,63.77000045776367,64.0,13.269499778747559,36.560001373291016,141.82000732421875,147.49000549316406,22.309999465942383,118.72666931152344,97.98999786376953,338.82000732421875,44.900001525878906,57.790000915527344,28.690000534057617,20.024999618530273,28.579999923706055,109.05000305175781,41.709999084472656,103.38999938964844,85.5199966430664,218.9199981689453,420.75,38.900001525878906,28.479999542236328,62.20000076293945,55.33000183105469,43.36000061035156,92.13999938964844,14.850000381469727,53.0,232.42999267578125,46.56999969482422,142.86000061035156,120.47000122070312,142.61000061035156,41.34000015258789,75.9542007446289,62.25,62.61000061035156,13.020000457763672,36.2400016784668,137.47999572753906,144.0399932861328,21.65999984741211,117.33333587646484,96.13999938964844,329.1400146484375,44.369998931884766,56.36000061035156,28.0,19.575000762939453,28.219999313354492,107.98999786376953,40.650001525878906,103.81999969482422,85.76000213623047,221.10000610351562,423.260009765625,39.284000396728516,28.709999084472656,63.41999816894531,56.27000045776367,44.0,94.68000030517578,15.079999923706055,53.880001068115234,235.0,47.029998779296875,144.05999755859375,121.37000274658203,144.89999389648438,41.88999938964844,76.46946716308594,63.0,63.65999984741211,13.032500267028809,36.529998779296875,139.10000610351562,145.9499969482422,21.729999542236328,118.25333404541016,96.19999694824219,338.82000732421875,44.900001525878906,57.41999816894531,28.329999923706055,20.024999618530273,28.5,108.97000122070312,41.66999816894531,6368100,41349700,2550300,308200,11787000,57249900,9520600,28250500,15644800,10556600,8835500,7565600,2272800,28126900,7594600,11715600,3223700,5782500,6023590,11509700,12468500,259916000,26955800,3066400,6398900,12188700,974100,5194900,3145100,5407800,4372400,38875500,71352400,45204600,11671800,28178200
2020-11-27,84.91841125488281,87.19000244140625,189.31072998046875,417.00152587890625,35.156063079833984,25.389301300048828,50.76901626586914,46.93495178222656,35.19404602050781,72.45032501220703,11.267276763916016,39.717308044433594,206.81361389160156,42.89601135253906,124.27217102050781,105.44661712646484,139.4442596435547,36.02070236206055,64.03346252441406,53.836849212646484,62.64269256591797,13.219439506530762,28.225522994995117,114.92900085449219,127.7691421508789,19.421688079833984,114.04576110839844,90.16142272949219,307.9810485839844,34.997032165527344,46.67923355102539,25.096986770629883,15.789328575134277,25.840559005737305,100.21097564697266,32.41022491455078,104.88999938964844,87.19000244140625,224.80999755859375,437.7699890136719,39.494998931884766,28.989999771118164,63.04999923706055,56.66999816894531,42.779998779296875,91.30999755859375,14.779999732971191,51.43000030517578,235.39999389648438,47.45000076293945,144.0,121.22000122070312,147.44000244140625,41.41999816894531,76.2022933959961,63.84000015258789,64.2300033569336,13.261249542236328,37.22999954223633,139.7899932861328,143.8300018310547,21.8799991607666,119.22333526611328,98.73999786376953,337.94000244140625,44.209999084472656,56.619998931884766,28.459999084472656,19.454999923706055,28.469999313354492,109.44000244140625,40.189998626708984,105.80000305175781,88.0,226.2100067138672,438.7200012207031,39.91699981689453,29.100000381469727,63.689998626708984,57.2400016784668,43.90999984741211,92.58999633789062,15.229999542236328,53.380001068115234,237.3000030517578,48.099998474121094,144.66000366210938,122.3499984741211,147.9199981689453,41.88999938964844,76.98473358154297,63.959999084472656,64.80000305175781,13.407500267028809,37.2599983215332,140.69000244140625,146.42999267578125,22.110000610351562,119.91999816894531,99.2699966430664,338.8999938964844,44.7400016784668,57.20000076293945,28.6299991607666,19.735000610351562,28.59000015258789,109.5199966430664,40.939998626708984,104.30000305175781,86.36000061035156,221.38999938964844,428.7799987792969,39.29999923706055,28.809999465942383,62.880001068115234,56.119998931884766,42.400001525878906,90.54000091552734,14.65999984741211,51.130001068115234,233.7899932861328,47.36000061035156,143.22000122070312,121.08000183105469,145.36000061035156,41.040000915527344,75.91603088378906,63.06999969482422,63.5099983215332,13.170499801635742,36.75,138.75,143.6999969482422,21.709999084472656,118.56666564941406,98.05000305175781,331.8399963378906,44.04999923706055,55.79999923706055,28.18000030517578,19.299999237060547,28.360000610351562,108.52999877929688,39.869998931884766,104.9800033569336,87.98999786376953,221.41000366210938,429.3299865722656,39.314998626708984,28.969999313354492,63.279998779296875,57.0,43.400001525878906,91.33000183105469,14.979999542236328,52.09000015258789,237.0,47.36000061035156,144.5,122.0,145.64999389648438,41.15999984741211,76.62213897705078,63.47999954223633,63.83000183105469,13.375,36.779998779296875,140.60000610351562,145.49000549316406,21.969999313354492,118.56666564941406,98.54000091552734,333.5299987792969,44.70000076293945,55.93000030517578,28.59000015258789,19.575000762939453,28.559999465942383,108.87999725341797,40.70000076293945,4418800,22717600,1698300,432500,6846000,25971600,4178800,14267100,4694000,4627700,4805800,2187000,1050400,15921400,3059000,5983600,1754000,4122200,5644528,5581500,7500200,167276000,25277000,1178200,3878000,6550900,1713300,4367100,1558600,2871800,1755000,20281400,37510800,26981200,4443900,14971900
2020-11-30,84.66743469238281,92.66000366210938,186.97813415527344,416.96343994140625,35.74622344970703,24.662389755249023,50.24563217163086,45.609798431396484,32.5450325012207,69.17335510253906,10.665034294128418,36.203529357910156,202.5789794921875,43.70962142944336,124.85897827148438,102.5412368774414,137.75132751464844,33.81180953979492,64.45841217041016,52.14180374145508,62.50613784790039,13.359248161315918,29.0443115234375,113.51490783691406,130.7362060546875,18.454153060913086,115.36580657958984,88.59086608886719,306.52288818359375,34.205421447753906,44.32961654663086,24.11815071105957,14.916877746582031,25.305051803588867,100.48564910888672,30.748981475830078,104.58000183105469,92.66000366210938,222.0399932861328,437.7300109863281,40.15800094604492,28.15999984741211,62.400001525878906,55.06999969482422,39.560001373291016,87.18000030517578,13.989999771118164,46.880001068115234,230.5800018310547,48.349998474121094,144.67999267578125,117.87999725341797,145.64999389648438,38.880001068115234,76.70801544189453,61.83000183105469,64.08999633789062,13.40149974822998,38.310001373291016,138.07000732421875,147.1699981689453,20.790000915527344,120.60333251953125,97.0199966430664,336.3399963378906,43.209999084472656,53.77000045776367,27.350000381469727,18.3799991607666,27.8799991607666,109.73999786376953,38.130001068115234,105.41999816894531,92.73999786376953,225.27999877929688,441.2900085449219,40.215999603271484,28.860000610351562,63.27000045776367,56.540000915527344,42.040000915527344,90.8499984741211,14.630000114440918,50.810001373291016,235.0,48.5,144.86000061035156,120.72000122070312,148.1699981689453,41.4900016784668,76.85114288330078,63.83000183105469,65.25,13.412500381469727,38.79999923706055,139.5399932861328,147.2899932861328,21.979999542236328,120.74333190917969,97.94999694824219,337.94000244140625,44.58000183105469,56.38999938964844,28.559999465942383,19.264999389648438,28.3799991607666,109.83999633789062,39.880001068115234,103.6500015258789,86.52999877929688,219.4499969482422,433.6700134277344,39.27399826049805,28.100000381469727,61.9900016784668,55.0,39.540000915527344,86.9000015258789,13.960000038146973,46.720001220703125,230.36000061035156,47.27000045776367,143.05999755859375,117.7699966430664,144.89999389648438,38.63999938964844,75.77290344238281,61.59000015258789,63.58000183105469,12.972249984741211,37.599998474121094,137.77000427246094,144.0500030517578,20.780000686645508,117.913330078125,96.19999694824219,330.2900085449219,43.06999969482422,53.709999084472656,27.280000686645508,18.350000381469727,27.829999923706055,108.9000015258789,37.970001220703125,105.12000274658203,87.33000183105469,224.3300018310547,440.5400085449219,39.402000427246094,28.719999313354492,63.04999923706055,56.13999938964844,41.93000030517578,90.01000213623047,14.569999694824219,50.7599983215332,232.0500030517578,47.41999816894531,144.22999572753906,120.0,146.33999633789062,40.83000183105469,76.33587646484375,63.58000183105469,64.55999755859375,13.265000343322754,37.95000076293945,138.27999877929688,144.6300048828125,21.959999084472656,119.42333221435547,97.55999755859375,335.1099853515625,44.290000915527344,55.70000076293945,28.43000030517578,19.239999771118164,28.299999237060547,109.4800033569336,39.79999923706055,20726500,84483000,4857700,508500,15454000,63567900,14996600,23359300,20248600,14288400,11359000,9701300,2705400,46332700,15663200,14411800,5842200,13248200,14501910,15610700,20373500,286952000,65425900,4297600,8712500,21516100,1874100,13840500,5265700,14916400,5482200,48211000,83087200,72524200,12723400,45614300
2020-12-01,84.23026275634766,92.62999725341797,189.53811645507812,427.92742919921875,36.01237487792969,25.12656021118164,50.2536735534668,45.94109344482422,32.30644989013672,69.38758850097656,10.672658920288086,35.93323516845703,205.00811767578125,44.80349349975586,127.24950408935547,104.1592025756836,137.66622924804688,34.3075065612793,65.3885269165039,53.36459732055664,65.42225646972656,13.347783088684082,29.878259658813477,115.69361114501953,134.3694610595703,18.815818786621094,117.26940155029297,92.09721374511719,310.94287109375,35.02869415283203,44.84901428222656,24.744247436523438,14.985861778259277,25.695343017578125,101.32807922363281,31.047359466552734,104.04000091552734,92.62999725341797,225.0800018310547,449.239990234375,40.457000732421875,28.690000534057617,62.40999984741211,55.470001220703125,39.27000045776367,87.44999694824219,14.0,46.529998779296875,232.0800018310547,49.560001373291016,147.4499969482422,119.73999786376953,145.55999755859375,39.45000076293945,77.81488800048828,63.279998779296875,67.08000183105469,13.390000343322754,39.40999984741211,140.72000122070312,151.25999450683594,21.06999969482422,122.59333038330078,100.86000061035156,341.19000244140625,44.25,54.400001525878906,28.059999465942383,18.46500015258789,28.309999465942383,110.66000366210938,38.5,106.37999725341797,93.9000015258789,225.77999877929688,451.7300109863281,40.667999267578125,29.040000915527344,63.7400016784668,56.7400016784668,40.95000076293945,89.70999908447266,14.59000015258789,48.81999969482422,234.8699951171875,50.22999954223633,149.1300048828125,121.58000183105469,148.05999755859375,41.279998779296875,78.6832046508789,63.79999923706055,68.62999725341797,13.5287504196167,40.5,141.39999389648438,152.38999938964844,21.579999923706055,123.37000274658203,104.30000305175781,354.1000061035156,44.560001373291016,55.810001373291016,28.68000030517578,18.9950008392334,28.56999969482422,111.87000274658203,39.650001525878906,104.04000091552734,90.77999877929688,222.72000122070312,444.4800109863281,40.012001037597656,28.670000076293945,62.34000015258789,55.400001525878906,39.220001220703125,87.06999969482422,13.899999618530273,46.45000076293945,231.35000610351562,48.709999084472656,145.86000061035156,119.62999725341797,145.25999450683594,39.31999969482422,77.11832427978516,62.77000045776367,65.13999938964844,13.228249549865723,39.0099983215332,139.88999938964844,147.7899932861328,20.8700008392334,121.2699966430664,98.5199966430664,339.92999267578125,44.0099983215332,54.27000045776367,28.040000915527344,18.434999465942383,28.290000915527344,110.47000122070312,38.470001220703125,105.05000305175781,92.25,224.8800048828125,447.1000061035156,40.34600067138672,28.739999771118164,63.150001525878906,56.54999923706055,40.900001525878906,89.27999877929688,14.420000076293945,48.470001220703125,231.9600067138672,48.75,146.2899932861328,120.33999633789062,146.69000244140625,40.220001220703125,77.24236297607422,63.119998931884766,65.25,13.492250442504883,39.400001525878906,140.24000549316406,148.7899932861328,21.3700008392334,121.66666412353516,98.69000244140625,344.7699890136719,44.310001373291016,54.900001525878906,28.149999618530273,18.889999389648438,28.399999618530273,110.80000305175781,38.959999084472656,7623500,58583600,3050600,685100,18181000,50255100,9870500,23497900,12424900,9913600,6989500,4337800,2577600,57768000,9738200,12668900,3954400,5942200,10166543,15857200,36160400,296948000,72499700,3129500,11906100,12717300,2005200,16157300,3817700,6850700,4155600,41924200,68935600,53972100,12682400,32472900
2020-12-02,84.99937438964844,93.73999786376953,190.78439331054688,429.6039123535156,35.9376106262207,25.45060157775879,50.068477630615234,47.373905181884766,32.88233184814453,71.3077392578125,11.282524108886719,36.92945098876953,209.92840576171875,45.110862731933594,127.84495544433594,106.1599349975586,137.28793334960938,35.29020690917969,65.61302185058594,53.988643646240234,67.402099609375,13.501795768737793,30.93208122253418,116.2362289428711,133.8074188232422,19.324840545654297,117.61376190185547,90.89192962646484,316.7481689453125,35.36907958984375,47.87467575073242,25.458534240722656,15.472810745239258,25.976709365844727,102.08808135986328,32.208614349365234,104.98999786376953,93.73999786376953,226.55999755859375,451.0,40.37300109863281,29.059999465942383,62.18000030517578,57.20000076293945,39.970001220703125,89.87000274658203,14.800000190734863,47.81999969482422,237.64999389648438,49.900001525878906,148.13999938964844,122.04000091552734,145.16000366210938,40.58000183105469,78.08206176757812,64.0199966430664,69.11000061035156,13.544500350952148,40.79999923706055,141.3800048828125,149.97999572753906,21.639999389648438,122.95333099365234,99.54000091552734,347.55999755859375,44.68000030517578,58.06999969482422,28.8700008392334,19.065000534057617,28.6200008392334,111.48999786376953,39.939998626708984,105.37999725341797,96.37000274658203,230.0800018310547,452.1099853515625,40.54100036621094,29.18000030517578,62.83000183105469,57.41999816894531,40.970001220703125,91.30999755859375,15.279999732971191,49.06999969482422,238.1300048828125,50.060001373291016,149.7100067138672,122.30999755859375,147.08999633789062,41.22999954223633,78.95037841796875,64.26000213623047,69.38999938964844,13.673500061035156,41.40999984741211,141.69000244140625,151.49000549316406,22.06999969482422,123.55999755859375,102.04000091552734,351.8299865722656,44.83000183105469,58.15999984741211,28.989999771118164,19.354999542236328,28.670000076293945,111.68000030517578,40.41999816894531,103.31999969482422,92.52999877929688,224.61000061035156,444.260009765625,40.111000061035156,28.530000686645508,61.900001525878906,55.25,38.83000183105469,87.0999984741211,13.779999732971191,46.310001373291016,231.5800018310547,49.18000030517578,147.6999969482422,119.2699966430664,144.3800048828125,38.7400016784668,77.5667953491211,62.88999938964844,66.76000213623047,13.23425006866455,40.29999923706055,139.63999938964844,149.6199951171875,20.8700008392334,122.12666320800781,99.5199966430664,341.5,43.959999084472656,53.54999923706055,27.850000381469727,18.344999313354492,28.219999313354492,110.66999816894531,38.34000015258789,104.0,92.88999938964844,225.0800018310547,447.1600036621094,40.4739990234375,28.690000534057617,62.40999984741211,55.36000061035156,39.18000030517578,87.26000213623047,13.899999618530273,46.58000183105469,232.0800018310547,49.220001220703125,147.85000610351562,119.69999694824219,145.36000061035156,39.0,78.18701934814453,63.06999969482422,67.61000061035156,13.350500106811523,40.470001220703125,139.89999389648438,150.50999450683594,20.950000762939453,122.25,102.0,341.7699890136719,44.189998626708984,53.689998626708984,27.989999771118164,18.405000686645508,28.270000457763672,110.73999786376953,38.38999938964844,5492200,57988800,2641200,1050700,10031000,45257500,8077200,26796800,12460200,10509600,11248500,9378500,2136300,33753500,7745500,10811300,3757400,5792600,7165805,10790700,23298900,283360000,84347500,1849400,7800300,9741900,2141400,8676300,2864300,5822700,5276000,35508000,75483600,57471800,8552400,29369500
2020-12-03,84.79696655273438,92.30999755859375,191.07913208007812,431.4137878417969,35.58778762817383,25.477041244506836,49.74638366699219,46.86040496826172,33.89421844482422,71.25220489501953,11.671314239501953,37.19974136352539,208.0027313232422,46.096248626708984,128.58712768554688,105.4640121459961,136.29483032226562,35.64676284790039,65.30833435058594,54.022377014160156,68.17259216308594,13.357712745666504,30.39379119873047,116.12934112548828,133.74496459960938,19.708837509155273,117.76680755615234,90.85538482666016,317.76885986328125,35.59865188598633,47.74275588989258,25.714269638061523,15.635125160217285,25.98578643798828,101.95988464355469,32.42634582519531,104.73999786376953,92.30999755859375,226.91000366210938,452.8999938964844,39.97999954223633,28.90999984741211,61.779998779296875,56.58000183105469,41.20000076293945,89.80000305175781,15.3100004196167,48.16999816894531,235.47000122070312,50.9900016784668,149.0,121.23999786376953,144.11000061035156,40.9900016784668,77.71946716308594,64.05999755859375,69.9000015258789,13.395999908447266,40.09000015258789,141.25,149.91000366210938,22.06999969482422,123.11333465576172,99.5,348.67999267578125,44.970001220703125,57.90999984741211,29.15999984741211,19.264999389648438,28.6299991607666,111.3499984741211,40.209999084472656,105.69999694824219,94.69999694824219,228.4499969482422,459.2200012207031,40.66400146484375,29.100000381469727,62.290000915527344,57.45000076293945,42.150001525878906,91.11000061035156,15.649999618530273,48.849998474121094,238.85000610351562,51.11000061035156,149.5800018310547,121.88999938964844,146.5,41.93000030517578,78.21565246582031,64.62000274658203,71.12000274658203,13.65999984741211,41.029998779296875,142.1300048828125,152.77000427246094,22.440000534057617,124.38999938964844,101.19000244140625,352.7699890136719,45.349998474121094,59.15999984741211,29.489999771118164,19.5,28.799999237060547,111.79000091552734,40.63999938964844,104.30000305175781,92.01000213623047,225.52000427246094,452.30999755859375,39.810001373291016,28.6299991607666,61.58000183105469,56.20000076293945,39.630001068115234,89.06999969482422,14.59000015258789,47.720001220703125,234.63999938964844,49.779998779296875,147.69000244140625,120.36000061035156,143.1300048828125,40.25,77.11832427978516,63.81999969482422,69.55000305175781,13.329000473022461,39.52000045776367,139.83999633789062,149.63999938964844,21.739999771118164,122.94667053222656,99.43000030517578,346.489990234375,44.439998626708984,57.06999969482422,28.790000915527344,18.954999923706055,28.459999084472656,110.87000274658203,39.72999954223633,105.0,94.05999755859375,226.0,457.010009765625,40.45000076293945,28.940000534057617,62.0,57.380001068115234,40.04999923706055,90.58000183105469,14.90999984741211,48.75,237.2899932861328,49.91999816894531,148.0399932861328,121.8499984741211,145.6999969482422,40.75,78.18701934814453,64.05999755859375,70.56999969482422,13.587499618530273,40.97999954223633,140.72000122070312,151.0399932861328,21.850000381469727,123.66666412353516,101.05999755859375,347.8999938964844,44.7599983215332,58.209999084472656,28.940000534057617,19.149999618530273,28.639999389648438,111.44999694824219,40.06999969482422,4693600,35859700,2167800,677900,16120000,54013700,10944900,18776100,16215400,8249800,10305600,16458000,2142600,50261200,7310500,12904400,4059600,4191500,7085109,11757900,20462300,199520000,68570100,2609900,6355300,12517400,1096800,7359000,4169200,6192000,4011100,41264600,72975400,49566000,9795700,27038900
2020-12-04,86.85335540771484,94.04000091552734,193.01593017578125,442.35870361328125,36.645267486572266,25.811920166015625,50.173152923583984,48.549964904785156,36.41983413696289,74.01343536376953,12.746203422546387,40.92975616455078,211.63327026367188,47.000267028808594,129.68316650390625,106.42089080810547,140.39947509765625,37.31647872924805,65.70122528076172,54.81509017944336,71.5275650024414,13.51949691772461,30.583328247070312,117.18170166015625,140.6235809326172,20.941198348999023,120.97769165039062,94.7178726196289,320.0188293457031,35.91529083251953,50.51283264160156,26.058183670043945,16.487287521362305,26.3034610748291,103.04955291748047,33.611793518066406,107.27999877929688,94.04000091552734,229.2100067138672,464.3900146484375,41.167999267578125,29.290000915527344,62.310001373291016,58.619998931884766,44.27000045776367,93.27999877929688,16.719999313354492,53.0,239.5800018310547,51.9900016784668,150.27000427246094,122.33999633789062,148.4499969482422,42.90999984741211,78.18701934814453,65.0,73.33999633789062,13.558250427246094,40.34000015258789,142.52999877929688,157.6199951171875,23.450000762939453,126.47000122070312,103.7300033569336,349.8900146484375,45.369998931884766,61.27000045776367,29.549999237060547,20.315000534057617,28.979999542236328,112.54000091552734,41.68000030517578,107.30999755859375,94.58000183105469,230.3300018310547,464.5,41.2400016784668,29.43000030517578,62.310001373291016,58.81999969482422,44.349998474121094,93.44999694824219,16.739999771118164,53.0099983215332,239.75,52.650001525878906,150.30999755859375,123.29000091552734,148.72000122070312,43.560001373291016,78.20610809326172,65.19000244140625,74.37999725341797,13.5600004196167,40.45000076293945,143.5,158.08999633789062,23.5,126.54666900634766,103.75,351.4700012207031,45.630001068115234,61.66999816894531,29.969999313354492,20.329999923706055,29.030000686645508,112.55999755859375,41.7599983215332,105.0199966430664,90.62999725341797,225.75,453.4700012207031,40.23899841308594,29.0,61.650001525878906,57.310001373291016,42.11000061035156,90.91999816894531,15.65999984741211,49.2599983215332,236.9499969482422,51.0,149.27000427246094,121.69000244140625,144.0,41.720001220703125,77.39503479003906,64.27999877929688,70.54000091552734,13.388750076293945,39.88999938964844,141.42999267578125,150.0,22.459999084472656,123.47000122070312,100.69999694824219,345.75,45.040000915527344,59.060001373291016,29.34000015258789,19.614999771118164,28.799999237060547,111.25,40.650001525878906,105.0199966430664,92.58000183105469,225.75,454.0,40.2400016784668,29.200000762939453,61.790000915527344,57.560001373291016,42.290000915527344,91.22000122070312,15.75,49.33000183105469,237.6999969482422,51.060001373291016,149.7899932861328,122.4800033569336,144.07000732421875,41.849998474121094,77.42366027832031,64.51000213623047,71.11000061035156,13.44849967956543,39.88999938964844,142.8000030517578,150.3000030517578,22.559999465942383,123.66666412353516,101.51000213623047,346.0,45.38999938964844,59.16999816894531,29.5,19.614999771118164,28.81999969482422,111.38999938964844,40.77000045776367,7235800,45570300,2008800,660800,20083000,66188200,8159000,24696000,12730500,10791100,13820300,7008400,2373000,39767700,6747100,13583700,3058600,5557700,8651554,10169700,31860800,202244000,35368100,1526100,12759900,16201300,1624500,10824500,3255100,6634900,5207100,47168800,103700400,52713100,7859600,28723600
2020-12-07,85.68753814697266,94.06999969482422,190.69178771972656,447.44537353515625,37.465087890625,25.635665893554688,49.27935028076172,48.144142150878906,35.226959228515625,72.013916015625,12.15920639038086,39.82542419433594,210.6350555419922,45.382076263427734,128.5612335205078,106.02073669433594,139.4253692626953,36.70771789550781,66.15826416015625,54.19105529785156,70.81561279296875,13.567859649658203,31.273235321044922,116.58978271484375,140.98043823242188,20.387523651123047,121.58992004394531,97.14677429199219,318.16217041015625,35.464073181152344,49.02062225341797,25.873003005981445,16.101787567138672,26.121932983398438,102.41770935058594,32.982784271240234,105.83999633789062,94.06999969482422,226.4499969482422,469.7300109863281,42.0890007019043,29.09000015258789,61.20000076293945,58.130001068115234,42.81999969482422,90.76000213623047,15.949999809265137,51.56999969482422,238.4499969482422,50.20000076293945,148.97000122070312,121.87999725341797,147.4199981689453,42.209999084472656,78.73091888427734,64.26000213623047,72.61000061035156,13.606749534606934,41.25,141.80999755859375,158.02000427246094,22.829999923706055,127.11000061035156,106.38999938964844,347.8599853515625,44.79999923706055,59.459999084472656,29.34000015258789,19.84000015258789,28.780000686645508,111.8499984741211,40.900001525878906,107.20999908447266,95.0,229.2100067138672,471.010009765625,42.284000396728516,29.149999618530273,62.59000015258789,58.61000061035156,43.439998626708984,92.37999725341797,16.520000457763672,52.66999816894531,239.85000610351562,51.290000915527344,149.91000366210938,122.16999816894531,148.3300018310547,42.7400016784668,79.6469497680664,65.18000030517578,73.4000015258789,13.731249809265137,41.400001525878906,141.9499969482422,158.97000122070312,23.360000610351562,127.19999694824219,107.61000061035156,349.8900146484375,45.040000915527344,60.869998931884766,29.6299991607666,20.1200008392334,28.860000610351562,112.5199966430664,41.540000915527344,104.95999908447266,92.97000122070312,225.11000061035156,464.1000061035156,41.33399963378906,28.690000534057617,60.970001220703125,57.279998779296875,42.52000045776367,89.87999725341797,15.899999618530273,51.099998474121094,235.4499969482422,49.560001373291016,148.50999450683594,120.20999908447266,146.47999572753906,40.88999938964844,78.29198455810547,63.880001068115234,71.4800033569336,13.5,40.369998931884766,139.52000427246094,156.7100067138672,22.709999084472656,125.9000015258789,104.97000122070312,345.2200012207031,44.38999938964844,59.06999969482422,29.06999969482422,19.649999618530273,28.610000610351562,111.44000244140625,40.66999816894531,107.04000091552734,94.94999694824219,229.0,464.55999755859375,41.64099884033203,28.899999618530273,62.189998626708984,58.150001525878906,43.349998474121094,91.81999969482422,16.40999984741211,52.279998779296875,238.5399932861328,51.0,149.35000610351562,121.1500015258789,147.3000030517578,42.25,78.30152893066406,64.54000091552734,73.29000091552734,13.601249694824219,40.65999984741211,141.44000244140625,158.5500030517578,23.299999237060547,127.1866683959961,106.0199966430664,348.7200012207031,44.869998931884766,60.65999984741211,29.420000076293945,20.075000762939453,28.809999465942383,112.41999816894531,41.41999816894531,6532500,39815700,2250300,632900,19707000,42197800,8974000,21280900,10586100,9398400,10100800,5689800,1788600,51040300,6634700,9724300,2637200,5835300,8829190,10402100,17460600,223244000,48253700,1634300,7009300,10067500,1657800,11793000,2999400,7054500,4660000,31713000,69313200,34631600,5803200,24899400
2020-12-08,87.18528747558594,92.91999816894531,192.78855895996094,446.3404235839844,37.68940353393555,25.494667053222656,49.21493911743164,48.33463668823242,35.11177062988281,72.63282012939453,12.174454689025879,40.273345947265625,210.97958374023438,45.825042724609375,130.7877960205078,106.1251449584961,141.20338439941406,36.916446685791016,66.69548034667969,53.8958854675293,71.38125610351562,13.31184196472168,32.26639938354492,116.2773208618164,141.6763153076172,20.744735717773438,121.98210144042969,96.46195220947266,318.16217041015625,35.60657501220703,48.62489700317383,25.520265579223633,16.34120750427246,26.11286163330078,103.19602966308594,34.06338882446289,107.69000244140625,92.91999816894531,228.94000244140625,468.57000732421875,42.340999603271484,28.93000030517578,61.119998931884766,58.36000061035156,42.68000030517578,91.54000091552734,15.970000267028809,52.150001525878906,238.83999633789062,50.689998626708984,151.5500030517578,122.0,149.3000030517578,42.45000076293945,79.37023162841797,63.90999984741211,73.19000244140625,13.350000381469727,42.560001373291016,141.42999267578125,158.8000030517578,23.229999542236328,127.5199966430664,105.63999938964844,347.8599853515625,44.97999954223633,58.97999954223633,28.940000534057617,20.135000228881836,28.770000457763672,112.69999694824219,42.2400016784668,108.3499984741211,94.73999786376953,229.10000610351562,470.8500061035156,42.66999816894531,29.149999618530273,61.779998779296875,58.400001525878906,43.439998626708984,92.45999908447266,16.5,52.22999954223633,239.19000244140625,50.720001220703125,152.13999938964844,122.33000183105469,150.13999938964844,43.310001373291016,79.90457916259766,64.37999725341797,73.55000305175781,13.598750114440918,42.77000045776367,142.42999267578125,159.2899932861328,23.299999237060547,128.01666259765625,107.83999633789062,349.8999938964844,45.02000045776367,60.09000015258789,29.299999237060547,20.334999084472656,28.84000015258789,112.79000091552734,42.59000015258789,105.5999984741211,91.9000015258789,226.35000610351562,464.94000244140625,41.816001892089844,28.770000457763672,60.849998474121094,57.36000061035156,41.70000076293945,90.19000244140625,15.670000076293945,51.02000045776367,236.5800018310547,49.810001373291016,149.5500030517578,120.76000213623047,146.91000366210938,41.4900016784668,78.49236297607422,63.40999984741211,71.9800033569336,13.281499862670898,41.349998474121094,139.8000030517578,155.8699951171875,22.440000534057617,126.39666748046875,105.11000061035156,344.0799865722656,44.150001525878906,58.349998474121094,28.399999618530273,19.59000015258789,28.510000228881836,111.54000091552734,40.439998626708984,105.69999694824219,94.05000305175781,229.00999450683594,465.9200134277344,41.928001403808594,28.860000610351562,61.16999816894531,57.47999954223633,42.0,90.33999633789062,15.75,51.720001220703125,237.00999450683594,49.83000183105469,150.0,121.04000091552734,146.97999572753906,41.54999923706055,78.52098846435547,63.470001220703125,72.0,13.585000038146973,41.400001525878906,140.05999755859375,157.4600067138672,22.5,127.0199966430664,107.77999877929688,344.75,44.25,58.5,29.030000686645508,19.594999313354492,28.510000228881836,111.58000183105469,40.529998779296875,6688200,33907500,2124500,738800,18121000,33869100,10830600,15511700,10575500,7627300,10695900,4818500,1371800,28956500,8339800,9592100,2754400,4107200,8664969,6386200,15431100,271920000,87039300,1364800,6088300,8064600,1203000,9876200,2471200,5289500,4539900,32209500,57854600,31628500,7953200,32573800
2020-12-09,87.97866821289062,89.83000183105469,193.5548858642578,431.4042663574219,37.04939270019531,25.38010597229004,49.053897857666016,48.82327651977539,35.128231048583984,71.76001739501953,11.976247787475586,40.89885711669922,214.495361328125,45.2645378112793,132.12547302246094,105.29875183105469,149.4315948486328,37.0816764831543,66.92802429199219,54.283809661865234,69.64527893066406,12.893789291381836,31.728120803833008,117.7983169555664,139.19610595703125,20.869752883911133,118.54481506347656,95.34796142578125,315.00665283203125,36.295265197753906,48.476505279541016,25.61726951599121,16.377721786499023,26.0493221282959,102.83891296386719,34.514984130859375,108.66999816894531,89.83000183105469,229.85000610351562,452.8900146484375,41.62200164794922,28.799999237060547,60.91999816894531,58.95000076293945,42.70000076293945,90.44000244140625,15.710000038146973,52.959999084472656,242.82000732421875,50.06999969482422,153.10000610351562,121.05000305175781,158.0,42.63999938964844,79.6469497680664,64.37000274658203,71.41000366210938,12.930749893188477,41.849998474121094,143.27999877929688,156.02000427246094,23.3700008392334,123.92666625976562,104.41999816894531,344.4100036621094,45.849998474121094,58.79999923706055,29.049999237060547,20.18000030517578,28.700000762939453,112.30999755859375,42.79999923706055,109.1500015258789,94.69999694824219,231.58999633789062,465.9599914550781,42.61000061035156,29.25,61.560001373291016,59.54999923706055,43.5,93.0199966430664,16.350000381469727,54.5099983215332,245.36000061035156,50.84000015258789,153.5,123.30000305175781,158.94000244140625,43.880001068115234,80.03816986083984,65.43000030517578,74.61000061035156,13.413999557495117,43.08000183105469,143.82000732421875,161.07000732421875,23.790000915527344,127.88333129882812,106.5999984741211,349.4100036621094,46.150001525878906,61.31999969482422,29.239999771118164,20.670000076293945,28.950000762939453,113.16000366210938,43.72999954223633,107.62999725341797,89.16000366210938,227.8800048828125,450.5199890136719,41.367000579833984,28.75,60.33000183105469,58.29999923706055,41.720001220703125,89.37000274658203,15.350000381469727,52.02000045776367,239.52999877929688,49.72999954223633,151.75999450683594,120.44000244140625,153.67999267578125,41.939998626708984,78.7595443725586,64.0999984741211,70.77999877929688,12.868249893188477,41.130001068115234,141.49000549316406,155.5500030517578,22.969999313354492,123.17333221435547,103.51000213623047,341.6099853515625,45.2400016784668,57.720001220703125,28.610000610351562,19.934999465942383,28.59000015258789,111.80999755859375,42.380001068115234,107.9000015258789,92.76000213623047,229.77999877929688,463.79998779296875,41.946998596191406,29.25,61.5,59.15999984741211,43.279998779296875,92.19999694824219,16.209999084472656,52.83000183105469,240.0,50.279998779296875,152.8300018310547,123.16999816894531,154.58999633789062,43.18000030517578,79.98091888427734,64.69999694824219,73.1500015258789,13.30049991607666,43.06999969482422,142.66000366210938,158.60000610351562,23.299999237060547,127.03666687011719,106.01000213623047,348.8900146484375,45.380001068115234,60.0,29.239999771118164,20.34000015258789,28.93000030517578,113.1500015258789,42.709999084472656,7350700,52170400,2210000,868800,20908000,54886300,10244500,27278200,10773100,11129400,11767500,6915600,3552300,34068400,8440100,13073900,8364400,4302200,7168320,10145500,18367300,401300000,86118500,2053900,7947200,15063300,1949400,8204100,2600400,9415200,4383200,35276000,86691800,47589600,7386400,37824800
2020-12-10,87.02337646484375,91.66000366210938,192.13174438476562,436.08135986328125,36.499290466308594,25.653295516967773,48.474143981933594,50.10701370239258,36.19770050048828,74.0689926147461,12.720924377441406,42.22715759277344,215.89105224609375,45.436309814453125,131.39193725585938,104.62024688720703,152.26889038085938,38.116546630859375,66.54313659667969,54.34284973144531,69.5184555053711,12.935171127319336,31.63714599609375,118.38202667236328,138.95523071289062,20.87868881225586,118.37899780273438,95.17446899414062,310.65301513671875,36.508995056152344,49.358638763427734,26.005277633666992,16.880903244018555,26.09469985961914,102.66496276855469,35.49075698852539,107.48999786376953,91.66000366210938,228.16000366210938,457.79998779296875,41.00400161743164,29.110000610351562,60.20000076293945,60.5,44.0,93.3499984741211,16.56999969482422,54.68000030517578,244.39999389648438,50.2599983215332,152.25,120.2699966430664,161.0,43.83000183105469,79.18893432617188,64.44000244140625,71.27999877929688,12.972249984741211,41.72999954223633,143.99000549316406,155.75,23.3799991607666,123.75333404541016,104.2300033569336,339.6499938964844,46.119998931884766,59.869998931884766,29.489999771118164,20.799999237060547,28.75,112.12000274658203,44.0099983215332,109.06999969482422,92.08999633789062,230.0,458.8800048828125,41.525001525878906,29.1299991607666,61.040000915527344,60.790000915527344,44.220001220703125,94.55999755859375,16.719999313354492,55.95000076293945,245.17999267578125,50.720001220703125,152.97999572753906,120.77999877929688,162.0,44.689998626708984,80.09542083740234,64.55000305175781,71.94999694824219,13.068750381469727,42.220001220703125,144.14999389648438,157.85000610351562,23.889999389648438,124.81666564941406,105.11000061035156,345.4599914550781,46.27000045776367,61.470001220703125,29.559999465942383,21.040000915527344,28.780000686645508,112.73999786376953,44.470001220703125,106.66999816894531,89.02999877929688,227.52000427246094,449.1199951171875,40.80099868774414,28.469999313354492,59.959999084472656,58.0099983215332,42.45000076293945,90.77999877929688,15.479999542236328,52.959999084472656,239.50999450683594,49.59000015258789,151.67999267578125,119.55999755859375,158.17999267578125,42.34000015258789,78.9312973022461,63.33000183105469,69.66999816894531,12.849499702453613,41.45000076293945,141.6699981689453,152.72999572753906,22.219999313354492,122.45333099365234,102.19999694824219,339.260009765625,45.349998474121094,58.209999084472656,28.540000915527344,20.149999618530273,28.389999389648438,111.88999938964844,42.7599983215332,109.05999755859375,89.55000305175781,229.6199951171875,451.1400146484375,41.14400100708008,28.6299991607666,60.90999984741211,58.040000915527344,42.61000061035156,91.55000305175781,15.579999923706055,53.0,240.0,49.65999984741211,152.82000732421875,119.98999786376953,159.8699951171875,42.45000076293945,79.8282470703125,63.599998474121094,70.13999938964844,12.869000434875488,41.81999969482422,142.5,154.4199981689453,22.469999313354492,122.86666870117188,103.0,345.1600036621094,45.540000915527344,58.220001220703125,28.719999313354492,20.204999923706055,28.479999542236328,112.29000091552734,43.20000076293945,6285700,33804400,1558100,539300,26244000,58859600,9428600,25866600,14997800,11992100,9436700,5231100,2541700,33706000,7392900,13668400,6430600,9325100,7349205,8888000,15610600,207764000,57749200,1635900,7522200,13977800,1967400,7135000,2896900,7318300,3878200,31730200,77604400,41298300,5411000,38058700
2020-12-11,86.09231567382812,91.6500015258789,191.49171447753906,431.1566162109375,36.1236457824707,25.177417755126953,48.892852783203125,48.80671310424805,35.7699089050293,73.35487365722656,12.406164169311523,41.39310836791992,211.9954833984375,44.957176208496094,131.9960174560547,104.00263214111328,151.36094665527344,37.31647872924805,66.51908874511719,53.39833068847656,68.78701782226562,12.976055145263672,31.174678802490234,118.11074829101562,128.72207641601562,20.485759735107422,117.22793579101562,94.99182891845703,308.2933654785156,36.28734588623047,48.66613006591797,25.643720626831055,16.686126708984375,25.831485748291016,102.26205444335938,35.32140350341797,106.33999633789062,91.6500015258789,227.39999389648438,452.6300048828125,40.582000732421875,28.56999969482422,60.720001220703125,58.93000030517578,43.47999954223633,92.44999694824219,16.15999984741211,53.599998474121094,239.99000549316406,49.72999954223633,152.9499969482422,119.55999755859375,160.0399932861328,42.90999984741211,79.1603012084961,63.31999969482422,70.52999877929688,13.013250350952148,41.119998931884766,143.66000366210938,144.27999877929688,22.940000534057617,122.55000305175781,104.02999877929688,337.07000732421875,45.84000015258789,59.029998779296875,29.079999923706055,20.559999465942383,28.459999084472656,111.68000030517578,43.79999923706055,107.41999816894531,92.33000183105469,227.8000030517578,457.1499938964844,40.70000076293945,28.75,61.470001220703125,59.810001373291016,43.81999969482422,93.27999877929688,16.489999771118164,54.34000015258789,241.1999969482422,50.13999938964844,153.41000366210938,120.0199966430664,161.17999267578125,43.43000030517578,79.59923553466797,63.720001220703125,71.31999969482422,13.020000457763672,42.06999969482422,143.75999450683594,150.27000427246094,23.190000534057617,123.41000366210938,105.12000274658203,338.8800048828125,45.970001220703125,60.58000183105469,29.389999389648438,20.665000915527344,28.530000686645508,111.93000030517578,43.93000030517578,105.58000183105469,90.16000366210938,225.5,451.8399963378906,39.827999114990234,28.299999237060547,60.20000076293945,58.18000030517578,43.16999816894531,91.02999877929688,15.9399995803833,52.849998474121094,237.10000610351562,49.119998931884766,151.22999572753906,118.37000274658203,159.05999755859375,42.279998779296875,78.7404556274414,62.70000076293945,69.4000015258789,12.822999954223633,40.689998626708984,139.3000030517578,141.88999938964844,22.479999542236328,121.20333099365234,103.22000122070312,334.3299865722656,45.31999969482422,58.279998779296875,28.670000076293945,20.270000457763672,28.229999542236328,110.91000366210938,43.209999084472656,107.01000213623047,91.54000091552734,226.47000122070312,453.80999755859375,40.400001525878906,28.68000030517578,60.33000183105469,59.79999923706055,43.5099983215332,92.52999877929688,16.469999313354492,54.189998626708984,240.80999755859375,50.13999938964844,151.52999877929688,118.94000244140625,159.72000122070312,43.290000915527344,79.05534362792969,63.400001525878906,70.37999725341797,12.967249870300293,41.970001220703125,142.94000244140625,149.24000549316406,23.1299991607666,122.87666320800781,104.01000213623047,338.1300048828125,45.56999969482422,60.58000183105469,29.020000457763672,20.65999984741211,28.43000030517578,111.66000366210938,43.70000076293945,5205200,28368100,2019300,512100,26664000,40538400,10021600,20960000,14242300,9584500,6840700,3929300,2077300,29398800,5977400,9981600,3441900,3651600,7979158,9034200,15322000,209264000,60737000,1541100,25923100,14589200,1605900,7492600,3071700,5266800,3768700,29779100,56152200,48216300,5222400,25478800
2020-12-14,84.35978698730469,94.77999877929688,193.2264404296875,431.49951171875,36.65595626831055,24.868972778320312,48.288944244384766,48.649356842041016,34.81561279296875,70.96656799316406,11.799675941467285,40.219276428222656,210.0520782470703,45.62616729736328,128.64755249023438,102.90658569335938,149.34645080566406,35.44674301147461,64.91084289550781,52.1839714050293,69.77204132080078,13.270708084106445,29.726640701293945,116.57331085205078,130.5153045654297,19.807071685791016,118.53695678710938,94.56266021728516,307.43353271484375,35.47199249267578,46.4896240234375,25.255714416503906,16.101787567138672,25.531963348388672,101.49288177490234,34.04726791381836,104.19999694824219,94.77999877929688,229.4600067138672,452.989990234375,41.18000030517578,28.219999313354492,59.970001220703125,58.7400016784668,42.31999969482422,89.44000244140625,15.369999885559082,52.08000183105469,237.7899932861328,50.470001220703125,149.07000732421875,118.30000305175781,157.91000366210938,40.7599983215332,76.64122009277344,61.880001068115234,71.54000091552734,13.30875015258789,39.209999084472656,141.7899932861328,146.2899932861328,22.18000030517578,123.66666412353516,103.55999755859375,336.1300048828125,44.810001373291016,56.38999938964844,28.639999389648438,19.84000015258789,28.1299991607666,110.83999633789062,42.220001220703125,108.06999969482422,95.41000366210938,232.19000244140625,456.82000732421875,41.43000030517578,28.959999084472656,61.099998474121094,60.2599983215332,44.25,93.69999694824219,16.600000381469727,54.68000030517578,243.5,51.34000015258789,153.47999572753906,121.41999816894531,162.2899932861328,43.900001525878906,79.27481079101562,64.30000305175781,72.19999694824219,13.388750076293945,41.65999984741211,145.4199981689453,147.75,23.399999618530273,124.413330078125,104.9000015258789,343.2300109863281,46.7400016784668,60.04999923706055,29.780000686645508,20.8799991607666,28.84000015258789,113.08999633789062,44.459999084472656,104.08999633789062,91.8499984741211,227.5800018310547,452.1700134277344,40.599998474121094,28.139999389648438,59.91999816894531,58.72999954223633,42.2599983215332,89.23999786376953,15.359999656677246,51.880001068115234,237.38999938964844,49.7400016784668,148.99000549316406,118.11000061035156,157.8300018310547,40.52000045776367,76.3740463256836,61.86000061035156,71.02999877929688,13.077500343322754,39.06999969482422,141.02999877929688,143.3300018310547,21.989999771118164,123.16666412353516,103.5,335.8599853515625,44.70000076293945,56.2400016784668,28.510000228881836,19.764999389648438,28.110000610351562,110.7699966430664,42.18000030517578,107.43000030517578,92.20999908447266,229.47999572753906,452.3399963378906,40.65299987792969,28.920000076293945,61.0099983215332,60.0,44.08000183105469,93.4000015258789,16.540000915527344,54.439998626708984,243.27999877929688,49.81999969482422,153.25,121.33999633789062,160.69000244140625,43.310001373291016,78.84542083740234,64.25,71.4000015258789,13.088000297546387,41.619998931884766,145.3699951171875,144.89999389648438,23.309999465942383,123.44000244140625,103.7699966430664,340.0299987792969,46.5,59.91999816894531,29.540000915527344,20.875,28.84000015258789,112.52999877929688,44.34000015258789,8272700,48026400,2904700,546100,26116000,40267100,11400400,19688300,17094500,12198400,8244700,3937200,1927800,33436400,8547300,12112400,4390100,6498400,13139300,10236600,13573700,270156000,94809700,2210900,12258500,11809700,1313400,5878000,2479000,5518000,4008400,28378000,79884400,38302900,8469300,30595000
2020-12-15,83.2425537109375,97.12000274658203,194.1274871826172,447.03570556640625,37.21316909790039,25.239105224609375,50.382503509521484,49.419586181640625,35.21049499511719,70.91102600097656,12.122113227844238,41.05331802368164,214.15078735351562,45.80696105957031,129.94207763671875,104.66374206542969,158.3501739501953,36.74251937866211,65.04017639160156,53.92961883544922,71.34224700927734,13.322312355041504,29.347562789916992,117.69144439697266,132.36207580566406,20.51254653930664,120.18880462646484,95.959716796875,310.67138671875,35.772796630859375,47.38825988769531,26.21691131591797,16.418302536010742,25.967636108398438,102.5916976928711,34.70853042602539,102.81999969482422,97.12000274658203,230.52999877929688,469.29998779296875,41.805999755859375,28.639999389648438,62.56999969482422,59.66999816894531,42.79999923706055,89.37000274658203,15.789999961853027,53.15999984741211,242.42999267578125,50.66999816894531,150.57000732421875,120.31999969482422,167.42999267578125,42.25,76.79389190673828,63.95000076293945,73.1500015258789,13.36050033569336,38.709999084472656,143.14999389648438,148.36000061035156,22.969999313354492,125.38999938964844,105.08999633789062,339.6700134277344,45.189998626708984,57.47999954223633,29.729999542236328,20.229999542236328,28.610000610351562,112.04000091552734,43.040000915527344,105.44999694824219,97.9800033569336,231.27999877929688,469.6199951171875,41.93899917602539,28.81999969482422,62.63999938964844,59.86000061035156,42.97999954223633,90.4800033569336,15.829999923706055,53.40999984741211,243.61000061035156,51.0099983215332,150.75,120.9000015258789,168.22999572753906,42.290000915527344,77.3282470703125,64.02999877929688,73.37000274658203,13.46399974822998,39.18000030517578,143.64999389648438,149.9199981689453,23.06999969482422,125.8066635131836,106.37999725341797,341.010009765625,45.27000045776367,58.33000183105469,29.770000457763672,20.329999923706055,28.690000534057617,112.27999877929688,43.220001220703125,102.31999969482422,95.44999694824219,227.0,461.8900146484375,41.29899978637695,28.25,60.849998474121094,58.56999969482422,41.709999084472656,88.7699966430664,15.220000267028809,51.650001525878906,237.19000244140625,50.209999084472656,149.52999877929688,118.62000274658203,158.0500030517578,40.83000183105469,76.33587646484375,62.15999984741211,72.33000183105469,13.186750411987305,38.209999084472656,141.07000732421875,147.10000610351562,22.239999771118164,124.51000213623047,104.41999816894531,337.0400085449219,44.5,56.16999816894531,28.899999618530273,19.764999389648438,28.190000534057617,111.0199966430664,42.060001373291016,105.44000244140625,95.93000030517578,229.00999450683594,464.510009765625,41.52799987792969,28.350000381469727,61.2599983215332,58.7400016784668,42.65999984741211,89.41999816894531,15.5600004196167,52.52000045776367,239.5,50.97999954223633,150.0,119.29000091552734,159.42999267578125,41.400001525878906,76.81298065185547,62.4900016784668,72.80999755859375,13.439749717712402,39.060001373291016,142.63999938964844,149.3699951171875,22.459999084472656,125.33333587646484,105.68000030517578,339.1400146484375,45.130001068115234,57.16999816894531,29.1299991607666,19.950000762939453,28.350000381469727,111.61000061035156,42.439998626708984,12101000,57232700,2566600,639200,21207000,43672700,14940600,16044400,9853600,11775300,6702600,4081000,2348000,25465600,7612600,12590200,6974300,5041300,10087838,9718800,11538300,193016000,65712800,2206500,6616400,12686700,1102500,7399900,2616500,5787400,3524100,38866200,58671800,38604200,5007500,27138400
2020-12-16,84.71601867675781,96.8499984741211,192.36752319335938,449.1600036621094,37.822044372558594,25.309608459472656,50.19731140136719,49.485843658447266,34.81561279296875,70.37147521972656,12.21423625946045,40.69806671142578,215.3345184326172,46.21377182006836,129.16539001464844,104.96818542480469,162.71966552734375,36.220726013183594,64.5148696899414,54.16574478149414,71.18621826171875,13.2046480178833,28.687986373901367,119.41796875,133.5933074951172,20.396459579467773,120.25911712646484,96.06016540527344,310.36956787109375,35.89945983886719,46.926570892333984,26.14636993408203,16.33714485168457,26.013015747070312,102.28952026367188,35.24077224731445,104.63999938964844,96.8499984741211,228.44000244140625,471.5299987792969,42.4900016784668,28.719999313354492,62.34000015258789,59.75,42.31999969482422,88.69000244140625,15.90999984741211,52.70000076293945,243.77000427246094,51.119998931884766,149.6699981689453,120.66999816894531,172.0500030517578,41.650001525878906,76.17366027832031,64.2300033569336,72.98999786376953,13.242500305175781,37.84000015258789,145.25,149.74000549316406,22.84000015258789,125.46333312988281,105.19999694824219,339.3399963378906,45.349998474121094,56.91999816894531,29.649999618530273,20.1299991607666,28.65999984741211,111.70999908447266,43.70000076293945,105.41000366210938,97.2699966430664,231.27999877929688,472.239990234375,42.71500015258789,28.81999969482422,63.279998779296875,60.13999938964844,42.939998626708984,89.3499984741211,16.079999923706055,53.970001220703125,243.89999389648438,51.459999084472656,150.9199981689453,121.08000183105469,173.19000244140625,42.2400016784668,77.05152893066406,64.37000274658203,74.3499984741211,13.437250137329102,38.470001220703125,145.47999572753906,150.44000244140625,23.06999969482422,125.9800033569336,105.66999816894531,341.6600036621094,45.4900016784668,57.869998931884766,29.90999984741211,20.354999542236328,28.68000030517578,112.33999633789062,44.11000061035156,101.9000015258789,95.45999908447266,228.11000061035156,465.010009765625,41.69599914550781,28.440000534057617,62.290000915527344,59.36000061035156,42.130001068115234,87.8499984741211,15.460000038146973,52.41999816894531,241.1199951171875,50.68000030517578,149.5500030517578,119.86000061035156,166.75,41.380001068115234,76.00190734863281,63.59000015258789,72.62999725341797,13.212499618530273,37.7400016784668,142.8800048828125,146.7100067138672,22.450000762939453,124.47000122070312,103.95999908447266,334.260009765625,45.0,56.29999923706055,29.479999542236328,19.989999771118164,28.520000457763672,111.2300033569336,42.959999084472656,102.5,97.04000091552734,229.99000549316406,467.989990234375,41.79999923706055,28.799999237060547,62.5,60.06999969482422,42.849998474121094,89.19999694824219,15.930000305175781,53.27000045776367,243.55999755859375,50.709999084472656,150.1999969482422,120.30000305175781,169.69000244140625,42.060001373291016,76.6030502319336,63.7599983215332,74.19000244140625,13.422499656677246,38.18000030517578,143.85000610351562,149.13999938964844,22.920000076293945,125.9800033569336,105.6500015258789,336.8299865722656,45.2400016784668,57.029998779296875,29.639999389648438,20.280000686645508,28.65999984741211,111.94000244140625,43.75,9182100,34909000,2589100,524900,23160000,42463200,9498000,14988300,9311000,9892900,11101600,3417500,2400900,28351000,8486100,11169400,6009900,5975500,9487649,8806400,13889300,223116000,56515300,1767700,6610900,11062700,1342500,5986900,2365600,5711600,5016200,35204800,47628800,55602800,5355400,34273000
2020-12-17,84.91841125488281,96.83999633789062,194.7253875732422,454.6562194824219,37.92884826660156,25.406545639038086,50.35834503173828,49.734317779541016,34.52768325805664,70.14930725097656,12.360102653503418,40.273345947265625,215.9175262451172,45.78888702392578,132.57421875,104.09832763671875,163.26821899414062,35.29020690917969,64.50679016113281,54.53679656982422,70.47425079345703,13.303117752075195,28.832033157348633,119.2289047241211,133.40594482421875,20.47683334350586,120.47956085205078,95.27342224121094,312.50067138671875,35.84405517578125,46.44839859008789,25.98763656616211,16.260042190551758,26.08562660217285,103.3883285522461,35.06334686279297,104.88999938964844,96.83999633789062,231.24000549316406,477.29998779296875,42.61000061035156,28.829999923706055,62.540000915527344,60.04999923706055,41.970001220703125,88.41000366210938,16.100000381469727,52.150001525878906,244.42999267578125,50.650001525878906,153.6199951171875,119.66999816894531,172.6300048828125,40.58000183105469,76.16412353515625,64.66999816894531,72.26000213623047,13.3412504196167,38.029998779296875,145.02000427246094,149.52999877929688,22.93000030517578,125.6933364868164,103.9000015258789,341.6700134277344,45.279998779296875,56.34000015258789,29.469999313354492,20.03499984741211,28.739999771118164,112.91000366210938,43.47999954223633,105.5,97.91999816894531,231.3800048828125,481.32000732421875,43.000999450683594,28.920000076293945,62.81999969482422,60.290000915527344,42.77000045776367,89.55000305175781,16.280000686645508,53.40999984741211,245.92999267578125,51.31999969482422,153.88999938964844,121.44999694824219,173.89999389648438,41.9900016784668,76.87023162841797,64.75,73.73999786376953,13.379500389099121,38.119998931884766,145.69000244140625,151.22999572753906,23.1200008392334,126.28666687011719,105.31999969482422,342.6000061035156,45.540000915527344,57.45000076293945,29.899999618530273,20.315000534057617,28.790000915527344,112.9800033569336,44.040000915527344,104.11000061035156,96.25,228.8300018310547,476.010009765625,42.45500183105469,28.530000686645508,61.9900016784668,59.56999969482422,41.619998931884766,87.55000305175781,15.720000267028809,51.5,243.0,50.220001220703125,149.9600067138672,119.58000183105469,171.10000610351562,40.40999984741211,76.03053283691406,64.06999969482422,71.76000213623047,13.178500175476074,37.310001373291016,143.5800018310547,148.3800048828125,22.65999984741211,125.1433334350586,103.8499984741211,337.30999755859375,44.79999923706055,55.79999923706055,29.440000534057617,19.915000915527344,28.579999923706055,111.87999725341797,43.400001525878906,104.86000061035156,97.55000305175781,229.1199951171875,478.7300109863281,42.650001525878906,28.709999084472656,62.56999969482422,60.0,42.77000045776367,89.54000091552734,16.110000610351562,53.22999954223633,245.0,51.150001525878906,150.08999633789062,121.26000213623047,171.72999572753906,41.9900016784668,76.70801544189453,64.41000366210938,73.58999633789062,13.36674976348877,37.83000183105469,144.97000122070312,150.8699951171875,22.989999771118164,126.28666687011719,104.9000015258789,339.80999755859375,45.540000915527344,57.369998931884766,29.799999237060547,20.309999465942383,28.709999084472656,111.88999938964844,44.0,6360600,32023700,2510400,477300,17152000,43182700,10642400,18229900,9294200,11748900,10290000,4054000,2983600,26399000,9920300,11618000,3521100,7227000,11710038,7197500,11988100,231384000,52036400,1565800,7039000,8481200,1240200,7779300,2525700,6017900,4719500,42870500,46363400,38510900,4263700,21204600
2020-12-18,84.56220245361328,95.91999816894531,192.4096221923828,454.5990295410156,39.01150894165039,25.265539169311523,50.825374603271484,48.91437530517578,33.713233947753906,69.18128967285156,11.999279975891113,39.97987365722656,213.8858184814453,42.9050407409668,133.34230041503906,103.58509063720703,162.1049041748047,35.09019088745117,64.27241516113281,54.12358093261719,69.69402313232422,13.234067916870117,28.566680908203125,119.13844299316406,131.52345275878906,19.923158645629883,119.76386260986328,95.62185668945312,309.4914245605469,35.51157760620117,45.154048919677734,25.58199691772461,15.98816204071045,25.858713150024414,103.47073364257812,34.45853805541992,104.44999694824219,95.91999816894531,228.49000549316406,477.239990234375,43.45600128173828,28.670000076293945,63.119998931884766,59.060001373291016,40.97999954223633,87.19000244140625,15.630000114440918,51.77000045776367,242.1300048828125,47.459999084472656,154.50999450683594,119.08000183105469,171.39999389648438,40.349998474121094,75.88740539550781,64.18000030517578,71.45999908447266,13.272000312805176,37.68000030517578,144.91000366210938,147.4199981689453,22.309999465942383,124.94667053222656,104.27999877929688,338.3800048828125,44.86000061035156,54.77000045776367,29.010000228881836,19.700000762939453,28.489999771118164,113.0,42.72999954223633,105.05999755859375,97.68000030517578,232.0399932861328,479.45001220703125,43.564998626708984,29.100000381469727,63.45000076293945,60.29999923706055,42.20000076293945,88.70999908447266,16.25,52.36000061035156,245.38999938964844,50.68000030517578,155.10000610351562,119.87999725341797,172.88999938964844,40.560001373291016,76.50763702392578,64.93000030517578,73.44999694824219,13.404999732971191,38.09000015258789,145.49000549316406,150.7899932861328,22.959999084472656,126.09333038330078,104.80000305175781,342.6099853515625,45.38999938964844,56.31999969482422,29.6200008392334,20.104999542236328,28.780000686645508,113.2699966430664,43.779998779296875,103.19999694824219,93.55999755859375,227.25,474.32000732421875,42.20000076293945,28.56999969482422,62.439998626708984,58.709999084472656,40.72999954223633,86.26000213623047,15.4399995803833,51.029998779296875,240.55999755859375,47.11000061035156,151.6699981689453,118.2699966430664,169.0,39.72999954223633,74.85687255859375,63.349998474121094,71.05999755859375,13.070500373840332,37.5,143.22999572753906,146.1199951171875,22.239999771118164,124.29666900634766,103.16000366210938,334.0,44.470001220703125,54.34000015258789,28.799999237060547,19.545000076293945,28.31999969482422,111.79000091552734,42.41999816894531,105.02999877929688,97.2699966430664,232.0399932861328,478.489990234375,42.47999954223633,28.889999389648438,62.650001525878906,60.29999923706055,41.9900016784668,87.9800033569336,16.049999237060547,52.0099983215332,245.38999938964844,50.56999969482422,153.64999389648438,119.13999938964844,172.52000427246094,40.060001373291016,76.05915832519531,64.83000183105469,72.69999694824219,13.378999710083008,37.9900016784668,144.97999572753906,150.7899932861328,22.850000381469727,125.86000061035156,104.0,342.5199890136719,45.189998626708984,56.0099983215332,29.469999313354492,19.9950008392334,28.780000686645508,113.0199966430664,43.27000045776367,13906800,51823100,5888900,730700,45243000,82817200,21177800,28712700,20819300,27427600,18161900,9911100,4088100,119298400,17137200,28954800,7356400,12846400,33161759,15499800,23912500,342064000,60259200,4523400,13288300,20038600,1160100,7417000,8742700,14375000,10658500,53716400,73140400,56080100,7876700,46596800
2020-12-21,83.96309661865234,93.2300033569336,191.41590881347656,449.8553466796875,38.5015983581543,26.208484649658203,49.931583404541016,50.71160888671875,33.10445022583008,68.30848693847656,11.74593448638916,38.67477035522461,227.00360107421875,41.910614013671875,132.05641174316406,107.47345733642578,159.62698364257812,34.56840133666992,64.07847595214844,57.20165252685547,69.70376586914062,13.294139862060547,28.339237213134766,118.88357543945312,130.9702911376953,19.449867248535156,119.23029327392578,96.12618255615234,307.38775634765625,35.88363265991211,44.560455322265625,26.058183670043945,15.679752349853516,26.207298278808594,102.43545532226562,33.82952117919922,103.70999908447266,93.2300033569336,227.30999755859375,472.260009765625,42.88800048828125,29.739999771118164,62.0099983215332,61.22999954223633,40.2400016784668,86.08999633789062,15.300000190734863,50.08000183105469,256.9800109863281,46.36000061035156,153.02000427246094,123.55000305175781,168.77999877929688,39.75,75.65839385986328,67.83000183105469,71.47000122070312,13.332249641418457,37.380001068115234,144.60000610351562,146.8000030517578,21.780000686645508,124.38999938964844,104.83000183105469,336.0799865722656,45.33000183105469,54.04999923706055,29.549999237060547,19.065000534057617,28.719999313354492,111.41000366210938,41.95000076293945,103.91999816894531,95.27999877929688,227.94000244140625,472.2799987792969,43.20000076293945,29.989999771118164,62.119998931884766,61.81999969482422,40.91999816894531,86.83999633789062,15.489999771118164,51.2400016784668,260.8500061035156,46.45000076293945,153.41000366210938,125.0,169.0,40.290000915527344,75.69656372070312,68.30000305175781,71.69999694824219,13.369999885559082,37.400001525878906,147.22999572753906,147.36000061035156,21.979999542236328,124.49666595458984,104.95999908447266,336.95001220703125,45.5,55.04999923706055,29.889999389648438,19.229999542236328,28.860000610351562,111.51000213623047,42.08000183105469,101.55000305175781,91.08000183105469,221.5800018310547,459.4800109863281,42.369998931884766,28.729999542236328,61.34000015258789,59.810001373291016,38.93000030517578,83.52999877929688,14.34000015258789,48.59000015258789,248.75999450683594,45.2400016784668,150.0500030517578,121.08999633789062,165.8000030517578,38.29999923706055,74.17938995361328,65.80000305175781,69.6500015258789,12.967499732971191,36.90999984741211,142.66000366210938,144.41000366210938,21.079999923706055,122.32333374023438,103.31999969482422,329.3999938964844,44.209999084472656,51.900001525878906,28.84000015258789,18.510000228881836,28.229999542236328,109.37000274658203,40.529998779296875,102.76000213623047,94.25,225.67999267578125,460.260009765625,42.814998626708984,29.100000381469727,62.0,60.349998474121094,39.40999984741211,84.3499984741211,14.65999984741211,49.310001373291016,250.2899932861328,46.31999969482422,152.00999450683594,123.16999816894531,168.8800048828125,39.0,75.19084167480469,66.01000213623047,70.0,13.074749946594238,37.279998779296875,146.0500030517578,145.00999450683594,21.40999984741211,123.36666870117188,103.55999755859375,332.07000732421875,45.08000183105469,52.45000076293945,29.56999969482422,18.704999923706055,28.670000076293945,110.87000274658203,41.11000061035156,6664600,47093900,2311400,622800,19096000,93397400,13055700,31906100,10998100,11430500,10013600,5317800,7408500,53775700,7893400,28323600,3655900,6302500,11140764,14787800,13180400,302332000,40891800,2646500,7024600,10778300,1799700,6116400,2892700,10715700,5343900,52731600,80158800,77688100,6129600,27869500
2020-12-22,83.22636413574219,93.16000366210938,186.09393310546875,453.5893249511719,38.88044357299805,25.74141502380371,49.46455383300781,49.08002471923828,32.1090087890625,66.9358139038086,11.385111808776855,37.72488021850586,220.91729736328125,41.73884963989258,131.79750061035156,105.83808135986328,157.67872619628906,34.49882888793945,64.18354034423828,56.19811248779297,68.69922637939453,13.240297317504883,27.854036331176758,118.16827392578125,130.55990600585938,19.074796676635742,119.05455017089844,95.31008911132812,306.40924072265625,36.08944320678711,44.27191162109375,25.53790283203125,15.416571617126465,25.951793670654297,102.12283325195312,33.2569694519043,102.80000305175781,93.16000366210938,220.99000549316406,476.17999267578125,43.310001373291016,29.209999084472656,61.43000030517578,59.2599983215332,39.029998779296875,84.36000061035156,14.829999923706055,48.849998474121094,250.08999633789062,46.16999816894531,152.72000122070312,121.66999816894531,166.72000122070312,39.66999816894531,75.78244018554688,66.63999938964844,70.44000244140625,13.278249740600586,36.7400016784668,143.72999572753906,146.33999633789062,21.360000610351562,124.2066650390625,103.94000244140625,335.010009765625,45.59000015258789,53.70000076293945,28.959999084472656,18.7450008392334,28.440000534057617,111.06999969482422,41.2400016784668,103.5,93.55000305175781,226.47999572753906,478.6199951171875,43.35499954223633,29.780000686645508,61.970001220703125,61.13999938964844,40.279998779296875,85.80000305175781,15.350000381469727,50.0,257.70001220703125,46.34000015258789,153.89999389648438,123.5199966430664,168.38999938964844,40.290000915527344,76.32633972167969,68.25,71.77999877929688,13.337249755859375,37.33000183105469,145.17999267578125,147.02999877929688,21.81999969482422,124.5,105.22000122070312,336.9800109863281,46.02000045776367,54.7400016784668,29.719999313354492,19.09000015258789,28.780000686645508,111.47000122070312,41.900001525878906,102.01000213623047,90.52999877929688,220.0800018310547,472.95001220703125,42.79999923706055,29.170000076293945,61.130001068115234,59.15999984741211,38.880001068115234,84.30000305175781,14.8100004196167,48.52000045776367,249.8000030517578,45.77000045776367,151.86000061035156,121.61000061035156,165.8699951171875,39.560001373291016,74.65648651123047,66.58999633789062,69.76000213623047,13.053999900817871,36.599998474121094,142.5,144.72000122070312,21.239999771118164,123.16999816894531,102.91000366210938,333.4700012207031,45.2400016784668,53.54999923706055,28.950000762939453,18.725000381469727,28.420000076293945,110.44000244140625,41.22999954223633,103.41000366210938,93.36000061035156,225.72000122070312,473.4800109863281,42.88800048828125,29.780000686645508,61.77000045776367,61.099998474121094,40.20000076293945,85.44000244140625,15.319999694824219,50.0,256.8599853515625,46.25,152.39999389648438,123.38999938964844,167.7100067138672,39.650001525878906,75.37213897705078,68.25,71.51000213623047,13.319250106811523,37.209999084472656,144.91000366210938,146.61000061035156,21.780000686645508,124.41999816894531,105.06999969482422,335.1600036621094,45.599998474121094,53.63999938964844,29.649999618530273,19.024999618530273,28.739999771118164,111.20999908447266,41.58000183105469,4002900,35673700,3571600,431300,17929000,39054300,8113400,17851600,9189600,8585800,5470700,5033400,3599800,32171200,4699500,11788200,2447900,7608000,9052414,9807000,11154200,185580000,33634400,2197200,5751500,17182900,668700,5597100,2069700,8468900,4594200,25655900,50185800,42317900,13104100,21792900
2020-12-23,83.6149673461914,91.55000305175781,187.73605346679688,452.1033935546875,38.194580078125,26.481670379638672,49.11831283569336,50.33891296386719,32.97282409667969,67.9911117553711,12.022311210632324,38.67477035522461,226.53546142578125,42.1004524230957,131.1243896484375,108.7956771850586,156.5059356689453,35.92504119873047,64.45829010009766,57.5221061706543,68.22132873535156,12.972065925598145,28.384721755981445,120.610107421875,131.113037109375,19.57488250732422,118.1599349975586,95.14502716064453,308.7689514160156,36.99188995361328,45.994964599609375,26.76365089416504,15.757880210876465,26.380674362182617,102.19639587402344,33.68437576293945,103.27999877929688,91.55000305175781,222.94000244140625,474.6199951171875,42.54600143432617,30.049999237060547,61.0,60.779998779296875,40.08000183105469,85.69000244140625,15.65999984741211,50.08000183105469,256.45001220703125,46.56999969482422,151.94000244140625,125.06999969482422,165.47999572753906,41.310001373291016,76.10687255859375,68.20999908447266,69.94999694824219,13.009249687194824,37.439998626708984,146.6999969482422,146.9600067138672,21.920000076293945,123.27333068847656,103.76000213623047,337.5899963378906,46.72999954223633,55.790000915527344,30.350000381469727,19.15999984741211,28.90999984741211,111.1500015258789,41.77000045776367,103.93000030517578,93.12999725341797,223.5800018310547,480.3900146484375,43.599998474121094,30.350000381469727,61.630001068115234,61.310001373291016,40.709999084472656,86.66000366210938,15.930000305175781,50.93000030517578,260.5799865722656,47.029998779296875,153.60000610351562,126.5199966430664,168.0,41.650001525878906,76.74618530273438,68.97000122070312,71.05999755859375,13.274999618530273,37.650001525878906,147.6699981689453,151.5399932861328,22.299999237060547,124.61666870117188,104.87000274658203,341.6499938964844,46.959999084472656,55.970001220703125,30.489999771118164,19.424999237060547,29.06999969482422,111.97000122070312,42.38999938964844,102.91000366210938,91.45999908447266,220.66000366210938,474.20001220703125,42.507999420166016,29.329999923706055,61.0,59.790000915527344,39.33000183105469,85.0,14.930000305175781,49.279998779296875,251.3000030517578,46.06999969482422,151.89999389648438,122.3499984741211,165.47000122070312,40.0,75.92557525634766,66.97000122070312,69.88999938964844,13.005000114440918,36.880001068115234,144.16000366210938,146.8699951171875,21.450000762939453,123.16666412353516,103.5999984741211,336.0299987792969,45.84000015258789,54.099998474121094,29.270000457763672,18.899999618530273,28.600000381469727,111.06999969482422,41.459999084472656,103.05999755859375,93.08000183105469,221.47999572753906,478.94000244140625,43.5,29.389999389648438,61.369998931884766,60.0,39.40999984741211,85.0,15.199999809265137,49.45000076293945,251.5,46.16999816894531,152.8000030517578,122.77999877929688,167.4499969482422,40.0,75.94465637207031,67.0,70.47000122070312,13.255999565124512,37.0099983215332,144.7899932861328,147.6300048828125,21.5,124.413330078125,104.66999816894531,336.489990234375,45.959999084472656,54.25,29.280000686645508,18.905000686645508,28.610000610351562,111.45999908447266,41.5099983215332,3659100,25993300,1763500,389200,10533000,52537200,6235000,16579100,6137600,7223100,6573800,3660400,3376100,22564200,4607300,14973200,1697300,4944700,6056078,8772500,8524000,179144000,36182000,1317100,5186700,9474500,1257000,3320800,2348100,6693000,3282800,38383700,53931800,52681400,3920700,19085900
2020-12-24,83.5987777709961,91.80999755859375,187.72756958007812,460.1715087890625,38.73320770263672,26.402362823486328,49.23910140991211,50.164981842041016,32.4874382019043,67.70548248291016,11.768965721130371,38.304080963134766,226.2792510986328,42.552467346191406,131.5817413330078,108.31722259521484,157.62196350097656,35.83808135986328,64.76539611816406,57.42092514038086,68.83578491210938,12.956610679626465,28.255847930908203,120.15791320800781,132.74569702148438,19.324840545654297,119.21430969238281,97.17153930664062,311.69580078125,36.80188751220703,45.90428161621094,26.313915252685547,15.675640106201172,26.41717529296875,102.49060821533203,33.54729080200195,103.26000213623047,91.80999755859375,222.92999267578125,483.0899963378906,43.145999908447266,29.959999084472656,61.150001525878906,60.56999969482422,39.4900016784668,85.33000183105469,15.329999923706055,49.599998474121094,256.1600036621094,47.06999969482422,152.47000122070312,124.5199966430664,166.66000366210938,41.209999084472656,76.46946716308594,68.08999633789062,70.58000183105469,12.993749618530273,37.27000045776367,146.14999389648438,148.7899932861328,21.639999389648438,124.37333679199219,105.97000122070312,340.7900085449219,46.4900016784668,55.68000030517578,29.84000015258789,19.059999465942383,28.950000762939453,111.47000122070312,41.599998474121094,103.38999938964844,92.51000213623047,224.5800018310547,484.6000061035156,43.20000076293945,30.270000457763672,61.36000061035156,61.09000015258789,40.0099983215332,85.93000030517578,15.699999809265137,50.20000076293945,257.6199951171875,47.09000015258789,153.0399932861328,125.55000305175781,167.94000244140625,41.22999954223633,76.74618530273438,68.58000183105469,70.63999938964844,13.132499694824219,37.56999969482422,146.69000244140625,148.89999389648438,21.989999771118164,124.43000030517578,106.33999633789062,341.4100036621094,46.72999954223633,55.75,30.3799991607666,19.184999465942383,28.979999542236328,111.68000030517578,41.849998474121094,102.5999984741211,91.30999755859375,222.2899932861328,477.0799865722656,42.75699996948242,29.739999771118164,60.939998626708984,59.880001068115234,38.959999084472656,84.80999755859375,15.130000114440918,49.040000915527344,253.75,46.34000015258789,151.82000732421875,123.56999969482422,165.85000610351562,40.38999938964844,76.21183013916016,67.76000213623047,69.76000213623047,12.938750267028809,37.18000030517578,144.6699981689453,147.1999969482422,21.459999084472656,123.5566635131836,104.66999816894531,336.44000244140625,46.02000045776367,54.560001373291016,29.65999984741211,18.8700008392334,28.709999084472656,111.05000305175781,41.380001068115234,103.11000061035156,91.80000305175781,223.24000549316406,478.95001220703125,42.8489990234375,30.270000457763672,61.119998931884766,60.93000030517578,40.0099983215332,85.93000030517578,15.680000305175781,50.150001525878906,257.0400085449219,46.599998474121094,151.85000610351562,125.08999633789062,165.85000610351562,40.86000061035156,76.33587646484375,68.36000061035156,70.30999755859375,13.037249565124512,37.400001525878906,146.42999267578125,147.8000030517578,21.979999542236328,123.93000030517578,104.76000213623047,336.44000244140625,46.68000030517578,55.540000915527344,30.290000915527344,19.184999465942383,28.969999313354492,111.19999694824219,41.650001525878906,1378600,16705900,955400,271900,4123000,22632300,3099700,6824400,3530300,3335600,2793200,2128500,968100,11865600,2114900,4164900,627200,1989300,2957456,3126700,4848500,97884000,14790100,518800,2120200,3664900,574200,3172100,1360600,1980900,1352000,14443700,22903000,16071000,1674700,8039000
2020-12-28,83.75260162353516,91.5999984741211,188.33387756347656,457.4567565917969,38.77091598510742,26.552169799804688,49.21493911743164,50.6287841796875,32.331138610839844,67.3642807006836,11.784319877624512,37.79438781738281,229.3091583251953,42.552467346191406,132.20314025878906,109.03053283691406,157.47064208984375,35.46412658691406,65.01593017578125,57.38719177246094,68.91381072998047,12.863127708435059,27.914688110351562,120.478515625,131.80892944335938,19.262331008911133,119.08330535888672,97.33660125732422,316.415283203125,36.93647384643555,45.41786575317383,26.393281936645508,15.576945304870605,26.544925689697266,102.74806213378906,33.66017532348633,103.44999694824219,91.5999984741211,223.64999389648438,480.239990234375,43.1879997253418,30.1299991607666,61.119998931884766,61.130001068115234,39.29999923706055,84.9000015258789,15.350000381469727,48.939998626708984,259.5899963378906,47.06999969482422,153.19000244140625,125.33999633789062,166.5,40.779998779296875,76.76526641845703,68.05000305175781,70.66000366210938,12.899999618530273,36.81999969482422,146.5399932861328,147.74000549316406,21.56999969482422,124.23666381835938,106.1500015258789,345.95001220703125,46.65999984741211,55.09000015258789,29.93000030517578,18.940000534057617,29.09000015258789,111.75,41.7400016784668,103.87999725341797,93.13999938964844,226.89999389648438,488.7200012207031,43.72700119018555,30.549999237060547,61.7400016784668,61.93000030517578,40.470001220703125,86.62999725341797,15.649999618530273,50.34000015258789,262.6499938964844,47.63999938964844,153.8699951171875,126.6500015258789,167.60000610351562,42.380001068115234,77.42366027832031,68.83999633789062,72.11000061035156,13.0625,37.58000183105469,148.3800048828125,151.07000732421875,22.030000686645508,125.9000015258789,108.16999816894531,347.7900085449219,47.25,56.93000030517578,30.479999542236328,19.3700008392334,29.31999969482422,112.30000305175781,42.54999923706055,102.72000122070312,90.81999969482422,223.02999877929688,478.42999267578125,43.1150016784668,29.989999771118164,60.810001373291016,60.4900016784668,39.099998474121094,84.62000274658203,15.239999771118164,48.790000915527344,257.0,46.86000061035156,152.3000030517578,124.79000091552734,165.2100067138672,40.70000076293945,76.45992279052734,67.97000122070312,70.47000122070312,12.763250350952148,36.68000030517578,145.85000610351562,147.44000244140625,21.459999084472656,124.05332946777344,105.94999694824219,343.05999755859375,46.540000915527344,54.880001068115234,29.90999984741211,18.885000228881836,28.989999771118164,111.44999694824219,41.52000045776367,103.6500015258789,92.93000030517578,223.02999877929688,487.1400146484375,43.433998107910156,30.229999542236328,61.41999816894531,60.619998931884766,39.560001373291016,85.61000061035156,15.5,49.79999923706055,257.80999755859375,47.189998626708984,153.32000732421875,125.81999969482422,167.2100067138672,41.2599983215332,76.95610809326172,68.55999755859375,71.79000091552734,13.0625,37.36000061035156,147.02000427246094,150.6199951171875,21.610000610351562,125.83333587646484,107.5999984741211,343.2099914550781,46.86000061035156,56.22999954223633,30.079999923706055,19.1299991607666,29.149999618530273,112.05000305175781,41.689998626708984,3948900,30627300,1495100,449300,10625000,32861200,6855700,14414600,6178200,8051900,5395600,2594800,2793400,21269200,3855500,8072600,1482000,4293800,4804242,7417100,8345200,212564000,26993700,1686800,4576600,6461100,1108500,5157000,2308200,4330800,2450600,21658500,37824600,32824800,4390100,23877500
2020-12-29,84.76459503173828,90.62000274658203,191.04541015625,461.04791259765625,38.515960693359375,26.44642448425293,49.456504821777344,50.44657897949219,32.14191818237305,67.13418579101562,11.753612518310547,37.58587646484375,227.91348266601562,44.649810791015625,133.02296447753906,108.74346923828125,157.54627990722656,35.420658111572266,65.79983520507812,57.1004524230957,68.47490692138672,12.906253814697266,28.08905029296875,119.10556030273438,132.47808837890625,19.0926570892334,118.77659606933594,96.79560089111328,317.69580078125,36.51691436767578,45.71465301513672,26.261005401611328,15.474140167236328,26.45367431640625,103.2353515625,33.28115463256836,104.69999694824219,90.62000274658203,226.8699951171875,484.010009765625,42.90399932861328,30.010000228881836,61.41999816894531,60.90999984741211,39.06999969482422,84.61000061035156,15.3100004196167,48.66999816894531,258.010009765625,49.38999938964844,154.13999938964844,125.01000213623047,166.5800018310547,40.72999954223633,77.69084167480469,67.70999908447266,70.20999908447266,12.943249702453613,37.04999923706055,144.8699951171875,148.49000549316406,21.3799991607666,123.91666412353516,105.55999755859375,347.3500061035156,46.130001068115234,55.45000076293945,29.780000686645508,18.815000534057617,28.989999771118164,112.27999877929688,41.27000045776367,105.37000274658203,92.45999908447266,229.47000122070312,489.45001220703125,43.58300018310547,30.25,61.939998626708984,61.400001525878906,39.939998626708984,85.72000122070312,15.550000190734863,49.83000183105469,260.8599853515625,50.66999816894531,154.92999267578125,126.27999877929688,167.75,41.310001373291016,77.8530502319336,68.48999786376953,71.4000015258789,13.072500228881836,37.20000076293945,146.6699981689453,148.99000549316406,21.770000457763672,124.87666320800781,107.1500015258789,351.2900085449219,46.849998474121094,55.880001068115234,30.170000076293945,19.110000610351562,29.219999313354492,112.79000091552734,42.119998931884766,103.94999694824219,89.43000030517578,225.27000427246094,482.510009765625,42.67900085449219,29.93000030517578,61.34000015258789,60.54999923706055,38.77000045776367,84.05000305175781,15.100000381469727,48.20000076293945,256.5,46.4900016784668,153.8000030517578,124.88999938964844,165.91000366210938,40.47999954223633,77.06106567382812,67.30999755859375,69.13999938964844,12.842249870300293,36.790000915527344,144.63999938964844,147.02999877929688,21.1299991607666,122.5433349609375,105.22000122070312,345.0,46.09000015258789,54.529998779296875,29.75,18.725000381469727,28.959999084472656,111.9000015258789,41.20000076293945,103.94999694824219,91.66000366210938,225.8800048828125,489.45001220703125,43.58300018310547,30.170000076293945,61.70000076293945,61.150001525878906,39.36000061035156,85.26000213623047,15.5,49.540000915527344,260.260009765625,47.220001220703125,154.11000061035156,126.19999694824219,166.6300048828125,40.97999954223633,77.09923553466797,68.30999755859375,71.0,12.925000190734863,36.900001525878906,146.58999633789062,148.97000122070312,21.709999084472656,124.87666320800781,107.0,347.989990234375,46.81999969482422,55.40999984741211,30.149999618530273,19.05500030517578,29.209999084472656,112.2699966430664,42.040000915527344,5096400,31748200,1564400,377200,9593000,33291900,6653400,10800400,7003100,7670800,5649800,2027800,1430900,84531400,5212000,8389200,1712000,3363000,5708037,4701300,9403400,170372000,23152100,1015400,3543800,7140300,1334700,4602400,2275700,4083400,2470800,19584400,37968600,23607000,5053300,20287700
2020-12-30,85.22604370117188,92.29000091552734,191.29803466796875,466.6679382324219,39.03575134277344,26.41998291015625,49.85912322998047,50.4051628112793,32.91523742675781,67.70548248291016,12.3908109664917,39.045448303222656,229.1854705810547,44.07123565673828,134.67129516601562,109.04792022705078,157.95297241210938,36.15114974975586,65.1290512084961,57.210086822509766,70.14264678955078,13.108175277709961,27.854036331176758,120.76629638671875,133.78060913085938,19.539167404174805,120.76712799072266,99.8582763671875,315.53717041015625,36.86842727661133,46.761695861816406,26.23455047607422,15.716761589050293,26.57229995727539,103.21698760986328,33.54729080200195,105.2699966430664,92.29000091552734,227.1699981689453,489.9100036621094,43.483001708984375,29.979999542236328,61.91999816894531,60.86000061035156,40.0099983215332,85.33000183105469,16.139999389648438,50.560001373291016,259.45001220703125,48.75,156.0500030517578,125.36000061035156,167.00999450683594,41.56999969482422,76.89885711669922,67.83999633789062,71.91999816894531,13.145750045776367,36.7400016784668,146.88999938964844,149.9499969482422,21.8799991607666,125.99333190917969,108.9000015258789,344.989990234375,46.150001525878906,56.720001220703125,29.75,19.110000610351562,29.1200008392334,112.26000213623047,41.599998474121094,106.2300033569336,92.8499984741211,229.02999877929688,492.6600036621094,43.79999923706055,30.219999313354492,62.15999984741211,61.27000045776367,40.040000915527344,86.58000183105469,16.229999542236328,50.650001525878906,260.6499938964844,49.189998626708984,156.3800048828125,125.8499984741211,168.38999938964844,41.869998931884766,77.98664093017578,68.19000244140625,72.6500015258789,13.213749885559082,37.2400016784668,147.33999633789062,151.61000061035156,21.979999542236328,126.20333099365234,109.69999694824219,349.010009765625,46.279998779296875,56.849998474121094,30.040000915527344,19.290000915527344,29.209999084472656,112.88999938964844,42.41999816894531,105.0999984741211,90.19000244140625,226.5800018310547,488.0,43.0099983215332,29.940000534057617,61.47999954223633,60.66999816894531,38.810001373291016,84.54000091552734,15.25,48.34000015258789,257.8299865722656,48.560001373291016,154.60000610351562,124.9000015258789,166.67999267578125,40.83000183105469,76.85114288330078,67.56999969482422,70.37000274658203,12.896750450134277,36.70000076293945,145.0800018310547,148.9199981689453,21.290000915527344,124.48666381835938,107.4000015258789,344.4700012207031,45.81999969482422,55.400001525878906,29.649999618530273,18.78499984741211,29.020000457763672,112.13999938964844,41.27000045776367,105.11000061035156,90.77999877929688,227.97999572753906,488.1300048828125,43.16699981689453,30.0,61.619998931884766,60.90999984741211,38.9900016784668,84.61000061035156,15.3100004196167,48.58000183105469,258.80999755859375,49.11000061035156,154.74000549316406,125.48999786376953,167.44000244140625,40.90999984741211,77.91984558105469,67.83000183105469,70.41999816894531,12.990249633789062,37.029998779296875,145.47000122070312,149.1199951171875,21.420000076293945,124.60333251953125,107.69999694824219,347.0799865722656,45.88999938964844,55.61000061035156,29.799999237060547,18.829999923706055,29.09000015258789,112.51000213623047,41.33000183105469,5328400,25845000,1891400,381900,10553000,26370100,6624100,10770700,6268900,7901800,8885700,2324000,1566500,37385400,5412800,7398000,1413300,3152300,5933357,5283200,11620300,225396000,24889800,1002600,3965600,7077100,1159800,9571800,1866000,3157400,2732100,18519300,56436600,16616700,3563700,23807300
2020-12-31,86.74811553955078,91.70999908447266,193.6138153076172,464.5819091796875,39.306861877441406,26.710796356201172,50.346099853515625,51.067745208740234,32.89877700805664,67.00723266601562,12.137468338012695,38.5125846862793,232.9485321044922,45.03853988647461,135.819091796875,110.5354232788086,159.68373107910156,35.968528747558594,66.10691833496094,57.79196548461914,73.32210540771484,13.017684936523438,27.9070987701416,122.50103759765625,135.91287231445312,19.4945125579834,121.15052032470703,99.98665618896484,320.7414245605469,37.21993637084961,46.638031005859375,26.613740921020508,15.585168838500977,26.900800704956055,104.30192565917969,33.24083709716797,107.1500015258789,91.70999908447266,229.9199981689453,487.7200012207031,43.78499984741211,30.309999465942383,62.029998779296875,61.65999984741211,39.9900016784668,84.44999694824219,15.8100004196167,49.869998931884766,263.7099914550781,49.81999969482422,157.3800048828125,127.06999969482422,168.83999633789062,41.36000061035156,78.05343627929688,68.52999877929688,75.18000030517578,13.055000305175781,36.810001373291016,149.0,152.33999633789062,21.829999923706055,126.3933334350586,109.04000091552734,350.67999267578125,46.59000015258789,56.56999969482422,30.18000030517578,18.950000762939453,29.479999542236328,113.44000244140625,41.220001220703125,107.27999877929688,92.30000305175781,230.25,490.5199890136719,43.849998474121094,30.389999389648438,62.11000061035156,61.849998474121094,40.290000915527344,85.19999694824219,16.209999084472656,50.45000076293945,263.92999267578125,50.189998626708984,157.66000366210938,127.33000183105469,169.13999938964844,41.9900016784668,78.18701934814453,68.73999786376953,75.68000030517578,13.151000022888184,36.91999816894531,149.30999755859375,152.55999755859375,21.969999313354492,126.58999633789062,109.66999816894531,351.0899963378906,46.65999984741211,57.13999938964844,30.239999771118164,19.104999542236328,29.520000457763672,113.62000274658203,41.68000030517578,104.8499984741211,90.87000274658203,225.88999938964844,483.45001220703125,43.30500030517578,29.899999618530273,60.970001220703125,60.529998779296875,39.61000061035156,83.95999908447266,15.649999618530273,49.529998779296875,258.0,48.720001220703125,155.11000061035156,124.81999969482422,166.2899932861328,41.060001373291016,76.69847106933594,67.41000366210938,72.37000274658203,12.914999961853027,36.290000915527344,145.8300018310547,150.10000610351562,21.440000534057617,125.2066650390625,108.44000244140625,344.04998779296875,45.880001068115234,55.959999084472656,29.670000076293945,18.864999771118164,29.0,111.9000015258789,40.970001220703125,105.26000213623047,92.0999984741211,227.30999755859375,490.0,43.63100051879883,30.010000228881836,61.439998626708984,60.66999816894531,39.90999984741211,84.9000015258789,15.989999771118164,50.29999923706055,258.79998779296875,48.75,156.52999877929688,125.08999633789062,167.07000732421875,41.5,76.94656372070312,67.80000305175781,72.38999938964844,13.136500358581543,36.65999984741211,146.75,150.32000732421875,21.469999313354492,126.12333679199219,109.66000366210938,345.0400085449219,46.130001068115234,56.58000183105469,29.75,19.024999618530273,29.079999923706055,112.2699966430664,41.470001220703125,6148100,24930700,1821000,312700,10211000,28716000,8649300,12500700,7612500,8350700,8597400,2407800,2043100,28576800,5099900,8580200,1643600,3361400,5511118,5297400,23214500,192424000,30796500,1353900,4941700,7844300,1193100,4909500,1969000,3778500,2537700,21081200,36309800,26239300,5581200,22786500
2021-01-04,85.33939361572266,92.30000305175781,190.86859130859375,476.27935791015625,38.17303466796875,26.46404266357422,49.81853485107422,49.80885696411133,32.55326461791992,67.2135238647461,12.383132934570312,38.50485610961914,234.08807373046875,44.90293884277344,135.0596466064453,109.4915542602539,156.5248260498047,35.43804931640625,65.42807006835938,57.6233024597168,72.22001647949219,13.076018333435059,27.9070987701416,122.6243667602539,132.48696899414062,19.601680755615234,120.64250946044922,102.42579650878906,319.6621398925781,36.84446716308594,45.94549560546875,26.19045639038086,15.609842300415039,26.53580093383789,103.85138702392578,33.466636657714844,105.41000366210938,92.30000305175781,226.66000366210938,500.0,42.52199935913086,30.030000686645508,61.380001068115234,60.13999938964844,39.56999969482422,84.70999908447266,16.1299991607666,49.86000061035156,265.0,49.66999816894531,156.5,125.87000274658203,165.5,40.75,77.25190734863281,68.33000183105469,74.05000305175781,13.113499641418457,36.810001373291016,149.14999389648438,148.5,21.950000762939453,125.86333465576172,111.69999694824219,349.5,46.119998931884766,55.72999954223633,29.700000762939453,18.979999542236328,29.079999923706055,112.94999694824219,41.5,107.3499984741211,96.05999755859375,231.25,504.75,44.2239990234375,30.56999969482422,62.150001525878906,61.709999084472656,40.650001525878906,85.94999694824219,16.43000030517578,50.95000076293945,267.5799865722656,51.38999938964844,157.3800048828125,127.86000061035156,169.47999572753906,42.22999954223633,78.33015441894531,69.93000030517578,78.61000061035156,13.65250015258789,36.939998626708984,149.75999450683594,155.14999389648438,22.3799991607666,129.92666625976562,114.0999984741211,352.0799865722656,46.900001525878906,57.68000030517578,30.440000534057617,19.329999923706055,29.600000381469727,113.9000015258789,42.25,103.86000061035156,90.91999816894531,223.6699981689453,490.7099914550781,42.124000549316406,29.75,60.5,59.72999954223633,39.18000030517578,83.88999938964844,15.710000038146973,48.599998474121094,260.1600036621094,49.400001525878906,154.1300048828125,124.77999877929688,163.10000610351562,40.29999923706055,76.22137451171875,67.72000122070312,73.75,12.962499618530273,36.27000045776367,146.0500030517578,147.13999938964844,21.59000015258789,124.95333099365234,110.44999694824219,340.3800048828125,45.599998474121094,54.779998779296875,29.399999618530273,18.7549991607666,28.829999923706055,111.11000061035156,41.0,107.18000030517578,92.11000061035156,231.25,499.989990234375,43.93299865722656,30.459999084472656,61.7400016784668,61.59000015258789,40.5,85.1500015258789,16.0,50.7599983215332,267.0,49.88999938964844,157.24000549316406,127.5,169.02000427246094,41.72999954223633,78.24427795410156,69.27999877929688,76.4800033569336,13.104249954223633,36.869998931884766,149.67999267578125,153.00999450683594,22.079999923706055,127.21333312988281,111.47000122070312,351.45001220703125,46.689998626708984,57.029998779296875,30.31999969482422,19.170000076293945,29.59000015258789,113.87999725341797,41.45000076293945,9523400,51802600,3088200,1527600,24171000,51483900,12429600,21286200,8597600,9234900,10303800,4406500,3572000,46102500,11765900,16819900,3164800,4174100,10502637,14014600,31155900,560640000,33565700,2229500,9827000,8743400,2487600,11262100,4203800,6738800,3028300,31421600,67717600,47086300,12911800,27764700
2021-01-05,86.22186279296875,92.7699966430664,191.79489135742188,481.3850402832031,38.43157196044922,26.666732788085938,49.956504821777344,51.10087585449219,34.42072677612305,69.0305404663086,13.327413558959961,41.640235900878906,239.3262939453125,45.752716064453125,136.64759826660156,110.08734130859375,157.30043029785156,36.60337829589844,65.54121398925781,58.6015625,75.35067749023438,13.366436004638672,28.1951904296875,121.97486114501953,135.99322509765625,20.655433654785156,123.10909271240234,103.4069595336914,315.3633728027344,36.964290618896484,47.256351470947266,26.92238426208496,16.30891227722168,26.6544246673584,104.60533142089844,35.07948684692383,106.5,92.7699966430664,227.75999450683594,505.3599853515625,42.810001373291016,30.260000228881836,61.54999923706055,61.70000076293945,41.84000015258789,87.0,17.360000610351562,53.91999816894531,270.92999267578125,50.61000061035156,158.33999633789062,125.6500015258789,166.32000732421875,42.09000015258789,77.385498046875,69.48999786376953,77.26000213623047,13.404749870300293,37.189998626708984,148.36000061035156,152.42999267578125,23.1299991607666,128.43666076660156,112.7699966430664,344.79998779296875,46.27000045776367,57.31999969482422,30.530000686645508,19.829999923706055,29.209999084472656,113.7699966430664,43.5,107.0199966430664,93.20999908447266,228.89999389648438,505.3599853515625,42.93899917602539,30.540000915527344,61.709999084472656,62.0,42.869998931884766,89.22000122070312,17.940000534057617,55.31999969482422,273.5,50.83000183105469,158.75999450683594,126.30000305175781,166.66000366210938,43.31999969482422,77.6717529296875,70.08000183105469,78.69000244140625,13.443499565124512,37.369998931884766,150.57000732421875,152.6999969482422,23.809999465942383,128.43666076660156,114.94999694824219,351.3599853515625,46.61000061035156,58.93000030517578,30.950000762939453,20.350000381469727,29.34000015258789,114.16000366210938,44.79999923706055,104.62999725341797,91.41000366210938,224.35000610351562,493.8900146484375,42.2400016784668,29.90999984741211,60.470001220703125,60.02000045776367,40.0,85.31999969482422,16.350000381469727,50.369998931884766,262.57000732421875,49.33000183105469,155.07000732421875,123.7699966430664,163.1999969482422,40.939998626708984,76.25,68.08000183105469,76.02999877929688,13.086999893188477,36.599998474121094,147.2899932861328,148.5,22.209999084472656,125.66666412353516,112.01000213623047,344.4800109863281,45.560001373291016,56.08000183105469,29.81999969482422,19.170000076293945,28.920000076293945,112.2699966430664,41.83000183105469,105.41000366210938,92.0999984741211,226.94000244140625,494.1600036621094,42.505001068115234,30.170000076293945,61.11000061035156,60.349998474121094,40.2400016784668,85.48999786376953,16.3799991607666,50.7400016784668,263.8800048828125,49.45000076293945,156.25,124.98999786376953,165.19000244140625,41.0099983215332,76.97518920898438,68.16000366210938,76.44000244140625,13.099749565124512,36.720001220703125,149.1999969482422,148.64999389648438,22.219999313354492,125.76333618164062,112.41000366210938,348.69000244140625,46.11000061035156,56.150001525878906,30.09000015258789,19.184999465942383,29.06999969482422,112.75,41.84000015258789,6823800,34208000,2494000,1029900,15069000,48507000,11584600,20213100,12393600,13414800,17603600,5624100,4207100,24866600,9602300,13731200,2322600,5869100,10956526,11120400,33418200,322760000,29909400,2907500,8507200,16256600,1670700,10583600,3160500,5334600,3946300,37360000,95473400,35265400,11081900,44035100
2021-01-06,85.47703552246094,90.33000183105469,196.41798400878906,466.9632873535156,38.194580078125,28.33230209350586,50.078250885009766,54.041038513183594,35.79458999633789,71.25220489501953,14.064413070678711,42.52062225341797,252.24098205566406,46.19568634033203,137.9334259033203,115.256591796875,155.40884399414062,37.35126495361328,66.5756607055664,62.13501739501953,75.20438385009766,12.57844352722168,27.952587127685547,128.67543029785156,134.88690185546875,21.798490524291992,122.70972442626953,106.01115417480469,328.5980529785156,39.153236389160156,48.31161880493164,28.827138900756836,16.806486129760742,27.831565856933594,106.0396728515625,35.9746208190918,105.58000183105469,90.33000183105469,233.25,490.2200012207031,42.54600143432617,32.150001525878906,61.70000076293945,65.25,43.5099983215332,89.80000305175781,18.31999969482422,55.060001373291016,285.54998779296875,51.099998474121094,159.8300018310547,131.5500030517578,164.32000732421875,42.95000076293945,78.60687255859375,73.68000030517578,77.11000061035156,12.614500045776367,36.869998931884766,156.50999450683594,151.19000244140625,24.40999984741211,128.02000427246094,115.61000061035156,359.2699890136719,49.0099983215332,58.599998474121094,32.689998626708984,20.434999465942383,30.5,115.33000183105469,44.61000061035156,107.19000244140625,92.27999877929688,233.52999877929688,499.8399963378906,43.45800018310547,32.619998931884766,62.04999923706055,66.5999984741211,43.95000076293945,90.77999877929688,18.649999618530273,56.15999984741211,288.3800048828125,52.150001525878906,160.22999572753906,132.77000427246094,167.27999877929688,43.56999969482422,78.95037841796875,74.87999725341797,78.44999694824219,13.244999885559082,37.47999954223633,158.25,153.8699951171875,25.030000686645508,130.5366668701172,116.38999938964844,359.489990234375,49.630001068115234,59.45000076293945,33.0,20.625,30.739999771118164,115.62999725341797,45.099998474121094,104.18000030517578,89.45999908447266,225.0,489.739990234375,42.05400085449219,31.360000610351562,60.52000045776367,63.95000076293945,41.91999816894531,87.81999969482422,17.510000228881836,53.72999954223633,273.1000061035156,50.20000076293945,156.72000122070312,127.87999725341797,162.97000122070312,41.959999084472656,76.63167572021484,70.55999755859375,76.0999984741211,12.586000442504883,36.77000045776367,152.14999389648438,149.47000122070312,23.709999084472656,126.8566665649414,112.55000305175781,335.1099853515625,47.029998779296875,57.25,31.790000915527344,19.959999084472656,29.770000457763672,112.18000030517578,43.70000076293945,104.75,91.62000274658203,225.0,491.8500061035156,42.33000183105469,31.899999618530273,60.54999923706055,64.48999786376953,42.529998779296875,89.0,17.700000762939453,54.459999084472656,276.2900085449219,50.439998626708984,157.24000549316406,129.8800048828125,162.97999572753906,43.119998931884766,76.88931274414062,71.41000366210938,76.36000061035156,13.22249984741211,36.83000183105469,152.30999755859375,151.52999877929688,23.959999084472656,127.03333282470703,113.8499984741211,337.1099853515625,47.529998779296875,58.65999984741211,31.899999618530273,20.219999313354492,29.770000457763672,112.18000030517578,44.40999984741211,11017500,51911700,3754800,977900,17226000,107002800,12426200,38106600,11035300,13916800,89656100,6350800,6383500,36809600,8230100,24909100,3619700,6819900,10521396,18334300,22390900,580424000,34962500,3067000,7174600,19456300,3215100,10609300,6561400,12378300,5597300,73507500,86262800,102254900,17833700,36484800
2021-01-07,86.39187622070312,95.16000366210938,197.06642150878906,477.6415100097656,39.80419158935547,28.957998275756836,50.61393356323242,54.67875289916992,36.773582458496094,71.58546447753906,14.256341934204102,45.26985549926758,257.6293640136719,47.18107986450195,138.3994140625,119.04150390625,156.83694458007812,38.4122314453125,67.90101623535156,63.19758224487305,77.15496063232422,13.305856704711914,28.096633911132812,130.7226104736328,138.9105987548828,22.21820640563965,127.33937072753906,111.34793090820312,333.8663330078125,39.936134338378906,49.19374465942383,29.479703903198242,17.05322265625,28.233068466186523,107.41885375976562,36.256866455078125,106.70999908447266,95.16000366210938,234.02000427246094,501.42999267578125,44.3390007019043,32.86000061035156,62.36000061035156,66.0199966430664,44.70000076293945,90.22000122070312,18.56999969482422,58.619998931884766,291.6499938964844,52.189998626708984,160.3699951171875,135.8699951171875,165.8300018310547,44.16999816894531,80.1717529296875,74.94000244140625,79.11000061035156,13.343999862670898,37.060001373291016,159.0,155.6999969482422,24.8799991607666,132.85000610351562,121.43000030517578,365.0299987792969,49.9900016784668,59.66999816894531,33.43000030517578,20.735000610351562,30.940000534057617,116.83000183105469,44.959999084472656,107.05999755859375,95.51000213623047,235.3699951171875,503.2200012207031,44.45899963378906,33.619998931884766,62.630001068115234,68.0999984741211,44.9900016784668,90.81999969482422,19.270000457763672,59.2599983215332,295.8900146484375,52.689998626708984,161.02999877929688,138.19000244140625,167.1199951171875,44.779998779296875,80.50572204589844,76.51000213623047,80.08000183105469,13.377750396728516,37.150001525878906,162.74000549316406,156.4199981689453,25.469999313354492,133.17666625976562,122.94000244140625,366.45001220703125,50.93000030517578,60.0099983215332,34.20000076293945,20.94499969482422,31.260000228881836,117.0,45.56999969482422,105.56999969482422,91.19999694824219,231.47000122070312,495.5199890136719,43.060001373291016,32.84000015258789,61.0,66.01000213623047,43.599998474121094,89.30999755859375,17.969999313354492,55.25,286.67999267578125,51.29999923706055,158.35000610351562,134.9199981689453,161.77999877929688,42.880001068115234,78.31106567382812,74.80000305175781,78.05000305175781,12.886500358581543,36.66999816894531,158.9499969482422,152.25999450683594,24.469999313354492,129.89332580566406,117.58999633789062,357.9200134277344,49.560001373291016,58.290000915527344,33.31999969482422,20.399999618530273,30.8799991607666,115.30000305175781,44.529998779296875,106.11000061035156,91.33000183105469,231.86000061035156,495.9700012207031,43.20600128173828,33.310001373291016,61.34000015258789,67.06999969482422,44.04999923706055,90.38999938964844,18.1299991607666,55.689998626708984,287.7699890136719,51.4900016784668,159.0,135.69000244140625,164.17999267578125,43.22999954223633,78.76908111572266,74.80000305175781,78.05999755859375,12.967499732971191,37.040000915527344,159.11000061035156,152.3300018310547,24.540000915527344,129.89332580566406,119.33999633789062,358.5400085449219,49.650001525878906,59.06999969482422,33.58000183105469,20.614999771118164,30.950000762939453,115.4800033569336,45.0,8196000,42897200,2647800,936200,21267000,74358500,10931900,24161000,9648200,9286600,21497600,5715300,4009700,32092300,7747200,21940400,3025500,6420500,10447931,13530400,27945300,461480000,27809500,2520800,8482300,14502400,1809000,13556100,3366700,7778600,3040400,50634100,51457200,64342700,12407100,29528100
2021-01-08,86.84525299072266,94.58000183105469,200.8305206298828,484.6046447753906,40.00619125366211,28.66717529296875,50.719459533691406,54.14042663574219,36.773582458496094,72.267822265625,13.9031982421875,45.46291732788086,256.2425231933594,46.692909240722656,138.11468505859375,119.17295837402344,157.385498046875,37.5512809753418,67.10094451904297,63.45901107788086,75.50672912597656,13.238800048828125,28.14970588684082,130.05667114257812,139.74923706054688,22.1824893951416,127.40644836425781,108.83544158935547,332.36627197265625,39.40088653564453,47.577877044677734,29.268054962158203,17.032655715942383,28.214818954467773,107.93373107910156,36.660072326660156,107.2699966430664,94.58000183105469,238.49000549316406,508.739990234375,44.56399917602539,32.529998779296875,62.4900016784668,65.37000274658203,44.70000076293945,91.08000183105469,18.110000610351562,58.869998931884766,290.0799865722656,51.650001525878906,160.0399932861328,136.02000427246094,166.41000366210938,43.18000030517578,79.22709655761719,75.25,77.41999816894531,13.276749610900879,37.130001068115234,158.19000244140625,156.63999938964844,24.84000015258789,132.9199981689453,118.69000244140625,363.3900146484375,49.31999969482422,57.709999084472656,33.189998626708984,20.709999084472656,30.920000076293945,117.38999938964844,45.459999084472656,107.52999877929688,96.4000015258789,238.86000061035156,514.280029296875,44.999000549316406,33.0,63.18000030517578,66.20999908447266,45.47999954223633,92.43000030517578,18.850000381469727,59.689998626708984,292.2799987792969,52.529998779296875,161.10000610351562,136.35000610351562,166.86000061035156,44.790000915527344,80.50572204589844,75.33999633789062,84.16000366210938,13.420999526977539,37.529998779296875,159.22000122070312,157.52999877929688,25.3700008392334,135.3699951171875,126.29000091552734,367.489990234375,50.22999954223633,60.189998626708984,33.650001525878906,21.0,31.100000381469727,117.91000366210938,45.81999969482422,105.76000213623047,93.2699966430664,235.10000610351562,501.7099914550781,43.8650016784668,32.11000061035156,62.150001525878906,64.33999633789062,44.189998626708984,90.44999694824219,17.920000076293945,57.9900016784668,285.05999755859375,51.27000045776367,159.8800048828125,134.1199951171875,164.63999938964844,43.11000061035156,78.76908111572266,73.8499984741211,77.06999969482422,13.041999816894531,36.900001525878906,156.10000610351562,154.5399932861328,24.479999542236328,131.36000061035156,116.9800033569336,358.760009765625,48.810001373291016,57.290000915527344,32.66999816894531,20.545000076293945,30.510000228881836,116.27999877929688,44.95000076293945,106.83999633789062,95.9800033569336,235.52999877929688,512.5900268554688,44.70000076293945,32.91999816894531,62.189998626708984,66.20999908447266,45.0,92.08000183105469,18.790000915527344,59.5,292.0,52.45000076293945,160.50999450683594,135.97000122070312,166.22000122070312,44.75,80.50572204589844,74.47000122070312,82.54000091552734,13.362500190734863,37.15999984741211,158.47999572753906,157.22999572753906,25.0,134.75332641601562,125.91000366210938,367.0,50.040000915527344,60.189998626708984,33.61000061035156,21.0,31.09000015258789,117.04000091552734,45.20000076293945,5345900,39816400,2511100,734500,15271000,44641400,10010500,20747800,9448700,11152100,13952000,5804100,2800800,34625400,8228900,12035100,3438100,5255000,9563105,12896700,51272100,292528000,33462400,1842300,6252400,11951900,2119800,18976800,2947800,6574400,3913500,32324700,62744000,54266400,9350600,28628200
2021-01-11,88.26202392578125,97.25,200.05580139160156,483.8522033691406,40.01696014404297,29.143054962158203,52.732322692871094,55.026607513427734,37.31654739379883,72.6804428100586,14.072094917297363,46.03438949584961,259.5550842285156,46.59346389770508,137.5364532470703,120.95153045654297,175.85641479492188,37.9078369140625,68.69300842285156,64.14208984375,76.725830078125,13.582568168640137,28.634912490844727,131.03501892089844,139.27639770507812,22.31644058227539,128.697265625,112.4207763671875,329.95159912109375,39.416866302490234,48.3445930480957,29.312149047851562,17.29995346069336,28.306066513061523,108.43943786621094,37.772945404052734,109.0199966430664,97.25,237.57000732421875,507.95001220703125,44.57600021362305,33.06999969482422,64.97000122070312,66.44000244140625,45.36000061035156,91.5999984741211,18.329999923706055,59.61000061035156,293.8299865722656,51.540000915527344,159.3699951171875,138.0500030517578,185.94000244140625,43.59000015258789,81.10687255859375,76.05999755859375,78.66999816894531,13.621500015258789,37.77000045776367,159.3800048828125,156.11000061035156,24.989999771118164,134.26666259765625,122.5999984741211,360.75,49.34000015258789,58.63999938964844,33.2400016784668,21.03499984741211,31.020000457763672,117.94000244140625,46.84000015258789,109.55999755859375,99.2300033569336,240.35000610351562,508.9100036621094,44.87799835205078,33.130001068115234,65.25,66.62000274658203,45.709999084472656,92.0999984741211,18.389999389648438,60.029998779296875,295.0,52.2400016784668,161.32000732421875,138.1999969482422,189.3000030517578,43.84000015258789,81.67938995361328,76.5,79.79000091552734,13.961000442504883,37.83000183105469,159.9600067138672,158.1300048828125,25.1200008392334,135.3300018310547,123.5999984741211,364.2900085449219,49.45000076293945,59.189998626708984,33.560001373291016,21.1200008392334,31.06999969482422,118.12999725341797,47.13999938964844,107.06999969482422,93.76000213623047,234.42999267578125,499.42999267578125,44.04199981689453,31.899999618530273,63.2400016784668,64.33000183105469,43.310001373291016,88.56999969482422,17.299999237060547,56.79999923706055,284.20001220703125,51.25,158.77000427246094,134.11000061035156,182.02000427246094,42.060001373291016,79.43701934814453,73.66999816894531,76.41999816894531,13.362500190734863,37.150001525878906,155.4600067138672,154.9199981689453,24.049999237060547,131.6666717529297,118.80000305175781,359.19000244140625,48.5099983215332,55.689998626708984,32.31999969482422,20.145000457763672,30.489999771118164,117.2699966430664,44.75,107.06999969482422,94.02999877929688,240.0,500.5,44.06100082397461,32.09000015258789,63.400001525878906,64.58000183105469,44.099998474121094,89.12000274658203,17.56999969482422,57.43000030517578,286.79998779296875,51.290000915527344,160.55999755859375,134.5800018310547,185.0,42.40999984741211,79.67557525634766,74.23999786376953,76.58999633789062,13.418749809265137,37.220001220703125,157.1999969482422,156.10000610351562,24.200000762939453,131.76666259765625,119.73999786376953,362.6199951171875,48.790000915527344,56.310001373291016,32.63999938964844,20.260000228881836,30.6200008392334,117.41999816894531,45.040000915527344,6334200,48600200,2600500,703000,11660000,51868200,18185700,20454000,10839600,10635000,10890600,5665600,2649700,32925000,7066200,15937900,11396500,4222600,13488179,9077500,19920800,518344000,47286900,1978600,5147800,16877000,1627500,12006800,2695100,5631500,2885300,33739300,46890400,56590400,6428200,38246200
2021-01-12,88.87733459472656,95.36000061035156,199.2305908203125,489.5484313964844,40.34283447265625,29.66299819946289,53.10567855834961,55.21709060668945,39.01126480102539,74.06104278564453,15.1315279006958,48.21988296508789,266.95758056640625,48.13031005859375,136.46633911132812,122.85274505615234,169.10360717773438,39.6384391784668,67.14944458007812,63.9228515625,77.4963150024414,13.446208000183105,28.187604904174805,132.9670867919922,137.79537963867188,23.343408584594727,129.4768524169922,112.78759002685547,326.8602600097656,39.664512634277344,49.06184387207031,29.929433822631836,17.90443992614746,28.598073959350586,107.26254272460938,38.61163330078125,109.77999877929688,95.36000061035156,236.58999633789062,513.9299926757812,44.93899917602539,33.65999984741211,65.43000030517578,66.66999816894531,47.41999816894531,93.33999633789062,19.709999084472656,62.439998626708984,302.2099914550781,53.2400016784668,158.1300048828125,140.22000122070312,178.8000030517578,45.58000183105469,79.28434753417969,75.80000305175781,79.45999908447266,13.484749794006348,37.18000030517578,161.72999572753906,154.4499969482422,26.139999389648438,135.0800018310547,123.0,357.3699951171875,49.650001525878906,59.5099983215332,33.939998626708984,21.770000457763672,31.34000015258789,116.66000366210938,47.880001068115234,110.77999877929688,98.97000122070312,238.77999877929688,514.7899780273438,45.47600173950195,33.970001220703125,66.30000305175781,67.73999786376953,47.66999816894531,93.91999816894531,19.8799991607666,63.029998779296875,303.9800109863281,53.849998474121094,159.66000366210938,141.66000366210938,184.24000549316406,45.779998779296875,81.2404556274414,77.16999816894531,79.62000274658203,13.754500389099121,37.790000915527344,162.64999389648438,156.8699951171875,26.729999542236328,136.3866729736328,125.19999694824219,360.0799865722656,50.099998474121094,59.79999923706055,34.52000045776367,21.885000228881836,31.489999771118164,117.83999633789062,48.16999816894531,109.12000274658203,94.06999969482422,235.35000610351562,503.5,44.560001373291016,33.20000076293945,64.91000366210938,66.23999786376953,45.720001220703125,91.70999908447266,18.360000610351562,60.310001373291016,296.0199890136719,51.560001373291016,157.3300018310547,138.8300018310547,177.44000244140625,43.5,78.76908111572266,75.5199966430664,77.81999969482422,13.345000267028809,36.81999969482422,159.5800018310547,153.9600067138672,25.170000076293945,133.90333557128906,121.68000030517578,355.2300109863281,49.459999084472656,58.52000045776367,33.65999984741211,21.1299991607666,31.110000610351562,116.12999725341797,46.90999984741211,109.22000122070312,97.86000061035156,237.1199951171875,507.1000061035156,44.777000427246094,33.41999816894531,65.36000061035156,67.48999786376953,46.02000045776367,92.66000366210938,18.719999313354492,60.70000076293945,297.1400146484375,51.900001525878906,159.14999389648438,139.44000244140625,182.7899932861328,43.70000076293945,81.22137451171875,76.55999755859375,79.19000244140625,13.7524995803833,37.70000076293945,161.0,156.63999938964844,25.5,135.1300048828125,125.16000366210938,357.94000244140625,49.84000015258789,59.220001220703125,34.0,21.290000915527344,31.200000762939453,117.70999908447266,47.459999084472656,6106900,67672300,1771500,651700,13846000,68166200,15757500,20162800,13013700,10923900,17082400,5489300,4814400,39883900,6903200,18033500,7179300,10484700,10128606,11831100,18231000,291476000,47831100,2025100,4385700,20803200,4503900,14163200,2372500,5901900,3634800,59146400,87947200,60546600,9225500,36915100
2021-01-13,91.0389404296875,91.77999877929688,200.19898986816406,489.6722106933594,40.50620651245117,29.486743927001953,52.537540435791016,55.37444305419922,38.69041061401367,73.98961639404297,14.68625259399414,46.69853973388672,267.6024475097656,51.484249114990234,136.2592010498047,122.96665954589844,175.44024658203125,38.54267883300781,66.54332733154297,63.72042465209961,77.93519592285156,13.493072509765625,27.945011138916016,130.8047637939453,140.44512939453125,22.73615837097168,129.68777465820312,109.33059692382812,324.72918701171875,39.552669525146484,47.56962966918945,29.80597686767578,17.76462745666504,28.579822540283203,107.5567626953125,39.047088623046875,112.44999694824219,91.77999877929688,237.74000549316406,514.0599975585938,45.12099838256836,33.459999084472656,64.7300033569336,66.86000061035156,47.029998779296875,93.25,19.1299991607666,60.470001220703125,302.94000244140625,56.95000076293945,157.88999938964844,140.35000610351562,185.5,44.31999969482422,78.5687026977539,75.55999755859375,79.91000366210938,13.531749725341797,36.86000061035156,159.10000610351562,157.4199981689453,25.459999084472656,135.3000030517578,119.2300033569336,355.0400085449219,49.5099983215332,57.70000076293945,33.79999923706055,21.600000381469727,31.31999969482422,116.9800033569336,48.41999816894531,113.41000366210938,93.88999938964844,238.5,515.6099853515625,45.3489990234375,33.68000030517578,65.95999908447266,67.22000122070312,47.470001220703125,93.5199966430664,19.719999313354492,62.34000015258789,303.7200012207031,60.25,158.4600067138672,140.7899932861328,187.6199951171875,45.43000030517578,79.55152893066406,76.43000030517578,80.38999938964844,13.625,37.16999816894531,161.5,157.92999267578125,26.450000762939453,136.6266632080078,124.80000305175781,356.80999755859375,49.880001068115234,59.41999816894531,34.2599983215332,21.854999542236328,31.399999618530273,117.37999725341797,48.709999084472656,109.69999694824219,90.83999633789062,235.22000122070312,509.3800048828125,44.81100082397461,33.09000015258789,64.63999938964844,65.98999786376953,46.599998474121094,91.94000244140625,19.010000228881836,59.79999923706055,299.1000061035156,56.900001525878906,156.75,138.10000610351562,179.33999633789062,43.630001068115234,78.4542007446289,75.01000213623047,78.55000305175781,13.385000228881836,36.63999938964844,158.27999877929688,153.64999389648438,25.25,134.77000427246094,118.0,351.2300109863281,49.150001525878906,57.439998626708984,33.630001068115234,21.434999465942383,31.09000015258789,116.16999816894531,47.689998626708984,109.80000305175781,93.01000213623047,235.99000549316406,511.2099914550781,45.029998779296875,33.43000030517578,65.5,67.0,47.349998474121094,93.19999694824219,19.65999984741211,62.130001068115234,300.0799865722656,59.5,158.22999572753906,138.58999633789062,179.8300018310547,45.36000061035156,79.55152893066406,75.80999755859375,78.94999694824219,13.489999771118164,37.0,160.05999755859375,155.19000244140625,26.18000030517578,136.3300018310547,124.4000015258789,356.0400085449219,49.400001525878906,59.349998474121094,33.81999969482422,21.844999313354492,31.290000915527344,116.5999984741211,48.529998779296875,9821300,60712900,1412300,513700,13118000,43172800,10292400,18541900,11839900,9723300,10870300,3792200,2413800,124070700,6643100,14816800,7303900,7234600,10093812,9852200,15067700,210028000,31027900,1986900,5479900,11276800,1200000,20650500,1974500,5536300,4434000,35734800,54764400,55394700,5259600,29000300
2021-01-14,91.43209838867188,90.79000091552734,203.5,518.8110961914062,40.58341979980469,29.95380973815918,53.58454132080078,57.15511703491211,39.3814582824707,75.7669448852539,15.569117546081543,48.3653678894043,271.9573974609375,53.563499450683594,138.64109802246094,123.68505096435547,176.56568908691406,39.58625030517578,66.40596008300781,64.48785400390625,79.29084014892578,13.162520408630371,27.86161231994629,132.77798461914062,143.5052947998047,23.18266487121582,132.4355010986328,115.95113372802734,320.60418701171875,39.368927001953125,49.688411712646484,30.643714904785156,18.290983200073242,28.70757484436035,107.21654510498047,40.57124328613281,111.62999725341797,90.79000091552734,241.66000366210938,544.6500244140625,45.207000732421875,33.9900016784668,66.0199966430664,69.01000213623047,47.869998931884766,95.48999786376953,20.280000686645508,62.2400016784668,307.8699951171875,59.25,160.64999389648438,141.1699981689453,186.69000244140625,45.52000045776367,78.40648651123047,76.47000122070312,81.30000305175781,13.200249671936035,36.75,161.5,160.85000610351562,25.959999084472656,138.1666717529297,126.44999694824219,350.5299987792969,49.279998779296875,60.27000045776367,34.75,22.239999771118164,31.459999084472656,116.61000061035156,50.310001373291016,112.69000244140625,92.36000061035156,243.49000549316406,546.4000244140625,45.849998474121094,34.369998931884766,66.37000274658203,69.43000030517578,48.290000915527344,96.31999969482422,20.770000457763672,62.970001220703125,309.4100036621094,60.13999938964844,161.9499969482422,142.75,188.9600067138672,46.08000183105469,79.00763702392578,76.83999633789062,82.20999908447266,13.599749565124512,36.959999084472656,162.07000732421875,163.17999267578125,26.3799991607666,139.75332641601562,134.64999389648438,358.80999755859375,49.790000915527344,61.0099983215332,35.099998474121094,22.5,31.6200008392334,117.61000061035156,51.08000183105469,109.5,90.44999694824219,235.67999267578125,529.8900146484375,45.132999420166016,33.41999816894531,64.77999877929688,67.16999816894531,46.77000045776367,93.79000091552734,19.25,60.119998931884766,303.5400085449219,57.84000015258789,159.61000061035156,140.0,184.5800018310547,44.0099983215332,78.12976837158203,75.72000122070312,79.55000305175781,13.180500030517578,36.61000061035156,159.5399932861328,158.5,25.450000762939453,136.97999572753906,121.66999816894531,350.4200134277344,49.27000045776367,58.060001373291016,34.0099983215332,21.71500015258789,31.290000915527344,116.47000122070312,48.5,110.69999694824219,91.7699966430664,236.5,530.1599731445312,45.35100173950195,33.47999954223633,64.91000366210938,67.5199966430664,47.41999816894531,93.94000244140625,19.270000457763672,60.290000915527344,304.04998779296875,58.45000076293945,160.4499969482422,140.49000549316406,185.27000427246094,44.5,78.64503479003906,75.8499984741211,80.01000213623047,13.574999809265137,36.779998779296875,160.11000061035156,159.39999389648438,25.530000686645508,136.97999572753906,123.44999694824219,356.8500061035156,49.61000061035156,58.099998474121094,34.06999969482422,21.735000610351562,31.40999984741211,117.16999816894531,48.5,8268800,53408200,2594000,1450300,19692000,48483500,12479800,29108900,12857900,13950200,12994700,3732300,3192200,74680900,10030800,18565600,4413200,8816200,11366398,9854300,17639300,283120000,30272000,2036900,10102400,10285800,1748400,37125400,2919900,6949400,4459500,55856900,83314600,49828800,5792300,35474800
2021-01-15,90.52294158935547,88.20999908447266,206.72518920898438,502.474609375,40.02504348754883,29.090179443359375,54.006595611572266,53.196258544921875,37.11909866333008,73.06922149658203,15.024049758911133,45.99528503417969,265.8975830078125,52.05377960205078,138.3390655517578,121.46843719482422,180.42446899414062,38.24699020385742,67.3837890625,63.450584411621094,78.72517395019531,12.82274341583252,27.823711395263672,128.1657257080078,140.15074157714844,22.2450008392334,129.74209594726562,114.83241271972656,321.3084411621094,38.665916442871094,48.06428527832031,28.253952026367188,17.579578399658203,28.233068466186523,107.54756927490234,38.619693756103516,110.5199966430664,88.20999908447266,245.49000549316406,527.5,44.584999084472656,33.0099983215332,66.54000091552734,64.2300033569336,45.119998931884766,92.08999633789062,19.56999969482422,59.189998626708984,301.010009765625,57.58000183105469,160.3000030517578,138.63999938964844,190.77000427246094,43.97999954223633,79.56106567382812,75.23999786376953,80.72000122070312,12.85949993133545,36.70000076293945,154.77999877929688,157.08999633789062,24.90999984741211,135.35667419433594,125.2300033569336,351.29998779296875,48.400001525878906,58.29999923706055,32.040000915527344,21.375,30.940000534057617,116.97000122070312,47.88999938964844,111.55999755859375,91.58999633789062,246.83999633789062,536.8499755859375,45.0,33.630001068115234,66.86000061035156,67.6500015258789,47.279998779296875,94.30999755859375,19.940000534057617,61.040000915527344,304.8599853515625,59.650001525878906,161.41000366210938,141.64999389648438,191.77999877929688,45.0,79.67557525634766,75.56999969482422,81.87999725341797,13.325249671936035,36.779998779296875,158.74000549316406,160.86000061035156,25.690000534057617,138.1666717529297,128.5399932861328,353.04998779296875,48.810001373291016,59.63999938964844,33.5,21.850000381469727,31.190000534057617,117.23999786376953,49.08000183105469,109.4800033569336,87.86000061035156,240.02000427246094,525.3599853515625,44.066001892089844,32.70000076293945,65.54000091552734,64.08999633789062,44.529998779296875,91.70999908447266,18.989999771118164,58.54999923706055,296.8800048828125,57.5,159.11000061035156,137.00999450683594,186.8000030517578,43.33000183105469,77.82442474365234,74.1500015258789,79.52999877929688,12.84850025177002,36.400001525878906,154.3699951171875,156.8800048828125,24.639999389648438,134.5800018310547,123.20999908447266,345.739990234375,48.02000045776367,57.20000076293945,31.81999969482422,21.165000915527344,30.709999084472656,115.83000183105469,47.290000915527344,111.19999694824219,90.75,241.17999267578125,532.3099975585938,44.81800079345703,33.290000915527344,66.0199966430664,67.37000274658203,47.279998779296875,94.22000122070312,19.899999618530273,60.939998626708984,301.19000244140625,58.849998474121094,160.3000030517578,137.42999267578125,186.8000030517578,44.900001525878906,78.09160614013672,75.06999969482422,80.91999816894531,13.227999687194824,36.68000030517578,157.17999267578125,160.77000427246094,25.450000762939453,138.01333618164062,128.47000122070312,349.1199951171875,48.52000045776367,59.56999969482422,33.08000183105469,21.844999313354492,31.0,116.29000091552734,48.90999984741211,9196200,49340300,2855200,869200,18165000,57684300,11296500,38295300,30004600,10244600,12581100,4933100,3863700,50265400,7630800,27881000,6624600,7719000,10203538,12882600,14322600,277780000,34287800,3289200,8607400,13449000,2403900,17343100,3777000,8547300,3710600,91993100,95497000,68732700,10335200,42411300
2021-01-19,91.88258361816406,89.44999694824219,209.0662078857422,523.430908203125,41.22977828979492,28.878681182861328,54.168922424316406,52.749019622802734,37.843055725097656,74.98936462402344,15.35416316986084,46.997718811035156,259.8819274902344,52.42443084716797,140.47930908203125,120.94276428222656,187.71633911132812,40.08195114135742,67.23027801513672,63.2397575378418,83.3870620727539,12.988018989562988,27.846450805664062,129.17596435546875,146.11041259765625,22.700439453125,134.1927947998047,120.39845275878906,322.1225280761719,38.40229034423828,49.911014556884766,28.774232864379883,17.933225631713867,28.306066513061523,108.35667419433594,39.385799407958984,112.18000030517578,89.44999694824219,248.27000427246094,549.5,45.926998138427734,32.77000045776367,66.73999786376953,63.689998626708984,46.0,94.51000213623047,20.0,60.47999954223633,294.20001220703125,57.9900016784668,162.77999877929688,138.0399932861328,198.47999572753906,46.09000015258789,79.37976837158203,74.98999786376953,85.5,13.025250434875488,36.72999954223633,156.0,163.77000427246094,25.420000076293945,140.0,131.3000030517578,352.19000244140625,48.06999969482422,60.540000915527344,32.630001068115234,21.80500030517578,31.020000457763672,117.8499984741211,48.84000015258789,112.30999755859375,89.58000183105469,249.0,550.47998046875,45.94900131225586,33.599998474121094,67.16000366210938,65.25,46.150001525878906,95.02999877929688,20.139999389648438,61.22999954223633,306.6000061035156,58.34000015258789,163.0399932861328,140.6999969482422,199.52000427246094,46.63999938964844,80.0572509765625,76.5999984741211,85.68000030517578,13.093999862670898,37.0,156.52000427246094,164.10000610351562,25.899999618530273,140.0933380126953,134.0500030517578,356.9599914550781,48.66999816894531,60.95000076293945,33.040000915527344,21.954999923706055,31.18000030517578,118.2300033569336,49.439998626708984,110.26000213623047,87.23999786376953,246.3800048828125,530.6099853515625,44.827999114990234,32.20000076293945,66.33000183105469,62.90999984741211,44.86000061035156,93.29000091552734,19.520000457763672,59.880001068115234,293.79998779296875,57.099998474121094,161.10000610351562,137.82000732421875,194.07000732421875,44.02000045776367,78.8740463256836,74.69000244140625,80.95999908447266,12.843999862670898,36.619998931884766,154.2100067138672,158.4499969482422,25.110000610351562,137.25999450683594,128.44000244140625,351.55999755859375,48.029998779296875,58.72999954223633,32.279998779296875,21.565000534057617,30.829999923706055,117.2300033569336,48.349998474121094,111.25,89.55999755859375,246.5,533.0,44.827999114990234,32.5,66.8499984741211,65.19999694824219,45.150001525878906,93.5,19.989999771118164,60.2599983215332,305.0,57.939998626708984,162.0,139.86000061035156,196.0,44.34000015258789,79.74236297607422,76.5199966430664,81.27999877929688,13.016249656677246,36.7599983215332,155.75999450683594,158.94000244140625,25.200000762939453,137.5833282470703,130.58999633789062,356.2099914550781,48.36000061035156,59.0,32.40999984741211,21.635000228881836,31.100000381469727,117.9000015258789,48.45000076293945,7723800,45115100,2172900,1504000,18819000,78130200,10847800,27022400,14498800,9574800,10915400,2966700,6727800,35647100,9057600,19843800,7729100,7186300,8467316,14897700,26602500,226188000,33451300,2560800,8209000,21249400,2517000,20443800,3361300,12398000,3941400,43806800,55619400,97457200,6194500,24932600
2021-01-20,92.24299621582031,88.75,212.51034545898438,523.3167724609375,41.46409606933594,28.499746322631836,53.77121353149414,52.38460922241211,37.31654739379883,75.6796875,15.331132888793945,46.780128479003906,256.58697509765625,53.03915786743164,140.13409423828125,119.1291275024414,190.3455810546875,40.15153121948242,66.64030456542969,63.11326217651367,81.43647003173828,13.32754898071289,27.67207908630371,129.39126586914062,146.85089111328125,22.637924194335938,133.71348571777344,119.79325866699219,320.8877258300781,36.41306686401367,49.93574523925781,28.62432098388672,17.999019622802734,28.18744468688965,108.9543228149414,39.94223403930664,112.62000274658203,88.75,252.36000061035156,549.3800048828125,46.1879997253418,32.34000015258789,66.25,63.25,45.36000061035156,95.37999725341797,19.969999313354492,60.20000076293945,290.4700012207031,58.66999816894531,162.3800048828125,135.97000122070312,201.25999450683594,46.16999816894531,78.6832046508789,74.83999633789062,83.5,13.365750312805176,36.5,156.25999450683594,164.60000610351562,25.350000381469727,139.5,130.63999938964844,350.8399963378906,45.58000183105469,60.56999969482422,32.459999084472656,21.885000228881836,30.889999389648438,118.5,49.529998779296875,113.0999984741211,90.77999877929688,253.35000610351562,558.1599731445312,46.57899856567383,32.790000915527344,66.81999969482422,63.81999969482422,46.4900016784668,95.55999755859375,20.299999237060547,61.25,297.45001220703125,59.220001220703125,164.13999938964844,138.1699981689453,201.77000427246094,46.93000030517578,79.72328186035156,77.76000213623047,87.25,13.430500030517578,36.810001373291016,156.42999267578125,167.94000244140625,25.68000030517578,141.99667358398438,136.1300048828125,352.0799865722656,47.45000076293945,61.9900016784668,32.83000183105469,22.045000076293945,31.1200008392334,118.69000244140625,49.7400016784668,111.47000122070312,88.5999984741211,246.1199951171875,543.1599731445312,45.5,32.15999984741211,66.0,62.84000015258789,45.29999923706055,94.30000305175781,19.5,59.36000061035156,287.4800109863281,58.09000015258789,161.8000030517578,135.44000244140625,198.67999267578125,45.209999084472656,78.50190734863281,74.30000305175781,83.2300033569336,13.056750297546387,36.459999084472656,154.66000366210938,164.44000244140625,24.920000076293945,139.17333984375,130.10000610351562,345.8299865722656,45.189998626708984,59.5099983215332,32.29999923706055,21.670000076293945,30.780000686645508,117.33999633789062,48.9900016784668,112.91000366210938,90.55000305175781,247.4199981689453,555.5700073242188,45.95199966430664,32.7599983215332,66.56999969482422,63.75,46.369998931884766,95.0,20.239999771118164,61.04999923706055,295.82000732421875,58.2400016784668,163.1999969482422,137.82000732421875,198.77000427246094,46.470001220703125,79.43701934814453,76.51000213623047,85.93000030517578,13.111749649047852,36.790000915527344,156.0,164.72000122070312,25.549999237060547,141.52000427246094,135.19000244140625,351.8800048828125,47.0,60.5099983215332,32.779998779296875,21.989999771118164,31.1200008392334,118.05000305175781,49.11000061035156,6554600,35185800,2768200,1121900,14710000,53920000,9609600,17448900,21178000,8735400,10245700,2280700,4792600,28701300,6839900,16028800,5335800,5529300,11097901,16133000,21191700,258572000,35400100,1635900,7943300,10571800,1851000,17360700,3036800,12256200,3222800,29949800,50725600,56113100,6872000,22342400
2021-01-21,91.12905883789062,91.52999877929688,212.23248291015625,543.6633911132812,41.907562255859375,27.997432708740234,52.09111785888672,51.241661071777344,35.53133010864258,73.0057601928711,14.11815357208252,42.762638092041016,255.61538696289062,56.465415954589844,139.57313537597656,118.13036346435547,191.37646484375,39.47319793701172,65.60587310791016,62.99519348144531,82.90917205810547,13.827862739562988,27.65691566467285,127.26316833496094,146.98472595214844,21.60202980041504,135.6465301513672,123.02099609375,324.6925354003906,36.484962463378906,48.525962829589844,28.21867561340332,17.39042091369629,27.88631248474121,108.43943786621094,38.79710388183594,111.26000213623047,91.52999877929688,252.02999877929688,570.739990234375,46.68199920654297,31.770000457763672,64.18000030517578,61.869998931884766,43.189998626708984,92.01000213623047,18.389999389648438,55.029998779296875,289.3699951171875,62.459999084472656,161.72999572753906,134.8300018310547,202.35000610351562,45.38999938964844,77.46183013916016,74.69999694824219,85.01000213623047,13.867500305175781,36.47999954223633,153.69000244140625,164.75,24.190000534057617,141.51666259765625,134.16000366210938,355.0,45.66999816894531,58.86000061035156,32.0,21.145000457763672,30.559999465942383,117.94000244140625,48.11000061035156,112.75,92.06999969482422,252.72999572753906,573.7999877929688,46.946998596191406,32.47999954223633,66.19999694824219,63.34000015258789,45.70000076293945,94.66000366210938,19.989999771118164,60.459999084472656,292.739990234375,63.95000076293945,162.47999572753906,136.16000366210938,204.72000122070312,46.459999084472656,78.53053283691406,75.88999938964844,85.0999984741211,13.999250411987305,36.59000015258789,156.2899932861328,166.49000549316406,25.329999923706055,142.0833282470703,135.39999389648438,360.8900146484375,46.08000183105469,60.4900016784668,32.43000030517578,21.875,30.93000030517578,118.47000122070312,49.38999938964844,110.76000213623047,88.43000030517578,249.52000427246094,565.6099853515625,46.040000915527344,31.729999542236328,63.97999954223633,61.7400016784668,42.70000076293945,91.22000122070312,17.479999542236328,54.970001220703125,288.5299987792969,58.220001220703125,160.05999755859375,134.32000732421875,198.00999450683594,45.0099983215332,77.25190734863281,73.73999786376953,82.51000213623047,13.253000259399414,36.150001525878906,152.99000549316406,163.33999633789062,23.950000762939453,139.3733367919922,132.33999633789062,350.739990234375,45.189998626708984,58.5099983215332,31.920000076293945,20.950000762939453,30.559999465942383,117.54000091552734,47.68000030517578,112.62999725341797,89.33999633789062,252.0,568.0,46.21099853515625,32.34000015258789,65.6500015258789,63.209999084472656,45.40999984741211,93.86000061035156,19.90999984741211,60.11000061035156,290.45001220703125,59.040000915527344,161.32000732421875,135.69000244140625,203.6999969482422,46.20000076293945,78.06298065185547,75.0,84.0,13.418499946594238,36.38999938964844,156.2899932861328,165.80999755859375,25.1200008392334,140.82333374023438,133.25,350.80999755859375,45.689998626708984,59.7599983215332,32.31999969482422,21.764999389648438,30.8700008392334,118.3499984741211,49.33000183105469,5417000,54221900,2215900,1272100,15749000,49626600,14064300,19394600,16897000,10393100,21202300,8526200,2516000,86519500,6818000,13411700,8698800,5204400,9043716,13591300,14696200,337780000,33829700,2286000,6295700,21086200,2540400,15460100,3749800,12365900,3083000,28240600,59968000,43713800,5796200,29044500
2021-01-22,90.8014144897461,92.79000091552734,213.47036743164062,542.4344482421875,41.74596405029297,27.80354881286621,52.399539947509766,50.794429779052734,35.12000274658203,72.7835693359375,13.665207862854004,42.63053512573242,255.63304138183594,51.22206497192383,141.143798828125,117.21914672851562,194.9609375,39.78626251220703,65.44424438476562,62.514522552490234,80.24662780761719,13.673304557800293,27.709985733032227,126.33574676513672,144.9059600830078,21.798490524291992,133.34609985351562,118.41779327392578,317.8785705566406,36.63674545288086,49.01238250732422,28.1304931640625,17.29995346069336,27.685564041137695,108.11761474609375,38.24873733520508,110.86000061035156,92.79000091552734,253.5,569.4500122070312,46.50199890136719,31.549999237060547,64.55999755859375,61.33000183105469,42.689998626708984,91.7300033569336,17.799999237060547,54.86000061035156,289.3900146484375,56.65999984741211,163.5500030517578,133.7899932861328,206.13999938964844,45.75,77.27098846435547,74.12999725341797,82.27999877929688,13.712499618530273,36.54999923706055,152.57000732421875,162.4199981689453,24.40999984741211,139.11666870117188,129.13999938964844,347.54998779296875,45.86000061035156,59.45000076293945,31.899999618530273,21.03499984741211,30.34000015258789,117.58999633789062,47.43000030517578,111.5999984741211,95.94999694824219,255.22999572753906,570.7100219726562,46.755001068115234,31.75,65.02999877929688,61.83000183105469,42.97999954223633,92.02999877929688,18.079999923706055,54.97999954223633,290.5899963378906,59.619998931884766,165.16000366210938,134.39999389648438,206.5399932861328,45.84000015258789,77.70037841796875,74.69999694824219,84.94999694824219,13.841750144958496,36.83000183105469,153.05999755859375,164.27000427246094,24.530000686645508,140.97332763671875,131.25,354.6199951171875,46.20000076293945,59.63999938964844,32.060001373291016,21.094999313354492,30.459999084472656,118.25,47.63999938964844,109.4800033569336,91.87999725341797,250.55999755859375,562.7899780273438,46.237998962402344,31.25,63.7599983215332,60.189998626708984,41.75,89.83000183105469,17.299999237060547,52.939998626708984,285.5,56.650001525878906,161.8699951171875,132.1999969482422,200.55999755859375,43.77000045776367,77.06106567382812,72.41000366210938,82.2300033569336,13.627249717712402,36.25,151.3300018310547,161.52000427246094,23.450000762939453,139.0433349609375,128.80999755859375,347.5400085449219,45.290000915527344,57.20000076293945,31.149999618530273,20.510000228881836,30.200000762939453,117.44000244140625,46.63999938964844,110.6500015258789,94.41999816894531,252.25999450683594,563.489990234375,46.37200164794922,31.360000610351562,63.88999938964844,60.939998626708984,42.060001373291016,90.4000015258789,17.799999237060547,53.25,286.69000244140625,58.849998474121094,162.36000061035156,132.69000244140625,202.0399932861328,44.18000030517578,77.18511199951172,72.55000305175781,84.08000183105469,13.739999771118164,36.31999969482422,151.47000122070312,164.0,23.709999084472656,140.36666870117188,130.0399932861328,353.30999755859375,45.36000061035156,57.61000061035156,31.34000015258789,20.68000030517578,30.25,117.58999633789062,47.0099983215332,5185500,71294700,1866600,901600,16248000,45314500,9071900,24740400,9535400,7810600,16633700,5481100,2568800,85729300,8137000,12933200,6128800,3645100,9436926,15460000,14229500,246820000,26271200,1835400,5062300,13559500,1668300,19163200,2585100,9036800,3000100,24476100,50444600,37928000,4796400,23264800
2021-01-25,90.50655364990234,94.12999725341797,216.5018768310547,540.6817626953125,41.72533416748047,27.459861755371094,52.61869812011719,50.15671157836914,35.02952575683594,72.125,13.335091590881348,42.89473342895508,250.02374267578125,50.11915969848633,143.24090576171875,115.7559814453125,200.8341522216797,40.203704833984375,65.58163452148438,61.03871154785156,79.2713623046875,13.614226341247559,28.26342010498047,124.59683990478516,146.6724395751953,21.200176239013672,133.5377960205078,119.6832275390625,318.1164245605469,36.556854248046875,48.97939682006836,28.430322647094727,17.123125076293945,27.484811782836914,108.8255844116211,37.82133483886719,110.5,94.12999725341797,257.1000061035156,567.6099853515625,46.479000091552734,31.15999984741211,64.83000183105469,60.560001373291016,42.58000183105469,90.9000015258789,17.3700008392334,55.20000076293945,283.0400085449219,55.439998626708984,165.97999572753906,132.1199951171875,212.35000610351562,46.22999954223633,77.4332046508789,72.37999725341797,81.27999877929688,13.653249740600586,37.279998779296875,150.47000122070312,164.39999389648438,23.739999771118164,139.31666564941406,130.52000427246094,347.80999755859375,45.7599983215332,59.40999984741211,32.2400016784668,20.81999969482422,30.1200008392334,118.36000061035156,46.900001525878906,111.2300033569336,95.73999786376953,257.1099853515625,568.219970703125,47.0,31.299999237060547,65.13999938964844,60.77000045776367,42.630001068115234,91.02999877929688,17.6299991607666,55.25,286.3500061035156,56.5,166.08999633789062,133.1699981689453,212.52999877929688,46.439998626708984,77.47137451171875,74.0199966430664,83.5,13.828499794006348,37.290000915527344,151.10000610351562,167.0500030517578,24.3700008392334,140.63999938964844,132.1699981689453,350.3900146484375,46.04999923706055,59.68000030517578,32.349998474121094,20.885000228881836,30.15999984741211,118.43000030517578,47.04999923706055,109.20999908447266,91.4000015258789,251.85000610351562,554.1199951171875,45.608001708984375,30.56999969482422,63.959999084472656,59.16999816894531,41.2400016784668,89.33000183105469,16.690000534057617,52.81999969482422,277.5,54.060001373291016,163.66000366210938,130.05999755859375,208.08999633789062,44.43000030517578,76.39312744140625,71.91999816894531,78.88999938964844,13.236499786376953,36.31999969482422,146.8699951171875,161.72999572753906,23.209999084472656,136.63333129882812,127.3499984741211,344.6000061035156,44.90999984741211,57.86000061035156,31.6200008392334,20.440000534057617,29.739999771118164,117.41999816894531,46.15999984741211,109.7300033569336,94.13999938964844,252.0500030517578,562.1500244140625,46.95600128173828,31.270000457763672,64.63999938964844,60.66999816894531,42.130001068115234,90.62000274658203,17.530000686645508,54.119998931884766,285.5299987792969,56.380001068115234,165.00999450683594,132.13999938964844,208.24000549316406,44.91999816894531,77.01335906982422,73.5199966430664,83.19000244140625,13.781749725341797,36.54999923706055,150.36000061035156,164.32000732421875,24.3700008392334,140.27999877929688,131.8300018310547,347.1499938964844,45.560001373291016,58.7400016784668,31.8799991607666,20.80500030517578,30.040000915527344,117.66000366210938,46.900001525878906,6928200,55086900,1830700,966500,14692000,48078400,9171000,25754100,10739700,7689400,15034500,4902800,4575000,61968500,9924400,14212800,5959100,7148400,9957677,15933100,19283400,251112000,31728500,2043900,5370800,15541000,1683300,20469300,2506300,9576900,3093800,28515500,81823200,68321500,6962000,26395800
2021-01-26,89.1141586303711,94.70999908447266,217.7649688720703,522.9547119140625,41.642738342285156,27.2659854888916,52.302146911621094,50.44657897949219,34.289100646972656,70.9030990600586,12.935881614685059,41.56593322753906,248.89300537109375,49.911224365234375,147.1243896484375,115.28285217285156,201.18411254882812,39.27317428588867,64.85427856445312,60.05203628540039,77.54508209228516,13.396851539611816,28.286170959472656,122.60124206542969,145.02194213867188,20.307159423828125,131.3683319091797,116.134521484375,313.8175964355469,36.101505279541016,47.94062805175781,27.671939849853516,16.75714111328125,27.265806198120117,108.42105102539062,36.99071502685547,108.80000305175781,94.70999908447266,258.6000061035156,549.0,46.387001037597656,30.940000534057617,64.44000244140625,60.90999984741211,41.68000030517578,89.36000061035156,16.850000381469727,53.4900016784668,281.760009765625,55.209999084472656,170.47999572753906,131.5800018310547,212.72000122070312,45.15999984741211,76.57442474365234,71.20999908447266,79.51000213623047,13.435250282287598,37.310001373291016,148.05999755859375,162.5500030517578,22.739999771118164,137.05332946777344,126.6500015258789,343.1099853515625,45.189998626708984,58.150001525878906,31.3799991607666,20.375,29.8799991607666,117.91999816894531,45.869998931884766,111.30000305175781,95.72000122070312,259.07000732421875,563.6500244140625,46.702999114990234,31.43000030517578,65.6500015258789,61.2400016784668,43.70000076293945,92.91000366210938,17.93000030517578,56.779998779296875,285.7699890136719,56.20000076293945,173.64999389648438,133.1699981689453,213.22999572753906,47.189998626708984,77.4332046508789,73.31999969482422,81.9800033569336,13.644749641418457,37.599998474121094,151.6999969482422,164.64999389648438,24.389999389648438,139.39332580566406,129.32000732421875,351.510009765625,46.189998626708984,60.61000061035156,32.529998779296875,21.31999969482422,30.280000686645508,118.98999786376953,47.86000061035156,108.55999755859375,93.62999725341797,254.86000061035156,548.4400024414062,46.1879997253418,30.90999984741211,64.37999725341797,60.09000015258789,41.61000061035156,89.2699966430664,16.829999923706055,53.470001220703125,280.0799865722656,54.849998474121094,169.38999938964844,131.33999633789062,210.60000610351562,44.97999954223633,76.45992279052734,71.13999938964844,79.01000213623047,13.387499809265137,37.15999984741211,147.82000732421875,160.91000366210938,22.729999542236328,137.0399932861328,126.25,342.57000732421875,45.18000030517578,58.150001525878906,31.360000610351562,20.364999771118164,29.860000610351562,117.86000061035156,45.849998474121094,111.30000305175781,94.91000366210938,256.5899963378906,563.1799926757812,46.26499938964844,31.399999618530273,64.5,61.20000076293945,43.06999969482422,92.19999694824219,17.68000030517578,55.84000015258789,283.92999267578125,55.279998779296875,169.6999969482422,132.75,212.5500030517578,46.68000030517578,77.4332046508789,72.73999786376953,81.79000091552734,13.580499649047852,37.27000045776367,151.3699951171875,164.1999969482422,24.06999969482422,139.39332580566406,129.0500030517578,350.510009765625,46.150001525878906,59.9900016784668,32.4900016784668,21.0049991607666,30.239999771118164,118.69999694824219,47.2599983215332,5554600,59449100,2008900,887700,10742000,36373000,11284100,18760900,7616300,7827800,11023100,3702400,3296800,31485900,14205700,11307800,6601500,4268200,7748283,10899700,13678000,163980000,27718700,1775500,6554200,20225800,1224900,17084600,2467500,7909200,3150300,28026500,54999600,55504600,5504000,23976800
2021-01-27,84.19158172607422,88.83999633789062,211.4156494140625,499.7408447265625,39.92178726196289,26.287796020507812,50.337974548339844,49.195980072021484,33.44175338745117,69.98268127441406,13.212254524230957,42.747100830078125,241.4463348388672,48.44672393798828,144.88059997558594,112.02361297607422,196.31336975097656,38.212215423583984,62.284366607666016,57.69920349121094,73.23431396484375,12.880826950073242,27.474958419799805,119.60369110107422,137.09951782226562,19.476654052734375,124.55006408691406,111.63219451904297,304.56158447265625,34.200164794921875,48.41879653930664,26.604921340942383,16.530977249145508,26.462799072265625,105.12942504882812,36.57136917114258,102.79000091552734,88.83999633789062,251.05999755859375,524.6300048828125,44.470001220703125,29.829999923706055,62.02000045776367,59.400001525878906,40.650001525878906,88.19999694824219,17.209999084472656,55.0099983215332,273.3299865722656,53.59000015258789,167.8800048828125,127.86000061035156,207.57000732421875,43.939998626708984,73.54007720947266,68.41999816894531,75.08999633789062,12.917750358581543,36.2400016784668,144.44000244140625,153.6699981689453,21.809999465942383,129.94000244140625,121.73999786376953,332.989990234375,42.810001373291016,58.72999954223633,30.170000076293945,20.100000381469727,29.0,114.33999633789062,45.349998474121094,106.69999694824219,91.87999725341797,259.44000244140625,539.52001953125,45.69599914550781,30.43000030517578,63.88999938964844,60.0,42.09000015258789,90.3499984741211,17.56999969482422,55.4900016784668,277.3699951171875,54.849998474121094,170.9199981689453,129.85000610351562,212.02000427246094,45.5099983215332,76.40267181396484,70.26000213623047,77.58999633789062,13.232749938964844,37.040000915527344,145.8300018310547,160.72999572753906,22.6200008392334,134.68333435058594,125.0999984741211,338.0,44.75,60.560001373291016,31.030000686645508,20.65999984741211,29.5,116.62000274658203,46.65999984741211,102.58999633789062,86.22000122070312,250.32000732421875,522.5,44.1510009765625,29.670000076293945,61.900001525878906,58.529998779296875,40.209999084472656,86.75,16.110000610351562,51.88999938964844,271.32000732421875,53.29999923706055,167.4499969482422,127.3499984741211,205.10000610351562,43.18000030517578,73.32061004638672,67.8499984741211,74.33000183105469,12.793749809265137,36.16999816894531,141.60000610351562,152.69000244140625,21.229999542236328,129.41000366210938,121.5,329.010009765625,42.72999954223633,56.869998931884766,29.920000076293945,19.7549991607666,28.940000534057617,114.05000305175781,44.529998779296875,106.27999877929688,91.0999984741211,255.47000122070312,534.969970703125,45.55400085449219,30.309999465942383,63.88999938964844,59.900001525878906,40.97999954223633,87.52999877929688,16.459999084472656,52.720001220703125,276.0,54.61000061035156,169.1199951171875,129.58999633789062,211.07000732421875,44.0,76.2022933959961,69.7300033569336,77.33000183105469,13.229999542236328,36.9900016784668,145.8300018310547,158.49000549316406,22.450000762939453,134.6666717529297,124.94999694824219,337.0400085449219,44.599998474121094,57.5,30.920000076293945,20.040000915527344,29.469999313354492,116.62000274658203,45.0,11887900,73341200,3237900,1506800,21857000,63809200,13847700,24657200,8841600,10178500,15504100,7499600,3891800,49722900,14207300,17603900,7358000,8826500,16230376,17002600,23513400,371272000,50561200,2958700,9854000,17044000,5391300,16732700,4770900,11801800,4744800,45074900,99867200,84059200,13096900,32410300
2021-01-28,85.35464477539062,87.5199966430664,208.62826538085938,521.2591552734375,40.55379867553711,26.71961212158203,50.557125091552734,49.974491119384766,33.82017135620117,70.63330841064453,13.204580307006836,41.74466323852539,242.9392547607422,50.688697814941406,145.98524475097656,113.99494934082031,198.72509765625,38.934017181396484,62.9713020324707,58.75876235961914,76.45274353027344,13.013696670532227,27.48262596130371,122.37765502929688,138.77676391601562,20.21785545349121,127.2818603515625,115.38259887695312,309.2811279296875,34.967079162597656,48.08901596069336,27.169294357299805,16.7242431640625,26.955556869506836,106.66490936279297,37.14393615722656,104.20999908447266,87.5199966430664,247.75,547.219970703125,45.17399978637695,30.31999969482422,62.290000915527344,60.34000015258789,41.11000061035156,89.0199966430664,17.200000762939453,53.720001220703125,275.0199890136719,56.06999969482422,169.16000366210938,130.11000061035156,210.1199951171875,44.77000045776367,74.35114288330078,69.31999969482422,78.38999938964844,13.050999641418457,35.86000061035156,147.7899932861328,155.5500030517578,22.639999389648438,132.7899932861328,125.83000183105469,338.1499938964844,43.77000045776367,58.33000183105469,30.809999465942383,20.334999084472656,29.540000915527344,116.01000213623047,46.060001373291016,105.13999938964844,89.87999725341797,276.69000244140625,553.8400268554688,45.847999572753906,30.75,63.380001068115234,61.060001373291016,41.63999938964844,90.1500015258789,17.559999465942383,55.900001525878906,279.8299865722656,57.400001525878906,170.86000061035156,132.1699981689453,211.83999633789062,45.279998779296875,74.91412353515625,70.7699966430664,80.18000030517578,13.339750289916992,36.33000183105469,148.77999877929688,158.97000122070312,22.950000762939453,134.69667053222656,127.58000183105469,346.5799865722656,44.099998474121094,60.540000915527344,31.049999237060547,20.579999923706055,29.8799991607666,117.47000122070312,46.59000015258789,103.11000061035156,87.30000305175781,243.4499969482422,537.3800048828125,44.702999114990234,29.920000076293945,62.20000076293945,59.630001068115234,40.380001068115234,88.25,16.65999984741211,53.56999969482422,271.3299865722656,54.70000076293945,167.8000030517578,128.99000549316406,207.57000732421875,43.459999084472656,73.54007720947266,68.6500015258789,76.72000122070312,12.96049976348877,35.84000015258789,145.47999572753906,153.11000061035156,21.969999313354492,131.51333618164062,123.58000183105469,334.510009765625,42.72999954223633,57.150001525878906,30.309999465942383,20.079999923706055,29.280000686645508,115.08999633789062,45.689998626708984,104.0,89.83000183105469,252.47999572753906,542.1099853515625,45.553001403808594,30.420000076293945,62.83000183105469,60.150001525878906,41.11000061035156,88.66999816894531,17.420000076293945,55.52000045776367,274.6099853515625,54.790000915527344,168.1999969482422,129.89999389648438,208.0,44.380001068115234,73.54962158203125,69.44000244140625,77.19999694824219,12.99625015258789,35.95000076293945,146.75999450683594,156.27999877929688,22.1200008392334,132.55667114257812,124.5,336.6400146484375,43.650001525878906,59.54999923706055,30.530000686645508,20.264999389648438,29.3700008392334,115.30999755859375,45.939998626708984,8534300,47048400,5205600,968600,16946000,51223300,17514700,19986200,10283300,8155500,12285600,7417500,3778700,49202600,8944400,13761800,5460400,6253800,12972039,14986200,18351400,228316000,39466700,1515900,8087400,12418200,3369900,14148100,2769900,8597200,4363000,28770200,57248200,62985900,12626100,24967200
2021-01-29,83.93765258789062,85.63999938964844,203.3063201904297,508.8186340332031,40.44247817993164,26.129167556762695,49.85911560058594,48.43759536743164,32.93169403076172,67.60232543945312,12.636474609375,39.59992980957031,239.5383758544922,50.18244171142578,140.78134155273438,112.73329162597656,196.6916961669922,37.53389358520508,62.284366607666016,56.83461380004883,76.33573913574219,12.952620506286621,27.513280868530273,118.84188079833984,139.4280548095703,19.833860397338867,125.06129455566406,111.43045806884766,305.1013488769531,34.23211669921875,46.52260208129883,26.34918975830078,16.169103622436523,26.41717529296875,105.76383209228516,36.160099029541016,102.4800033569336,85.63999938964844,241.42999267578125,534.1599731445312,45.04999923706055,29.649999618530273,61.43000030517578,57.9900016784668,40.029998779296875,85.19999694824219,16.459999084472656,50.959999084472656,271.1700134277344,55.5099983215332,163.1300048828125,128.6699981689453,207.97000122070312,43.15999984741211,73.54007720947266,67.05000305175781,78.2699966430664,12.989749908447266,35.900001525878906,143.52000427246094,156.27999877929688,22.209999084472656,130.47332763671875,121.5199966430664,333.5799865722656,42.849998474121094,56.43000030517578,29.8799991607666,19.65999984741211,28.950000762939453,115.02999877929688,44.84000015258789,104.48999786376953,88.33000183105469,246.47000122070312,543.5,45.810001373291016,30.5,62.79999923706055,60.20000076293945,41.459999084472656,87.33999633789062,17.610000610351562,53.869998931884766,277.3999938964844,57.15999984741211,166.0,131.72000122070312,218.0,45.40999984741211,74.78053283691406,70.05999755859375,79.37000274658203,13.334750175476074,36.880001068115234,147.77000427246094,160.63999938964844,22.829999923706055,133.7133331298828,124.36000061035156,339.0199890136719,44.0,59.95000076293945,31.190000534057617,20.309999465942383,29.540000915527344,116.66000366210938,46.040000915527344,101.80999755859375,85.0199966430664,240.25,528.2999877929688,44.76300048828125,29.59000015258789,61.029998779296875,57.689998626708984,39.97999954223633,84.91999816894531,16.309999465942383,50.75,270.6199951171875,55.36000061035156,160.5500030517578,128.19000244140625,204.4600067138672,43.11000061035156,72.89122009277344,66.8499984741211,76.94999694824219,12.911499977111816,35.619998931884766,142.97999572753906,154.75,22.0,130.0399932861328,120.55000305175781,330.6300048828125,42.81999969482422,55.939998626708984,29.81999969482422,19.584999084472656,28.81999969482422,114.0999984741211,44.5099983215332,104.0,87.55999755859375,244.92999267578125,540.9600219726562,44.9900016784668,30.399999618530273,62.29999923706055,59.959999084472656,40.61000061035156,86.83000183105469,17.010000228881836,53.20000076293945,274.2699890136719,55.97999954223633,164.25999450683594,131.19000244140625,211.9600067138672,44.279998779296875,74.41793823242188,69.01000213623047,78.36000061035156,13.074999809265137,36.880001068115234,147.6699981689453,160.25,22.399999618530273,133.23666381835938,124.0,336.5299987792969,43.720001220703125,58.0,30.770000457763672,20.049999237060547,29.459999084472656,115.83999633789062,45.54999923706055,9380400,56735800,3792800,867300,22069000,64019100,16092000,27078300,11660400,14699800,11201200,6691300,3412000,37256200,22505900,14808100,8401700,6180900,10671470,17566100,17934400,271552000,60251900,2686800,9502100,15573600,2761800,15169200,3899200,7339300,5512600,39500800,63069000,78260700,10462400,38961100
2021-02-01,83.79025268554688,87.66000366210938,202.46420288085938,528.0890502929688,41.900394439697266,26.402362823486328,50.49219512939453,48.80512237548828,33.49111557006836,68.56241607666016,12.866791725158691,39.88744354248047,242.68304443359375,51.24919128417969,140.41893005371094,113.56562042236328,192.1236114501953,37.78607940673828,62.51873779296875,57.36016082763672,78.44234466552734,13.19916820526123,27.4366397857666,120.7795181274414,144.1565399169922,19.789209365844727,130.00086975097656,116.14372253417969,305.48541259765625,34.1522216796875,46.36595916748047,26.446191787719727,16.284242630004883,26.76392936706543,106.16840362548828,36.224613189697266,102.30000305175781,87.66000366210938,240.42999267578125,554.3900146484375,46.67399978637695,29.959999084472656,62.209999084472656,58.43000030517578,40.709999084472656,86.41000366210938,16.760000228881836,51.33000183105469,274.7300109863281,56.689998626708984,162.7100067138672,129.6199951171875,203.13999938964844,43.45000076293945,73.8167953491211,67.66999816894531,80.43000030517578,13.237000465393066,35.79999923706055,145.86000061035156,161.5800018310547,22.15999984741211,135.6266632080078,126.66000366210938,334.0,42.75,56.2400016784668,29.989999771118164,19.799999237060547,29.329999923706055,115.47000122070312,44.91999816894531,103.88999938964844,87.94999694824219,245.47999572753906,555.469970703125,46.93199920654297,30.040000915527344,62.869998931884766,58.66999816894531,40.97999954223633,87.30000305175781,16.969999313354492,52.0,276.79998779296875,57.38999938964844,165.30999755859375,130.07000732421875,209.88999938964844,44.060001373291016,74.74236297607422,68.12000274658203,81.08999633789062,13.270750045776367,36.189998626708984,146.3000030517578,162.39999389648438,22.579999923706055,136.0399932861328,126.8499984741211,338.1499938964844,43.34000015258789,57.5,30.219999313354492,20.0,29.3700008392334,116.3499984741211,45.58000183105469,101.86000061035156,84.66000366210938,239.5800018310547,544.530029296875,45.35900115966797,29.56999969482422,61.65999984741211,57.400001525878906,39.70000076293945,84.56999969482422,16.170000076293945,50.08000183105469,272.0,55.709999084472656,162.60000610351562,128.47999572753906,203.10000610351562,42.31999969482422,73.7977066040039,67.2699966430664,78.4800033569336,12.902750015258789,35.720001220703125,143.69000244140625,156.49000549316406,21.799999237060547,132.2566680908203,123.37999725341797,332.739990234375,42.470001220703125,54.84000015258789,29.68000030517578,19.469999313354492,29.020000457763672,115.29000091552734,44.290000915527344,103.0,86.83000183105469,244.3000030517578,547.4000244140625,45.584999084472656,29.8700008392334,61.90999984741211,58.65999984741211,40.43000030517578,85.98999786376953,16.799999237060547,51.31999969482422,272.6600036621094,55.95000076293945,165.30999755859375,129.39999389648438,209.4600067138672,43.77000045776367,74.41793823242188,67.87999725341797,79.58999633789062,13.053250312805176,35.93000030517578,144.74000549316406,157.3699951171875,22.5,132.69667053222656,124.54000091552734,335.0299987792969,43.27000045776367,56.939998626708984,30.139999389648438,19.899999618530273,29.270000457763672,115.97000122070312,45.58000183105469,7518200,42359300,2173500,849600,17027000,40985300,11240900,16073000,9229400,8073600,9160500,4710300,2324100,26926600,9971400,11080700,5383800,5232100,8224599,11961600,14900200,217204000,40395800,1481900,8265100,10081500,1923300,10179900,3020200,6666900,4159400,23713400,61021400,41947400,10105300,24412400
2021-02-02,84.74853515625,88.86000061035156,202.51473999023438,527.2411499023438,42.810672760009766,27.34530258178711,51.08469009399414,49.76568603515625,33.70499801635742,69.0781478881836,13.020330429077148,39.833045959472656,253.4952850341797,52.433467864990234,139.1588897705078,117.06147003173828,186.84620666503906,39.264488220214844,62.85007095336914,60.14043045043945,79.60295104980469,13.518000602722168,26.815868377685547,124.53885650634766,147.01148986816406,20.101760864257812,132.10960388183594,117.77590942382812,309.8024597167969,35.350555419921875,47.627342224121094,27.116384506225586,16.461063385009766,27.411806106567383,106.47181701660156,36.79716491699219,103.47000122070312,88.86000061035156,240.49000549316406,553.5,47.6879997253418,31.030000686645508,62.939998626708984,59.58000183105469,40.970001220703125,87.05999755859375,16.959999084472656,51.2599983215332,286.9700012207031,58.0,161.25,133.61000061035156,197.55999755859375,45.150001525878906,74.20801544189453,70.94999694824219,81.62000274658203,13.556750297546387,34.9900016784668,150.39999389648438,164.77999877929688,22.510000228881836,137.82666015625,128.44000244140625,338.7200012207031,44.25,57.77000045776367,30.75,20.014999389648438,30.040000915527344,115.80000305175781,45.630001068115234,104.30999755859375,89.27999877929688,241.9499969482422,556.7899780273438,47.696998596191406,31.200000762939453,64.63999938964844,60.25,42.29999923706055,88.37000274658203,17.520000457763672,53.0099983215332,288.25,58.279998779296875,163.66000366210938,134.38999938964844,205.89999389648438,46.41999816894531,75.30534362792969,71.37000274658203,81.73999786376953,13.571999549865723,35.779998779296875,152.89999389648438,165.3800048828125,23.09000015258789,138.0,130.25,344.6400146484375,44.52000045776367,59.09000015258789,31.190000534057617,20.4950008392334,30.190000534057617,116.94999694824219,46.9900016784668,102.5,86.94999694824219,236.8000030517578,549.4500122070312,46.79999923706055,30.540000915527344,62.88999938964844,59.29999923706055,40.900001525878906,86.52999877929688,16.850000381469727,50.939998626708984,278.0,56.880001068115234,161.17999267578125,131.22000122070312,197.35000610351562,44.0099983215332,74.14122009277344,69.0199966430664,79.91999816894531,13.285499572753906,34.27000045776367,147.55999755859375,161.3000030517578,22.350000381469727,135.96665954589844,127.44999694824219,337.1000061035156,43.290000915527344,56.5,30.3799991607666,20.014999389648438,29.65999984741211,115.7699966430664,45.279998779296875,102.87999725341797,88.48999786376953,240.0,553.780029296875,46.97600173950195,30.579999923706055,63.0,59.599998474121094,41.54999923706055,88.01000213623047,17.270000457763672,52.900001525878906,278.32000732421875,57.189998626708984,163.3800048828125,131.94000244140625,204.3800048828125,44.439998626708984,74.22709655761719,69.12000274658203,81.26000213623047,13.398750305175781,35.7599983215332,147.8300018310547,164.50999450683594,22.75,137.88999938964844,129.47000122070312,337.1000061035156,43.290000915527344,57.630001068115234,30.459999084472656,20.274999618530273,29.670000076293945,116.37999725341797,45.810001373291016,10481300,33850000,2444200,721600,16141000,53527000,16059700,18693400,8834000,9233100,10544500,6255100,5195500,23580900,11443300,12253600,5314600,7112000,9866710,13893900,11386200,220440000,84062400,1778100,6926500,11058000,2429400,9302400,2663700,6487400,3919200,25302900,63929000,54263000,11515700,31940400
2021-02-03,87.59886932373047,87.88999938964844,199.64320373535156,517.1535034179688,41.76123046875,27.82999038696289,50.346099853515625,51.035301208496094,35.547794342041016,70.585693359375,13.972288131713867,43.42314529418945,254.89096069335938,52.14418411254883,138.5116729736328,118.40194702148438,186.27882385253906,41.134220123291016,62.48640060424805,59.84374237060547,77.15496063232422,13.491827011108398,26.70091438293457,126.02935028076172,144.79893493652344,21.593097686767578,129.42572021484375,116.9139633178711,309.04339599609375,35.734012603759766,49.54825973510742,27.954126358032227,17.164243698120117,27.566930770874023,105.7178726196289,38.24066925048828,106.94999694824219,87.88999938964844,237.0800018310547,542.9099731445312,46.51900100708008,31.579999923706055,62.029998779296875,61.099998474121094,43.209999084472656,88.95999908447266,18.200000762939453,55.880001068115234,288.54998779296875,57.68000030517578,160.5,135.13999938964844,196.9600067138672,47.29999923706055,73.77862548828125,70.5999984741211,79.11000061035156,13.530500411987305,34.84000015258789,152.1999969482422,162.3000030517578,24.18000030517578,135.02667236328125,127.5,337.8900146484375,44.72999954223633,60.099998474121094,31.700000762939453,20.8700008392334,30.209999084472656,114.9800033569336,47.41999816894531,107.56999969482422,89.4800033569336,239.8699951171875,551.719970703125,47.85200119018555,31.729999542236328,63.209999084472656,61.150001525878906,43.630001068115234,89.38999938964844,18.25,56.0,289.80999755859375,58.33000183105469,161.52000427246094,135.75999450683594,200.58999633789062,47.459999084472656,74.57061004638672,71.33000183105469,82.52999877929688,13.931750297546387,35.290000915527344,152.5,167.5800018310547,24.25,138.75,129.13999938964844,340.1600036621094,44.84000015258789,61.119998931884766,31.770000457763672,20.924999237060547,30.219999313354492,115.86000061035156,47.66999816894531,104.01000213623047,87.33999633789062,231.38999938964844,541.9500122070312,46.45899963378906,30.8799991607666,62.0099983215332,59.31999969482422,41.0099983215332,86.88999938964844,17.139999389648438,51.5,285.17999267578125,57.380001068115234,159.57000732421875,133.50999450683594,196.88999938964844,45.400001525878906,73.61640930175781,70.30999755859375,78.97000122070312,13.516500473022461,34.779998779296875,149.89999389648438,161.8000030517578,22.639999389648438,134.6666717529297,126.05999755859375,334.6000061035156,43.9900016784668,58.0,30.610000610351562,20.045000076293945,29.940000534057617,114.62000274658203,45.41999816894531,106.19999694824219,88.5999984741211,231.55999755859375,551.2899780273438,47.69300079345703,30.90999984741211,62.869998931884766,59.40999984741211,41.25,87.05000305175781,17.18000030517578,51.83000183105469,286.6099853515625,57.88999938964844,160.94000244140625,133.64999389648438,197.80999755859375,45.56999969482422,74.08396911621094,70.87000274658203,81.8499984741211,13.63599967956543,34.9900016784668,149.9499969482422,167.5800018310547,22.700000762939453,138.35333251953125,129.0,338.0,44.0099983215332,58.0,30.719999313354492,20.1200008392334,30.0,115.80000305175781,45.630001068115234,12101900,32312900,4479200,635400,17857000,49404900,15115000,18730600,11133600,9256500,10508800,5047600,2712800,21893200,8601900,10600800,3679000,6492000,10034810,8014300,17456000,245408000,38524200,1784200,14156700,15843700,2767800,9676600,2537100,5850300,5257300,28507800,74385600,46195200,11280300,28459300
2021-02-04,88.89299774169922,87.83999633789062,199.7610626220703,529.0891723632812,42.249603271484375,28.640743255615234,49.96463394165039,52.12950134277344,36.20594024658203,70.617431640625,13.9339017868042,44.65870666503906,259.4844665527344,53.47024917602539,139.79750061035156,121.1267318725586,190.68605041503906,41.16031265258789,61.44388961791992,61.276275634765625,79.2420654296875,13.625194549560547,26.73923110961914,129.73902893066406,132.01412963867188,22.155696868896484,130.48654174804688,117.50997924804688,301.2049865722656,36.99625015258789,50.339725494384766,28.891830444335938,17.353408813476562,28.17831802368164,106.15921020507812,38.97452163696289,108.52999877929688,87.83999633789062,237.22000122070312,555.4400024414062,47.0629997253418,32.5,61.560001373291016,62.40999984741211,44.0099983215332,89.0,18.149999618530273,57.470001220703125,293.75,58.790000915527344,161.99000549316406,138.25,201.6199951171875,47.33000183105469,72.5477066040039,72.29000091552734,81.25,13.664250373840332,34.88999938964844,156.67999267578125,147.97000122070312,24.809999465942383,136.13333129882812,128.14999389648438,329.32000732421875,46.310001373291016,61.060001373291016,32.65999984741211,21.100000381469727,30.8799991607666,115.45999908447266,48.33000183105469,108.87999725341797,88.5999984741211,237.86000061035156,555.97998046875,47.11600112915039,32.529998779296875,62.88999938964844,62.630001068115234,44.02000045776367,89.6500015258789,18.3799991607666,57.529998779296875,295.8299865722656,58.880001068115234,162.08999633789062,138.66000366210938,201.8800048828125,48.279998779296875,73.48282623291016,72.31999969482422,81.33999633789062,13.673500061035156,35.08000183105469,156.75999450683594,151.77999877929688,24.950000762939453,136.24000549316406,128.1999969482422,335.2900085449219,46.349998474121094,61.91999816894531,32.849998474121094,21.104999542236328,30.889999389648438,115.93000030517578,48.380001068115234,105.25,87.05999755859375,233.75,544.280029296875,45.74800109863281,31.780000686645508,61.2400016784668,61.41999816894531,42.59000015258789,87.94999694824219,17.670000076293945,54.72999954223633,289.5199890136719,57.189998626708984,159.75999450683594,135.47000122070312,195.63999938964844,46.59000015258789,72.08015441894531,70.7699966430664,78.95999908447266,13.337750434875488,34.70000076293945,153.3300018310547,145.1999969482422,23.739999771118164,133.65333557128906,125.97000122070312,328.3900146484375,44.7400016784668,60.130001068115234,31.799999237060547,20.655000686645508,30.299999237060547,114.7300033569336,47.25,106.87000274658203,88.22000122070312,236.27999877929688,546.9600219726562,46.0,31.799999237060547,62.0,61.56999969482422,43.61000061035156,89.51000213623047,18.350000381469727,56.310001373291016,290.0,57.61000061035156,161.0,135.47000122070312,196.80999755859375,47.81999969482422,73.44465637207031,70.93000030517578,79.1500015258789,13.531000137329102,34.810001373291016,153.38999938964844,150.17999267578125,24.34000015258789,134.60000610351562,127.5,332.32000732421875,44.97999954223633,60.880001068115234,31.8700008392334,21.024999618530273,30.309999465942383,114.9800033569336,47.880001068115234,9077800,30791600,2819700,554500,15243000,51751900,15997000,16612900,11372300,7917600,7402600,5451900,2994700,29853800,7758100,12419500,2924300,5007500,18867563,8889400,11519700,201340000,34284900,1569600,46141800,12894700,1832400,7445100,5962200,6633800,3643600,30825400,48327800,63061800,8451500,25280300
2021-02-05,89.05680847167969,87.9000015258789,199.00323486328125,526.5840454101562,41.83484649658203,28.526172637939453,49.44517135620117,52.271507263183594,36.54322814941406,70.82373809814453,13.741974830627441,43.99042510986328,259.2635803222656,52.91544723510742,141.92051696777344,120.89019775390625,190.8279266357422,41.43860626220703,61.25801086425781,62.0645866394043,79.09579467773438,13.552152633666992,26.762222290039062,129.95433044433594,130.11380004882812,22.334300994873047,129.59507751464844,117.17070770263672,296.80560302734375,37.02820587158203,50.88383865356445,28.803367614746094,17.501449584960938,28.18744468688965,106.35228729248047,40.28093338012695,108.7300033569336,87.9000015258789,236.32000732421875,552.8099975585938,46.60100173950195,32.369998931884766,60.91999816894531,62.58000183105469,44.41999816894531,89.26000213623047,17.899999618530273,56.61000061035156,293.5,58.18000030517578,164.4499969482422,137.97999572753906,201.77000427246094,47.650001525878906,72.3282470703125,73.22000122070312,81.0999984741211,13.590999603271484,34.91999816894531,156.94000244140625,145.83999633789062,25.010000228881836,135.20333862304688,127.77999877929688,324.510009765625,46.349998474121094,61.720001220703125,32.560001373291016,21.280000686645508,30.889999389648438,115.66999816894531,49.95000076293945,110.2699966430664,88.36000061035156,238.8800048828125,556.1400146484375,47.69200134277344,32.90999984741211,61.77000045776367,63.08000183105469,44.91999816894531,90.47000122070312,18.809999465942383,58.099998474121094,297.239990234375,59.08000183105469,165.44000244140625,139.49000549316406,202.9199981689453,48.22999954223633,73.4542007446289,73.72000122070312,82.0199966430664,13.737250328063965,35.08000183105469,158.5,148.89999389648438,25.649999618530273,137.14999389648438,128.8800048828125,333.4800109863281,46.88999938964844,62.56999969482422,33.189998626708984,21.5,31.1299991607666,116.43000030517578,50.119998931884766,108.44000244140625,86.87999725341797,235.3800048828125,551.02001953125,46.5359992980957,32.31999969482422,60.5099983215332,62.06999969482422,44.09000015258789,88.63999938964844,17.860000610351562,56.43000030517578,292.19000244140625,58.119998931884766,163.86000061035156,137.3800048828125,200.85000610351562,47.22999954223633,71.95610809326172,72.55000305175781,80.72000122070312,13.54574966430664,34.779998779296875,155.8800048828125,144.6199951171875,24.860000610351562,135.0,126.69999694824219,323.4800109863281,46.130001068115234,61.27000045776367,32.5099983215332,21.219999313354492,30.81999969482422,115.38999938964844,49.040000915527344,109.62999725341797,88.1500015258789,238.30999755859375,554.9600219726562,47.43299865722656,32.88999938964844,61.060001373291016,62.9900016784668,44.88999938964844,89.94000244140625,18.6299991607666,58.040000915527344,295.0,59.0,164.86000061035156,139.38999938964844,201.6199951171875,48.0099983215332,72.92938995361328,73.0999984741211,81.7699966430664,13.725000381469727,34.91999816894531,158.02000427246094,148.85000610351562,25.229999542236328,137.14999389648438,128.7899932861328,332.1099853515625,46.849998474121094,62.02000045776367,33.0,21.43000030517578,31.100000381469727,116.25,49.18000030517578,7251000,30268700,2421800,461700,12488000,42008800,16249200,13493800,9543400,8017300,9425300,4029000,2938100,23432600,9495300,10051300,2732200,3846000,13901825,8832200,10958000,169152000,31749600,1260300,24695400,11370200,1462800,6226800,7227900,4146600,3127500,24908100,48196400,38461900,5557000,34980100
2021-02-08,87.50877380371094,91.47000122070312,200.05580139160156,537.2431030273438,42.43543243408203,29.16067886352539,48.8851432800293,53.165260314941406,38.4847526550293,72.58519744873047,14.394527435302734,46.16623306274414,265.1377868652344,53.80677032470703,142.32611083984375,122.78265380859375,194.6109619140625,43.03004455566406,60.6438102722168,62.92072296142578,81.9338607788086,14.397480010986328,26.685583114624023,131.48622131347656,131.48776245117188,23.209455490112305,133.48345947265625,121.54468536376953,296.650146484375,37.86703109741211,53.414852142333984,29.54645347595215,18.23341178894043,28.552448272705078,106.48100280761719,42.01473617553711,106.83999633789062,91.47000122070312,237.57000732421875,564.0,47.27000045776367,33.09000015258789,60.22999954223633,63.650001525878906,46.779998779296875,91.4800033569336,18.75,59.40999984741211,300.1499938964844,59.15999984741211,164.9199981689453,140.13999938964844,205.77000427246094,49.47999954223633,71.6030502319336,74.2300033569336,84.01000213623047,14.438750267028809,34.81999969482422,158.7899932861328,147.3800048828125,25.989999771118164,139.25999450683594,132.5500030517578,324.3399963378906,47.400001525878906,64.79000091552734,33.400001525878906,22.170000076293945,31.290000915527344,115.80999755859375,52.099998474121094,108.9800033569336,91.98999786376953,239.6300048828125,566.9299926757812,47.34199905395508,33.279998779296875,61.369998931884766,63.709999084472656,47.22999954223633,92.04000091552734,18.899999618530273,59.849998474121094,300.8900146484375,59.220001220703125,165.9199981689453,140.3000030517578,206.42999267578125,49.86000061035156,72.70037841796875,74.29000091552734,84.05999755859375,14.473750114440918,35.0099983215332,158.8300018310547,147.60000610351562,26.170000076293945,139.3633270263672,133.25,327.0199890136719,47.439998626708984,65.54000091552734,33.56999969482422,22.274999618530273,31.290000915527344,116.23999786376953,52.36000061035156,105.80999755859375,87.9800033569336,235.85000610351562,557.969970703125,46.55799865722656,32.400001525878906,59.66999816894531,62.849998474121094,45.099998474121094,90.01000213623047,18.030000686645508,57.31999969482422,294.5,57.95000076293945,163.8800048828125,138.17999267578125,201.91000366210938,48.150001525878906,71.2404556274414,73.4000015258789,81.63999938964844,13.727250099182129,34.7400016784668,156.69000244140625,145.3000030517578,25.34000015258789,136.10667419433594,128.6999969482422,323.80999755859375,46.439998626708984,62.34000015258789,30.770000457763672,21.56999969482422,30.989999771118164,115.47000122070312,50.709999084472656,108.88999938964844,88.30999755859375,237.99000549316406,557.969970703125,46.875,32.43000030517578,61.349998474121094,63.09000015258789,45.25,90.29000091552734,18.1200008392334,57.5099983215332,295.0,58.380001068115234,165.02999877929688,138.1999969482422,202.3800048828125,48.220001220703125,72.3759536743164,73.63999938964844,81.75,13.727250099182129,34.959999084472656,156.80999755859375,147.10000610351562,25.450000762939453,136.1133270263672,128.6999969482422,327.010009765625,46.459999084472656,62.41999816894531,32.779998779296875,21.59000015258789,30.989999771118164,116.08000183105469,50.91999816894531,9199100,47639900,2258200,716900,17610000,46014100,18864300,15055400,12181600,9886600,10309200,4079300,2826200,34358300,6035300,10136400,2909300,9360200,16718534,9018100,12394800,434624000,31633900,1310700,12181600,11496300,1947300,11160000,4758200,5986200,4217700,29223800,62368200,48756300,6956700,36998700
2021-02-09,86.3293228149414,90.91000366210938,199.28109741210938,538.6719360351562,42.60868835449219,29.037307739257812,48.50366973876953,52.72254943847656,38.567020416259766,72.172607421875,14.486654281616211,45.24150848388672,265.41168212890625,53.461151123046875,143.49118041992188,122.29200744628906,190.77113342285156,42.49955749511719,60.6438102722168,62.92919158935547,81.26093292236328,14.222481727600098,26.800539016723633,130.94801330566406,130.35470581054688,23.218385696411133,133.0904998779297,121.66388702392578,301.48846435546875,38.034786224365234,53.24994659423828,29.422597885131836,18.04014015197754,28.561569213867188,106.63732147216797,41.522666931152344,105.4000015258789,90.91000366210938,236.64999389648438,565.5,47.4630012512207,32.95000076293945,59.7599983215332,63.119998931884766,46.880001068115234,90.95999908447266,18.8700008392334,58.220001220703125,300.4599914550781,58.779998779296875,166.27000427246094,139.5800018310547,201.7100067138672,48.869998931884766,71.6030502319336,74.23999786376953,83.31999969482422,14.263250350952148,34.970001220703125,158.13999938964844,146.11000061035156,26.0,138.85000610351562,132.67999267578125,329.6300048828125,47.61000061035156,64.58999633789062,33.2599983215332,21.934999465942383,31.299999237060547,115.9800033569336,50.630001068115234,106.5,93.30000305175781,237.6699981689453,571.9299926757812,47.51900100708008,33.02000045776367,60.34000015258789,63.869998931884766,47.439998626708984,91.2699966430664,19.139999389648438,58.93000030517578,302.45001220703125,59.310001373291016,166.58999633789062,139.97999572753906,204.9499969482422,49.09000015258789,71.72709655761719,74.68000030517578,84.0,14.583250045776367,35.060001373291016,158.66000366210938,148.5,26.299999237060547,139.8300018310547,134.41000366210938,331.0400085449219,47.849998474121094,65.19999694824219,33.40999984741211,22.065000534057617,31.399999618530273,116.08999633789062,50.959999084472656,105.11000061035156,90.55000305175781,234.7899932861328,565.5,46.86199951171875,32.59000015258789,59.68000030517578,62.52000045776367,45.86000061035156,89.80999755859375,18.399999618530273,57.880001068115234,297.70001220703125,57.939998626708984,164.97000122070312,138.5399932861328,200.32000732421875,48.130001068115234,70.9542007446289,73.37000274658203,82.4000015258789,14.22249984741211,34.7599983215332,156.6199951171875,145.89999389648438,25.43000030517578,138.07666015625,131.75,321.7099914550781,46.959999084472656,63.38999938964844,32.90999984741211,21.645000457763672,31.079999923706055,115.69000244140625,49.77000045776367,106.0,91.38999938964844,237.27999877929688,566.5399780273438,47.20000076293945,32.970001220703125,60.22999954223633,63.70000076293945,46.220001220703125,91.0999984741211,18.950000762939453,58.75,299.6000061035156,58.77000045776367,165.1999969482422,139.42999267578125,203.75,49.04999923706055,71.6603012084961,73.9000015258789,83.3499984741211,14.340749740600586,34.79999923706055,157.97999572753906,147.5500030517578,25.75,138.85667419433594,133.97999572753906,323.8999938964844,47.2400016784668,64.79000091552734,33.209999084472656,21.9950008392334,31.190000534057617,115.80000305175781,50.66999816894531,5506900,37596400,1996500,483300,12758000,35868600,14226100,12336900,8990300,7605500,8261000,3039600,2071700,28754100,5544200,8614800,2661300,5076900,13484616,7429900,10362500,287560000,30170200,1555700,11681300,10799800,1383300,7929100,4096900,4940300,3864900,23539800,64798800,33572000,4730300,28977000
2021-02-10,85.22359466552734,92.3499984741211,200.80526733398438,539.9960327148438,42.197532653808594,29.063739776611328,48.69846725463867,53.140193939208984,38.87140655517578,73.41040802001953,15.14688491821289,46.78790283203125,268.7861022949219,53.53391647338867,143.95721435546875,122.36209869384766,193.30581665039062,43.3170280456543,60.522586822509766,63.00547790527344,80.31488037109375,14.72204875946045,26.624269485473633,132.57923889160156,129.8105010986328,23.77205467224121,133.3524627685547,122.59000396728516,304.9366760253906,37.82707977294922,54.50565719604492,29.369522094726562,18.38556671142578,28.561569213867188,106.83042907714844,41.924522399902344,104.05000305175781,92.3499984741211,238.4600067138672,566.8900146484375,47.005001068115234,32.97999954223633,60.0,63.619998931884766,47.25,92.5199966430664,19.729999542236328,60.209999084472656,304.2799987792969,58.86000061035156,166.80999755859375,139.66000366210938,204.38999938964844,49.810001373291016,71.45992279052734,74.33000183105469,82.3499984741211,14.764249801635742,34.7400016784668,160.11000061035156,145.5,26.6200008392334,139.1233367919922,133.69000244140625,333.3999938964844,47.349998474121094,65.11000061035156,33.20000076293945,22.354999542236328,31.299999237060547,116.19000244140625,51.119998931884766,106.12999725341797,93.2699966430664,240.3000030517578,573.0599975585938,47.749000549316406,33.41999816894531,60.529998779296875,63.9900016784668,48.0,92.58999633789062,19.84000015258789,60.91999816894531,305.17999267578125,59.41999816894531,167.94000244140625,140.8699951171875,205.5500030517578,50.16999816894531,71.92748260498047,74.86000061035156,84.44000244140625,14.904999732971191,35.08000183105469,160.97999572753906,147.75,26.729999542236328,140.72999572753906,136.0,335.760009765625,47.90999984741211,65.4000015258789,33.689998626708984,22.375,31.5,116.8499984741211,51.41999816894531,103.72000122070312,90.45999908447266,236.6999969482422,559.7000122070312,46.54899978637695,32.86000061035156,59.61000061035156,62.97999954223633,46.40999984741211,90.5999984741211,18.850000381469727,58.45000076293945,297.75,58.119998931884766,165.6999969482422,139.0399932861328,201.63999938964844,48.31999969482422,71.1259536743164,73.55000305175781,81.30000305175781,14.341500282287598,34.70000076293945,157.91000366210938,144.3699951171875,25.969999313354492,137.336669921875,132.50999450683594,329.7699890136719,47.310001373291016,63.38999938964844,33.09000015258789,21.8700008392334,31.149999618530273,115.77999877929688,50.38999938964844,105.9800033569336,91.5,238.39999389648438,571.4299926757812,47.72100067138672,33.119998931884766,60.099998474121094,63.47999954223633,47.189998626708984,91.37999725341797,18.969999313354492,58.5,300.0,59.29999923706055,167.88999938964844,140.0,204.47000122070312,49.060001373291016,71.87023162841797,74.5999984741211,84.0,14.463250160217285,35.0,159.42999267578125,147.6199951171875,26.239999771118164,140.0,134.1199951171875,332.6600036621094,47.880001068115234,63.779998779296875,33.47999954223633,22.010000228881836,31.459999084472656,116.81999969482422,50.630001068115234,7446000,42441300,2964400,458600,14587000,45031900,13071000,12680700,10853200,8778800,11604800,4959100,3213700,16325100,5921300,10323200,3062700,4938500,11721566,7465900,9869200,485352000,29039900,1628300,11701300,11602000,2220300,12196300,4122700,5625500,3574100,22687000,58451000,38899600,5406400,25723800
2021-02-11,84.97787475585938,92.66000366210938,199.3970184326172,563.447998046875,42.946231842041016,28.975618362426758,48.69035339355469,52.789371490478516,38.555908203125,73.01366424560547,14.816765785217285,46.34496307373047,267.0548095703125,55.17103958129883,143.30996704101562,122.0204086303711,192.3940887451172,43.27355194091797,60.40137481689453,62.48842239379883,84.34284210205078,15.207159042358398,26.386693954467773,131.91680908203125,129.8639678955078,23.548803329467773,137.96934509277344,127.60584259033203,304.6347961425781,37.7471923828125,54.03685760498047,28.944904327392578,18.101825714111328,28.470325469970703,107.03268432617188,40.874778747558594,103.75,92.66000366210938,235.0399932861328,591.510009765625,47.8390007019043,32.880001068115234,59.9900016784668,63.20000076293945,46.439998626708984,92.0199966430664,19.299999237060547,59.63999938964844,302.32000732421875,60.65999984741211,166.05999755859375,139.27000427246094,202.5800018310547,49.7599983215332,71.3167953491211,73.72000122070312,86.4800033569336,15.250749588012695,34.43000030517578,159.30999755859375,145.55999755859375,26.3700008392334,143.94000244140625,139.16000366210938,333.07000732421875,47.25,64.55000305175781,32.720001220703125,22.010000228881836,31.200000762939453,116.41000366210938,49.84000015258789,104.68000030517578,93.6500015258789,239.1300048828125,591.7899780273438,47.935001373291016,33.310001373291016,60.220001220703125,63.869998931884766,46.52000045776367,92.44000244140625,19.530000686645508,60.27000045776367,305.010009765625,60.9900016784668,167.3800048828125,140.5500030517578,204.17999267578125,49.939998626708984,71.6603012084961,74.7699966430664,86.63999938964844,15.272250175476074,34.810001373291016,161.3000030517578,146.57000732421875,26.780000686645508,144.0433349609375,139.22999572753906,336.6499938964844,47.619998931884766,64.98999786376953,33.34000015258789,22.290000915527344,31.440000534057617,116.69999694824219,50.93000030517578,103.31999969482422,91.33000183105469,233.99000549316406,573.8300170898438,46.91899871826172,32.54999923706055,59.70000076293945,61.93000030517578,45.209999084472656,90.08000183105469,18.690000534057617,58.15999984741211,299.1700134277344,58.86000061035156,165.60000610351562,138.22000122070312,201.6199951171875,48.65999984741211,70.83015441894531,72.77999877929688,84.0,14.925000190734863,34.279998779296875,157.7100067138672,143.52999877929688,25.940000534057617,140.27333068847656,134.05999755859375,331.5,46.849998474121094,62.880001068115234,32.369998931884766,21.545000076293945,30.989999771118164,115.86000061035156,48.779998779296875,104.56999969482422,92.9000015258789,238.63999938964844,574.6300048828125,47.36899948120117,32.970001220703125,60.0,63.599998474121094,46.5,92.37000274658203,19.520000457763672,60.150001525878906,303.9800109863281,59.099998474121094,167.0,139.66000366210938,202.8699951171875,49.84000015258789,71.38359069824219,74.33000183105469,84.4000015258789,14.980250358581543,34.79999923706055,159.82000732421875,145.77999877929688,26.389999389648438,140.27333068847656,135.39999389648438,335.0,47.2599983215332,64.66999816894531,33.20000076293945,22.28499984741211,31.31999969482422,116.5999984741211,50.88999938964844,5090100,35571000,1633900,975400,17123000,29479900,8256800,12108300,8939100,8572400,7221000,2973000,2159900,27539100,4871300,9201000,3544700,3753700,8780982,6972900,18750400,450828000,30885200,1387500,11600200,9773300,2112600,12347900,2776700,4413300,2505400,22393200,49632600,31909500,4684000,26972200
2021-02-12,85.54304504394531,93.7699966430664,201.23794555664062,569.6205444335938,43.65812683105469,29.407434463500977,48.69035339355469,53.148536682128906,39.153682708740234,73.43421173095703,15.3388090133667,47.41733169555664,270.588134765625,56.216983795166016,143.7587127685547,123.75517272949219,196.86727905273438,43.882301330566406,60.61148452758789,63.24281692504883,85.83502197265625,14.918487548828125,26.608943939208984,134.36782836914062,132.0230712890625,23.906007766723633,139.6755828857422,126.59716796875,300.21722412109375,38.058753967285156,54.19590759277344,29.661449432373047,18.36911964416504,28.762325286865234,107.83258819580078,41.43244934082031,104.44000244140625,93.7699966430664,237.2100067138672,597.989990234375,48.63199996948242,33.369998931884766,59.9900016784668,63.630001068115234,47.15999984741211,92.55000305175781,19.979999542236328,61.02000045776367,306.32000732421875,61.810001373291016,166.5800018310547,141.25,207.2899932861328,50.459999084472656,71.56488800048828,74.61000061035156,88.01000213623047,14.961250305175781,34.720001220703125,162.27000427246094,147.97999572753906,26.770000457763672,145.72000122070312,138.05999755859375,328.239990234375,47.63999938964844,64.73999786376953,33.529998779296875,22.334999084472656,31.520000457763672,117.27999877929688,50.52000045776367,104.56999969482422,94.22000122070312,237.35000610351562,601.4600219726562,48.70199966430664,33.45000076293945,60.279998779296875,64.0199966430664,47.220001220703125,92.7300033569336,20.0,61.5,306.70001220703125,62.5099983215332,166.85000610351562,141.61000061035156,208.22000122070312,50.58000183105469,71.66984558105469,75.0199966430664,88.31999969482422,15.291250228881836,34.95000076293945,162.5,151.39999389648438,26.790000915527344,146.00332641601562,139.80999755859375,332.3999938964844,48.18000030517578,64.77999877929688,33.619998931884766,22.354999542236328,31.549999237060547,117.41000366210938,50.709999084472656,103.1500015258789,91.9000015258789,233.49000549316406,589.1500244140625,47.48899841308594,32.90999984741211,59.650001525878906,62.88999938964844,45.95000076293945,91.3499984741211,18.969999313354492,59.029998779296875,301.7699890136719,60.43000030517578,164.0,139.0,201.14999389648438,49.25,71.1259536743164,73.87999725341797,85.45999908447266,14.774999618530273,34.36000061035156,159.3300018310547,144.8699951171875,25.950000762939453,142.78334045410156,137.16000366210938,327.8800048828125,47.06999969482422,63.79999923706055,32.650001525878906,21.815000534057617,31.139999389648438,116.02999877929688,49.40999984741211,103.76000213623047,92.75,235.0399932861328,591.969970703125,47.8380012512207,33.0,59.86000061035156,62.91999816894531,46.11000061035156,91.52999877929688,19.100000381469727,59.209999084472656,301.989990234375,60.599998474121094,164.39999389648438,139.0500030517578,201.64999389648438,49.439998626708984,71.2977066040039,73.87999725341797,86.11000061035156,15.050000190734863,34.439998626708984,159.58999633789062,145.57000732421875,26.059999465942383,143.51666259765625,138.9199981689453,331.67999267578125,47.119998931884766,63.83000183105469,32.650001525878906,21.854999542236328,31.170000076293945,116.18000030517578,49.43000030517578,3738400,38538400,1460300,732400,13551000,37468300,9493600,12174600,8805400,7858300,9125700,3317600,1977300,26214200,4413100,8324600,2611300,3907200,6738116,7281200,14273900,374756000,25578600,1230800,9155200,9063400,1925100,11114100,2760800,4141600,2578100,34473100,47400800,38271800,6345300,19756700
2021-02-16,85.34645080566406,91.45999908447266,197.53065490722656,574.5262451171875,43.91038131713867,30.200565338134766,48.21147537231445,53.557823181152344,40.556766510009766,74.93894958496094,16.022069931030273,49.033660888671875,275.5702209472656,56.817264556884766,142.4556121826172,126.73404693603516,195.4142303466797,45.27231979370117,60.005367279052734,64.46343231201172,85.57169342041016,15.286432266235352,26.585952758789062,140.6941375732422,131.29150390625,24.054044723510742,140.37843322753906,128.4219512939453,296.9061584472656,38.865631103515625,56.05434036254883,30.776079177856445,18.829687118530273,29.255083084106445,106.76604461669922,42.67904281616211,104.19999694824219,91.45999908447266,232.83999633789062,603.1400146484375,48.91299819946289,34.27000045776367,59.400001525878906,64.12000274658203,48.849998474121094,93.12999725341797,20.8700008392334,63.099998474121094,311.9599914550781,62.470001220703125,165.07000732421875,144.64999389648438,205.75999450683594,51.459999084472656,70.84923553466797,76.05000305175781,87.73999786376953,15.330249786376953,34.689998626708984,169.91000366210938,147.16000366210938,26.809999465942383,146.45333862304688,140.0500030517578,324.6199951171875,48.650001525878906,66.95999908447266,34.790000915527344,22.895000457763672,32.060001373291016,116.12000274658203,52.040000915527344,106.19000244140625,94.0,237.69000244140625,608.7100219726562,49.47800064086914,34.560001373291016,60.369998931884766,65.06999969482422,49.22999954223633,93.86000061035156,21.1200008392334,63.849998474121094,312.9200134277344,62.869998931884766,167.0500030517578,145.32000732421875,207.49000549316406,52.08000183105469,71.97518920898438,76.41999816894531,89.22000122070312,15.3725004196167,34.86000061035156,171.0,149.74000549316406,27.549999237060547,147.99000549316406,142.1999969482422,329.8399963378906,48.959999084472656,67.7300033569336,34.93000030517578,23.15999984741211,32.209999084472656,117.54000091552734,52.529998779296875,104.0199966430664,90.75,232.52999877929688,599.1699829101562,48.70199966430664,33.70000076293945,59.369998931884766,63.84000015258789,47.81999969482422,92.61000061035156,20.360000610351562,62.13999938964844,309.2200012207031,61.70000076293945,164.63999938964844,142.39999389648438,203.61000061035156,50.720001220703125,70.65839385986328,75.27999877929688,87.05000305175781,14.949999809265137,34.560001373291016,162.75,146.05999755859375,26.799999237060547,145.82666015625,139.4199981689453,322.4800109863281,48.0099983215332,65.73999786376953,34.0,22.735000610351562,31.700000762939453,115.73999786376953,51.619998931884766,105.33000183105469,93.9000015258789,236.00999450683594,605.5800170898438,49.0880012512207,33.97999954223633,60.099998474121094,64.91999816894531,48.0,93.05000305175781,20.59000015258789,63.04999923706055,310.0,62.0,166.5800018310547,143.5500030517578,205.97999572753906,50.810001373291016,71.91793823242188,76.25,89.22000122070312,15.064249992370605,34.849998474121094,163.52000427246094,149.0,27.0,147.4566650390625,141.61000061035156,327.3599853515625,48.279998779296875,66.0,34.06999969482422,22.850000381469727,31.84000015258789,117.43000030517578,51.959999084472656,5637300,35105900,2018100,621600,15163000,52802600,12386400,19065400,11066700,14006000,14500300,4921900,2792200,26326300,5656100,12130600,2741900,10784600,9734453,8550600,10312800,321960000,28730300,2947500,10211900,14337900,3152400,11833600,4339000,5603600,4645500,36468200,76593400,71330600,9531900,28060100
2021-02-17,87.05829620361328,89.94000244140625,199.88058471679688,559.704345703125,43.31340026855469,30.32394027709961,49.17733383178711,54.09239959716797,40.980194091796875,77.18397521972656,16.682300567626953,49.375572204589844,276.25927734375,56.25334930419922,142.9647216796875,127.12832641601562,196.0790252685547,45.65061569213867,61.04789733886719,63.954830169677734,83.9234619140625,14.86339282989502,26.73923110961914,138.73992919921875,129.14134216308594,24.107879638671875,137.97251892089844,124.95584869384766,298.9549560546875,39.38490295410156,57.02540969848633,32.368408203125,19.109310150146484,29.401079177856445,107.1521987915039,43.343326568603516,106.29000091552734,89.94000244140625,235.61000061035156,587.5800170898438,48.24800109863281,34.40999984741211,60.59000015258789,64.76000213623047,49.36000061035156,95.91999816894531,21.729999542236328,63.540000915527344,312.739990234375,61.849998474121094,165.66000366210938,145.10000610351562,206.4600067138672,51.88999938964844,72.08015441894531,75.44999694824219,86.05000305175781,14.906000137329102,34.88999938964844,167.5500030517578,144.75,26.8700008392334,143.94332885742188,136.27000427246094,326.8599853515625,49.29999923706055,68.12000274658203,36.59000015258789,23.235000610351562,32.220001220703125,116.54000091552734,52.849998474121094,106.75,90.95999908447266,235.83999633789062,598.47998046875,48.61199951171875,34.560001373291016,60.93000030517578,64.91000366210938,49.47999954223633,96.72000122070312,21.979999542236328,63.72999954223633,314.9800109863281,62.189998626708984,166.08999633789062,145.3800048828125,206.69000244140625,52.119998931884766,72.57633972167969,75.9000015258789,87.31999969482422,15.22350025177002,35.0,170.1199951171875,146.88999938964844,27.149999618530273,145.73333740234375,139.63999938964844,328.6000061035156,49.38999938964844,68.58000183105469,37.45000076293945,23.385000228881836,32.2599983215332,116.5999984741211,53.27000045776367,104.1500015258789,88.56999969482422,231.24000549316406,581.4600219726562,47.50600051879883,33.790000915527344,59.41999816894531,63.45000076293945,48.2599983215332,94.19999694824219,20.399999618530273,61.84000015258789,308.760009765625,61.209999084472656,164.36000061035156,143.1199951171875,204.27000427246094,50.459999084472656,70.96373748779297,74.70999908447266,84.9000015258789,14.779999732971191,34.459999084472656,166.67999267578125,143.4199981689453,26.350000381469727,141.97000122070312,136.10000610351562,322.239990234375,48.150001525878906,66.37000274658203,34.029998779296875,22.795000076293945,31.850000381469727,115.61000061035156,51.79999923706055,104.69999694824219,90.55999755859375,232.3300018310547,598.3499755859375,48.42300033569336,34.040000915527344,59.4900016784668,63.79999923706055,49.189998626708984,95.41999816894531,20.649999618530273,63.34000015258789,310.0299987792969,61.4900016784668,164.97000122070312,143.9499969482422,205.00999450683594,51.560001373291016,71.04962158203125,75.0,86.69000244140625,15.170999526977539,34.56999969482422,169.36000061035156,145.82000732421875,27.149999618530273,145.19667053222656,139.2100067138672,323.4599914550781,48.4900016784668,67.30000305175781,34.34000015258789,23.1299991607666,31.959999084472656,115.73999786376953,52.349998474121094,6940400,32245500,1575400,825100,14084000,45455300,11673500,20279600,9055700,14342300,13098100,2956500,2333100,21055400,6676700,10810100,3329900,5542300,13876463,7807200,10033500,274756000,26389400,2224100,11937200,11554300,2785200,12311200,2620000,6928600,3352600,80157700,68964400,60460900,5022200,25509700
2021-02-18,86.86990356445312,88.63999938964844,197.2676544189453,554.8463745117188,43.383426666259766,30.130062103271484,49.52634048461914,53.023250579833984,39.59371566772461,76.44365692138672,15.768723487854004,47.067657470703125,273.7506103515625,56.03506851196289,143.0337677001953,127.55758666992188,191.00747680664062,45.061180114746094,60.942813873291016,63.42930221557617,86.35193634033203,14.786615371704102,26.48632049560547,138.21002197265625,128.39193725585938,22.950483322143555,136.55392456054688,123.45198059082031,300.37274169921875,39.193172454833984,56.78264236450195,32.695701599121094,18.67753028869629,29.227703094482422,106.48100280761719,42.662635803222656,106.05999755859375,88.63999938964844,232.52999877929688,582.47998046875,48.32600021362305,34.189998626708984,61.02000045776367,63.47999954223633,47.689998626708984,95.0,20.540000915527344,60.56999969482422,309.8999938964844,61.61000061035156,165.74000549316406,145.58999633789062,201.1199951171875,51.220001220703125,71.95610809326172,74.83000183105469,88.54000091552734,14.829000473022461,34.560001373291016,166.91000366210938,143.91000366210938,25.579999923706055,142.4633331298828,134.6300048828125,328.4100036621094,49.060001373291016,67.83000183105469,36.959999084472656,22.709999084472656,32.029998779296875,115.80999755859375,52.02000045776367,106.61000061035156,89.5999984741211,235.42999267578125,589.4600219726562,48.54100036621094,34.650001525878906,61.720001220703125,64.55000305175781,49.130001068115234,95.77999877929688,21.68000030517578,63.13999938964844,314.5,61.97999954223633,166.16000366210938,145.7899932861328,205.4199981689453,51.93000030517578,72.40457916259766,75.55000305175781,88.7300033569336,14.873250007629395,34.880001068115234,167.4499969482422,144.6999969482422,26.739999771118164,143.1233367919922,135.8800048828125,329.5799865722656,49.5,68.41000366210938,37.36000061035156,23.18000030517578,32.20000076293945,116.27999877929688,52.939998626708984,105.20999908447266,87.30999755859375,232.3000030517578,576.0499877929688,47.51300048828125,34.02000045776367,60.29999923706055,63.09000015258789,47.630001068115234,94.30000305175781,20.5,60.459999084472656,307.5799865722656,60.63999938964844,164.3000030517578,143.39999389648438,200.9499969482422,50.810001373291016,71.6030502319336,74.16999816894531,85.95999908447266,14.574999809265137,34.52000045776367,164.4600067138672,142.9600067138672,25.549999237060547,140.67999267578125,133.39999389648438,325.20001220703125,48.349998474121094,66.3499984741211,36.18000030517578,22.639999389648438,31.770000457763672,115.33000183105469,51.86000061035156,105.31999969482422,89.08999633789062,235.42999267578125,584.3599853515625,48.02299880981445,34.060001373291016,60.310001373291016,64.30000305175781,49.0,95.75,21.520000457763672,63.0,309.2200012207031,60.650001525878906,164.9600067138672,144.0,205.3000030517578,51.63999938964844,71.82251739501953,75.1500015258789,86.5199966430664,14.729000091552734,34.779998779296875,166.2100067138672,143.5399932861328,26.600000381469727,142.1566619873047,134.85000610351562,325.8999938964844,48.880001068115234,67.77999877929688,36.439998626708984,23.135000228881836,31.989999771118164,115.97000122070312,52.810001373291016,5386600,35624900,1945300,716800,16715000,37541700,14076600,14833200,8382200,9030600,10717500,3691400,2093300,17846100,5189100,10587800,3919400,4951800,10004627,7155800,19168100,233868000,24052500,1266800,8404400,11173100,2247600,11614600,2383500,7617300,3096500,43334700,61360200,45188200,7756600,20627600
2021-02-19,86.00989532470703,89.58000183105469,196.5550079345703,566.2008666992188,43.98489761352539,30.438501358032227,49.185447692871094,54.94437789916992,40.19976806640625,77.08740997314453,15.991361618041992,48.57518005371094,278.8033752441406,57.30838394165039,140.65185546875,129.6866455078125,190.81756591796875,46.62714767456055,60.053863525390625,64.42105865478516,88.71211242675781,14.883834838867188,26.394357681274414,141.108154296875,129.3108673095703,23.434974670410156,139.8448944091797,125.31342315673828,296.86962890625,39.96010208129883,59.88003921508789,33.465335845947266,18.99005889892578,29.5744571685791,105.19379425048828,42.949684143066406,105.01000213623047,89.58000183105469,231.69000244140625,594.4000244140625,48.99599838256836,34.540000915527344,60.599998474121094,65.77999877929688,48.41999816894531,95.80000305175781,20.829999923706055,62.5099983215332,315.6199951171875,63.0099983215332,162.97999572753906,148.02000427246094,200.9199981689453,53.0,70.90648651123047,76.0,90.95999908447266,14.92650032043457,34.439998626708984,170.41000366210938,144.94000244140625,26.1200008392334,145.89666748046875,136.66000366210938,324.5799865722656,50.02000045776367,71.52999877929688,37.83000183105469,23.09000015258789,32.40999984741211,114.41000366210938,52.369998931884766,106.69999694824219,90.41999816894531,233.14999389648438,600.75,49.513999938964844,34.72999954223633,61.5,65.98999786376953,48.56999969482422,96.37999725341797,20.90999984741211,62.560001373291016,316.7799987792969,63.2599983215332,165.9600067138672,148.83999633789062,202.8800048828125,53.310001373291016,72.05152893066406,76.36000061035156,91.48999786376953,15.177000045776367,34.68000030517578,171.22000122070312,145.85000610351562,26.440000534057617,146.76333618164062,137.9499969482422,328.8500061035156,50.16999816894531,72.1500015258789,37.849998474121094,23.18000030517578,32.52000045776367,115.98999786376953,52.560001373291016,104.91000366210938,88.69000244140625,230.85000610351562,589.3900146484375,48.676998138427734,34.18000030517578,60.52000045776367,64.05000305175781,47.5099983215332,94.6500015258789,20.3799991607666,60.790000915527344,310.2300109863281,61.849998474121094,162.91000366210938,145.86000061035156,200.3300018310547,51.529998779296875,70.85877990722656,75.43000030517578,88.80999755859375,14.846750259399414,34.400001525878906,167.07000732421875,143.49000549316406,25.559999465942383,144.32666015625,135.72000122070312,324.1099853515625,49.27000045776367,68.18000030517578,37.029998779296875,22.71500015258789,32.20000076293945,114.30999755859375,51.91999816894531,106.2300033569336,89.75,232.00999450683594,591.8400268554688,48.724998474121094,34.20000076293945,61.13999938964844,64.16000366210938,47.650001525878906,95.12999725341797,20.6299991607666,60.790000915527344,310.2300109863281,61.90999984741211,165.60000610351562,145.86000061035156,201.1300048828125,51.59000015258789,71.98473358154297,75.44999694824219,90.25,15.024499893188477,34.65999984741211,167.32000732421875,144.77999877929688,25.639999389648438,144.6233367919922,136.14999389648438,328.75,49.33000183105469,68.2699966430664,37.130001068115234,22.739999771118164,32.2400016784668,115.9000015258789,52.11000061035156,6702400,29548300,2471500,821500,17992000,54514100,16997100,20456200,8502500,8913900,9343800,3291100,2749500,28290100,8190900,11969800,3434900,7603600,12388198,7685300,21886500,271724000,28145300,1380600,10012500,10063700,2254500,10771900,2313800,5374200,5783400,39023000,54404200,54361800,9390800,22607200
2021-02-22,87.68899536132812,85.37000274658203,196.36839294433594,551.0551147460938,42.76399230957031,30.9760684967041,49.501991271972656,54.72719955444336,42.242130279541016,79.17150115966797,16.313800811767578,51.36489486694336,279.90753173828125,55.21651077270508,140.56504821777344,130.90451049804688,190.58956909179688,48.254695892333984,60.55491256713867,65.60775756835938,84.14778137207031,14.314719200134277,26.256412506103516,141.19923400878906,124.42178344726562,24.70900535583496,134.77749633789062,122.47998046875,299.66839599609375,40.695064544677734,62.15703201293945,32.96109390258789,19.64800453186035,29.84821128845215,104.94551849365234,44.53250503540039,107.05999755859375,85.37000274658203,231.47000122070312,578.5,47.63600158691406,35.150001525878906,60.9900016784668,65.5199966430664,50.880001068115234,98.38999938964844,21.25,66.0999984741211,316.8699951171875,60.709999084472656,161.8699951171875,149.41000366210938,200.67999267578125,54.849998474121094,71.49809265136719,77.4000015258789,86.27999877929688,14.35575008392334,34.2599983215332,170.52000427246094,139.4600067138672,27.540000915527344,140.61000061035156,133.57000732421875,327.6400146484375,50.939998626708984,74.25,37.2599983215332,23.889999389648438,32.709999084472656,114.13999938964844,54.29999923706055,107.68000030517578,88.30000305175781,233.8000030517578,590.1199951171875,48.6609992980957,35.25,61.2400016784668,66.9000015258789,51.68000030517578,99.63999938964844,22.5,67.27999877929688,320.55999755859375,62.70000076293945,162.5399932861328,150.19000244140625,201.61000061035156,55.70000076293945,71.62213897705078,77.98999786376953,90.5199966430664,15.13325023651123,34.369998931884766,172.00999450683594,144.1199951171875,28.18000030517578,145.01333618164062,135.27999877929688,329.04998779296875,51.130001068115234,75.37999725341797,37.91999816894531,24.235000610351562,32.83000183105469,114.48999786376953,54.810001373291016,104.2300033569336,85.20999908447266,230.1199951171875,576.5,47.53200149536133,34.40999984741211,59.709999084472656,65.29000091552734,48.810001373291016,96.45999908447266,20.8799991607666,62.779998779296875,312.2099914550781,60.65999984741211,160.2899932861328,146.7899932861328,197.9600067138672,53.38999938964844,70.3530502319336,75.58000183105469,85.91999816894531,14.324999809265137,34.040000915527344,169.60000610351562,139.0800018310547,25.979999542236328,140.11666870117188,133.17999267578125,320.3500061035156,49.79999923706055,71.62000274658203,37.099998474121094,23.204999923706055,32.290000915527344,113.12000274658203,52.59000015258789,104.66000366210938,88.1500015258789,230.3300018310547,587.6199951171875,48.400001525878906,34.45000076293945,60.41999816894531,65.4000015258789,49.16999816894531,96.98999786376953,21.06999969482422,63.0099983215332,313.0,61.880001068115234,161.8699951171875,146.8699951171875,199.17999267578125,53.61000061035156,71.08778381347656,75.69999694824219,89.52999877929688,14.774749755859375,34.33000183105469,169.97999572753906,142.25,26.0,144.0,133.58999633789062,321.5,49.79999923706055,71.66999816894531,37.66999816894531,23.2450008392334,32.29999923706055,113.86000061035156,52.59000015258789,10272500,36930200,2334800,753400,16967000,56783400,9916600,23120700,12331000,13178700,19651000,4639400,3162300,32288200,6447100,11488400,2263600,8770000,8612464,11193700,16077000,325884000,34322500,1850600,12763900,13964700,2652000,10363800,2688300,7017900,4771800,34690000,75644600,65930200,7213300,36435100
2021-02-23,87.04191589355469,84.73999786376953,197.208251953125,548.740478515625,42.36361312866211,31.302122116088867,49.28285598754883,55.74625015258789,43.25502014160156,80.1692886352539,16.574817657470703,52.72477722167969,281.9744873046875,55.58941650390625,139.32327270507812,131.95587158203125,192.29910278320312,49.0640754699707,60.239723205566406,65.69251251220703,86.04960632324219,14.101576805114746,25.988170623779297,143.43499755859375,122.33411407470703,24.88844871520996,133.7646484375,118.3811264038086,301.3787536621094,41.230316162109375,63.462955474853516,32.85493850708008,19.972869873046875,30.030715942382812,104.77083587646484,45.14759826660156,106.2699966430664,84.73999786376953,232.4600067138672,576.0700073242188,47.189998626708984,35.52000045776367,60.720001220703125,66.73999786376953,52.099998474121094,99.62999725341797,21.59000015258789,67.8499984741211,319.2099914550781,61.119998931884766,160.44000244140625,150.61000061035156,202.47999572753906,55.77000045776367,71.1259536743164,77.5,88.2300033569336,14.142000198364258,33.90999984741211,173.22000122070312,137.1199951171875,27.739999771118164,139.55332946777344,129.10000610351562,329.510009765625,51.61000061035156,75.80999755859375,37.13999938964844,24.28499984741211,32.90999984741211,113.94999694824219,55.04999923706055,107.5999984741211,85.11000061035156,238.0,579.1799926757812,47.46200180053711,35.88999938964844,61.380001068115234,66.91999816894531,52.5,100.16000366210938,21.75,68.16000366210938,320.0,61.5,163.19000244140625,152.30999755859375,204.30999755859375,56.13999938964844,72.48091888427734,77.86000061035156,89.19999694824219,14.238750457763672,34.189998626708984,174.00999450683594,138.47999572753906,27.899999618530273,140.60667419433594,131.74000549316406,333.94000244140625,52.70000076293945,76.19999694824219,37.77000045776367,24.354999542236328,32.95000076293945,114.76000213623047,55.2599983215332,105.95999908447266,79.36000061035156,230.97000122070312,560.1300048828125,45.60599899291992,35.13999938964844,60.029998779296875,64.86000061035156,49.65999984741211,96.80000305175781,19.610000610351562,63.619998931884766,310.5799865722656,59.16999816894531,160.39999389648438,149.58999633789062,198.67999267578125,53.81999969482422,71.04962158203125,76.26000213623047,82.44000244140625,13.38949966430664,33.68000030517578,170.16000366210938,134.44000244140625,26.389999389648438,134.02667236328125,125.37999725341797,326.6400146484375,51.25,72.77999877929688,36.599998474121094,23.2549991607666,32.56999969482422,113.41999816894531,53.7400016784668,106.97000122070312,83.4000015258789,232.64999389648438,571.719970703125,47.11399841308594,35.41999816894531,61.20000076293945,65.58999633789062,52.0,99.97000122070312,21.389999389648438,67.30000305175781,317.9800109863281,60.47999954223633,161.47999572753906,151.50999450683594,200.30999755859375,55.04999923706055,71.84160614013672,77.26000213623047,85.23999786376953,14.075249671936035,34.0,173.52000427246094,136.3800048828125,27.760000228881836,138.02667236328125,129.10000610351562,329.989990234375,51.84000015258789,75.45999908447266,37.59000015258789,24.174999237060547,32.939998626708984,114.05999755859375,54.97999954223633,7058600,49720900,2919200,1004800,21303000,67440700,13742000,26712100,10796500,14874000,17987000,4236500,2942500,27374600,7042800,16234400,3287700,7649100,10900458,12174600,23203200,391780000,37624200,2449400,14425300,13549000,4029300,18444700,3225700,9904100,4794700,36792500,98370800,94331400,8731500,33527900
2021-02-24,89.0240478515625,86.94000244140625,195.11282348632812,566.7819213867188,43.169769287109375,32.06000518798828,50.80061721801758,57.29985809326172,45.388710021972656,83.13050079345703,17.096864700317383,56.237186431884766,292.07122802734375,57.47210693359375,141.19032287597656,134.2776641845703,194.236572265625,49.8382682800293,60.26396179199219,67.70989990234375,90.23355865478516,14.457555770874023,25.86554527282715,147.79055786132812,125.88495635986328,26.38677215576172,138.10350036621094,121.31543731689453,303.8482360839844,42.18898391723633,65.43021392822266,33.87225341796875,20.68016242980957,30.614713668823242,105.49720001220703,46.50080108642578,108.69000244140625,86.94000244140625,229.99000549316406,595.010009765625,48.0880012512207,36.380001068115234,62.59000015258789,68.5999984741211,54.66999816894531,103.30999755859375,22.270000457763672,72.37000274658203,330.6400146484375,63.189998626708984,162.58999633789062,153.25999450683594,204.52000427246094,56.650001525878906,71.15457916259766,79.87999725341797,92.5199966430664,14.49899959564209,33.75,178.47999572753906,141.10000610351562,29.40999984741211,144.0800018310547,132.3000030517578,332.2099914550781,52.810001373291016,78.16000366210938,38.290000915527344,25.145000457763672,33.54999923706055,114.73999786376953,56.70000076293945,109.44000244140625,87.08999633789062,230.7899932861328,595.9600219726562,48.14099884033203,36.52000045776367,62.91999816894531,68.68000030517578,54.88999938964844,104.04000091552734,22.450000762939453,72.86000061035156,330.9700012207031,63.279998779296875,164.38999938964844,153.75999450683594,206.4600067138672,56.9900016784668,71.82251739501953,80.0999984741211,92.5999984741211,14.506750106811523,34.04999923706055,179.36000061035156,141.17999267578125,29.68000030517578,144.23333740234375,132.3800048828125,333.6000061035156,53.040000915527344,78.43000030517578,38.34000015258789,25.290000915527344,33.63999938964844,115.36000061035156,57.0,105.5999984741211,82.80999755859375,227.7100067138672,565.5499877929688,46.26599884033203,35.599998474121094,60.869998931884766,67.0,51.459999084472656,99.80999755859375,21.31999969482422,67.41000366210938,320.1000061035156,60.380001068115234,160.9199981689453,150.11000061035156,201.6300048828125,55.83000183105469,70.98282623291016,77.6500015258789,87.7300033569336,13.755999565124512,33.66999816894531,173.6699981689453,135.08999633789062,27.770000457763672,137.43333435058594,127.68000030517578,326.0400085449219,51.540000915527344,76.25,37.13999938964844,24.239999771118164,32.939998626708984,113.72000122070312,54.869998931884766,106.0,84.33000183105469,229.8699951171875,573.3400268554688,46.768001556396484,35.7400016784668,60.900001525878906,67.16999816894531,52.0,100.33000183105469,21.700000762939453,68.1500015258789,320.1700134277344,60.529998779296875,162.39999389648438,150.11000061035156,201.6699981689453,56.04999923706055,71.3740463256836,77.68000030517578,88.30000305175781,14.122750282287598,33.869998931884766,173.6699981689453,136.39999389648438,28.079999923706055,138.68333435058594,129.50999450683594,328.489990234375,51.66999816894531,76.4000015258789,37.2400016784668,24.44499969482422,32.959999084472656,114.08000183105469,55.189998626708984,7626200,40821200,2690500,1023000,15125000,58139500,16517900,20752900,12286600,16116000,15609200,6106600,3934400,24669900,10286100,15061400,2848800,6605200,9838834,12681500,21281700,448320000,30686100,2008300,13146200,21674000,3144900,12782900,3360500,6814400,4578400,42764300,77748800,66000600,9842000,28728600
2021-02-25,87.9101333618164,82.41999816894531,193.01734924316406,533.2138061523438,41.040367126464844,31.663440704345703,50.402915954589844,56.305877685546875,44.027130126953125,82.35801696777344,16.390565872192383,54.85396957397461,289.5271301269531,54.93456268310547,141.337890625,132.45529174804688,193.57177734375,48.4482421875,60.30438995361328,66.4808120727539,85.94231414794922,13.269464492797852,25.91919708251953,143.46812438964844,120.91556549072266,25.57929801940918,130.23728942871094,115.53848266601562,300.7934265136719,41.24630355834961,65.4218521118164,33.22648620605469,20.281280517578125,30.058090209960938,104.4398193359375,45.729881286621094,107.33000183105469,82.41999816894531,227.52000427246094,559.77001953125,45.715999603271484,35.93000030517578,62.099998474121094,67.41000366210938,53.029998779296875,102.3499984741211,21.350000381469727,70.58999633789062,327.760009765625,60.400001525878906,162.75999450683594,151.17999267578125,203.82000732421875,55.06999969482422,71.2022933959961,78.43000030517578,88.12000274658203,13.307499885559082,33.81999969482422,173.25999450683594,135.52999877929688,28.510000228881836,135.8733367919922,126.0,328.8699951171875,51.630001068115234,78.1500015258789,37.560001373291016,24.65999984741211,32.939998626708984,113.58999633789062,55.7599983215332,109.30000305175781,87.08999633789062,230.5,586.4000244140625,47.9379997253418,37.029998779296875,63.16999816894531,69.37999725341797,55.5099983215332,104.95999908447266,22.65999984741211,72.83999633789062,335.80999755859375,63.540000915527344,163.6999969482422,154.89999389648438,205.5500030517578,56.97999954223633,71.56488800048828,81.4000015258789,93.0999984741211,14.374750137329102,34.11000061035156,180.85000610351562,140.8300018310547,29.8700008392334,143.3433380126953,131.5399932861328,333.6000061035156,53.540000915527344,79.45999908447266,38.68000030517578,25.405000686645508,33.84000015258789,115.04000091552734,57.25,107.06999969482422,81.91999816894531,226.89999389648438,559.6599731445312,45.520999908447266,35.7599983215332,61.810001373291016,66.88999938964844,52.02000045776367,101.58999633789062,21.229999542236328,69.83999633789062,326.2900085449219,60.130001068115234,161.99000549316406,150.58999633789062,201.75,54.439998626708984,70.68701934814453,78.11000061035156,87.58000183105469,13.2162504196167,33.540000915527344,173.1999969482422,135.02000427246094,28.200000762939453,135.30999755859375,125.72000122070312,327.3599853515625,51.58000183105469,77.05000305175781,37.29999923706055,24.489999771118164,32.849998474121094,113.01000213623047,55.349998474121094,108.4800033569336,86.16999816894531,229.99000549316406,582.6300048828125,47.474998474121094,36.959999084472656,62.43000030517578,69.04000091552734,54.970001220703125,104.9000015258789,22.389999389648438,72.4000015258789,333.3299865722656,62.40999984741211,163.1300048828125,154.27000427246094,203.57000732421875,56.97999954223633,70.81106567382812,80.5,91.5199966430664,14.045499801635742,33.81999969482422,180.3000030517578,139.55999755859375,29.399999618530273,142.39999389648438,131.52000427246094,331.0,53.5,78.87000274658203,38.68000030517578,25.405000686645508,33.81999969482422,114.58000183105469,56.97999954223633,6237600,54625100,2769200,1288900,23148000,74762000,17077100,25206100,12864500,13219200,17195300,5983200,4244000,36394000,9719700,18127700,2386700,6781600,10906955,11674600,22546200,824436000,37506100,1793100,12701100,20387400,5339700,13581200,2780100,6254500,6460800,37233100,75887800,92189400,14494800,29670900
2021-02-26,88.2459487915039,84.51000213623047,190.81167602539062,540.1865234375,42.181365966796875,30.588306427001953,49.7779541015625,55.02790832519531,43.180294036865234,80.46702575683594,16.53643798828125,50.16818618774414,282.2131042480469,55.280174255371094,137.60386657714844,128.94192504882812,194.5879364013672,48.052364349365234,58.68806457519531,65.15848541259766,89.26803588867188,13.675299644470215,25.66629409790039,139.41065979003906,121.50437927246094,25.040969848632812,133.20550537109375,115.48345947265625,303.85736083984375,39.944122314453125,64.4424057006836,31.996854782104492,19.80015754699707,29.48320960998535,103.53878784179688,44.589908599853516,107.73999786376953,84.51000213623047,224.9199981689453,567.0900268554688,46.98699951171875,34.709999084472656,61.33000183105469,65.87999725341797,52.0099983215332,100.0,21.540000915527344,64.55999755859375,319.4800109863281,60.779998779296875,158.4600067138672,147.1699981689453,204.88999938964844,54.619998931884766,69.29389190673828,76.87000274658203,91.52999877929688,13.714500427246094,33.4900016784668,168.36000061035156,136.19000244140625,27.90999984741211,138.97000122070312,125.94000244140625,332.2200012207031,50.0,76.9800033569336,36.16999816894531,24.075000762939453,32.310001373291016,112.61000061035156,54.369998931884766,108.58000183105469,85.58999633789062,230.30999755859375,573.489990234375,47.57600021362305,36.029998779296875,62.70000076293945,67.5999984741211,52.86000061035156,101.05999755859375,21.770000457763672,69.3499984741211,328.67999267578125,61.689998626708984,162.41000366210938,150.8699951171875,206.99000549316406,55.22999954223633,71.28816986083984,78.8499984741211,92.94000244140625,13.854499816894531,33.900001525878906,172.6199951171875,138.14999389648438,28.350000381469727,140.25332641601562,127.38999938964844,337.9100036621094,51.33000183105469,78.02999877929688,37.40999984741211,24.399999618530273,32.9900016784668,113.98999786376953,55.060001373291016,105.36000061035156,82.91000366210938,223.6199951171875,560.7000122070312,46.07400131225586,34.68000030517578,61.2599983215332,65.54000091552734,50.86000061035156,97.61000061035156,20.360000610351562,63.41999816894531,319.0400085449219,59.68000030517578,157.97000122070312,146.50999450683594,202.05999755859375,52.16999816894531,69.21755981445312,76.33000183105469,88.2300033569336,13.361000061035156,33.36000061035156,168.27999877929688,134.6999969482422,26.540000915527344,135.35000610351562,122.83000183105469,329.8500061035156,49.849998474121094,73.26000213623047,35.93000030517578,23.364999771118164,32.189998626708984,112.31999969482422,53.119998931884766,107.68000030517578,83.56999969482422,230.30999755859375,572.3400268554688,46.75299835205078,35.72999954223633,62.029998779296875,66.77999877929688,52.599998474121094,100.30000305175781,21.020000457763672,69.25,325.7699890136719,60.88999938964844,162.0,150.3000030517578,206.6999969482422,54.81999969482422,71.03053283691406,78.04000091552734,89.73999786376953,13.7524995803833,33.84000015258789,172.1300048828125,136.75999450683594,27.81999969482422,138.10000610351562,125.43000030517578,330.54998779296875,51.290000915527344,77.20999908447266,37.099998474121094,24.329999923706055,32.88999938964844,113.98999786376953,54.40999984741211,9250000,48962900,3453500,946500,22640000,70933300,13229500,24182200,13234100,14454100,16250100,9258000,3732200,38216800,14417500,19829200,3887900,6259900,17644862,30392200,22787600,500932000,41462800,2749400,11772600,22478700,4558800,17281000,5430000,9499600,5344400,39468000,90308800,103105700,14687000,35291000
2021-03-01,88.79473114013672,86.38999938964844,192.61019897460938,555.865478515625,43.95079040527344,31.540069580078125,50.02144241333008,58.08502197265625,43.678443908691406,82.11660766601562,17.1966609954834,50.49456787109375,292.5800476074219,57.19015884399414,138.3507080078125,131.85951232910156,196.08853149414062,49.35439682006836,58.49412536621094,67.099609375,92.41820526123047,13.802188873291016,25.819568634033203,143.31077575683594,124.44854736328125,25.7677059173584,137.4517364501953,118.40863037109375,306.0799560546875,40.87082290649414,65.12886047363281,32.81071853637695,20.314178466796875,30.404848098754883,104.8903579711914,46.254764556884766,108.41000366210938,86.38999938964844,227.0399932861328,583.5499877929688,48.95800018310547,35.790000915527344,61.630001068115234,69.54000091552734,52.61000061035156,102.05000305175781,22.399999618530273,64.9800033569336,329.9200134277344,62.880001068115234,159.32000732421875,150.5,206.47000122070312,56.099998474121094,69.06488800048828,79.16000366210938,94.76000213623047,13.841750144958496,33.689998626708984,173.07000732421875,139.49000549316406,28.719999313354492,143.39999389648438,129.1300048828125,334.6499938964844,51.15999984741211,77.80000305175781,37.09000015258789,24.700000762939453,33.31999969482422,114.08000183105469,56.400001525878906,109.20999908447266,86.5,227.92999267578125,584.3599853515625,49.0,36.04999923706055,62.06999969482422,69.98999786376953,53.959999084472656,103.80000305175781,22.6200008392334,65.9800033569336,331.0400085449219,63.08000183105469,161.52999877929688,151.3800048828125,208.24000549316406,56.75,70.02862548828125,79.54000091552734,95.75,13.925000190734863,33.93000030517578,174.47999572753906,139.6300048828125,29.100000381469727,143.5500030517578,130.3000030517578,338.9100036621094,51.54999923706055,79.19999694824219,37.41999816894531,25.040000915527344,33.52000045776367,114.61000061035156,57.61000061035156,108.06999969482422,83.97000122070312,225.22999572753906,568.8599853515625,47.38600158691406,35.2400016784668,61.52000045776367,67.9800033569336,52.16999816894531,101.4000015258789,21.850000381469727,64.12999725341797,323.30999755859375,61.650001525878906,159.08999633789062,148.47999572753906,204.77999877929688,55.0,68.8740463256836,78.04000091552734,92.56999969482422,13.553250312805176,33.5099983215332,169.7100067138672,136.4600067138672,28.3700008392334,140.0066680908203,127.23999786376953,333.67999267578125,50.880001068115234,77.72000122070312,36.7400016784668,24.530000686645508,32.86000061035156,113.5,56.130001068115234,108.52999877929688,85.37000274658203,225.8800048828125,572.3699951171875,47.970001220703125,35.52000045776367,61.900001525878906,68.48999786376953,53.470001220703125,102.45999908447266,22.049999237060547,65.45999908447266,325.0,61.720001220703125,161.4499969482422,149.52000427246094,205.77999877929688,55.939998626708984,69.85687255859375,78.05000305175781,94.54000091552734,13.875,33.59000015258789,171.3699951171875,137.5,28.760000228881836,141.07666015625,129.6300048828125,334.3599853515625,51.02000045776367,78.5,37.11000061035156,24.709999084472656,32.86000061035156,113.52999877929688,56.470001220703125,4709500,32746200,2178100,679500,24677000,45901700,7321400,28054600,7182500,10439900,11829700,4853300,2957800,28495400,10551400,14845500,2797400,6159300,12594864,11450000,19908900,353184000,30407800,2142900,9421400,17121600,2316600,9714900,4198900,8921300,2974200,28066100,69391600,67590700,7361800,36998300
2021-03-02,88.33604431152344,84.12999725341797,191.4648895263672,536.4238891601562,43.13655471801758,31.310937881469727,49.72925567626953,57.55879592895508,43.40446853637695,82.430419921875,17.258081436157227,50.098262786865234,293.48455810546875,55.69856262207031,138.09019470214844,131.43017578125,193.87564086914062,49.292808532714844,58.87396240234375,68.48126220703125,88.83891296386719,13.36793041229248,25.681610107421875,143.3273468017578,122.26274108886719,25.247325897216797,133.33010864257812,115.53848266601562,306.0707702636719,40.46339797973633,64.14939880371094,32.85493850708008,20.20315170288086,30.29534149169922,104.5869369506836,45.98411178588867,107.8499984741211,84.12999725341797,225.69000244140625,563.1400146484375,48.05099868774414,35.529998779296875,61.27000045776367,68.91000366210938,52.279998779296875,102.44000244140625,22.479999542236328,64.47000122070312,330.94000244140625,61.2400016784668,159.02000427246094,150.00999450683594,204.13999938964844,56.029998779296875,69.51335906982422,80.79000091552734,91.08999633789062,13.40625,33.5099983215332,173.08999633789062,137.0399932861328,28.139999389648438,139.10000610351562,126.0,334.6400146484375,50.650001525878906,76.62999725341797,37.13999938964844,24.565000534057617,33.20000076293945,113.75,56.06999969482422,109.37999725341797,86.94999694824219,227.88999938964844,579.8699951171875,49.08599853515625,35.939998626708984,62.18000030517578,69.98999786376953,53.290000915527344,103.30999755859375,23.18000030517578,65.75,336.19000244140625,63.13999938964844,160.77999877929688,151.77999877929688,209.9499969482422,57.06999969482422,70.1240463256836,81.55000305175781,94.9000015258789,13.920499801635742,33.88999938964844,177.80999755859375,140.10000610351562,29.200000762939453,143.97999572753906,128.52000427246094,337.6700134277344,51.40999984741211,78.76000213623047,37.45000076293945,24.989999771118164,33.470001220703125,114.58999633789062,56.959999084472656,107.80999755859375,84.04000091552734,225.27999877929688,563.0,47.959999084472656,35.5,61.209999084472656,68.8499984741211,52.2400016784668,101.70999908447266,22.299999237060547,63.95000076293945,329.510009765625,61.11000061035156,158.60000610351562,149.83999633789062,204.10000610351562,55.650001525878906,69.08396911621094,79.5999984741211,90.9000015258789,13.395999908447266,33.5,171.85000610351562,136.77000427246094,28.1200008392334,138.94332885742188,126.0,333.8900146484375,50.599998474121094,76.58000183105469,36.9900016784668,24.549999237060547,33.16999816894531,113.63999938964844,56.02000045776367,108.8499984741211,86.91999816894531,227.0,579.030029296875,49.0369987487793,35.650001525878906,61.95000076293945,69.19000244140625,52.5099983215332,101.88999938964844,22.489999771118164,64.69000244140625,330.0,62.79999923706055,159.77999877929688,150.0800018310547,208.88999938964844,56.5,69.50381469726562,79.80999755859375,93.56999969482422,13.899999618530273,33.68000030517578,173.22000122070312,140.0,28.75,143.97999572753906,128.42999267578125,335.0,51.189998626708984,77.69000244140625,37.150001525878906,24.790000915527344,33.279998779296875,114.31999969482422,56.650001525878906,5487000,34828200,2407500,696100,18546000,41167400,9584900,19200600,7741100,10643500,10517000,3593100,2850300,23320000,7610900,14221700,3445300,6094700,16047290,11955500,18679600,264116000,27670400,1806800,8693200,13582700,3177600,8274500,2568900,7360600,3458500,19701200,74468200,49987000,8456100,30302600
2021-03-03,87.40230560302734,80.86000061035156,189.9802703857422,517.810791015625,41.57002639770508,32.09525680541992,49.307193756103516,58.78664016723633,44.55018615722656,83.35578155517578,17.419301986694336,52.05649948120117,296.57952880859375,54.47981643676758,135.65875244140625,133.97097778320312,191.84326171875,49.3280029296875,59.23762130737305,69.55775451660156,86.9078369140625,12.768150329589844,26.35603904724121,143.5426483154297,118.02268981933594,25.45368003845215,129.25003051757812,112.68669891357422,304.451904296875,40.87082290649414,64.90282440185547,33.341487884521484,20.49922752380371,30.532596588134766,103.26294708251953,46.353172302246094,106.70999908447266,80.86000061035156,223.94000244140625,543.5999755859375,46.305999755859375,36.41999816894531,60.75,70.37999725341797,53.65999984741211,103.58999633789062,22.690000534057617,66.98999786376953,334.42999267578125,59.900001525878906,156.22000122070312,152.91000366210938,202.0,56.06999969482422,69.9427490234375,82.05999755859375,89.11000061035156,12.804750442504883,34.38999938964844,173.35000610351562,131.66000366210938,28.3700008392334,134.8433380126953,122.88999938964844,332.8699951171875,51.15999984741211,77.52999877929688,37.689998626708984,24.924999237060547,33.459999084472656,112.30999755859375,56.52000045776367,107.13999938964844,84.37999725341797,225.69000244140625,565.9500122070312,48.138999938964844,36.970001220703125,61.349998474121094,71.48999786376953,54.7599983215332,105.75,23.5,68.4800033569336,340.1000061035156,61.52000045776367,158.89999389648438,154.97999572753906,204.30999755859375,57.689998626708984,70.3530502319336,82.94000244140625,93.33000183105469,13.451499938964844,34.45000076293945,176.8699951171875,136.17999267578125,29.020000457763672,139.54666137695312,127.76000213623047,338.1600036621094,52.18000030517578,79.76000213623047,38.65999984741211,25.489999771118164,33.959999084472656,113.44999694824219,57.959999084472656,105.45999908447266,80.8499984741211,221.30999755859375,541.2000122070312,46.196998596191406,35.84000015258789,59.970001220703125,69.30000305175781,52.54999923706055,103.4000015258789,22.670000076293945,64.80000305175781,333.25,59.70000076293945,156.05999755859375,150.82000732421875,199.7100067138672,55.77000045776367,69.1030502319336,81.16000366210938,88.38999938964844,12.798749923706055,33.439998626708984,173.0,131.5399932861328,28.31999969482422,133.5800018310547,122.70999908447266,332.7799987792969,50.709999084472656,76.97000122070312,37.349998474121094,24.739999771118164,33.290000915527344,112.05000305175781,55.880001068115234,106.86000061035156,84.27999877929688,223.52000427246094,564.5900268554688,47.79999923706055,35.970001220703125,61.04999923706055,69.48999786376953,52.65999984741211,103.41000366210938,22.739999771118164,64.80000305175781,333.67999267578125,60.63999938964844,158.25,151.22999572753906,203.3699951171875,56.43000030517578,69.48473358154297,81.16000366210938,90.56999969482422,13.426250457763672,33.5099983215332,174.5399932861328,135.60000610351562,28.34000015258789,139.24667358398438,126.72000122070312,333.32000732421875,50.90999984741211,77.41000366210938,37.349998474121094,24.7450008392334,33.33000183105469,113.33000183105469,56.41999816894531,7218700,43541000,2610600,1006900,23991000,66047000,13599900,25157600,8007500,14958200,13706100,4772200,3606300,28740400,8499600,14324100,3660300,5259900,13939972,13053000,26424100,377592000,46020200,2099200,14862700,20695600,4425900,10660300,3039700,7442800,4145800,35365100,82574400,72541700,14946600,35358900
2021-03-04,86.53409576416016,77.75,188.2581329345703,486.2810974121094,39.822147369384766,32.325523376464844,48.16278839111328,58.310550689697266,46.177433013916016,84.08802795410156,18.133268356323242,55.50672912597656,292.0213317871094,53.05187225341797,132.92332458496094,131.9120330810547,190.45668029785156,49.715084075927734,58.32440948486328,68.75251007080078,82.24595642089844,12.334892272949219,26.210420608520508,142.90504455566406,114.5625,25.642101287841797,123.02920532226562,105.99281311035156,305.3116760253906,40.758975982666016,63.93175506591797,32.87263488769531,20.98857879638672,30.185840606689453,101.87458038330078,48.14924240112305,105.6500015258789,77.75,221.91000366210938,510.5,44.35900115966797,36.5,59.34000015258789,69.80999755859375,55.619998931884766,104.5,23.6200008392334,71.43000030517578,329.2900085449219,58.33000183105469,153.07000732421875,150.55999755859375,200.5399932861328,56.5099983215332,68.864501953125,81.11000061035156,84.33000183105469,12.37024974822998,34.20000076293945,172.5800018310547,127.80000305175781,28.579999923706055,128.35333251953125,115.58999633789062,333.80999755859375,51.02000045776367,76.37000274658203,37.15999984741211,25.520000457763672,33.08000183105469,110.80000305175781,58.709999084472656,107.75,81.80999755859375,227.8699951171875,541.3300170898438,46.70000076293945,36.869998931884766,60.959999084472656,71.77999877929688,56.9900016784668,107.58000183105469,24.139999389648438,73.87000274658203,339.760009765625,60.2400016784668,156.10000610351562,154.3800048828125,204.74000549316406,57.459999084472656,69.96183013916016,83.4800033569336,89.75,12.975000381469727,35.09000015258789,174.8699951171875,134.1999969482422,29.309999465942383,135.0399932861328,123.1500015258789,340.8399963378906,51.529998779296875,78.61000061035156,38.0,25.979999542236328,33.689998626708984,112.80000305175781,59.470001220703125,104.94999694824219,76.77999877929688,220.25,502.0899963378906,44.143001556396484,35.91999816894531,58.630001068115234,67.88999938964844,53.68000030517578,103.12999725341797,22.399999618530273,67.2300033569336,323.9200134277344,57.90999984741211,151.47000122070312,148.6199951171875,198.61000061035156,54.95000076293945,68.43511199951172,79.80999755859375,81.8499984741211,12.083749771118164,33.84000015258789,169.0800018310547,126.58000183105469,27.670000076293945,126.44999694824219,113.48999786376953,332.6700134277344,50.040000915527344,73.80000305175781,36.36000061035156,24.915000915527344,32.599998474121094,109.93000030517578,57.099998474121094,106.5,80.2300033569336,227.82000732421875,537.8499755859375,46.16699981689453,36.13999938964844,60.540000915527344,70.18000030517578,53.959999084472656,104.5199966430664,22.93000030517578,67.44999694824219,333.1300048828125,59.83000183105469,155.99000549316406,152.61000061035156,203.7899932861328,56.29999923706055,69.8282470703125,82.13999938964844,88.80999755859375,12.800749778747559,34.2599983215332,173.13999938964844,132.35000610351562,28.700000762939453,134.4066619873047,121.94999694824219,334.1700134277344,51.099998474121094,78.0,37.619998931884766,25.149999618530273,33.369998931884766,112.05999755859375,57.119998931884766,7503700,60549400,3577000,1702500,34575000,96512800,17309800,28518400,15181000,22994200,19432600,7351600,3647600,40210400,11033200,20093900,4308400,7032400,15975188,15809900,31971100,573344000,45449600,2060900,15831100,21586700,7243500,24454200,4991600,10901400,6359300,42932500,107573800,101311800,23441700,52137500
2021-03-05,87.39411163330078,78.5199966430664,193.1955108642578,502.0365295410156,40.41015625,32.70634078979492,49.04747009277344,58.66136169433594,48.4356575012207,87.70905303955078,19.661008834838867,57.95454025268555,290.318603515625,55.243797302246094,135.55447387695312,132.2187042236328,196.5159149169922,50.42770004272461,59.100242614746094,68.54906463623047,86.7322769165039,12.425881385803223,26.35603904724121,146.1178741455078,116.31051635742188,26.081724166870117,126.71949005126953,110.7702407836914,317.4670715332031,41.9173583984375,66.15852355957031,33.11149215698242,21.774005889892578,30.76072120666504,103.9157485961914,49.96989440917969,106.69999694824219,78.5199966430664,227.72999572753906,527.0399780273438,45.013999938964844,36.93000030517578,60.43000030517578,70.2300033569336,58.34000015258789,109.0,25.610000610351562,74.58000183105469,327.3699951171875,60.7400016784668,156.10000610351562,150.91000366210938,206.9199981689453,57.31999969482422,69.78053283691406,80.87000274658203,88.93000030517578,12.46150016784668,34.38999938964844,176.4600067138672,129.75,29.06999969482422,132.20333862304688,120.80000305175781,347.1000061035156,52.470001220703125,79.02999877929688,37.43000030517578,26.475000381469727,33.709999084472656,113.0199966430664,60.93000030517578,106.98999786376953,79.4800033569336,228.14999389648438,530.8499755859375,45.599998474121094,37.599998474121094,60.59000015258789,71.2699966430664,59.4900016784668,109.12999725341797,26.1299991607666,74.86000061035156,335.5799865722656,61.18000030517578,156.69000244140625,153.49000549316406,207.6699981689453,58.31999969482422,70.0477066040039,82.55999755859375,89.31999969482422,12.550000190734863,34.54999923706055,176.89999389648438,131.1699981689453,29.709999084472656,132.64999389648438,121.30000305175781,348.2900085449219,52.689998626708984,79.05999755859375,38.119998931884766,26.53499984741211,33.79999923706055,113.37999725341797,61.04999923706055,104.06999969482422,74.19999694824219,221.4499969482422,508.3299865722656,43.29999923706055,36.16999816894531,59.33000183105469,68.44000244140625,57.11000061035156,106.1500015258789,24.030000686645508,71.2699966430664,316.4599914550781,58.5099983215332,153.1300048828125,147.97000122070312,200.8800048828125,55.060001373291016,68.71183013916016,78.37999725341797,83.30000305175781,11.67924976348877,33.959999084472656,169.63999938964844,125.4000015258789,27.90999984741211,125.18333435058594,115.37999725341797,335.0199890136719,50.400001525878906,74.81999969482422,36.34000015258789,25.59000015258789,32.779998779296875,110.55000305175781,59.11000061035156,106.01000213623047,79.0,222.4499969482422,527.969970703125,45.42499923706055,37.029998779296875,59.5099983215332,70.83999633789062,58.0,106.95999908447266,24.520000457763672,73.91999816894531,335.5799865722656,59.2599983215332,153.97999572753906,153.22000122070312,201.02000427246094,58.16999816894531,69.18893432617188,82.41000366210938,87.52999877929688,12.550000190734863,34.290000915527344,175.39999389648438,130.9199981689453,29.670000076293945,131.30667114257812,120.9000015258789,335.0299987792969,51.7400016784668,78.0,37.869998931884766,26.2450008392334,33.63999938964844,111.44999694824219,59.83000183105469,7277800,58548900,3021300,1370100,42414000,74292300,14980100,25406800,18699600,23638200,25108200,6638200,3740200,39511700,8331600,18465100,3875900,6865900,12241164,16362500,30329100,542840000,30589900,2086500,13292000,26809000,6307800,17448700,4563100,10621000,4664400,34558300,112395800,109299800,15645200,51429800
2021-03-08,86.91085815429688,73.95999908447266,193.26339721679688,478.365478515625,37.816627502441406,32.88347625732422,49.06370162963867,60.32355499267578,48.800968170166016,88.31255340576172,18.862590789794922,57.962284088134766,296.36676025390625,54.43433380126953,136.6833953857422,133.97097778320312,196.6204071044922,50.28694152832031,59.94072723388672,68.7440185546875,82.94818115234375,11.560113906860352,26.32537841796875,148.07208251953125,110.43896484375,26.65593910217285,119.88208770751953,104.47063446044922,320.2749938964844,43.17959213256836,67.4393310546875,34.20841598510742,21.81512451171875,31.153104782104492,103.6583251953125,49.92070007324219,106.11000061035156,73.95999908447266,227.80999755859375,502.19000244140625,42.125,37.130001068115234,60.45000076293945,72.22000122070312,58.779998779296875,109.75,24.56999969482422,74.58999633789062,334.19000244140625,59.849998474121094,157.39999389648438,152.91000366210938,207.02999877929688,57.15999984741211,70.77290344238281,81.0999984741211,85.05000305175781,11.593250274658203,34.349998474121094,178.82000732421875,123.19999694824219,29.709999084472656,125.06999969482422,113.93000030517578,350.1700134277344,54.04999923706055,80.55999755859375,38.66999816894531,26.524999618530273,34.13999938964844,112.73999786376953,60.869998931884766,108.16000366210938,79.0,232.1999969482422,529.1699829101562,44.79600143432617,37.72999954223633,61.720001220703125,72.83999633789062,59.939998626708984,110.43000030517578,25.969999313354492,75.80000305175781,337.5899963378906,61.70000076293945,159.3300018310547,155.4600067138672,210.88999938964844,58.77000045776367,72.09923553466797,82.95999908447266,89.72000122070312,12.4712495803833,34.869998931884766,181.35000610351562,129.77000427246094,30.06999969482422,132.57000732421875,121.0,354.0,54.38999938964844,82.5999984741211,38.880001068115234,26.875,34.58000183105469,114.52999877929688,61.61000061035156,105.80000305175781,73.86000061035156,226.6999969482422,501.1099853515625,41.92599868774414,36.81999969482422,60.130001068115234,70.86000061035156,57.689998626708984,108.05999755859375,24.209999084472656,72.7699966430664,329.1000061035156,59.720001220703125,155.97999572753906,150.75,206.32000732421875,56.619998931884766,70.03816986083984,80.79000091552734,84.87000274658203,11.566499710083008,34.33000183105469,177.0800018310547,122.98999786376953,28.799999237060547,125.0199966430664,113.69999694824219,345.6000061035156,52.529998779296875,79.54000091552734,37.77000045776367,26.139999389648438,33.81999969482422,112.5999984741211,59.81999969482422,106.8499984741211,78.02999877929688,228.0800018310547,526.4400024414062,44.68299865722656,37.380001068115234,60.599998474121094,71.06999969482422,58.77000045776367,109.86000061035156,25.75,75.5,331.3599853515625,60.470001220703125,157.0,152.47000122070312,207.0,58.06999969482422,70.96373748779297,81.93000030517578,88.56999969482422,12.449999809265137,34.47999954223633,177.74000549316406,129.0,29.360000610351562,132.03334045410156,120.54000091552734,347.010009765625,53.0,80.0,38.130001068115234,26.735000610351562,33.959999084472656,113.11000061035156,61.58000183105469,6049400,54563900,3101000,1180700,45243000,65335500,10617300,27351100,11283400,18033600,22490300,6850200,2998000,33112400,6546700,17133300,3300300,7192100,15391347,10151900,22708300,543112000,24352300,2029300,15256100,14971200,7349100,17246900,3419900,9847600,4834600,38255200,100610000,90538200,12691800,38154600
2021-03-09,87.46784973144531,78.52999877929688,194.2644500732422,513.92431640625,39.82304000854492,32.16610336303711,49.16109848022461,59.29615783691406,48.07035827636719,88.11138916015625,18.294483184814453,57.20076370239258,293.1741638183594,56.9991569519043,136.94390869140625,133.02476501464844,195.7466278076172,49.15205764770508,59.91648483276367,68.53211212158203,87.09315490722656,12.488773345947266,26.40201759338379,143.7744903564453,115.73680114746094,26.332942962646484,127.32979583740234,106.71723175048828,321.930419921875,42.2608757019043,64.1075439453125,33.73073196411133,21.432695388793945,30.87023162841797,104.26513671875,49.1497802734375,106.79000091552734,78.52999877929688,228.99000549316406,539.52001953125,44.36000061035156,36.31999969482422,60.56999969482422,70.98999786376953,57.900001525878906,109.5,23.829999923706055,73.61000061035156,330.5899963378906,62.66999816894531,157.6999969482422,151.8300018310547,206.11000061035156,55.869998931884766,70.74427795410156,80.8499984741211,89.30000305175781,12.52025032043457,34.45000076293945,173.6300048828125,129.11000061035156,29.350000381469727,132.83999633789062,116.37999725341797,351.9800109863281,52.900001525878906,76.58000183105469,38.130001068115234,26.059999465942383,33.83000183105469,113.4000015258789,59.93000030517578,108.69000244140625,79.22000122070312,233.1199951171875,543.2100219726562,44.689998626708984,37.15999984741211,61.86000061035156,72.48999786376953,59.599998474121094,110.69000244140625,24.860000610351562,77.1500015258789,336.3900146484375,63.16999816894531,160.75,154.25,212.16000366210938,58.18000030517578,72.00381469726562,82.33000183105469,90.18000030517578,12.61674976348877,34.849998474121094,176.97999572753906,129.9199981689453,29.979999542236328,133.73333740234375,118.4000015258789,361.25,53.84000015258789,81.33999633789062,38.79999923706055,26.7549991607666,34.33000183105469,115.19999694824219,61.38999938964844,106.44000244140625,75.7699966430664,228.77999877929688,524.9500122070312,43.060001373291016,35.810001373291016,60.560001373291016,70.04000091552734,57.45000076293945,107.87999725341797,23.690000534057617,70.5999984741211,325.57000732421875,60.84000015258789,156.88999938964844,149.82000732421875,206.05999755859375,55.810001373291016,70.73473358154297,79.43000030517578,86.30000305175781,12.059249877929688,34.439998626708984,172.0399932861328,126.33000183105469,28.959999084472656,129.21665954589844,115.33000183105469,351.3399963378906,52.470001220703125,76.51000213623047,37.47999954223633,25.875,33.52000045776367,113.3499984741211,59.470001220703125,106.4800033569336,76.7300033569336,230.0,527.6400146484375,43.569000244140625,36.54999923706055,60.790000915527344,70.91000366210938,58.630001068115234,109.06999969482422,24.610000610351562,72.98999786376953,328.6199951171875,61.18000030517578,156.88999938964844,151.5,208.33999633789062,56.689998626708984,71.14503479003906,80.19999694824219,88.0,12.130249977111816,34.540000915527344,175.25999450683594,127.38999938964844,29.790000915527344,129.60000610351562,117.06999969482422,352.9200134277344,52.869998931884766,79.75,38.16999816894531,26.375,33.869998931884766,113.56999969482422,60.61000061035156,6857500,45088300,3057300,1240500,37884000,63946000,12662500,24194900,10193200,19010700,11746000,5738400,3324800,36387500,7461300,16238800,4227300,5278500,14189920,11588700,22301400,521824000,25167100,2345800,13130200,20585200,4132800,17717100,4277600,8899100,5459600,35854100,118889600,117224600,11022300,35645900
2021-03-10,88.45890045166016,77.5199966430664,195.08737182617188,498.50250244140625,39.28350830078125,33.09601593017578,49.45329284667969,61.60151290893555,49.33230209350586,89.61613464355469,18.348224639892578,58.366371154785156,303.310546875,56.61716079711914,138.20303344726562,135.91598510742188,195.11981201171875,51.184288024902344,60.41753387451172,70.43083190917969,83.29927062988281,12.436905860900879,26.76988410949707,147.2108917236328,114.62525177001953,26.87126922607422,124.92708587646484,104.3789291381836,319.75360107421875,42.963897705078125,68.11741638183594,35.01343536376953,21.975496292114258,31.499853134155273,104.50419616699219,50.658809661865234,108.0,77.5199966430664,229.9600067138672,523.3300170898438,43.75899887084961,37.369998931884766,60.93000030517578,73.75,59.41999816894531,111.37000274658203,23.899999618530273,75.11000061035156,342.0199890136719,62.25,159.14999389648438,155.1300048828125,205.4499969482422,58.18000030517578,71.33587646484375,83.08999633789062,85.41000366210938,12.468250274658203,34.93000030517578,177.77999877929688,127.87000274658203,29.950000762939453,130.3333282470703,113.83000183105469,349.6000061035156,53.779998779296875,81.37000274658203,39.58000183105469,26.719999313354492,34.52000045776367,113.66000366210938,61.77000045776367,108.36000061035156,80.04000091552734,233.49000549316406,541.8200073242188,45.40299987792969,37.529998779296875,61.279998779296875,73.87999725341797,59.77000045776367,112.01000213623047,24.190000534057617,75.6500015258789,342.3999938964844,64.12000274658203,159.89999389648438,156.16000366210938,208.0399932861328,58.43000030517578,71.78434753417969,83.41999816894531,90.01000213623047,12.979999542236328,35.13999938964844,178.3800048828125,131.10000610351562,30.06999969482422,135.17333984375,118.02999877929688,354.4800109863281,54.16999816894531,81.5,39.70000076293945,26.809999465942383,34.650001525878906,114.80000305175781,61.91999816894531,107.05000305175781,77.41000366210938,229.02000427246094,521.1099853515625,43.5099983215332,36.369998931884766,60.459999084472656,71.19999694824219,57.380001068115234,109.69999694824219,23.239999771118164,72.62999725341797,331.5299987792969,62.130001068115234,157.36000061035156,151.50999450683594,204.38999938964844,56.36000061035156,70.70610809326172,81.41999816894531,85.30999755859375,12.457500457763672,34.52000045776367,173.14999389648438,127.63999938964844,29.0,130.3333282470703,113.41000366210938,348.5,52.869998931884766,77.0999984741211,38.279998779296875,25.975000381469727,33.93000030517578,113.62000274658203,60.029998779296875,107.38999938964844,79.75,231.4600067138672,540.0800170898438,44.73500061035156,36.540000915527344,61.13999938964844,71.29000091552734,57.86000061035156,110.19999694824219,23.790000915527344,74.0,332.07000732421875,63.220001220703125,158.82000732421875,151.91000366210938,206.88999938964844,56.36000061035156,71.33587646484375,81.73999786376953,90.01000213623047,12.840499877929688,34.63999938964844,173.5399932861328,130.6699981689453,29.34000015258789,135.1300048828125,117.80000305175781,353.9100036621094,53.08000183105469,77.5999984741211,38.68000030517578,26.100000381469727,33.9900016784668,114.1500015258789,60.52000045776367,5762600,45416600,2309800,876500,19914000,53365600,10240200,21331100,12002400,17389900,16969700,3712100,3153100,27160300,6635600,14342200,3400200,6504000,12827310,10775800,23407800,384376000,33501800,1549300,12492300,18685600,4082400,15240300,3012300,8455100,4069300,38437200,78416600,73269300,11641100,31579100
2021-03-11,88.35243225097656,81.2300033569336,196.11387634277344,518.5729370117188,40.72884750366211,32.980892181396484,48.982540130615234,61.2340087890625,49.67271423339844,89.47130584716797,18.916332244873047,58.52177810668945,303.3815002441406,57.58124923706055,138.1943817138672,135.20635986328125,194.89186096191406,51.02592849731445,60.31248474121094,70.56647491455078,87.1029052734375,12.960832595825195,26.601285934448242,146.50704956054688,118.0943832397461,26.377805709838867,130.1861572265625,110.5685043334961,322.95489501953125,42.62038040161133,69.046630859375,34.394187927246094,21.983728408813477,31.408601760864258,105.13862609863281,50.28154754638672,107.87000274658203,81.2300033569336,231.1699981689453,544.4000244140625,45.36899948120117,37.2400016784668,60.349998474121094,73.30999755859375,59.83000183105469,111.19000244140625,24.639999389648438,75.30999755859375,342.1000061035156,63.310001373291016,159.13999938964844,154.32000732421875,205.2100067138672,58.0,71.21183013916016,83.25,89.30999755859375,12.993499755859375,34.709999084472656,176.92999267578125,131.74000549316406,29.399999618530273,135.82000732421875,120.58000183105469,353.1000061035156,53.349998474121094,82.4800033569336,38.880001068115234,26.729999542236328,34.41999816894531,114.3499984741211,61.310001373291016,108.62999725341797,81.88999938964844,233.9600067138672,548.489990234375,45.744998931884766,37.790000915527344,61.189998626708984,74.27999877929688,61.13999938964844,112.55000305175781,24.940000534057617,76.58999633789062,345.0,64.08999633789062,160.6300048828125,156.14999389648438,207.25,59.93000030517578,71.90839385986328,83.80999755859375,90.22000122070312,13.046250343322754,35.119998931884766,178.32000732421875,133.24000549316406,30.40999984741211,136.5933380126953,120.80000305175781,355.9700012207031,54.04999923706055,84.38999938964844,39.59000015258789,27.184999465942383,34.689998626708984,114.9800033569336,62.54999923706055,107.33999633789062,79.37000274658203,228.77999877929688,540.010009765625,44.20899963378906,36.849998474121094,60.349998474121094,72.55000305175781,59.400001525878906,110.88999938964844,24.110000610351562,74.66000366210938,336.4599914550781,62.38999938964844,158.9199981689453,153.36000061035156,204.27000427246094,57.880001068115234,71.17366027832031,82.48999786376953,86.8499984741211,12.73449993133545,34.65999984741211,175.0399932861328,130.00999450683594,29.329999923706055,133.50332641601562,117.06999969482422,349.8699951171875,52.900001525878906,81.4800033569336,38.61000061035156,26.670000076293945,34.13999938964844,113.88999938964844,61.2599983215332,108.12999725341797,79.4000015258789,230.66000366210938,546.989990234375,44.902000427246094,37.27000045776367,61.0,73.4800033569336,59.5099983215332,111.6500015258789,24.200000762939453,75.19999694824219,338.6600036621094,62.939998626708984,159.5399932861328,154.11000061035156,206.50999450683594,58.66999816894531,71.45992279052734,82.55000305175781,87.58999633789062,12.949999809265137,35.06999969482422,176.3699951171875,131.00999450683594,30.079999923706055,134.2100067138672,118.23999786376953,350.760009765625,53.34000015258789,81.55000305175781,39.220001220703125,26.774999618530273,34.34000015258789,114.05000305175781,61.779998779296875,4671400,43583700,2244000,1009700,26170000,45834000,10099500,17499200,9328100,10989500,13936600,4167900,2756600,30701800,6305600,11771500,4037300,6318500,13205324,8951500,20716500,299916000,24557900,1298700,11920200,13239500,3689400,15091600,2520500,6141300,4254300,30598700,50797400,50904800,6549400,24802600
2021-03-12,88.63909149169922,81.05000305175781,195.42669677734375,512.1240234375,40.50261688232422,33.600826263427734,49.217918395996094,62.79596710205078,49.141357421875,89.7690200805664,18.846385955810547,58.2808723449707,309.33203125,57.20834732055664,138.5938720703125,136.80967712402344,197.61758422851562,50.805992126464844,60.81792068481445,71.49040222167969,85.6009521484375,12.82367992401123,26.77755355834961,150.2167510986328,116.51667785644531,26.02789878845215,128.81231689453125,108.47782135009766,326.7823181152344,43.650936126708984,68.99639892578125,35.35843276977539,22.02895736694336,31.727981567382812,105.36849212646484,50.82282638549805,108.22000122070312,81.05000305175781,230.36000061035156,537.6300048828125,45.117000579833984,37.939998626708984,60.63999938964844,75.18000030517578,59.189998626708984,111.55999755859375,24.25,75.0,348.80999755859375,62.900001525878906,159.60000610351562,156.14999389648438,208.0800018310547,57.75,71.1832046508789,84.33999633789062,87.7699966430664,12.855999946594238,34.939998626708984,181.41000366210938,129.97999572753906,29.010000228881836,134.3866729736328,118.30000305175781,356.0199890136719,54.63999938964844,82.41999816894531,39.970001220703125,26.78499984741211,34.77000045776367,114.5999984741211,61.970001220703125,108.58000183105469,81.19000244140625,230.75999450683594,539.0800170898438,45.3489990234375,38.18000030517578,60.939998626708984,75.25,60.470001220703125,112.69999694824219,24.75,75.88999938964844,350.0,63.29999923706055,160.30999755859375,157.6300048828125,208.4600067138672,58.630001068115234,71.45992279052734,85.08000183105469,88.52999877929688,12.888750076293945,34.97999954223633,181.52999877929688,130.3300018310547,29.600000381469727,134.63333129882812,119.0,356.82000732421875,54.720001220703125,83.73999786376953,40.02000045776367,27.024999618530273,34.95000076293945,114.76000213623047,62.369998931884766,107.37000274658203,79.2300033569336,228.69000244140625,528.5999755859375,44.45199966430664,37.58000183105469,60.20000076293945,74.0999984741211,58.97999954223633,110.72000122070312,24.09000015258789,74.2300033569336,343.6400146484375,62.2400016784668,159.19000244140625,155.07000732421875,202.27999877929688,57.31999969482422,70.60114288330078,83.79000091552734,86.43000030517578,12.59000015258789,34.5099983215332,178.92999267578125,127.62000274658203,28.8799991607666,132.3733367919922,117.27999877929688,351.989990234375,54.0,81.6500015258789,39.41999816894531,26.584999084472656,34.65999984741211,113.93000030517578,61.5,107.80000305175781,79.7300033569336,230.24000549316406,534.1199951171875,44.5359992980957,37.91999816894531,60.43000030517578,74.41999816894531,60.2400016784668,111.63999938964844,24.579999923706055,75.69999694824219,345.2200012207031,62.650001525878906,159.27999877929688,156.86000061035156,204.88999938964844,58.470001220703125,70.63931274414062,84.55000305175781,87.56999969482422,12.648249626159668,34.560001373291016,179.9499969482422,129.89999389648438,29.420000076293945,133.3333282470703,119.0,353.1700134277344,54.189998626708984,82.87000274658203,39.5,26.780000686645508,34.81999969482422,114.11000061035156,61.54999923706055,5341200,32938000,1752600,714900,18906000,46069600,8030000,17210600,6758400,10930300,9798700,2958300,2436700,20173000,5474800,12849500,4541400,5053200,11493940,8691300,21916400,243964000,16342400,1964900,9365700,12829500,3153600,8171000,2088700,5415500,2492000,28754000,59786800,68126000,7452400,20422700
2021-03-15,90.30997467041016,82.5,200.1775360107422,521.2305908203125,42.26216506958008,33.432559967041016,49.8266487121582,61.99410629272461,48.28621292114258,88.71488189697266,19.126163482666016,57.78355407714844,306.8843688964844,58.0178108215332,139.305908203125,136.1262969970703,179.6488800048828,50.902774810791016,62.14678955078125,71.0835189819336,86.65426635742188,13.158085823059082,27.13775062561035,147.8319091796875,118.00476837158203,26.126588821411133,131.52810668945312,109.19306945800781,324.8181457519531,43.1236686706543,68.50250244140625,35.11958694458008,21.778114318847656,31.54547691345215,106.09486389160156,49.52703857421875,110.26000213623047,82.5,235.9600067138672,547.1900024414062,47.07699966430664,37.75,61.38999938964844,74.22000122070312,58.15999984741211,110.25,24.610000610351562,74.36000061035156,346.04998779296875,63.790000915527344,160.4199981689453,155.3699951171875,189.16000366210938,57.86000061035156,72.7385482788086,83.86000061035156,88.8499984741211,13.19124984741211,35.40999984741211,178.52999877929688,131.63999938964844,29.1200008392334,137.22000122070312,119.08000183105469,353.8800048828125,53.97999954223633,81.83000183105469,39.70000076293945,26.479999542236328,34.56999969482422,115.38999938964844,60.38999938964844,110.36000061035156,83.38999938964844,236.16000366210938,547.7999877929688,47.12300109863281,38.06999969482422,61.439998626708984,75.58999633789062,58.56999969482422,111.91000366210938,24.760000228881836,74.58999633789062,352.4200134277344,63.880001068115234,160.66000366210938,156.9199981689453,193.17999267578125,58.20000076293945,73.05343627929688,85.08000183105469,88.91000366210938,13.20674991607666,35.43000030517578,181.05999755859375,131.75999450683594,29.489999771118164,137.4066619873047,119.11000061035156,357.94000244140625,54.75,83.23999786376953,40.22999954223633,26.799999237060547,34.90999984741211,115.41999816894531,61.86000061035156,108.36000061035156,81.19999694824219,229.8000030517578,536.010009765625,45.319000244140625,37.220001220703125,60.290000915527344,73.27999877929688,56.970001220703125,108.88999938964844,23.65999984741211,72.16999816894531,342.0,62.47999954223633,158.5,153.9600067138672,188.1999969482422,56.56999969482422,71.64122009277344,82.97000122070312,86.13999938964844,12.767250061035156,34.959999084472656,176.60000610351562,129.1199951171875,28.65999984741211,134.1266632080078,116.70999908447266,351.54998779296875,53.310001373291016,80.20999908447266,39.16999816894531,26.15999984741211,34.25,114.26000213623047,59.869998931884766,108.66999816894531,81.91000366210938,230.0,538.6699829101562,45.518001556396484,38.029998779296875,60.65999984741211,75.51000213623047,57.88999938964844,111.52999877929688,24.229999542236328,74.16999816894531,349.44000244140625,63.61000061035156,159.75,156.35000610351562,193.00999450683594,57.900001525878906,72.04198455810547,84.9000015258789,87.7699966430664,12.864749908447266,35.0099983215332,180.7899932861328,130.05999755859375,29.149999618530273,135.10667419433594,118.6500015258789,356.9200134277344,54.63999938964844,82.70999908447266,40.06999969482422,26.725000381469727,34.900001525878906,114.38999938964844,61.4900016784668,6642200,39086800,2911000,582400,31241000,50131600,10949800,18918100,9825200,10488000,10401800,2602400,2276200,21247400,5524100,12101100,12388500,5901500,17999295,9018400,16144400,221988000,21896100,1851100,7807200,7888000,3894900,8935000,2343400,6228000,2961000,25892200,60452600,57836400,7119100,31243600
2021-03-16,90.78502655029297,82.75,203.87632751464844,523.3167724609375,42.92737579345703,33.33514404296875,50.24058151245117,61.25070571899414,46.974464416503906,86.61470794677734,18.271278381347656,54.900596618652344,303.0356140136719,58.91822814941406,140.13087463378906,134.49668884277344,181.30137634277344,49.451175689697266,62.619632720947266,69.96465301513672,89.1705093383789,13.257835388183594,27.459636688232422,146.21719360351562,119.80653381347656,25.175548553466797,133.2278594970703,109.44064331054688,325.4789123535156,43.0118293762207,66.40129089355469,34.809967041015625,21.15717315673828,31.21697998046875,106.03047943115234,48.477272033691406,110.83999633789062,82.75,240.32000732421875,549.3800048828125,47.81800079345703,37.63999938964844,61.900001525878906,73.33000183105469,56.58000183105469,107.63999938964844,23.510000228881836,70.6500015258789,341.7099914550781,64.77999877929688,161.3699951171875,153.50999450683594,190.89999389648438,56.209999084472656,73.29198455810547,82.54000091552734,91.43000030517578,13.291250228881836,35.83000183105469,176.5800018310547,133.64999389648438,28.059999465942383,138.9933319091797,119.3499984741211,354.6000061035156,53.84000015258789,79.31999969482422,39.349998474121094,25.725000381469727,34.209999084472656,115.31999969482422,59.11000061035156,111.08000183105469,84.75,242.02000427246094,555.72998046875,48.400001525878906,37.720001220703125,62.13999938964844,73.62999725341797,57.400001525878906,108.87999725341797,24.270000457763672,72.94999694824219,346.8999938964844,65.7300033569336,161.67999267578125,154.60000610351562,191.6199951171875,57.040000915527344,73.635498046875,83.69999694824219,94.68000030517578,13.512499809265137,35.86000061035156,176.89999389648438,135.44000244140625,28.790000915527344,141.1999969482422,121.25,355.3599853515625,53.849998474121094,80.91999816894531,39.4900016784668,26.065000534057617,34.43000030517578,115.72000122070312,59.65999984741211,109.9000015258789,82.26000213623047,236.6199951171875,545.9600219726562,46.74100112915039,36.970001220703125,61.34000015258789,72.31999969482422,55.970001220703125,107.08000183105469,23.360000610351562,70.33000183105469,337.75,64.08000183105469,160.24000549316406,152.19000244140625,187.22999572753906,55.52000045776367,72.65267181396484,81.83999633789062,90.11000061035156,13.11674976348877,35.310001373291016,173.74000549316406,132.2899932861328,27.829999923706055,138.18333435058594,118.0999984741211,351.9100036621094,52.79999923706055,78.69999694824219,38.720001220703125,25.565000534057617,33.939998626708984,114.9000015258789,58.439998626708984,109.94999694824219,83.66000366210938,238.1199951171875,546.3800048828125,47.12699890136719,37.41999816894531,61.34000015258789,73.5199966430664,57.08000183105469,108.52999877929688,24.030000686645508,72.61000061035156,345.2799987792969,64.1500015258789,160.4600067138672,154.08999633789062,191.5399932861328,56.86000061035156,72.66221618652344,83.51000213623047,90.75,13.356499671936035,35.470001220703125,176.60000610351562,132.88999938964844,28.739999771118164,138.8433380126953,119.72000122070312,353.5299987792969,53.58000183105469,80.5,39.369998931884766,26.040000915527344,34.38999938964844,115.51000213623047,59.540000915527344,5570200,42971600,3386300,651600,31190000,50300400,10163000,15834800,9399900,11698400,9902600,5399900,2332600,30186600,6369100,12805600,6194200,10415300,15697887,9472000,28539000,272128000,25022400,1632400,10434700,11347200,6785100,10793400,2904200,9928300,3793200,24668300,77287000,67373600,8618600,30624800
2021-03-17,86.03447723388672,82.62999725341797,207.227294921875,533.0232543945312,43.413047790527344,33.609683990478516,50.46784591674805,61.47623062133789,47.18201446533203,86.92852020263672,18.40339469909668,56.87438201904297,305.908935546875,59.82774353027344,139.60983276367188,135.88095092773438,177.34103393554688,49.451175689697266,63.01911163330078,71.0835189819336,92.41820526123047,13.307709693908691,27.428983688354492,147.74916076660156,120.048583984375,25.39985466003418,134.90528869628906,109.30992889404297,323.2576904296875,43.531105041503906,66.2506103515625,35.24344253540039,21.321664810180664,31.426849365234375,105.64430236816406,48.690521240234375,105.04000091552734,82.62999725341797,244.27000427246094,559.5700073242188,48.35900115966797,37.95000076293945,62.18000030517578,73.5999984741211,56.83000183105469,108.02999877929688,23.68000030517578,73.19000244140625,344.95001220703125,65.77999877929688,160.77000427246094,155.08999633789062,186.72999572753906,56.209999084472656,73.7595443725586,83.86000061035156,94.76000213623047,13.3412504196167,35.790000915527344,178.42999267578125,133.9199981689453,28.309999465942383,140.7433319091797,118.76000213623047,352.17999267578125,54.4900016784668,79.13999938964844,39.84000015258789,25.924999237060547,34.439998626708984,114.9000015258789,59.369998931884766,105.08999633789062,83.25,245.89999389648438,566.0499877929688,48.72700119018555,38.36000061035156,62.540000915527344,74.33999633789062,57.130001068115234,108.55999755859375,23.90999984741211,73.23999786376953,347.0299987792969,66.29000091552734,161.72999572753906,156.8800048828125,189.8300018310547,56.619998931884766,73.95037841796875,84.13999938964844,95.48999786376953,13.45324993133545,35.959999084472656,180.9600067138672,135.60000610351562,28.420000076293945,141.84666442871094,119.5199966430664,358.07000732421875,54.689998626708984,79.80000305175781,40.439998626708984,26.049999237060547,34.63999938964844,115.47000122070312,59.72999954223633,102.80000305175781,80.41000366210938,239.22000122070312,542.8599853515625,47.000999450683594,37.33000183105469,61.45000076293945,72.73999786376953,55.52000045776367,106.5999984741211,23.010000228881836,69.87999725341797,340.3999938964844,63.709999084472656,159.52999877929688,153.0500030517578,186.55999755859375,54.72999954223633,72.4904556274414,82.44999694824219,90.0999984741211,12.989500045776367,35.119998931884766,176.6199951171875,129.67999267578125,27.56999969482422,136.03334045410156,115.38999938964844,351.8299865722656,53.709999084472656,77.08000183105469,39.209999084472656,25.43000030517578,34.08000183105469,114.20999908447266,58.619998931884766,103.76000213623047,81.75,240.30999755859375,548.219970703125,47.029998779296875,38.0,62.09000015258789,73.93000030517578,56.31999969482422,107.20999908447266,23.399999618530273,71.37999725341797,344.6199951171875,64.22000122070312,160.8300018310547,155.33999633789062,189.72999572753906,55.790000915527344,73.21565246582031,83.5999984741211,91.33000183105469,13.039750099182129,35.83000183105469,179.25,131.30999755859375,27.829999923706055,137.07333374023438,117.75,355.1700134277344,54.310001373291016,78.68000030517578,39.68000030517578,25.649999618530273,34.459999084472656,114.81999969482422,58.689998626708984,19445600,43320600,3255500,841400,23754000,63796000,9548100,19337500,9461700,9168600,11863700,3816900,2710900,32394700,6001400,13952400,5134200,7586400,17533878,8049300,24616700,243864000,42540100,1460300,10781500,11302800,5773800,9890400,2633100,7768700,3556900,33537000,64552200,64051100,7524900,25575500
2021-03-18,84.99425506591797,78.12000274658203,207.35455322265625,513.6102294921875,41.667877197265625,34.486454010009766,50.58959197998047,61.67668914794922,44.31772232055664,83.7822494506836,17.37752914428711,53.54069900512695,308.61370849609375,57.9632453918457,139.34934997558594,138.1239013671875,174.68185424804688,46.49517822265625,62.99464797973633,71.15132904052734,87.60026550292969,12.690515518188477,27.413646697998047,148.9333038330078,116.31051635742188,24.44881820678711,129.32347106933594,105.38890838623047,332.3172302246094,44.9531135559082,61.69660568237305,36.10150909423828,20.363529205322266,31.591108322143555,105.42366790771484,46.59100341796875,103.7699966430664,78.12000274658203,244.4199981689453,539.1900024414062,46.415000915527344,38.939998626708984,62.33000183105469,73.83999633789062,53.380001068115234,104.12000274658203,22.360000610351562,68.9000015258789,348.0,63.72999954223633,160.47000122070312,157.64999389648438,183.92999267578125,52.849998474121094,73.73091888427734,83.94000244140625,89.81999969482422,12.72249984741211,35.77000045776367,179.86000061035156,129.75,27.25,134.9199981689453,114.5,362.04998779296875,56.27000045776367,73.69999694824219,40.810001373291016,24.760000228881836,34.619998931884766,114.66000366210938,56.810001373291016,104.98999786376953,81.62000274658203,247.13999938964844,552.47998046875,48.334999084472656,39.970001220703125,63.2400016784668,76.12999725341797,56.58000183105469,107.52999877929688,23.65999984741211,73.16000366210938,356.8500061035156,65.69999694824219,161.49000549316406,161.69000244140625,187.08999633789062,55.65999984741211,74.60877990722656,86.63999938964844,93.4800033569336,13.184000015258789,35.970001220703125,184.3300018310547,133.60000610351562,28.799999237060547,139.05999755859375,118.33000183105469,364.32000732421875,57.02000045776367,78.80999755859375,41.540000915527344,25.809999465942383,35.290000915527344,115.5999984741211,58.970001220703125,103.41999816894531,78.01000213623047,240.5,539.02001953125,46.375,38.41999816894531,61.86000061035156,73.44999694824219,53.11000061035156,103.70999908447266,21.979999542236328,68.69999694824219,346.989990234375,63.650001525878906,159.9600067138672,157.11000061035156,183.8000030517578,52.810001373291016,73.67366027832031,83.7300033569336,89.41000366210938,12.717000007629395,35.52000045776367,178.99000549316406,129.66000366210938,27.170000076293945,134.76333618164062,114.0999984741211,352.3399963378906,54.93000030517578,73.5,40.150001525878906,24.655000686645508,34.5,114.31999969482422,56.52000045776367,104.0,81.05999755859375,240.5,547.97998046875,47.45600128173828,38.5099983215332,61.97999954223633,74.43000030517578,56.40999984741211,107.01000213623047,23.549999237060547,72.47000122070312,350.75,65.62999725341797,160.2100067138672,157.60000610351562,186.02000427246094,55.65999984741211,73.72137451171875,84.7300033569336,92.97000122070312,13.136500358581543,35.529998779296875,180.8699951171875,132.44000244140625,28.010000228881836,138.7866668701172,118.0,352.8699951171875,55.0,78.69000244140625,40.150001525878906,25.69499969482422,34.790000915527344,114.37000274658203,58.810001373291016,8675100,51036500,3063100,790000,28728000,95439700,12145600,23857900,12297200,13246600,17018600,4406400,3713000,30094200,4801800,21898500,4240000,9731000,14274179,10227400,27081000,293896000,24729800,1995300,9579000,14585300,6042900,10283800,3311600,11182900,6233000,57420600,87207200,96690500,8553300,38622800
2021-03-19,84.70755767822266,79.05999755859375,208.64407348632812,521.44970703125,42.92637252807617,34.12334442138672,50.889896392822266,60.98342514038086,43.670135498046875,83.18681335449219,17.64177131652832,54.45766067504883,305.2437744140625,57.99052047729492,138.97593688964844,135.9247589111328,175.02371215820312,47.29576873779297,63.19031524658203,70.3037109375,88.27325439453125,12.813454627990723,27.229719161987305,145.56312561035156,117.4489517211914,24.26937484741211,130.92103576660156,104.58812713623047,335.5572204589844,44.106300354003906,61.69660568237305,35.05766296386719,20.367637634277344,31.22610092163086,105.80062103271484,46.32857131958008,103.41999816894531,79.05999755859375,245.94000244140625,547.4199829101562,47.44599914550781,38.529998779296875,62.70000076293945,73.01000213623047,52.599998474121094,103.37999725341797,22.700000762939453,70.08000183105469,344.20001220703125,63.7599983215332,160.0399932861328,155.13999938964844,184.2899932861328,53.7599983215332,73.95992279052734,82.94000244140625,90.51000213623047,12.845749855041504,35.529998779296875,175.7899932861328,131.02000427246094,27.049999237060547,136.586669921875,113.62999725341797,365.5799865722656,55.209999084472656,73.69999694824219,39.630001068115234,24.764999389648438,34.220001220703125,115.06999969482422,56.4900016784668,104.43000030517578,79.33999633789062,247.39999389648438,557.0900268554688,47.667999267578125,38.91999816894531,62.75,73.58000183105469,54.119998931884766,104.88999938964844,22.969999313354492,71.02999877929688,347.239990234375,64.98999786376953,161.5,155.94000244140625,185.8000030517578,54.540000915527344,74.66603088378906,83.61000061035156,92.68000030517578,12.921500205993652,35.81999969482422,178.05999755859375,132.47999572753906,27.600000381469727,137.7933349609375,114.88999938964844,370.4599914550781,55.95000076293945,74.97000122070312,40.06999969482422,25.174999237060547,34.380001068115234,115.75,57.470001220703125,102.91999816894531,77.58999633789062,241.6300048828125,541.3099975585938,45.40999984741211,37.529998779296875,61.369998931884766,71.5199966430664,52.349998474121094,102.73999786376953,22.1200008392334,68.27999877929688,340.6300048828125,62.91999816894531,159.47000122070312,151.19000244140625,183.8800048828125,52.40999984741211,72.53816986083984,81.4000015258789,88.88999938964844,12.612500190734863,35.470001220703125,174.1699981689453,129.1699981689453,26.829999923706055,133.46665954589844,113.20999908447266,359.010009765625,54.849998474121094,72.6500015258789,39.220001220703125,24.43000030517578,33.86000061035156,114.19999694824219,55.810001373291016,103.93000030517578,78.48999786376953,245.74000549316406,544.6900024414062,45.70500183105469,38.290000915527344,62.06999969482422,73.19999694824219,53.290000915527344,103.94000244140625,22.399999618530273,69.22000122070312,346.4200134277344,63.18000030517578,160.69000244140625,155.50999450683594,184.6999969482422,53.060001373291016,73.71183013916016,82.61000061035156,90.36000061035156,12.75,35.75,176.61000061035156,129.7899932861328,27.260000228881836,135.19000244140625,114.37999725341797,361.9200134277344,55.79999923706055,74.01000213623047,39.939998626708984,24.75,34.349998474121094,114.77999877929688,56.709999084472656,10899100,42283400,12589900,1404600,108602000,106252700,32082200,24079400,26925500,18491000,18103700,8384500,3513000,54951700,14891500,54418800,6048600,14090200,58225203,11557600,24963400,299208000,48348900,6435600,17599900,22577500,6614100,11536000,8572900,28076700,11305400,60291800,81158600,98510500,12595800,84439400
2021-03-22,86.73887634277344,80.30000305175781,211.82537841796875,548.6641845703125,43.00055694580078,33.35285186767578,51.44182586669922,60.10637283325195,43.37125778198242,82.5108871459961,17.354217529296875,53.020076751708984,300.9249572753906,59.691314697265625,139.37539672851562,132.2712860107422,176.4957733154297,46.93505859375,63.19031524658203,69.43909454345703,89.02420043945312,13.153099060058594,27.589916229248047,141.77890014648438,120.20097351074219,24.807701110839844,133.69117736816406,107.85565185546875,336.732177734375,43.33138656616211,60.50788497924805,34.47381591796875,20.172313690185547,30.82373809814453,106.72139739990234,45.852901458740234,105.9000015258789,80.30000305175781,249.69000244140625,575.989990234375,47.52799987792969,37.65999984741211,63.380001068115234,71.95999908447266,52.2400016784668,102.54000091552734,22.329999923706055,68.2300033569336,339.3299865722656,65.62999725341797,160.5,150.97000122070312,185.83999633789062,53.349998474121094,73.95992279052734,81.91999816894531,91.27999877929688,13.186249732971191,36.0,171.22000122070312,134.08999633789062,27.649999618530273,139.47666931152344,117.18000030517578,366.8599853515625,54.2400016784668,72.27999877929688,38.970001220703125,24.270000457763672,33.630001068115234,115.66999816894531,55.90999984741211,106.4000015258789,81.2699966430664,249.77000427246094,577.989990234375,48.12799835205078,38.380001068115234,63.52000045776367,72.5999984741211,53.0099983215332,104.5,22.639999389648438,69.12000274658203,342.8800048828125,66.37999725341797,160.64999389648438,153.97000122070312,185.91000366210938,53.97999954223633,74.42748260498047,82.56999969482422,92.41999816894531,13.394499778747559,36.0099983215332,173.55999755859375,135.5500030517578,27.8700008392334,141.11000061035156,118.33000183105469,368.5799865722656,55.0,73.62999725341797,39.310001373291016,24.545000076293945,33.88999938964844,115.75,56.86000061035156,102.87999725341797,79.22000122070312,242.36000061035156,563.8300170898438,47.16699981689453,37.400001525878906,62.11000061035156,71.63999938964844,52.040000915527344,102.30999755859375,22.100000381469727,67.61000061035156,336.0,64.55999755859375,158.0,150.61000061035156,183.1999969482422,52.95000076293945,72.08015441894531,81.48999786376953,89.6500015258789,12.906749725341797,35.36000061035156,169.58999633789062,132.60000610351562,26.75,137.74000549316406,114.79000091552734,360.1099853515625,53.84000015258789,71.43000030517578,38.619998931884766,24.219999313354492,33.5099983215332,114.02999877929688,55.900001525878906,103.5,79.98999786376953,242.36000061035156,567.6400146484375,47.29100036621094,38.08000183105469,62.20000076293945,72.29000091552734,52.86000061035156,103.05999755859375,22.579999923706055,68.61000061035156,341.05999755859375,64.81999969482422,158.30999755859375,152.8000030517578,184.0500030517578,53.5,72.3282470703125,82.47000122070312,91.83000183105469,12.912750244140625,35.47999954223633,172.7100067138672,132.9600067138672,27.049999237060547,138.26333618164062,114.79000091552734,365.0,55.0,73.5199966430664,39.279998779296875,24.450000762939453,33.81999969482422,114.5999984741211,56.5,7627200,39648600,2059800,1216800,31805000,54701300,16103400,15040000,11003000,12508500,11954200,2942000,2094500,34380100,7544100,19944800,2666600,4805300,11352879,7169900,19365800,297804000,25427500,1971300,9036900,19700200,3130200,9376400,3505200,6976700,4149100,32206000,59561800,68170600,6156800,29315100
2021-03-23,85.87066650390625,78.37999725341797,207.88052368164062,532.3565063476562,41.98543167114258,32.679771423339844,50.82496643066406,59.229347229003906,42.93122482299805,82.05220794677734,16.89568519592285,54.12352752685547,294.2205505371094,57.73585891723633,139.24514770507812,130.94830322265625,174.4444122314453,46.13447570800781,62.17940139770508,67.06568908691406,83.2895278930664,13.037888526916504,27.099435806274414,140.27182006835938,118.79360961914062,23.928436279296875,130.17657470703125,105.74787139892578,338.2374267578125,42.80412292480469,58.666194915771484,33.82803726196289,19.877254486083984,30.392955780029297,105.64192962646484,45.287025451660156,104.83999633789062,78.37999725341797,245.0399932861328,558.8699951171875,46.40599822998047,36.900001525878906,62.619998931884766,70.91000366210938,51.709999084472656,101.97000122070312,21.739999771118164,69.6500015258789,331.7699890136719,63.47999954223633,160.35000610351562,149.4600067138672,183.67999267578125,52.439998626708984,72.77671813964844,79.12000274658203,85.4000015258789,13.07075023651123,35.36000061035156,169.39999389648438,132.52000427246094,26.670000076293945,135.80999755859375,114.88999938964844,368.5,53.58000183105469,70.08000183105469,38.2400016784668,23.915000915527344,33.15999984741211,114.5,55.220001220703125,105.94000244140625,80.33999633789062,250.0,571.280029296875,47.5369987487793,37.81999969482422,63.529998779296875,72.63999938964844,52.779998779296875,104.30000305175781,22.440000534057617,71.51000213623047,341.8900146484375,66.05000305175781,161.1999969482422,152.1199951171875,186.66000366210938,53.43000030517578,73.77862548828125,81.91999816894531,91.2699966430664,13.344499588012695,35.93000030517578,172.3000030517578,134.35000610351562,27.790000915527344,140.26333618164062,116.75,371.5400085449219,54.54999923706055,72.16000366210938,39.04999923706055,24.450000762939453,33.65999984741211,115.72000122070312,56.290000915527344,104.51000213623047,77.94999694824219,244.89999389648438,555.5,46.26499938964844,36.779998779296875,62.59000015258789,70.51000213623047,50.529998779296875,100.69000244140625,21.450000762939453,66.27999877929688,331.3299865722656,63.16999816894531,158.8800048828125,148.9600067138672,183.25,51.79999923706055,72.5477066040039,78.8499984741211,84.97000122070312,13.021249771118164,35.31999969482422,168.44000244140625,131.41000366210938,26.479999542236328,135.18333435058594,114.62000274658203,367.2200012207031,53.13999938964844,69.72000122070312,38.04999923706055,23.6299991607666,33.040000915527344,114.20999908447266,54.45000076293945,105.37000274658203,80.12999725341797,249.99000549316406,569.52001953125,47.37799835205078,37.36000061035156,63.380001068115234,71.30000305175781,51.119998931884766,101.44999694824219,21.700000762939453,66.9000015258789,337.6199951171875,66.0,160.2100067138672,150.3300018310547,185.35000610351562,52.5099983215332,73.55915832519531,81.13999938964844,91.0199966430664,13.254249572753906,35.81999969482422,169.69000244140625,134.0,26.979999542236328,140.01666259765625,116.0999984741211,368.8500061035156,53.68000030517578,70.83000183105469,38.5,23.780000686645508,33.43000030517578,115.52999877929688,54.939998626708984,6111600,40466600,2604700,866300,24712000,49838000,11014500,16238700,11853800,14781700,13197700,7079700,2457500,35160000,7178300,17076300,3284700,6252100,11651245,10235500,32043800,222048000,27970500,1341900,7425700,14459000,5638800,8977400,3100100,10640100,4084700,32494400,103196200,70441900,9170500,33493300
2021-03-24,84.41273498535156,76.4800033569336,208.2452850341797,551.13134765625,41.37111282348633,32.679771423339844,50.56523513793945,58.53606033325195,44.17658996582031,84.24897003173828,17.361989974975586,56.369285583496094,291.4537658691406,56.42616271972656,140.5998077392578,131.9646453857422,171.11090087890625,46.776695251464844,62.15494918823242,67.24372100830078,80.94881439208984,12.611214637756348,27.291027069091797,140.97567749023438,114.0067138671875,24.601337432861328,128.39056396484375,100.28974151611328,340.1650390625,42.716243743896484,60.08932876586914,33.72187805175781,20.375947952270508,30.50294303894043,105.52198028564453,46.2055549621582,103.05999755859375,76.4800033569336,245.47000122070312,578.5800170898438,45.72700119018555,36.900001525878906,62.29999923706055,70.08000183105469,53.209999084472656,104.69999694824219,22.34000015258789,72.54000091552734,328.6499938964844,62.040000915527344,161.91000366210938,150.6199951171875,180.1699981689453,53.16999816894531,72.74809265136719,79.33000183105469,83.0,12.642999649047852,35.61000061035156,170.25,127.18000030517578,27.420000076293945,133.94667053222656,108.95999908447266,370.6000061035156,53.470001220703125,71.77999877929688,38.119998931884766,24.514999389648438,33.279998779296875,114.37000274658203,56.34000015258789,105.33000183105469,78.80000305175781,247.38999938964844,594.469970703125,46.999000549316406,37.790000915527344,62.88999938964844,72.4800033569336,53.95000076293945,105.76000213623047,23.1200008392334,73.47000122070312,336.94000244140625,67.44000244140625,162.47999572753906,153.17999267578125,183.83999633789062,54.650001525878906,73.16793823242188,81.44000244140625,87.1500015258789,13.159250259399414,35.93000030517578,173.13999938964844,133.05999755859375,28.0,138.6300048828125,114.69000244140625,373.79998779296875,54.619998931884766,73.44999694824219,39.02000045776367,24.844999313354492,33.79999923706055,115.25,57.279998779296875,103.05000305175781,76.4000015258789,243.82000732421875,578.0,45.6870002746582,36.88999938964844,62.27000045776367,70.05999755859375,52.68000030517578,102.91000366210938,22.299999237060547,71.0,328.44000244140625,61.9900016784668,159.82000732421875,149.86000061035156,179.82000732421875,53.06999969482422,72.4332046508789,79.29000091552734,82.91999816894531,12.636750221252441,35.369998931884766,170.24000549316406,127.11000061035156,27.15999984741211,133.88333129882812,108.8499984741211,365.510009765625,53.470001220703125,71.37999725341797,38.11000061035156,24.280000686645508,33.279998779296875,114.33999633789062,56.08000183105469,104.81999969482422,77.55000305175781,245.0,587.1799926757812,46.94499969482422,37.209999084472656,62.459999084472656,71.69000244140625,52.7599983215332,102.98999786376953,22.31999969482422,71.01000213623047,333.4200134277344,66.58000183105469,160.10000610351562,150.0,183.6999969482422,53.5,72.58587646484375,80.0999984741211,87.05999755859375,13.151249885559082,35.47999954223633,171.36000061035156,132.99000549316406,27.280000686645508,138.07000732421875,112.47000122070312,366.04998779296875,53.869998931884766,71.66999816894531,38.36000061035156,24.280000686645508,33.400001525878906,114.55999755859375,56.08000183105469,9420100,43753600,2237500,2121400,20882000,43896800,9626300,17089600,9671100,11026800,11052300,5032500,3332200,74584700,6370100,13079800,3931500,6802900,9135416,8459000,24232800,245840000,22883400,1476000,10962300,13642400,6608100,24196100,3407800,6880700,2895500,24201700,81630800,63357100,12647000,29781800
2021-03-25,85.0843505859375,76.22000122070312,208.9070281982422,556.2942504882812,41.77192306518555,33.35285186767578,50.962947845458984,59.905914306640625,44.4754638671875,84.54670715332031,17.369762420654297,56.7578125,293.138671875,56.407981872558594,140.65188598632812,133.6555633544922,173.8840789794922,47.40133285522461,62.01633834838867,67.92179870605469,82.01188659667969,12.503734588623047,27.337013244628906,146.5650177001953,114.09635162353516,24.58340072631836,128.52694702148438,101.66117095947266,340.6147766113281,43.85066223144531,60.625091552734375,34.76572799682617,20.450754165649414,31.016212463378906,105.96485137939453,46.0743408203125,103.87999725341797,76.22000122070312,246.25,584.0,46.16999816894531,37.65999984741211,62.790000915527344,71.72000122070312,53.56999969482422,105.06999969482422,22.350000381469727,73.04000091552734,330.54998779296875,62.02000045776367,161.97000122070312,152.5500030517578,183.08999633789062,53.880001068115234,72.58587646484375,80.12999725341797,84.08999633789062,12.535249710083008,35.66999816894531,177.0,127.27999877929688,27.399999618530273,133.836669921875,110.44999694824219,371.0899963378906,54.88999938964844,72.41999816894531,39.29999923706055,24.604999542236328,33.84000015258789,114.8499984741211,56.18000030517578,104.1500015258789,76.94999694824219,247.5399932861328,585.8400268554688,46.402000427246094,37.75,63.0,71.91999816894531,53.79999923706055,105.26000213623047,22.440000534057617,73.1500015258789,331.3900146484375,62.439998626708984,162.4499969482422,152.97000122070312,183.63999938964844,54.189998626708984,73.10114288330078,80.37999725341797,84.43000030517578,12.714750289916992,35.790000915527344,177.22999572753906,127.63999938964844,27.530000686645508,134.48666381835938,112.75,372.1099853515625,54.93000030517578,72.80999755859375,39.36000061035156,24.674999237060547,33.88999938964844,115.06999969482422,56.5,102.05000305175781,74.95999908447266,244.97999572753906,569.0900268554688,44.930999755859375,36.630001068115234,61.97999954223633,69.1500015258789,51.56999969482422,102.06999969482422,21.190000534057617,69.80000305175781,321.9200134277344,60.97999954223633,160.63999938964844,149.3300018310547,180.22000122070312,51.119998931884766,71.86068725585938,78.30999755859375,80.48999786376953,12.272000312805176,35.25,169.61000061035156,124.38999938964844,26.190000534057617,130.27333068847656,107.88999938964844,363.3900146484375,53.33000183105469,69.05000305175781,37.779998779296875,23.71500015258789,33.0,113.3499984741211,54.5,102.9000015258789,75.8499984741211,247.0399932861328,570.9099731445312,45.49599838256836,36.869998931884766,63.0,69.83000183105469,52.060001373291016,102.8499984741211,21.68000030517578,71.05000305175781,327.3500061035156,61.65999984741211,162.44000244140625,150.0,181.0,52.349998474121094,72.91984558105469,79.29000091552734,81.13999938964844,12.499500274658203,35.650001525878906,170.63999938964844,126.66000366210938,26.770000457763672,131.6300048828125,108.0,370.6000061035156,53.47999954223633,70.04000091552734,37.970001220703125,24.104999542236328,33.2599983215332,114.54000091552734,55.209999084472656,6281500,44735100,2707600,1088900,17537000,47517900,11157300,18357300,9275200,11138200,9282900,4176000,2804700,35401400,6269800,15608300,2630500,5087700,10700918,11363800,23630200,295144000,24875300,1999800,10460800,14595800,5580000,16772400,3021500,8728200,3263000,28773000,80670200,60532600,11505300,31495900
2021-03-26,86.80438232421875,77.41000366210938,214.51466369628906,595.9874267578125,43.612159729003906,34.25619888305664,51.896331787109375,60.99177932739258,45.69590759277344,86.4859619140625,17.6728572845459,58.187644958496094,290.3363952636719,59.00008010864258,143.22232055664062,135.88095092773438,175.99241638183594,48.40425491333008,63.09248352050781,67.794677734375,85.81551361083984,12.806970596313477,27.78152084350586,148.78421020507812,119.21490478515625,25.39985466003418,134.87144470214844,107.28499603271484,345.5621032714844,44.905174255371094,61.20271682739258,35.17265319824219,20.957765579223633,31.501989364624023,107.96696472167969,47.32912063598633,105.9800033569336,77.41000366210938,252.86000061035156,625.6699829101562,48.20399856567383,38.68000030517578,63.939998626708984,73.0199966430664,55.040000915527344,107.4800033569336,22.739999771118164,74.87999725341797,327.3900146484375,64.87000274658203,164.92999267578125,155.08999633789062,185.30999755859375,55.02000045776367,73.84542083740234,79.9800033569336,87.98999786376953,12.839249610900879,36.25,179.67999267578125,132.99000549316406,28.309999465942383,140.44332885742188,116.55999755859375,376.4800109863281,56.209999084472656,73.11000061035156,39.7599983215332,25.21500015258789,34.369998931884766,117.0199966430664,57.709999084472656,106.12000274658203,77.5,253.27999877929688,627.2999877929688,48.29999923706055,38.7599983215332,63.97999954223633,73.23999786376953,55.119998931884766,107.54000091552734,23.18000030517578,75.0,335.45001220703125,64.97000122070312,165.10000610351562,155.4499969482422,185.91000366210938,55.31999969482422,73.9217529296875,81.73999786376953,88.13999938964844,12.856249809265137,36.290000915527344,180.30999755859375,133.35000610351562,28.350000381469727,140.6999969482422,116.69999694824219,377.05999755859375,56.29999923706055,74.66999816894531,40.22999954223633,25.25,34.43000030517578,117.16999816894531,57.779998779296875,103.83999633789062,75.02999877929688,245.5399932861328,588.6900024414062,45.66400146484375,38.08000183105469,62.83000183105469,72.0,54.029998779296875,105.36000061035156,22.110000610351562,73.58000183105469,322.69000244140625,61.77000045776367,161.3800048828125,152.5500030517578,182.6300048828125,54.0,72.3759536743164,79.05000305175781,84.02999877929688,12.373499870300293,35.63999938964844,177.10000610351562,127.04000091552734,27.600000381469727,133.85000610351562,111.19999694824219,370.2900085449219,55.310001373291016,71.80000305175781,39.16999816894531,24.764999389648438,33.95000076293945,114.83000183105469,56.52000045776367,103.87000274658203,76.62000274658203,245.97000122070312,588.6900024414062,45.66400146484375,38.349998474121094,62.95000076293945,72.56999969482422,54.65999984741211,106.54000091552734,22.969999313354492,74.44000244140625,334.510009765625,61.79999923706055,162.08999633789062,154.3000030517578,184.0500030517578,54.900001525878906,72.66221618652344,81.62999725341797,84.16000366210938,12.554499626159668,35.68000030517578,179.22999572753906,127.05999755859375,27.84000015258789,133.94000244140625,112.0,371.67999267578125,55.529998779296875,73.98999786376953,39.900001525878906,25.049999237060547,34.189998626708984,115.13999938964844,57.29999923706055,6596900,49148700,2638900,1933600,28925000,66846000,12537800,15716600,8723100,9820200,11916000,4425300,3082600,34705800,7619200,16754400,2868200,3822400,10389767,11107400,23949100,363968000,27944500,2130200,11071600,11722600,6493800,12910900,2959800,9628300,2730800,29156100,72348600,53779900,8286500,34226500
2021-03-29,87.41870880126953,77.13999938964844,216.29623413085938,579.15576171875,42.75990295410156,33.92851638793945,52.0018424987793,59.78897476196289,44.69963073730469,86.03533935546875,16.98118019104004,57.22406768798828,288.8642578125,58.66355895996094,144.1862335205078,133.76947021484375,176.9706573486328,47.093414306640625,63.8343505859375,66.01460266113281,84.45011901855469,12.915696144104004,28.065080642700195,144.48663330078125,117.6730728149414,24.852556228637695,132.8035430908203,105.28766632080078,347.9302673339844,44.4178581237793,60.15630340576172,34.00495910644531,20.708417892456055,31.227022171020508,108.47441101074219,47.07488250732422,106.7300033569336,77.13999938964844,254.9600067138672,608.0,47.262001037597656,38.310001373291016,64.06999969482422,71.58000183105469,53.84000015258789,106.91999816894531,21.850000381469727,73.63999938964844,325.7300109863281,64.5,166.0399932861328,152.67999267578125,186.33999633789062,53.529998779296875,74.71373748779297,77.87999725341797,86.58999633789062,12.948249816894531,36.619998931884766,174.49000549316406,131.27000427246094,27.700000762939453,138.2899932861328,114.38999938964844,379.05999755859375,55.599998474121094,71.86000061035156,38.439998626708984,24.915000915527344,34.06999969482422,117.56999969482422,57.400001525878906,107.0,78.0199966430664,256.6000061035156,616.8599853515625,48.11600112915039,38.630001068115234,64.41999816894531,72.1500015258789,54.52000045776367,107.52999877929688,22.850000381469727,74.88999938964844,327.760009765625,65.12999725341797,167.02999877929688,153.72999572753906,187.6699981689453,54.630001068115234,74.9522933959961,78.8499984741211,88.25,13.0625,36.7400016784668,177.66000366210938,133.33999633789062,28.520000457763672,139.663330078125,116.76000213623047,380.5,56.099998474121094,72.97000122070312,39.349998474121094,25.1299991607666,34.290000915527344,117.97000122070312,57.81999969482422,105.48999786376953,76.26000213623047,251.4499969482422,601.4400024414062,46.82699966430664,37.86000061035156,63.65999984741211,70.37000274658203,53.119998931884766,105.69999694824219,21.549999237060547,72.48999786376953,317.7200012207031,63.61000061035156,163.6300048828125,151.0399932861328,183.50999450683594,53.20000076293945,73.635498046875,76.0,85.7699966430664,12.699999809265137,35.900001525878906,173.1999969482422,129.77000427246094,27.489999771118164,136.63333129882812,112.38999938964844,374.989990234375,54.790000915527344,70.72000122070312,37.900001525878906,24.610000610351562,33.720001220703125,116.51000213623047,56.7400016784668,105.76000213623047,77.02999877929688,251.52999877929688,614.760009765625,48.040000915527344,38.04999923706055,63.86000061035156,71.55000305175781,54.5,106.4000015258789,22.559999465942383,74.33999633789062,320.3500061035156,64.01000213623047,163.8300018310547,152.1199951171875,184.66000366210938,54.13999938964844,73.77862548828125,77.0,87.76000213623047,12.820249557495117,36.029998779296875,176.82000732421875,132.5399932861328,28.229999542236328,139.1300048828125,116.55000305175781,376.3599853515625,55.560001373291016,72.08999633789062,38.58000183105469,25.0,33.88999938964844,116.55000305175781,57.34000015258789,5472700,37144300,2488100,1214900,28410000,45680000,9703200,17822300,7901000,7542300,10882100,3264000,4533200,26161600,8535100,17570300,3002600,4552200,11448562,21931700,21772800,273520000,27004800,1935300,9750100,11397400,6540600,10863600,2740400,11780100,2406200,38426900,47286200,71777800,8958900,21144400
2021-03-30,87.46784973144531,76.0,211.87628173828125,572.763916015625,41.270694732666016,34.53074264526367,51.38500213623047,60.94165802001953,44.359222412109375,85.23873138427734,17.097749710083008,56.92878341674805,294.43353271484375,57.99962615966797,143.2917938232422,135.34652709960938,176.17291259765625,47.15500259399414,62.74192428588867,67.04026794433594,84.40135192871094,12.839387893676758,27.67422103881836,147.07843017578125,116.63321685791016,24.421903610229492,132.4866485595703,105.91352844238281,342.88189697265625,44.97328186035156,60.08932876586914,34.84535598754883,20.52971649169922,31.446992874145508,107.49642181396484,46.492584228515625,106.79000091552734,76.0,249.75,601.2899780273438,45.61600112915039,38.9900016784668,63.310001373291016,72.95999908447266,53.43000030517578,105.93000030517578,22.0,73.26000213623047,332.010009765625,63.77000045776367,165.00999450683594,154.47999572753906,185.5,53.599998474121094,73.43511199951172,79.08999633789062,86.54000091552734,12.871749877929688,36.11000061035156,177.6199951171875,130.11000061035156,27.219999313354492,137.9600067138672,115.06999969482422,373.55999755859375,55.869998931884766,71.77999877929688,39.38999938964844,24.700000762939453,34.310001373291016,116.51000213623047,56.689998626708984,107.02999877929688,76.55999755859375,254.00999450683594,606.260009765625,46.400001525878906,39.459999084472656,64.08000183105469,73.22000122070312,54.15999984741211,106.83000183105469,22.110000610351562,73.9000015258789,335.75,64.0,165.66000366210938,155.8699951171875,186.86000061035156,54.22999954223633,74.50381469726562,80.04000091552734,87.22000122070312,12.975250244140625,36.630001068115234,179.07000732421875,131.24000549316406,27.790000915527344,138.25,116.08999633789062,379.8800048828125,56.15999984741211,72.87000274658203,40.08000183105469,24.96500015258789,34.470001220703125,117.25,57.36000061035156,105.87000274658203,74.8499984741211,248.8300018310547,595.52001953125,45.1619987487793,38.630001068115234,63.16999816894531,72.0,53.040000915527344,105.58999633789062,21.18000030517578,71.38999938964844,328.8500061035156,63.150001525878906,164.22999572753906,153.8800048828125,184.7100067138672,52.77000045776367,73.27290344238281,78.5,85.25,12.704999923706055,36.02000045776367,175.77999877929688,129.07000732421875,27.139999389648438,136.3300018310547,114.29000091552734,371.79998779296875,55.27000045776367,70.8499984741211,38.470001220703125,24.514999389648438,34.209999084472656,116.23999786376953,56.4900016784668,106.86000061035156,76.47000122070312,253.17999267578125,599.9199829101562,46.38800048828125,38.630001068115234,64.0,72.0,53.20000076293945,106.05999755859375,21.510000228881836,72.55000305175781,329.4100036621094,63.77000045776367,165.02000427246094,154.4600067138672,185.52999877929688,52.970001220703125,74.42748260498047,78.66999816894531,86.26000213623047,12.842000007629395,36.59000015258789,176.0,130.1699981689453,27.3799991607666,137.1999969482422,115.27999877929688,377.54998779296875,55.65999984741211,71.16000366210938,38.540000915527344,24.65999984741211,34.25,117.25,56.86000061035156,5354100,39169300,1979000,1071600,27935000,56705900,12232700,15615900,7910200,6284600,8036200,2614300,2717300,20709500,7236300,13184300,2523600,3228700,10123366,12063000,13897000,200204000,26303300,1556600,7097300,11439700,4263600,8206200,3066000,6624000,2364700,36134200,53392200,55011400,6865700,20303400
2021-03-31,88.63909149169922,78.5,211.078857421875,588.0715942382812,41.949249267578125,34.26504898071289,51.63856887817383,60.76625442504883,43.97732162475586,84.32139587402344,16.98118019104004,56.36151885986328,289.9905090332031,58.20880889892578,142.71864318847656,133.3751983642578,177.426513671875,47.0582275390625,62.847896575927734,65.82811737060547,86.03008270263672,13.314690589904785,27.766183853149414,145.24842834472656,118.85635375976562,24.394981384277344,135.7229766845703,108.86811828613281,341.51422119140625,44.52250289916992,59.93862533569336,34.56227111816406,20.388418197631836,31.20869255065918,107.70864868164062,45.78729248046875,108.22000122070312,78.5,248.80999755859375,617.3599853515625,46.36600112915039,38.689998626708984,63.130001068115234,72.75,52.970001220703125,104.79000091552734,21.850000381469727,72.52999877929688,327.0,64.0,164.35000610351562,152.22999572753906,186.82000732421875,53.4900016784668,73.55915832519531,77.66000366210938,88.20999908447266,13.348250389099121,36.22999954223633,175.41000366210938,132.58999633789062,27.190000534057617,141.3300018310547,118.27999877929688,372.07000732421875,55.310001373291016,71.5999984741211,39.06999969482422,24.530000686645508,34.04999923706055,116.73999786376953,55.83000183105469,109.18000030517578,79.12999725341797,249.9499969482422,620.9400024414062,46.707000732421875,38.9900016784668,63.77000045776367,73.83000183105469,53.689998626708984,106.22000122070312,22.030000686645508,73.79000091552734,332.6499938964844,64.48999786376953,165.38999938964844,154.49000549316406,187.94000244140625,53.81999969482422,74.13167572021484,79.0,89.08000183105469,13.470499992370605,36.43000030517578,177.85000610351562,133.52000427246094,27.3799991607666,142.39999389648438,118.36000061035156,377.0,56.04999923706055,72.41000366210938,39.630001068115234,24.760000228881836,34.380001068115234,117.44999694824219,56.630001068115234,106.80000305175781,76.5199966430664,247.36000061035156,605.2000122070312,45.2400016784668,38.459999084472656,62.779998779296875,72.45999908447266,52.650001525878906,104.5999984741211,21.450000762939453,72.19000244140625,325.44000244140625,63.58000183105469,163.6999969482422,152.1199951171875,185.25999450683594,53.06999969482422,73.12976837158203,77.6500015258789,86.70999908447266,12.982500076293945,36.040000915527344,174.63999938964844,130.57000732421875,26.90999984741211,138.99000549316406,115.55999755859375,371.79998779296875,55.290000915527344,70.94999694824219,38.91999816894531,24.434999465942383,34.029998779296875,116.55999755859375,55.79999923706055,106.87999725341797,76.56999969482422,249.22999572753906,606.1599731445312,45.900001525878906,38.619998931884766,62.900001525878906,72.70999908447266,53.310001373291016,105.55000305175781,22.0,73.12999725341797,330.2300109863281,64.01000213623047,164.9600067138672,153.27999877929688,185.57000732421875,53.5,73.5687026977539,78.66999816894531,87.44000244140625,13.01550006866455,36.150001525878906,177.49000549316406,130.9600067138672,27.219999313354492,139.26333618164062,115.79000091552734,372.79998779296875,55.56999969482422,71.44999694824219,39.27000045776367,24.649999618530273,34.2400016784668,116.76000213623047,56.349998474121094,9048000,43659500,3571900,1579600,28684000,49270000,12679000,15224800,9293100,8954400,9276100,3458300,2624500,33013200,8281500,16736700,3621300,4984800,13598219,12085500,25372300,314776000,26582700,1970100,8361300,11046300,5968200,9806500,3356500,6752700,3014500,25832800,48097400,51138300,8504100,23686500
2021-04-01,88.88479614257812,81.08999633789062,211.38424682617188,606.8751220703125,43.061180114746094,34.97355651855469,51.47498321533203,61.09200668334961,44.84907150268555,85.09386444091797,18.263504028320312,58.54509735107422,290.55804443359375,58.70904541015625,141.39871215820312,134.67190551757812,175.92601013183594,49.0904655456543,62.847896575927734,66.30282592773438,90.12629699707031,13.777027130126953,27.819835662841797,146.904541015625,123.51774597167969,25.211442947387695,140.7134552001953,114.86930847167969,336.9248352050781,44.94108200073242,63.03602600097656,35.05766296386719,20.907894134521484,31.593639373779297,107.38570404052734,47.06668472290039,108.5199966430664,81.08999633789062,249.1699981689453,637.0999755859375,47.595001220703125,39.4900016784668,62.93000030517578,73.13999938964844,54.02000045776367,105.75,23.5,75.33999633789062,327.6400146484375,64.55000305175781,162.8300018310547,153.7100067138672,185.24000549316406,55.79999923706055,73.55915832519531,78.22000122070312,92.41000366210938,13.811750411987305,36.29999923706055,177.41000366210938,137.7899932861328,28.100000381469727,146.52667236328125,124.80000305175781,367.07000732421875,55.83000183105469,75.30000305175781,39.630001068115234,25.155000686645508,34.470001220703125,116.38999938964844,57.38999938964844,108.9800033569336,81.30999755859375,250.0,639.489990234375,47.65800094604492,39.52000045776367,63.34000015258789,73.29000091552734,54.040000915527344,105.86000061035156,23.549999237060547,75.55000305175781,329.6600036621094,64.88999938964844,163.83999633789062,153.7899932861328,188.07000732421875,55.81999969482422,73.91221618652344,78.27999877929688,94.37999725341797,13.869999885559082,36.45000076293945,177.49000549316406,138.42999267578125,28.139999389648438,146.61000061035156,124.87999725341797,372.69000244140625,55.84000015258789,75.33000183105469,39.650001525878906,25.165000915527344,34.470001220703125,117.04000091552734,57.45000076293945,107.31999969482422,79.4800033569336,246.41000366210938,619.75,46.91999816894531,38.720001220703125,62.540000915527344,72.22000122070312,52.529998779296875,104.20999908447266,22.079999923706055,72.16000366210938,324.1600036621094,63.58000183105469,162.25999450683594,151.5500030517578,184.66000366210938,53.5,73.30152893066406,77.5,91.25,13.511249542236328,36.02000045776367,174.3800048828125,133.60000610351562,27.110000610351562,143.73666381835938,121.63999938964844,365.760009765625,54.91999816894531,71.30999755859375,38.91999816894531,24.510000228881836,34.0,116.0199966430664,56.13999938964844,108.91999816894531,80.16000366210938,249.72999572753906,619.7999877929688,47.207000732421875,38.83000183105469,63.18000030517578,72.22000122070312,53.119998931884766,105.26000213623047,22.18000030517578,72.83000183105469,324.29998779296875,64.72000122070312,162.60000610351562,151.89999389648438,186.82000732421875,53.88999938964844,73.6259536743164,77.87999725341797,93.0,13.572250366210938,36.29999923706055,174.4499969482422,134.5,27.450000762939453,143.7899932861328,122.80999755859375,372.20001220703125,55.130001068115234,72.13999938964844,38.959999084472656,24.639999389648438,34.0,116.93000030517578,56.31999969482422,5091700,40182400,2176900,1908300,23528000,65587000,9725600,15251300,10165000,8515800,14127500,5864000,2659000,31416300,7229700,16561500,2340400,5490800,9121373,13195600,39700600,308276000,21319900,1501800,14069600,10463300,7380000,17904000,2977700,6219400,3792700,22706900,65039600,51690100,6676400,23194500
2021-04-05,86.93543243408203,81.43000030517578,213.80203247070312,610.1041870117188,44.1948127746582,35.24809265136719,51.66311264038086,60.76625442504883,43.346343994140625,84.0960922241211,17.455245971679688,55.78646469116211,286.92205810546875,60.518978118896484,141.9197540283203,135.38572692871094,175.5935516357422,47.47171401977539,62.7745361328125,66.11632537841797,91.43316650390625,13.9523344039917,27.804500579833984,148.02236938476562,125.7946548461914,24.717979431152344,143.5528106689453,114.59317779541016,339.779541015625,45.37577438354492,62.46677017211914,34.924964904785156,20.409196853637695,31.841115951538086,108.1330337524414,46.33677291870117,106.13999938964844,81.43000030517578,252.02000427246094,640.489990234375,48.847999572753906,39.79999923706055,63.15999984741211,72.75,52.209999084472656,104.51000213623047,22.459999084472656,71.79000091552734,323.5400085449219,66.54000091552734,163.42999267578125,153.6199951171875,184.88999938964844,53.959999084472656,73.47328186035156,78.0,93.75,13.987500190734863,36.279998779296875,178.75999450683594,140.3300018310547,27.549999237060547,149.48333740234375,124.5,370.17999267578125,56.369998931884766,74.62000274658203,39.47999954223633,24.55500030517578,34.7400016784668,117.19999694824219,56.5,109.08000183105469,81.9000015258789,252.6300048828125,653.0,48.9640007019043,40.279998779296875,63.599998474121094,74.33999633789062,53.90999984741211,105.83000183105469,23.440000534057617,75.1500015258789,332.8500061035156,66.73999786376953,164.75,154.94000244140625,185.89999389648438,55.7599983215332,74.34160614013672,79.30999755859375,94.66999816894531,14.013999938964844,36.56999969482422,180.36000061035156,140.5,28.299999237060547,149.9199981689453,127.4000015258789,372.6300048828125,56.75,76.19999694824219,40.33000183105469,25.110000610351562,34.90999984741211,117.55999755859375,57.31999969482422,105.4000015258789,80.38999938964844,249.05999755859375,638.030029296875,47.68199920654297,39.599998474121094,62.880001068115234,72.44000244140625,51.95000076293945,104.16999816894531,22.350000381469727,70.83000183105469,323.04998779296875,64.69999694824219,162.66000366210938,152.60000610351562,183.10000610351562,53.38999938964844,73.26335906982422,77.83000183105469,92.47000122070312,13.732999801635742,36.099998474121094,177.83999633789062,138.22999572753906,27.350000381469727,147.15333557128906,122.68000030517578,367.6400146484375,56.13999938964844,73.0999984741211,39.31999969482422,24.40999984741211,34.630001068115234,116.79000091552734,56.13999938964844,109.08000183105469,81.73999786376953,249.05999755859375,651.6500244140625,48.029998779296875,40.0,62.900001525878906,74.06999969482422,53.90999984741211,105.7300033569336,23.40999984741211,75.04000091552734,332.8500061035156,64.94999694824219,163.63999938964844,154.39999389648438,185.58999633789062,55.5,73.96946716308594,79.19999694824219,93.93000030517578,13.867500305175781,36.439998626708984,179.52999877929688,139.0399932861328,28.280000686645508,148.93666076660156,127.06999969482422,369.6199951171875,56.439998626708984,76.0999984741211,40.029998779296875,25.104999542236328,34.84000015258789,116.9800033569336,57.29999923706055,10584400,32610600,2230500,1529800,22966000,50328500,8868100,16128400,10460000,8692700,11309100,4173300,3235000,27947500,7387100,13508000,2864800,5589900,9828144,10458800,19795100,255672000,22096900,1866800,12562800,9880900,6504000,14113900,2709400,4769200,3820200,21293400,53372200,51790700,7190900,23264800
2021-04-06,86.31295013427734,81.44000244140625,211.3248748779297,598.2068481445312,43.777732849121094,35.15068054199219,50.697906494140625,60.640960693359375,43.65353775024414,83.34774780273438,17.703943252563477,56.18279266357422,290.0436706542969,59.627655029296875,141.88502502441406,134.43394470214844,173.608642578125,47.22537612915039,61.78807830810547,67.04026794433594,91.17959594726562,13.826650619506836,27.628232955932617,146.89620971679688,123.75978088378906,24.619285583496094,141.94908142089844,112.69709777832031,334.4466247558594,45.26308059692383,62.09843444824219,35.25228500366211,20.35516929626465,31.776954650878906,107.71786499023438,46.2055549621582,105.37999725341797,81.44000244140625,249.10000610351562,628.0,48.387001037597656,39.689998626708984,61.97999954223633,72.5999984741211,52.58000183105469,103.58000183105469,22.780000686645508,72.30000305175781,327.05999755859375,65.55999755859375,163.38999938964844,152.5399932861328,182.8000030517578,53.68000030517578,72.3187026977539,79.08999633789062,93.48999786376953,13.861499786376953,36.04999923706055,177.39999389648438,138.05999755859375,27.440000534057617,147.81333923339844,122.44000244140625,364.3699951171875,56.22999954223633,74.18000030517578,39.849998474121094,24.489999771118164,34.66999816894531,116.75,56.34000015258789,106.27999877929688,82.45999908447266,252.5399932861328,635.75,48.821998596191406,40.150001525878906,63.29999923706055,73.06999969482422,53.65999984741211,105.08000183105469,23.520000457763672,74.62999725341797,328.5400085449219,66.58000183105469,164.52000427246094,154.27999877929688,185.6300048828125,55.220001220703125,73.41603088378906,79.11000061035156,96.0999984741211,14.05424976348877,36.400001525878906,178.8300018310547,140.22999572753906,28.34000015258789,149.52000427246094,124.01000213623047,369.7900085449219,56.40999984741211,76.95999908447266,39.900001525878906,25.0049991607666,34.83000183105469,117.69000244140625,57.540000915527344,104.87999725341797,80.87999725341797,248.24000549316406,618.3800048828125,47.77399826049805,39.459999084472656,61.88999938964844,72.05000305175781,52.40999984741211,103.44999694824219,22.56999969482422,72.1500015258789,324.0,65.29000091552734,163.0,151.86000061035156,182.49000549316406,53.25,72.17557525634766,77.51000213623047,92.66000366210938,13.773500442504883,36.0,175.9600067138672,137.63999938964844,27.389999389648438,146.3433380126953,121.54000091552734,362.7200012207031,55.720001220703125,73.31999969482422,39.2599983215332,24.450000762939453,34.54999923706055,116.58000183105469,56.2599983215332,105.8499984741211,81.20999908447266,251.74000549316406,633.4099731445312,48.3120002746582,39.529998779296875,63.209999084472656,72.36000061035156,52.619998931884766,104.25,22.760000228881836,72.47000122070312,324.489990234375,66.05999755859375,164.0800018310547,152.7899932861328,184.69000244140625,54.369998931884766,73.38740539550781,77.80000305175781,93.83999633789062,13.999750137329102,36.2599983215332,177.66000366210938,139.85000610351562,27.610000610351562,148.60333251953125,124.0,368.7799987792969,56.09000015258789,75.0999984741211,39.41999816894531,24.674999237060547,34.65999984741211,117.3499984741211,56.84000015258789,8522500,29327900,2040100,1281900,18063000,42590100,14002200,12908400,6253600,8125100,12527800,3390600,1801700,28771400,5074200,13071600,2488400,5009000,13394698,9445000,22847000,191744000,20722900,1833800,9100000,9306600,5913000,13042300,2698600,4513200,3626100,20969600,53257800,41336800,5206700,18926300
2021-04-07,86.1737060546875,82.19999694824219,210.49343872070312,596.8350830078125,43.6501579284668,35.469505310058594,50.763343811035156,60.71614456176758,43.487491607666016,83.83859252929688,17.501880645751953,56.959869384765625,289.59136962890625,60.25521469116211,142.0760040283203,136.54026794433594,173.15283203125,47.498111724853516,62.05712127685547,66.99789428710938,91.63797760009766,14.107942581176758,27.520946502685547,147.60011291503906,124.98784637451172,24.538537979125977,141.8562774658203,110.35001373291016,335.6122741699219,45.72995376586914,62.29096603393555,35.37613296508789,20.42582130432129,31.932767868041992,107.47797393798828,46.410587310791016,105.20999908447266,82.19999694824219,248.1199951171875,626.5599975585938,48.24599838256836,40.04999923706055,62.060001373291016,72.69000244140625,52.380001068115234,104.19000244140625,22.520000457763672,73.30000305175781,326.54998779296875,66.25,163.61000061035156,154.92999267578125,182.32000732421875,53.9900016784668,72.63359069824219,79.04000091552734,93.95999908447266,14.143500328063965,35.90999984741211,178.25,139.42999267578125,27.350000381469727,147.71665954589844,119.88999938964844,365.6400146484375,56.810001373291016,74.41000366210938,39.9900016784668,24.575000762939453,34.84000015258789,116.48999786376953,56.59000015258789,106.12999725341797,83.0999984741211,250.22000122070312,631.4000244140625,48.39099884033203,40.150001525878906,62.540000915527344,73.12000274658203,53.15999984741211,104.56999969482422,22.950000762939453,73.55999755859375,329.20001220703125,66.56999969482422,164.27999877929688,155.22999572753906,183.17999267578125,54.16999816894531,72.90076446533203,79.72000122070312,95.06999969482422,14.243499755859375,36.2400016784668,179.64999389648438,139.9499969482422,27.700000762939453,148.47332763671875,122.61000061035156,365.8800048828125,56.869998931884766,75.25,40.09000015258789,24.700000762939453,34.91999816894531,117.08000183105469,56.77000045776367,104.16999816894531,80.3499984741211,247.10000610351562,622.1900024414062,47.79999923706055,39.59000015258789,61.93000030517578,71.94999694824219,52.13999938964844,103.26000213623047,22.40999984741211,72.30000305175781,323.3500061035156,65.36000061035156,163.32000732421875,152.64999389648438,181.22000122070312,53.31999969482422,72.25190734863281,78.44999694824219,92.54000091552734,13.71150016784668,35.7599983215332,176.61000061035156,137.39999389648438,27.149999618530273,146.59666442871094,119.83999633789062,360.54998779296875,56.25,73.77999877929688,39.630001068115234,24.40999984741211,34.599998474121094,116.19000244140625,56.2400016784668,105.52999877929688,81.31999969482422,248.1699981689453,627.1599731445312,48.000999450683594,39.77000045776367,62.0099983215332,72.91999816894531,52.790000915527344,103.47000122070312,22.81999969482422,72.47000122070312,327.70001220703125,65.66999816894531,163.5500030517578,153.10000610351562,182.89999389648438,53.529998779296875,72.59542083740234,79.04000091552734,94.25,13.880749702453613,36.029998779296875,178.3000030517578,138.3300018310547,27.510000228881836,147.96665954589844,122.44000244140625,364.19000244140625,56.5,74.33000183105469,39.84000015258789,24.5,34.77000045776367,116.68000030517578,56.38999938964844,8037300,35590900,1583500,820600,12074000,43136400,11799700,14081400,12408400,7699300,7821400,3552300,2157300,17793300,4608000,16903500,3406600,3850300,8970566,8329300,17621500,251284000,21933800,1951400,6958500,7973300,3296400,11193200,2158900,5068800,2774000,19393200,49888600,38660800,5753200,22385000
2021-04-08,86.90267944335938,83.3499984741211,209.4415283203125,609.5232543945312,43.92338943481445,35.15953826904297,50.64064407348633,60.415435791015625,42.54102325439453,82.8971176147461,17.361989974975586,56.097293853759766,293.66192626953125,60.98283004760742,141.52027893066406,136.7077178955078,173.42823791503906,46.94385528564453,61.543495178222656,67.98112487792969,92.93512725830078,14.281006813049316,27.559263229370117,147.48416137695312,125.80359649658203,24.278345108032227,143.47279357910156,113.60832214355469,334.9239807128906,45.705806732177734,61.01017379760742,35.41151809692383,20.15985107421875,31.941926956176758,107.64405059814453,45.926719665527344,106.0999984741211,83.3499984741211,246.8800048828125,639.8800048828125,48.54800033569336,39.70000076293945,61.90999984741211,72.33000183105469,51.2400016784668,103.0199966430664,22.34000015258789,72.19000244140625,331.1400146484375,67.05000305175781,162.97000122070312,155.1199951171875,182.61000061035156,53.36000061035156,72.03244018554688,80.19999694824219,95.29000091552734,14.317000389099121,35.959999084472656,178.11000061035156,140.33999633789062,27.059999465942383,149.39999389648438,123.43000030517578,364.8900146484375,56.779998779296875,72.87999725341797,40.029998779296875,24.2549991607666,34.849998474121094,116.66999816894531,56.0,106.91999816894531,83.79000091552734,249.47999572753906,641.5900268554688,48.79800033569336,39.849998474121094,62.41999816894531,72.52999877929688,51.81999969482422,103.62000274658203,22.389999389648438,72.8499984741211,331.489990234375,67.29000091552734,164.11000061035156,155.50999450683594,183.97000122070312,53.81999969482422,72.90076446533203,80.48999786376953,96.38999938964844,14.471500396728516,36.150001525878906,178.52000427246094,140.3699951171875,27.18000030517578,149.57000732421875,123.81999969482422,366.9100036621094,57.060001373291016,73.77999877929688,40.20000076293945,24.405000686645508,34.88999938964844,117.18000030517578,56.08000183105469,105.3499984741211,82.44000244140625,245.97999572753906,632.75,48.012001037597656,39.220001220703125,61.7599983215332,71.08000183105469,51.040000915527344,102.06999969482422,21.770000457763672,70.87999725341797,322.9700012207031,66.36000061035156,162.85000610351562,152.30999755859375,182.47000122070312,52.34000015258789,71.83206176757812,78.16000366210938,93.77999877929688,14.24899959564209,35.869998931884766,174.5,138.80999755859375,26.440000534057617,148.03334045410156,121.37999725341797,363.1099853515625,55.93000030517578,71.91000366210938,39.33000183105469,23.975000381469727,34.470001220703125,116.51000213623047,55.31999969482422,105.4000015258789,83.31999969482422,249.10000610351562,635.9600219726562,48.79800033569336,39.79999923706055,62.20000076293945,72.1500015258789,51.619998931884766,103.5199966430664,22.219999313354492,72.80000305175781,324.2900085449219,66.97000122070312,164.0,154.0,182.9499969482422,53.20000076293945,72.59542083740234,78.5,95.0,14.252750396728516,35.959999084472656,177.3300018310547,140.0,27.0,149.30332946777344,121.37999725341797,363.1099853515625,56.619998931884766,73.41999816894531,39.869998931884766,24.399999618530273,34.709999084472656,116.83000183105469,55.93000030517578,5881800,41925300,1633600,865900,18121000,45285900,7846900,13677100,10040800,8283000,7749200,4445200,2402800,22224200,5039400,12335500,2393200,6030800,12007984,9352700,17815600,244416000,18129400,1195600,7304900,10548700,4276500,10226700,2426700,6361400,4285400,20845000,63766600,39927400,4292400,21999300
2021-04-09,88.08212280273438,82.76000213623047,211.1975860595703,604.2269897460938,43.88811111450195,35.41636276245117,51.21323013305664,60.4906005859375,42.53273010253906,82.816650390625,17.12883758544922,55.77093505859375,293.3692321777344,62.083343505859375,140.02664184570312,137.73007202148438,175.21371459960938,46.47758865356445,62.21201705932617,68.42192840576172,92.94487762451172,14.363797187805176,28.049753189086914,149.2230682373047,126.0097885131836,24.009185791015625,143.02464294433594,113.02845764160156,345.3968505859375,46.116336822509766,59.51170349121094,35.8272819519043,20.0268611907959,32.21690368652344,108.82501983642578,45.82008361816406,107.54000091552734,82.76000213623047,248.9499969482422,634.3200073242188,48.50899887084961,39.9900016784668,62.61000061035156,72.41999816894531,51.22999954223633,102.91999816894531,22.040000915527344,71.7699966430664,330.80999755859375,68.26000213623047,161.25,156.27999877929688,184.49000549316406,52.83000183105469,72.81488800048828,80.72000122070312,95.30000305175781,14.399999618530273,36.599998474121094,180.2100067138672,140.57000732421875,26.760000228881836,148.93333435058594,122.80000305175781,376.29998779296875,57.290000915527344,71.08999633789062,40.5,24.094999313354492,35.150001525878906,117.94999694824219,55.869998931884766,107.72000122070312,83.58999633789062,249.10000610351562,638.7100219726562,48.53099822998047,40.18000030517578,62.63999938964844,73.01000213623047,51.9900016784668,103.68000030517578,22.65999984741211,73.51000213623047,334.8999938964844,68.4000015258789,162.92999267578125,157.0399932861328,185.13999938964844,53.810001373291016,72.88167572021484,80.7300033569336,95.37999725341797,14.407999992370605,36.810001373291016,180.36000061035156,140.67999267578125,27.229999542236328,149.0800018310547,123.44000244140625,376.6099853515625,57.45000076293945,73.2300033569336,40.790000915527344,24.459999084472656,35.16999816894531,118.0199966430664,56.439998626708984,106.05000305175781,82.16000366210938,245.80999755859375,628.5499877929688,47.65399932861328,39.5099983215332,61.68000030517578,72.01000213623047,50.91999816894531,102.0999984741211,21.899999618530273,71.12999725341797,328.7900085449219,66.62999725341797,159.77999877929688,154.97000122070312,182.41000366210938,52.65999984741211,71.97518920898438,79.37000274658203,93.30999755859375,14.175000190734863,35.900001525878906,178.3000030517578,138.8800048828125,26.420000076293945,147.56666564941406,121.69999694824219,367.0,56.7599983215332,70.77999877929688,40.25,23.985000610351562,34.88999938964844,116.66999816894531,55.529998779296875,106.38999938964844,82.80000305175781,247.7100067138672,634.3400268554688,48.0,39.90999984741211,61.79999923706055,72.80999755859375,51.369998931884766,103.12000274658203,22.309999465942383,72.7699966430664,334.0,66.80000305175781,162.1199951171875,155.80999755859375,182.52999877929688,53.36000061035156,72.05152893066406,80.4800033569336,94.33999633789062,14.21399974822998,35.900001525878906,179.75999450683594,139.89999389648438,27.110000610351562,148.19000244140625,122.75,368.3500061035156,57.33000183105469,72.55000305175781,40.34000015258789,24.25,35.09000015258789,116.73999786376953,56.0,5977500,32759900,1368600,631100,16614000,45872900,7868000,14586400,6665300,7163700,6826300,4065700,2347100,27177100,8418300,12122400,2611200,3191900,8177439,10693500,14080200,195172000,31686700,1302300,6033200,8624800,2466000,8315200,2483200,5990100,3503600,28363600,44373400,40133700,5919100,20020700
2021-04-12,88.6636734008789,78.58000183105469,211.18914794921875,600.5215454101562,43.7596321105957,35.478370666503906,51.27866744995117,60.71614456176758,42.22553634643555,81.89932250976562,17.00448989868164,54.47319412231445,294.28265380859375,59.49123001098633,140.36534118652344,137.439208984375,172.67791748046875,45.932132720947266,62.13865280151367,67.96418762207031,93.22769165039062,15.170762062072754,28.33331298828125,149.7198944091797,123.2040023803711,23.811805725097656,141.48809814453125,111.27964782714844,345.3785095214844,46.430274963378906,58.85036849975586,36.066131591796875,19.868942260742188,32.35438537597656,108.93573760986328,45.51664352416992,108.25,78.58000183105469,248.94000244140625,630.4299926757812,48.367000579833984,40.060001373291016,62.689998626708984,72.69000244140625,50.86000061035156,101.77999877929688,21.8799991607666,70.0999984741211,331.8399963378906,65.41000366210938,161.63999938964844,155.9499969482422,181.82000732421875,52.209999084472656,72.72901153564453,80.18000030517578,95.58999633789062,15.208999633789062,36.970001220703125,180.80999755859375,137.44000244140625,26.540000915527344,147.3333282470703,120.9000015258789,376.2799987792969,57.68000030517578,70.30000305175781,40.77000045776367,23.905000686645508,35.29999923706055,118.06999969482422,55.5,108.56999969482422,82.18000030517578,250.0,631.5800170898438,48.54199981689453,40.380001068115234,62.779998779296875,72.80000305175781,52.2400016784668,103.86000061035156,22.600000381469727,73.37000274658203,334.4800109863281,68.48999786376953,162.0800018310547,157.25,183.94000244140625,53.75,73.09160614013672,81.06999969482422,96.95999908447266,15.352499961853027,37.029998779296875,181.39999389648438,139.88999938964844,27.100000381469727,148.15333557128906,122.45999908447266,379.8299865722656,57.79999923706055,72.81999969482422,40.88999938964844,24.479999542236328,35.310001373291016,118.30999755859375,56.790000915527344,107.36000061035156,78.02999877929688,247.7899932861328,620.6199951171875,47.86000061035156,39.849998474121094,62.27000045776367,72.13999938964844,50.81999969482422,101.51000213623047,21.770000457763672,70.0999984741211,329.94000244140625,64.70999908447266,160.33999633789062,155.57000732421875,180.8800048828125,52.02000045776367,72.5,79.5199966430664,94.75,14.139249801635742,36.33000183105469,179.77000427246094,136.0500030517578,26.31999969482422,146.06666564941406,119.23999786376953,374.0299987792969,57.310001373291016,70.12000274658203,40.400001525878906,23.81999969482422,35.13999938964844,117.6500015258789,55.310001373291016,107.81999969482422,82.05999755859375,248.52000427246094,631.5599975585938,48.19300079345703,39.9900016784668,62.529998779296875,72.62000274658203,51.75,103.66999816894531,22.350000381469727,72.38999938964844,332.6700134277344,68.19999694824219,161.08999633789062,155.5800018310547,183.42999267578125,53.41999816894531,72.87213897705078,80.94999694824219,95.19000244140625,14.289750099182129,36.47999954223633,180.6300048828125,138.86000061035156,26.8700008392334,148.15333557128906,122.20999908447266,374.4800109863281,57.599998474121094,71.93000030517578,40.459999084472656,24.30500030517578,35.220001220703125,117.77999877929688,56.7599983215332,5647500,62098800,1722000,739500,23247000,45544600,11163000,12002400,8564000,7845900,7475500,3403700,2318800,51266900,5022800,12273400,2876100,3677900,9970672,8939700,18818300,869324000,29944900,1326100,10355500,10969200,2607900,9868400,3057300,5185600,3111800,21093000,39196200,44435500,8279500,20238800
2021-04-13,88.63909149169922,80.19000244140625,212.0459747314453,599.273681640625,43.8763427734375,34.822998046875,52.00666427612305,60.18990707397461,42.16741943359375,82.26950073242188,16.856828689575195,54.70632553100586,290.5934753417969,59.31842041015625,138.48965454101562,135.8000030517578,173.35227966308594,46.24885177612305,62.309844970703125,67.41323852539062,89.8727035522461,15.640081405639648,28.478931427001953,147.07843017578125,123.07848358154297,23.36319923400879,141.26405334472656,111.62020111083984,343.7447509765625,45.58506393432617,58.833621978759766,35.1992073059082,19.889720916748047,32.051918029785156,109.38783264160156,45.68886947631836,108.22000122070312,80.19000244140625,249.9499969482422,629.1199951171875,48.49599838256836,39.31999969482422,63.58000183105469,72.05999755859375,50.790000915527344,102.23999786376953,21.690000534057617,70.4000015258789,327.67999267578125,65.22000122070312,159.47999572753906,154.08999633789062,182.52999877929688,52.56999969482422,72.92938995361328,79.52999877929688,92.1500015258789,15.679499626159668,37.15999984741211,177.6199951171875,137.3000030517578,26.040000915527344,147.10000610351562,121.2699966430664,374.5,56.630001068115234,70.27999877929688,39.790000915527344,23.93000030517578,34.970001220703125,118.55999755859375,55.709999084472656,108.36000061035156,80.72000122070312,250.35000610351562,636.739990234375,48.821998596191406,39.81999969482422,63.7400016784668,72.41999816894531,51.33000183105469,102.5999984741211,21.969999313354492,71.0999984741211,330.04998779296875,65.62999725341797,159.92999267578125,155.1999969482422,183.63999938964844,52.709999084472656,73.24427795410156,80.02999877929688,96.81999969482422,15.699999809265137,37.650001525878906,179.8000030517578,138.77000427246094,26.469999313354492,148.6666717529297,122.9000015258789,379.30999755859375,57.29999923706055,70.86000061035156,40.5099983215332,24.059999465942383,35.13999938964844,118.88999938964844,55.97999954223633,107.02999877929688,78.9800033569336,247.08999633789062,623.719970703125,48.02899932861328,39.20000076293945,62.75,71.06999969482422,50.38999938964844,101.29000091552734,21.459999084472656,69.30999755859375,324.17999267578125,64.20999908447266,156.52999877929688,152.42999267578125,181.17999267578125,51.54999923706055,72.39503479003906,78.95999908447266,91.4000015258789,15.125749588012695,36.88999938964844,177.11000061035156,135.75,25.860000610351562,145.63333129882812,120.3499984741211,374.3299865722656,56.58000183105469,69.54000091552734,39.70000076293945,23.690000534057617,34.779998779296875,117.58999633789062,55.09000015258789,108.02999877929688,79.66999816894531,249.14999389648438,635.6300048828125,48.5,39.810001373291016,62.90999984741211,72.30000305175781,50.47999954223633,101.55999755859375,21.84000015258789,70.11000061035156,329.510009765625,65.61000061035156,156.86000061035156,154.75,181.17999267578125,51.79999923706055,72.4904556274414,79.9000015258789,96.29000091552734,15.231499671936035,37.40999984741211,179.7100067138672,138.3800048828125,26.239999771118164,148.4566650390625,122.4000015258789,376.25,57.220001220703125,70.12000274658203,40.5,23.864999771118164,35.099998474121094,117.69999694824219,55.29999923706055,6165100,37767300,1766000,710500,15281000,46770400,9451100,16150000,6980000,6829900,7356600,2229500,3575900,26822000,18424100,16113600,3089100,3059300,8627346,7085200,27102100,676212000,33967400,1427700,9225200,13688500,3328500,8384800,2652300,6099300,3951900,29333200,44825400,39950900,6519600,19370600
2021-04-14,87.79350280761719,78.55000305175781,211.7659912109375,601.0549926757812,43.18332290649414,35.31895065307617,52.19478988647461,60.89989471435547,43.74485778808594,83.90296173095703,17.47856330871582,57.597068786621094,297.3955383300781,58.38161849975586,138.87171936035156,133.2618408203125,173.79859924316406,47.39253616333008,62.28537368774414,68.48126220703125,88.42929077148438,15.238592147827148,28.486589431762695,148.50265502929688,120.79261779785156,24.502653121948242,139.71151733398438,111.22441101074219,344.7818298339844,46.349769592285156,60.50788497924805,37.1453742980957,20.44244384765625,32.24439239501953,109.37860107421875,47.00926208496094,105.9000015258789,78.55000305175781,249.6199951171875,630.989990234375,47.72999954223633,39.880001068115234,63.810001373291016,72.91000366210938,52.689998626708984,104.2699966430664,22.489999771118164,74.12000274658203,335.3500061035156,64.19000244140625,159.9199981689453,151.2100067138672,183.0,53.869998931884766,72.90076446533203,80.79000091552734,90.66999816894531,15.277000427246094,37.16999816894531,179.33999633789062,134.75,27.309999465942383,145.48333740234375,120.83999633789062,375.6300048828125,57.58000183105469,72.27999877929688,41.9900016784668,24.594999313354492,35.18000030517578,118.55000305175781,57.31999969482422,106.66999816894531,80.12999725341797,251.5,641.0900268554688,48.91899871826172,40.33000183105469,63.959999084472656,73.29000091552734,53.560001373291016,105.33000183105469,23.149999618530273,74.87999725341797,344.4700012207031,65.37999725341797,160.11000061035156,153.8300018310547,184.47000122070312,54.880001068115234,73.27290344238281,82.05000305175781,92.52999877929688,15.720499992370605,37.380001068115234,180.74000549316406,137.83999633789062,27.780000686645508,147.93333435058594,122.43000030517578,378.010009765625,57.83000183105469,73.51000213623047,42.18000030517578,24.920000076293945,35.43000030517578,119.02999877929688,58.0099983215332,105.58000183105469,77.94000244140625,249.0,627.0399780273438,47.51900100708008,38.91999816894531,63.58000183105469,71.37999725341797,51.380001068115234,102.5999984741211,21.90999984741211,71.06999969482422,326.1499938964844,63.84000015258789,157.5399932861328,150.92999267578125,182.0500030517578,52.970001220703125,72.53816986083984,79.30000305175781,89.51000213623047,15.227499961853027,36.959999084472656,176.7100067138672,133.91000366210938,26.260000228881836,144.68666076660156,120.5,374.5799865722656,56.2400016784668,70.9800033569336,39.060001373291016,24.114999771118164,34.83000183105469,118.33999633789062,56.25,106.22000122070312,79.87999725341797,249.97999572753906,635.6699829101562,48.24700164794922,38.97999954223633,63.75,71.73999786376953,51.380001068115234,102.6500015258789,21.940000534057617,71.26000213623047,328.54998779296875,65.30999755859375,157.8300018310547,151.47000122070312,182.58999633789062,53.09000015258789,72.80534362792969,79.61000061035156,91.66000366210938,15.625,37.16999816894531,177.00999450683594,137.0800018310547,26.260000228881836,146.82000732421875,121.98999786376953,375.3399963378906,56.52000045776367,71.12000274658203,39.70000076293945,24.139999389648438,34.880001068115234,118.41999816894531,56.40999984741211,7766700,34263800,1753800,718000,18220000,52023800,7639900,19476600,8342200,10194800,11993200,4710200,9876800,25768400,7718300,19939600,2002100,4587500,8415545,10585500,19117400,385500000,23842900,1936300,9967800,14755400,4996200,9521900,2805600,6508900,3461300,64926900,66767800,44065300,6226600,28051100
2021-04-15,88.61421203613281,83.01000213623047,216.4404296875,611.6283569335938,43.4276008605957,34.3093376159668,52.71010971069336,60.5908203125,43.08897399902344,83.21897888183594,17.385303497314453,56.9117431640625,300.23321533203125,59.13650894165039,139.27989196777344,134.1078643798828,176.57177734375,47.39253616333008,62.49734878540039,68.50669860839844,88.0391616821289,16.0966796875,28.81613540649414,145.6691131591797,123.56255340576172,23.91946792602539,142.0514678955078,108.93255615234375,357.9809875488281,45.343563079833984,59.76284408569336,37.36653518676758,20.276212692260742,32.21690368652344,111.25154876708984,46.73042678833008,106.88999938964844,83.01000213623047,255.1300048828125,642.0900268554688,48.0,38.7400016784668,64.44000244140625,72.54000091552734,51.900001525878906,103.41999816894531,22.3700008392334,72.83000183105469,338.54998779296875,65.0199966430664,160.38999938964844,152.1699981689453,185.9199981689453,53.869998931884766,73.14885711669922,80.81999969482422,90.2699966430664,16.137250900268555,37.599998474121094,174.7899932861328,137.83999633789062,26.65999984741211,147.9199981689453,118.3499984741211,390.010009765625,56.33000183105469,71.38999938964844,42.2400016784668,24.395000457763672,35.150001525878906,120.58000183105469,56.97999954223633,106.94999694824219,83.94999694824219,257.0,642.9000244140625,48.23099899291992,39.84000015258789,64.7300033569336,74.7300033569336,52.810001373291016,104.2699966430664,22.6200008392334,74.33000183105469,341.3500061035156,65.22000122070312,162.38999938964844,152.1999969482422,187.72000122070312,53.91999816894531,73.78816986083984,81.41000366210938,91.95999908447266,16.214250564575195,37.7400016784668,178.5399932861328,137.99000549316406,27.360000610351562,148.22666931152344,122.0,392.3599853515625,57.189998626708984,72.19999694824219,42.2599983215332,24.625,35.29999923706055,120.93000030517578,57.41999816894531,105.62000274658203,79.97000122070312,250.5,627.52001953125,47.678001403808594,38.04999923706055,63.91999816894531,71.76000213623047,51.77000045776367,102.93000030517578,22.020000457763672,72.26000213623047,334.5400085449219,63.68000030517578,160.22999572753906,149.32000732421875,183.41000366210938,52.88999938964844,72.5667953491211,79.8499984741211,89.44999694824219,15.631500244140625,37.2599983215332,172.1199951171875,135.57000732421875,26.56999969482422,145.84666442871094,116.55999755859375,380.0,54.529998779296875,70.5999984741211,41.029998779296875,24.295000076293945,34.81999969482422,119.0199966430664,56.779998779296875,105.98999786376953,80.31999969482422,251.10000610351562,633.780029296875,48.16400146484375,39.72999954223633,64.0,74.44999694824219,52.70000076293945,104.01000213623047,22.6200008392334,74.19000244140625,338.8999938964844,63.970001220703125,160.72000122070312,151.25,183.7899932861328,53.70000076293945,72.5667953491211,81.3499984741211,91.75,15.662500381469727,37.2599983215332,178.3800048828125,136.0,27.209999084472656,146.97666931152344,121.69999694824219,380.0,56.84000015258789,71.80000305175781,42.099998474121094,24.625,35.2599983215332,119.0199966430664,57.41999816894531,5730500,68942800,2366300,980400,18370000,118128900,9834000,31333400,6763700,7860500,6988400,3520900,4354800,24927700,7524600,17694100,2586600,4410700,14541734,9930800,16017000,598480000,24945800,3215500,11733200,9107100,5672400,18709100,4488300,13346400,2820300,44146300,49686200,55483500,8438300,23250300
2021-04-16,89.45980834960938,82.1500015258789,216.93246459960938,615.057373046875,43.31812286376953,34.67244338989258,53.54444122314453,60.515655517578125,42.4164924621582,82.8488540649414,17.00448989868164,55.09883117675781,303.5677795410156,58.89094161987305,140.8863525390625,135.10372924804688,179.734375,47.73563766479492,63.157691955566406,66.61643981933594,88.41952514648438,15.872493743896484,29.55953598022461,149.06105041503906,123.89422607421875,23.587499618530273,141.3856658935547,109.38355255126953,358.89886474609375,46.575157165527344,60.692054748535156,38.78192138671875,20.1141357421875,32.446048736572266,112.08191680908203,46.46799087524414,107.91000366210938,82.1500015258789,255.7100067138672,645.6900024414062,47.87900161743164,39.150001525878906,65.45999908447266,72.44999694824219,51.09000015258789,102.95999908447266,21.8799991607666,70.51000213623047,342.30999755859375,64.75,162.24000549316406,153.3000030517578,189.25,54.2599983215332,73.9217529296875,78.58999633789062,90.66000366210938,15.912500381469727,38.56999969482422,178.86000061035156,138.2100067138672,26.290000915527344,147.22666931152344,118.83999633789062,391.010009765625,57.86000061035156,72.5,43.84000015258789,24.200000762939453,35.400001525878906,121.4800033569336,56.65999984741211,108.55000305175781,83.58999633789062,258.82000732421875,647.9400024414062,48.178001403808594,39.41999816894531,65.63999938964844,73.56999969482422,52.29999923706055,104.36000061035156,22.559999465942383,73.0999984741211,343.739990234375,65.5199966430664,162.50999450683594,154.50999450683594,190.3000030517578,55.58000183105469,74.18893432617188,81.68000030517578,91.33000183105469,16.16575050354004,38.70000076293945,180.25,139.00999450683594,26.959999084472656,148.22332763671875,120.5999984741211,393.9200134277344,58.459999084472656,73.80000305175781,44.130001068115234,24.635000228881836,35.529998779296875,121.62000274658203,57.68000030517578,107.13999938964844,81.52999877929688,254.6699981689453,638.47998046875,47.678001403808594,38.90999984741211,64.73999786376953,71.69000244140625,51.040000915527344,102.43000030517578,21.68000030517578,70.44000244140625,338.6199951171875,64.56999969482422,160.55999755859375,152.69000244140625,186.8800048828125,53.720001220703125,73.30152893066406,77.76000213623047,90.08000183105469,15.865249633789062,37.810001373291016,176.6199951171875,136.64999389648438,26.25,146.90333557128906,117.8499984741211,385.4599914550781,56.54999923706055,70.94000244140625,42.58000183105469,24.100000381469727,35.2400016784668,120.77999877929688,56.439998626708984,107.48999786376953,83.30000305175781,256.44000244140625,640.260009765625,48.04800033569336,39.310001373291016,64.93000030517578,73.31999969482422,52.2400016784668,103.80000305175781,22.510000228881836,72.83000183105469,340.2900085449219,65.33000183105469,161.33999633789062,153.8699951171875,187.3800048828125,55.20000076293945,73.71183013916016,81.0,90.44000244140625,16.05299949645996,37.869998931884766,177.50999450683594,137.6199951171875,26.889999389648438,147.9199981689453,119.19000244140625,393.9200134277344,56.90999984741211,72.81999969482422,42.66999816894531,24.575000762939453,35.459999084472656,121.19999694824219,57.36000061035156,8207700,47280600,2768700,605200,16263000,60633400,14589500,28478400,7665500,7459700,6568300,3574700,4231900,24625500,9049400,13773400,3731800,6161300,12512806,29086400,12358700,335208000,52829500,2503400,6583900,9234300,2712600,9512100,4532400,7934200,5629600,57060200,57189000,39115700,7447400,22752000
2021-04-19,90.0401382446289,81.11000061035156,217.15304565429688,600.2168579101562,41.7990608215332,34.69015884399414,53.65895462036133,60.24837112426758,42.25044250488281,83.09024810791016,17.12106704711914,55.70834732055664,304.25946044921875,57.872291564941406,141.2771453857422,134.53091430664062,180.10475158691406,47.00543212890625,63.31260681152344,67.83705139160156,86.22513580322266,15.323128700256348,29.835426330566406,148.11097717285156,121.24082946777344,23.80282974243164,137.6692352294922,106.21730041503906,357.8249206542969,46.46246337890625,59.31078338623047,38.81731414794922,20.093351364135742,32.35438537597656,112.109619140625,46.320369720458984,108.61000061035156,81.11000061035156,255.97000122070312,630.1099853515625,46.20000076293945,39.16999816894531,65.5999984741211,72.12999725341797,50.88999938964844,103.26000213623047,22.030000686645508,71.29000091552734,343.0899963378906,63.630001068115234,162.69000244140625,152.64999389648438,189.63999938964844,53.43000030517578,74.1030502319336,80.02999877929688,88.41000366210938,15.361749649047852,38.93000030517578,177.72000122070312,135.25,26.530000686645508,143.35667419433594,115.4000015258789,389.8399963378906,57.720001220703125,70.8499984741211,43.880001068115234,24.174999237060547,35.29999923706055,121.51000213623047,56.47999954223633,108.7300033569336,83.18000030517578,256.1099853515625,639.260009765625,47.68000030517578,39.43000030517578,65.93000030517578,72.83000183105469,51.72999954223633,103.83000183105469,22.489999771118164,72.0999984741211,344.42999267578125,64.73999786376953,163.11000061035156,153.8800048828125,190.8800048828125,54.33000183105469,74.22709655761719,80.37000274658203,90.68000030517578,15.807499885559082,38.959999084472656,180.77999877929688,137.0500030517578,26.780000686645508,146.63333129882812,118.87999725341797,393.3900146484375,58.20000076293945,72.6500015258789,44.400001525878906,24.43000030517578,35.4900016784668,121.54000091552734,57.13999938964844,107.12000274658203,80.38999938964844,252.63999938964844,622.4500122070312,46.005001068115234,39.029998779296875,65.20999908447266,71.94999694824219,50.58000183105469,102.20999908447266,21.6299991607666,70.01000213623047,336.6000061035156,63.06999969482422,160.83999633789062,152.22000122070312,188.07000732421875,52.86000061035156,73.44465637207031,78.11000061035156,86.5199966430664,15.232999801635742,38.33000183105469,176.94000244140625,134.08999633789062,26.25,142.0399932861328,115.19999694824219,388.4700012207031,57.529998779296875,70.16999816894531,43.380001068115234,23.940000534057617,35.18000030517578,120.88999938964844,55.959999084472656,107.97000122070312,82.12999725341797,252.85000610351562,637.6400146484375,47.65299987792969,39.38999938964844,65.41999816894531,72.70999908447266,51.290000915527344,103.2699966430664,21.940000534057617,70.69999694824219,340.0,64.69999694824219,162.5,153.4199981689453,189.24000549316406,53.849998474121094,74.14122009277344,78.30000305175781,90.66999816894531,15.536499977111816,38.599998474121094,179.35000610351562,136.89999389648438,26.389999389648438,146.14332580566406,118.0,390.0,57.810001373291016,72.01000213623047,43.61000061035156,24.25,35.38999938964844,121.25,56.75,4542900,39115500,2345100,1138900,26319000,42321100,11851000,19964800,6587700,7068700,8624900,2914900,3228200,23997700,8353500,11900200,2966400,3991600,8536903,15151000,21361600,404420000,30905100,1514700,8728900,7711200,8922300,12630300,2965400,6586600,3653900,39124200,40827800,31172300,7094300,21123300
2021-04-20,90.38831329345703,79.2699966430664,219.8423309326172,587.67138671875,41.37021255493164,33.724822998046875,54.05159378051758,58.29384231567383,40.3907356262207,81.5372314453125,16.297266006469727,53.58283615112305,294.3182678222656,57.026451110839844,144.5683135986328,131.55210876464844,181.0259552001953,45.79137420654297,64.05445861816406,65.51448822021484,85.318115234375,15.133108139038086,29.912076950073242,143.118896484375,119.58245849609375,22.65440559387207,135.70692443847656,105.8031005859375,363.9654846191406,45.25502014160156,57.494205474853516,37.63191604614258,19.56140899658203,31.74945640563965,112.5432357788086,45.344425201416016,109.02999877929688,79.2699966430664,259.1400146484375,616.9400024414062,45.72600173950195,38.08000183105469,66.08000183105469,69.79000091552734,48.650001525878906,101.33000183105469,20.969999313354492,68.56999969482422,331.8800048828125,62.70000076293945,166.47999572753906,149.27000427246094,190.61000061035156,52.04999923706055,74.97137451171875,77.29000091552734,87.4800033569336,15.171250343322754,39.029998779296875,171.72999572753906,133.39999389648438,25.25,141.31333923339844,114.94999694824219,396.5299987792969,56.220001220703125,68.68000030517578,42.540000915527344,23.53499984741211,34.63999938964844,121.9800033569336,55.290000915527344,109.55999755859375,81.11000061035156,260.3599853515625,627.7899780273438,46.202999114990234,39.0,66.52999877929688,71.55000305175781,50.63999938964844,102.98999786376953,21.899999618530273,70.5999984741211,340.4700012207031,63.7599983215332,167.7899932861328,151.75,193.5,53.22999954223633,75.51526641845703,79.62999725341797,88.94999694824219,15.496999740600586,39.2400016784668,176.1999969482422,134.77999877929688,26.329999923706055,143.47999572753906,116.77999877929688,397.8800048828125,57.27000045776367,70.56999969482422,43.400001525878906,24.125,35.11000061035156,122.29000091552734,56.470001220703125,108.05000305175781,78.51000213623047,254.83999633789062,612.780029296875,45.45399856567383,37.88999938964844,65.41999816894531,69.2699966430664,48.41999816894531,100.51000213623047,20.440000534057617,67.30000305175781,329.3500061035156,62.40999984741211,161.0,148.64999389648438,190.1699981689453,51.45000076293945,74.12213897705078,76.5999984741211,86.52999877929688,14.963000297546387,38.75,170.9600067138672,132.7899932861328,25.020000457763672,140.47999572753906,114.55000305175781,389.4200134277344,56.15999984741211,67.61000061035156,42.349998474121094,23.295000076293945,34.52000045776367,120.94999694824219,54.779998779296875,108.12000274658203,80.81999969482422,254.83999633789062,626.030029296875,46.000999450683594,39.0,65.44999694824219,71.55000305175781,50.5,102.83000183105469,21.84000015258789,70.2300033569336,339.9700012207031,63.63999938964844,161.0,151.74000549316406,190.41000366210938,53.09000015258789,74.12213897705078,79.30999755859375,88.37999725341797,15.323249816894531,38.75,175.6199951171875,134.5500030517578,26.15999984741211,142.8866729736328,116.05000305175781,389.8599853515625,57.04999923706055,70.08000183105469,43.400001525878906,24.09000015258789,35.09000015258789,120.94999694824219,56.470001220703125,5411800,34977800,1579300,988000,19128000,50834100,9685400,22013000,11928600,9783800,13799100,3980900,3662300,19872100,14050700,13716700,2460900,4337400,11009345,13052800,17396900,334132000,26459400,2268000,7473700,12657300,5374500,9299200,3348100,10679900,4263100,29734000,72574000,50227700,8063900,21782100
2021-04-21,91.85569763183594,81.61000061035156,219.53689575195312,624.3927612304688,41.59910583496094,34.2916259765625,54.247901916503906,59.012184143066406,41.54474639892578,82.66378021240234,16.45269775390625,53.88758850097656,297.324462890625,57.93595504760742,144.66383361816406,132.67135620117188,181.34884643554688,46.89987564086914,64.5925521850586,67.17588806152344,87.27845001220703,15.321880340576172,30.295265197753906,145.95249938964844,122.08345031738281,23.085063934326172,139.26661682128906,108.05815124511719,366.0582580566406,45.87484359741211,58.85036849975586,38.25115203857422,19.81075668334961,32.189395904541016,113.8718490600586,45.926719665527344,110.80000305175781,81.61000061035156,258.7799987792969,655.489990234375,45.979000091552734,38.720001220703125,66.31999969482422,70.6500015258789,50.040000915527344,102.7300033569336,21.170000076293945,68.95999908447266,335.2699890136719,63.70000076293945,166.58999633789062,150.5399932861328,190.9499969482422,53.310001373291016,75.60114288330078,79.25,89.48999786376953,15.36050033569336,39.529998779296875,175.1300048828125,136.19000244140625,25.729999542236328,145.02000427246094,117.4000015258789,398.80999755859375,56.9900016784668,70.30000305175781,43.2400016784668,23.834999084472656,35.119998931884766,123.41999816894531,56.0,111.44000244140625,81.66000366210938,261.0,655.8400268554688,46.034000396728516,38.779998779296875,66.88999938964844,70.70999908447266,50.130001068115234,102.98999786376953,21.3799991607666,69.68000030517578,335.4700012207031,63.779998779296875,166.91000366210938,150.61000061035156,193.00999450683594,53.41999816894531,75.84923553466797,79.33999633789062,89.55999755859375,15.362500190734863,39.66999816894531,175.24000549316406,136.3699951171875,25.790000915527344,145.07333374023438,117.48999786376953,401.4800109863281,57.09000015258789,70.66000366210938,43.36000061035156,23.920000076293945,35.150001525878906,123.48999786376953,56.130001068115234,109.3499984741211,78.86000061035156,257.75,635.9299926757812,45.2599983215332,37.40999984741211,66.08000183105469,68.41000366210938,47.849998474121094,100.13999938964844,20.139999389648438,67.29000091552734,327.55999755859375,62.29999923706055,165.2899932861328,146.7899932861328,189.8000030517578,51.279998779296875,75.0667953491211,76.25,86.33000183105469,15.102250099182129,39.130001068115234,170.13999938964844,132.5,24.520000457763672,140.83999633789062,113.7699966430664,395.44000244140625,55.43000030517578,67.43000030517578,41.77000045776367,23.125,34.41999816894531,122.30000305175781,54.29999923706055,109.79000091552734,78.98999786376953,260.4100036621094,637.719970703125,45.52199935913086,37.75,66.5199966430664,69.12999725341797,48.029998779296875,100.33000183105469,20.139999389648438,67.54000091552734,330.0,62.790000915527344,166.3699951171875,147.7899932861328,191.55999755859375,51.43000030517578,75.31488800048828,76.7300033569336,87.05999755859375,15.118749618530273,39.13999938964844,171.02999877929688,132.82000732421875,24.75,141.42333984375,114.5,398.8599853515625,55.900001525878906,67.80000305175781,42.2400016784668,23.235000610351562,34.52000045776367,122.36000061035156,54.5,6181100,35069000,2173600,2160900,25947000,37851800,9532100,16334800,7718900,8264400,7001200,3513700,2733300,24364200,6333200,12236700,2219800,3457400,11817248,11075900,14781300,216776000,29365000,1590300,7237900,13113300,4321800,8472200,2473300,6051500,2644600,27258000,56991000,39680000,9635900,16625600
2021-04-22,91.23394012451172,79.05999755859375,216.37257385253906,616.3912353515625,41.17569351196289,33.97279357910156,54.247901916503906,58.310550689697266,41.063209533691406,81.2314453125,16.32057762145996,53.410926818847656,293.40478515625,56.90821075439453,143.43939208984375,129.87762451171875,177.64500427246094,45.800174713134766,63.557186126708984,66.36213684082031,82.6165771484375,14.812914848327637,29.613182067871094,144.87738037109375,119.19700622558594,22.65440559387207,136.23512268066406,106.1436538696289,363.9747619628906,45.20672607421875,57.326786041259766,37.77345657348633,19.578033447265625,31.83194923400879,113.36441802978516,45.328025817871094,110.05000305175781,79.05999755859375,255.0500030517578,647.0900268554688,45.51100158691406,38.36000061035156,66.31999969482422,69.80999755859375,49.459999084472656,100.94999694824219,21.0,68.3499984741211,330.8500061035156,62.56999969482422,165.17999267578125,147.3699951171875,187.0500030517578,52.060001373291016,74.38931274414062,78.29000091552734,84.70999908447266,14.850250244140625,38.63999938964844,173.83999633789062,132.97000122070312,25.25,141.8633270263672,115.31999969482422,396.5400085449219,56.15999984741211,68.4800033569336,42.70000076293945,23.55500030517578,34.72999954223633,122.87000274658203,55.27000045776367,111.08999633789062,81.79000091552734,258.4800109863281,665.8699951171875,46.11399841308594,38.77000045776367,66.55999755859375,70.75,50.08000183105469,102.87000274658203,21.34000015258789,69.19000244140625,336.9700012207031,63.90999984741211,166.27999877929688,150.3000030517578,191.27000427246094,53.310001373291016,75.43893432617188,79.5,88.36000061035156,15.43850040435791,39.5,175.60000610351562,135.9600067138672,25.770000457763672,144.913330078125,117.5,398.760009765625,56.900001525878906,70.58999633789062,43.52000045776367,23.959999084472656,35.130001068115234,123.5999984741211,55.9900016784668,109.61000061035156,78.58999633789062,253.66000366210938,640.47998046875,44.900001525878906,38.16999816894531,65.81999969482422,69.66999816894531,49.189998626708984,100.87000274658203,20.790000915527344,67.12999725341797,330.2900085449219,62.279998779296875,164.6199951171875,147.25999450683594,186.75,51.97999954223633,74.00763702392578,78.1500015258789,83.9000015258789,14.783499717712402,38.52000045776367,173.08999633789062,132.47000122070312,25.200000762939453,141.0,114.41000366210938,393.19000244140625,56.15999984741211,68.12999725341797,42.68000030517578,23.475000381469727,34.66999816894531,122.4000015258789,55.02000045776367,110.6500015258789,81.61000061035156,257.5400085449219,664.1699829101562,45.5099983215332,38.75,66.1500015258789,70.43000030517578,50.040000915527344,102.87000274658203,21.260000228881836,69.13999938964844,334.6199951171875,63.349998474121094,165.83999633789062,150.22999572753906,190.0,53.310001373291016,75.38167572021484,78.91999816894531,88.19999694824219,15.375,39.47999954223633,175.02999877929688,135.3699951171875,25.700000762939453,144.72000122070312,117.5,398.44000244140625,56.599998474121094,70.33999633789062,43.2599983215332,23.950000762939453,35.08000183105469,123.31999969482422,55.9900016784668,5046000,38846100,3370700,1233400,27057000,48093400,12914200,16037600,6582700,9899400,6503700,2775800,2165200,38257600,7233000,15256100,2982600,7656200,13330560,9871700,34044100,277788000,33373600,2151400,8345100,16091800,5433000,7411800,2718600,6050400,4375000,24638300,50062800,43611200,10030800,21600100
2021-04-23,92.33653259277344,82.76000213623047,218.0523223876953,639.0811157226562,42.17271423339844,34.699012756347656,53.99433135986328,59.62191390991211,41.27907943725586,81.71427154541016,16.662540435791016,53.965736389160156,300.9427185058594,53.87953567504883,143.73463439941406,132.3629150390625,179.23101806640625,46.62714767456055,63.4919548034668,68.61687469482422,83.90396118164062,15.226872444152832,29.62849998474121,148.37765502929688,121.40218353271484,23.067121505737305,138.71917724609375,109.1994857788086,367.43505859375,46.06804656982422,58.749916076660156,38.799617767333984,19.756732940673828,32.427711486816406,114.11173248291016,45.57405471801758,111.37999725341797,82.76000213623047,257.0299987792969,670.9099731445312,46.612998962402344,39.18000030517578,66.01000213623047,71.37999725341797,49.720001220703125,101.55000305175781,21.440000534057617,69.05999755859375,339.3500061035156,59.2400016784668,165.52000427246094,150.19000244140625,188.72000122070312,53.0,74.31298065185547,80.94999694824219,86.02999877929688,15.265250205993652,38.65999984741211,178.0399932861328,135.42999267578125,25.709999084472656,144.4499969482422,118.63999938964844,400.30999755859375,57.22999954223633,70.18000030517578,43.86000061035156,23.770000457763672,35.380001068115234,123.68000030517578,55.56999969482422,111.7699966430664,83.30000305175781,258.1400146484375,671.280029296875,46.78499984741211,39.34000015258789,66.93000030517578,71.54000091552734,50.0,102.16999816894531,21.559999465942383,69.88999938964844,340.6700134277344,60.0,166.05999755859375,151.1300048828125,189.1300048828125,53.2400016784668,74.61832427978516,81.30000305175781,86.45999908447266,15.335000038146973,38.83000183105469,179.13999938964844,136.11000061035156,25.979999542236328,145.04666137695312,118.72000122070312,401.989990234375,57.65999984741211,70.44000244140625,44.18000030517578,23.875,35.529998779296875,123.95999908447266,55.939998626708984,109.55000305175781,79.95999908447266,253.6699981689453,658.3699951171875,45.75,38.220001220703125,65.86000061035156,69.51000213623047,49.15999984741211,100.72000122070312,20.8799991607666,68.27999877929688,330.7200012207031,57.900001525878906,164.0,146.69000244140625,187.02999877929688,52.09000015258789,73.91221618652344,78.29000091552734,84.56999969482422,14.900250434875488,38.43000030517578,173.52999877929688,133.5399932861328,24.56999969482422,142.27000427246094,115.93000030517578,394.5,56.08000183105469,68.4000015258789,42.630001068115234,23.434999465942383,34.66999816894531,122.55000305175781,55.18000030517578,109.70999908447266,80.20999908447266,254.97999572753906,659.219970703125,45.8489990234375,38.31999969482422,66.30000305175781,69.83999633789062,49.43000030517578,101.0999984741211,21.170000076293945,68.63999938964844,331.25,59.15999984741211,164.52999877929688,147.17999267578125,187.02999877929688,52.439998626708984,74.29389190673828,78.29000091552734,85.23999786376953,14.934249877929688,38.630001068115234,174.30999755859375,133.74000549316406,24.809999465942383,142.44332885742188,116.58000183105469,395.6199951171875,56.209999084472656,69.18000030517578,42.709999084472656,23.575000762939453,34.72999954223633,122.80999755859375,55.27000045776367,4611000,49194000,2426900,1109600,22890000,48674100,14715700,18876100,5670100,6756000,5023200,2181700,2163800,77479500,6015300,14041900,2482800,4179200,8598840,12002000,18118600,227500000,24375000,2031300,7666600,12875200,3996300,8380300,2263200,6229600,3065700,28024200,33897800,50437700,4974500,15337900
2021-04-26,92.34481048583984,85.41000366210938,216.77127075195312,638.6333618164062,42.69022750854492,34.9027099609375,53.89617156982422,60.30683898925781,41.71909713745117,81.69013214111328,16.99671745300293,54.56745910644531,304.6407165527344,53.442962646484375,142.51890563964844,132.68894958496094,177.8064422607422,46.86467742919922,63.20661163330078,69.10003662109375,85.66921997070312,15.439085006713867,29.643836975097656,150.2111358642578,124.5665512084961,23.65927505493164,141.26080322265625,111.85032653808594,363.3505554199219,46.51881408691406,59.03453063964844,39.04732131958008,19.889720916748047,32.5560302734375,113.72420501708984,45.664276123046875,111.38999938964844,85.41000366210938,255.52000427246094,670.4400024414062,47.185001373291016,39.40999984741211,65.88999938964844,72.19999694824219,50.25,101.5199966430664,21.8700008392334,69.83000183105469,343.5199890136719,58.7599983215332,164.1199951171875,150.55999755859375,187.22000122070312,53.27000045776367,73.97901153564453,81.5199966430664,87.83999633789062,15.477999687194824,38.68000030517578,180.24000549316406,138.9600067138672,26.3700008392334,147.09666442871094,121.5199966430664,395.8599853515625,57.790000915527344,70.5199966430664,44.13999938964844,23.93000030517578,35.52000045776367,123.26000213623047,55.68000030517578,112.04000091552734,85.9000015258789,256.75,675.6500244140625,47.382999420166016,39.849998474121094,66.0,72.80999755859375,50.91999816894531,102.66999816894531,22.040000915527344,70.38999938964844,345.8999938964844,59.52000045776367,165.41000366210938,152.4600067138672,188.64999389648438,53.58000183105469,74.34160614013672,82.41999816894531,88.30000305175781,15.479000091552734,38.7400016784668,181.74000549316406,139.69000244140625,26.68000030517578,147.27999877929688,121.54000091552734,400.0,58.27000045776367,70.9000015258789,44.68000030517578,24.110000610351562,35.849998474121094,123.62000274658203,56.290000915527344,110.8499984741211,82.69999694824219,254.4199981689453,666.9600219726562,46.356998443603516,39.279998779296875,65.08000183105469,71.61000061035156,49.599998474121094,101.26000213623047,21.299999237060547,68.79000091552734,340.8900146484375,58.459999084472656,163.75999450683594,150.3800048828125,186.05999755859375,52.720001220703125,73.7595443725586,81.37999725341797,86.11000061035156,15.125,38.4900016784668,179.0,135.1199951171875,25.75,144.3766632080078,119.4000015258789,395.2099914550781,57.380001068115234,69.69999694824219,43.9900016784668,23.68000030517578,35.47999954223633,123.02999877929688,55.439998626708984,111.55999755859375,83.3499984741211,256.6499938964844,666.9600219726562,46.70199966430664,39.349998474121094,65.95999908447266,71.7300033569336,49.63999938964844,101.2699966430664,21.3799991607666,68.9000015258789,341.94000244140625,59.099998474121094,165.2100067138672,150.77999877929688,188.57000732421875,52.84000015258789,74.29389190673828,81.80999755859375,86.47000122070312,15.1850004196167,38.72999954223633,179.27000427246094,135.3300018310547,25.860000610351562,144.6366729736328,120.0,399.80999755859375,57.54999923706055,70.13999938964844,44.130001068115234,23.68000030517578,35.5099983215332,123.61000061035156,55.470001220703125,5202300,57594500,1782700,801000,18271000,34699800,11768800,13098600,6642400,5639700,7863400,2601700,2171500,39645900,6027800,10799100,2797500,4488700,7834219,8033500,14757700,197796000,19773400,1620600,9715400,13934000,3577800,8444000,1642300,5588600,2142700,24606600,35891800,43749700,6907100,16083800
2021-04-27,92.38627624511719,85.20999908447266,216.4404296875,640.8909912109375,42.1926155090332,35.31895065307617,53.953426361083984,60.96672058105469,42.59083557128906,82.6396255493164,17.206554412841797,56.01308822631836,307.3987121582031,52.724449157714844,141.70262145996094,133.2970733642578,173.04830932617188,47.410125732421875,63.06803512573242,69.4729995727539,87.2491683959961,15.34307861328125,29.467567443847656,152.99468994140625,123.71493530273438,23.488807678222656,140.20126342773438,111.62020111083984,362.1022644042969,46.94544982910156,60.122806549072266,39.88770294189453,20.13075828552246,32.81266403198242,113.06916046142578,46.26295852661133,111.44000244140625,85.20999908447266,255.1300048828125,672.8099975585938,46.6349983215332,39.880001068115234,65.95999908447266,72.98999786376953,51.29999923706055,102.69999694824219,22.139999389648438,71.68000030517578,346.6300048828125,57.970001220703125,163.17999267578125,151.25,182.2100067138672,53.88999938964844,73.8167953491211,81.95999908447266,89.45999908447266,15.381750106811523,38.45000076293945,183.5800018310547,138.00999450683594,26.18000030517578,145.9933319091797,121.2699966430664,394.5,58.31999969482422,71.81999969482422,45.09000015258789,24.219999313354492,35.79999923706055,122.55000305175781,56.40999984741211,111.8499984741211,87.1500015258789,256.5299987792969,674.8400268554688,47.42599868774414,39.91999816894531,66.27999877929688,73.0999984741211,51.689998626708984,103.0999984741211,22.290000915527344,72.02999877929688,347.54998779296875,58.630001068115234,163.91000366210938,151.57000732421875,185.8699951171875,54.060001373291016,74.37023162841797,82.05000305175781,90.19000244140625,15.670499801635742,38.61000061035156,183.8300018310547,139.3800048828125,26.610000610351562,147.77999877929688,121.6500015258789,396.3299865722656,58.38999938964844,72.05999755859375,45.220001220703125,24.30500030517578,35.849998474121094,122.97000122070312,56.630001068115234,110.58000183105469,85.12999725341797,253.75999450683594,661.7899780273438,46.50600051879883,39.5099983215332,65.5999984741211,72.36000061035156,50.2599983215332,101.51000213623047,21.600000381469727,69.75,343.6600036621094,57.77000045776367,162.47000122070312,150.11000061035156,180.7899932861328,53.130001068115234,73.6832046508789,81.19999694824219,88.02999877929688,15.354499816894531,38.349998474121094,179.5,136.97999572753906,25.649999618530273,145.5500030517578,119.88999938964844,392.29998779296875,57.83000183105469,70.5199966430664,44.20000076293945,23.90999984741211,35.4900016784668,122.3499984741211,55.810001373291016,111.25,85.66999816894531,255.19000244140625,670.3300170898438,47.369998931884766,39.66999816894531,66.0,72.5,50.439998626708984,101.80999755859375,21.950000762939453,70.04000091552734,344.0,58.560001373291016,163.75999450683594,150.5,184.0,53.459999084472656,73.8740463256836,81.41000366210938,89.33000183105469,15.578499794006348,38.5099983215332,179.5,138.7100067138672,26.399999618530273,147.67333984375,121.5,394.6600036621094,58.189998626708984,70.79000091552734,44.38999938964844,24.020000457763672,35.56999969482422,122.94999694824219,56.0099983215332,3522900,61909900,2184900,678200,13267000,34304800,7472400,13357500,8309600,6898900,7321500,2808800,2088600,38167700,6217700,12821200,6838700,4867200,9095802,7057400,17681000,164572000,19061500,1831400,9284500,13033500,4878300,5491800,1758500,5627500,2457900,29130200,42268800,50852400,7034700,19278600
2021-04-28,92.7925033569336,84.0199966430664,200.81370544433594,633.7753295898438,41.54572677612305,35.45180130004883,54.01068878173828,60.89989471435547,44.03544616699219,84.66741180419922,18.6754093170166,58.59182357788086,308.71124267578125,52.40611267089844,140.66058349609375,134.1607208251953,171.47177124023438,48.773746490478516,62.847896575927734,70.12570190429688,83.90396118164062,15.238341331481934,29.743459701538086,154.394775390625,122.42408752441406,24.54751205444336,138.0725555419922,110.1383285522461,362.184814453125,47.46868133544922,62.048213958740234,39.87886047363281,20.82477569580078,32.94097900390625,112.72776794433594,47.65715789794922,111.93000030517578,84.0199966430664,236.7100067138672,665.3400268554688,45.91999816894531,40.029998779296875,66.02999877929688,72.91000366210938,53.040000915527344,105.22000122070312,24.030000686645508,74.9800033569336,348.1099853515625,57.619998931884766,161.97999572753906,152.22999572753906,180.5500030517578,55.439998626708984,73.55915832519531,82.7300033569336,86.02999877929688,15.276749610900879,38.810001373291016,185.25999450683594,136.57000732421875,27.360000610351562,143.77667236328125,119.66000366210938,394.5899963378906,58.970001220703125,74.12000274658203,45.08000183105469,25.05500030517578,35.939998626708984,122.18000030517578,58.11000061035156,112.56999969482422,89.19999694824219,243.97000122070312,670.8599853515625,46.59700012207031,40.220001220703125,66.38999938964844,73.63999938964844,53.349998474121094,105.86000061035156,24.200000762939453,75.44000244140625,350.1199951171875,58.15999984741211,163.1999969482422,152.88999938964844,182.0,55.7400016784668,74.45610809326172,82.94999694824219,87.76000213623047,15.53225040435791,38.939998626708984,186.1300048828125,138.27000427246094,27.489999771118164,145.25332641601562,120.41999816894531,396.989990234375,59.189998626708984,74.37999725341797,45.66999816894531,25.149999618530273,36.040000915527344,122.48999786376953,58.459999084472656,111.31999969482422,83.91999816894531,233.75999450683594,661.280029296875,45.60499954223633,39.880001068115234,65.75,72.7300033569336,51.66999816894531,103.37000274658203,22.469999313354492,72.22000122070312,346.0899963378906,57.150001525878906,161.64999389648438,151.39999389648438,178.5800018310547,54.369998931884766,73.3396987915039,82.06999969482422,85.3499984741211,15.215499877929688,38.52000045776367,183.9499969482422,135.75,26.15999984741211,143.61000061035156,118.7300033569336,393.29998779296875,58.470001220703125,72.19000244140625,44.93000030517578,24.3799991607666,35.83000183105469,121.95999908447266,56.790000915527344,111.68000030517578,88.8499984741211,241.52000427246094,664.4500122070312,46.5369987487793,39.93000030517578,66.0999984741211,73.37000274658203,51.70000076293945,103.54000091552734,22.639999389648438,72.22000122070312,348.0,57.52000045776367,162.86000061035156,152.42999267578125,181.4499969482422,54.40999984741211,74.05534362792969,82.4000015258789,87.66000366210938,15.364500045776367,38.540000915527344,184.02000427246094,138.1699981689453,26.3700008392334,145.18333435058594,120.0,395.17999267578125,58.5,72.19000244140625,45.150001525878906,24.399999618530273,35.939998626708984,122.3499984741211,56.90999984741211,5116000,108920300,7550800,571300,15940000,34084400,7645600,14420400,8897100,8718400,15830700,4677600,2140900,30387400,7448000,8943700,4682800,5896000,11628398,7228200,19433500,209416000,21963300,1612600,13118100,10643900,2356200,6476500,1886500,5281900,3892000,20795100,65874000,35771700,6788100,24729800
2021-04-29,91.93030548095703,83.91000366210938,199.11703491210938,631.0509643554688,42.18718719482422,36.40827941894531,51.4422607421875,61.67668914794922,44.11015701293945,86.01924896240234,18.706493377685547,59.33418655395508,313.0212097167969,53.00639724731445,142.58839416503906,136.7694091796875,173.03884887695312,49.30160140991211,60.067901611328125,71.1982650756836,85.88375854492188,15.286221504211426,29.58251953125,157.65333557128906,127.90121459960938,24.960222244262695,138.96890258789062,109.62287139892578,368.57330322265625,48.321937561035156,62.66767883300781,40.905029296875,21.057504653930664,33.52756881713867,112.27568817138672,48.33785629272461,110.88999938964844,83.91000366210938,234.7100067138672,662.47998046875,46.62900161743164,41.11000061035156,62.88999938964844,73.83999633789062,53.130001068115234,106.9000015258789,24.06999969482422,75.93000030517578,352.9700012207031,58.279998779296875,164.1999969482422,155.19000244140625,182.1999969482422,56.040000915527344,70.30534362792969,83.63999938964844,88.05999755859375,15.324749946594238,38.599998474121094,189.1699981689453,142.67999267578125,27.81999969482422,144.7100067138672,119.0999984741211,401.54998779296875,60.029998779296875,74.86000061035156,46.2400016784668,25.334999084472656,36.58000183105469,121.69000244140625,58.939998626708984,112.61000061035156,85.2699966430664,236.0,666.6300048828125,46.96900177001953,41.130001068115234,65.26000213623047,74.0199966430664,54.5,107.6500015258789,24.850000381469727,77.05000305175781,353.8299865722656,58.29999923706055,164.25999450683594,155.27999877929688,182.6300048828125,57.25,72.27098846435547,83.79000091552734,88.08999633789062,15.43649959564209,39.0,189.42999267578125,145.3000030517578,28.09000015258789,145.9066619873047,120.83000183105469,402.1600036621094,60.130001068115234,75.86000061035156,46.38999938964844,25.645000457763672,36.61000061035156,122.33999633789062,59.47999954223633,110.33000183105469,82.62999725341797,231.02999877929688,654.0599975585938,45.90299987792969,40.459999084472656,62.40999984741211,72.87999725341797,52.849998474121094,105.75,23.700000762939453,74.93000030517578,347.4800109863281,57.470001220703125,161.80999755859375,153.1999969482422,180.0,55.650001525878906,69.51335906982422,82.12999725341797,85.55000305175781,15.071499824523926,38.310001373291016,187.08999633789062,140.6699981689453,27.270000457763672,142.61000061035156,117.61000061035156,396.29998779296875,59.279998779296875,74.19000244140625,45.52000045776367,25.024999618530273,36.189998626708984,121.02999877929688,58.150001525878906,112.37999725341797,84.69999694824219,235.07000732421875,666.2899780273438,46.96900177001953,40.54999923706055,65.0,73.76000213623047,54.0,106.41999816894531,24.399999618530273,76.4000015258789,350.54998779296875,57.880001068115234,161.89999389648438,153.5399932861328,181.05999755859375,56.310001373291016,72.04198455810547,83.19999694824219,87.72000122070312,15.399999618530273,38.9900016784668,187.49000549316406,145.00999450683594,27.719999313354492,145.82000732421875,120.72000122070312,396.75,59.38999938964844,75.19999694824219,45.619998931884766,25.415000915527344,36.220001220703125,122.30999755859375,58.91999816894531,6766700,51294500,4053400,504300,14650000,44008700,21473300,20628400,9446900,9740300,11528000,2863400,2584400,23290600,6394300,12976900,2432500,5505400,30602753,9974800,16463300,173196000,23569400,1322900,20502100,13827900,3237000,8831800,1996500,6111800,3792000,26880700,66042400,48573000,8148900,27318400
2021-04-30,92.43602752685547,81.62000274658203,203.2994384765625,617.3533325195312,41.27430725097656,35.89460372924805,51.05780029296875,59.91883850097656,42.458003997802734,82.93736267089844,18.170244216918945,57.54470443725586,309.0127868652344,52.32426834106445,141.31187438964844,135.55320739746094,173.58021545410156,48.9585075378418,60.73638916015625,70.2704086303711,83.94296264648438,14.97176456451416,29.620847702026367,155.80320739746094,124.4231185913086,24.26937484741211,135.09555053710938,107.45067596435547,366.0491027832031,47.774559020996094,61.91426086425781,39.852325439453125,20.525558471679688,33.2342643737793,111.94351196289062,46.94366455078125,111.5,81.62000274658203,239.63999938964844,648.0999755859375,45.619998931884766,40.529998779296875,62.41999816894531,71.23999786376953,51.13999938964844,103.06999969482422,23.3799991607666,73.63999938964844,348.45001220703125,57.529998779296875,162.72999572753906,153.80999755859375,182.77000427246094,55.650001525878906,71.08778381347656,82.55000305175781,86.06999969482422,15.009499549865723,38.650001525878906,186.9499969482422,138.8000030517578,27.049999237060547,140.67666625976562,116.73999786376953,398.79998779296875,59.349998474121094,73.95999908447266,45.04999923706055,24.69499969482422,36.2599983215332,121.33000183105469,57.2400016784668,112.30999755859375,84.0999984741211,240.66000366210938,661.0499877929688,46.073001861572266,40.900001525878906,62.77000045776367,72.73999786376953,53.0099983215332,105.38999938964844,24.209999084472656,76.2300033569336,352.82000732421875,58.43000030517578,164.3300018310547,154.49000549316406,183.9499969482422,57.099998474121094,71.64122009277344,83.27999877929688,88.4800033569336,15.364999771118164,38.900001525878906,189.1199951171875,142.08999633789062,27.809999465942383,143.42666625976562,118.18000030517578,401.8599853515625,59.869998931884766,75.83000183105469,46.02000045776367,25.31999969482422,36.5099983215332,121.91999816894531,58.88999938964844,110.11000061035156,81.41999816894531,234.1999969482422,645.7000122070312,45.38399887084961,40.470001220703125,61.5099983215332,71.08999633789062,50.970001220703125,102.97000122070312,23.329999923706055,73.5199966430664,347.20001220703125,57.06999969482422,162.52000427246094,153.00999450683594,181.19000244140625,55.15999984741211,70.114501953125,82.2300033569336,85.55999755859375,14.996999740600586,38.4900016784668,186.75,138.25999450683594,26.959999084472656,140.336669921875,116.6500015258789,398.3500061035156,59.08000183105469,73.23999786376953,44.86000061035156,24.639999389648438,36.20000076293945,121.11000061035156,57.15999984741211,111.47000122070312,82.97000122070312,234.27000427246094,654.27001953125,45.97100067138672,40.84000015258789,62.0,72.69000244140625,52.18000030517578,104.9800033569336,23.610000610351562,74.43000030517578,351.1199951171875,57.61000061035156,164.14999389648438,154.10000610351562,181.83999633789062,55.38999938964844,70.20992279052734,82.88999938964844,86.93000030517578,15.174500465393066,38.5,187.94000244140625,141.07000732421875,27.479999542236328,142.586669921875,118.01000213623047,401.0,59.560001373291016,73.86000061035156,45.79999923706055,24.975000381469727,36.380001068115234,121.20999908447266,58.33000183105469,10575400,46601900,3420900,575200,19367000,39203400,17026200,23669300,9448200,13730000,8597700,2467600,2101100,30731800,9079100,11705100,3103900,4773000,18052114,9298600,14548100,201912000,28413200,1347100,11374600,13237300,3900000,7950700,2328100,6581800,3160600,34176500,58519000,43940900,7153400,30518400
2021-05-03,95.07230377197266,78.55000305175781,208.16897583007812,625.186767578125,40.72603988647461,35.92117691040039,51.92486572265625,60.314125061035156,43.78636932373047,84.9168472290039,18.356767654418945,59.36545181274414,310.5292663574219,52.07869338989258,143.4654541015625,135.1566162109375,176.57177734375,50.28694152832031,61.9429817199707,70.19378662109375,82.91891479492188,14.79944896697998,30.525184631347656,156.7782745361328,123.19500732421875,25.31910514831543,133.69024658203125,106.71432495117188,372.5660705566406,47.726261138916016,65.4218521118164,40.23270797729492,21.090747833251953,33.39924621582031,113.21676635742188,48.23944854736328,114.68000030517578,78.55000305175781,245.3800048828125,654.4299926757812,45.013999938964844,40.560001373291016,63.47999954223633,71.70999908447266,52.7400016784668,105.52999877929688,23.6200008392334,75.97000122070312,350.1600036621094,57.2599983215332,165.2100067138672,153.36000061035156,185.9199981689453,57.15999984741211,72.5,82.45999908447266,85.0199966430664,14.836750030517578,39.83000183105469,188.1199951171875,137.42999267578125,28.219999313354492,139.2133331298828,115.94000244140625,405.8999938964844,59.290000915527344,78.1500015258789,45.47999954223633,25.375,36.439998626708984,122.70999908447266,58.81999969482422,115.0999984741211,82.0,247.02000427246094,658.0800170898438,45.98400115966797,41.04999923706055,63.59000015258789,72.44000244140625,52.93000030517578,105.72000122070312,23.809999465942383,76.0199966430664,354.05999755859375,57.880001068115234,165.32000732421875,155.47999572753906,186.35000610351562,57.68000030517578,72.53816986083984,83.48999786376953,87.01000213623047,15.246749877929688,39.84000015258789,189.25999450683594,139.75999450683594,28.5,141.82333374023438,117.55000305175781,406.7699890136719,60.040000915527344,78.47000122070312,45.650001525878906,25.440000534057617,36.63999938964844,122.83999633789062,58.9900016784668,111.58999633789062,78.45999908447266,240.5500030517578,647.7100219726562,44.827999114990234,40.41999816894531,62.650001525878906,71.38999938964844,51.560001373291016,103.22000122070312,23.15999984741211,74.1500015258789,349.260009765625,56.84000015258789,163.1199951171875,153.1300048828125,182.9199981689453,56.15999984741211,70.82061004638672,82.30000305175781,83.87000274658203,14.787500381469727,38.959999084472656,186.72000122070312,136.8699951171875,27.479999542236328,138.43666076660156,115.7300033569336,400.5299987792969,59.22999954223633,75.3499984741211,45.06999969482422,24.899999618530273,36.29999923706055,121.81999969482422,57.7400016784668,112.4000015258789,81.97000122070312,240.6699981689453,657.7100219726562,45.974998474121094,40.869998931884766,62.70000076293945,72.0199966430664,51.91999816894531,103.9800033569336,23.690000534057617,74.62000274658203,350.3399963378906,57.86000061035156,163.60000610351562,154.85000610351562,182.99000549316406,56.52000045776367,70.85877990722656,83.11000061035156,86.97000122070312,15.125,39.040000915527344,188.6699981689453,139.6999969482422,27.530000686645508,141.67666625976562,117.47000122070312,401.0,59.630001068115234,75.5199966430664,45.45000076293945,24.979999542236328,36.56999969482422,121.98999786376953,57.97999954223633,9138200,66323300,3587700,672000,15098000,41940500,10740400,16026100,9325100,7938100,10247500,3324600,1871700,22281700,6594100,11801100,3197000,7066600,12543302,6759000,16300400,203912000,46638600,1248700,7920300,12395600,3222900,10229500,2568500,4870200,4577900,16522700,45740000,33317300,13179100,20509600
2021-05-04,94.42567443847656,78.61000061035156,209.84869384765625,600.8931274414062,40.219383239746094,36.31085968017578,52.30930709838867,60.83561706542969,43.64522933959961,85.38355255126953,18.224645614624023,58.61527633666992,310.2455139160156,51.75127410888672,145.6885223388672,137.02496337890625,178.73715209960938,50.41010284423828,61.95111083984375,70.34701538085938,82.3239974975586,14.315169334411621,30.617149353027344,161.1119384765625,120.22784423828125,25.471628189086914,131.4366912841797,106.18047332763672,377.55926513671875,48.78075408935547,65.43021392822266,40.462711334228516,21.103214263916016,33.665061950683594,113.33671569824219,48.54288864135742,113.9000015258789,78.61000061035156,247.36000061035156,629.0,44.45399856567383,41.0,63.95000076293945,72.33000183105469,52.56999969482422,106.11000061035156,23.450000762939453,75.01000213623047,349.8399963378906,56.900001525878906,167.77000427246094,155.47999572753906,188.1999969482422,57.29999923706055,72.5095443725586,82.63999938964844,84.41000366210938,14.351249694824219,39.95000076293945,193.32000732421875,134.1199951171875,28.389999389648438,136.86666870117188,115.36000061035156,411.3399963378906,60.599998474121094,78.16000366210938,45.7400016784668,25.389999389648438,36.72999954223633,122.83999633789062,59.189998626708984,115.94000244140625,78.66999816894531,247.5800018310547,639.22998046875,44.77000045776367,41.08000183105469,64.20999908447266,72.4000015258789,53.029998779296875,106.51000213623047,24.09000015258789,76.69000244140625,351.7799987792969,56.97999954223633,167.85000610351562,155.63999938964844,190.0800018310547,58.220001220703125,72.96755981445312,82.83000183105469,85.44000244140625,14.637499809265137,40.16999816894531,193.66000366210938,136.0,28.68000030517578,137.45333862304688,115.81999969482422,412.4700012207031,60.65999984741211,79.22000122070312,45.84000015258789,25.614999771118164,36.72999954223633,122.93000030517578,59.5,113.05000305175781,77.04000091552734,242.8699951171875,615.9099731445312,43.73099899291992,39.779998779296875,63.34000015258789,70.62999725341797,51.63999938964844,104.8499984741211,23.020000457763672,74.72000122070312,342.57000732421875,55.810001373291016,164.6699981689453,152.13999938964844,186.77999877929688,55.380001068115234,72.07061004638672,80.75,82.02999877929688,14.010250091552734,39.43000030517578,186.0800018310547,132.4199981689453,27.829999923706055,134.336669921875,113.73999786376953,403.5,58.81999969482422,76.72000122070312,44.66999816894531,25.100000381469727,36.040000915527344,122.0,58.5099983215332,114.62000274658203,77.94999694824219,247.27000427246094,635.6699829101562,44.72200012207031,40.2400016784668,63.380001068115234,71.23999786376953,51.72999954223633,105.95999908447266,23.739999771118164,76.1500015258789,348.8999938964844,56.880001068115234,164.8300018310547,152.8699951171875,187.52999877929688,56.0,72.59542083740234,82.08999633789062,84.13999938964844,14.637249946594238,40.0,186.9600067138672,136.0,28.239999771118164,137.39999389648438,115.0,405.4800109863281,59.0,78.19999694824219,45.2599983215332,25.424999237060547,36.279998779296875,122.52999877929688,59.0,8151400,59194300,3555900,1505800,23497000,53880000,10563200,23071400,12834300,8704300,10921300,4649200,2831400,35323600,10179500,12977700,3703500,7081500,10418587,8802700,17850500,405324000,52802200,2734400,11996300,15195400,6061800,9638300,3237200,7908000,3802600,26137600,53917600,66939700,16186300,23522200
2021-05-05,95.98422241210938,77.83000183105469,211.5369873046875,613.1976318359375,40.15514373779297,36.656253814697266,52.906429290771484,61.996315002441406,46.02798843383789,87.67688751220703,19.608013153076172,59.9437141418457,317.1449890136719,51.70579528808594,145.08065795898438,138.82286071777344,183.11537170410156,52.231201171875,63.34520721435547,71.93883514404297,83.04570770263672,14.422150611877441,30.632474899291992,162.18699645996094,120.70295715332031,27.22117805480957,132.2593994140625,106.19889068603516,378.6239929199219,48.611724853515625,67.0207748413086,40.63964080810547,21.78476905822754,33.94001388549805,113.53968811035156,50.002708435058594,115.77999877929688,77.83000183105469,249.35000610351562,641.8800048828125,44.382999420166016,41.38999938964844,64.68000030517578,73.70999908447266,55.439998626708984,108.95999908447266,25.229999542236328,76.70999908447266,357.6199951171875,56.849998474121094,167.07000732421875,157.52000427246094,192.80999755859375,59.369998931884766,74.14122009277344,84.51000213623047,85.1500015258789,14.458499908447266,39.970001220703125,194.61000061035156,134.64999389648438,30.34000015258789,137.72332763671875,115.37999725341797,412.5,60.38999938964844,80.05999755859375,45.939998626708984,26.209999084472656,37.029998779296875,123.05999755859375,60.970001220703125,116.27999877929688,79.30000305175781,249.97999572753906,651.97998046875,45.14400100708008,41.560001373291016,64.8499984741211,73.80999755859375,55.66999816894531,109.54000091552734,25.649999618530273,78.16000366210938,359.1400146484375,57.29999923706055,168.39999389648438,158.27999877929688,193.57000732421875,59.38999938964844,74.16984558105469,84.83999633789062,85.94999694824219,14.81350040435791,41.09000015258789,196.5,136.4499969482422,30.350000381469727,139.42666625976562,116.48999786376953,412.75,60.97999954223633,80.25,46.20000076293945,26.290000915527344,37.16999816894531,123.44000244140625,61.04999923706055,113.94999694824219,77.36000061035156,245.91000366210938,635.8200073242188,44.23699951171875,40.7599983215332,63.86000061035156,71.77999877929688,53.220001220703125,106.81999969482422,23.670000076293945,75.5,348.54998779296875,56.459999084472656,166.7899932861328,154.6300048828125,188.1699981689453,57.20000076293945,72.27098846435547,82.23999786376953,84.02999877929688,14.387499809265137,38.93000030517578,191.44000244140625,134.11000061035156,28.56999969482422,136.69000244140625,114.8499984741211,406.79998779296875,59.93000030517578,77.52999877929688,45.470001220703125,25.704999923706055,36.84000015258789,122.80999755859375,59.400001525878906,114.30999755859375,79.05000305175781,246.2899932861328,642.0,45.04100036621094,41.20000076293945,63.900001525878906,72.61000061035156,54.349998474121094,107.08999633789062,24.040000915527344,76.48999786376953,352.0,56.959999084472656,167.5,156.0,188.64999389648438,57.95000076293945,72.614501953125,82.91000366210938,85.48999786376953,14.708999633789062,40.18000030517578,193.66000366210938,136.0800018310547,28.770000457763672,138.5833282470703,116.0,410.5,60.58000183105469,78.6500015258789,45.93000030517578,25.704999923706055,36.84000015258789,123.01000213623047,59.77000045776367,7021400,42310200,2765100,948200,16388000,37471100,12772600,19427200,12715300,12872400,22502600,7966700,2786800,21001900,7792300,10506700,4274400,8732000,16795143,9424400,13172100,292024000,76627500,1861400,6285500,22805400,4808700,7059000,2767600,6789200,4558000,19620200,79621200,38954200,16713700,31526200
2021-05-06,96.23294830322266,77.88999938964844,213.19122314453125,615.5477905273438,40.584896087646484,37.20534133911133,52.726478576660156,62.89627456665039,46.243858337402344,87.72514343261719,19.639097213745117,60.15468978881836,324.54986572265625,52.33540344238281,145.6624298095703,141.6165771484375,184.14102172851562,52.31038284301758,63.410430908203125,73.91372680664062,82.70436096191406,14.48648738861084,30.330636978149414,165.16220092773438,121.91314697265625,27.571088790893555,133.34454345703125,107.68997192382812,380.8912048339844,49.45692825317383,67.35560607910156,41.340023040771484,21.8969783782959,34.44412612915039,113.68731689453125,50.47837829589844,116.08000183105469,77.88999938964844,251.3000030517578,644.3400268554688,44.858001708984375,42.0099983215332,64.45999908447266,74.77999877929688,55.70000076293945,109.0199966430664,25.270000457763672,76.9800033569336,365.9700012207031,57.189998626708984,167.74000549316406,160.69000244140625,193.88999938964844,59.459999084472656,74.21755981445312,86.83000183105469,84.80000305175781,14.52299976348877,39.189998626708984,198.17999267578125,136.0,30.729999542236328,138.85333251953125,117.0,414.9700012207031,61.439998626708984,80.45999908447266,46.630001068115234,26.344999313354492,37.58000183105469,123.22000122070312,61.54999923706055,116.18000030517578,78.05999755859375,251.47999572753906,644.6400146484375,44.909000396728516,42.060001373291016,64.72000122070312,74.94000244140625,55.720001220703125,109.12999725341797,25.299999237060547,77.20999908447266,366.29998779296875,57.25,167.88999938964844,160.82000732421875,194.10000610351562,60.04999923706055,74.29389190673828,86.91000366210938,85.12000274658203,14.571249961853027,39.22999954223633,198.27999877929688,136.5399932861328,30.770000457763672,138.8866729736328,117.63999938964844,416.8500061035156,61.47999954223633,80.58000183105469,46.689998626708984,26.344999313354492,37.59000015258789,123.2300033569336,61.63999938964844,114.16000366210938,76.47000122070312,246.9600067138672,629.9299926757812,43.98400115966797,41.2400016784668,64.05000305175781,73.41999816894531,53.689998626708984,107.41999816894531,24.43000030517578,74.66999816894531,356.5,56.25,166.24000549316406,157.16000366210938,189.32000732421875,58.849998474121094,73.17748260498047,84.4000015258789,83.27999877929688,14.218000411987305,37.959999084472656,193.1300048828125,133.10000610351562,29.6200008392334,135.90333557128906,114.45999908447266,412.55999755859375,60.349998474121094,78.76000213623047,45.70000076293945,25.719999313354492,36.959999084472656,121.7300033569336,60.029998779296875,115.0,77.62999725341797,249.27999877929688,638.3300170898438,44.380001068115234,41.47999954223633,64.5999984741211,73.63999938964844,55.5,108.94999694824219,25.139999389648438,76.7300033569336,359.7699890136719,56.619998931884766,166.7899932861328,158.07000732421875,191.5500030517578,59.5,73.89312744140625,84.93000030517578,84.87000274658203,14.49524974822998,38.47999954223633,196.3699951171875,134.49000549316406,30.229999542236328,137.46665954589844,115.30000305175781,413.0,60.75,80.41000366210938,46.11000061035156,26.204999923706055,37.18000030517578,122.36000061035156,60.86000061035156,5803800,38661300,2790800,618200,13495000,39044400,11097800,19621800,9648200,9654900,11220900,4740500,3048700,25529300,5529900,13542400,3101600,7405500,12871641,11887900,13716900,193380000,54944900,1642700,8352500,15034800,3656400,8581700,3058700,5512900,2787500,34271500,58710400,43332900,16115000,26836800
2021-05-07,95.95935821533203,78.80999755859375,215.6599578857422,629.141845703125,40.94679641723633,37.355899810791016,52.71010971069336,63.14860916137695,47.406185150146484,88.52982330322266,20.377408981323242,64.93706512451172,328.91302490234375,52.77465057373047,146.3224639892578,142.1012725830078,185.59410095214844,52.78544998168945,63.924041748046875,74.6543197631836,83.85517883300781,14.775009155273438,30.632474899291992,165.77061462402344,123.57151794433594,28.61184310913086,135.17555236816406,107.53350830078125,383.3511047363281,49.400577545166016,67.38074493408203,41.26023483276367,22.28762435913086,34.62743377685547,114.4715576171875,51.2000732421875,115.75,78.80999755859375,254.2100067138672,658.5700073242188,45.257999420166016,42.18000030517578,64.44000244140625,75.08000183105469,57.099998474121094,110.0199966430664,26.219999313354492,83.0999984741211,370.8900146484375,57.66999816894531,168.5,161.24000549316406,195.4199981689453,60.0,74.8187026977539,87.69999694824219,85.9800033569336,14.812250137329102,39.58000183105469,198.91000366210938,137.85000610351562,31.889999389648438,140.75999450683594,116.83000183105469,417.6499938964844,61.369998931884766,80.48999786376953,46.540000915527344,26.815000534057617,37.779998779296875,124.06999969482422,62.43000030517578,116.93000030517578,79.56999969482422,255.72999572753906,661.2899780273438,45.8380012512207,42.25,65.38999938964844,75.11000061035156,57.34000015258789,110.66999816894531,26.579999923706055,83.27999877929688,371.6499938964844,58.0099983215332,169.17999267578125,161.5,196.27000427246094,60.22999954223633,75.0572509765625,88.04000091552734,86.31999969482422,14.970749855041504,39.869998931884766,199.19000244140625,138.69000244140625,32.0,141.72000122070312,119.41999816894531,419.0199890136719,61.40999984741211,81.12000274658203,46.619998931884766,26.860000610351562,37.790000915527344,124.72000122070312,62.470001220703125,114.95999908447266,78.22000122070312,251.77999877929688,647.7100219726562,44.91999816894531,41.11000061035156,64.19000244140625,73.22000122070312,54.81999969482422,107.69999694824219,24.709999084472656,76.80000305175781,360.92999267578125,57.2400016784668,167.8300018310547,157.02000427246094,193.89999389648438,58.68000030517578,74.32251739501953,85.33999633789062,84.98999786376953,14.67175006866455,39.04999923706055,193.94000244140625,136.2899932861328,30.190000534057617,139.60333251953125,116.05000305175781,414.07000732421875,60.18000030517578,79.08999633789062,45.54999923706055,25.979999542236328,37.060001373291016,123.45999908447266,60.849998474121094,116.37999725341797,78.75,251.77999877929688,651.780029296875,45.45899963378906,41.130001068115234,64.69999694824219,73.43000030517578,55.06999969482422,108.08999633789062,24.860000610351562,77.33000183105469,362.29998779296875,57.70000076293945,168.3000030517578,157.22000122070312,194.82000732421875,59.0,74.43701934814453,85.4800033569336,85.91000366210938,14.808250427246094,39.04999923706055,194.27000427246094,136.94000244140625,30.290000915527344,140.26666259765625,118.4000015258789,415.0,60.33000183105469,79.2699966430664,45.93000030517578,26.075000762939453,37.150001525878906,123.51000213623047,61.06999969482422,6808200,36954200,2512700,573700,11712000,39249200,7847000,16937400,9645500,10273000,13226800,7297400,3378100,19959000,5316200,14257800,2526700,8178200,12237496,9947600,12746100,229328000,33807800,1194000,6893700,16483400,2871600,9614300,1851000,6158800,3186800,25140400,63196200,64616700,7576700,33610600
2021-05-10,96.3489990234375,75.98999786376953,214.31106567382812,599.23095703125,39.455780029296875,37.240760803222656,52.922794342041016,63.19065856933594,47.32316589355469,88.167724609375,20.214202880859375,66.07015228271484,326.9532470703125,51.21895980834961,147.8594970703125,142.08364868164062,184.96728515625,52.618289947509766,63.7283821105957,73.6072998046875,78.8519515991211,14.22988510131836,30.849178314208984,165.47891235351562,115.58441162109375,28.378572463989258,129.1639404296875,103.37317657470703,386.3249816894531,49.239593505859375,66.66914367675781,41.31341552734375,22.295936584472656,34.599945068359375,114.61919403076172,51.323097229003906,116.22000122070312,75.98999786376953,252.6199951171875,627.260009765625,43.61000061035156,42.04999923706055,64.69999694824219,75.12999725341797,57.0,109.56999969482422,26.010000228881836,84.55000305175781,368.67999267578125,55.970001220703125,170.27000427246094,161.22000122070312,194.75999450683594,59.810001373291016,74.5896987915039,86.47000122070312,80.8499984741211,14.26574993133545,39.86000061035156,198.55999755859375,128.94000244140625,31.6299991607666,134.5,112.30999755859375,420.8900146484375,61.16999816894531,79.63999938964844,46.599998474121094,26.825000762939453,37.75,124.2300033569336,62.58000183105469,117.19999694824219,78.30000305175781,258.80999755859375,648.6400146484375,44.85300064086914,42.939998626708984,65.29000091552734,76.83999633789062,59.34000015258789,113.11000061035156,27.31999969482422,86.5999984741211,376.9800109863281,57.22999954223633,171.52999877929688,163.72999572753906,196.61000061035156,61.11000061035156,75.55343627929688,88.87999725341797,85.0,14.805999755859375,40.279998779296875,203.8800048828125,136.67999267578125,32.869998931884766,139.52999877929688,115.37999725341797,425.9800109863281,62.27000045776367,81.81999969482422,47.349998474121094,27.56999969482422,38.2599983215332,125.19000244140625,64.0199966430664,115.97000122070312,75.91999816894531,252.05999755859375,626.52001953125,43.57699966430664,42.029998779296875,64.58999633789062,75.11000061035156,56.959999084472656,109.5199966430664,25.989999771118164,83.68000030517578,368.5,55.880001068115234,169.22999572753906,161.1199951171875,193.5,59.63999938964844,74.58015441894531,86.43000030517578,80.80000305175781,14.25,39.779998779296875,198.42999267578125,128.82000732421875,31.610000610351562,134.26333618164062,112.2300033569336,418.2200012207031,61.099998474121094,79.5999984741211,46.59000015258789,26.80500030517578,37.720001220703125,124.18000030517578,62.529998779296875,116.37999725341797,78.19999694824219,256.0,648.2999877929688,44.8380012512207,42.5,64.63999938964844,75.36000061035156,58.209999084472656,111.44000244140625,26.450000762939453,84.72000122070312,373.5,57.150001525878906,169.89999389648438,161.5,196.1699981689453,60.52000045776367,75.20992279052734,88.06999969482422,84.94999694824219,14.787249565124512,39.83000183105469,203.00999450683594,136.02000427246094,32.220001220703125,139.52999877929688,114.9800033569336,419.2699890136719,61.79999923706055,81.08999633789062,46.84000015258789,27.149999618530273,37.97999954223633,124.5199966430664,63.2400016784668,7093300,45134500,4079900,882700,25239000,41271500,10312300,19628200,8801700,13586500,13095300,5567800,3396300,35046500,8357500,14014300,2242000,6884600,10939758,9344500,24862900,268904000,30831900,2007800,19537200,16905900,6354600,12281200,2489300,7013500,4286200,28193100,68998000,56341100,8846700,31956600
2021-05-11,95.24638366699219,76.83000183105469,214.03961181640625,602.4789428710938,39.81496810913086,36.81565856933594,52.5628776550293,62.97197341918945,46.26045608520508,85.85831451416016,20.004369735717773,64.18688201904297,319.1846008300781,50.367897033691406,146.65243530273438,139.72177124023438,184.95782470703125,51.58898162841797,63.14955520629883,72.28785705566406,78.68616485595703,14.270281791687012,30.45447540283203,161.71197509765625,115.07344818115234,28.046611785888672,129.33677673339844,103.87020111083984,377.8897399902344,48.41852951049805,65.03677368164062,40.53325271606445,21.722429275512695,33.98585510253906,113.38285064697266,49.691062927246094,114.88999938964844,76.83000183105469,252.3000030517578,630.6599731445312,44.00699996948242,41.56999969482422,64.26000213623047,74.87000274658203,55.720001220703125,106.69999694824219,25.739999771118164,82.13999938964844,359.9200134277344,55.040000915527344,168.8800048828125,158.5399932861328,194.75,58.63999938964844,73.91221618652344,84.91999816894531,80.68000030517578,14.306249618530273,39.349998474121094,194.0399932861328,128.3699951171875,31.260000228881836,134.67999267578125,112.8499984741211,411.70001220703125,60.150001525878906,77.69000244140625,45.720001220703125,26.135000228881836,37.08000183105469,122.88999938964844,60.59000015258789,116.56999969482422,76.93000030517578,255.9600067138672,633.6599731445312,44.17599868774414,42.34000015258789,64.9000015258789,75.56999969482422,56.720001220703125,109.58000183105469,25.889999389648438,82.9800033569336,368.6300048828125,55.630001068115234,170.8699951171875,162.38999938964844,195.75,59.459999084472656,75.0572509765625,85.94000244140625,80.76000213623047,14.35474967956543,40.06999969482422,200.47000122070312,128.55999755859375,31.56999969482422,135.05332946777344,112.98999786376953,422.2900085449219,61.56999969482422,79.02999877929688,46.880001068115234,26.639999389648438,37.709999084472656,124.0999984741211,62.38999938964844,114.37999725341797,72.75,251.6199951171875,614.6099853515625,42.30500030517578,41.34000015258789,64.05000305175781,73.91000366210938,55.150001525878906,106.20999908447266,24.719999313354492,80.4800033569336,358.6199951171875,54.29999923706055,168.27999877929688,158.0399932861328,193.00999450683594,57.959999084472656,73.61640930175781,83.83999633789062,76.81999969482422,13.75,39.22999954223633,193.22000122070312,124.7699966430664,30.639999389648438,129.92999267578125,109.12999725341797,410.6099853515625,60.04999923706055,76.52999877929688,45.5099983215332,25.905000686645508,36.939998626708984,122.61000061035156,60.38999938964844,115.4800033569336,73.56999969482422,253.16000366210938,616.1199951171875,42.5,41.54999923706055,64.43000030517578,74.5,55.790000915527344,109.05999755859375,25.219999313354492,82.76000213623047,363.0,55.04999923706055,170.64999389648438,161.0800018310547,193.38999938964844,58.75,74.26526641845703,85.05999755859375,77.2699966430664,13.824999809265137,39.68000030517578,197.77999877929688,125.25,30.93000030517578,130.39666748046875,109.7300033569336,421.0,60.790000915527344,77.87999725341797,46.02000045776367,26.264999389648438,37.369998931884766,123.58000183105469,61.630001068115234,5784600,51008200,2307100,891200,17887000,42964700,9508800,21534800,9741400,12754800,10516800,4977900,3734300,35968100,8217900,15451700,1850200,5801400,12148102,10397800,23227800,285584000,30568600,2822300,11948000,18232800,6719400,10007700,3024000,6943500,3421300,31478500,113531800,82723700,11357800,34563800
2021-05-12,95.3044204711914,74.63999938964844,212.79254150390625,574.9850463867188,38.21446228027344,36.47027587890625,52.783729553222656,62.43366241455078,46.23555374145508,86.39745330810547,19.880022048950195,63.57735061645508,314.2893371582031,49.06842803955078,146.06192016601562,138.7611541748047,183.48573303222656,51.87929916381836,63.58979797363281,71.23231506347656,74.90206146240234,13.723909378051758,30.71761131286621,158.68675231933594,111.71188354492188,28.80025291442871,124.06778717041016,99.59943389892578,372.0795593261719,47.943603515625,66.94541931152344,40.46233367919922,21.82632827758789,33.6375617980957,112.31259155273438,49.95732116699219,114.95999908447266,74.63999938964844,250.8300018310547,601.8800048828125,42.237998962402344,41.18000030517578,64.52999877929688,74.2300033569336,55.689998626708984,107.37000274658203,25.579999923706055,81.36000061035156,354.3999938964844,53.619998931884766,168.1999969482422,157.4499969482422,193.1999969482422,58.970001220703125,74.42748260498047,83.68000030517578,76.80000305175781,13.758500099182129,39.689998626708984,190.41000366210938,124.62000274658203,32.099998474121094,129.19332885742188,108.20999908447266,405.3699951171875,59.560001373291016,79.97000122070312,45.63999938964844,26.260000228881836,36.70000076293945,121.7300033569336,60.040000915527344,116.0,76.12999725341797,253.72000122070312,619.7100219726562,43.08599853515625,42.560001373291016,65.2300033569336,76.4000015258789,57.709999084472656,110.1500015258789,27.020000457763672,84.19999694824219,368.1300048828125,54.650001525878906,169.8000030517578,160.77999877929688,195.64999389648438,60.52000045776367,74.9332046508789,86.19000244140625,79.97000122070312,14.260250091552734,39.91999816894531,197.30999755859375,127.12999725341797,32.63999938964844,132.64332580566406,110.08999633789062,410.8500061035156,61.290000915527344,82.47000122070312,47.15999984741211,27.03499984741211,37.5099983215332,122.83999633789062,61.68000030517578,114.44000244140625,74.16000366210938,249.67999267578125,600.260009765625,41.91400146484375,41.040000915527344,64.25,73.9000015258789,55.459999084472656,106.72000122070312,25.290000915527344,81.06999969482422,353.2699890136719,53.41999816894531,167.9499969482422,157.02999877929688,192.72999572753906,58.70000076293945,73.7595443725586,83.36000061035156,76.41000366210938,13.709250450134277,39.310001373291016,189.63999938964844,123.68000030517578,31.25,128.67333984375,108.05999755859375,404.67999267578125,59.459999084472656,77.80999755859375,45.47999954223633,26.139999389648438,36.54999923706055,121.61000061035156,59.75,114.8499984741211,75.08999633789062,251.41000366210938,615.0,42.92900085449219,42.380001068115234,64.43000030517578,75.94000244140625,56.11000061035156,107.0,25.850000381469727,83.23999786376953,363.07000732421875,54.38999938964844,168.5399932861328,159.61000061035156,194.75,58.70000076293945,74.15076446533203,85.4000015258789,79.13999938964844,14.009499549865723,39.439998626708984,196.80999755859375,126.02999877929688,31.350000381469727,131.8633270263672,109.3499984741211,409.2900085449219,61.04999923706055,78.20999908447266,46.83000183105469,26.270000457763672,37.369998931884766,122.2300033569336,60.0099983215332,6208300,42531400,2431900,1107700,29940000,47533000,10640900,19791300,7925100,11661900,14191000,4693900,3309800,30232300,6758300,14381700,2397400,7541600,13379711,12602200,23472600,303408000,26208600,2321000,13529600,23375400,7754100,15058900,2888100,9206700,5653600,33392900,82195600,97911900,10946500,34426500
2021-05-13,96.66403198242188,73.08999633789062,213.84446716308594,595.247314453125,38.95817184448242,37.05479049682617,53.20090103149414,63.32522964477539,45.38213348388672,85.84222412109375,19.234973907470703,62.18642807006836,318.2002258300781,49.425331115722656,147.5902862548828,142.33041381835938,185.95635986328125,51.71213912963867,64.15231323242188,72.23678588867188,75.28240966796875,13.63089370727539,31.034923553466797,163.353759765625,113.9439697265625,28.495208740234375,125.64911651611328,100.09644317626953,375.0075378417969,49.18324279785156,65.71485137939453,41.1361083984375,21.56035804748535,34.1783332824707,113.32748413085938,49.34158706665039,116.5999984741211,73.08999633789062,252.07000732421875,623.0900268554688,43.060001373291016,41.84000015258789,65.04000091552734,75.29000091552734,54.2400016784668,106.68000030517578,24.75,79.58000183105469,358.80999755859375,54.0099983215332,169.9600067138672,161.5,194.94000244140625,58.779998779296875,75.08587646484375,84.86000061035156,77.19000244140625,13.665249824523926,40.099998474121094,196.00999450683594,127.11000061035156,31.760000228881836,130.83999633789062,108.75,408.55999755859375,61.099998474121094,78.5,46.400001525878906,25.940000534057617,37.290000915527344,122.83000183105469,59.29999923706055,117.19999694824219,75.69999694824219,254.08999633789062,628.75,43.481998443603516,42.09000015258789,65.33999633789062,75.87999725341797,55.43000030517578,107.87000274658203,25.690000534057617,81.37000274658203,360.8900146484375,54.38999938964844,170.6999969482422,162.4499969482422,196.11000061035156,60.099998474121094,75.37213897705078,85.6500015258789,78.86000061035156,14.080750465393066,40.279998779296875,197.50999450683594,128.47999572753906,32.470001220703125,132.86666870117188,111.43000030517578,413.17999267578125,61.599998474121094,80.83000183105469,46.790000915527344,26.424999237060547,37.52000045776367,123.38999938964844,60.45000076293945,115.01000213623047,72.5,249.7899932861328,611.8099975585938,42.56399917602539,40.779998779296875,64.44000244140625,73.80000305175781,53.56999969482422,105.44000244140625,24.270000457763672,78.08000183105469,353.25,53.459999084472656,166.97000122070312,157.67999267578125,191.75,58.02000045776367,74.08396911621094,83.41000366210938,76.52999877929688,13.458999633789062,39.5,189.7100067138672,125.87000274658203,31.31999969482422,129.52999877929688,107.9000015258789,404.32000732421875,59.310001373291016,77.56999969482422,45.310001373291016,25.59000015258789,36.540000915527344,121.76000213623047,58.75,115.55000305175781,75.20999908447266,250.1699981689453,621.6400146484375,42.98899841308594,40.86000061035156,64.44000244140625,73.87999725341797,54.61000061035156,106.06999969482422,25.06999969482422,80.70999908447266,353.25,54.040000915527344,166.97000122070312,158.17999267578125,192.25,58.33000183105469,74.32251739501953,83.69000244140625,77.97000122070312,14.0337495803833,39.5,189.8000030517578,127.12000274658203,31.68000030517578,131.43333435058594,109.36000061035156,406.2799987792969,59.36000061035156,79.12999725341797,45.4900016784668,25.94499969482422,36.560001373291016,121.94999694824219,59.0,6558200,48646800,3275300,1436100,21841000,42026100,8611400,18622300,7581500,9706300,10783500,3427200,2673900,29192500,8018600,15395000,2174300,5491100,10830451,8639700,20153800,285404000,25415000,1302400,10633000,16385800,4862400,10552000,2637500,5329700,3693400,23553400,79698200,66882600,11228000,24268200
2021-05-14,96.52310180664062,74.58999633789062,214.7585906982422,618.8148803710938,39.955196380615234,37.515323638916016,53.07002639770508,64.3934097290039,47.28978729248047,88.0872573852539,20.501754760742188,64.5463638305664,327.0330505371094,50.65158462524414,147.81605529785156,144.54249572753906,187.16781616210938,52.8558235168457,63.826210021972656,74.35636901855469,77.7303695678711,14.207191467285156,30.973005294799805,166.1623077392578,116.66907501220703,29.437274932861328,129.5384521484375,103.51123809814453,376.14569091796875,49.835269927978516,68.84291076660156,41.63257598876953,22.229442596435547,34.719093322753906,113.89950561523438,50.56473922729492,116.43000030517578,74.58999633789062,251.3800048828125,647.760009765625,44.1619987487793,42.36000061035156,64.87999725341797,76.55999755859375,56.52000045776367,109.47000122070312,26.3799991607666,82.5999984741211,368.7699890136719,55.349998474121094,170.22000122070312,164.00999450683594,196.2100067138672,60.08000183105469,74.7042007446289,87.3499984741211,79.69999694824219,14.243000030517578,40.02000045776367,199.3800048828125,130.14999389648438,32.810001373291016,134.88999938964844,112.45999908447266,409.79998779296875,61.90999984741211,81.20999908447266,46.959999084472656,26.7450008392334,37.880001068115234,123.44999694824219,60.77000045776367,117.58999633789062,75.02999877929688,254.58999633789062,651.1400146484375,44.512001037597656,42.47999954223633,65.29000091552734,76.7699966430664,56.650001525878906,109.81999969482422,26.399999618530273,83.0199966430664,369.510009765625,55.849998474121094,171.61000061035156,164.4499969482422,197.27000427246094,61.95000076293945,75.52481079101562,87.58000183105469,80.1500015258789,14.32800006866455,40.31999969482422,199.91000366210938,131.4199981689453,32.97999954223633,136.11000061035156,112.83000183105469,412.5899963378906,62.09000015258789,81.27999877929688,47.11000061035156,26.844999313354492,37.97999954223633,123.86000061035156,60.880001068115234,116.37999725341797,72.72000122070312,251.14999389648438,625.4099731445312,43.20500183105469,41.91999816894531,64.61000061035156,75.66000366210938,55.029998779296875,107.80000305175781,25.239999771118164,80.54000091552734,361.70001220703125,54.2599983215332,170.1699981689453,161.99000549316406,194.9199981689453,55.97999954223633,74.63740539550781,85.61000061035156,77.08000183105469,13.748499870300293,39.91999816894531,196.25,127.80999755859375,32.189998626708984,131.4566650390625,110.23999786376953,408.5,61.2599983215332,78.30000305175781,46.470001220703125,26.225000381469727,37.459999084472656,123.13999938964844,59.93000030517578,117.36000061035156,74.0199966430664,252.88999938964844,630.1400146484375,43.638999938964844,42.060001373291016,65.19999694824219,75.68000030517578,55.040000915527344,107.80000305175781,25.239999771118164,80.55000305175781,362.0,54.599998474121094,171.47999572753906,162.38999938964844,195.7100067138672,59.459999084472656,75.43893432617188,85.61000061035156,78.79000091552734,13.890000343322754,40.2400016784668,196.42999267578125,128.6300048828125,32.2400016784668,132.74667358398438,110.61000061035156,410.989990234375,61.349998474121094,78.72000122070312,46.599998474121094,26.225000381469727,37.5,123.54000091552734,59.93000030517578,6268500,38355800,2286800,1331000,16964000,30932600,7555500,14122700,6419900,9124100,10102400,4042600,2732300,28158300,5797700,10584000,1823700,31341800,8273122,7755900,18241100,258616000,18041100,1071000,9391100,11637200,4663500,8425200,2072900,4087700,5325600,17078500,57183600,44850200,6590400,20735400
2021-05-17,96.9044418334961,74.6500015258789,215.61289978027344,606.95947265625,39.80319595336914,37.85185623168945,53.54444122314453,65.1167221069336,48.77908706665039,89.1655044555664,21.13126564025879,66.49992370605469,327.45867919921875,50.6332893371582,147.9636993408203,145.12420654296875,186.51919555664062,54.1226806640625,65.11431121826172,74.98631286621094,78.4033432006836,14.129887580871582,31.042661666870117,165.87062072753906,116.3553466796875,30.549802780151367,128.40846252441406,101.06291961669922,375.0717468261719,50.07675552368164,69.19048309326172,42.4659423828125,22.744762420654297,34.78325653076172,113.68731689453125,51.74626541137695,116.88999938964844,74.6500015258789,252.3800048828125,635.3499755859375,43.99399948120117,42.7400016784668,65.45999908447266,77.41999816894531,58.29999923706055,110.80999755859375,27.190000534057617,85.0999984741211,369.25,55.33000183105469,170.38999938964844,164.6699981689453,195.52999877929688,61.52000045776367,76.21183013916016,88.08999633789062,80.38999938964844,14.165499687194824,40.11000061035156,199.02999877929688,129.8000030517578,34.04999923706055,133.7133331298828,109.80000305175781,408.6300048828125,62.209999084472656,81.62000274658203,47.900001525878906,27.364999771118164,37.95000076293945,123.22000122070312,62.189998626708984,117.70999908447266,75.5199966430664,254.66000366210938,636.0800170898438,44.2140007019043,42.849998474121094,65.83999633789062,77.47000122070312,58.33000183105469,110.87999725341797,27.350000381469727,85.12999725341797,370.70001220703125,55.88999938964844,171.88999938964844,164.85000610351562,199.61000061035156,61.7599983215332,76.49809265136719,88.12000274658203,80.41999816894531,14.169249534606934,40.400001525878906,199.94000244140625,129.8300018310547,34.099998474121094,133.82666015625,110.02999877929688,412.510009765625,62.41999816894531,81.88999938964844,47.97999954223633,27.375,37.9900016784668,123.87999725341797,62.25,116.55999755859375,73.41000366210938,250.63999938964844,623.2999877929688,43.284000396728516,42.15999984741211,64.83999633789062,76.0999984741211,56.06999969482422,108.97000122070312,26.059999465942383,81.83999633789062,364.5,54.7599983215332,170.30999755859375,163.02999877929688,195.08999633789062,60.04999923706055,74.9904556274414,86.30000305175781,77.72000122070312,13.853500366210938,40.0099983215332,197.41000366210938,127.70999908447266,32.400001525878906,131.47999572753906,107.87000274658203,408.57000732421875,61.459999084472656,79.4000015258789,46.79999923706055,26.610000610351562,37.61000061035156,123.13999938964844,60.43000030517578,116.7699966430664,74.22000122070312,252.2899932861328,631.8900146484375,44.2140007019043,42.2400016784668,64.83999633789062,76.33000183105469,56.06999969482422,109.08999633789062,26.100000381469727,81.83999633789062,367.7799987792969,55.290000915527344,170.39999389648438,163.3699951171875,196.47999572753906,60.11000061035156,75.0667953491211,86.79000091552734,79.0999984741211,14.156999588012695,40.06999969482422,198.24000549316406,129.2899932861328,32.529998779296875,133.63999938964844,109.06999969482422,409.30999755859375,61.560001373291016,80.7300033569336,46.91999816894531,26.649999618530273,37.7599983215332,123.30999755859375,60.540000915527344,6183200,40779200,1922200,929400,15725000,32656400,9173400,14676300,11441900,12692900,12044400,3833000,1826100,20010200,5722600,9886800,2466000,11254800,12532508,7157900,15011500,216980000,18095000,1240500,5917400,14531300,3365100,10688600,1583900,4151300,3612400,25212800,67404200,40376700,5997700,25282500
2021-05-18,97.16974639892578,74.44000244140625,214.31434631347656,603.940673828125,39.24225997924805,37.33818817138672,53.65895462036133,64.44386291503906,47.93403625488281,86.4857406616211,20.392953872680664,64.83547973632812,323.2994079589844,50.184871673583984,148.01577758789062,143.0795440673828,185.66067504882812,53.58092498779297,64.71484375,74.03292083740234,76.93064880371094,13.980511665344238,30.996227264404297,161.6036376953125,115.5575180053711,29.67054557800293,127.37451171875,102.0201416015625,376.6781005859375,48.98200607299805,67.46114349365234,41.54392623901367,22.216978073120117,34.2974853515625,113.72420501708984,50.281829833984375,117.20999908447266,74.44000244140625,250.86000061035156,632.1900024414062,43.374000549316406,42.15999984741211,65.5999984741211,76.62000274658203,57.290000915527344,106.18000030517578,26.239999771118164,82.97000122070312,364.55999755859375,54.84000015258789,170.4499969482422,162.35000610351562,194.6300048828125,60.33000183105469,75.74427795410156,86.97000122070312,78.87999725341797,14.01574993133545,40.04999923706055,193.91000366210938,128.91000366210938,33.06999969482422,132.6366729736328,110.83999633789062,410.3800048828125,60.849998474121094,79.58000183105469,46.86000061035156,26.729999542236328,37.41999816894531,123.26000213623047,60.43000030517578,117.9000015258789,75.7699966430664,253.10000610351562,643.760009765625,44.444000244140625,42.95000076293945,65.80000305175781,77.69000244140625,58.63999938964844,109.05999755859375,27.440000534057617,85.80999755859375,373.0799865722656,56.13999938964844,171.3699951171875,165.5,196.35000610351562,61.880001068115234,76.14503479003906,88.56999969482422,80.91999816894531,14.404250144958496,40.349998474121094,200.14999389648438,131.24000549316406,34.33000183105469,135.22666931152344,113.4800033569336,412.9599914550781,62.470001220703125,82.0999984741211,48.130001068115234,27.424999237060547,38.04999923706055,123.97000122070312,62.29999923706055,115.31999969482422,74.23999786376953,250.32000732421875,631.6099853515625,43.327999114990234,42.13999938964844,65.12999725341797,76.56999969482422,56.959999084472656,105.97000122070312,26.209999084472656,82.81999969482422,364.0,54.79999923706055,169.52999877929688,162.24000549316406,193.5800018310547,60.27000045776367,75.27671813964844,86.87000274658203,78.80000305175781,14.003999710083008,39.83000183105469,193.77000427246094,128.7899932861328,33.0099983215332,132.55999755859375,110.73999786376953,406.2699890136719,60.810001373291016,79.52999877929688,46.83000183105469,26.68000030517578,37.400001525878906,122.7699966430664,60.400001525878906,116.11000061035156,74.73999786376953,252.0800018310547,641.4000244140625,44.391998291015625,42.70000076293945,65.41999816894531,77.37999725341797,58.27000045776367,108.94000244140625,27.360000610351562,85.51000213623047,371.3800048828125,55.95000076293945,169.97999572753906,164.67999267578125,195.0,61.18000030517578,75.70610809326172,88.2300033569336,80.55000305175781,14.267000198364258,40.18000030517578,199.67999267578125,130.63999938964844,34.119998931884766,134.97000122070312,113.0,409.69000244140625,62.18000030517578,81.54000091552734,47.900001525878906,27.325000762939453,37.91999816894531,123.18000030517578,62.0,8174900,31982500,1729400,644700,17824000,37880300,6668200,13729600,10322000,12759900,13291300,3345800,2018600,18703400,5846000,11098100,2369400,11782100,7943106,6631700,20893800,186256000,15805500,2022200,8651100,12438600,2354700,7476600,2694800,5832200,3046300,24126000,70435400,40299200,9202000,25170800
2021-05-19,96.04226684570312,76.2300033569336,212.40921020507812,602.5936889648438,39.9642448425293,37.16991424560547,53.618064880371094,64.3093032836914,46.503292083740234,84.05847930908203,19.646869659423828,62.93657302856445,317.8189392089844,50.66073989868164,147.69447326660156,141.98670959472656,187.4540557861328,52.888187408447266,64.69853210449219,73.2497787475586,77.9546890258789,14.030386924743652,30.825963973999023,160.75360107421875,117.12625885009766,28.710538864135742,129.85853576660156,103.45602416992188,375.870361328125,48.354129791259766,65.51138305664062,40.93219757080078,21.66425323486328,34.086666107177734,113.53047180175781,49.07533264160156,115.8499984741211,76.2300033569336,248.6300048828125,630.780029296875,44.172000885009766,41.970001220703125,65.55000305175781,76.45999908447266,55.58000183105469,103.19999694824219,25.280000686645508,80.54000091552734,358.3800048828125,55.36000061035156,170.0800018310547,161.11000061035156,196.50999450683594,59.54999923706055,75.72518920898438,86.05000305175781,79.93000030517578,14.065750122070312,39.83000183105469,192.88999938964844,130.66000366210938,32.0,135.22332763671875,112.4000015258789,409.5,60.06999969482422,77.27999877929688,46.16999816894531,26.065000534057617,37.189998626708984,123.05000305175781,58.97999954223633,116.5,76.97000122070312,249.08999633789062,630.97998046875,44.25,42.0,65.58000183105469,76.6500015258789,56.529998779296875,104.29000091552734,25.6200008392334,82.05000305175781,360.0,55.43000030517578,170.16000366210938,161.17999267578125,197.38999938964844,60.04999923706055,75.76335906982422,86.0999984741211,80.2699966430664,14.079500198364258,39.900001525878906,193.0,130.8300018310547,32.52000045776367,135.3633270263672,112.48999786376953,410.7200012207031,60.310001373291016,78.22000122070312,46.31999969482422,26.360000610351562,37.209999084472656,123.12999725341797,59.86000061035156,114.37999725341797,72.76000213623047,246.75,606.6400146484375,42.56999969482422,41.310001373291016,64.58999633789062,74.72000122070312,54.81999969482422,101.97000122070312,24.579999923706055,78.83000183105469,353.92999267578125,53.84000015258789,168.0399932861328,158.63999938964844,193.11000061035156,58.779998779296875,74.37976837158203,84.31999969482422,76.16000366210938,13.54325008392334,39.43000030517578,188.67999267578125,126.44999694824219,31.65999984741211,129.51666259765625,108.0,404.25,59.130001068115234,76.08000183105469,45.369998931884766,25.700000762939453,36.59000015258789,121.58999633789062,58.41999816894531,116.45999908447266,73.16000366210938,248.38999938964844,608.010009765625,42.599998474121094,41.650001525878906,65.31999969482422,75.62000274658203,55.939998626708984,103.81999969482422,25.450000762939453,80.55999755859375,360.0,54.06999969482422,169.91000366210938,161.0,193.61000061035156,59.130001068115234,75.31488800048828,85.30999755859375,77.20999908447266,13.566499710083008,39.900001525878906,191.97000122070312,127.19000244140625,32.400001525878906,130.06666564941406,108.5,409.489990234375,60.20000076293945,77.7300033569336,45.939998626708984,26.104999542236328,36.9900016784668,122.45999908447266,59.099998474121094,6433600,73966200,2652500,1049600,21369000,42672800,7623000,23283600,9406200,14762700,13867300,4041300,3696000,23769700,5533800,13278900,3070500,9215400,9132796,10165600,27300000,344000000,20209500,2594300,8112900,13633600,4127400,7280500,2783100,8055000,4503600,28911100,87969600,63573900,10063000,28889800
2021-05-20,97.08683776855469,78.05999755859375,215.2284698486328,619.7796020507812,41.165748596191406,37.08135223388672,54.804115295410156,64.09059143066406,46.34432601928711,84.35167694091797,19.63132667541504,62.920955657958984,319.0604553222656,51.20066452026367,148.55419921875,141.73995971679688,190.3348388671875,52.9947509765625,64.94310760498047,73.6072998046875,79.12503051757812,14.575762748718262,31.050397872924805,159.22012329101562,118.90117645263672,28.504179000854492,133.2741241455078,104.26598358154297,375.0810241699219,47.999942779541016,65.26554107666016,40.542118072509766,21.631006240844727,34.10499954223633,114.72067260742188,48.95884323120117,117.11000061035156,78.05999755859375,251.92999267578125,648.77001953125,45.5,41.869998931884766,67.0,76.19999694824219,55.38999938964844,103.55999755859375,25.260000228881836,80.5199966430664,359.7799987792969,55.95000076293945,171.07000732421875,160.8300018310547,199.52999877929688,59.66999816894531,76.0114517211914,86.47000122070312,81.12999725341797,14.612500190734863,40.119998931884766,191.0500030517578,132.63999938964844,31.770000457763672,138.77999877929688,113.27999877929688,408.6400146484375,59.630001068115234,76.98999786376953,45.72999954223633,26.024999618530273,37.209999084472656,124.33999633789062,58.84000015258789,117.33999633789062,78.2699966430664,254.38999938964844,652.25,45.93000030517578,42.130001068115234,67.2300033569336,76.63999938964844,55.65999984741211,104.06999969482422,25.399999618530273,81.05999755859375,361.95001220703125,56.2400016784668,171.58999633789062,161.86000061035156,201.0800018310547,59.95000076293945,76.32633972167969,87.02999877929688,81.48999786376953,14.68375015258789,40.25,193.3000030517578,133.27999877929688,32.0,139.35333251953125,113.72000122070312,413.8299865722656,60.18000030517578,77.69999694824219,46.18000030517578,26.145000457763672,37.470001220703125,124.87000274658203,59.150001525878906,115.12000274658203,76.25,247.91000366210938,631.75,44.53300094604492,41.459999084472656,65.26000213623047,75.36000061035156,54.630001068115234,101.97000122070312,24.559999465942383,78.70999908447266,353.3500061035156,55.36000061035156,169.69000244140625,159.52000427246094,196.1699981689453,58.77000045776367,75.28626251220703,85.31999969482422,79.5199966430664,14.270500183105469,39.720001220703125,189.8699951171875,131.4600067138672,31.200000762939453,136.13333129882812,112.0999984741211,408.32000732421875,59.11000061035156,76.0999984741211,45.27000045776367,25.655000686645508,36.95000076293945,123.01000213623047,58.2400016784668,115.33999633789062,76.80999755859375,248.00999450683594,632.6900024414062,44.57500076293945,41.900001525878906,65.31999969482422,76.16999816894531,55.650001525878906,103.06999969482422,25.170000076293945,80.5999984741211,358.9800109863281,55.56999969482422,169.94000244140625,160.8300018310547,197.16000366210938,59.41999816894531,75.31488800048828,86.18000030517578,80.5,14.302499771118164,39.72999954223633,192.99000549316406,131.52999877929688,31.989999771118164,136.23333740234375,112.38999938964844,409.5299987792969,59.97999954223633,77.08000183105469,46.06999969482422,26.05500030517578,37.25,123.01000213623047,58.95000076293945,5526100,49135000,2227400,1086900,21886000,36871100,13165000,15244300,8798800,9706300,7717500,3306500,1919600,23145200,4853200,10426000,3494400,8310500,7345222,7722100,17123000,321592000,18621100,1325700,9208400,12478300,5020800,6442500,2105800,6338800,3308400,26107000,56522600,59216100,7522700,20692500
2021-05-21,96.26609802246094,77.16999816894531,214.44247436523438,610.6564331054688,40.825557708740234,37.55073547363281,54.845027923583984,65.31017303466797,46.56185531616211,84.80783081054688,19.701271057128906,62.56931686401367,324.8070983886719,51.31961441040039,148.4586639404297,143.35275268554688,190.6687469482422,52.923709869384766,64.55179595947266,75.19910430908203,78.72517395019531,14.954058647155762,30.918838500976562,161.24526977539062,117.84337615966797,28.66567611694336,132.53787231445312,102.94976806640625,377.8254699707031,48.59562683105469,65.44356536865234,40.675106048583984,21.676719665527344,34.44412612915039,114.7391357421875,49.0254020690918,116.12000274658203,77.16999816894531,251.00999450683594,639.219970703125,45.124000549316406,42.400001525878906,67.05000305175781,77.6500015258789,55.650001525878906,104.12000274658203,25.350000381469727,80.06999969482422,366.260009765625,56.08000183105469,170.9600067138672,162.66000366210938,199.8800048828125,59.59000015258789,75.55343627929688,88.33999633789062,80.72000122070312,14.99174976348877,39.95000076293945,193.47999572753906,131.4600067138672,31.950000762939453,138.01333618164062,111.8499984741211,411.6300048828125,60.369998931884766,77.19999694824219,45.880001068115234,26.079999923706055,37.58000183105469,124.36000061035156,58.91999816894531,118.27999877929688,78.80999755859375,254.05999755859375,647.3599853515625,45.79899978637695,42.599998474121094,67.91999816894531,77.80999755859375,56.43000030517578,105.19999694824219,25.989999771118164,82.2300033569336,367.1400146484375,56.709999084472656,172.74000549316406,163.22000122070312,201.9199981689453,60.54999923706055,76.6603012084961,88.77999877929688,81.98999786376953,15.222000122070312,40.599998474121094,194.3000030517578,132.69000244140625,32.459999084472656,139.81333923339844,114.0,418.6300048828125,60.81999969482422,79.04000091552734,46.29999923706055,26.469999313354492,37.779998779296875,125.66000366210938,59.83000183105469,116.05999755859375,77.04000091552734,250.74000549316406,636.1799926757812,44.933998107910156,41.88999938964844,66.97000122070312,76.41000366210938,55.56999969482422,103.68000030517578,25.31999969482422,79.98999786376953,360.510009765625,55.97999954223633,170.8699951171875,160.94000244140625,199.47000122070312,59.45000076293945,75.45801544189453,86.7300033569336,80.37000274658203,14.869500160217285,39.90999984741211,191.30999755859375,130.49000549316406,31.860000610351562,137.78334045410156,111.69000244140625,409.4599914550781,59.650001525878906,77.12000274658203,45.779998779296875,26.059999465942383,37.34000015258789,124.26000213623047,58.849998474121094,117.5199966430664,78.55000305175781,253.7100067138672,645.8599853515625,45.79899978637695,42.02000045776367,67.23999786376953,76.5,56.060001373291016,104.0999984741211,25.479999542236328,81.45999908447266,361.489990234375,56.41999816894531,171.3300018310547,161.33999633789062,200.0,60.119998931884766,76.26908111572266,86.94000244140625,81.7699966430664,15.163749694824219,40.209999084472656,192.5800018310547,132.13999938964844,32.27000045776367,139.75999450683594,114.0,410.760009765625,59.79999923706055,77.95999908447266,45.970001220703125,26.28499984741211,37.36000061035156,124.75,59.41999816894531,5577800,40201100,2177900,847500,13216000,40243800,9442100,18544500,6032300,10352800,8636100,2782900,2657500,17723100,6501800,10249000,2579000,9741400,10863987,9326800,13076900,672992000,21144800,1356500,8674000,8573800,5250000,5979400,4295400,5347800,2826200,27312700,50539800,44950300,8423300,20792700
2021-05-24,96.0920181274414,77.44000244140625,211.65740966796875,629.5048217773438,41.54482650756836,37.75444412231445,55.04133605957031,65.6297836303711,46.9383659362793,86.01331329345703,20.167573928833008,62.6240234375,326.6072998046875,52.124916076660156,149.02659606933594,144.1282958984375,191.75621032714844,53.93617630004883,64.42948150634766,76.34831237792969,80.85132598876953,15.572752952575684,30.81048583984375,161.67031860351562,119.1432113647461,28.441377639770508,135.88621520996094,104.58812713623047,377.2013854980469,48.63587188720703,66.3845443725586,40.994258880615234,21.892822265625,34.609100341796875,114.849853515625,49.59953689575195,115.91000366210938,77.44000244140625,247.75,658.9500122070312,45.91899871826172,42.630001068115234,67.29000091552734,78.02999877929688,56.099998474121094,105.5999984741211,25.950000762939453,80.13999938964844,368.2900085449219,56.959999084472656,170.5500030517578,163.5399932861328,201.02000427246094,60.72999954223633,75.4103012084961,89.69000244140625,82.9000015258789,15.612000465393066,39.810001373291016,193.99000549316406,132.91000366210938,31.700000762939453,141.5,113.62999725341797,410.95001220703125,60.41999816894531,78.30999755859375,46.2400016784668,26.34000015258789,37.7599983215332,124.4800033569336,59.61000061035156,116.80999755859375,78.01000213623047,253.47999572753906,662.260009765625,46.24399948120117,42.779998779296875,67.95999908447266,78.36000061035156,56.2599983215332,105.83999633789062,26.079999923706055,80.94000244140625,369.7200012207031,57.38999938964844,171.35000610351562,164.22999572753906,203.6199951171875,60.900001525878906,76.00190734863281,90.19999694824219,83.62000274658203,15.744999885559082,40.13999938964844,194.86000061035156,134.0,32.130001068115234,142.26333618164062,114.54000091552734,413.8999938964844,60.689998626708984,78.88999938964844,46.5099983215332,26.399999618530273,37.849998474121094,125.25,59.79999923706055,115.58999633789062,76.80000305175781,247.57000732421875,645.760009765625,45.63600158691406,42.25,67.20999908447266,77.47000122070312,55.2599983215332,104.0,25.25,78.83999633789062,365.510009765625,56.400001525878906,169.77000427246094,162.1199951171875,200.0399932861328,59.59000015258789,75.34351348876953,88.31999969482422,81.36000061035156,15.175999641418457,39.779998779296875,192.88999938964844,131.3300018310547,31.559999465942383,139.3333282470703,112.12000274658203,409.9200134277344,60.13999938964844,77.33999633789062,45.7599983215332,25.96500015258789,37.54999923706055,124.43000030517578,58.689998626708984,116.58999633789062,77.26000213623047,250.55999755859375,647.5,45.69200134277344,42.58000183105469,67.2699966430664,77.83000183105469,56.119998931884766,104.94999694824219,25.8700008392334,80.88999938964844,367.32000732421875,56.650001525878906,170.89999389648438,163.36000061035156,201.0,60.040000915527344,75.88740539550781,88.70999908447266,81.41999816894531,15.212499618530273,40.08000183105469,194.44000244140625,131.3300018310547,32.130001068115234,139.4566650390625,112.26000213623047,412.3699951171875,60.58000183105469,78.01000213623047,46.0,26.260000228881836,37.7400016784668,125.0,59.08000183105469,4821300,33194300,2552000,794000,14420000,31390800,8441800,16750200,6372800,6785600,9454700,4270800,1834300,19164400,5195100,9440300,2074900,11488300,8737910,7788800,15730400,554816000,16922300,901300,8229300,9755900,3373800,6653600,1883600,3504600,2217000,25707400,48020400,29159600,4958800,18400300
2021-05-25,94.97281646728516,77.86000061035156,206.74508666992188,642.2486572265625,41.57648468017578,37.20534133911133,54.60780334472656,64.99898529052734,45.917606353759766,84.60420227050781,20.05099868774414,61.483123779296875,323.25518798828125,52.04255676269531,148.615966796875,142.63888549804688,190.03915405273438,53.29671859741211,63.18215560913086,75.64175415039062,79.22257995605469,15.608409881591797,30.438993453979492,159.76182556152344,119.89620971679688,28.028656005859375,136.2895965576172,105.18640899658203,379.12884521484375,48.016056060791016,65.55375671386719,40.86127853393555,21.448150634765625,34.26082229614258,114.50846099853516,48.47623825073242,114.55999755859375,77.86000061035156,242.0,672.2899780273438,45.95399856567383,42.0099983215332,66.76000213623047,77.27999877929688,54.880001068115234,103.87000274658203,25.799999237060547,78.68000030517578,364.510009765625,56.869998931884766,170.0800018310547,161.85000610351562,199.22000122070312,60.0099983215332,73.95037841796875,88.86000061035156,81.2300033569336,15.647749900817871,39.33000183105469,191.6999969482422,133.75,31.239999771118164,141.9199981689453,114.27999877929688,413.04998779296875,59.650001525878906,77.33000183105469,46.09000015258789,25.80500030517578,37.380001068115234,124.11000061035156,58.2599983215332,116.0,78.7699966430664,247.75,679.4400024414062,46.29600143432617,43.2599983215332,67.55999755859375,79.27999877929688,56.380001068115234,105.62000274658203,26.389999389648438,80.87000274658203,373.7699890136719,57.560001373291016,171.02999877929688,165.6999969482422,201.85000610351562,60.90999984741211,75.62023162841797,91.3499984741211,83.70999908447266,15.818499565124512,39.86000061035156,196.10000610351562,134.3000030517578,31.809999465942383,142.9933319091797,114.94000244140625,413.8599853515625,61.099998474121094,78.2699966430664,47.02000045776367,26.344999313354492,38.099998474121094,124.66999816894531,59.540000915527344,114.19000244140625,76.83999633789062,241.77999877929688,667.280029296875,45.650001525878906,41.93000030517578,66.66999816894531,77.19000244140625,54.77000045776367,103.61000061035156,25.690000534057617,78.56999969482422,364.0899963378906,56.41999816894531,169.74000549316406,161.55999755859375,199.13999938964844,59.88999938964844,73.91221618652344,88.73999786376953,79.70999908447266,15.482500076293945,39.2400016784668,191.4499969482422,132.8000030517578,31.079999923706055,141.1199951171875,113.5999984741211,408.8900146484375,59.560001373291016,76.73999786376953,46.040000915527344,25.764999389648438,37.33000183105469,123.97000122070312,58.119998931884766,115.97000122070312,77.33000183105469,246.66000366210938,671.1699829101562,46.189998626708984,42.689998626708984,67.33999633789062,78.19999694824219,56.0,105.43000030517578,25.93000030517578,80.25,369.9100036621094,57.560001373291016,170.6699981689453,163.85000610351562,201.42999267578125,60.70000076293945,75.38167572021484,90.27999877929688,83.56999969482422,15.765999794006348,39.81999969482422,194.74000549316406,133.5399932861328,31.6299991607666,142.5399932861328,114.8499984741211,411.8500061035156,60.529998779296875,78.2699966430664,46.38999938964844,26.274999618530273,37.810001373291016,124.66000366210938,59.5,6574200,47353100,3210600,1088800,9600000,52657700,9349700,20015800,8090600,7884000,13301400,4786200,2631000,22309900,7444700,12609100,2919100,8911900,14331714,10599600,26272100,435408000,25916300,1741500,7271400,10064400,4363500,5331700,2285600,5028200,3340200,29415300,48558600,38755900,6798500,25616100
2021-05-26,95.08888244628906,78.33999633789062,203.79769897460938,636.0201416015625,41.662445068359375,37.231910705566406,54.09248352050781,65.20084381103516,46.36943054199219,84.80783081054688,20.525068283081055,62.2020378112793,325.81805419921875,52.08831024169922,147.73342895507812,142.6212158203125,191.72760009765625,53.99833679199219,62.9620361328125,76.0588607788086,80.20758819580078,15.660529136657715,30.12167739868164,159.9285125732422,119.30455017089844,28.306795120239258,136.65447998046875,106.76956176757812,379.2756652832031,48.080440521240234,67.04576110839844,41.1361083984375,21.639320373535156,34.36163330078125,113.84416198730469,49.04203414916992,114.69999694824219,78.33999633789062,238.5500030517578,665.77001953125,46.04899978637695,42.040000915527344,66.12999725341797,77.5199966430664,55.41999816894531,104.12000274658203,26.40999984741211,79.5999984741211,367.3999938964844,56.91999816894531,169.07000732421875,161.8300018310547,200.99000549316406,60.79999923706055,73.6927490234375,89.3499984741211,82.23999786376953,15.699999809265137,38.91999816894531,191.89999389648438,133.08999633789062,31.549999237060547,142.3000030517578,116.0,413.2099914550781,59.72999954223633,79.08999633789062,46.400001525878906,26.03499984741211,37.4900016784668,123.38999938964844,58.939998626708984,114.73999786376953,78.58999633789062,242.47999572753906,669.5399780273438,46.209999084472656,42.25,66.80000305175781,77.9000015258789,55.560001373291016,104.91000366210938,26.489999771118164,79.91000366210938,368.7900085449219,57.22999954223633,170.0800018310547,163.74000549316406,202.44000244140625,61.06999969482422,74.20801544189453,89.8499984741211,82.44000244140625,15.793749809265137,39.29999923706055,194.0,134.52000427246094,31.84000015258789,142.9166717529297,116.0,415.29998779296875,59.849998474121094,79.30999755859375,46.599998474121094,26.1299991607666,37.65999984741211,124.12000274658203,59.119998931884766,113.76000213623047,77.58999633789062,238.3300018310547,659.8599853515625,45.553001403808594,41.65999984741211,65.98999786376953,76.68000030517578,54.66999816894531,103.66000366210938,25.639999389648438,77.94000244140625,361.9100036621094,56.59000015258789,168.27999877929688,161.30999755859375,198.25,60.060001373291016,73.44465637207031,87.94999694824219,81.0199966430664,15.586250305175781,38.779998779296875,190.4499969482422,132.22000122070312,30.969999313354492,141.0066680908203,114.0,411.010009765625,58.900001525878906,77.2699966430664,45.599998474121094,25.709999084472656,37.220001220703125,122.86000061035156,57.900001525878906,114.52999877929688,77.83000183105469,241.83999633789062,667.219970703125,46.07699966430664,42.02000045776367,66.72000122070312,77.20999908447266,55.06999969482422,104.5199966430664,25.84000015258789,78.93000030517578,365.0,57.04999923706055,170.0,163.57000732421875,199.22999572753906,60.25,73.99809265136719,88.66000366210938,81.58000183105469,15.73425006866455,39.290000915527344,193.24000549316406,133.8699951171875,31.1299991607666,142.02333068847656,114.0,412.1000061035156,59.75,77.55000305175781,46.11000061035156,25.829999923706055,37.52000045776367,124.08000183105469,58.25,5802600,30354000,3812100,597100,9873000,41332800,8503900,15243400,6716000,9232400,8220100,3877200,2121200,15173600,5726400,13058300,2891300,8740800,9686454,8665200,12609800,370440000,28036500,1687600,6663300,9358100,2492400,6605100,1903900,7436100,3333500,26170600,39554400,38601900,6848800,21698700
2021-05-27,93.11581420898438,78.41999816894531,201.0297088623047,635.37060546875,42.31296157836914,37.683589935302734,53.74893569946289,66.2437973022461,46.461463928222656,83.9037094116211,20.711591720581055,62.772483825683594,329.33868408203125,52.829551696777344,147.50621032714844,144.84213256835938,190.02008056640625,54.53123092651367,61.89407730102539,76.86756896972656,81.85584259033203,15.44906234741211,29.912715911865234,161.77862548828125,119.79756927490234,28.118383407592773,137.2306671142578,106.55785369873047,378.8076171875,48.893463134765625,68.48688507080078,41.45527267456055,21.655941009521484,34.7557487487793,113.59505462646484,48.725860595703125,112.31999969482422,78.41999816894531,235.30999755859375,665.0900268554688,46.768001556396484,42.54999923706055,65.70999908447266,78.76000213623047,55.529998779296875,103.01000213623047,26.649999618530273,80.33000183105469,371.3699951171875,57.72999954223633,168.80999755859375,164.35000610351562,199.1999969482422,61.400001525878906,72.4427490234375,90.30000305175781,83.93000030517578,15.48799991607666,38.650001525878906,194.1199951171875,133.63999938964844,31.34000015258789,142.89999389648438,115.7699966430664,412.70001220703125,60.7400016784668,80.79000091552734,46.7599983215332,26.05500030517578,37.91999816894531,123.12000274658203,58.560001373291016,115.19999694824219,78.43000030517578,239.4600067138672,667.8599853515625,46.84400177001953,42.849998474121094,66.6500015258789,79.11000061035156,56.31999969482422,104.91000366210938,26.93000030517578,81.37000274658203,373.54998779296875,57.880001068115234,170.1699981689453,164.75,201.3800048828125,61.58000183105469,74.0457992553711,90.91999816894531,84.75,15.75,39.18000030517578,195.5,134.63999938964844,32.029998779296875,143.61666870117188,116.52999877929688,415.1099853515625,61.25,80.97000122070312,47.380001068115234,26.375,38.02000045776367,123.75,59.70000076293945,112.0199966430664,77.47000122070312,234.5800018310547,658.9299926757812,45.96500015258789,42.119998931884766,65.58000183105469,77.94999694824219,55.119998931884766,102.56999969482422,26.25,79.44000244140625,367.29998779296875,57.0,168.3800048828125,162.57000732421875,195.5,60.790000915527344,72.40457916259766,88.58999633789062,82.33000183105469,15.460000038146973,38.599998474121094,192.5399932861328,132.7100067138672,31.309999465942383,141.6666717529297,115.0,410.3800048828125,60.27000045776367,79.31999969482422,46.310001373291016,25.90999984741211,37.61000061035156,123.05000305175781,58.02000045776367,115.12000274658203,78.11000061035156,238.91000366210938,661.0,46.0,42.47999954223633,66.30000305175781,78.5199966430664,55.72999954223633,104.12000274658203,26.59000015258789,80.54000091552734,371.3299865722656,57.11000061035156,169.25999450683594,163.9499969482422,200.64999389648438,60.880001068115234,73.95037841796875,90.0999984741211,82.45999908447266,15.699749946594238,38.970001220703125,194.69000244140625,132.72999572753906,31.81999969482422,142.0366668701172,116.0,414.9200134277344,60.5099983215332,79.31999969482422,46.9900016784668,26.139999389648438,37.83000183105469,123.6500015258789,59.22999954223633,26406000,35883200,3701100,652600,19098000,52981100,12255400,17467000,7484100,11703400,14805100,6086000,3897000,32387600,8114700,15707500,9340300,11339200,17675149,21840900,22286500,581476000,38471200,2515300,7379300,14893200,3302700,6513700,2041800,12453000,4947700,42572900,39053600,39789500,8102900,33556000
2021-05-28,93.84534454345703,80.08000183105469,203.27655029296875,645.28662109375,42.7336540222168,37.54187774658203,53.75711441040039,66.20173645019531,46.63716506958008,84.53904724121094,20.641647338867188,62.78029251098633,331.02935791015625,52.271339416503906,147.8907012939453,144.74522399902344,190.5352020263672,54.886470794677734,61.869606018066406,77.42088317871094,82.06066131591797,16.203659057617188,29.974620819091797,162.24533081054688,120.6043701171875,28.109413146972656,138.50469970703125,108.02134704589844,378.0917053222656,48.925655364990234,68.15625762939453,41.41981506347656,21.697500228881836,34.819915771484375,114.03790283203125,48.56776428222656,113.19999694824219,80.08000183105469,237.94000244140625,675.469970703125,47.233001708984375,42.38999938964844,65.72000122070312,78.70999908447266,55.7400016784668,103.79000091552734,26.559999465942383,80.33999633789062,372.0199890136719,57.119998931884766,169.25,164.24000549316406,199.74000549316406,61.79999923706055,72.41412353515625,90.94999694824219,84.13999938964844,16.24449920654297,38.72999954223633,194.67999267578125,134.5399932861328,31.329999923706055,144.22666931152344,117.36000061035156,411.9200134277344,60.779998779296875,80.4000015258789,46.720001220703125,26.104999542236328,37.9900016784668,123.5999984741211,58.369998931884766,114.4800033569336,81.08999633789062,240.8699951171875,675.97998046875,47.46200180053711,42.709999084472656,66.20999908447266,78.97000122070312,55.95000076293945,104.12000274658203,26.90999984741211,80.98999786376953,373.07000732421875,57.650001525878906,171.00999450683594,164.94000244140625,202.27999877929688,61.970001220703125,72.90076446533203,91.27999877929688,84.7300033569336,16.27750015258789,39.02000045776367,195.1999969482422,135.63999938964844,31.649999618530273,144.9199981689453,117.83999633789062,415.4700012207031,60.959999084472656,81.37999725341797,46.880001068115234,26.235000610351562,38.09000015258789,124.62000274658203,58.79999923706055,112.86000061035156,78.66000366210938,236.1300048828125,666.9400024414062,46.768001556396484,42.04999923706055,65.5999984741211,77.91000366210938,55.31999969482422,102.94999694824219,26.280000686645508,79.9000015258789,368.260009765625,56.939998626708984,169.1699981689453,163.25999450683594,198.52999877929688,61.18000030517578,72.3282470703125,89.9000015258789,83.22000122070312,15.50100040435791,38.68000030517578,192.11000061035156,133.9499969482422,31.09000015258789,143.18666076660156,115.94999694824219,410.0199890136719,60.2400016784668,80.12999725341797,46.279998779296875,25.96500015258789,37.709999084472656,123.5199966430664,58.11000061035156,113.33000183105469,78.66000366210938,236.2100067138672,669.030029296875,47.0,42.65999984741211,65.66000366210938,78.66000366210938,55.79999923706055,103.62000274658203,26.829999923706055,80.44999694824219,372.0,57.54999923706055,169.52000427246094,164.67999267578125,199.1199951171875,61.59000015258789,72.53816986083984,90.55000305175781,84.22000122070312,15.50100040435791,38.75,194.32000732421875,134.14999389648438,31.639999389648438,143.44000244140625,116.30000305175781,412.70001220703125,60.77000045776367,81.25,46.849998474121094,26.200000762939453,38.09000015258789,123.58999633789062,58.72999954223633,7104300,40952700,3239300,610700,19946000,38509700,6356800,14392800,5745400,7278200,6134600,2062200,2169700,20303900,6400800,10291300,2386000,8962400,13969735,9484800,11330300,644536000,16154100,857100,7042200,8307800,2179500,5386500,2367900,6127000,2321900,15760100,37125400,39265000,10059900,19246800
2021-06-01,93.02462768554688,80.80999755859375,199.5516815185547,641.7806396484375,42.36995315551758,38.011268615722656,53.24997329711914,67.08487701416016,48.75399398803711,86.8685531616211,23.470548629760742,66.10139465332031,340.3013000488281,52.06085968017578,144.64015197753906,146.3404083251953,189.27601623535156,55.50816345214844,61.29079055786133,78.4083251953125,82.0704116821289,16.22361183166504,29.796621322631836,163.19541931152344,120.06651306152344,29.663291931152344,138.11740112304688,109.079833984375,373.3187255859375,49.094696044921875,69.66519165039062,41.89854431152344,22.532814025878906,35.030723571777344,112.16497039794922,50.306800842285156,112.20999908447266,80.80999755859375,233.5800018310547,671.7999877929688,46.83100128173828,42.91999816894531,65.0999984741211,79.76000213623047,58.27000045776367,106.6500015258789,30.200000762939453,84.58999633789062,382.44000244140625,56.88999938964844,165.52999877929688,166.0500030517578,198.4199981689453,62.5,71.73664093017578,92.11000061035156,84.1500015258789,16.26449966430664,38.5,195.82000732421875,133.94000244140625,32.93000030517578,143.82333374023438,118.51000213623047,406.7200012207031,60.9900016784668,82.18000030517578,47.2599983215332,27.110000610351562,38.220001220703125,121.56999969482422,60.459999084472656,113.98999786376953,82.91000366210938,242.27999877929688,688.0900268554688,47.79999923706055,43.279998779296875,66.4000015258789,80.08999633789062,58.47999954223633,107.43000030517578,30.34000015258789,85.2300033569336,383.3599853515625,57.81999969482422,170.1999969482422,166.91000366210938,200.88999938964844,63.04999923706055,72.65267181396484,93.30999755859375,85.76000213623047,16.38825035095215,39.0,197.82000732421875,136.07000732421875,33.09000015258789,146.4633331298828,120.04000091552734,413.7300109863281,61.7599983215332,82.94000244140625,47.40999984741211,27.170000076293945,38.47999954223633,123.79000091552734,60.70000076293945,112.04000091552734,80.66000366210938,232.94000244140625,668.52001953125,46.720001220703125,42.77000045776367,65.02999877929688,79.33999633789062,57.04999923706055,105.30000305175781,28.579999923706055,82.55999755859375,376.30999755859375,56.59000015258789,165.3800048828125,165.47999572753906,196.67999267578125,62.09000015258789,71.59351348876953,91.87000274658203,83.62000274658203,15.903249740600586,38.47999954223633,194.61000061035156,133.52999877929688,31.950000762939453,143.0800018310547,117.43000030517578,406.1600036621094,60.7400016784668,81.5199966430664,46.790000915527344,26.604999542236328,38.119998931884766,121.47000122070312,59.45000076293945,113.69999694824219,81.01000213623047,242.1999969482422,684.739990234375,47.54399871826172,42.95000076293945,66.4000015258789,79.48999786376953,57.08000183105469,105.30000305175781,28.84000015258789,82.58000183105469,377.70001220703125,57.61000061035156,170.14999389648438,165.8699951171875,200.32000732421875,62.5,72.57633972167969,92.38999938964844,84.91999816894531,16.270000457763672,38.939998626708984,197.77000427246094,135.10000610351562,31.959999084472656,145.31666564941406,119.70999908447266,413.7300109863281,61.5099983215332,81.52999877929688,47.15999984741211,26.6200008392334,38.369998931884766,123.75,59.45000076293945,6846200,43433000,3799600,1292000,16277000,42890700,8796600,15450500,9943600,10260600,37271800,4135200,3644000,20326400,10448400,9445400,3070200,6361400,15798914,9576400,11067200,472804000,23642400,1494400,7059600,15701900,3373500,7596100,2199600,4967000,3153600,17878600,72570200,35710700,13368300,28474200
2021-06-02,92.35311126708984,81.97000122070312,200.90151977539062,643.96826171875,42.86032485961914,38.02898025512695,52.914615631103516,67.16897583007812,49.356414794921875,88.03334045410156,23.93684959411621,66.63275909423828,341.1910705566406,52.60078048706055,145.22557067871094,146.3491973876953,189.9533233642578,55.93446350097656,61.85329818725586,78.96163177490234,82.25572204589844,16.736064910888672,30.02106475830078,162.86204528808594,120.57107543945312,31.942310333251953,138.959228515625,109.48480987548828,372.5201110839844,48.83710479736328,71.53864288330078,41.49959182739258,22.952550888061523,35.085716247558594,111.94351196289062,50.70618438720703,111.4000015258789,81.97000122070312,235.16000366210938,674.0900268554688,47.37300109863281,42.939998626708984,64.69000244140625,79.86000061035156,58.9900016784668,108.08000183105469,30.799999237060547,85.2699966430664,383.44000244140625,57.47999954223633,166.1999969482422,166.05999755859375,199.1300048828125,62.97999954223633,72.39503479003906,92.76000213623047,84.33999633789062,16.778249740600586,38.790000915527344,195.4199981689453,133.82000732421875,35.459999084472656,144.6999969482422,118.94999694824219,405.8500061035156,60.66999816894531,84.38999938964844,46.810001373291016,27.614999771118164,38.279998779296875,121.33000183105469,60.939998626708984,112.66000366210938,82.5999984741211,236.69000244140625,678.72998046875,47.77000045776367,43.16999816894531,65.41999816894531,80.29000091552734,59.40999984741211,108.55999755859375,31.389999389648438,86.02999877929688,384.6700134277344,57.689998626708984,166.72999572753906,167.44000244140625,200.9199981689453,63.380001068115234,72.60496520996094,93.1500015258789,84.81999969482422,16.918750762939453,38.93000030517578,196.8699951171875,134.72999572753906,35.599998474121094,145.2866668701172,119.44999694824219,409.1400146484375,61.310001373291016,84.79000091552734,47.459999084472656,27.7450008392334,38.380001068115234,121.98999786376953,61.310001373291016,110.8499984741211,80.66000366210938,233.88999938964844,668.77001953125,46.946998596191406,42.599998474121094,64.54000091552734,79.37999725341797,57.7400016784668,106.20999908447266,29.719999313354492,83.25,379.3699951171875,56.7599983215332,165.11000061035156,165.52999877929688,198.25,62.13999938964844,71.82251739501953,91.55999755859375,83.44999694824219,16.23550033569336,38.540000915527344,193.88999938964844,132.47000122070312,32.709999084472656,143.2566680908203,117.91999816894531,404.54998779296875,60.459999084472656,81.79000091552734,46.58000183105469,26.954999923706055,38.06999969482422,121.04000091552734,60.16999816894531,112.41000366210938,81.0,234.89999389648438,670.52001953125,47.18299865722656,43.099998474121094,65.23999786376953,80.0999984741211,58.65999984741211,107.20999908447266,30.34000015258789,84.83000183105469,383.3299865722656,56.90999984741211,165.3000030517578,167.25999450683594,199.00999450683594,63.0,71.86068725585938,92.51000213623047,84.38999938964844,16.25225067138672,38.63999938964844,196.69000244140625,133.17999267578125,33.38999938964844,143.7133331298828,118.9000015258789,409.1400146484375,60.9900016784668,82.81999969482422,47.380001068115234,27.274999618530273,38.34000015258789,121.68000030517578,60.75,8100700,35203200,2266800,596800,13286000,34180500,7517300,15285600,6103300,9141800,16381900,3547500,2809700,18483600,6806000,10498600,2030300,7552500,11830453,6878400,10314200,594168000,19629000,1102600,6026000,28422100,2140500,5383400,2232900,5573300,3441300,18492600,67893400,37537500,13245100,22978300
2021-06-03,93.02462768554688,80.27999877929688,201.39706420898438,636.1346435546875,42.052391052246094,38.464778900146484,53.004581451416016,66.97551727294922,49.75802993774414,87.63421630859375,24.224403381347656,67.836181640625,345.88934326171875,51.466041564941406,145.0857696533203,146.4461212158203,193.35874938964844,56.18313980102539,63.147666931152344,79.46385192871094,80.00279235839844,16.927087783813477,30.160375595092773,163.2454071044922,118.73304748535156,32.89715576171875,136.57122802734375,107.52430725097656,374.4568786621094,48.81296157836914,70.631591796875,41.18930435180664,23.014894485473633,35.16820526123047,112.28489685058594,50.9058723449707,112.20999908447266,80.27999877929688,235.74000549316406,665.8900146484375,46.47999954223633,43.25,64.80000305175781,79.62999725341797,59.470001220703125,107.58999633789062,31.170000076293945,86.80999755859375,388.7200012207031,56.2400016784668,166.0399932861328,166.1699981689453,202.6999969482422,63.2599983215332,73.91000366210938,93.3499984741211,82.02999877929688,16.969749450683594,38.970001220703125,195.8800048828125,131.77999877929688,36.52000045776367,142.2133331298828,116.81999969482422,407.9599914550781,60.63999938964844,83.31999969482422,46.459999084472656,27.690000534057617,38.369998931884766,121.69999694824219,61.18000030517578,112.41000366210938,81.88999938964844,236.5800018310547,670.4099731445312,46.97600173950195,43.4900016784668,65.08000183105469,80.29000091552734,60.0,108.08999633789062,31.299999237060547,87.41000366210938,391.25,57.099998474121094,167.14999389648438,167.25,203.63999938964844,63.70000076293945,74.0,93.91999816894531,84.06999969482422,17.259000778198242,39.040000915527344,198.3800048828125,133.38999938964844,36.58000183105469,143.6999969482422,118.26000213623047,409.760009765625,61.279998779296875,84.94999694824219,47.0,27.844999313354492,38.599998474121094,122.0199966430664,61.40999984741211,110.6500015258789,80.26000213623047,233.36000061035156,660.1099853515625,46.32600021362305,42.68000030517578,64.29000091552734,79.41999816894531,58.560001373291016,106.55999755859375,30.229999542236328,84.70999908447266,380.1300048828125,56.09000015258789,165.7100067138672,164.66000366210938,198.61000061035156,62.470001220703125,72.9000015258789,92.16000366210938,81.88999938964844,16.58300018310547,38.630001068115234,194.0399932861328,131.4199981689453,35.20000076293945,141.54666137695312,116.45999908447266,402.8399963378906,60.29999923706055,83.1500015258789,46.349998474121094,27.325000762939453,38.040000915527344,120.61000061035156,60.349998474121094,111.12000274658203,81.12999725341797,233.6699981689453,667.3499755859375,46.880001068115234,42.77000045776367,64.47000122070312,79.70999908447266,58.720001220703125,107.55999755859375,30.43000030517578,85.41999816894531,382.25,56.97999954223633,165.88999938964844,165.41000366210938,198.99000549316406,62.900001525878906,73.22000122070312,92.33000183105469,83.68000030517578,16.70075035095215,38.7599983215332,195.1999969482422,132.64999389648438,35.25,143.07666015625,118.05000305175781,403.5,60.4900016784668,83.91999816894531,46.689998626708984,27.5,38.15999984741211,120.87999725341797,60.54999923706055,6286100,29812000,2010600,612100,20389000,46981200,7819400,22255800,8280800,8809300,10345000,3658200,3003900,21831300,5808800,13354400,3066600,7620800,15974400,7926800,14742100,580008000,17376300,1329500,6644000,19992700,3247500,4912200,2281200,4631500,3027300,20206400,58761600,54877500,13244400,20272800
2021-06-04,93.14898681640625,81.58000183105469,202.3453369140625,652.7667236328125,42.975215911865234,38.48255157470703,53.119102478027344,66.85777282714844,50.07596206665039,88.3346939086914,24.6052188873291,68.34410858154297,348.3184814453125,52.500118255615234,145.024658203125,146.68409729003906,192.71011352539062,56.547279357910156,63.31853485107422,79.98312377929688,81.69005584716797,17.5340576171875,30.299684524536133,161.67864990234375,121.03959655761719,32.807071685791016,139.88755798339844,110.000244140625,372.327392578125,48.9176025390625,70.56375885009766,41.63257598876953,23.16865348815918,35.25986099243164,112.64472961425781,51.130531311035156,112.36000061035156,81.58000183105469,236.85000610351562,683.2999877929688,47.5,43.27000045776367,64.94000244140625,79.48999786376953,59.849998474121094,108.44999694824219,31.65999984741211,87.45999908447266,391.45001220703125,57.369998931884766,165.97000122070312,166.44000244140625,202.02000427246094,63.66999816894531,74.11000061035156,93.95999908447266,83.76000213623047,17.578250885009766,39.150001525878906,194.0,134.33999633789062,36.41999816894531,145.6666717529297,119.51000213623047,405.6400146484375,60.77000045776367,83.23999786376953,46.959999084472656,27.875,38.470001220703125,122.08999633789062,61.45000076293945,113.11000061035156,82.19000244140625,239.27999877929688,684.02001953125,47.84000015258789,43.38999938964844,65.2300033569336,79.87000274658203,60.130001068115234,108.66999816894531,31.809999465942383,87.9000015258789,392.04998779296875,57.75,167.57000732421875,166.6699981689453,204.4499969482422,63.880001068115234,74.4800033569336,94.16999816894531,84.37000274658203,17.660999298095703,39.5,196.22999572753906,135.0500030517578,36.869998931884766,145.9566650390625,119.8499984741211,411.0,60.779998779296875,84.26000213623047,47.099998474121094,27.989999771118164,38.5,122.69999694824219,61.70000076293945,112.16000366210938,80.80999755859375,235.75,673.0900268554688,46.95199966430664,42.83000183105469,64.86000061035156,78.80999755859375,58.900001525878906,107.20999908447266,30.700000762939453,85.6500015258789,386.32000732421875,56.540000915527344,165.8699951171875,165.02999877929688,201.2899932861328,62.810001373291016,73.9000015258789,92.63999938964844,82.8499984741211,17.095500946044922,39.02000045776367,193.30999755859375,132.1999969482422,35.56999969482422,143.43333435058594,118.05000305175781,404.6499938964844,60.119998931884766,81.95999908447266,46.5099983215332,27.46500015258789,38.130001068115234,121.94999694824219,60.779998779296875,112.4000015258789,80.91999816894531,236.74000549316406,674.8099975585938,47.04999923706055,43.2400016784668,64.9800033569336,79.69000244140625,59.81999969482422,108.23999786376953,31.469999313354492,87.2699966430664,389.67999267578125,56.54999923706055,167.00999450683594,166.2100067138672,202.7899932861328,63.689998626708984,74.19999694824219,93.86000061035156,82.97000122070312,17.112499237060547,39.04999923706055,195.80999755859375,132.52999877929688,36.61000061035156,143.43333435058594,118.2300033569336,410.9599914550781,60.689998626708984,83.73999786376953,47.060001373291016,27.8700008392334,38.41999816894531,122.33999633789062,61.459999084472656,4255400,26387800,1875700,531000,23865000,37192600,8046000,13807000,6504800,6699300,9923300,3128600,2514100,21493800,6510300,8510800,2817700,5751800,12728500,6406800,12591100,617120000,19375300,1403900,7416700,13756400,2821500,5352100,2990900,4581600,2980000,18190300,52658800,27250900,11228900,20427800
2021-06-07,93.68782043457031,81.3499984741211,202.63583374023438,651.5057983398438,41.960105895996094,38.34914016723633,52.98004150390625,66.70637512207031,50.04249572753906,87.76454162597656,24.030113220214844,68.00810241699219,345.3910827636719,52.2438850402832,144.03724670410156,145.99664306640625,212.265380859375,56.25419235229492,62.19929885864258,79.34469604492188,81.96314239501953,17.574703216552734,30.175859451293945,160.93690490722656,120.1205825805664,32.275604248046875,138.79920959472656,108.81290435791016,367.3800354003906,48.73247528076172,70.09752655029297,41.76557159423828,23.06891441345215,35.030723571777344,113.05070495605469,50.797706604003906,113.01000213623047,81.3499984741211,237.19000244140625,681.97998046875,46.37799835205078,43.119998931884766,64.7699966430664,79.30999755859375,59.810001373291016,107.75,30.920000076293945,87.02999877929688,388.1600036621094,57.09000015258789,164.83999633789062,165.66000366210938,222.52000427246094,63.34000015258789,72.80000305175781,93.20999908447266,84.04000091552734,17.618999481201172,38.9900016784668,193.11000061035156,133.32000732421875,35.83000183105469,144.53334045410156,118.22000122070312,400.25,60.540000915527344,82.69000244140625,47.11000061035156,27.7549991607666,38.220001220703125,122.52999877929688,61.04999923706055,114.11000061035156,81.68000030517578,240.57000732421875,684.4099731445312,47.448001861572266,43.38999938964844,65.41000366210938,79.6500015258789,60.529998779296875,108.69999694824219,31.989999771118164,87.98999786376953,393.260009765625,57.439998626708984,166.32000732421875,167.10000610351562,233.3300018310547,64.02999877929688,74.19999694824219,94.2699966430664,84.2300033569336,17.8125,39.599998474121094,194.77000427246094,133.77000427246094,36.779998779296875,145.2433319091797,118.75,407.2099914550781,60.95000076293945,84.0199966430664,47.18000030517578,28.040000915527344,38.529998779296875,123.61000061035156,61.72999954223633,112.33000183105469,80.37999725341797,235.1999969482422,676.47998046875,46.24700164794922,43.060001373291016,64.7300033569336,79.0199966430664,59.59000015258789,107.56999969482422,30.65999984741211,86.80999755859375,387.54998779296875,56.779998779296875,164.6300048828125,165.13999938964844,201.8300018310547,63.02000045776367,72.77999877929688,92.73999786376953,82.6500015258789,17.192750930786133,38.970001220703125,192.6999969482422,132.63999938964844,35.65999984741211,143.69332885742188,117.56999969482422,398.69000244140625,60.43000030517578,82.41999816894531,46.779998779296875,27.71500015258789,38.150001525878906,122.18000030517578,61.02000045776367,112.70999908447266,81.4000015258789,236.9199981689453,680.1799926757812,47.29999923706055,43.27000045776367,65.02999877929688,79.62000274658203,59.810001373291016,108.37000274658203,31.510000228881836,87.18000030517578,393.0,57.40999984741211,166.0,167.0,201.99000549316406,63.619998931884766,74.13999938964844,94.2300033569336,83.19000244140625,17.571250915527344,39.08000183105469,194.77000427246094,133.6999969482422,36.52000045776367,144.97666931152344,118.13999938964844,406.9599914550781,60.93000030517578,83.1500015258789,47.099998474121094,27.8700008392334,38.529998779296875,122.38999938964844,61.33000183105469,5570100,29006800,2153800,594300,24142000,28401900,7974100,12670100,5405100,6748600,9893700,2670200,2188700,17364400,5362800,7267200,17231400,5920300,16794400,6773800,9006400,575756000,24110700,907800,5563300,10082500,2376300,6266000,3353800,4520800,2597400,16644300,40070400,37401800,13978500,15477900
2021-06-08,93.13239288330078,80.88999938964844,202.31973266601562,650.3115234375,41.93748092651367,38.13570785522461,52.104820251464844,66.512939453125,50.5947151184082,88.56277465820312,23.9757080078125,68.28941345214844,342.312255859375,52.16152572631836,142.77020263671875,145.41500854492188,210.52926635742188,56.920291900634766,61.8575553894043,78.98716735839844,78.53985595703125,17.41311264038086,30.067508697509766,161.76197814941406,120.9134521484375,32.33865737915039,138.00531005859375,106.69593048095703,368.7476806640625,48.53122329711914,70.58071899414062,41.322288513183594,23.26839828491211,34.93906784057617,112.7000961303711,51.69634246826172,112.33999633789062,80.88999938964844,236.82000732421875,680.72998046875,46.35300064086914,42.880001068115234,63.70000076293945,79.08000183105469,60.470001220703125,108.7300033569336,30.850000381469727,87.38999938964844,384.70001220703125,57.0,163.38999938964844,165.0,220.6999969482422,64.08999633789062,72.4000015258789,92.79000091552734,80.52999877929688,17.457000732421875,38.849998474121094,194.10000610351562,134.1999969482422,35.900001525878906,143.7066650390625,115.91999816894531,401.739990234375,60.290000915527344,83.26000213623047,46.61000061035156,27.9950008392334,38.119998931884766,122.1500015258789,62.130001068115234,113.08999633789062,82.6500015258789,239.1199951171875,692.1199951171875,47.23899841308594,43.2400016784668,64.88999938964844,79.41999816894531,60.619998931884766,108.9800033569336,31.1200008392334,87.69999694824219,386.4800109863281,57.63999938964844,165.66000366210938,165.75999450683594,222.27000427246094,64.16999816894531,73.16999816894531,93.19000244140625,84.9800033569336,17.62150001525879,39.11000061035156,194.3000030517578,135.38999938964844,36.209999084472656,145.913330078125,117.68000030517578,402.75,60.58000183105469,83.5199966430664,47.0099983215332,28.045000076293945,38.2400016784668,122.9000015258789,62.47999954223633,111.81999969482422,80.44999694824219,235.25,676.5499877929688,46.35100173950195,42.43000030517578,63.220001220703125,77.70999908447266,58.630001068115234,106.30000305175781,30.110000610351562,84.33999633789062,382.2200012207031,56.599998474121094,162.07000732421875,163.16000366210938,217.3699951171875,62.790000915527344,72.08000183105469,91.69000244140625,80.01000213623047,17.250999450683594,38.47999954223633,189.5500030517578,133.0,35.220001220703125,142.6233367919922,115.05999755859375,398.75,59.4900016784668,80.87000274658203,46.29999923706055,27.329999923706055,37.72999954223633,121.20999908447266,60.66999816894531,112.68000030517578,81.87000274658203,238.92999267578125,690.6699829101562,46.80500030517578,42.86000061035156,64.80999755859375,78.30000305175781,59.43000030517578,107.6500015258789,30.489999771118164,85.16999816894531,385.7900085449219,57.45000076293945,165.27999877929688,164.49000549316406,221.7100067138672,63.2599983215332,72.94999694824219,92.3499984741211,84.97000122070312,17.527250289916992,39.06999969482422,191.3000030517578,134.05999755859375,35.59000015258789,145.66000366210938,117.55000305175781,400.7200012207031,60.209999084472656,82.4000015258789,46.7400016784668,27.65999984741211,38.0099983215332,122.83000183105469,61.5,4114200,26956600,1638000,562800,16615000,41871400,14421200,15399100,7345200,10559500,9744900,3018800,2452600,33254500,7746800,10370700,4618500,9855000,13657700,7036300,29666500,323848000,18880300,1524100,9657900,12822000,2534400,11564800,3051300,5617400,3197700,21271700,57553000,47747700,10799500,28953400
2021-06-09,94.50857543945312,79.95999908447266,204.62635803222656,652.0885620117188,41.97367477416992,37.637664794921875,53.4953727722168,65.72230529785156,49.9337272644043,87.78897094726562,23.260713577270508,67.05475616455078,340.60382080078125,52.16152572631836,144.6925811767578,143.59950256347656,215.5850372314453,56.493988037109375,63.25872039794922,78.8850326538086,76.7160873413086,17.31857681274414,30.81048583984375,159.00344848632812,119.73314666748047,32.212547302246094,137.32672119140625,107.80963134765625,368.1602478027344,47.69406509399414,69.45325469970703,40.71055603027344,23.122941970825195,34.609100341796875,113.78880310058594,52.12901306152344,114.0,79.95999908447266,239.52000427246094,682.5900268554688,46.393001556396484,42.31999969482422,65.4000015258789,78.13999938964844,59.68000030517578,107.77999877929688,29.93000030517578,85.80999755859375,382.7799987792969,57.0,165.58999633789062,162.94000244140625,226.0,63.61000061035156,74.04000091552734,92.66999816894531,78.66000366210938,17.35824966430664,39.810001373291016,190.7899932861328,132.88999938964844,35.7599983215332,143.0,117.12999725341797,401.1000061035156,59.25,81.93000030517578,45.91999816894531,27.81999969482422,37.7599983215332,123.33000183105469,62.650001525878906,114.41999816894531,81.68000030517578,241.30999755859375,688.0599975585938,46.71900177001953,42.72999954223633,65.55000305175781,78.77999877929688,60.880001068115234,109.52999877929688,31.18000030517578,87.94000244140625,384.2699890136719,57.47999954223633,165.77999877929688,164.22000122070312,226.72999572753906,64.69999694824219,74.30000305175781,93.22000122070312,80.55999755859375,17.575000762939453,39.84000015258789,193.05999755859375,135.35000610351562,36.13999938964844,144.60000610351562,117.6500015258789,405.7799987792969,59.86000061035156,84.13999938964844,46.34000015258789,28.19499969482422,38.02000045776367,123.54000091552734,63.41999816894531,112.73999786376953,79.80000305175781,236.72999572753906,680.8099975585938,46.172000885009766,42.11000061035156,63.91999816894531,77.76000213623047,59.58000183105469,107.6500015258789,29.790000915527344,85.76000213623047,378.8800048828125,56.970001220703125,163.66000366210938,162.27999877929688,220.25999450683594,63.54999923706055,72.94999694824219,91.79000091552734,78.5199966430664,17.25575065612793,38.97999954223633,190.61000061035156,132.7899932861328,35.4900016784668,143.0,115.97000122070312,400.5299987792969,59.20000076293945,81.9000015258789,45.630001068115234,27.80500030517578,37.65999984741211,122.45999908447266,62.189998626708984,112.87999725341797,81.08999633789062,237.9199981689453,685.0,46.71900177001953,42.470001220703125,64.0199966430664,78.66999816894531,60.630001068115234,109.05999755859375,30.93000030517578,87.5,383.1600036621094,57.36000061035156,163.99000549316406,164.13999938964844,221.35000610351562,64.29000091552734,73.0,92.37999725341797,80.16999816894531,17.515750885009766,39.0,192.58999633789062,135.10000610351562,35.90999984741211,144.18333435058594,116.0,403.3299865722656,59.790000915527344,83.61000061035156,46.2400016784668,28.075000762939453,37.970001220703125,122.45999908447266,62.66999816894531,4884000,28454600,3047700,440700,12126000,42366300,13693600,13778400,7026300,10146900,9713100,3154800,2025900,13904800,5552600,12377400,4934900,13185600,12258700,7811700,21434900,381656000,29824000,1309500,6717200,9229900,2607000,6401600,1925700,6549800,3366300,22617500,56052200,40776200,7965600,29133000
2021-06-10,96.36557006835938,81.55999755859375,209.00050354003906,668.663330078125,42.40252685546875,37.07737350463867,55.12312698364258,64.67096710205078,50.34370803833008,88.3021240234375,22.84103775024414,67.33607482910156,332.7378234863281,52.5092658996582,145.99453735351562,141.3610076904297,222.7775115966797,56.34300231933594,65.05294036865234,78.04228210449219,77.32075500488281,17.385173797607422,31.48380470275879,157.3033447265625,120.93146514892578,31.473894119262695,138.90415954589844,108.831298828125,368.51812744140625,47.17888259887695,69.46174621582031,39.97471618652344,23.093854904174805,34.2058219909668,115.73556518554688,52.21222686767578,116.23999786376953,81.55999755859375,244.63999938964844,699.9400024414062,46.867000579833984,41.689998626708984,67.38999938964844,76.88999938964844,60.16999816894531,108.41000366210938,29.389999389648438,86.16999816894531,373.94000244140625,57.380001068115234,167.0800018310547,160.39999389648438,233.5399932861328,63.439998626708984,76.13999938964844,91.68000030517578,79.27999877929688,17.424999237060547,40.68000030517578,188.75,134.22000122070312,34.939998626708984,144.47000122070312,118.23999786376953,401.489990234375,58.61000061035156,81.94000244140625,45.09000015258789,27.78499984741211,37.31999969482422,125.44000244140625,62.75,116.98999786376953,81.70999908447266,245.3300018310547,704.780029296875,46.95399856567383,42.959999084472656,67.69999694824219,79.29000091552734,61.279998779296875,110.25,30.6299991607666,87.5199966430664,389.6400146484375,58.029998779296875,167.5800018310547,165.24000549316406,235.85000610351562,64.83999633789062,76.47000122070312,93.9800033569336,80.83999633789062,17.492000579833984,40.720001220703125,193.60000610351562,135.10000610351562,36.22999954223633,145.03334045410156,118.8499984741211,402.8500061035156,60.22999954223633,84.19999694824219,46.650001525878906,28.325000762939453,38.18000030517578,125.58000183105469,63.97999954223633,114.1500015258789,79.69999694824219,239.22000122070312,686.5599975585938,46.020999908447266,41.619998931884766,65.41999816894531,76.83000183105469,59.279998779296875,107.25,29.049999237060547,84.83999633789062,372.3500061035156,56.93000030517578,165.9499969482422,160.30999755859375,226.25,63.04999923706055,74.73999786376953,91.52999877929688,78.52999877929688,17.176000595092773,39.88999938964844,188.6699981689453,132.5800018310547,34.7400016784668,142.7566680908203,116.62999725341797,398.4700012207031,58.599998474121094,81.27999877929688,45.0099983215332,27.489999771118164,37.290000915527344,123.58000183105469,62.25,114.36000061035156,80.0199966430664,239.57000732421875,689.3599853515625,46.54999923706055,42.7599983215332,65.55000305175781,79.04000091552734,61.0099983215332,109.05999755859375,30.559999465942383,87.37000274658203,389.6400146484375,57.150001525878906,166.0,164.36000061035156,226.97000122070312,64.66000366210938,75.2300033569336,93.5,79.4000015258789,17.350000381469727,39.900001525878906,193.47999572753906,133.0500030517578,36.15999984741211,143.05667114257812,117.04000091552734,401.9100036621094,60.119998931884766,83.41999816894531,46.470001220703125,28.19499969482422,38.08000183105469,123.62999725341797,63.61000061035156,6263800,28606400,2655900,800100,15413000,40123600,15019300,15277400,9396000,13526200,11263700,3122100,3900800,26738100,6463100,12119400,5598200,6980000,17236700,6584900,22683300,287772000,42613700,1236100,5522300,11364300,2165100,8566600,4033600,4873800,2903800,21640000,57353800,53775500,9350900,27488700
2021-06-11,95.68577575683594,81.30999755859375,207.40289306640625,665.8832397460938,42.58618927001953,37.22855758666992,55.082237243652344,64.32611846923828,50.176361083984375,87.89488220214844,23.02974510192871,66.76561737060547,336.3949890136719,52.93936538696289,144.14207458496094,141.26400756835938,213.7629852294922,56.11209487915039,65.16400909423828,78.35724639892578,77.37926483154297,17.784509658813477,31.07362174987793,157.6782989501953,121.29185485839844,31.428857803344727,139.6060333251953,108.84051513671875,365.2138977050781,47.60550308227539,68.9107437133789,40.49778366088867,23.014894485473633,34.42579650878906,114.91443634033203,51.7296257019043,115.41999816894531,81.30999755859375,242.77000427246094,697.030029296875,47.06999969482422,41.86000061035156,67.33999633789062,76.4800033569336,59.970001220703125,107.91000366210938,29.290000915527344,85.44000244140625,378.04998779296875,57.849998474121094,164.9600067138672,160.2899932861328,224.08999633789062,63.18000030517578,76.2699966430664,92.05000305175781,79.33999633789062,17.82525062561035,40.150001525878906,189.1999969482422,134.6199951171875,34.88999938964844,145.1999969482422,118.25,397.8900146484375,59.13999938964844,81.29000091552734,45.68000030517578,27.690000534057617,37.560001373291016,124.55000305175781,62.16999816894531,116.36000061035156,82.33000183105469,245.5,698.9400024414062,47.2130012512207,41.88999938964844,67.94000244140625,77.19000244140625,60.93000030517578,108.97000122070312,29.559999465942383,87.69999694824219,378.75,57.939998626708984,167.0800018310547,161.1999969482422,229.58999633789062,64.0,76.86000061035156,92.55999755859375,80.76000213623047,17.939250946044922,40.66999816894531,190.5,134.64999389648438,35.65999984741211,145.1999969482422,118.41999816894531,403.3599853515625,59.22999954223633,82.86000061035156,45.689998626708984,28.040000915527344,37.58000183105469,125.30999755859375,63.189998626708984,114.87000274658203,80.69999694824219,241.97999572753906,691.3499755859375,46.71500015258789,41.5099983215332,66.77999877929688,76.0999984741211,59.79999923706055,107.86000061035156,29.110000610351562,85.19999694824219,375.1099853515625,56.95000076293945,164.22000122070312,159.05999755859375,221.55999755859375,63.15999984741211,75.61000061035156,91.69000244140625,79.20999908447266,17.443750381469727,39.95000076293945,187.7899932861328,133.64999389648438,34.7599983215332,144.086669921875,117.16000366210938,394.7799987792969,58.58000183105469,81.23999786376953,45.18000030517578,27.655000686645508,37.380001068115234,123.91999816894531,62.13999938964844,116.23999786376953,81.61000061035156,244.8800048828125,698.2000122070312,46.84400177001953,41.810001373291016,67.88999938964844,77.0,60.5,108.83999633789062,29.270000457763672,86.94000244140625,375.70001220703125,57.470001220703125,167.07000732421875,160.42999267578125,227.02999877929688,63.70000076293945,76.70999908447266,91.72000122070312,80.06999969482422,17.47949981689453,40.65999984741211,189.27999877929688,133.8000030517578,35.380001068115234,144.90333557128906,118.29000091552734,403.3500061035156,58.779998779296875,82.54000091552734,45.18000030517578,27.885000228881836,37.38999938964844,125.25,63.0099983215332,4471400,24310900,2002300,445100,14508000,31203600,9541600,18043500,8117000,7731700,6377100,3977200,2117300,18119700,7389900,13683800,5636000,3631600,13928400,6509400,12675700,416308000,21386900,1317100,6529900,7243600,1765200,6036600,3094300,5659300,2194200,19389300,38091400,40416700,6958100,17631700
2021-06-14,95.6692123413086,81.55000305175781,206.0530548095703,677.6336059570312,43.05031204223633,36.783878326416016,55.04133605957031,63.21588897705078,50.46084976196289,87.9437484741211,22.786001205444336,66.31238555908203,331.83026123046875,53.25050735473633,144.50035095214844,138.86692810058594,215.68040466308594,55.9433479309082,65.01748657226562,77.22508239746094,78.50086212158203,17.97756576538086,30.671178817749023,155.93655395507812,123.71553039550781,30.67218017578125,141.58990478515625,111.36248016357422,366.3796081542969,46.816654205322266,69.4701919555664,40.027915954589844,22.915151596069336,34.06834030151367,115.01593017578125,51.64642333984375,115.4000015258789,81.55000305175781,241.19000244140625,709.3300170898438,47.58300018310547,41.36000061035156,67.29000091552734,75.16000366210938,60.310001373291016,107.97000122070312,28.979999542236328,84.86000061035156,372.9200134277344,58.189998626708984,165.3699951171875,157.57000732421875,226.10000610351562,62.9900016784668,75.44999694824219,90.72000122070312,80.48999786376953,18.018749237060547,39.630001068115234,187.11000061035156,137.30999755859375,34.04999923706055,147.26333618164062,120.98999786376953,399.1600036621094,58.15999984741211,81.94999694824219,45.150001525878906,27.56999969482422,37.16999816894531,124.66000366210938,62.06999969482422,115.4800033569336,81.55000305175781,242.72000122070312,709.6300048828125,47.59000015258789,41.90999984741211,67.44999694824219,76.7699966430664,61.06999969482422,108.95999908447266,29.950000762939453,87.33999633789062,378.75,58.20000076293945,165.4600067138672,160.3300018310547,226.66000366210938,63.709999084472656,75.80000305175781,91.88999938964844,80.94000244140625,18.039499282836914,40.06999969482422,189.07000732421875,137.30999755859375,35.16999816894531,147.26333618164062,121.0,399.4700012207031,59.119998931884766,82.6500015258789,45.880001068115234,27.959999084472656,37.54999923706055,124.68000030517578,62.779998779296875,114.19000244140625,80.19999694824219,239.2899932861328,695.5399780273438,46.60599899291992,41.060001373291016,66.6500015258789,74.66999816894531,59.849998474121094,106.83000183105469,28.760000228881836,84.06999969482422,370.70001220703125,57.22999954223633,163.89999389648438,156.66000366210938,223.02000427246094,62.77000045776367,74.87999725341797,89.88999938964844,79.37000274658203,17.662750244140625,39.380001068115234,185.88999938964844,134.7899932861328,33.7599983215332,144.7133331298828,118.45999908447266,395.1300048828125,57.77000045776367,81.23999786376953,44.84000015258789,27.344999313354492,36.95000076293945,123.77999877929688,61.56999969482422,115.06999969482422,81.51000213623047,242.55999755859375,699.510009765625,47.04899978637695,41.849998474121094,67.31999969482422,76.61000061035156,60.650001525878906,108.18000030517578,29.6200008392334,86.04000091552734,377.42999267578125,58.02000045776367,164.5,160.14999389648438,224.22999572753906,63.380001068115234,75.73999786376953,91.79000091552734,79.5,17.9060001373291,40.029998779296875,188.9199981689453,135.1999969482422,34.869998931884766,145.56666564941406,118.55000305175781,397.29998779296875,58.959999084472656,81.66000366210938,45.61000061035156,27.790000915527344,37.4900016784668,124.4800033569336,62.29999923706055,4427600,27830200,2083200,636600,14675000,36050700,5426600,18304400,7744300,9051900,7983200,3574100,2560500,21784500,4931300,19917900,2720700,8772100,7841400,10163100,14303000,321376000,23408300,1718500,7912600,10015500,3673800,7610300,2674900,5035400,3042300,25452300,37745000,50613400,5156000,16997200
2021-06-15,96.02568054199219,80.47000122070312,204.9083251953125,670.4209594726562,42.58979797363281,36.81056213378906,55.14765548706055,62.088809967041016,51.180397033691406,89.84156036376953,23.27349090576172,66.890625,330.388671875,53.0674934387207,143.7313995361328,136.7606201171875,213.2192840576172,56.547279357910156,65.23294067382812,77.20806121826172,80.14910125732422,17.747844696044922,30.64021873474121,157.73667907714844,122.15682983398438,30.798288345336914,140.4297332763672,109.9450454711914,367.4076232910156,47.09838104248047,69.76691436767578,40.30274963378906,23.35150718688965,34.13249969482422,115.05280303955078,53.526893615722656,115.83000183105469,80.47000122070312,239.85000610351562,701.780029296875,47.07400131225586,41.38999938964844,67.41999816894531,73.81999969482422,61.16999816894531,110.30000305175781,29.600000381469727,85.5999984741211,371.29998779296875,57.9900016784668,164.49000549316406,155.17999267578125,223.52000427246094,63.66999816894531,75.69999694824219,90.69999694824219,82.18000030517578,17.78849983215332,39.59000015258789,189.27000427246094,135.5800018310547,34.189998626708984,146.05667114257812,119.44999694824219,400.2799987792969,58.5099983215332,82.30000305175781,45.459999084472656,28.094999313354492,37.2400016784668,124.69999694824219,64.33000183105469,115.94000244140625,81.68000030517578,241.97999572753906,710.969970703125,47.65700149536133,41.560001373291016,67.56999969482422,75.33999633789062,61.560001373291016,110.4800033569336,29.739999771118164,86.30000305175781,374.8399963378906,58.41999816894531,165.86000061035156,156.9199981689453,226.66000366210938,64.29000091552734,75.7699966430664,91.19999694824219,82.91000366210938,18.016250610351562,39.84000015258789,190.07000732421875,137.3800048828125,34.720001220703125,147.76666259765625,122.0,401.5,58.790000915527344,83.7699966430664,45.720001220703125,28.170000076293945,37.43000030517578,124.9800033569336,64.4000015258789,114.5199966430664,80.22000122070312,239.0500030517578,696.8699951171875,46.85499954223633,40.900001525878906,66.91999816894531,73.25,60.470001220703125,108.38999938964844,29.010000228881836,84.4800033569336,367.1600036621094,57.79999923706055,164.38999938964844,154.1300048828125,222.8699951171875,63.06999969482422,74.72000122070312,89.9000015258789,79.91999816894531,17.72800064086914,39.38999938964844,186.75999450683594,135.22999572753906,34.0,145.57666015625,119.2699966430664,396.4700012207031,57.939998626708984,81.55000305175781,45.0,27.674999237060547,37.0,124.16999816894531,62.349998474121094,115.36000061035156,81.58999633789062,241.74000549316406,707.5999755859375,47.65599822998047,41.279998779296875,67.5,75.05000305175781,60.70000076293945,108.41000366210938,29.06999969482422,85.02999877929688,373.5,58.209999084472656,165.22999572753906,156.6999969482422,226.10000610351562,63.29999923706055,75.5,91.08999633789062,80.63999938964844,17.915000915527344,39.709999084472656,187.1999969482422,137.13999938964844,34.060001373291016,146.8699951171875,120.3499984741211,399.9599914550781,58.130001068115234,82.61000061035156,45.20000076293945,27.7450008392334,37.18000030517578,124.79000091552734,62.47999954223633,3590500,26194300,2508800,510700,11131000,39247900,6247700,25191700,7835700,10540200,7208900,4392200,2302900,20806500,5062900,24485500,2188900,6232000,14185700,7459000,22308600,243032000,20206900,1594500,5723600,9834000,2388300,8196900,2845800,5807800,2819300,23865400,64285000,51315100,5409100,30717100
2021-06-16,95.77698516845703,80.11000061035156,204.67762756347656,667.8129272460938,42.138343811035156,37.01510238647461,54.73867416381836,60.10386657714844,51.14693069458008,89.32842254638672,22.848901748657227,66.1951904296875,330.121826171875,52.362857818603516,143.67898559570312,137.72122192382812,210.5864715576172,56.20090866088867,66.01712799072266,77.5485610961914,78.50086212158203,17.769546508789062,30.415771484375,158.43673706054688,121.58918762207031,30.663171768188477,139.10928344726562,108.62879180908203,364.6263732910156,47.04204559326172,69.0548324584961,40.400272369384766,23.226837158203125,34.09584426879883,114.60995483398438,53.33551788330078,115.52999877929688,80.11000061035156,239.5800018310547,699.0499877929688,46.57500076293945,41.619998931884766,66.91999816894531,71.45999908447266,61.130001068115234,109.66999816894531,29.059999465942383,84.70999908447266,371.0,57.220001220703125,164.42999267578125,156.27000427246094,220.75999450683594,63.279998779296875,76.61000061035156,91.0999984741211,80.48999786376953,17.81024932861328,39.29999923706055,190.11000061035156,134.9499969482422,34.040000915527344,144.68333435058594,118.0199966430664,397.25,58.439998626708984,81.45999908447266,45.56999969482422,27.94499969482422,37.20000076293945,124.22000122070312,64.0999984741211,116.52999877929688,81.44999694824219,244.50999450683594,709.969970703125,47.11199951171875,41.9900016784668,67.86000061035156,73.0,61.779998779296875,110.51000213623047,29.559999465942383,86.05000305175781,374.0799865722656,58.369998931884766,165.75,157.6199951171875,224.36000061035156,63.81999969482422,77.55000305175781,91.63999938964844,83.11000061035156,17.954750061035156,39.84000015258789,191.5399932861328,137.0500030517578,34.65999984741211,146.93333435058594,119.9000015258789,403.1499938964844,58.90999984741211,82.44000244140625,45.959999084472656,28.274999618530273,37.45000076293945,125.45999908447266,64.80000305175781,115.16999816894531,78.95999908447266,238.0,693.7000122070312,46.14799880981445,40.66999816894531,66.83999633789062,70.1500015258789,60.560001373291016,108.9000015258789,28.530000686645508,83.66000366210938,365.25,56.77000045776367,163.47999572753906,153.11000061035156,220.1999969482422,62.70000076293945,76.19000244140625,89.44999694824219,80.12000274658203,17.58449935913086,39.279998779296875,186.1300048828125,133.66000366210938,33.529998779296875,143.53334045410156,117.5,396.6700134277344,57.34000015258789,79.76000213623047,44.31999969482422,27.700000762939453,36.7400016784668,123.87000274658203,63.560001373291016,116.22000122070312,80.75,240.8699951171875,706.0499877929688,47.027000427246094,41.279998779296875,67.41999816894531,72.75,61.09000015258789,110.02999877929688,29.270000457763672,85.4800033569336,370.989990234375,58.150001525878906,164.8000030517578,154.72999572753906,223.52999877929688,63.470001220703125,76.22000122070312,90.5,82.7300033569336,17.79075050354004,39.619998931884766,188.36000061035156,136.47000122070312,33.849998474121094,146.50999450683594,119.55000305175781,401.1000061035156,58.09000015258789,81.69999694824219,44.95000076293945,28.049999237060547,37.119998931884766,124.83000183105469,64.31999969482422,6670200,29598300,3185600,590900,20437000,63859100,10795500,53319800,9745800,9283300,9412500,3806800,3264200,21879700,6988500,25321200,2548800,5432400,17576900,11370300,18116400,307124000,19177500,1715600,7404700,10924400,3614700,8059400,3330800,8635300,3326500,38287700,60786400,84961100,11653200,24803200
2021-06-17,95.25469207763672,84.55999755859375,205.6857452392578,667.6028442382812,42.62871551513672,35.39647674560547,54.6159782409668,57.91706466674805,49.373138427734375,87.21067810058594,21.69309425354004,63.632049560546875,321.6685485839844,52.32624053955078,144.36927795410156,133.7465362548828,211.96966552734375,54.140438079833984,66.55138397216797,74.83309936523438,78.64714813232422,18.614612579345703,30.555086135864258,152.05294799804688,121.9495849609375,29.24892234802246,140.60919189453125,110.06185150146484,364.7181701660156,44.85254669189453,66.6134262084961,37.93565368652344,22.437231063842773,33.08762741088867,115.48646545410156,51.579864501953125,114.9000015258789,84.55999755859375,240.75999450683594,698.8300170898438,47.117000579833984,39.79999923706055,66.7699966430664,68.86000061035156,59.0099983215332,107.06999969482422,27.59000015258789,81.43000030517578,361.5,57.18000030517578,165.22000122070312,151.75999450683594,222.2100067138672,60.959999084472656,77.2300033569336,87.91000366210938,80.63999938964844,18.657249450683594,39.47999954223633,182.4499969482422,135.35000610351562,32.470001220703125,146.2433319091797,119.12000274658203,397.3500061035156,55.720001220703125,78.58000183105469,42.790000915527344,26.9950008392334,36.099998474121094,125.16999816894531,61.9900016784668,115.88999938964844,85.37000274658203,242.42999267578125,704.530029296875,47.52399826049805,42.099998474121094,67.16999816894531,72.61000061035156,61.56999969482422,109.9800033569336,29.329999923706055,85.47000122070312,373.5199890136719,57.900001525878906,165.6999969482422,157.4600067138672,223.10000610351562,63.7599983215332,77.47000122070312,91.75,81.44000244140625,18.834999084472656,39.59000015258789,192.0399932861328,136.6199951171875,34.2599983215332,147.31333923339844,120.23999786376953,398.07000732421875,58.959999084472656,81.75,45.959999084472656,28.110000610351562,37.40999984741211,125.5,64.45999908447266,114.02999877929688,80.56999969482422,238.33999633789062,691.0999755859375,46.39400100708008,39.720001220703125,66.2300033569336,68.16000366210938,58.54999923706055,96.30999755859375,27.149999618530273,79.72000122070312,356.54998779296875,56.70000076293945,163.5,151.25,220.27000427246094,60.43000030517578,75.98999786376953,87.05999755859375,79.36000061035156,17.756250381469727,39.06999969482422,181.72999572753906,134.08999633789062,31.889999389648438,144.17666625976562,117.58999633789062,394.6099853515625,55.529998779296875,77.6500015258789,42.65999984741211,26.6299991607666,35.9900016784668,123.9800033569336,61.27000045776367,114.9800033569336,80.7699966430664,239.5399932861328,691.3599853515625,46.487998962402344,42.02000045776367,67.02999877929688,72.58000183105469,60.900001525878906,109.23999786376953,28.969999313354492,84.66999816894531,373.5199890136719,57.04999923706055,164.19000244140625,157.10000610351562,220.27000427246094,63.27000045776367,76.33999633789062,91.73999786376953,79.69999694824219,17.774499893188477,39.27000045776367,192.0399932861328,134.30999755859375,33.970001220703125,144.2866668701172,117.68000030517578,396.0,58.88999938964844,81.13999938964844,45.790000915527344,27.875,37.38999938964844,124.0,63.86000061035156,4172300,77822800,2142800,746700,20881000,80728200,8841500,48523000,13667200,14337800,14957200,4582200,4146300,21498800,5874700,29722400,1890700,7209900,14233200,11131600,16003900,809656000,19580100,2544000,6618300,14511300,3873000,7608100,3532000,8333100,3981300,48910400,106941800,97659900,6527000,28491800
2021-06-18,93.7790298461914,84.6500015258789,203.90878295898438,641.083251953125,41.93476486206055,34.48933410644531,54.37059783935547,56.865699768066406,48.13484191894531,83.92000579833984,21.032629013061523,61.97542953491211,310.3945617675781,50.944419860839844,141.53817749023438,130.36231994628906,208.47830200195312,52.28424835205078,66.01712799072266,71.58130645751953,75.04833221435547,18.59615135192871,30.03653335571289,148.61935424804688,119.8322525024414,28.18597984313965,137.24403381347656,106.98507690429688,358.7025146484375,44.063682556152344,64.4432601928711,37.01363754272461,21.772302627563477,32.290225982666016,114.16708374023438,50.256874084472656,113.12000274658203,84.6500015258789,238.67999267578125,671.0700073242188,46.349998474121094,38.779998779296875,66.47000122070312,67.61000061035156,57.529998779296875,103.02999877929688,26.75,79.30999755859375,348.8299865722656,55.66999816894531,161.97999572753906,147.9199981689453,218.5500030517578,58.869998931884766,76.61000061035156,84.08999633789062,76.94999694824219,18.638750076293945,38.810001373291016,178.3300018310547,133.0,31.290000915527344,142.7433319091797,115.79000091552734,389.3699951171875,54.7400016784668,76.0199966430664,41.75,26.19499969482422,35.22999954223633,123.73999786376953,60.400001525878906,114.19999694824219,85.7699966430664,241.0,687.2000122070312,46.97600173950195,39.29999923706055,66.7300033569336,68.75,59.209999084472656,106.2699966430664,27.440000534057617,81.30000305175781,358.3800048828125,56.75,164.19000244140625,149.6999969482422,221.0500030517578,60.5099983215332,77.22000122070312,86.9000015258789,79.27999877929688,19.375,39.439998626708984,180.63999938964844,134.5800018310547,32.09000015258789,145.34666442871094,117.88999938964844,392.6600036621094,55.22999954223633,78.27999877929688,42.310001373291016,26.764999389648438,35.7400016784668,124.41000366210938,61.54999923706055,113.05000305175781,83.4800033569336,236.47000122070312,668.5700073242188,46.05099868774414,38.4900016784668,65.77999877929688,67.12999725341797,57.47999954223633,102.91000366210938,26.670000076293945,78.80000305175781,348.1300048828125,55.099998474121094,161.7899932861328,147.55999755859375,218.32000732421875,58.86000061035156,76.16000366210938,83.91000366210938,76.12999725341797,18.583999633789062,38.70000076293945,177.69000244140625,132.24000549316406,31.280000686645508,141.9566650390625,115.20999908447266,387.25,54.060001373291016,75.9000015258789,41.470001220703125,26.174999237060547,35.18000030517578,123.56999969482422,60.2400016784668,113.63999938964844,84.27999877929688,239.5800018310547,685.3499755859375,46.72700119018555,39.0099983215332,66.4000015258789,68.4800033569336,57.880001068115234,105.25,26.850000381469727,79.80999755859375,356.5199890136719,56.68000030517578,163.27000427246094,149.3000030517578,220.42999267578125,60.16999816894531,76.73999786376953,86.38999938964844,78.9000015258789,18.784000396728516,39.29999923706055,180.63999938964844,134.5500030517578,31.790000915527344,145.24000549316406,117.51000213623047,387.2799987792969,54.77000045776367,77.47000122070312,41.68000030517578,26.43000030517578,35.619998931884766,124.23999786376953,61.0,7415400,58736800,5560400,1669900,28537000,102774200,15038300,44582900,18583800,22284500,16743600,9421200,6290100,55118300,12993000,43595700,4016600,8980600,19351900,22453900,39881500,968856000,37775900,3944200,12753600,24774200,2889900,12532800,5521400,19017200,7077700,61292200,113812200,180960000,11152600,39590700
2021-06-21,95.11376953125,82.58999633789062,205.24147033691406,650.2351684570312,42.36423873901367,35.35201644897461,54.665077209472656,57.572200775146484,50.57798767089844,86.3798599243164,22.487224578857422,66.4139633178711,318.14483642578125,51.12744140625,143.16343688964844,132.57444763183594,212.40847778320312,54.22037124633789,66.13778686523438,73.15613555908203,75.1653823852539,18.3851318359375,30.50864601135254,153.4696807861328,120.69721221923828,29.83443832397461,137.75039672851562,105.46055603027344,366.71728515625,45.061832427978516,67.80022430419922,38.370059967041016,22.70012664794922,33.04385757446289,115.5388412475586,52.0791015625,114.7300033569336,82.58999633789062,240.24000549316406,680.6500244140625,46.46099853515625,39.75,66.83000183105469,68.44999694824219,60.45000076293945,106.05000305175781,28.600000381469727,84.98999786376953,357.5400085449219,55.869998931884766,163.83999633789062,150.42999267578125,222.6699981689453,61.04999923706055,76.75,85.94000244140625,77.06999969482422,18.427249908447266,39.41999816894531,184.14999389648438,133.9600067138672,33.119998931884766,143.27000427246094,114.13999938964844,398.07000732421875,55.97999954223633,79.9800033569336,43.279998779296875,27.03499984741211,35.90999984741211,124.73999786376953,62.59000015258789,115.25,84.19000244140625,240.91000366210938,681.9500122070312,46.53799819946289,39.779998779296875,67.16000366210938,69.08999633789062,60.529998779296875,106.44000244140625,28.6299991607666,85.08000183105469,357.9700012207031,56.040000915527344,164.25999450683594,151.1999969482422,223.77000427246094,61.16999816894531,77.29000091552734,86.44999694824219,77.29000091552734,18.536500930786133,39.47999954223633,184.35000610351562,135.10000610351562,33.2400016784668,143.52000427246094,115.4000015258789,399.20001220703125,56.119998931884766,80.06999969482422,43.310001373291016,27.084999084472656,35.93000030517578,124.97000122070312,62.70000076293945,112.7699966430664,82.20999908447266,237.64999389648438,672.4000244140625,45.84400177001953,39.029998779296875,66.4800033569336,67.87999725341797,58.209999084472656,103.93000030517578,27.18000030517578,80.5999984741211,351.0400085449219,55.369998931884766,162.25,149.02000427246094,218.0800018310547,59.150001525878906,76.55000305175781,84.22000122070312,75.70999908447266,17.822750091552734,38.880001068115234,179.74000549316406,132.66000366210938,31.670000076293945,141.69332885742188,113.0199966430664,389.2200012207031,55.060001373291016,76.58999633789062,42.22999954223633,26.145000457763672,35.380001068115234,123.19999694824219,60.900001525878906,113.69000244140625,83.48999786376953,239.63999938964844,678.5,46.117000579833984,39.119998931884766,66.61000061035156,68.44000244140625,58.22999954223633,104.0999984741211,27.200000762939453,80.75,352.8900146484375,55.75,162.77000427246094,149.0800018310547,219.10000610351562,59.33000183105469,76.88999938964844,84.56999969482422,76.8499984741211,18.43524932861328,38.880001068115234,180.44000244140625,133.0500030517578,31.75,142.9066619873047,115.37999725341797,389.3699951171875,55.060001373291016,76.75,42.29999923706055,26.145000457763672,35.439998626708984,123.6500015258789,60.93000030517578,4666100,44417100,2149000,565500,18591000,48119400,10195400,30266600,8234300,13591500,10531200,4966500,2717300,19254600,6592300,18664800,3671300,4657900,10880800,10672700,19810100,672384000,19488100,1386300,6371400,11198400,2233200,11116200,3839300,5680700,3682300,26444700,84366800,89831400,6655400,33145400
2021-06-22,95.08888244628906,83.58000183105469,204.95956420898438,655.1647338867188,42.34965133666992,35.547664642333984,53.93707275390625,58.001155853271484,50.862464904785156,86.6649398803711,22.440046310424805,66.3827133178711,318.1359558105469,51.12744140625,142.97120666503906,132.38050842285156,211.23516845703125,54.47792053222656,65.65521240234375,72.95183563232422,75.7408218383789,18.843584060668945,30.655689239501953,153.2696990966797,121.70635223388672,29.744359970092773,138.4009552001953,105.63611602783203,367.2884521484375,45.02962112426758,68.64794158935547,38.60056686401367,22.851261138916016,33.09907531738281,115.78893280029297,53.07759094238281,114.69999694824219,83.58000183105469,239.91000366210938,685.8099975585938,46.44499969482422,39.970001220703125,65.94000244140625,68.95999908447266,60.790000915527344,106.4000015258789,28.540000915527344,84.94999694824219,357.5299987792969,55.869998931884766,163.6199951171875,150.2100067138672,221.44000244140625,61.34000015258789,76.19000244140625,85.69999694824219,77.66000366210938,18.886749267578125,39.61000061035156,183.91000366210938,135.0800018310547,33.02000045776367,143.94667053222656,114.33000183105469,398.69000244140625,55.939998626708984,80.9800033569336,43.540000915527344,27.21500015258789,35.970001220703125,125.01000213623047,63.790000915527344,115.27999877929688,84.04000091552734,240.75,687.5700073242188,46.858001708984375,40.2599983215332,66.79000091552734,69.41000366210938,61.119998931884766,106.95999908447266,28.700000762939453,85.55000305175781,359.8800048828125,56.279998779296875,164.0399932861328,150.97000122070312,223.61000061035156,61.689998626708984,76.73999786376953,86.22000122070312,78.27999877929688,18.9637508392334,39.689998626708984,185.13999938964844,135.30999755859375,33.36000061035156,144.36000061035156,114.48999786376953,400.6499938964844,56.25,81.54000091552734,43.869998931884766,27.31999969482422,36.11000061035156,125.18000030517578,64.01000213623047,113.87999725341797,82.4800033569336,238.2899932861328,676.260009765625,46.13199996948242,39.279998779296875,65.70999908447266,67.7699966430664,59.63999938964844,104.30999755859375,27.860000610351562,83.4000015258789,352.6400146484375,55.5,163.27999877929688,148.66000366210938,220.50999450683594,60.380001068115234,76.01000213623047,84.9800033569336,77.05000305175781,18.38599967956543,39.2599983215332,181.6699981689453,133.2899932861328,32.630001068115234,142.67999267578125,112.01000213623047,397.82000732421875,55.349998474121094,78.66999816894531,42.86000061035156,26.674999237060547,35.630001068115234,124.4000015258789,62.22999954223633,114.48999786376953,82.9000015258789,239.7100067138672,680.489990234375,46.65800094604492,39.880001068115234,66.75,68.9000015258789,60.150001525878906,105.33000183105469,28.399999618530273,84.94000244140625,357.0,55.939998626708984,163.7100067138672,150.60000610351562,222.6300048828125,60.7400016784668,76.58999633789062,85.86000061035156,77.61000061035156,18.471500396728516,39.40999984741211,183.6300048828125,134.22000122070312,32.84000015258789,143.48333740234375,113.5,400.6099853515625,56.2400016784668,79.4800033569336,43.40999984741211,26.969999313354492,35.9900016784668,124.81999969482422,62.849998474121094,4359900,32107700,1780400,542200,13722000,44113200,9458700,21564600,6745100,10230100,7999300,3187400,1870800,18682800,5627800,14251200,1658800,4246900,10957500,9664100,16771800,580144000,15975900,1415300,5976400,7675200,1737900,11792400,3964600,4183300,4484200,26455200,48344400,42576400,7194000,25140400
2021-06-23,94.50857543945312,83.81999969482422,203.93441772460938,651.1905517578125,42.55116271972656,35.75222396850586,53.38085174560547,58.581512451171875,50.83734893798828,86.55905151367188,22.88035774230957,66.9687728881836,321.2680969238281,50.5692253112793,142.1061248779297,133.1824951171875,207.09515380859375,54.664432525634766,65.12953186035156,73.09654235839844,77.06717681884766,19.013690948486328,30.222293853759766,154.2864227294922,122.10276794433594,29.61825180053711,138.97789001464844,107.22532653808594,364.4049987792969,45.19062805175781,68.5377197265625,38.972923278808594,22.91423797607422,33.16348648071289,115.3072738647461,53.46864700317383,114.0,83.81999969482422,238.7100067138672,681.6500244140625,46.66600036621094,40.20000076293945,65.26000213623047,69.6500015258789,60.7599983215332,106.2699966430664,29.100000381469727,85.69999694824219,361.04998779296875,55.2599983215332,162.6300048828125,151.1199951171875,217.10000610351562,61.54999923706055,75.58000183105469,85.87000274658203,79.0199966430664,19.057249069213867,39.04999923706055,185.1300048828125,135.52000427246094,32.880001068115234,144.54666137695312,116.05000305175781,395.55999755859375,56.13999938964844,80.8499984741211,43.959999084472656,27.290000915527344,36.040000915527344,124.48999786376953,64.26000213623047,115.02999877929688,84.48999786376953,239.75,689.22998046875,46.78799819946289,40.41999816894531,66.22000122070312,70.05000305175781,62.349998474121094,108.12999725341797,29.90999984741211,87.7699966430664,362.4800109863281,55.970001220703125,163.69000244140625,152.0399932861328,222.24000549316406,62.849998474121094,76.26000213623047,86.31999969482422,79.87000274658203,19.15275001525879,39.65999984741211,186.38999938964844,136.22999572753906,34.08000183105469,145.36000061035156,117.41999816894531,399.0,56.52000045776367,83.0,44.310001373291016,27.774999618530273,36.209999084472656,125.12999725341797,64.69999694824219,113.94999694824219,83.16000366210938,236.92999267578125,679.5499877929688,46.30400085449219,40.06999969482422,65.23999786376953,69.08000183105469,60.75,106.2300033569336,28.850000381469727,85.61000061035156,357.6600036621094,55.22999954223633,162.47999572753906,150.08999633789062,217.0,61.529998779296875,75.55000305175781,85.56999969482422,78.06999969482422,18.90774917602539,38.97999954223633,184.10000610351562,134.80999755859375,32.869998931884766,144.25999450683594,115.80999755859375,395.2699890136719,55.77000045776367,80.72000122070312,43.5,27.239999771118164,35.95000076293945,124.44000244140625,63.58000183105469,114.55000305175781,83.83000183105469,239.64999389648438,686.530029296875,46.38600158691406,40.15999984741211,66.1500015258789,69.36000061035156,61.099998474121094,107.36000061035156,28.8700008392334,85.87999725341797,358.7900085449219,55.869998931884766,163.69000244140625,150.1999969482422,222.19000244140625,62.060001373291016,75.8499984741211,86.04000091552734,78.0999984741211,19.007749557495117,39.630001068115234,184.5,134.88999938964844,33.54999923706055,144.30667114257812,116.19999694824219,397.82000732421875,56.02000045776367,82.0199966430664,43.5,27.46500015258789,36.0,124.83999633789062,64.05000305175781,3837300,25992400,1654300,523400,17674000,32039900,7473100,19672700,8184000,7792800,9484600,2601300,1713100,20287900,4493400,12733300,2419600,3538800,9539100,7139000,16662200,332356000,22025400,1017300,6613800,8113100,1889400,8913700,2942100,5655900,4793200,18778500,40553000,48094900,6506600,20701600
2021-06-24,95.12202453613281,86.0999984741211,205.8480224609375,663.9439697265625,42.861183166503906,36.312522888183594,53.86345672607422,59.986114501953125,51.36445999145508,87.26769256591797,23.38356590270996,67.2735595703125,328.1196594238281,51.31047058105469,142.75270080566406,134.40750122070312,222.2338104248047,55.36606216430664,65.80170440673828,74.12654876708984,78.58863067626953,19.16160774230957,30.330636978149414,157.66165161132812,124.2651596069336,29.960552215576172,141.3398895263672,108.32483673095703,367.4542236328125,45.78630447387695,69.28372192382812,40.05451583862305,23.11155128479004,33.57756805419922,115.90008544921875,53.68498229980469,114.73999786376953,86.0999984741211,240.9499969482422,695.0,47.00600051879883,40.83000183105469,65.8499984741211,71.31999969482422,61.38999938964844,107.13999938964844,29.739999771118164,86.08999633789062,368.75,56.06999969482422,163.3699951171875,152.50999450683594,232.97000122070312,62.34000015258789,76.36000061035156,87.08000183105469,80.58000183105469,19.20549964904785,39.189998626708984,189.17999267578125,137.9199981689453,33.2599983215332,147.00332641601562,117.23999786376953,398.8699951171875,56.880001068115234,81.7300033569336,45.18000030517578,27.524999618530273,36.4900016784668,125.12999725341797,64.5199966430664,116.19000244140625,87.13999938964844,243.02999877929688,697.9600219726562,47.3650016784668,41.0099983215332,66.20999908447266,71.66999816894531,61.5099983215332,107.77999877929688,29.760000228881836,86.12999725341797,370.8800048828125,56.099998474121094,164.1999969482422,153.1199951171875,239.3699951171875,62.5,76.63999938964844,87.38999938964844,80.9000015258789,19.420000076293945,39.349998474121094,189.6699981689453,138.50999450683594,33.349998474121094,147.39332580566406,117.66999816894531,402.1600036621094,57.13999938964844,82.05000305175781,45.41999816894531,27.545000076293945,36.58000183105469,126.01000213623047,64.55999755859375,114.26000213623047,84.37000274658203,239.2899932861328,690.6699829101562,46.86000061035156,40.18000030517578,65.41000366210938,69.94999694824219,60.31999969482422,106.36000061035156,28.639999389648438,84.37000274658203,362.7799987792969,55.34000015258789,162.8000030517578,151.22000122070312,230.4199981689453,61.439998626708984,75.7300033569336,85.83999633789062,79.91999816894531,19.08824920654297,39.08000183105469,185.0399932861328,136.35000610351562,32.529998779296875,145.8000030517578,116.2699966430664,396.8399963378906,56.0099983215332,80.70999908447266,44.209999084472656,27.149999618530273,36.08000183105469,124.98999786376953,63.810001373291016,114.41999816894531,84.38999938964844,240.41000366210938,691.6699829101562,46.98899841308594,40.439998626708984,65.45999908447266,70.33000183105469,60.970001220703125,107.13999938964844,29.110000610351562,85.20999908447266,363.0,55.4900016784668,163.27000427246094,151.9199981689453,234.9199981689453,62.0,75.7300033569336,86.45999908447266,80.43000030517578,19.227750778198242,39.13999938964844,186.5,136.6199951171875,33.04999923706055,145.95333862304688,116.72000122070312,398.32000732421875,56.290000915527344,81.55999755859375,44.2599983215332,27.415000915527344,36.25,125.22000122070312,64.1500015258789,7712300,42217700,1943000,469400,12502000,37161800,6742200,23900400,6424400,8724600,9092900,2754800,2716600,21209700,4549200,13733200,12290500,2646000,8601900,7953500,15721000,320924000,13436500,1690900,7941700,6238300,1428300,6772200,3309100,5761900,4225300,27951000,41756800,42942800,7029200,19568400
2021-06-25,93.66297912597656,85.62000274658203,207.32601928710938,655.5467529296875,42.144500732421875,37.01510238647461,54.59144973754883,60.17955780029297,51.29753494262695,87.39801025390625,23.399290084838867,68.49258422851562,328.137451171875,51.1640510559082,143.4867401123047,135.7647247314453,219.61058044433594,55.552574157714844,66.5255355834961,75.25019836425781,80.00279235839844,18.98750114440918,30.168107986450195,161.14527893066406,124.02188110351562,30.041622161865234,140.95530700683594,107.6688232421875,373.0554504394531,46.567115783691406,69.58889770507812,41.118377685546875,23.233308792114258,33.982452392578125,116.42801666259766,53.801475524902344,112.9800033569336,85.62000274658203,242.67999267578125,686.2100219726562,46.220001220703125,41.619998931884766,66.73999786376953,71.55000305175781,61.310001373291016,107.30000305175781,29.760000228881836,87.6500015258789,368.7699890136719,55.90999984741211,164.2100067138672,154.0500030517578,230.22000122070312,62.54999923706055,77.19999694824219,88.4000015258789,82.02999877929688,19.0310001373291,38.97999954223633,193.36000061035156,137.64999389648438,33.349998474121094,146.60333251953125,116.52999877929688,404.95001220703125,57.849998474121094,82.08999633789062,46.380001068115234,27.670000076293945,36.93000030517578,125.69999694824219,64.66000366210938,113.58999633789062,86.36000061035156,243.64999389648438,695.5599975585938,47.244998931884766,41.83000183105469,67.08999633789062,71.8499984741211,61.75,108.05999755859375,29.989999771118164,87.69999694824219,371.1499938964844,56.40999984741211,164.77999877929688,154.5,233.49000549316406,62.72999954223633,77.97000122070312,88.62000274658203,82.83999633789062,19.345500946044922,39.40999984741211,193.66000366210938,139.47000122070312,33.4900016784668,147.8633270263672,117.93000030517578,409.9800109863281,57.970001220703125,82.58999633789062,46.650001525878906,27.684999465942383,37.029998779296875,126.08000183105469,64.93000030517578,112.13999938964844,85.0999984741211,240.11000061035156,685.969970703125,46.0,40.84000015258789,65.70999908447266,69.86000061035156,61.02000045776367,106.77999877929688,29.280000686645508,85.56999969482422,364.5400085449219,55.75,162.88999938964844,151.6699981689453,229.38999938964844,61.709999084472656,76.05000305175781,86.72000122070312,81.08999633789062,18.894500732421875,38.88999938964844,188.89999389648438,136.97000122070312,33.060001373291016,146.19000244140625,116.52999877929688,399.0199890136719,56.81999969482422,80.7300033569336,45.220001220703125,27.44499969482422,36.470001220703125,125.01000213623047,64.36000061035156,112.9000015258789,86.33999633789062,241.63999938964844,693.9299926757812,47.1349983215332,41.27000045776367,65.93000030517578,71.44999694824219,61.70000076293945,107.58999633789062,29.739999771118164,86.69999694824219,368.82000732421875,56.02000045776367,162.94000244140625,152.58999633789062,233.1199951171875,62.47999954223633,76.05999755859375,87.52999877929688,81.56999969482422,19.280500411987305,39.119998931884766,190.02999877929688,138.4499969482422,33.310001373291016,147.6266632080078,117.44999694824219,400.1000061035156,57.33000183105469,81.88999938964844,45.56999969482422,27.600000381469727,36.68000030517578,125.08000183105469,64.61000061035156,11709400,27804500,4309900,431200,19100000,53178800,22602400,26727400,8099200,8102300,10966800,4754600,2782400,21101200,10963800,15484900,6992200,9623100,50285200,11139000,19603800,278364000,22774300,1814700,7949200,7823400,1343100,6712800,16928900,4931100,9568400,49074700,38330000,56845000,8344200,18438300
2021-06-28,93.6795425415039,87.08000183105469,207.4626922607422,672.646728515625,43.11102294921875,36.96175003051758,54.31333541870117,60.14592742919922,49.85843276977539,84.70191955566406,22.337833404541016,64.83547973632812,328.0841064453125,52.60078048706055,143.32073974609375,136.01145935058594,217.70269775390625,53.731903076171875,66.23255920410156,74.6543197631836,81.31944274902344,19.939329147338867,30.276472091674805,159.6785125732422,125.8869400024414,28.843564987182617,144.3204803466797,110.51461029052734,369.84027099609375,46.317569732666016,65.8843994140625,40.595314025878906,22.44822883605957,33.73400115966797,116.60401153564453,52.428565979003906,113.0,87.08000183105469,242.83999633789062,704.1099853515625,47.279998779296875,41.560001373291016,66.4000015258789,71.51000213623047,59.59000015258789,103.98999786376953,28.40999984741211,82.97000122070312,368.7099914550781,57.47999954223633,164.02000427246094,154.3300018310547,228.22000122070312,60.5,76.86000061035156,87.69999694824219,83.37999725341797,19.985000610351562,39.119998931884766,191.60000610351562,139.72000122070312,32.02000045776367,150.10333251953125,119.61000061035156,401.4599914550781,57.540000915527344,77.72000122070312,45.790000915527344,26.735000610351562,36.65999984741211,125.88999938964844,63.0099983215332,114.11000061035156,88.0,245.50999450683594,705.7999877929688,47.62900161743164,41.58000183105469,66.98999786376953,71.66999816894531,61.16999816894531,107.0,29.68000030517578,87.01000213623047,368.8699951171875,57.72999954223633,165.07000732421875,154.47999572753906,229.8800048828125,62.529998779296875,77.73999786376953,88.19999694824219,83.5999984741211,20.078750610351562,39.209999084472656,192.41000366210938,140.1699981689453,33.2400016784668,150.72666931152344,119.94999694824219,404.989990234375,57.77000045776367,81.88999938964844,46.06999969482422,27.565000534057617,36.88999938964844,126.05000305175781,64.55999755859375,112.83999633789062,86.1500015258789,242.66000366210938,698.6699829101562,46.55099868774414,41.099998474121094,66.12000274658203,70.45999908447266,59.369998931884766,103.66000366210938,28.06999969482422,82.48999786376953,363.8599853515625,56.34000015258789,163.52000427246094,152.1199951171875,226.8800048828125,60.40999984741211,76.79000091552734,86.43000030517578,82.16000366210938,19.319000244140625,38.900001525878906,189.91000366210938,137.97999572753906,31.770000457763672,147.50999450683594,117.18000030517578,397.92999267578125,56.959999084472656,77.41000366210938,45.09000015258789,26.625,36.45000076293945,125.41000366210938,62.75,113.26000213623047,86.37999725341797,244.02999877929688,698.9299926757812,46.599998474121094,41.459999084472656,66.72000122070312,71.31999969482422,61.119998931884766,106.94999694824219,29.600000381469727,87.01000213623047,367.79998779296875,56.36000061035156,164.44000244140625,153.6999969482422,229.0,62.400001525878906,77.25,88.05999755859375,82.62999725341797,19.361249923706055,39.0099983215332,192.41000366210938,138.22999572753906,33.150001525878906,147.50999450683594,117.29000091552734,404.95001220703125,57.65999984741211,81.79000091552734,46.0,27.549999237060547,36.86000061035156,125.83000183105469,64.55999755859375,5141800,30262000,1680700,623900,13987000,34416500,8769900,17660900,7647300,11348400,12320600,4471800,1833400,22480900,5604000,14125800,2507500,6040700,8796200,6174600,18365500,495436000,19225700,1681900,6645500,11191500,2651100,11026600,3193300,5143200,6461800,27127500,65702800,70250700,4631400,20570000
2021-06-29,93.09922790527344,89.5199966430664,207.13809204101562,672.2362670898438,43.50767135620117,36.36587905883789,54.207008361816406,58.606746673583984,49.40660858154297,84.51460266113281,22.03118896484375,64.3197250366211,331.56329345703125,51.93274688720703,143.32945251464844,135.8440704345703,218.7997283935547,53.35888671875,66.53414916992188,77.15697479248047,80.88056945800781,19.980979919433594,30.260984420776367,158.7367706298828,128.49981689453125,28.717449188232422,145.45176696777344,111.08747863769531,366.7449645996094,45.94457244873047,65.20621490478516,39.7087516784668,22.339075088500977,33.6143684387207,116.73369598388672,52.10406494140625,112.30000305175781,89.5199966430664,242.4600067138672,703.6799926757812,47.71500015258789,40.88999938964844,66.2699966430664,69.68000030517578,59.04999923706055,103.76000213623047,28.020000457763672,82.30999755859375,372.6199951171875,56.75,164.02999877929688,154.13999938964844,229.3699951171875,60.08000183105469,77.20999908447266,90.63999938964844,82.93000030517578,20.026750564575195,39.099998474121094,190.47000122070312,142.6199951171875,31.8799991607666,151.27999877929688,120.2300033569336,398.1000061035156,56.65999984741211,76.91999816894531,44.790000915527344,26.604999542236328,36.529998779296875,126.02999877929688,62.619998931884766,112.75,90.30000305175781,243.94000244140625,705.27001953125,47.73099899291992,41.95000076293945,66.61000061035156,71.5999984741211,60.20000076293945,104.97000122070312,28.8799991607666,84.48999786376953,378.0899963378906,57.83000183105469,164.63999938964844,156.30999755859375,231.39999389648438,61.119998931884766,77.33000183105469,91.62999725341797,83.83999633789062,20.0987491607666,39.279998779296875,194.49000549316406,142.9499969482422,32.65999984741211,151.5,120.29000091552734,403.20001220703125,57.790000915527344,78.5199966430664,46.380001068115234,27.045000076293945,37.04999923706055,126.41999816894531,63.77000045776367,111.61000061035156,86.66000366210938,242.05999755859375,698.2000122070312,47.07400131225586,40.75,66.08999633789062,69.58000183105469,58.84000015258789,103.61000061035156,27.850000381469727,81.97000122070312,370.75,55.880001068115234,163.41000366210938,153.61000061035156,227.85000610351562,60.0099983215332,76.81999969482422,89.77999877929688,81.87000274658203,19.656999588012695,38.97999954223633,189.47000122070312,139.25,31.84000015258789,149.43333435058594,118.41999816894531,397.4800109863281,56.45000076293945,76.8499984741211,44.599998474121094,26.56999969482422,36.43000030517578,125.73999786376953,62.59000015258789,112.6500015258789,87.41000366210938,243.22000122070312,699.9500122070312,47.23699951171875,41.630001068115234,66.4000015258789,70.13999938964844,60.099998474121094,104.58999633789062,28.56999969482422,83.4800033569336,374.8599853515625,57.54999923706055,164.0,155.0,228.25,60.91999816894531,77.0,91.08999633789062,83.54000091552734,19.88249969482422,39.130001068115234,192.97999572753906,139.6300048828125,32.279998779296875,149.92666625976562,119.4000015258789,401.9700012207031,57.18000030517578,78.22000122070312,46.040000915527344,26.895000457763672,36.849998474121094,125.9000015258789,63.209999084472656,5795100,46181000,1337200,400000,14184000,38519600,5328300,28696900,6437000,7225500,8817800,2944600,2365900,26360000,3749500,14528700,1621200,3630100,7696600,15413700,18530800,367632000,14516600,1689700,6885400,7321600,1748100,7874900,2458800,6974000,5199300,39534000,31911000,61051200,6165500,19579300
2021-06-30,93.381103515625,93.93000030517578,208.2401580810547,659.9697875976562,43.47939682006836,36.668270111083984,54.656883239746094,59.50669860839844,50.954490661621094,85.3128433227539,22.951122283935547,65.20274353027344,337.7118835449219,51.3745231628418,143.94984436035156,137.07786560058594,218.94281005859375,53.66085433959961,67.0167236328125,78.05079650878906,82.87989044189453,19.956785202026367,30.30742645263672,158.97840881347656,128.7791290283203,28.834556579589844,145.57357788085938,111.02277374267578,368.9006042480469,46.195945739746094,66.18955993652344,40.15203857421875,22.616159439086914,33.7616081237793,116.65959930419922,52.48681640625,112.63999938964844,93.93000030517578,243.75,690.8400268554688,47.683998107910156,41.22999954223633,66.81999969482422,70.75,60.900001525878906,104.73999786376953,29.190000534057617,83.44000244140625,379.5299987792969,56.13999938964844,164.74000549316406,155.5399932861328,229.52000427246094,60.41999816894531,77.7699966430664,91.69000244140625,84.9800033569336,20.002500534057617,39.15999984741211,190.75999450683594,142.92999267578125,32.0099983215332,151.4066619873047,120.16000366210938,400.44000244140625,56.970001220703125,78.08000183105469,45.290000915527344,26.934999465942383,36.689998626708984,125.94999694824219,63.08000183105469,112.91999816894531,94.33999633789062,244.27000427246094,696.5700073242188,47.85900115966797,41.36000061035156,67.16000366210938,70.80999755859375,60.95000076293945,104.87999725341797,29.280000686645508,84.41000366210938,380.1099853515625,56.380001068115234,164.97000122070312,156.0800018310547,230.85000610351562,60.849998474121094,78.08999633789062,91.91000366210938,85.4000015258789,20.162500381469727,39.27000045776367,191.41000366210938,143.6300048828125,32.380001068115234,151.69667053222656,120.76000213623047,401.3999938964844,57.220001220703125,78.47000122070312,45.38999938964844,27.014999389648438,36.77000045776367,126.20999908447266,63.22999954223633,111.62999725341797,90.5999984741211,242.05999755859375,686.5900268554688,47.25299835205078,40.720001220703125,66.19000244140625,69.41999816894531,59.810001373291016,103.72000122070312,28.389999389648438,82.66999816894531,370.8999938964844,55.38999938964844,163.6699981689453,153.7100067138672,229.05999755859375,60.040000915527344,77.2300033569336,90.12999725341797,83.43000030517578,19.863750457763672,38.81999969482422,189.55999755859375,141.83999633789062,31.8700008392334,150.39666748046875,119.01000213623047,396.79998779296875,56.47999954223633,76.91999816894531,44.45000076293945,26.65999984741211,36.40999984741211,125.47000122070312,62.45000076293945,112.20999908447266,90.81999969482422,242.72000122070312,694.5999755859375,47.8129997253418,40.7599983215332,66.30999755859375,69.68000030517578,60.47999954223633,103.83999633789062,28.43000030517578,83.13999938964844,370.8999938964844,56.34000015258789,164.0,153.75,230.08999633789062,60.29999923706055,77.4000015258789,90.16999816894531,84.8499984741211,19.999250411987305,39.13999938964844,189.5800018310547,142.35000610351562,32.099998474121094,151.13999938964844,120.16000366210938,397.5400085449219,56.630001068115234,77.1500015258789,44.619998931884766,26.684999465942383,36.41999816894531,125.9000015258789,62.70000076293945,5042600,70721500,2325100,767500,15381000,29159800,10119900,18502300,9309600,7927500,10819200,5392400,2238400,29891600,6151700,12531000,1786700,3822200,13811900,9780300,40670800,326568000,21248100,1291400,6449700,10883200,1317300,7936400,2875600,4664100,4259800,18168100,47034000,42414100,8542700,17875500
2021-07-01,94.72412872314453,93.30999755859375,210.93124389648438,648.955078125,42.8228874206543,36.943965911865234,54.846412658691406,59.725372314453125,52.611141204833984,86.51017761230469,23.556543350219727,67.19540405273438,333.6722106933594,51.255558013916016,145.01588439941406,138.43504333496094,220.47857666015625,54.41575622558594,67.20630645751953,78.3316879272461,78.1302490234375,20.165800094604492,30.61699676513672,159.795166015625,126.86000061035156,29.789398193359375,143.48719787597656,109.41510009765625,373.00018310546875,46.690574645996094,65.9606704711914,40.258426666259766,23.01079559326172,34.02845764160156,117.69695281982422,52.63658905029297,114.26000213623047,93.30999755859375,246.89999389648438,679.3099975585938,46.9640007019043,41.540000915527344,66.55999755859375,71.01000213623047,62.880001068115234,106.20999908447266,29.959999084472656,85.98999786376953,374.989990234375,56.0099983215332,165.9600067138672,157.0800018310547,231.1300048828125,61.27000045776367,77.98999786376953,92.0199966430664,80.11000061035156,20.211999893188477,39.560001373291016,191.74000549316406,140.8000030517578,33.06999969482422,149.23666381835938,118.41999816894531,404.8900146484375,57.58000183105469,77.80999755859375,45.40999984741211,27.405000686645508,36.97999954223633,127.06999969482422,63.2599983215332,114.55000305175781,94.18000030517578,247.10000610351562,691.6799926757812,47.784000396728516,41.70000076293945,66.73999786376953,71.20999908447266,63.56999969482422,107.0999984741211,30.549999237060547,86.37999725341797,381.6400146484375,56.63999938964844,166.00999450683594,157.13999938964844,231.5,61.779998779296875,78.1500015258789,92.2300033569336,82.25,20.45599937438965,39.630001068115234,192.44000244140625,143.02000427246094,33.560001373291016,151.25332641601562,120.20999908447266,405.2099914550781,57.599998474121094,79.77999877929688,45.63999938964844,27.635000228881836,37.0,127.16000366210938,64.41999816894531,112.88999938964844,91.69999694824219,243.5500030517578,674.530029296875,46.893001556396484,41.209999084472656,66.25,70.44999694824219,62.349998474121094,105.73999786376953,29.399999618530273,84.5999984741211,374.1499938964844,55.869998931884766,164.6300048828125,155.4199981689453,228.66000366210938,60.81999969482422,77.51000213623047,91.05000305175781,79.91000366210938,20.018999099731445,39.11000061035156,190.38999938964844,140.35000610351562,32.779998779296875,148.72999572753906,118.02999877929688,401.80999755859375,57.0,77.55999755859375,44.970001220703125,27.149999618530273,36.68000030517578,125.98999786376953,62.77000045776367,112.94999694824219,94.04000091552734,243.74000549316406,687.239990234375,47.784000396728516,41.560001373291016,66.41999816894531,71.08000183105469,62.689998626708984,106.94999694824219,30.299999237060547,85.88999938964844,380.70001220703125,56.130001068115234,164.74000549316406,156.25999450683594,229.50999450683594,61.45000076293945,77.6500015258789,91.91999816894531,82.23999786376953,20.125,39.16999816894531,191.47000122070312,142.91000366210938,33.0,151.25332641601562,120.0999984741211,402.0299987792969,57.349998474121094,79.5,45.47999954223633,27.549999237060547,36.869998931884766,126.04000091552734,64.33000183105469,5306900,58059000,2091600,997500,11153000,28045100,8425600,12584800,11637200,10873200,11461000,4409600,2571000,24871600,6320200,10479400,1977300,4013900,9212000,6792200,53299000,480136000,20035900,1045400,6094100,9819000,2264100,8295600,2678100,3660400,4679200,18658000,47251600,36615600,12021000,22530300
2021-07-02,95.478515625,94.69999694824219,212.46900939941406,656.8173217773438,42.68885040283203,36.597110748291016,55.16777420043945,59.22073745727539,52.50236511230469,86.39612579345703,22.982568740844727,67.02348327636719,332.9335632324219,51.94188690185547,147.65476989746094,138.30210876464844,223.17820739746094,54.23814010620117,67.7319564819336,78.34021759033203,78.34481811523438,20.440174102783203,30.748563766479492,160.67022705078125,128.4637908935547,29.537179946899414,144.3621368408203,109.86785125732422,377.1180114746094,46.682472229003906,66.18110656738281,39.95699691772461,22.96041488647461,33.991641998291016,118.82698059082031,52.561683654785156,115.16999816894531,94.69999694824219,248.6999969482422,687.5399780273438,46.81700134277344,41.150001525878906,66.94999694824219,70.41000366210938,62.75,106.06999969482422,29.229999542236328,85.7699966430664,374.1600036621094,56.7599983215332,168.97999572753906,156.02999877929688,233.9600067138672,61.06999969482422,78.5999984741211,92.02999877929688,80.33000183105469,20.48699951171875,39.72999954223633,192.7899932861328,142.5800018310547,32.790000915527344,150.14666748046875,118.91000366210938,409.3599853515625,57.56999969482422,78.06999969482422,45.06999969482422,27.344999313354492,36.939998626708984,128.2899932861328,63.16999816894531,115.48999786376953,95.2699966430664,249.89999389648438,689.8699951171875,47.858001708984375,41.470001220703125,66.9800033569336,71.12000274658203,63.16999816894531,106.4000015258789,29.969999313354492,86.30999755859375,376.6000061035156,56.9900016784668,169.3000030517578,156.32000732421875,234.2100067138672,61.5,78.7699966430664,92.08000183105469,80.88999938964844,20.505250930786133,39.83000183105469,193.5500030517578,142.67999267578125,32.93000030517578,150.50999450683594,119.18000030517578,409.8699951171875,57.7400016784668,78.44999694824219,45.40999984741211,27.434999465942383,37.02000045776367,128.41000366210938,63.31999969482422,113.88999938964844,92.20999908447266,246.25,683.7000122070312,45.57099914550781,41.099998474121094,66.33000183105469,70.11000061035156,61.59000015258789,105.04000091552734,29.190000534057617,84.38999938964844,372.4200134277344,56.31999969482422,165.63999938964844,155.1199951171875,231.3300018310547,60.38999938964844,77.76000213623047,91.33000183105469,78.88999938964844,20.287750244140625,39.380001068115234,191.05999755859375,141.25,32.529998779296875,148.97332763671875,118.41000366210938,403.8800048828125,57.18000030517578,76.91000366210938,44.84000015258789,27.05500030517578,36.790000915527344,127.01000213623047,62.41999816894531,114.5199966430664,93.27999877929688,247.3300018310547,688.489990234375,47.676998138427734,41.369998931884766,66.76000213623047,71.01000213623047,62.459999084472656,105.69999694824219,29.860000610351562,85.5999984741211,376.30999755859375,56.54999923706055,166.02000427246094,155.9499969482422,231.97000122070312,61.5,78.04000091552734,91.9000015258789,80.61000061035156,20.440250396728516,39.459999084472656,193.47000122070312,141.99000549316406,32.79999923706055,150.163330078125,118.75,405.0899963378906,57.61000061035156,78.1500015258789,45.29999923706055,27.290000915527344,36.97999954223633,127.2300033569336,63.0099983215332,5719500,51316700,1943600,449700,37054000,28980800,6884400,13222700,7635000,7107700,9161500,2884000,1598900,17219400,9059900,11424000,1994000,4312200,7668000,4818000,22685500,342764000,16592700,1599200,5399100,7582700,1827000,5144300,1982400,3520900,2980400,13218500,30471800,27018400,12327900,14555300
2021-07-06,95.9427719116211,94.47000122070312,208.15469360351562,655.221923828125,43.154788970947266,35.63661575317383,54.920570373535156,57.37034606933594,50.43574142456055,84.70191955566406,21.88965606689453,65.4215316772461,329.10736083984375,51.32876968383789,146.77224731445312,135.9797821044922,224.5708770751953,52.37306594848633,67.30973052978516,76.79093933105469,79.07630157470703,20.651195526123047,30.40803337097168,156.6449432373047,127.21141815185547,28.077882766723633,144.11537170410156,110.92115783691406,377.94720458984375,45.41749954223633,63.32429504394531,38.556236267089844,22.213123321533203,33.45793914794922,118.7158432006836,51.06397247314453,115.7300033569336,94.47000122070312,243.64999389648438,685.8699951171875,47.327999114990234,40.06999969482422,66.6500015258789,68.20999908447266,60.279998779296875,103.98999786376953,27.84000015258789,83.72000122070312,369.8599853515625,56.09000015258789,167.97000122070312,153.41000366210938,235.4199981689453,58.970001220703125,78.11000061035156,90.20999908447266,81.08000183105469,20.69849967956543,39.290000915527344,187.9600067138672,141.19000244140625,31.170000076293945,149.88999938964844,120.05000305175781,410.260009765625,56.0099983215332,74.69999694824219,43.4900016784668,26.454999923706055,36.36000061035156,128.1699981689453,61.369998931884766,115.9000015258789,95.41000366210938,248.1199951171875,693.5499877929688,47.67499923706055,40.880001068115234,66.80999755859375,70.19000244140625,62.88999938964844,105.97000122070312,29.299999237060547,86.0,373.6300048828125,57.0099983215332,168.86000061035156,155.77999877929688,235.5800018310547,60.97999954223633,78.3499984741211,91.88999938964844,81.54000091552734,20.841999053955078,39.650001525878906,192.44000244140625,143.17999267578125,32.970001220703125,151.0399932861328,120.95999908447266,411.1600036621094,57.33000183105469,77.91999816894531,44.81999969482422,27.30500030517578,36.869998931884766,128.17999267578125,62.7599983215332,114.7699966430664,93.31999969482422,243.1699981689453,676.7000122070312,46.83000183105469,39.869998931884766,66.05000305175781,67.86000061035156,60.209999084472656,103.38999938964844,27.65999984741211,83.12000274658203,365.4100036621094,55.70000076293945,166.99000549316406,152.35000610351562,233.22999572753906,58.79999923706055,77.55999755859375,89.66000366210938,79.76000213623047,20.350250244140625,39.040000915527344,185.6699981689453,139.67999267578125,31.040000915527344,147.97999572753906,118.22000122070312,405.7099914550781,55.630001068115234,74.62000274658203,43.29999923706055,26.344999313354492,36.119998931884766,127.26000213623047,60.900001525878906,115.16999816894531,94.87999725341797,247.25999450683594,689.4400024414062,47.040000915527344,40.810001373291016,66.68000030517578,70.11000061035156,62.779998779296875,105.97000122070312,29.299999237060547,85.7699966430664,373.2300109863281,56.91999816894531,167.91000366210938,155.77999877929688,233.6300048828125,60.810001373291016,78.13999938964844,91.75,80.79000091552734,20.737499237060547,39.47999954223633,190.82000732421875,143.0,32.970001220703125,150.55332946777344,119.8499984741211,408.6700134277344,57.099998474121094,77.7699966430664,44.72999954223633,27.2549991607666,36.849998474121094,127.91000366210938,62.75,7172100,44930100,2792300,788700,13870000,47578700,9573200,24672200,11699400,10162800,15099800,3776900,2162900,26186600,6098500,15083400,3125400,9406400,6720500,6701200,21126500,446708000,18931900,2147100,7095200,13943600,2001900,7181500,2615300,5008700,5822200,25486900,68446200,49225300,11413100,22110800
2021-07-07,96.78838348388672,90.54000091552734,207.78736877441406,659.3392333984375,42.81377410888672,35.35201644897461,55.324337005615234,57.13483428955078,49.373138427734375,83.83854675292969,21.645915985107422,63.366371154785156,327.15869140625,51.209800720214844,148.03048706054688,136.1393280029297,224.95245361328125,51.4671630859375,67.69749450683594,76.6377182006836,76.28695678710938,20.325193405151367,30.45447540283203,155.49485778808594,126.11219787597656,27.636489868164062,141.9327850341797,109.2580337524414,379.23687744140625,45.40128707885742,61.298248291015625,38.47645568847656,21.852075576782227,33.50394821166992,119.46607971191406,50.26518630981445,116.75,90.54000091552734,243.22000122070312,690.1799926757812,46.95399856567383,39.75,67.13999938964844,67.93000030517578,59.0099983215332,102.93000030517578,27.530000686645508,81.08999633789062,367.6700134277344,55.959999084472656,169.41000366210938,153.58999633789062,235.82000732421875,57.95000076293945,78.55999755859375,90.02999877929688,78.22000122070312,20.371749877929688,39.349998474121094,186.5800018310547,139.97000122070312,30.68000030517578,147.6199951171875,118.25,411.6600036621094,55.9900016784668,72.30999755859375,43.400001525878906,26.024999618530273,36.40999984741211,128.97999572753906,60.40999984741211,116.97000122070312,95.44000244140625,244.27999877929688,695.719970703125,47.5359992980957,40.0,67.19000244140625,68.37000274658203,60.779998779296875,104.9000015258789,28.610000610351562,84.20999908447266,370.0899963378906,56.45000076293945,169.5,154.27999877929688,236.58999633789062,59.18000030517578,78.61000061035156,90.45999908447266,81.80999755859375,20.875,39.36000061035156,188.4199981689453,142.36000061035156,31.360000610351562,150.84666442871094,121.05000305175781,412.17999267578125,56.47999954223633,75.08999633789062,43.970001220703125,26.65999984741211,36.4900016784668,128.97999572753906,61.810001373291016,115.30999755859375,90.30999755859375,241.33999633789062,684.3699951171875,46.637001037597656,39.36000061035156,66.22000122070312,67.26000213623047,58.630001068115234,102.12000274658203,27.020000457763672,80.63999938964844,362.17999267578125,55.709999084472656,167.47999572753906,151.5500030517578,233.4600067138672,57.31999969482422,78.12999725341797,88.56999969482422,77.94999694824219,20.332000732421875,38.970001220703125,185.5399932861328,139.05999755859375,30.06999969482422,146.99667358398438,118.20999908447266,407.20001220703125,55.459999084472656,71.81999969482422,43.119998931884766,25.735000610351562,36.060001373291016,127.70999908447266,59.619998931884766,115.91000366210938,95.0199966430664,244.07000732421875,694.0399780273438,47.5,39.56999969482422,66.7699966430664,67.70999908447266,60.0,103.95999908447266,28.190000534057617,83.41999816894531,367.5,56.369998931884766,167.47999572753906,152.00999450683594,234.67999267578125,58.79999923706055,78.41000366210938,89.63999938964844,81.69000244140625,20.853500366210938,39.220001220703125,186.0,142.24000549316406,31.1200008392334,150.8333282470703,120.63999938964844,410.3500061035156,55.66999816894531,74.26000213623047,43.279998779296875,26.415000915527344,36.13999938964844,128.17999267578125,61.18000030517578,6695100,51498500,2381700,442900,12581000,43499900,7936400,19342700,8239600,8245000,13732000,4430300,2012800,14857400,6293500,12271800,3141500,4186500,8275100,6771600,23026900,418428000,17665200,1108900,5034900,10579700,1888200,7391800,2270400,5125700,8220500,21884000,60823800,43747100,18435700,21671400
2021-07-08,96.45675659179688,89.73999786376953,208.69293212890625,643.5862426757812,42.901302337646484,34.48933410644531,54.95353317260742,56.125545501708984,49.54048156738281,83.56975555419922,21.826753616333008,62.42866516113281,319.39056396484375,50.68819046020508,147.7421417236328,133.79043579101562,226.19253540039062,51.023101806640625,67.31834411621094,74.60324096679688,75.20438385009766,19.85726547241211,30.37708282470703,152.70298767089844,124.59849548339844,27.501373291015625,140.1092071533203,108.90692901611328,377.6615295410156,44.63093566894531,59.56043243408203,37.51896286010742,21.726119995117188,32.832218170166016,118.80846405029297,50.04051971435547,116.3499984741211,89.73999786376953,244.27999877929688,673.6900024414062,47.04999923706055,38.779998779296875,66.69000244140625,66.7300033569336,59.209999084472656,102.5999984741211,27.760000228881836,79.88999938964844,358.94000244140625,55.38999938964844,169.0800018310547,150.94000244140625,237.1199951171875,57.45000076293945,78.12000274658203,87.63999938964844,77.11000061035156,19.90275001525879,39.25,183.22999572753906,138.2899932861328,30.530000686645508,145.72332763671875,117.87000274658203,409.95001220703125,55.040000915527344,70.26000213623047,42.31999969482422,25.875,35.68000030517578,128.27000427246094,60.13999938964844,116.80999755859375,90.33999633789062,246.6999969482422,675.5999755859375,47.108001708984375,39.2400016784668,66.80000305175781,67.13999938964844,59.63999938964844,103.08999633789062,28.18000030517578,81.62999725341797,362.8900146484375,55.720001220703125,169.4600067138672,152.52999877929688,237.27000427246094,57.90999984741211,78.30000305175781,88.63999938964844,77.87999725341797,20.132999420166016,39.31999969482422,184.8800048828125,138.8699951171875,30.850000381469727,146.4199981689453,118.27999877929688,410.8299865722656,55.63999938964844,71.76000213623047,42.95000076293945,26.1200008392334,36.040000915527344,128.3699951171875,60.709999084472656,115.68000030517578,87.44999694824219,242.4499969482422,664.8300170898438,46.15599822998047,38.47999954223633,66.06999969482422,65.75,57.9900016784668,101.22000122070312,26.549999237060547,79.55999755859375,355.5899963378906,54.790000915527344,167.5800018310547,150.0399932861328,232.10000610351562,56.380001068115234,77.30999755859375,86.94999694824219,75.95999908447266,19.70075035095215,38.93000030517578,181.67999267578125,135.60000610351562,29.8700008392334,143.40333557128906,115.37999725341797,405.0799865722656,54.66999816894531,69.56999969482422,41.970001220703125,25.475000381469727,35.5099983215332,127.11000061035156,59.310001373291016,115.76000213623047,87.86000061035156,244.24000549316406,670.97998046875,46.44200134277344,38.619998931884766,66.6500015258789,66.4000015258789,58.25,101.5,26.75,80.11000061035156,359.69000244140625,55.310001373291016,168.6999969482422,151.61000061035156,233.8300018310547,56.75,77.7699966430664,88.0999984741211,76.25,19.85650062561035,39.0,183.61000061035156,137.72000122070312,29.959999084472656,144.50999450683594,115.87000274658203,408.6099853515625,55.119998931884766,70.9000015258789,42.58000183105469,25.565000534057617,35.83000183105469,127.77999877929688,59.45000076293945,3948800,45673500,1994300,849400,16011000,52793100,11434800,24763600,10551500,8695500,10291000,6314800,2940500,19162000,5755500,17834600,2431500,6898600,8400400,8778800,23114500,503300000,23021200,2887000,7501100,8903000,2000100,7565400,2032300,5977700,5815300,29148700,49379800,75084200,8386600,18935900
2021-07-09,96.64744567871094,90.9000015258789,209.4788818359375,660.4666748046875,43.78395462036133,35.60992431640625,55.340816497802734,57.572200775146484,50.31023406982422,84.76709747314453,22.526531219482422,64.53852844238281,330.7980651855469,51.23725509643555,148.32762145996094,138.07167053222656,224.16067504882812,52.11550521850586,67.20630645751953,76.89309692382812,76.79410552978516,20.004426956176758,30.655689239501953,158.0700225830078,127.42764282226562,28.095901489257812,142.3943328857422,111.39238739013672,379.6514892578125,46.195945739746094,61.28976821899414,38.9285888671875,22.18793296813965,33.779998779296875,119.21601867675781,50.94748306274414,116.58000183105469,90.9000015258789,245.1999969482422,691.3599853515625,48.018001556396484,40.040000915527344,67.16000366210938,68.44999694824219,60.130001068115234,104.06999969482422,28.649999618530273,82.58999633789062,371.760009765625,55.9900016784668,169.75,155.77000427246094,234.99000549316406,58.68000030517578,77.98999786376953,90.33000183105469,78.73999786376953,20.050249099731445,39.61000061035156,189.6699981689453,141.42999267578125,31.190000534057617,148.10000610351562,120.55999755859375,412.1099853515625,56.970001220703125,72.30000305175781,43.90999984741211,26.424999237060547,36.709999084472656,128.7100067138672,61.22999954223633,117.33000183105469,91.26000213623047,245.92999267578125,693.0,48.0880012512207,40.2400016784668,67.56999969482422,68.5199966430664,60.459999084472656,104.2300033569336,28.739999771118164,82.7699966430664,372.1499938964844,56.11000061035156,170.3699951171875,156.14999389648438,238.47000122070312,58.75,78.69000244140625,90.62000274658203,78.94999694824219,20.080249786376953,40.099998474121094,190.02000427246094,141.72999572753906,31.540000915527344,148.3766632080078,120.79000091552734,413.25,57.040000915527344,72.44000244140625,44.11000061035156,26.44499969482422,36.7599983215332,129.10000610351562,61.45000076293945,116.11000061035156,88.52999877929688,241.7100067138672,678.9299926757812,46.803001403808594,39.400001525878906,66.69999694824219,67.63999938964844,59.34000015258789,102.36000061035156,27.600000381469727,79.80000305175781,364.95001220703125,55.310001373291016,169.24000549316406,152.5800018310547,232.75,57.18000030517578,77.94000244140625,88.61000061035156,76.7300033569336,19.754249572753906,39.459999084472656,185.97000122070312,137.80999755859375,30.639999389648438,145.14999389648438,117.62000274658203,410.6400146484375,55.849998474121094,70.30000305175781,42.849998474121094,25.899999618530273,36.09000015258789,128.4199981689453,60.2400016784668,116.30000305175781,90.04000091552734,243.08999633789062,683.969970703125,46.957000732421875,39.650001525878906,66.69999694824219,68.11000061035156,59.75,103.45999908447266,28.100000381469727,81.38999938964844,366.0,55.5099983215332,169.3699951171875,153.0500030517578,237.1699981689453,58.06999969482422,78.41999816894531,89.36000061035156,77.41000366210938,19.962499618530273,39.529998779296875,186.75,137.88999938964844,31.0,146.20333862304688,118.0,412.5299987792969,56.08000183105469,71.30000305175781,43.18000030517578,26.204999923706055,36.20000076293945,128.72999572753906,60.70000076293945,4823400,35278400,1609900,583600,16782000,43887200,8895300,18872600,6973700,8567900,8812200,6362100,2641800,18708000,6120900,13694500,4030100,5776200,6006500,7306500,15441100,296624000,21578700,1744000,7356800,8547300,1833000,8374200,2078900,4437300,3532400,25055900,51206000,70546500,5224200,20086000
2021-07-12,97.51792907714844,90.80999755859375,208.7698211669922,676.1815185546875,44.29182815551758,36.13465118408203,55.62098693847656,58.404869079589844,50.03413009643555,84.93814086914062,22.56584930419922,65.0933609008789,338.5750427246094,51.91444396972656,148.09165954589844,140.0482940673828,225.1336669921875,51.80466079711914,66.8271484375,78.95313262939453,77.59384155273438,20.465621948242188,30.771778106689453,159.93682861328125,128.36465454101562,28.122922897338867,144.22109985351562,113.30496978759766,383.27191162109375,46.690574645996094,60.764198303222656,39.150230407714844,22.15434455871582,34.11127471923828,119.44757843017578,50.897560119628906,117.62999725341797,90.80999755859375,244.3699951171875,707.8099975585938,48.57500076293945,40.630001068115234,67.5,69.44000244140625,59.79999923706055,104.27999877929688,28.700000762939453,83.30000305175781,380.5,56.72999954223633,169.47999572753906,158.0,236.00999450683594,58.33000183105469,77.55000305175781,92.75,79.55999755859375,20.512500762939453,39.7599983215332,191.91000366210938,142.47000122070312,31.219999313354492,150.0,122.62999725341797,416.0400085449219,57.58000183105469,71.68000030517578,44.15999984741211,26.385000228881836,37.06999969482422,128.9600067138672,61.16999816894531,118.3499984741211,91.9000015258789,247.89999389648438,708.510009765625,49.402000427246094,40.810001373291016,67.86000061035156,69.58999633789062,60.439998626708984,105.0199966430664,28.899999618530273,83.87000274658203,384.0,56.7599983215332,171.17999267578125,159.16000366210938,238.0,59.16999816894531,78.43000030517578,93.5199966430664,79.7300033569336,20.53274917602539,40.25,192.35000610351562,143.02000427246094,31.510000228881836,150.0,122.7300033569336,416.3999938964844,57.75,72.7699966430664,44.25,26.545000076293945,37.13999938964844,129.60000610351562,61.5,116.62000274658203,89.6500015258789,243.5399932861328,699.1699829101562,47.32600021362305,39.63999938964844,67.0,67.30000305175781,58.72999954223633,103.23999786376953,27.860000610351562,80.91000366210938,367.3299865722656,56.11000061035156,168.5399932861328,153.94000244140625,235.14999389648438,57.619998931884766,77.38999938964844,89.76000213623047,77.70999908447266,20.1877498626709,39.599998474121094,185.8699951171875,141.1999969482422,30.5,148.1666717529297,119.5199966430664,410.30999755859375,56.0,70.62000274658203,42.959999084472656,25.940000534057617,36.33000183105469,128.61000061035156,60.15999984741211,116.80000305175781,91.22000122070312,244.49000549316406,700.0,48.13199996948242,39.790000915527344,67.05999755859375,67.66999816894531,58.90999984741211,103.55999755859375,28.09000015258789,81.4000015258789,370.30999755859375,56.2599983215332,169.72999572753906,154.35000610351562,235.1699981689453,58.13999938964844,77.55000305175781,90.23999786376953,78.75,20.239999771118164,39.65999984741211,187.67999267578125,141.39999389648438,30.770000457763672,148.73333740234375,121.19000244140625,411.0199890136719,56.459999084472656,71.08999633789062,43.279998779296875,26.125,36.4900016784668,128.7100067138672,60.41999816894531,8148400,28526600,2149400,618500,33142000,42624500,7978900,19600600,6063100,9898600,8413400,3387600,4135900,15392800,7840500,19940400,2928600,4943600,11087900,11951100,12639300,321984000,24513000,1778600,6786500,5799700,3949800,10668700,2802600,5403100,2728300,17618900,41353000,62953400,9097900,21809400
2021-07-13,97.75003814697266,90.26000213623047,209.16282653808594,674.853759765625,44.133174896240234,35.449832916259766,55.57155990600586,57.50492858886719,49.74964904785156,84.653076171875,22.77814292907715,64.6479263305664,334.55303955078125,52.04255676269531,147.90817260742188,137.9652862548828,224.4564208984375,50.978694915771484,66.87886047363281,79.34469604492188,76.51128387451172,20.203716278076172,30.68665313720703,157.74502563476562,127.2023696899414,27.57343864440918,143.6442108154297,114.47838592529297,385.57501220703125,46.1553955078125,59.73846435546875,38.32573699951172,21.986413955688477,33.74319839477539,119.33641815185547,50.65625762939453,117.91000366210938,90.26000213623047,244.8300018310547,706.4199829101562,48.4010009765625,39.86000061035156,67.44000244140625,68.37000274658203,59.459999084472656,103.93000030517578,28.969999313354492,82.7300033569336,375.9800109863281,56.869998931884766,169.27000427246094,155.64999389648438,235.3000030517578,57.400001525878906,77.61000061035156,93.20999908447266,78.44999694824219,20.25,39.650001525878906,189.27999877929688,141.17999267578125,30.610000610351562,149.39999389648438,123.9000015258789,418.5400085449219,56.91999816894531,70.47000122070312,43.22999954223633,26.184999465942383,36.66999816894531,128.83999633789062,60.880001068115234,118.08999633789062,91.41000366210938,246.75,710.6599731445312,48.75299835205078,40.47999954223633,67.61000061035156,69.4800033569336,59.9900016784668,104.58000183105469,29.18000030517578,83.55999755859375,385.3299865722656,57.29999923706055,169.75999450683594,157.38999938964844,236.64999389648438,58.15999984741211,77.7699966430664,93.52999877929688,79.5,20.46125030517578,39.79999923706055,191.27000427246094,142.66000366210938,31.1299991607666,150.04666137695312,125.4800033569336,419.69000244140625,57.59000015258789,71.5199966430664,44.130001068115234,26.420000076293945,37.0099983215332,129.25999450683594,61.5099983215332,116.69000244140625,89.83000183105469,242.97999572753906,703.5999755859375,48.20000076293945,39.58000183105469,67.01000213623047,68.0199966430664,58.79999923706055,103.22000122070312,28.31999969482422,82.12999725341797,372.010009765625,56.34000015258789,168.6699981689453,153.5,234.02999877929688,57.15999984741211,77.23999786376953,91.73999786376953,78.0999984741211,20.11400032043457,39.529998779296875,187.97999572753906,140.4199981689453,30.459999084472656,148.60667419433594,122.12999725341797,415.7099914550781,56.540000915527344,70.06999969482422,43.0099983215332,26.030000686645508,36.529998779296875,128.52999877929688,60.5099983215332,117.58999633789062,90.4800033569336,245.38999938964844,706.25,48.53300094604492,40.47999954223633,67.22000122070312,69.08000183105469,59.4900016784668,104.0,28.489999771118164,82.70999908447266,381.05999755859375,56.619998931884766,168.97000122070312,156.0500030517578,235.97999572753906,57.970001220703125,77.4000015258789,92.47000122070312,79.27999877929688,20.40049934387207,39.77000045776367,190.6699981689453,142.44000244140625,30.920000076293945,149.3733367919922,123.19000244140625,416.3800048828125,57.400001525878906,71.0,43.790000915527344,26.2549991607666,36.95000076293945,128.8000030517578,61.0,6540300,30367600,1618200,623300,11806000,54338100,5535600,18962400,6510400,6738000,9897400,3512800,6466800,15716000,4691200,22671700,1974000,4934900,6465800,12280100,14263400,290708000,12222000,1551500,5657600,8169700,2122200,13460200,2948900,4387500,3394300,25387800,49786800,44476200,9698800,17147300
2021-07-14,98.37874603271484,89.05000305175781,209.05177307128906,684.49267578125,43.912513732910156,34.560482025146484,55.934112548828125,57.336708068847656,48.25197982788086,83.05662536621094,21.465072631835938,62.248931884765625,333.1471252441406,51.72226333618164,148.9130096435547,137.49549865722656,225.4580841064453,48.95376205444336,66.8874740600586,78.70626068115234,76.55028533935547,19.7961483001709,30.918838500976562,156.9616241455078,129.51795959472656,26.61859130859375,142.9807891845703,114.9311294555664,382.0743103027344,46.212158203125,57.36485290527344,39.850608825683594,21.331483840942383,33.586761474609375,119.22528076171875,49.53297805786133,117.36000061035156,89.05000305175781,244.6999969482422,716.510009765625,48.159000396728516,38.86000061035156,67.87999725341797,68.16999816894531,57.66999816894531,101.97000122070312,27.299999237060547,79.66000366210938,374.3999938964844,56.52000045776367,170.4199981689453,155.1199951171875,236.35000610351562,55.119998931884766,77.62000274658203,92.45999908447266,78.48999786376953,19.84149932861328,39.95000076293945,188.33999633789062,143.75,29.549999237060547,148.7100067138672,124.38999938964844,414.739990234375,56.9900016784668,67.66999816894531,44.95000076293945,25.405000686645508,36.5,128.72000122070312,59.529998779296875,117.55000305175781,91.4000015258789,245.3300018310547,723.010009765625,49.20000076293945,39.54999923706055,67.98999786376953,70.77999877929688,60.61000061035156,105.31999969482422,29.709999084472656,84.33000183105469,381.7699890136719,57.459999084472656,170.8300018310547,157.27999877929688,237.22999572753906,57.84000015258789,77.72000122070312,93.83000183105469,80.76000213623047,20.417749404907227,40.029998779296875,191.4499969482422,146.33999633789062,31.450000762939453,151.69667053222656,125.77999877929688,422.5299987792969,57.43000030517578,71.23999786376953,45.130001068115234,26.56999969482422,36.93000030517578,129.24000549316406,61.72999954223633,116.38999938964844,88.94000244140625,241.49000549316406,712.8800048828125,48.07500076293945,37.790000915527344,67.19999694824219,67.44999694824219,57.34000015258789,101.72000122070312,26.969999313354492,79.22000122070312,371.3900146484375,56.33000183105469,169.0399932861328,152.9499969482422,234.72999572753906,55.02000045776367,76.87999725341797,91.44000244140625,78.31999969482422,19.752750396728516,39.65999984741211,185.49000549316406,142.5,29.329999923706055,148.28334045410156,124.06999969482422,413.3500061035156,56.22999954223633,67.36000061035156,42.5099983215332,25.30500030517578,36.099998474121094,128.49000549316406,59.36000061035156,116.87000274658203,90.76000213623047,244.22000122070312,719.97998046875,48.91999816894531,39.11000061035156,67.52999877929688,69.98999786376953,59.88999938964844,104.4800033569336,29.09000015258789,83.56999969482422,378.75,57.16999816894531,170.0,155.9499969482422,235.7899932861328,57.220001220703125,77.5999984741211,93.12000274658203,79.3499984741211,20.357749938964844,39.720001220703125,186.39999389648438,143.5,30.979999542236328,150.4199981689453,125.1500015258789,420.7699890136719,57.0,70.41000366210938,43.599998474121094,26.264999389648438,36.689998626708984,129.1300048828125,61.16999816894531,6543400,28108500,2185200,852000,14020000,105651700,7132800,36287800,8489600,9216600,16498200,3745600,3295700,16263600,6162900,14622800,2103400,7799800,7163200,12572000,15952300,380100000,15888600,2564700,11305700,11845600,2256600,10587700,3538700,6398100,5213700,49618000,66999400,69632700,7487000,21573600
2021-07-15,98.22786712646484,86.93000030517578,210.70057678222656,672.4844360351562,43.524986267089844,34.5338020324707,55.56330871582031,57.572200775146484,47.758331298828125,82.5108871459961,20.953998565673828,60.612483978271484,332.2128601074219,51.072540283203125,147.12171936035156,137.79690551757812,220.80291748046875,48.18109130859375,67.12874603271484,78.8509750366211,75.01909637451172,18.922901153564453,31.02718734741211,158.9835205078125,127.45465850830078,25.879932403564453,139.80796813964844,108.59278106689453,386.9660339355469,47.69607925415039,56.62733459472656,39.89493942260742,21.033405303955078,33.69718551635742,118.80846405029297,49.05038070678711,117.18000030517578,86.93000030517578,246.6300048828125,703.9400024414062,47.73400115966797,38.83000183105469,67.43000030517578,68.44999694824219,57.08000183105469,101.30000305175781,26.649999618530273,76.19000244140625,373.3500061035156,55.810001373291016,168.3699951171875,155.4600067138672,231.47000122070312,54.25,77.9000015258789,92.62999725341797,76.91999816894531,18.966249465942383,40.09000015258789,189.5,141.4600067138672,28.729999542236328,145.41000366210938,117.52999877929688,420.04998779296875,58.81999969482422,66.80000305175781,45.0,25.049999237060547,36.619998931884766,128.27000427246094,58.95000076293945,117.48999786376953,89.77999877929688,247.57000732421875,713.27001953125,48.44499969482422,39.33000183105469,67.94000244140625,69.04000091552734,58.220001220703125,102.25,27.59000015258789,78.63999938964844,378.75,56.400001525878906,169.89999389648438,156.52999877929688,235.99000549316406,55.16999816894531,78.04000091552734,94.05999755859375,78.45999908447266,19.847000122070312,40.189998626708984,191.77999877929688,144.13999938964844,29.610000610351562,148.31333923339844,120.69999694824219,421.7300109863281,59.72999954223633,68.3499984741211,45.38999938964844,25.434999465942383,36.849998474121094,128.58999633789062,59.70000076293945,115.75,86.18000030517578,242.13999938964844,696.8400268554688,47.3120002746582,38.31999969482422,67.12000274658203,67.44000244140625,56.790000915527344,100.8499984741211,26.520000457763672,75.75,370.57000732421875,55.56999969482422,167.72000122070312,153.6999969482422,230.69000244140625,54.02000045776367,77.20999908447266,91.30000305175781,76.33999633789062,18.85849952697754,39.86000061035156,185.75999450683594,140.72000122070312,28.530000686645508,144.30667114257812,116.87000274658203,407.20001220703125,56.369998931884766,66.30000305175781,44.369998931884766,24.93000030517578,36.13999938964844,127.4800033569336,58.77000045776367,116.80999755859375,89.77999877929688,244.3300018310547,712.5700073242188,48.327999114990234,38.38999938964844,67.6500015258789,67.54000091552734,57.0,101.05000305175781,26.899999618530273,76.73999786376953,371.239990234375,56.400001525878906,169.3000030517578,153.89999389648438,235.00999450683594,54.599998474121094,77.62000274658203,91.36000061035156,78.33999633789062,19.811750411987305,39.95000076293945,186.4600067138672,144.1199951171875,29.229999542236328,147.9933319091797,120.12000274658203,411.9100036621094,56.630001068115234,66.91000366210938,44.59000015258789,25.1299991607666,36.13999938964844,128.02999877929688,59.16999816894531,4544600,38944700,2106700,729400,12624000,54697300,7473000,18897200,8723300,9665700,13428900,6226800,2183900,18917000,6656900,11539300,3611200,7348800,7041300,12465900,16616800,550564000,20250800,2042700,6667400,12341400,2657100,23734500,3546500,10314800,4787800,33388100,59670800,53977600,8750600,15851100
2021-07-16,98.49610137939453,85.88999938964844,211.83682250976562,656.70263671875,42.67973709106445,33.7244758605957,55.45618438720703,56.26852035522461,46.43635940551758,80.32798767089844,20.269948959350586,58.79865646362305,324.6048278808594,50.3038444519043,146.88583374023438,134.6502227783203,221.74734497070312,47.30183792114258,67.2321548461914,77.67623138427734,73.15630340576172,18.119491577148438,31.228408813476562,153.8909912109375,125.87792205810547,25.105247497558594,136.7696990966797,106.93888092041016,386.64361572265625,46.358116149902344,54.999725341796875,39.25661849975586,20.4372501373291,33.237091064453125,119.13265991210938,47.694095611572266,117.5,85.88999938964844,247.9600067138672,687.4199829101562,46.80699920654297,37.91999816894531,67.30000305175781,66.9000015258789,55.5,98.62000274658203,25.780000686645508,73.91000366210938,364.79998779296875,54.970001220703125,168.10000610351562,151.91000366210938,232.4600067138672,53.2599983215332,78.0199966430664,91.25,75.01000213623047,18.160999298095703,40.349998474121094,183.42999267578125,139.7100067138672,27.8700008392334,142.25,115.73999786376953,419.70001220703125,57.16999816894531,64.87999725341797,44.279998779296875,24.34000015258789,36.119998931884766,128.6199951171875,57.31999969482422,118.33000183105469,88.02999877929688,249.52999877929688,706.989990234375,48.02799987792969,39.290000915527344,67.58000183105469,68.76000213623047,57.900001525878906,101.69000244140625,27.100000381469727,77.33999633789062,374.92999267578125,56.93000030517578,169.08999633789062,156.27999877929688,233.0399932861328,54.83000183105469,78.37999725341797,93.41999816894531,77.61000061035156,19.156999588012695,40.349998474121094,190.3699951171875,142.50999450683594,29.200000762939453,146.60000610351562,118.98999786376953,422.2900085449219,59.02000045776367,67.19000244140625,45.529998779296875,25.25,36.810001373291016,129.08999633789062,59.2599983215332,116.91999816894531,85.68000030517578,246.5399932861328,686.8699951171875,46.72600173950195,37.59000015258789,66.81999969482422,66.41999816894531,55.310001373291016,98.33000183105469,25.6299991607666,73.61000061035156,363.8299865722656,54.900001525878906,167.9499969482422,151.02000427246094,231.2100067138672,53.13999938964844,77.62999725341797,91.0999984741211,74.83999633789062,18.072999954223633,39.93000030517578,182.80999755859375,139.52999877929688,27.600000381469727,141.91000366210938,115.16999816894531,417.6400146484375,57.04999923706055,64.37000274658203,44.11000061035156,24.295000076293945,36.040000915527344,128.17999267578125,57.150001525878906,117.91000366210938,87.31999969482422,248.0800018310547,702.8800048828125,47.90599822998047,39.220001220703125,67.44000244140625,68.70999908447266,57.70000076293945,101.62999725341797,27.030000686645508,77.12000274658203,374.92999267578125,56.04999923706055,168.33999633789062,155.9600067138672,232.5,54.68000030517578,78.01000213623047,93.1500015258789,77.16000366210938,19.030500411987305,40.13999938964844,190.1300048828125,141.8699951171875,29.1299991607666,145.8633270263672,118.75,421.3599853515625,58.95000076293945,66.94000244140625,45.40999984741211,25.239999771118164,36.810001373291016,128.60000610351562,59.18000030517578,6826100,35860700,3141400,578300,13980000,60469700,6381400,19289000,8805300,12199100,13531000,3652400,2583300,25263800,5834900,14002700,2229100,6763600,7638200,12595400,19132100,688224000,24270400,1445300,5914300,12381500,2571600,12110000,2625400,5779400,4696600,27838200,74253800,56160700,6511000,27049500
2021-07-19,96.75251007080078,86.58000183105469,210.78602600097656,653.435546875,42.46089172363281,32.844024658203125,54.681610107421875,54.73775863647461,44.93031311035156,78.1613540649414,19.601619720458984,55.95856857299805,315.635498046875,50.001853942871094,145.8197784423828,130.27151489257812,223.3498992919922,45.18809127807617,66.39628601074219,76.0588607788086,72.73692321777344,18.736825942993164,31.07362174987793,149.1676483154297,125.04900360107422,24.006275177001953,136.6318817138672,106.57854461669922,376.8416442871094,44.201168060302734,52.4904899597168,38.1661491394043,19.715145111083984,32.307716369628906,117.88221740722656,46.054931640625,115.41999816894531,86.58000183105469,246.72999572753906,684.0,46.56700134277344,36.93000030517578,66.36000061035156,65.08000183105469,53.70000076293945,95.95999908447266,24.93000030517578,70.33999633789062,354.7200012207031,54.63999938964844,166.8800048828125,146.97000122070312,234.13999938964844,50.880001068115234,77.05000305175781,89.3499984741211,74.58000183105469,18.77975082397461,40.150001525878906,177.8000030517578,138.7899932861328,26.649999618530273,142.10667419433594,115.3499984741211,409.05999755859375,54.5099983215332,61.91999816894531,43.04999923706055,23.479999542236328,35.11000061035156,127.2699966430664,55.349998474121094,117.0,87.2300033569336,249.9499969482422,684.3200073242188,46.59700012207031,37.25,67.26000213623047,66.06999969482422,54.29999923706055,96.94999694824219,25.229999542236328,72.44000244140625,355.19000244140625,54.810001373291016,168.19000244140625,149.82000732421875,234.3000030517578,51.790000915527344,78.33999633789062,89.69000244140625,74.68000030517578,19.04199981689453,40.349998474121094,180.94000244140625,138.89999389648438,26.920000076293945,142.33999633789062,115.62000274658203,419.5299987792969,56.33000183105469,62.779998779296875,43.29999923706055,23.815000534057617,35.61000061035156,128.38999938964844,56.20000076293945,113.73999786376953,84.23999786376953,244.85000610351562,671.5900268554688,45.75899887084961,36.5099983215332,65.77999877929688,64.36000061035156,52.81999969482422,94.5199966430664,24.049999237060547,69.41999816894531,349.0,53.970001220703125,165.32000732421875,145.7100067138672,230.57000732421875,50.189998626708984,76.1500015258789,87.58000183105469,73.19999694824219,17.86549949645996,39.68000030517578,176.42999267578125,136.80999755859375,25.90999984741211,139.50332641601562,113.2300033569336,406.80999755859375,54.20000076293945,60.7599983215332,42.290000915527344,23.149999618530273,34.900001525878906,126.2300033569336,54.599998474121094,116.66999816894531,84.98999786376953,247.8000030517578,673.8499755859375,46.347999572753906,36.75,66.80000305175781,65.45999908447266,53.43000030517578,95.81999969482422,24.59000015258789,71.5,354.0,54.40999984741211,166.47999572753906,148.5500030517578,231.8800048828125,51.369998931884766,77.80999755859375,89.51000213623047,73.83999633789062,17.915250778198242,40.06999969482422,179.1999969482422,138.32000732421875,26.530000686645508,140.30667114257812,114.0,417.239990234375,55.86000061035156,61.849998474121094,42.709999084472656,23.510000228881836,35.41999816894531,127.77999877929688,55.63999938964844,6762000,39244800,2529900,855300,14938000,83251500,11138100,33318600,13342100,17385500,16836900,6348300,4394600,27007700,8219700,22172900,2305600,10787800,9830600,14043000,23436900,749060000,29818400,1653300,9371300,18636600,4068000,9230200,3611300,8560800,7318700,43362200,114994800,89972200,19460400,37969100
2021-07-20,97.2806167602539,87.11000061035156,210.9226837158203,653.4832763671875,42.72714614868164,33.51992416381836,54.97825241088867,55.755455017089844,45.57456970214844,78.62561798095703,19.91613006591797,56.88139724731445,324.5693359375,50.550926208496094,147.19166564941406,132.70018005371094,224.18936157226562,46.289363861083984,65.63795471191406,78.58708953857422,73.52688598632812,18.569461822509766,31.770160675048828,152.35572814941406,125.7337646484375,24.537742614746094,138.4939422607422,107.5487060546875,380.4437561035156,45.48236846923828,53.0415153503418,39.75308609008789,19.97963523864746,33.1082649230957,119.31790924072266,46.56249237060547,116.05000305175781,87.11000061035156,246.88999938964844,684.0499877929688,46.85900115966797,37.689998626708984,66.72000122070312,66.29000091552734,54.470001220703125,96.52999877929688,25.329999923706055,71.5,364.760009765625,55.2400016784668,168.4499969482422,149.7100067138672,235.02000427246094,52.119998931884766,76.16999816894531,92.31999969482422,75.38999938964844,18.61199951171875,41.04999923706055,181.60000610351562,139.5500030517578,27.239999771118164,144.0433349609375,116.4000015258789,412.9700012207031,56.09000015258789,62.56999969482422,44.84000015258789,23.795000076293945,35.97999954223633,128.82000732421875,55.959999084472656,117.7300033569336,87.7699966430664,250.38999938964844,688.6599731445312,47.224998474121094,38.119998931884766,67.66999816894531,66.77999877929688,55.25,98.04000091552734,25.829999923706055,72.45999908447266,367.30999755859375,55.560001373291016,170.80999755859375,151.1199951171875,237.75,52.27000045776367,78.12999725341797,93.5999984741211,75.91999816894531,18.83799934387207,41.709999084472656,183.47000122070312,140.4199981689453,27.670000076293945,145.1366729736328,116.87000274658203,417.7300109863281,56.790000915527344,63.540000915527344,45.150001525878906,24.045000076293945,36.220001220703125,129.5500030517578,56.599998474121094,115.45999908447266,85.16999816894531,245.7100067138672,672.9299926757812,46.32699966430664,36.61000061035156,66.44000244140625,64.77999877929688,53.279998779296875,95.05000305175781,24.540000915527344,69.30000305175781,351.5400085449219,54.27000045776367,166.83999633789062,146.3300018310547,233.94000244140625,50.459999084472656,75.94999694824219,89.0,73.7699966430664,18.163999557495117,40.20000076293945,177.2100067138672,137.1999969482422,26.440000534057617,141.0,114.43000030517578,410.6099853515625,54.310001373291016,60.9900016784668,42.869998931884766,23.290000915527344,35.0,127.68000030517578,55.029998779296875,115.55000305175781,87.08999633789062,247.27000427246094,676.8599853515625,46.78900146484375,36.86000061035156,66.5,65.18000030517578,53.5,95.88999938964844,24.950000762939453,70.0,352.2699890136719,54.91999816894531,166.89999389648438,146.52000427246094,235.0,51.06999969482422,77.19000244140625,89.13999938964844,74.66000366210938,18.729999542236328,40.25,177.86000061035156,139.02000427246094,26.700000762939453,142.7899932861328,115.87999725341797,411.0,54.599998474121094,62.029998779296875,43.0,23.489999771118164,35.06999969482422,127.68000030517578,55.5,5581400,28089000,3035200,805600,20727000,59462900,8710000,20577900,9358200,12114600,13312300,7228100,2937900,19867000,9902800,15385200,2297800,5664600,11627600,11522300,14855800,434687000,48804100,1722600,6020400,11854700,3201000,7108000,3186700,6271100,5525400,34556200,83342000,70635800,15053700,26756100
2021-07-21,98.06859588623047,89.41000366210938,209.17987060546875,688.7820434570312,43.67816925048828,34.204742431640625,55.340816497802734,57.10120391845703,47.708133697509766,81.30540466308594,20.71025848388672,59.021400451660156,332.34637451171875,51.45689010620117,148.10040283203125,135.49229431152344,226.35470581054688,48.03010177612305,65.82755279541016,81.44725799560547,75.28240966796875,19.365638732910156,31.746952056884766,155.09913635253906,128.09437561035156,25.609697341918945,142.74685668945312,108.90692901611328,381.982177734375,46.382450103759766,55.02516555786133,40.60417556762695,20.676551818847656,33.67878723144531,119.51240539550781,48.060203552246094,116.98999786376953,89.41000366210938,244.85000610351562,721.0,47.902000427246094,38.459999084472656,67.16000366210938,67.88999938964844,57.02000045776367,99.81999969482422,26.34000015258789,74.19000244140625,373.5,56.22999954223633,169.49000549316406,152.86000061035156,237.2899932861328,54.08000183105469,76.38999938964844,95.68000030517578,77.19000244140625,19.40999984741211,41.02000045776367,184.8699951171875,142.1699981689453,28.43000030517578,148.46665954589844,117.87000274658203,414.6400146484375,57.20000076293945,64.91000366210938,45.79999923706055,24.625,36.599998474121094,129.02999877929688,57.7599983215332,117.06999969482422,89.48999786376953,246.9600067138672,721.0900268554688,47.928001403808594,38.77000045776367,67.23999786376953,68.25,57.41999816894531,100.47000122070312,26.709999084472656,74.86000061035156,374.8999938964844,56.279998779296875,169.69000244140625,153.64999389648438,237.3699951171875,54.5099983215332,76.45999908447266,96.05000305175781,77.23999786376953,19.527000427246094,41.2400016784668,186.25,142.22000122070312,28.68000030517578,148.5366668701172,117.87000274658203,417.2300109863281,57.5099983215332,65.66999816894531,46.150001525878906,24.825000762939453,36.779998779296875,129.3800048828125,58.29999923706055,115.79000091552734,86.9000015258789,242.69000244140625,700.6900024414062,46.849998474121094,37.97999954223633,66.55999755859375,66.93000030517578,55.61000061035156,97.69999694824219,25.709999084472656,72.41999816894531,367.92999267578125,55.0099983215332,167.47999572753906,151.36000061035156,233.58999633789062,52.93000030517578,75.63999938964844,93.18000030517578,75.33999633789062,18.742000579833984,40.52000045776367,183.5399932861328,139.64999389648438,28.020000457763672,144.5933380126953,115.93000030517578,410.8299865722656,56.4900016784668,63.4900016784668,45.209999084472656,24.209999084472656,36.2400016784668,127.63999938964844,56.83000183105469,116.63999938964844,87.25,246.91000366210938,705.9400024414062,46.9630012512207,38.04999923706055,67.11000061035156,67.01000213623047,55.72999954223633,97.9800033569336,25.84000015258789,73.19999694824219,368.0400085449219,55.18000030517578,169.3000030517578,152.0500030517578,236.3800048828125,52.959999084472656,76.31999969482422,93.23999786376953,75.3499984741211,18.881999969482422,41.2400016784668,183.6699981689453,139.64999389648438,28.030000686645508,144.5933380126953,116.2300033569336,417.05999755859375,56.56999969482422,63.540000915527344,45.290000915527344,24.264999389648438,36.27000045776367,129.33999633789062,56.86000061035156,4133800,29469900,1901900,1281300,13660000,49907400,5796400,23393200,9378000,11478100,9063800,8755800,2398800,18497200,7585200,12356700,1651500,5798900,7429300,14116900,15945800,371017000,27530200,1440700,6161900,12423400,2039400,5564700,1863700,5544800,5129700,29654600,82042600,59975000,8295700,20908700
2021-07-22,98.52963256835938,91.20999908447266,209.0859375,697.303466796875,43.43288803100586,33.76006317138672,56.00003433227539,56.293758392333984,47.415279388427734,80.4908676147461,20.4350643157959,58.631591796875,331.64337158203125,51.209800720214844,148.52854919433594,133.78155517578125,227.4994354248047,47.417293548583984,65.94817352294922,81.35363006591797,73.66343688964844,19.54922103881836,32.0952262878418,152.4563751220703,128.3376922607422,25.204336166381836,141.90399169921875,107.69654083251953,383.02313232421875,45.25532531738281,53.812931060791016,39.921539306640625,20.445646286010742,33.310707092285156,120.392333984375,47.51937484741211,117.54000091552734,91.20999908447266,244.74000549316406,729.9199829101562,47.632999420166016,37.959999084472656,67.95999908447266,66.93000030517578,56.66999816894531,98.81999969482422,25.989999771118164,73.69999694824219,372.7099914550781,55.959999084472656,169.97999572753906,150.92999267578125,238.49000549316406,53.38999938964844,76.52999877929688,95.56999969482422,75.52999877929688,19.5939998626709,41.470001220703125,181.72000122070312,142.44000244140625,27.979999542236328,147.58999633789062,116.55999755859375,415.7699890136719,55.810001373291016,63.47999954223633,45.029998779296875,24.350000381469727,36.20000076293945,129.97999572753906,57.11000061035156,117.91000366210938,91.36000061035156,246.22000122070312,740.0599975585938,47.89899826049805,38.400001525878906,68.0,67.79000091552734,57.209999084472656,99.41000366210938,26.579999923706055,74.54000091552734,373.69000244140625,56.540000915527344,171.07000732421875,153.44000244140625,239.6999969482422,53.81999969482422,76.79000091552734,96.2300033569336,76.25,19.886999130249023,41.54999923706055,184.9600067138672,142.85000610351562,28.459999084472656,148.39999389648438,118.08999633789062,416.8299865722656,57.2400016784668,64.62000274658203,45.95000076293945,24.600000381469727,36.560001373291016,129.97999572753906,57.7400016784668,116.38999938964844,89.08000183105469,243.1300048828125,724.2000122070312,47.45100021362305,37.68000030517578,66.93000030517578,66.41000366210938,56.18000030517578,97.88999938964844,25.889999389648438,72.93000030517578,368.45001220703125,55.68000030517578,168.64999389648438,149.97000122070312,236.3699951171875,52.790000915527344,76.08000183105469,94.83999633789062,74.45999908447266,19.275999069213867,40.900001525878906,180.6699981689453,141.5,27.719999313354492,146.49667358398438,116.20999908447266,413.7300109863281,55.63999938964844,62.93000030517578,44.79999923706055,24.139999389648438,36.04999923706055,128.7899932861328,56.65999984741211,116.63999938964844,89.4000015258789,243.97999572753906,733.0,47.65999984741211,38.36000061035156,67.13999938964844,67.75,57.02000045776367,99.4000015258789,26.43000030517578,74.3499984741211,372.29998779296875,56.060001373291016,169.36000061035156,152.8800048828125,237.27999877929688,53.81999969482422,76.5999984741211,95.41999816894531,76.2300033569336,19.642000198364258,41.119998931884766,184.5,142.0,28.34000015258789,147.72332763671875,118.08999633789062,416.0199890136719,57.189998626708984,64.51000213623047,45.84000015258789,24.600000381469727,36.470001220703125,129.13999938964844,57.72999954223633,6257000,33730100,1379800,946000,12583000,52715600,11068400,16524900,6765500,7694300,6993200,3059200,1887100,36691000,5281900,9913300,1703500,3179200,8708900,9235300,19042200,323826000,18913300,1931300,3862600,11761400,1185000,5746500,1421900,4042900,3307900,23309500,47270000,35292300,9261100,13493800
2021-07-23,99.07450866699219,92.1500015258789,211.6317901611328,714.7094116210938,44.05475616455078,33.52882385253906,56.313148498535156,56.10872268676758,46.65650939941406,80.52346801757812,20.144145965576172,57.68489456176758,332.8356628417969,48.501060485839844,150.11012268066406,133.52450561523438,232.8986053466797,47.45281219482422,66.81852722167969,80.48536682128906,74.06332397460938,19.513301849365234,32.25774383544922,153.5470428466797,130.53607177734375,25.591676712036133,142.6282501220703,107.90904235839844,384.80120849609375,45.18233871459961,54.007904052734375,39.53144073486328,20.370079040527344,33.36591720581055,121.78168487548828,47.46112060546875,118.19000244140625,92.1500015258789,247.72000122070312,748.1400146484375,48.314998626708984,37.70000076293945,68.33999633789062,66.70999908447266,55.34000015258789,98.86000061035156,25.6200008392334,72.51000213623047,374.04998779296875,53.0,171.7899932861328,150.63999938964844,244.14999389648438,53.43000030517578,77.54000091552734,94.55000305175781,75.94000244140625,19.558000564575195,41.68000030517578,183.02000427246094,144.8800048828125,28.40999984741211,148.3433380126953,116.79000091552734,417.70001220703125,55.720001220703125,63.709999084472656,44.59000015258789,24.260000228881836,36.2599983215332,131.47999572753906,57.040000915527344,118.66999816894531,92.37000274658203,248.55999755859375,756.780029296875,48.358001708984375,38.27000045776367,68.52999877929688,67.76000213623047,56.279998779296875,99.12000274658203,26.06999969482422,73.66999816894531,378.0,54.709999084472656,172.17999267578125,152.83999633789062,244.5500030517578,53.70000076293945,77.68000030517578,97.16999816894531,76.04000091552734,19.700000762939453,41.83000183105469,185.19000244140625,144.99000549316406,28.780000686645508,148.49000549316406,117.6500015258789,419.3399963378906,56.709999084472656,64.11000061035156,45.5099983215332,24.440000534057617,36.650001525878906,131.61000061035156,57.290000915527344,117.56999969482422,90.19000244140625,244.8699951171875,743.0900268554688,47.68299865722656,37.560001373291016,67.80000305175781,66.5199966430664,54.7400016784668,97.94000244140625,25.18000030517578,71.58000183105469,371.3800048828125,52.31999969482422,170.3800048828125,150.25,238.55999755859375,52.63999938964844,76.7300033569336,94.19000244140625,74.9000015258789,19.25,41.41999816894531,181.97999572753906,142.02999877929688,27.6200008392334,146.51333618164062,115.33000183105469,415.989990234375,55.54999923706055,63.150001525878906,44.41999816894531,24.014999389648438,36.15999984741211,130.3699951171875,56.470001220703125,117.9800033569336,91.3499984741211,246.27000427246094,747.7899780273438,48.00299835205078,38.20000076293945,68.0,67.5,56.0,98.80000305175781,26.049999237060547,73.43000030517578,374.5899963378906,54.58000183105469,171.0,151.47999572753906,239.27999877929688,53.20000076293945,76.80000305175781,96.27999877929688,75.93000030517578,19.6560001373291,41.459999084472656,183.10000610351562,143.4499969482422,28.280000686645508,148.27999877929688,117.6500015258789,417.8999938964844,56.29999923706055,63.52000045776367,45.099998474121094,24.43000030517578,36.54999923706055,130.52999877929688,57.290000915527344,4411100,31708900,1747300,1069800,13489000,48659400,7092300,13443300,10623800,7570800,7984500,3889300,1706900,67742300,5014900,9666100,2448100,3058400,6560800,13222800,12345200,195672000,21609200,1019500,6310400,12759200,1312500,5773900,1611700,3570500,3964700,23946500,46951800,36766900,8303800,14088200
2021-07-26,98.73920440673828,91.81999969482422,209.37637329101562,720.3934326171875,43.97178649902344,33.91124725341797,55.77754211425781,57.000267028808594,47.94642639160156,82.22579193115234,20.953998565673828,59.0054931640625,334.4819030761719,49.69987106323242,150.1800537109375,134.41973876953125,232.001953125,48.54521179199219,66.56001281738281,82.17933654785156,74.41441345214844,19.249902725219727,32.358360290527344,154.8054656982422,129.29269409179688,26.53751564025879,142.67312622070312,106.8557357788086,380.9687805175781,45.55534744262695,55.55921936035156,39.90380096435547,20.873872756958008,33.55915832519531,120.99439239501953,48.659297943115234,117.79000091552734,91.81999969482422,245.0800018310547,754.0900268554688,48.2239990234375,38.130001068115234,67.69000244140625,67.7699966430664,56.869998931884766,100.94999694824219,26.649999618530273,74.16999816894531,375.8999938964844,54.310001373291016,171.8699951171875,151.64999389648438,243.2100067138672,54.65999984741211,77.23999786376953,96.54000091552734,76.30000305175781,19.29400062561035,41.810001373291016,184.52000427246094,143.5,29.459999084472656,148.38999938964844,115.6500015258789,413.5400085449219,56.18000030517578,65.54000091552734,45.0099983215332,24.860000610351562,36.470001220703125,130.6300048828125,58.47999954223633,118.47000122070312,92.75,248.38999938964844,759.0,48.36199951171875,38.2400016784668,68.33999633789062,67.83999633789062,57.349998474121094,101.26000213623047,26.760000228881836,74.5999984741211,376.67999267578125,54.540000915527344,172.13999938964844,151.9600067138672,245.27999877929688,54.7400016784668,77.61000061035156,96.66000366210938,77.4800033569336,19.441999435424805,41.939998626708984,185.50999450683594,144.3800048828125,29.6299991607666,148.72000122070312,116.0999984741211,417.6700134277344,56.40999984741211,65.98999786376953,45.2400016784668,24.959999084472656,36.540000915527344,131.49000549316406,58.650001525878906,117.2699966430664,91.12000274658203,244.80999755859375,748.3800048828125,47.96799850463867,37.65999984741211,67.48999786376953,66.45999908447266,55.56999969482422,99.44000244140625,25.68000030517578,72.55999755859375,373.1099853515625,52.7599983215332,170.86000061035156,150.1699981689453,242.57000732421875,53.779998779296875,76.95999908447266,94.3499984741211,75.51000213623047,18.913999557495117,41.38999938964844,183.0,142.24000549316406,28.670000076293945,147.4066619873047,114.87000274658203,410.8999938964844,55.52000045776367,63.880001068115234,44.470001220703125,24.274999618530273,36.16999816894531,130.1999969482422,57.0,118.12999725341797,92.01000213623047,247.72000122070312,758.2000122070312,48.215999603271484,37.65999984741211,68.22000122070312,66.45999908447266,55.709999084472656,99.45999908447266,25.790000915527344,72.77999877929688,373.17999267578125,52.810001373291016,171.82000732421875,150.19000244140625,242.57000732421875,53.83000183105469,77.45999908447266,94.37000274658203,75.80999755859375,19.31100082397461,41.619998931884766,183.64999389648438,143.9499969482422,29.06999969482422,147.77333068847656,115.79000091552734,416.8299865722656,55.689998626708984,63.900001525878906,44.470001220703125,24.31999969482422,36.189998626708984,131.11000061035156,57.15999984741211,3730100,27668500,1518500,691800,11160000,32258000,8306000,16434000,8756300,10227500,8333000,4237500,1559100,32881200,4484900,8208000,2678800,3948200,5071800,11420600,12023900,203943000,23720000,873800,6253900,12815500,1123200,6440600,2232600,3721700,3799900,22976700,47266200,25396000,6626500,18387600
2021-07-27,98.88172149658203,91.02999877929688,209.03466796875,712.2828979492188,43.344444274902344,33.77784729003906,55.61274337768555,57.17689895629883,47.49116134643555,81.94888305664062,20.395751953125,57.85990905761719,333.5386047363281,48.66579055786133,150.87033081054688,134.24246215820312,232.35487365722656,48.261024475097656,67.0856704711914,82.12826538085938,72.38581085205078,19.16410255432129,32.582801818847656,154.5957489013672,126.97711181640625,26.285293579101562,140.05470275878906,104.90618133544922,382.406005859375,45.5310173034668,55.5931282043457,40.019046783447266,20.680755615234375,33.549957275390625,121.55939483642578,48.11845397949219,117.95999908447266,91.02999877929688,244.67999267578125,745.5999755859375,47.5359992980957,37.97999954223633,67.48999786376953,67.9800033569336,56.33000183105469,100.61000061035156,25.940000534057617,72.7300033569336,374.8399963378906,53.18000030517578,172.66000366210938,151.4499969482422,243.5800018310547,54.34000015258789,77.8499984741211,96.4800033569336,74.22000122070312,19.20800018310547,42.099998474121094,184.27000427246094,140.92999267578125,29.18000030517578,145.6666717529297,113.54000091552734,415.1000061035156,56.150001525878906,65.58000183105469,45.13999938964844,24.6299991607666,36.459999084472656,131.24000549316406,57.83000183105469,118.30000305175781,94.0999984741211,245.61000061035156,752.1500244140625,48.180999755859375,38.2400016784668,67.72000122070312,68.4000015258789,56.619998931884766,100.72000122070312,26.520000457763672,73.4000015258789,375.1400146484375,53.20000076293945,172.72000122070312,152.49000549316406,244.05999755859375,54.47999954223633,78.12999725341797,97.05000305175781,74.79000091552734,19.621999740600586,42.20000076293945,185.0,143.0,29.440000534057617,147.96665954589844,115.4000015258789,415.260009765625,56.36000061035156,65.63999938964844,45.380001068115234,24.704999923706055,36.619998931884766,131.24000549316406,58.0099983215332,116.76000213623047,89.0999984741211,243.3800048828125,733.0599975585938,46.779998779296875,37.459999084472656,67.05000305175781,66.77999877929688,55.34000015258789,98.94000244140625,25.719999313354492,71.62999725341797,369.2200012207031,52.310001373291016,170.6699981689453,149.8000030517578,242.66000366210938,53.61000061035156,76.73999786376953,95.5199966430664,72.51000213623047,18.740999221801758,41.58000183105469,180.8699951171875,138.2100067138672,28.540000915527344,142.58999633789062,112.05000305175781,409.4599914550781,55.099998474121094,63.93000030517578,44.27000045776367,24.34000015258789,36.02000045776367,130.10000610351562,57.209999084472656,117.79000091552734,92.94000244140625,244.1199951171875,751.1699829101562,48.07600021362305,37.720001220703125,67.26000213623047,67.08000183105469,56.15999984741211,100.05000305175781,26.270000457763672,73.4000015258789,372.5,53.119998931884766,171.8000030517578,150.39999389648438,243.7100067138672,53.9900016784668,77.16999816894531,95.87999725341797,74.79000091552734,19.264999389648438,41.81999969482422,182.08999633789062,142.49000549316406,29.030000686645508,147.96665954589844,115.31999969482422,412.0,55.5,64.70999908447266,44.59000015258789,24.665000915527344,36.189998626708984,130.4499969482422,58.0099983215332,3773100,69427000,2166400,881200,14715000,39121400,11190400,17127700,7363600,8332100,8499700,4977300,1791800,39878000,7089300,11218700,2116500,3625600,8136000,8972900,23940500,248863000,32544100,893200,7575800,9333500,2508000,11127500,2630600,4332400,4769100,22124500,46888400,38988400,9551600,16861400
2021-07-28,99.37628173828125,97.93000030517578,208.66732788085938,725.9055786132812,43.553260803222656,33.91124725341797,56.634521484375,57.27781295776367,47.819976806640625,82.41314697265625,20.804609298706055,58.31338882446289,332.995849609375,48.56513214111328,150.450927734375,134.46409606933594,235.1498565673828,49.09585952758789,67.4992904663086,81.77925872802734,73.68293762207031,19.45842170715332,33.62761306762695,154.1678466796875,128.3376922607422,26.411407470703125,142.343017578125,106.31982421875,376.943115234375,45.44182586669922,57.05119705200195,40.34708023071289,20.869674682617188,33.50394821166992,121.99471282958984,48.44296646118164,118.55000305175781,97.93000030517578,244.25,759.8599853515625,47.76499938964844,38.130001068115234,68.7300033569336,68.0999984741211,56.720001220703125,101.18000030517578,26.459999084472656,73.30000305175781,374.2300109863281,53.06999969482422,172.17999267578125,151.6999969482422,246.50999450683594,55.279998779296875,78.33000183105469,96.06999969482422,75.55000305175781,19.503000259399414,43.45000076293945,183.75999450683594,142.44000244140625,29.31999969482422,148.04666137695312,115.06999969482422,409.1700134277344,56.040000915527344,67.30000305175781,45.5099983215332,24.854999542236328,36.40999984741211,131.7100067138672,58.220001220703125,118.93000030517578,98.70999908447266,247.6999969482422,761.0399780273438,47.90800094604492,38.5,68.98999786376953,68.61000061035156,57.150001525878906,101.80999755859375,26.790000915527344,73.80000305175781,377.44000244140625,53.91999816894531,173.3800048828125,152.77000427246094,248.39999389648438,55.810001373291016,78.66999816894531,96.88999938964844,76.01000213623047,19.645999908447266,43.7400016784668,185.55999755859375,142.91000366210938,29.68000030517578,148.6699981689453,115.51000213623047,414.489990234375,56.619998931884766,67.98999786376953,46.040000915527344,25.059999465942383,36.63999938964844,132.08999633789062,58.630001068115234,117.30000305175781,89.6500015258789,243.52000427246094,745.4000244140625,47.43199920654297,37.75,67.01000213623047,67.48999786376953,55.810001373291016,100.27999877929688,25.799999237060547,71.69999694824219,372.3399963378906,52.939998626708984,172.0800018310547,150.8800048828125,242.63999938964844,54.13999938964844,77.47000122070312,95.55000305175781,74.37999725341797,18.9950008392334,42.25,182.2899932861328,140.13999938964844,28.809999465942383,145.4933319091797,113.87999725341797,406.79998779296875,55.470001220703125,65.52999877929688,44.97999954223633,24.469999313354492,36.15999984741211,130.72000122070312,57.619998931884766,117.62999725341797,93.44000244140625,244.5500030517578,750.0,47.66999816894531,38.189998626708984,67.5999984741211,68.31999969482422,56.47999954223633,100.9000015258789,26.280000686645508,73.27999877929688,375.80999755859375,53.029998779296875,172.72999572753906,152.2899932861328,243.3699951171875,54.650001525878906,77.86000061035156,96.51000213623047,74.55000305175781,19.319000244140625,42.349998474121094,185.0,141.27000427246094,29.290000915527344,146.19667053222656,113.94000244140625,414.489990234375,56.5,66.11000061035156,45.380001068115234,24.69499969482422,36.59000015258789,131.0500030517578,58.0,5650400,140561000,1649100,716500,8359000,43331100,11625900,20275900,6167200,8546100,6879300,3546100,1668900,28478800,5750700,9217300,1688000,3196500,11037900,10054000,14348300,202191000,53822400,814500,9303400,7088100,2289600,6819700,2446600,4063600,4606200,23252800,39169200,42908200,7432600,16855300
2021-07-29,99.64452362060547,102.94999694824219,207.13809204101562,731.4943237304688,44.142295837402344,34.4004020690918,56.15659713745117,57.875,48.12348175048828,83.5453109741211,20.938274383544922,58.63954162597656,335.9501037597656,49.14164352416992,150.450927734375,135.6164093017578,234.02423095703125,49.673133850097656,66.29288482666016,82.55957794189453,75.17514038085938,19.617063522338867,33.41675567626953,155.34242248535156,136.04115295410156,26.69966697692871,145.2466583251953,107.31771087646484,379.6238098144531,45.766178131103516,57.339412689208984,41.22476577758789,21.07118797302246,33.87202453613281,122.29109954833984,49.03372573852539,118.87000274658203,102.94999694824219,242.4600067138672,765.7100219726562,48.4109992980957,38.68000030517578,68.1500015258789,68.80999755859375,57.08000183105469,102.56999969482422,26.6299991607666,73.70999908447266,377.54998779296875,53.70000076293945,172.17999267578125,153.0,245.3300018310547,55.93000030517578,76.93000030517578,96.27999877929688,77.08000183105469,19.66200065612793,42.790000915527344,185.16000366210938,150.99000549316406,29.639999389648438,151.06666564941406,116.1500015258789,412.0799865722656,56.439998626708984,67.63999938964844,46.5,25.094999313354492,36.810001373291016,132.02999877929688,58.93000030517578,119.12999725341797,105.73999786376953,245.16000366210938,767.8900146484375,48.58300018310547,38.97999954223633,69.2699966430664,69.58000183105469,57.84000015258789,102.87999725341797,27.040000915527344,74.25,379.510009765625,54.099998474121094,173.33999633789062,153.8699951171875,248.24000549316406,56.470001220703125,77.91999816894531,96.8499984741211,77.12000274658203,19.85300064086914,43.29999923706055,186.13999938964844,151.52000427246094,29.979999542236328,151.52999877929688,117.11000061035156,412.5799865722656,56.790000915527344,69.5,46.709999084472656,25.28499984741211,36.970001220703125,132.22999572753906,59.33000183105469,118.1500015258789,96.58000183105469,242.2100067138672,759.8599853515625,47.74399948120117,38.369998931884766,68.05000305175781,68.41000366210938,56.86000061035156,101.94000244140625,26.40999984741211,72.80000305175781,374.80999755859375,53.31999969482422,171.08999633789062,151.91000366210938,242.24000549316406,55.470001220703125,76.80999755859375,95.52999877929688,75.94999694824219,19.327999114990234,42.619998931884766,183.47999572753906,146.41000366210938,29.329999923706055,148.55332946777344,115.61000061035156,408.4200134277344,55.81999969482422,67.33000183105469,45.68000030517578,24.94499969482422,36.4900016784668,131.63999938964844,58.560001373291016,119.02999877929688,96.58000183105469,244.4600067138672,761.6300048828125,47.84700012207031,38.54999923706055,69.0,68.70999908447266,57.41999816894531,102.37999725341797,26.950000762939453,74.16000366210938,377.0299987792969,53.47999954223633,172.74000549316406,153.13999938964844,247.5,56.11000061035156,77.55000305175781,96.16000366210938,76.08000183105469,19.518999099731445,43.22999954223633,185.6699981689453,146.5,29.860000610351562,148.61000061035156,116.0,411.2799987792969,56.560001373291016,68.80000305175781,45.88999938964844,25.174999237060547,36.650001525878906,132.13999938964844,59.0,4632200,164091800,1498900,634000,9162000,43039100,8963700,22261700,6306400,8681300,6009800,4442900,1296600,16886600,4214100,9063500,1924100,3210800,11583000,9016200,14529400,190781000,29015000,825300,19446900,7420800,2303700,7162000,1597300,7566000,4526800,24487400,43794000,41434200,5662700,18607800
2021-07-30,97.49018859863281,106.19000244140625,206.3520965576172,732.4783325195312,44.25991439819336,34.11580276489258,55.92586898803711,57.29879379272461,47.26353073120117,82.92627716064453,20.317127227783203,57.96333694458008,333.5741882324219,49.15994644165039,150.46839904785156,134.53500366210938,232.27857971191406,49.042572021484375,66.24115753173828,82.30232238769531,75.66277313232422,19.454435348510742,33.4323844909668,153.03526306152344,134.96896362304688,25.970014572143555,146.43572998046875,107.77043151855469,379.7527770996094,45.03638458251953,56.77145004272461,40.72829055786133,20.735328674316406,33.60517883300781,122.40225982666016,47.902122497558594,116.30000305175781,106.19000244140625,241.5399932861328,766.739990234375,48.540000915527344,38.36000061035156,67.87000274658203,67.62000274658203,56.060001373291016,101.80999755859375,25.84000015258789,72.86000061035156,374.8800048828125,53.720001220703125,172.1999969482422,151.77999877929688,243.5,55.220001220703125,76.87000274658203,95.9800033569336,77.58000183105469,19.499000549316406,42.810001373291016,182.41000366210938,149.8000030517578,28.829999923706055,152.30332946777344,116.63999938964844,412.2200012207031,55.540000915527344,66.97000122070312,45.939998626708984,24.69499969482422,36.52000045776367,132.14999389648438,57.56999969482422,119.1500015258789,106.97000122070312,243.10000610351562,768.7000122070312,48.63399887084961,38.83000183105469,68.5199966430664,68.5199966430664,56.900001525878906,104.05000305175781,26.549999237060547,73.3499984741211,379.95001220703125,53.900001525878906,172.97999572753906,153.6699981689453,245.9499969482422,56.09000015258789,77.76000213623047,97.20999908447266,78.11000061035156,19.6299991607666,43.189998626708984,186.39999389648438,150.41000366210938,29.549999237060547,152.6133270263672,117.41999816894531,413.7699890136719,56.560001373291016,68.23999786376953,46.849998474121094,25.149999618530273,36.97999954223633,132.63999938964844,58.880001068115234,116.12000274658203,101.37999725341797,240.6300048828125,756.7899780273438,47.957000732421875,38.04999923706055,67.48999786376953,67.23999786376953,55.720001220703125,100.7699966430664,25.540000915527344,72.08000183105469,373.05999755859375,53.25,171.83999633789062,151.1999969482422,242.6300048828125,54.779998779296875,76.7699966430664,95.52999877929688,76.05999755859375,19.26300048828125,42.689998626708984,181.7100067138672,148.36000061035156,28.649999618530273,149.6999969482422,115.19000244140625,410.25,55.130001068115234,66.33000183105469,45.72999954223633,24.545000076293945,36.43000030517578,131.6300048828125,57.31999969482422,119.0,101.5999984741211,242.6199951171875,760.77001953125,48.19599914550781,38.5099983215332,68.1500015258789,67.91999816894531,56.7599983215332,103.05999755859375,26.549999237060547,73.16999816894531,376.57000732421875,53.650001525878906,172.5399932861328,152.5800018310547,244.89999389648438,55.5,77.12000274658203,95.94000244140625,76.12999725341797,19.417999267578125,42.880001068115234,184.49000549316406,149.1999969482422,29.34000015258789,149.6999969482422,115.5,410.760009765625,56.09000015258789,66.87000274658203,46.2599983215332,25.045000076293945,36.709999084472656,131.80999755859375,58.880001068115234,9017200,125632000,2284100,488200,11548000,46210100,10008000,18078200,8660100,12295300,9262000,4708500,1474900,16465700,5346400,9805200,1905100,3642500,13004500,8320800,12528900,183497000,24763300,1020400,8404800,9241600,2320200,6482600,1864200,6478400,3587900,25794000,49600600,52385300,6634400,28652800
2021-08-02,96.77766418457031,108.62999725341797,204.8570556640625,735.2581787109375,44.19425964355469,33.76006317138672,56.04947280883789,57.39200973510742,46.69023513793945,82.77967071533203,20.041934967041016,56.97684860229492,336.51953125,49.12334060668945,150.52955627441406,133.99429321289062,235.23570251464844,48.367591857910156,65.6465835571289,82.51671600341797,75.72130584716797,19.704858779907227,34.33047103881836,152.5067138671875,134.1220245361328,25.67275047302246,147.36190795898438,107.97372436523438,382.83892822265625,44.70392990112305,56.28824996948242,40.595314025878906,20.579986572265625,33.6143684387207,122.56897735595703,47.91043472290039,115.44999694824219,108.62999725341797,239.7899932861328,769.6500244140625,48.46799850463867,37.959999084472656,68.0199966430664,67.7300033569336,55.380001068115234,101.62999725341797,25.489999771118164,71.62000274658203,378.19000244140625,53.68000030517578,172.27000427246094,151.1699981689453,246.60000610351562,54.459999084472656,76.18000030517578,96.2300033569336,77.63999938964844,19.75,43.959999084472656,181.77999877929688,148.86000061035156,28.5,153.26666259765625,116.86000061035156,415.57000732421875,55.130001068115234,66.4000015258789,45.790000915527344,24.510000228881836,36.529998779296875,132.3300018310547,57.58000183105469,117.23999786376953,110.33000183105469,242.47999572753906,775.8400268554688,49.459999084472656,38.95000076293945,68.69999694824219,69.12000274658203,57.7599983215332,103.9800033569336,26.760000228881836,74.38999938964844,386.92999267578125,54.470001220703125,172.83999633789062,154.4499969482422,247.88999938964844,56.40999984741211,77.26000213623047,98.4000015258789,79.48999786376953,19.961000442504883,44.13999938964844,186.6999969482422,152.27999877929688,29.709999084472656,155.1666717529297,118.37999725341797,416.44000244140625,56.81999969482422,69.19999694824219,46.810001373291016,25.309999465942383,37.189998626708984,132.85000610351562,59.060001373291016,115.41000366210938,103.83000183105469,238.3699951171875,768.4099731445312,48.35100173950195,37.90999984741211,67.95999908447266,67.63999938964844,55.33000183105469,101.55999755859375,25.280000686645508,71.37999725341797,375.75,53.540000915527344,171.3000030517578,151.07000732421875,244.25,54.2400016784668,76.13999938964844,95.9800033569336,77.47000122070312,19.361000061035156,43.25,181.30999755859375,148.2100067138672,28.399999618530273,152.88999938964844,116.66000366210938,412.80999755859375,55.11000061035156,66.30000305175781,45.56999969482422,24.469999313354492,36.47999954223633,131.94000244140625,57.400001525878906,116.88999938964844,105.93000030517578,242.1199951171875,770.8099975585938,48.904998779296875,38.400001525878906,68.19999694824219,67.94999694824219,56.529998779296875,102.08000183105469,25.90999984741211,72.83000183105469,376.1700134277344,53.9900016784668,172.47000122070312,152.02999877929688,245.72999572753906,55.290000915527344,76.93000030517578,96.72000122070312,79.04000091552734,19.700000762939453,43.29999923706055,183.52999877929688,150.0,28.850000381469727,153.76333618164062,117.5,413.57000732421875,55.869998931884766,67.30000305175781,46.040000915527344,24.709999084472656,36.77000045776367,132.6699981689453,57.54999923706055,9245500,115581900,1849400,499900,15619000,49894000,6562100,16616700,8469500,8911800,8739200,5653200,2383200,18098100,3721500,10203200,1958900,5258600,9083400,9409600,14904200,217444000,43066900,1025900,10823800,12466300,2864100,6028800,1806500,4741300,4398400,23960700,57810800,47589900,8366300,20873800
2021-08-03,97.44828796386719,112.55999755859375,208.5220489501953,744.69677734375,44.38666915893555,34.284786224365234,57.11244583129883,58.36647415161133,47.75251388549805,83.56975555419922,20.60804557800293,58.615684509277344,338.45050048828125,49.47108459472656,152.38204956054688,135.5188751220703,244.19296264648438,49.68202209472656,65.84478759765625,82.833984375,78.86172485351562,19.76971435546875,35.673702239990234,156.33238220214844,133.3021240234375,26.033071517944336,148.48362731933594,109.40586853027344,388.6704406738281,45.3201904296875,58.50079345703125,41.517330169677734,20.93265151977539,33.991641998291016,124.27326202392578,48.42631912231445,116.25,112.55999755859375,244.0800018310547,779.530029296875,48.67900085449219,38.54999923706055,69.30999755859375,68.87999725341797,56.63999938964844,102.5999984741211,26.209999084472656,73.68000030517578,380.3599853515625,54.060001373291016,174.38999938964844,152.88999938964844,255.99000549316406,55.939998626708984,76.41000366210938,96.5999984741211,80.86000061035156,19.815000534057617,45.68000030517578,186.33999633789062,147.9499969482422,28.899999618530273,154.43333435058594,118.41000366210938,421.8999938964844,55.88999938964844,69.01000213623047,46.83000183105469,24.93000030517578,36.939998626708984,134.1699981689453,58.20000076293945,116.30999755859375,114.8499984741211,244.38999938964844,780.4500122070312,48.7760009765625,38.630001068115234,69.33000183105469,69.08999633789062,56.77000045776367,102.91000366210938,26.260000228881836,74.29000091552734,381.30999755859375,54.15999984741211,174.5,153.32000732421875,259.3699951171875,55.95000076293945,76.80999755859375,97.02999877929688,81.06999969482422,20.222000122070312,45.86000061035156,187.32000732421875,149.5800018310547,28.920000076293945,154.43333435058594,118.63999938964844,422.1400146484375,56.02000045776367,69.05000305175781,46.939998626708984,24.979999542236328,36.9900016784668,134.2100067138672,58.40999984741211,114.88999938964844,107.66000366210938,239.41000366210938,767.510009765625,47.99599838256836,37.54999923706055,68.0,66.88999938964844,54.5099983215332,100.66999816894531,24.850000381469727,70.87999725341797,371.7699890136719,53.2599983215332,172.44000244140625,149.52000427246094,243.5,53.65999984741211,76.19000244140625,94.83000183105469,77.94000244140625,19.219999313354492,44.06999969482422,180.42999267578125,146.55999755859375,27.690000534057617,151.80999755859375,116.83999633789062,415.0799865722656,54.349998474121094,66.08000183105469,45.11000061035156,24.200000762939453,36.119998931884766,132.3000030517578,56.93000030517578,115.66999816894531,108.1500015258789,240.75999450683594,770.530029296875,48.54899978637695,38.060001373291016,68.30000305175781,68.25,55.09000015258789,101.58999633789062,25.260000228881836,71.37999725341797,380.25,53.88999938964844,172.72999572753906,151.9499969482422,244.75,54.279998779296875,76.36000061035156,96.75,78.87000274658203,19.739999771118164,44.16999816894531,183.50999450683594,148.91000366210938,28.309999465942383,153.60667419433594,117.30999755859375,415.82000732421875,55.529998779296875,66.38999938964844,45.97999954223633,24.43000030517578,36.65999984741211,132.38999938964844,57.56999969482422,5902700,157723100,2320400,533700,11135000,39680600,8780200,21041500,9888200,8437300,10435600,4718300,1494600,16375900,6033000,10394800,5406200,4892500,9952400,7044800,25807600,301811000,45643300,1552800,6223400,8724900,1769100,5874700,2496500,5102700,4367200,24050300,64302000,42169600,7701700,18208200
2021-08-04,96.46749877929688,118.7699966430664,195.0494384765625,759.9339599609375,44.478755950927734,34.0357666015625,56.43675994873047,58.06142044067383,46.31084442138672,81.69636535644531,19.884679794311523,56.27677917480469,336.22589111328125,49.32467269897461,151.48199462890625,134.0563507080078,250.37432861328125,48.296546936035156,65.04336547851562,82.56815338134766,79.95403289794922,20.227664947509766,35.29103469848633,155.2249755859375,133.5453643798828,24.88905906677246,149.99639892578125,109.71076965332031,388.3387145996094,44.64715576171875,55.19007873535156,40.914485931396484,20.36587905883789,33.70640182495117,123.74533081054688,47.294715881347656,115.08000183105469,118.7699966430664,228.30999755859375,795.47998046875,48.779998779296875,38.27000045776367,68.48999786376953,68.5199966430664,54.93000030517578,100.30000305175781,25.290000915527344,70.73999786376953,377.8599853515625,53.900001525878906,173.36000061035156,151.24000549316406,262.4700012207031,54.380001068115234,75.4800033569336,96.29000091552734,81.9800033569336,20.27400016784668,45.189998626708984,185.02000427246094,148.22000122070312,27.6299991607666,156.0066680908203,118.73999786376953,421.5400085449219,55.060001373291016,64.18000030517578,46.150001525878906,24.2549991607666,36.630001068115234,133.60000610351562,56.84000015258789,116.5199966430664,122.48999786376953,239.4199981689453,798.5700073242188,48.99800109863281,38.77000045776367,69.33999633789062,69.25,56.5,101.9000015258789,26.010000228881836,73.04000091552734,382.6499938964844,54.439998626708984,174.58999633789062,153.3699951171875,270.6499938964844,55.91999816894531,76.48999786376953,97.54000091552734,83.08999633789062,20.31800079345703,45.79999923706055,187.2100067138672,149.1999969482422,28.75,156.7566680908203,119.55000305175781,423.6600036621094,55.7400016784668,66.91000366210938,46.970001220703125,24.78499984741211,37.02000045776367,134.47000122070312,57.880001068115234,114.91000366210938,114.16000366210938,227.10000610351562,787.7999877929688,48.4010009765625,37.86000061035156,68.44999694824219,67.93000030517578,54.90999984741211,100.0999984741211,24.81999969482422,70.5,375.760009765625,53.70000076293945,173.25999450683594,150.91000366210938,255.4199981689453,54.189998626708984,75.45999908447266,95.55999755859375,79.54000091552734,19.827999114990234,45.0099983215332,183.5,147.3300018310547,27.610000610351562,154.50332641601562,118.27999877929688,419.7099914550781,54.880001068115234,64.13999938964844,46.040000915527344,24.219999313354492,36.43000030517578,133.42999267578125,56.810001373291016,115.77999877929688,114.36000061035156,238.3699951171875,792.010009765625,48.85300064086914,38.029998779296875,68.93000030517578,68.12000274658203,55.33000183105469,100.44000244140625,25.350000381469727,71.83000183105469,378.4800109863281,54.25,174.1999969482422,151.25,256.0,54.75,76.48999786376953,95.7699966430664,80.44999694824219,19.989999771118164,45.349998474121094,184.0399932861328,148.02000427246094,28.510000228881836,154.73333740234375,118.43000030517578,422.04998779296875,55.34000015258789,66.54000091552734,46.27000045776367,24.479999542236328,36.59000015258789,133.64999389648438,57.189998626708984,4602000,225368700,6952800,629700,12123000,42289800,5857300,14416300,7629600,10389800,12758800,4964400,1460500,17612700,4793100,10155000,3892400,6118000,10893400,7137500,29176900,231309000,43391200,1008600,5556400,14324200,1626000,4254000,1995400,4101400,6121200,22178000,64523800,52346400,8322100,20868300
2021-08-05,96.50102996826172,112.3499984741211,199.9019775390625,759.2366943359375,44.46689987182617,34.702781677246094,56.379066467285156,59.05283737182617,47.1707878112793,82.4538803100586,20.938274383544922,56.27677917480469,341.956298828125,49.635982513427734,151.77035522460938,135.74932861328125,252.0150604248047,50.170494079589844,65.1381607055664,83.8886947631836,79.47615814208984,20.589832305908203,35.18952178955078,156.61766052246094,132.2930145263672,25.150293350219727,150.0220184326172,110.15426635742188,378.80389404296875,45.25532531738281,56.50577163696289,41.84050369262695,20.596784591674805,34.14807891845703,123.23590850830078,47.59425354003906,115.12000274658203,112.3499984741211,233.99000549316406,794.75,48.766998291015625,39.02000045776367,68.41999816894531,69.69000244140625,55.95000076293945,101.2300033569336,26.6299991607666,70.73999786376953,384.29998779296875,53.88999938964844,173.69000244140625,153.14999389648438,264.19000244140625,56.4900016784668,75.58999633789062,97.83000183105469,81.48999786376953,20.636999130249023,45.060001373291016,186.67999267578125,146.8300018310547,27.920000076293945,156.03334045410156,119.22000122070312,411.19000244140625,55.810001373291016,65.70999908447266,46.9900016784668,24.530000686645508,37.11000061035156,133.0500030517578,57.20000076293945,115.55999755859375,117.68000030517578,234.0399932861328,805.6400146484375,49.042999267578125,39.060001373291016,68.76000213623047,69.7699966430664,56.619998931884766,102.43000030517578,27.049999237060547,71.95999908447266,384.30999755859375,54.02000045776367,173.85000610351562,153.69000244140625,265.510009765625,57.33000183105469,75.69000244140625,97.93000030517578,83.06999969482422,20.732999801635742,45.13999938964844,188.19000244140625,147.47000122070312,28.309999465942383,157.1266632080078,119.23999786376953,422.25,55.959999084472656,66.62999725341797,47.0,24.829999923706055,37.11000061035156,133.52000427246094,57.70000076293945,114.44999694824219,111.58999633789062,228.05999755859375,790.3200073242188,48.48899841308594,38.54999923706055,67.97000122070312,68.7699966430664,55.04999923706055,100.66999816894531,25.649999618530273,69.76000213623047,379.95001220703125,53.58000183105469,172.4199981689453,152.00999450683594,261.3299865722656,55.02000045776367,74.93000030517578,96.83999633789062,81.16000366210938,20.341999053955078,44.70000076293945,185.75,144.57000732421875,27.579999923706055,155.14666748046875,118.23999786376953,407.8900146484375,55.36000061035156,64.77999877929688,46.0099983215332,24.299999237060547,36.849998474121094,132.0399932861328,56.83000183105469,115.12999725341797,116.62999725341797,228.75,805.510009765625,49.042999267578125,38.56999969482422,68.66999816894531,68.83000183105469,55.459999084472656,100.94000244140625,25.649999618530273,71.12999725341797,380.1499938964844,53.9900016784668,173.85000610351562,152.27999877929688,263.2799987792969,55.15999984741211,75.5199966430664,96.83999633789062,82.13999938964844,20.5,45.0,186.9499969482422,147.24000549316406,27.860000610351562,156.7566680908203,119.06999969482422,422.05999755859375,55.540000915527344,64.81999969482422,46.04999923706055,24.405000686645508,36.86000061035156,133.5,57.130001068115234,5132400,137860900,3294100,723700,8372000,34754500,5484300,14361600,6573100,7986100,10407600,6534100,1583800,15310000,4291000,9151500,2262400,7163100,8701600,5675000,14821000,211435000,23505400,1082500,7169200,10146900,1420200,4452300,3598600,3774500,3312000,28092600,45800000,37168200,8240900,15180200
2021-08-06,95.93939208984375,110.11000061035156,196.62136840820312,748.2791748046875,44.26264953613281,35.70775604248047,56.13187789916992,60.222190856933594,47.63449478149414,83.04031372070312,21.2370548248291,56.42792510986328,354.0489807128906,49.66361618041992,151.26356506347656,139.60511779785156,251.29959106445312,50.987586975097656,65.00890350341797,85.5179443359375,79.97356414794922,20.3194522857666,35.19731903076172,159.6295623779297,131.7974395751953,25.600685119628906,149.2752685546875,109.22107696533203,382.42431640625,46.22026824951172,57.18510055541992,43.425437927246094,20.785707473754883,34.838218688964844,123.13401794433594,48.1434211730957,114.44999694824219,110.11000061035156,230.14999389648438,783.280029296875,48.542999267578125,40.150001525878906,68.12000274658203,71.06999969482422,56.5,101.94999694824219,27.010000228881836,70.93000030517578,397.8900146484375,53.91999816894531,173.11000061035156,157.5,263.44000244140625,57.40999984741211,75.44000244140625,99.7300033569336,82.0,20.365999221801758,45.06999969482422,190.27000427246094,146.27999877929688,28.420000076293945,155.2566680908203,118.20999908447266,415.1199951171875,57.0,66.5,48.77000045776367,24.7549991607666,37.86000061035156,132.94000244140625,57.86000061035156,115.55000305175781,116.26000213623047,233.25,787.1900024414062,48.8120002746582,40.40999984741211,68.4000015258789,71.5,57.16999816894531,102.58000183105469,27.459999084472656,72.16999816894531,398.8599853515625,54.130001068115234,173.94000244140625,157.82000732421875,264.2699890136719,57.77000045776367,75.66000366210938,99.9800033569336,82.87999725341797,20.56999969482422,45.310001373291016,192.02999877929688,148.22999572753906,28.75,156.0366668701172,118.5999984741211,416.7699890136719,57.5,67.05999755859375,48.9900016784668,24.950000762939453,37.93000030517578,133.11000061035156,58.06999969482422,114.43000030517578,109.69999694824219,228.77000427246094,779.9000244140625,48.40299987792969,39.470001220703125,67.76000213623047,70.58000183105469,56.099998474121094,101.5999984741211,26.670000076293945,70.61000061035156,388.6400146484375,53.72999954223633,172.4499969482422,155.11000061035156,260.739990234375,56.45000076293945,74.98999786376953,98.29000091552734,81.05000305175781,20.209999084472656,44.630001068115234,188.97000122070312,145.9199981689453,28.15999984741211,154.85000610351562,117.44999694824219,412.010009765625,56.369998931884766,65.6500015258789,47.45000076293945,24.6200008392334,37.45000076293945,132.08999633789062,57.529998779296875,115.26000213623047,110.55000305175781,231.85000610351562,784.5,48.50699996948242,39.470001220703125,68.38999938964844,70.77999877929688,56.59000015258789,102.0199966430664,27.040000915527344,71.83000183105469,388.8800048828125,53.86000061035156,173.94000244140625,155.19000244140625,263.510009765625,57.34000015258789,75.62000274658203,98.62999725341797,81.19999694824219,20.52400016784668,45.09000015258789,189.35000610351562,146.1300048828125,28.350000381469727,155.11666870117188,118.37000274658203,412.010009765625,56.560001373291016,66.58999633789062,47.5,24.739999771118164,37.459999084472656,132.99000549316406,57.65999984741211,5340400,143899000,2363800,556900,9964000,58022300,6632900,23915400,5038900,6475600,7952500,4560900,3655800,19256000,4581100,13328800,2155200,6352500,8670700,9317900,14612600,178497000,20413000,1248000,5733300,6061000,1233000,4338100,1944000,4756100,2851000,33583900,36214800,58081000,6923700,14888500
2021-08-09,95.61247253417969,107.58000183105469,194.69064331054688,753.4378662109375,44.19425964355469,36.17021560668945,55.52210998535156,60.60349655151367,46.74925231933594,81.6556167602539,20.946136474609375,55.1948356628418,355.81964111328125,49.783355712890625,151.78782653808594,139.4543914794922,254.84820556640625,50.8188362121582,64.90546417236328,86.38400268554688,78.22779083251953,20.248615264892578,35.90799331665039,159.41140747070312,132.3740692138672,25.21334457397461,148.76889038085938,109.2303237915039,378.5090637207031,46.25270462036133,56.7551383972168,43.318580627441406,20.4918270111084,34.930233001708984,123.60638427734375,47.59425354003906,114.05999755859375,107.58000183105469,227.88999938964844,788.6799926757812,48.46799850463867,40.66999816894531,67.37999725341797,71.5199966430664,55.45000076293945,100.25,26.639999389648438,69.37999725341797,399.8800048828125,54.04999923706055,173.7100067138672,157.3300018310547,267.1600036621094,57.220001220703125,75.31999969482422,100.73999786376953,80.20999908447266,20.295000076293945,45.97999954223633,190.00999450683594,146.9199981689453,27.989999771118164,154.72999572753906,118.22000122070312,410.8699951171875,57.040000915527344,66.0,48.650001525878906,24.405000686645508,37.959999084472656,133.4499969482422,57.20000076293945,115.19000244140625,112.33000183105469,231.39999389648438,792.25,48.68299865722656,40.959999084472656,68.33000183105469,72.0,56.16999816894531,101.37999725341797,26.799999237060547,70.61000061035156,404.6000061035156,54.40999984741211,174.25,158.5500030517578,273.0400085449219,57.880001068115234,76.22000122070312,100.98999786376953,82.04000091552734,20.507999420166016,46.029998779296875,191.77999877929688,147.72000122070312,28.1299991607666,155.97332763671875,118.79000091552734,416.2300109863281,57.54999923706055,66.33999633789062,49.34000015258789,24.600000381469727,38.13999938964844,133.6999969482422,57.52000045776367,113.73999786376953,107.05999755859375,227.22000122070312,785.5999755859375,48.099998474121094,39.79999923706055,67.22000122070312,70.45999908447266,55.22999954223633,99.93000030517578,25.969999313354492,68.86000061035156,393.5799865722656,53.83000183105469,172.92999267578125,155.89999389648438,264.5,56.45000076293945,75.0,98.97000122070312,80.08000183105469,20.14299964904785,45.11000061035156,188.1999969482422,145.75,27.440000534057617,154.07666015625,117.31999969482422,410.3500061035156,56.40999984741211,65.05000305175781,48.290000915527344,24.239999771118164,37.599998474121094,133.02999877929688,56.83000183105469,114.58000183105469,111.30999755859375,230.52000427246094,790.219970703125,48.64899826049805,40.04999923706055,68.19999694824219,70.94000244140625,55.66999816894531,100.91000366210938,26.329999923706055,69.5999984741211,396.5899963378906,54.08000183105469,173.72000122070312,157.52000427246094,264.5799865722656,56.529998779296875,75.8499984741211,99.56999969482422,81.7300033569336,20.445999145507812,45.11000061035156,189.58999633789062,146.7899932861328,27.780000686645508,155.88333129882812,118.41999816894531,414.95001220703125,56.900001525878906,65.30999755859375,48.65999984741211,24.424999237060547,37.810001373291016,133.1300048828125,57.130001068115234,5277900,115749900,2250300,477100,5952000,56340100,8154100,15619800,5410600,9243100,7787100,3909300,3319100,14670100,3950200,9516900,3238500,5451600,7867000,8297700,13363300,146443000,32374300,986900,4966600,7758700,1065900,4280200,1509800,3672300,2736300,29795200,42193400,48015600,9852500,17828200
2021-08-10,96.24954986572266,106.4800033569336,194.75045776367188,754.0205688476562,43.97360610961914,36.846134185791016,55.52210998535156,61.840660095214844,47.617618560791016,83.14620971679688,21.740266799926758,54.6777458190918,363.018310546875,49.682037353515625,151.84027099609375,141.1651153564453,257.03265380859375,51.937870025634766,64.79347229003906,87.4987564086914,74.03404998779297,19.890438079833984,37.63387680053711,160.8292236328125,131.42808532714844,25.600685119628906,147.04141235351562,107.51175689697266,379.34747314453125,46.763553619384766,57.529090881347656,44.191184997558594,20.852876663208008,35.29832077026367,123.31925201416016,48.4096794128418,114.81999969482422,106.4800033569336,227.9600067138672,789.2899780273438,48.22600173950195,41.43000030517578,67.37999725341797,72.9800033569336,56.47999954223633,102.08000183105469,27.649999618530273,68.7300033569336,407.9700012207031,53.939998626708984,173.77000427246094,159.25999450683594,269.45001220703125,58.47999954223633,75.19000244140625,102.04000091552734,75.91000366210938,19.93600082397461,48.189998626708984,191.6999969482422,145.8699951171875,28.420000076293945,152.93333435058594,116.36000061035156,411.7799987792969,57.66999816894531,66.9000015258789,49.630001068115234,24.834999084472656,38.36000061035156,133.13999938964844,58.18000030517578,115.02999877929688,109.16999816894531,228.1999969482422,797.0399780273438,48.64500045776367,41.619998931884766,67.56999969482422,73.33999633789062,56.779998779296875,102.31999969482422,27.729999542236328,70.31999969482422,410.6300048828125,54.38999938964844,174.11000061035156,159.97999572753906,271.0799865722656,58.66999816894531,75.36000061035156,102.93000030517578,79.81999969482422,20.43000030517578,48.56999969482422,193.75,147.5,28.6200008392334,155.22666931152344,119.05000305175781,413.6499938964844,57.880001068115234,67.19000244140625,49.689998626708984,24.899999618530273,38.470001220703125,133.7899932861328,58.36000061035156,112.91999816894531,104.36000061035156,223.94000244140625,783.8300170898438,47.78300094604492,40.58000183105469,66.7699966430664,71.37999725341797,55.7599983215332,100.58000183105469,26.809999465942383,67.9800033569336,399.5,53.5099983215332,172.77999877929688,156.30999755859375,266.17999267578125,57.459999084472656,74.81999969482422,100.58999633789062,75.7699966430664,19.834999084472656,45.88999938964844,188.85000610351562,142.39999389648438,28.06999969482422,151.81666564941406,114.08000183105469,408.57000732421875,56.84000015258789,65.83000183105469,48.689998626708984,24.5049991607666,37.88999938964844,132.6300048828125,57.29999923706055,114.19999694824219,107.9000015258789,228.1999969482422,795.5900268554688,48.59000015258789,40.709999084472656,67.44000244140625,71.62000274658203,55.849998474121094,100.73999786376953,26.860000610351562,69.63999938964844,400.1199951171875,54.2400016784668,173.25999450683594,156.74000549316406,266.75,57.70000076293945,75.1500015258789,100.73999786376953,79.81999969482422,20.32200050354004,46.20000076293945,188.85000610351562,147.32000732421875,28.190000534057617,154.9600067138672,118.5,410.510009765625,56.88999938964844,66.3499984741211,48.72999954223633,24.53499984741211,37.93000030517578,133.52000427246094,57.41999816894531,5120800,113012300,2860200,589500,9319000,44987300,7415300,17920100,6781800,9762600,8156400,16155800,3152300,16215700,3678300,8667000,2060200,6051300,11243100,8490500,40705000,179238000,81189400,1618900,4197100,9416000,2695500,5132800,1441800,3759600,3721100,28708100,53283000,40907400,5832600,16340200
2021-08-11,95.32747650146484,107.68000030517578,194.89569091796875,753.9537963867188,44.09123992919922,37.30860137939453,55.101863861083984,62.95919418334961,48.21622085571289,83.77339935302734,22.015460968017578,55.258487701416016,368.2860107421875,49.866249084472656,151.86648559570312,142.8492431640625,251.92926025390625,52.52404022216797,64.81069946289062,89.0765380859375,73.17579650878906,19.653976440429688,36.16569519042969,162.67498779296875,132.15782165527344,26.105133056640625,146.5382843017578,107.1698989868164,375.6256408691406,47.67174530029297,57.47747039794922,45.10831832885742,21.01660919189453,35.70319366455078,122.09661865234375,48.55113220214844,113.72000122070312,107.68000030517578,228.1300048828125,789.219970703125,48.35499954223633,41.95000076293945,66.87000274658203,74.30000305175781,57.189998626708984,102.8499984741211,28.0,69.45999908447266,413.8900146484375,54.13999938964844,173.8000030517578,161.16000366210938,264.1000061035156,59.13999938964844,75.20999908447266,103.87999725341797,75.02999877929688,19.698999404907227,46.310001373291016,193.89999389648438,146.67999267578125,28.979999542236328,152.41000366210938,115.98999786376953,407.739990234375,58.790000915527344,66.83999633789062,50.65999984741211,25.030000686645508,38.79999923706055,131.82000732421875,58.349998474121094,115.33999633789062,109.79000091552734,230.0,793.3400268554688,48.59700012207031,42.189998626708984,67.7300033569336,74.33999633789062,57.36000061035156,102.97000122070312,28.100000381469727,69.87999725341797,414.67999267578125,54.36000061035156,174.47000122070312,161.5,270.94000244140625,59.220001220703125,75.7699966430664,103.93000030517578,76.05000305175781,20.048999786376953,48.08000183105469,193.9499969482422,146.7899932861328,29.139999389648438,153.56333923339844,117.29000091552734,413.92999267578125,58.83000183105469,66.86000061035156,50.72999954223633,25.075000762939453,38.810001373291016,133.55999755859375,58.5,113.55000305175781,105.62000274658203,227.49000549316406,781.4199829101562,47.979000091552734,41.47999954223633,66.75,72.93000030517578,55.95000076293945,101.5999984741211,27.049999237060547,68.0199966430664,407.05999755859375,53.84000015258789,173.55999755859375,159.0800018310547,262.6600036621094,58.08000183105469,75.13999938964844,101.8499984741211,73.72000122070312,19.43000030517578,46.2599983215332,190.25999450683594,144.39999389648438,28.15999984741211,150.6199951171875,115.19999694824219,407.510009765625,57.45000076293945,65.25,49.16999816894531,24.614999771118164,38.290000915527344,131.7100067138672,57.720001220703125,115.16000366210938,107.5999984741211,229.13999938964844,791.1400146484375,48.48099899291992,41.599998474121094,67.52999877929688,73.30000305175781,56.380001068115234,102.04000091552734,27.350000381469727,68.86000061035156,408.79998779296875,54.2599983215332,174.25,160.0,269.5899963378906,58.29999923706055,75.58000183105469,102.27999877929688,76.04000091552734,20.042999267578125,47.779998779296875,192.5,146.05999755859375,28.3799991607666,153.35000610351562,116.5,413.0299987792969,57.900001525878906,66.48999786376953,49.630001068115234,24.770000457763672,38.470001220703125,133.35000610351562,58.189998626708984,6840400,91788300,2104900,421300,9816000,58458200,5768900,18676100,6071800,7079800,6996200,7844900,3000500,18590800,4221300,9156500,2813300,4856600,6952200,8793200,31624900,185925000,50878200,3874400,6216000,7649400,1296900,4490400,1542600,5462200,4869400,29203900,47686200,48372100,14512500,18278600
2021-08-12,96.93692779541016,106.5,194.91275024414062,746.1679077148438,44.15597152709961,37.48646545410156,55.16777420043945,62.815128326416016,48.08974838256836,83.60234069824219,22.385009765625,55.52101135253906,369.2737121582031,49.3136100769043,153.0897979736328,143.40768432617188,252.13970947265625,52.87929916381836,65.52592468261719,89.75395965576172,68.51392364501953,19.859508514404297,36.89198684692383,162.2554931640625,132.58132934570312,25.717788696289062,144.9646453857422,106.90193176269531,373.98583984375,47.720394134521484,57.830047607421875,45.54462432861328,20.99561882019043,35.767608642578125,123.05990600585938,48.441322326660156,115.63999938964844,106.5,228.14999389648438,781.0700073242188,48.42599868774414,42.150001525878906,66.94999694824219,74.12999725341797,57.040000915527344,102.63999938964844,28.469999313354492,69.79000091552734,415.0,53.540000915527344,175.1999969482422,161.7899932861328,263.4700012207031,59.540000915527344,76.04000091552734,104.66999816894531,70.25,19.905000686645508,47.2400016784668,193.39999389648438,147.14999389648438,28.549999237060547,150.77333068847656,115.69999694824219,405.9599914550781,58.849998474121094,67.25,51.150001525878906,25.0049991607666,38.869998931884766,132.86000061035156,57.349998474121094,115.7300033569336,108.44000244140625,229.47999572753906,788.7000122070312,48.5,42.290000915527344,67.22000122070312,74.63999938964844,57.58000183105469,103.25,28.530000686645508,70.0,418.6199951171875,54.18000030517578,175.2899932861328,162.3699951171875,264.5400085449219,59.58000183105469,76.05999755859375,104.72000122070312,72.19999694824219,20.02899932861328,47.400001525878906,195.3300018310547,148.0,29.030000686645508,151.91000366210938,115.94999694824219,408.7300109863281,59.0,67.30999755859375,51.25,25.145000457763672,38.91999816894531,132.97000122070312,57.790000915527344,113.91000366210938,105.86000061035156,225.80999755859375,778.530029296875,47.67300033569336,41.77000045776367,66.5999984741211,73.62999725341797,56.529998779296875,101.77999877929688,27.65999984741211,68.69999694824219,410.55999755859375,53.2599983215332,173.58999633789062,160.5500030517578,261.489990234375,58.439998626708984,75.05999755859375,103.51000213623047,68.80999755859375,19.6200008392334,46.34000015258789,192.9600067138672,146.38999938964844,28.100000381469727,149.52333068847656,114.44000244140625,404.29998779296875,58.27000045776367,66.05000305175781,50.560001373291016,24.700000762939453,38.599998474121094,131.86000061035156,56.869998931884766,113.95999908447266,107.38999938964844,228.1999969482422,788.7000122070312,48.22800064086914,42.22999954223633,66.7699966430664,74.33000183105469,57.13999938964844,102.86000061035156,28.049999237060547,69.54000091552734,414.3800048828125,54.16999816894531,173.82000732421875,161.8800048828125,263.20001220703125,58.939998626708984,75.12000274658203,103.52999877929688,72.18000030517578,19.8700008392334,46.5,193.92999267578125,147.75999450683594,28.739999771118164,151.91000366210938,115.55000305175781,407.0,58.72999954223633,67.0199966430664,50.7599983215332,25.010000228881836,38.84000015258789,131.9499969482422,57.400001525878906,4863600,60578700,1798600,764600,8702000,37400100,5722900,14181400,4729200,7377600,7314300,3905000,2312800,15070100,4300400,8844200,2100900,4948000,6077100,6302100,72492400,151652000,29676400,1580700,5777700,7432700,1531500,6338400,1939900,3758200,1903300,21729900,36517200,44566400,8220300,19225500
2021-08-13,97.64108276367188,110.55000305175781,196.21987915039062,753.7052612304688,44.329227447509766,37.02400588989258,55.629234313964844,61.9508171081543,47.18764877319336,83.04845428466797,22.0233211517334,54.096988677978516,365.5187072753906,49.2675666809082,154.00729370117188,141.80331420898438,252.84786987304688,52.53292465209961,66.1119155883789,89.12799072265625,69.16734313964844,20.141857147216797,37.860355377197266,159.72181701660156,133.92381286621094,25.537635803222656,145.87484741210938,106.71715545654297,377.4036560058594,47.20954895019531,56.970123291015625,44.8500862121582,20.747920989990234,35.5007438659668,123.82867431640625,47.951419830322266,116.4800033569336,110.55000305175781,229.67999267578125,788.9600219726562,48.61600112915039,41.630001068115234,67.51000213623047,73.11000061035156,55.970001220703125,101.95999908447266,28.010000228881836,68.0,410.7799987792969,53.4900016784668,176.25,159.97999572753906,264.2099914550781,59.150001525878906,76.72000122070312,103.94000244140625,70.91999816894531,20.187999725341797,48.47999954223633,190.3800048828125,148.63999938964844,28.350000381469727,151.72000122070312,115.5,409.6700134277344,58.220001220703125,66.25,50.369998931884766,24.709999084472656,38.58000183105469,133.69000244140625,56.77000045776367,116.76000213623047,111.70999908447266,231.88999938964844,789.5900268554688,48.89699935913086,42.22999954223633,67.83000183105469,74.62000274658203,57.22999954223633,102.54000091552734,28.719999313354492,69.8499984741211,416.8900146484375,53.560001373291016,176.2899932861328,162.16000366210938,265.69000244140625,59.90999984741211,76.7699966430664,104.7699966430664,71.23999786376953,20.214000701904297,48.5,194.35000610351562,149.30999755859375,28.6299991607666,151.7433319091797,115.5199966430664,410.04998779296875,59.16999816894531,67.45999908447266,51.40999984741211,25.020000457763672,38.95000076293945,133.72000122070312,57.06999969482422,115.69999694824219,106.56999969482422,228.75999450683594,776.5399780273438,48.21099853515625,41.43000030517578,66.9800033569336,72.91999816894531,55.849998474121094,101.63999938964844,27.940000534057617,67.95999908447266,408.17999267578125,53.060001373291016,175.1199951171875,159.57000732421875,263.0199890136719,59.08000183105469,76.22000122070312,102.69000244140625,69.87999725341797,19.85099983215332,47.31999969482422,189.83999633789062,146.92999267578125,28.18000030517578,150.29666137695312,114.48999786376953,405.9200134277344,58.08000183105469,66.12999725341797,50.18000030517578,24.649999618530273,38.4900016784668,133.02999877929688,56.29999923706055,115.81999969482422,107.16999816894531,229.11000061035156,779.1400146484375,48.26100158691406,42.09000015258789,67.01000213623047,74.19999694824219,56.95000076293945,102.2300033569336,28.3799991607666,69.83000183105469,416.0,53.5,175.2899932861328,161.7899932861328,263.1499938964844,59.58000183105469,76.36000061035156,104.5,70.05000305175781,19.905000686645508,47.40999984741211,193.82000732421875,147.0,28.530000686645508,150.42666625976562,115.06999969482422,407.0799865722656,59.02000045776367,67.0,51.209999084472656,25.020000457763672,38.900001525878906,133.19000244140625,57.029998779296875,4416400,100135700,1797300,454700,8582000,41344900,4901100,13362800,7399800,6572600,5643400,2509200,1980000,15281100,5882100,8980900,1482300,3639800,6810400,8312200,25301400,183063000,35379200,1560900,5764000,7430800,1060200,4593200,1537800,3630500,1944000,15843300,33050800,43077200,7922900,20063000
2021-08-16,99.25894165039062,107.4800033569336,198.93174743652344,752.1673583984375,44.509761810302734,36.72162628173828,56.593326568603516,61.09499740600586,46.20966720581055,82.20135498046875,21.362857818603516,52.442264556884766,363.3564147949219,49.249141693115234,155.39663696289062,140.87261962890625,258.3315124511719,51.84906768798828,67.15460968017578,88.93933868408203,69.17710876464844,19.90440559387207,38.1961555480957,159.10931396484375,133.4643096923828,25.0241756439209,145.3332061767578,105.91327667236328,384.34979248046875,46.682472229003906,55.499656677246094,43.995296478271484,20.36587905883789,35.40873718261719,125.23655700683594,47.2503547668457,118.41000366210938,107.4800033569336,231.07000732421875,787.3499755859375,48.81399917602539,41.290000915527344,68.68000030517578,72.0999984741211,54.810001373291016,100.91999816894531,27.170000076293945,65.91999816894531,408.3500061035156,53.470001220703125,177.83999633789062,158.92999267578125,269.94000244140625,58.380001068115234,77.93000030517578,103.72000122070312,70.93000030517578,19.950000762939453,48.90999984741211,189.64999389648438,148.1300048828125,27.780000686645508,151.1566619873047,114.62999725341797,417.2099914550781,57.56999969482422,64.54000091552734,49.40999984741211,24.2549991607666,38.47999954223633,135.2100067138672,55.939998626708984,118.62000274658203,111.58000183105469,231.2899932861328,790.969970703125,48.89099884033203,41.29999923706055,68.69999694824219,72.48999786376953,55.58000183105469,101.19999694824219,27.549999237060547,67.4000015258789,408.989990234375,53.4900016784668,177.88999938964844,159.02999877929688,270.260009765625,58.97999954223633,78.01000213623047,103.81999969482422,71.76000213623047,20.28700065612793,48.970001220703125,189.7899932861328,149.0800018310547,27.979999542236328,151.54666137695312,115.4800033569336,417.4200134277344,57.939998626708984,65.48999786376953,49.97999954223633,24.385000228881836,38.52000045776367,135.22999572753906,56.09000015258789,116.70999908447266,105.87000274658203,227.9199981689453,779.739990234375,48.439998626708984,40.61000061035156,67.5,70.98999786376953,54.599998474121094,99.91000366210938,26.8700008392334,65.83000183105469,402.1499938964844,53.0,175.9499969482422,156.77999877929688,264.2699890136719,57.880001068115234,76.63999938964844,102.19000244140625,69.91999816894531,19.452999114990234,47.5099983215332,186.42999267578125,146.72000122070312,27.3700008392334,149.88999938964844,114.0999984741211,407.3299865722656,56.959999084472656,63.880001068115234,48.939998626708984,24.040000915527344,37.9900016784668,133.22999572753906,55.27000045776367,117.0,110.19999694824219,228.25999450683594,787.8300170898438,48.483001708984375,41.15999984741211,67.51000213623047,72.41000366210938,55.220001220703125,100.83000183105469,27.489999771118164,66.9800033569336,408.989990234375,53.22999954223633,176.5500030517578,158.94000244140625,264.8800048828125,58.310001373291016,76.7300033569336,103.20999908447266,70.19999694824219,20.135000228881836,48.22999954223633,188.9600067138672,148.39999389648438,27.93000030517578,151.14666748046875,115.0999984741211,409.8399963378906,57.790000915527344,65.0999984741211,49.93000030517578,24.375,38.33000183105469,133.69000244140625,56.02000045776367,8180500,73325400,2434500,426000,9188000,38599100,6753600,15532800,7464600,9476600,8975800,3657800,1590700,17690300,4782800,8755800,2623200,5633000,9368400,6540300,18135900,210876000,38045800,1484500,4410800,9864300,1143900,5435900,2377500,3219600,2993300,22615500,48258400,48011800,8404200,16959500
2021-08-17,100.3067626953125,107.55999755859375,199.043701171875,741.8594360351562,43.64808654785156,36.54375457763672,56.82405471801758,60.6882438659668,45.96517562866211,82.04661560058594,21.158430099487305,52.4820442199707,360.3489074707031,48.53071212768555,156.82095336914062,139.17076110839844,260.9823913574219,51.22113800048828,67.93016052246094,88.21047973632812,69.03081512451172,19.41352653503418,39.375396728515625,157.5153350830078,130.11260986328125,24.492704391479492,142.519287109375,102.66097259521484,388.5598449707031,46.02565383911133,54.613929748535156,43.37201690673828,20.155961990356445,35.1602783203125,126.71852111816406,46.92938232421875,119.66000366210938,107.55999755859375,231.1999969482422,776.5599975585938,47.86899948120117,41.09000015258789,68.95999908447266,71.62000274658203,54.52000045776367,100.7300033569336,26.90999984741211,65.97000122070312,404.9700012207031,52.689998626708984,179.47000122070312,157.00999450683594,272.7099914550781,57.099998474121094,78.83000183105469,102.87000274658203,70.77999877929688,19.45800018310547,50.41999816894531,187.75,144.41000366210938,27.190000534057617,148.22999572753906,111.11000061035156,421.7799987792969,56.7599983215332,63.5099983215332,48.709999084472656,24.0049991607666,38.209999084472656,136.80999755859375,55.560001373291016,119.73999786376953,108.69999694824219,231.27999877929688,783.3900146484375,48.62200164794922,41.56999969482422,69.16000366210938,72.36000061035156,55.439998626708984,101.68000030517578,27.579999923706055,66.83999633789062,408.3500061035156,53.18000030517578,179.50999450683594,158.86000061035156,275.8699951171875,58.27000045776367,79.05999755859375,103.8499984741211,71.44999694824219,19.770000457763672,50.4900016784668,189.6199951171875,147.0,27.84000015258789,149.89999389648438,113.8499984741211,422.5,57.52000045776367,64.62000274658203,49.369998931884766,24.395000457763672,38.5,136.80999755859375,56.29999923706055,118.0,105.3499984741211,229.52000427246094,770.4000244140625,47.45199966430664,40.619998931884766,68.20999908447266,70.68000030517578,54.25,99.62999725341797,26.700000762939453,65.3499984741211,400.20001220703125,52.220001220703125,177.30999755859375,155.27000427246094,267.17999267578125,56.72999954223633,77.83000183105469,101.5999984741211,69.61000061035156,19.267000198364258,48.709999084472656,184.94000244140625,143.57000732421875,26.799999237060547,146.8433380126953,110.75,416.6300048828125,56.119998931884766,62.90999984741211,48.029998779296875,23.790000915527344,37.83000183105469,134.77999877929688,55.0,118.08000183105469,106.63999938964844,229.66000366210938,781.760009765625,48.558998107910156,41.04999923706055,68.68000030517578,71.33999633789062,54.40999984741211,100.19999694824219,26.899999618530273,65.5,403.8399963378906,53.16999816894531,177.30999755859375,157.57000732421875,271.1600036621094,57.41999816894531,77.9000015258789,102.80999755859375,70.16999816894531,19.684999465942383,48.779998779296875,188.2100067138672,146.9499969482422,27.479999542236328,149.89999389648438,113.7300033569336,417.1000061035156,57.09000015258789,63.79999923706055,48.880001068115234,24.020000457763672,38.220001220703125,134.85000610351562,55.5,6551700,74053900,2666500,483600,16499000,43526900,7560300,14623000,6497900,10937500,8292500,4609300,2077400,22014900,6041900,9347200,2096100,5789000,10311600,6492900,17545800,204585000,68817000,1096500,7256800,10539800,1850700,13398800,2258000,3474500,3256700,16887000,51108200,52414800,13874500,16243700
2021-08-18,98.32007598876953,103.44000244140625,195.29010009765625,737.9329833984375,42.76177978515625,36.276939392089844,55.97532272338867,60.26457214355469,45.13052749633789,79.82599639892578,20.553003311157227,51.99674987792969,354.8586730957031,48.0701789855957,154.82867431640625,137.9032440185547,256.9725646972656,50.48555374145508,67.0339584350586,86.82990264892578,68.87478637695312,18.996488571166992,38.508548736572266,155.67800903320312,128.10336303710938,24.15039825439453,140.63479614257812,102.0511474609375,384.4510803222656,45.44993209838867,53.521827697753906,42.71310043334961,19.736133575439453,34.72779846191406,124.79196166992188,45.94112777709961,117.29000091552734,103.44000244140625,226.83999633789062,772.4500122070312,46.89699935913086,40.790000915527344,67.93000030517578,71.12000274658203,53.529998779296875,96.69999694824219,26.139999389648438,65.36000061035156,398.79998779296875,52.189998626708984,177.19000244140625,155.5800018310547,268.5199890136719,56.279998779296875,77.79000091552734,101.26000213623047,70.62000274658203,19.040000915527344,49.310001373291016,185.55999755859375,142.17999267578125,26.809999465942383,146.27000427246094,110.44999694824219,417.32000732421875,56.04999923706055,62.2400016784668,47.970001220703125,23.5049991607666,37.7400016784668,134.72999572753906,54.38999938964844,119.91999816894531,108.06999969482422,231.3300018310547,785.3800048828125,47.70800018310547,41.529998779296875,69.06999969482422,72.26000213623047,55.060001373291016,99.41999816894531,27.40999984741211,67.55000305175781,406.1099853515625,53.029998779296875,179.5,158.00999450683594,274.760009765625,57.84000015258789,79.06999969482422,103.05999755859375,71.87999725341797,19.634000778198242,51.86000061035156,189.24000549316406,144.66000366210938,27.540000915527344,148.92999267578125,113.0,421.5899963378906,57.040000915527344,64.66000366210938,48.97999954223633,24.190000534057617,38.33000183105469,136.77999877929688,55.810001373291016,117.18000030517578,103.2699966430664,226.60000610351562,772.030029296875,46.834999084472656,40.65999984741211,67.86000061035156,70.87999725341797,53.459999084472656,96.55000305175781,26.09000015258789,65.2300033569336,398.5899963378906,52.11000061035156,177.1300048828125,155.33999633789062,268.0299987792969,56.209999084472656,77.75,101.12000274658203,70.58000183105469,19.0,49.16999816894531,185.41000366210938,141.97999572753906,26.790000915527344,146.07666015625,110.37999725341797,417.0899963378906,56.0,62.18000030517578,47.900001525878906,23.475000381469727,37.709999084472656,134.64999389648438,54.310001373291016,119.16999816894531,107.3499984741211,230.52000427246094,776.219970703125,47.665000915527344,40.77000045776367,68.98999786376953,71.19999694824219,54.380001068115234,98.69000244140625,27.020000457763672,65.94000244140625,402.6000061035156,52.599998474121094,179.5,156.30999755859375,272.010009765625,56.97999954223633,78.87999725341797,102.37999725341797,71.25,19.5,50.22999954223633,186.36000061035156,143.83999633789062,27.260000228881836,148.02333068847656,111.73999786376953,421.3500061035156,56.41999816894531,63.209999084472656,48.36000061035156,24.0,38.060001373291016,136.6300048828125,55.41999816894531,5586900,79387900,2988100,452500,15616000,50342500,6863800,13970600,6647700,12893600,7773700,5504100,2187800,15061700,7134100,8065500,2527400,4414000,7459100,7839800,14004300,285913000,88598000,967000,6546500,9697100,1879200,9167300,3037000,4656800,3082600,16319300,56305800,39550400,12427700,21890500
2021-08-19,98.8565444946289,103.69999694824219,193.1808319091797,746.5883178710938,43.17758560180664,35.74332809448242,56.453243255615234,59.17993927001953,44.2115478515625,77.8365478515625,19.92399024963379,51.12165832519531,350.2049255371094,48.300445556640625,156.03451538085938,136.7509765625,258.77178955078125,48.64662551879883,67.61132049560547,85.5179443359375,68.5431900024414,19.752750396728516,38.110260009765625,154.65447998046875,126.6888198852539,23.817110061645508,141.7886199951172,102.11583709716797,394.1885986328125,44.87419891357422,51.801971435546875,42.07200622558594,19.223949432373047,34.47013854980469,125.35694885253906,44.53899002075195,117.93000030517578,103.69999694824219,224.38999938964844,781.510009765625,47.35300064086914,40.189998626708984,68.51000213623047,69.83999633789062,52.439998626708984,94.29000091552734,25.34000015258789,64.26000213623047,393.57000732421875,52.439998626708984,178.57000732421875,154.27999877929688,270.3999938964844,54.22999954223633,78.45999908447266,99.7300033569336,70.27999877929688,19.79800033569336,48.79999923706055,184.33999633789062,140.61000061035156,26.440000534057617,147.47000122070312,110.5199966430664,427.8900146484375,55.34000015258789,60.2400016784668,47.25,22.895000457763672,37.459999084472656,135.33999633789062,52.72999954223633,118.95999908447266,106.18000030517578,227.6999969482422,784.010009765625,47.58300018310547,40.66999816894531,69.11000061035156,70.73999786376953,52.97999954223633,95.30999755859375,25.829999923706055,65.44000244140625,397.7300109863281,52.66999816894531,179.3300018310547,155.55999755859375,271.8500061035156,55.91999816894531,79.13999938964844,100.75,70.81999969482422,20.4950008392334,49.959999084472656,186.0800018310547,141.4499969482422,26.5,148.27667236328125,110.97000122070312,428.3500061035156,55.9900016784668,61.400001525878906,47.95000076293945,23.25,37.7400016784668,136.0399932861328,53.709999084472656,116.20999908447266,101.9800033569336,223.3000030517578,761.2100219726562,46.26599884033203,40.0099983215332,67.55999755859375,69.43000030517578,51.40999984741211,92.86000061035156,24.459999084472656,62.810001373291016,390.9100036621094,51.58000183105469,176.07000732421875,153.00999450683594,265.42999267578125,53.54999923706055,77.70999908447266,98.70999908447266,69.04000091552734,18.761999130249023,48.2599983215332,183.0399932861328,138.9600067138672,25.899999618530273,144.22666931152344,107.68000030517578,412.3999938964844,54.81999969482422,59.33000183105469,46.83000183105469,22.56999969482422,37.220001220703125,133.8000030517578,52.099998474121094,116.20999908447266,103.31999969482422,225.69000244140625,761.8699951171875,46.6349983215332,40.119998931884766,67.6500015258789,70.54000091552734,52.66999816894531,94.80999755859375,25.43000030517578,64.33000183105469,394.6000061035156,52.04999923706055,176.6199951171875,153.16000366210938,266.1499938964844,55.439998626708984,77.70999908447266,99.55000305175781,70.13999938964844,19.493999481201172,48.5,183.64999389648438,140.64999389648438,26.149999618530273,145.35333251953125,109.0,415.3800048828125,55.5,61.0,47.349998474121094,23.100000381469727,37.33000183105469,133.83999633789062,53.470001220703125,6145200,71117500,2669000,514000,14044000,51883900,11707400,21047300,11306400,17423400,15530400,5467600,2241500,22999400,5615000,9517700,1901000,8185600,8865400,10644700,18022600,766555000,57741600,1412300,8661000,18962600,2175600,12146900,3204500,5568800,5267900,20259400,99256200,48961300,11669200,30923500
2021-08-20,99.60260772705078,104.6500015258789,192.44044494628906,752.9602661132812,43.327125549316406,35.90341567993164,57.021812438964844,59.52735137939453,44.489776611328125,77.84481048583984,20.207050323486328,51.288719177246094,352.25152587890625,47.90438461303711,156.7947235107422,137.14096069335938,259.2598571777344,49.13103103637695,67.80089569091797,86.31539154052734,68.49441528320312,20.76842498779297,38.04777908325195,155.8961181640625,128.0222625732422,23.83512306213379,142.85264587402344,99.89832305908203,395.8653259277344,45.14990997314453,51.76757049560547,42.2233772277832,19.26593017578125,34.681785583496094,126.0701675415039,44.54743957519531,118.81999969482422,104.6500015258789,223.52999877929688,788.1799926757812,47.516998291015625,40.369998931884766,69.19999694824219,70.25,52.77000045776367,94.30000305175781,25.700000762939453,64.47000122070312,395.8699951171875,52.0099983215332,179.44000244140625,154.72000122070312,270.9100036621094,54.77000045776367,78.68000030517578,100.66000366210938,70.2300033569336,20.81599998474121,48.720001220703125,185.82000732421875,142.08999633789062,26.459999084472656,148.57666015625,108.12000274658203,429.7099914550781,55.68000030517578,60.20000076293945,47.41999816894531,22.94499969482422,37.689998626708984,136.11000061035156,52.7400016784668,119.47000122070312,105.9800033569336,226.24000549316406,790.8800048828125,47.62300109863281,40.470001220703125,69.3499984741211,70.30000305175781,52.9900016784668,94.87999725341797,25.780000686645508,65.0,396.45001220703125,52.380001068115234,179.9199981689453,154.89999389648438,272.8699951171875,54.900001525878906,79.19999694824219,101.0199966430664,71.02999877929688,20.864999771118164,49.72999954223633,186.50999450683594,142.25999450683594,26.579999923706055,148.83999633789062,109.70999908447266,431.3599853515625,55.779998779296875,60.43000030517578,47.45000076293945,23.09000015258789,37.75,136.52000427246094,53.13999938964844,117.6500015258789,103.98999786376953,222.00999450683594,778.010009765625,47.04399871826172,39.90999984741211,68.30000305175781,69.20999908447266,51.59000015258789,93.20999908447266,24.790000915527344,63.25,391.0,51.41999816894531,178.07000732421875,153.16000366210938,269.05999755859375,53.470001220703125,78.22000122070312,99.51000213623047,69.58000183105469,19.933000564575195,48.65999984741211,183.5800018310547,140.3000030517578,25.920000076293945,146.80667114257812,107.7300033569336,426.9100036621094,55.0,58.849998474121094,46.84000015258789,22.584999084472656,37.31999969482422,135.0,52.11000061035156,118.0999984741211,104.31999969482422,224.38999938964844,785.0800170898438,47.28200149536133,40.09000015258789,68.70999908447266,69.70999908447266,51.869998931884766,93.5199966430664,24.959999084472656,63.459999084472656,391.489990234375,52.15999984741211,178.88999938964844,154.35000610351562,269.3800048828125,53.63999938964844,78.52999877929688,99.79000091552734,70.13999938964844,19.990999221801758,48.97999954223633,184.13999938964844,140.61000061035156,26.100000381469727,147.8633270263672,109.13999938964844,428.3500061035156,55.20000076293945,59.93000030517578,47.130001068115234,22.684999465942383,37.459999084472656,135.47000122070312,52.27000045776367,4112500,55227600,2811600,507700,10007000,40415000,9053400,14028800,7068200,9707600,8944400,3554000,1612100,25728300,5428700,6974100,1536800,5964000,6284200,6496900,14603100,675741000,35157500,1400000,6141000,12082300,1798200,13042000,2401900,3650900,4871000,15357400,61587600,33898600,7252700,16918300
2021-08-23,100.05528259277344,108.7699966430664,194.2570037841797,775.3527221679688,43.990928649902344,36.383670806884766,56.807579040527344,60.069671630859375,46.19281005859375,79.85078430175781,21.433626174926758,53.81059265136719,357.2166748046875,49.028079986572266,156.11785888671875,138.89601135253906,256.30267333984375,50.96996307373047,67.5423812866211,87.6016616821289,69.96710205078125,21.907812118530273,38.99273681640625,157.11260986328125,129.86932373046875,24.762941360473633,146.87477111816406,102.52238464355469,391.8578796386719,45.5472297668457,54.26995086669922,42.39255142211914,19.988033294677734,34.967044830322266,126.11649322509766,46.38035202026367,119.36000061035156,108.7699966430664,225.63999938964844,811.6199951171875,48.244998931884766,40.90999984741211,68.94000244140625,70.88999938964844,54.790000915527344,96.7300033569336,27.260000228881836,67.63999938964844,401.45001220703125,53.22999954223633,177.61000061035156,156.6999969482422,267.82000732421875,56.81999969482422,78.37999725341797,102.16000366210938,71.73999786376953,21.95800018310547,49.93000030517578,187.27000427246094,144.13999938964844,27.489999771118164,152.75999450683594,110.95999908447266,425.3599853515625,56.16999816894531,63.11000061035156,47.61000061035156,23.80500030517578,38.0,136.16000366210938,54.90999984741211,120.44999694824219,109.0199966430664,227.44000244140625,812.5,48.61899948120117,41.099998474121094,69.75,71.26000213623047,55.130001068115234,97.0,27.3700008392334,68.04000091552734,404.1000061035156,53.540000915527344,178.92999267578125,157.08999633789062,272.9100036621094,56.97999954223633,79.2300033569336,102.87999725341797,71.87999725341797,21.996999740600586,51.36000061035156,188.64999389648438,144.61000061035156,27.690000534057617,152.9633331298828,111.33000183105469,430.55999755859375,56.47999954223633,63.18000030517578,47.9900016784668,23.8700008392334,38.15999984741211,136.97999572753906,55.060001373291016,119.22000122070312,104.86000061035156,223.77000427246094,794.5700073242188,47.56999969482422,40.599998474121094,68.87999725341797,70.55999755859375,54.02000045776367,96.05999755859375,26.639999389648438,66.33999633789062,399.0,52.47999954223633,177.5399932861328,155.24000549316406,267.70001220703125,55.790000915527344,78.33999633789062,101.72000122070312,68.9000015258789,20.950000762939453,49.599998474121094,186.8300018310547,142.35000610351562,26.899999618530273,150.1199951171875,109.2699966430664,424.8999938964844,55.93000030517578,61.810001373291016,47.45000076293945,23.450000762939453,37.880001068115234,136.1199951171875,53.95000076293945,119.80000305175781,105.30000305175781,224.17999267578125,795.030029296875,47.632999420166016,40.630001068115234,69.26000213623047,70.76000213623047,54.150001525878906,96.08999633789062,26.719999313354492,66.87000274658203,401.8900146484375,52.59000015258789,178.38999938964844,155.3300018310547,272.29998779296875,55.939998626708984,79.11000061035156,101.98999786376953,70.83999633789062,20.97100067138672,50.290000915527344,187.0,142.64999389648438,26.989999771118164,150.1199951171875,110.08000183105469,430.55999755859375,55.959999084472656,61.83000183105469,47.75,23.5,37.880001068115234,136.8800048828125,53.95000076293945,4748300,68835300,1932600,724300,15707000,35364500,7988800,13079500,8022200,10277800,7807100,4195000,1857600,23976300,6461700,7934600,2438800,4499600,6492600,5430700,22265000,575807000,88652400,1148000,6936900,8298000,2181000,9533500,2375900,3674900,4826300,15551900,58704400,28807400,8471300,21632600
2021-08-24,100.32352447509766,107.6500015258789,193.17225646972656,769.6114501953125,43.89793395996094,36.890602111816406,56.461490631103516,61.044132232666016,46.71552276611328,80.7670669555664,22.43218421936035,54.45497512817383,363.54327392578125,49.56230163574219,154.16651916503906,139.75576782226562,251.4698944091797,51.99259567260742,66.97364807128906,88.39911651611328,70.20115661621094,21.743192672729492,37.78226089477539,158.12779235839844,130.15762329101562,25.420522689819336,146.87477111816406,103.58492279052734,390.0614318847656,46.06619644165039,56.09299850463867,43.06037139892578,20.319700241088867,35.17867660522461,125.67185974121094,46.76044464111328,119.68000030517578,107.6500015258789,224.3800048828125,805.6099853515625,48.143001556396484,41.47999954223633,68.5199966430664,72.04000091552734,55.40999984741211,97.83999633789062,28.530000686645508,68.44999694824219,408.55999755859375,53.810001373291016,175.38999938964844,157.6699981689453,262.7699890136719,57.959999084472656,77.72000122070312,103.08999633789062,71.9800033569336,21.792999267578125,48.380001068115234,188.47999572753906,144.4600067138672,28.219999313354492,152.75999450683594,112.11000061035156,423.4100036621094,56.810001373291016,65.2300033569336,48.36000061035156,24.200000762939453,38.22999954223633,135.67999267578125,55.36000061035156,119.72000122070312,109.61000061035156,225.67999267578125,807.7100219726562,48.30400085449219,41.68000030517578,68.8499984741211,72.19000244140625,55.689998626708984,98.61000061035156,28.610000610351562,68.81999969482422,409.6600036621094,53.970001220703125,177.2100067138672,158.5500030517578,267.44000244140625,58.36000061035156,78.2699966430664,103.44000244140625,72.69000244140625,21.958999633789062,50.04999923706055,189.19000244140625,145.58999633789062,28.469999313354492,153.6666717529297,113.06999969482422,425.94000244140625,56.90999984741211,65.5199966430664,48.369998931884766,24.325000762939453,38.31999969482422,136.17999267578125,55.849998474121094,118.41999816894531,107.27999877929688,223.55999755859375,801.5800170898438,48.01599884033203,41.040000915527344,68.19000244140625,71.02999877929688,54.63999938964844,97.38999938964844,27.549999237060547,67.47000122070312,402.70001220703125,53.310001373291016,175.27999877929688,156.8699951171875,261.7799987792969,57.040000915527344,77.54000091552734,102.52999877929688,71.69000244140625,21.53499984741211,48.2400016784668,187.11000061035156,143.83999633789062,27.68000030517578,152.49667358398438,111.80000305175781,421.7200012207031,56.13999938964844,63.599998474121094,47.709999084472656,23.96500015258789,38.040000915527344,135.2899932861328,55.0099983215332,119.72000122070312,109.44999694824219,225.52000427246094,806.0999755859375,48.2400016784668,41.099998474121094,68.83999633789062,71.13999938964844,55.18000030517578,97.5,27.729999542236328,68.16000366210938,403.5899963378906,53.560001373291016,176.99000549316406,157.0,266.20001220703125,57.29999923706055,78.2699966430664,102.69000244140625,72.13999938964844,21.753000259399414,49.7400016784668,187.13999938964844,144.58999633789062,27.690000534057617,153.1999969482422,111.81999969482422,425.5199890136719,56.31999969482422,63.810001373291016,47.75,24.0049991607666,38.06999969482422,136.16000366210938,55.290000915527344,3831500,51239300,1790400,453800,9429000,35579300,5125100,12669300,6245500,8924900,10505500,3638900,1958400,20348800,5734800,7670900,3736000,4597400,8698100,5339700,18092700,297299000,52624100,1401400,7066800,8183200,1662900,6719800,1619300,3210400,3833700,15109100,45382200,37677300,6548100,17915600
2021-08-25,100.92708587646484,108.30000305175781,190.77029418945312,771.7703247070312,44.078460693359375,37.48646545410156,55.70338439941406,62.010135650634766,47.229801177978516,81.32017517089844,22.990427017211914,54.6777458190918,367.6007995605469,49.56230163574219,153.14686584472656,142.6365203857422,252.52255249023438,52.593605041503906,66.41351318359375,89.25659942626953,72.21026611328125,22.162233352661133,37.10282897949219,161.18997192382812,129.6260528564453,25.62771224975586,147.9932861328125,108.13079833984375,386.6804504394531,46.73923110961914,57.047515869140625,43.888450622558594,20.47503662109375,35.59276580810547,125.32920837402344,46.84491729736328,120.4000015258789,108.30000305175781,221.58999633789062,807.8699951171875,48.340999603271484,42.150001525878906,67.5999984741211,73.18000030517578,56.02000045776367,98.51000213623047,29.239999771118164,68.7300033569336,413.1199951171875,53.810001373291016,174.22999572753906,160.9199981689453,263.8699951171875,58.630001068115234,77.06999969482422,104.08999633789062,74.04000091552734,22.21299934387207,47.5099983215332,192.1300048828125,143.8699951171875,28.450000762939453,153.92333984375,117.02999877929688,419.739990234375,57.63999938964844,66.33999633789062,49.290000915527344,24.385000228881836,38.68000030517578,135.30999755859375,55.459999084472656,121.4000015258789,109.91000366210938,224.8300018310547,813.3699951171875,48.62699890136719,42.45000076293945,68.30999755859375,73.9000015258789,56.38999938964844,98.72000122070312,29.510000228881836,69.29000091552734,416.67999267578125,54.22999954223633,175.89999389648438,161.77999877929688,264.5199890136719,59.20000076293945,77.80999755859375,104.97000122070312,77.02999877929688,22.469999313354492,48.279998779296875,193.42999267578125,145.42999267578125,28.770000457763672,155.05999755859375,119.18000030517578,423.6199951171875,58.15999984741211,66.8499984741211,49.619998931884766,24.520000457763672,38.91999816894531,135.6199951171875,55.77000045776367,118.87000274658203,107.44999694824219,221.17999267578125,805.0,48.15700149536133,41.540000915527344,67.30000305175781,72.04000091552734,55.04999923706055,96.72000122070312,28.200000762939453,67.7699966430664,408.94000244140625,53.72999954223633,173.88999938964844,157.8000030517578,261.2900085449219,57.5,76.4000015258789,103.04000091552734,72.18000030517578,21.722000122070312,46.93000030517578,188.4499969482422,143.47000122070312,27.920000076293945,153.27667236328125,115.61000061035156,419.45001220703125,56.880001068115234,64.91999816894531,48.470001220703125,23.989999771118164,38.25,134.75,54.869998931884766,119.86000061035156,108.12999725341797,224.30999755859375,808.4199829101562,48.15700149536133,41.65999984741211,68.26000213623047,72.80000305175781,55.45000076293945,97.22000122070312,28.649999618530273,68.55000305175781,409.8999938964844,54.08000183105469,175.69000244140625,158.50999450683594,262.7799987792969,57.90999984741211,77.80999755859375,103.2699966430664,72.79000091552734,21.73699951171875,48.040000915527344,189.42999267578125,144.4600067138672,28.219999313354492,153.3633270263672,115.70999908447266,421.8500061035156,57.08000183105469,65.18000030517578,48.619998931884766,24.149999618530273,38.33000183105469,135.5500030517578,55.2400016784668,5241100,45485500,2173200,471100,10017000,51219900,7639700,17766600,6125200,9342300,10567000,2362900,1845300,15048400,5700300,11335000,2388500,5268500,7045800,5612100,36552100,347701000,51036800,1637100,5721600,6545200,2274300,22106800,1939000,3983400,3064500,21357400,39817600,47904800,6918500,13270300
2021-08-26,100.92708587646484,107.2699966430664,190.66700744628906,774.7031860351562,44.29092788696289,37.388641357421875,55.20074462890625,61.383079528808594,46.47945785522461,80.2552719116211,22.87249183654785,53.643531799316406,366.9690246582031,48.935977935791016,152.32943725585938,143.37220764160156,250.08221435546875,52.10920333862305,65.98265075683594,89.042236328125,70.9716567993164,22.017562866210938,37.001312255859375,160.24197387695312,128.28359985351562,25.339454650878906,148.13113403320312,109.11943054199219,384.01812744140625,46.41487503051758,56.2907829284668,43.67475128173828,20.164358139038086,35.41793441772461,124.8382339477539,46.211421966552734,120.4000015258789,107.2699966430664,221.47000122070312,810.9400024414062,48.57400131225586,42.040000915527344,66.98999786376953,72.44000244140625,55.130001068115234,97.22000122070312,29.09000015258789,67.43000030517578,412.4100036621094,53.130001068115234,173.3000030517578,161.75,261.32000732421875,58.09000015258789,76.56999969482422,103.83999633789062,72.7699966430664,22.06800079345703,47.380001068115234,191.0,142.3800048828125,28.1299991607666,154.06666564941406,118.0999984741211,416.8500061035156,57.2400016784668,65.45999908447266,49.04999923706055,24.014999389648438,38.4900016784668,134.77999877929688,54.709999084472656,121.25,109.2300033569336,222.05999755859375,815.8300170898438,48.81100082397461,42.84000015258789,67.76000213623047,73.9000015258789,56.09000015258789,98.7300033569336,29.59000015258789,68.3499984741211,420.7300109863281,53.75,174.72000122070312,163.8300018310547,265.5899963378906,58.88999938964844,77.31999969482422,105.6500015258789,73.23999786376953,22.34000015258789,48.15999984741211,193.89999389648438,143.75999450683594,28.600000381469727,154.6666717529297,118.45999908447266,421.3900146484375,57.970001220703125,66.58000183105469,49.869998931884766,24.3799991607666,38.900001525878906,135.69000244140625,55.540000915527344,120.1500015258789,106.83999633789062,220.16000366210938,804.1599731445312,48.060001373291016,42.02000045776367,66.94999694824219,72.27999877929688,54.959999084472656,97.19999694824219,28.690000534057617,67.0199966430664,411.1600036621094,52.970001220703125,173.0500030517578,161.14999389648438,260.5799865722656,58.0099983215332,76.51000213623047,103.66999816894531,71.69999694824219,21.790000915527344,47.29999923706055,190.6300048828125,141.6199951171875,28.020000457763672,152.80667114257812,116.3499984741211,416.6300048828125,57.13999938964844,65.31999969482422,48.88999938964844,23.975000381469727,38.45000076293945,134.52000427246094,54.630001068115234,120.86000061035156,108.56999969482422,222.05999755859375,808.27001953125,48.29999923706055,42.5,67.43000030517578,73.47000122070312,55.75,98.11000061035156,29.0,68.0199966430664,415.8800048828125,53.75,173.9499969482422,162.25999450683594,264.0,58.7400016784668,77.11000061035156,104.63999938964844,73.2300033569336,22.200000762939453,47.70000076293945,193.1199951171875,143.19000244140625,28.25,153.74000549316406,117.9800033569336,419.7699890136719,57.869998931884766,65.7699966430664,49.529998779296875,24.2450008392334,38.849998474121094,135.38999938964844,55.20000076293945,5035400,51442500,2844500,450000,10836000,41184500,4697700,14135600,5209000,8124800,11960300,3247400,2076500,19570000,5031600,11027500,1732900,4982600,6640400,6882800,20315100,237940000,29029300,1002000,6825100,6150300,2284500,9892100,1385400,3340500,2726000,21627600,41465400,38484300,5972100,11842600
2021-08-27,100.23970031738281,111.4000015258789,191.79476928710938,795.7009887695312,45.22098159790039,37.788856506347656,54.87937927246094,61.84914016723633,47.83683776855469,81.42748260498047,23.871047973632812,55.39373016357422,373.44696044921875,49.635982513427734,152.00416564941406,144.5244903564453,248.57968139648438,53.84050750732422,65.7499771118164,90.42279815673828,72.17124938964844,22.584266662597656,36.39216995239258,163.18673706054688,130.509033203125,26.195213317871094,150.9578399658203,109.47978210449219,385.7777099609375,47.274417877197266,57.70965576171875,44.35146713256836,20.70174217224121,35.887229919433594,124.69933319091797,47.10676574707031,119.58000183105469,111.4000015258789,222.77999877929688,832.9199829101562,49.59400177001953,42.4900016784668,66.5999984741211,72.98999786376953,56.7400016784668,98.63999938964844,30.360000610351562,69.62999725341797,419.69000244140625,53.88999938964844,172.92999267578125,163.0500030517578,259.75,60.02000045776367,76.30000305175781,105.44999694824219,74.0,22.63599967956543,46.599998474121094,194.50999450683594,144.85000610351562,29.079999923706055,157.0066680908203,118.48999786376953,418.760009765625,58.29999923706055,67.11000061035156,49.810001373291016,24.655000686645508,39.0,134.6300048828125,55.77000045776367,120.63999938964844,111.77999877929688,225.36000061035156,834.77001953125,49.64400100708008,42.650001525878906,67.22000122070312,73.37000274658203,57.119998931884766,99.45999908447266,30.40999984741211,70.41000366210938,419.8500061035156,53.939998626708984,174.27999877929688,163.16000366210938,263.1300048828125,60.529998779296875,76.97000122070312,105.47000122070312,74.1500015258789,22.722000122070312,47.5,194.74000549316406,144.9499969482422,29.299999237060547,157.19332885742188,119.30000305175781,420.3500061035156,58.369998931884766,68.01000213623047,49.849998474121094,24.81999969482422,39.0099983215332,135.4499969482422,56.209999084472656,119.41999816894531,107.80000305175781,220.22000122070312,813.77001953125,48.66400146484375,41.939998626708984,66.58000183105469,72.30000305175781,55.52000045776367,98.05000305175781,29.459999084472656,68.4000015258789,412.5,52.91999816894531,172.75,161.25999450683594,258.5799865722656,58.790000915527344,76.16999816894531,103.68000030517578,72.1500015258789,22.16699981689453,46.529998779296875,191.1199951171875,141.9199981689453,28.479999542236328,153.93666076660156,117.69000244140625,416.1199951171875,57.2599983215332,66.0,49.119998931884766,24.260000228881836,38.529998779296875,134.41000366210938,55.400001525878906,120.33999633789062,108.01000213623047,222.22000122070312,814.25,48.80099868774414,42.119998931884766,67.08000183105469,72.58000183105469,55.790000915527344,98.13999938964844,29.459999084472656,68.4000015258789,412.7799987792969,53.36000061035156,174.27999877929688,161.75,262.5199890136719,58.790000915527344,76.80999755859375,103.88999938964844,72.45999908447266,22.18400001525879,47.369998931884766,191.5,142.1999969482422,28.479999542236328,154.15333557128906,118.33000183105469,418.010009765625,57.43000030517578,66.0,49.220001220703125,24.315000534057617,38.540000915527344,135.0800018310547,55.400001525878906,4279900,61030000,2660900,658900,16459000,46468600,6863400,13669400,6549100,10281200,13653800,3440800,2174500,16525000,7046100,8780200,1839700,6556000,6010000,5900600,14994200,304722000,32924500,1337200,6274500,7534300,2404500,6827700,1621600,4432400,3200300,16873300,46202600,38511100,8679200,15822500
2021-08-30,101.069580078125,111.31999969482422,192.95701599121094,802.0729370117188,45.48997116088867,37.05068588256836,55.382022857666016,60.73060989379883,47.381568908691406,81.22110748291016,23.41501235961914,53.6117057800293,368.0279541015625,49.682037353515625,152.64584350585938,142.21104431152344,251.02967834472656,52.86272048950195,65.92233276367188,89.25659942626953,71.35201263427734,22.636140823364258,36.517112731933594,159.91476440429688,131.4911346435547,25.474578857421875,151.2591094970703,109.94174194335938,385.3538818359375,46.2851448059082,56.772335052490234,43.104888916015625,20.458240509033203,35.381126403808594,125.40328216552734,46.591514587402344,120.56999969482422,111.31999969482422,224.1300048828125,839.5900268554688,49.888999938964844,41.65999984741211,67.20999908447266,71.66999816894531,56.20000076293945,98.38999938964844,29.780000686645508,67.38999938964844,413.6000061035156,53.939998626708984,173.66000366210938,160.44000244140625,262.30999755859375,58.93000030517578,76.5,104.08999633789062,73.16000366210938,22.687999725341797,46.7599983215332,190.61000061035156,145.94000244140625,28.280000686645508,157.32000732421875,118.98999786376953,418.29998779296875,57.08000183105469,66.0199966430664,48.40999984741211,24.364999771118164,38.45000076293945,135.38999938964844,55.15999984741211,120.9000015258789,114.48999786376953,225.30999755859375,843.010009765625,50.78499984741211,42.630001068115234,67.4800033569336,73.01000213623047,57.13999938964844,99.30999755859375,30.549999237060547,69.36000061035156,420.760009765625,54.869998931884766,174.27999877929688,163.49000549316406,264.07000732421875,60.4900016784668,76.83999633789062,105.80999755859375,74.75,23.042999267578125,47.15999984741211,195.0,147.86000061035156,29.34000015258789,158.8433380126953,119.5,420.57000732421875,58.43000030517578,67.98999786376953,49.810001373291016,24.844999313354492,39.040000915527344,135.8800048828125,56.34000015258789,119.54000091552734,111.26000213623047,222.10000610351562,836.760009765625,49.82500076293945,41.630001068115234,66.51000213623047,71.22000122070312,56.18000030517578,97.97000122070312,29.56999969482422,67.36000061035156,412.7200012207031,53.7599983215332,172.77999877929688,159.8800048828125,259.6099853515625,58.869998931884766,76.20999908447266,103.87999725341797,72.83000183105469,22.551000595092773,46.15999984741211,190.10000610351562,145.55999755859375,28.239999771118164,156.7566680908203,118.47000122070312,417.8900146484375,56.959999084472656,65.9800033569336,48.349998474121094,24.354999542236328,38.43000030517578,134.5,55.119998931884766,119.83999633789062,112.61000061035156,222.27999877929688,839.9400024414062,50.0,42.630001068115234,66.70999908447266,73.0,56.97999954223633,99.08999633789062,30.389999389648438,68.8499984741211,419.95001220703125,54.2599983215332,172.7899932861328,163.2100067138672,261.0299987792969,60.33000183105469,76.30000305175781,105.62999725341797,74.12000274658203,22.829999923706055,46.20000076293945,195.0,145.58999633789062,29.270000457763672,157.64666748046875,118.87999725341797,418.760009765625,58.220001220703125,67.88999938964844,49.7599983215332,24.75,39.02000045776367,134.50999450683594,56.2400016784668,3260900,56130500,1881800,491000,19614000,44855600,4257400,12687400,4838600,8127200,7964400,4614000,2089400,14581300,3252700,7937600,1300700,6138900,7339700,6459700,12810700,262580000,25774400,1714800,5263600,6887200,2519400,6434200,1284200,4848600,2653300,16054100,31817800,30096500,6417200,14086100
2021-08-31,101.24559783935547,110.72000122070312,194.16229248046875,795.8157348632812,45.33678436279297,37.13072967529297,55.093624114990234,60.933982849121094,46.81669998168945,79.88377380371094,23.23417091369629,53.71512985229492,369.7357482910156,49.792564392089844,152.17999267578125,141.7767333984375,247.18251037597656,53.1677131652832,65.74136352539062,89.54816436767578,71.87867736816406,22.337778091430664,35.97827911376953,160.3258514404297,132.16685485839844,25.370525360107422,150.0508575439453,109.96025085449219,383.4837951660156,46.53651428222656,57.021728515625,40.691864013671875,20.319700241088867,35.33511734008789,125.23655700683594,46.05093765258789,120.77999877929688,110.72000122070312,225.52999877929688,833.0399780273438,49.72100067138672,41.75,66.86000061035156,71.91000366210938,55.529998779296875,96.7699966430664,29.549999237060547,67.5199966430664,413.510009765625,54.060001373291016,173.1300048828125,159.9499969482422,258.2900085449219,59.27000045776367,76.29000091552734,104.43000030517578,73.69999694824219,22.385000228881836,46.06999969482422,191.10000610351562,146.69000244140625,28.040000915527344,156.06333923339844,119.01000213623047,416.2699890136719,57.38999938964844,66.30999755859375,45.70000076293945,24.200000762939453,38.400001525878906,135.2100067138672,54.52000045776367,121.16999816894531,111.26000213623047,225.64999389648438,844.1599731445312,50.12900161743164,42.06999969482422,67.6500015258789,72.5,56.33000183105469,98.41000366210938,30.31999969482422,68.20999908447266,414.8599853515625,54.5,174.49000549316406,161.3699951171875,263.6400146484375,59.81999969482422,77.0999984741211,104.70999908447266,74.62000274658203,22.69499969482422,47.13999938964844,192.33999633789062,147.52999877929688,28.489999771118164,157.6999969482422,120.80000305175781,420.739990234375,57.83000183105469,67.05999755859375,48.9900016784668,24.46500015258789,38.689998626708984,136.0500030517578,55.310001373291016,120.02999877929688,109.02999877929688,223.33999633789062,827.2100219726562,49.27000045776367,41.36000061035156,66.7699966430664,71.33000183105469,55.29999923706055,96.63999938964844,29.420000076293945,66.66999816894531,408.760009765625,53.65999984741211,172.47999572753906,159.35000610351562,257.8599853515625,58.58000183105469,76.02999877929688,103.37000274658203,73.31999969482422,22.1200008392334,45.93000030517578,189.66000366210938,144.55999755859375,27.889999389648438,154.84666442871094,118.69999694824219,414.2200012207031,56.900001525878906,65.2300033569336,45.209999084472656,24.139999389648438,38.2599983215332,134.72999572753906,54.459999084472656,120.83000183105469,111.26000213623047,224.94000244140625,843.780029296875,50.12900161743164,41.66999816894531,67.05000305175781,71.75,55.75,98.13999938964844,29.65999984741211,67.36000061035156,412.1099853515625,54.439998626708984,173.49000549316406,160.44000244140625,262.8399963378906,58.58000183105469,76.79000091552734,104.2699966430664,73.68000030517578,22.69499969482422,46.720001220703125,191.0,146.8000030517578,27.959999084472656,157.49000549316406,120.01000213623047,417.0,57.220001220703125,65.81999969482422,48.40999984741211,24.2450008392334,38.41999816894531,135.4199981689453,54.93000030517578,6021800,49339000,2904700,579300,17378000,54654600,8502700,17285900,10500500,15676900,11534800,4744100,1958100,22350100,7106800,12340800,2733400,6464100,10949500,7215100,14807400,259850000,34547800,2229900,7820500,9872700,2107800,8424900,4249100,6869000,6113200,73514300,53873200,49876200,9299100,27104100
2021-09-01,94.11197662353516,109.98999786376953,192.2855224609375,804.5374755859375,44.96748733520508,36.632694244384766,54.228397369384766,60.425559997558594,46.07477951049805,79.00875091552734,22.204160690307617,52.792301177978516,369.8698425292969,49.43334197998047,152.71615600585938,141.57286071777344,246.3307647705078,51.35568618774414,65.6465835571289,89.44524383544922,71.89815521240234,22.393659591674805,35.95484924316406,158.9667205810547,132.56512451171875,25.316234588623047,149.2335968017578,111.29997253417969,384.4787292480469,45.5472297668457,54.99230194091797,38.68844223022461,20.02161979675293,35.13267517089844,125.27359008789062,45.41742706298828,112.2699966430664,109.98999786376953,223.35000610351562,842.1699829101562,49.316001892089844,41.189998626708984,65.80999755859375,71.30999755859375,54.650001525878906,95.70999908447266,28.239999771118164,66.36000061035156,413.6600036621094,53.66999816894531,173.74000549316406,159.72000122070312,257.3999938964844,57.25,76.18000030517578,104.30999755859375,73.72000122070312,22.44099998474121,46.040000915527344,189.47999572753906,146.4499969482422,27.979999542236328,155.2133331298828,120.45999908447266,417.3500061035156,56.16999816894531,63.95000076293945,43.45000076293945,23.844999313354492,38.18000030517578,135.25,53.77000045776367,121.52999877929688,111.8499984741211,226.1199951171875,850.719970703125,49.92399978637695,41.779998779296875,67.29000091552734,72.36000061035156,55.91999816894531,97.06999969482422,29.59000015258789,68.0199966430664,416.1099853515625,54.15999984741211,173.74000549316406,160.75999450683594,258.7699890136719,59.40999984741211,76.80000305175781,105.08000183105469,74.31999969482422,22.69700050354004,46.2599983215332,191.75,148.10000610351562,28.399999618530273,157.00332641601562,121.36000061035156,419.8699951171875,57.61000061035156,66.66000366210938,45.970001220703125,24.315000534057617,38.45000076293945,135.44000244140625,54.7599983215332,106.0999984741211,109.8499984741211,221.8800048828125,836.6900024414062,49.28900146484375,41.029998779296875,65.44000244140625,71.20999908447266,54.41999816894531,95.47000122070312,27.670000076293945,66.05000305175781,410.30999755859375,53.529998779296875,172.05999755859375,158.97000122070312,254.49000549316406,57.02000045776367,75.83000183105469,103.56999969482422,73.0199966430664,22.35700035095215,45.41999816894531,188.17999267578125,146.22000122070312,27.809999465942383,155.2133331298828,119.55999755859375,411.239990234375,56.11000061035156,63.22999954223633,43.27000045776367,23.7549991607666,38.04999923706055,133.97000122070312,53.599998474121094,121.0,111.30000305175781,225.5500030517578,838.719970703125,49.62699890136719,41.75,67.29000091552734,72.36000061035156,55.560001373291016,96.86000061035156,29.399999618530273,67.72000122070312,413.1600036621094,54.11000061035156,172.89999389648438,160.22000122070312,258.5400085449219,59.099998474121094,76.22000122070312,104.54000091552734,74.31999969482422,22.485000610351562,46.189998626708984,191.75,146.83999633789062,28.06999969482422,156.84666442871094,120.22000122070312,416.5400085449219,57.61000061035156,66.0999984741211,45.70000076293945,24.174999237060547,38.43000030517578,135.32000732421875,54.4900016784668,50943200,38579600,2699000,581900,12586000,52361900,10320400,15114800,9319800,10557300,20559000,3737900,1680400,18615000,5327400,8729900,2956800,6489000,9187200,5762400,14007100,201767000,32900100,1792500,6451400,9724400,1632600,8603900,2034400,6533600,5186900,84960500,63459800,43976200,10571100,21644100
2021-09-02,93.90241241455078,109.19999694824219,194.53248596191406,822.7938232421875,44.852596282958984,36.66844940185547,54.483848571777344,60.586570739746094,47.71879196166992,80.6597671508789,23.053335189819336,54.38338851928711,370.6209411621094,49.488616943359375,153.7621612548828,142.22882080078125,248.40745544433594,51.93876647949219,66.45659637451172,89.89115142822266,72.16148376464844,22.348756790161133,36.57960510253906,160.83766174316406,131.36123657226562,25.88626480102539,149.79129028320312,111.60487365722656,390.3377990722656,45.766178131103516,56.06719970703125,39.68570327758789,20.529613494873047,35.2523078918457,126.61664581298828,46.52394104003906,112.0199966430664,109.19999694824219,225.9600067138672,861.280029296875,49.189998626708984,41.02000045776367,66.12000274658203,71.5,56.599998474121094,97.70999908447266,29.31999969482422,68.36000061035156,414.5,53.72999954223633,174.92999267578125,160.4600067138672,259.57000732421875,57.900001525878906,77.12000274658203,104.83000183105469,73.98999786376953,22.395999908447266,46.84000015258789,191.7100067138672,145.1199951171875,28.610000610351562,155.7933349609375,120.79000091552734,423.7099914550781,56.439998626708984,65.19999694824219,44.56999969482422,24.450000762939453,38.310001373291016,136.6999969482422,55.08000183105469,113.73999786376953,110.87999725341797,226.02999877929688,862.0499877929688,49.597999572753906,41.4900016784668,66.12000274658203,71.97000122070312,56.97999954223633,98.38999938964844,29.969999313354492,69.5199966430664,417.5799865722656,53.88999938964844,175.19000244140625,161.61000061035156,259.7300109863281,58.66999816894531,77.13999938964844,105.51000213623047,74.01000213623047,22.593000411987305,46.869998931884766,192.49000549316406,146.88999938964844,28.760000228881836,156.27333068847656,121.38999938964844,424.3999938964844,56.7599983215332,65.98999786376953,44.880001068115234,24.645000457763672,38.45000076293945,136.72000122070312,55.63999938964844,110.81999969482422,108.7699966430664,223.42999267578125,848.8699951171875,49.01599884033203,40.63999938964844,65.5,70.91999816894531,55.209999084472656,96.55000305175781,28.600000381469727,66.93000030517578,412.6400146484375,53.349998474121094,173.91000366210938,159.42999267578125,256.4700012207031,57.369998931884766,76.16999816894531,104.36000061035156,72.30999755859375,22.295000076293945,46.130001068115234,189.22000122070312,144.50999450683594,28.209999084472656,155.19000244140625,120.45999908447266,418.239990234375,56.029998779296875,63.90999984741211,43.540000915527344,24.065000534057617,38.15999984741211,135.60000610351562,54.27000045776367,113.55000305175781,110.31999969482422,223.63999938964844,852.1599731445312,49.57899856567383,41.11000061035156,65.97000122070312,71.36000061035156,55.2599983215332,96.63999938964844,28.600000381469727,67.0,415.1099853515625,53.79999923706055,174.33999633789062,160.02000427246094,257.4100036621094,57.84000015258789,76.4800033569336,105.01000213623047,73.20999908447266,22.51799964904785,46.47999954223633,189.44000244140625,146.6999969482422,28.309999465942383,155.9499969482422,120.94000244140625,419.1600036621094,56.25,64.69999694824219,43.68000030517578,24.065000534057617,38.27000045776367,135.75,54.290000915527344,14719200,40090500,1817800,746800,16991000,44538900,7064400,13533400,6696600,12340100,11711300,3541100,1830400,15869500,4544300,8813300,1469700,5402400,6559400,5708400,14803300,187834000,26106300,1719800,6006700,9514100,1501500,6866400,3137400,5307500,3503400,37629000,61635400,29611500,6847800,23293300
2021-09-03,93.56710815429688,109.91999816894531,194.88543701171875,819.765380859375,45.379638671875,36.69526290893555,54.06360626220703,60.30693435668945,47.415279388427734,80.4781494140625,22.935396194458008,54.08903121948242,367.76861572265625,49.28597640991211,153.85890197753906,141.36898803710938,248.3692169189453,52.24375534057617,66.5772476196289,89.39381408691406,71.9859390258789,22.794809341430664,36.57960510253906,160.67822265625,130.91769409179688,25.41576385498047,150.9129638671875,114.5430679321289,389.55474853515625,45.5310173034668,55.63723373413086,39.329532623291016,20.412059783935547,35.031463623046875,126.75556182861328,46.34656524658203,111.62000274658203,109.91999816894531,226.3699951171875,858.1099853515625,49.768001556396484,41.04999923706055,65.61000061035156,71.16999816894531,56.2400016784668,97.48999786376953,29.170000076293945,67.98999786376953,411.30999755859375,53.5099983215332,175.0399932861328,159.49000549316406,259.5299987792969,58.2400016784668,77.26000213623047,104.25,73.80999755859375,22.843000411987305,46.84000015258789,191.52000427246094,144.6300048828125,28.09000015258789,156.9600067138672,123.97000122070312,422.8599853515625,56.150001525878906,64.69999694824219,44.16999816894531,24.309999465942383,38.06999969482422,136.85000610351562,54.869998931884766,112.06999969482422,111.16999816894531,227.19000244140625,862.97998046875,50.599998474121094,41.189998626708984,65.97000122070312,71.7300033569336,56.95000076293945,98.43000030517578,29.799999237060547,68.55000305175781,415.1199951171875,54.08000183105469,175.22000122070312,160.88999938964844,260.989990234375,58.4900016784668,77.37999725341797,105.33000183105469,74.72000122070312,22.986000061035156,47.029998779296875,192.85000610351562,145.99000549316406,28.75,157.57000732421875,124.4800033569336,424.0,56.54999923706055,65.91000366210938,44.5,24.579999923706055,38.31999969482422,137.0399932861328,55.31999969482422,111.0199966430664,108.5,224.1999969482422,848.52001953125,49.50400161743164,40.68000030517578,65.29000091552734,70.6500015258789,55.939998626708984,97.37999725341797,29.0,67.20999908447266,410.6000061035156,53.31999969482422,173.80999755859375,159.14999389648438,256.7799987792969,57.5,76.69000244140625,103.7699966430664,73.5999984741211,22.200000762939453,46.34000015258789,190.6300048828125,144.22999572753906,27.93000030517578,155.47332763671875,121.26000213623047,420.6099853515625,55.810001373291016,64.08000183105469,43.81999969482422,24.19499969482422,37.97999954223633,135.91000366210938,54.599998474121094,111.18000030517578,108.8499984741211,225.75999450683594,848.52001953125,49.590999603271484,41.02000045776367,65.97000122070312,71.62000274658203,56.34000015258789,97.4000015258789,29.209999084472656,68.01000213623047,414.0,53.439998626708984,175.10000610351562,160.38999938964844,260.8299865722656,57.720001220703125,77.26000213623047,104.73999786376953,74.0,22.325000762939453,46.900001525878906,191.77000427246094,145.1199951171875,28.540000915527344,155.82000732421875,121.58000183105469,421.92999267578125,56.4900016784668,65.12999725341797,44.4900016784668,24.399999618530273,38.2400016784668,136.55999755859375,55.119998931884766,5364800,42605800,1664100,698000,25191000,41812400,7770800,13683300,7954200,9097000,7305300,2450200,1373600,13456200,4096900,7959700,1124500,5010200,6629800,7195400,9222500,280532000,20817200,1529200,5505800,6174700,1356000,10361400,1604800,3921800,2091900,21687500,39162800,34847500,5632800,13840000
2021-09-07,91.39600372314453,109.1500015258789,190.55506896972656,823.2618408203125,45.280250549316406,36.93661880493164,53.71751403808594,60.01036834716797,47.19609069824219,80.12317657470703,22.848901748657227,53.834468841552734,366.88348388671875,49.41493606567383,151.46800231933594,141.12081909179688,243.84263610839844,52.53978729248047,65.47422790527344,89.33378601074219,71.82014465332031,22.61419105529785,36.50931167602539,161.2571258544922,130.12115478515625,25.180519104003906,150.3585205078125,115.21756744384766,388.06231689453125,45.27153778076172,56.34238052368164,39.45419692993164,20.290306091308594,34.8198127746582,126.01456451416016,46.07626724243164,109.02999877929688,109.1500015258789,221.33999633789062,861.77001953125,49.659000396728516,41.31999969482422,65.19000244140625,70.81999969482422,55.97999954223633,97.05999755859375,29.059999465942383,67.66999816894531,410.32000732421875,53.650001525878906,172.32000732421875,159.2100067138672,254.8000030517578,58.56999969482422,75.9800033569336,104.18000030517578,73.63999938964844,22.66200065612793,46.75,192.2100067138672,143.75,27.829999923706055,156.38333129882812,124.69999694824219,421.239990234375,55.83000183105469,65.5199966430664,44.310001373291016,24.165000915527344,37.84000015258789,136.0500030517578,54.54999923706055,111.56999969482422,110.58000183105469,224.94000244140625,868.8800048828125,49.7599983215332,41.849998474121094,65.55999755859375,72.27999877929688,56.47999954223633,97.9800033569336,29.329999923706055,68.31999969482422,414.7300109863281,53.95000076293945,175.02999877929688,161.3800048828125,260.82000732421875,59.720001220703125,76.87000274658203,105.37000274658203,74.48999786376953,22.89900016784668,47.5,194.72999572753906,144.75999450683594,28.200000762939453,157.04666137695312,125.27999877929688,422.260009765625,56.95000076293945,66.41999816894531,44.959999084472656,24.5,38.20000076293945,136.55999755859375,55.27000045776367,108.31999969482422,108.66000366210938,219.52000427246094,857.760009765625,49.099998474121094,41.18000030517578,64.6500015258789,70.70999908447266,55.31999969482422,96.73999786376953,28.729999542236328,66.94999694824219,409.6400146484375,53.439998626708984,171.6699981689453,158.9600067138672,254.41000366210938,58.060001373291016,75.16999816894531,104.06999969482422,73.16000366210938,22.52199935913086,46.540000915527344,191.9199981689453,143.1199951171875,27.3799991607666,155.4566650390625,123.88999938964844,417.5799865722656,55.72999954223633,64.75,44.25,24.075000762939453,37.84000015258789,135.16000366210938,54.470001220703125,110.44999694824219,109.95999908447266,223.0,865.2899780273438,49.7599983215332,41.25,65.44000244140625,71.36000061035156,55.88999938964844,97.0199966430664,28.899999618530273,67.31999969482422,411.0,53.56999969482422,174.35000610351562,159.99000549316406,259.0,58.279998779296875,76.58999633789062,104.08000183105469,73.76000213623047,22.83300018310547,46.9900016784668,192.39999389648438,144.67999267578125,27.6200008392334,157.0399932861328,124.62000274658203,420.29998779296875,56.279998779296875,64.80999755859375,44.31999969482422,24.19499969482422,38.20000076293945,136.33999633789062,54.66999816894531,12694200,28815200,3281800,780900,12398000,43748600,8789000,14663600,6632600,9237800,5939700,2274100,1557000,13915000,6859900,9285600,2403700,4952400,13979500,6792100,12028400,198107000,26236900,2196800,6361200,8178400,1640700,9739900,1920300,4879100,3021900,19733500,42472800,39214900,8739100,14354400
2021-09-08,92.51090240478516,106.16999816894531,190.15040588378906,819.6508178710938,45.078739166259766,36.45390319824219,53.49503707885742,59.349388122558594,46.60592269897461,79.57009887695312,22.196300506591797,53.44465255737305,362.1267395019531,49.34124755859375,151.0988006591797,140.49147033691406,243.88084411621094,51.2301139831543,64.9399642944336,88.81072235107422,70.48397064208984,22.2918758392334,36.32188034057617,160.84603881835938,129.00775146484375,24.12190818786621,148.43238830566406,112.6212387084961,382.6731872558594,44.87419891357422,54.77730941772461,39.01789093017578,20.030017852783203,34.73699951171875,125.95899963378906,45.6539306640625,110.36000061035156,106.16999816894531,220.8699951171875,857.989990234375,49.4379997253418,40.779998779296875,64.91999816894531,70.04000091552734,55.279998779296875,96.38999938964844,28.229999542236328,67.18000030517578,405.0,53.56999969482422,171.89999389648438,158.5,254.83999633789062,57.11000061035156,75.36000061035156,103.56999969482422,72.2699966430664,22.339000701904297,46.5099983215332,191.72000122070312,142.52000427246094,26.65999984741211,154.3800048828125,121.88999938964844,415.3900146484375,55.34000015258789,63.70000076293945,43.81999969482422,23.854999542236328,37.75,135.99000549316406,54.04999923706055,110.9000015258789,109.30000305175781,222.2899932861328,859.9000244140625,49.98899841308594,41.4900016784668,65.13999938964844,71.22000122070312,56.61000061035156,98.47000122070312,29.6200008392334,68.55999755859375,410.9800109863281,53.91999816894531,172.97999572753906,159.5800018310547,255.7100067138672,59.25,75.97000122070312,104.56999969482422,73.23999786376953,22.610000610351562,46.790000915527344,192.24000549316406,143.6199951171875,28.1299991607666,155.82666015625,123.13999938964844,422.8699951171875,55.880001068115234,66.31999969482422,44.540000915527344,24.459999084472656,37.93000030517578,136.2100067138672,55.18000030517578,107.72000122070312,105.5199966430664,220.10000610351562,849.9199829101562,48.81100082397461,40.68000030517578,64.0199966430664,69.87999725341797,55.189998626708984,96.3499984741211,28.030000686645508,66.8499984741211,404.70001220703125,52.9900016784668,171.0800018310547,158.0399932861328,253.67999267578125,57.060001373291016,74.80000305175781,103.06999969482422,71.11000061035156,21.976999282836914,46.25,190.4199981689453,141.49000549316406,26.600000381469727,153.03334045410156,121.2300033569336,414.20001220703125,55.11000061035156,63.66999816894531,43.630001068115234,23.84000015258789,37.54999923706055,135.4199981689453,54.0099983215332,108.05999755859375,108.87999725341797,221.3300018310547,857.6099853515625,49.96200180053711,41.08000183105469,64.61000061035156,70.87000274658203,56.31999969482422,97.5,29.25,68.27999877929688,409.2200012207031,53.72999954223633,171.6199951171875,158.88999938964844,254.60000610351562,58.86000061035156,75.97000122070312,103.8499984741211,73.19999694824219,22.51300048828125,46.5099983215332,191.52999877929688,143.36000061035156,27.959999084472656,155.6666717529297,122.97000122070312,421.19000244140625,55.630001068115234,65.98999786376953,44.119998931884766,24.299999237060547,37.75,135.77999877929688,54.790000915527344,10823200,43067900,2140400,714900,13987000,36064400,12231600,14861800,5228900,10775900,8874000,2927300,1646200,18235100,4661700,7852700,1542400,7420200,8243000,5601000,17375500,254434000,15839600,1822600,5981300,13279700,3087900,7983300,2262500,3501700,3396800,21252400,43798400,32523900,6986200,18756700
2021-09-09,89.920654296875,106.1500015258789,185.59616088867188,815.3613891601562,44.99758529663086,36.5880012512207,52.39085388183594,59.70530319213867,46.858848571777344,79.24816131591797,22.369281768798828,53.57988357543945,361.75103759765625,49.18466567993164,147.7322998046875,141.10304260253906,229.6790313720703,51.35568618774414,63.612884521484375,89.042236328125,71.06917572021484,22.13021469116211,35.9470329284668,161.3158416748047,128.15689086914062,24.085712432861328,148.9547882080078,113.3511734008789,381.8992614746094,45.263427734375,54.63971710205078,39.49871826171875,20.071998596191406,34.838218688964844,124.50479888916016,45.68773651123047,107.2699966430664,106.1500015258789,215.5800018310547,853.5,49.3489990234375,40.93000030517578,63.58000183105469,70.45999908447266,55.58000183105469,96.0,28.450000762939453,67.3499984741211,404.5799865722656,53.400001525878906,168.07000732421875,159.19000244140625,240.0,57.25,73.81999969482422,103.83999633789062,72.87000274658203,22.177000045776367,46.029998779296875,192.27999877929688,141.5800018310547,26.6200008392334,154.92333984375,122.68000030517578,414.54998779296875,55.81999969482422,63.540000915527344,44.36000061035156,23.905000686645508,37.86000061035156,134.4199981689453,54.09000015258789,109.73999786376953,107.30000305175781,220.64999389648438,862.760009765625,49.869998931884766,41.349998474121094,64.76000213623047,71.0999984741211,56.540000915527344,97.62000274658203,29.079999923706055,68.19999694824219,408.8800048828125,53.88999938964844,171.47999572753906,160.8300018310547,254.02000427246094,58.13999938964844,75.19000244140625,105.2300033569336,73.2699966430664,22.538000106811523,46.720001220703125,194.5399932861328,143.5399932861328,27.239999771118164,155.83999633789062,123.48999786376953,420.2200012207031,56.459999084472656,65.13999938964844,44.720001220703125,24.280000686645508,38.220001220703125,136.11000061035156,55.0,107.19999694824219,105.83999633789062,215.41000366210938,852.0999755859375,49.28499984741211,40.560001373291016,63.45000076293945,69.91000366210938,54.83000183105469,95.3499984741211,27.729999542236328,66.08000183105469,403.510009765625,53.34000015258789,167.6999969482422,158.0800018310547,239.6699981689453,56.5099983215332,73.5999984741211,103.30000305175781,71.41999816894531,22.131000518798828,45.849998474121094,191.17999267578125,141.4499969482422,26.440000534057617,154.18333435058594,121.87999725341797,413.92999267578125,55.189998626708984,62.79999923706055,43.7599983215332,23.56999969482422,37.66999816894531,134.33999633789062,53.29999923706055,109.44000244140625,106.55999755859375,220.5,855.47998046875,49.28499984741211,40.65999984741211,64.44000244140625,69.97000122070312,55.150001525878906,95.88999938964844,28.010000228881836,66.66999816894531,404.6700134277344,53.65999984741211,171.19000244140625,158.27000427246094,253.2899932861328,56.66999816894531,75.19000244140625,103.3499984741211,71.62999725341797,22.312000274658203,46.470001220703125,191.47000122070312,142.47000122070312,26.59000015258789,154.27667236328125,122.19000244140625,415.3399963378906,55.310001373291016,63.150001525878906,43.849998474121094,23.69499969482422,37.70000076293945,135.8000030517578,53.619998931884766,10337100,31857900,3273600,641900,13174000,36266400,11246000,14212900,6285800,10219400,9205700,3286600,2424600,13495800,7114600,7904300,4976600,5004800,14628700,6145700,14638100,196856000,21695300,1577800,6190800,10975000,3921000,5101300,3508500,4810100,2827900,19776900,50529600,33421000,8905600,19110800
2021-09-10,89.42607116699219,105.19999694824219,184.02072143554688,820.4915161132812,45.42249298095703,35.99800491333008,52.02003860473633,58.95115280151367,46.985313415527344,79.30593872070312,22.45728302001953,53.412837982177734,360.7675476074219,49.58993911743164,146.76541137695312,139.4810028076172,229.2005615234375,51.01481628417969,63.29404830932617,88.85357666015625,71.68360900878906,22.430583953857422,35.603416442871094,160.79566955566406,129.152587890625,24.23047637939453,150.13739013671875,113.61911010742188,373.4034423828125,44.963401794433594,54.52793502807617,39.472007751464844,20.06360626220703,34.58055877685547,123.36554718017578,45.59482192993164,106.68000030517578,105.19999694824219,213.75,858.8699951171875,49.814998626708984,40.27000045776367,63.130001068115234,69.56999969482422,55.72999954223633,96.06999969482422,28.06999969482422,67.13999938964844,403.4800109863281,53.84000015258789,166.97000122070312,157.36000061035156,239.5,56.869998931884766,73.44999694824219,103.62000274658203,73.5,22.47800064086914,45.59000015258789,191.66000366210938,142.67999267578125,26.780000686645508,156.15333557128906,122.97000122070312,403.9100036621094,55.45000076293945,63.40999984741211,44.33000183105469,23.895000457763672,37.58000183105469,133.19000244140625,53.97999954223633,108.31999969482422,106.98999786376953,216.99000549316406,875.3599853515625,50.5989990234375,41.349998474121094,63.869998931884766,70.98999786376953,56.7400016784668,97.69999694824219,29.030000686645508,68.91999816894531,409.7900085449219,54.97999954223633,169.08999633789062,160.72000122070312,243.88999938964844,58.22999954223633,74.20999908447266,104.79000091552734,75.62999725341797,22.625999450683594,46.349998474121094,193.85000610351562,146.0,27.1299991607666,158.52667236328125,124.33999633789062,416.0,56.36000061035156,64.37000274658203,45.25,24.325000762939453,38.11000061035156,135.02000427246094,55.22999954223633,106.36000061035156,104.9800033569336,213.5500030517578,857.4000244140625,49.6510009765625,40.2400016784668,62.959999084472656,69.5199966430664,55.459999084472656,95.88999938964844,28.020000457763672,66.97000122070312,403.1600036621094,53.810001373291016,166.8699951171875,157.22000122070312,238.57000732421875,56.529998779296875,73.12000274658203,103.20999908447266,73.45999908447266,22.270000457763672,45.5099983215332,191.3300018310547,142.5399932861328,26.479999542236328,156.13999938964844,122.88999938964844,402.5899963378906,55.41999816894531,62.70000076293945,44.189998626708984,23.81999969482422,37.56999969482422,133.1199951171875,53.95000076293945,107.4800033569336,106.98999786376953,216.5,870.9400024414062,49.70500183105469,41.220001220703125,63.720001220703125,70.93000030517578,56.61000061035156,97.5999984741211,28.700000762939453,68.48999786376953,408.0,53.849998474121094,168.5500030517578,160.55999755859375,242.1999969482422,58.189998626708984,73.9800033569336,104.43000030517578,73.7699966430664,22.347999572753906,46.27000045776367,193.85000610351562,143.1300048828125,27.040000915527344,156.19667053222656,123.0199966430664,415.55999755859375,56.189998626708984,64.2300033569336,45.0,24.274999618530273,38.06999969482422,134.89999389648438,55.189998626708984,7620100,32602300,2217800,1137400,16110000,40514700,10017200,15422800,5055200,11006000,6582700,2768900,1956000,20324700,6699300,8311600,4633500,4866400,11084500,5958600,18240600,248376000,20801500,1358300,6263300,7712200,2959200,5163900,4215800,3856300,3212100,23367400,37513000,39350500,10561600,15123700
2021-09-13,90.0967025756836,104.80000305175781,186.57762145996094,832.3086547851562,45.49635314941406,36.59693145751953,51.78107833862305,59.75615310668945,48.5534553527832,80.8743896484375,23.137325286865234,55.75968551635742,365.93572998046875,50.64915466308594,145.73695373535156,141.6969757080078,227.72682189941406,52.5756721496582,63.0613899230957,89.5224380493164,72.51258850097656,22.105266571044922,34.81466293334961,163.14474487304688,129.81338500976562,25.433860778808594,151.57640075683594,114.21968078613281,383.2120056152344,45.847259521484375,56.90992736816406,40.74528884887695,20.63876724243164,34.976253509521484,122.60603332519531,46.768890380859375,107.4800033569336,104.80000305175781,216.72000122070312,871.239990234375,49.895999908447266,40.939998626708984,62.84000015258789,70.5199966430664,57.59000015258789,97.97000122070312,28.920000076293945,70.08999633789062,409.260009765625,54.9900016784668,165.8000030517578,159.86000061035156,237.9600067138672,58.61000061035156,73.18000030517578,104.4000015258789,74.3499984741211,22.152000427246094,44.58000183105469,194.4600067138672,143.41000366210938,28.110000610351562,157.64999389648438,123.62000274658203,414.5199890136719,56.540000915527344,66.18000030517578,45.7599983215332,24.579999923706055,38.0099983215332,132.3699951171875,55.369998931884766,108.7699966430664,105.27999877929688,219.0500030517578,872.2100219726562,50.24700164794922,40.959999084472656,63.5099983215332,70.66000366210938,58.08000183105469,98.70999908447266,29.479999542236328,71.37999725341797,409.3699951171875,55.4900016784668,168.1199951171875,160.0500030517578,241.14999389648438,58.63999938964844,73.83000183105469,104.5199966430664,75.22000122070312,22.964000701904297,45.83000183105469,195.72000122070312,144.72999572753906,28.25,157.97666931152344,124.0999984741211,416.80999755859375,56.560001373291016,66.72000122070312,45.810001373291016,24.7450008392334,38.06999969482422,133.97000122070312,55.93000030517578,106.80999755859375,102.62999725341797,215.07000732421875,861.0399780273438,49.32600021362305,40.349998474121094,62.560001373291016,69.76000213623047,56.56999969482422,97.05999755859375,28.56999969482422,69.08000183105469,403.79998779296875,54.40999984741211,165.1300048828125,158.07000732421875,235.14999389648438,57.58000183105469,72.86000061035156,103.22000122070312,73.5199966430664,21.857999801635742,44.20000076293945,192.66000366210938,142.02999877929688,27.25,155.51666259765625,122.19999694824219,406.45001220703125,55.83000183105469,64.0999984741211,44.560001373291016,24.204999923706055,37.7400016784668,131.6999969482422,54.619998931884766,107.38999938964844,105.26000213623047,217.05999755859375,869.219970703125,50.20000076293945,40.599998474121094,63.470001220703125,70.12000274658203,56.56999969482422,97.20999908447266,28.690000534057617,69.13999938964844,407.4100036621094,54.61000061035156,167.9199981689453,158.52999877929688,240.0399932861328,57.630001068115234,73.7699966430664,103.83999633789062,74.55999755859375,22.68400001525879,45.7400016784668,193.83999633789062,144.02000427246094,27.270000457763672,157.72666931152344,122.94000244140625,407.9800109863281,55.939998626708984,64.30000305175781,44.560001373291016,24.204999923706055,37.849998474121094,133.88999938964844,54.650001525878906,7398900,37767800,2553400,636000,14927000,42036300,9031500,16337300,8456500,11500900,9789200,5099500,1802800,22639200,6273500,10052800,2832800,5885400,11245200,6112200,15796700,297500000,37086200,1295000,4312800,9877900,2835900,6622800,3068200,5448400,4432800,28027200,68499600,40357300,11676700,22052300
2021-09-14,89.2584228515625,105.7300033569336,185.99220275878906,848.3865356445312,45.76169204711914,35.61362838745117,51.17955780029297,58.28173065185547,48.00544357299805,79.41325378417969,22.617290496826172,55.30621337890625,360.955322265625,50.216251373291016,144.85797119140625,139.2239532470703,223.0662384033203,51.63377380371094,62.69622802734375,87.38727569580078,71.6738510131836,22.195077896118164,34.91617965698242,158.01869201660156,127.75858306884766,25.035749435424805,151.58279418945312,113.72998809814453,381.3816223144531,45.33640670776367,55.63723373413086,41.003509521484375,20.340688705444336,34.5069465637207,122.5875015258789,46.10160827636719,106.4800033569336,105.7300033569336,216.0399932861328,888.0700073242188,50.1870002746582,39.84000015258789,62.11000061035156,68.77999877929688,56.939998626708984,96.19999694824219,28.270000457763672,69.5199966430664,403.69000244140625,54.52000045776367,164.8000030517578,157.07000732421875,233.08999633789062,57.560001373291016,72.11000061035156,101.91000366210938,73.48999786376953,22.242000579833984,44.709999084472656,188.35000610351562,141.13999938964844,27.670000076293945,157.6566619873047,123.08999633789062,412.5400085449219,55.90999984741211,64.69999694824219,46.04999923706055,24.225000381469727,37.5,132.35000610351562,54.58000183105469,108.06999969482422,106.81999969482422,217.9199981689453,895.9299926757812,50.54199981689453,41.310001373291016,63.09000015258789,71.37999725341797,58.290000915527344,98.73999786376953,29.290000915527344,70.94999694824219,417.010009765625,55.439998626708984,166.5399932861328,161.33999633789062,239.7899932861328,59.34000015258789,73.13999938964844,105.4000015258789,74.12000274658203,22.40999984741211,45.2599983215332,196.05999755859375,144.80999755859375,28.489999771118164,158.85333251953125,123.62999725341797,417.5899963378906,56.959999084472656,67.16999816894531,46.939998626708984,24.844999313354492,38.279998779296875,133.3000030517578,55.77000045776367,106.25,104.41999816894531,215.1199951171875,879.6799926757812,49.83599853515625,39.65999984741211,61.970001220703125,68.5199966430664,56.61000061035156,95.9800033569336,27.8700008392334,69.16999816894531,402.7799987792969,54.27000045776367,164.50999450683594,156.25999450683594,231.97999572753906,57.439998626708984,72.05999755859375,101.66000366210938,72.91000366210938,22.086000442504883,44.54999923706055,186.02000427246094,140.6199951171875,27.549999237060547,156.93666076660156,122.4000015258789,411.3699951171875,55.459999084472656,64.47000122070312,45.7599983215332,24.1200008392334,37.380001068115234,132.1199951171875,54.40999984741211,107.98999786376953,105.5199966430664,217.60000610351562,883.8200073242188,50.20000076293945,41.130001068115234,63.060001373291016,70.83999633789062,58.220001220703125,98.37999725341797,29.1299991607666,70.7300033569336,410.29998779296875,55.369998931884766,166.39999389648438,160.4499969482422,238.72000122070312,59.31999969482422,73.05000305175781,104.3499984741211,73.79000091552734,22.274999618530273,44.66999816894531,195.02000427246094,144.47000122070312,28.469999313354492,158.05332946777344,123.62999725341797,417.5899963378906,56.75,66.98999786376953,46.02000045776367,24.799999237060547,38.13999938964844,132.99000549316406,55.689998626708984,6102700,40629500,1999300,978300,14134000,53820400,8009700,26568900,7880700,15294100,9044100,4747900,3263200,22072700,5259600,11685600,3826000,5609100,15202800,8400600,13945100,199755000,24100200,3781900,6442100,7106200,2581500,5110500,2879800,5432200,2956300,36053200,58935800,45670600,10436300,19940300
2021-09-15,90.33979797363281,105.5999984741211,187.79151916503906,849.5903930664062,46.47930145263672,35.881797790527344,51.08890914916992,59.69682312011719,50.01199722290039,81.0972671508789,24.265390396118164,59.91240310668945,359.3995056152344,50.76888656616211,145.40298461914062,140.19012451171875,223.67868041992188,53.43682861328125,63.30484390258789,88.35625457763672,71.99568939208984,22.29387092590332,34.963043212890625,159.55398559570312,125.13353729248047,26.456279754638672,152.4545135498047,112.26091003417969,385.9855041503906,46.86896896362305,57.19370651245117,41.52886199951172,21.100574493408203,34.838218688964844,123.38407897949219,47.65578079223633,107.7699966430664,105.5999984741211,218.1300048828125,889.3300170898438,50.9739990234375,40.13999938964844,62.0,70.44999694824219,59.31999969482422,98.23999786376953,30.329999923706055,75.30999755859375,401.95001220703125,55.119998931884766,165.4199981689453,158.16000366210938,233.72999572753906,59.56999969482422,72.80999755859375,103.04000091552734,73.81999969482422,22.340999603271484,44.77000045776367,190.17999267578125,138.24000549316406,29.239999771118164,158.56333923339844,121.5,417.5199890136719,57.79999923706055,66.51000213623047,46.63999938964844,25.1299991607666,37.86000061035156,133.2100067138672,56.41999816894531,108.80000305175781,106.31999969482422,219.9199981689453,890.010009765625,51.06999969482422,40.34000015258789,62.470001220703125,70.87000274658203,59.459999084472656,98.52999877929688,30.43000030517578,75.52999877929688,403.6099853515625,55.150001525878906,165.9600067138672,158.69000244140625,239.3800048828125,59.68000030517578,73.1500015258789,103.33999633789062,73.93000030517578,22.367000579833984,45.369998931884766,191.32000732421875,141.0,29.299999237060547,158.56666564941406,122.5,421.4200134277344,57.970001220703125,66.69999694824219,46.88999938964844,25.149999618530273,37.95000076293945,133.8300018310547,56.529998779296875,106.02999877929688,104.02999877929688,215.86000061035156,879.4400024414062,49.94200134277344,39.66999816894531,61.810001373291016,68.62000274658203,58.060001373291016,96.98999786376953,28.8799991607666,71.0199966430664,396.2099914550781,54.41999816894531,164.30999755859375,156.47000122070312,233.05999755859375,58.150001525878906,71.87999725341797,101.80999755859375,71.76000213623047,21.965999603271484,44.470001220703125,187.42999267578125,137.52000427246094,28.030000686645508,156.44332885742188,120.87999725341797,409.5,56.13999938964844,65.12000274658203,45.849998474121094,24.530000686645508,37.439998626708984,131.97999572753906,55.310001373291016,106.58999633789062,106.0,216.77000427246094,886.989990234375,50.21200180053711,39.72999954223633,61.97999954223633,68.81999969482422,58.09000015258789,96.98999786376953,28.90999984741211,71.18000030517578,398.0,54.66999816894531,165.0,156.72000122070312,233.5800018310547,58.209999084472656,72.08000183105469,102.16000366210938,72.94999694824219,22.30900001525879,44.560001373291016,187.42999267578125,140.80999755859375,28.200000762939453,157.77999877929688,122.41000366210938,412.5199890136719,56.22999954223633,65.52999877929688,45.869998931884766,24.56999969482422,37.47999954223633,132.17999267578125,55.369998931884766,7444300,37998900,2555600,799700,23346000,52358200,7981400,22392100,10766000,11623400,20487900,8412500,3199800,18796200,7935300,11691500,2802500,6875200,12555900,6691900,15258800,166538000,28674600,1613400,11289100,11912200,3770400,5566500,3180600,7194300,4032000,31535600,76695000,36371300,10299900,23240900
2021-09-16,90.59965515136719,106.22000122070312,187.1286163330078,847.6605834960938,46.261375427246094,36.158912658691406,50.45440673828125,59.315528869628906,49.936126708984375,80.33780670166016,24.2493896484375,58.84638214111328,354.6873474121094,50.50178527832031,145.22718811035156,140.12803649902344,221.10433959960938,53.015220642089844,62.57449722290039,87.86747741699219,72.7856674194336,22.195077896118164,34.728759765625,159.31906127929688,125.27835083007812,26.112455368041992,152.7461700439453,112.06327819824219,385.3567810058594,46.30135726928711,56.2907829284668,41.208309173583984,20.861276626586914,34.73699951171875,123.06916046142578,47.14899826049805,108.08000183105469,106.22000122070312,217.36000061035156,887.3099975585938,50.73500061035156,40.45000076293945,61.22999954223633,70.0,59.22999954223633,97.31999969482422,30.309999465942383,73.97000122070312,396.67999267578125,54.83000183105469,165.22000122070312,158.08999633789062,231.0399932861328,59.099998474121094,71.97000122070312,102.47000122070312,74.62999725341797,22.242000579833984,44.470001220703125,189.89999389648438,138.39999389648438,28.860000610351562,158.86666870117188,120.79000091552734,416.8399963378906,57.099998474121094,65.45999908447266,46.279998779296875,24.844999313354492,37.75,132.8699951171875,55.81999969482422,108.75,106.75,218.64999389648438,889.780029296875,50.915000915527344,40.810001373291016,62.04999923706055,71.18000030517578,59.65999984741211,98.58999633789062,30.579999923706055,75.44999694824219,405.9800109863281,54.95000076293945,166.4600067138672,160.85000610351562,234.69000244140625,59.720001220703125,73.0199966430664,104.16999816894531,74.95999908447266,22.277000427246094,44.9900016784668,192.86000061035156,138.9600067138672,29.290000915527344,159.39666748046875,121.12999725341797,423.3999938964844,58.34000015258789,66.66000366210938,47.27000045776367,25.110000610351562,38.189998626708984,133.6300048828125,56.459999084472656,106.52999877929688,103.76000213623047,214.0,875.4400024414062,50.020999908447266,40.20000076293945,60.65999984741211,69.98999786376953,58.7599983215332,96.91000366210938,29.709999084472656,73.4000015258789,394.8900146484375,54.2400016784668,164.19000244140625,157.22000122070312,229.72999572753906,58.75,71.69000244140625,101.75,72.77999877929688,21.927000045776367,44.029998779296875,189.13999938964844,137.32000732421875,28.559999465942383,156.76333618164062,119.3499984741211,414.9599914550781,56.81999969482422,65.3499984741211,46.0099983215332,24.709999084472656,37.58000183105469,131.9600067138672,55.5,108.23999786376953,104.91999816894531,218.02000427246094,877.1400146484375,50.52000045776367,40.47999954223633,61.86000061035156,71.02999877929688,59.279998779296875,98.31999969482422,30.200000762939453,74.80999755859375,404.5199890136719,54.86000061035156,165.64999389648438,159.41000366210938,234.0800018310547,59.540000915527344,73.0199966430664,103.51000213623047,73.30000305175781,22.183000564575195,44.880001068115234,191.61000061035156,137.32000732421875,28.989999771118164,157.4166717529297,120.0,419.6700134277344,58.0,66.5199966430664,46.900001525878906,25.104999542236328,38.0,133.3800048828125,56.459999084472656,5821800,38150300,2695600,811400,17569000,42922000,13621900,19245400,8773100,10616700,10065400,4326800,2882900,19863100,5665400,10880900,2958700,4135700,14818900,5881600,12867700,156033000,22424200,985400,6719900,8079200,1655100,7301400,2262700,6056000,2307900,24102400,60643800,42630200,10525700,17907200
2021-09-17,90.30626678466797,103.87999725341797,188.86769104003906,821.4277954101562,46.13827133178711,36.20361328125,50.52033233642578,59.28162384033203,49.67475128173828,79.87554168701172,23.8333683013916,59.06913375854492,350.01995849609375,49.97677230834961,144.81405639648438,139.76463317871094,220.20480346679688,52.7999267578125,62.32236099243164,87.25006866455078,72.46383666992188,21.853801727294922,34.27581024169922,158.49693298339844,120.9334487915039,25.614818572998047,150.3104248046875,109.2428970336914,388.426025390625,46.22837829589844,56.41117858886719,41.37748336791992,20.705942153930664,34.58055877685547,123.1895523071289,46.591514587402344,107.7300033569336,103.87999725341797,219.3800048828125,859.8499755859375,50.599998474121094,40.5,61.310001373291016,69.95999908447266,58.91999816894531,96.76000213623047,29.790000915527344,74.25,391.4599914550781,54.2599983215332,164.75,157.67999267578125,230.10000610351562,58.86000061035156,71.68000030517578,101.75,74.30000305175781,21.899999618530273,43.88999938964844,188.9199981689453,133.60000610351562,28.309999465942383,156.3333282470703,117.75,420.1600036621094,57.0099983215332,65.5999984741211,46.470001220703125,24.65999984741211,37.58000183105469,133.0,55.15999984741211,108.25,105.9800033569336,219.8800048828125,875.3099975585938,50.762001037597656,40.66999816894531,61.41999816894531,70.58000183105469,59.90999984741211,98.37999725341797,30.690000534057617,74.93000030517578,399.1600036621094,54.59000015258789,164.91000366210938,159.00999450683594,230.8300018310547,59.540000915527344,72.0,103.88999938964844,74.5,22.320999145507812,44.459999084472656,191.3699951171875,138.0,29.260000228881836,158.44667053222656,120.47000122070312,421.0899963378906,57.5,66.5,46.689998626708984,25.110000610351562,37.939998626708984,133.11000061035156,56.75,107.0999984741211,103.70999908447266,215.8699951171875,852.4099731445312,50.099998474121094,40.08000183105469,60.36000061035156,69.66000366210938,58.779998779296875,96.37000274658203,29.719999313354492,73.48999786376953,388.8299865722656,53.66999816894531,163.55999755859375,157.0,228.22999572753906,58.470001220703125,70.88999938964844,101.41000366210938,73.31999969482422,21.829999923706055,43.310001373291016,188.30999755859375,133.13999938964844,28.0,155.6266632080078,117.69000244140625,414.9700012207031,56.86000061035156,65.04000091552734,45.7400016784668,24.594999313354492,37.47999954223633,132.1300048828125,55.099998474121094,107.5,105.55999755859375,217.22999572753906,875.0999755859375,50.39699935913086,40.34000015258789,60.5099983215332,69.7699966430664,59.06999969482422,97.11000061035156,30.209999084472656,74.04000091552734,396.32000732421875,54.59000015258789,164.3000030517578,157.3800048828125,229.7100067138672,58.849998474121094,71.19000244140625,102.12999725341797,74.41000366210938,22.299999237060547,44.16999816894531,189.89999389648438,137.80999755859375,28.700000762939453,158.44667053222656,120.19000244140625,414.9700012207031,56.869998931884766,65.29000091552734,45.7400016784668,24.719999313354492,37.70000076293945,132.75999450683594,55.34000015258789,14157200,44528300,5659900,1670500,34470000,92746000,20447900,30768300,13741300,16006100,24716400,6397200,3843700,35359200,13419800,25581600,4480000,7621100,43406600,17485600,20449600,294503000,56370500,2850400,14550500,17376500,2426700,10722700,4534200,10014300,4780400,34912100,64459000,82987200,13541400,30000400
2021-09-20,89.19136047363281,101.55000305175781,185.1915740966797,803.1714477539062,45.11884689331055,34.96106719970703,49.85288619995117,57.02764129638672,48.11504364013672,78.24104309082031,22.545289993286133,56.9052734375,338.1011047363281,48.797821044921875,143.98777770996094,135.58091735839844,221.67855834960938,51.248046875,62.53971862792969,84.5746841430664,70.58154296875,21.068462371826172,34.51789474487305,154.9313201904297,120.173095703125,24.655736923217773,146.5895233154297,106.41326141357422,381.529541015625,45.14990997314453,54.149566650390625,40.78981399536133,20.073646545410156,33.77839279174805,121.9040756225586,45.34986114501953,106.4000015258789,101.55000305175781,215.11000061035156,840.739990234375,49.481998443603516,39.11000061035156,60.5,67.30000305175781,57.06999969482422,94.77999877929688,28.18000030517578,71.52999877929688,378.1300048828125,52.97999954223633,163.80999755859375,152.9600067138672,231.63999938964844,57.130001068115234,71.93000030517578,98.62999725341797,72.37000274658203,21.113000869750977,44.20000076293945,184.6699981689453,132.75999450683594,27.25,152.4633331298828,114.69999694824219,412.70001220703125,55.68000030517578,62.970001220703125,45.810001373291016,23.6200008392334,36.54999923706055,131.14999389648438,53.689998626708984,107.48999786376953,102.51000213623047,219.85000610351562,845.489990234375,50.29999923706055,39.459999084472656,61.380001068115234,68.16999816894531,58.0099983215332,95.25,28.829999923706055,72.91000366210938,380.8599853515625,53.5,165.1699981689453,154.55999755859375,232.72999572753906,58.310001373291016,72.61000061035156,99.25,72.76000213623047,21.433000564575195,44.650001525878906,185.0399932861328,133.1199951171875,27.709999084472656,153.5933380126953,116.01000213623047,419.29998779296875,55.779998779296875,64.18000030517578,45.869998931884766,23.905000686645508,36.689998626708984,132.32000732421875,54.16999816894531,105.55999755859375,99.51000213623047,214.27999877929688,829.7000122070312,48.84400177001953,38.36000061035156,60.15999984741211,65.97000122070312,56.29999923706055,93.30999755859375,27.399999618530273,70.41000366210938,372.5,52.31999969482422,162.1699981689453,150.49000549316406,227.2899932861328,56.08000183105469,71.12000274658203,96.87000274658203,71.19000244140625,20.66200065612793,43.38999938964844,181.67999267578125,130.61000061035156,26.709999084472656,150.21665954589844,113.55000305175781,408.7200012207031,54.59000015258789,61.86000061035156,44.84000015258789,23.235000610351562,36.029998779296875,130.00999450683594,52.959999084472656,106.0999984741211,101.58000183105469,218.3800048828125,838.8800048828125,49.900001525878906,39.380001068115234,60.63999938964844,68.05000305175781,57.4900016784668,94.63999938964844,28.43000030517578,71.87999725341797,377.82000732421875,53.209999084472656,163.47999572753906,153.88999938964844,228.08999633789062,57.099998474121094,71.16000366210938,98.75,72.5999984741211,21.145999908447266,43.38999938964844,183.72999572753906,131.47000122070312,27.3700008392334,153.0,115.19999694824219,416.9200134277344,55.439998626708984,63.54999923706055,45.029998779296875,23.774999618530273,36.59000015258789,131.02999877929688,53.779998779296875,7103400,45228400,3293000,1122600,30105000,67566200,15426800,36955400,10001800,15796100,14190300,5227600,3834500,35051900,7270800,15819900,2803400,6919800,15989400,15443800,23228300,349440000,41873000,2406200,9647100,10708200,3124800,8991000,2799800,8945100,3801900,30603100,85660000,95008800,17245000,27555100
2021-09-21,89.82006072998047,102.81999969482422,185.4067840576172,816.5364379882812,45.097740173339844,34.97895050048828,49.71280288696289,56.722591400146484,50.02042007446289,78.29881286621094,22.793302536010742,57.44622802734375,336.0534973144531,48.69650650024414,144.62066650390625,135.59864807128906,220.2718048095703,51.88494873046875,62.57449722290039,84.29171752929688,70.35720825195312,21.201181411743164,34.299232482910156,154.34405517578125,119.25885009765625,24.366199493408203,147.02224731445312,106.65447998046875,381.1966247558594,46.30135726928711,54.45054626464844,40.82542037963867,20.12038803100586,33.732173919677734,122.0899658203125,45.30763244628906,107.1500015258789,102.81999969482422,215.36000061035156,854.72998046875,49.0989990234375,39.130001068115234,60.33000183105469,66.94000244140625,59.33000183105469,94.8499984741211,28.489999771118164,72.20999908447266,375.8399963378906,52.869998931884766,164.52999877929688,152.97999572753906,230.1699981689453,57.84000015258789,71.97000122070312,98.30000305175781,72.13999938964844,21.246000289916992,43.91999816894531,183.97000122070312,131.75,26.93000030517578,152.913330078125,114.95999908447266,412.3399963378906,57.099998474121094,63.31999969482422,45.849998474121094,23.674999237060547,36.5,131.35000610351562,53.63999938964844,107.41000366210938,103.43000030517578,218.10000610351562,862.3699951171875,49.375,39.599998474121094,61.130001068115234,67.73999786376953,59.83000183105469,95.88999938964844,28.90999984741211,73.16000366210938,381.5,53.45000076293945,165.97999572753906,154.5500030517578,233.72000122070312,58.36000061035156,72.68000030517578,99.7300033569336,73.12999725341797,21.424999237060547,44.72999954223633,186.8300018310547,133.91000366210938,27.780000686645508,154.05999755859375,115.87000274658203,418.7799987792969,57.459999084472656,64.13999938964844,46.36000061035156,24.024999618530273,36.91999816894531,132.6999969482422,54.5099983215332,106.19999694824219,101.18000030517578,214.36000061035156,844.489990234375,48.70000076293945,38.939998626708984,60.310001373291016,66.5199966430664,57.720001220703125,94.02999877929688,27.809999465942383,71.37999725341797,374.0799865722656,52.83000183105469,164.24000549316406,152.5800018310547,229.74000549316406,56.66999816894531,71.7699966430664,97.94999694824219,71.66000366210938,20.950000762939453,43.849998474121094,183.9499969482422,131.27999877929688,26.639999389648438,151.52333068847656,114.55000305175781,412.2099914550781,55.880001068115234,62.27000045776367,45.72999954223633,23.424999237060547,36.40999984741211,131.3300018310547,53.25,106.25,102.1500015258789,215.7100067138672,860.0,49.3489990234375,39.27000045776367,60.540000915527344,67.6500015258789,58.470001220703125,95.56999969482422,28.81999969482422,72.5,380.8500061035156,53.20000076293945,164.61000061035156,153.52999877929688,232.05999755859375,58.040000915527344,72.4800033569336,99.43000030517578,72.91999816894531,21.41699981689453,44.25,185.60000610351562,133.58999633789062,27.610000610351562,153.60333251953125,115.6500015258789,415.010009765625,56.119998931884766,63.83000183105469,45.97999954223633,23.899999618530273,36.779998779296875,131.75,54.369998931884766,6400400,35481500,2112100,905700,16935000,38271100,10157700,21169900,13923100,10958400,11105200,3871000,2377300,17968900,6663600,8999900,2172800,4525200,11995900,8985600,16026800,204688000,23645600,1242700,6175300,10499100,2214000,8182200,2382200,10332300,3019400,23049100,51323400,45837600,11741800,19696800
2021-09-22,89.19976043701172,104.37999725341797,183.926025390625,826.0991821289062,45.9794921875,35.881797790527344,49.564476013183594,57.824161529541016,52.49068069458008,80.60195922851562,24.353397369384766,59.34758377075195,344.6640319824219,49.27676773071289,144.09324645996094,138.19573974609375,218.4822235107422,53.7418212890625,62.63536071777344,86.43543243408203,72.1419906616211,21.89471435546875,34.322662353515625,157.4481964111328,120.39937591552734,24.56525421142578,150.07330322265625,107.4987564086914,377.8316345214844,46.966278076171875,56.1703987121582,41.92063903808594,20.740779876708984,34.295921325683594,122.2944564819336,46.63374710083008,106.41000366210938,104.37999725341797,213.63999938964844,864.739990234375,50.058998107910156,40.13999938964844,60.150001525878906,68.23999786376953,62.2599983215332,97.63999938964844,30.440000534057617,74.5999984741211,385.4700012207031,53.5,163.92999267578125,155.91000366210938,228.3000030517578,59.90999984741211,72.04000091552734,100.80000305175781,73.97000122070312,21.94099998474121,43.95000076293945,187.6699981689453,133.00999450683594,27.149999618530273,156.086669921875,115.87000274658203,408.70001220703125,57.91999816894531,65.31999969482422,47.08000183105469,24.405000686645508,37.11000061035156,131.57000732421875,55.209999084472656,107.58000183105469,104.55999755859375,216.55999755859375,871.6500244140625,50.29999923706055,40.52000045776367,60.65999984741211,69.16999816894531,62.88999938964844,98.77999877929688,30.84000015258789,75.33000183105469,389.2900085449219,53.869998931884766,165.9499969482422,157.25,231.02999877929688,60.72999954223633,72.41000366210938,101.81999969482422,74.58000183105469,21.959999084472656,44.38999938964844,188.97999572753906,133.49000549316406,27.809999465942383,156.44667053222656,116.23999786376953,412.0,58.91999816894531,66.6500015258789,47.689998626708984,24.690000534057617,37.369998931884766,132.22999572753906,55.90999984741211,105.93000030517578,102.20999908447266,213.4600067138672,849.4600219726562,49.22200012207031,39.75,60.04999923706055,67.79000091552734,60.209999084472656,96.23999786376953,29.209999084472656,72.76000213623047,379.7099914550781,53.0,163.6300048828125,155.10000610351562,227.5800018310547,58.5099983215332,71.86000061035156,99.43000030517578,72.63999938964844,21.195999145507812,43.83000183105469,185.89999389648438,131.97999572753906,27.1200008392334,153.55332946777344,114.91000366210938,404.94000244140625,57.72999954223633,64.20999908447266,46.470001220703125,24.075000762939453,36.880001068115234,130.94000244140625,54.369998931884766,107.01000213623047,102.81999969482422,216.55999755859375,851.8300170898438,49.42499923706055,39.75,60.5,67.88999938964844,60.209999084472656,96.23999786376953,29.229999542236328,72.76000213623047,380.79998779296875,53.400001525878906,165.35000610351562,155.1999969482422,230.0,58.810001373291016,72.33000183105469,99.43000030517578,73.04000091552734,21.365999221801758,43.9900016784668,185.9499969482422,132.58999633789062,27.510000228881836,154.11666870117188,115.2300033569336,404.94000244140625,57.880001068115234,64.20999908447266,46.4900016784668,24.075000762939453,36.959999084472656,131.74000549316406,54.43000030517578,6319100,34126300,2542800,669400,20610000,46261400,9661300,21160200,15753000,13292800,15922200,4775400,2991300,18594100,5657100,11236200,2529600,7604000,9028700,9497700,16996100,268726000,22616700,1309200,5163000,10547600,1309200,5345600,3629400,8715700,4729300,29430700,79252200,58347800,11964100,25690600
2021-09-23,89.99609375,106.1500015258789,185.13990783691406,840.4671630859375,46.32025909423828,37.267364501953125,49.96000671386719,60.06119918823242,53.71315383911133,82.59968566894531,26.241497039794922,61.15346908569336,350.3775939941406,49.76493453979492,144.91073608398438,142.86695861816406,222.1953582763672,55.43722915649414,63.51350021362305,88.79357147216797,72.21026611328125,22.4345760345459,34.510093688964844,162.43167114257812,121.21406555175781,26.130552291870117,152.07318115234375,107.79562377929688,377.2122497558594,48.077186584472656,57.761253356933594,42.561737060546875,21.4674129486084,35.13691711425781,123.17745208740234,48.2132682800293,107.36000061035156,106.1500015258789,215.0500030517578,879.780029296875,50.43000030517578,41.689998626708984,60.630001068115234,70.87999725341797,63.709999084472656,100.05999755859375,32.79999923706055,76.87000274658203,391.8599853515625,54.029998779296875,164.86000061035156,161.17999267578125,232.17999267578125,61.79999923706055,73.05000305175781,103.55000305175781,74.04000091552734,22.48200035095215,44.189998626708984,193.61000061035156,133.91000366210938,28.8799991607666,158.1666717529297,116.19000244140625,408.0299987792969,59.290000915527344,67.16999816894531,47.79999923706055,25.260000228881836,38.02000045776367,132.52000427246094,57.08000183105469,108.2699966430664,106.86000061035156,215.55999755859375,888.719970703125,50.729000091552734,41.880001068115234,61.34000015258789,71.38999938964844,64.12000274658203,100.2699966430664,32.91999816894531,77.05000305175781,393.739990234375,54.29999923706055,165.77000427246094,161.7100067138672,234.1999969482422,61.91999816894531,74.04000091552734,103.98999786376953,74.79000091552734,22.53499984741211,44.720001220703125,195.0,135.16000366210938,29.1299991607666,158.6666717529297,116.97000122070312,414.8500061035156,59.630001068115234,67.33999633789062,48.16999816894531,25.334999084472656,38.20000076293945,133.2899932861328,57.2400016784668,106.6500015258789,103.88999938964844,212.3000030517578,877.260009765625,50.058998107910156,40.650001525878906,60.220001220703125,69.0,62.25,97.75,30.489999771118164,74.4800033569336,388.17999267578125,53.599998474121094,164.14999389648438,157.6699981689453,229.00999450683594,59.7599983215332,72.56999969482422,101.5999984741211,73.25,21.889999389648438,44.150001525878906,189.44000244140625,133.22000122070312,27.229999542236328,156.26333618164062,115.58999633789062,407.510009765625,58.4900016784668,65.18000030517578,47.15999984741211,24.424999237060547,37.40999984741211,131.77000427246094,55.279998779296875,106.98999786376953,104.88999938964844,212.50999450683594,877.3900146484375,50.250999450683594,40.7599983215332,60.400001525878906,69.20999908447266,62.25,98.23999786376953,30.579999923706055,74.91999816894531,390.3900146484375,53.75,164.39999389648438,158.0,229.3000030517578,59.95000076293945,72.68000030517578,101.76000213623047,73.61000061035156,22.139999389648438,44.279998779296875,189.44000244140625,133.75,27.31999969482422,156.82666015625,116.97000122070312,409.79998779296875,58.59000015258789,65.44999694824219,47.459999084472656,24.540000915527344,37.470001220703125,131.8699951171875,55.41999816894531,5847800,32816700,2181500,744500,18370000,49779800,9393700,21451500,11886800,10094900,15590400,3893800,2518000,16474300,4697900,12336100,1912300,5851900,12813500,6087900,17304500,248555000,19719200,1312200,5918900,13562300,2407200,5484700,2681600,8216800,3373800,21852800,49734200,71805000,10366500,23069400
2021-09-24,89.75300598144531,105.80000305175781,183.90016174316406,829.996826171875,46.37721252441406,37.66963195800781,49.63039779663086,60.315406799316406,54.81760025024414,83.04545593261719,26.4735164642334,62.131980895996094,349.4745788574219,49.939937591552734,144.4712677001953,144.5156707763672,221.71685791015625,55.517974853515625,64.0003890991211,88.24475860595703,72.22001647949219,22.0344181060791,34.314849853515625,163.17835998535156,121.18690490722656,26.248178482055664,151.898681640625,107.28535461425781,376.333984375,48.482627868652344,58.15681457519531,42.66857147216797,21.62888526916504,35.321754455566406,122.67552947998047,48.644046783447266,107.06999969482422,105.80000305175781,213.61000061035156,868.8200073242188,50.492000579833984,42.13999938964844,60.22999954223633,71.18000030517578,65.0199966430664,100.5999984741211,33.09000015258789,78.0999984741211,390.8500061035156,54.220001220703125,164.36000061035156,163.0399932861328,231.67999267578125,61.88999938964844,73.61000061035156,102.91000366210938,74.05000305175781,22.08099937438965,43.939998626708984,194.5,133.8800048828125,29.010000228881836,157.60000610351562,115.63999938964844,407.0799865722656,59.790000915527344,67.62999725341797,47.91999816894531,25.450000762939453,38.220001220703125,131.97999572753906,57.59000015258789,108.05000305175781,106.05000305175781,215.52999877929688,873.3599853515625,50.54999923706055,42.34000015258789,61.099998474121094,71.58000183105469,65.69000244140625,100.97000122070312,33.34000015258789,78.87000274658203,392.489990234375,54.41999816894531,165.64999389648438,163.58999633789062,235.38999938964844,62.279998779296875,74.62999725341797,104.12999725341797,74.5,22.14900016784668,44.40999984741211,196.25,134.5500030517578,29.3700008392334,157.93666076660156,116.55999755859375,407.8900146484375,60.31999969482422,67.9800033569336,48.56999969482422,25.579999923706055,38.349998474121094,132.7899932861328,57.81999969482422,106.44000244140625,104.68000030517578,213.1999969482422,865.1199951171875,50.08300018310547,41.650001525878906,60.16999816894531,70.70999908447266,63.540000915527344,99.6500015258789,32.2599983215332,76.0199966430664,388.6000061035156,53.72999954223633,163.88999938964844,160.82000732421875,231.33999633789062,61.0099983215332,73.3499984741211,102.80999755859375,73.06999969482422,21.861000061035156,43.810001373291016,193.50999450683594,132.8000030517578,28.56999969482422,156.3333282470703,115.52999877929688,405.2300109863281,59.27000045776367,66.37000274658203,47.72999954223633,25.075000762939453,37.939998626708984,131.6999969482422,56.68000030517578,106.87000274658203,105.19000244140625,214.75,867.3599853515625,50.22700119018555,41.720001220703125,60.5,70.70999908447266,63.790000915527344,99.6500015258789,32.400001525878906,76.29000091552734,390.4700012207031,53.779998779296875,164.75,161.44000244140625,232.77000427246094,61.34000015258789,73.58999633789062,103.38999938964844,73.30000305175781,22.06999969482422,44.06999969482422,193.61000061035156,133.11000061035156,28.709999084472656,156.5833282470703,116.0,406.94000244140625,59.400001525878906,66.45999908447266,47.779998779296875,25.125,37.9900016784668,132.3000030517578,56.70000076293945,5836100,26482600,1908600,510400,10605000,39042300,9541700,15788400,11128300,8225300,10329400,5126200,1789700,12976200,4399300,10102400,1642500,3860900,14714700,5529300,14804300,217655000,16150700,1195400,4554600,7414100,1191900,4455900,1950400,4770700,2297900,20384700,55503000,48066100,6962600,22328600
2021-09-27,90.29788970947266,108.16000366210938,183.46969604492188,797.9841918945312,46.370784759521484,38.67081832885742,49.30902862548828,61.23055648803711,56.2424201965332,85.00192260742188,28.001604080200195,65.08345031738281,357.486083984375,50.3452033996582,143.4252166748047,148.00796508789062,216.66390991210938,56.59442138671875,63.783042907714844,90.12269592285156,73.32210540771484,21.614307403564453,34.02589416503906,167.96044921875,120.8248062133789,27.315837860107422,151.52926635742188,107.75850677490234,374.66070556640625,49.544891357421875,60.865596771240234,42.34803771972656,22.398008346557617,35.802310943603516,120.92809295654297,50.08841323852539,107.72000122070312,108.16000366210938,213.11000061035156,835.3099975585938,50.48500061035156,43.2599983215332,59.84000015258789,72.26000213623047,66.70999908447266,102.97000122070312,35.0,81.80999755859375,399.80999755859375,54.65999984741211,163.1699981689453,166.97999572753906,226.39999389648438,63.09000015258789,73.36000061035156,105.0999984741211,75.18000030517578,21.65999984741211,43.56999969482422,200.1999969482422,133.47999572753906,30.190000534057617,157.21665954589844,116.1500015258789,405.2699890136719,61.099998474121094,70.77999877929688,47.560001373291016,26.354999542236328,38.7400016784668,130.10000610351562,59.29999923706055,108.63999938964844,108.44000244140625,214.9499969482422,847.8800048828125,50.582000732421875,43.43000030517578,60.720001220703125,72.61000061035156,66.94999694824219,103.77999877929688,35.09000015258789,82.41000366210938,401.0,54.869998931884766,164.36000061035156,167.39999389648438,231.05999755859375,63.79999923706055,74.2699966430664,105.76000213623047,75.87999725341797,21.798999786376953,44.130001068115234,200.4600067138672,134.0399932861328,30.639999389648438,157.8333282470703,116.56999969482422,412.1499938964844,61.33000183105469,71.7699966430664,48.939998626708984,26.459999084472656,38.849998474121094,131.75999450683594,59.79999923706055,107.0199966430664,103.44000244140625,212.6999969482422,833.0499877929688,49.737998962402344,42.63999938964844,59.790000915527344,71.75,65.80000305175781,102.58999633789062,33.91999816894531,80.29000091552734,395.17999267578125,53.81999969482422,162.85000610351562,164.61000061035156,225.61000061035156,62.790000915527344,73.33999633789062,103.83000183105469,73.51000213623047,21.325000762939453,43.5099983215332,197.25,132.02000427246094,29.760000228881836,154.99000549316406,115.01000213623047,404.9599914550781,60.439998626708984,68.87000274658203,46.15999984741211,25.975000381469727,38.4900016784668,129.82000732421875,58.81999969482422,107.12999725341797,105.06999969482422,213.25,843.280029296875,49.97800064086914,42.68000030517578,60.11000061035156,71.8499984741211,66.69999694824219,102.58999633789062,34.0,80.44999694824219,396.5799865722656,53.939998626708984,164.0,165.0,229.97000122070312,62.9900016784668,73.51000213623047,103.8499984741211,73.6500015258789,21.709999084472656,43.91999816894531,197.6300048828125,132.42999267578125,29.799999237060547,155.913330078125,115.69999694824219,407.8299865722656,60.47999954223633,69.11000061035156,48.380001068115234,26.010000228881836,38.560001373291016,131.60000610351562,58.849998474121094,4969600,51944300,1943000,1063900,9831000,49755400,8231800,19857500,13508700,12697500,17222100,5002000,2788500,13899900,5775500,13220900,2785900,7532900,8630600,8195200,18435200,245215000,19955900,1696900,4319500,13469000,1339800,5198800,2608600,5388200,5049600,48927500,81697400,58794500,11631400,32972200
2021-09-28,89.9793472290039,101.5199966430664,182.74655151367188,745.30810546875,45.100494384765625,38.5814323425293,49.30902862548828,60.47639465332031,57.16139221191406,85.32384490966797,28.105609893798828,65.0197982788086,348.2674865722656,49.73731231689453,143.1088104248047,147.2102508544922,212.07037353515625,56.07413864135742,63.74825668334961,87.4987564086914,71.29348754882812,20.655336380004883,33.61199951171875,165.87977600097656,117.58424377441406,27.96729278564453,145.60166931152344,103.81556701660156,368.5129089355469,48.99348831176758,61.20095443725586,40.88775634765625,22.47449493408203,35.210845947265625,118.85531616210938,50.61210250854492,107.33999633789062,101.5199966430664,212.27000427246094,780.1699829101562,49.10200119018555,43.15999984741211,59.84000015258789,71.37000274658203,67.80000305175781,103.36000061035156,35.130001068115234,81.7300033569336,389.5,54.0,162.80999755859375,166.0800018310547,221.60000610351562,62.5099983215332,73.31999969482422,102.04000091552734,73.0999984741211,20.698999404907227,43.040000915527344,197.72000122070312,129.89999389648438,30.90999984741211,151.06666564941406,111.9000015258789,398.6199951171875,60.41999816894531,71.16999816894531,45.91999816894531,26.44499969482422,38.099998474121094,127.87000274658203,59.91999816894531,108.62000274658203,107.6500015258789,214.75999450683594,799.3400268554688,50.14500045776367,44.040000915527344,60.22999954223633,73.27999877929688,68.63999938964844,104.88999938964844,35.970001220703125,83.4800033569336,404.2099914550781,54.59000015258789,163.91000366210938,169.3000030517578,226.39999389648438,63.939998626708984,73.81999969482422,105.94999694824219,74.98999786376953,21.41900062561035,43.279998779296875,202.17999267578125,132.74000549316406,31.579999923706055,155.14332580566406,115.04000091552734,404.0,61.65999984741211,72.93000030517578,47.029998779296875,26.915000915527344,38.91999816894531,129.27000427246094,60.47999954223633,107.04000091552734,101.41999816894531,211.64999389648438,773.0700073242188,49.05400085449219,43.060001373291016,59.380001068115234,71.23999786376953,67.16999816894531,102.87999725341797,34.86000061035156,81.33000183105469,388.3900146484375,53.959999084472656,161.77000427246094,165.66000366210938,220.1999969482422,62.31999969482422,72.66000366210938,101.72000122070312,73.05999755859375,20.650999069213867,42.43000030517578,197.05999755859375,129.6999969482422,30.65999984741211,151.06666564941406,111.8499984741211,397.0199890136719,60.310001373291016,70.98999786376953,45.06999969482422,26.385000228881836,38.040000915527344,127.43000030517578,59.5099983215332,107.62000274658203,106.83999633789062,212.3000030517578,794.8400268554688,49.70000076293945,43.43000030517578,59.880001068115234,72.47000122070312,67.55000305175781,103.91000366210938,35.529998779296875,82.95999908447266,400.45001220703125,54.18000030517578,163.10000610351562,167.6999969482422,226.38999938964844,63.84000015258789,73.55000305175781,104.2699966430664,74.5,21.214000701904297,43.06999969482422,200.66000366210938,131.75,30.809999465942383,154.24667358398438,114.33000183105469,402.6000061035156,61.310001373291016,71.94999694824219,47.0099983215332,26.604999542236328,38.72999954223633,129.27000427246094,59.900001525878906,6445600,74469000,2919000,2390100,20124000,60781200,10812500,20835000,14995200,15560800,15516900,5830500,2609000,24691300,7610400,13387900,3583300,6093500,11836200,14183500,27311500,343069000,28512200,1973900,8851700,19922800,5448000,9792300,3115400,7223100,4656700,49349100,132975200,96152700,17433400,37619300
2021-09-29,91.23674774169922,100.3499984741211,185.01072692871094,716.8875732421875,44.959041595458984,38.500972747802734,49.951759338378906,60.61199188232422,57.36372756958008,85.299072265625,28.60163116455078,65.68806457519531,344.1454772949219,49.2675666809082,144.17237854003906,147.094970703125,220.45361328125,55.55384826660156,65.28717803955078,85.36358642578125,69.86956024169922,20.473716735839844,33.99466323852539,165.6448974609375,117.02303314208984,27.442514419555664,143.30462646484375,103.55580139160156,370.16778564453125,49.23862075805664,60.461429595947266,41.87611770629883,22.47449493408203,35.23857116699219,119.79411315917969,50.57832336425781,108.83999633789062,100.3499984741211,214.89999389648438,750.4199829101562,48.948001861572266,43.06999969482422,60.619998931884766,71.52999877929688,68.04000091552734,103.33000183105469,35.75,82.56999969482422,384.8900146484375,53.4900016784668,164.02000427246094,165.9499969482422,230.36000061035156,61.93000030517578,75.08999633789062,99.55000305175781,71.63999938964844,20.517000198364258,43.529998779296875,197.44000244140625,129.27999877929688,30.329999923706055,148.68333435058594,111.62000274658203,400.4100036621094,60.2599983215332,70.30999755859375,47.029998779296875,26.44499969482422,38.130001068115234,128.8800048828125,59.880001068115234,109.58000183105469,102.66000366210938,216.8000030517578,786.22998046875,49.426998138427734,43.31999969482422,60.939998626708984,71.81999969482422,68.4800033569336,104.23999786376953,36.040000915527344,83.5999984741211,392.3900146484375,54.04999923706055,164.66000366210938,166.89999389648438,231.44000244140625,62.68000030517578,75.69999694824219,101.61000061035156,73.31999969482422,21.017000198364258,43.689998626708984,199.0500030517578,131.4499969482422,30.959999084472656,151.84666442871094,112.8499984741211,401.8500061035156,60.65999984741211,71.0999984741211,47.150001525878906,26.610000610351562,38.29999923706055,129.47999572753906,60.189998626708984,107.4800033569336,99.80999755859375,211.85000610351562,749.1199951171875,48.76499938964844,42.7400016784668,59.900001525878906,70.9800033569336,66.61000061035156,102.33999633789062,34.540000915527344,80.4800033569336,384.29998779296875,53.18000030517578,162.77999877929688,165.0399932861328,224.55999755859375,61.7400016784668,73.58000183105469,99.11000061035156,70.22000122070312,20.466999053955078,43.08000183105469,196.89999389648438,128.88999938964844,30.139999389648438,148.39332580566406,111.0199966430664,395.79998779296875,59.630001068115234,69.66000366210938,45.93000030517578,26.094999313354492,37.95000076293945,128.17999267578125,59.04999923706055,107.8499984741211,102.30000305175781,212.5,785.0,49.362998962402344,43.18000030517578,59.900001525878906,71.69000244140625,67.62999725341797,103.20999908447266,34.9900016784668,81.70999908447266,390.67999267578125,54.0,163.0,166.2100067138672,225.41000366210938,62.68000030517578,73.61000061035156,101.08000183105469,71.16000366210938,20.940000534057617,43.220001220703125,198.52999877929688,130.58999633789062,30.959999084472656,151.40333557128906,112.30000305175781,397.0,60.0,71.08000183105469,46.45000076293945,26.420000076293945,38.220001220703125,128.44000244140625,59.84000015258789,6270100,52224700,1900800,2216000,15783000,44260200,9043300,13683900,10563700,10268100,13299100,4809400,1955000,20514300,5124100,7777100,3971000,4963200,16054500,11543000,38169200,218394000,18037200,1955400,7037200,13176500,6776400,6522400,2056300,4934700,2821000,21730200,69894400,49882500,11171400,23422800
2021-09-30,90.42361450195312,102.9000015258789,183.07366943359375,711.8147583007812,44.54111862182617,37.94675064086914,49.15427017211914,59.468048095703125,57.13608932495117,83.74713897705078,28.409622192382812,63.85832595825195,338.0116882324219,49.07414245605469,141.9573211669922,145.091796875,221.11395263671875,55.446205139160156,65.3045654296875,83.44280242919922,69.32264709472656,20.672300338745117,33.588565826416016,164.13479614257812,116.75148010253906,26.818201065063477,143.2467803955078,103.58363342285156,361.2281799316406,48.56858444213867,60.68501281738281,41.32406234741211,22.134553909301758,34.68407440185547,118.32549285888672,49.68297576904297,107.87000274658203,102.9000015258789,212.64999389648438,745.1099853515625,48.49300003051758,42.45000076293945,59.16999816894531,70.18000030517578,67.7699966430664,101.44999694824219,35.5099983215332,80.2699966430664,378.0299987792969,53.279998779296875,161.5,163.69000244140625,231.0500030517578,61.810001373291016,75.11000061035156,97.30999755859375,70.9800033569336,20.715999603271484,43.0099983215332,195.63999938964844,128.97999572753906,29.639999389648438,148.6233367919922,111.6500015258789,390.739990234375,59.439998626708984,70.56999969482422,46.40999984741211,26.045000076293945,37.529998779296875,127.30000305175781,58.81999969482422,110.41999816894531,104.44000244140625,216.6699981689453,762.3200073242188,49.45199966430664,43.349998474121094,60.56999969482422,71.69999694824219,68.88999938964844,103.44999694824219,35.90999984741211,82.38999938964844,388.0199890136719,53.97999954223633,165.39999389648438,166.99000549316406,237.16000366210938,63.029998779296875,76.6500015258789,100.37999725341797,72.5999984741211,21.06599998474121,44.04999923706055,198.91000366210938,131.0800018310547,30.350000381469727,151.07333374023438,113.3499984741211,403.489990234375,60.65999984741211,71.44000244140625,47.150001525878906,26.514999389648438,38.36000061035156,130.1199951171875,60.16999816894531,107.77999877929688,101.98999786376953,212.52000427246094,742.2899780273438,48.448001861572266,42.22999954223633,59.150001525878906,69.94999694824219,67.72000122070312,101.44999694824219,34.90999984741211,79.91000366210938,376.6199951171875,53.2599983215332,161.41000366210938,162.7899932861328,230.8000030517578,61.52000045776367,75.0999984741211,96.25,70.86000061035156,20.687999725341797,42.970001220703125,195.4499969482422,128.6999969482422,29.40999984741211,148.5833282470703,111.6500015258789,390.4599914550781,59.380001068115234,69.4000015258789,46.119998931884766,26.045000076293945,37.52000045776367,127.19000244140625,58.810001373291016,109.19999694824219,102.08000183105469,215.7899932861328,754.25,49.45199966430664,43.349998474121094,60.18000030517578,71.62999725341797,68.22000122070312,103.41999816894531,35.5,82.33999633789062,388.0,53.7599983215332,164.63999938964844,166.9199981689453,232.77999877929688,61.970001220703125,75.58000183105469,100.2300033569336,72.19999694824219,20.76799964904785,43.790000915527344,198.88999938964844,130.35000610351562,30.270000457763672,150.0933380126953,112.43000030517578,401.489990234375,60.619998931884766,70.33000183105469,47.13999938964844,26.3700008392334,38.349998474121094,129.30999755859375,60.119998931884766,7886400,57636700,2491900,1078800,15735000,47410800,11995500,22090900,15845900,15319800,15487000,6709300,2665700,20534100,6972300,13161200,3786100,6531900,16248600,12258400,16923300,221009000,21103300,1455300,6976800,13322800,4524900,6433400,3779900,5648600,4083300,22947500,89198800,73319300,21653100,31289600
2021-10-01,91.44629669189453,102.44999694824219,184.1670379638672,708.6622314453125,44.763397216796875,38.509918212890625,49.436710357666016,60.315406799316406,59.100502014160156,86.12459564208984,29.449684143066406,66.75409698486328,339.7730712890625,49.60835647583008,141.0519561767578,148.14096069335938,219.7167205810547,57.01603317260742,70.77342987060547,84.93484497070312,69.3324203491211,20.698246002197266,33.52609634399414,166.37478637695312,116.50707244873047,27.46965789794922,143.3399658203125,103.50010681152344,362.79046630859375,49.64716339111328,63.30778503417969,41.86721420288086,22.878177642822266,35.257057189941406,118.35337829589844,51.465213775634766,109.08999633789062,102.44999694824219,213.9199981689453,741.8099975585938,48.73500061035156,43.08000183105469,59.5099983215332,71.18000030517578,70.0999984741211,104.33000183105469,36.810001373291016,83.91000366210938,380.0,53.86000061035156,160.47000122070312,167.1300048828125,229.58999633789062,63.560001373291016,81.4000015258789,99.05000305175781,70.98999786376953,20.742000579833984,42.93000030517578,198.30999755859375,128.7100067138672,30.360000610351562,148.72000122070312,111.55999755859375,392.42999267578125,60.7599983215332,73.62000274658203,47.02000045776367,26.920000076293945,38.150001525878906,127.33000183105469,60.93000030517578,109.69000244140625,103.0,214.61000061035156,745.0,48.86600112915039,43.43000030517578,59.7599983215332,71.68000030517578,70.33000183105469,104.54000091552734,37.16999816894531,84.13999938964844,382.7200012207031,54.11000061035156,161.89999389648438,168.3000030517578,231.67999267578125,63.599998474121094,84.33999633789062,99.91000366210938,71.56999969482422,20.858999252319336,43.099998474121094,199.9600067138672,130.02000427246094,31.6299991607666,149.4933319091797,112.30000305175781,393.69000244140625,61.119998931884766,74.0,47.310001373291016,26.94499969482422,38.40999984741211,127.93000030517578,60.9900016784668,106.87000274658203,100.63999938964844,210.8000030517578,728.3699951171875,47.75,42.38999938964844,58.650001525878906,70.08999633789062,68.30999755859375,101.87999725341797,35.810001373291016,81.01000213623047,375.8500061035156,53.04999923706055,158.6199951171875,163.60000610351562,225.4499969482422,61.90999984741211,80.62999725341797,97.05999755859375,70.0999984741211,20.202999114990234,41.70000076293945,193.94000244140625,126.47000122070312,29.600000381469727,146.27667236328125,110.30000305175781,383.1199951171875,59.599998474121094,70.79000091552734,46.4900016784668,26.235000610351562,37.4900016784668,125.27999877929688,59.40999984741211,108.25,102.5999984741211,213.58999633789062,745.0,48.78499984741211,42.47999954223633,59.369998931884766,70.44000244140625,68.37999725341797,102.22000122070312,35.86000061035156,81.0999984741211,379.44000244140625,53.650001525878906,161.52999877929688,164.0,231.0,62.0,81.55999755859375,97.93000030517578,71.33999633789062,20.75,42.52000045776367,194.52999877929688,129.8000030517578,29.84000015258789,149.2133331298828,112.0,391.6000061035156,59.75,70.88999938964844,46.54999923706055,26.235000610351562,37.630001068115234,127.47000122070312,59.40999984741211,8611500,41491600,2629400,1180400,16052000,40987100,11188000,23701900,13482300,10854900,14253500,5179400,2382300,19895100,8568300,11285000,2215700,6868200,102497300,7912700,17813800,240978000,38483000,1501400,6863700,12079600,3114900,5315200,3146600,6334000,5098800,18021700,83312000,70444000,23188900,24407300
2021-10-04,91.14451599121094,100.33999633789062,182.03201293945312,681.0823364257812,43.71629333496094,38.742332458496094,48.954891204833984,60.408599853515625,60.272369384765625,86.44654083251953,31.009777069091797,68.73499298095703,334.5423889160156,49.249141693115234,139.95318603515625,147.98138427734375,215.1805877685547,56.5316276550293,72.25149536132812,83.30559539794922,68.97105407714844,19.690378189086914,33.12779998779297,166.19020080566406,114.6695556640625,27.940149307250977,139.64849853515625,101.14360046386719,357.7798156738281,49.45923614501953,64.51165771484375,41.86721420288086,23.25211524963379,34.95207595825195,116.55012512207031,52.13249588012695,108.7300033569336,100.33999633789062,211.44000244140625,712.9400024414062,47.595001220703125,43.34000015258789,58.93000030517578,71.29000091552734,71.48999786376953,104.72000122070312,38.7599983215332,86.4000015258789,374.1499938964844,53.470001220703125,159.22000122070312,166.9499969482422,224.85000610351562,63.02000045776367,83.0999984741211,97.1500015258789,70.62000274658203,19.73200035095215,42.41999816894531,198.08999633789062,126.68000030517578,30.8799991607666,144.88999938964844,109.0199966430664,387.010009765625,60.529998779296875,75.0199966430664,47.02000045776367,27.360000610351562,37.81999969482422,125.38999938964844,61.720001220703125,110.19999694824219,101.8499984741211,215.63999938964844,730.1599731445312,48.65599822998047,44.06999969482422,60.029998779296875,72.9800033569336,72.61000061035156,105.86000061035156,39.400001525878906,87.79000091552734,386.8699951171875,54.33000183105469,161.0,170.44000244140625,230.19000244140625,64.69000244140625,84.55999755859375,100.51000213623047,71.56999969482422,20.54199981689453,43.349998474121094,200.97999572753906,129.7899932861328,31.469999313354492,148.0399932861328,111.43000030517578,395.1499938964844,61.61000061035156,75.73999786376953,47.689998626708984,27.65999984741211,38.59000015258789,127.45999908447266,62.06999969482422,107.69000244140625,99.81999969482422,210.77000427246094,709.030029296875,47.27799987792969,43.06999969482422,58.849998474121094,70.8499984741211,70.62999725341797,104.11000061035156,37.439998626708984,84.62999725341797,372.82000732421875,53.08000183105469,157.6699981689453,165.72999572753906,224.22000122070312,62.88999938964844,82.41999816894531,96.97000122070312,70.36000061035156,19.55500030517578,42.209999084472656,196.42999267578125,125.91999816894531,30.649999618530273,144.44667053222656,108.5199966430664,384.760009765625,60.36000061035156,73.68000030517578,46.66999816894531,27.084999084472656,37.7599983215332,124.76000213623047,60.95000076293945,108.83999633789062,101.73999786376953,214.10000610351562,728.9000244140625,48.49300003051758,43.11000061035156,59.400001525878906,71.08000183105469,70.8499984741211,105.0,37.5,85.0,380.2099914550781,53.93000030517578,159.99000549316406,166.97000122070312,227.8000030517578,63.91999816894531,84.16999816894531,99.05000305175781,70.5999984741211,20.503999710083008,42.93000030517578,197.80999755859375,128.9199981689453,30.93000030517578,147.9499969482422,111.0,391.6199951171875,60.560001373291016,74.2300033569336,47.02000045776367,27.209999084472656,38.09000015258789,126.80999755859375,61.31999969482422,9779200,41967100,2856300,1663500,20093000,48273400,12532800,18957200,12423500,13305400,19176300,6252600,2895600,27353300,8620700,14120000,4784700,9084700,53553300,9482100,19525700,345635000,28906500,1334900,8470300,16285600,4161900,8514500,3074800,5305300,4074500,22315200,114815800,69772700,27580700,33946700
2021-10-05,91.79837036132812,101.80999755859375,182.39356994628906,700.1217651367188,44.58612823486328,39.52897644042969,49.13764953613281,61.45936584472656,60.47471237182617,87.38761138916016,32.06584167480469,69.29188537597656,344.96807861328125,49.69124984741211,140.2696533203125,150.39793395996094,220.99908447265625,56.73794937133789,70.94733428955078,85.06346893310547,68.8538589477539,20.407859802246094,33.04971694946289,168.20372009277344,115.4389419555664,27.67776107788086,141.76246643066406,101.36629486083984,363.71490478515625,50.08022689819336,63.892539978027344,42.704200744628906,23.38808822631836,35.63596725463867,117.24726104736328,52.04802322387695,109.51000213623047,101.80999755859375,211.86000061035156,732.8699951171875,48.54199981689453,44.220001220703125,59.150001525878906,72.52999877929688,71.7300033569336,105.86000061035156,40.08000183105469,87.0999984741211,385.80999755859375,53.95000076293945,159.5800018310547,168.66000366210938,230.92999267578125,63.25,81.5999984741211,99.19999694824219,70.5,20.451000213623047,42.31999969482422,200.49000549316406,127.52999877929688,30.59000015258789,147.0833282470703,109.26000213623047,393.42999267578125,61.290000915527344,74.30000305175781,47.959999084472656,27.520000457763672,38.560001373291016,126.13999938964844,61.619998931884766,110.58000183105469,102.87000274658203,213.99000549316406,742.6300048828125,48.979000091552734,44.75,59.68000030517578,72.93000030517578,72.86000061035156,107.7699966430664,40.2400016784668,89.4800033569336,388.2200012207031,54.34000015258789,161.11000061035156,170.13999938964844,232.55999755859375,64.33999633789062,83.38999938964844,99.7300033569336,71.20999908447266,20.648000717163086,42.790000915527344,202.16000366210938,128.77000427246094,31.690000534057617,148.10333251953125,110.3499984741211,396.010009765625,61.68000030517578,76.87999725341797,48.45000076293945,28.024999618530273,38.75,127.41999816894531,62.70000076293945,109.0999984741211,100.61000061035156,211.0800018310547,722.6199951171875,47.53300094604492,43.66999816894531,58.83000183105469,71.33000183105469,70.70999908447266,105.41999816894531,38.83000183105469,86.75,375.5,53.47999954223633,159.14999389648438,166.6699981689453,226.1699981689453,62.150001525878906,81.30000305175781,97.47000122070312,69.61000061035156,19.854000091552734,42.279998779296875,198.16000366210938,125.69000244140625,30.549999237060547,145.33999633789062,109.22000122070312,389.239990234375,60.4900016784668,72.91999816894531,47.349998474121094,27.235000610351562,37.959999084472656,125.7300033569336,61.02000045776367,109.38999938964844,100.91999816894531,211.2100067138672,725.0399780273438,47.59400177001953,43.77000045776367,58.86000061035156,71.76000213623047,72.0999984741211,106.04000091552734,39.31999969482422,87.7699966430664,378.1000061035156,53.54999923706055,159.86000061035156,167.2100067138672,226.44000244140625,63.40999984741211,82.77999877929688,98.22000122070312,71.20999908447266,19.950000762939453,42.529998779296875,199.47000122070312,126.12999725341797,31.260000228881836,145.5833282470703,109.80000305175781,389.3399963378906,60.93000030517578,76.13999938964844,47.5,27.75,38.099998474121094,125.9000015258789,62.52000045776367,7146900,31455200,2481900,1201500,16557000,54070700,11406200,15587200,11270100,13017300,19210500,6931000,2508100,18129400,5129000,12292900,2802000,7908100,28977800,8850300,14512100,279282000,19342600,1924900,9244300,12264600,3156000,8039600,3269400,5365100,4785300,20250500,98029600,56058400,19151800,29641600
2021-10-06,91.63910675048828,103.63999938964844,180.77505493164062,699.768310546875,44.89474868774414,39.5468635559082,49.17088317871094,61.36613464355469,60.54216003417969,86.61988830566406,30.94577407836914,68.8702392578125,346.970947265625,49.71887969970703,140.55972290039062,150.71897888183594,218.05157470703125,56.388099670410156,70.13005065917969,84.97769165039062,68.30693054199219,20.656335830688477,32.8154296875,168.4805908203125,115.91869354248047,27.089637756347656,142.3150634765625,101.44050598144531,364.4729919433594,50.210968017578125,64.8126449584961,42.624053955078125,23.141633987426758,35.67293167114258,117.0334701538086,51.093563079833984,109.31999969482422,103.63999938964844,209.97999572753906,732.5,48.87799835205078,44.2400016784668,59.189998626708984,72.41999816894531,71.80999755859375,104.93000030517578,38.68000030517578,86.56999969482422,388.04998779296875,53.97999954223633,159.91000366210938,169.02000427246094,227.85000610351562,62.86000061035156,80.66000366210938,99.0999984741211,69.94000244140625,20.700000762939453,42.02000045776367,200.82000732421875,128.05999755859375,29.940000534057617,147.6566619873047,109.33999633789062,394.25,61.45000076293945,75.37000274658203,47.869998931884766,27.229999542236328,38.599998474121094,125.91000366210938,60.4900016784668,109.66999816894531,103.72000122070312,212.0800018310547,734.7000122070312,48.935001373291016,44.290000915527344,59.22999954223633,72.61000061035156,72.11000061035156,105.3499984741211,39.779998779296875,87.05999755859375,389.54998779296875,54.06999969482422,159.9499969482422,169.10000610351562,230.85000610351562,63.400001525878906,81.68000030517578,99.45999908447266,70.37999725341797,20.719999313354492,42.20000076293945,201.0,128.27000427246094,30.540000915527344,147.77000427246094,109.5199966430664,394.7799987792969,61.5,75.83000183105469,48.09000015258789,27.3799991607666,38.630001068115234,126.0199966430664,61.119998931884766,108.1500015258789,100.3499984741211,208.97000122070312,719.010009765625,47.970001220703125,43.54999923706055,58.599998474121094,71.0199966430664,69.79000091552734,103.58000183105469,38.040000915527344,84.06999969482422,378.6600036621094,53.06999969482422,157.83999633789062,166.0,226.0500030517578,61.439998626708984,80.1500015258789,97.22000122070312,69.02999877929688,20.079999923706055,41.689998626708984,196.8000030517578,126.06999969482422,29.479999542236328,144.94332885742188,107.58000183105469,385.8399963378906,60.18000030517578,72.33000183105469,47.060001373291016,26.75,37.93000030517578,124.5,59.75,109.30000305175781,100.44999694824219,211.32000732421875,725.3800048828125,48.3129997253418,43.849998474121094,59.11000061035156,71.91999816894531,70.4000015258789,104.18000030517578,39.02000045776367,85.80000305175781,382.3800048828125,53.47999954223633,159.8699951171875,167.99000549316406,230.55999755859375,62.4900016784668,81.5,98.22000122070312,69.80000305175781,20.1200008392334,42.060001373291016,199.52000427246094,126.55000305175781,30.09000015258789,145.44667053222656,108.44000244140625,390.75,60.939998626708984,72.7699966430664,47.58000183105469,27.065000534057617,38.209999084472656,125.44000244140625,60.470001220703125,5710300,39071700,2928200,973000,12042000,47031700,9283400,15997200,10613500,10630100,16983600,5049100,2111800,20059600,7312600,8692600,2462700,9077700,17608000,6912700,17899300,297202000,30483800,1428500,8513700,12070700,3410700,7553600,2809200,5037100,4529400,17425700,100174800,63405900,21322100,25284900
2021-10-07,92.93841552734375,106.44999694824219,180.03465270996094,713.4484252929688,45.36685562133789,39.4395866394043,49.02134704589844,61.171241760253906,60.289249420166016,87.23900604248047,30.72175407409668,68.24971771240234,349.2688903808594,49.90309143066406,141.81666564941406,151.67312622070312,223.15235900878906,56.96220779418945,71.24295043945312,84.720458984375,68.89290618896484,21.03053855895996,33.37771224975586,169.30279541015625,115.71955871582031,28.066822052001953,143.979248046875,102.82286071777344,374.1337585449219,50.562320709228516,65.2684326171875,42.5261116027832,23.320106506347656,35.885501861572266,118.58573913574219,51.237152099609375,110.87000274658203,106.44999694824219,209.1199951171875,746.8200073242188,49.391998291015625,44.119998931884766,59.0099983215332,72.19000244140625,71.51000213623047,105.68000030517578,38.400001525878906,85.79000091552734,390.6199951171875,54.18000030517578,161.33999633789062,170.08999633789062,233.17999267578125,63.5,81.94000244140625,98.80000305175781,70.54000091552734,21.075000762939453,42.7400016784668,201.8000030517578,127.83999633789062,31.020000457763672,149.38333129882812,110.83000183105469,404.70001220703125,61.880001068115234,75.9000015258789,47.7599983215332,27.440000534057617,38.83000183105469,127.58000183105469,60.65999984741211,111.79000091552734,107.94999694824219,212.4499969482422,753.6699829101562,49.9900016784668,44.869998931884766,59.349998474121094,73.3499984741211,72.12999725341797,106.30000305175781,38.97999954223633,86.80000305175781,397.8500061035156,54.9900016784668,162.61000061035156,171.50999450683594,234.11000061035156,64.3499984741211,82.66999816894531,100.91999816894531,71.66999816894531,21.32200050354004,42.959999084472656,203.6300048828125,130.72000122070312,31.200000762939453,151.3633270263672,111.70999908447266,408.1700134277344,62.529998779296875,77.06999969482422,48.59000015258789,27.59000015258789,39.2400016784668,128.39999389648438,61.08000183105469,109.55999755859375,104.45999908447266,208.52999877929688,742.22998046875,49.26300048828125,44.029998779296875,58.369998931884766,72.05000305175781,70.61000061035156,105.22000122070312,37.52000045776367,85.06999969482422,389.760009765625,54.119998931884766,160.02000427246094,169.5399932861328,229.0,63.369998931884766,81.02999877929688,98.69000244140625,70.12000274658203,20.972000122070312,42.209999084472656,201.17999267578125,127.58999633789062,30.549999237060547,149.19332885742188,110.48999786376953,396.7099914550781,61.61000061035156,75.55000305175781,47.540000915527344,27.165000915527344,38.779998779296875,126.54000091552734,60.13999938964844,109.77999877929688,104.5999984741211,208.52999877929688,745.4099731445312,49.26300048828125,44.790000915527344,58.75,73.01000213623047,72.01000213623047,105.61000061035156,38.810001373291016,86.45999908447266,392.9100036621094,54.31999969482422,160.02000427246094,171.1999969482422,229.1199951171875,63.52000045776367,81.54000091552734,100.55999755859375,70.4000015258789,21.091999053955078,42.52000045776367,202.77999877929688,129.25999450683594,30.6299991607666,149.56333923339844,111.0,396.760009765625,62.0099983215332,75.7300033569336,48.2599983215332,27.299999237060547,39.0,126.77999877929688,60.61000061035156,7842600,41543100,3331700,1267500,13261000,46258800,13798200,15349900,11521300,8830900,14063200,4286200,2348000,20704400,5309200,10195400,2001800,6021800,14190500,7959600,15236100,256919000,19778300,1570600,8010600,15928000,1913400,7821900,2813700,5104900,3904400,19272300,77596200,53295600,15806400,19513600
2021-10-08,93.1982650756836,105.05999755859375,179.88833618164062,697.6378173828125,45.26857376098633,39.63624572753906,47.56756591796875,61.30682373046875,63.164180755615234,89.19544982910156,31.889822006225586,72.02059936523438,351.2270812988281,49.56230163574219,141.45626831054688,151.78907775878906,223.87966918945312,58.4512939453125,70.10395050048828,85.78376770019531,68.48271942138672,20.78705596923828,33.1512451171875,170.10818481445312,114.55187225341797,28.645893096923828,142.50460815429688,102.08993530273438,377.6097412109375,50.93001937866211,67.59020233154297,42.73981857299805,24.038230895996094,36.06108856201172,117.99085998535156,52.52103805541992,111.18000030517578,105.05999755859375,208.9499969482422,730.27001953125,49.28499984741211,44.34000015258789,57.2599983215332,72.3499984741211,74.91999816894531,108.05000305175781,39.86000061035156,90.52999877929688,392.80999755859375,53.810001373291016,160.92999267578125,170.22000122070312,233.94000244140625,65.16000366210938,80.62999725341797,100.04000091552734,70.12000274658203,20.83099937438965,42.45000076293945,202.75999450683594,126.55000305175781,31.65999984741211,147.85333251953125,110.04000091552734,408.4599914550781,62.33000183105469,78.5999984741211,48.0,28.28499984741211,39.02000045776367,126.94000244140625,62.18000030517578,111.75,107.27999877929688,210.17999267578125,749.739990234375,49.79999923706055,44.810001373291016,58.9900016784668,72.80999755859375,75.0999984741211,108.43000030517578,39.970001220703125,90.91000366210938,394.30999755859375,54.58000183105469,161.61000061035156,171.33999633789062,235.80999755859375,65.26000213623047,81.80000305175781,100.69000244140625,70.94000244140625,21.20599937438965,42.90999984741211,203.8699951171875,128.58999633789062,31.959999084472656,150.1133270263672,111.06999969482422,409.1199951171875,62.619998931884766,78.81999969482422,48.34000015258789,28.350000381469727,39.15999984741211,128.0,62.41999816894531,110.63999938964844,104.88999938964844,207.64999389648438,729.3300170898438,49.12799835205078,43.91999816894531,56.810001373291016,71.51000213623047,72.19000244140625,106.5999984741211,38.81999969482422,86.80000305175781,388.17999267578125,53.70000076293945,160.25,169.3000030517578,231.5500030517578,63.91999816894531,80.52999877929688,98.38999938964844,69.69999694824219,20.774999618530273,42.34000015258789,200.7100067138672,126.20999908447266,31.1200008392334,147.73333740234375,109.51000213623047,402.6400146484375,61.650001525878906,76.48999786376953,47.65999984741211,27.665000915527344,38.689998626708984,126.68000030517578,61.25,111.05000305175781,106.55000305175781,210.1300048828125,749.3599853515625,49.68199920654297,44.06999969482422,58.869998931884766,71.8499984741211,72.19000244140625,106.80999755859375,39.0,86.80000305175781,390.8299865722656,54.54999923706055,161.32000732421875,170.02000427246094,233.4199981689453,64.0199966430664,81.66999816894531,99.0199966430664,70.93000030517578,21.10099983215332,42.72999954223633,201.5500030517578,128.58999633789062,31.389999389648438,149.9199981689453,110.9800033569336,406.4100036621094,61.93000030517578,76.54000091552734,47.869998931884766,27.729999542236328,38.869998931884766,127.76000213623047,61.25,5019800,30623000,2349800,1039700,10279000,39389400,27249600,11960700,12310500,10586700,10952800,4848700,1446700,16068000,4343200,8190100,2563000,6424800,12121100,5301100,13666200,151258000,12778600,1021400,6920500,11854100,1672200,5143400,2012200,4554500,3476800,14295400,86200400,38607500,9552300,22186900
2021-10-11,92.49411010742188,104.68000030517578,177.95127868652344,689.6322021484375,45.22173309326172,39.135650634765625,47.70048904418945,60.73908996582031,62.36324691772461,88.43597412109375,31.56180763244629,71.72625732421875,344.45843505859375,49.22150802612305,140.85858154296875,148.5966796875,223.6212921142578,57.91307067871094,69.49533081054688,83.4256362915039,67.6037368774414,20.651344299316406,32.84666442871094,168.67356872558594,113.09451293945312,29.369728088378906,141.55044555664062,102.29402923583984,374.40179443359375,50.537811279296875,66.90228271484375,42.098716735839844,23.948999404907227,35.70065689086914,117.07064819335938,51.99734878540039,110.33999633789062,104.68000030517578,206.6999969482422,721.8900146484375,49.23400115966797,43.779998779296875,57.41999816894531,71.68000030517578,73.97000122070312,107.12999725341797,39.45000076293945,90.16000366210938,385.239990234375,53.439998626708984,160.25,166.63999938964844,233.6699981689453,64.55999755859375,79.93000030517578,97.29000091552734,69.22000122070312,20.69499969482422,42.060001373291016,201.0500030517578,124.94000244140625,32.459999084472656,146.8633270263672,110.26000213623047,404.989990234375,61.849998474121094,77.80000305175781,47.279998779296875,28.18000030517578,38.630001068115234,125.94999694824219,61.560001373291016,111.4000015258789,107.19999694824219,209.88999938964844,735.8300170898438,49.95899963378906,44.810001373291016,57.77000045776367,73.72000122070312,75.5199966430664,109.62999725341797,40.86000061035156,93.06999969482422,396.95001220703125,54.40999984741211,161.85000610351562,171.2899932861328,237.99000549316406,66.13999938964844,81.63999938964844,100.68000030517578,70.36000061035156,21.062999725341797,42.619998931884766,204.92999267578125,127.2300033569336,33.2400016784668,149.35333251953125,111.70999908447266,411.2200012207031,63.0,80.19000244140625,48.459999084472656,28.795000076293945,39.400001525878906,127.5,63.060001373291016,110.27999877929688,104.0199966430664,206.58999633789062,721.3599853515625,49.084999084472656,43.75,57.0099983215332,71.61000061035156,73.75,106.91999816894531,39.25,90.04000091552734,385.0199890136719,53.41999816894531,159.94000244140625,166.4600067138672,233.60000610351562,64.48999786376953,79.87000274658203,97.20999908447266,69.18000030517578,20.51099967956543,42.0099983215332,200.92999267578125,124.87999725341797,32.04999923706055,146.80999755859375,109.9000015258789,404.2099914550781,61.83000183105469,77.7699966430664,47.220001220703125,28.155000686645508,38.61000061035156,125.91000366210938,61.5,111.13999938964844,104.62000274658203,209.05999755859375,722.780029296875,49.124000549316406,44.599998474121094,57.31999969482422,72.69999694824219,75.12999725341797,109.55999755859375,40.65999984741211,92.30000305175781,392.8999938964844,53.810001373291016,160.86000061035156,170.8000030517578,236.6999969482422,66.0,81.63999938964844,100.08000183105469,69.9000015258789,20.575000762939453,42.45000076293945,203.69000244140625,126.05999755859375,32.290000915527344,147.26666259765625,110.08000183105469,408.0,62.779998779296875,80.0,48.20000076293945,28.709999084472656,39.11000061035156,126.83000183105469,63.029998779296875,4613800,31284400,1982200,702500,11186000,36283500,10741400,14985500,9585200,9794800,10102100,4611400,1787400,14398800,4101600,12154700,1892300,4832000,11279700,7003900,12700200,163388000,11984200,1420100,6288200,16941800,1532100,5318500,2164200,3713300,4028900,15387900,86021400,50748300,7843400,22121500
2021-10-12,91.01038360595703,105.04000091552734,173.81024169921875,692.6512451171875,44.573265075683594,38.92111587524414,47.401432037353516,59.857826232910156,61.89111328125,88.4525146484375,31.40180015563965,71.69444274902344,345.6118469238281,48.0517578125,138.60836791992188,147.4552764892578,222.76954650878906,58.07453536987305,69.19972229003906,83.84581756591797,65.16212463378906,20.62739372253418,32.68267059326172,170.56121826171875,111.29316711425781,29.7497501373291,139.783447265625,101.31062316894531,372.78399658203125,50.3825569152832,67.86539459228516,41.53776168823242,23.970243453979492,35.58975601196289,116.50365447998047,51.72705841064453,108.56999969482422,105.04000091552734,201.88999938964844,725.0499877929688,48.52799987792969,43.540000915527344,57.060001373291016,70.63999938964844,73.41000366210938,107.1500015258789,39.25,90.12000274658203,386.5299987792969,52.16999816894531,157.69000244140625,165.36000061035156,232.77999877929688,64.73999786376953,79.58999633789062,97.77999877929688,66.72000122070312,20.67099952697754,41.849998474121094,203.3000030517578,122.94999694824219,32.880001068115234,145.02999877929688,109.19999694824219,403.239990234375,61.65999984741211,78.91999816894531,46.650001525878906,28.204999923706055,38.5099983215332,125.33999633789062,61.2400016784668,110.26000213623047,106.04000091552734,207.55999755859375,734.0,49.66999816894531,44.0,58.84000015258789,71.94000244140625,74.61000061035156,107.58000183105469,40.22999954223633,91.94000244140625,388.5899963378906,53.720001220703125,160.17999267578125,166.69000244140625,235.07000732421875,65.3499984741211,80.18000030517578,98.72000122070312,69.43000030517578,21.05699920654297,42.209999084472656,203.89999389648438,125.47000122070312,33.459999084472656,148.0066680908203,111.02999877929688,408.3800048828125,62.13999938964844,79.68000030517578,47.529998779296875,28.475000381469727,38.77000045776367,126.4800033569336,61.97999954223633,108.16000366210938,104.33999633789062,200.47000122070312,722.4000244140625,48.20199966430664,43.27000045776367,56.81999969482422,70.44000244140625,73.0199966430664,106.16999816894531,38.7599983215332,89.37999725341797,381.0199890136719,52.0099983215332,157.33999633789062,164.77000427246094,231.97999572753906,64.25,79.25,96.69000244140625,65.66999816894531,20.527999877929688,41.65999984741211,200.02000427246094,122.16999816894531,32.220001220703125,144.4199981689453,108.55999755859375,402.30999755859375,61.18000030517578,77.68000030517578,46.52000045776367,28.010000228881836,38.40999984741211,125.02999877929688,60.849998474121094,110.12000274658203,105.16999816894531,207.42999267578125,734.0,49.58399963378906,43.66999816894531,57.52000045776367,71.54000091552734,74.13999938964844,106.98999786376953,39.459999084472656,89.81999969482422,386.2200012207031,53.56999969482422,160.0,165.75,234.6999969482422,64.5,80.18000030517578,97.29000091552734,69.38999938964844,20.827999114990234,42.15999984741211,200.38999938964844,125.37999725341797,32.45000076293945,147.7899932861328,110.47000122070312,405.1099853515625,61.689998626708984,77.79000091552734,47.290000915527344,28.125,38.58000183105469,126.3499984741211,61.56999969482422,6305800,34039900,3544000,868400,20991000,36898300,11736300,17593400,7635600,9085000,9319300,4565100,2088200,32784300,6686400,13032600,1719200,6470300,10945000,7913300,36911700,162134000,16222300,1864600,10531500,18377900,3201900,9294600,2415700,4108300,2567900,18995700,71038200,58527700,13007200,20198600
2021-10-13,90.97686004638672,109.16000366210938,175.29103088378906,711.1555786132812,44.548465728759766,38.56355285644531,47.409732818603516,59.53583908081055,61.73935317993164,88.98080444335938,31.193784713745117,71.92511749267578,345.4151611328125,48.13465118408203,139.9356231689453,143.56736755371094,226.2721405029297,58.5410041809082,68.64326477050781,84.52325439453125,64.8300552368164,20.894824981689453,32.34686279296875,169.2692108154297,113.18502044677734,29.64116859436035,140.58984375,102.03429412841797,373.0705871582031,50.21913146972656,67.19464111328125,41.003509521484375,23.948999404907227,35.38644027709961,116.68955993652344,51.583465576171875,108.52999877929688,109.16000366210938,203.61000061035156,744.4199829101562,48.500999450683594,43.13999938964844,57.06999969482422,70.26000213623047,73.2300033569336,107.79000091552734,38.9900016784668,90.41000366210938,386.30999755859375,52.2599983215332,159.1999969482422,161.0,236.44000244140625,65.26000213623047,78.94999694824219,98.56999969482422,66.37999725341797,20.93899917602539,41.41999816894531,201.75999450683594,125.04000091552734,32.7599983215332,145.86666870117188,109.9800033569336,403.54998779296875,61.459999084472656,78.13999938964844,46.04999923706055,28.18000030517578,38.290000915527344,125.54000091552734,61.06999969482422,109.04000091552734,109.87999725341797,204.88999938964844,749.4600219726562,48.53799819946289,43.63999938964844,57.38999938964844,70.58000183105469,73.76000213623047,108.33999633789062,39.369998931884766,91.58999633789062,388.3800048828125,52.58000183105469,160.0800018310547,165.41000366210938,237.9199981689453,65.41999816894531,79.66000366210938,99.18000030517578,67.41999816894531,20.989999771118164,41.90999984741211,202.88999938964844,126.31999969482422,32.93000030517578,146.77333068847656,110.05000305175781,405.30999755859375,61.63999938964844,78.68000030517578,46.56999969482422,28.325000762939453,38.540000915527344,126.11000061035156,61.38999938964844,108.0,106.25,202.10000610351562,740.0,47.95500183105469,42.33000183105469,56.65999984741211,68.73999786376953,71.45999908447266,106.4800033569336,38.04999923706055,88.02999877929688,378.6300048828125,51.869998931884766,157.75,160.60000610351562,232.8000030517578,63.70000076293945,78.77999877929688,96.68000030517578,66.2300033569336,20.71299934387207,40.939998626708984,198.25,123.5199966430664,31.899999618530273,145.38999938964844,108.94999694824219,398.1099853515625,60.189998626708984,76.91999816894531,45.220001220703125,27.684999465942383,37.7400016784668,124.7699966430664,60.209999084472656,108.58999633789062,106.27999877929688,202.82000732421875,743.1500244140625,48.117000579833984,43.54999923706055,57.060001373291016,70.55000305175781,72.44999694824219,106.7699966430664,38.58000183105469,88.98999786376953,388.0,52.380001068115234,157.82000732421875,164.07000732421875,234.07000732421875,64.30000305175781,79.58999633789062,98.12000274658203,66.73999786376953,20.917999267578125,41.75,202.63999938964844,125.19999694824219,32.459999084472656,146.0800018310547,109.31999969482422,403.3399963378906,61.47999954223633,78.16999816894531,46.56999969482422,28.0,38.5,125.55000305175781,60.779998779296875,5471100,55631900,3303300,1170000,16424000,43908000,9876200,23451900,8517500,9220700,7691400,4415900,2391600,18534000,6901100,22753500,2105700,5142200,9462600,10170900,17532400,180652000,28205700,1353700,12373800,12504100,1756500,7845100,3021800,5000800,3072800,24150300,57902600,72105100,10609000,14991700
2021-10-14,92.4022445678711,111.98999786376953,178.02012634277344,743.5120239257812,45.70485305786133,40.2888069152832,47.93309783935547,59.993408203125,62.2620735168457,89.82281494140625,31.825817108154297,72.38306427001953,349.7875061035156,49.645198822021484,140.7355194091797,145.76992797851562,226.51138305664062,59.81480026245117,68.10420989990234,86.61552429199219,66.2168960571289,21.700124740600586,32.54209518432617,170.94915771484375,116.4618148803711,30.32880973815918,144.9527130126953,104.42787170410156,388.6109619140625,49.0915412902832,68.08036804199219,40.344608306884766,24.24219512939453,35.977909088134766,118.36266326904297,52.3690071105957,108.91000366210938,111.98999786376953,206.77999877929688,778.2899780273438,49.7599983215332,45.06999969482422,57.70000076293945,70.80000305175781,73.8499984741211,108.80999755859375,39.779998779296875,90.56999969482422,391.20001220703125,53.900001525878906,160.11000061035156,163.47000122070312,236.69000244140625,66.68000030517578,78.33000183105469,101.01000213623047,67.80000305175781,21.746000289916992,41.66999816894531,202.5,128.66000366210938,33.52000045776367,150.39332580566406,112.55999755859375,420.3599853515625,60.08000183105469,79.16999816894531,45.310001373291016,28.524999618530273,38.93000030517578,127.33999633789062,62.0,108.98999786376953,112.22000122070312,207.5,778.6400146484375,49.915000915527344,45.099998474121094,58.16999816894531,71.2699966430664,74.61000061035156,109.16000366210938,39.939998626708984,91.30000305175781,393.6600036621094,54.0,161.13999938964844,164.00999450683594,238.44000244140625,67.0,79.66999816894531,101.58000183105469,68.08000183105469,21.7549991607666,41.959999084472656,203.22000122070312,129.3000030517578,33.58000183105469,150.4066619873047,114.73999786376953,433.5,60.33000183105469,79.9800033569336,46.88999938964844,28.645000457763672,38.939998626708984,127.83999633789062,62.220001220703125,107.80000305175781,109.62999725341797,204.49000549316406,765.6799926757812,49.082000732421875,43.47999954223633,57.0099983215332,69.72000122070312,72.83999633789062,108.11000061035156,39.02000045776367,88.54000091552734,382.20001220703125,52.72999954223633,159.60000610351562,160.05999755859375,234.11000061035156,65.62999725341797,77.9800033569336,97.80999755859375,66.80999755859375,21.121999740600586,41.52000045776367,200.25999450683594,125.98999786376953,32.939998626708984,148.14332580566406,111.16000366210938,417.79998779296875,58.599998474121094,78.91000366210938,44.83000183105469,28.239999771118164,38.349998474121094,126.83999633789062,61.16999816894531,107.95999908447266,110.5,204.49000549316406,769.5999755859375,49.18600082397461,44.369998931884766,57.06999969482422,71.06999969482422,74.29000091552734,108.87999725341797,39.77000045776367,90.54000091552734,392.0,52.900001525878906,159.7100067138672,161.75,237.00999450683594,66.26000213623047,78.97000122070312,101.22000122070312,67.27999877929688,21.288000106811523,41.560001373291016,202.97999572753906,126.16000366210938,33.2599983215332,148.55667114257812,114.13999938964844,425.6600036621094,60.0,79.52999877929688,46.68000030517578,28.5,38.720001220703125,126.83999633789062,61.709999084472656,7289500,46900200,3015100,1370500,19233000,82201000,9027700,24707900,8152600,7648600,7627800,3583100,3380900,26586700,4579200,15176800,1824700,6837700,14607900,14766800,15541600,243589000,17590300,1875100,10637900,8671200,2486100,16930500,6038800,8490700,2532900,53257700,46786600,51893500,8857900,18594500
2021-10-15,92.75857543945312,112.12000274658203,178.93267822265625,754.1256713867188,46.22382354736328,41.45090103149414,48.481380462646484,61.25598907470703,62.50657653808594,90.48323059082031,32.08183670043945,71.62383270263672,363.0833435058594,50.16099166870117,141.78152465820312,148.56993103027344,227.65023803710938,59.92245101928711,68.10420989990234,87.58450317382812,66.09970092773438,21.815879821777344,32.401527404785156,168.10421752929688,117.85579681396484,30.763118743896484,145.9197540283203,106.56171417236328,395.7386779785156,49.21409606933594,67.6418228149414,43.07818603515625,24.361181259155273,36.51393127441406,118.94825744628906,52.86734390258789,109.33000183105469,112.12000274658203,207.83999633789062,789.4000244140625,50.32500076293945,46.369998931884766,58.36000061035156,72.29000091552734,74.13999938964844,109.61000061035156,40.099998474121094,89.62000274658203,406.07000732421875,54.459999084472656,161.3000030517578,166.61000061035156,237.8800048828125,66.80000305175781,78.33000183105469,102.13999938964844,67.68000030517578,21.86199951171875,41.4900016784668,199.1300048828125,130.1999969482422,34.0,151.39666748046875,114.86000061035156,428.07000732421875,60.22999954223633,78.66000366210938,48.380001068115234,28.665000915527344,39.5099983215332,127.97000122070312,62.59000015258789,109.95999908447266,112.83999633789062,209.02000427246094,789.6400146484375,50.58599853515625,46.66999816894531,58.689998626708984,73.22000122070312,74.93000030517578,110.02999877929688,40.97999954223633,91.88999938964844,407.2699890136719,54.4900016784668,161.80999755859375,167.1699981689453,239.3000030517578,67.91999816894531,79.05999755859375,103.22000122070312,68.45999908447266,21.930999755859375,42.029998779296875,202.1999969482422,130.47999572753906,34.209999084472656,151.85000610351562,114.94999694824219,430.489990234375,60.65999984741211,80.33000183105469,48.7400016784668,28.954999923706055,39.709999084472656,128.5500030517578,63.06999969482422,109.08000183105469,111.11000061035156,206.22999572753906,775.8400268554688,50.108001708984375,45.36000061035156,57.90999984741211,71.51000213623047,74.12999725341797,109.43000030517578,40.029998779296875,89.54000091552734,396.3399963378906,53.810001373291016,160.41000366210938,164.13999938964844,235.82000732421875,66.63999938964844,77.9800033569336,101.8499984741211,67.4800033569336,21.66200065612793,41.380001068115234,195.3800048828125,128.67999267578125,33.7599983215332,150.6300048828125,112.95999908447266,421.5,59.029998779296875,78.5999984741211,45.709999084472656,28.649999618530273,39.18000030517578,127.7300033569336,62.439998626708984,109.1500015258789,112.51000213623047,208.49000549316406,780.9600219726562,50.439998626708984,45.77000045776367,58.11000061035156,71.81999969482422,74.62999725341797,109.7699966430664,40.25,91.83000183105469,402.30999755859375,54.20000076293945,161.02999877929688,165.35000610351562,237.4199981689453,67.51000213623047,78.19999694824219,102.45999908447266,68.08999633789062,21.809999465942383,41.900001525878906,195.6199951171875,129.02000427246094,33.97999954223633,151.49667358398438,114.77999877929688,422.04998779296875,60.2400016784668,80.0,45.720001220703125,28.844999313354492,39.310001373291016,128.0,62.72999954223633,4634500,34203000,3684600,877400,25103000,64264900,9445300,21884500,6945100,9968100,7737500,3179500,6451400,25231100,6918400,14267400,2598300,6186200,12866800,11678100,11786100,226994000,23550300,3557600,7609700,9352100,1639500,11558800,3312000,9158100,2568300,60096600,45354800,58411100,8976100,16092600
2021-10-18,91.14655303955078,116.43000030517578,174.8778076171875,752.9984130859375,46.23392105102539,41.370445251464844,47.30173873901367,60.679771423339844,62.8100700378418,90.44197082519531,32.4178581237793,71.37609100341797,369.8966979980469,50.17020034790039,140.74429321289062,148.5164337158203,228.7029266357422,59.56363296508789,67.07825469970703,86.95852661132812,65.68949890136719,22.17511749267578,32.26877212524414,169.5477752685547,117.78339385986328,30.90788459777832,147.09564208984375,107.00702667236328,392.5491638183594,49.500091552734375,67.18605041503906,44.01310348510742,24.378173828125,36.523170471191406,118.13957214355469,52.84200668334961,107.43000030517578,116.43000030517578,203.1300048828125,788.219970703125,50.33599853515625,46.279998779296875,56.939998626708984,71.61000061035156,74.5,109.55999755859375,40.52000045776367,89.30999755859375,413.69000244140625,54.470001220703125,160.1199951171875,166.5500030517578,238.97999572753906,66.4000015258789,77.1500015258789,101.41000366210938,67.26000213623047,22.222000122070312,41.31999969482422,200.83999633789062,130.1199951171875,34.15999984741211,152.61666870117188,115.33999633789062,424.6199951171875,60.58000183105469,78.12999725341797,49.43000030517578,28.684999465942383,39.52000045776367,127.0999984741211,62.560001373291016,108.98999786376953,116.87999725341797,207.0,788.3300170898438,50.39799880981445,46.88999938964844,58.150001525878906,72.55000305175781,75.75,110.41000366210938,41.97999954223633,91.94000244140625,415.94000244140625,54.560001373291016,160.88999938964844,168.61000061035156,242.66000366210938,67.41999816894531,78.73999786376953,103.94000244140625,67.62999725341797,22.291000366210938,41.70000076293945,200.88999938964844,130.27000427246094,34.63999938964844,152.6666717529297,115.3499984741211,428.0,60.939998626708984,79.76000213623047,49.709999084472656,29.104999542236328,39.75,127.54000091552734,63.13999938964844,107.08999633789062,111.37000274658203,202.4499969482422,772.989990234375,49.86600112915039,46.029998779296875,56.91999816894531,71.4000015258789,74.12999725341797,108.95999908447266,39.880001068115234,88.58999633789062,407.6000061035156,53.720001220703125,159.1999969482422,165.91000366210938,236.6999969482422,66.04000091552734,77.11000061035156,100.55000305175781,66.29000091552734,21.643999099731445,41.040000915527344,197.6199951171875,128.24000549316406,33.810001373291016,149.63333129882812,113.41999816894531,423.8399963378906,59.83000183105469,77.55999755859375,48.13999938964844,28.524999618530273,39.31999969482422,126.55000305175781,62.27000045776367,108.98999786376953,111.9000015258789,206.36000061035156,774.0900268554688,50.03900146484375,46.290000915527344,58.0099983215332,72.06999969482422,74.7699966430664,110.22000122070312,40.66999816894531,90.36000061035156,408.010009765625,54.189998626708984,160.25,166.47999572753906,237.9499969482422,67.30999755859375,78.73999786376953,101.76000213623047,67.01000213623047,21.749000549316406,41.45000076293945,197.67999267578125,129.32000732421875,34.13999938964844,150.49667358398438,113.41999816894531,428.0,59.83000183105469,79.12000274658203,48.189998626708984,28.94499969482422,39.43000030517578,127.41000366210938,63.09000015258789,7949400,47537800,2812500,1014600,16042000,49542500,13320600,15026100,9917700,10677400,11777300,4664400,3832300,22407600,7465500,12672900,2546000,4911300,13075500,8924300,11849300,189494000,21733000,2134400,5290000,11548300,1352700,6773800,2232800,5212200,3525200,33842700,65257600,56312700,11660700,18282800
2021-10-19,91.16352844238281,116.33000183105469,178.02012634277344,765.1691284179688,46.879638671875,41.54922866821289,47.841712951660156,60.806884765625,63.501407623291016,92.20853424072266,32.241844177246094,72.05540466308594,368.5286560058594,50.851776123046875,144.04052734375,150.31771850585938,231.88975524902344,59.949371337890625,69.1127700805664,87.25006866455078,65.99226379394531,22.24297523498535,32.87009811401367,174.60452270507812,119.93775177001953,31.25171661376953,148.89796447753906,108.5099868774414,392.3273620605469,50.12925338745117,68.92310333251953,44.82337951660156,24.654380798339844,36.88359069824219,119.69185638427734,53.6359977722168,107.44999694824219,116.33000183105469,206.77999877929688,800.9600219726562,51.03900146484375,46.47999954223633,57.59000015258789,71.76000213623047,75.31999969482422,111.69999694824219,40.29999923706055,90.16000366210938,412.1600036621094,55.209999084472656,163.8699951171875,168.57000732421875,242.30999755859375,66.83000183105469,79.48999786376953,101.75,67.56999969482422,22.290000915527344,42.09000015258789,206.8300018310547,132.5,34.540000915527344,154.48666381835938,116.95999908447266,424.3800048828125,61.349998474121094,80.1500015258789,50.34000015258789,29.010000228881836,39.90999984741211,128.77000427246094,63.5,108.06999969482422,117.16999816894531,206.89999389648438,801.6199951171875,51.08700180053711,46.630001068115234,57.63999938964844,72.5,75.8499984741211,111.69999694824219,41.810001373291016,90.8499984741211,415.8500061035156,55.220001220703125,165.14999389648438,168.64999389648438,242.5500030517578,67.20999908447266,79.5199966430664,102.44999694824219,67.88999938964844,22.378999710083008,42.20000076293945,206.8699951171875,132.8000030517578,34.77000045776367,154.48666381835938,116.9800033569336,427.82000732421875,61.369998931884766,80.30000305175781,50.349998474121094,29.110000610351562,39.90999984741211,129.10000610351562,63.61000061035156,106.86000061035156,114.47000122070312,203.0800018310547,786.2999877929688,50.176998138427734,46.20000076293945,57.02000045776367,71.26000213623047,74.37999725341797,109.80000305175781,40.11000061035156,88.0999984741211,409.69000244140625,54.369998931884766,160.72999572753906,166.5800018310547,239.05999755859375,66.44000244140625,78.11000061035156,101.30000305175781,66.63999938964844,22.03700065612793,41.540000915527344,201.25999450683594,130.32000732421875,33.70000076293945,152.27000427246094,115.62999725341797,423.3999938964844,60.650001525878906,78.43000030517578,49.279998779296875,28.649999618530273,39.54999923706055,127.79000091552734,62.66999816894531,107.75,116.16000366210938,204.49000549316406,788.1799926757812,50.43199920654297,46.5,57.18000030517578,72.25,74.83999633789062,110.16000366210938,40.63999938964844,89.41000366210938,415.17999267578125,54.630001068115234,160.89999389648438,167.39999389648438,239.05999755859375,67.0,78.7300033569336,101.55000305175781,67.37000274658203,22.275999069213867,41.599998474121094,201.89999389648438,131.02000427246094,34.400001525878906,152.96665954589844,115.80000305175781,426.8299865722656,60.869998931884766,78.87999725341797,49.63999938964844,28.80500030517578,39.70000076293945,127.79000091552734,62.869998931884766,4614900,39593900,2480500,956600,16383000,32515500,9390200,15173900,6589400,10362800,16074300,2821100,2568300,18392900,10081300,8053900,1573200,4881100,15577100,6189500,16930300,161473000,17159800,1955400,7330700,10417100,1394100,5406100,1616800,3506800,3560500,26500300,44552600,33082600,9487000,18933200
2021-10-20,91.97802734375,116.38999938964844,180.49954223632812,733.3955078125,46.787784576416016,42.09451675415039,48.2404670715332,60.85771179199219,64.09159088134766,93.41377258300781,32.7298698425293,74.40504455566406,364.710693359375,50.99915313720703,143.96144104003906,152.3419189453125,233.23904418945312,60.290218353271484,70.48651885986328,86.31539154052734,66.67591857910156,22.05637550354004,33.42457580566406,179.64437866210938,119.62997436523438,31.43267822265625,148.58956909179688,107.23896789550781,402.2283935546875,51.13430404663086,69.68843841552734,44.663108825683594,24.854097366333008,37.17932891845703,121.40213012695312,53.93162155151367,108.41000366210938,116.38999938964844,209.66000366210938,767.7000122070312,50.93899917602539,47.09000015258789,58.06999969482422,71.81999969482422,76.0199966430664,113.16000366210938,40.90999984741211,93.0999984741211,407.8900146484375,55.369998931884766,163.77999877929688,170.83999633789062,243.72000122070312,67.20999908447266,81.06999969482422,100.66000366210938,68.2699966430664,22.10300064086914,42.79999923706055,212.8000030517578,132.16000366210938,34.7400016784668,154.1666717529297,115.58999633789062,435.0899963378906,62.58000183105469,81.04000091552734,50.15999984741211,29.2450008392334,40.22999954223633,130.61000061035156,63.849998474121094,109.11000061035156,118.30000305175781,211.58999633789062,785.1400146484375,51.34299850463867,47.2400016784668,58.599998474121094,72.27999877929688,76.0999984741211,113.16999816894531,41.029998779296875,93.43000030517578,414.3299865722656,55.4900016784668,164.75,170.8699951171875,245.89999389648438,67.3499984741211,81.25,101.91999816894531,69.19999694824219,22.433000564575195,43.11000061035156,213.00999450683594,133.00999450683594,34.7599983215332,154.77000427246094,117.02999877929688,435.5299987792969,62.59000015258789,81.31999969482422,50.38999938964844,29.25,40.22999954223633,130.8000030517578,63.869998931884766,107.5,115.41999816894531,206.25,758.239990234375,50.84400177001953,46.04999923706055,57.900001525878906,70.80999755859375,74.54000091552734,110.77999877929688,39.52000045776367,89.04000091552734,406.20001220703125,55.08000183105469,163.25999450683594,167.4600067138672,243.0399932861328,65.77999877929688,79.30999755859375,99.93000030517578,67.01000213623047,21.98200035095215,42.099998474121094,205.5500030517578,131.25999450683594,33.79999923706055,153.5,115.55000305175781,426.8399963378906,60.779998779296875,79.33000183105469,49.709999084472656,28.674999237060547,39.72999954223633,129.4199981689453,62.720001220703125,107.5,116.29000091552734,207.39999389648438,782.239990234375,51.099998474121094,46.4900016784668,57.90999984741211,71.55999755859375,74.72000122070312,111.08999633789062,39.83000183105469,89.51000213623047,411.0,55.25,163.97999572753906,168.3000030517578,243.72999572753906,66.0,79.31999969482422,101.08000183105469,67.19999694824219,22.30500030517578,42.119998931884766,206.82000732421875,132.5,34.029998779296875,153.92999267578125,116.87999725341797,427.0,61.18000030517578,79.5199966430664,50.189998626708984,28.790000915527344,39.84000015258789,129.5399932861328,62.88999938964844,5626800,34244800,2308600,1894900,13458000,40411000,9010300,14350400,5506000,10811400,10565100,3799100,2453400,16850300,6003200,8185600,1537500,5194900,11465500,7426900,19457800,146276000,22788300,2352100,4804100,10818700,1261500,8205800,2764000,4806200,3897400,24227900,50212600,44670200,13665700,14305200
2021-10-21,92.27497100830078,119.33000183105469,179.92276000976562,752.367919921875,47.22499465942383,41.86210250854492,48.024478912353516,59.74768829345703,62.88596725463867,92.2415542602539,31.76181983947754,72.64681243896484,364.4424743652344,51.57942199707031,143.62741088867188,151.1470184326172,230.7987518310547,60.128761291503906,70.57345581054688,85.98954772949219,67.03729248046875,22.64413070678711,33.47142791748047,179.58526611328125,120.43563079833984,31.03455352783203,150.086669921875,107.88839721679688,408.87530517578125,50.807456970214844,70.51396179199219,44.81447982788086,24.395174026489258,37.0222282409668,121.89476776123047,52.95180892944336,108.76000213623047,119.33000183105469,208.99000549316406,787.5599975585938,51.415000915527344,46.83000183105469,57.810001373291016,70.51000213623047,74.58999633789062,111.73999786376953,39.70000076293945,90.9000015258789,407.5899963378906,56.0,163.39999389648438,169.5,241.1699981689453,67.02999877929688,81.16999816894531,100.27999877929688,68.63999938964844,22.691999435424805,42.86000061035156,212.72999572753906,133.0500030517578,34.29999923706055,155.72000122070312,116.29000091552734,442.2799987792969,62.18000030517578,82.0,50.33000183105469,28.704999923706055,40.060001373291016,131.13999938964844,62.689998626708984,108.94999694824219,119.68000030517578,210.25999450683594,787.5599975585938,51.479000091552734,47.47999954223633,58.099998474121094,71.83000183105469,75.6500015258789,112.80999755859375,40.790000915527344,92.7300033569336,412.6600036621094,56.06999969482422,164.38999938964844,171.3300018310547,244.9499969482422,67.98999786376953,81.26000213623047,101.75,68.69999694824219,22.711000442504883,43.09000015258789,213.5,133.25999450683594,34.61000061035156,155.9199981689453,116.3499984741211,442.5,62.790000915527344,83.1500015258789,50.599998474121094,29.125,40.310001373291016,131.22000122070312,63.63999938964844,107.1500015258789,116.26000213623047,207.6699981689453,763.8699951171875,50.86000061035156,46.61000061035156,57.369998931884766,70.01000213623047,74.11000061035156,110.87000274658203,39.15999984741211,89.88999938964844,404.6199951171875,54.83000183105469,162.27999877929688,168.67999267578125,239.8300018310547,66.43000030517578,80.27999877929688,99.56999969482422,67.66999816894531,22.08300018310547,42.43000030517578,210.58999633789062,131.39999389648438,33.849998474121094,153.10667419433594,114.61000061035156,435.0799865722656,61.779998779296875,80.30000305175781,49.7599983215332,28.469999313354492,39.849998474121094,129.92999267578125,62.349998474121094,108.41000366210938,116.5,210.14999389648438,764.530029296875,50.94200134277344,47.099998474121094,58.09000015258789,71.26000213623047,75.6500015258789,112.70999908447266,40.599998474121094,91.97000122070312,406.79998779296875,54.93000030517578,164.3000030517578,170.75999450683594,244.9499969482422,66.93000030517578,81.11000061035156,100.36000061035156,67.94999694824219,22.097000122070312,43.060001373291016,212.72000122070312,132.0,34.349998474121094,153.17666625976562,115.01000213623047,435.5,62.56999969482422,81.1500015258789,49.95000076293945,29.020000457763672,40.220001220703125,130.8800048828125,63.470001220703125,4811800,34794900,1921100,1083100,11787000,36848600,7159000,18519000,5836300,9372600,9937800,3464400,2162100,38390900,4524100,8415200,1717700,5806600,9893600,5931400,11140700,187590000,22142300,1490400,4579200,12151400,1303200,4640300,2465100,4699000,4558500,20448300,64241800,35067600,8267500,16564600
2021-10-22,92.59735870361328,119.81999969482422,180.1379852294922,765.1787109375,47.34071731567383,42.523590087890625,47.85002517700195,60.47639465332031,63.838653564453125,93.11658477783203,32.353851318359375,73.52592468261719,370.46002197265625,45.55568313598633,143.90869140625,153.18016052246094,233.2677764892578,60.568321228027344,70.55606842041016,87.29293823242188,65.93367767333984,22.678062438964844,33.705711364746094,182.4132843017578,119.14117431640625,30.681686401367188,148.40322875976562,105.97723388671875,415.2357177734375,51.2650260925293,69.64543914794922,45.10831832885742,24.624635696411133,37.53975296020508,122.38739776611328,53.315025329589844,109.13999938964844,119.81999969482422,209.24000549316406,800.969970703125,51.54100036621094,47.56999969482422,57.599998474121094,71.37000274658203,75.72000122070312,112.80000305175781,40.439998626708984,92.0,414.32000732421875,49.459999084472656,163.72000122070312,171.77999877929688,243.75,67.5199966430664,81.1500015258789,101.80000305175781,67.51000213623047,22.72599983215332,43.15999984741211,216.0800018310547,131.6199951171875,33.90999984741211,153.97332763671875,114.2300033569336,449.1600036621094,62.7400016784668,80.98999786376953,50.65999984741211,28.975000381469727,40.619998931884766,131.6699981689453,63.119998931884766,109.22000122070312,121.55999755859375,210.5,808.7999877929688,52.13800048828125,47.619998931884766,59.0,71.88999938964844,76.08000183105469,112.87999725341797,40.459999084472656,92.4000015258789,415.3599853515625,50.54999923706055,164.05999755859375,172.08999633789062,244.0399932861328,67.62999725341797,81.4800033569336,102.23999786376953,69.08999633789062,23.1299991607666,43.189998626708984,217.60000610351562,133.69000244140625,34.54999923706055,156.5,117.1500015258789,449.2900085449219,62.810001373291016,82.44999694824219,51.119998931884766,29.0,40.689998626708984,131.72000122070312,63.220001220703125,108.30999755859375,118.37000274658203,208.5,796.27001953125,51.301998138427734,46.9900016784668,57.43000030517578,70.68000030517578,74.98999786376953,111.44999694824219,39.36000061035156,90.6500015258789,409.1000061035156,49.13999938964844,162.9600067138672,169.6999969482422,239.55999755859375,66.5199966430664,80.87999725341797,100.56999969482422,67.08000183105469,22.56100082397461,42.630001068115234,213.86000061035156,131.42999267578125,33.38999938964844,153.7066650390625,114.2300033569336,440.4599914550781,61.88999938964844,79.44000244140625,50.4900016784668,28.540000915527344,40.209999084472656,130.82000732421875,62.349998474121094,108.66999816894531,120.83000183105469,209.6999969482422,798.1900024414062,51.4739990234375,46.9900016784668,57.810001373291016,70.7699966430664,75.12000274658203,112.22000122070312,39.95000076293945,91.58000183105469,409.989990234375,50.38999938964844,163.05999755859375,170.02999877929688,240.9600067138672,67.19000244140625,81.1500015258789,100.73999786376953,68.51000213623047,22.822999954223633,42.81999969482422,213.86000061035156,132.89999389648438,33.849998474121094,154.89999389648438,116.23999786376953,440.8399963378906,62.27000045776367,82.0,50.540000915527344,28.809999465942383,40.25,131.02000427246094,62.77000045776367,4614400,38992700,1349300,1294600,15367000,36225600,6884500,14625100,7170200,8673800,7334500,2202600,2411000,109971900,4304300,8817900,1960700,3977800,7543600,6761500,17892100,249384000,17183000,1890900,5216200,12077000,3284400,6283000,2736200,5251100,3923700,21517200,43005000,41458200,8009700,14266800
2021-10-25,92.05438232421875,122.36000061035156,178.7518768310547,753.2086181640625,47.952449798583984,42.4699592590332,48.024478912353516,60.018829345703125,64.51313781738281,93.98336029052734,32.52986145019531,75.15628051757812,370.8444519042969,45.50962829589844,144.22509765625,152.43112182617188,234.5118865966797,61.17830276489258,70.99949645996094,87.38727569580078,67.15448760986328,23.117130279541016,33.69790267944336,182.81849670410156,119.42178344726562,31.08884620666504,149.42166137695312,105.42984771728516,415.54083251953125,51.08527755737305,71.10730743408203,45.07270050048828,24.985824584960938,37.49354553222656,122.53612518310547,54.353946685791016,108.5,122.36000061035156,207.6300048828125,788.4400024414062,52.207000732421875,47.5099983215332,57.810001373291016,70.83000183105469,76.5199966430664,113.8499984741211,40.65999984741211,94.04000091552734,414.75,49.40999984741211,164.0800018310547,170.94000244140625,245.0500030517578,68.19999694824219,81.66000366210938,101.91000366210938,68.76000213623047,23.166000366210938,43.150001525878906,216.55999755859375,131.92999267578125,34.36000061035156,155.02999877929688,113.63999938964844,449.489990234375,62.52000045776367,82.69000244140625,50.619998931884766,29.399999618530273,40.56999969482422,131.8300018310547,64.3499984741211,109.13999938964844,123.45999908447266,209.82000732421875,803.1900024414062,52.45000076293945,47.97999954223633,58.15999984741211,71.8499984741211,77.9800033569336,114.3499984741211,41.29999923706055,94.73999786376953,419.489990234375,50.06999969482422,164.30999755859375,172.9600067138672,246.27000427246094,68.70999908447266,81.72000122070312,102.73999786376953,71.12000274658203,23.354999542236328,43.2400016784668,217.0,133.1699981689453,34.77000045776367,155.9199981689453,114.55000305175781,452.6400146484375,63.0099983215332,83.12000274658203,51.119998931884766,29.559999465942383,40.77000045776367,131.97000122070312,64.41999816894531,107.75,118.5999984741211,206.97000122070312,787.010009765625,51.518001556396484,47.20000076293945,57.52000045776367,70.70999908447266,76.19999694824219,113.30000305175781,40.09000015258789,92.83999633789062,413.2699890136719,49.310001373291016,161.7100067138672,170.47999572753906,240.52000427246094,67.58000183105469,79.94999694824219,101.66000366210938,68.54000091552734,22.770000457763672,42.56999969482422,215.50999450683594,131.3000030517578,34.029998779296875,154.1999969482422,113.11000061035156,446.44000244140625,62.369998931884766,81.51000213623047,50.52000045776367,29.174999237060547,40.470001220703125,130.7100067138672,63.58000183105469,109.08000183105469,120.5199966430664,209.5,799.6900024414062,51.749000549316406,47.79999923706055,57.720001220703125,71.58000183105469,76.55999755859375,113.52999877929688,41.0,93.5,416.2099914550781,49.83000183105469,163.72000122070312,172.7100067138672,244.66000366210938,68.0,81.02999877929688,102.30000305175781,69.62000274658203,22.972999572753906,43.20000076293945,216.9199981689453,131.82000732421875,34.43000030517578,154.75999450683594,114.4000015258789,450.0,62.849998474121094,82.0,50.88999938964844,29.329999923706055,40.720001220703125,131.72999572753906,63.720001220703125,5697400,47834100,1916500,786000,12416000,31679500,9716100,15103000,7471200,9579800,8639500,3849100,1824700,43178800,6715400,10159200,2763100,4679400,9365900,3836000,23341300,230235000,22846200,2124100,4876300,9768400,1684800,6667700,3553500,3043600,2730600,19330300,50112200,33121000,10629700,17939800
2021-10-26,92.89432525634766,122.93000030517578,179.65586853027344,755.8739013671875,49.036285400390625,42.87222671508789,48.38168716430664,59.86630630493164,64.94309997558594,94.18973541259766,33.209896087646484,75.92350006103516,373.4017028808594,44.468833923339844,145.6930389404297,152.8412628173828,237.75608825683594,61.420509338378906,71.51246643066406,88.72496795654297,67.33026885986328,24.664859771728516,34.01809310913086,182.40484619140625,119.43084716796875,30.998361587524414,149.5341033935547,105.93083953857422,420.3019104003906,51.019893646240234,70.4107894897461,45.081607818603516,25.13030433654785,37.52126693725586,123.14028930664062,55.61249923706055,109.48999786376953,122.93000030517578,208.67999267578125,791.22998046875,53.387001037597656,47.959999084472656,58.2400016784668,70.6500015258789,77.02999877929688,114.0999984741211,41.5099983215332,95.0,417.6099853515625,48.279998779296875,165.75,171.39999389648438,248.44000244140625,68.47000122070312,82.25,103.47000122070312,68.94000244140625,24.716999053955078,43.560001373291016,216.07000732421875,131.94000244140625,34.2599983215332,155.14666748046875,114.18000030517578,454.6400146484375,62.439998626708984,81.87999725341797,50.630001068115234,29.56999969482422,40.599998474121094,132.47999572753906,65.83999633789062,109.58000183105469,127.19999694824219,209.97999572753906,797.989990234375,53.499000549316406,48.43000030517578,58.349998474121094,71.61000061035156,77.62999725341797,114.5999984741211,41.7400016784668,95.63999938964844,419.80999755859375,49.439998626708984,166.02999877929688,172.49000549316406,248.9199981689453,68.77999877929688,82.36000061035156,103.9800033569336,69.81999969482422,25.259000778198242,43.7599983215332,217.22000122070312,133.7899932861328,34.9900016784668,156.8000030517578,115.30000305175781,457.7099914550781,62.72999954223633,82.87000274658203,51.099998474121094,29.704999923706055,40.86000061035156,132.86000061035156,65.94000244140625,108.19999694824219,122.58000183105469,207.6300048828125,784.1900024414062,52.400001525878906,47.439998626708984,57.619998931884766,70.61000061035156,76.47000122070312,113.51000213623047,40.75,93.83999633789062,413.760009765625,47.93000030517578,164.0500030517578,170.5399932861328,237.08999633789062,67.56999969482422,81.70999908447266,101.69000244140625,68.47000122070312,23.923999786376953,42.91999816894531,215.3699951171875,131.07000732421875,34.2400016784668,154.60000610351562,113.72000122070312,447.5899963378906,62.06999969482422,81.61000061035156,50.36000061035156,29.389999389648438,40.540000915527344,131.41000366210938,64.36000061035156,108.80999755859375,122.98999786376953,208.1999969482422,796.4000244140625,52.52299880981445,47.65999984741211,57.900001525878906,71.0,76.69000244140625,113.9800033569336,40.91999816894531,94.54000091552734,416.3699951171875,49.400001525878906,164.55999755859375,171.0,244.5,68.27999877929688,81.9000015258789,102.12000274658203,69.37000274658203,23.98900032043457,43.33000183105469,216.7100067138672,132.89999389648438,34.70000076293945,156.2433319091797,114.94000244140625,450.489990234375,62.59000015258789,82.69999694824219,50.72999954223633,29.5,40.66999816894531,132.1300048828125,64.48999786376953,5047400,59458900,1664400,741400,24043000,35674800,9984600,18647900,5898200,7463000,6663000,2617600,1843300,68405400,6939100,8015100,4533000,5532500,9352500,7649500,14267900,485898000,29729100,1281400,5802200,11666500,1879200,4852300,3103900,3825600,2363100,18196300,45503200,41586900,9271600,25585100
2021-10-27,91.96954345703125,122.27999877929688,177.84793090820312,765.2073364257812,48.047969818115234,42.0498161315918,46.927913665771484,59.57819747924805,63.12803268432617,92.51396942138672,31.689815521240234,74.3570785522461,367.48248291015625,44.109615325927734,143.92625427246094,149.6578369140625,239.4116973876953,59.339385986328125,70.89517211914062,87.35298919677734,66.6466293334961,24.3994197845459,33.55733108520508,179.7371826171875,118.76097869873047,29.44211196899414,148.46104431152344,105.53189849853516,419.22943115234375,49.25495910644531,67.65040588378906,44.565162658691406,24.40791893005371,36.90208435058594,122.16431427001953,54.16812515258789,108.4000015258789,122.27999877929688,206.5800018310547,801.0,52.31100082397461,47.040000915527344,56.4900016784668,70.30999755859375,74.43000030517578,112.06999969482422,39.61000061035156,93.04000091552734,410.989990234375,47.88999938964844,163.74000549316406,167.8300018310547,250.1699981689453,66.1500015258789,81.54000091552734,101.87000274658203,68.23999786376953,24.451000213623047,42.970001220703125,212.91000366210938,131.1999969482422,32.540000915527344,154.03334045410156,113.75,453.4800109863281,60.279998779296875,78.66999816894531,50.04999923706055,28.719999313354492,39.93000030517578,131.42999267578125,64.12999725341797,109.72000122070312,128.0800018310547,210.39999389648438,818.9500122070312,53.606998443603516,48.16999816894531,58.41999816894531,70.70999908447266,76.66000366210938,113.58000183105469,41.060001373291016,94.6500015258789,418.05999755859375,48.81999969482422,165.75999450683594,170.6999969482422,254.4600067138672,67.86000061035156,82.4800033569336,103.83999633789062,68.69000244140625,25.09000015258789,43.560001373291016,216.49000549316406,132.36000061035156,34.18000030517578,155.83999633789062,115.05999755859375,460.44000244140625,62.13999938964844,81.25,50.9900016784668,29.40999984741211,40.68000030517578,132.8300018310547,65.25,108.16999816894531,121.05000305175781,205.80999755859375,797.2000122070312,52.18600082397461,47.029998779296875,56.11000061035156,69.30999755859375,74.25,111.6500015258789,39.40999984741211,92.33999633789062,410.54998779296875,47.869998931884766,163.30999755859375,167.33999633789062,248.32000732421875,66.06999969482422,81.30000305175781,101.83000183105469,67.44999694824219,24.281999588012695,42.68000030517578,212.77000427246094,130.50999450683594,32.4900016784668,153.48666381835938,113.70999908447266,453.4800109863281,60.16999816894531,78.25,49.95000076293945,28.655000686645508,39.91999816894531,131.38999938964844,63.97999954223633,109.58000183105469,121.62999725341797,209.8699951171875,798.0599975585938,53.18199920654297,47.47999954223633,58.349998474121094,70.51000213623047,75.55999755859375,113.22000122070312,40.70000076293945,93.5199966430664,416.54998779296875,48.52000045776367,165.67999267578125,170.32000732421875,248.61000061035156,67.75,82.4800033569336,102.97000122070312,68.5199966430664,24.474000930786133,43.459999084472656,215.0399932861328,131.94000244140625,33.869998931884766,154.20333862304688,114.02999877929688,454.6400146484375,62.09000015258789,80.75,50.2599983215332,29.25,40.5,132.69000244140625,65.16000366210938,4875300,98245300,2003300,949800,23500000,45790800,18773700,25475900,9025600,9096100,9047100,3992200,2067200,41081500,7018800,9847000,3181300,6473900,8465400,7542400,13541900,245990000,22317500,1512500,5090400,13929600,3226200,5394500,3520400,7255000,3180200,21988300,68007600,62449500,11851400,21764500
2021-10-28,93.04703521728516,121.16000366210938,178.3559112548828,776.8526611328125,48.641326904296875,42.71132278442383,47.45957946777344,60.06119918823242,63.73870849609375,93.38074493408203,32.401859283447266,74.97246551513672,370.9071044921875,44.28462600708008,143.14395141601562,151.91387939453125,242.45494079589844,59.80583572387695,75.25111389160156,88.5013198852539,67.95533752441406,24.888385772705078,33.72134017944336,179.85537719726562,121.01492309570312,30.129758834838867,151.8087615966797,107.62862396240234,421.04144287109375,49.786067962646484,67.46983337402344,45.73160171508789,24.582143783569336,37.354915618896484,123.18678283691406,54.32017517089844,109.66999816894531,121.16000366210938,207.1699981689453,813.1900024414062,52.957000732421875,47.779998779296875,57.130001068115234,70.87999725341797,75.1500015258789,113.12000274658203,40.5,93.80999755859375,414.82000732421875,48.08000183105469,162.85000610351562,170.36000061035156,253.35000610351562,66.66999816894531,86.55000305175781,102.5,69.58000183105469,24.94099998474121,43.18000030517578,213.0500030517578,133.69000244140625,33.29999923706055,157.5066680908203,116.01000213623047,455.44000244140625,60.93000030517578,78.45999908447266,51.36000061035156,28.924999237060547,40.41999816894531,132.52999877929688,64.30999755859375,109.9000015258789,123.5,209.49000549316406,821.9199829101562,52.994998931884766,48.0,57.75,71.31999969482422,75.33999633789062,113.2699966430664,40.540000915527344,94.0199966430664,414.9200134277344,48.36000061035156,165.1999969482422,170.50999450683594,256.75,67.23999786376953,86.86000061035156,102.62999725341797,70.3499984741211,24.950000762939453,43.66999816894531,214.99000549316406,133.8300018310547,33.310001373291016,157.63333129882812,116.0199966430664,457.8999938964844,60.970001220703125,79.72000122070312,51.400001525878906,28.950000762939453,40.439998626708984,133.0399932861328,64.47000122070312,108.19999694824219,120.26000213623047,205.61000061035156,810.719970703125,52.34299850463867,47.29999923706055,56.349998474121094,70.27999877929688,74.12000274658203,111.58000183105469,39.4900016784668,92.41999816894531,409.05999755859375,47.880001068115234,162.32000732421875,167.9600067138672,250.0800018310547,65.97000122070312,83.16999816894531,100.80000305175781,69.18000030517578,24.523000717163086,42.939998626708984,212.3300018310547,131.8699951171875,32.5,155.80999755859375,113.54000091552734,452.5199890136719,60.2400016784668,77.66000366210938,50.349998474121094,28.559999465942383,40.060001373291016,131.6699981689453,63.630001068115234,108.38999938964844,122.86000061035156,207.08999633789062,814.1199951171875,52.41400146484375,47.59000015258789,56.529998779296875,70.77999877929688,74.37000274658203,111.58000183105469,39.52000045776367,92.44999694824219,412.0,48.13999938964844,163.77000427246094,168.3000030517578,250.16000366210938,66.04000091552734,83.37999725341797,101.88999938964844,69.29000091552734,24.878000259399414,42.95000076293945,213.97999572753906,131.99000549316406,32.52000045776367,156.08999633789062,113.66000366210938,453.0,60.59000015258789,78.41000366210938,50.380001068115234,28.565000534057617,40.09000015258789,131.6699981689453,63.81999969482422,5193300,58002500,2166500,687500,11872000,37209600,16380800,16367800,5195900,7538200,5849200,2284600,1444700,31317200,6278800,7212900,3386500,5548800,28854700,6663000,16966000,234204000,18023400,1440300,5016700,11364300,3278100,5714300,1672600,3979100,3366000,26785500,46735000,44566600,9282500,16626400
2021-10-29,97.28917694091797,120.2300033569336,178.18370056152344,776.5564575195312,48.8342170715332,42.71132278442383,48.51460266113281,59.02846145629883,63.17892074584961,94.51165771484375,32.06584167480469,73.89353942871094,369.59271240234375,45.13199996948242,143.1703338623047,151.4947967529297,243.80430603027344,59.14202880859375,76.5552978515625,88.74308776855469,67.48654174804688,25.51306915283203,34.15865707397461,178.1501007080078,120.42654418945312,29.188770294189453,152.48663330078125,105.48550415039062,425.6915283203125,49.3285026550293,66.49810028076172,45.55352783203125,24.420671463012695,37.20705795288086,124.3858413696289,54.4553108215332,114.66999816894531,120.2300033569336,206.97000122070312,812.8800048828125,53.16699981689453,47.779998779296875,58.400001525878906,69.16000366210938,74.48999786376953,114.48999786376953,40.08000183105469,92.45999908447266,413.3500061035156,49.0,162.8800048828125,169.88999938964844,254.75999450683594,65.93000030517578,88.05000305175781,102.77999877929688,69.0999984741211,25.566999435424805,43.7400016784668,211.02999877929688,133.0399932861328,32.2599983215332,158.2100067138672,113.69999694824219,460.4700012207031,60.369998931884766,77.33000183105469,51.15999984741211,28.735000610351562,40.2599983215332,133.82000732421875,64.47000122070312,114.91999816894531,122.56999969482422,207.6999969482422,814.4600219726562,53.21500015258789,48.130001068115234,58.56999969482422,70.61000061035156,75.30000305175781,115.29000091552734,40.38999938964844,94.5999984741211,415.9599914550781,49.279998779296875,163.25,172.24000549316406,256.4700012207031,66.79000091552734,88.45999908447266,103.30999755859375,69.55000305175781,25.708999633789062,43.83000183105469,214.5,133.67999267578125,33.189998626708984,158.22999572753906,114.19000244140625,461.3900146484375,61.20000076293945,78.62000274658203,51.63999938964844,29.135000228881836,40.54999923706055,133.99000549316406,65.36000061035156,111.41999816894531,119.87999725341797,204.1999969482422,804.75,52.349998474121094,47.52000045776367,57.13999938964844,68.97000122070312,73.97000122070312,113.1500015258789,39.349998474121094,91.83999633789062,411.17999267578125,47.91999816894531,160.61000061035156,169.38999938964844,251.77000427246094,65.48999786376953,86.16999816894531,101.93000030517578,68.04000091552734,25.0,42.86000061035156,210.41000366210938,132.4499969482422,32.16999816894531,156.0,113.22000122070312,453.05999755859375,60.20000076293945,76.66000366210938,51.02000045776367,28.614999771118164,40.18000030517578,131.85000610351562,64.33000183105469,112.08999633789062,120.94999694824219,206.35000610351562,807.22998046875,52.349998474121094,47.75,57.25,70.4800033569336,74.43000030517578,114.83000183105469,40.290000915527344,93.5199966430664,414.0199890136719,48.099998474121094,162.35000610351562,171.17999267578125,253.77999877929688,66.77999877929688,86.48999786376953,102.11000061035156,68.38999938964844,25.000999450683594,43.09000015258789,213.9600067138672,132.86000061035156,33.189998626708984,156.17666625976562,114.06999969482422,454.4100036621094,61.029998779296875,78.55999755859375,51.25,29.06999969482422,40.470001220703125,132.36000061035156,65.05000305175781,16545000,43320100,2592300,583800,15564000,31756200,17067000,22403000,8079300,15294200,7957500,2293900,2061700,42301000,8526800,8140100,3152000,7668000,18678600,8056900,11440900,292503000,30307500,1776700,5251100,13940600,2135700,7118900,2497800,4008400,4784000,19788500,43997800,42092000,15415100,23966300
2021-11-01,97.407958984375,125.2300033569336,180.61146545410156,771.3690185546875,48.50171661376953,42.77389907836914,48.74720764160156,59.412532806396484,63.263755798339844,94.54470825195312,33.593929290771484,74.69273376464844,372.58807373046875,45.63857650756836,143.2933807373047,151.41453552246094,238.5886993408203,60.33509063720703,76.3727035522461,89.79647827148438,69.04917907714844,25.77252197265625,34.08056640625,177.82089233398438,122.02873992919922,30.129758834838867,154.97328186035156,105.87516784667969,419.8118896484375,49.663509368896484,67.09146118164062,46.04325485229492,24.841346740722656,37.22554016113281,124.23709869384766,55.435123443603516,114.80999755859375,125.2300033569336,209.7899932861328,807.4500122070312,52.80500030517578,47.849998474121094,58.68000030517578,69.61000061035156,74.58999633789062,114.52999877929688,41.9900016784668,93.45999908447266,416.70001220703125,49.54999923706055,163.02000427246094,169.8000030517578,249.30999755859375,67.26000213623047,87.83999633789062,104.0,70.69999694824219,25.82699966430664,43.63999938964844,210.63999938964844,134.80999755859375,33.29999923706055,160.7899932861328,114.12000274658203,454.1099853515625,60.779998779296875,78.0199966430664,51.709999084472656,29.229999542236328,40.279998779296875,133.66000366210938,65.62999725341797,115.72000122070312,125.66999816894531,212.08999633789062,808.0,53.257999420166016,48.16999816894531,59.220001220703125,69.93000030517578,75.41000366210938,115.08999633789062,42.400001525878906,94.20999908447266,418.7300109863281,49.599998474121094,163.97999572753906,172.3300018310547,256.4800109863281,67.41000366210938,88.62999725341797,104.33000183105469,70.97000122070312,25.893999099731445,44.290000915527344,213.50999450683594,134.8699951171875,33.56999969482422,160.82666015625,114.33999633789062,465.760009765625,61.08000183105469,78.91999816894531,52.0,29.309999465942383,40.630001068115234,134.49000549316406,66.08000183105469,113.56999969482422,118.12999725341797,207.77000427246094,796.47998046875,52.49300003051758,47.279998779296875,58.290000915527344,69.02999877929688,74.41999816894531,114.05000305175781,40.83000183105469,92.51000213623047,413.25,49.0,159.39999389648438,169.00999450683594,248.0500030517578,66.43000030517578,87.29000091552734,102.69000244140625,68.94000244140625,25.226999282836914,43.439998626708984,209.75,132.44000244140625,32.58000183105469,158.0,113.3499984741211,451.17999267578125,60.310001373291016,77.44999694824219,51.27000045776367,28.940000534057617,40.119998931884766,133.14999389648438,65.0199966430664,115.25,119.44999694824219,208.0,806.9099731445312,53.034000396728516,48.099998474121094,58.29999923706055,69.93000030517578,74.94999694824219,115.02999877929688,41.029998779296875,93.63999938964844,417.07000732421875,49.400001525878906,163.16000366210938,172.0399932861328,255.11000061035156,66.47000122070312,88.05000305175781,103.88999938964844,68.97000122070312,25.64900016784668,44.13999938964844,212.97000122070312,132.44000244140625,32.75,158.39999389648438,113.58000183105469,461.82000732421875,60.93000030517578,77.98999786376953,51.560001373291016,29.020000457763672,40.540000915527344,133.94000244140625,65.06999969482422,7096800,54559800,3105300,573600,16896000,36937200,13216600,19106600,11944600,11213800,13381700,3190600,1820800,28013700,5846400,7435500,2735800,4761200,10943900,5432400,11988400,265740000,32681500,1247400,6903000,8514000,2547300,4955700,2203100,2797500,3375300,18699000,49656800,37503800,14356700,19656400
2021-11-02,98.86724853515625,127.62999725341797,184.4597930908203,777.7423095703125,49.33021545410156,42.80071258544922,48.70566940307617,58.55048370361328,61.94060516357422,93.96684265136719,33.5859260559082,74.18126678466797,378.98114013671875,45.924110412597656,145.55239868164062,152.011962890625,245.804443359375,57.984840393066406,77.39866638183594,90.36634063720703,69.1077651977539,26.345300674438477,35.494083404541016,177.36502075195312,122.4089126586914,30.039281845092773,156.90090942382812,105.86589050292969,417.89825439453125,49.728878021240234,65.2340087890625,45.67817306518555,24.607637405395508,37.31795883178711,125.01788330078125,54.750946044921875,116.52999877929688,127.62999725341797,214.25999450683594,812.02001953125,53.707000732421875,47.880001068115234,58.630001068115234,68.5999984741211,73.02999877929688,113.83000183105469,41.97999954223633,92.81999969482422,423.8500061035156,49.86000061035156,165.58999633789062,170.47000122070312,256.8500061035156,64.63999938964844,89.0199966430664,104.66000366210938,70.76000213623047,26.400999069213867,45.45000076293945,210.10000610351562,135.22999572753906,33.20000076293945,162.7899932861328,114.11000061035156,452.0400085449219,60.86000061035156,75.86000061035156,51.29999923706055,28.954999923706055,40.380001068115234,134.5,64.81999969482422,117.69000244140625,128.4600067138672,214.72000122070312,817.6900024414062,54.082000732421875,48.41999816894531,59.630001068115234,69.62999725341797,75.25,114.19000244140625,42.529998779296875,94.19000244140625,426.1600036621094,49.900001525878906,166.97999572753906,171.69000244140625,259.29998779296875,68.77999877929688,90.41999816894531,105.33999633789062,70.8499984741211,26.67799949645996,46.040000915527344,210.5500030517578,135.72999572753906,33.59000015258789,162.79666137695312,114.80000305175781,456.44000244140625,61.11000061035156,78.05000305175781,51.720001220703125,29.28499984741211,40.5,135.1699981689453,65.44999694824219,115.16000366210938,124.19999694824219,208.13999938964844,811.2899780273438,52.667999267578125,47.349998474121094,58.290000915527344,68.54000091552734,72.80999755859375,113.20999908447266,41.70000076293945,92.20999908447266,412.7900085449219,49.22999954223633,162.97999572753906,168.9199981689453,249.39999389648438,64.06999969482422,87.4800033569336,103.37000274658203,70.04000091552734,25.799999237060547,43.04999923706055,208.89999389648438,134.1199951171875,32.90999984741211,160.70333862304688,113.54000091552734,450.3800048828125,60.290000915527344,75.63999938964844,51.220001220703125,28.860000610351562,40.15999984741211,133.00999450683594,64.66000366210938,115.25,124.9800033569336,210.50999450683594,812.3200073242188,52.744998931884766,47.56999969482422,58.779998779296875,69.52999877929688,74.54000091552734,114.18000030517578,41.7599983215332,92.7300033569336,415.1000061035156,49.61000061035156,163.6999969482422,169.8000030517578,251.25,67.01000213623047,88.2300033569336,103.93000030517578,70.48999786376953,25.82200050354004,45.08000183105469,209.88999938964844,134.5500030517578,33.0,160.70333862304688,113.58999633789062,456.260009765625,60.83000183105469,77.61000061035156,51.540000915527344,29.059999465942383,40.27000045776367,134.17999267578125,65.02999877929688,10357800,53491900,3329300,503800,16262000,36283400,13462700,25539000,10891900,9189700,9657200,2327300,3000800,27193300,8450600,7173800,3987800,8026700,14671400,7191700,9761100,294112000,69248000,1627000,7321900,7293900,2225400,4479700,2600000,3588300,3913100,21672500,34125400,31436800,20851500,16300000
2021-11-03,99.74961853027344,130.52999877929688,187.79151916503906,794.982421875,49.81702423095703,43.238731384277344,49.31210708618164,58.89189910888672,61.694664001464844,93.28992462158203,33.57792663574219,72.686767578125,373.66094970703125,46.41227340698242,145.08656311035156,152.06549072265625,254.80979919433594,57.12367248535156,77.10303497314453,88.59632110595703,69.58633422851562,26.541889190673828,35.0020866394043,179.55992126464844,125.35076141357422,29.840225219726562,158.70974731445312,105.77311706542969,422.78863525390625,50.5214729309082,65.25121307373047,46.30146789550781,24.403671264648438,37.45658874511719,125.75220489501953,53.99919891357422,117.56999969482422,130.52999877929688,218.1300048828125,830.02001953125,54.23699951171875,48.369998931884766,59.36000061035156,69.0,72.73999786376953,113.01000213623047,41.970001220703125,90.94999694824219,417.8999938964844,50.38999938964844,165.05999755859375,170.52999877929688,266.260009765625,63.68000030517578,88.68000030517578,102.61000061035156,71.25,26.597999572753906,44.81999969482422,212.6999969482422,138.47999572753906,32.97999954223633,164.6666717529297,114.01000213623047,457.3299865722656,61.83000183105469,75.87999725341797,52.0,28.71500015258789,40.529998779296875,135.2899932861328,63.93000030517578,117.61000061035156,130.60000610351562,219.25,831.5800170898438,54.37900161743164,48.689998626708984,59.470001220703125,69.58000183105469,73.69000244140625,113.2699966430664,44.029998779296875,93.11000061035156,424.0,50.45000076293945,165.77000427246094,171.1300048828125,266.7900085449219,64.33000183105469,89.41999816894531,104.7300033569336,71.33000183105469,26.784000396728516,45.9900016784668,213.5800018310547,138.85000610351562,33.369998931884766,164.86666870117188,114.0999984741211,457.5199890136719,62.2599983215332,77.12000274658203,52.56999969482422,29.014999389648438,40.68000030517578,135.33999633789062,64.44999694824219,116.23999786376953,126.79000091552734,209.8000030517578,810.47998046875,53.37699890136719,47.61000061035156,58.40999984741211,68.08999633789062,72.25,111.97000122070312,41.47999954223633,90.1500015258789,412.55999755859375,49.709999084472656,163.42999267578125,169.14999389648438,257.760009765625,63.16999816894531,88.20999908447266,101.87999725341797,70.26000213623047,26.235000610351562,44.47999954223633,208.72999572753906,135.0399932861328,32.189998626708984,162.3699951171875,112.7300033569336,447.0400085449219,60.5,74.4000015258789,51.02000045776367,28.485000610351562,40.16999816894531,133.74000549316406,63.65999984741211,116.52999877929688,127.75,210.91000366210938,818.4000244140625,53.904998779296875,47.79999923706055,58.54999923706055,68.30000305175781,72.6500015258789,112.2699966430664,42.59000015258789,91.56999969482422,423.1199951171875,49.93000030517578,165.0399932861328,170.1300048828125,257.7699890136719,64.23999786376953,88.7699966430664,104.38999938964844,70.72000122070312,26.670000076293945,45.52000045776367,209.17999267578125,135.75,32.560001373291016,163.0,113.44000244140625,450.4200134277344,60.58000183105469,74.88999938964844,51.040000915527344,28.604999542236328,40.25,134.24000549316406,64.04000091552734,6186900,59537800,3775600,566900,14038000,42553000,12305800,21755600,9311800,10416000,15035600,4917500,3542400,23962100,6717800,8402700,4382900,7830100,10883900,9009000,10266900,239910000,44593100,1439300,13216000,10448800,2175000,6073000,2438200,4187500,4436200,24225700,46674800,42946800,14610000,17372800
2021-11-04,99.31690979003906,137.5,185.03659057617188,814.5880737304688,50.391075134277344,42.309059143066406,49.220726013183594,57.18488693237305,62.178104400634766,93.70270538330078,33.88994216918945,72.64681243896484,364.87164306640625,46.66083526611328,144.6822052001953,150.0680389404297,259.3459167480469,57.024993896484375,78.72023010253906,86.16144561767578,70.55323028564453,29.738134384155273,34.5451545715332,175.34742736816406,141.30929565429688,29.994043350219727,164.04933166503906,109.28001403808594,422.26177978515625,49.25495910644531,65.65538024902344,45.246726989746094,24.43766212463379,36.96677017211914,124.88775634765625,54.40463638305664,117.05999755859375,137.5,214.92999267578125,850.489990234375,54.86199951171875,47.33000183105469,59.25,67.0,73.30999755859375,113.51000213623047,42.36000061035156,90.9000015258789,408.07000732421875,50.310001373291016,164.60000610351562,168.2899932861328,271.0,63.56999969482422,90.54000091552734,99.79000091552734,72.23999786376953,29.801000595092773,43.849998474121094,207.7100067138672,156.11000061035156,33.150001525878906,170.2066650390625,117.79000091552734,456.760009765625,60.279998779296875,76.3499984741211,50.619998931884766,28.7549991607666,40.0,134.36000061035156,64.41000366210938,117.72000122070312,139.0,218.4499969482422,853.1500244140625,54.90700149536133,48.150001525878906,59.689998626708984,68.7699966430664,74.77999877929688,114.26000213623047,43.7599983215332,93.62999725341797,415.989990234375,50.349998474121094,164.99000549316406,170.1999969482422,271.1099853515625,64.5199966430664,91.4000015258789,102.30999755859375,72.4800033569336,31.364999771118164,44.470001220703125,211.86000061035156,159.5800018310547,33.7400016784668,170.97000122070312,117.8499984741211,458.510009765625,61.529998779296875,77.4000015258789,51.70000076293945,29.21500015258789,40.47999954223633,135.19000244140625,64.88999938964844,116.33000183105469,130.77000427246094,211.72000122070312,829.5999755859375,54.09199905395508,46.880001068115234,58.61000061035156,66.5199966430664,72.87000274658203,112.91000366210938,41.869998931884766,90.12999725341797,403.0299987792969,49.72999954223633,162.6699981689453,166.49000549316406,265.2699890136719,62.31999969482422,89.2699966430664,98.16999816894531,71.04000091552734,27.118000030517578,43.310001373291016,206.0,153.3000030517578,32.7400016784668,165.6199951171875,112.41000366210938,452.1600036621094,59.7599983215332,75.06999969482422,49.90999984741211,28.4950008392334,39.689998626708984,133.42999267578125,63.83000183105469,117.56999969482422,132.00999450683594,218.3000030517578,831.6400146484375,54.380001068115234,48.150001525878906,59.439998626708984,68.75,74.0,114.22000122070312,42.959999084472656,92.58000183105469,414.6499938964844,50.2400016784668,164.94000244140625,170.0,265.4800109863281,64.44000244140625,90.37000274658203,102.2300033569336,72.37000274658203,27.229000091552734,44.290000915527344,211.86000061035156,156.32000732421875,33.619998931884766,166.52667236328125,113.37000274658203,457.6000061035156,61.470001220703125,76.9000015258789,51.54999923706055,29.139999389648438,40.380001068115234,134.97999572753906,64.68000030517578,4912200,84825200,2781300,1058200,15956000,47646300,9831000,32148900,8573500,9673000,11428000,5006500,3802300,24806000,8224400,9574200,4133400,9258900,19519800,14823800,15936600,1153631000,38172500,1440800,48321500,12516200,4080900,14682800,2517300,4260300,3475100,32005700,76363200,48279700,15818500,17720100
2021-11-05,99.4187240600586,136.33999633789062,184.03794860839844,811.2455444335938,51.3371467590332,41.987247467041016,49.386871337890625,57.17634201049805,63.9931526184082,94.71804809570312,34.865997314453125,76.01940155029297,363.9864501953125,47.22658157348633,143.65379333496094,149.85403442382812,253.60398864746094,59.034366607666016,70.95600891113281,86.23052215576172,71.21733856201172,29.689233779907227,38.29510498046875,174.83241271972656,147.57321166992188,30.31976318359375,165.8708953857422,109.289306640625,421.3834228515625,49.58997344970703,67.0054702758789,45.08583450317383,24.75636100769043,36.98525619506836,123.49352264404297,54.91987228393555,117.18000030517578,136.33999633789062,213.77000427246094,847.0,55.891998291015625,46.970001220703125,59.45000076293945,66.98999786376953,75.44999694824219,114.73999786376953,43.58000183105469,95.12000274658203,407.0799865722656,50.91999816894531,163.42999267578125,168.0500030517578,265.0,65.80999755859375,81.61000061035156,99.87000274658203,72.91999816894531,29.75200080871582,48.61000061035156,207.10000610351562,163.02999877929688,33.5099983215332,172.09666442871094,117.80000305175781,455.80999755859375,60.689998626708984,77.91999816894531,50.439998626708984,29.1299991607666,40.02000045776367,132.86000061035156,65.0199966430664,117.31999969482422,141.22000122070312,217.4199981689453,854.6400146484375,55.96699905395508,47.81999969482422,59.86000061035156,67.98999786376953,75.80999755859375,115.05000305175781,43.66999816894531,96.19000244140625,414.45001220703125,51.58000183105469,164.60000610351562,170.08999633789062,269.489990234375,66.05000305175781,84.0,101.9800033569336,73.73999786376953,31.399999618530273,48.810001373291016,211.14999389648438,168.5500030517578,34.060001373291016,173.4166717529297,119.52999877929688,461.5199890136719,61.22999954223633,78.08000183105469,51.61000061035156,29.260000228881836,40.4900016784668,133.6999969482422,65.33000183105469,115.5,134.4199981689453,212.72999572753906,841.6400146484375,54.98099899291992,46.81999969482422,58.77000045776367,66.94999694824219,73.91999816894531,113.93000030517578,42.31999969482422,92.87999725341797,406.1000061035156,50.540000915527344,162.1999969482422,167.41000366210938,258.55999755859375,64.12999725341797,81.3499984741211,99.7300033569336,72.36000061035156,29.40999984741211,46.54999923706055,205.72000122070312,155.91000366210938,33.43000030517578,170.38999938964844,116.25,454.5799865722656,60.43000030517578,76.18000030517578,50.400001525878906,28.889999389648438,39.88999938964844,131.89999389648438,64.55999755859375,116.7300033569336,139.19000244140625,215.61000061035156,852.22998046875,55.0,47.599998474121094,59.08000183105469,67.81999969482422,74.55999755859375,114.2699966430664,43.09000015258789,94.97000122070312,411.3999938964844,50.54999923706055,162.47999572753906,168.89999389648438,268.989990234375,64.7300033569336,82.29000091552734,101.33000183105469,73.0,30.187000274658203,48.09000015258789,209.52000427246094,157.07000732421875,33.70000076293945,171.26666259765625,118.16999816894531,457.8299865722656,60.91999816894531,77.75,51.0,29.149999618530273,40.31999969482422,133.14999389648438,65.05000305175781,4635800,64920600,2300100,735300,18674000,38271200,10625200,20902600,6987600,8102100,8681700,7202000,2105600,36816200,6215900,7975600,3745700,10113800,37623900,8449600,13019300,851260000,173959100,1157700,27226600,11279200,4534800,8668100,2905000,3907500,3492600,23443200,45207000,57866300,14867300,18565100
2021-11-08,98.46849822998047,150.16000366210938,181.97171020507812,814.052001953125,51.339908599853516,42.3179931640625,49.35364532470703,58.42246627807617,64.40027618408203,95.05650329589844,35.29802322387695,77.513916015625,365.11309814453125,47.810890197753906,143.16152954101562,150.75465393066406,249.326171875,58.90878677368164,71.8863296508789,86.40320587158203,72.81905364990234,30.7390193939209,38.07451629638672,175.73570251464844,150.1258544921875,31.03455352783203,168.1134490966797,112.17462158203125,427.67913818359375,49.58997344970703,66.88507843017578,45.47018814086914,24.98157501220703,37.188568115234375,124.22779846191406,55.51113510131836,116.05999755859375,150.16000366210938,211.3699951171875,849.9299926757812,55.89500045776367,47.34000015258789,59.40999984741211,68.44999694824219,75.93000030517578,115.1500015258789,44.119998931884766,96.98999786376953,408.3399963378906,51.54999923706055,162.8699951171875,169.05999755859375,260.5299987792969,65.66999816894531,82.68000030517578,100.06999969482422,74.55999755859375,30.804000854492188,48.33000183105469,208.1699981689453,165.85000610351562,34.29999923706055,174.42333984375,120.91000366210938,462.6199951171875,60.689998626708984,77.77999877929688,50.869998931884766,29.395000457763672,40.2400016784668,133.64999389648438,65.72000122070312,117.44999694824219,153.60000610351562,214.44000244140625,856.9500122070312,56.388999938964844,47.79999923706055,60.20000076293945,69.0199966430664,77.1500015258789,115.98999786376953,44.790000915527344,98.19999694824219,413.6499938964844,51.9900016784668,164.1699981689453,170.9199981689453,266.9100036621094,67.0999984741211,82.87999725341797,101.80000305175781,75.02999877929688,31.100000381469727,48.790000915527344,209.14999389648438,167.7100067138672,34.63999938964844,175.55999755859375,122.25,464.19000244140625,61.130001068115234,79.08999633789062,51.369998931884766,29.700000762939453,40.529998779296875,133.82000732421875,66.37999725341797,115.77999877929688,137.6999969482422,210.92999267578125,848.0,55.810001373291016,47.25,59.060001373291016,67.37000274658203,75.45999908447266,114.69000244140625,43.810001373291016,95.80999755859375,407.9599914550781,51.060001373291016,162.00999450683594,168.74000549316406,259.1499938964844,65.62999725341797,79.87999725341797,99.97000122070312,73.12000274658203,29.906999588012695,47.599998474121094,206.6300048828125,161.27999877929688,33.560001373291016,172.5366668701172,117.05000305175781,454.30999755859375,60.2599983215332,77.2699966430664,50.54999923706055,29.235000610351562,40.13999938964844,132.5800018310547,65.37999725341797,117.19999694824219,137.6999969482422,214.05999755859375,855.510009765625,56.196998596191406,47.349998474121094,59.79999923706055,67.88999938964844,75.66999816894531,115.08999633789062,44.150001525878906,96.22000122070312,409.8900146484375,51.459999084472656,163.67999267578125,169.0500030517578,263.989990234375,66.44000244140625,80.41000366210938,100.45999908447266,73.31999969482422,30.14900016784668,48.61000061035156,208.22999572753906,163.2100067138672,33.689998626708984,173.163330078125,118.38999938964844,456.8500061035156,60.91999816894531,78.91000366210938,50.54999923706055,29.375,40.27000045776367,133.10000610351562,65.55000305175781,7015000,141493800,2532900,728100,17231000,33815500,10294200,25122000,6957700,7695900,8016400,3487300,1728400,31647800,5578800,6413700,2386100,5393800,18655700,7332000,18742300,503101000,57423300,943100,14541400,14225900,2921400,15776300,2279900,3563800,2701900,19509500,40022400,32864600,8948800,17696000
2021-11-09,98.08670806884766,148.9199981689453,182.2644500732422,814.166748046875,51.23427200317383,41.90679168701172,49.39517593383789,58.02985382080078,64.24759674072266,95.75819396972656,35.19401931762695,77.60980987548828,362.4395446777344,47.486270904541016,142.8450927734375,149.6132354736328,250.75210571289062,60.218467712402344,71.92111206054688,86.09236907958984,73.82501220703125,30.592330932617188,37.26308059692383,174.78179931640625,150.93145751953125,30.889789581298828,168.1134490966797,112.98175811767578,429.2784729003906,49.083370208740234,67.28923797607422,44.594215393066406,25.08355712890625,36.98525619506836,123.77235412597656,56.051727294921875,115.61000061035156,148.9199981689453,211.7100067138672,850.0499877929688,55.779998779296875,46.880001068115234,59.459999084472656,67.98999786376953,75.75,116.0,43.9900016784668,97.11000061035156,405.3500061035156,51.20000076293945,162.50999450683594,167.77999877929688,262.0199890136719,67.12999725341797,82.72000122070312,99.70999908447266,75.58999633789062,30.656999588012695,47.29999923706055,207.0399932861328,166.74000549316406,34.13999938964844,174.42333984375,121.77999877929688,464.3500061035156,60.06999969482422,78.25,49.88999938964844,29.514999389648438,40.02000045776367,133.16000366210938,66.36000061035156,116.58999633789062,155.64999389648438,213.6999969482422,855.4600219726562,56.189998626708984,47.36000061035156,59.650001525878906,68.25,75.98999786376953,116.12000274658203,44.400001525878906,97.47000122070312,407.5799865722656,51.77000045776367,163.58999633789062,168.47000122070312,262.1600036621094,67.2699966430664,83.70999908447266,100.30999755859375,76.2699966430664,32.310001373291016,48.380001068115234,207.97000122070312,169.52000427246094,34.290000915527344,176.3633270263672,123.2699966430664,464.4700012207031,60.439998626708984,78.44000244140625,50.560001373291016,29.524999618530273,40.15999984741211,133.80999755859375,66.37000274658203,115.41000366210938,143.88999938964844,210.47000122070312,842.0,55.513999938964844,46.40999984741211,59.20000076293945,67.44000244140625,74.72000122070312,114.45999908447266,42.619998931884766,94.80999755859375,400.05999755859375,50.77000045776367,162.02000427246094,166.60000610351562,258.3900146484375,65.66000366210938,81.91000366210938,98.27999877929688,74.55999755859375,29.964000701904297,47.150001525878906,205.2100067138672,164.3800048828125,33.31999969482422,172.5433349609375,120.16999816894531,460.2900085449219,59.59000015258789,77.0,49.209999084472656,29.010000228881836,39.7599983215332,132.89999389648438,65.30999755859375,116.23999786376953,154.00999450683594,211.02000427246094,852.010009765625,55.91899871826172,46.650001525878906,59.40999984741211,67.77999877929688,75.80999755859375,115.2699966430664,44.119998931884766,96.87000274658203,406.1099853515625,51.540000915527344,162.61000061035156,167.35000610351562,260.5299987792969,65.70999908447266,83.62000274658203,99.45999908447266,75.0999984741211,32.28200149536133,48.33000183105469,206.1300048828125,166.50999450683594,34.209999084472656,176.163330078125,121.25,462.6199951171875,60.11000061035156,77.58999633789062,50.5,29.43000030517578,40.029998779296875,133.69000244140625,65.7699966430664,3146800,98442600,2296300,676500,15838000,36900300,9128800,18513000,6049800,10945900,7071000,2439400,2246900,22508400,6112800,7990300,1963800,6152200,10512000,8756900,20127300,646746000,29920400,1129500,12353900,10925500,2722800,10874100,2657800,4042900,3519900,28324800,39378000,48420400,7287000,18781300
2021-11-10,99.05390167236328,139.8699951171875,183.55584716796875,783.3260498046875,50.40485382080078,42.219661712646484,49.3370246887207,58.21762466430664,61.91517639160156,94.23101806640625,33.86593246459961,75.35606384277344,356.86907958984375,47.07818603515625,144.39215087890625,149.47056579589844,253.2689971923828,58.774227142333984,73.0427017211914,84.41731262207031,71.69590759277344,29.39685821533203,38.61809539794922,173.40577697753906,144.64944458007812,29.61402130126953,163.15614318847656,109.66041564941406,425.1645812988281,49.426544189453125,66.09394073486328,45.014320373535156,24.420671463012695,36.92055892944336,124.12556457519531,54.94746398925781,116.75,139.8699951171875,213.2100067138672,817.8499755859375,54.87699890136719,47.22999954223633,59.38999938964844,68.20999908447266,73.0,114.1500015258789,42.33000183105469,94.29000091552734,399.1199951171875,50.7599983215332,164.27000427246094,167.6199951171875,264.6499938964844,65.5199966430664,84.01000213623047,97.7699966430664,73.41000366210938,29.458999633789062,49.02000045776367,205.41000366210938,159.8000030517578,32.72999954223633,169.27999877929688,118.19999694824219,459.8999938964844,60.4900016784668,76.86000061035156,50.36000061035156,28.735000610351562,39.95000076293945,133.5399932861328,64.19000244140625,117.0999984741211,146.3000030517578,215.5,835.4400024414062,56.09000015258789,47.52000045776367,59.95000076293945,68.44000244140625,74.97000122070312,116.20999908447266,43.880001068115234,96.41999816894531,405.54998779296875,51.38999938964844,164.83999633789062,168.9499969482422,266.0,67.33000183105469,84.0199966430664,99.62000274658203,75.1500015258789,30.850000381469727,49.209999084472656,208.25999450683594,166.1199951171875,34.08000183105469,173.49000549316406,120.80000305175781,466.0,60.88999938964844,78.79000091552734,50.77000045776367,29.485000610351562,40.20000076293945,134.0800018310547,65.6500015258789,115.38999938964844,138.52000427246094,212.52999877929688,815.1099853515625,54.80500030517578,46.650001525878906,59.29999923706055,67.70999908447266,72.93000030517578,113.66000366210938,41.61000061035156,93.02999877929688,397.25,50.709999084472656,162.35000610351562,167.08999633789062,261.6000061035156,65.27999877929688,82.69999694824219,97.72000122070312,73.19999694824219,28.777999877929688,47.400001525878906,205.14999389648438,159.02999877929688,32.4900016784668,168.5433349609375,117.68000030517578,456.6300048828125,60.13999938964844,76.62999725341797,49.68000030517578,28.565000534057617,39.849998474121094,133.10000610351562,63.77000045776367,115.4000015258789,143.92999267578125,213.27999877929688,829.6099853515625,55.43000030517578,46.75,59.29999923706055,68.12000274658203,74.5,115.76000213623047,43.45000076293945,96.2300033569336,402.3299865722656,50.97999954223633,162.52999877929688,167.4499969482422,262.0,66.55999755859375,83.30999755859375,98.73999786376953,74.16000366210938,29.356000900268555,47.400001525878906,207.55999755859375,165.08999633789062,33.939998626708984,171.14999389648438,119.5999984741211,465.3900146484375,60.27000045776367,77.55000305175781,49.7400016784668,29.389999389648438,39.97999954223633,133.1199951171875,65.31999969482422,4981100,82989200,2360400,737700,18450000,39385600,11005200,19290200,7484700,10305100,9206500,4271500,2243900,25040700,6225100,6999200,2215100,6560900,9855900,9191500,15228300,636206000,42696200,1513600,11327100,10311700,3934200,9046100,2818200,3580100,3523600,19827800,72033000,60695100,8445400,20177200
2021-11-11,98.95209503173828,146.00999450683594,182.1353302001953,798.2100830078125,51.01383590698242,42.452091217041016,49.17088317871094,58.780941009521484,61.18578338623047,94.23926544189453,34.17795181274414,75.85956573486328,359.7481994628906,46.86487579345703,143.3285369873047,149.46165466308594,251.3358917236328,59.20481491088867,73.05140686035156,85.37572479248047,72.80928802490234,30.325891494750977,39.531951904296875,173.566162109375,148.83143615722656,29.659259796142578,166.606689453125,109.651123046875,422.8440856933594,49.663509368896484,66.40351867675781,45.219913482666016,24.514156341552734,37.0222282409668,123.76306915283203,55.05018997192383,116.62999725341797,146.00999450683594,211.55999755859375,833.3900146484375,55.540000915527344,47.4900016784668,59.189998626708984,68.87000274658203,72.13999938964844,114.16000366210938,42.720001220703125,94.91999816894531,402.3399963378906,50.529998779296875,163.05999755859375,167.61000061035156,262.6300048828125,66.0,84.0199966430664,98.87999725341797,74.55000305175781,30.389999389648438,50.18000030517578,205.60000610351562,164.4199981689453,32.779998779296875,172.86000061035156,118.19000244140625,457.3900146484375,60.779998779296875,77.22000122070312,50.59000015258789,28.844999313354492,40.060001373291016,133.14999389648438,64.30999755859375,117.48999786376953,146.47000122070312,214.0800018310547,839.0399780273438,55.71200180053711,47.88999938964844,59.689998626708984,69.18000030517578,73.66000366210938,114.66999816894531,43.31999969482422,96.31999969482422,403.760009765625,51.06999969482422,163.80999755859375,168.67999267578125,264.32000732421875,66.79000091552734,84.26000213623047,99.30999755859375,74.95999908447266,30.59000015258789,50.5,206.82000732421875,165.55999755859375,33.130001068115234,173.27333068847656,120.47000122070312,460.8500061035156,61.11000061035156,78.05000305175781,50.90999984741211,29.040000915527344,40.189998626708984,133.61000061035156,64.83000183105469,116.29000091552734,140.83999633789062,210.55999755859375,829.2000122070312,54.88100051879883,47.0099983215332,59.13999938964844,68.16999816894531,71.98999786376953,113.56999969482422,42.58000183105469,94.7300033569336,398.510009765625,50.40999984741211,162.49000549316406,166.89999389648438,261.95001220703125,65.5199966430664,83.52999877929688,97.47000122070312,73.62000274658203,29.777000427246094,48.72999954223633,205.02999877929688,161.38999938964844,32.599998474121094,170.75,117.80000305175781,455.44000244140625,60.41999816894531,76.4000015258789,50.220001220703125,28.7549991607666,39.84000015258789,132.8300018310547,64.0199966430664,116.94000244140625,142.9600067138672,214.0800018310547,833.27001953125,55.26900100708008,47.310001373291016,59.400001525878906,68.26000213623047,73.30000305175781,113.5999984741211,42.59000015258789,94.7300033569336,400.1400146484375,51.0099983215332,163.49000549316406,167.52000427246094,262.32000732421875,65.61000061035156,83.91999816894531,98.04000091552734,74.0199966430664,30.468000411987305,49.22999954223633,205.5500030517578,161.8000030517578,32.880001068115234,172.0800018310547,119.26000213623047,460.0,60.4900016784668,76.8499984741211,50.41999816894531,28.7549991607666,40.0099983215332,133.52000427246094,64.19000244140625,3120900,67934800,2615700,416000,14157000,31194800,8148700,20296200,7784500,7317500,6521100,3068600,1252400,25420000,4118800,5815300,1739400,5166800,5761500,6249600,12192600,332172000,42370400,1063600,7624200,6363900,2283000,6994000,2246800,2893700,2710300,16069700,48996600,31438900,8597300,13319300
2021-11-12,99.2405776977539,147.88999938964844,181.9889373779297,815.6802978515625,51.73210906982422,41.93361282348633,49.370262145996094,59.02846145629883,61.37238311767578,94.29705047607422,34.065948486328125,75.79561614990234,362.0462646484375,46.66083526611328,145.04257202148438,148.79287719726562,249.2908477783203,59.02540588378906,73.03401184082031,86.21324157714844,75.49507904052734,30.325891494750977,39.17744064331055,171.88619995117188,149.30210876464844,29.64116859436035,168.2355499267578,110.11499786376953,424.3232421875,49.43471908569336,65.85317993164062,45.55064010620117,24.45466423034668,37.10539245605469,124.37651824951172,54.630741119384766,116.97000122070312,147.88999938964844,211.38999938964844,851.6300048828125,56.321998596191406,46.90999984741211,59.43000030517578,69.16000366210938,72.36000061035156,114.2300033569336,42.58000183105469,94.83999633789062,404.9100036621094,50.310001373291016,165.00999450683594,166.86000061035156,259.6499938964844,65.80000305175781,84.0,99.8499984741211,77.30000305175781,30.389999389648438,49.72999954223633,203.61000061035156,164.94000244140625,32.7599983215332,174.5500030517578,118.69000244140625,458.989990234375,60.5,76.58000183105469,50.959999084472656,28.774999618530273,40.150001525878906,133.80999755859375,63.81999969482422,117.4000015258789,148.58999633789062,212.8800048828125,855.0,56.58399963378906,47.529998779296875,59.70000076293945,69.16999816894531,72.54000091552734,114.30999755859375,42.869998931884766,96.02999877929688,405.1000061035156,50.900001525878906,167.6199951171875,167.74000549316406,262.5199890136719,66.2300033569336,84.19999694824219,99.88999938964844,78.0199966430664,30.68000030517578,50.4900016784668,205.6300048828125,166.02000427246094,32.869998931884766,175.3766632080078,118.81999969482422,461.0,60.810001373291016,77.69000244140625,51.0,28.889999389648438,40.15999984741211,134.1199951171875,64.37000274658203,116.43000030517578,144.25,210.3800048828125,835.0999755859375,55.45899963378906,46.7599983215332,58.7599983215332,68.30000305175781,71.5,113.58999633789062,42.029998779296875,94.29000091552734,399.20001220703125,50.18000030517578,164.61000061035156,165.72000122070312,258.92999267578125,65.43000030517578,83.05000305175781,98.05000305175781,74.94999694824219,29.6299991607666,49.56999969482422,202.1999969482422,164.3300018310547,32.34000015258789,172.50332641601562,117.2699966430664,457.0799865722656,59.959999084472656,75.86000061035156,50.369998931884766,28.600000381469727,39.790000915527344,133.07000732421875,63.58000183105469,117.4000015258789,146.02999877929688,212.3000030517578,840.0,55.840999603271484,47.5099983215332,58.81999969482422,69.0,71.58999633789062,113.80000305175781,42.33000183105469,94.48999786376953,403.0,50.599998474121094,167.42999267578125,167.64999389648438,261.7799987792969,65.58000183105469,83.83999633789062,99.20999908447266,75.0199966430664,30.010000228881836,50.41999816894531,205.42999267578125,165.0,32.47999954223633,173.4600067138672,118.38999938964844,460.6700134277344,60.720001220703125,76.58000183105469,50.68000030517578,28.725000381469727,40.119998931884766,134.0,63.959999084472656,2740300,52162100,4614100,531200,13592000,44268500,9278300,13867400,5329600,8682800,5994800,3539500,1360100,23884800,18995200,8113400,1964000,4044700,8206700,7270300,26553200,413054000,27780600,1490700,7371000,7346100,1970400,6947200,2609500,3686000,2846900,17124700,34190000,39218800,8317600,18158900
2021-11-15,99.1302490234375,146.49000549316406,180.05299377441406,820.5552978515625,51.966331481933594,42.058753967285156,49.5280876159668,58.66997528076172,61.677696228027344,96.43509674072266,34.54597854614258,74.4849624633789,361.95672607421875,46.670108795166016,143.73287963867188,148.5253448486328,248.11949157714844,59.31246566772461,72.76449584960938,86.52407836914062,74.98722076416016,29.961658477783203,39.11442565917969,172.9076690673828,152.5336456298828,29.604976654052734,168.1102294921875,109.58618927001953,416.7518310546875,49.40203857421875,66.51530456542969,45.65789794921875,24.65862464904785,37.10539245605469,123.60504913330078,55.1015510559082,116.83999633789062,146.49000549316406,207.39999389648438,856.719970703125,56.57699966430664,47.04999923706055,59.619998931884766,68.73999786376953,72.72000122070312,116.81999969482422,43.18000030517578,93.19999694824219,404.80999755859375,50.31999969482422,163.52000427246094,166.55999755859375,258.42999267578125,66.12000274658203,83.69000244140625,100.20999908447266,76.77999877929688,30.024999618530273,49.650001525878906,204.82000732421875,168.50999450683594,32.720001220703125,174.4199981689453,118.12000274658203,450.79998779296875,60.459999084472656,77.3499984741211,51.08000183105469,29.014999389648438,40.150001525878906,132.97999572753906,64.37000274658203,117.80000305175781,148.97999572753906,210.88999938964844,861.5999755859375,56.76900100708008,47.38999938964844,60.060001373291016,69.66999816894531,73.38999938964844,116.94999694824219,43.7599983215332,94.70999908447266,407.3399963378906,50.630001068115234,165.4600067138672,167.7899932861328,259.6099853515625,67.0999984741211,84.18000030517578,100.80000305175781,78.27999877929688,30.643999099731445,50.099998474121094,205.22000122070312,169.94000244140625,32.95000076293945,175.85667419433594,119.63999938964844,458.2099914550781,60.81999969482422,77.91999816894531,51.70000076293945,29.184999465942383,40.36000061035156,134.19000244140625,64.7699966430664,116.22000122070312,142.86000061035156,207.0800018310547,852.989990234375,55.983001708984375,46.900001525878906,59.4900016784668,68.54000091552734,71.73999786376953,114.2699966430664,41.66999816894531,92.31999969482422,403.9100036621094,50.119998931884766,163.22000122070312,166.0,257.1600036621094,65.44999694824219,83.4000015258789,99.95999908447266,76.5999984741211,29.246999740600586,49.369998931884766,203.22999572753906,165.80999755859375,32.220001220703125,172.6266632080078,117.51000213623047,450.5,60.349998474121094,76.08000183105469,50.97999954223633,28.5049991607666,40.06999969482422,132.85000610351562,63.220001220703125,116.94999694824219,148.0,210.69000244140625,855.0,56.76900100708008,47.2599983215332,59.79999923706055,69.43000030517578,72.2300033569336,114.94999694824219,42.54999923706055,94.44999694824219,406.0,50.40999984741211,165.0,167.2100067138672,259.3900146484375,66.16999816894531,84.1500015258789,100.02999877929688,77.76000213623047,30.552000045776367,49.72999954223633,204.58999633789062,166.5,32.689998626708984,175.85667419433594,119.31999969482422,458.0,60.7599983215332,76.91000366210938,51.189998626708984,28.75,40.2599983215332,134.1199951171875,63.7599983215332,3941000,52271300,3129200,638000,13972000,35335500,10543300,12965100,6181400,11050400,8705800,6183400,1436500,24695800,7496200,6492500,1903200,6236700,7108200,5652200,12650700,384909000,27763200,1433700,12350200,8358900,2318100,5157000,2849600,3190100,4343100,20110200,42751400,30081100,6268900,18849200
2021-11-16,98.77392578125,152.4499969482422,178.30799865722656,824.2235717773438,52.24187088012695,42.08558654785156,49.09611129760742,57.81646728515625,61.60983657836914,96.81482696533203,34.745994567871094,73.44599914550781,360.41876220703125,46.93906784057617,142.98570251464844,147.4552764892578,247.43789672851562,58.67897415161133,73.12965393066406,86.93852233886719,75.01651763916016,30.139284133911133,39.07503128051758,173.50704956054688,164.5726776123047,29.758800506591797,170.62904357910156,109.54906463623047,415.66094970703125,49.45106506347656,67.02266693115234,45.02325439453125,24.696874618530273,37.06843185424805,124.12556457519531,55.657958984375,116.41999816894531,152.4499969482422,205.38999938964844,860.5499877929688,56.87699890136719,47.08000183105469,59.099998474121094,67.73999786376953,72.63999938964844,117.27999877929688,43.43000030517578,91.9000015258789,403.0899963378906,50.61000061035156,162.6699981689453,165.36000061035156,257.7200012207031,64.83999633789062,84.11000061035156,100.69000244140625,76.80999755859375,30.202999114990234,49.599998474121094,205.52999877929688,181.80999755859375,32.88999938964844,177.03334045410156,118.08000183105469,449.6199951171875,60.52000045776367,77.94000244140625,50.369998931884766,29.059999465942383,40.11000061035156,133.5399932861328,65.0199966430664,117.47000122070312,153.0800018310547,209.0399932861328,862.6099853515625,56.952999114990234,47.279998779296875,59.939998626708984,68.77999877929688,73.80999755859375,118.08000183105469,43.869998931884766,93.80000305175781,405.8399963378906,51.150001525878906,164.35000610351562,167.07000732421875,260.3500061035156,65.8499984741211,84.69000244140625,101.55999755859375,77.1500015258789,30.389999389648438,50.15999984741211,206.52000427246094,183.72999572753906,33.349998474121094,177.35333251953125,118.37999725341797,458.3500061035156,60.97999954223633,79.01000213623047,51.18000030517578,29.295000076293945,40.349998474121094,134.25999450683594,65.37000274658203,116.33999633789062,145.33999633789062,205.27000427246094,847.239990234375,56.27399826049805,46.689998626708984,58.849998474121094,67.30000305175781,72.56999969482422,116.86000061035156,42.75,91.83999633789062,399.0,50.34000015258789,162.6199951171875,165.1199951171875,255.99000549316406,64.51000213623047,83.25,99.51000213623047,75.77999877929688,29.70599937438965,48.88999938964844,203.77999877929688,167.05999755859375,32.470001220703125,173.42333984375,117.16000366210938,449.3699951171875,59.880001068115234,77.22000122070312,50.16999816894531,28.920000076293945,40.0,132.72000122070312,64.33999633789062,116.61000061035156,145.92999267578125,208.02999877929688,851.52001953125,56.409000396728516,47.18000030517578,59.5,68.77999877929688,73.0,117.11000061035156,43.20000076293945,93.61000061035156,403.9100036621094,50.369998931884766,163.17999267578125,167.05999755859375,256.9599914550781,65.70999908447266,83.66999816894531,100.0,76.55999755859375,29.759000778198242,49.470001220703125,204.99000549316406,168.11000061035156,32.81999969482422,173.63333129882812,117.69000244140625,452.989990234375,60.59000015258789,77.94000244140625,51.11000061035156,29.100000381469727,40.20000076293945,132.9499969482422,64.33999633789062,3476400,53100800,2942500,690900,13194000,35120800,9320300,19042800,7451100,10566300,5649100,4718800,1311000,30927800,7594700,9706100,2565700,5282000,10565200,6448500,11807600,264484000,31297200,1210000,33338200,7683800,2023200,5555100,3383800,3910500,4544200,19244900,40958800,32599500,6150900,17028700
2021-11-17,99.56295013427734,151.33999633789062,178.68130493164062,823.1798095703125,52.321781158447266,41.5760498046875,49.37855911254883,57.05685806274414,61.04159927368164,96.380615234375,33.83393478393555,71.9914779663086,350.1004333496094,46.58663558959961,143.5219268798828,146.66165161132812,250.7598114013672,57.538692474365234,71.8167724609375,84.339599609375,73.69804382324219,29.19927215576172,40.07553482055664,170.91539001464844,166.138671875,29.007816314697266,169.44029235839844,110.458251953125,415.041748046875,48.47053527832031,63.965885162353516,44.549530029296875,24.318683624267578,36.643306732177734,124.30215454101562,55.05018997192383,117.3499984741211,151.33999633789062,205.82000732421875,859.4600219726562,56.9640007019043,46.5099983215332,59.439998626708984,66.8499984741211,71.97000122070312,115.41999816894531,42.290000915527344,90.08000183105469,391.54998779296875,50.22999954223633,163.27999877929688,164.47000122070312,261.17999267578125,63.58000183105469,82.5999984741211,97.68000030517578,75.45999908447266,29.26099967956543,50.869998931884766,202.4600067138672,183.5399932861328,32.060001373291016,175.8000030517578,119.05999755859375,448.95001220703125,59.31999969482422,73.44999694824219,49.84000015258789,28.614999771118164,39.650001525878906,133.72999572753906,64.30999755859375,117.62000274658203,154.66000366210938,207.35000610351562,868.0,57.13600158691406,47.20000076293945,59.75,67.69000244140625,73.93000030517578,116.52999877929688,43.9900016784668,92.4800033569336,402.6499938964844,50.939998626708984,163.86000061035156,165.55999755859375,264.54998779296875,65.0999984741211,84.66999816894531,100.62999725341797,76.56999969482422,30.509000778198242,51.09000015258789,205.38999938964844,186.3300018310547,33.060001373291016,177.1233367919922,119.55000305175781,453.9599914550781,60.470001220703125,77.01000213623047,50.689998626708984,29.190000534057617,40.04999923706055,134.25,65.23999786376953,116.25,149.69000244140625,203.60000610351562,857.5999755859375,56.40999984741211,46.45000076293945,58.349998474121094,66.7699966430664,71.7300033569336,114.66000366210938,42.04999923706055,89.20999908447266,391.4700012207031,49.97999954223633,161.7899932861328,163.38999938964844,256.07000732421875,63.34000015258789,82.58999633789062,97.3499984741211,75.19000244140625,28.799999237060547,49.689998626708984,201.44000244140625,178.6300048828125,31.829999923706055,174.94000244140625,117.51000213623047,448.7300109863281,59.29999923706055,73.29000091552734,49.529998779296875,28.514999389648438,39.540000915527344,133.11000061035156,64.18000030517578,116.5999984741211,151.97999572753906,205.2100067138672,859.2000122070312,56.81399917602539,47.08000183105469,59.0,67.66000366210938,72.12000274658203,114.87000274658203,42.97999954223633,90.70999908447266,401.8500061035156,50.599998474121094,162.8699951171875,165.2100067138672,256.80999755859375,64.0199966430664,84.37000274658203,100.51000213623047,76.4800033569336,30.417999267578125,49.939998626708984,205.08999633789062,180.7899932861328,32.5099983215332,177.1233367919922,118.0,450.3900146484375,60.380001068115234,76.9000015258789,50.41999816894531,28.774999618530273,40.04999923706055,133.69000244140625,64.37999725341797,4361500,54527500,3329300,549400,12532000,32963700,12324500,16468300,7628600,11108000,7821700,6058000,2927000,23546900,5414500,9909600,2873600,5485000,10286300,9670700,11600500,428508000,36889800,1213800,21678900,9716800,1575600,6391400,2281500,4177300,4190400,17802700,47339000,53557200,8229000,15497000
2021-11-18,99.32540130615234,155.02000427246094,177.11865234375,842.0098266601562,52.796653747558594,41.40620040893555,49.04627227783203,57.27875900268555,61.677696228027344,95.57060241699219,34.65798568725586,71.62383270263672,349.93951416015625,46.076534271240234,142.74839782714844,145.3953857421875,250.90377807617188,56.742313385009766,72.2080307006836,84.339599609375,75.22161102294922,31.608179092407227,40.500946044921875,169.60691833496094,168.65513610839844,28.82685661315918,172.2739715576172,114.47541809082031,415.5223388671875,47.9230842590332,63.53916931152344,44.603153228759766,24.174205780029297,36.45847702026367,124.34864807128906,54.45098114013672,117.06999969482422,155.02000427246094,204.02000427246094,879.1199951171875,57.48099899291992,46.31999969482422,59.040000915527344,67.11000061035156,72.72000122070312,114.44999694824219,43.31999969482422,89.62000274658203,391.3699951171875,49.68000030517578,162.39999389648438,163.0500030517578,261.3299865722656,62.70000076293945,83.05000305175781,97.68000030517578,77.0199966430664,31.674999237060547,51.40999984741211,200.91000366210938,186.32000732421875,31.860000610351562,178.74000549316406,123.38999938964844,449.4700012207031,58.650001525878906,72.95999908447266,49.900001525878906,28.44499969482422,39.45000076293945,133.77999877929688,63.61000061035156,118.37000274658203,158.88999938964844,206.22999572753906,881.1199951171875,57.67300033569336,46.810001373291016,59.70000076293945,67.1500015258789,73.20999908447266,115.37999725341797,43.95000076293945,91.0,393.9200134277344,50.2400016784668,164.47000122070312,164.85000610351562,263.79998779296875,64.0199966430664,83.13999938964844,98.26000213623047,77.5,32.7599983215332,51.709999084472656,204.0800018310547,188.72000122070312,32.33000183105469,179.6366729736328,123.55999755859375,452.80999755859375,59.400001525878906,73.93000030517578,50.18000030517578,28.774999618530273,39.77000045776367,134.1199951171875,64.52999877929688,116.63999938964844,152.55999755859375,203.72999572753906,870.5599975585938,56.9640007019043,46.209999084472656,58.7400016784668,66.19999694824219,71.61000061035156,113.41000366210938,41.81999969482422,88.56999969482422,385.67999267578125,48.970001220703125,162.1300048828125,162.55999755859375,259.82000732421875,62.0,82.0199966430664,96.48999786376953,75.75,31.320999145507812,50.61000061035156,200.5800018310547,182.75,31.299999237060547,177.03334045410156,119.80000305175781,447.1099853515625,58.380001068115234,72.02999877929688,49.27000045776367,28.100000381469727,39.27000045776367,133.32000732421875,63.11000061035156,117.41000366210938,157.07000732421875,205.6300048828125,877.4199829101562,57.11000061035156,46.709999084472656,59.45000076293945,66.70999908447266,72.12000274658203,114.8499984741211,42.439998626708984,89.91999816894531,392.29998779296875,50.2400016784668,163.4499969482422,164.38999938964844,262.0,63.40999984741211,82.30000305175781,97.93000030517578,76.9000015258789,32.367000579833984,51.099998474121094,202.3000030517578,185.24000549316406,31.979999542236328,178.99667358398438,119.97000122070312,448.7300109863281,59.400001525878906,73.31999969482422,49.630001068115234,28.549999237060547,39.689998626708984,133.8699951171875,64.16000366210938,3160300,60612700,4261500,865800,12712000,30639000,9815900,14994700,6548800,8368600,8311900,4543000,1847400,30658200,6358700,8122500,1689200,6910700,9833600,6850200,16848200,781711000,32872600,1283100,15542600,8860200,1997100,13229700,2073800,3947000,3983600,19198200,57911000,42990100,9029300,16948200
2021-11-19,98.62120819091797,155.41000366210938,178.90704345703125,820.986328125,52.23728561401367,40.583805084228516,48.041099548339844,56.62156677246094,59.03994369506836,93.44962310791016,32.48185348510742,68.47501373291016,346.3808288574219,45.92813491821289,143.17910766601562,143.49603271484375,250.29896545410156,54.55226516723633,70.16481018066406,83.6747817993164,81.09127807617188,32.91542053222656,40.020389556884766,168.29840087890625,167.46026611328125,27.189167022705078,172.75262451171875,115.28258514404297,406.767578125,47.056949615478516,60.151451110839844,43.637794494628906,23.23086929321289,36.06108856201172,123.59576416015625,51.934295654296875,116.23999786376953,155.41000366210938,206.0800018310547,857.1699829101562,56.87200164794922,45.400001525878906,57.83000183105469,66.33999633789062,69.61000061035156,111.91000366210938,40.599998474121094,85.68000030517578,387.3900146484375,49.52000045776367,162.88999938964844,160.9199981689453,260.70001220703125,60.279998779296875,80.69999694824219,96.91000366210938,83.02999877929688,32.98500061035156,50.79999923706055,199.36000061035156,185.0,30.049999237060547,179.23666381835938,124.26000213623047,440.0,57.59000015258789,69.06999969482422,48.81999969482422,27.334999084472656,39.02000045776367,132.97000122070312,60.66999816894531,117.80000305175781,156.9199981689453,206.1999969482422,867.5499877929688,57.72100067138672,45.77000045776367,59.41999816894531,66.41999816894531,71.30000305175781,113.1500015258789,42.18000030517578,88.0,390.239990234375,49.72999954223633,163.19000244140625,162.11000061035156,270.79998779296875,62.099998474121094,82.75,97.87999725341797,83.86000061035156,33.0880012512207,52.84000015258789,199.7899932861328,186.60000610351562,31.209999084472656,180.4499969482422,124.80000305175781,449.45001220703125,58.22999954223633,72.19000244140625,49.2400016784668,27.905000686645508,39.25,134.6300048828125,62.029998779296875,115.86000061035156,153.4499969482422,203.6699981689453,854.469970703125,56.59299850463867,44.83000183105469,57.79999923706055,65.2300033569336,69.41000366210938,111.0999984741211,40.40999984741211,85.31999969482422,381.0400085449219,49.2400016784668,161.77999877929688,159.4499969482422,260.29998779296875,60.18000030517578,80.62000274658203,94.94999694824219,78.93000030517578,31.905000686645508,50.68000030517578,195.77999877929688,182.3000030517578,29.8799991607666,177.8766632080078,122.0199966430664,439.5,57.18000030517578,68.62000274658203,47.77000045776367,27.274999618530273,38.720001220703125,132.85000610351562,60.40999984741211,117.62999725341797,155.75999450683594,205.27000427246094,866.8499755859375,57.62799835205078,45.70000076293945,59.130001068115234,66.12000274658203,70.91999816894531,112.51000213623047,41.86000061035156,87.94000244140625,382.3800048828125,49.599998474121094,163.0399932861328,161.3000030517578,266.42999267578125,61.36000061035156,82.37000274658203,96.22000122070312,78.93000030517578,32.24300003051758,51.959999084472656,198.89999389648438,184.69000244140625,31.200000762939453,178.76666259765625,122.02999877929688,448.1300048828125,58.20000076293945,72.19000244140625,49.0,27.829999923706055,39.11000061035156,134.17999267578125,61.88999938964844,5885800,41668900,3217100,778200,19612000,48429500,13880200,19766900,8817100,13532600,14549800,5732400,2610400,27607600,7620700,12193600,2786800,7816300,17581100,9923400,47216100,533867000,47966200,1858100,11889100,19098700,3405900,9071800,3536100,4302300,5475600,30548400,91379600,71858100,10166100,32035500
2021-11-22,98.12063598632812,152.52000427246094,175.99874877929688,790.8927001953125,50.81911087036133,41.370445251464844,47.38481903076172,57.21902084350586,60.97373580932617,95.11968994140625,32.913883209228516,69.29818725585938,354.22235107421875,46.21564865112305,141.29461669921875,146.55465698242188,250.04931640625,55.828277587890625,70.98209381103516,85.75564575195312,81.90190887451172,31.88858413696289,40.335506439208984,172.34207153320312,164.20155334472656,27.451560974121094,170.24990844726562,115.7372055053711,404.4933776855469,48.192726135253906,61.527435302734375,44.99644470214844,23.643047332763672,36.56937789916992,123.03804779052734,52.65335464477539,115.6500015258789,152.52000427246094,202.72999572753906,825.75,55.327999114990234,46.279998779296875,57.040000915527344,67.04000091552734,71.88999938964844,113.91000366210938,41.13999938964844,86.70999908447266,396.1600036621094,49.83000183105469,159.6999969482422,164.35000610351562,260.44000244140625,61.689998626708984,81.63999938964844,99.31999969482422,83.86000061035156,31.95599937438965,51.20000076293945,204.14999389648438,181.39999389648438,30.34000015258789,176.63999938964844,124.75,437.5400085449219,58.97999954223633,70.6500015258789,50.34000015258789,27.81999969482422,39.56999969482422,132.3699951171875,61.5099983215332,117.33999633789062,161.8800048828125,206.3000030517578,859.6599731445312,57.20399856567383,46.869998931884766,58.31999969482422,68.11000061035156,72.83000183105469,115.19000244140625,42.04999923706055,88.2699966430664,402.489990234375,50.849998474121094,162.63999938964844,165.97999572753906,263.989990234375,62.52000045776367,82.06999969482422,100.52999877929688,87.66999816894531,34.64699935913086,51.470001220703125,206.5,188.77000427246094,30.899999618530273,182.7066650390625,128.08999633789062,443.75,59.790000915527344,72.12000274658203,51.11000061035156,28.239999771118164,39.959999084472656,133.6199951171875,62.540000915527344,115.01000213623047,152.38999938964844,200.75,824.719970703125,55.24800109863281,45.90999984741211,57.02000045776367,66.80000305175781,69.61000061035156,111.8499984741211,40.20000076293945,85.5999984741211,390.17999267578125,49.40999984741211,159.64999389648438,162.99000549316406,259.1300048828125,60.20000076293945,80.54000091552734,97.81999969482422,83.66000366210938,31.899999618530273,50.380001068115234,200.7899932861328,180.97999572753906,29.950000762939453,176.39999389648438,123.20999908447266,437.3900146484375,58.310001373291016,68.81999969482422,49.72999954223633,27.290000915527344,39.220001220703125,132.1999969482422,60.31999969482422,115.94999694824219,157.13999938964844,205.4499969482422,855.0,57.167999267578125,46.720001220703125,57.810001373291016,67.95999908447266,69.63999938964844,112.0199966430664,40.4900016784668,85.5999984741211,393.1600036621094,49.54999923706055,161.02999877929688,164.16000366210938,262.2200012207031,60.20000076293945,81.0,98.29000091552734,83.66000366210938,33.516998291015625,50.95000076293945,202.75999450683594,181.11000061035156,30.010000228881836,180.26666259765625,123.5,442.82000732421875,58.459999084472656,68.83999633789062,50.630001068115234,27.295000076293945,39.540000915527344,133.16000366210938,60.31999969482422,3975800,58674100,2835100,880800,25898000,53697100,14185500,24020500,7445600,9947100,10696700,6530400,3058700,33389600,7634500,14549900,1995400,6274300,10880200,10430400,34775200,754335000,27287900,1746500,16062800,12772600,4422600,16076100,2598700,5534300,3631700,28549400,67785800,81965800,11146200,21994400
2021-11-23,100.86104583740234,149.9199981689453,177.5614013671875,773.3937377929688,50.98811721801758,42.46102523803711,47.72541046142578,58.09813690185547,62.57675552368164,97.1154556274414,34.75398635864258,73.33412170410156,363.32476806640625,45.53860092163086,142.1704864501953,150.05909729003906,251.5087127685547,57.78303909301758,71.99066162109375,87.94873809814453,83.41574096679688,31.679027557373047,40.24097442626953,176.51239013671875,163.78517150878906,28.211589813232422,169.56558227539062,112.59210205078125,413.3590087890625,49.083370208740234,63.182106018066406,45.94392395019531,24.36967658996582,37.14236068725586,123.16818237304688,54.040096282958984,118.87999725341797,149.9199981689453,204.52999877929688,807.47998046875,55.512001037597656,47.5,57.45000076293945,68.06999969482422,73.77999877929688,116.30000305175781,43.439998626708984,91.76000213623047,406.3399963378906,49.099998474121094,160.69000244140625,168.27999877929688,261.9599914550781,63.849998474121094,82.80000305175781,101.86000061035156,85.41000366210938,31.746000289916992,51.08000183105469,209.08999633789062,180.94000244140625,31.18000030517578,175.92999267578125,121.36000061035156,447.1300048828125,60.06999969482422,72.55000305175781,51.400001525878906,28.674999237060547,40.189998626708984,132.50999450683594,63.130001068115234,119.33000183105469,152.66000366210938,205.47999572753906,819.3599853515625,55.58599853515625,47.650001525878906,57.959999084472656,68.37000274658203,74.72000122070312,116.83999633789062,43.689998626708984,91.8499984741211,406.9599914550781,50.45000076293945,161.0,168.55999755859375,262.760009765625,63.9900016784668,83.58999633789062,102.12999725341797,87.70999908447266,32.36000061035156,51.45000076293945,209.22000122070312,181.3300018310547,31.559999465942383,177.6366729736328,123.19999694824219,447.5199890136719,60.2599983215332,73.19000244140625,51.7400016784668,28.770000457763672,40.220001220703125,132.64999389648438,63.380001068115234,116.1500015258789,145.3000030517578,201.27000427246094,793.1199951171875,54.85300064086914,46.66999816894531,57.20000076293945,67.11000061035156,72.83999633789062,115.05999755859375,42.220001220703125,88.2300033569336,397.510009765625,48.63999938964844,158.77999877929688,165.3699951171875,259.25,62.2599983215332,81.33999633789062,100.18000030517578,84.33000183105469,30.8799991607666,50.29999923706055,205.0,177.02000427246094,30.81999969482422,172.97332763671875,119.5199966430664,436.0,59.33000183105469,71.27999877929688,50.70000076293945,28.15999984741211,39.65999984741211,131.35000610351562,61.91999816894531,116.55999755859375,150.41000366210938,202.22999572753906,811.6599731445312,55.242000579833984,46.869998931884766,57.290000915527344,67.56999969482422,72.91000366210938,115.19000244140625,42.220001220703125,88.55000305175781,400.25,50.15999984741211,159.52000427246094,165.5,259.4700012207031,62.41999816894531,81.48999786376953,100.30999755859375,85.04000091552734,31.53499984741211,50.58000183105469,205.8800048828125,180.33999633789062,30.920000076293945,176.4499969482422,122.72000122070312,436.010009765625,59.47999954223633,71.43000030517578,50.709999084472656,28.184999465942383,39.83000183105469,131.75,62.189998626708984,8948300,62852700,2149300,1193000,17109000,49362900,14464200,18142200,9107200,10366800,11164000,4901700,2402300,44713300,7734000,12354400,1986200,6971000,12130800,8559200,31823300,532163000,24946200,1658100,10696200,10914800,2422800,10984000,2857000,4686500,3416800,28024400,67724600,61571200,12075200,21185900
2021-11-24,100.67439270019531,157.8000030517578,177.07522583007812,768.518798828125,51.3196907043457,42.577232360839844,47.19374465942383,57.42387390136719,63.46729278564453,97.85863494873047,36.074066162109375,74.36507415771484,356.93170166015625,46.15073013305664,141.77236938476562,148.88206481933594,251.54710388183594,58.416526794433594,71.53856658935547,87.30980682373047,84.19703674316406,32.60506820678711,40.091285705566406,176.12405395507812,163.57699584960938,28.419696807861328,171.42898559570312,111.98906707763672,416.1601867675781,48.89543533325195,63.53044128417969,45.86347961425781,24.607637405395508,37.0591926574707,123.12171936035156,54.339691162109375,118.66000366210938,157.8000030517578,203.97000122070312,802.3900146484375,55.87300109863281,47.630001068115234,56.810001373291016,67.27999877929688,74.83000183105469,117.19000244140625,45.09000015258789,93.05000305175781,399.19000244140625,49.7599983215332,160.24000549316406,166.9600067138672,262.0,64.55000305175781,82.27999877929688,101.12000274658203,86.20999908447266,32.67399978637695,50.88999938964844,208.6300048828125,180.7100067138672,31.40999984741211,177.8633270263672,120.70999908447266,450.1600036621094,59.84000015258789,72.94999694824219,51.310001373291016,28.954999923706055,40.099998474121094,132.4600067138672,63.47999954223633,119.23999786376953,157.92999267578125,205.27999877929688,803.47998046875,55.90800094604492,47.97999954223633,57.720001220703125,68.05999755859375,75.48999786376953,118.0,45.560001373291016,93.43000030517578,407.4800109863281,49.779998779296875,160.6199951171875,169.44000244140625,264.94000244140625,64.91999816894531,82.9000015258789,102.2300033569336,87.16000366210938,32.85499954223633,51.33000183105469,210.24000549316406,180.77999877929688,31.93000030517578,177.95333862304688,120.87000274658203,450.9800109863281,60.599998474121094,73.55000305175781,51.7400016784668,29.1200008392334,40.2599983215332,132.6999969482422,63.849998474121094,118.08000183105469,147.19000244140625,202.9499969482422,777.4400024414062,54.73899841308594,47.209999084472656,56.560001373291016,67.2300033569336,73.19999694824219,116.68000030517578,43.099998474121094,90.91999816894531,398.29998779296875,48.630001068115234,159.3800048828125,166.44000244140625,260.04998779296875,63.119998931884766,81.95999908447266,100.11000061035156,84.61000061035156,30.92799949645996,50.709999084472656,207.25,177.3300018310547,30.81999969482422,172.80332946777344,118.4000015258789,445.6400146484375,59.52000045776367,71.94000244140625,51.18000030517578,28.485000610351562,39.95000076293945,131.8000030517578,62.58000183105469,118.68000030517578,149.4600067138672,204.3000030517578,782.0,55.323001861572266,47.41999816894531,57.41999816894531,68.0,73.2300033569336,116.80999755859375,43.15999984741211,90.91999816894531,405.0,48.86000061035156,160.13999938964844,168.4600067138672,262.7699890136719,63.15999984741211,82.80000305175781,101.83999633789062,84.75,31.461000442504883,51.18000030517578,208.3000030517578,179.52000427246094,30.81999969482422,174.5500030517578,120.0,446.6400146484375,59.95000076293945,72.08000183105469,51.5099983215332,28.524999618530273,40.11000061035156,132.25999450683594,62.58000183105469,5792800,60677100,1699800,1246700,12084000,40060000,17685200,14975500,7215800,8500900,12219100,3049700,2186300,26035800,5230900,9629800,2518500,5191700,8537000,7146400,21666100,435162000,18556800,1433700,7886200,9490500,2117100,6992600,2248800,2862800,3637000,18901900,42868600,40410300,6760800,15869700
2021-11-26,98.85028076171875,154.80999755859375,174.57501220703125,749.008544921875,50.20462417602539,40.90561294555664,46.96113204956055,55.90461730957031,60.626014709472656,95.6207275390625,34.161956787109375,69.86560821533203,348.16912841796875,45.24180221557617,140.85223388671875,144.39666748046875,249.982177734375,55.52058792114258,68.82588195800781,84.55548095703125,81.47216033935547,31.436546325683594,42.54136276245117,168.92306518554688,159.07818603515625,26.872488021850586,166.65805053710938,108.63059997558594,406.6844177246094,46.983421325683594,59.22832107543945,43.28919219970703,23.6175537109375,35.830039978027344,122.666259765625,52.430789947509766,116.51000213623047,154.80999755859375,201.08999633789062,782.02001953125,54.659000396728516,45.7599983215332,56.529998779296875,65.5,71.4800033569336,114.51000213623047,42.70000076293945,87.41999816894531,389.3900146484375,48.779998779296875,159.1999969482422,161.92999267578125,260.3699951171875,61.349998474121094,79.16000366210938,97.93000030517578,83.41999816894531,31.503000259399414,54.0,200.10000610351562,175.74000549316406,29.700000762939453,172.913330078125,117.08999633789062,439.9100036621094,57.5,68.01000213623047,48.43000030517578,27.790000915527344,38.77000045776367,131.97000122070312,61.25,118.11000061035156,158.10000610351562,206.0,795.9199829101562,55.72999954223633,46.040000915527344,56.72999954223633,65.73999786376953,71.62000274658203,114.83000183105469,42.86000061035156,88.19999694824219,391.7099914550781,49.18000030517578,161.16000366210938,162.64999389648438,265.8800048828125,62.029998779296875,79.93000030517578,98.16000366210938,84.05000305175781,32.709999084472656,54.939998626708984,201.8699951171875,180.25,29.809999465942383,176.086669921875,119.04000091552734,448.17999267578125,57.86000061035156,68.98999786376953,49.099998474121094,27.8799991607666,39.0099983215332,133.72000122070312,61.41999816894531,115.83000183105469,152.80999755859375,200.52000427246094,776.010009765625,54.332000732421875,44.75,55.81999969482422,63.810001373291016,69.33999633789062,112.62999725341797,39.90999984741211,84.69999694824219,382.7200012207031,48.119998931884766,158.66000366210938,158.82000732421875,259.0299987792969,59.54999923706055,77.11000061035156,95.87000274658203,81.9800033569336,31.350000381469727,53.25,196.8800048828125,175.05999755859375,28.40999984741211,171.63999938964844,116.5199966430664,438.2099914550781,56.54999923706055,66.26000213623047,47.689998626708984,27.06999969482422,38.33000183105469,131.50999450683594,59.540000915527344,117.61000061035156,155.8000030517578,204.74000549316406,786.9600219726562,55.176998138427734,45.52000045776367,56.310001373291016,65.01000213623047,70.52999877929688,113.3499984741211,42.0099983215332,87.83000183105469,384.4800109863281,48.900001525878906,160.60000610351562,162.13999938964844,261.79998779296875,60.970001220703125,78.7300033569336,98.05000305175781,83.12999725341797,32.599998474121094,54.040000915527344,201.39999389648438,175.6699981689453,29.25,174.5066680908203,117.5,444.9200134277344,57.84000015258789,68.27999877929688,49.099998474121094,27.520000457763672,38.84000015258789,132.94000244140625,60.52000045776367,5016700,36245100,3197900,786300,14219000,55110100,15832300,24542000,10258700,11861800,15887500,4738200,2687900,25269000,8523100,13619300,1495500,5847900,18022000,11738200,16487200,283069000,66561300,1459000,7835900,12412300,2448000,6766900,2480600,4654300,5674400,29919300,89454400,76492200,11896900,24979600
2021-11-29,99.17269134521484,161.91000366210938,176.64114379882812,780.60595703125,51.83496856689453,40.75364303588867,45.39106369018555,55.51201248168945,61.19424057006836,95.90463256835938,35.13800811767578,70.64083862304688,345.6208190917969,46.373321533203125,141.33883666992188,143.77247619628906,244.6631622314453,55.90972137451172,65.11329650878906,83.95106506347656,84.12865447998047,33.30558395385742,41.280879974365234,169.58157348632812,166.31971740722656,26.827247619628906,173.0642547607422,110.66236877441406,417.8612365722656,46.90170669555664,59.36766052246094,43.941707611083984,23.753528594970703,35.94093704223633,123.00088500976562,52.72182846069336,116.88999938964844,161.91000366210938,203.47000122070312,815.010009765625,56.433998107910156,45.59000015258789,54.63999938964844,65.04000091552734,72.1500015258789,114.8499984741211,43.91999816894531,88.38999938964844,386.5400085449219,50.0,159.75,161.22999572753906,254.8300018310547,61.779998779296875,74.88999938964844,97.2300033569336,86.13999938964844,33.375999450683594,52.400001525878906,200.8800048828125,183.74000549316406,29.649999618530273,179.55999755859375,119.27999877929688,452.0,57.400001525878906,68.16999816894531,49.15999984741211,27.950000762939453,38.88999938964844,132.3300018310547,61.59000015258789,117.91999816894531,162.50999450683594,204.8300018310547,815.72998046875,56.755001068115234,46.70000076293945,56.29999923706055,66.29000091552734,74.69999694824219,117.16999816894531,45.040000915527344,91.5199966430664,396.3699951171875,50.130001068115234,160.4199981689453,164.77999877929688,262.32000732421875,64.19000244140625,77.5,99.5999984741211,86.2699966430664,33.4119987487793,55.70000076293945,204.16000366210938,184.07000732421875,30.739999771118164,179.9600067138672,119.87999725341797,453.0799865722656,58.189998626708984,70.54000091552734,49.77000045776367,28.68000030517578,39.36000061035156,133.22000122070312,63.13999938964844,116.58000183105469,156.10000610351562,201.58999633789062,789.989990234375,55.36800003051758,45.16999816894531,54.599998474121094,64.45999908447266,71.94999694824219,114.70999908447266,43.150001525878906,88.18000030517578,382.45001220703125,48.720001220703125,158.4199981689453,159.82000732421875,254.5,61.34000015258789,74.0,95.95999908447266,84.16000366210938,32.0359992980957,52.11000061035156,199.57000732421875,179.0,29.530000686645508,174.81666564941406,117.9000015258789,440.54998779296875,56.79999923706055,68.0,48.310001373291016,27.860000610351562,38.599998474121094,132.19000244140625,61.290000915527344,116.83000183105469,157.5,202.47999572753906,795.010009765625,55.619998931884766,46.41999816894531,55.84000015258789,65.98999786376953,73.4800033569336,116.33999633789062,44.029998779296875,90.44000244140625,394.0,49.29999923706055,159.5,163.30999755859375,260.0199890136719,62.97999954223633,76.41999816894531,99.04000091552734,84.37999725341797,32.36600112915039,55.150001525878906,203.83999633789062,179.47999572753906,30.440000534057617,175.47666931152344,118.36000061035156,443.55999755859375,57.400001525878906,69.62999725341797,49.66999816894531,28.395000457763672,39.220001220703125,132.69000244140625,62.56999969482422,4372500,57438900,2519900,1410700,18703000,50231100,22025000,24340700,9191600,12003800,10617100,4061700,2883400,31478900,9188500,12104400,4041700,6166500,34192400,13793400,18889800,454964000,72660800,2668700,10440500,12588500,2412300,7634000,4079700,4965300,3889600,27677000,70882400,79316500,17137100,18946400
2021-11-30,97.80670928955078,158.3699951171875,172.65640258789062,758.0980224609375,50.85585021972656,39.75246047973633,44.552024841308594,54.368309020996094,59.480979919433594,94.25125122070312,33.64992904663086,69.52994537353516,340.6583557128906,45.631343841552734,137.95909118652344,141.63233947753906,238.14407348632812,55.06809997558594,65.13069152832031,81.87020111083984,82.03864288330078,32.60706329345703,42.32865905761719,166.3060760498047,163.4412078857422,26.05945587158203,170.0314483642578,108.6862564086914,410.66888427734375,45.21847152709961,58.2964973449707,42.70818328857422,23.196876525878906,35.08146667480469,120.58414459228516,51.223812103271484,115.27999877929688,158.3699951171875,198.8800048828125,791.510009765625,55.36800003051758,44.470001220703125,53.630001068115234,63.70000076293945,70.12999725341797,112.87000274658203,42.060001373291016,87.0,380.989990234375,49.20000076293945,155.92999267578125,158.8300018310547,248.0399932861328,60.849998474121094,74.91000366210938,94.81999969482422,84.0,32.67599868774414,53.72999954223633,197.0,180.55999755859375,28.68000030517578,176.413330078125,117.1500015258789,444.2200012207031,55.34000015258789,66.94000244140625,47.779998779296875,27.295000076293945,37.959999084472656,129.72999572753906,59.84000015258789,116.79000091552734,164.4600067138672,203.8699951171875,821.3499755859375,56.499000549316406,45.220001220703125,54.349998474121094,64.80999755859375,72.23999786376953,115.86000061035156,43.86000061035156,89.0999984741211,386.8299865722656,50.400001525878906,159.0,160.6300048828125,254.0,61.33000183105469,75.02999877929688,96.5,86.91999816894531,33.35300064086914,54.459999084472656,200.25999450683594,186.80999755859375,29.360000610351562,180.52999877929688,120.16999816894531,451.3500061035156,56.77000045776367,67.55000305175781,48.5099983215332,27.84000015258789,38.58000183105469,132.1699981689453,61.189998626708984,115.0999984741211,155.67999267578125,198.72999572753906,787.1500244140625,55.20000076293945,44.36000061035156,53.220001220703125,63.36000061035156,70.01000213623047,112.44000244140625,41.52000045776367,86.0,377.260009765625,48.68000030517578,155.85000610351562,158.2899932861328,246.47999572753906,59.75,73.83999633789062,93.87999725341797,83.94999694824219,31.86400032043457,51.90999984741211,196.05999755859375,180.33999633789062,28.34000015258789,174.9066619873047,115.76000213623047,441.25,55.27000045776367,65.69999694824219,47.31999969482422,27.15999984741211,37.900001525878906,129.5399932861328,59.65999984741211,116.68000030517578,163.27999877929688,202.72999572753906,807.0700073242188,56.32699966430664,44.7599983215332,54.15999984741211,64.31999969482422,70.69000244140625,113.44999694824219,42.790000915527344,87.02999877929688,383.5299987792969,49.5,158.50999450683594,159.16000366210938,253.27000427246094,60.310001373291016,74.75,96.43000030517578,85.58000183105469,33.16899871826172,52.310001373291016,198.7100067138672,183.22000122070312,28.920000076293945,178.85333251953125,118.0999984741211,447.05999755859375,56.7400016784668,66.69999694824219,48.11000061035156,27.424999237060547,38.41999816894531,131.57000732421875,60.459999084472656,8172100,75182500,5400100,1144500,22574000,77193600,25407200,35574000,15723700,24451200,18070000,7858200,4570400,49460800,14981700,18922600,8265900,14326200,30179900,20586200,27301000,622066000,64598400,3748200,19309200,39947700,3264300,10561800,7435400,10030800,9927700,40671700,92524000,121263700,19467000,34979800
2021-12-01,98.34122467041016,149.11000061035156,174.3232421875,770.060791015625,50.955055236816406,39.189300537109375,45.64859390258789,53.36117172241211,58.692195892333984,93.60826873779297,32.67387008666992,68.21127319335938,338.4022521972656,45.074867248535156,139.86129760742188,140.79409790039062,239.19058227539062,55.122398376464844,64.7220458984375,82.2500991821289,83.16178131103516,31.372526168823242,43.077064514160156,164.99761962890625,159.57958984375,25.786869049072266,168.6724395751953,111.91484069824219,410.77978515625,44.818092346191406,58.61869812011719,42.19869613647461,22.950414657592773,34.69331741333008,120.37037658691406,51.18101119995117,115.91000366210938,149.11000061035156,200.8000030517578,804.0,55.47600173950195,43.84000015258789,54.95000076293945,62.52000045776367,69.19999694824219,112.0999984741211,40.84000015258789,85.3499984741211,376.4800109863281,48.599998474121094,158.0800018310547,157.88999938964844,249.1300048828125,60.90999984741211,74.44000244140625,95.26000213623047,85.1500015258789,31.434999465942383,54.68000030517578,195.4499969482422,175.6300048828125,28.3799991607666,175.00332641601562,120.62999725341797,444.3399963378906,54.849998474121094,67.30999755859375,47.209999084472656,27.0049991607666,37.540000915527344,129.5,59.790000915527344,118.9800033569336,160.8800048828125,205.63999938964844,832.6799926757812,56.847999572753906,45.70000076293945,55.959999084472656,65.08999633789062,72.18000030517578,116.05999755859375,43.939998626708984,89.94000244140625,390.1600036621094,50.310001373291016,160.0800018310547,163.27000427246094,255.3000030517578,63.880001068115234,76.91000366210938,98.61000061035156,89.05000305175781,33.28900146484375,55.16999816894531,202.3800048828125,183.14999389648438,29.959999084472656,182.16000366210938,123.51000213623047,455.9200134277344,57.06999969482422,70.95999908447266,49.45000076293945,28.190000534057617,38.880001068115234,132.08999633789062,62.029998779296875,115.61000061035156,148.9199981689453,198.63999938964844,802.4400024414062,55.33300018310547,43.810001373291016,53.90999984741211,62.5,69.1500015258789,112.08999633789062,40.75,85.2300033569336,376.2099914550781,48.52000045776367,156.25,157.8000030517578,247.88999938964844,60.84000015258789,74.38999938964844,95.26000213623047,85.0,31.3799991607666,51.86000061035156,195.32000732421875,175.32000732421875,28.34000015258789,174.9933319091797,119.22000122070312,444.1400146484375,54.81999969482422,67.05000305175781,47.18000030517578,26.989999771118164,37.540000915527344,129.47999572753906,59.75,115.77999877929688,160.3699951171875,200.44000244140625,812.5599975585938,56.347999572753906,45.220001220703125,53.939998626708984,64.66000366210938,72.01000213623047,114.94999694824219,43.939998626708984,89.43000030517578,383.82000732421875,49.84000015258789,156.8800048828125,161.0,249.44000244140625,62.56999969482422,75.52999877929688,96.9800033569336,86.55000305175781,33.21900177001953,52.470001220703125,202.02000427246094,180.88999938964844,29.579999923706055,179.0,119.22000122070312,452.8900146484375,56.58000183105469,68.98999786376953,48.689998626708984,27.934999465942383,38.630001068115234,130.35000610351562,60.900001525878906,6287500,64039100,3057700,1201200,21980000,60601600,20198400,27379200,10070500,12302700,12620600,5594600,2476000,35093500,9835800,12253400,3241400,6552400,21435900,11708200,31633400,484368000,59810400,1653700,10637700,14888300,3112500,12924400,4325500,6293100,5872500,29365100,89549600,101946500,22241400,30630600
2021-12-02,99.15570831298828,150.67999267578125,174.64443969726562,756.0579223632812,50.74286651611328,40.321041107177734,46.03071594238281,54.46219253540039,60.43939208984375,96.14679718017578,33.27390670776367,69.17830657958984,348.3436279296875,45.90958786010742,138.9853973388672,143.754638671875,237.99044799804688,57.31245422363281,64.24385070800781,85.35845947265625,80.9448013305664,32.06215286254883,41.78507995605469,170.40040588378906,160.85165405273438,26.640981674194336,168.9166259765625,112.90752410888672,412.3329162597656,46.248016357421875,61.980281829833984,43.7182502746582,23.6175537109375,35.728389739990234,120.95596313476562,52.45647048950195,116.87000274658203,150.67999267578125,201.1699981689453,789.3800048828125,55.244998931884766,44.88999938964844,55.40999984741211,63.810001373291016,71.26000213623047,115.13999938964844,41.59000015258789,86.55999755859375,387.5400085449219,49.5,157.08999633789062,161.2100067138672,247.8800048828125,63.33000183105469,73.88999938964844,98.86000061035156,82.87999725341797,32.125999450683594,53.040000915527344,201.85000610351562,177.02999877929688,29.31999969482422,175.2566680908203,121.69999694824219,446.0199890136719,56.599998474121094,71.16999816894531,48.90999984741211,27.790000915527344,38.65999984741211,130.1300048828125,61.279998779296875,117.5999984741211,152.52999877929688,203.10000610351562,796.4500122070312,55.9109992980957,45.5,55.880001068115234,64.2699966430664,71.6500015258789,115.69999694824219,41.86000061035156,87.05000305175781,389.0899963378906,49.790000915527344,159.2899932861328,163.25,249.97999572753906,63.470001220703125,74.77999877929688,99.75,83.58999633789062,32.47800064086914,55.08000183105469,203.30999755859375,177.88999938964844,29.489999771118164,176.47666931152344,123.4000015258789,447.8900146484375,57.08000183105469,71.63999938964844,49.400001525878906,27.889999389648438,38.869998931884766,130.66000366210938,61.58000183105469,115.5999984741211,146.47000122070312,199.30999755859375,778.3200073242188,54.400001525878906,44.0,54.66999816894531,62.7599983215332,68.23999786376953,111.93000030517578,39.06999969482422,83.25,376.0299987792969,48.33000183105469,156.75,158.8000030517578,245.1199951171875,60.560001373291016,73.30000305175781,95.30000305175781,81.3499984741211,31.024999618530273,52.77000045776367,197.00999450683594,171.2100067138672,28.059999465942383,171.8766632080078,120.0199966430664,439.2200012207031,55.04999923706055,66.69999694824219,47.5099983215332,26.700000762939453,37.75,128.83999633789062,59.13999938964844,116.25,147.67999267578125,200.72999572753906,784.4400024414062,54.606998443603516,44.33000183105469,54.9900016784668,63.34000015258789,69.19000244140625,113.25,40.279998779296875,84.75,378.0,48.61000061035156,157.25999450683594,159.8300018310547,246.52000427246094,60.90999984741211,74.37999725341797,96.0,82.62999725341797,31.214000701904297,53.81999969482422,197.75,172.08999633789062,28.459999084472656,173.1999969482422,120.3499984741211,443.1499938964844,55.58000183105469,67.18000030517578,47.72999954223633,27.020000457763672,37.88999938964844,129.4600067138672,59.7400016784668,4919800,56161200,2858200,957100,22619000,57821400,17193700,24890700,8410900,11392400,13679300,5674200,3343700,37240800,11334700,12969900,3817700,6298500,15345300,10685800,22994500,472890000,46361700,1578200,13101400,12517300,3124500,8425500,4738700,5410900,5242800,29184900,100743800,98076400,17531100,29216000
2021-12-03,100.8355941772461,144.00999450683594,175.7470245361328,738.951904296875,51.26365661621094,39.40486526489258,46.786685943603516,53.56602096557617,60.312164306640625,95.53722381591797,33.417911529541016,68.72276306152344,344.0200500488281,45.6777229309082,141.01145935058594,141.1508331298828,235.78219604492188,55.810184478759766,63.765655517578125,84.79723358154297,79.71422576904297,30.63200569152832,42.75407028198242,166.92233276367188,160.379150390625,26.568286895751953,168.4893035888672,110.70874786376953,416.73846435546875,45.42274475097656,60.708797454833984,42.68137741088867,23.430580139160156,35.146156311035156,121.17904663085938,52.12262725830078,118.8499984741211,144.00999450683594,202.44000244140625,771.52001953125,55.8120002746582,43.869998931884766,56.31999969482422,62.7599983215332,71.11000061035156,114.41000366210938,41.77000045776367,85.98999786376953,382.7300109863281,49.25,159.3800048828125,158.2899932861328,245.5800018310547,61.66999816894531,73.33999633789062,98.20999908447266,81.62000274658203,30.69300079345703,54.27000045776367,197.72999572753906,176.50999450683594,29.239999771118164,174.81333923339844,119.33000183105469,449.32000732421875,55.59000015258789,69.70999908447266,47.75,27.56999969482422,38.029998779296875,130.3699951171875,60.88999938964844,119.0,152.3800048828125,203.8000030517578,790.739990234375,56.900001525878906,45.06999969482422,56.689998626708984,64.12000274658203,72.94000244140625,117.0,43.22999954223633,89.0999984741211,389.8800048828125,50.060001373291016,159.6699981689453,161.8300018310547,253.47999572753906,64.23999786376953,74.25,100.87000274658203,84.43000030517578,32.12900161743164,54.40999984741211,202.14999389648438,180.27000427246094,29.950000762939453,179.49667358398438,121.8499984741211,454.44000244140625,56.81999969482422,72.51000213623047,49.2599983215332,28.290000915527344,38.810001373291016,131.5399932861328,62.22999954223633,117.0,140.72000122070312,200.83999633789062,759.8400268554688,55.040000915527344,43.599998474121094,55.7599983215332,62.43000030517578,70.18000030517578,113.58999633789062,40.95000076293945,85.1500015258789,379.0299987792969,48.7599983215332,157.58999633789062,157.19000244140625,243.0800018310547,61.369998931884766,72.66000366210938,96.8499984741211,80.63999938964844,30.1299991607666,53.099998474121094,196.07000732421875,173.7100067138672,28.809999465942383,172.85000610351562,117.9800033569336,445.1700134277344,55.220001220703125,69.1500015258789,47.369998931884766,27.30500030517578,37.72999954223633,129.2899932861328,60.349998474121094,117.73999786376953,151.64999389648438,201.3800048828125,785.969970703125,56.49399948120117,45.0,55.7599983215332,63.7400016784668,72.16999816894531,116.73999786376953,42.369998931884766,88.63999938964844,389.8800048828125,49.68000030517578,157.91000366210938,161.5,252.1300048828125,64.19000244140625,74.08999633789062,100.04000091552734,83.70999908447266,32.0,53.709999084472656,201.86000061035156,178.0399932861328,29.829999923706055,177.73666381835938,121.0,447.7699890136719,56.619998931884766,72.25,49.2599983215332,28.165000915527344,38.709999084472656,131.0399932861328,61.91999816894531,6428100,65910000,3591900,1115600,20305000,74605300,18445600,25458700,6995700,10445100,9960200,5592900,2807500,32224900,8750500,12681800,4169700,8031800,14508900,9811800,19167200,544325000,37574800,1642400,12111800,9816300,2490900,7809000,3038300,6285700,4134200,29221900,75880200,97178200,22111900,22014700
2021-12-06,102.95665740966797,139.05999755859375,181.2596893310547,724.4605102539062,51.89376449584961,39.6563720703125,47.21036148071289,53.36117172241211,61.75403594970703,97.03193664550781,33.88994216918945,69.98548889160156,349.9255676269531,47.29151916503906,144.1611785888672,142.81832885742188,236.50230407714844,56.88711166381836,63.83519744873047,85.71244812011719,80.52481079101562,29.97730827331543,40.556095123291016,168.80491638183594,159.41604614257812,27.267929077148438,168.2740478515625,110.53248596191406,426.7460021972656,46.47681427001953,61.31842803955078,43.62885284423828,23.77902603149414,35.68217849731445,121.86688232421875,52.71327209472656,121.3499984741211,139.05999755859375,208.7899932861328,756.3900146484375,56.49800109863281,44.150001525878906,56.83000183105469,62.52000045776367,72.80999755859375,116.19999694824219,42.36000061035156,87.56999969482422,389.29998779296875,50.9900016784668,162.94000244140625,160.16000366210938,246.3300018310547,62.86000061035156,73.41999816894531,99.2699966430664,82.44999694824219,30.03700065612793,51.47999954223633,199.9600067138672,175.4499969482422,30.010000228881836,174.58999633789062,119.13999938964844,460.1099853515625,56.880001068115234,70.41000366210938,48.810001373291016,27.979999542236328,38.61000061035156,131.11000061035156,61.58000183105469,122.44999694824219,141.30999755859375,211.7899932861328,761.4000244140625,56.83700180053711,44.880001068115234,57.540000915527344,63.56999969482422,73.51000213623047,117.44999694824219,43.18000030517578,89.12000274658203,393.6000061035156,51.209999084472656,163.52000427246094,162.61000061035156,246.94000244140625,63.790000915527344,73.8499984741211,100.70999908447266,83.2300033569336,30.240999221801758,53.88999938964844,202.75,176.97999572753906,30.43000030517578,175.1233367919922,119.5,461.7799987792969,57.54999923706055,71.45999908447266,49.900001525878906,28.309999465942383,38.97999954223633,131.67999267578125,62.15999984741211,119.20999908447266,134.1999969482422,205.97000122070312,741.4000244140625,55.595001220703125,43.959999084472656,56.45000076293945,62.13999938964844,71.62999725341797,115.05000305175781,41.349998474121094,86.80999755859375,383.489990234375,49.18000030517578,159.8300018310547,159.4600067138672,241.52999877929688,61.630001068115234,72.80000305175781,98.80000305175781,80.52999877929688,28.038000106811523,51.25,198.02999877929688,172.27000427246094,29.3700008392334,169.1266632080078,116.58000183105469,451.5199890136719,56.369998931884766,69.5999984741211,48.709999084472656,27.649999618530273,38.33000183105469,130.50999450683594,61.41999816894531,119.62999725341797,141.13999938964844,206.3800048828125,758.8800048828125,56.46500015258789,44.560001373291016,56.52000045776367,62.939998626708984,72.5,115.95999908447266,42.349998474121094,88.0,388.6700134277344,49.47999954223633,160.19000244140625,161.00999450683594,245.9199981689453,62.79999923706055,73.30000305175781,100.0,81.83000183105469,29.8799991607666,53.779998779296875,199.75,176.8800048828125,29.75,174.47332763671875,118.88999938964844,452.1499938964844,56.7400016784668,70.75,48.97999954223633,27.9950008392334,38.630001068115234,130.7100067138672,61.720001220703125,8939900,66776500,3998600,1222900,22482000,48193100,18988000,25105500,6200100,9833900,8408000,3091200,1990200,40336000,9692000,11186500,3491200,5915300,13506800,9624500,15094900,658938000,53724000,1412300,8577500,8977600,2091600,5681200,4721500,6425500,2575700,31650100,63939000,69716600,15230900,19210500
2021-12-07,103.09242248535156,144.85000610351562,183.4561004638672,771.9859619140625,54.228599548339844,40.15937423706055,47.45957946777344,53.685508728027344,63.24678421020508,98.46820831298828,36.09806442260742,72.37508392333984,359.6422119140625,48.75690841674805,144.5327911376953,144.96739196777344,235.33094787597656,58.12693405151367,62.844032287597656,88.5013198852539,83.82591247558594,32.3625602722168,40.74516677856445,171.62449645996094,166.9302520751953,27.949403762817383,176.76536560058594,113.48273468017578,431.031005859375,47.13865661621094,62.38088607788086,44.91599655151367,24.33568000793457,36.31985092163086,123.43772888183594,53.30391311645508,121.51000213623047,144.85000610351562,211.32000732421875,806.010009765625,59.040000915527344,44.709999084472656,57.130001068115234,62.900001525878906,74.56999969482422,117.91999816894531,45.119998931884766,90.55999755859375,400.1099853515625,52.56999969482422,163.36000061035156,162.57000732421875,245.11000061035156,64.2300033569336,72.27999877929688,102.5,85.83000183105469,32.426998138427734,51.720001220703125,203.3000030517578,183.72000122070312,30.760000228881836,183.39999389648438,122.31999969482422,464.7300109863281,57.689998626708984,71.62999725341797,50.25,28.635000228881836,39.29999923706055,132.8000030517578,62.27000045776367,122.13999938964844,145.75999450683594,212.44000244140625,809.4000244140625,59.30699920654297,44.90999984741211,57.7599983215332,63.349998474121094,75.95999908447266,118.66000366210938,45.38999938964844,91.91999816894531,401.75,55.0,164.27000427246094,163.38999938964844,245.44000244140625,65.41000366210938,72.72000122070312,103.11000061035156,87.04000091552734,32.44900131225586,52.5,204.44000244140625,184.77999877929688,31.1200008392334,183.75999450683594,122.58000183105469,465.75,57.97999954223633,73.68000030517578,50.52000045776367,28.905000686645508,39.40999984741211,133.1199951171875,63.029998779296875,121.0,141.0,207.36000061035156,783.719970703125,57.20000076293945,44.43000030517578,56.939998626708984,62.31999969482422,74.0999984741211,117.23999786376953,43.119998931884766,88.93000030517578,393.05999755859375,52.209999084472656,162.41000366210938,161.16000366210938,241.4499969482422,63.689998626708984,71.5,100.33999633789062,84.33000183105469,30.650999069213867,50.400001525878906,201.0399932861328,178.5,30.34000015258789,178.4933319091797,120.26000213623047,460.2300109863281,57.0,71.33000183105469,49.34000015258789,28.334999084472656,38.869998931884766,131.82000732421875,62.099998474121094,121.9800033569336,143.89999389648438,209.14999389648438,788.0,57.20000076293945,44.560001373291016,57.04999923706055,62.95000076293945,74.16000366210938,117.23999786376953,43.119998931884766,89.0,393.5799865722656,54.65999984741211,164.0,161.8800048828125,244.24000549316406,63.689998626708984,72.02999877929688,100.37000274658203,84.41999816894531,30.957000732421875,51.25,201.63999938964844,179.07000732421875,30.5,178.4933319091797,120.54000091552734,462.75,57.27000045776367,71.7300033569336,49.459999084472656,28.3700008392334,39.060001373291016,132.0,62.34000015258789,6123300,53359400,3309500,983200,29562000,40740800,13037800,28301200,8136600,11419600,13003800,4748700,2441000,91731500,8311300,9851600,4035800,7347300,17635100,10674400,21716900,593053000,41575400,1339200,9910100,9153800,2692200,7459200,3105200,8751700,3383900,28370200,73686600,115475500,11974700,19800400
2021-12-08,103.39785766601562,145.24000549316406,185.37474060058594,769.984130859375,54.059593200683594,39.66534423828125,47.85002517700195,53.30997085571289,62.85662078857422,98.9107894897461,35.9300537109375,71.9914779663086,357.1344299316406,47.99638366699219,145.39984130859375,143.30877685546875,234.57244873046875,57.973087310791016,63.652618408203125,87.42205047607422,84.011474609375,31.762752532958984,40.493072509765625,170.60304260253906,165.93988037109375,28.221988677978516,175.61520385742188,113.00032043457031,434.86151123046875,46.6075439453125,61.58839797973633,44.165164947509766,24.331432342529297,36.12578201293945,124.36724853515625,53.458011627197266,121.87000274658203,145.24000549316406,213.52999877929688,803.9199829101562,58.85599899291992,44.15999984741211,57.599998474121094,62.459999084472656,74.11000061035156,118.44999694824219,44.90999984741211,90.08000183105469,397.32000732421875,51.75,164.33999633789062,160.7100067138672,244.32000732421875,64.05999755859375,73.20999908447266,101.25,86.0199966430664,31.826000213623047,51.400001525878906,202.08999633789062,182.6300048828125,31.059999465942383,182.2066650390625,121.80000305175781,468.8599853515625,57.040000915527344,70.72000122070312,49.40999984741211,28.6299991607666,39.09000015258789,133.8000030517578,62.45000076293945,122.44000244140625,147.0399932861328,213.91000366210938,805.0,59.09400177001953,44.79999923706055,57.880001068115234,63.15999984741211,75.37000274658203,119.26000213623047,45.54999923706055,91.30000305175781,401.7099914550781,52.880001068115234,164.57000732421875,163.27000427246094,248.17999267578125,65.23999786376953,73.41000366210938,103.16000366210938,86.33999633789062,32.290000915527344,53.08000183105469,204.3699951171875,183.72000122070312,31.270000457763672,182.586669921875,122.22000122070312,470.1700134277344,57.93000030517578,72.2699966430664,50.310001373291016,28.934999465942383,39.47999954223633,133.88999938964844,63.189998626708984,120.75,142.6999969482422,210.42999267578125,796.1900024414062,58.24300003051758,44.09000015258789,57.150001525878906,62.349998474121094,73.58999633789062,117.66000366210938,44.52000045776367,89.19000244140625,395.1400146484375,51.380001068115234,162.63999938964844,160.1699981689453,239.47000122070312,63.869998931884766,72.08000183105469,101.2300033569336,84.02999877929688,31.42099952697754,51.029998779296875,200.49000549316406,180.77999877929688,30.670000076293945,180.32666015625,120.11000061035156,462.489990234375,56.97999954223633,70.48999786376953,49.31999969482422,28.56999969482422,38.9900016784668,132.50999450683594,62.34000015258789,121.95999908447266,144.9600067138672,212.88999938964844,803.2100219726562,59.09400177001953,44.68000030517578,57.38999938964844,63.02000045776367,74.62000274658203,118.38999938964844,45.33000183105469,90.7300033569336,401.2300109863281,52.56999969482422,163.47000122070312,162.66000366210938,246.61000061035156,64.41000366210938,72.54000091552734,102.66000366210938,85.44000244140625,31.999000549316406,52.75,203.5,183.00999450683594,30.920000076293945,182.42666625976562,121.62999725341797,466.0899963378906,57.68000030517578,71.80000305175781,50.18000030517578,28.795000076293945,39.31999969482422,133.17999267578125,62.61000061035156,5278100,40977500,2624400,551500,17998000,50560300,11391700,20697200,6313200,8827900,8233300,3109200,1635200,37143400,6216400,11705700,3636200,5430400,14331400,9089700,12908500,475551000,37429200,1355800,4799400,8963300,1666500,5795700,3228300,4190900,2674300,19990300,47030000,53033200,15144700,18214400
2021-12-09,105.33226776123047,138.10000610351562,184.5413055419922,739.9959716796875,53.58749008178711,39.961753845214844,47.800174713134766,53.03683853149414,61.53351593017578,98.65190124511719,34.5032958984375,71.03242492675781,356.38836669921875,46.81850051879883,146.78001403808594,143.0858612060547,233.2091522216797,57.32151794433594,63.34830856323242,86.84355926513672,82.94691467285156,30.429405212402344,41.028778076171875,169.45494079589844,165.6036834716797,27.82219886779785,171.57679748535156,110.8664779663086,438.99810791015625,46.74645233154297,61.23134231567383,44.415443420410156,24.144468307495117,36.05183792114258,124.65538787841797,53.594970703125,124.1500015258789,138.10000610351562,212.57000732421875,772.6099853515625,58.34199905395508,44.4900016784668,57.540000915527344,62.13999938964844,72.55000305175781,118.13999938964844,42.31999969482422,88.87999725341797,396.489990234375,50.47999954223633,165.89999389648438,160.4600067138672,242.89999389648438,63.34000015258789,72.86000061035156,100.58000183105469,84.93000030517578,30.489999771118164,52.08000183105469,200.72999572753906,182.25999450683594,30.6200008392334,178.01666259765625,119.5,473.32000732421875,57.209999084472656,70.30999755859375,49.689998626708984,28.40999984741211,39.0099983215332,134.11000061035156,62.61000061035156,124.45999908447266,146.69000244140625,213.97999572753906,790.010009765625,59.02399826049805,44.72999954223633,57.79999923706055,62.5,73.95999908447266,118.5999984741211,43.560001373291016,89.91000366210938,400.19000244140625,51.59000015258789,165.97999572753906,160.92999267578125,245.91000366210938,63.779998779296875,73.55999755859375,101.81999969482422,86.54000091552734,32.20500183105469,52.849998474121094,202.6699981689453,187.83999633789062,30.739999771118164,182.93666076660156,122.08999633789062,474.4800109863281,57.68000030517578,70.91000366210938,50.029998779296875,28.524999618530273,39.209999084472656,134.5500030517578,62.77000045776367,122.0999984741211,137.8000030517578,209.5,772.3599853515625,58.244998931884766,43.650001525878906,56.90999984741211,60.849998474121094,72.45999908447266,117.58000183105469,42.02000045776367,88.2300033569336,393.0,50.43000030517578,163.49000549316406,158.64999389648438,242.75,62.9900016784668,72.69000244140625,100.25,84.62999725341797,30.42799949645996,51.5099983215332,199.75,181.50999450683594,30.280000686645508,177.86000061035156,119.48999786376953,467.3599853515625,56.40999984741211,69.66999816894531,48.7400016784668,28.235000610351562,38.7599983215332,133.57000732421875,61.810001373291016,122.20999908447266,145.16000366210938,213.52999877929688,786.1599731445312,58.244998931884766,43.90999984741211,57.2400016784668,61.869998931884766,73.95999908447266,117.8499984741211,43.47999954223633,89.76000213623047,395.70001220703125,51.29999923706055,164.17999267578125,159.64999389648438,244.49000549316406,63.220001220703125,73.44000244140625,100.7699966430664,85.30000305175781,31.733999252319336,51.5099983215332,200.88999938964844,181.77000427246094,30.530000686645508,181.1300048828125,121.18000030517578,468.5299987792969,56.83000183105469,69.66999816894531,49.02000045776367,28.450000762939453,38.900001525878906,133.6699981689453,62.04999923706055,8082300,53019900,2699800,709100,29080000,37316700,13622700,29960500,6511600,8334700,10979600,3957600,2111500,31694200,8574200,11189600,2291100,5373800,11938000,7749600,11964300,488507000,38325700,1231000,9398900,6726700,1674000,6103900,2977400,5617000,3247000,16927200,46798800,45521100,9095800,16910300
2021-12-10,106.45220947265625,138.5500030517578,183.0828094482422,748.8362426757812,58.020198822021484,39.988704681396484,46.81991958618164,51.81633377075195,62.33076858520508,98.81893920898438,35.400108337402344,71.67179107666016,351.50750732421875,46.92052459716797,146.41729736328125,142.51515197753906,234.399658203125,57.63823699951172,63.139644622802734,84.9871826171875,83.54268646240234,30.13798713684082,41.58024597167969,170.1556396484375,167.07565307617188,28.158384323120117,173.19598388671875,110.52320861816406,443.5521240234375,47.204036712646484,61.701602935791016,44.871315002441406,24.322935104370117,36.088809967041016,125.09225463867188,53.9373779296875,125.47000122070312,138.5500030517578,210.88999938964844,781.8400268554688,63.167999267578125,44.52000045776367,56.36000061035156,60.709999084472656,73.48999786376953,118.33999633789062,43.41999816894531,89.68000030517578,391.05999755859375,50.59000015258789,165.49000549316406,159.82000732421875,244.13999938964844,63.689998626708984,72.62000274658203,98.43000030517578,85.54000091552734,30.197999954223633,52.779998779296875,201.55999755859375,183.8800048828125,30.989999771118164,179.69667053222656,119.12999725341797,478.2300109863281,57.77000045776367,70.8499984741211,50.20000076293945,28.6200008392334,39.04999923706055,134.5800018310547,63.0099983215332,126.01000213623047,141.3699951171875,214.4499969482422,783.6500244140625,64.4749984741211,44.83000183105469,57.79999923706055,62.2599983215332,73.6500015258789,119.19999694824219,43.52000045776367,89.98999786376953,398.8599853515625,51.06999969482422,166.69000244140625,161.6999969482422,244.58999633789062,64.12999725341797,73.2300033569336,101.26000213623047,85.68000030517578,31.30500030517578,52.849998474121094,204.83999633789062,185.5500030517578,31.170000076293945,182.1999969482422,120.79000091552734,478.4800109863281,57.959999084472656,71.4000015258789,50.599998474121094,28.735000610351562,39.290000915527344,134.86000061035156,63.349998474121094,123.72000122070312,135.82000732421875,210.00999450683594,772.47998046875,61.85900115966797,44.06999969482422,56.11000061035156,60.20000076293945,71.58999633789062,116.87000274658203,41.5099983215332,87.30999755859375,388.6600036621094,50.04999923706055,164.64999389648438,159.1300048828125,241.1999969482422,62.7599983215332,72.25,98.37999725341797,84.12999725341797,29.861000061035156,51.11000061035156,199.60000610351562,181.14999389648438,30.399999618530273,177.47332763671875,118.23999786376953,471.010009765625,57.16999816894531,69.54000091552734,49.58000183105469,28.110000610351562,38.79999923706055,133.6999969482422,62.22999954223633,123.72000122070312,141.2899932861328,213.3000030517578,777.280029296875,62.39799880981445,44.709999084472656,57.61000061035156,61.68000030517578,73.38999938964844,118.93000030517578,42.97999954223633,89.91000366210938,398.0,50.84000015258789,165.57000732421875,161.32000732421875,241.1999969482422,63.970001220703125,73.12000274658203,100.94000244140625,84.33999633789062,31.149999618530273,51.20000076293945,203.97000122070312,185.5500030517578,31.09000015258789,181.336669921875,120.0,472.0,57.880001068115234,71.16999816894531,50.290000915527344,28.71500015258789,39.279998779296875,133.75999450683594,63.27000045776367,7059500,42224300,2812200,602700,57087000,37700200,14467200,39726500,6065000,9090700,8017500,3615200,1893800,23783600,6572200,10405400,2380800,4714300,11398800,10429000,11955900,488825000,26079400,1237600,6854800,7445900,2020500,5973900,2572300,4034800,2194200,20040900,39051200,38900900,8554300,17942400
2021-12-13,107.33455657958984,133.8000030517578,183.51686096191406,732.1994018554688,57.099857330322266,39.144378662109375,49.0545768737793,51.36397171020508,60.23585510253906,96.76473236083984,33.47602081298828,70.35310363769531,345.7369079589844,46.373321533203125,149.03614807128906,140.8208465576172,238.614501953125,55.93688201904297,63.83519744873047,83.89926147460938,82.38046264648438,28.10503387451172,43.486724853515625,165.63917541503906,166.5668487548828,27.1043758392334,168.58241271972656,108.00900268554688,443.4686584472656,46.42778396606445,59.41118621826172,43.405391693115234,23.647296905517578,35.70065689086914,126.27272033691406,52.75607681274414,126.51000213623047,133.8000030517578,211.38999938964844,764.469970703125,62.16600036621094,43.58000183105469,59.04999923706055,60.18000030517578,71.0199966430664,115.87999725341797,41.060001373291016,88.02999877929688,384.6400146484375,50.0,168.4499969482422,157.9199981689453,248.52999877929688,61.810001373291016,73.41999816894531,97.16999816894531,84.3499984741211,28.160999298095703,55.20000076293945,196.2100067138672,183.32000732421875,29.829999923706055,174.6266632080078,116.41999816894531,478.1400146484375,56.81999969482422,68.22000122070312,48.560001373291016,27.825000762939453,38.630001068115234,135.85000610351562,61.630001068115234,127.73999786376953,139.39999389648438,213.19000244140625,781.8400268554688,63.44200134277344,44.400001525878906,59.369998931884766,60.869998931884766,73.12999725341797,117.8499984741211,43.0,89.5199966430664,391.19000244140625,51.02000045776367,169.1999969482422,159.7899932861328,250.6999969482422,63.290000915527344,73.44999694824219,98.19999694824219,87.37999725341797,30.29400062561035,55.72999954223633,200.19000244140625,191.3000030517578,30.760000228881836,180.19332885742188,119.02999877929688,480.260009765625,57.75,70.27999877929688,49.959999084472656,28.450000762939453,38.970001220703125,136.22999572753906,62.720001220703125,125.19999694824219,133.4199981689453,209.0,764.3400268554688,62.12300109863281,43.38999938964844,57.11000061035156,59.779998779296875,70.5199966430664,115.61000061035156,40.97999954223633,86.81999969482422,382.6600036621094,49.95000076293945,163.8000030517578,157.27999877929688,245.4600067138672,61.720001220703125,71.97000122070312,96.80000305175781,84.19999694824219,28.115999221801758,53.439998626708984,195.94000244140625,183.11000061035156,29.59000015258789,174.32000732421875,116.38999938964844,474.010009765625,56.650001525878906,67.94000244140625,48.43000030517578,27.690000534057617,38.5,134.5800018310547,61.349998474121094,125.19999694824219,138.25,210.42999267578125,780.5700073242188,63.400001525878906,44.27000045776367,57.2599983215332,60.4900016784668,72.87000274658203,117.45999908447266,42.56999969482422,88.80000305175781,391.19000244140625,50.849998474121094,164.75,159.5,245.50999450683594,62.93000030517578,72.37000274658203,98.1500015258789,86.61000061035156,30.249000549316406,53.439998626708984,200.14999389648438,186.85000610351562,30.559999465942383,180.1133270263672,118.86000061035156,477.0199890136719,57.63999938964844,70.0199966430664,49.900001525878906,28.364999771118164,38.959999084472656,134.5800018310547,62.470001220703125,7834200,42174000,2721300,615100,26898000,38653900,18908400,20489500,5719100,8533000,9522800,3999100,2313300,35726900,11142300,12069000,3016700,5416800,17486100,10057100,13054400,598344000,54923200,1901800,16346800,8387000,2286600,5854300,2724800,4763100,2859700,19598900,57208000,44343000,12201800,17793700
2021-12-14,107.99633026123047,135.60000610351562,185.55699157714844,722.5448608398438,56.4798583984375,39.63840103149414,49.436710357666016,51.756591796875,59.94746017456055,97.04863739013672,32.88899612426758,69.75614929199219,349.4941101074219,46.09508514404297,150.66409301757812,141.8998565673828,239.4305877685547,56.51607131958008,64.70413208007812,85.32391357421875,81.34520721435547,28.280681610107422,43.754573822021484,167.83409118652344,165.34927368164062,26.959003448486328,167.77149963378906,107.88839721679688,444.6929016113281,46.828163146972656,59.38508224487305,43.70036697387695,23.549562454223633,35.91322326660156,125.76152038574219,52.679039001464844,127.29000091552734,135.60000610351562,213.74000549316406,754.3900146484375,61.49100112915039,44.130001068115234,59.5099983215332,60.63999938964844,70.68000030517578,116.22000122070312,40.34000015258789,85.30000305175781,388.82000732421875,49.70000076293945,170.2899932861328,159.1300048828125,249.3800048828125,62.45000076293945,73.72000122070312,98.81999969482422,83.29000091552734,28.336999893188477,55.540000915527344,198.80999755859375,181.97999572753906,29.670000076293945,173.7866668701172,116.29000091552734,479.4599914550781,57.310001373291016,68.19000244140625,48.88999938964844,27.709999084472656,38.86000061035156,135.3000030517578,61.540000915527344,127.8499984741211,137.24000549316406,214.80999755859375,760.3099975585938,61.86199951171875,44.81999969482422,60.43000030517578,61.31999969482422,71.73999786376953,116.91999816894531,41.08000183105469,86.48999786376953,392.5,50.27000045776367,170.97000122070312,160.88999938964844,250.00999450683594,63.5099983215332,74.04000091552734,99.44000244140625,84.7699966430664,28.67799949645996,55.95000076293945,201.27000427246094,183.89999389648438,30.280000686645508,174.70333862304688,116.9800033569336,483.0400085449219,57.880001068115234,70.29000091552734,49.4900016784668,28.135000228881836,39.150001525878906,136.00999450683594,62.470001220703125,125.37999725341797,130.60000610351562,210.22999572753906,743.25,60.56399917602539,43.529998779296875,58.599998474121094,60.380001068115234,70.02999877929688,115.47000122070312,39.88999938964844,84.43000030517578,383.260009765625,49.31999969482422,167.16000366210938,157.3000030517578,246.38999938964844,61.130001068115234,72.16000366210938,96.56999969482422,82.91000366210938,27.25,54.31999969482422,196.66000366210938,179.41000366210938,29.559999465942383,171.52333068847656,115.25,477.17999267578125,56.810001373291016,67.66000366210938,48.599998474121094,27.614999771118164,38.540000915527344,134.6300048828125,61.220001220703125,125.69999694824219,131.6699981689453,211.32000732421875,754.4199829101562,61.784000396728516,43.59000015258789,58.79999923706055,60.45000076293945,70.55999755859375,115.73999786376953,40.400001525878906,85.41000366210938,383.55999755859375,49.81999969482422,168.3300018310547,157.4499969482422,247.74000549316406,61.47999954223633,72.36000061035156,96.75,83.22000122070312,27.698999404907227,54.77000045776367,196.85000610351562,181.1999969482422,29.690000534057617,172.48333740234375,115.44000244140625,479.75,56.93000030517578,67.69000244140625,48.61000061035156,27.655000686645508,38.56999969482422,135.22000122070312,61.2599983215332,6381400,50754600,2602600,842400,35956000,47099400,21215300,19571100,6669300,12245300,11249700,3412400,2788500,34120400,10482400,12563600,3424000,5700600,18949700,11105900,12082500,667035000,48685700,1601000,8542800,8515900,2888100,6267300,3018000,4585600,2694000,17602900,57597600,51734400,11070800,22551100
2021-12-15,110.49070739746094,146.5,190.34043884277344,758.7779541015625,58.77152633666992,39.46773910522461,50.35051345825195,51.41518783569336,59.972904205322266,96.49752807617188,32.59550476074219,69.35543060302734,350.473876953125,46.994720458984375,151.41612243652344,140.83868408203125,264.2972717285156,56.54322052001953,66.08211517333984,85.8506088256836,83.65985870361328,30.398466110229492,46.322811126708984,167.21783447265625,171.98216247558594,26.63189125061035,173.93069458007812,111.70147705078125,458.5310974121094,46.362422943115234,59.42860794067383,43.74506378173828,23.43483543395996,36.0148811340332,128.336181640625,52.44790267944336,130.22999572753906,146.5,219.25,792.219970703125,63.986000061035156,43.939998626708984,60.61000061035156,60.2400016784668,70.70999908447266,115.55999755859375,39.97999954223633,84.80999755859375,389.9100036621094,50.66999816894531,171.13999938964844,157.94000244140625,275.2799987792969,62.47999954223633,75.29000091552734,99.43000030517578,85.66000366210938,30.458999633789062,58.79999923706055,198.0800018310547,189.27999877929688,29.309999465942383,180.1666717529297,120.4000015258789,494.3800048828125,56.7400016784668,68.23999786376953,48.939998626708984,27.575000762939453,38.970001220703125,138.07000732421875,61.27000045776367,130.77999877929688,146.69000244140625,219.5,792.5999755859375,64.08599853515625,44.45000076293945,60.880001068115234,61.0099983215332,71.22000122070312,116.31999969482422,40.34000015258789,85.69000244140625,391.3999938964844,50.779998779296875,171.3000030517578,159.85000610351562,275.5400085449219,62.91999816894531,75.38999938964844,99.83000183105469,85.79000091552734,30.5,58.91999816894531,200.38999938964844,189.77999877929688,29.65999984741211,180.3300018310547,120.51000213623047,495.3999938964844,57.650001525878906,68.66999816894531,49.27000045776367,27.739999771118164,39.09000015258789,138.13999938964844,61.5,127.5999984741211,133.80999755859375,213.1199951171875,760.6599731445312,61.034000396728516,43.619998931884766,59.599998474121094,59.540000915527344,68.66999816894531,113.94999694824219,38.16999816894531,82.06999969482422,380.6000061035156,49.33000183105469,169.4199981689453,157.35000610351562,257.2099914550781,61.08000183105469,73.70999908447266,97.12999725341797,82.05999755859375,27.83799934387207,55.88999938964844,196.0800018310547,179.97999572753906,28.530000686645508,171.8000030517578,116.4800033569336,480.1400146484375,56.41999816894531,66.3499984741211,48.130001068115234,26.959999084472656,38.47999954223633,135.47000122070312,60.0099983215332,128.25,135.11000061035156,214.0,764.5700073242188,61.55699920654297,44.369998931884766,59.619998931884766,60.939998626708984,70.61000061035156,116.31999969482422,40.33000183105469,85.62999725341797,389.5,49.869998931884766,169.85000610351562,159.85000610351562,262.07000732421875,62.2599983215332,73.70999908447266,99.12000274658203,83.4800033569336,28.399999618530273,56.11000061035156,199.97999572753906,183.97000122070312,29.59000015258789,174.13999938964844,116.79000091552734,480.6000061035156,57.470001220703125,68.1500015258789,49.02000045776367,27.670000076293945,38.959999084472656,135.58999633789062,61.189998626708984,9585600,72425800,3924500,910700,29092000,60057100,18498200,33861300,6805600,11069500,14637100,3148500,2802300,32590300,8552200,14014200,10016700,5561900,14263400,7055000,13971500,698297000,75202900,1397700,11082000,9370000,2344200,6700700,4188600,6417600,3136400,20284300,67716200,70424900,14996300,19961900
2021-12-16,111.80574035644531,138.63999938964844,193.23143005371094,723.129150390625,57.00984191894531,40.419857025146484,51.646453857421875,52.123592376708984,60.81257629394531,97.39934539794922,32.905311584472656,70.48395538330078,357.1793212890625,47.14311599731445,153.0706329345703,143.04129028320312,267.9071960449219,56.80565643310547,66.62629699707031,86.60179138183594,80.75922393798828,28.33057975769043,48.252933502197266,170.3497772216797,161.8692626953125,26.98625946044922,166.3426971435547,108.59553527832031,457.1211853027344,46.92621612548828,59.87276077270508,44.960697174072266,23.58355712890625,36.46772003173828,129.098388671875,52.53350830078125,131.77999877929688,138.63999938964844,222.5800018310547,755.0,62.06800079345703,45.0,62.16999816894531,61.06999969482422,71.69999694824219,116.63999938964844,40.36000061035156,86.19000244140625,397.3699951171875,50.83000183105469,173.00999450683594,160.41000366210938,279.0400085449219,62.77000045776367,75.91000366210938,100.30000305175781,82.69000244140625,28.386999130249023,61.25,201.7899932861328,178.14999389648438,29.700000762939453,172.30667114257812,116.56999969482422,492.8599853515625,57.43000030517578,68.75,50.29999923706055,27.75,39.459999084472656,138.88999938964844,61.369998931884766,133.27999877929688,147.92999267578125,231.0399932861328,799.8400268554688,64.06600189208984,45.36000061035156,62.66999816894531,61.90999984741211,73.05999755859375,118.19000244140625,41.54999923706055,88.5199966430664,399.8399963378906,51.400001525878906,173.50999450683594,161.82000732421875,283.8999938964844,64.18000030517578,76.52999877929688,101.41999816894531,86.31999969482422,31.15999984741211,61.43000030517578,204.88999938964844,192.67999267578125,30.459999084472656,181.41000366210938,120.75,496.9599914550781,58.16999816894531,70.55000305175781,50.81999969482422,28.31999969482422,39.7400016784668,139.58999633789062,62.45000076293945,129.91000366210938,137.02000427246094,220.0,753.6199951171875,61.150001525878906,44.09000015258789,60.790000915527344,60.81999969482422,71.31999969482422,115.91999816894531,40.040000915527344,85.44999694824219,391.79998779296875,50.58000183105469,170.83999633789062,158.6999969482422,272.04998779296875,62.689998626708984,75.2699966430664,99.66000366210938,82.12999725341797,28.093000411987305,57.75,199.91000366210938,176.11000061035156,29.579999923706055,171.27333068847656,116.13999938964844,490.1099853515625,57.04999923706055,68.5199966430664,49.310001373291016,27.704999923706055,39.220001220703125,137.80999755859375,61.29999923706055,130.10000610351562,147.0,220.0,799.0,63.736000061035156,44.70000076293945,61.0,61.099998474121094,71.7300033569336,116.19000244140625,40.349998474121094,85.86000061035156,395.1300048828125,50.7400016784668,171.25999450683594,160.38999938964844,275.6700134277344,63.279998779296875,75.5,101.29000091552734,85.87999725341797,31.152000427246094,58.36000061035156,201.05999755859375,190.3000030517578,29.709999084472656,180.89999389648438,120.33999633789062,494.010009765625,57.52000045776367,69.05000305175781,49.720001220703125,27.815000534057617,39.41999816894531,138.05999755859375,61.439998626708984,9569000,63369600,6027200,1006900,42748000,69487200,17947200,25688300,7068200,11344700,10234000,5108400,3578200,33132300,8998600,19542800,5546400,6067800,16601700,7889900,16503200,707366000,75183600,1244300,14873000,8547600,2797800,9116100,4080800,7989200,3030700,32781100,53731800,71156600,19227500,21187800
2021-12-17,109.89678955078125,137.75,193.16197204589844,718.2157592773438,58.32146453857422,39.41384506225586,51.13971710205078,50.81772232055664,58.1917839050293,94.86083221435547,31.959566116333008,68.69303894042969,343.18414306640625,46.9483528137207,148.8415069580078,139.78643798828125,256.7508239746094,56.51607131958008,66.43319702148438,83.86471557617188,81.0619888305664,27.745750427246094,46.858516693115234,166.50869750976562,160.64266967773438,26.322959899902344,165.9501190185547,108.36264038085938,451.7974548339844,45.537139892578125,59.82049560546875,42.86015319824219,23.103389739990234,35.66368865966797,128.19679260253906,51.386444091796875,129.52999877929688,137.75,222.5,749.8699951171875,63.49599838256836,43.880001068115234,61.560001373291016,59.540000915527344,68.61000061035156,113.5999984741211,39.20000076293945,84.0,381.79998779296875,50.619998931884766,168.22999572753906,156.75999450683594,267.4200134277344,62.45000076293945,75.69000244140625,97.12999725341797,83.0,27.801000595092773,59.47999954223633,197.24000549316406,176.8000030517578,28.969999313354492,171.89999389648438,116.31999969482422,487.1199951171875,55.72999954223633,68.69000244140625,47.95000076293945,27.184999465942383,38.59000015258789,137.9199981689453,60.029998779296875,131.02000427246094,142.0399932861328,224.16000366210938,758.0,63.999000549316406,44.70000076293945,62.56999969482422,60.5,71.0999984741211,116.45999908447266,40.099998474121094,85.83000183105469,393.6700134277344,51.02000045776367,170.77999877929688,159.3800048828125,276.6700134277344,63.22999954223633,77.73999786376953,99.5199966430664,83.29000091552734,28.922000885009766,61.189998626708984,201.5800018310547,180.1199951171875,29.6200008392334,174.63999938964844,117.48999786376953,493.1300048828125,57.18000030517578,69.58000183105469,49.72999954223633,27.674999237060547,39.25,139.0399932861328,61.279998779296875,129.3699951171875,136.11000061035156,219.32000732421875,743.9600219726562,61.5099983215332,43.619998931884766,61.36000061035156,58.959999084472656,68.5,113.52999877929688,38.29999923706055,83.47000122070312,380.6300048828125,50.0099983215332,167.66000366210938,155.17999267578125,265.3299865722656,61.310001373291016,75.5,96.80999755859375,80.94000244140625,27.760000228881836,58.70000076293945,195.0399932861328,175.02000427246094,28.639999389648438,170.0399932861328,115.93000030517578,486.3800048828125,55.5,67.08000183105469,47.869998931884766,26.940000534057617,38.349998474121094,137.3800048828125,59.689998626708984,130.83999633789062,136.3000030517578,222.69000244140625,751.1599731445312,61.75299835205078,44.5,62.29999923706055,60.27000045776367,70.9000015258789,115.91999816894531,39.880001068115234,85.81999969482422,389.2099914550781,50.59000015258789,169.63999938964844,159.32000732421875,276.6700134277344,62.58000183105469,76.55999755859375,99.47000122070312,81.62000274658203,27.985000610351562,59.93000030517578,201.50999450683594,175.72999572753906,29.579999923706055,170.61000061035156,116.29000091552734,491.4200134277344,57.06999969482422,68.54000091552734,49.70000076293945,27.549999237060547,39.20000076293945,138.19000244140625,60.95000076293945,12631100,55642100,6424000,1656700,50661000,124242400,24453700,47383500,22913100,22727900,20547600,9057600,7058600,50102300,16726200,28082000,7582900,13803000,28040600,20851400,23165900,713758000,104192100,3511700,16232300,17089100,2702100,11725600,5707200,14924000,5212100,74833400,69270200,97654400,21504200,44338100
2021-12-20,111.02519989013672,135.8000030517578,190.98292541503906,721.0986938476562,59.24640655517578,38.767127990722656,51.27263641357422,49.742313385009766,58.18330383300781,94.90259552001953,31.193187713623047,68.34956359863281,334.0247802734375,46.0023307800293,148.4168701171875,137.27178955078125,252.9680938720703,55.122398376464844,67.06513977050781,82.34510040283203,80.11463165283203,27.663908004760742,48.07173156738281,162.5494384765625,160.52452087402344,25.8686466217041,164.6500701904297,107.0770492553711,448.6533203125,44.83443069458008,59.82049560546875,41.87690353393555,22.817153930664062,34.97095489501953,127.42049407958984,50.641719818115234,130.86000061035156,135.8000030517578,219.99000549316406,752.8800048828125,64.50299835205078,43.15999984741211,61.720001220703125,58.279998779296875,68.5999984741211,113.6500015258789,38.2599983215332,83.58000183105469,371.6099853515625,49.599998474121094,167.75,153.94000244140625,263.4800109863281,60.90999984741211,76.41000366210938,95.37000274658203,82.02999877929688,27.7189998626709,61.02000045776367,192.5500030517578,176.6699981689453,28.469999313354492,170.55332946777344,114.94000244140625,483.7300109863281,54.869998931884766,68.69000244140625,46.849998474121094,26.5049991607666,37.65999984741211,136.55999755859375,59.15999984741211,131.38999938964844,138.25999450683594,222.49000549316406,756.719970703125,64.60900115966797,43.36000061035156,62.040000915527344,58.72999954223633,68.63999938964844,113.70999908447266,38.380001068115234,83.62999725341797,375.6300048828125,50.130001068115234,168.50999450683594,154.6999969482422,270.010009765625,61.459999084472656,76.5,95.88999938964844,83.25,28.143999099731445,61.709999084472656,194.38999938964844,177.0800018310547,28.549999237060547,171.88333129882812,116.62000274658203,485.010009765625,55.099998474121094,68.87999725341797,47.16999816894531,26.524999618530273,37.86000061035156,137.52999877929688,59.25,128.22999572753906,133.52000427246094,218.69000244140625,744.4500122070312,62.50899887084961,42.70000076293945,60.880001068115234,57.59000015258789,66.05999755859375,110.7300033569336,35.54999923706055,80.66999816894531,366.6499938964844,48.959999084472656,166.5500030517578,151.83999633789062,260.3500061035156,59.959999084472656,74.94999694824219,94.20999908447266,80.91000366210938,27.145000457763672,59.83000183105469,189.25999450683594,173.4600067138672,27.649999618530273,168.69332885742188,113.91000366210938,475.260009765625,53.84000015258789,65.12999725341797,46.25,25.829999923706055,37.209999084472656,135.3800048828125,57.959999084472656,128.50999450683594,135.97000122070312,222.25,747.5999755859375,62.630001068115234,43.27000045776367,61.439998626708984,58.599998474121094,67.05000305175781,111.86000061035156,36.380001068115234,81.80000305175781,375.5199890136719,49.90999984741211,167.80999755859375,154.50999450683594,269.2300109863281,60.95000076293945,75.69999694824219,95.61000061035156,82.13999938964844,27.30500030517578,60.599998474121094,194.3699951171875,174.2899932861328,28.100000381469727,169.39999389648438,115.91999816894531,482.0,54.95000076293945,66.5,47.060001373291016,26.114999771118164,37.810001373291016,137.11000061035156,58.790000915527344,7119200,38195400,2922200,647100,32770000,56455200,10894300,31619600,11485000,13464400,20487400,2937500,3735600,30140300,7954500,15148000,3479400,7136700,11818800,11931400,22346800,461847000,55712200,2411600,6306400,10479400,2145900,6980800,3145600,6655900,4400800,29134900,72661600,85242300,16185700,21819300
2021-12-21,110.25314331054688,144.25,191.790283203125,749.9854125976562,59.73725128173828,39.692283630371094,51.04833221435547,50.68117141723633,59.94746017456055,96.42237091064453,33.67984390258789,70.61479949951172,341.8538513183594,47.08747100830078,147.93905639648438,139.1890106201172,254.31219482421875,57.39390182495117,66.30155181884766,84.41731262207031,88.56266784667969,29.0172176361084,46.44098663330078,166.19635009765625,163.16859436035156,26.759103775024414,170.5904541015625,109.40602111816406,451.8808898925781,45.62702178955078,62.11091613769531,42.73500442504883,23.467103958129883,35.69525909423828,127.95233154296875,51.78878402709961,129.9499969482422,144.25,220.9199981689453,783.0399780273438,64.6240005493164,44.189998626708984,61.45000076293945,59.380001068115234,70.68000030517578,115.47000122070312,41.310001373291016,86.3499984741211,380.32000732421875,50.77000045776367,167.2100067138672,156.08999633789062,264.8800048828125,63.41999816894531,75.54000091552734,97.7699966430664,90.68000030517578,29.075000762939453,58.95000076293945,196.8699951171875,179.5800018310547,29.450000762939453,176.7066650390625,117.44000244140625,487.2099914550781,55.84000015258789,71.31999969482422,47.810001373291016,27.260000228881836,38.439998626708984,137.1300048828125,60.5,131.35000610351562,144.5,223.25,784.4500122070312,64.9469985961914,44.47999954223633,62.2400016784668,59.86000061035156,70.83999633789062,116.06999969482422,41.560001373291016,86.63999938964844,382.0899963378906,50.84000015258789,168.10000610351562,157.17999267578125,265.95001220703125,63.72999954223633,76.27999877929688,98.51000213623047,91.13999938964844,29.1200008392334,60.040000915527344,198.6999969482422,180.14999389648438,29.600000381469727,176.7899932861328,117.5,489.0,56.209999084472656,71.4000015258789,48.13999938964844,27.360000610351562,38.61000061035156,137.19000244140625,60.68000030517578,129.14999389648438,135.14999389648438,219.9600067138672,765.02001953125,63.33000183105469,43.540000915527344,61.25,58.650001525878906,69.30000305175781,114.29000091552734,38.939998626708984,84.31999969482422,374.760009765625,49.939998626708984,165.97999572753906,155.08999633789062,260.57000732421875,61.599998474121094,74.88999938964844,96.06999969482422,87.3499984741211,27.400999069213867,57.15999984741211,194.25999450683594,174.22000122070312,28.81999969482422,172.01333618164062,115.08000183105469,482.20001220703125,55.5,69.37999725341797,47.34000015258789,26.764999389648438,38.040000915527344,135.67999267578125,59.720001220703125,131.22999572753906,138.19000244140625,220.5500030517578,775.72998046875,64.80999755859375,43.540000915527344,62.0,58.7400016784668,69.43000030517578,114.43000030517578,38.959999084472656,84.4800033569336,376.42999267578125,49.939998626708984,168.05999755859375,155.41000366210938,264.0,61.650001525878906,76.25,96.18000030517578,88.98999786376953,28.374000549316406,60.0099983215332,194.41000366210938,179.3800048828125,28.950000762939453,174.39666748046875,116.06999969482422,487.0199890136719,55.5,69.37999725341797,47.59000015258789,26.774999618530273,38.040000915527344,136.9499969482422,59.75,6085900,57785200,2987500,838100,36534000,47845600,8669700,23175100,6324800,11368200,15177900,3089500,2942800,31956300,7954200,11291300,2702500,5679200,14947800,8235100,58363600,524385000,63877900,2352100,7702400,8440200,1624200,6122900,2536000,4620100,4585000,21249400,50319400,57667900,10773400,19798900
2021-12-22,112.03482818603516,143.8800048828125,192.31983947753906,758.6821899414062,60.56549072265625,39.77312469482422,51.58829879760742,50.86893844604492,60.28671646118164,96.9734878540039,34.47883224487305,71.32628631591797,343.66046142578125,47.2729606628418,148.57606506347656,139.7329559326172,255.8675994873047,57.10430145263672,66.84571838378906,84.87493133544922,88.23059844970703,29.341567993164062,46.913665771484375,166.40737915039062,164.80410766601562,26.804533004760742,172.36351013183594,113.00196075439453,458.2991943359375,45.8149528503418,62.093502044677734,42.93164825439453,23.617752075195312,35.862422943115234,129.44522094726562,52.20823287963867,132.0500030517578,143.8800048828125,221.52999877929688,792.1199951171875,65.5199966430664,44.279998779296875,62.099998474121094,59.599998474121094,71.08000183105469,116.12999725341797,42.290000915527344,87.22000122070312,382.3299865722656,50.970001220703125,167.92999267578125,156.6999969482422,266.5,63.099998474121094,76.16000366210938,98.30000305175781,90.33999633789062,29.399999618530273,59.54999923706055,197.1199951171875,181.3800048828125,29.5,178.5433349609375,121.30000305175781,494.1300048828125,56.06999969482422,71.30000305175781,48.029998779296875,27.434999465942383,38.619998931884766,138.72999572753906,60.9900016784668,132.5800018310547,144.5,221.89999389648438,792.1199951171875,65.71600341796875,44.58000183105469,62.279998779296875,59.939998626708984,71.62000274658203,116.68000030517578,42.900001525878906,87.94999694824219,384.010009765625,51.02000045776367,168.1699981689453,157.05999755859375,266.55999755859375,64.05999755859375,76.55999755859375,98.68000030517578,90.4800033569336,29.55500030517578,60.59000015258789,197.83999633789062,181.52000427246094,29.75,178.5433349609375,121.44000244140625,495.45001220703125,56.099998474121094,72.0999984741211,48.31999969482422,27.6200008392334,38.650001525878906,138.80999755859375,61.369998931884766,129.77999877929688,140.27000427246094,217.75999450683594,775.0,63.92599868774414,43.880001068115234,60.93000030517578,59.099998474121094,69.86000061035156,114.41000366210938,40.70000076293945,84.87999725341797,379.2699890136719,50.209999084472656,166.1199951171875,155.24000549316406,262.8500061035156,62.970001220703125,75.12999725341797,97.45999908447266,88.91999816894531,28.448999404907227,58.220001220703125,195.8000030517578,177.6300048828125,29.030000686645508,174.88333129882812,116.83000183105469,485.8999938964844,55.439998626708984,70.72000122070312,47.619998931884766,26.959999084472656,38.27000045776367,136.82000732421875,59.970001220703125,129.91000366210938,142.64999389648438,220.0,777.7999877929688,64.33200073242188,44.08000183105469,61.36000061035156,59.310001373291016,70.5,115.41999816894531,41.310001373291016,86.22000122070312,380.4200134277344,50.63999938964844,167.05999755859375,155.75,264.739990234375,63.5,75.44000244140625,97.69000244140625,90.0,28.891000747680664,59.25,196.60000610351562,179.0,29.40999984741211,175.79666137695312,116.91999816894531,487.1499938964844,55.72999954223633,71.37000274658203,47.7400016784668,27.290000915527344,38.33000183105469,137.05999755859375,60.34000015258789,7070900,46923700,2677700,534800,28383000,35715700,15119700,14760600,3775100,8345200,7569800,2713900,1487900,23307900,4178200,7273000,2721000,5168400,9256000,4798400,18593900,395184000,62594900,922800,5227200,9699500,2134800,9300100,1687500,4896000,1856900,15688000,42206200,49702700,7246000,14058300
2021-12-23,112.91722106933594,146.13999938964844,194.2818603515625,767.580078125,61.452903747558594,39.89888381958008,51.5467643737793,51.38957214355469,60.38003158569336,97.20730590820312,34.28315734863281,71.2935562133789,346.09637451171875,47.58830261230469,148.8592071533203,140.2323455810547,262.2042541503906,57.050010681152344,66.46832275390625,85.77290344238281,92.21533203125,29.581092834472656,46.25191116333008,167.0911865234375,166.03985595703125,26.868135452270508,174.03042602539062,112.42436981201172,459.4585266113281,46.011051177978516,62.46797561645508,43.226627349853516,23.63066864013672,36.048126220703125,129.97708129882812,52.23391342163086,133.08999633789062,146.13999938964844,223.7899932861328,801.4099731445312,66.4800033569336,44.41999816894531,62.04999923706055,60.209999084472656,71.19000244140625,116.41000366210938,42.04999923706055,87.18000030517578,385.0400085449219,51.310001373291016,168.25,157.25999450683594,273.1000061035156,63.040000915527344,75.7300033569336,99.33999633789062,94.41999816894531,29.639999389648438,58.709999084472656,197.92999267578125,182.74000549316406,29.56999969482422,180.27000427246094,120.68000030517578,495.3800048828125,56.310001373291016,71.7300033569336,48.36000061035156,27.450000762939453,38.81999969482422,139.3000030517578,61.02000045776367,133.77000427246094,149.02000427246094,224.47999572753906,805.719970703125,67.072998046875,45.06999969482422,62.560001373291016,60.779998779296875,72.13999938964844,117.91999816894531,42.779998779296875,88.2300033569336,387.6099853515625,51.72999954223633,168.9499969482422,159.1199951171875,275.2699890136719,64.52999877929688,76.30000305175781,99.97000122070312,95.0,30.05900001525879,60.08000183105469,200.77000427246094,183.7100067138672,29.8799991607666,181.43666076660156,121.79000091552734,498.1499938964844,56.91999816894531,73.37000274658203,48.93000030517578,27.829999923706055,39.16999816894531,139.75,61.84000015258789,132.1699981689453,143.85000610351562,221.5,794.0800170898438,65.61299896240234,44.400001525878906,61.849998474121094,59.95000076293945,71.04000091552734,116.4000015258789,41.970001220703125,86.87000274658203,383.57000732421875,51.04999923706055,167.36000061035156,157.2100067138672,266.67999267578125,63.02000045776367,75.3499984741211,98.7699966430664,90.3499984741211,29.430999755859375,58.310001373291016,197.8699951171875,181.3800048828125,29.43000030517578,178.89666748046875,119.83999633789062,492.80999755859375,56.150001525878906,71.7300033569336,48.220001220703125,27.440000534057617,38.79999923706055,138.67999267578125,61.0,132.3300018310547,143.88999938964844,222.3699951171875,794.6400146484375,65.61299896240234,44.68000030517578,62.40999984741211,59.9900016784668,71.29000091552734,116.51000213623047,42.52000045776367,87.25,383.7900085449219,51.08000183105469,167.8800048828125,157.61000061035156,269.04998779296875,63.75,76.30000305175781,99.01000213623047,90.69999694824219,29.7549991607666,59.81999969482422,198.80999755859375,181.52999877929688,29.5,178.89999389648438,120.95999908447266,495.0,56.529998779296875,72.66999816894531,48.400001525878906,27.55500030517578,38.84000015258789,139.08999633789062,61.16999816894531,5702300,48653800,1668800,496600,23596000,34053500,8077000,15223300,3902700,7416600,5399900,2458300,1624000,25198200,3501500,8055200,2632200,4658300,9894900,4482200,36400100,343022000,39203200,707800,4918900,7160100,2100300,6512500,1706500,4679500,3644200,16025600,33370600,39057300,7743800,13543300
2021-12-27,114.03714752197266,154.36000061035156,195.4799041748047,777.177001953125,62.329219818115234,40.096492767333984,51.74613952636719,51.76512145996094,62.09329605102539,99.19470977783203,36.37031936645508,74.23754119873047,348.79296875,48.172603607177734,150.1155548095703,141.03488159179688,267.3023681640625,57.991188049316406,67.2055892944336,86.68812561035156,92.22510528564453,30.883499145507812,46.63793182373047,169.7419891357422,169.3017578125,27.11346435546875,178.79945373535156,114.30618286132812,463.27972412109375,46.362422943115234,63.68719482421875,43.59310531616211,24.14718246459961,36.41956329345703,131.34872436523438,52.9786491394043,134.41000366210938,154.36000061035156,225.1699981689453,811.4299926757812,67.4280014038086,44.63999938964844,62.290000915527344,60.650001525878906,73.20999908447266,118.79000091552734,44.61000061035156,90.77999877929688,388.0400085449219,51.939998626708984,169.6699981689453,158.16000366210938,278.4100036621094,64.08000183105469,76.56999969482422,100.4000015258789,94.43000030517578,30.94499969482422,59.20000076293945,201.07000732421875,186.3300018310547,29.84000015258789,185.2100067138672,122.69999694824219,499.5,56.7400016784668,73.12999725341797,48.77000045776367,28.049999237060547,39.220001220703125,140.77000427246094,61.88999938964844,134.47999572753906,154.88999938964844,225.4600067138672,813.5900268554688,67.62999725341797,44.81999969482422,62.349998474121094,60.939998626708984,73.25,118.81999969482422,44.75,90.81999969482422,389.1099853515625,52.060001373291016,169.85000610351562,158.1999969482422,280.29998779296875,64.08999633789062,76.61000061035156,100.52999877929688,94.93000030517578,31.086999893188477,59.380001068115234,201.32000732421875,186.41000366210938,29.860000610351562,185.25,123.26000213623047,500.29998779296875,56.77000045776367,73.1500015258789,48.81999969482422,28.075000762939453,39.220001220703125,140.77000427246094,61.95000076293945,133.16000366210938,147.25,222.6699981689453,794.3599853515625,66.44599914550781,44.310001373291016,61.77000045776367,60.0,70.45999908447266,115.41000366210938,41.310001373291016,86.04000091552734,385.0,51.29999923706055,168.6999969482422,156.33999633789062,274.7200012207031,62.16999816894531,75.7699966430664,99.11000061035156,92.7300033569336,29.639999389648438,58.22999954223633,197.89999389648438,183.02000427246094,28.959999084472656,180.8866729736328,121.19999694824219,496.6400146484375,55.95000076293945,70.5,48.08000183105469,27.1299991607666,38.7400016784668,139.64999389648438,60.41999816894531,133.19000244140625,147.50999450683594,223.80999755859375,794.4000244140625,66.4800033569336,44.54999923706055,62.09000015258789,60.400001525878906,71.19000244140625,116.06999969482422,41.93000030517578,86.98999786376953,386.989990234375,51.349998474121094,169.13999938964844,157.60000610351562,275.0400085449219,62.59000015258789,76.0,99.72000122070312,93.72000122070312,29.65999984741211,58.849998474121094,198.80999755859375,183.2100067138672,29.510000228881836,180.92999267578125,121.22000122070312,498.67999267578125,56.33000183105469,71.33000183105469,48.54999923706055,27.360000610351562,38.939998626708984,139.8000030517578,60.93000030517578,4436800,53296400,1763200,527500,19442000,33879200,9542600,14035400,3967800,7745500,8186200,2714800,1430400,20985400,3704800,6188100,1677100,4334900,6334700,4196000,17110100,403686000,27362600,977600,4865900,6891400,2503500,6309900,1349400,3709200,2217800,11900400,43484400,36120300,6968900,12593700
2021-12-28,114.02017974853516,153.14999389648438,196.00079345703125,770.7982177734375,61.84115219116211,40.150386810302734,51.795989990234375,51.73950958251953,62.016963958740234,99.00264739990234,36.280635833740234,73.77958679199219,348.406494140625,48.00565719604492,150.71719360351562,141.46290588378906,265.4013977050781,58.253639221191406,67.41621398925781,86.31685638427734,90.76988983154297,30.261737823486328,45.70044708251953,169.8263702392578,167.9297332763672,27.358795166015625,176.8267822265625,113.70995330810547,466.4702453613281,46.370582580566406,64.88031768798828,43.28024673461914,24.12997055053711,36.438140869140625,131.00347900390625,52.807430267333984,134.38999938964844,153.14999389648438,225.77000427246094,804.77001953125,66.9000015258789,44.70000076293945,62.349998474121094,60.619998931884766,73.12000274658203,118.55999755859375,44.5,90.22000122070312,387.6099853515625,51.7599983215332,170.35000610351562,158.63999938964844,276.42999267578125,64.37000274658203,76.80999755859375,99.97000122070312,92.94000244140625,30.32200050354004,58.0099983215332,201.1699981689453,184.82000732421875,30.110000610351562,183.1666717529297,122.05999755859375,502.94000244140625,56.75,74.5,48.41999816894531,28.030000686645508,39.2400016784668,140.39999389648438,61.689998626708984,135.25999450683594,156.72999572753906,226.97999572753906,817.2999877929688,67.7760009765625,45.08000183105469,62.63999938964844,61.33000183105469,73.91999816894531,119.33999633789062,45.349998474121094,91.63999938964844,391.3299865722656,52.119998931884766,170.63999938964844,160.14999389648438,279.3999938964844,65.16999816894531,77.13999938964844,101.0,93.88999938964844,31.329999923706055,59.45000076293945,202.67999267578125,186.72999572753906,30.239999771118164,186.0933380126953,123.66000366210938,505.32000732421875,57.09000015258789,75.16999816894531,49.189998626708984,28.30500030517578,39.4900016784668,141.14999389648438,62.310001373291016,133.74000549316406,151.3800048828125,225.0500030517578,803.0900268554688,66.7030029296875,44.41999816894531,62.11000061035156,60.310001373291016,72.88999938964844,118.04000091552734,44.099998474121094,89.08000183105469,386.239990234375,51.630001068115234,169.58999633789062,158.0800018310547,275.8900146484375,64.23999786376953,76.20999908447266,99.58000183105469,92.05999755859375,30.011999130249023,57.08000183105469,200.19000244140625,183.49000549316406,29.700000762939453,182.32000732421875,121.87000274658203,500.3999938964844,56.22999954223633,73.52999877929688,48.36000061035156,27.875,39.13999938964844,140.02999877929688,61.400001525878906,134.5500030517578,155.8800048828125,225.1699981689453,817.2999877929688,67.75499725341797,44.470001220703125,62.31999969482422,60.439998626708984,73.41000366210938,118.66000366210938,44.900001525878906,91.4000015258789,388.92999267578125,51.93000030517578,169.7899932861328,158.1999969482422,279.3399963378906,64.4000015258789,76.68000030517578,100.5999984741211,93.75,31.312000274658203,59.04999923706055,200.3000030517578,186.58999633789062,29.799999237060547,186.06666564941406,123.37999725341797,502.0,56.43000030517578,73.58999633789062,48.560001373291016,28.1200008392334,39.150001525878906,140.89999389648438,61.90999984741211,4237200,58699100,1304500,548500,17247000,32492400,6002200,12697900,3383700,6516000,6374500,2307900,1528200,19290400,3187000,6342300,1033900,4774700,5727100,4269700,13683800,420591000,36901700,669700,5399400,7146300,1974900,6321000,1495500,3129000,2784800,14320500,35877000,34055200,6065900,12781000
2021-12-29,114.8431396484375,148.25999450683594,197.58950805664062,768.1259155273438,62.17483139038086,40.0875129699707,51.74613952636719,51.671234130859375,61.847328186035156,98.49325561523438,36.036041259765625,73.47701263427734,347.1391296386719,48.07058334350586,151.77886962890625,141.39158630371094,267.31201171875,57.87353515625,67.53910064697266,85.2462158203125,93.92445373535156,29.94137191772461,45.3616943359375,169.88548278808594,169.18360900878906,26.940828323364258,177.09715270996094,113.10444641113281,468.9188232421875,46.248016357421875,65.01094055175781,43.30706787109375,23.975013732910156,36.3917121887207,131.74990844726562,52.34518814086914,135.36000061035156,148.25999450683594,227.60000610351562,801.97998046875,67.26100158691406,44.630001068115234,62.290000915527344,60.540000915527344,72.91999816894531,117.94999694824219,44.20000076293945,89.8499984741211,386.20001220703125,51.83000183105469,171.5500030517578,158.55999755859375,278.4200134277344,63.95000076293945,76.94999694824219,98.7300033569336,96.16999816894531,30.000999450683594,57.58000183105469,201.24000549316406,186.1999969482422,29.649999618530273,183.44667053222656,121.41000366210938,505.5799865722656,56.599998474121094,74.6500015258789,48.45000076293945,27.850000381469727,39.189998626708984,141.1999969482422,61.150001525878906,135.8699951171875,154.33999633789062,228.2100067138672,805.239990234375,67.69999694824219,45.119998931884766,62.4900016784668,60.97999954223633,73.77999877929688,118.6500015258789,45.09000015258789,91.06999969482422,389.4599914550781,52.13999938964844,171.99000549316406,159.6300048828125,279.3599853515625,64.62000274658203,77.18000030517578,100.51000213623047,96.75,30.54800033569336,58.029998779296875,202.4199981689453,187.38999938964844,30.049999237060547,184.5933380126953,123.1500015258789,507.2200012207031,57.0,74.88999938964844,48.86000061035156,28.1200008392334,39.43000030517578,141.49000549316406,61.599998474121094,134.0800018310547,147.2899932861328,224.99000549316406,794.4000244140625,66.91200256347656,44.599998474121094,62.029998779296875,60.27000045776367,72.44000244140625,117.29000091552734,43.93000030517578,89.25,384.4200134277344,51.65999984741211,169.91000366210938,158.14999389648438,275.739990234375,63.70000076293945,76.47000122070312,98.69000244140625,93.91000366210938,29.365999221801758,57.06999969482422,200.41000366210938,184.55999755859375,29.510000228881836,182.32333374023438,120.97000122070312,502.0,56.529998779296875,73.47000122070312,48.369998931884766,27.71500015258789,39.13999938964844,140.16000366210938,60.91999816894531,134.61000061035156,152.82000732421875,225.5800018310547,798.1099853515625,66.9800033569336,44.849998474121094,62.189998626708984,60.810001373291016,73.26000213623047,118.08000183105469,44.2599983215332,89.87999725341797,387.9700012207031,51.810001373291016,170.0,158.85000610351562,275.82000732421875,64.19999694824219,76.80000305175781,100.05000305175781,94.0,30.273000717163086,57.310001373291016,201.74000549316406,184.67999267578125,29.950000762939453,183.09666442871094,121.80000305175781,504.7799987792969,56.84000015258789,74.31999969482422,48.599998474121094,27.985000610351562,39.31999969482422,140.25999450683594,61.47999954223633,5594300,51300200,1389400,404900,14797000,25294900,4875400,13284000,3947300,6957400,7497800,2053100,1327800,14174800,3662000,6398900,1112300,5253600,5926100,6923100,32234600,343139000,26170200,684100,5417200,6817700,1254900,5847700,1573900,4269200,2777800,14390700,30218200,27150500,7103600,12733600
2021-12-30,115.32672882080078,145.14999389648438,196.6084747314453,766.4403076171875,61.478782653808594,39.9976921081543,51.93721008300781,51.57734680175781,61.304500579833984,98.05905151367188,35.60393142700195,72.9291000366211,346.52789306640625,47.98711013793945,152.45127868652344,141.3202362060547,266.1886291503906,57.402957916259766,67.70587921142578,85.3066635131836,91.69770050048828,29.527202606201172,46.0076904296875,169.68284606933594,166.03073120117188,27.095293045043945,175.09341430664062,112.18215942382812,467.8522033691406,46.25625991821289,64.68871307373047,42.99421310424805,23.828664779663086,36.32671356201172,132.02052307128906,52.03702926635742,135.92999267578125,145.14999389648438,226.47000122070312,800.219970703125,66.50800323486328,44.529998779296875,62.52000045776367,60.43000030517578,72.27999877929688,117.43000030517578,43.66999816894531,89.18000030517578,385.5199890136719,51.7400016784668,172.30999755859375,158.47999572753906,277.25,63.43000030517578,77.13999938964844,98.80000305175781,93.88999938964844,29.586000442504883,58.400001525878906,201.0,182.72999572753906,29.81999969482422,181.32000732421875,120.41999816894531,504.42999267578125,56.150001525878906,74.27999877929688,48.099998474121094,27.68000030517578,39.119998931884766,141.49000549316406,60.790000915527344,136.8300018310547,148.85000610351562,229.5500030517578,808.2899780273438,67.56999969482422,45.099998474121094,63.16999816894531,61.06999969482422,73.69999694824219,118.69000244140625,44.79999923706055,90.75,389.7799987792969,52.13999938964844,172.8800048828125,160.24000549316406,280.6499938964844,64.66999816894531,77.61000061035156,99.97000122070312,95.51000213623047,30.457000732421875,58.7400016784668,203.1699981689453,186.52000427246094,30.049999237060547,183.76333618164062,121.55000305175781,509.2300109863281,56.650001525878906,75.38999938964844,48.90999984741211,28.079999923706055,39.529998779296875,141.97999572753906,61.599998474121094,135.6300048828125,144.85000610351562,226.13999938964844,799.9199829101562,66.38400268554688,44.47999954223633,62.36000061035156,60.38999938964844,72.19999694824219,117.33999633789062,43.61000061035156,89.08000183105469,385.20001220703125,51.650001525878906,171.75,158.3699951171875,276.3699951171875,63.38999938964844,76.97000122070312,98.72000122070312,93.43000030517578,29.540000915527344,57.529998779296875,200.8300018310547,182.30999755859375,29.639999389648438,180.7566680908203,120.19000244140625,503.6499938964844,56.11000061035156,73.98999786376953,48.040000915527344,27.655000686645508,39.0,141.30999755859375,60.77000045776367,135.75,147.44000244140625,227.60000610351562,803.6900024414062,67.30999755859375,44.75,62.5,60.619998931884766,73.08000183105469,118.12999725341797,44.34000015258789,89.9800033569336,387.75,51.91999816894531,172.1199951171875,159.11000061035156,279.19000244140625,64.05000305175781,77.12000274658203,98.86000061035156,94.4000015258789,29.82699966430664,57.75,201.88999938964844,185.8800048828125,29.700000762939453,183.00332641601562,121.0,507.92999267578125,56.189998626708984,74.72000122070312,48.4900016784668,27.860000610351562,39.310001373291016,141.4600067138672,61.220001220703125,6354300,44358000,1507400,411900,11473000,23852200,6248000,11380500,3340200,6016000,4919200,2228300,1160100,18359400,4231800,6948200,1181500,4049900,5859100,3564900,19327800,308864000,24559000,689500,4108400,7205000,1361700,4187800,1309800,4346700,2202000,13701300,27180000,30089100,7931700,11940300
2021-12-31,114.87705993652344,143.89999389648438,195.3062286376953,762.5325927734375,61.50927734375,39.961753845214844,51.795989990234375,51.54320526123047,61.38956832885742,97.99224090576172,35.91374969482422,72.64287567138672,343.8582763671875,47.76451873779297,151.35421752929688,141.20431518554688,265.19976806640625,57.90974426269531,67.26701354980469,84.75405883789062,91.07200622558594,29.35254669189453,46.51975631713867,169.27767944335938,166.15794372558594,27.213415145874023,174.5654754638672,112.07968139648438,465.7283630371094,46.272727966308594,65.41153717041016,42.886962890625,23.888925552368164,36.2617073059082,131.460693359375,52.37942886352539,135.39999389648438,143.89999389648438,224.97000122070312,796.1400146484375,66.54100036621094,44.4900016784668,62.349998474121094,60.38999938964844,72.18000030517578,117.3499984741211,44.04999923706055,88.83000183105469,382.54998779296875,51.5,171.07000732421875,158.35000610351562,276.2200012207031,63.9900016784668,76.63999938964844,98.16000366210938,93.1500015258789,29.410999298095703,59.04999923706055,200.52000427246094,182.8699951171875,29.950000762939453,180.77333068847656,120.30999755859375,502.1400146484375,56.16999816894531,75.11000061035156,47.97999954223633,27.75,39.04999923706055,140.88999938964844,61.189998626708984,136.2100067138672,148.61000061035156,227.74000549316406,805.280029296875,67.13099670410156,44.720001220703125,62.9900016784668,60.7599983215332,72.66999816894531,118.08999633789062,44.310001373291016,89.56999969482422,387.0,52.15999984741211,172.67999267578125,159.2899932861328,278.7300109863281,64.33000183105469,77.55000305175781,99.20999908447266,94.41999816894531,30.030000686645508,59.79999923706055,201.89999389648438,185.14999389648438,30.15999984741211,182.7133331298828,121.75,506.8699951171875,56.380001068115234,75.63999938964844,48.36000061035156,27.895000457763672,39.2400016784668,141.86000061035156,61.470001220703125,135.3000030517578,143.5500030517578,224.8000030517578,795.8800048828125,66.3270034790039,44.279998779296875,62.349998474121094,60.119998931884766,71.68000030517578,117.12999725341797,43.310001373291016,88.43000030517578,380.8399963378906,51.459999084472656,171.02999877929688,157.9600067138672,276.010009765625,63.290000915527344,76.62000274658203,97.4800033569336,93.02999877929688,29.33099937438965,58.439998626708984,200.33999633789062,182.60000610351562,29.489999771118164,180.75332641601562,120.22000122070312,502.0400085449219,55.91999816894531,73.91000366210938,47.84000015258789,27.565000534057617,38.970001220703125,140.83999633789062,60.70000076293945,136.0399932861328,146.16000366210938,226.25999450683594,801.510009765625,66.6969985961914,44.52000045776367,62.61000061035156,60.43000030517578,71.80999755859375,117.37999725341797,43.5,88.88999938964844,385.0,51.88999938964844,172.52999877929688,158.4499969482422,277.4700012207031,63.290000915527344,77.13999938964844,98.7300033569336,94.0,29.673999786376953,58.529998779296875,200.42999267578125,183.30999755859375,29.56999969482422,181.5066680908203,121.3499984741211,504.1400146484375,56.04999923706055,74.08999633789062,48.029998779296875,27.610000610351562,39.040000915527344,141.32000732421875,60.7400016784668,3963400,49448100,1668400,236400,12046000,24253900,6446200,12307200,3453900,5706600,4895700,2062300,1601300,16319000,4409500,5805900,1315700,3546400,6019500,5124800,13660600,266530000,28579600,925200,4113300,7785200,1217400,3888200,1695400,3282500,2478100,12649300,26482400,28497800,7882800,14072000
2022-01-03,114.89402770996094,150.24000549316406,196.7994842529297,763.8255004882812,61.316097259521484,41.47974395751953,51.40555191040039,53.8562126159668,62.74188232421875,99.58717346191406,37.152992248535156,74.54828643798828,355.3456726074219,49.350486755371094,151.77001953125,144.1915740966797,260.8888244628906,59.42106246948242,67.46887969970703,86.50682067871094,93.61398315429688,30.061138153076172,44.629032135009766,175.77792358398438,169.19273376464844,28.821685791015625,178.03546142578125,119.9888916015625,465.85809326171875,47.17890930175781,67.17943572998047,45.34504318237305,24.629270553588867,36.707435607910156,130.10772705078125,54.39106369018555,135.4199981689453,150.24000549316406,226.69000244140625,797.489990234375,66.33200073242188,46.18000030517578,61.880001068115234,63.099998474121094,73.7699966430664,119.26000213623047,45.56999969482422,91.16000366210938,395.3299865722656,53.209999084472656,171.5399932861328,161.6999969482422,271.7300109863281,65.66000366210938,76.87000274658203,100.19000244140625,95.75,30.121000289916992,56.650001525878906,208.22000122070312,186.2100067138672,31.719999313354492,184.36666870117188,128.8000030517578,502.2799987792969,57.27000045776367,77.13999938964844,50.72999954223633,28.610000610351562,39.529998779296875,139.44000244140625,63.540000915527344,135.6999969482422,151.64999389648438,226.97000122070312,799.3599853515625,67.16999816894531,46.4900016784668,62.2400016784668,63.61000061035156,73.95999908447266,119.69000244140625,45.77000045776367,91.22000122070312,399.29998779296875,53.22999954223633,171.60000610351562,162.63999938964844,274.4100036621094,66.25,76.94000244140625,101.4000015258789,95.83999633789062,30.711000442504883,58.54999923706055,208.52000427246094,186.8800048828125,31.969999313354492,184.54666137695312,129.58999633789062,502.8999938964844,57.400001525878906,78.20999908447266,50.810001373291016,28.655000686645508,39.68000030517578,140.5500030517578,63.599998474121094,133.50999450683594,145.02000427246094,222.02999877929688,784.9600219726562,66.12200164794922,44.97999954223633,61.34000015258789,61.11000061035156,72.0199966430664,117.29000091552734,43.970001220703125,88.29000091552734,387.3399963378906,51.599998474121094,169.10000610351562,159.50999450683594,267.05999755859375,64.2699966430664,75.3499984741211,99.30000305175781,93.4800033569336,29.78499984741211,56.34000015258789,203.00999450683594,182.24000549316406,29.979999542236328,181.27333068847656,124.0,493.04998779296875,56.08000183105469,75.56999969482422,48.91999816894531,27.774999618530273,39.31999969482422,138.24000549316406,61.209999084472656,135.41000366210938,145.13999938964844,223.6300048828125,795.739990234375,66.63200378417969,45.09000015258789,62.06999969482422,61.18000030517578,72.02999877929688,117.41999816894531,44.13999938964844,88.33000183105469,389.0,51.650001525878906,170.2100067138672,159.86000061035156,274.4100036621094,64.44000244140625,76.58000183105469,99.33000183105469,93.91000366210938,29.815000534057617,58.5,204.60000610351562,182.91000366210938,30.06999969482422,181.99000549316406,124.12999725341797,500.0,56.08000183105469,75.80000305175781,48.93000030517578,27.790000915527344,39.34000015258789,140.2899932861328,61.2400016784668,6839800,59396600,2742800,720600,22591000,58587900,12359400,30508500,5769900,10717700,10232500,2997400,3334300,33857600,6012200,13120900,2621300,5855800,9441200,8481900,18705500,391547000,57219200,2199500,5990200,18781000,1699800,18592000,3033600,5430900,3568200,38978100,65054200,49884400,15122300,24282400
2022-01-04,114.6734619140625,144.4199981689453,197.79782104492188,746.298095703125,62.01863098144531,43.105525970458984,51.61322784423828,54.2744255065918,65.46348571777344,101.39920806884766,38.856971740722656,77.97477722167969,366.2668151855469,49.28556442260742,151.36306762695312,149.6578369140625,256.1651916503906,61.366764068603516,67.59178161621094,90.0209732055664,94.19082641601562,29.231792449951172,42.95889663696289,182.25291442871094,170.11952209472656,30.220975875854492,177.48818969726562,124.2741928100586,455.3033752441406,48.414608001708984,68.37252044677734,47.150630950927734,25.481523513793945,37.673179626464844,128.390869140625,56.43693542480469,135.16000366210938,144.4199981689453,227.83999633789062,779.1900024414062,67.09200286865234,47.9900016784668,62.130001068115234,63.59000015258789,76.97000122070312,121.43000030517578,47.65999984741211,95.3499984741211,407.4800109863281,53.13999938964844,171.0800018310547,167.8300018310547,266.80999755859375,67.80999755859375,77.01000213623047,104.26000213623047,96.33999633789062,29.290000915527344,54.529998779296875,215.88999938964844,187.22999572753906,33.2599983215332,183.8000030517578,133.39999389648438,490.8999938964844,58.77000045776367,78.51000213623047,52.75,29.600000381469727,40.56999969482422,137.60000610351562,65.93000030517578,136.22000122070312,152.4199981689453,228.8000030517578,793.6300048828125,67.21900177001953,48.43000030517578,62.310001373291016,64.7300033569336,77.37999725341797,121.9800033569336,47.970001220703125,96.2699966430664,410.2799987792969,53.939998626708984,172.2899932861328,168.5800018310547,269.8800048828125,67.98999786376953,77.2699966430664,104.68000030517578,96.58999633789062,30.468000411987305,56.43000030517578,218.83999633789062,188.92999267578125,33.529998779296875,186.33999633789062,135.5,503.75,59.08000183105469,79.38999938964844,53.150001525878906,29.71500015258789,40.70000076293945,139.2899932861328,66.19000244140625,134.3800048828125,140.6999969482422,224.25,763.2899780273438,65.7229995727539,47.040000915527344,61.06999969482422,63.540000915527344,74.27999877929688,119.66000366210938,46.119998931884766,91.6500015258789,401.17999267578125,52.650001525878906,170.60000610351562,164.22999572753906,263.5799865722656,66.05000305175781,75.88999938964844,101.9800033569336,93.54000091552734,28.349000930786133,53.939998626708984,210.17999267578125,181.00999450683594,32.130001068115234,179.3733367919922,130.3000030517578,490.8800048828125,57.90999984741211,77.87000274658203,51.52000045776367,28.905000686645508,39.970001220703125,137.00999450683594,64.0999984741211,135.3300018310547,151.00999450683594,225.75999450683594,793.6300048828125,66.28800201416016,47.060001373291016,61.5,64.05999755859375,74.55999755859375,119.94999694824219,46.27000045776367,92.05000305175781,402.2300109863281,53.56999969482422,171.05999755859375,164.30999755859375,269.0,66.30000305175781,76.4000015258789,102.0,95.5999984741211,30.277000427246094,56.220001220703125,210.17999267578125,187.0,32.13999938964844,185.18666076660156,130.8699951171875,503.20001220703125,58.11000061035156,78.16999816894531,51.58000183105469,29.0,39.9900016784668,139.1300048828125,64.12999725341797,6298300,80200500,2491700,874100,21103000,74606700,11415200,30303600,9189300,16413100,15536400,5716500,3916400,45681400,6748400,20195800,2340500,8469200,11981700,8967000,19725000,527154000,66993100,2491200,8484200,17954000,3504600,25554900,3908100,7552600,4171700,43855100,79957600,74210200,14304500,38584000
2022-01-05,115.27582550048828,136.14999389648438,195.45384216308594,714.193115234375,59.43775177001953,42.37796401977539,51.638153076171875,53.642826080322266,64.3408203125,102.05890655517578,38.00090026855469,76.54365539550781,358.31195068359375,49.962615966796875,152.37167358398438,146.9217987060547,250.2509307861328,61.755916595458984,69.23304748535156,87.79332733154297,92.29410552978516,27.54913902282715,43.825477600097656,179.2982177734375,169.4562225341797,30.220975875854492,171.45928955078125,118.36790466308594,454.1811218261719,48.159236907958984,68.1025619506836,46.73945999145508,25.477214813232422,37.23673629760742,127.47642517089844,57.13886642456055,135.8699951171875,136.14999389648438,225.13999938964844,745.6699829101562,64.30000305175781,47.18000030517578,62.15999984741211,62.849998474121094,75.6500015258789,122.22000122070312,46.61000061035156,93.5999984741211,398.6300048828125,53.869998931884766,172.22000122070312,163.77999877929688,260.6499938964844,68.23999786376953,78.87999725341797,101.68000030517578,94.4000015258789,27.604000091552734,55.630001068115234,212.38999938964844,186.5,33.2599983215332,177.55667114257812,127.05999755859375,489.69000244140625,58.459999084472656,78.19999694824219,52.290000915527344,29.594999313354492,40.099998474121094,136.6199951171875,66.75,138.14999389648438,143.75999450683594,229.8699951171875,766.5399780273438,67.12100219726562,48.369998931884766,63.27000045776367,64.41000366210938,78.2699966430664,123.83999633789062,48.68000030517578,97.33000183105469,412.6600036621094,56.16999816894531,173.47000122070312,168.36000061035156,268.7699890136719,69.94000244140625,79.80999755859375,105.02999877929688,98.44999694824219,29.416000366210938,56.439998626708984,218.36000061035156,193.5800018310547,34.06999969482422,183.9600067138672,130.8800048828125,497.0,59.290000915527344,79.83999633789062,53.13999938964844,30.219999313354492,40.900001525878906,138.72999572753906,67.61000061035156,135.0,135.2899932861328,224.52000427246094,745.0399780273438,64.20099639892578,47.15999984741211,62.119998931884766,62.779998779296875,75.5199966430664,122.06999969482422,46.52000045776367,93.55000305175781,397.8900146484375,53.83000183105469,171.6199951171875,163.72999572753906,260.4200134277344,68.08999633789062,77.26000213623047,101.56999969482422,94.3499984741211,27.533000946044922,55.369998931884766,212.22999572753906,184.72999572753906,33.2400016784668,177.39666748046875,126.87999725341797,489.69000244140625,58.400001525878906,77.83999633789062,52.0,29.549999237060547,40.06999969482422,136.57000732421875,66.4800033569336,135.0,142.82000732421875,227.0399932861328,765.9099731445312,67.12100219726562,48.13999938964844,62.439998626708984,64.0999984741211,77.9800033569336,122.23999786376953,48.150001525878906,97.0,409.79998779296875,54.189998626708984,172.0,167.82000732421875,268.1600036621094,68.9800033569336,77.26000213623047,103.69999694824219,95.37999725341797,28.948999404907227,55.84000015258789,216.74000549316406,186.5,33.619998931884766,182.39332580566406,130.7100067138672,494.7699890136719,59.189998626708984,79.25,52.91999816894531,29.889999389648438,40.689998626708984,137.89999389648438,66.5,7724900,65403200,2806000,1193200,34961000,57791600,11074100,25149100,9034500,15487100,13786800,6632100,3469600,59109300,7016100,17539400,3004200,8747200,17447900,10288800,28613100,498064000,52956400,2771900,17141200,15846900,3751800,17891200,3921100,6527200,3999800,35072600,90804000,76288400,15370700,34033300
2022-01-06,114.73284149169922,136.22999572753906,195.4799041748047,730.9064331054688,58.88589859008789,43.23126983642578,51.52083206176758,55.40106201171875,66.7562484741211,102.9273452758789,39.435821533203125,78.11381530761719,356.7839050292969,50.09245681762695,151.8496856689453,148.48268127441406,248.9835968017578,63.48443603515625,69.18917846679688,89.29569244384766,93.5162124633789,28.121997833251953,43.2031135559082,186.20375061035156,168.95645141601562,30.938793182373047,172.79183959960938,119.68145751953125,435.59429931640625,49.46906661987305,69.80948638916016,47.937225341796875,26.045385360717773,37.78460693359375,126.002197265625,58.482791900634766,135.22999572753906,136.22999572753906,225.1699981689453,763.1199951171875,63.702999114990234,48.130001068115234,61.47999954223633,64.91000366210938,78.48999786376953,123.26000213623047,48.369998931884766,95.5199966430664,396.92999267578125,54.0099983215332,171.6300048828125,165.52000427246094,259.3299865722656,70.1500015258789,78.83000183105469,103.41999816894531,95.6500015258789,28.17799949645996,54.84000015258789,220.57000732421875,185.9499969482422,34.04999923706055,178.93666076660156,128.47000122070312,469.6499938964844,60.04999923706055,80.16000366210938,53.630001068115234,30.2549991607666,40.689998626708984,135.0399932861328,68.31999969482422,136.66000366210938,138.0,226.66000366210938,763.760009765625,64.86499786376953,48.15999984741211,61.790000915527344,65.30999755859375,78.79000091552734,124.31999969482422,48.9900016784668,97.4000015258789,401.20001220703125,54.66999816894531,172.5,167.3699951171875,261.29998779296875,70.37999725341797,79.58000183105469,104.20999908447266,96.70999908447266,28.437999725341797,55.630001068115234,220.69000244140625,188.47000122070312,34.41999816894531,179.77333068847656,129.0,484.1400146484375,60.06999969482422,80.47000122070312,53.66999816894531,30.424999237060547,40.720001220703125,136.60000610351562,68.4800033569336,135.16000366210938,131.77000427246094,223.69000244140625,729.8099975585938,63.44300079345703,47.189998626708984,60.86000061035156,63.5099983215332,76.9000015258789,121.63999938964844,47.0,94.56999969482422,386.42999267578125,53.41999816894531,170.8000030517578,163.8699951171875,255.4600067138672,68.81999969482422,77.94999694824219,100.62000274658203,94.12000274658203,27.065000534057617,54.4900016784668,214.75,183.0,33.439998626708984,175.60667419433594,124.80999755859375,463.1199951171875,58.939998626708984,78.95999908447266,52.65999984741211,29.829999923706055,40.150001525878906,134.8000030517578,67.06999969482422,136.39999389648438,136.19000244140625,225.13999938964844,739.530029296875,64.01599884033203,47.97999954223633,61.720001220703125,64.22000122070312,77.81999969482422,123.62000274658203,48.439998626708984,97.25,401.0,54.61000061035156,172.14999389648438,166.91000366210938,260.1000061035156,69.77999877929688,78.79000091552734,104.12000274658203,95.0999984741211,27.639999389648438,55.15999984741211,218.33999633789062,184.52000427246094,34.369998931884766,177.52999877929688,127.0,480.0,59.529998779296875,80.0,53.150001525878906,30.290000915527344,40.52000045776367,135.77000427246094,68.0,4667000,64802900,2198300,2041200,28581000,52040900,8048900,33334200,8679000,13318500,14529500,5254700,2960900,35757900,7301600,14047500,2863200,7923800,11359200,10059200,22320300,454186000,37000400,2970700,9117700,11163900,2934300,16249000,6555200,5783200,4248200,29720800,74681400,57725200,15182000,30668500
2022-01-07,114.43588256835938,132.0,197.3203582763672,724.1826782226562,57.23310089111328,44.17440414428711,52.652137756347656,56.14360427856445,68.58484649658203,104.40538024902344,39.859779357910156,80.27271270751953,357.30523681640625,49.563804626464844,153.9022979736328,149.95388793945312,249.14682006835938,64.19029235839844,70.47941589355469,89.83964538574219,92.34298706054688,27.192848205566406,43.89638137817383,188.87139892578125,163.92274475097656,31.829246520996094,167.7801513671875,115.05146789550781,425.3455810546875,50.25167465209961,70.54100799560547,48.956207275390625,26.402639389038086,38.2303352355957,125.35836029052734,58.96215057373047,134.8800048828125,132.0,227.2899932861328,756.0999755859375,61.915000915527344,49.18000030517578,62.83000183105469,65.77999877929688,80.63999938964844,125.02999877929688,48.88999938964844,98.16000366210938,397.510009765625,53.439998626708984,173.9499969482422,167.16000366210938,259.5,70.93000030517578,80.30000305175781,104.05000305175781,94.44999694824219,27.246999740600586,55.720001220703125,223.72999572753906,180.41000366210938,35.029998779296875,173.74667358398438,123.5,458.6000061035156,61.0,81.0,54.77000045776367,30.670000076293945,41.16999816894531,134.35000610351562,68.87999725341797,135.83999633789062,137.44000244140625,228.19000244140625,763.3599853515625,63.99100112915039,49.310001373291016,63.0099983215332,66.55000305175781,80.93000030517578,125.54000091552734,49.75,98.2699966430664,400.54998779296875,54.38999938964844,174.3000030517578,167.52999877929688,261.25,71.01000213623047,80.52999877929688,104.52999877929688,97.19000244140625,28.422000885009766,55.77000045776367,224.52000427246094,188.36000061035156,35.13999938964844,179.4166717529297,127.13999938964844,467.9700012207031,61.16999816894531,81.43000030517578,55.189998626708984,30.75,41.27000045776367,134.97000122070312,69.18000030517578,134.1300048828125,131.1300048828125,223.5399932861328,743.5999755859375,61.84600067138672,48.060001373291016,61.209999084472656,65.18000030517578,78.37999725341797,122.94999694824219,47.81999969482422,94.88999938964844,394.5299987792969,53.150001525878906,171.1300048828125,165.05999755859375,256.7099914550781,69.81999969482422,78.45999908447266,102.93000030517578,93.94000244140625,27.05699920654297,54.630001068115234,220.07000732421875,180.1199951171875,34.0,173.20333862304688,123.30999755859375,455.54998779296875,59.68000030517578,79.94999694824219,53.79999923706055,30.15999984741211,40.63999938964844,134.07000732421875,67.9800033569336,135.25,136.27999877929688,223.5399932861328,758.3900146484375,63.584999084472656,48.150001525878906,61.4900016784668,65.18000030517578,78.87000274658203,123.55000305175781,48.439998626708984,96.01000213623047,397.6700134277344,54.189998626708984,171.4600067138672,165.6699981689453,259.739990234375,70.0999984741211,78.86000061035156,103.51000213623047,96.08999633789062,28.141000747680664,55.36000061035156,220.52000427246094,186.60000610351562,34.02000045776367,178.76333618164062,126.55000305175781,467.69000244140625,59.900001525878906,80.58000183105469,53.86000061035156,30.3700008392334,40.779998779296875,134.72000122070312,68.5199966430664,8630300,58441100,2343000,1363300,27832000,59082600,16670000,26548200,10838800,14164600,15611900,6277800,2360700,30717200,6986000,13913300,2245100,6443500,15212000,6128400,14857900,409939000,27703400,2173600,7386200,14324300,2284500,21248100,5494200,7040100,3723200,35149300,71169200,62185500,9619400,23985400
2022-01-10,115.7170181274414,132.0,199.99424743652344,696.473876953125,57.41890335083008,43.94984436035156,54.554420471191406,56.35697555541992,68.91653442382812,104.47216033935547,39.541812896728516,80.19094848632812,358.7973327636719,51.205421447753906,153.1414031982422,150.097412109375,249.73245239257812,63.75590896606445,72.29624938964844,89.90870666503906,91.79547119140625,27.34554672241211,44.3060417175293,187.7908172607422,163.25949096679688,31.91102409362793,167.84127807617188,116.4581527709961,431.28143310546875,50.54824447631836,70.56713104248047,49.47464370727539,26.32086181640625,38.10033416748047,126.64598846435547,58.6112060546875,136.38999938964844,132.0,230.3699951171875,727.1699829101562,62.11600112915039,48.93000030517578,65.0999984741211,66.02999877929688,81.02999877929688,125.11000061035156,48.5,98.05999755859375,399.1700134277344,55.209999084472656,173.08999633789062,167.32000732421875,260.1099853515625,70.44999694824219,82.37000274658203,104.12999725341797,93.88999938964844,27.399999618530273,56.2400016784668,222.4499969482422,179.67999267578125,35.119998931884766,173.80999755859375,125.01000213623047,465.0,61.36000061035156,81.02999877929688,55.349998474121094,30.575000762939453,41.029998779296875,135.72999572753906,68.47000122070312,136.89999389648438,132.4199981689453,230.63999938964844,727.6599731445312,62.20399856567383,50.08000183105469,65.31999969482422,66.9800033569336,81.16000366210938,125.69000244140625,48.7599983215332,99.30999755859375,404.3699951171875,55.310001373291016,173.69000244140625,169.30999755859375,260.1600036621094,71.41000366210938,82.44999694824219,105.0999984741211,95.66999816894531,27.4689998626709,56.2599983215332,226.38999938964844,180.0,35.38999938964844,174.18666076660156,125.87000274658203,465.8599853515625,62.0,81.56999969482422,56.060001373291016,30.799999237060547,41.459999084472656,135.80999755859375,69.16999816894531,134.57000732421875,125.02999877929688,226.0,702.2999877929688,60.356998443603516,48.34000015258789,62.7599983215332,65.22000122070312,79.20999908447266,123.86000061035156,46.779998779296875,96.02999877929688,394.2200012207031,53.310001373291016,172.16000366210938,165.52999877929688,255.88999938964844,69.86000061035156,79.66999816894531,102.83000183105469,91.04000091552734,25.643999099731445,54.7400016784668,220.8699951171875,173.75999450683594,34.47999954223633,168.0,123.26000213623047,454.44000244140625,60.7599983215332,80.38999938964844,54.47999954223633,30.174999237060547,40.599998474121094,133.44000244140625,67.94999694824219,135.0800018310547,129.0800018310547,229.25,716.52001953125,60.88600158691406,49.90999984741211,62.79999923706055,66.45999908447266,80.6500015258789,125.1500015258789,48.27000045776367,98.36000061035156,401.32000732421875,53.970001220703125,173.69000244140625,169.07000732421875,258.19000244140625,70.94999694824219,80.54000091552734,104.72000122070312,94.26000213623047,26.58099937438965,55.709999084472656,226.3800048828125,178.27000427246094,34.970001220703125,171.59666442871094,125.11000061035156,456.0,62.0,80.98999786376953,55.5,30.739999771118164,41.43000030517578,133.75999450683594,68.97000122070312,9794400,84671300,3191900,1973400,29793000,66839500,27534100,28693700,9125400,12626100,9846200,5381700,3009400,49260800,7698400,12922500,2576700,5922700,19636800,8904900,20290000,594681000,34044700,2420100,11159300,15515600,5377500,11857700,5831800,7635500,3975900,34733500,66473000,73620000,15589900,22760300
2022-01-11,116.20911407470703,137.30999755859375,201.73922729492188,698.3799438476562,57.50117111206055,44.201358795166016,54.872859954833984,57.27875900268555,71.09384155273438,106.86038970947266,40.60169982910156,83.57652282714844,362.28485107421875,51.85464859008789,151.51345825195312,150.2499237060547,251.8543243408203,65.78307342529297,71.68186950683594,91.45425415039062,92.09855651855469,27.76171875,44.660552978515625,188.9642333984375,168.4567108154297,33.146751403808594,170.9989776611328,120.33354949951172,434.99139404296875,51.17433166503906,73.02301025390625,50.109283447265625,27.216157913208008,38.43462371826172,127.65372467041016,61.07652282714844,136.97000122070312,137.30999755859375,232.3800048828125,729.1599731445312,62.20500183105469,49.209999084472656,65.4800033569336,67.11000061035156,83.58999633789062,127.97000122070312,49.79999923706055,102.19999694824219,403.04998779296875,55.90999984741211,171.25,167.49000549316406,262.32000732421875,72.69000244140625,81.66999816894531,105.91999816894531,94.19999694824219,27.816999435424805,56.689998626708984,223.83999633789062,185.39999389648438,36.47999954223633,177.0800018310547,129.1699981689453,469.0,62.119998931884766,83.8499984741211,56.060001373291016,31.614999771118164,41.38999938964844,136.80999755859375,71.3499984741211,137.08999633789062,138.99000549316406,232.50999450683594,731.4400024414062,62.79999923706055,49.25,65.8499984741211,67.27999877929688,83.7699966430664,128.0,50.11000061035156,102.44000244140625,403.3399963378906,56.08000183105469,173.38999938964844,168.52000427246094,262.4100036621094,72.80000305175781,82.55999755859375,106.08999633789062,94.2699966430664,28.065000534057617,57.43000030517578,224.52999877929688,185.64999389648438,36.529998779296875,177.2866668701172,129.5500030517578,470.45001220703125,62.189998626708984,84.08999633789062,56.130001068115234,31.670000076293945,41.40999984741211,136.8300018310547,71.4000015258789,134.8000030517578,131.58999633789062,228.11000061035156,700.7100219726562,61.457000732421875,48.63999938964844,64.30999755859375,66.16999816894531,80.62999725341797,124.83000183105469,47.849998474121094,97.43000030517578,396.30999755859375,54.72999954223633,170.11000061035156,166.30999755859375,257.05999755859375,70.61000061035156,80.6500015258789,103.58000183105469,91.6500015258789,26.839000701904297,55.810001373291016,220.55999755859375,177.22000122070312,35.22999954223633,171.94667053222656,125.5,460.6700134277344,60.9900016784668,81.19999694824219,55.22999954223633,30.579999923706055,40.79999923706055,135.0,68.58000183105469,135.85000610351562,133.4499969482422,230.47000122070312,706.989990234375,61.55400085449219,48.9900016784668,64.70999908447266,66.37999725341797,81.61000061035156,125.86000061035156,49.18000030517578,99.3499984741211,400.25,55.5,172.99000549316406,168.25999450683594,261.5899963378906,71.31999969482422,82.41999816894531,104.16000366210938,92.45999908447266,27.322999954223633,56.75,223.44000244140625,179.19000244140625,35.400001525878906,173.22666931152344,126.54000091552734,467.20001220703125,61.65999984741211,81.80000305175781,55.560001373291016,30.84000015258789,41.18000030517578,135.92999267578125,68.88999938964844,7159400,77153900,2317900,2120700,19037000,40454400,12999500,23453000,8510600,14609000,13170300,4866400,1748800,39795200,8341100,11854100,2294000,6883000,11585100,7320200,14924900,404089000,33576600,2403000,9591000,15432500,3157200,12113100,3332800,6316800,4174000,25073700,76887800,60706300,12168300,32936100
2022-01-12,116.48058319091797,137.47000122070312,201.2009735107422,710.8406982421875,57.496551513671875,43.88697052001953,54.31977462768555,57.42387390136719,71.78276824951172,106.32596588134766,40.683231353759766,84.04264068603516,350.8334045410156,51.69697952270508,150.22171020507812,151.1021270751953,245.7096710205078,66.13601684570312,71.26934051513672,88.97623443603516,92.9882583618164,27.943355560302734,44.629032135009766,189.88442993164062,169.38351440429688,33.119510650634766,172.2543487548828,123.18424224853516,439.369140625,51.47913360595703,73.47586059570312,50.41318893432617,27.267812728881836,38.46248245239258,127.28983306884766,60.896751403808594,137.2899932861328,137.47000122070312,231.75999450683594,742.1699829101562,62.20000076293945,48.86000061035156,64.81999969482422,67.27999877929688,84.4000015258789,127.33000183105469,49.900001525878906,102.7699966430664,390.30999755859375,55.7400016784668,169.7899932861328,168.44000244140625,255.9199981689453,73.08000183105469,81.19999694824219,103.05000305175781,95.11000061035156,27.999000549316406,56.650001525878906,224.92999267578125,186.4199981689453,36.45000076293945,178.3800048828125,132.22999572753906,473.7200012207031,62.4900016784668,84.37000274658203,56.400001525878906,31.674999237060547,41.41999816894531,136.4199981689453,71.13999938964844,137.38999938964844,140.57000732421875,232.61000061035156,749.4500122070312,63.0989990234375,49.380001068115234,65.36000061035156,68.6500015258789,84.54000091552734,128.42999267578125,51.15999984741211,103.5,404.1199951171875,56.279998779296875,170.0800018310547,169.58999633789062,257.44000244140625,73.86000061035156,81.41999816894531,106.47000122070312,96.2300033569336,28.594999313354492,57.15999984741211,226.52000427246094,189.4600067138672,36.7599983215332,180.02333068847656,132.9199981689453,475.32000732421875,62.59000015258789,85.1500015258789,56.709999084472656,31.8700008392334,41.65999984741211,136.6300048828125,71.80999755859375,136.02999877929688,135.77000427246094,228.52000427246094,735.0,61.9739990234375,48.68000030517578,64.37999725341797,66.91999816894531,83.0999984741211,126.47000122070312,49.56999969482422,101.25,388.55999755859375,54.810001373291016,168.33999633789062,167.17999267578125,250.97000122070312,72.37000274658203,80.66999816894531,102.3499984741211,93.77999877929688,27.607999801635742,55.900001525878906,222.19000244140625,185.19000244140625,35.95000076293945,176.60333251953125,130.22000122070312,466.3399963378906,61.97999954223633,83.62000274658203,55.7599983215332,31.44499969482422,41.220001220703125,135.8300018310547,70.63999938964844,136.52000427246094,138.58999633789062,232.3800048828125,739.3099975585938,62.750999450683594,49.16999816894531,64.86000061035156,67.77999877929688,84.0,127.98999786376953,50.63999938964844,103.29000091552734,403.239990234375,56.13999938964844,169.61000061035156,168.4600067138672,252.89999389648438,73.0,81.08000183105469,106.05000305175781,95.16000366210938,28.066999435424805,56.34000015258789,225.0,186.60000610351562,36.52000045776367,178.7899932861328,130.5,468.9700012207031,62.34000015258789,84.72000122070312,56.40999984741211,31.78499984741211,41.5,136.02999877929688,71.13999938964844,6589300,69669600,1885800,959700,18806000,41378000,10148200,27976200,7740100,12469200,13828000,3953900,4158000,29136800,8116200,12568000,6562800,6861800,13057000,10855200,13339200,383413000,27608500,1464500,7317500,13196800,3571500,16389200,3502300,5649600,3192500,34159400,60496800,51560600,10831800,23045100
2022-01-13,114.45752716064453,132.74000549316406,200.4109649658203,699.2611083984375,55.20316696166992,43.797142028808594,54.13541793823242,57.85060501098633,71.1193618774414,105.88338470458984,40.47124481201172,84.02619171142578,351.2738037109375,50.95499801635742,149.3104248046875,150.9137420654297,239.70901489257812,66.17220306396484,71.37464904785156,88.54451751708984,93.48689270019531,26.522186279296875,43.754573822021484,191.16758728027344,167.084716796875,32.865081787109375,168.2339630126953,129.66812133789062,433.5352783203125,52.05579376220703,72.59627532958984,50.055641174316406,27.13007164001465,38.31390380859375,125.31172180175781,60.46018600463867,133.52000427246094,132.74000549316406,230.85000610351562,730.0800170898438,59.71900177001953,48.7599983215332,64.5999984741211,67.77999877929688,83.62000274658203,126.80000305175781,49.63999938964844,102.0,390.79998779296875,54.939998626708984,168.75999450683594,168.22999572753906,249.6699981689453,73.12000274658203,81.31999969482422,102.55000305175781,95.62000274658203,26.575000762939453,55.540000915527344,226.4499969482422,183.88999938964844,36.16999816894531,174.21665954589844,139.19000244140625,467.42999267578125,63.189998626708984,83.36000061035156,56.0,31.514999389648438,41.2599983215332,134.3000030517578,70.62999725341797,135.1199951171875,141.25,233.22999572753906,777.9199829101562,62.78799819946289,49.4900016784668,64.95999908447266,68.44000244140625,84.86000061035156,128.10000610351562,50.84000015258789,103.3499984741211,396.8699951171875,56.209999084472656,170.4199981689453,169.80999755859375,255.5,74.13999938964844,81.72000122070312,104.3499984741211,98.11000061035156,28.479999542236328,56.75,228.13999938964844,191.5800018310547,37.119998931884766,182.61666870117188,145.0,476.54998779296875,63.56999969482422,84.93000030517578,57.18000030517578,31.93000030517578,41.70000076293945,136.35000610351562,71.58000183105469,132.89999389648438,131.80999755859375,230.3300018310547,728.6400146484375,59.415000915527344,48.630001068115234,63.86000061035156,67.0199966430664,83.19000244140625,126.44999694824219,49.290000915527344,100.62000274658203,389.75,54.77000045776367,168.4600067138672,167.88999938964844,248.5500030517578,72.86000061035156,80.33000183105469,102.13999938964844,95.30000305175781,26.49799919128418,55.220001220703125,225.6999969482422,183.2899932861328,36.029998779296875,173.77333068847656,138.9199981689453,465.9800109863281,62.599998474121094,83.06999969482422,55.7599983215332,31.385000228881836,41.119998931884766,134.05999755859375,70.30999755859375,135.0,139.44000244140625,232.0500030517578,772.4099731445312,62.74700164794922,48.91999816894531,64.6500015258789,67.52999877929688,83.94000244140625,127.13999938964844,50.0,101.5,394.04998779296875,56.0,169.0,168.33999633789062,254.07000732421875,73.33999633789062,80.93000030517578,103.43000030517578,96.5,28.378999710083008,56.529998779296875,225.6999969482422,188.6999969482422,36.470001220703125,181.10667419433594,140.75,475.8900146484375,62.77000045776367,84.37000274658203,56.599998474121094,31.674999237060547,41.47999954223633,136.17999267578125,71.12000274658203,8386400,76618100,2152900,1628700,30048000,46337500,8201800,29222000,6814000,9691300,10745900,3469200,2497800,29605400,6159400,13623400,3726500,5486500,9678100,6267700,23679800,540171000,28117900,1925600,10190900,12799600,3268800,52020000,3005300,6612600,3033100,34037300,59554000,51659600,13804900,21043200
2022-01-14,116.4720458984375,136.8800048828125,204.3262939453125,713.1011962890625,55.12735366821289,43.03366470336914,54.411956787109375,57.12512969970703,73.77294158935547,107.68708801269531,41.08271789550781,87.01651763916016,342.4111633300781,51.65987777709961,148.4964599609375,141.63803100585938,234.38043212890625,67.63827514648438,71.42732238769531,85.37572479248047,95.18807983398438,26.888452529907227,43.28977584838867,188.62094116210938,171.44606018066406,34.3552360534668,172.2607879638672,131.03761291503906,434.7038879394531,52.105224609375,74.19868469238281,51.896968841552734,27.76711082458496,37.91461181640625,125.09712219238281,61.52164077758789,135.8699951171875,136.8800048828125,235.36000061035156,744.530029296875,59.637001037597656,47.90999984741211,64.93000030517578,66.93000030517578,86.73999786376953,128.9600067138672,50.38999938964844,105.62999725341797,380.94000244140625,55.70000076293945,167.83999633789062,157.88999938964844,244.1199951171875,74.73999786376953,81.37999725341797,98.87999725341797,97.36000061035156,26.941999435424805,54.95000076293945,222.1999969482422,188.69000244140625,37.810001373291016,178.3866729736328,140.66000366210938,468.69000244140625,63.25,85.19999694824219,58.060001373291016,32.255001068115234,40.83000183105469,134.07000732421875,71.87000274658203,136.0500030517578,137.0,235.8000030517578,746.5999755859375,60.03799819946289,48.22999954223633,64.98999786376953,67.08000183105469,86.87000274658203,129.1999969482422,51.45000076293945,106.0199966430664,384.3900146484375,55.77000045776367,168.64999389648438,161.02999877929688,250.5399932861328,74.7699966430664,81.8499984741211,100.47000122070312,97.43000030517578,27.19700050354004,55.380001068115234,224.57000732421875,190.08999633789062,37.900001525878906,178.55332946777344,143.8800048828125,473.1700134277344,63.279998779296875,85.33000183105469,58.869998931884766,32.30500030517578,40.869998931884766,134.2100067138672,72.1500015258789,132.2899932861328,131.42999267578125,229.99000549316406,728.1699829101562,59.20000076293945,47.189998626708984,64.25,65.08000183105469,83.87000274658203,126.76000213623047,49.7400016784668,102.12999725341797,375.0,54.529998779296875,167.14999389648438,156.89999389648438,242.89999389648438,72.94000244140625,80.7699966430664,97.38999938964844,94.4000015258789,26.209999084472656,54.5099983215332,220.07000732421875,182.00999450683594,36.130001068115234,172.81333923339844,136.08999633789062,465.0799865722656,61.83000183105469,82.97000122070312,56.38999938964844,31.524999618530273,40.34000015258789,132.69000244140625,70.5999984741211,133.35000610351562,131.67999267578125,230.69000244140625,735.5999755859375,59.577999114990234,47.52000045776367,64.27999877929688,65.36000061035156,84.22000122070312,126.76000213623047,49.75,102.12999725341797,382.1300048828125,54.849998474121094,168.6300048828125,160.75999450683594,250.14999389648438,73.0,81.5999984741211,99.75,94.44000244140625,26.299999237060547,54.97999954223633,221.3699951171875,182.8000030517578,36.22999954223633,172.836669921875,136.08999633789062,469.8900146484375,62.279998779296875,83.12000274658203,56.849998474121094,31.545000076293945,40.599998474121094,133.94000244140625,70.6500015258789,10484500,71078400,3012000,1313600,25661000,72953300,10302000,35994400,7946600,13281000,12865200,4981800,4685300,30151500,5847700,40158400,2894300,7237100,9478000,16724900,18385000,395832000,27072500,3764400,9587300,17414000,3401700,28255300,3665400,7236700,3121300,56739600,64801000,81135500,14341800,23012900
2022-01-18,117.25210571289062,131.92999267578125,202.99801635742188,685.0379638671875,53.409854888916016,41.55160903930664,54.378440856933594,55.733924865722656,74.4278335571289,108.03780364990234,41.058265686035156,87.04947662353516,318.555419921875,50.78805923461914,147.84178161621094,135.69944763183594,237.2127685546875,67.4663314819336,71.5677490234375,81.17083740234375,90.79825592041016,25.85152244567871,42.62802505493164,184.1049041748047,162.514404296875,34.10990524291992,164.5612335205078,124.67479705810547,427.56219482421875,51.23199462890625,74.58187866210938,50.672393798828125,27.87902069091797,37.06958770751953,123.3429183959961,62.55744552612305,136.77999877929688,131.92999267578125,233.8300018310547,715.22998046875,57.77899932861328,46.2599983215332,64.88999938964844,65.30000305175781,87.51000213623047,129.3800048828125,50.36000061035156,105.66999816894531,354.3999938964844,54.7599983215332,167.10000610351562,151.27000427246094,247.07000732421875,74.55000305175781,81.54000091552734,94.01000213623047,92.87000274658203,25.902999877929688,54.11000061035156,216.8800048828125,178.86000061035156,37.540000915527344,170.413330078125,133.8300018310547,460.989990234375,62.189998626708984,85.63999938964844,56.689998626708984,32.3849983215332,39.91999816894531,132.19000244140625,73.08000183105469,137.97999572753906,136.38999938964844,234.77000427246094,741.0700073242188,59.104000091552734,47.91999816894531,65.02999877929688,66.83999633789062,89.11000061035156,130.0,51.9900016784668,107.98999786376953,361.57000732421875,55.650001525878906,167.72000122070312,155.77999877929688,248.52000427246094,75.87999725341797,82.16000366210938,96.44000244140625,95.94999694824219,26.63800048828125,54.54999923706055,224.0800018310547,186.0,38.529998779296875,175.55999755859375,137.17999267578125,465.7099914550781,63.54999923706055,86.4000015258789,58.11000061035156,32.76499938964844,40.599998474121094,132.9600067138672,73.87999725341797,135.27999877929688,131.58999633789062,231.6999969482422,714.239990234375,57.5989990234375,46.04999923706055,63.810001373291016,65.0999984741211,85.81999969482422,127.87000274658203,49.209999084472656,104.31999969482422,347.2300109863281,54.68000030517578,166.00999450683594,150.5399932861328,242.08999633789062,73.5,80.80999755859375,92.94000244140625,92.54000091552734,25.770000457763672,53.43000030517578,215.5399932861328,178.27000427246094,36.9900016784668,170.0399932861328,133.2899932861328,458.3500061035156,61.959999084472656,84.16000366210938,56.5099983215332,31.889999389648438,39.66999816894531,131.85000610351562,72.01000213623047,135.50999450683594,134.5,233.52000427246094,741.030029296875,58.832000732421875,47.849998474121094,64.68000030517578,66.69000244140625,88.0,129.69000244140625,51.08000183105469,107.5999984741211,360.0400085449219,55.310001373291016,167.10000610351562,155.77999877929688,242.75,74.97000122070312,81.0999984741211,95.93000030517578,95.52999877929688,26.260000228881836,54.5,223.02000427246094,185.8699951171875,38.11000061035156,175.5366668701172,136.75,465.1700134277344,63.29999923706055,86.06999969482422,57.720001220703125,32.599998474121094,40.560001373291016,132.75,72.81999969482422,12341900,56527400,3720400,1178500,35825000,65877400,13301400,26353600,10782900,12905500,11575800,6205400,13123500,35313800,7815600,32324800,3241200,7808700,14493100,21803100,19900500,424270000,35598000,3205300,10471200,19101100,7686000,15191400,3938800,7624500,3513200,41689600,82133400,82526700,16471400,32841200
2022-01-19,115.90625762939453,128.27000427246094,200.80162048339844,669.3207397460938,52.13236618041992,41.71328353881836,54.2359733581543,54.82920837402344,74.23221588134766,107.64532470703125,39.89239501953125,86.60462951660156,312.19146728515625,49.730743408203125,147.3816680908203,133.600341796875,235.2733612060547,66.38037109375,71.34833526611328,82.65593719482422,87.99225616455078,25.017183303833008,42.178977966308594,177.00830078125,156.70835876464844,33.71010208129883,159.7200927734375,122.0477066040039,428.9812316894531,47.261287689208984,73.33651733398438,49.67128372192383,27.67672348022461,36.447425842285156,122.8390884399414,62.58310317993164,135.2100067138672,128.27000427246094,231.3000030517578,698.8200073242188,56.39699935913086,46.439998626708984,64.72000122070312,64.23999786376953,87.27999877929688,128.91000366210938,48.93000030517578,105.12999725341797,347.32000732421875,53.619998931884766,166.5800018310547,148.92999267578125,245.0500030517578,73.3499984741211,81.29000091552734,95.7300033569336,90.0,25.066999435424805,53.540000915527344,208.52000427246094,172.47000122070312,37.099998474121094,165.39999389648438,131.00999450683594,462.5199890136719,57.369998931884766,84.20999908447266,55.56999969482422,32.150001525878906,39.25,131.64999389648438,73.11000061035156,137.5,134.57000732421875,234.3300018310547,738.8800048828125,58.472999572753906,48.58000183105469,65.33000183105469,65.66000366210938,88.44000244140625,130.14999389648438,51.0,107.16999816894531,359.7099914550781,54.849998474121094,168.72000122070312,152.22999572753906,250.41000366210938,75.6500015258789,81.9800033569336,98.25,94.77999877929688,26.542999267578125,54.4900016784668,219.0,181.2100067138672,37.9900016784668,172.85333251953125,135.89999389648438,475.489990234375,59.529998779296875,86.58000183105469,57.68000030517578,32.66999816894531,40.2400016784668,133.47999572753906,73.86000061035156,134.83999633789062,128.02000427246094,230.6999969482422,698.7100219726562,56.33300018310547,46.349998474121094,64.41999816894531,63.970001220703125,85.72000122070312,128.5399932861328,48.91999816894531,103.05000305175781,346.3900146484375,53.560001373291016,166.32000732421875,148.5500030517578,244.72999572753906,73.22000122070312,80.4800033569336,94.95999908447266,89.7699966430664,25.052000045776367,53.45000076293945,208.39999389648438,172.27000427246094,36.630001068115234,165.28334045410156,130.94000244140625,461.510009765625,57.290000915527344,83.66999816894531,55.470001220703125,31.895000457763672,39.220001220703125,131.52000427246094,72.55000305175781,136.41000366210938,133.5500030517578,233.8000030517578,736.9400024414062,58.15800094604492,48.38999938964844,64.86000061035156,65.66000366210938,87.88999938964844,129.9499969482422,50.77000045776367,106.77999877929688,358.3399963378906,54.630001068115234,167.1999969482422,151.57000732421875,246.3300018310547,75.2699966430664,80.9800033569336,98.01000213623047,93.72000122070312,26.07900047302246,53.650001525878906,219.0,180.57000732421875,37.83000183105469,171.79666137695312,134.6199951171875,468.0,58.220001220703125,86.51000213623047,57.11000061035156,32.6349983215332,40.220001220703125,132.44000244140625,73.75,6196700,69831800,2061200,1593200,22692000,84451800,12569200,22817100,7370100,12064300,12232000,4935500,7426100,30595100,5926500,22380000,2487600,6582800,11448200,19716100,19043800,488315000,27300400,2336800,10082700,11154600,9931800,11155100,4030900,13764600,2786800,34970200,65978000,85975100,14639600,26431600
2022-01-20,114.0374755859375,121.88999938964844,198.71807861328125,676.6383056640625,50.6302375793457,41.093509674072266,54.11865234375,55.0169792175293,72.828857421875,107.2612075805664,39.647796630859375,85.2618637084961,312.89263916015625,48.26535415649414,146.20497131347656,132.46102905273438,233.42991638183594,65.14958190917969,70.8743667602539,86.19597625732422,83.17223358154297,24.10200309753418,42.580745697021484,175.6331024169922,151.283935546875,33.664676666259766,154.71151733398438,119.5510482788086,429.4265441894531,46.90705871582031,70.89807891845703,49.16178894042969,27.42276382446289,36.21527862548828,122.03662109375,62.72005081176758,133.02999877929688,121.88999938964844,228.89999389648438,706.4600219726562,54.77199935913086,45.75,64.58000183105469,64.45999908447266,85.62999725341797,128.4499969482422,48.630001068115234,103.5,348.1000061035156,52.040000915527344,165.25,147.66000366210938,243.1300048828125,71.98999786376953,80.75,99.83000183105469,85.06999969482422,24.149999618530273,54.04999923706055,206.89999389648438,166.5,37.04999923706055,160.2133331298828,128.3300018310547,463.0,56.939998626708984,81.41000366210938,55.0,31.854999542236328,39.0,130.7899932861328,73.2699966430664,134.8000030517578,128.50999450683594,233.72999572753906,729.97998046875,57.013999938964844,47.04999923706055,65.3499984741211,65.44999694824219,88.47000122070312,130.86000061035156,50.95000076293945,107.81999969482422,357.17999267578125,54.09000015258789,167.86000061035156,150.61000061035156,247.9499969482422,74.25,81.86000061035156,101.95999908447266,90.33000183105469,25.57900047302246,54.52000045776367,211.72000122070312,174.99000549316406,38.33000183105469,168.0,132.75,471.6300048828125,58.33000183105469,84.66000366210938,56.380001068115234,32.709999084472656,39.869998931884766,133.32000732421875,74.37000274658203,132.75,121.41000366210938,228.80999755859375,706.2100219726562,54.676998138427734,45.65999984741211,64.12999725341797,63.70000076293945,85.4000015258789,127.87999725341797,47.68000030517578,103.05000305175781,346.1400146484375,51.939998626708984,164.92999267578125,147.36000061035156,242.5,71.80999755859375,80.5199966430664,96.5999984741211,84.93000030517578,24.077999114990234,53.06999969482422,206.38999938964844,166.2899932861328,36.66999816894531,160.0,128.1999969482422,462.0,55.5,81.38999938964844,54.90999984741211,31.790000915527344,38.91999816894531,130.7100067138672,72.26000213623047,134.5,126.04000091552734,233.72999572753906,724.8900146484375,56.79999923706055,46.689998626708984,64.5199966430664,64.29000091552734,86.05000305175781,128.27000427246094,48.209999084472656,103.73999786376953,348.8999938964844,53.86000061035156,167.2899932861328,148.99000549316406,245.5800018310547,72.63999938964844,80.7300033569336,96.5999984741211,90.27999877929688,25.304000854492188,53.959999084472656,208.0,174.52999877929688,36.66999816894531,166.67666625976562,131.9199981689453,464.3800048828125,56.58000183105469,83.30999755859375,55.720001220703125,31.940000534057617,39.36000061035156,131.97000122070312,72.5,6612800,91157300,2093700,1536500,25225000,46265300,8523100,22794100,7707700,11370400,13374400,4863500,4599900,28582600,6011300,14860800,2655400,7200600,12069600,22637600,24701300,435181000,35105300,2401300,9468500,14720200,8349900,11421900,3228600,13476700,3868800,26972800,83980800,80314000,15127800,26774600
2022-01-21,113.13739013671875,118.80999755859375,197.69366455078125,665.4034423828125,49.290809631347656,40.34798812866211,53.24712371826172,54.001312255859375,70.35391235351562,105.97525787353516,37.601409912109375,82.8975830078125,309.1263732910156,48.26535415649414,145.86871337890625,130.14663696289062,233.36277770996094,63.98216247558594,70.19855499267578,85.35845947265625,80.1022720336914,23.327547073364258,41.58811569213867,170.59072875976562,149.85745239257812,33.0377197265625,152.1364288330078,116.01099395751953,427.72918701171875,45.39126205444336,69.05181121826172,47.972965240478516,26.880420684814453,35.47239685058594,120.80497741699219,61.77846145629883,131.97999572753906,118.80999755859375,227.72000122070312,694.72998046875,53.323001861572266,44.91999816894531,63.540000915527344,63.27000045776367,82.72000122070312,126.91000366210938,46.119998931884766,100.62999725341797,343.9100036621094,52.040000915527344,164.8699951171875,145.0800018310547,243.05999755859375,70.69999694824219,79.9800033569336,98.86000061035156,81.93000030517578,23.374000549316406,52.790000915527344,200.9600067138672,164.92999267578125,36.36000061035156,157.54666137695312,124.52999877929688,461.1700134277344,55.099998474121094,79.29000091552734,53.66999816894531,31.225000381469727,38.20000076293945,129.47000122070312,72.16999816894531,134.25,125.0199966430664,231.4600067138672,721.2000122070312,55.540000915527344,46.02000045776367,64.91999816894531,64.44999694824219,85.11000061035156,128.39999389648438,47.310001373291016,102.54000091552734,348.989990234375,53.130001068115234,167.99000549316406,147.50999450683594,247.8800048828125,71.62999725341797,81.5199966430664,99.55999755859375,85.13999938964844,24.822999954223633,54.869998931884766,206.41000366210938,172.0399932861328,37.599998474121094,163.61666870117188,127.9800033569336,470.7900085449219,56.77000045776367,80.75,55.0,31.69499969482422,38.95000076293945,131.60000610351562,73.18000030517578,131.6699981689453,118.38999938964844,227.30999755859375,694.7100219726562,53.13399887084961,44.65999984741211,63.290000915527344,62.75,82.1500015258789,126.2300033569336,45.040000915527344,99.44999694824219,340.7200012207031,51.95000076293945,164.47000122070312,144.27000427246094,242.1199951171875,69.83999633789062,79.23999786376953,96.3499984741211,81.5199966430664,23.26300048828125,52.459999084472656,199.41000366210938,164.57000732421875,35.68000030517578,157.19667053222656,124.2699966430664,461.07000732421875,55.06999969482422,78.54000091552734,53.130001068115234,30.895000457763672,38.040000915527344,129.25999450683594,71.04000091552734,133.05999755859375,120.13999938964844,230.60000610351562,707.2899780273438,54.66400146484375,45.56999969482422,64.73999786376953,63.9900016784668,84.91000366210938,127.76000213623047,47.150001525878906,102.38999938964844,345.5400085449219,52.08000183105469,166.19000244140625,147.5,246.8800048828125,71.44999694824219,81.2699966430664,98.13999938964844,84.22000122070312,23.506999969482422,54.41999816894531,206.19000244140625,166.24000549316406,37.54999923706055,159.0933380126953,127.08000183105469,463.5,56.650001525878906,80.6500015258789,54.5,31.4950008392334,38.84000015258789,131.19000244140625,73.18000030517578,7583000,95685300,3534800,1689600,38010000,71303600,13273200,28637900,10625600,13055700,17268100,3801600,4904100,46372400,10550300,20705400,2788600,10194200,18461700,22568300,29716300,718958000,41059000,3015400,11898700,15762200,13946100,15573700,4273200,13354000,5994900,38357600,114539600,117914300,25804800,35995200
2022-01-24,113.29169464111328,116.52999877929688,196.26991271972656,658.4019165039062,50.06266784667969,40.015647888183594,52.4677734375,53.514808654785156,70.60905456542969,106.20069885253906,39.40321731567383,84.28154754638672,308.65899658203125,48.172603607177734,144.18772888183594,130.0299835205078,230.82810974121094,63.70162582397461,69.18917846679688,84.68498229980469,81.09953308105469,23.325550079345703,40.603363037109375,173.2647247314453,154.52774047851562,33.25579833984375,153.8745880126953,117.34317779541016,428.7494201660156,46.799964904785156,68.44219207763672,47.660125732421875,27.061199188232422,35.57455062866211,120.40375518798828,62.30916976928711,132.16000366210938,116.52999877929688,226.0800018310547,687.4199829101562,54.15800094604492,44.54999923706055,62.61000061035156,62.70000076293945,83.0199966430664,127.18000030517578,48.33000183105469,102.30999755859375,343.3900146484375,51.939998626708984,162.97000122070312,144.9499969482422,240.4199981689453,70.38999938964844,78.83000183105469,98.08000183105469,82.94999694824219,23.371999740600586,51.540000915527344,204.11000061035156,170.07000732421875,36.599998474121094,159.34666442871094,125.95999908447266,462.2699890136719,56.810001373291016,78.58999633789062,53.31999969482422,31.434999465942383,38.310001373291016,129.0399932861328,72.79000091552734,133.25,116.7699966430664,229.13999938964844,688.6400146484375,54.35100173950195,44.689998626708984,63.41999816894531,62.79999923706055,83.44999694824219,127.7300033569336,48.54999923706055,103.04000091552734,344.07000732421875,52.130001068115234,164.1699981689453,145.47999572753906,243.75999450683594,70.72000122070312,80.11000061035156,98.31999969482422,83.04000091552734,23.3799991607666,52.060001373291016,204.86000061035156,170.82000732421875,36.68000030517578,159.64332580566406,126.06999969482422,464.1400146484375,57.06999969482422,78.87000274658203,53.4900016784668,31.545000076293945,38.38999938964844,129.25999450683594,73.08000183105469,128.25999450683594,107.5,219.97999572753906,648.6300048828125,51.34000015258789,42.59000015258789,61.189998626708984,60.029998779296875,78.77999877929688,122.83999633789062,42.869998931884766,95.93000030517578,326.2300109863281,49.880001068115234,158.25999450683594,139.57000732421875,232.67999267578125,67.48999786376953,76.6500015258789,93.68000030517578,77.63999938964844,20.88800048828125,49.81999969482422,194.47000122070312,158.60000610351562,34.68000030517578,148.97666931152344,120.12999725341797,448.1300048828125,53.68000030517578,75.04000091552734,51.18000030517578,29.920000076293945,36.81999969482422,124.91999816894531,69.80999755859375,132.82000732421875,115.4000015258789,227.47999572753906,666.0499877929688,53.0890007019043,43.900001525878906,63.18000030517578,61.5099983215332,80.69999694824219,124.44999694824219,44.45000076293945,97.5199966430664,337.32000732421875,51.47999954223633,164.0,142.27999877929688,242.5500030517578,69.05000305175781,79.7699966430664,96.0199966430664,80.2699966430664,22.329999923706055,51.75,196.5500030517578,162.17999267578125,35.290000915527344,154.25332641601562,123.7699966430664,458.07000732421875,54.31999969482422,77.12000274658203,52.72999954223633,30.485000610351562,37.540000915527344,128.3000030517578,70.87999725341797,13733800,116210100,4419100,2833100,54256000,90672700,17667200,38601700,9505400,19513700,25431400,5916700,6569800,64198400,14054600,28471400,3712800,9624700,17289000,19527300,29757100,913982000,59036400,3535500,17489100,17956500,15465300,17083400,4780700,15290400,5075700,48451400,124505600,169153300,37938000,41507000
2022-01-25,114.08892822265625,111.12999725341797,195.36703491210938,621.1919555664062,49.374935150146484,40.80608367919922,52.342071533203125,54.718238830566406,74.0876235961914,110.71829223632812,41.79201889038086,88.09568786621094,307.0050964355469,47.30078887939453,148.3106689453125,131.4473876953125,229.90635681152344,64.70613098144531,69.74213409423828,85.51387786865234,78.9192886352539,22.279634475708008,41.391170501708984,173.34112548828125,150.32992553710938,35.24568557739258,148.13217163085938,114.10123443603516,423.7131652832031,47.294246673583984,70.68035125732422,47.90145492553711,28.111452102661133,35.723121643066406,119.62930297851562,64.14104461669922,133.08999633789062,111.12999725341797,225.0399932861328,648.5700073242188,53.41400146484375,45.43000030517578,62.459999084472656,64.11000061035156,87.11000061035156,132.58999633789062,51.2599983215332,106.94000244140625,341.54998779296875,51.0,167.6300048828125,146.52999877929688,239.4600067138672,71.5,79.45999908447266,99.04000091552734,80.72000122070312,22.323999404907227,52.540000915527344,204.1999969482422,165.4499969482422,38.790000915527344,153.39999389648438,122.4800033569336,456.8399963378906,57.40999984741211,81.16000366210938,53.59000015258789,32.654998779296875,38.470001220703125,128.2100067138672,74.93000030517578,134.32000732421875,114.81999969482422,227.5,668.1599731445312,54.540000915527344,45.56999969482422,62.810001373291016,64.45999908447266,87.26000213623047,132.74000549316406,51.84000015258789,107.69999694824219,342.92999267578125,51.619998931884766,168.41000366210938,146.85000610351562,241.52999877929688,71.8499984741211,79.77999877929688,99.83000183105469,82.41999816894531,22.94300079345703,52.84000015258789,206.27999877929688,170.32000732421875,39.0,157.16000366210938,125.81999969482422,459.489990234375,57.79999923706055,81.5999984741211,53.72999954223633,32.775001525878906,38.75,129.30999755859375,75.23999786376953,130.7899932861328,109.86000061035156,222.27000427246094,643.8200073242188,52.422000885009766,43.83000183105469,61.45000076293945,61.130001068115234,81.31999969482422,125.2699966430664,46.91999816894531,99.36000061035156,330.9100036621094,50.25,161.5800018310547,140.7899932861328,235.1199951171875,68.73999786376953,77.77999877929688,95.01000213623047,79.6500015258789,22.0,51.2400016784668,199.0800018310547,161.1999969482422,35.7599983215332,152.51666259765625,121.69999694824219,447.2699890136719,55.59000015258789,76.5999984741211,51.54999923706055,30.735000610351562,37.2599983215332,126.2699966430664,71.38999938964844,131.49000549316406,114.0999984741211,223.67999267578125,652.6400146484375,52.79999923706055,44.290000915527344,62.2400016784668,61.970001220703125,83.12000274658203,127.12000274658203,48.02000045776367,102.25,337.8599853515625,51.0099983215332,162.36000061035156,143.64999389648438,236.80999755859375,69.9000015258789,78.41999816894531,96.58000183105469,80.91999816894531,22.54599952697754,51.36000061035156,202.35000610351562,166.1699981689453,36.5099983215332,155.25,125.48999786376953,454.07000732421875,56.5,78.08999633789062,52.66999816894531,31.315000534057617,37.880001068115234,127.33000183105469,72.58999633789062,10296500,85102900,2769900,2095300,38158000,73555300,16752800,34371100,8514800,19984500,18435600,4764900,3959300,44095400,14081200,18915900,2525100,10674200,13662400,16060700,22128400,664616000,43983200,1697100,10708500,24167100,10710300,11370500,3428900,8466200,4948100,40858700,118434400,97364900,19326800,39278400
2022-01-26,115.06616973876953,110.70999908447266,193.1966552734375,625.6839599609375,51.49916458129883,41.228248596191406,52.157711029052734,55.264495849609375,74.04508972167969,110.80179595947266,42.22414016723633,88.58171844482422,308.02069091796875,47.940738677978516,148.9742431640625,132.6942901611328,228.37017822265625,64.2355728149414,69.46125793457031,86.48954010009766,80.14138793945312,22.72673988342285,41.76142883300781,174.87757873535156,151.73826599121094,36.16340637207031,150.40792846679688,114.6601791381836,425.1878356933594,47.41781997680664,70.80228424072266,48.39308166503906,28.064105987548828,35.81597900390625,119.00413513183594,63.490474700927734,134.22999572753906,110.70999908447266,222.5399932861328,653.260009765625,55.71200180053711,45.900001525878906,62.2400016784668,64.75,87.05999755859375,132.69000244140625,51.790000915527344,107.52999877929688,342.67999267578125,51.689998626708984,168.3800048828125,147.9199981689453,237.86000061035156,70.9800033569336,79.13999938964844,100.16999816894531,81.97000122070312,22.77199935913086,53.0099983215332,206.00999450683594,167.0,39.79999923706055,155.7566680908203,123.08000183105469,458.42999267578125,57.560001373291016,81.30000305175781,54.13999938964844,32.599998474121094,38.56999969482422,127.54000091552734,74.16999816894531,135.47999572753906,117.16000366210938,226.92999267578125,679.3800048828125,57.41699981689453,46.459999084472656,63.40999984741211,65.77999877929688,89.19000244140625,134.7100067138672,53.220001220703125,109.9000015258789,350.4800109863281,52.720001220703125,169.22000122070312,150.57000732421875,242.42999267578125,73.19999694824219,80.33999633789062,101.75,84.79000091552734,24.05699920654297,53.619998931884766,208.9199981689453,174.5500030517578,40.279998779296875,162.2566680908203,126.66999816894531,463.8800048828125,58.52000045776367,83.95999908447266,54.91999816894531,33.26499938964844,39.209999084472656,129.5800018310547,76.0,132.8300018310547,108.62999725341797,221.1199951171875,644.6599731445312,55.00699996948242,45.2599983215332,61.86000061035156,63.869998931884766,86.36000061035156,131.58999633789062,50.70000076293945,106.06999969482422,338.4100036621094,50.75,166.22999572753906,145.9600067138672,235.91000366210938,70.41999816894531,78.7300033569336,98.9000015258789,80.61000061035156,22.299999237060547,52.459999084472656,202.75,163.89999389648438,38.41999816894531,153.39999389648438,121.88999938964844,453.45001220703125,56.68000030517578,80.29000091552734,53.43000030517578,32.244998931884766,38.11000061035156,126.54000091552734,73.48999786376953,133.2899932861328,114.55000305175781,221.6199951171875,661.6300048828125,55.20000076293945,45.779998779296875,62.15999984741211,64.69999694824219,88.72000122070312,132.89999389648438,52.0,107.66999816894531,346.6000061035156,51.130001068115234,167.5399932861328,148.72000122070312,239.6300048828125,72.38999938964844,79.38999938964844,100.1500015258789,83.25,23.239999771118164,52.56999969482422,206.82000732421875,168.5800018310547,39.060001373291016,157.7066650390625,125.37999725341797,458.45001220703125,58.0,82.44000244140625,53.90999984741211,33.0,38.88999938964844,128.4199981689453,75.43000030517578,8040300,94752600,2861600,1376700,49715000,63735800,13664200,31803400,9416400,17266500,16714600,5122500,3745900,54895400,9963200,20709100,2913200,7942800,13046600,13344400,21018700,755959000,39644800,1641000,10492200,25985100,8508000,13592100,4435900,7507100,4132200,39687100,130725400,106682000,29557400,35252400
2022-01-27,116.55774688720703,102.5999984741211,194.4641876220703,607.869140625,50.13014221191406,40.84201431274414,53.515281677246094,54.75238800048828,76.25641632080078,113.03970336914062,42.18336486816406,90.4105224609375,306.5376281738281,44.56475830078125,150.92955017089844,130.3529510498047,227.27572631835938,65.06815338134766,70.72515106201172,87.33572387695312,76.96388244628906,21.900390625,42.36471939086914,173.9862823486328,146.46832275390625,35.30929183959961,143.712646484375,108.41853332519531,428.12799072265625,47.318946838378906,71.39446258544922,48.05342102050781,28.36971664428711,35.49097442626953,119.31207275390625,64.30367279052734,135.97000122070312,102.5999984741211,224.0,634.6599731445312,54.23099899291992,45.470001220703125,63.86000061035156,64.1500015258789,89.66000366210938,135.3699951171875,51.7400016784668,109.75,341.0299987792969,48.04999923706055,170.58999633789062,145.30999755859375,236.72000122070312,71.9000015258789,80.58000183105469,101.1500015258789,78.72000122070312,21.944000244140625,53.369998931884766,204.9600067138672,161.1999969482422,38.86000061035156,148.82333374023438,116.37999725341797,461.6000061035156,57.439998626708984,81.9800033569336,53.7599983215332,32.95500183105469,38.220001220703125,127.87000274658203,75.12000274658203,138.3000030517578,112.75,228.0399932861328,665.0,57.0260009765625,46.75,64.5199966430664,65.8499984741211,89.73999786376953,137.0,54.2599983215332,111.27999877929688,348.7699890136719,50.060001373291016,171.91000366210938,150.3800048828125,243.27000427246094,73.29000091552734,81.5999984741211,102.2300033569336,83.69999694824219,23.9950008392334,54.58000183105469,210.4199981689453,171.4499969482422,41.040000915527344,157.48666381835938,124.13999938964844,468.67999267578125,58.7400016784668,84.52999877929688,55.5099983215332,33.529998779296875,39.34000015258789,129.83999633789062,76.01000213623047,135.36000061035156,101.94000244140625,222.30999755859375,631.4000244140625,54.10300064086914,45.09000015258789,62.349998474121094,63.900001525878906,87.80999755859375,133.58999633789062,50.599998474121094,107.75,337.7200012207031,47.779998779296875,169.0,144.1300048828125,235.75999450683594,70.54000091552734,78.41999816894531,99.66000366210938,78.38999938964844,21.674999237060547,53.0,202.67999267578125,160.61000061035156,38.220001220703125,148.32333374023438,116.02999877929688,457.010009765625,56.97999954223633,80.05000305175781,53.22999954223633,32.40999984741211,37.970001220703125,127.44999694824219,73.98999786376953,135.5,111.95999908447266,222.39999389648438,664.7999877929688,56.97200012207031,46.369998931884766,62.5099983215332,65.22000122070312,88.94999694824219,134.4499969482422,53.150001525878906,109.66999816894531,345.6700134277344,49.97999954223633,169.38999938964844,149.4199981689453,239.97999572753906,72.62999725341797,78.41999816894531,101.30999755859375,83.51000213623047,23.56800079345703,53.02000045776367,208.6699981689453,169.30999755859375,40.2599983215332,157.29666137695312,124.0,458.0799865722656,58.29999923706055,83.55999755859375,54.599998474121094,33.17499923706055,38.939998626708984,128.16000366210938,75.45999908447266,8869100,125954100,2744000,1465300,34183000,63402400,16567900,24674000,9624600,20654100,13642000,6217600,2573400,89642800,9066700,17536800,2178500,9207900,20187200,17843100,22694000,573353000,36957200,1875200,10743000,24350400,8400900,18599800,3508100,7130000,5821200,34209200,108901400,91498900,18483600,29174700
2022-01-28,118.2293472290039,105.23999786376953,198.92642211914062,617.7439575195312,51.774627685546875,41.201290130615234,54.395206451416016,55.213287353515625,75.88218688964844,109.06489562988281,42.028465270996094,90.36933898925781,311.9128112792969,44.267967224121094,151.99122619628906,131.5191192626953,235.32138061523438,64.97765350341797,71.00603485107422,88.50944519042969,77.50163269042969,22.794607162475586,43.12675857543945,176.75364685058594,151.565673828125,36.05437088012695,146.46803283691406,109.56438446044922,432.2646179199219,47.84618377685547,70.89807891845703,48.437767028808594,28.24919319152832,35.955265045166016,121.74738311767578,64.4406509399414,137.9199981689453,105.23999786376953,229.13999938964844,644.969970703125,56.0099983215332,45.869998931884766,64.91000366210938,64.69000244140625,89.22000122070312,130.61000061035156,51.54999923706055,109.69999694824219,347.010009765625,47.72999954223633,171.7899932861328,146.61000061035156,245.10000610351562,71.80000305175781,80.9000015258789,101.80000305175781,79.2699966430664,22.84000015258789,54.33000183105469,208.22000122070312,166.80999755859375,39.68000030517578,151.67666625976562,117.61000061035156,466.05999755859375,58.08000183105469,81.41000366210938,54.189998626708984,32.814998626708984,38.720001220703125,130.47999572753906,75.27999877929688,137.97999572753906,105.4000015258789,229.14999389648438,644.97998046875,56.04999923706055,45.88999938964844,64.91999816894531,64.70999908447266,89.72000122070312,132.05999755859375,52.7400016784668,110.94999694824219,347.1499938964844,48.20000076293945,171.83999633789062,146.75999450683594,245.22000122070312,72.54000091552734,80.98999786376953,101.91999816894531,79.27999877929688,22.857999801635742,54.66999816894531,208.41000366210938,166.94000244140625,40.34000015258789,151.67666625976562,119.5999984741211,466.2799987792969,58.119998931884766,83.2699966430664,54.220001220703125,33.1349983215332,38.72999954223633,130.52999877929688,75.62000274658203,134.60000610351562,99.3499984741211,222.25,620.6699829101562,53.23899841308594,44.45000076293945,63.2400016784668,62.83000183105469,87.69999694824219,128.07000732421875,50.29999923706055,107.41999816894531,333.45001220703125,46.29999923706055,169.3000030517578,142.1699981689453,235.0500030517578,70.12000274658203,79.18000030517578,98.1500015258789,75.5199966430664,21.29599952697754,53.099998474121094,202.72000122070312,157.3800048828125,38.689998626708984,144.42666625976562,114.19000244140625,455.0799865722656,56.5,79.33000183105469,52.77000045776367,32.130001068115234,37.59000015258789,126.86000061035156,73.94999694824219,135.99000549316406,101.55000305175781,224.0500030517578,633.5999755859375,54.33599853515625,45.33000183105469,63.68000030517578,63.619998931884766,87.9800033569336,130.0,52.540000915527344,109.75,337.7300109863281,47.709999084472656,170.86000061035156,144.19000244140625,237.49000549316406,71.80000305175781,79.54000091552734,99.0999984741211,77.37000274658203,22.011999130249023,53.77000045776367,204.11000061035156,162.00999450683594,38.91999816894531,148.70333862304688,118.70999908447266,461.3999938964844,57.349998474121094,81.47000122070312,53.61000061035156,32.73500061035156,38.06999969482422,127.76000213623047,74.97000122070312,8014400,98749500,2502100,1339700,30254000,51048300,10848400,20953500,11561400,24817800,9723700,3832600,3714600,61945400,9783100,14117000,3081100,7761300,13915300,14044800,24434600,543774000,28590400,1798400,10320800,18155000,7173000,14005900,3364400,6843800,4647900,35519700,105302400,79753600,20906800,30595700
2022-01-31,117.34640502929688,114.25,197.19012451171875,648.6134033203125,54.15768051147461,41.443817138671875,54.378440856933594,55.580291748046875,75.37191009521484,109.66613006591797,41.22947692871094,91.83567810058594,318.8070983886719,45.278907775878906,152.43360900878906,133.30430603027344,235.5997772216797,64.93240356445312,71.51508331298828,89.15284729003906,80.4347152709961,24.437339782714844,41.82493591308594,174.86061096191406,159.6977081298828,35.500099182128906,154.33494567871094,114.24097442626953,438.3025817871094,47.936805725097656,72.25662994384766,48.08917236328125,28.374021530151367,36.270992279052734,122.44717407226562,65.02275085449219,136.88999938964844,114.25,227.13999938964844,677.2000122070312,58.5880012512207,46.13999938964844,64.88999938964844,65.12000274658203,88.62000274658203,131.3300018310547,50.56999969482422,111.4800033569336,354.67999267578125,48.81999969482422,172.2899932861328,148.60000610351562,245.38999938964844,71.75,81.4800033569336,102.54000091552734,82.2699966430664,24.486000061035156,52.689998626708984,205.99000549316406,175.75999450683594,39.06999969482422,159.82333374023438,122.62999725341797,472.57000732421875,58.189998626708984,82.97000122070312,53.79999923706055,32.959999084472656,39.060001373291016,131.22999572753906,75.95999908447266,137.1699981689453,114.30999755859375,227.94000244140625,677.5499877929688,58.637001037597656,46.27000045776367,65.0,65.25,89.43000030517578,131.86000061035156,51.5099983215332,113.19999694824219,355.2099914550781,48.869998931884766,172.6199951171875,148.7899932861328,245.49000549316406,71.93000030517578,81.72000122070312,102.73999786376953,82.30999755859375,24.509000778198242,54.13999938964844,207.5800018310547,175.9499969482422,39.58000183105469,160.06666564941406,122.7699966430664,473.17999267578125,58.29999923706055,83.0199966430664,54.04999923706055,33.16999816894531,39.09000015258789,131.47000122070312,76.41999816894531,135.6199951171875,106.9000015258789,225.52000427246094,648.030029296875,55.599998474121094,45.220001220703125,64.38999938964844,63.599998474121094,86.91999816894531,129.3300018310547,49.63999938964844,107.68000030517578,343.44000244140625,47.310001373291016,170.82000732421875,144.6699981689453,241.9199981689453,70.33000183105469,80.80000305175781,100.27999877929688,78.0199966430664,23.052000045776367,52.38999938964844,203.41000366210938,165.8000030517578,38.630001068115234,151.59666442871094,118.80999755859375,464.3999938964844,56.720001220703125,79.91000366210938,53.029998779296875,32.220001220703125,38.220001220703125,129.97999572753906,74.2699966430664,136.82000732421875,107.93000030517578,226.97999572753906,650.7000122070312,55.939998626708984,45.52000045776367,64.58000183105469,64.01000213623047,88.77999877929688,130.19000244140625,51.43000030517578,110.52999877929688,344.6000061035156,47.68000030517578,171.5,145.63999938964844,243.27000427246094,71.45999908447266,81.0199966430664,100.97000122070312,78.95999908447266,23.18199920654297,54.0,205.9199981689453,167.05999755859375,39.22999954223633,152.43666076660156,119.5199966430664,465.0,57.5099983215332,81.30000305175781,53.81999969482422,32.7400016784668,38.45000076293945,130.24000549316406,74.97000122070312,10300000,97206000,4504300,1357400,40288000,44793700,12036600,23067400,7539800,16401800,11896500,5685000,3312400,51828400,8054800,13985700,3237100,6729400,13035000,8467000,21898200,564680000,38644600,2235200,11273500,16444600,7846800,10189100,3500500,9476100,4649400,34657500,63298400,58740900,19044400,36085500
2022-02-01,117.44070434570312,116.77999877929688,198.52703857421875,652.7125854492188,54.789947509765625,42.162384033203125,54.62985610961914,56.80933380126953,77.8553695678711,112.55537414550781,42.8519172668457,93.23612976074219,327.2384338378906,45.39947509765625,151.1861114501953,135.59182739257812,238.37448120117188,66.9866943359375,71.9012680053711,90.37875366210938,79.63299560546875,24.589033126831055,42.12657928466797,178.04391479492188,160.94253540039062,35.90898132324219,155.61924743652344,114.63225555419922,434.44415283203125,48.826515197753906,75.3743667602539,49.69809341430664,29.38553237915039,36.772438049316406,122.77375793457031,69.19153594970703,137.0,116.77999877929688,228.67999267578125,681.47998046875,59.27199935913086,46.939998626708984,65.19000244140625,66.55999755859375,91.54000091552734,134.7899932861328,52.560001373291016,113.18000030517578,364.05999755859375,48.95000076293945,170.8800048828125,151.14999389648438,248.27999877929688,74.0199966430664,81.91999816894531,103.94999694824219,81.44999694824219,24.63800048828125,53.06999969482422,209.74000549316406,177.1300048828125,39.52000045776367,161.15333557128906,123.05000305175781,468.4100036621094,59.27000045776367,86.55000305175781,55.599998474121094,34.1349983215332,39.599998474121094,131.5800018310547,80.83000183105469,137.83999633789062,117.26000213623047,229.1999969482422,683.7100219726562,59.38999938964844,47.099998474121094,65.26000213623047,66.69000244140625,91.88999938964844,135.74000549316406,53.25,114.93000030517578,364.5400085449219,49.029998779296875,171.97999572753906,151.47000122070312,248.83999633789062,74.20999908447266,82.12000274658203,104.0999984741211,82.38999938964844,25.145000457763672,53.15999984741211,209.97999572753906,177.42999267578125,39.86000061035156,161.64666748046875,123.23999786376953,475.0,59.31999969482422,86.83000183105469,55.810001373291016,34.21500015258789,39.70000076293945,131.82000732421875,81.51000213623047,136.0399932861328,112.7300033569336,225.52000427246094,666.27001953125,57.582000732421875,45.900001525878906,64.68000030517578,65.04000091552734,87.22000122070312,130.50999450683594,49.529998779296875,109.97000122070312,354.04998779296875,48.36000061035156,169.42999267578125,148.3000030517578,243.25999450683594,70.77999877929688,81.08000183105469,102.23999786376953,80.41999816894531,23.889999389648438,52.38999938964844,204.44000244140625,173.11000061035156,38.439998626708984,157.1300048828125,120.0999984741211,462.75,57.72999954223633,82.02999877929688,53.9900016784668,32.689998626708984,38.90999984741211,130.52999877929688,76.2699966430664,137.3699951171875,116.75,227.13999938964844,682.5499877929688,58.58700180053711,46.209999084472656,65.01000213623047,65.44000244140625,87.4000015258789,130.8300018310547,50.279998779296875,110.18000030517578,356.1300048828125,48.779998779296875,171.74000549316406,148.69000244140625,247.0500030517578,71.06999969482422,81.95999908447266,102.95999908447266,82.19999694824219,25.104000091552734,52.7400016784668,205.8300018310547,176.44000244140625,38.77000045776367,161.3866729736328,122.9000015258789,475.0,58.13999938964844,82.62999725341797,54.720001220703125,32.76499938964844,39.11000061035156,131.6999969482422,76.44999694824219,7413900,122467900,2498200,945000,25719000,40326600,12055500,26868400,9424900,16169700,11710100,4590900,3303700,35386100,8154700,14584900,2449400,7660300,10803300,7885700,15237400,518925000,27883300,2392700,9724600,18792000,4068900,6956300,3148600,6341700,6046800,35870200,90444600,64601500,14674800,61033100
2022-02-02,118.82941436767578,122.76000213623047,198.74411010742188,657.76025390625,55.779972076416016,42.11748123168945,54.30302810668945,56.52768325805664,78.4251937866211,113.07311248779297,43.406314849853516,93.02192687988281,326.3395080566406,45.918853759765625,152.8582763671875,134.50636291503906,240.82273864746094,71.04100799560547,71.98028564453125,90.35267639160156,82.62471771240234,25.191835403442383,42.7536735534668,179.00314331054688,171.0008544921875,35.66365432739258,159.5495147705078,115.65699768066406,444.98968505859375,49.2384033203125,76.29044342041016,49.99306869506836,29.480224609375,37.023155212402344,124.4253158569336,69.01176452636719,138.6199951171875,122.76000213623047,228.92999267578125,686.75,60.34299850463867,46.88999938964844,64.80000305175781,66.2300033569336,92.20999908447266,135.41000366210938,53.2400016784668,112.91999816894531,363.05999755859375,49.5099983215332,172.77000427246094,149.94000244140625,250.8300018310547,78.5,82.01000213623047,103.91999816894531,84.51000213623047,25.242000579833984,53.86000061035156,210.8699951171875,188.1999969482422,39.25,165.22332763671875,124.1500015258789,479.7799987792969,59.77000045776367,86.61000061035156,55.93000030517578,34.244998931884766,39.869998931884766,133.35000610351562,80.62000274658203,139.41000366210938,130.05999755859375,229.13999938964844,691.239990234375,60.47999954223633,46.959999084472656,64.9800033569336,66.80000305175781,92.61000061035156,135.8000030517578,53.43000030517578,113.26000213623047,368.5299987792969,49.58000183105469,172.99000549316406,150.94000244140625,251.8800048828125,78.77999877929688,82.30000305175781,104.30000305175781,84.69999694824219,25.816999435424805,54.130001068115234,211.4199981689453,188.63999938964844,39.56999969482422,165.63999938964844,126.47000122070312,481.9800109863281,59.95000076293945,86.80000305175781,56.04999923706055,34.310001373291016,39.939998626708984,133.6699981689453,80.80999755859375,133.0500030517578,120.63999938964844,225.74000549316406,674.0900268554688,59.362998962402344,46.29999923706055,64.02999877929688,65.58000183105469,88.9800033569336,132.8000030517578,51.41999816894531,109.26000213623047,357.8299865722656,48.09000015258789,169.64999389648438,148.07000732421875,244.02999877929688,76.05000305175781,81.26000213623047,102.30000305175781,82.54000091552734,24.55299949645996,52.45000076293945,207.25999450683594,180.25999450683594,38.63999938964844,162.086669921875,122.55000305175781,469.05999755859375,58.7400016784668,84.30999755859375,54.959999084472656,33.540000915527344,39.33000183105469,131.22000122070312,79.1500015258789,135.41000366210938,129.88999938964844,228.13999938964844,687.9500122070312,59.900001525878906,46.720001220703125,64.8499984741211,66.3499984741211,90.44999694824219,134.35000610351562,52.119998931884766,112.54000091552734,363.5,48.25,169.64999389648438,150.5,245.35000610351562,76.29000091552734,81.80000305175781,103.80000305175781,82.91999816894531,25.79400062561035,52.84000015258789,209.24000549316406,180.94000244140625,39.56999969482422,164.41000366210938,126.2300033569336,469.05999755859375,58.959999084472656,85.30000305175781,55.27000045776367,33.959999084472656,39.58000183105469,131.49000549316406,80.05999755859375,11363100,180065000,2397800,713600,24443000,41125600,12312300,18194200,8803400,10906700,9387500,4368300,2742400,37962700,7382800,12441100,2586700,12585400,13988200,9596300,19862800,543419000,32039300,1568700,25646300,16356600,5229000,8562900,3026800,7702200,4797100,29037100,65197000,46649400,13595200,30299300
2022-02-03,120.63819122314453,120.08000183105469,194.49891662597656,618.663330078125,53.692718505859375,41.70429611206055,53.6912727355957,55.699790954589844,77.28553771972656,112.06270599365234,43.21878433227539,92.08282470703125,322.5822448730469,44.778079986572266,152.8494415283203,133.3939971923828,235.0429229736328,69.65638732910156,69.34715270996094,88.93547821044922,80.14138793945312,23.900407791137695,42.372650146484375,176.5753631591797,162.73248291015625,35.05487823486328,152.60643005371094,111.64183044433594,453.3278503417969,48.72764587402344,74.95155334472656,49.535160064697266,29.20044708251953,36.61457443237305,123.8934555053711,68.20712280273438,140.72999572753906,120.08000183105469,224.0399932861328,645.9299926757812,58.084999084472656,46.43000030517578,64.06999969482422,65.26000213623047,90.87000274658203,134.1999969482422,53.0099983215332,111.77999877929688,358.8800048828125,48.279998779296875,172.75999450683594,148.6999969482422,244.80999755859375,76.97000122070312,79.01000213623047,102.29000091552734,81.97000122070312,23.947999954223633,53.380001068115234,208.00999450683594,179.10000610351562,38.58000183105469,158.03334045410156,119.83999633789062,488.7699890136719,59.150001525878906,85.08999633789062,55.16999816894531,33.91999816894531,39.43000030517578,132.77999877929688,79.68000030517578,141.7100067138672,125.37000274658203,229.0,664.6699829101562,59.902000427246094,47.290000915527344,65.08000183105469,66.37999725341797,92.94999694824219,135.35000610351562,53.4900016784668,112.97000122070312,365.760009765625,49.689998626708984,173.6199951171875,151.64999389648438,248.1199951171875,78.9000015258789,81.80000305175781,104.0999984741211,85.18000030517578,25.07699966430664,53.88999938964844,212.57000732421875,192.10000610351562,39.43000030517578,163.72999572753906,123.87999725341797,500.17999267578125,60.09000015258789,86.63999938964844,56.290000915527344,34.17499923706055,40.0,133.27999877929688,80.30999755859375,139.0399932861328,118.81999969482422,223.75,644.469970703125,58.012001037597656,46.349998474121094,63.599998474121094,65.02999877929688,89.47000122070312,133.19000244140625,51.58000183105469,109.94999694824219,358.1600036621094,48.25,171.0399932861328,148.2899932861328,241.10000610351562,76.62999725341797,78.4000015258789,102.12999725341797,81.70999908447266,23.780000686645508,53.09000015258789,207.75999450683594,177.2899932861328,38.40999984741211,157.42666625976562,119.25,483.57000732421875,58.97999954223633,84.51000213623047,54.72999954223633,33.54999923706055,39.369998931884766,132.52999877929688,79.0199966430664,139.5,120.31999969482422,228.66000366210938,659.0900268554688,59.56700134277344,47.220001220703125,64.80000305175781,66.26000213623047,92.77999877929688,134.85000610351562,52.91999816894531,112.25,362.82000732421875,49.25,172.25999450683594,150.0,247.5,78.58000183105469,81.6500015258789,103.66999816894531,82.66999816894531,24.45800018310547,53.33000183105469,211.75999450683594,180.8000030517578,39.43000030517578,161.06666564941406,121.44999694824219,498.6499938964844,59.93000030517578,86.63999938964844,55.84000015258789,34.10499954223633,39.86000061035156,133.1699981689453,80.08999633789062,10272700,103599500,3002400,1212000,30602000,35879900,13946700,18219100,13258500,9447700,9253200,3569000,2372900,42145800,6240400,12474900,3473600,7069300,19181400,5986500,19598200,410178000,22635800,1544300,36120200,12302100,6506400,9926800,4370900,4809300,3121900,25227400,61962600,50677000,13805600,28529400
2022-02-04,120.56961059570312,123.5999984741211,192.82334899902344,625.2528686523438,54.553314208984375,43.36601257324219,54.46223449707031,56.84389877319336,78.13602447509766,113.46559143066406,43.10465621948242,93.66447448730469,330.42034912109375,44.86685562133789,151.8496856689453,136.856689453125,232.60426330566406,70.7604751586914,68.95219421386719,90.51788330078125,79.3592300415039,24.270666122436523,42.071006774902344,178.56173706054688,163.06866455078125,34.991268157958984,153.48190307617188,112.74110412597656,448.1339111328125,49.18073654174805,76.36973571777344,50.576683044433594,29.656700134277344,37.23673629760742,123.445556640625,69.68801879882812,140.64999389648438,123.5999984741211,222.11000061035156,652.8099975585938,59.01599884033203,48.279998779296875,64.98999786376953,66.08000183105469,91.87000274658203,135.8800048828125,52.869998931884766,113.69999694824219,367.6000061035156,48.0099983215332,171.6300048828125,152.55999755859375,242.27000427246094,78.19000244140625,78.55999755859375,104.11000061035156,81.16999816894531,24.319000244140625,53.0,210.35000610351562,179.47000122070312,38.5099983215332,158.94000244140625,121.0199966430664,483.1700134277344,59.70000076293945,86.69999694824219,56.33000183105469,34.45000076293945,40.099998474121094,132.3000030517578,81.41000366210938,142.8000030517578,124.95999908447266,224.75999450683594,661.2100219726562,59.65299987792969,48.689998626708984,65.44999694824219,66.66000366210938,94.93000030517578,137.0,55.439998626708984,116.52999877929688,370.95001220703125,48.2400016784668,172.97999572753906,153.5,244.10000610351562,78.94000244140625,79.55000305175781,105.0199966430664,82.19000244140625,24.635000228881836,53.43000030517578,212.14999389648438,182.41000366210938,39.599998474121094,160.3000030517578,121.83000183105469,489.6300048828125,60.2400016784668,87.5999984741211,57.040000915527344,35.0,40.439998626708984,133.22999572753906,82.52999877929688,139.22999572753906,118.58000183105469,220.97000122070312,643.2999877929688,57.61399841308594,46.68000030517578,62.900001525878906,64.83999633789062,91.75,135.00999450683594,52.68000030517578,112.93000030517578,361.0199890136719,47.130001068115234,170.1199951171875,148.77000427246094,241.22000122070312,77.30999755859375,78.19999694824219,102.06999969482422,79.83999633789062,23.631999969482422,52.630001068115234,208.92999267578125,176.80999755859375,38.5099983215332,155.1666717529297,119.38999938964844,480.19000244140625,58.97999954223633,85.25,55.470001220703125,34.27000045776367,39.47999954223633,131.3300018310547,80.87000274658203,140.14999389648438,120.33999633789062,222.1199951171875,648.0499877929688,57.63800048828125,47.08000183105469,63.150001525878906,65.04000091552734,92.0,135.00999450683594,53.849998474121094,113.30999755859375,362.1700134277344,47.86000061035156,171.0,149.10000610351562,242.72000122070312,77.62000274658203,78.51000213623047,102.1500015258789,81.22000122070312,23.972000122070312,53.02000045776367,209.2899932861328,178.99000549316406,39.02000045776367,157.29666137695312,120.44000244140625,481.75,59.2599983215332,85.94000244140625,56.040000915527344,34.349998474121094,39.5,131.57000732421875,80.87000274658203,6921500,86212000,3162000,863100,20548000,60297100,13193700,23267900,12035300,13034700,12759300,3708300,3762300,32431500,6392200,16654400,3569300,6173200,10716200,7881800,15657500,354829000,24932200,2020700,15708400,19955400,5061300,5743200,3066400,5307300,3717500,33622100,81733400,77792400,12004100,32197500
2022-02-07,122.18119049072266,123.66999816894531,194.05613708496094,622.5903930664062,54.31945037841797,43.572601318359375,55.46784973144531,57.084754943847656,79.04606628417969,115.69514465332031,42.87637710571289,94.48001098632812,330.91473388671875,45.025726318359375,151.34536743164062,137.31422424316406,233.83322143554688,72.2446517944336,68.09207153320312,91.44818878173828,79.0659408569336,24.678855895996094,42.237701416015625,178.0099334716797,159.0889434814453,36.59046173095703,153.39503479003906,113.94286346435547,448.62542724609375,49.081886291503906,78.95061492919922,51.47454833984375,30.03548240661621,37.34815979003906,123.23095703125,70.52690887451172,142.52999877929688,123.66999816894531,223.52999877929688,650.030029296875,58.76300048828125,48.5099983215332,66.19000244140625,66.36000061035156,92.94000244140625,138.5500030517578,52.59000015258789,114.69000244140625,368.1499938964844,48.18000030517578,171.05999755859375,153.07000732421875,243.5500030517578,79.83000183105469,77.58000183105469,105.18000030517578,80.87000274658203,24.72800064086914,53.209999084472656,209.6999969482422,175.08999633789062,40.27000045776367,158.85000610351562,122.30999755859375,483.70001220703125,59.58000183105469,89.62999725341797,57.33000183105469,34.88999938964844,40.220001220703125,132.07000732421875,82.38999938964844,143.00999450683594,127.62999725341797,224.75999450683594,661.4099731445312,60.15800094604492,48.7599983215332,66.44999694824219,66.79000091552734,94.2300033569336,139.42999267578125,53.810001373291016,116.29000091552734,371.4700012207031,48.65999984741211,171.74000549316406,153.6199951171875,244.02999877929688,80.55999755859375,78.91999816894531,106.18000030517578,82.04000091552734,25.18199920654297,53.58000183105469,211.92999267578125,180.64999389648438,40.880001068115234,161.50332641601562,124.0999984741211,487.260009765625,59.95000076293945,90.33999633789062,57.88999938964844,35.21500015258789,40.47999954223633,132.80999755859375,83.08000183105469,140.3300018310547,122.79000091552734,220.6300048828125,648.5499877929688,58.41600036621094,47.9900016784668,65.0,65.5,89.68000030517578,134.8300018310547,51.470001220703125,111.41000366210938,363.3500061035156,47.959999084472656,170.00999450683594,150.85000610351562,240.3000030517578,77.7699966430664,77.44000244140625,103.63999938964844,80.4800033569336,24.20199966430664,52.2400016784668,209.50999450683594,174.44000244140625,38.040000915527344,158.25,121.87999725341797,481.29998779296875,59.11000061035156,85.66000366210938,55.90999984741211,34.025001525878906,39.91999816894531,131.6999969482422,80.63999938964844,141.1699981689453,123.55999755859375,222.08999633789062,654.1500244140625,59.01599884033203,48.560001373291016,65.37999725341797,66.08999633789062,90.41999816894531,135.33999633789062,52.7400016784668,113.33999633789062,365.489990234375,48.130001068115234,171.41000366210938,153.27000427246094,242.41000366210938,78.16999816894531,78.79000091552734,104.05000305175781,81.36000061035156,24.371999740600586,53.29999923706055,211.16000366210938,179.6699981689453,38.2400016784668,159.3333282470703,122.55999755859375,484.9100036621094,59.709999084472656,86.44999694824219,56.40999984741211,34.28499984741211,40.150001525878906,132.35000610351562,81.13999938964844,9597800,81672500,3596400,520300,18671000,44824800,17538000,20081600,8420600,18422500,10298200,3282800,2635600,27558500,6065700,12572300,3948300,7263900,23615300,9129000,11799800,376868000,32358500,2383200,10376300,20523700,3501900,6562900,2937200,5853100,5173800,37480100,65165000,52710400,9229200,34949200
2022-02-08,123.02127838134766,128.22999572753906,209.23129272460938,625.8851928710938,55.483245849609375,44.35405349731445,55.21644973754883,57.73853302001953,77.67676544189453,113.93321990966797,41.73495864868164,91.87686157226562,332.6675109863281,45.614479064941406,151.74349975585938,139.8977508544922,230.33843994140625,71.7559585571289,67.50399780273438,92.4654312133789,82.2434310913086,25.058103561401367,41.03908157348633,179.41908264160156,162.2690887451172,35.455692291259766,157.27374267578125,115.24708557128906,457.63134765625,49.081886291503906,77.94646453857422,52.749515533447266,29.38983726501465,37.8681755065918,124.23868560791016,68.70359802246094,143.50999450683594,128.22999572753906,241.00999450683594,653.469970703125,60.02199935913086,49.380001068115234,65.88999938964844,67.12000274658203,91.33000183105469,136.44000244140625,51.189998626708984,111.52999877929688,370.1000061035156,48.810001373291016,171.50999450683594,155.9499969482422,239.91000366210938,79.29000091552734,76.91000366210938,106.3499984741211,84.12000274658203,25.107999801635742,51.70000076293945,211.36000061035156,178.58999633789062,38.900001525878906,162.86666870117188,123.70999908447266,493.4100036621094,59.58000183105469,88.48999786376953,58.75,34.13999938964844,40.779998779296875,133.14999389648438,80.26000213623047,143.60000610351562,128.7100067138672,244.7100067138672,655.3599853515625,60.185001373291016,50.02000045776367,66.29000091552734,67.97000122070312,93.1500015258789,138.42999267578125,52.59000015258789,113.61000061035156,372.6499938964844,48.939998626708984,172.0500030517578,158.47999572753906,242.88999938964844,80.45999908447266,77.33000183105469,107.31999969482422,84.4000015258789,25.229999542236328,51.79999923706055,213.17999267578125,179.2899932861328,40.13999938964844,163.19667053222656,123.86000061035156,495.6700134277344,60.5,89.75,58.97999954223633,34.85499954223633,40.880001068115234,133.3800048828125,82.5,141.25,122.05000305175781,232.2100067138672,635.5999755859375,58.69900131225586,48.939998626708984,65.5999984741211,66.5999984741211,90.0,135.00999450683594,50.54999923706055,109.56999969482422,366.25,47.900001525878906,170.47999572753906,154.8000030517578,237.47000122070312,78.41000366210938,75.81999969482422,105.31999969482422,81.0,23.979999542236328,49.689998626708984,210.5,173.97999572753906,38.58000183105469,157.913330078125,121.61000061035156,481.3500061035156,59.0,87.18000030517578,57.79999923706055,33.900001525878906,40.400001525878906,131.07000732421875,79.91999816894531,142.02999877929688,122.37999725341797,232.94000244140625,636.8499755859375,58.8380012512207,49.150001525878906,66.25,67.05999755859375,91.94999694824219,138.17999267578125,52.400001525878906,113.4000015258789,371.0799865722656,47.97999954223633,171.02000427246094,155.0,241.89999389648438,79.94999694824219,77.0999984741211,105.97000122070312,81.1500015258789,24.358999252319336,50.63999938964844,212.13999938964844,174.30999755859375,40.04999923706055,158.17666625976562,122.0,481.3500061035156,60.20000076293945,89.62999725341797,58.0,34.78499984741211,40.5,131.3699951171875,82.2699966430664,7559500,84902800,8394800,745300,14570000,49560500,13613900,23191000,7481500,11021600,9751900,5698400,3422300,28051200,6296100,20411400,2615000,7949500,17486500,9249000,18315700,410359000,67922000,3086100,10163900,13575900,2941200,7036200,3534700,11056100,3128500,39099600,75764200,56921200,11071600,34356300
2022-02-09,122.75555419921875,132.85000610351562,205.91500854492188,651.649658203125,56.51115798950195,44.264225006103516,56.263946533203125,58.35788345336914,79.05459594726562,115.0605239868164,42.4931755065918,93.34319305419922,336.6494445800781,46.6424674987793,151.725830078125,140.4808349609375,233.56434631347656,72.20844268798828,67.17045593261719,94.53470611572266,86.1541976928711,26.65192413330078,40.85651397705078,178.90975952148438,167.1392364501953,35.91142654418945,162.43360900878906,116.93326568603516,461.9813232421875,49.22193145751953,78.2547378540039,53.02785873413086,29.635177612304688,38.109615325927734,125.19974517822266,68.37470245361328,143.1999969482422,132.85000610351562,237.19000244140625,680.3699951171875,61.13399887084961,49.279998779296875,67.13999938964844,67.83999633789062,92.94999694824219,137.7899932861328,52.119998931884766,113.30999755859375,374.5299987792969,49.90999984741211,171.49000549316406,156.60000610351562,243.27000427246094,79.79000091552734,76.52999877929688,108.7300033569336,88.12000274658203,26.704999923706055,51.470001220703125,210.75999450683594,183.9499969482422,39.400001525878906,168.2100067138672,125.5199966430664,498.1000061035156,59.75,88.83999633789062,59.060001373291016,34.42499923706055,41.040000915527344,134.17999267578125,79.0,143.97999572753906,132.9600067138672,241.0399932861328,682.22998046875,61.172000885009766,49.790000915527344,67.2699966430664,68.19000244140625,94.04000091552734,138.33999633789062,52.849998474121094,114.23999786376953,376.2799987792969,49.970001220703125,172.24000549316406,157.42999267578125,244.4600067138672,80.77999877929688,77.33000183105469,109.08000183105469,88.77999877929688,26.725000381469727,51.720001220703125,212.67999267578125,184.0,39.720001220703125,168.22999572753906,125.55000305175781,500.92999267578125,59.97999954223633,89.55000305175781,59.380001068115234,34.689998626708984,41.310001373291016,134.4600067138672,80.02999877929688,142.83999633789062,127.6500015258789,235.32000732421875,663.8800048828125,60.15599822998047,49.029998779296875,65.62000274658203,67.13999938964844,91.25,136.10000610351562,51.22999954223633,111.12000274658203,370.8999938964844,48.83000183105469,171.25,155.82000732421875,241.05999755859375,79.2699966430664,76.41000366210938,106.8499984741211,83.55999755859375,25.35300064086914,50.900001525878906,209.97999572753906,178.9499969482422,38.86000061035156,162.94667053222656,122.76000213623047,496.2900085449219,59.43000030517578,88.12999725341797,58.34000015258789,34.1349983215332,40.900001525878906,133.64999389648438,78.70999908447266,143.97999572753906,129.60000610351562,241.0399932861328,670.7899780273438,60.73500061035156,49.220001220703125,65.73999786376953,67.41000366210938,91.52999877929688,136.72000122070312,51.5099983215332,111.45999908447266,373.0,49.33000183105469,172.07000732421875,156.58999633789062,241.25999450683594,79.2699966430664,77.16999816894531,106.93000030517578,84.5999984741211,25.621999740600586,51.63999938964844,212.22999572753906,181.39999389648438,39.0099983215332,165.01333618164062,124.87999725341797,497.0,59.689998626708984,88.51000213623047,58.70000076293945,34.220001220703125,41.0,133.7899932861328,79.58000183105469,5989100,92948900,5075200,842000,22004000,33861100,17159900,20902700,6973200,10140800,7304600,2969100,2250400,35217300,5387500,9131100,1759900,5570300,15183100,11054300,22386900,524282000,38522200,2129500,9666900,12472500,5061000,10979700,2818100,5928600,2464600,25883100,70791400,67505300,10811000,40106100
2022-02-10,122.33549499511719,125.7699966430664,198.6486358642578,629.151123046875,54.664249420166016,44.0576286315918,55.736019134521484,58.06541061401367,78.17007446289062,113.59917449951172,42.574710845947266,92.80773162841797,333.0899658203125,45.66120910644531,149.8943634033203,139.8977508544922,230.07916259765625,72.16319274902344,67.19679260253906,93.5261459350586,88.98951721191406,25.77267837524414,40.165916442871094,178.7994384765625,158.16217041015625,35.70178985595703,157.37030029296875,116.1786880493164,451.4263916015625,48.777076721191406,79.17964172363281,53.01887512207031,29.450096130371094,37.77531814575195,123.24031066894531,67.71690368652344,142.7100067138672,125.7699966430664,228.82000732421875,656.8800048828125,59.13600158691406,49.04999923706055,66.51000213623047,67.5,91.91000366210938,136.0399932861328,52.220001220703125,112.66000366210938,370.57000732421875,48.86000061035156,169.4199981689453,155.9499969482422,239.63999938964844,79.73999786376953,76.55999755859375,107.56999969482422,91.0199966430664,25.823999404907227,50.599998474121094,210.6300048828125,174.07000732421875,39.16999816894531,162.96665954589844,124.70999908447266,486.7200012207031,59.209999084472656,89.88999938964844,59.04999923706055,34.209999084472656,40.68000030517578,132.0800018310547,78.23999786376953,144.4199981689453,131.75999450683594,236.13999938964844,677.6199951171875,61.4640007019043,50.11000061035156,67.0999984741211,68.55000305175781,94.33000183105469,138.7899932861328,53.95000076293945,115.45999908447266,377.3999938964844,49.93000030517578,171.22000122070312,159.02999877929688,244.08999633789062,81.30999755859375,76.7699966430664,109.7300033569336,94.63999938964844,26.924999237060547,51.369998931884766,214.5,181.99000549316406,40.560001373291016,169.2933349609375,128.66000366210938,494.2200012207031,60.2400016784668,90.76000213623047,60.29999923706055,34.869998931884766,41.38999938964844,133.7899932861328,79.68000030517578,142.30999755859375,124.61000061035156,227.7100067138672,653.0,58.856998443603516,48.7599983215332,66.16999816894531,67.22000122070312,91.29000091552734,135.38999938964844,51.72999954223633,111.8499984741211,368.8299865722656,48.7599983215332,169.3000030517578,155.22000122070312,238.11000061035156,79.27999877929688,75.93000030517578,107.1500015258789,88.4800033569336,25.600000381469727,50.38999938964844,209.7899932861328,173.4499969482422,38.939998626708984,162.0399932861328,124.36000061035156,485.07000732421875,59.0099983215332,88.33000183105469,58.79999923706055,33.98500061035156,40.5099983215332,131.55999755859375,77.79000091552734,143.14999389648438,128.83999633789062,235.0,654.5900268554688,59.529998779296875,49.68000030517578,66.87000274658203,67.94999694824219,92.23999786376953,137.55999755859375,51.72999954223633,112.4000015258789,371.7099914550781,49.18000030517578,171.2100067138672,156.66000366210938,239.89999389648438,79.62999725341797,76.36000061035156,108.19000244140625,89.19000244140625,25.9950008392334,51.040000915527344,210.63999938964844,179.39999389648438,39.18000030517578,164.10667419433594,124.80000305175781,492.239990234375,59.66999816894531,88.63999938964844,59.54999923706055,34.255001068115234,40.849998474121094,132.6300048828125,78.72000122070312,7333400,108939900,5035000,961200,24920000,47082800,21184400,22522300,7149900,11012700,9753200,3861900,2406200,32762700,10355300,16455600,2283100,6398100,12437600,8116200,33820700,513200000,34200600,1894100,14362200,11082700,4614000,10474900,2626100,6952800,5166500,36092000,75643200,67260800,14393300,28527700
2022-02-11,121.73541259765625,113.18000030517578,198.11036682128906,601.72021484375,53.00590133666992,43.04264450073242,56.046077728271484,57.76432800292969,79.9394760131836,115.91224670410156,44.11561965942383,96.17704010009766,326.3395080566406,44.51173782348633,148.38143920898438,138.07669067382812,226.3347625732422,73.47541046142578,67.26701354980469,90.91780853271484,87.75760650634766,23.901403427124023,40.30879211425781,176.0236053466797,149.59396362304688,37.02340316772461,149.36175537109375,112.73179626464844,443.4593505859375,48.23337936401367,81.0382308959961,52.35445785522461,30.306665420532227,37.24602508544922,121.53276062011719,69.42195892333984,142.00999450683594,113.18000030517578,228.1999969482422,628.239990234375,57.34199905395508,47.91999816894531,66.87999725341797,67.1500015258789,93.5199966430664,138.80999755859375,54.11000061035156,116.75,363.05999755859375,47.630001068115234,167.7100067138672,153.9199981689453,235.74000549316406,81.19000244140625,76.63999938964844,104.56999969482422,89.76000213623047,23.948999404907227,50.779998779296875,207.36000061035156,164.63999938964844,40.619998931884766,154.67333984375,121.01000213623047,478.1300048828125,58.54999923706055,92.0,58.310001373291016,35.20500183105469,40.11000061035156,130.25,80.20999908447266,143.61000061035156,127.16999816894531,231.47000122070312,660.3200073242188,59.97600173950195,49.439998626708984,67.36000061035156,69.11000061035156,93.69000244140625,139.44000244140625,54.150001525878906,116.88999938964844,374.8999938964844,49.11000061035156,170.14999389648438,158.19000244140625,240.6300048828125,81.38999938964844,77.9000015258789,108.38999938964844,94.58000183105469,26.152000427246094,51.2400016784668,212.75,175.47999572753906,40.7400016784668,164.42666625976562,126.58000183105469,490.42999267578125,59.91999816894531,93.7699966430664,60.2400016784668,35.25,41.040000915527344,132.89999389648438,80.31999969482422,141.5399932861328,111.80999755859375,228.14999389648438,625.25,56.90800094604492,47.5,66.38999938964844,66.5999984741211,91.3499984741211,136.27999877929688,52.13999938964844,113.12999725341797,360.7699890136719,47.5,167.5399932861328,152.97000122070312,234.85000610351562,79.69000244140625,76.16999816894531,103.81999969482422,88.94999694824219,23.773000717163086,50.08000183105469,206.16000366210938,163.5500030517578,39.09000015258789,153.56333923339844,120.44999694824219,476.44000244140625,58.20000076293945,89.51000213623047,57.90999984741211,34.224998474121094,39.869998931884766,130.08999633789062,78.2300033569336,142.86000061035156,126.13999938964844,228.52000427246094,657.5399780273438,59.13600158691406,48.630001068115234,66.41999816894531,67.25,91.83999633789062,136.86000061035156,52.63999938964844,113.7300033569336,368.54998779296875,48.95000076293945,169.1199951171875,155.61000061035156,239.22999572753906,80.20999908447266,76.4000015258789,107.0,91.27999877929688,25.916000366210938,50.33000183105469,209.02000427246094,174.6999969482422,39.40999984741211,163.24000549316406,125.5,484.67999267578125,58.849998474121094,90.25,58.52000045776367,34.439998626708984,40.54999923706055,131.89999389648438,78.62000274658203,6475200,164723200,3557700,1116300,27281000,61056000,15613400,27226700,9580800,12821200,11954900,4732900,3142100,37208200,13125300,16830000,2054300,6516900,9342300,9755900,31000000,605472000,34997800,2302000,13572000,15533600,7881900,9845700,2493800,7330400,6433600,38650500,93034000,77962800,13072300,42002100
2022-02-14,122.5840835571289,114.2699966430664,196.36795043945312,601.4039306640625,53.482879638671875,42.593544006347656,55.987422943115234,57.1707763671875,78.25554656982422,114.12527465820312,42.60731887817383,93.42559814453125,323.80474853515625,44.46500778198242,146.51458740234375,136.7938995361328,226.2672882080078,71.63831329345703,67.11780548095703,89.17892456054688,87.85538482666016,24.21877098083496,39.530879974365234,173.6552276611328,150.03915405273438,35.82027816772461,149.50341796875,111.57661437988281,439.9998779296875,47.67319107055664,79.02989196777344,51.94143295288086,29.59213638305664,36.828155517578125,120.2917709350586,68.35738372802734,143.0,114.2699966430664,224.27000427246094,627.9099731445312,57.858001708984375,47.41999816894531,66.80999755859375,66.45999908447266,91.55000305175781,136.6699981689453,52.2599983215332,113.41000366210938,360.239990234375,47.58000183105469,165.60000610351562,152.49000549316406,234.69000244140625,79.16000366210938,76.47000122070312,102.56999969482422,89.86000061035156,24.267000198364258,49.79999923706055,204.57000732421875,165.1300048828125,39.29999923706055,154.82000732421875,119.7699966430664,474.3999938964844,57.869998931884766,89.72000122070312,57.849998474121094,34.375,39.65999984741211,128.9199981689453,78.9800033569336,143.19000244140625,118.37000274658203,226.92999267578125,634.9500122070312,58.28099822998047,48.189998626708984,67.0199966430664,67.22000122070312,92.72000122070312,138.0500030517578,53.86000061035156,116.44999694824219,364.2900085449219,48.18000030517578,167.97000122070312,153.67999267578125,236.8800048828125,81.0999984741211,76.69999694824219,104.5,93.16999816894531,24.875,50.5,208.94000244140625,167.85000610351562,40.43000030517578,157.94667053222656,121.55000305175781,477.739990234375,58.86000061035156,91.5,58.650001525878906,35.029998779296875,40.22999954223633,130.22999572753906,79.83999633789062,139.44000244140625,113.45999908447266,220.86000061035156,620.0,57.00699996948242,46.939998626708984,65.81999969482422,65.81999969482422,90.20999908447266,135.0500030517578,51.52000045776367,112.4000015258789,357.17999267578125,47.11000061035156,163.80999755859375,150.32000732421875,231.8699951171875,78.54000091552734,75.11000061035156,101.5999984741211,88.70999908447266,23.7549991607666,48.47999954223633,201.99000549316406,162.47999572753906,39.0,152.8000030517578,118.0,469.3299865722656,57.2599983215332,88.77999877929688,57.18000030517578,33.96500015258789,39.33000183105469,127.94999694824219,77.05000305175781,141.77999877929688,115.51000213623047,226.61000061035156,626.1500244140625,57.5,48.02000045776367,66.87000274658203,66.87000274658203,92.5,137.94000244140625,53.83000183105469,116.01000213623047,363.05999755859375,47.91999816894531,167.7100067138672,152.72999572753906,234.0,80.86000061035156,76.62999725341797,104.02999877929688,91.98999786376953,23.93400001525879,49.81999969482422,208.36000061035156,165.35000610351562,40.400001525878906,155.1999969482422,119.94999694824219,475.1099853515625,58.5,91.5,58.5099983215332,34.9900016784668,40.09000015258789,129.97999572753906,79.58000183105469,9931900,135146400,3931500,890200,19291000,44791900,14939400,24544000,7274400,15945000,11934400,3960500,2585600,28456900,8967600,17026500,2572000,6547200,9881100,11110300,23499100,440424000,42973100,3427000,8381700,12804400,5697300,8081800,2549500,7279600,4349100,32680500,99633000,71521600,14386900,34652800
2022-02-15,124.09283447265625,121.47000122070312,196.0789794921875,628.700927734375,55.71895980834961,42.925880432128906,56.791908264160156,57.63528823852539,76.6571044921875,113.28988647460938,41.92246627807617,91.35787963867188,327.1305236816406,45.268699645996094,148.02755737304688,138.79434204101562,235.0889129638672,71.48333740234375,68.29393005371094,89.92665100097656,93.85840606689453,26.442346572875977,39.522945404052734,175.87930297851562,157.18994140625,36.540321350097656,157.7533416748047,116.0016860961914,443.5521240234375,48.282798767089844,77.981689453125,52.41729736328125,29.282230377197266,37.32959747314453,121.64474487304688,67.50055694580078,144.75999450683594,121.47000122070312,223.94000244140625,656.4099731445312,60.277000427246094,47.790000915527344,67.7699966430664,67.0,89.68000030517578,134.25999450683594,51.41999816894531,110.9000015258789,363.94000244140625,48.439998626708984,167.30999755859375,154.72000122070312,243.83999633789062,78.41000366210938,77.80999755859375,103.43000030517578,96.0,26.4950008392334,49.790000915527344,207.19000244140625,173.0,40.09000015258789,163.3633270263672,124.5199966430664,478.2300109863281,58.61000061035156,88.52999877929688,58.380001068115234,34.01499938964844,40.20000076293945,130.3699951171875,77.98999786376953,145.4600067138672,121.87999725341797,226.16000366210938,658.3499755859375,60.604000091552734,48.369998931884766,68.05999755859375,67.4800033569336,89.91999816894531,134.83999633789062,51.790000915527344,111.19000244140625,365.8900146484375,48.459999084472656,168.10000610351562,155.94000244140625,244.7899932861328,79.12000274658203,78.19000244140625,104.3499984741211,96.5,26.545000076293945,50.040000915527344,208.22000122070312,173.9600067138672,40.18000030517578,163.7866668701172,124.61000061035156,481.1700134277344,58.959999084472656,89.23999786376953,59.31999969482422,34.095001220703125,40.40999984741211,130.8800048828125,78.19000244140625,143.1999969482422,114.36000061035156,221.22000122070312,642.3099975585938,58.82500076293945,47.56999969482422,66.7300033569336,66.52999877929688,87.7300033569336,132.17999267578125,50.04999923706055,108.43000030517578,361.3599853515625,47.189998626708984,166.00999450683594,153.85000610351562,236.64999389648438,76.91000366210938,77.31999969482422,102.12000274658203,91.01000213623047,24.784000396728516,49.209999084472656,205.6199951171875,168.25,38.119998931884766,157.75,121.45999908447266,475.20001220703125,58.18000030517578,87.01000213623047,58.09000015258789,33.34000015258789,40.0,129.7100067138672,76.41999816894531,143.35000610351562,117.19000244140625,225.0,647.47998046875,58.90299987792969,48.0,66.7300033569336,67.16000366210938,88.68000030517578,133.0800018310547,50.88999938964844,109.6500015258789,364.0899963378906,47.70000076293945,166.1300048828125,154.50999450683594,236.64999389648438,77.30000305175781,77.51000213623047,103.5199966430664,91.01000213623047,24.948999404907227,49.79999923706055,207.02000427246094,169.0,38.439998626708984,158.1699981689453,122.0199966430664,475.94000244140625,58.45000076293945,87.73999786376953,59.119998931884766,33.529998779296875,40.13999938964844,130.0399932861328,76.9000015258789,9530100,143975900,2474500,821400,34284000,42397600,24972100,15487600,8379300,11746800,11265500,4001700,1846400,35837900,6631400,9500000,3409600,4311500,11425600,6714100,27069700,699869000,29150000,3863900,11100000,14924600,4881000,9248700,3001000,4244700,3627000,18224600,86092200,55439600,8969900,25075100
2022-02-16,125.0443344116211,117.69000244140625,194.95822143554688,635.8363647460938,55.20500946044922,42.82707977294922,56.64942932128906,57.5922737121582,77.11012268066406,113.32364654541016,43.90363693237305,92.07455444335938,323.6339111328125,45.072452545166016,147.93905639648438,139.04550170898438,236.76646423339844,71.16423797607422,67.77607727050781,87.9443130493164,93.91706085205078,26.45831298828125,39.43561935424805,177.06768798828125,156.82650756835938,37.99864959716797,157.8048858642578,115.1446304321289,445.2401123046875,48.274559020996094,77.55006408691406,52.201820373535156,29.518962860107422,37.35744857788086,121.83135223388672,67.81212615966797,145.8699951171875,117.69000244140625,222.66000366210938,663.8599853515625,59.72100067138672,47.68000030517578,67.5999984741211,66.94999694824219,90.20999908447266,134.3000030517578,53.849998474121094,111.7699966430664,360.04998779296875,48.22999954223633,167.2100067138672,155.0,245.5800018310547,78.05999755859375,77.22000122070312,101.1500015258789,96.05999755859375,26.51099967956543,49.68000030517578,208.58999633789062,172.60000610351562,41.689998626708984,163.4166717529297,123.5999984741211,480.04998779296875,58.599998474121094,88.04000091552734,58.13999938964844,34.290000915527344,40.22999954223633,130.57000732421875,78.3499984741211,147.22000122070312,119.54000091552734,225.10000610351562,666.0,60.08100128173828,48.2400016784668,68.38999938964844,67.43000030517578,91.9000015258789,136.16000366210938,55.70000076293945,114.30999755859375,363.0199890136719,48.4900016784668,167.83999633789062,156.10000610351562,247.02000427246094,80.27999877929688,77.80000305175781,103.04000091552734,96.48999786376953,26.582000732421875,50.779998779296875,209.91000366210938,173.2100067138672,42.63999938964844,164.02333068847656,124.29000091552734,481.7300109863281,59.09000015258789,90.75,58.880001068115234,34.8849983215332,40.40999984741211,130.94000244140625,79.7300033569336,144.16000366210938,114.22000122070312,221.0399932861328,644.6699829101562,58.72200012207031,47.310001373291016,67.44999694824219,66.43000030517578,89.63999938964844,133.75999450683594,52.06999969482422,110.87999725341797,356.5299987792969,47.599998474121094,165.7100067138672,153.74000549316406,242.5800018310547,77.6500015258789,76.93000030517578,100.66999816894531,93.56999969482422,25.552000045776367,49.43000030517578,205.83999633789062,168.25999450683594,40.650001525878906,159.92999267578125,121.56999969482422,471.3999938964844,58.040000915527344,87.7300033569336,57.54999923706055,34.08000183105469,39.95000076293945,129.33999633789062,78.04000091552734,144.74000549316406,119.05000305175781,223.47000122070312,651.0,59.40599822998047,47.439998626708984,67.7699966430664,66.54000091552734,89.7699966430664,134.9499969482422,52.220001220703125,112.08000183105469,361.3500061035156,48.060001373291016,166.49000549316406,153.74000549316406,242.5800018310547,79.1500015258789,77.19999694824219,102.5,94.44000244140625,26.259000778198242,49.59000015258789,205.83999633789062,170.67999267578125,40.66999816894531,161.35667419433594,123.13999938964844,475.5,58.040000915527344,89.7699966430664,57.90999984741211,34.28499984741211,40.0,129.6999969482422,78.79000091552734,8028900,119109600,2369000,610000,22931000,36664600,14253300,13067400,6854400,11348800,20745200,4041100,2165300,26022900,8482400,9076500,2459000,5735100,9981300,10190700,15573600,732676000,27672600,1569900,8340600,21249800,2713200,5749500,2651800,3994100,4920000,22057200,73444200,41168800,8779200,21733800
2022-02-17,124.27285766601562,112.37000274658203,194.1001739501953,622.973388671875,53.521705627441406,41.380943298339844,56.47346115112305,55.66537094116211,77.92217254638672,112.74140930175781,45.045047760009766,92.75830841064453,313.75543212890625,44.455657958984375,147.03662109375,135.84298706054688,232.3219451904297,70.16141510009766,67.0212631225586,83.59708404541016,91.63904571533203,24.458293914794922,38.816463470458984,170.87937927246094,151.55654907226562,37.47002029418945,151.87892150878906,111.56732177734375,436.23419189453125,47.06358337402344,76.6692123413086,50.415061950683594,29.47161293029785,36.428855895996094,119.87191772460938,67.708251953125,144.97000122070312,112.37000274658203,221.67999267578125,650.4299926757812,57.900001525878906,46.06999969482422,67.38999938964844,64.70999908447266,91.16000366210938,133.61000061035156,55.25,112.5999984741211,349.05999755859375,47.56999969482422,166.19000244140625,151.42999267578125,240.97000122070312,76.95999908447266,76.36000061035156,96.1500015258789,93.7300033569336,24.506999969482422,48.900001525878906,201.3000030517578,166.8000030517578,41.11000061035156,157.27999877929688,119.76000213623047,470.3399963378906,57.130001068115234,87.04000091552734,56.150001525878906,34.23500061035156,39.22999954223633,128.47000122070312,78.2300033569336,145.47000122070312,116.9800033569336,223.2899932861328,662.219970703125,59.15800094604492,47.290000915527344,67.77999877929688,66.63999938964844,91.8499984741211,134.5800018310547,56.41999816894531,114.05999755859375,360.9599914550781,48.2599983215332,167.4499969482422,153.72999572753906,245.58999633789062,78.31999969482422,76.93000030517578,100.20999908447266,96.0,25.78499984741211,49.959999084472656,206.99000549316406,170.77000427246094,41.54999923706055,161.47000122070312,122.75,479.2900085449219,58.220001220703125,88.37999725341797,57.529998779296875,34.595001220703125,39.939998626708984,130.11000061035156,79.12000274658203,143.5800018310547,112.26000213623047,219.42999267578125,650.0,57.888999938964844,45.95000076293945,66.79000091552734,64.20999908447266,90.16000366210938,132.4499969482422,54.04999923706055,111.13999938964844,347.8399963378906,47.380001068115234,164.9199981689453,150.6699981689453,240.41000366210938,76.68000030517578,76.0,95.88999938964844,93.48999786376953,24.165000915527344,48.75,201.1199951171875,166.6999969482422,40.810001373291016,157.0366668701172,119.6500015258789,468.8900146484375,57.0099983215332,86.72000122070312,55.7599983215332,33.970001220703125,39.119998931884766,128.27999877929688,77.94999694824219,144.8000030517578,116.26000213623047,221.47999572753906,659.3099975585938,58.970001220703125,47.0,67.5,66.33000183105469,90.16000366210938,134.1699981689453,54.310001373291016,111.51000213623047,358.7799987792969,47.86000061035156,167.2100067138672,153.0,245.5800018310547,77.83000183105469,76.8499984741211,100.0199966430664,95.04000091552734,25.6299991607666,49.810001373291016,206.4600067138672,169.8800048828125,41.09000015258789,161.24667358398438,122.48999786376953,478.1700134277344,58.060001373291016,87.66000366210938,57.150001525878906,34.2599983215332,39.810001373291016,130.0399932861328,78.4800033569336,5486600,98179600,2157000,1020600,21424000,49442400,13456500,23150000,6842800,10073900,17642700,3049700,3102400,32030600,6227600,11367500,2059100,7034800,8889300,15620300,17943300,810595000,21231700,1884500,8878900,9526500,6003000,7976700,2403100,4721800,3024400,24946500,67622800,59107800,11906800,23738800
2022-02-18,123.46707153320312,113.83000183105469,193.30337524414062,620.483154296875,53.61322021484375,41.28213882446289,56.607547760009766,55.175048828125,76.6143569946289,112.58110046386719,44.661861419677734,91.95100402832031,311.0409851074219,42.091304779052734,145.4605712890625,136.47991943359375,231.68557739257812,70.21611785888672,67.0300521850586,82.96238708496094,88.77442169189453,23.595014572143555,38.52276611328125,170.7689971923828,152.3197784423828,36.64970397949219,150.18255615234375,111.1480941772461,433.8876037597656,47.03886032104492,76.38734436035156,49.948177337646484,29.29083824157715,36.41956329345703,118.97615814208984,66.95528411865234,144.02999877929688,113.83000183105469,220.77000427246094,647.8300170898438,57.999000549316406,45.959999084472656,67.55000305175781,64.13999938964844,89.62999725341797,133.4199981689453,54.779998779296875,111.62000274658203,346.0400085449219,45.040000915527344,163.36000061035156,152.13999938964844,240.30999755859375,77.0199966430664,76.37000274658203,95.41999816894531,90.80000305175781,23.642000198364258,48.529998779296875,201.1699981689453,167.63999938964844,40.209999084472656,155.52333068847656,119.30999755859375,467.80999755859375,57.099998474121094,86.72000122070312,55.630001068115234,34.025001525878906,39.220001220703125,127.51000213623047,77.36000061035156,145.72999572753906,115.63999938964844,223.97999572753906,657.77001953125,58.77399826049805,46.540000915527344,67.91999816894531,64.97000122070312,90.63999938964844,133.91000366210938,55.209999084472656,112.76000213623047,350.0,46.209999084472656,165.36000061035156,154.13999938964844,242.42999267578125,77.69999694824219,76.86000061035156,96.04000091552734,94.68000030517578,24.986000061035156,49.52000045776367,203.9199981689453,170.4499969482422,41.11000061035156,157.93333435058594,120.69000244140625,474.9200134277344,57.75,87.62999725341797,56.720001220703125,34.29499816894531,39.54999923706055,129.0399932861328,78.16999816894531,143.3699951171875,109.88999938964844,219.7899932861328,640.989990234375,57.327999114990234,45.720001220703125,67.18000030517578,63.70000076293945,88.69999694824219,132.0500030517578,53.66999816894531,110.44999694824219,343.3699951171875,44.5099983215332,162.94000244140625,151.1300048828125,238.02000427246094,76.18000030517578,75.88999938964844,93.11000061035156,88.9000015258789,23.100000381469727,48.20000076293945,200.47000122070312,164.24000549316406,39.709999084472656,153.36000061035156,118.44999694824219,466.8299865722656,56.900001525878906,85.91000366210938,55.369998931884766,33.69499969482422,39.02000045776367,127.08000183105469,76.88999938964844,144.69000244140625,113.9000015258789,220.97000122070312,652.1199951171875,58.09400177001953,46.06999969482422,67.37999725341797,64.11000061035156,89.61000061035156,132.82000732421875,54.25,110.56999969482422,345.57000732421875,46.189998626708984,164.97999572753906,152.1300048828125,238.02000427246094,76.22000122070312,76.31999969482422,95.26000213623047,94.52999877929688,24.667999267578125,48.779998779296875,200.49000549316406,167.47000122070312,40.4900016784668,157.35333251953125,120.5199966430664,470.25,56.939998626708984,86.01000213623047,56.150001525878906,33.75,39.189998626708984,128.35000610351562,77.16000366210938,7585900,114321200,2795800,899400,19708000,37856500,12278900,18114800,6574800,10691800,11707600,3315500,2910900,76520100,6423200,11733300,2517900,4845200,8780500,16321800,19530500,761255000,26955300,1636300,9591700,11301500,5866200,8389000,2992300,6264900,2655500,22137900,63291600,47816500,13505600,23394800
2022-02-22,124.77860260009766,115.6500015258789,193.86380004882812,613.2423706054688,53.37935256958008,40.922855377197266,56.52373504638672,54.959983825683594,75.07574462890625,111.72039794921875,42.94159698486328,90.22928619384766,309.4499206542969,41.764217376708984,143.48379516601562,136.2377166748047,230.54794311523438,68.94891357421875,66.66141510009766,82.37987518310547,88.54952239990234,23.34351921081543,37.728973388671875,172.39039611816406,150.7296905517578,36.04814147949219,149.2684326171875,108.91226959228516,428.9720764160156,47.615516662597656,75.6122055053711,49.6339225769043,28.817359924316406,36.233848571777344,118.67755889892578,66.17633056640625,145.55999755859375,115.6500015258789,221.41000366210938,640.27001953125,57.74599838256836,45.560001373291016,67.44999694824219,63.88999938964844,87.83000183105469,132.39999389648438,52.66999816894531,109.52999877929688,344.2699890136719,44.689998626708984,161.13999938964844,151.8699951171875,239.1300048828125,75.62999725341797,75.94999694824219,94.75,90.56999969482422,23.389999389648438,47.529998779296875,203.0800018310547,165.88999938964844,39.54999923706055,154.57666015625,116.91000366210938,462.510009765625,57.79999923706055,85.83999633789062,55.279998779296875,33.474998474121094,39.02000045776367,127.19000244140625,76.45999908447266,146.35000610351562,119.19999694824219,222.89999389648438,653.0,59.020999908447266,45.97999954223633,68.2699966430664,64.36000061035156,92.8499984741211,137.0,58.029998779296875,116.97000122070312,349.0,45.40999984741211,163.74000549316406,153.24000549316406,240.86000061035156,78.5999984741211,76.86000061035156,96.7699966430664,93.97000122070312,24.06399917602539,48.310001373291016,205.74000549316406,169.9600067138672,41.560001373291016,158.2866668701172,119.36000061035156,467.19000244140625,58.22999954223633,88.9800033569336,56.119998931884766,35.05500030517578,39.400001525878906,128.22999572753906,79.79000091552734,141.25,113.61000061035156,219.3000030517578,629.8599853515625,56.98099899291992,45.040000915527344,67.05000305175781,63.06999969482422,86.41999816894531,130.52000427246094,51.25,108.0,341.20001220703125,43.849998474121094,160.44000244140625,150.41000366210938,237.52000427246094,74.80000305175781,75.61000061035156,93.9000015258789,88.66999816894531,23.0,47.349998474121094,200.57000732421875,163.60000610351562,38.959999084472656,152.1233367919922,115.72000122070312,457.82000732421875,56.84000015258789,84.79000091552734,54.70000076293945,32.970001220703125,38.689998626708984,126.33999633789062,75.30999755859375,141.25,115.2699966430664,220.75999450683594,638.5,57.999000549316406,45.16999816894531,67.66999816894531,63.06999969482422,92.7300033569336,137.0,58.029998779296875,116.87000274658203,342.4599914550781,44.689998626708984,163.57000732421875,150.60000610351562,239.2100067138672,78.45999908447266,76.45999908447266,94.68000030517578,89.83999633789062,23.03499984741211,47.540000915527344,201.94000244140625,164.05999755859375,41.43000030517578,153.8433380126953,117.5,463.8299865722656,57.29999923706055,88.76000213623047,55.56999969482422,35.05500030517578,39.040000915527344,127.05999755859375,79.66999816894531,11576800,141648500,2835900,934000,20204000,51905600,15771200,19057000,9267500,19428700,23309400,4658600,2590800,57093300,6868900,11333500,2936700,4872000,9052500,9143700,24825700,633422000,34814800,2659400,9835500,20930000,8370000,9793500,3029800,7458300,3638800,26887800,93002800,60719700,13682100,35947800
2022-02-23,125.80729675292969,109.76000213623047,193.50479125976562,605.062744140625,52.24513244628906,40.22224044799805,56.92598342895508,54.38363265991211,75.41765594482422,114.37841033935547,43.65904998779297,90.88833618164062,306.6814880371094,41.72683334350586,143.55503845214844,133.385009765625,229.75735473632812,69.03096008300781,66.56484985351562,81.33654022216797,85.36226654052734,22.342506408691406,37.2050666809082,168.93544006347656,146.8499298095703,36.221317291259766,145.71157836914062,107.97135925292969,426.29156494140625,46.668148040771484,76.06143951416016,48.43976593017578,29.114360809326172,35.60240936279297,118.08041381835938,66.44462585449219,146.75999450683594,109.76000213623047,221.0,631.72998046875,56.51900100708008,44.779998779296875,67.93000030517578,63.220001220703125,88.2300033569336,135.5500030517578,53.54999923706055,110.33000183105469,341.19000244140625,44.650001525878906,161.22000122070312,148.69000244140625,238.30999755859375,75.72000122070312,75.83999633789062,93.55000305175781,87.30999755859375,22.386999130249023,46.869998931884766,199.00999450683594,161.6199951171875,39.7400016784668,150.89332580566406,115.9000015258789,459.6199951171875,56.650001525878906,86.3499984741211,53.95000076293945,33.81999969482422,38.34000015258789,126.55000305175781,76.7699966430664,148.35000610351562,118.6500015258789,223.75,654.4500122070312,58.50699996948242,46.11000061035156,68.29000091552734,64.76000213623047,89.4800033569336,136.0800018310547,54.779998779296875,111.55000305175781,349.260009765625,45.709999084472656,162.63999938964844,153.3000030517578,242.67999267578125,76.93000030517578,76.44000244140625,95.72000122070312,91.87000274658203,24.155000686645508,48.15999984741211,205.6999969482422,169.16000366210938,40.380001068115234,158.0,119.43000030517578,467.7200012207031,58.310001373291016,86.94000244140625,56.02000045776367,34.08000183105469,39.43000030517578,128.27999877929688,77.47000122070312,145.36000061035156,109.04000091552734,220.6199951171875,631.010009765625,56.4739990234375,44.56999969482422,67.45999908447266,63.040000915527344,87.3499984741211,132.55999755859375,52.88999938964844,108.87999725341797,339.82000732421875,44.54999923706055,160.85000610351562,147.97000122070312,238.02000427246094,75.47000122070312,75.62000274658203,93.08000183105469,87.06999969482422,22.301000595092773,46.779998779296875,198.0399932861328,161.32000732421875,39.38999938964844,150.4066619873047,115.76000213623047,458.8399963378906,56.439998626708984,85.37000274658203,53.7599983215332,33.474998474121094,38.2400016784668,126.43000030517578,76.12999725341797,146.22000122070312,117.4000015258789,222.67999267578125,651.0800170898438,58.02299880981445,45.95000076293945,67.9000015258789,64.41999816894531,88.0,132.92999267578125,53.36000061035156,110.36000061035156,347.57000732421875,45.16999816894531,161.50999450683594,153.1199951171875,240.5500030517578,76.2699966430664,76.19000244140625,95.69999694824219,91.47000122070312,23.802000045776367,47.59000015258789,203.5,166.64999389648438,39.79999923706055,156.3699951171875,118.55000305175781,467.19000244140625,58.27000045776367,86.44999694824219,55.849998474121094,33.66999816894531,39.310001373291016,127.83999633789062,76.45999908447266,9271000,120299400,2994800,997000,22416000,45704900,15957700,17563500,7355000,16134200,12372100,4606600,2217300,38176700,8016900,11799000,2296300,5763700,9659100,8722200,19135400,566511000,25793000,2035400,9749000,9462300,6525600,8114700,2840300,8561100,3544200,21860700,67958000,64169800,12022800,25385000
2022-02-24,124.52999877929688,116.61000061035156,191.99000549316406,629.1128540039062,53.6141471862793,39.1623420715332,56.23044204711914,52.19004821777344,74.99026489257812,113.7877426147461,43.006813049316406,90.6988525390625,305.7826232910156,43.661312103271484,140.81251525878906,129.67115783691406,234.356201171875,67.88224792480469,64.5197982788086,79.82369232177734,86.84837341308594,23.7007999420166,36.48271942138672,166.04925537109375,152.6287078857422,34.92704772949219,151.04200744628906,104.22636413574219,422.83203125,45.58074951171875,73.85049438476562,47.32642364501953,28.886232376098633,35.17524719238281,118.55628204345703,65.60511016845703,145.27000427246094,116.61000061035156,219.27000427246094,656.8400268554688,58.0,43.599998474121094,67.0999984741211,60.66999816894531,87.7300033569336,134.85000610351562,52.75,110.0999984741211,340.19000244140625,46.720001220703125,158.13999938964844,144.5500030517578,243.0800018310547,74.45999908447266,73.51000213623047,91.80999755859375,88.83000183105469,23.74799919128418,45.959999084472656,195.61000061035156,167.97999572753906,38.31999969482422,156.413330078125,111.87999725341797,455.8900146484375,55.33000183105469,83.83999633789062,52.709999084472656,33.55500030517578,37.880001068115234,127.05999755859375,75.80000305175781,145.6999969482422,116.95999908447266,219.89999389648438,658.8599853515625,58.569000244140625,43.68000030517578,67.16999816894531,61.060001373291016,90.25,138.22999572753906,54.099998474121094,113.19000244140625,341.0,46.790000915527344,160.1300048828125,144.99000549316406,243.92999267578125,76.41000366210938,75.31999969482422,92.18000030517578,88.94000244140625,23.799999237060547,46.7599983215332,196.08999633789062,168.36000061035156,39.97999954223633,156.663330078125,111.9800033569336,456.5899963378906,55.47999954223633,87.16999816894531,52.83000183105469,34.58000183105469,38.0,127.31999969482422,79.02999877929688,143.47000122070312,104.26000213623047,214.38999938964844,599.6799926757812,54.902000427246094,42.04999923706055,66.19000244140625,58.369998931884766,85.29000091552734,131.72000122070312,51.209999084472656,106.2699966430664,326.95001220703125,43.630001068115234,155.72000122070312,139.77999877929688,234.0,72.75,72.87999725341797,88.52999877929688,83.79000091552734,20.889999389648438,45.400001525878906,189.63999938964844,155.7899932861328,37.290000915527344,144.67666625976562,104.37999725341797,445.739990234375,53.77000045776367,82.30999755859375,50.68000030517578,32.68000030517578,36.79999923706055,124.05999755859375,74.02999877929688,143.61000061035156,104.55999755859375,218.92999267578125,600.2899780273438,55.15800094604492,43.0,66.48999786376953,60.4900016784668,90.0,137.92999267578125,53.70000076293945,113.0,328.57000732421875,43.900001525878906,159.77999877929688,142.94000244140625,235.17999267578125,76.05999755859375,75.0999984741211,89.8499984741211,84.12999725341797,21.014999389648438,45.86000061035156,192.0,156.88999938964844,39.7400016784668,145.02667236328125,108.0,449.5199890136719,54.7400016784668,87.16999816894531,51.7599983215332,34.540000915527344,37.06999969482422,124.29000091552734,79.0,12070200,142956600,3746700,2047800,35316000,80484800,18055400,46453500,11509300,22108900,21102500,6777900,4564000,72740100,12883400,25655100,3272300,7497700,21135600,18518000,24472300,735801000,44227300,2833100,12567000,21602400,8669100,27539100,3933000,11719500,5802200,40917600,123485800,143075700,23220000,46199900
2022-02-25,128.1903839111328,121.05999755859375,198.7845458984375,638.9588012695312,54.35456466674805,40.43781280517578,57.655052185058594,53.31694412231445,78.01618957519531,118.45401000976562,45.00429153442383,88.37577056884766,314.70831298828125,44.58649826049805,147.81130981445312,132.7391357421875,241.84732055664062,69.77852630615234,66.98615264892578,82.20597839355469,88.09001159667969,24.10898780822754,37.879791259765625,172.04234313964844,155.30909729003906,35.957000732421875,153.55918884277344,103.62083435058594,441.2519836425781,47.23657989501953,74.75776672363281,48.58342361450195,29.648094177246094,36.30813217163086,122.18590545654297,67.3707046508789,149.5399932861328,121.05999755859375,227.02999877929688,667.1199951171875,58.80099868774414,45.02000045776367,68.80000305175781,61.97999954223633,91.2699966430664,140.3800048828125,55.20000076293945,107.27999877929688,350.1199951171875,47.709999084472656,166.0,147.97000122070312,250.85000610351562,76.54000091552734,76.31999969482422,94.55000305175781,90.0999984741211,24.156999588012695,47.720001220703125,202.6699981689453,170.92999267578125,39.45000076293945,159.02000427246094,111.2300033569336,475.75,57.34000015258789,84.87000274658203,54.11000061035156,34.439998626708984,39.099998474121094,130.9499969482422,77.83999633789062,150.36000061035156,121.2300033569336,228.13999938964844,667.1400146484375,58.9379997253418,45.349998474121094,69.31999969482422,62.88999938964844,91.5199966430664,140.5,55.220001220703125,112.25,350.70001220703125,47.790000915527344,166.99000549316406,150.1300048828125,252.89999389648438,77.02999877929688,77.29000091552734,94.69999694824219,90.4800033569336,24.216999053955078,48.029998779296875,203.66000366210938,171.08999633789062,39.599998474121094,159.02000427246094,113.0,475.7799987792969,57.45000076293945,85.69000244140625,54.439998626708984,34.474998474121094,39.20000076293945,131.27000427246094,77.98999786376953,146.0500030517578,116.04000091552734,221.9600067138672,650.0,57.400001525878906,43.630001068115234,67.62999725341797,61.0099983215332,87.81999969482422,135.42999267578125,52.779998779296875,105.8499984741211,340.19000244140625,46.25,159.6999969482422,144.91000366210938,243.72999572753906,74.95999908447266,74.16999816894531,91.62999725341797,87.27999877929688,23.381000518798828,45.7400016784668,197.1300048828125,165.60000610351562,38.290000915527344,154.19000244140625,109.36000061035156,456.2300109863281,55.779998779296875,83.83000183105469,53.09000015258789,33.630001068115234,38.119998931884766,127.48999786376953,76.26000213623047,146.1300048828125,117.16000366210938,222.49000549316406,656.9099731445312,57.983001708984375,43.810001373291016,67.69000244140625,61.310001373291016,88.37999725341797,135.9600067138672,53.34000015258789,111.23999786376953,340.19000244140625,46.93000030517578,160.0,145.25,243.83999633789062,75.22000122070312,74.19999694824219,92.06999969482422,87.95999908447266,23.72100067138672,45.810001373291016,197.5800018310547,167.61000061035156,38.439998626708984,156.4066619873047,112.29000091552734,456.6499938964844,55.779998779296875,84.4800033569336,53.16999816894531,33.630001068115234,38.130001068115234,127.62999725341797,76.69000244140625,8320700,127821000,3557100,1295400,22380000,68530700,15719800,30518900,10563000,28028000,12605600,10111300,2980500,39266300,11340400,18367700,2442200,5275800,13665900,9717400,15008700,528866000,31199200,2031400,7350200,11382000,7065000,14258900,3314400,10009500,3275400,27493500,78423000,99127100,17012300,28310300
2022-02-28,126.67308807373047,123.33999633789062,198.30299377441406,638.3745727539062,54.3018798828125,39.70127868652344,57.546112060546875,50.95132827758789,81.08486938476562,121.50859069824219,48.550811767578125,94.66949462890625,306.7713317871094,44.57715606689453,146.53797912597656,127.20423126220703,240.9796142578125,70.99102783203125,67.21434783935547,78.89339447021484,86.87769317626953,24.33654022216797,37.2606315612793,169.13917541503906,156.27224731445312,35.76559066772461,152.62571716308594,99.68952941894531,441.3632507324219,46.577537536621094,73.55980682373047,47.91899871826172,30.37982749938965,35.76955032348633,121.26219940185547,67.87271118164062,147.77000427246094,123.33999633789062,226.47999572753906,666.510009765625,58.74399948120117,44.20000076293945,68.66999816894531,59.22999954223633,94.86000061035156,144.0,59.54999923706055,114.91999816894531,341.2900085449219,47.70000076293945,164.57000732421875,141.8000030517578,249.9499969482422,77.87000274658203,76.58000183105469,90.73999786376953,88.86000061035156,24.385000228881836,46.939998626708984,199.25,171.99000549316406,39.2400016784668,158.05332946777344,107.01000213623047,475.8699951171875,56.540000915527344,83.51000213623047,53.369998931884766,35.290000915527344,38.52000045776367,129.9600067138672,78.41999816894531,148.0800018310547,124.61000061035156,226.75,672.5700073242188,59.22999954223633,44.2599983215332,68.69999694824219,60.41999816894531,95.06999969482422,144.0,59.65999984741211,115.05000305175781,343.8399963378906,47.81999969482422,165.17999267578125,145.05999755859375,250.05999755859375,77.9000015258789,76.76000213623047,92.22000122070312,89.75,24.665000915527344,47.16999816894531,199.5800018310547,172.99000549316406,39.27000045776367,159.4566650390625,109.7699966430664,477.30999755859375,56.689998626708984,84.7699966430664,53.400001525878906,35.33000183105469,38.77000045776367,130.11000061035156,78.93000030517578,145.75999450683594,119.19999694824219,222.52999877929688,647.6500244140625,57.63800048828125,43.439998626708984,67.29000091552734,58.400001525878906,89.8499984741211,138.64999389648438,54.849998474121094,107.83999633789062,337.54998779296875,46.849998474121094,162.3800048828125,140.8800048828125,244.58999633789062,75.41000366210938,74.77999877929688,89.91999816894531,87.16000366210938,23.707000732421875,46.34000015258789,196.2899932861328,168.1999969482422,37.970001220703125,154.8699951171875,105.0,465.6099853515625,55.43000030517578,81.9000015258789,52.209999084472656,34.005001068115234,38.119998931884766,128.4499969482422,76.19999694824219,146.64999389648438,120.30999755859375,224.02999877929688,647.6500244140625,58.099998474121094,43.720001220703125,67.69000244140625,59.93000030517578,90.66999816894531,139.27000427246094,55.25,109.04000091552734,340.25,47.0,162.8699951171875,143.5500030517578,246.13999938964844,75.61000061035156,75.83000183105469,91.58999633789062,88.44999694824219,23.992000579833984,46.81999969482422,196.52999877929688,168.3000030517578,38.880001068115234,156.9499969482422,109.37000274658203,465.8500061035156,55.54999923706055,83.80999755859375,52.630001068115234,34.19499969482422,38.16999816894531,128.85000610351562,76.51000213623047,11090600,124666100,4738100,1979000,25005000,69955300,22480200,48212900,15096000,24394300,22585000,7794000,4245700,41946100,9373500,31315300,3188800,8031300,14126100,17955100,17269800,477319000,35296100,2555900,10638900,14946300,4359300,26390800,3918300,9501500,6226900,31094800,96394200,107370200,17987700,32204600
2022-03-01,126.60452270507812,113.83000183105469,197.19102478027344,607.4381713867188,52.70085144042969,38.14735412597656,57.512596130371094,50.4007682800293,82.87992095947266,126.33518981933594,48.30624008178711,95.89691925048828,296.7442321777344,43.7547721862793,146.03041076660156,122.40489959716797,240.5457763671875,68.38367462158203,67.00370025634766,76.18941497802734,84.335693359375,23.430341720581055,36.316009521484375,158.90167236328125,148.73077392578125,34.334598541259766,147.0924835205078,100.65837860107422,441.7156677246094,44.36976623535156,71.02297973632812,45.15358352661133,30.6854305267334,34.45094299316406,120.59038543701172,68.5218505859375,147.69000244140625,113.83000183105469,225.2100067138672,634.2100219726562,57.012001037597656,42.470001220703125,68.62999725341797,58.59000015258789,96.95999908447266,149.72000122070312,59.25,116.41000366210938,328.20001220703125,46.81999969482422,164.0,136.4499969482422,249.5,75.01000213623047,76.33999633789062,87.62999725341797,86.26000213623047,23.476999282836914,45.75,187.19000244140625,163.69000244140625,37.66999816894531,152.32333374023438,108.05000305175781,476.25,53.86000061035156,80.62999725341797,50.290000915527344,35.64500045776367,37.099998474121094,129.24000549316406,79.16999816894531,149.5,122.43000030517578,227.7899932861328,665.0999755859375,58.762001037597656,43.7400016784668,69.01000213623047,59.31999969482422,98.45999908447266,149.9600067138672,60.7400016784668,117.44000244140625,338.1600036621094,47.900001525878906,164.75,140.47999572753906,250.33999633789062,79.27999877929688,77.76000213623047,90.0,89.83999633789062,24.37700080871582,47.13999938964844,198.39999389648438,171.83999633789062,39.91999816894531,158.3300018310547,111.11000061035156,476.9599914550781,56.13999938964844,85.80000305175781,52.720001220703125,36.244998931884766,38.2599983215332,130.33999633789062,80.6500015258789,146.2100067138672,112.80000305175781,223.74000549316406,627.5800170898438,56.529998779296875,41.93000030517578,68.0199966430664,57.91999816894531,94.80000305175781,144.6999969482422,57.72999954223633,114.37999725341797,327.0199890136719,46.220001220703125,162.41000366210938,133.5800018310547,245.44000244140625,74.4000015258789,75.94999694824219,86.48999786376953,84.66000366210938,23.131999969482422,45.439998626708984,186.55999755859375,161.72000122070312,36.66999816894531,150.65333557128906,107.05000305175781,467.7300109863281,53.54999923706055,79.6500015258789,50.0099983215332,35.14500045776367,36.849998474121094,128.24000549316406,78.33000183105469,147.6699981689453,122.33000183105469,225.27999877929688,660.2100219726562,58.479000091552734,43.709999084472656,68.12000274658203,58.38999938964844,95.8499984741211,145.00999450683594,60.0,116.0,337.3999938964844,47.540000915527344,163.0399932861328,140.0399932861328,247.55999755859375,78.55000305175781,76.5,90.0,88.55999755859375,24.291000366210938,46.689998626708984,197.58999633789062,170.9600067138672,39.63999938964844,157.413330078125,110.0,470.8900146484375,55.779998779296875,84.5999984741211,52.439998626708984,35.60499954223633,38.150001525878906,129.27999877929688,78.7699966430664,7489900,126552200,4573500,1097300,24898000,74895600,12418300,51389000,14453500,31159900,19146500,6225200,5631500,53853000,8737800,36840400,2873200,6502300,9807300,18341800,20794800,412056000,29854500,3781400,10723300,20586200,4265700,20377900,2917600,13167700,5799200,54135500,124231000,129873100,14064200,40002300
2022-03-02,128.21607971191406,118.27999877929688,200.15048217773438,627.7047729492188,54.14842987060547,38.767127990722656,57.69695281982422,51.23520278930664,83.80308532714844,130.0648193359375,47.81705856323242,96.16878509521484,304.1402587890625,45.67055130004883,147.846923828125,124.94361114501953,245.0482177734375,70.18875885009766,67.2933349609375,76.84152221679688,91.2186508178711,24.175979614257812,37.863914489746094,164.4278564453125,154.42416381835938,35.76559066772461,151.7694854736328,102.11165618896484,450.1836242675781,46.32216262817383,73.6567153930664,46.886470794677734,31.387035369873047,35.342403411865234,122.40988159179688,69.69893646240234,149.57000732421875,118.27999877929688,228.58999633789062,655.3699951171875,58.577999114990234,43.15999984741211,68.8499984741211,59.560001373291016,98.04000091552734,154.13999938964844,58.650001525878906,116.73999786376953,336.3800048828125,48.869998931884766,166.0399932861328,139.27999877929688,254.1699981689453,76.98999786376953,76.66999816894531,88.37999725341797,93.30000305175781,24.219999313354492,47.70000076293945,193.6999969482422,169.25,39.2400016784668,157.1666717529297,109.61000061035156,485.3800048828125,56.22999954223633,83.62000274658203,52.220001220703125,36.459999084472656,38.060001373291016,131.19000244140625,80.52999877929688,151.25,119.4800033569336,230.39999389648438,658.4199829101562,59.053001403808594,43.540000915527344,69.25,59.86000061035156,99.97000122070312,155.75,60.41999816894531,118.94999694824219,338.0,48.9900016784668,167.6300048828125,140.0399932861328,256.4800109863281,77.75,77.22000122070312,89.27999877929688,94.06999969482422,24.409000396728516,47.93000030517578,195.11000061035156,170.49000549316406,39.470001220703125,158.26333618164062,109.97000122070312,487.1700134277344,56.52000045776367,84.1500015258789,52.81999969482422,36.75,38.279998779296875,131.89999389648438,82.1500015258789,147.22000122070312,113.30999755859375,224.64999389648438,638.0999755859375,57.358001708984375,42.619998931884766,68.51000213623047,55.93000030517578,97.19000244140625,150.0500030517578,58.11000061035156,115.87999725341797,327.3999938964844,47.47999954223633,164.0399932861328,136.61000061035156,249.05999755859375,74.31999969482422,76.05999755859375,87.0199966430664,87.02999877929688,23.415000915527344,46.0,189.4600067138672,164.35000610351562,38.189998626708984,153.23333740234375,107.86000061035156,477.8900146484375,54.56999969482422,81.2699966430664,51.0,36.01499938964844,37.38999938964844,129.63999938964844,79.81999969482422,147.6999969482422,115.47000122070312,225.0399932861328,642.5900268554688,57.45199966430664,42.7400016784668,68.76000213623047,56.970001220703125,98.37000274658203,150.1999969482422,60.060001373291016,118.0,331.6000061035156,47.52000045776367,164.41000366210938,137.2899932861328,249.8800048828125,76.18000030517578,76.30999755859375,88.05999755859375,87.16999816894531,23.756000518798828,46.11000061035156,190.0,165.25,38.56999969482422,153.58999633789062,108.4000015258789,478.19000244140625,54.56999969482422,82.41000366210938,51.31999969482422,36.189998626708984,37.40999984741211,129.80999755859375,80.5999984741211,8247200,118354500,3387200,1035700,21771000,70834600,13004700,60206500,16168000,31329500,17556100,4287700,3469900,46936500,6793300,19405600,2452000,8013300,9697500,18007500,28398700,389642000,36516200,2303800,7299400,16209100,2850600,13342400,3675900,9063200,4917700,34894300,90908200,88182500,12395600,44321400
2022-03-03,128.93618774414062,111.9800033569336,203.69664001464844,604.1624755859375,53.4847297668457,38.35192108154297,57.91483688354492,49.56636047363281,83.26458740234375,131.81993103027344,47.9801139831543,95.79808044433594,301.46405029296875,44.79209518432617,150.01953125,124.0555191040039,249.35775756835938,70.53520202636719,67.71463012695312,76.31983184814453,87.19055938720703,23.67090606689453,37.96710205078125,162.63677978515625,150.86578369140625,35.10933303833008,148.58604431152344,101.3477554321289,451.3058776855469,46.388057708740234,74.15879821777344,46.006553649902344,31.473125457763672,35.230960845947266,123.03501892089844,70.14035034179688,150.41000366210938,111.9800033569336,232.63999938964844,630.7899780273438,57.86000061035156,42.4900016784668,69.11000061035156,57.619998931884766,97.41000366210938,156.22000122070312,58.849998474121094,116.29000091552734,333.4200134277344,47.93000030517578,168.47999572753906,138.2899932861328,258.6400146484375,77.37000274658203,77.1500015258789,87.77999877929688,89.18000030517578,23.714000701904297,47.83000183105469,191.58999633789062,165.35000610351562,38.52000045776367,153.8699951171875,108.79000091552734,486.5899963378906,56.310001373291016,84.19000244140625,51.2400016784668,36.560001373291016,37.939998626708984,131.86000061035156,81.04000091552734,150.7899932861328,118.26000213623047,234.27000427246094,653.7000122070312,59.369998931884766,43.5,69.6500015258789,58.9900016784668,98.19000244140625,157.1199951171875,59.33000183105469,117.87999725341797,341.5,48.54999923706055,169.33999633789062,140.97999572753906,259.5799865722656,78.45999908447266,77.54000091552734,90.25,92.19000244140625,24.326000213623047,48.59000015258789,195.32000732421875,170.8300018310547,38.83000183105469,158.17333984375,110.0,491.3800048828125,56.93000030517578,84.97000122070312,52.560001373291016,36.810001373291016,38.43000030517578,132.6300048828125,81.7699966430664,148.85000610351562,111.05000305175781,230.00999450683594,627.1900024414062,57.43299865722656,42.209999084472656,68.61000061035156,56.9900016784668,95.62999725341797,151.75,57.130001068115234,114.5999984741211,330.1300048828125,47.619998931884766,166.32000732421875,137.05999755859375,254.38999938964844,76.6500015258789,76.41000366210938,87.06999969482422,88.38999938964844,23.4689998626709,47.47999954223633,190.61000061035156,164.5,37.52000045776367,152.93333435058594,107.5999984741211,482.2200012207031,55.939998626708984,82.5999984741211,50.939998626708984,36.029998779296875,37.619998931884766,130.74000549316406,79.62999725341797,149.80999755859375,118.12999725341797,230.8800048828125,652.02001953125,59.36800003051758,43.09000015258789,68.8499984741211,58.75,97.19999694824219,152.25999450683594,57.95000076293945,115.61000061035156,338.8699951171875,48.18000030517578,166.6999969482422,139.83999633789062,254.8300018310547,76.87000274658203,76.7699966430664,89.68000030517578,91.62000274658203,24.261999130249023,47.68000030517578,193.5,170.6699981689453,38.630001068115234,158.1266632080078,109.91000366210938,486.0,56.4900016784668,83.19000244140625,52.349998474121094,36.10499954223633,38.22999954223633,131.77000427246094,79.86000061035156,5408400,123916700,3638400,1020200,26454000,48733800,15730900,54027300,8704900,22492900,11719000,4147300,2393700,36389900,7333700,16640800,3153700,5694500,8191100,12197100,22099800,365095000,30553300,2762400,8553900,22756100,4177800,10841700,3139400,8283000,3359000,24159700,89119800,71952600,11172600,30196600
2022-03-04,129.0647430419922,108.41000366210938,203.93301391601562,569.2322387695312,55.09223175048828,36.9619140625,58.12434768676758,48.68031311035156,85.70925903320312,133.87039184570312,48.56713104248047,97.82460021972656,298.0733642578125,44.92293930053711,150.90997314453125,120.56591033935547,253.4359893798828,70.86338806152344,68.31147766113281,75.08523559570312,80.08274841308594,22.894317626953125,38.61801528930664,156.9322967529297,148.04644775390625,35.492149353027344,144.64292907714844,97.87290954589844,462.49139404296875,45.51483917236328,75.73551177978516,43.806793212890625,32.38133239746094,34.5716552734375,123.65082550048828,72.78011322021484,150.55999755859375,108.41000366210938,232.91000366210938,594.3200073242188,59.5989990234375,40.95000076293945,69.36000061035156,56.59000015258789,100.2699966430664,158.64999389648438,59.56999969482422,118.75,329.6700134277344,48.06999969482422,169.47999572753906,134.39999389648438,262.8699951171875,77.7300033569336,77.83000183105469,86.36000061035156,81.91000366210938,22.93600082397461,48.650001525878906,184.8699951171875,162.25999450683594,38.939998626708984,149.7866668701172,105.05999755859375,498.6499938964844,55.25,85.9800033569336,48.790000915527344,37.6150016784668,37.22999954223633,132.52000427246094,84.08999633789062,150.67999267578125,113.0,235.74000549316406,609.4199829101562,60.590999603271484,41.439998626708984,69.54000091552734,56.65999984741211,100.33999633789062,159.9499969482422,59.939998626708984,120.52999877929688,330.6600036621094,48.27000045776367,169.86000061035156,135.4199981689453,263.4599914550781,77.7699966430664,77.86000061035156,86.9000015258789,87.41999816894531,23.68000030517578,48.77000045776367,187.5399932861328,166.07000732421875,39.06999969482422,153.7133331298828,108.12000274658203,499.6600036621094,55.290000915527344,86.4000015258789,50.060001373291016,37.6349983215332,37.279998779296875,132.63999938964844,84.27999877929688,148.10000610351562,106.80999755859375,230.13999938964844,581.6300048828125,58.4010009765625,40.31999969482422,68.23999786376953,55.189998626708984,97.44000244140625,155.08999633789062,56.79999923706055,116.30999755859375,324.0,47.369998931884766,166.85000610351562,132.39999389648438,255.52000427246094,76.16000366210938,76.0199966430664,84.76000213623047,80.5199966430664,22.48200035095215,47.40999984741211,182.11000061035156,159.88999938964844,37.70000076293945,148.10000610351562,103.80999755859375,477.489990234375,54.31999969482422,82.94999694824219,48.18000030517578,36.459999084472656,36.79999923706055,130.13999938964844,80.66000366210938,148.60000610351562,112.0,230.6999969482422,603.7000122070312,59.27899932861328,41.43000030517578,68.26000213623047,55.90999984741211,97.61000061035156,155.7899932861328,59.060001373291016,116.68000030517578,327.0,47.369998931884766,167.63999938964844,134.94000244140625,256.2099914550781,76.36000061035156,76.68000030517578,86.19999694824219,87.41999816894531,23.384000778198242,47.5,186.57000732421875,163.85000610351562,38.150001525878906,152.3699951171875,107.0,480.69000244140625,54.91999816894531,83.38999938964844,50.040000915527344,36.55500030517578,37.27000045776367,130.52999877929688,81.05000305175781,5389500,100609400,3764400,2025300,44757000,75572800,13076200,54263000,10977300,29034400,18185300,4902500,3293100,38310700,6302500,21016000,3497100,6663600,12216300,11950700,28211500,431415000,33217300,2823800,9057300,22922900,4443300,22372100,4170100,7772000,5877000,35871600,105216800,105904100,12160400,42802200
2022-03-07,128.1132354736328,102.94999694824219,205.20260620117188,550.0955200195312,52.75446319580078,34.6060905456543,57.62991714477539,47.785682678222656,86.56403350830078,136.7309112548828,48.82801818847656,98.9779052734375,291.0390625,44.55846405029297,153.34088134765625,115.91014099121094,252.25013732910156,67.95519256591797,68.22371673583984,72.55513763427734,74.01126861572266,21.313196182250977,38.086177825927734,151.69471740722656,136.95162963867188,38.372352600097656,137.3876190185547,92.49763488769531,451.56561279296875,43.743675231933594,74.000244140625,41.13115310668945,32.859107971191406,33.30876922607422,121.49545288085938,75.40258026123047,149.4499969482422,102.94999694824219,234.36000061035156,574.3400268554688,57.06999969482422,38.34000015258789,68.7699966430664,55.54999923706055,101.2699966430664,162.0399932861328,59.88999938964844,120.1500015258789,321.8900146484375,47.68000030517578,172.2100067138672,129.2100067138672,261.6400146484375,74.54000091552734,77.7300033569336,83.44999694824219,75.69999694824219,21.351999282836914,47.97999954223633,178.6999969482422,150.10000610351562,42.099998474121094,142.27333068847656,99.29000091552734,486.8699951171875,53.099998474121094,84.01000213623047,45.810001373291016,38.16999816894531,35.869998931884766,130.2100067138672,87.12000274658203,150.75,109.52999877929688,239.66000366210938,620.6099853515625,59.87799835205078,40.11000061035156,69.2300033569336,56.27000045776367,103.7699966430664,162.10000610351562,62.790000915527344,121.77999877929688,327.7900085449219,48.540000915527344,173.1199951171875,132.69000244140625,263.6300048828125,78.69000244140625,78.29000091552734,86.08000183105469,82.97000122070312,23.033000946044922,48.84000015258789,184.61000061035156,163.16000366210938,43.400001525878906,151.30332946777344,104.08999633789062,500.0,54.959999084472656,87.69000244140625,48.58000183105469,38.779998779296875,36.93000030517578,131.94000244140625,87.2300033569336,148.19000244140625,102.81999969482422,231.22999572753906,573.75,57.0,38.209999084472656,68.16999816894531,54.06999969482422,99.12000274658203,155.72000122070312,58.279998779296875,116.54000091552734,320.8500061035156,47.599998474121094,167.36000061035156,128.9499969482422,257.8599853515625,73.3499984741211,76.08000183105469,83.41999816894531,75.62999725341797,21.329999923706055,47.52000045776367,178.6699981689453,150.0,39.380001068115234,142.2433319091797,99.05999755859375,483.0199890136719,53.09000015258789,83.58000183105469,45.77000045776367,37.31999969482422,35.849998474121094,129.6199951171875,83.9000015258789,149.0,108.52999877929688,231.2899932861328,617.3900146484375,59.70800018310547,39.93000030517578,69.20999908447266,55.029998779296875,101.48999786376953,159.89999389648438,60.5,120.0199966430664,326.82000732421875,48.0099983215332,168.3000030517578,132.1699981689453,259.8599853515625,77.7699966430664,77.01000213623047,85.02999877929688,81.76000213623047,22.816999435424805,48.25,183.67999267578125,162.32000732421875,39.4900016784668,150.23333740234375,103.29000091552734,500.0,54.86000061035156,87.26000213623047,48.58000183105469,38.005001068115234,36.88999938964844,131.69000244140625,84.91999816894531,7137700,92600000,3713200,1607200,26494000,109779000,15714900,49710700,13788800,34824700,21979600,5521300,3689900,43813700,11663400,27560100,3074800,9396700,14008400,12680900,26715500,450821000,33171300,3215800,13416100,29778900,5869200,29422900,4123300,10401800,5611700,56332500,131214800,116046200,15704000,55207900
2022-03-08,126.14159393310547,105.52999877929688,202.3481903076172,548.8502197265625,53.23976516723633,34.83174514770508,56.766761779785156,47.200721740722656,84.45272827148438,143.89483642578125,48.49375915527344,97.05023956298828,290.56890869140625,44.39024353027344,150.23326110839844,115.09382629394531,250.60140991210938,69.48678588867188,67.53910064697266,72.43342590332031,75.43869018554688,21.474903106689453,37.657527923583984,154.15646362304688,137.5537872314453,41.08849334716797,140.02064514160156,93.15906524658203,439.1278991699219,43.86724853515625,79.75218200683594,41.71476745605469,33.37562942504883,33.113765716552734,119.01348114013672,75.97381591796875,147.14999389648438,105.52999877929688,231.10000610351562,573.0399780273438,57.595001220703125,38.59000015258789,67.73999786376953,54.869998931884766,98.80000305175781,170.52999877929688,59.47999954223633,117.80999755859375,321.3699951171875,47.5,168.72000122070312,128.3000030517578,259.92999267578125,76.22000122070312,76.94999694824219,83.30999755859375,77.16000366210938,21.513999938964844,47.439998626708984,181.60000610351562,150.75999450683594,45.08000183105469,145.0,100.0,473.4599914550781,53.25,90.54000091552734,46.459999084472656,38.77000045776367,35.65999984741211,127.55000305175781,87.77999877929688,149.88999938964844,109.9000015258789,236.8800048828125,593.47998046875,59.60499954223633,39.65999984741211,68.41000366210938,57.290000915527344,104.44000244140625,174.0,63.099998474121094,122.5,330.55999755859375,48.720001220703125,173.1199951171875,131.7899932861328,265.29998779296875,78.33000183105469,78.08999633789062,85.75,80.25,22.37299919128418,48.41999816894531,187.0,158.33999633789062,46.27000045776367,150.29666137695312,103.11000061035156,484.489990234375,54.72999954223633,92.62000274658203,48.20000076293945,40.11000061035156,36.66999816894531,130.30999755859375,91.51000213623047,146.36000061035156,100.08000183105469,230.55999755859375,558.77001953125,56.361000061035156,38.16999816894531,67.33000183105469,54.7599983215332,95.86000061035156,164.10000610351562,56.040000915527344,113.01000213623047,318.54998779296875,46.88999938964844,168.50999450683594,127.2699966430664,258.9100036621094,75.1500015258789,76.55999755859375,81.97000122070312,73.93000030517578,20.649999618530273,46.470001220703125,180.0,147.8800048828125,43.04999923706055,140.85333251953125,98.62000274658203,471.5199890136719,52.86000061035156,86.12999725341797,46.349998474121094,37.665000915527344,35.4900016784668,127.47000122070312,85.43000030517578,149.0,102.80999755859375,233.86000061035156,574.0800170898438,57.21699905395508,39.06999969482422,67.93000030517578,56.560001373291016,101.51000213623047,164.30999755859375,61.29999923706055,122.0,322.5,47.689998626708984,172.0399932861328,129.63999938964844,259.92999267578125,76.61000061035156,77.25,83.62999725341797,76.25,21.30900001525879,47.58000183105469,182.3300018310547,150.66000366210938,43.04999923706055,143.2433319091797,100.20999908447266,478.79998779296875,53.79999923706055,86.56999969482422,46.68000030517578,39.040000915527344,36.02000045776367,129.35000610351562,89.05000305175781,8817500,135348300,2974900,1441800,26993000,76553800,19223500,43858100,17231400,57231000,24167800,7619900,3596400,44813900,11100300,19207800,3482600,10534200,10184100,11641200,28343200,557467000,32913300,3016500,11878400,41068100,7909500,25650000,3849500,9850200,10814300,60018100,196054400,114915000,21794600,72082300
2022-03-09,127.59033203125,111.05000305175781,202.6634521484375,595.1113891601562,55.187442779541016,37.04313659667969,57.093589782714844,48.12977600097656,82.23883819580078,140.3002471923828,48.053497314453125,93.7221450805664,301.61761474609375,44.51173782348633,150.8031463623047,119.7047348022461,253.3588104248047,68.76657104492188,68.27635955810547,75.98944854736328,77.66783905029297,22.97217559814453,38.6973876953125,158.5281982421875,143.3475799560547,38.79163360595703,145.8885955810547,97.77044677734375,450.3598937988281,44.90522766113281,76.75731658935547,44.138999938964844,32.355506896972656,34.330223083496094,121.26219940185547,71.65496826171875,148.83999633789062,111.05000305175781,231.4600067138672,621.3400268554688,59.70199966430664,41.040000915527344,68.12999725341797,55.95000076293945,96.20999908447266,166.27000427246094,58.939998626708984,113.7699966430664,333.5899963378906,47.630001068115234,169.36000061035156,133.44000244140625,262.7900085449219,75.43000030517578,77.79000091552734,87.4000015258789,79.44000244140625,23.013999938964844,48.75,186.75,157.11000061035156,42.560001373291016,151.07666015625,104.94999694824219,485.57000732421875,54.5099983215332,87.13999938964844,49.15999984741211,37.584999084472656,36.970001220703125,129.9600067138672,82.79000091552734,150.11000061035156,111.70999908447266,234.52999877929688,627.0,60.16400146484375,41.61000061035156,68.62000274658203,57.279998779296875,98.72000122070312,169.77000427246094,59.63999938964844,116.3499984741211,337.4700012207031,48.459999084472656,170.22999572753906,135.24000549316406,267.7900085449219,77.27999877929688,78.22000122070312,88.98999786376953,80.48999786376953,23.219999313354492,49.220001220703125,190.14999389648438,158.47999572753906,44.279998779296875,152.21665954589844,105.72000122070312,487.7200012207031,55.529998779296875,90.7300033569336,49.75,38.470001220703125,37.279998779296875,130.6300048828125,86.56999969482422,147.75999450683594,106.8499984741211,230.42999267578125,595.0,58.70000076293945,40.15999984741211,67.95999908447266,55.810001373291016,92.76000213623047,161.2100067138672,56.0099983215332,111.52999877929688,330.0299987792969,46.88999938964844,167.88999938964844,132.44000244140625,262.07000732421875,73.5,77.05000305175781,86.0999984741211,77.54000091552734,22.246999740600586,48.0,185.85000610351562,154.1699981689453,41.5,148.17333984375,102.76000213623047,473.5899963378906,54.189998626708984,86.44999694824219,48.349998474121094,36.75,36.70000076293945,128.6699981689453,81.5999984741211,148.25999450683594,108.41000366210938,234.22999572753906,609.1500244140625,58.87900161743164,40.310001373291016,68.37999725341797,56.900001525878906,95.36000061035156,162.77000427246094,57.79999923706055,114.3499984741211,331.67999267578125,48.40999984741211,170.00999450683594,132.89999389648438,263.29998779296875,74.80000305175781,77.62000274658203,86.23999786376953,79.97000122070312,22.386999130249023,48.130001068115234,188.60000610351562,156.00999450683594,43.38999938964844,149.8800048828125,104.51000213623047,482.5799865722656,55.02000045776367,87.5,48.790000915527344,37.349998474121094,36.849998474121094,129.6300048828125,84.02999877929688,5368900,102310300,2640900,1593200,22560000,78207900,12430800,32757100,12656200,43430000,17694700,5747700,3202100,36076500,7248200,17536200,2965900,8088700,9746000,12994600,19647900,492742000,24718900,1699700,9276800,30347200,4699800,14348400,3115500,7817800,7787100,34560200,174036400,88716400,15576500,65466700
2022-03-10,127.87319946289062,106.45999908447266,198.7145233154297,574.7393188476562,54.32868194580078,36.70916748046875,57.33660888671875,47.209327697753906,85.2391128540039,144.13958740234375,49.38242721557617,98.75546264648438,298.2813720703125,43.60523223876953,151.07028198242188,118.2873764038086,256.4728698730469,71.04572296142578,68.3641357421875,74.65050506591797,74.03082275390625,22.6168212890625,39.05461120605469,157.0087127685547,141.1578369140625,39.5572509765625,142.8950653076172,96.84817504882812,455.8042297363281,43.65306091308594,78.90658569335938,44.00431442260742,33.34549331665039,34.04236602783203,121.21552276611328,73.8792953491211,149.1699981689453,106.45999908447266,226.9499969482422,600.0700073242188,58.77299880981445,40.66999816894531,68.41999816894531,54.880001068115234,99.72000122070312,170.82000732421875,60.56999969482422,119.87999725341797,329.8999938964844,46.65999984741211,169.66000366210938,131.86000061035156,266.0199890136719,77.93000030517578,77.88999938964844,85.86000061035156,75.72000122070312,22.658000946044922,49.20000076293945,184.9600067138672,154.7100067138672,43.400001525878906,147.97666931152344,103.95999908447266,491.44000244140625,52.9900016784668,89.58000183105469,49.0099983215332,38.73500061035156,36.65999984741211,129.91000366210938,85.36000061035156,149.75,109.06999969482422,230.4199981689453,608.5499877929688,59.00199890136719,41.47999954223633,68.7300033569336,55.369998931884766,99.83000183105469,174.75999450683594,60.880001068115234,120.56999969482422,331.8399963378906,47.310001373291016,170.14999389648438,133.4499969482422,267.7300109863281,78.25,78.19999694824219,87.80000305175781,77.73999786376953,22.788000106811523,49.290000915527344,185.5500030517578,155.3000030517578,43.720001220703125,148.5500030517578,105.52999877929688,493.7099914550781,54.2599983215332,89.94999694824219,49.56999969482422,38.834999084472656,36.900001525878906,130.19000244140625,85.68000030517578,147.6999969482422,103.06999969482422,226.0800018310547,596.1799926757812,57.637001037597656,40.11000061035156,67.70999908447266,53.95000076293945,96.44000244140625,168.2899932861328,58.68000030517578,113.98999786376953,324.760009765625,46.15999984741211,168.0800018310547,130.32000732421875,262.8399963378906,75.36000061035156,77.33000183105469,85.01000213623047,73.80999755859375,21.881999969482422,48.04999923706055,182.10000610351562,150.3300018310547,42.09000015258789,145.06666564941406,102.5199966430664,477.8299865722656,52.439998626708984,86.29000091552734,47.849998474121094,37.7599983215332,36.25,128.25,82.9000015258789,148.07000732421875,108.88999938964844,229.66000366210938,599.5399780273438,58.555999755859375,40.290000915527344,67.7699966430664,55.02000045776367,97.27999877929688,168.74000549316406,59.63999938964844,115.37000274658203,327.6300048828125,47.290000915527344,168.55999755859375,131.86000061035156,262.8399963378906,76.04000091552734,77.62999725341797,85.7699966430664,77.73999786376953,22.5310001373291,48.310001373291016,184.0800018310547,154.0399932861328,43.099998474121094,148.40333557128906,104.19000244140625,479.3299865722656,53.79999923706055,88.29000091552734,48.2599983215332,38.029998779296875,36.36000061035156,128.38999938964844,84.01000213623047,4635700,102557400,3957200,735500,19323000,48804400,12817400,31942500,9481000,34913600,18048600,5386900,2232600,36456000,6171400,15604200,2797200,7368900,8972200,11351600,21692000,428066000,24542300,2314900,8888800,15498300,4805700,11811000,2834800,10672200,4537400,26178800,137802600,71547300,10708800,44644200
2022-03-11,127.77888488769531,104.29000091552734,200.37815856933594,561.1194458007812,53.415401458740234,36.40229034423828,57.71372604370117,46.5899658203125,84.1193618774414,144.20706176757812,48.611473083496094,96.1193618774414,295.6593017578125,42.82958221435547,150.79425048828125,115.62309265136719,256.74285888671875,71.57449340820312,68.68889617919922,74.05929565429688,71.19551849365234,22.059837341308594,39.90395736694336,154.6233367919922,138.9954376220703,39.10152816772461,139.82749938964844,94.47262573242188,449.1809387207031,43.37297058105469,80.74755859375,43.51947021484375,33.0786247253418,33.80093002319336,120.31047058105469,73.49848937988281,149.05999755859375,104.29000091552734,228.85000610351562,585.8499755859375,57.78499984741211,40.33000183105469,68.87000274658203,54.15999984741211,98.41000366210938,170.89999389648438,58.63999938964844,116.68000030517578,327.0,45.83000183105469,169.35000610351562,128.88999938964844,266.29998779296875,78.51000213623047,78.26000213623047,85.18000030517578,72.81999969482422,22.100000381469727,50.27000045776367,182.14999389648438,152.33999633789062,42.900001525878906,144.8000030517578,101.41000366210938,482.8699951171875,52.650001525878906,91.66999816894531,48.470001220703125,38.42499923706055,36.400001525878906,128.94000244140625,84.91999816894531,150.39999389648438,108.19000244140625,230.02999877929688,615.0,59.44300079345703,41.380001068115234,69.48999786376953,55.689998626708984,101.05999755859375,172.97999572753906,59.810001373291016,119.30999755859375,336.6099853515625,47.279998779296875,171.4600067138672,134.0800018310547,271.7200012207031,79.93000030517578,79.62999725341797,87.76000213623047,76.69999694824219,23.145000457763672,50.900001525878906,188.25999450683594,158.32000732421875,43.70000076293945,150.39999389648438,105.36000061035156,493.79998779296875,54.209999084472656,93.62000274658203,50.0,38.904998779296875,37.209999084472656,131.02000427246094,86.2300033569336,148.97999572753906,104.08000183105469,226.77000427246094,584.8800048828125,57.71200180053711,40.290000915527344,67.94000244140625,54.06999969482422,98.16000366210938,165.8800048828125,58.20000076293945,115.30000305175781,326.7099914550781,45.77000045776367,169.02000427246094,128.4199981689453,265.07000732421875,77.36000061035156,78.19999694824219,85.08000183105469,72.63999938964844,22.04599952697754,48.939998626708984,181.88999938964844,152.02000427246094,42.439998626708984,144.5066680908203,101.30000305175781,482.510009765625,52.61000061035156,88.51000213623047,48.43000030517578,38.05500030517578,36.380001068115234,128.80999755859375,83.97000122070312,149.33999633789062,108.12999725341797,228.11000061035156,614.0,59.20000076293945,41.040000915527344,68.08999633789062,55.369998931884766,98.83000183105469,165.88999938964844,58.279998779296875,117.81999969482422,334.3699951171875,47.150001525878906,169.1300048828125,132.49000549316406,265.07000732421875,77.36000061035156,78.31999969482422,87.12000274658203,76.66000366210938,23.02199935913086,49.13999938964844,186.1300048828125,157.9499969482422,42.68000030517578,150.1233367919922,105.36000061035156,487.8299865722656,53.34000015258789,88.76000213623047,49.66999816894531,38.1150016784668,36.97999954223633,130.25999450683594,84.06999969482422,5171400,87584400,2667000,819000,19813000,43946600,14023800,20550900,7666500,28423600,10834400,3963600,2613500,27082100,5188000,20061800,2469600,8530000,9424500,8568100,22786500,367209000,33701900,2342800,7394400,13251200,6524400,18116400,2615000,7434500,6776800,23707100,91837800,76788200,9869100,35303400
2022-03-14,130.38490295410156,102.25,200.69334411621094,553.1699829101562,52.48639678955078,37.18756103515625,58.02377700805664,46.65018081665039,82.52946472167969,140.67996215820312,43.67903137207031,96.25231170654297,293.8329162597656,41.49319839477539,152.8778839111328,116.77132415771484,259.34588623046875,69.88792419433594,68.8748550415039,73.65933990478516,67.85182189941406,21.29123878479004,41.47566223144531,155.6505126953125,128.91339111328125,37.87105178833008,135.30177307128906,92.50696563720703,453.8786315917969,44.44390106201172,79.76100158691406,44.76750183105469,32.088645935058594,34.22808074951172,121.15953826904297,70.86734008789062,152.10000610351562,102.25,229.2100067138672,577.5499877929688,56.779998779296875,41.20000076293945,69.23999786376953,54.22999954223633,96.55000305175781,166.72000122070312,52.689998626708984,115.83999633789062,324.9800109863281,44.400001525878906,171.69000244140625,130.1699981689453,269.0,76.66000366210938,77.77999877929688,84.72000122070312,69.4000015258789,21.329999923706055,52.25,183.36000061035156,141.2899932861328,41.54999923706055,140.1133270263672,99.30000305175781,487.9200134277344,53.95000076293945,90.55000305175781,49.86000061035156,37.275001525878906,36.86000061035156,129.85000610351562,81.87999725341797,152.97000122070312,105.23999786376953,232.4499969482422,601.5,57.99800109863281,42.18000030517578,69.94000244140625,55.27000045776367,97.55000305175781,168.35000610351562,56.93000030517578,118.70999908447266,331.6199951171875,45.97999954223633,174.1199951171875,132.9199981689453,270.8999938964844,78.69999694824219,78.61000061035156,86.70999908447266,72.4800033569336,22.261999130249023,52.90999984741211,186.52000427246094,151.2899932861328,42.06999969482422,145.11666870117188,101.86000061035156,495.5899963378906,54.650001525878906,92.19999694824219,50.380001068115234,37.869998931884766,37.459999084472656,131.72000122070312,83.44999694824219,149.02000427246094,101.04000091552734,228.9199981689453,577.3099975585938,56.474998474121094,40.900001525878906,68.75,53.83000183105469,94.20999908447266,164.3000030517578,52.099998474121094,111.83999633789062,322.8999938964844,44.29999923706055,170.35000610351562,129.22999572753906,267.32000732421875,75.51000213623047,77.30999755859375,84.47000122070312,68.95999908447266,21.159000396728516,50.38999938964844,182.19000244140625,140.47000122070312,40.84000015258789,139.45333862304688,99.06999969482422,485.2799987792969,53.189998626708984,88.87000274658203,49.29999923706055,36.775001525878906,36.689998626708984,129.47000122070312,80.5,150.72999572753906,102.98999786376953,231.0800018310547,599.5499877929688,57.69599914550781,40.900001525878906,68.93000030517578,54.70000076293945,97.37999725341797,166.2100067138672,56.5099983215332,118.11000061035156,329.2099914550781,45.900001525878906,170.67999267578125,129.4600067138672,268.989990234375,77.69000244140625,77.9000015258789,85.8499984741211,71.75,21.868999481201172,50.720001220703125,183.7899932861328,150.8000030517578,42.06999969482422,144.36666870117188,101.5199966430664,490.3999938964844,53.349998474121094,90.91999816894531,49.65999984741211,37.60499954223633,36.95000076293945,129.97999572753906,83.05999755859375,8647200,89731700,2902700,1621700,25234000,54262400,17475600,25046000,10532200,25156200,21911600,6270500,2342200,35993900,7729500,15786900,2713800,7896700,10085400,8280700,24893400,385354000,42314500,2421300,16154200,14389400,5683800,17959400,2704100,9175200,4747000,28166600,101490000,70969700,14373200,37462600
2022-03-15,133.6251983642578,109.33000183105469,202.7509765625,571.5115966796875,54.79365158081055,37.45833969116211,58.4511604309082,47.40717697143555,81.24727630615234,133.5581817626953,43.94430160522461,94.57386779785156,297.6122131347656,41.87635803222656,156.84027099609375,118.84355163574219,265.5741271972656,67.82756042480469,69.63640594482422,75.05915832519531,71.47904205322266,22.931249618530273,41.44391632080078,157.24639892578125,131.57757568359375,35.783817291259766,141.52061462402344,95.10609436035156,463.1716003417969,44.81461715698242,74.35256958007812,44.99197006225586,30.913562774658203,34.71095275878906,123.57621002197266,66.83411407470703,155.8800048828125,109.33000183105469,231.55999755859375,596.7000122070312,59.2760009765625,41.5,69.75,55.11000061035156,95.05000305175781,158.27999877929688,53.0099983215332,113.81999969482422,329.1600036621094,44.810001373291016,176.13999938964844,132.47999572753906,275.4599914550781,74.4000015258789,78.63999938964844,86.33000183105469,73.11000061035156,22.972999572753906,52.209999084472656,185.24000549316406,144.2100067138672,39.2599983215332,146.55332946777344,102.08999633789062,497.9100036621094,54.400001525878906,84.41000366210938,50.11000061035156,35.90999984741211,37.380001068115234,132.44000244140625,77.22000122070312,156.42999267578125,109.69000244140625,233.05999755859375,598.1900024414062,59.67599868774414,41.779998779296875,70.19000244140625,55.619998931884766,95.81999969482422,160.19000244140625,53.880001068115234,114.98999786376953,331.8999938964844,44.900001525878906,176.52000427246094,133.5500030517578,276.4800109863281,75.31999969482422,79.01000213623047,86.69999694824219,73.52999877929688,23.038000106811523,52.91999816894531,186.27000427246094,144.42999267578125,40.54999923706055,146.89999389648438,102.13999938964844,499.94000244140625,54.66999816894531,88.4000015258789,50.630001068115234,36.32500076293945,37.439998626708984,132.5800018310547,79.16999816894531,152.16000366210938,101.79000091552734,228.11000061035156,583.8599853515625,57.50400161743164,40.869998931884766,69.27999877929688,54.349998474121094,92.31999969482422,155.25999450683594,50.20000076293945,110.0,324.8399963378906,44.06999969482422,172.5500030517578,131.1300048828125,269.8699951171875,73.18000030517578,77.4000015258789,84.58000183105469,68.33999633789062,21.32200050354004,51.18000030517578,182.47999572753906,139.0500030517578,38.689998626708984,140.6300048828125,97.62000274658203,487.30999755859375,53.459999084472656,83.12999725341797,49.33000183105469,35.220001220703125,36.90999984741211,130.67999267578125,76.37000274658203,152.25999450683594,102.66000366210938,231.3800048828125,591.9199829101562,57.72700119018555,41.2599983215332,69.66999816894531,54.459999084472656,92.86000061035156,159.11000061035156,50.47999954223633,110.20999908447266,327.07000732421875,44.5,173.3300018310547,131.8000030517578,269.8699951171875,75.0999984741211,77.68000030517578,85.44999694824219,70.05000305175781,21.51799964904785,52.619998931884766,185.3699951171875,142.5,39.81999969482422,141.51666259765625,98.02999877929688,490.0,54.52000045776367,88.23999786376953,50.15999984741211,35.83000183105469,37.22999954223633,130.89999389648438,78.81999969482422,8384300,112425500,3178200,1542500,28260000,41395300,15977200,20747100,8863600,28534400,17372900,5415200,2140700,34448900,10554400,15096600,4396900,7873000,11403000,8672400,22851000,491996000,30172100,2114800,13893000,17239000,3980400,13415600,3043000,7606400,6187600,25080600,124724400,51828700,14374100,47957900
2022-03-16,133.77093505859375,115.37000274658203,202.8472900390625,623.1649780273438,56.12106704711914,38.63173294067383,58.375732421875,48.8609619140625,81.05068969726562,133.07723999023438,43.488365173339844,93.89251708984375,308.1004943847656,43.57720184326172,155.39773559570312,124.15418243408203,266.5189208984375,68.24691772460938,69.1759262084961,79.78022766113281,77.89270782470703,24.45148277282715,42.007511138916016,163.31585693359375,137.27098083496094,34.526004791259766,148.80813598632812,98.93468475341797,463.4972839355469,46.36335372924805,74.8194351196289,46.32978439331055,30.771514892578125,35.68598175048828,125.05976104736328,66.5831069946289,156.0500030517578,115.37000274658203,231.6699981689453,650.6300048828125,60.71200180053711,42.79999923706055,69.66000366210938,56.79999923706055,94.81999969482422,157.7100067138672,52.459999084472656,113.0,340.760009765625,46.630001068115234,174.52000427246094,138.39999389648438,276.44000244140625,74.86000061035156,78.12000274658203,91.76000213623047,79.66999816894531,24.496000289916992,52.91999816894531,192.38999938964844,150.4499969482422,37.880001068115234,154.10000610351562,105.69000244140625,498.260009765625,56.279998779296875,84.94000244140625,51.599998474121094,35.744998931884766,38.43000030517578,134.02999877929688,76.93000030517578,156.82000732421875,115.41999816894531,232.52000427246094,651.0,60.770999908447266,43.04999923706055,70.1500015258789,57.540000915527344,95.76000213623047,160.5,54.47999954223633,113.77999877929688,341.3299865722656,46.630001068115234,176.9499969482422,138.49000549316406,278.6099853515625,76.0,79.11000061035156,92.3499984741211,79.70999908447266,24.597000122070312,53.27000045776367,192.83999633789062,151.55999755859375,39.880001068115234,154.1233367919922,105.79000091552734,505.5,56.34000015258789,86.79000091552734,52.220001220703125,36.36000061035156,38.4900016784668,134.0500030517578,78.62000274658203,153.52000427246094,109.88999938964844,228.4499969482422,617.1500244140625,58.40599822998047,41.91999816894531,69.0199966430664,55.970001220703125,94.0999984741211,156.2100067138672,51.560001373291016,111.37999725341797,334.260009765625,45.27000045776367,172.55999755859375,134.42999267578125,273.010009765625,74.23999786376953,77.6500015258789,88.0,76.1500015258789,23.172000885009766,52.18000030517578,187.41000366210938,143.57000732421875,37.599998474121094,147.42333984375,102.80999755859375,490.010009765625,55.18000030517578,84.22000122070312,50.72999954223633,35.369998931884766,37.7400016784668,131.75,76.25,156.5,111.5999984741211,232.52000427246094,621.4400024414062,59.665000915527344,42.2400016784668,69.93000030517578,56.02000045776367,95.19999694824219,158.7899932861328,53.060001373291016,113.29000091552734,335.07000732421875,45.29999923706055,175.4600067138672,134.8699951171875,277.8500061035156,75.16000366210938,78.95999908447266,88.01000213623047,76.47000122070312,23.5,52.540000915527344,188.39999389648438,146.97000122070312,39.369998931884766,149.0399932861328,102.98999786376953,499.8299865722656,55.31999969482422,84.94999694824219,51.04999923706055,36.04499816894531,37.86000061035156,133.11000061035156,77.80999755859375,7178900,113689800,4220300,1815200,29454000,59477600,15734300,31659800,9314200,22299700,13099700,4953600,3468500,38885500,9603300,20354900,3148600,6809700,10944000,17635900,35742800,671422000,29891400,2057600,11727700,27499200,4868700,20347100,3497100,9093800,3399900,34672800,107536200,87007600,13840400,37812300
2022-03-17,135.94834899902344,111.69000244140625,206.51597595214844,626.488525390625,55.709720611572266,38.839332580566406,59.096431732177734,49.2824821472168,84.4783706665039,135.38082885742188,47.68301773071289,97.93904876708984,310.3698425292969,44.05381393432617,157.42794799804688,125.72406005859375,275.2634582519531,70.33462524414062,69.90205383300781,81.60606384277344,78.7237548828125,24.72099494934082,43.055320739746094,163.8931427001953,139.44248962402344,36.011688232421875,149.72552490234375,99.68353271484375,471.6460266113281,46.668148040771484,78.4749526977539,46.22203826904297,31.83036994934082,36.1317024230957,127.03792572021484,68.35738372802734,158.58999633789062,111.69000244140625,235.86000061035156,654.0999755859375,60.266998291015625,43.029998779296875,70.5199966430664,57.290000915527344,98.83000183105469,160.44000244140625,57.52000045776367,117.87000274658203,343.2699890136719,47.13999938964844,176.8000030517578,140.14999389648438,285.510009765625,77.1500015258789,78.94000244140625,93.86000061035156,80.5199966430664,24.766000747680664,54.2400016784668,193.07000732421875,152.8300018310547,39.5099983215332,155.0500030517578,106.48999786376953,507.0199890136719,56.650001525878906,89.08999633789062,51.47999954223633,36.974998474121094,38.90999984741211,136.14999389648438,78.9800033569336,158.61000061035156,114.2699966430664,236.57000732421875,656.4000244140625,60.70000076293945,43.040000915527344,70.70999908447266,57.29999923706055,99.06999969482422,160.99000549316406,57.900001525878906,118.5,343.6000061035156,47.290000915527344,176.83999633789062,140.19000244140625,285.8900146484375,77.25,79.37000274658203,94.19000244140625,80.58000183105469,24.841999053955078,54.25,193.08999633789062,152.94000244140625,39.84000015258789,155.0500030517578,106.52999877929688,507.1199951171875,56.66999816894531,89.0999984741211,51.4900016784668,37.06999969482422,38.91999816894531,136.2100067138672,79.1500015258789,156.2100067138672,109.70999908447266,231.22000122070312,639.469970703125,59.76300048828125,41.83000183105469,69.27999877929688,55.029998779296875,96.51000213623047,157.9199981689453,53.869998931884766,114.30000305175781,334.8999938964844,45.72999954223633,174.1999969482422,135.9199981689453,276.45001220703125,75.58000183105469,78.05999755859375,89.91999816894531,77.19999694824219,23.9060001373291,52.790000915527344,187.32000732421875,146.5800018310547,38.310001373291016,151.17666625976562,104.75,495.17999267578125,55.0099983215332,86.01000213623047,50.22999954223633,36.154998779296875,37.959999084472656,133.4600067138672,77.06999969482422,157.1699981689453,112.13999938964844,231.72000122070312,643.1300048828125,60.47200012207031,42.40999984741211,69.69000244140625,55.709999084472656,96.6500015258789,159.9499969482422,54.2599983215332,115.0,337.3699951171875,46.31999969482422,175.2100067138672,136.86000061035156,277.010009765625,75.75,78.1500015258789,90.19999694824219,78.19999694824219,24.1200008392334,52.91999816894531,189.25,149.19000244140625,38.75,152.35333251953125,105.75,496.0,55.5099983215332,86.0999984741211,51.02000045776367,36.380001068115234,38.209999084472656,133.63999938964844,78.18000030517578,7227900,103201700,3262300,854900,18174000,50260200,17191500,21432300,8868300,15750700,14621200,4230000,2403500,28555000,7472100,17050500,3270100,7091300,10279400,15156800,21612200,471941000,30598600,2195400,8602900,37986300,4133100,8042000,2357200,6955700,4175700,29930300,76956400,58266400,10973100,34041900
2022-03-18,136.4712371826172,113.45999908447266,206.85748291015625,651.1611328125,56.42518997192383,38.721988677978516,59.51543045043945,49.334083557128906,85.13653564453125,136.46932983398438,48.304752349853516,96.21907043457031,312.2776794433594,44.34352111816406,155.6826934814453,125.67919921875,277.3169860839844,71.40128326416016,70.05257415771484,82.44072723388672,77.63851928710938,26.404926300048828,43.26964569091797,163.80821228027344,140.5009002685547,36.21220397949219,152.6482391357422,99.89883422851562,470.8088073730469,46.56930160522461,79.65531158447266,46.168174743652344,31.800251007080078,36.21527862548828,127.8216552734375,68.08908081054688,159.1999969482422,113.45999908447266,236.25,679.8599853515625,61.04100036621094,42.900001525878906,71.0199966430664,57.349998474121094,99.5999984741211,161.72999572753906,58.27000045776367,115.80000305175781,345.3800048828125,47.45000076293945,174.83999633789062,140.10000610351562,287.6400146484375,78.31999969482422,79.11000061035156,94.81999969482422,79.41000366210938,26.452999114990234,54.5099983215332,192.97000122070312,153.99000549316406,39.72999954223633,158.07666015625,106.72000122070312,506.1199951171875,56.529998779296875,90.43000030517578,51.41999816894531,36.939998626708984,39.0,136.99000549316406,78.66999816894531,159.44000244140625,114.93000030517578,236.39999389648438,683.4000244140625,61.32099914550781,42.93000030517578,71.0199966430664,57.630001068115234,100.1500015258789,161.72999572753906,58.630001068115234,120.3499984741211,346.7699890136719,47.599998474121094,177.0,140.85000610351562,291.3500061035156,78.4000015258789,79.73999786376953,94.9000015258789,81.19999694824219,26.569000244140625,55.0,195.0,156.02999877929688,40.290000915527344,158.71665954589844,107.04000091552734,510.67999267578125,56.72999954223633,90.91999816894531,51.540000915527344,37.189998626708984,39.099998474121094,137.16000366210938,79.38999938964844,157.13999938964844,110.55000305175781,232.75,647.4000244140625,59.5989990234375,42.2599983215332,69.91999816894531,56.72999954223633,98.47000122070312,158.77999877929688,57.400001525878906,113.76000213623047,337.29998779296875,46.349998474121094,173.66000366210938,138.4600067138672,284.8599853515625,76.05999755859375,78.62999725341797,92.41999816894531,78.05999755859375,24.624000549316406,53.709999084472656,188.97000122070312,149.00999450683594,39.13999938964844,153.01666259765625,104.88999938964844,501.55999755859375,55.63999938964844,88.16000366210938,50.040000915527344,36.65999984741211,38.529998779296875,135.66000366210938,78.0999984741211,158.0,111.27999877929688,234.91000366210938,649.239990234375,60.39699935913086,42.7599983215332,70.38999938964844,56.939998626708984,99.11000061035156,160.88999938964844,57.599998474121094,118.68000030517578,338.8699951171875,46.81999969482422,177.0,140.19000244140625,285.8399963378906,77.11000061035156,79.18000030517578,93.4800033569336,79.0999984741211,24.798999786376953,54.380001068115234,194.9199981689453,152.52000427246094,39.45000076293945,153.97000122070312,105.70999908447266,508.739990234375,56.63999938964844,89.30999755859375,50.849998474121094,36.90999984741211,38.900001525878906,136.07000732421875,79.05999755859375,9912800,105834800,7617100,1689800,41538000,74470600,33020100,30900500,16146900,23214700,19656000,25284700,5861900,46237100,13809500,23656500,4557900,17588400,21064800,16325400,28601200,730719000,51815000,5386000,18454200,28267600,5004600,10218200,5065600,18475700,7593200,60963400,58550800,82342500,11364200,41461500
2022-03-21,137.1998748779297,115.91999816894531,206.91880798339844,654.0823364257812,55.958003997802734,38.66783905029297,59.54058074951172,49.015804290771484,87.83767700195312,138.9248504638672,50.93262481689453,101.75289916992188,306.5091552734375,44.28744888305664,156.564208984375,125.2755355834961,279.2452087402344,72.91464233398438,70.00830078125,80.51927185058594,76.60214233398438,26.68541717529297,43.0156364440918,163.8421630859375,141.960693359375,37.54292678833008,152.3456573486328,100.08606719970703,472.2414245605469,46.264495849609375,83.0289535522461,45.91676712036133,33.08216857910156,36.179847717285156,127.72434997558594,71.14431762695312,160.0500030517578,115.91999816894531,236.32000732421875,682.9099731445312,60.12900161743164,42.84000015258789,71.05000305175781,56.97999954223633,102.76000213623047,164.63999938964844,61.439998626708984,122.45999908447266,339.0,47.38999938964844,175.8300018310547,139.64999389648438,289.6400146484375,79.9800033569336,79.05999755859375,92.61000061035156,78.3499984741211,26.733999252319336,54.189998626708984,193.00999450683594,155.58999633789062,41.189998626708984,157.76333618164062,106.91999816894531,507.6600036621094,56.15999984741211,94.26000213623047,51.13999938964844,38.064998626708984,38.810001373291016,136.4600067138672,82.19999694824219,160.9499969482422,117.56999969482422,240.32000732421875,683.3900146484375,60.560001373291016,43.43000030517578,72.05999755859375,57.83000183105469,103.97000122070312,165.5800018310547,62.220001220703125,123.19000244140625,346.29998779296875,47.88999938964844,177.16000366210938,140.75999450683594,295.3299865722656,80.22000122070312,80.44999694824219,94.91000366210938,79.88999938964844,27.152000427246094,55.29999923706055,195.42999267578125,157.7100067138672,41.4900016784668,159.05667114257812,107.22000122070312,513.0,56.90999984741211,94.95999908447266,51.79999923706055,38.185001373291016,39.13999938964844,137.6699981689453,82.5199966430664,158.99000549316406,112.54000091552734,234.72999572753906,669.0,58.88600158691406,42.5099983215332,70.5999984741211,56.75,100.87000274658203,162.72000122070312,59.5099983215332,117.80999755859375,337.1499938964844,47.06999969482422,174.32000732421875,138.72999572753906,287.760009765625,79.16999816894531,78.91000366210938,92.20999908447266,75.52999877929688,25.966999053955078,53.900001525878906,190.72999572753906,152.80999755859375,40.52000045776367,154.94332885742188,105.12999725341797,504.3599853515625,55.650001525878906,91.75,50.61000061035156,37.310001373291016,38.61000061035156,135.82000732421875,79.73999786376953,159.9499969482422,113.7300033569336,237.07000732421875,678.219970703125,60.560001373291016,43.349998474121094,71.4800033569336,57.83000183105469,101.16999816894531,163.02000427246094,59.97999954223633,117.80999755859375,345.260009765625,47.459999084472656,174.66000366210938,140.35000610351562,287.760009765625,79.80000305175781,79.66999816894531,94.72000122070312,78.98999786376953,26.506999969482422,54.2400016784668,194.92999267578125,153.99000549316406,40.66999816894531,157.46665954589844,106.72000122070312,505.010009765625,56.16999816894531,91.98999786376953,51.65999984741211,37.33000183105469,39.02000045776367,136.5,80.12000274658203,5825000,101905900,2385200,1293000,25789000,47106400,18289000,21661200,8107400,13180600,17038100,4776200,3401200,32910900,7574900,12676100,3495700,6260900,10478300,8568700,30878200,591727000,34592500,1859600,8986400,19283700,4801500,10366100,2617700,8431200,4735700,23411500,68714800,46828600,11473100,33089300
2022-03-22,137.16558837890625,114.77999877929688,207.05010986328125,659.6663208007812,56.89329528808594,39.8773307800293,59.34783172607422,49.46312713623047,86.99142456054688,138.46072387695312,50.261146545410156,100.3985366821289,310.13482666015625,45.221981048583984,155.82518005371094,127.93982696533203,274.7909851074219,72.24913024902344,70.22081756591797,81.9190673828125,77.35497283935547,26.47579574584961,42.1027717590332,167.5432891845703,143.80377197265625,37.55204391479492,153.18902587890625,100.19839477539062,470.064697265625,46.972965240478516,82.43879699707031,47.93696212768555,32.83882522583008,36.767154693603516,127.75243377685547,70.83271789550781,160.00999450683594,114.77999877929688,236.47000122070312,688.739990234375,61.13399887084961,44.18000030517578,70.81999969482422,57.5,101.7699966430664,164.08999633789062,60.630001068115234,120.83000183105469,343.010009765625,48.38999938964844,175.0,142.6199951171875,285.0199890136719,79.25,79.30000305175781,94.22000122070312,79.12000274658203,26.52400016784668,53.040000915527344,197.3699951171875,157.61000061035156,41.20000076293945,158.6366729736328,107.04000091552734,505.32000732421875,57.02000045776367,93.58999633789062,53.38999938964844,37.78499984741211,39.439998626708984,136.49000549316406,81.83999633789062,160.3000030517578,117.94999694824219,237.52000427246094,698.0999755859375,61.349998474121094,44.630001068115234,71.4000015258789,58.25,102.87000274658203,165.25999450683594,61.7400016784668,122.54000091552734,346.239990234375,48.470001220703125,176.3699951171875,143.92999267578125,290.55999755859375,80.25,79.77999877929688,94.5999984741211,79.7300033569336,27.238000869750977,54.31999969482422,199.42999267578125,159.94000244140625,42.0099983215332,160.51333618164062,107.95999908447266,511.8500061035156,57.779998779296875,94.44000244140625,54.20000076293945,38.1150016784668,39.689998626708984,136.7899932861328,82.19999694824219,158.02000427246094,113.80999755859375,234.5399932861328,685.2999877929688,59.93299865722656,43.70000076293945,70.2699966430664,57.310001373291016,100.31999969482422,162.5800018310547,59.720001220703125,118.94000244140625,340.1199951171875,47.400001525878906,173.91000366210938,141.72000122070312,283.3900146484375,78.2699966430664,78.7699966430664,92.87000274658203,77.51000213623047,26.07200050354004,52.5,195.3800048828125,154.77000427246094,40.869998931884766,157.32000732421875,106.2300033569336,504.8399963378906,56.7599983215332,91.62000274658203,52.29999923706055,37.35499954223633,39.220001220703125,135.99000549316406,80.79000091552734,160.0500030517578,115.43000030517578,236.32000732421875,688.0,60.172000885009766,43.81999969482422,71.20999908447266,57.81999969482422,102.66999816894531,163.69000244140625,61.0,122.12000274658203,342.20001220703125,47.5,175.8300018310547,142.27000427246094,289.6700134277344,79.94000244140625,79.2699966430664,93.16000366210938,77.69999694824219,26.726999282836914,54.20000076293945,196.27000427246094,155.4499969482422,41.20000076293945,157.47666931152344,106.38999938964844,509.2699890136719,57.189998626708984,93.69999694824219,52.40999984741211,37.904998779296875,39.27000045776367,136.60000610351562,81.62999725341797,5756600,101672600,2212200,1111100,19262000,52360600,14242400,23407400,6377500,11063900,9708300,3664300,2840200,27923300,8442100,13548600,3791600,5131300,10016600,7565100,16768000,547007000,32253600,1958100,7220500,15467100,2886600,10401200,2752500,4754000,3529700,28625600,66462200,61053100,8892100,23132200
2022-03-23,135.80259704589844,113.91999816894531,205.04501342773438,637.273193359375,55.78026580810547,38.893489837646484,59.817115783691406,48.47386169433594,89.21387481689453,139.9542694091797,51.12328338623047,102.65859985351562,303.4440612792969,45.10982894897461,155.2375030517578,125.39215850830078,273.9907531738281,73.35224151611328,70.6015853881836,80.31927490234375,73.96238708496094,25.587411880493164,41.42803955078125,163.5535430908203,139.47900390625,38.6549186706543,149.32958984375,98.61642456054688,468.1205139160156,46.00912094116211,84.1388168334961,45.89881134033203,33.40373992919922,36.08662796020508,125.45923614501953,71.9492416381836,158.4199981689453,113.91999816894531,234.17999267578125,665.3599853515625,59.9379997253418,43.09000015258789,71.37999725341797,56.349998474121094,104.37000274658203,165.86000061035156,61.66999816894531,123.55000305175781,335.6099853515625,48.27000045776367,174.33999633789062,139.77999877929688,284.19000244140625,80.45999908447266,79.7300033569336,92.37999725341797,75.6500015258789,25.634000778198242,52.189998626708984,192.6699981689453,152.8699951171875,42.40999984741211,154.63999938964844,105.3499984741211,503.2300109863281,55.849998474121094,95.5199966430664,51.119998931884766,38.435001373291016,38.709999084472656,134.0399932861328,83.12999725341797,161.17999267578125,117.55000305175781,239.3800048828125,679.3699951171875,61.137001037597656,44.0099983215332,71.51000213623047,57.5,105.0199966430664,167.35000610351562,63.2599983215332,124.88999938964844,340.8299865722656,49.58000183105469,175.5399932861328,141.58999633789062,288.17999267578125,80.94999694824219,80.58000183105469,94.0,78.22000122070312,26.61199951171875,53.5,197.1999969482422,157.2100067138672,42.869998931884766,159.11000061035156,108.19000244140625,507.05999755859375,56.91999816894531,96.91999816894531,53.04999923706055,38.790000915527344,39.279998779296875,136.08999633789062,84.2699966430664,158.36000061035156,112.20999908447266,234.0399932861328,663.6099853515625,59.91600036621094,43.029998779296875,70.63999938964844,56.0,103.19000244140625,164.94000244140625,60.95000076293945,122.45999908447266,335.1300048828125,48.060001373291016,174.08999633789062,139.1999969482422,283.3500061035156,79.69000244140625,79.2300033569336,91.88999938964844,75.08000183105469,25.575000762939453,52.15999984741211,192.61000061035156,152.5800018310547,41.9900016784668,154.59666442871094,105.3499984741211,501.3299865722656,55.79999923706055,94.86000061035156,51.099998474121094,38.310001373291016,38.689998626708984,134.0,83.05000305175781,160.00999450683594,114.29000091552734,237.2899932861328,668.7999877929688,60.79999923706055,43.720001220703125,70.98999786376953,57.119998931884766,103.22000122070312,166.0,62.43000030517578,124.4000015258789,340.0,48.459999084472656,175.22999572753906,140.97999572753906,284.4200134277344,80.06999969482422,79.30000305175781,93.41000366210938,77.86000061035156,26.125999450683594,53.02000045776367,194.88999938964844,156.11000061035156,42.119998931884766,157.18666076660156,106.5,502.2699890136719,56.56999969482422,95.16000366210938,52.7599983215332,38.494998931884766,39.189998626708984,135.83999633789062,83.33999633789062,6300600,90579200,2533100,999100,13839000,48539300,13438700,23070200,7681500,10755000,11290700,3344100,2196800,37126400,5254200,12093200,3149200,4641200,8470400,7465400,28059800,502120000,29183700,1535600,7245600,19967500,3530400,12905300,2753200,6456400,3968100,27988700,58663000,42142600,10013400,27716300
2022-03-24,137.39703369140625,120.52999877929688,207.40036010742188,661.3903198242188,58.29762649536133,38.87543869018555,60.680267333984375,48.534080505371094,89.35918426513672,140.3255615234375,51.01551818847656,100.548095703125,304.0046691894531,48.24051284790039,156.0388946533203,126.20850372314453,277.3651428222656,74.2000732421875,71.2037124633789,80.10194396972656,76.46528625488281,28.098844528198242,41.74555969238281,164.04592895507812,144.57933044433594,38.864540100097656,156.86790466308594,101.02212524414062,477.6366882324219,46.17387390136719,84.94921875,46.087364196777344,33.486289978027344,36.37562561035156,126.95683288574219,72.16559600830078,160.27999877929688,120.52999877929688,236.8699951171875,690.5399780273438,62.643001556396484,43.06999969482422,72.41000366210938,56.41999816894531,104.54000091552734,166.3000030517578,61.540000915527344,121.01000213623047,336.2300109863281,51.619998931884766,175.24000549316406,140.69000244140625,287.69000244140625,81.38999938964844,80.41000366210938,92.12999725341797,78.20999908447266,28.149999618530273,52.59000015258789,193.25,158.4600067138672,42.63999938964844,162.13999938964844,107.91999816894531,513.4600219726562,56.04999923706055,96.44000244140625,51.33000183105469,38.529998779296875,39.02000045776367,135.63999938964844,83.37999725341797,160.72999572753906,120.55000305175781,237.85000610351562,690.5499877929688,62.72200012207031,43.43000030517578,72.5999984741211,56.63999938964844,105.8499984741211,167.39999389648438,61.93000030517578,123.72000122070312,337.5,51.650001525878906,175.5399932861328,140.7100067138672,288.8500061035156,81.75,80.66999816894531,93.0999984741211,78.54000091552734,28.31999969482422,52.849998474121094,194.66000366210938,158.55999755859375,43.720001220703125,162.26666259765625,107.9800033569336,515.780029296875,56.25,97.5199966430664,51.81999969482422,38.90999984741211,39.060001373291016,135.63999938964844,84.6500015258789,158.85000610351562,113.70999908447266,234.0,663.2000122070312,60.20000076293945,42.88999938964844,71.48999786376953,56.20000076293945,103.75,165.0,60.79999923706055,120.4000015258789,334.29998779296875,48.59000015258789,174.07000732421875,139.11000061035156,284.6600036621094,80.38999938964844,79.72000122070312,91.8499984741211,75.31999969482422,25.906999588012695,52.290000915527344,192.05999755859375,153.58999633789062,42.310001373291016,155.3000030517578,105.83000183105469,503.8599853515625,55.630001068115234,94.91000366210938,50.90999984741211,38.275001525878906,38.70000076293945,134.25,82.75,159.22000122070312,114.95999908447266,235.8000030517578,666.2000122070312,60.66299819946289,43.380001068115234,71.62000274658203,56.61000061035156,104.97000122070312,166.42999267578125,61.5,123.3499984741211,336.44000244140625,48.65999984741211,175.0,140.3000030517578,286.2900085449219,80.98999786376953,80.04000091552734,92.55000305175781,75.9000015258789,26.166000366210938,52.540000915527344,193.92999267578125,154.3000030517578,42.4900016784668,155.94000244140625,106.77999877929688,505.0,55.81999969482422,95.69000244140625,51.709999084472656,38.58000183105469,38.97999954223633,134.5399932861328,83.45999908447266,4638100,121961300,2349000,1176700,26016000,30360800,12981700,16770200,6192500,9024800,7501500,2952500,1944100,51677900,5012300,10017600,2412400,4246900,7605000,6488300,23348000,877379000,25177500,1585500,9261000,16281400,5002500,10834000,2789200,6459900,3398800,19677800,52700600,30421500,7189200,19871600
2022-03-25,138.297119140625,119.66999816894531,209.0814666748047,658.3445434570312,58.52470016479492,39.471168518066406,61.409339904785156,48.809356689453125,91.88934326171875,142.86541748046875,51.811336517333984,103.45629119873047,305.1438903808594,48.436767578125,157.5347900390625,127.31187438964844,278.6474304199219,74.96586608886719,72.02725982666016,80.31927490234375,76.35772705078125,27.64167594909668,41.896385192871094,166.779296875,144.1322479248047,39.81245803833008,156.51316833496094,99.90821838378906,477.2367248535156,47.05535125732422,85.66270446777344,47.19173812866211,34.2206916809082,36.84174346923828,127.5465087890625,73.74081420898438,161.3300018310547,119.66999816894531,238.7899932861328,687.3599853515625,62.887001037597656,43.72999954223633,73.27999877929688,56.7400016784668,107.5,169.30999755859375,62.5,124.51000213623047,337.489990234375,51.83000183105469,176.9199981689453,141.9199981689453,289.0199890136719,82.2300033569336,81.33999633789062,92.37999725341797,78.0999984741211,27.691999435424805,52.779998779296875,196.47000122070312,157.97000122070312,43.68000030517578,161.77333068847656,106.7300033569336,513.030029296875,57.119998931884766,97.25,52.560001373291016,39.375,39.52000045776367,136.27000427246094,85.19999694824219,161.97999572753906,121.4000015258789,239.49000549316406,690.75,63.04100036621094,44.2599983215332,73.45999908447266,57.22999954223633,107.5199966430664,169.69000244140625,62.880001068115234,124.54000091552734,341.8299865722656,51.97999954223633,177.6999969482422,143.17999267578125,291.6499938964844,82.41000366210938,81.37999725341797,93.97000122070312,78.30000305175781,28.357999801635742,53.25,197.39999389648438,158.4600067138672,43.70000076293945,162.39999389648438,107.9800033569336,516.530029296875,57.189998626708984,97.6500015258789,52.59000015258789,39.42499923706055,39.599998474121094,136.5,85.48999786376953,160.22999572753906,117.25,236.2100067138672,672.2999877929688,62.00699996948242,43.33000183105469,72.44999694824219,56.439998626708984,103.81999969482422,165.16000366210938,60.88999938964844,120.12000274658203,335.4800109863281,50.45000076293945,175.22000122070312,140.8000030517578,286.5799865722656,80.76000213623047,80.44999694824219,91.98999786376953,75.12999725341797,27.270999908447266,52.5099983215332,193.25999450683594,155.17999267578125,42.27000045776367,159.08999633789062,105.83999633789062,509.239990234375,56.099998474121094,95.5,51.40999984741211,38.27000045776367,39.09000015258789,135.22999572753906,82.79000091552734,160.5500030517578,119.91999816894531,236.8699951171875,690.4600219726562,62.70800018310547,43.47999954223633,72.5,56.529998779296875,104.16999816894531,165.22000122070312,61.0,120.12000274658203,337.42999267578125,50.689998626708984,175.69000244140625,141.08999633789062,288.5,81.0,80.58999633789062,92.4800033569336,78.2699966430664,27.88599967956543,52.7400016784668,193.64999389648438,157.97000122070312,42.470001220703125,161.9600067138672,107.69000244140625,514.1900024414062,56.290000915527344,95.55000305175781,51.470001220703125,38.29999923706055,39.150001525878906,136.10000610351562,82.91999816894531,5129400,95852400,1424500,768600,14538000,38968100,12153100,21206300,7833800,10254700,8547300,3124600,1580800,33239800,4809500,8383500,2399800,5186500,7125600,6592800,22491000,579016000,17429600,1607800,7198700,12252900,3103200,7432100,2551100,4079600,3210700,19130900,56083600,48613100,7040100,22398300
2022-03-28,138.8457794189453,120.23999786376953,210.552490234375,665.4991455078125,58.89787673950195,39.308692932128906,61.2668571472168,48.10396194458008,88.47020721435547,140.36773681640625,50.11192321777344,100.42344665527344,303.16375732421875,48.137718200683594,158.34510803222656,126.36996459960938,281.1927490234375,74.72883605957031,71.91213989257812,79.35418701171875,78.07844543457031,28.167713165283203,42.29328155517578,165.2852783203125,144.5701904296875,38.03511428833008,157.72897338867188,99.53377532958984,477.3948974609375,46.717586517333984,84.88755798339844,46.51833724975586,33.37331771850586,36.739192962646484,128.4730987548828,71.67227935791016,161.97000122070312,120.23999786376953,240.47000122070312,694.8300170898438,63.28799819946289,43.54999923706055,73.11000061035156,55.91999816894531,103.5,166.35000610351562,60.45000076293945,120.86000061035156,335.29998779296875,51.5099983215332,177.8300018310547,140.8699951171875,291.6600036621094,81.97000122070312,81.20999908447266,91.2699966430664,79.86000061035156,28.2189998626709,53.279998779296875,194.7100067138672,158.4499969482422,41.72999954223633,163.02999877929688,106.33000183105469,513.2000122070312,56.709999084472656,96.37000274658203,51.810001373291016,38.400001525878906,39.40999984741211,137.25999450683594,82.80999755859375,162.02999877929688,120.41000366210938,240.57000732421875,695.0,63.33000183105469,43.75,73.73999786376953,56.279998779296875,105.13999938964844,166.6300048828125,61.040000915527344,122.55000305175781,338.5,51.56999969482422,178.17999267578125,140.97000122070312,292.45001220703125,82.44000244140625,81.66999816894531,92.30000305175781,80.18000030517578,28.25,53.560001373291016,195.10000610351562,158.5,42.63999938964844,163.02999877929688,106.72000122070312,517.1400146484375,56.95000076293945,97.11000061035156,52.11000061035156,38.58000183105469,39.439998626708984,137.3000030517578,83.30999755859375,159.52999877929688,116.70999908447266,237.97999572753906,676.0,61.577999114990234,42.83000183105469,72.70999908447266,54.72999954223633,103.01000213623047,165.1300048828125,59.400001525878906,119.70999908447266,331.510009765625,50.560001373291016,176.35000610351562,137.89999389648438,288.30999755859375,80.73999786376953,80.7300033569336,90.13999938964844,77.2699966430664,27.20599937438965,52.5,191.55999755859375,154.0500030517578,41.439998626708984,158.48666381835938,104.61000061035156,508.80999755859375,55.86000061035156,95.30999755859375,50.779998779296875,38.154998779296875,38.959999084472656,136.00999450683594,82.0199966430664,160.61000061035156,117.69999694824219,238.82000732421875,680.1099853515625,62.5880012512207,43.709999084472656,73.19999694824219,56.20000076293945,105.05999755859375,165.89999389648438,60.810001373291016,121.83999633789062,338.1499938964844,51.36000061035156,176.64999389648438,140.0,291.3299865722656,81.02999877929688,81.37000274658203,92.27999877929688,78.58999633789062,27.756000518798828,52.529998779296875,194.74000549316406,156.5,42.599998474121094,160.80332946777344,105.62000274658203,514.3200073242188,56.70000076293945,96.0999984741211,52.029998779296875,38.564998626708984,39.400001525878906,136.5,83.16999816894531,4516500,92966100,2045300,687100,14427000,37428600,10629100,25546300,6091100,9992000,8959600,2955600,2182600,22932400,5604200,10818100,2195000,4447900,7071900,8680800,26605300,425494000,21863700,1789900,9470800,13984200,2735700,8151200,2643000,6882500,3087500,24115400,69760400,44761000,8467000,21552400
2022-03-29,139.0258026123047,123.2300033569336,211.48934936523438,679.205078125,59.697296142578125,39.20940017700195,61.367435455322266,48.577091217041016,86.06828308105469,138.6548309326172,50.16167068481445,100.23233795166016,307.1059265136719,48.82926940917969,158.2649383544922,126.64801788330078,278.0400695800781,75.79547119140625,72.23094177246094,79.84977722167969,80.21959686279297,28.603919982910156,41.8646354675293,164.7334747314453,146.96067810058594,38.855430603027344,161.34414672851562,102.26712799072266,475.09716796875,46.84939193725586,85.16060638427734,46.32978439331055,33.28640365600586,36.823097229003906,129.23126220703125,71.29144287109375,162.17999267578125,123.2300033569336,241.5399932861328,709.1400146484375,64.14700317382812,43.439998626708984,73.2300033569336,56.470001220703125,100.69000244140625,164.32000732421875,60.5099983215332,120.62999725341797,339.6600036621094,52.25,177.74000549316406,141.17999267578125,288.3900146484375,83.13999938964844,81.56999969482422,91.83999633789062,82.05000305175781,28.6560001373291,52.7400016784668,194.05999755859375,161.07000732421875,42.630001068115234,166.76666259765625,109.25,510.7300109863281,56.869998931884766,96.68000030517578,51.599998474121094,38.29999923706055,39.5,138.07000732421875,82.37000274658203,163.27999877929688,123.70999908447266,242.61000061035156,714.6199951171875,64.53099822998047,44.38999938964844,73.33999633789062,57.400001525878906,100.94000244140625,164.47999572753906,60.560001373291016,120.87999725341797,344.0,52.290000915527344,179.39999389648438,143.60000610351562,293.1400146484375,83.1500015258789,81.76000213623047,93.38999938964844,82.55000305175781,28.945999145507812,54.08000183105469,198.97999572753906,161.3000030517578,42.79999923706055,167.02999877929688,109.76000213623047,519.5900268554688,57.91999816894531,96.97000122070312,53.29999923706055,38.31999969482422,40.0099983215332,138.9499969482422,82.48999786376953,161.2899932861328,119.58999633789062,238.61000061035156,697.6699829101562,63.0,43.11000061035156,72.66000366210938,56.130001068115234,97.83999633789062,160.5,57.65999984741211,115.75,336.7300109863281,51.279998779296875,176.8000030517578,140.24000549316406,287.5799865722656,80.48999786376953,80.73999786376953,91.05000305175781,79.26000213623047,27.979999542236328,52.619998931884766,193.38999938964844,156.64999389648438,40.189998626708984,163.39999389648438,106.79000091552734,507.29998779296875,56.529998779296875,93.6500015258789,51.52000045776367,37.095001220703125,39.27000045776367,137.25,79.76000213623047,162.99000549316406,122.27999877929688,241.66000366210938,710.0,64.0,44.25,72.95999908447266,57.279998779296875,99.98999786376953,163.50999450683594,58.54999923706055,117.54000091552734,342.4700012207031,52.0,178.6199951171875,143.35000610351562,292.0299987792969,80.66000366210938,81.66000366210938,93.38999938964844,82.0999984741211,28.69499969482422,54.0,197.89999389648438,161.2100067138672,40.4900016784668,165.6300048828125,107.91999816894531,517.0999755859375,57.70000076293945,94.6500015258789,53.060001373291016,37.540000915527344,39.88999938964844,138.39999389648438,80.80999755859375,6154100,94143000,2230600,1076200,23001000,46355800,14833300,21463500,10977600,15102600,10398500,3106500,2378700,27303700,5933400,11316500,2798100,4203800,7398700,7431600,41290700,488984000,39970000,1440600,10212400,13207500,3093600,14076200,3478400,6182800,2898500,20915000,73274000,67968600,12327700,27036300
2022-03-30,140.37164306640625,119.22000122070312,212.3911895751953,655.6626586914062,58.73129653930664,38.812255859375,61.7780647277832,47.28675079345703,86.67697143554688,139.63365173339844,50.2031135559082,100.61456298828125,303.4259948730469,48.062957763671875,159.9122314453125,126.07389831542969,279.4862365722656,77.81024932861328,72.96590423583984,78.48475646972656,77.39408874511719,27.639678955078125,41.626487731933594,161.9066925048828,139.35125732421875,38.472618103027344,156.18417358398438,99.90821838378906,484.48321533203125,45.82786560058594,88.52546691894531,44.99197006225586,33.67314910888672,36.56206130981445,129.48399353027344,72.51181030273438,163.75,119.22000122070312,242.57000732421875,684.5599975585938,63.10900115966797,43.0,73.72000122070312,54.970001220703125,101.0999984741211,165.47999572753906,60.560001373291016,121.08999633789062,335.5899963378906,51.43000030517578,179.58999633789062,140.5399932861328,289.8900146484375,85.3499984741211,82.4000015258789,90.2699966430664,79.16000366210938,27.690000534057617,52.439998626708984,190.72999572753906,152.72999572753906,42.209999084472656,161.43333435058594,106.7300033569336,520.8200073242188,55.18000030517578,100.5,50.11000061035156,38.744998931884766,39.220001220703125,138.33999633789062,83.77999877929688,164.35000610351562,125.66999816894531,244.72999572753906,702.75,64.42900085449219,43.650001525878906,74.06999969482422,56.45000076293945,102.76000213623047,166.35000610351562,61.720001220703125,123.31999969482422,339.8599853515625,52.5099983215332,179.86000061035156,142.1199951171875,292.2900085449219,85.5,82.69999694824219,91.94000244140625,86.23999786376953,28.496000289916992,53.720001220703125,194.38999938964844,160.27000427246094,43.45000076293945,166.06333923339844,109.33999633789062,521.2000122070312,56.75,101.37000274658203,51.68000030517578,39.02000045776367,39.52000045776367,138.88999938964844,84.01000213623047,161.72000122070312,118.58999633789062,242.02000427246094,680.1199951171875,62.733001708984375,42.75,73.22000122070312,54.54999923706055,100.5999984741211,163.66000366210938,60.13999938964844,120.43000030517578,333.6300048828125,51.220001220703125,177.67999267578125,139.91000366210938,287.989990234375,83.70999908447266,81.66999816894531,89.76000213623047,78.5999984741211,27.503000259399414,51.970001220703125,189.2100067138672,151.7899932861328,41.95000076293945,160.57666015625,106.51000213623047,512.47998046875,54.86000061035156,97.83999633789062,49.790000915527344,38.43000030517578,38.9900016784668,137.63999938964844,82.70999908447266,161.72000122070312,123.04000091552734,243.57000732421875,700.0,63.887001037597656,43.439998626708984,73.5199966430664,56.0099983215332,101.33999633789062,165.24000549316406,61.20000076293945,121.69999694824219,339.0,52.25,178.44000244140625,141.89999389648438,290.5799865722656,84.18000030517578,81.83999633789062,91.86000061035156,84.30000305175781,28.304000854492188,53.20000076293945,194.0399932861328,159.38999938964844,42.83000183105469,165.47666931152344,107.79000091552734,515.1099853515625,56.689998626708984,97.83999633789062,51.529998779296875,38.66999816894531,39.5,138.08999633789062,83.05999755859375,5151800,99476900,2593300,1031900,18626000,36601800,12146600,32222400,6069200,9906000,7610600,2788700,2650200,24623300,6277600,8771000,2220100,5880400,9326600,7289800,70087000,463487000,27599600,1980600,14777800,10201700,3269100,15456300,3041200,7908500,4192600,30913800,49736400,47405300,10752900,22079000
2022-03-31,138.96578979492188,109.33999633789062,211.73452758789062,639.734619140625,58.600067138671875,37.20561599731445,61.65143966674805,45.936187744140625,85.7339096069336,137.39752197265625,49.01767349243164,99.06909942626953,298.46209716796875,46.31538391113281,157.810791015625,122.28827667236328,276.092529296875,77.94701385498047,72.65597534179688,75.98944854736328,76.15241241455078,27.23641014099121,41.09465789794922,156.5757598876953,139.4333953857422,37.652305603027344,152.6303253173828,97.59607696533203,474.3902587890625,44.141910552978516,89.44156646728516,43.51049041748047,33.21687316894531,35.72306442260742,128.2204132080078,71.48184204101562,162.11000061035156,109.33999633789062,241.82000732421875,667.9299926757812,62.96799850463867,41.220001220703125,73.02999877929688,53.400001525878906,100.0,162.8300018310547,59.130001068115234,119.2300033569336,330.1000061035156,49.560001373291016,177.22999572753906,136.32000732421875,286.3699951171875,85.5,82.05000305175781,87.4000015258789,77.88999938964844,27.285999298095703,51.77000045776367,184.4499969482422,152.82000732421875,41.310001373291016,157.75999450683594,104.26000213623047,509.9700012207031,53.150001525878906,101.54000091552734,48.459999084472656,38.220001220703125,38.31999969482422,136.99000549316406,82.58999633789062,164.66000366210938,116.37999725341797,245.47999572753906,689.0999755859375,63.900001525878906,42.88999938964844,73.61000061035156,54.86000061035156,102.44999694824219,166.16000366210938,61.529998779296875,123.87999725341797,336.5,51.2599983215332,180.2100067138672,140.35000610351562,291.79998779296875,87.0999984741211,83.37999725341797,90.19000244140625,79.95999908447266,28.24799919128418,52.880001068115234,191.77999877929688,155.13999938964844,42.40999984741211,162.02999877929688,107.1500015258789,521.8900146484375,55.349998474121094,103.08999633789062,50.43000030517578,39.10499954223633,39.33000183105469,138.80999755859375,84.4000015258789,162.10000610351562,109.0199966430664,241.67999267578125,667.5,62.80500030517578,41.20000076293945,72.9800033569336,53.36000061035156,99.4000015258789,162.72000122070312,59.119998931884766,119.22000122070312,330.1000061035156,49.5099983215332,176.97999572753906,136.25999450683594,285.9200134277344,84.19999694824219,81.94000244140625,87.4000015258789,76.83000183105469,27.270000457763672,51.7400016784668,184.33999633789062,151.02999877929688,41.2400016784668,157.336669921875,104.19000244140625,509.6700134277344,53.13999938964844,99.05000305175781,48.43000030517578,38.21500015258789,38.310001373291016,136.75,82.55000305175781,162.92999267578125,116.30999755859375,244.17999267578125,684.489990234375,63.04800033569336,42.84000015258789,73.45999908447266,54.5099983215332,100.0,163.47000122070312,60.08000183105469,120.87999725341797,336.1300048828125,51.20000076293945,179.58999633789062,139.8300018310547,289.3699951171875,84.58999633789062,82.9000015258789,89.72000122070312,77.66999816894531,27.781999588012695,52.0,190.16000366210938,152.88999938964844,41.689998626708984,161.31333923339844,106.95999908447266,517.0999755859375,55.02000045776367,99.43000030517578,49.75,38.380001068115234,39.16999816894531,138.0500030517578,82.87000274658203,8670100,147004800,3102800,780700,21731000,67902500,17143100,29202400,9777900,10395900,11344400,4036000,2632000,43698300,11490400,17353900,3227600,7041200,12466800,8422700,34588600,523440000,26055200,3301400,13364200,11618700,3369300,13021600,3979700,9511300,5261500,31238500,65606600,66619600,15843000,27861500
2022-04-01,139.45437622070312,108.19000244140625,212.872802734375,639.5431518554688,58.34880828857422,36.916778564453125,62.31835174560547,45.01575469970703,86.23114776611328,138.5704345703125,50.02903366088867,99.98307037353516,298.5706481933594,44.96030807495117,158.6656494140625,121.38225555419922,282.16644287109375,77.31795501708984,73.95765686035156,75.63297271728516,74.48056030273438,26.6634578704834,40.935890197753906,153.76597595214844,134.11407470703125,37.99864959716797,149.6730499267578,96.22002410888672,476.8274841308594,43.93428039550781,89.2037124633789,43.734962463378906,33.486289978027344,35.62983703613281,129.23126220703125,71.94058227539062,162.67999267578125,108.19000244140625,243.1199951171875,667.72998046875,62.698001861572266,40.900001525878906,73.81999969482422,52.33000183105469,100.58000183105469,164.22000122070312,60.349998474121094,120.33000183105469,330.2200012207031,48.11000061035156,178.19000244140625,135.30999755859375,292.6700134277344,84.80999755859375,83.5199966430664,86.98999786376953,76.18000030517578,26.711999893188477,51.56999969482422,181.13999938964844,146.99000549316406,41.689998626708984,154.70333862304688,102.79000091552734,512.5900268554688,52.900001525878906,101.2699966430664,48.709999084472656,38.529998779296875,38.220001220703125,138.07000732421875,83.12000274658203,163.07000732421875,111.41999816894531,243.9499969482422,677.1900024414062,63.457000732421875,41.7400016784668,73.93000030517578,53.7400016784668,101.66000366210938,165.9499969482422,60.81999969482422,121.47000122070312,334.1600036621094,49.900001525878906,178.42999267578125,137.41000366210938,293.1400146484375,86.2699966430664,83.58000183105469,88.52999877929688,78.91000366210938,27.496000289916992,52.15999984741211,185.88999938964844,152.8699951171875,42.470001220703125,158.79666137695312,105.94999694824219,514.780029296875,53.779998779296875,103.05000305175781,49.470001220703125,38.88999938964844,38.65999984741211,138.1199951171875,84.13999938964844,160.10000610351562,106.0999984741211,240.72999572753906,661.8300170898438,61.86899948120117,40.349998474121094,73.0,51.77000045776367,99.27999877929688,162.3300018310547,59.369998931884766,118.75,327.57000732421875,47.33000183105469,175.60000610351562,133.8000030517578,284.0,84.2699966430664,81.63999938964844,85.91000366210938,74.05999755859375,26.267000198364258,51.099998474121094,180.2100067138672,142.55999755859375,41.18000030517578,152.39332580566406,102.20999908447266,506.6000061035156,52.470001220703125,100.41999816894531,47.83000183105469,38.14500045776367,37.95000076293945,136.4499969482422,81.98999786376953,162.14999389648438,110.4800033569336,243.02999877929688,675.2899780273438,63.16899871826172,41.689998626708984,73.19000244140625,53.470001220703125,100.1500015258789,162.77999877929688,59.369998931884766,119.27999877929688,333.92999267578125,49.83000183105469,177.0500030517578,137.39999389648438,286.1499938964844,85.27999877929688,82.19000244140625,88.13999938964844,78.43000030517578,27.375,52.119998931884766,184.24000549316406,151.94000244140625,41.20000076293945,158.42666625976562,105.7699966430664,510.67999267578125,53.63999938964844,101.91999816894531,49.25,38.16999816894531,38.58000183105469,137.3699951171875,81.98999786376953,5703300,111867100,1883900,739400,16267000,61929200,12528600,40073100,6934100,8795300,6292500,2258000,2444800,46598600,6525600,15721300,3066200,7411800,10086700,8192300,33536100,517235000,19073100,2485100,19762100,12210600,5391900,12085100,2344100,7514600,3301800,29989900,49612600,68422500,20785700,18671100
2022-04-04,138.77720642089844,110.52999877929688,214.405029296875,652.0902099609375,59.08121109008789,36.85359573364258,62.293033599853516,45.4200553894043,86.20545196533203,138.69699096679688,50.44352340698242,100.3985366821289,296.7533264160156,45.97895050048828,157.1341094970703,121.92051696777344,280.96136474609375,77.55499267578125,73.93109893798828,75.88512420654297,75.93730926513672,27.31027603149414,40.43579864501953,155.18360900878906,140.336669921875,37.87105178833008,152.1046600341797,98.09220886230469,474.4367370605469,43.73495864868164,88.73686981201172,43.51049041748047,33.52975845336914,35.47135543823242,128.15492248535156,71.97520446777344,161.88999938964844,110.52999877929688,244.8699951171875,680.8300170898438,63.48500061035156,40.83000183105469,73.79000091552734,52.79999923706055,100.55000305175781,164.3699951171875,60.849998474121094,120.83000183105469,328.2099914550781,49.20000076293945,176.47000122070312,135.91000366210938,291.4200134277344,85.06999969482422,83.48999786376953,87.27999877929688,77.66999816894531,27.360000610351562,50.939998626708984,182.80999755859375,153.80999755859375,41.54999923706055,157.21665954589844,104.79000091552734,510.0199890136719,52.65999984741211,100.73999786376953,48.459999084472656,38.58000183105469,38.04999923706055,136.9199981689453,83.16000366210938,163.83999633789062,110.94000244140625,246.4499969482422,681.5399780273438,63.672000885009766,41.13999938964844,74.88999938964844,53.0,101.91000366210938,165.4499969482422,62.11000061035156,122.0,331.8699951171875,49.22999954223633,178.19000244140625,136.94000244140625,294.9800109863281,85.9800033569336,83.88999938964844,87.56999969482422,78.18000030517578,27.558000564575195,51.869998931884766,184.66000366210938,154.1300048828125,42.27000045776367,157.43666076660156,105.56999969482422,512.47998046875,53.16999816894531,102.75,48.65999984741211,38.904998779296875,38.36000061035156,138.0,83.66000366210938,161.4600067138672,107.02999877929688,242.64999389648438,669.989990234375,62.45199966430664,40.15999984741211,73.54000091552734,51.65999984741211,99.62000274658203,163.0,59.720001220703125,119.1500015258789,325.8599853515625,47.91999816894531,175.52000427246094,132.88999938964844,290.95001220703125,84.44999694824219,82.7300033569336,85.80999755859375,76.51000213623047,26.613000869750977,50.369998931884766,177.52999877929688,146.66000366210938,40.7400016784668,154.52333068847656,103.27999877929688,504.5299987792969,51.91999816894531,100.0999984741211,47.61000061035156,38.16999816894531,37.779998779296875,136.60000610351562,82.05000305175781,162.5,109.97000122070312,242.83999633789062,672.489990234375,62.641998291015625,40.47999954223633,74.0,52.25,101.41000366210938,165.0,61.33000183105469,121.43000030517578,330.0,48.16999816894531,178.19000244140625,134.1199951171875,292.75,85.01000213623047,83.5,86.54000091552734,76.9000015258789,26.72800064086914,51.779998779296875,180.22999572753906,147.74000549316406,41.91999816894531,155.10667419433594,104.0199966430664,512.2100219726562,52.540000915527344,101.80000305175781,48.45000076293945,38.779998779296875,38.130001068115234,137.75999450683594,83.55999755859375,6892400,90123900,3518800,731200,16484000,53761700,13542100,29296200,4946500,8718600,8381600,1807200,2569400,23784900,6860600,17416400,3014100,3801300,9039600,8098900,24305700,397120000,20462800,2663500,12116000,10618200,2705100,9077200,2657500,5616800,2668100,23778300,46007400,134312400,16769500,20869400
2022-04-05,140.09730529785156,106.81999969482422,214.1336212158203,619.1710205078125,57.152008056640625,36.23078536987305,62.83330535888672,44.370582580566406,84.06210327148438,137.84475708007812,48.470542907714844,97.90579986572266,292.9106140136719,44.979007720947266,158.14918518066406,120.50166320800781,281.9929504394531,77.22677612304688,74.13475799560547,74.14623260498047,72.94558715820312,25.883874893188477,40.673946380615234,154.8270721435547,132.71810913085938,36.8775634765625,145.10328674316406,95.94857788085938,481.63677978515625,44.017333984375,89.3710708618164,43.205223083496094,33.00395202636719,35.247623443603516,128.42636108398438,71.60303497314453,163.42999267578125,106.81999969482422,244.55999755859375,646.4600219726562,61.4119987487793,40.13999938964844,74.43000030517578,51.58000183105469,98.05000305175781,163.36000061035156,58.470001220703125,117.83000183105469,323.9599914550781,48.130001068115234,177.61000061035156,133.33999633789062,292.489990234375,84.70999908447266,83.72000122070312,85.27999877929688,74.61000061035156,25.930999755859375,51.2400016784668,182.38999938964844,145.4600067138672,40.459999084472656,149.97999572753906,102.5,517.760009765625,53.0,101.45999908447266,48.119998931884766,37.974998474121094,37.810001373291016,137.2100067138672,82.7300033569336,165.9600067138672,110.4800033569336,248.75,675.1500244140625,63.22600173950195,40.7599983215332,74.98999786376953,52.47999954223633,101.66000366210938,167.72000122070312,61.619998931884766,122.43000030517578,329.739990234375,48.97999954223633,179.64999389648438,135.39999389648438,295.8299865722656,86.44000244140625,85.43000030517578,86.83000183105469,78.0199966430664,27.319000244140625,52.150001525878906,185.22999572753906,152.00999450683594,42.36000061035156,156.06333923339844,104.5999984741211,524.72998046875,53.70000076293945,103.25,48.900001525878906,39.244998931884766,38.310001373291016,138.83999633789062,85.06999969482422,161.83999633789062,106.05000305175781,243.74000549316406,645.7899780273438,61.29999923706055,40.040000915527344,73.55999755859375,51.41999816894531,97.9000015258789,163.10000610351562,58.130001068115234,117.66000366210938,323.4800109863281,48.02000045776367,176.2899932861328,133.00999450683594,289.1000061035156,84.63999938964844,83.51000213623047,84.94000244140625,74.30000305175781,25.81999969482422,50.75,181.2100067138672,145.27000427246094,40.380001068115234,149.5800018310547,102.11000061035156,508.0,52.189998626708984,100.62999725341797,47.77000045776367,37.93000030517578,37.720001220703125,136.5,82.55999755859375,161.88999938964844,109.69000244140625,243.74000549316406,674.02001953125,62.95500183105469,40.439998626708984,73.76000213623047,52.060001373291016,100.8499984741211,165.02999877929688,61.04999923706055,120.94999694824219,327.3599853515625,48.83000183105469,176.47000122070312,134.07000732421875,291.7200012207031,85.51000213623047,83.66000366210938,86.55000305175781,76.70999908447266,27.253999710083008,50.810001373291016,181.61000061035156,151.80999755859375,41.470001220703125,155.92999267578125,104.4800033569336,510.0,52.25,101.05999755859375,47.90999984741211,38.650001525878906,37.900001525878906,136.57000732421875,83.5,6683300,79532000,2180800,1251500,19778000,51781700,12224900,23065500,5708100,9538200,8667400,2335100,2573900,25779200,7446100,12110300,2324200,3789100,12040900,11587400,21171400,436615000,21176700,1710500,15946100,10473900,4054800,12291000,3268600,7370000,3818700,21757300,54577200,56165700,15025100,21753100
2022-04-06,144.7949676513672,103.66999816894531,218.8354949951172,601.978759765625,56.024085998535156,35.833641052246094,63.601505279541016,43.46733474731445,83.62483978271484,139.06825256347656,48.3627815246582,98.42095947265625,285.9486389160156,44.427635192871094,162.2629852294922,118.82978820800781,294.8638916015625,78.01080322265625,75.24165344238281,72.27690887451172,72.13408660888672,24.362646102905273,41.96781921386719,153.61317443847656,127.07942962646484,37.16923904418945,141.4945831298828,94.71294403076172,494.65069580078125,43.99242401123047,90.9918441772461,42.99871063232422,33.199501037597656,35.0052375793457,130.38255310058594,72.39929962158203,168.91000366210938,103.66999816894531,249.92999267578125,628.510009765625,60.20000076293945,39.70000076293945,75.33999633789062,50.529998779296875,97.54000091552734,164.80999755859375,58.34000015258789,118.44999694824219,316.260009765625,47.540000915527344,182.22999572753906,131.49000549316406,305.8399963378906,85.56999969482422,84.97000122070312,83.12999725341797,73.77999877929688,24.406999588012695,52.869998931884766,180.9600067138672,139.27999877929688,40.779998779296875,146.25,101.18000030517578,531.75,52.970001220703125,103.30000305175781,47.88999938964844,38.20000076293945,37.54999923706055,139.3000030517578,83.6500015258789,169.27000427246094,105.73999786376953,251.4600067138672,639.3099975585938,61.159000396728516,40.0099983215332,75.4800033569336,51.09000015258789,100.16999816894531,167.00999450683594,59.56999969482422,121.18000030517578,320.6199951171875,48.16999816894531,182.60000610351562,132.55999755859375,306.55999755859375,85.94000244140625,85.55999755859375,84.80999755859375,74.88999938964844,25.299999237060547,53.09000015258789,182.47000122070312,143.0,41.34000015258789,148.9066619873047,102.13999938964844,533.52001953125,53.27000045776367,104.76000213623047,48.08000183105469,38.73500061035156,37.709999084472656,139.6300048828125,84.69999694824219,163.8000030517578,101.70999908447266,244.85000610351562,617.4000244140625,59.37699890136719,39.349998474121094,73.97000122070312,50.400001525878906,96.81999969482422,164.3300018310547,57.40999984741211,117.11000061035156,315.75,47.2400016784668,178.6199951171875,130.9600067138672,294.7699890136719,84.02999877929688,84.12000274658203,82.75,71.47000122070312,24.003000259399414,51.15999984741211,180.14999389648438,137.4600067138672,40.31999969482422,145.0,99.72000122070312,518.0,52.54999923706055,100.44000244140625,47.400001525878906,37.98500061035156,37.40999984741211,136.77000427246094,82.94000244140625,164.49000549316406,104.44999694824219,244.85000610351562,626.0900268554688,60.20800018310547,39.7400016784668,74.18000030517578,51.0099983215332,99.75,164.8300018310547,59.29999923706055,119.9000015258789,320.0,47.439998626708984,179.38999938964844,131.5800018310547,296.0899963378906,85.3499984741211,84.36000061035156,84.72000122070312,73.18000030517578,24.93400001525879,51.15999984741211,180.8300018310547,142.89999389648438,40.970001220703125,146.6666717529297,100.41999816894531,518.219970703125,52.65999984741211,102.69999694824219,47.689998626708984,38.38999938964844,37.5099983215332,136.86000061035156,83.41999816894531,8810800,105256600,3869000,1110700,23742000,54159800,15420100,25196600,5680000,9269000,9136000,2847600,3151300,31518700,10330900,12914700,4672900,4564400,13924300,10493200,28080100,703833000,31717500,1904000,21054200,8726600,4836900,14902600,3955600,8299100,3994300,26001200,64328400,55835100,23197800,24768200
2022-04-07,148.541015625,103.72000122070312,220.33274841308594,598.9041137695312,56.12179946899414,35.553836822509766,65.22235870361328,43.03721618652344,85.69960021972656,141.00059509277344,49.92955017089844,100.22404479980469,284.0408630371094,44.44631576538086,161.84445190429688,118.46829223632812,297.36077880859375,78.26605987548828,76.86213684082031,72.27690887451172,71.64524841308594,24.164012908935547,43.78561019897461,153.96971130371094,127.02472686767578,37.3424072265625,141.80416870117188,94.09512329101562,499.48785400390625,43.66851806640625,91.01827239990234,42.86402893066406,33.63404846191406,34.96794509887695,132.89096069335938,73.61099243164062,173.27999877929688,103.72000122070312,251.63999938964844,625.2999877929688,60.30500030517578,39.38999938964844,77.26000213623047,50.029998779296875,99.95999908447266,167.10000610351562,60.22999954223633,120.62000274658203,314.1499938964844,47.560001373291016,181.75999450683594,131.08999633789062,308.42999267578125,85.8499984741211,86.80000305175781,83.12999725341797,73.27999877929688,24.20800018310547,55.15999984741211,181.3800048828125,139.22000122070312,40.970001220703125,146.57000732421875,100.5199966430664,536.9500122070312,52.58000183105469,103.33000183105469,47.7400016784668,38.70000076293945,37.5099983215332,141.97999572753906,85.05000305175781,174.58999633789062,105.23999786376953,252.72999572753906,632.0999755859375,60.763999938964844,39.97999954223633,77.27999877929688,50.61000061035156,100.19999694824219,167.6999969482422,60.40999984741211,121.0,315.8299865722656,47.90999984741211,182.9499969482422,131.9199981689453,314.0,86.37000274658203,87.11000061035156,83.61000061035156,74.68000030517578,24.722000122070312,55.40999984741211,182.5500030517578,141.49000549316406,41.459999084472656,147.88333129882812,101.2300033569336,538.280029296875,53.31999969482422,104.41999816894531,48.29999923706055,38.83000183105469,37.689998626708984,142.33999633789062,85.44000244140625,167.5399932861328,100.91000366210938,249.02000427246094,612.780029296875,59.32400131225586,38.849998474121094,75.30000305175781,49.040000915527344,96.91000366210938,163.4199981689453,58.2400016784668,116.91999816894531,308.20001220703125,46.77000045776367,180.22999572753906,128.72999572753906,305.0,83.94999694824219,84.95999908447266,81.4000015258789,72.12999725341797,23.47800064086914,52.5,177.32000732421875,136.9199981689453,39.7400016784668,143.50332641601562,99.6500015258789,528.3900146484375,52.0,100.45999908447266,46.58000183105469,37.66999816894531,36.97999954223633,138.8000030517578,82.70999908447266,167.6699981689453,103.91999816894531,249.1999969482422,624.530029296875,59.983001708984375,39.88999938964844,75.37999725341797,50.560001373291016,98.7300033569336,165.10000610351562,58.9900016784668,120.0199966430664,315.0,47.43000030517578,181.6699981689453,130.9499969482422,305.0,85.97000122070312,85.75,82.87999725341797,73.66999816894531,24.44099998474121,52.5,181.0500030517578,139.7899932861328,41.0099983215332,146.0500030517578,100.41999816894531,530.0,53.189998626708984,103.51000213623047,48.15999984741211,38.380001068115234,37.52000045776367,138.8000030517578,83.83000183105469,7469000,91895500,2674400,713500,16583000,54585000,20655600,28689900,6285300,8018400,7952600,3053800,3562600,24117000,7385200,12994200,4270800,4205600,13104300,11902900,22658600,557992000,36305700,2303200,10201200,8895800,3511800,12431000,2867000,8656100,3700000,29486500,54097400,53346900,18160200,26122000
2022-04-08,149.98123168945312,101.0,220.66551208496094,585.1409301757812,54.62814712524414,35.80656051635742,65.65290832519531,43.76841354370117,88.34879302978516,143.3885498046875,51.703575134277344,105.42552947998047,290.5869445800781,43.94166946411133,162.1650390625,120.63724517822266,300.50384521484375,79.22332763671875,77.6413803100586,73.08551788330078,70.62706756591797,23.076984405517578,43.793540954589844,156.7879638671875,124.71633911132812,38.78251266479492,138.2857666015625,92.94374084472656,507.8692626953125,43.394447326660156,90.9213638305664,43.7529182434082,34.55963134765625,35.32219314575195,133.68658447265625,75.16024017333984,174.9600067138672,101.0,252.02000427246094,610.9299926757812,58.70000076293945,39.66999816894531,77.7699966430664,50.880001068115234,103.05000305175781,169.92999267578125,62.369998931884766,126.87999725341797,321.3900146484375,47.02000045776367,182.1199951171875,133.49000549316406,311.69000244140625,86.9000015258789,87.68000030517578,84.05999755859375,72.13999938964844,23.118999481201172,55.16999816894531,184.6999969482422,136.69000244140625,42.54999923706055,142.93333435058594,99.29000091552734,545.9600219726562,52.25,103.22000122070312,48.72999954223633,39.76499938964844,37.88999938964844,142.8300018310547,86.83999633789062,175.91000366210938,102.98999786376953,253.88999938964844,622.4099731445312,59.85900115966797,40.099998474121094,78.05999755859375,51.29999923706055,103.30999755859375,171.10000610351562,62.540000915527344,127.94999694824219,323.67999267578125,47.58000183105469,183.19000244140625,133.89999389648438,312.3800048828125,87.66999816894531,87.83999633789062,84.7699966430664,72.8499984741211,23.92300033569336,55.58000183105469,185.16000366210938,139.9600067138672,42.720001220703125,145.4066619873047,100.69999694824219,548.969970703125,52.599998474121094,104.72000122070312,48.88999938964844,39.875,38.060001373291016,143.4199981689453,87.20999908447266,172.5,100.41999816894531,250.5399932861328,610.0,58.59700012207031,39.31999969482422,76.76000213623047,49.83000183105469,100.52999877929688,167.02000427246094,60.209999084472656,121.77999877929688,313.0,46.849998474121094,180.42999267578125,131.49000549316406,307.95001220703125,85.75,86.26000213623047,82.95999908447266,70.83000183105469,23.062000274658203,54.459999084472656,181.94000244140625,136.36000061035156,41.11000061035156,142.70333862304688,99.12000274658203,538.0999755859375,51.13999938964844,102.97000122070312,47.93000030517578,38.80500030517578,37.560001373291016,141.77999877929688,85.16999816894531,173.0,102.51000213623047,251.52999877929688,621.4199829101562,59.737998962402344,39.4900016784668,76.81999969482422,49.84000015258789,100.69000244140625,167.0500030517578,60.34000015258789,122.0,313.5799865722656,47.279998779296875,181.3300018310547,131.6699981689453,308.0,86.5199966430664,86.63999938964844,83.52999877929688,72.5,23.91699981689453,54.849998474121094,183.1999969482422,138.5399932861328,41.33000183105469,145.35333251953125,100.62000274658203,539.0,52.209999084472656,104.0199966430664,48.0,38.80500030517578,37.65999984741211,141.99000549316406,85.16999816894531,7204200,92746700,2745800,840800,20464000,41018900,22333100,26853300,6175200,10801200,10115100,4534900,3294200,22167300,7144500,13126900,3024700,5088800,11409300,6937500,20562600,524781000,24612200,2694700,12992500,10526400,4500300,11796200,3986700,9974800,3291200,23659800,53426200,44672300,19102700,24866500
2022-04-11,145.58360290527344,97.37000274658203,219.6585693359375,572.5076293945312,54.03346633911133,35.734352111816406,64.5807876586914,43.48453903198242,84.00208282470703,139.7011260986328,49.763755798339844,100.8222885131836,290.01727294921875,43.5211296081543,160.1348114013672,120.19441223144531,297.871826171875,77.38175964355469,76.71158599853516,73.05071258544922,70.51936340332031,21.877168655395508,42.80923843383789,156.17677307128906,123.50281524658203,37.67053985595703,135.444580078125,91.33367919921875,499.94366455078125,42.954280853271484,88.87781524658203,44.2916374206543,33.52105712890625,35.16373062133789,131.02835083007812,72.57238006591797,169.8300018310547,97.37000274658203,250.8699951171875,597.739990234375,58.06100082397461,39.59000015258789,76.5,50.54999923706055,97.9800033569336,165.55999755859375,60.029998779296875,121.33999633789062,320.760009765625,46.56999969482422,179.83999633789062,133.0,308.9599914550781,84.87999725341797,86.62999725341797,84.0199966430664,72.02999877929688,21.91699981689453,53.93000030517578,183.97999572753906,135.36000061035156,41.33000183105469,139.99667358398438,97.56999969482422,537.4400024414062,51.720001220703125,100.9000015258789,49.33000183105469,38.56999969482422,37.720001220703125,139.99000549316406,83.8499984741211,175.0399932861328,98.66999816894531,258.45001220703125,610.6300048828125,58.928001403808594,40.400001525878906,78.12999725341797,52.25,102.0,168.77999877929688,61.599998474121094,125.5199966430664,328.8999938964844,47.29999923706055,184.1999969482422,134.89999389648438,313.760009765625,86.33999633789062,89.4800033569336,85.81999969482422,72.91000366210938,22.31999969482422,56.31999969482422,188.58999633789062,137.61000061035156,42.63999938964844,142.0,98.37999725341797,547.6099853515625,52.88999938964844,103.1500015258789,50.189998626708984,39.349998474121094,38.15999984741211,143.0,85.93000030517578,169.32000732421875,95.94000244140625,250.14999389648438,597.1300048828125,57.94300079345703,39.38999938964844,76.47000122070312,50.380001068115234,97.79000091552734,164.91000366210938,59.849998474121094,120.91999816894531,319.0299987792969,46.529998779296875,179.60000610351562,132.57000732421875,308.04998779296875,84.7300033569336,86.18000030517578,83.0199966430664,70.08999633789062,21.65999984741211,53.779998779296875,183.6699981689453,133.69000244140625,41.27000045776367,139.67333984375,96.91000366210938,536.6400146484375,51.70000076293945,100.12999725341797,48.91999816894531,38.48500061035156,37.65999984741211,139.77999877929688,83.5,174.89999389648438,98.5999984741211,253.60000610351562,607.0399780273438,58.257999420166016,39.47999954223633,77.69999694824219,50.790000915527344,101.9000015258789,168.57000732421875,61.54999923706055,125.5199966430664,320.6099853515625,46.900001525878906,183.0,133.0,313.0899963378906,86.22000122070312,88.31999969482422,83.58000183105469,70.55000305175781,22.214000701904297,55.459999084472656,184.57000732421875,134.2899932861328,42.63999938964844,140.82000732421875,98.22000122070312,543.5999755859375,51.939998626708984,102.68000030517578,48.939998626708984,39.34000015258789,37.790000915527344,142.4199981689453,85.77999877929688,8163200,95527700,2975200,859600,23512000,34198700,15560700,20895700,7002200,10206100,9011300,3342800,2747700,30352500,5932000,10466400,2178100,4464700,14381000,8290400,21127900,575207000,22054300,2588600,11210400,7999000,4291800,12480500,3574000,8520700,3705900,27041000,52461000,54435500,16570700,21800100
2022-04-12,143.42337036132812,95.0999984741211,218.9318084716797,568.9254150390625,54.448524475097656,35.355262756347656,64.62300109863281,43.30388259887695,85.7339096069336,142.61227416992188,51.61238098144531,103.5061264038086,289.1312255859375,43.45571517944336,160.18826293945312,118.87494659423828,297.0234680175781,78.22050476074219,75.82610321044922,72.97246551513672,70.45083618164062,21.464916229248047,42.15833282470703,153.84033203125,124.16887664794922,37.85282897949219,135.03179931640625,91.21199798583984,496.47393798828125,42.20681381225586,88.78092956542969,43.474571228027344,34.07727813720703,34.78151321411133,129.7554168701172,74.0870132446289,167.30999755859375,95.0999984741211,250.0399932861328,594.0,58.50699996948242,39.16999816894531,76.55000305175781,50.34000015258789,100.0,169.00999450683594,62.2599983215332,124.56999969482422,319.7799987792969,46.5,179.89999389648438,131.5399932861328,308.0799865722656,85.80000305175781,85.62999725341797,83.93000030517578,71.95999908447266,21.503999710083008,53.11000061035156,179.75,136.08999633789062,41.529998779296875,139.57000732421875,97.44000244140625,533.7100219726562,50.81999969482422,100.79000091552734,48.41999816894531,39.209999084472656,37.310001373291016,138.6300048828125,85.5999984741211,170.55999755859375,99.58999633789062,252.5500030517578,622.5,59.85900115966797,40.08000183105469,77.0199966430664,51.119998931884766,101.87999725341797,172.67999267578125,63.41999816894531,127.20999908447266,327.1199951171875,47.90999984741211,180.80999755859375,134.5800018310547,309.6099853515625,87.5199966430664,86.55000305175781,85.9800033569336,73.58999633789062,22.725000381469727,53.93000030517578,184.02999877929688,140.16000366210938,42.90999984741211,144.01333618164062,100.1500015258789,540.72998046875,52.15999984741211,104.4000015258789,49.900001525878906,39.92499923706055,38.040000915527344,140.4600067138672,86.81999969482422,166.2100067138672,94.5999984741211,246.77000427246094,592.0,58.21699905395508,38.849998474121094,75.56999969482422,50.04999923706055,99.41000366210938,168.14999389648438,61.439998626708984,123.69999694824219,318.010009765625,46.40999984741211,178.1999969482422,130.6999969482422,304.17999267578125,85.55000305175781,85.22000122070312,83.54000091552734,71.56999969482422,21.281999588012695,52.650001525878906,178.55999755859375,135.5,41.29999923706055,138.83999633789062,97.44000244140625,530.780029296875,50.529998779296875,100.48999786376953,48.0,39.1349983215332,37.150001525878906,138.02999877929688,85.37999725341797,169.30999755859375,98.77999877929688,250.97000122070312,613.0700073242188,58.9109992980957,39.56999969482422,76.22000122070312,50.599998474121094,100.05000305175781,168.97000122070312,61.45000076293945,123.80000305175781,321.67999267578125,47.31999969482422,179.1999969482422,132.13999938964844,306.5799865722656,86.41000366210938,86.0,83.76000213623047,72.79000091552734,22.53700065612793,53.29999923706055,182.25,137.9199981689453,41.9900016784668,142.9566650390625,100.0,535.4099731445312,51.290000915527344,102.5999984741211,49.68000030517578,39.349998474121094,37.689998626708984,139.63999938964844,85.70999908447266,8279700,89246400,2261100,1067900,17350000,42855300,12596400,18755500,7412100,9528400,9418900,2993900,2365200,29861400,5957500,12989900,2688100,4236100,12543000,8057300,18658500,662258000,22810700,1825800,10591300,8112800,5894700,13291500,3575700,7387600,4189900,25791900,63929400,67215400,14085400,22444200
2022-04-13,137.41497802734375,97.73999786376953,221.97010803222656,586.8935546875,55.143707275390625,35.03934097290039,64.89313507080078,43.14044952392578,85.93111419677734,144.85679626464844,52.84756851196289,103.28878021240234,291.111328125,43.93232345581055,160.86497497558594,115.04322052001953,291.8075866699219,79.85237121582031,76.26884460449219,73.14636993408203,70.86203002929688,22.162647247314453,42.150394439697266,152.7191162109375,128.19256591796875,38.80073928833008,137.93746948242188,95.01246643066406,499.5343933105469,42.03240203857422,91.55559539794922,43.58232879638672,34.5857048034668,34.78151321411133,130.3918914794922,75.13428497314453,158.9499969482422,97.73999786376953,253.50999450683594,612.760009765625,59.25400161743164,38.81999969482422,76.87000274658203,50.150001525878906,100.2300033569336,171.6699981689453,63.75,123.55999755859375,321.9700012207031,47.0099983215332,180.66000366210938,127.30000305175781,302.6700134277344,87.58999633789062,86.12999725341797,84.12999725341797,72.37999725341797,22.202999114990234,53.099998474121094,178.44000244140625,140.5,42.56999969482422,142.57333374023438,101.5,537.0,50.61000061035156,103.94000244140625,48.540000915527344,39.79499816894531,37.310001373291016,139.30999755859375,86.80999755859375,165.0,98.33000183105469,253.97000122070312,617.2100219726562,59.67100143432617,39.0099983215332,77.13999938964844,50.18000030517578,101.7300033569336,172.0800018310547,64.29000091552734,125.68000030517578,322.6300048828125,47.27000045776367,180.83999633789062,129.25,308.29998779296875,87.63999938964844,86.23999786376953,84.25,73.75,22.5,53.81999969482422,180.14999389648438,142.58999633789062,42.66999816894531,143.55999755859375,102.22000122070312,538.280029296875,50.83000183105469,104.38999938964844,48.619998931884766,39.904998779296875,37.33000183105469,139.4499969482422,87.11000061035156,156.4499969482422,94.70999908447266,249.77000427246094,596.4199829101562,58.60499954223633,38.36000061035156,76.44999694824219,49.20000076293945,98.91999816894531,168.2899932861328,62.279998779296875,121.5999984741211,314.7200012207031,46.54999923706055,179.24000549316406,126.01000213623047,300.4100036621094,85.76000213623047,84.83000183105469,82.77999877929688,71.86000061035156,21.454999923706055,52.70000076293945,176.97000122070312,136.47999572753906,41.5099983215332,139.60667419433594,99.5,528.6199951171875,49.779998779296875,100.83000183105469,47.45000076293945,39.03499984741211,36.88999938964844,137.89999389648438,85.19000244140625,165.0,95.30000305175781,251.13999938964844,601.4099731445312,58.849998474121094,38.5,76.7300033569336,49.279998779296875,101.08000183105469,170.92999267578125,63.5,124.87000274658203,315.79998779296875,46.75,179.89999389648438,126.94000244140625,307.2799987792969,86.66999816894531,85.80000305175781,82.93000030517578,72.36000061035156,21.72800064086914,53.130001068115234,177.75,137.5399932861328,42.099998474121094,140.47332763671875,99.80000305175781,533.3200073242188,50.220001220703125,101.91000366210938,47.540000915527344,39.689998626708984,36.959999084472656,138.6199951171875,86.61000061035156,18312600,77728400,2402800,934200,20266000,45484200,9961000,21194200,7365100,7330700,9955700,4314900,3022900,22171300,5643100,30838000,2528700,3342100,12743800,8760300,18892000,516943000,15777800,2422800,10440800,8596100,3309000,15776800,3012000,10788100,3899900,20645300,49295800,57445600,15496400,19306800
2022-04-14,140.3197479248047,93.05999755859375,222.4166717529297,572.6321411132812,53.40435791015625,33.91108322143555,65.43343353271484,43.81142807006836,86.90845489501953,144.78932189941406,51.861080169677734,102.77051544189453,290.8130798339844,42.6800537109375,160.18826293945312,113.97682189941406,291.02667236328125,79.496826171875,76.95954132080078,73.6941146850586,68.65921783447266,21.21936798095703,42.1662712097168,149.77500915527344,124.91707611083984,39.420536041259766,134.12234497070312,92.07319641113281,497.5065002441406,43.776485443115234,92.36597442626953,41.615997314453125,34.69868850708008,34.38997268676758,129.76480102539062,76.01708984375,162.30999755859375,93.05999755859375,254.02000427246094,597.8699951171875,57.3849983215332,37.56999969482422,77.51000213623047,50.93000030517578,101.37000274658203,171.58999633789062,62.560001373291016,122.94000244140625,321.6400146484375,45.66999816894531,179.89999389648438,126.12000274658203,301.8599853515625,87.19999694824219,86.91000366210938,84.76000213623047,70.12999725341797,21.257999420166016,53.119998931884766,175.0,136.91000366210938,43.25,138.6300048828125,98.36000061035156,534.8200073242188,52.709999084472656,104.86000061035156,46.349998474121094,39.92499923706055,36.88999938964844,138.63999938964844,87.83000183105469,163.8699951171875,98.38999938964844,257.57000732421875,616.510009765625,59.70600128173828,38.970001220703125,78.12000274658203,51.900001525878906,102.37999725341797,172.94000244140625,64.05000305175781,123.91999816894531,333.0299987792969,46.75,181.39999389648438,128.3000030517578,304.4700012207031,88.31999969482422,87.51000213623047,87.9000015258789,72.80999755859375,22.777000427246094,53.90999984741211,180.72000122070312,141.55999755859375,43.470001220703125,143.5366668701172,104.5,553.2899780273438,53.349998474121094,105.44999694824219,47.81999969482422,40.2400016784668,37.4900016784668,140.14999389648438,88.45999908447266,156.82000732421875,92.91999816894531,253.64999389648438,596.0,57.2859992980957,37.41999816894531,76.79000091552734,50.279998779296875,99.83999633789062,170.55999755859375,62.529998779296875,122.30999755859375,319.0299987792969,45.619998931884766,179.72999572753906,125.0199966430664,300.19000244140625,87.0,85.41000366210938,84.58999633789062,70.08999633789062,21.163000106811523,53.040000915527344,174.25999450683594,136.67999267578125,42.13999938964844,138.4499969482422,98.33000183105469,534.0700073242188,51.43000030517578,103.41000366210938,45.029998779296875,39.54499816894531,36.880001068115234,138.5399932861328,86.2300033569336,157.85000610351562,98.37000274658203,254.39999389648438,614.52001953125,59.499000549316406,38.4900016784668,77.04000091552734,50.65999984741211,100.19000244140625,170.69000244140625,63.2599983215332,123.0,328.4700012207031,46.75,180.0,126.5,303.75,87.44000244140625,86.12999725341797,86.01000213623047,72.55999755859375,22.5049991607666,53.400001525878906,178.8699951171875,141.0500030517578,42.36000061035156,143.50332641601562,104.0,538.5,51.93000030517578,104.0,45.88999938964844,39.60499954223633,37.22999954223633,139.44000244140625,86.66999816894531,11074800,73354400,2861800,814200,27385000,79032000,16730400,34043100,6337800,9421100,8616800,3332000,5460900,36181800,6188200,18835200,1898100,4080500,22096100,16348400,18543500,569097000,17240100,3475000,8002600,10714500,5903400,17828500,4211300,10824100,3794100,65583200,51869400,68544200,10993400,24566400
2022-04-18,137.76943969726562,93.88999938964844,220.586669921875,580.0166625976562,54.58160400390625,35.0664176940918,64.79183197021484,44.998538970947266,88.70887756347656,146.73007202148438,52.67347717285156,103.0881576538086,298.2632751464844,43.586551666259766,158.19371032714844,116.09153747558594,288.0957946777344,82.14976501464844,76.2156982421875,75.18956756591797,69.65784454345703,21.743412017822266,41.150211334228516,150.41688537597656,127.1159439086914,39.81245803833008,136.44430541992188,92.45699310302734,496.8182373046875,43.8013916015625,97.20183563232422,42.35224914550781,35.20711135864258,34.59506607055664,128.33274841308594,76.6402587890625,159.36000061035156,93.88999938964844,251.92999267578125,605.5800170898438,58.650001525878906,38.849998474121094,76.75,52.310001373291016,103.47000122070312,173.88999938964844,63.540000915527344,123.31999969482422,329.8800048828125,46.63999938964844,177.66000366210938,128.4600067138672,298.82000732421875,90.11000061035156,86.06999969482422,86.4800033569336,71.1500015258789,21.783000946044922,51.84000015258789,175.75,139.32000732421875,43.68000030517578,141.02999877929688,98.7699966430664,534.0800170898438,52.7400016784668,110.3499984741211,47.16999816894531,40.5099983215332,37.11000061035156,137.11000061035156,88.55000305175781,162.7899932861328,95.16000366210938,255.38999938964844,613.8599853515625,59.12200164794922,39.310001373291016,77.2300033569336,53.209999084472656,104.11000061035156,174.5399932861328,64.23999786376953,125.22000122070312,332.6600036621094,46.88999938964844,180.38999938964844,129.24000549316406,302.05999755859375,90.61000061035156,87.44999694824219,87.18000030517578,72.0999984741211,22.08799934387207,53.11000061035156,177.30999755859375,140.35000610351562,44.439998626708984,142.27667236328125,99.83999633789062,541.0,53.75,110.4800033569336,47.58000183105469,40.75,37.279998779296875,138.82000732421875,88.88999938964844,158.75,91.63999938964844,251.14999389648438,595.77001953125,57.28499984741211,37.220001220703125,76.36000061035156,50.779998779296875,101.69999694824219,171.8699951171875,62.650001525878906,122.62999725341797,320.6499938964844,45.52000045776367,176.74000549316406,125.54000091552734,296.79998779296875,88.02999877929688,85.68000030517578,84.31999969482422,70.05000305175781,21.07900047302246,51.630001068115234,173.9499969482422,135.55999755859375,43.150001525878906,137.76666259765625,97.47000122070312,530.3800048828125,52.369998931884766,105.26000213623047,46.150001525878906,40.005001068115234,36.650001525878906,136.52999877929688,87.75,161.9600067138672,92.02999877929688,252.49000549316406,597.0499877929688,57.28499984741211,37.41999816894531,77.1500015258789,50.84000015258789,102.70999908447266,173.0,63.2400016784668,124.23999786376953,320.6499938964844,45.529998779296875,179.72999572753906,125.66999816894531,301.07000732421875,88.44000244140625,86.41999816894531,84.38999938964844,70.25,21.200000762939453,52.83000183105469,173.9499969482422,135.6199951171875,43.54999923706055,137.93666076660156,97.94999694824219,537.9000244140625,52.61000061035156,106.0,46.220001220703125,40.255001068115234,36.65999984741211,138.5,88.5,6500200,80605800,3615500,576800,21375000,80080300,13841900,28396300,4867000,7639000,9422300,4338100,3653400,25593100,6318700,11834400,1581400,5281300,7995100,7897500,17476700,525701000,17065000,2962400,8785700,11127900,3630300,10277400,2087100,8468000,4813300,26120900,60913200,52748400,10125000,19032300
2022-04-19,135.16722106933594,96.93000030517578,221.8475341796875,591.09814453125,55.61647415161133,35.716304779052734,64.49637603759766,45.52328109741211,87.07135009765625,144.99180603027344,52.225833892822266,101.7840805053711,303.7514953613281,44.79209518432617,163.0198516845703,118.49540710449219,286.3507385253906,82.45059967041016,75.9677734375,77.30231475830078,71.2047119140625,22.15765380859375,39.832523345947266,152.3853302001953,128.69439697265625,39.5845947265625,139.433837890625,93.09352111816406,500.1855773925781,43.91767120361328,94.90282440185547,42.94484329223633,34.92030715942383,35.07049560546875,129.55885314941406,75.95651245117188,156.35000610351562,96.93000030517578,253.3699951171875,617.1500244140625,59.762001037597656,39.56999969482422,76.4000015258789,52.91999816894531,101.55999755859375,171.8300018310547,63.0,121.76000213623047,335.95001220703125,47.93000030517578,183.0800018310547,131.1199951171875,297.010009765625,90.44000244140625,85.79000091552734,88.91000366210938,72.7300033569336,22.197999954223633,50.18000030517578,178.0500030517578,141.0500030517578,43.43000030517578,144.1199951171875,99.44999694824219,537.7000122070312,52.880001068115234,107.73999786376953,47.83000183105469,40.18000030517578,37.619998931884766,138.4199981689453,87.76000213623047,160.5,97.06999969482422,255.72999572753906,619.1199951171875,59.869998931884766,39.880001068115234,76.88999938964844,53.18000030517578,103.58000183105469,173.69000244140625,64.43000030517578,124.3499984741211,337.20001220703125,48.0,185.94000244140625,131.32000732421875,299.69000244140625,91.20999908447266,86.08999633789062,89.11000061035156,73.41000366210938,22.37299919128418,51.880001068115234,178.6199951171875,141.39999389648438,44.5099983215332,144.42333984375,99.44999694824219,542.47998046875,53.33000183105469,111.5199966430664,48.189998626708984,40.69499969482422,37.68000030517578,138.91000366210938,88.66000366210938,153.7100067138672,92.83999633789062,250.35000610351562,596.0,57.93600082397461,39.11000061035156,75.9800033569336,52.5,101.0199966430664,171.02999877929688,62.599998474121094,121.08000183105469,330.4700012207031,46.34000015258789,179.9499969482422,128.22999572753906,293.79998779296875,89.38999938964844,85.12000274658203,86.91999816894531,70.7699966430664,21.31399917602539,49.369998931884766,175.97999572753906,137.5399932861328,43.0,139.75332641601562,97.70999908447266,535.239990234375,52.41999816894531,107.37999725341797,47.33000183105469,39.94499969482422,37.20000076293945,137.4199981689453,87.2699966430664,160.39999389648438,93.38999938964844,252.49000549316406,597.530029296875,57.93600082397461,39.209999084472656,76.87999725341797,52.72999954223633,102.83000183105469,173.0800018310547,63.2400016784668,122.93000030517578,330.4700012207031,46.599998474121094,180.72000122070312,128.4499969482422,298.4100036621094,89.69999694824219,85.97000122070312,87.01000213623047,70.95999908447266,21.719999313354492,51.65999984741211,176.80999755859375,138.8300018310547,43.130001068115234,140.46665954589844,98.44000244140625,535.8900146484375,53.09000015258789,109.4800033569336,47.38999938964844,40.29999923706055,37.209999084472656,137.47000122070312,88.01000213623047,9359900,77069500,2355100,1230800,16581000,53714200,12875700,19996800,5331700,6970200,8156000,4861600,2774800,31483100,14380800,15015400,2021700,3868900,8494700,12637700,15139000,512781000,33441500,3328200,7213800,10033700,3036600,10103000,2207600,7707000,5141800,19753300,45727800,41519100,11733100,20382600
2022-04-20,135.46981811523438,94.0199966430664,223.60748291015625,607.1509399414062,55.625770568847656,35.79753494262695,65.2392578125,45.678131103515625,88.02300262451172,145.58248901367188,53.560489654541016,102.5615234375,308.3717346191406,44.96030807495117,163.74110412597656,118.9111099243164,282.40753173828125,82.94290161132812,76.56104278564453,78.7803726196289,71.66482543945312,21.44295883178711,39.491180419921875,153.74615478515625,128.04660034179688,38.9010009765625,139.12425231933594,92.681640625,507.91583251953125,44.05885696411133,95.1935043334961,43.681095123291016,35.05501174926758,35.31288146972656,131.2997589111328,76.12960052490234,156.6999969482422,94.0199966430664,255.3800048828125,633.9099731445312,59.77199935913086,39.65999984741211,77.27999877929688,53.099998474121094,102.66999816894531,172.52999877929688,64.61000061035156,122.69000244140625,341.05999755859375,48.11000061035156,183.88999938964844,131.5800018310547,292.9200134277344,90.9800033569336,86.45999908447266,90.61000061035156,73.19999694824219,21.48200035095215,49.75,179.63999938964844,140.33999633789062,42.68000030517578,143.8000030517578,99.01000213623047,546.010009765625,53.04999923706055,108.06999969482422,48.650001525878906,40.334999084472656,37.880001068115234,140.27999877929688,87.95999908447266,158.10000610351562,97.91000366210938,256.8999938964844,652.5499877929688,61.34299850463867,40.369998931884766,77.69000244140625,53.97999954223633,103.47000122070312,173.5800018310547,64.9800033569336,123.37999725341797,344.8999938964844,48.75,184.32000732421875,133.50999450683594,299.0,91.87999725341797,86.81999969482422,91.58000183105469,76.2300033569336,22.670000076293945,50.15999984741211,183.19000244140625,144.80999755859375,43.869998931884766,147.6699981689453,101.0,548.3599853515625,53.72999954223633,109.30000305175781,49.369998931884766,40.54999923706055,38.150001525878906,140.82000732421875,88.5,155.52000427246094,93.19999694824219,253.5,628.989990234375,59.51300048828125,39.61000061035156,76.04000091552734,52.88999938964844,101.37999725341797,171.4600067138672,63.529998779296875,121.70999908447266,337.5,47.97999954223633,181.89999389648438,131.33999633789062,292.29998779296875,90.54000091552734,85.4800033569336,89.61000061035156,72.88999938964844,21.200000762939453,49.209999084472656,179.50999450683594,140.05999755859375,41.779998779296875,143.2933349609375,98.9000015258789,539.0,52.90999984741211,107.44999694824219,48.31999969482422,39.89500045776367,37.790000915527344,138.63999938964844,87.30000305175781,156.36000061035156,97.83999633789062,254.07000732421875,650.760009765625,60.41999816894531,40.150001525878906,76.20999908447266,53.400001525878906,102.0999984741211,171.6199951171875,63.72999954223633,123.0,338.1000061035156,48.36000061035156,182.24000549316406,132.52000427246094,297.0199890136719,90.75,85.5199966430664,89.61000061035156,73.80999755859375,22.517000198364258,50.0,180.38999938964844,143.2100067138672,43.56999969482422,146.39999389648438,100.4000015258789,542.1400146484375,53.45000076293945,107.94000244140625,48.47999954223633,40.28499984741211,37.90999984741211,138.8000030517578,87.97000122070312,6250000,62489000,1888100,1857900,13920000,47064300,9721100,20532800,6059200,7495000,7121200,3273900,3040100,22787100,8044900,13430200,2608600,4809000,8719400,11828400,19042600,468974000,24751800,2149700,7731600,11945100,3826200,8596900,2986300,7978800,3289700,25893000,52079400,54635800,13674800,20689400
2022-04-21,137.04322814941406,89.8499984741211,223.677490234375,593.8087158203125,55.16139602661133,35.120574951171875,65.47563171386719,45.27382278442383,84.59363555908203,138.8742218017578,50.69221878051758,99.88648986816406,302.25958251953125,44.39024353027344,163.26913452148438,117.98932647705078,279.21624755859375,80.90076446533203,76.35739135742188,77.30231475830078,69.4326400756836,20.14632225036621,38.983158111572266,151.98309326171875,124.18714141845703,37.050750732421875,135.412353515625,91.41792297363281,499.94366455078125,43.71834945678711,92.4100112915039,42.89994430541992,33.94257354736328,34.7535400390625,129.84901428222656,75.32470703125,158.52000427246094,89.8499984741211,255.4600067138672,619.97998046875,59.27299880981445,38.90999984741211,77.55999755859375,52.630001068115234,98.66999816894531,164.5800018310547,61.150001525878906,119.48999786376953,334.29998779296875,47.5,183.36000061035156,130.55999755859375,289.6099853515625,88.73999786376953,86.2300033569336,88.91000366210938,70.91999816894531,20.183000564575195,49.11000061035156,177.5800018310547,136.11000061035156,40.650001525878906,139.9633331298828,97.66000366210938,537.4400024414062,52.63999938964844,104.91000366210938,47.779998779296875,39.05500030517578,37.279998779296875,138.72999572753906,87.02999877929688,160.3800048828125,96.2300033569336,258.3900146484375,648.8099975585938,61.58700180053711,40.209999084472656,78.16999816894531,53.77000045776367,103.76000213623047,172.44000244140625,65.44999694824219,124.3499984741211,347.3500061035156,48.900001525878906,184.8699951171875,132.80999755859375,293.45001220703125,93.16000366210938,87.2300033569336,92.93000030517578,74.48999786376953,22.392000198364258,50.0099983215332,183.11000061035156,143.63999938964844,43.43000030517578,147.19000244140625,100.6500015258789,548.0,53.880001068115234,110.33999633789062,49.4900016784668,40.755001068115234,38.31999969482422,140.8300018310547,89.80000305175781,155.35000610351562,89.23999786376953,254.9499969482422,617.739990234375,59.066001892089844,38.619998931884766,76.61000061035156,52.52000045776367,98.30999755859375,163.8300018310547,60.86000061035156,118.88999938964844,333.3599853515625,47.400001525878906,182.55999755859375,129.9600067138672,286.6600036621094,88.68000030517578,85.38999938964844,88.70999908447266,70.6500015258789,20.0,48.91999816894531,176.9199981689453,135.25999450683594,40.119998931884766,139.24000549316406,97.41000366210938,536.030029296875,52.380001068115234,104.69000244140625,47.599998474121094,38.904998779296875,37.209999084472656,138.4199981689453,86.79000091552734,157.0,95.16000366210938,256.4100036621094,645.0599975585938,60.55400085449219,40.0,77.27999877929688,53.540000915527344,103.12000274658203,171.74000549316406,65.0,123.0199966430664,344.3299865722656,48.619998931884766,183.92999267578125,132.22000122070312,292.9200134277344,92.0,86.41000366210938,91.52999877929688,73.97000122070312,21.708999633789062,49.93000030517578,180.9499969482422,142.33999633789062,43.34000015258789,145.57000732421875,99.75,545.5,53.599998474121094,108.98999786376953,49.150001525878906,40.57500076293945,38.13999938964844,140.6699981689453,88.94999694824219,7903300,76680600,2117300,940700,20352000,46245900,11110200,15952900,6290600,14594800,10699200,3403200,3097800,27316900,6969200,12174200,2716800,5588200,8562400,9563900,17645300,656209000,19105600,2367600,8576500,18181500,3600300,13038500,2539900,6745000,3977500,19027600,65157800,54998100,11409700,29010900
2022-04-22,133.99148559570312,88.13999938964844,219.2032470703125,581.9607543945312,54.62348175048828,33.90205383300781,63.947628021240234,44.06949234008789,82.31314086914062,135.81118774414062,48.138946533203125,97.06938934326172,289.1222229003906,43.493099212646484,161.6486053466797,114.60039520263672,268.72674560546875,79.3874282836914,74.9051513671875,73.6767349243164,67.9543228149414,19.479534149169922,38.20524215698242,148.2772216796875,121.17618560791016,37.96220397949219,132.4002227783203,89.5644760131836,484.5948791503906,42.215118408203125,90.77164459228516,41.607017517089844,33.11257553100586,33.71876525878906,125.11294555664062,73.68025207519531,154.99000549316406,88.13999938964844,250.35000610351562,607.6099853515625,58.69499969482422,37.560001373291016,75.75,51.22999954223633,96.01000213623047,160.9499969482422,58.06999969482422,116.12000274658203,319.7699890136719,46.540000915527344,181.5399932861328,126.80999755859375,278.7300109863281,87.08000183105469,84.58999633789062,84.73999786376953,69.41000366210938,19.514999389648438,48.130001068115234,173.25,132.80999755859375,41.650001525878906,136.85000610351562,95.68000030517578,520.9400024414062,50.83000183105469,103.05000305175781,46.34000015258789,38.099998474121094,36.16999816894531,133.6699981689453,85.12999725341797,158.32000732421875,91.45999908447266,255.89999389648438,620.8699951171875,59.874000549316406,38.849998474121094,77.29000091552734,52.599998474121094,99.44999694824219,165.47000122070312,61.68000030517578,120.62000274658203,332.5,47.650001525878906,183.14999389648438,130.52000427246094,289.6199951171875,89.58000183105469,86.13999938964844,88.20999908447266,70.9800033569336,20.486000061035156,49.099998474121094,178.3300018310547,137.3300018310547,43.4900016784668,140.52000427246094,97.79000091552734,533.3499755859375,52.599998474121094,106.6500015258789,47.91999816894531,39.459999084472656,37.22999954223633,137.52000427246094,88.12000274658203,154.33999633789062,87.94000244140625,250.05999755859375,607.469970703125,58.625999450683594,37.5,75.68000030517578,51.16999816894531,95.7699966430664,160.86000061035156,57.689998626708984,115.97000122070312,319.4700012207031,46.5,181.3800048828125,126.69000244140625,278.3999938964844,87.0,84.5,84.62999725341797,69.30999755859375,19.5,47.900001525878906,173.07000732421875,132.64999389648438,39.689998626708984,136.6199951171875,95.36000061035156,520.1799926757812,50.7599983215332,102.94000244140625,46.2599983215332,38.084999084472656,36.130001068115234,133.52999877929688,85.0,157.27999877929688,90.02999877929688,254.10000610351562,615.0800170898438,59.01100158691406,38.810001373291016,76.91000366210938,52.439998626708984,97.87000274658203,164.3800048828125,60.869998931884766,118.87999725341797,332.30999755859375,47.45000076293945,182.47000122070312,130.27999877929688,289.29998779296875,88.41999816894531,85.86000061035156,88.12000274658203,70.63999938964844,20.30299949645996,48.95000076293945,177.91000366210938,136.1300048828125,39.970001220703125,139.7433319091797,97.02999877929688,532.0599975585938,52.58000183105469,104.54000091552734,47.689998626708984,38.900001525878906,37.220001220703125,137.47999572753906,86.66000366210938,7938300,75017700,2617800,1093400,21064000,50409800,15110700,23073900,6483900,12160100,9734600,3086400,3125200,28219900,8003600,14318800,2772600,4052200,7914000,11455400,18682400,624713000,22156800,3203200,8315100,20746000,4569000,11650100,3453300,6300900,3767700,21676800,71499200,73170900,17525300,23591600
2022-04-25,135.12400817871094,90.69000244140625,220.79684448242188,574.4998168945312,54.71003341674805,33.658348083496094,64.2009048461914,43.98347473144531,78.58370208740234,132.89161682128906,46.57217788696289,93.43302917480469,290.6141052246094,43.97905349731445,165.62876892089844,114.56423950195312,274.964599609375,76.8165283203125,75.6578369140625,73.94625854492188,68.64942932128906,19.865829467773438,38.85615539550781,147.63534545898438,124.5976791381836,35.2642822265625,134.63836669921875,90.08868408203125,487.6925354003906,42.22341537475586,88.86019897460938,41.14911651611328,32.01752471923828,33.77470016479492,125.95531463623047,71.19624328613281,156.3000030517578,90.69000244140625,252.1699981689453,599.8200073242188,58.78799819946289,37.290000915527344,76.05000305175781,51.130001068115234,91.66000366210938,157.49000549316406,56.18000030517578,111.7699966430664,321.4200134277344,47.060001373291016,186.00999450683594,126.7699966430664,285.20001220703125,84.26000213623047,85.44000244140625,85.05000305175781,70.12000274658203,19.902000427246094,48.95000076293945,172.5,136.55999755859375,38.689998626708984,139.163330078125,96.23999786376953,524.27001953125,50.84000015258789,100.87999725341797,45.83000183105469,36.84000015258789,36.22999954223633,134.57000732421875,82.26000213623047,156.63999938964844,91.37000274658203,252.64999389648438,600.3900146484375,58.875999450683594,37.400001525878906,76.23999786376953,51.2400016784668,93.41999816894531,158.36000061035156,56.45000076293945,112.94999694824219,322.1600036621094,47.13999938964844,186.69000244140625,127.12000274658203,285.95001220703125,84.98999786376953,85.80999755859375,85.30999755859375,70.16999816894531,19.94499969482422,49.189998626708984,172.77000427246094,136.80999755859375,40.029998779296875,139.1999969482422,96.27999877929688,526.260009765625,50.970001220703125,101.58000183105469,45.970001220703125,37.040000915527344,36.310001373291016,134.86000061035156,82.66000366210938,152.83999633789062,88.61000061035156,247.91000366210938,583.6699829101562,57.11199951171875,35.93000030517578,74.70999908447266,49.68000030517578,88.80000305175781,151.36000061035156,53.119998931884766,105.01000213623047,312.739990234375,46.18000030517578,182.10000610351562,123.11000061035156,276.8299865722656,81.56999969482422,83.52999877929688,82.88999938964844,67.93000030517578,19.09600067138672,47.119998931884766,168.02999877929688,130.91000366210938,36.95000076293945,135.32666015625,94.44999694824219,511.7300109863281,49.459999084472656,96.70999908447266,44.529998779296875,35.5,35.33000183105469,131.77999877929688,79.29000091552734,154.83999633789062,89.86000061035156,251.00999450683594,592.72998046875,58.14899826049805,36.88999938964844,75.73999786376953,50.779998779296875,93.0,155.72999572753906,55.9900016784668,112.1500015258789,316.3800048828125,46.209999084472656,182.33999633789062,126.01000213623047,278.75,84.68000030517578,84.58999633789062,84.02999877929688,68.41999816894531,19.20199966430664,47.849998474121094,171.83999633789062,131.32000732421875,40.0,135.73333740234375,95.05000305175781,520.4000244140625,50.4900016784668,99.51000213623047,45.7599983215332,36.900001525878906,35.869998931884766,133.27999877929688,82.37000274658203,6932600,93481000,2271000,2074700,26959000,64301100,14944800,22079300,11913400,15449800,13608400,4813200,3093600,35999300,11176500,17149000,2410200,4915600,10573400,11577600,20072100,641566000,27390600,3113700,9673200,23976100,6353700,10654400,3030400,8400700,6651200,30045500,110724400,91392800,16501900,37698300
2022-04-26,135.02027893066406,85.16000366210938,218.782958984375,536.7724609375,52.1219367980957,32.90016555786133,63.81256866455078,43.209266662597656,78.29220581054688,132.08154296875,46.754554748535156,93.28257751464844,283.1095886230469,42.53987503051758,164.4445037841797,111.17530059814453,272.6796569824219,77.9196548461914,74.8077621459961,71.61614227294922,65.6731948852539,18.75385856628418,38.919654846191406,145.0335693359375,121.80577087402344,36.03901672363281,128.6689453125,86.84046936035156,477.93438720703125,41.55070114135742,92.61261749267578,40.02678298950195,32.060977935791016,32.92636489868164,123.73704528808594,71.22222137451172,156.17999267578125,85.16000366210938,249.8699951171875,560.4299926757812,56.00699996948242,36.45000076293945,75.58999633789062,50.22999954223633,91.31999969482422,156.52999877929688,56.400001525878906,111.58999633789062,313.1199951171875,45.52000045776367,184.67999267578125,123.0199966430664,282.8299865722656,85.47000122070312,84.4800033569336,82.37000274658203,67.08000183105469,18.788000106811523,49.029998779296875,169.4600067138672,133.5,39.540000915527344,132.9933319091797,92.7699966430664,513.780029296875,50.029998779296875,105.13999938964844,44.58000183105469,36.88999938964844,35.31999969482422,132.1999969482422,82.29000091552734,159.69000244140625,90.12000274658203,253.0,587.47998046875,58.54600143432617,37.540000915527344,76.94000244140625,51.599998474121094,94.29000091552734,160.3699951171875,58.4900016784668,114.9000015258789,321.6000061035156,46.84000015258789,186.57000732421875,126.41000366210938,290.2099914550781,86.95999908447266,86.19999694824219,85.22000122070312,69.16000366210938,19.788000106811523,50.25,172.5399932861328,136.35000610351562,40.630001068115234,137.52333068847656,95.0199966430664,526.260009765625,51.06999969482422,107.29000091552734,46.0,37.900001525878906,36.20000076293945,134.47999572753906,84.72000122070312,155.82000732421875,85.08000183105469,249.72000122070312,559.9000244140625,55.97100067138672,36.41999816894531,75.55999755859375,50.220001220703125,91.30000305175781,156.38999938964844,56.13999938964844,111.19999694824219,312.79998779296875,45.5099983215332,184.17999267578125,122.87000274658203,282.7900085449219,84.23999786376953,84.38999938964844,82.27999877929688,67.04000091552734,18.670000076293945,48.91999816894531,168.9600067138672,132.6300048828125,38.02000045776367,132.836669921875,92.7699966430664,513.510009765625,49.93000030517578,101.08999633789062,44.560001373291016,36.79499816894531,35.29999923706055,132.00999450683594,82.18000030517578,156.44000244140625,89.73999786376953,250.3000030517578,585.1500244140625,58.380001068115234,36.880001068115234,75.9800033569336,50.529998779296875,92.51000213623047,158.82000732421875,56.95000076293945,113.20999908447266,317.95001220703125,46.689998626708984,185.10000610351562,124.63999938964844,286.17999267578125,84.8499984741211,85.76000213623047,84.29000091552734,68.69000244140625,19.718000411987305,48.9900016784668,170.13999938964844,135.02000427246094,38.79999923706055,137.28334045410156,94.94000244140625,524.239990234375,50.06999969482422,101.72000122070312,45.15999984741211,37.1150016784668,35.81999969482422,133.75999450683594,82.7300033569336,6787800,89127400,3306000,1803100,35809000,44809900,11525600,18335800,5970100,9810600,9636500,2462000,2791700,35356600,10190000,17209500,2166600,5208400,9009600,10062000,18628700,653143000,25366500,2489400,9262800,19941000,5844000,14176000,2895300,6488100,6731800,21527400,89168600,81457500,20087700,28941500
2022-04-27,136.2651824951172,84.91000366210938,217.8373260498047,533.3724975585938,52.07261657714844,32.719627380371094,63.998287200927734,42.66731643676758,79.78398132324219,131.83682250976562,48.138946533203125,94.30242919921875,283.20904541015625,42.259517669677734,162.14720153808594,109.7293472290039,274.8585205078125,79.54240417480469,74.74576568603516,71.47703552246094,65.07597351074219,18.381540298461914,39.48324966430664,145.8637237548828,123.26563262939453,36.412723541259766,127.96591186523438,84.49090576171875,477.9623718261719,41.226802825927734,96.4619369506836,40.02678298950195,32.53029251098633,32.89841079711914,123.46562957763672,73.25613403320312,157.6199951171875,84.91000366210938,248.7899932861328,556.8800048828125,55.95399856567383,36.25,75.80999755859375,49.599998474121094,93.05999755859375,156.24000549316406,58.06999969482422,112.80999755859375,313.2300109863281,45.220001220703125,182.10000610351562,121.41999816894531,285.0899963378906,87.25,84.41000366210938,82.20999908447266,66.47000122070312,18.415000915527344,49.7400016784668,170.42999267578125,135.10000610351562,39.95000076293945,132.26666259765625,90.26000213623047,513.8099975585938,49.63999938964844,109.51000213623047,44.58000183105469,37.43000030517578,35.290000915527344,131.91000366210938,84.63999938964844,159.5,87.9000015258789,252.02000427246094,567.3800048828125,57.007999420166016,36.90999984741211,76.30000305175781,50.619998931884766,93.93000030517578,157.9199981689453,58.880001068115234,113.69999694824219,319.239990234375,46.060001373291016,184.82000732421875,123.55999755859375,288.1300048828125,88.04000091552734,85.12999725341797,83.66999816894531,68.4800033569336,19.16699981689453,49.90999984741211,171.74000549316406,138.11000061035156,40.459999084472656,135.57333374023438,92.69000244140625,520.9000244140625,50.11000061035156,110.06999969482422,45.189998626708984,37.79499816894531,35.650001525878906,133.25,85.4800033569336,154.55999755859375,84.0199966430664,246.44000244140625,544.0,55.5,36.16999816894531,75.08999633789062,49.540000915527344,88.7699966430664,154.52000427246094,55.63999938964844,108.36000061035156,312.1400146484375,45.0099983215332,181.74000549316406,121.22000122070312,280.5899963378906,84.41999816894531,83.5999984741211,81.80999755859375,65.86000061035156,18.290000915527344,48.209999084472656,168.0500030517578,130.66000366210938,39.290000915527344,131.22999572753906,90.22000122070312,509.82000732421875,49.31999969482422,103.62000274658203,44.13999938964844,36.459999084472656,35.15999984741211,131.25999450683594,82.27999877929688,156.55999755859375,84.25,249.0399932861328,552.0900268554688,55.57899856567383,36.27000045776367,75.80000305175781,49.7599983215332,91.72000122070312,157.0800018310547,56.83000183105469,112.51000213623047,312.1400146484375,45.47999954223633,184.24000549316406,122.33000183105469,283.1000061035156,85.8499984741211,84.30000305175781,82.37999725341797,66.12999725341797,18.597999572753906,49.11000061035156,168.82000732421875,130.82000732421875,40.150001525878906,131.52667236328125,91.83999633789062,514.9099731445312,49.790000915527344,105.86000061035156,44.40999984741211,37.125,35.27000045776367,132.17999267578125,83.38999938964844,6039100,83125100,2973500,1904400,19313000,39824900,12603600,24707500,6765800,10396600,8168000,2839800,2469300,28320900,11090100,17215200,2352100,5219900,10781300,9522900,17123600,499460000,25819200,2405500,13855900,10619400,4350300,15846300,3353700,7795500,5539700,19520900,89132600,81603000,16726700,32773000
2022-04-28,135.1326904296875,89.63999938964844,208.5035858154297,565.6114501953125,53.87804412841797,33.22509002685547,65.17171478271484,43.028621673583984,83.63343811035156,136.5199737548828,49.6476936340332,98.44868469238281,287.8925476074219,43.77345275878906,163.35821533203125,111.46448516845703,286.6013488769531,81.7668685913086,78.43834686279297,73.13439178466797,68.70817565917969,19.746049880981445,40.09447479248047,146.4200439453125,135.20895385742188,36.558555603027344,135.01889038085938,89.1338882446289,487.8321228027344,41.55900955200195,101.76463317871094,40.556514739990234,33.51671600341797,33.317909240722656,125.16908264160156,75.4718246459961,156.30999755859375,89.63999938964844,238.1300048828125,590.5399780273438,57.89400100708008,36.810001373291016,77.19999694824219,50.02000045776367,97.55000305175781,161.7899932861328,59.88999938964844,117.7699966430664,318.4100036621094,46.84000015258789,183.4600067138672,123.33999633789062,297.2699890136719,89.69000244140625,88.58000183105469,83.4000015258789,70.18000030517578,19.781999588012695,50.5099983215332,171.0800018310547,148.19000244140625,40.11000061035156,139.55667114257812,95.22000122070312,524.4199829101562,50.040000915527344,115.52999877929688,45.16999816894531,38.564998626708984,35.7400016784668,133.72999572753906,87.19999694824219,158.44000244140625,90.58000183105469,242.91000366210938,595.4600219726562,58.50199890136719,36.95000076293945,77.75,50.029998779296875,98.45999908447266,163.0,60.52000045776367,119.19000244140625,319.3599853515625,47.27000045776367,184.5,123.6500015258789,300.510009765625,90.2300033569336,89.37000274658203,83.8499984741211,70.80999755859375,20.03700065612793,50.77000045776367,171.9499969482422,151.1999969482422,40.4900016784668,141.04666137695312,96.19999694824219,526.280029296875,50.2599983215332,116.06999969482422,45.310001373291016,38.880001068115234,35.869998931884766,134.1699981689453,88.13999938964844,154.33999633789062,84.77999877929688,231.14999389648438,564.5999755859375,55.797000885009766,36.15999984741211,76.22000122070312,49.0099983215332,91.19999694824219,154.92999267578125,56.4900016784668,110.33000183105469,312.1499938964844,45.540000915527344,181.9199981689453,121.13999938964844,288.55999755859375,86.66999816894531,85.0,81.61000061035156,67.05999755859375,18.489999771118164,49.4900016784668,168.3300018310547,139.1300048828125,38.540000915527344,133.22332763671875,91.77999877929688,513.1699829101562,49.400001525878906,108.88999938964844,44.310001373291016,36.939998626708984,35.119998931884766,131.61000061035156,84.06999969482422,158.36000061035156,86.66999816894531,235.72999572753906,574.9500122070312,56.59400177001953,36.72999954223633,76.7699966430664,49.90999984741211,93.04000091552734,157.4499969482422,58.290000915527344,113.7300033569336,317.1199951171875,45.790000915527344,182.25,122.80999755859375,295.989990234375,87.8499984741211,85.75,82.69999694824219,67.6500015258789,18.966999053955078,50.439998626708984,171.8000030517578,142.8699951171875,40.36000061035156,134.92333984375,92.16000366210938,516.760009765625,50.130001068115234,110.01000213623047,45.040000915527344,37.68000030517578,35.650001525878906,132.83999633789062,84.87999725341797,7465000,91495400,6609500,1513500,22334000,39567800,21438800,20112100,9520600,9366400,7940000,3312500,2176000,41097000,9403900,13015600,5886900,5157900,21092300,6974600,21058400,570327000,28225400,2930400,31111100,11502600,4923300,15176200,2582700,8219200,6427700,17431000,87469600,62680000,15510700,33683800
2022-04-29,126.98025512695312,85.5199966430664,204.1781768798828,539.9716796875,51.59333801269531,32.20515060424805,63.542415618896484,41.898807525634766,81.89303588867188,132.19964599609375,48.22184753417969,97.60440063476562,276.21087646484375,40.736228942871094,160.68690490722656,107.8676986694336,281.64581298828125,79.55152893066406,78.53575134277344,70.6702651977539,66.7599105834961,18.513294219970703,38.951412200927734,142.15785217285156,127.45355224609375,35.55595779418945,129.24948120117188,86.99026489257812,473.0692138671875,40.329856872558594,98.19719696044922,39.17381286621094,32.65631103515625,32.1712646484375,121.94931030273438,73.78408813476562,146.8800048828125,85.5199966430664,233.19000244140625,563.77001953125,55.43899917602539,35.68000030517578,75.2699966430664,48.209999084472656,95.5199966430664,156.6699981689453,58.16999816894531,116.76000213623047,305.489990234375,43.59000015258789,180.4600067138672,119.36000061035156,292.1300048828125,87.26000213623047,88.69000244140625,80.58999633789062,68.19000244140625,18.547000885009766,49.06999969482422,166.10000610351562,139.69000244140625,39.0099983215332,133.5933380126953,92.93000030517578,508.54998779296875,48.560001373291016,111.4800033569336,43.630001068115234,37.57500076293945,34.5099983215332,130.2899932861328,85.25,149.86000061035156,91.79000091552734,240.47999572753906,588.9000244140625,57.827999114990234,37.130001068115234,76.01000213623047,49.90999984741211,98.80999755859375,162.44000244140625,60.790000915527344,119.52999877929688,319.0799865722656,45.36000061035156,182.5500030517578,123.61000061035156,297.30999755859375,90.54000091552734,90.01000213623047,83.73999786376953,71.33000183105469,20.128000259399414,50.34000015258789,172.14999389648438,147.5,40.90999984741211,140.27000427246094,95.58999633789062,519.9000244140625,50.290000915527344,115.37999725341797,45.400001525878906,38.869998931884766,35.689998626708984,133.1199951171875,88.13999938964844,139.92999267578125,85.37999725341797,232.74000549316406,562.4600219726562,55.34000015258789,35.540000915527344,73.3499984741211,48.04999923706055,94.91999816894531,156.2899932861328,57.81999969482422,115.5999984741211,304.7099914550781,43.5,180.1999969482422,118.9000015258789,289.1400146484375,87.19000244140625,88.08999633789062,80.30999755859375,68.0199966430664,18.517000198364258,49.0,165.58999633789062,139.52000427246094,38.83000183105469,133.2066650390625,92.7699966430664,506.9599914550781,48.41999816894531,111.02999877929688,43.5099983215332,37.439998626708984,34.43000030517578,130.08999633789062,84.69999694824219,149.55999755859375,88.05000305175781,236.5,576.4500122070312,57.262001037597656,36.75,73.77999877929688,49.65999984741211,97.75,161.27999877929688,60.11000061035156,118.45999908447266,317.25,44.9900016784668,182.5,123.05000305175781,295.7900085449219,89.83000183105469,88.66000366210938,83.05999755859375,69.0999984741211,19.402000427246094,49.869998931884766,170.6999969482422,145.80999755859375,40.52000045776367,137.60000610351562,93.18000030517578,518.8499755859375,50.130001068115234,114.62000274658203,45.040000915527344,38.650001525878906,35.560001373291016,132.42999267578125,88.13999938964844,25155900,82647700,4029300,1225300,26108000,47385200,26446500,21844900,8777700,14713200,7834600,4734000,3129600,70765900,8463100,14874800,3910900,5081900,15914200,8097300,16843500,500435000,28343300,3452800,13693100,10611900,4188300,10629300,2873200,8803500,5963400,27149400,79416200,74631700,17430200,34656500
2022-05-02,127.83613586425781,89.83999633789062,202.19058227539062,546.9827270507812,53.63701629638672,32.62034606933594,63.38202667236328,42.333351135253906,82.2359619140625,134.798583984375,48.37106704711914,97.22820281982422,280.6683349609375,42.016536712646484,159.0663299560547,108.85273742675781,279.1680908203125,81.2472152709961,77.61481475830078,71.87164306640625,69.11935424804688,19.497501373291016,38.37194061279297,143.3903045654297,132.5447235107422,35.647090911865234,133.564453125,87.76720428466797,466.1855773925781,40.57069396972656,102.70716857910156,39.2097282409668,33.177772521972656,32.18058395385742,121.19117736816406,74.7880859375,147.8699951171875,89.83999633789062,230.9199981689453,571.0900268554688,57.6349983215332,36.13999938964844,75.08000183105469,48.709999084472656,95.91999816894531,159.75,58.349998474121094,116.30999755859375,310.4200134277344,44.959999084472656,178.63999938964844,120.44999694824219,289.55999755859375,89.12000274658203,87.6500015258789,81.95999908447266,70.5999984741211,19.533000946044922,48.34000015258789,167.5399932861328,145.27000427246094,39.11000061035156,138.05332946777344,93.76000213623047,501.1499938964844,48.849998474121094,116.5999984741211,43.66999816894531,38.17499923706055,34.52000045776367,129.47999572753906,86.41000366210938,148.89999389648438,90.37000274658203,234.0500030517578,571.52001953125,57.763999938964844,36.279998779296875,75.97000122070312,48.86000061035156,96.05000305175781,160.0,58.630001068115234,117.04000091552734,311.3699951171875,44.9900016784668,181.41000366210938,120.70999908447266,292.8399963378906,89.33999633789062,88.83999633789062,82.13999938964844,70.73999786376953,19.573999404907227,48.7599983215332,169.10000610351562,145.66000366210938,39.52000045776367,138.2066650390625,94.2699966430664,513.510009765625,49.25,116.68000030517578,44.040000915527344,38.189998626708984,34.790000915527344,130.91000366210938,87.04000091552734,143.44000244140625,85.31999969482422,227.32000732421875,553.5399780273438,55.63800048828125,35.400001525878906,74.33000183105469,47.779998779296875,92.58000183105469,155.14999389648438,56.439998626708984,112.0999984741211,302.2099914550781,43.5099983215332,177.02999877929688,118.22000122070312,284.2799987792969,86.44999694824219,86.62999725341797,80.02999877929688,67.58000183105469,18.391000747680664,47.459999084472656,164.10000610351562,139.16000366210938,38.16999816894531,132.6699981689453,91.23999786376953,493.3399963378906,47.849998474121094,111.01000213623047,42.61000061035156,37.22999954223633,33.84000015258789,127.37999725341797,84.62999725341797,146.64999389648438,85.66000366210938,233.3699951171875,558.739990234375,55.7140007019043,36.029998779296875,75.37000274658203,48.459999084472656,94.2699966430664,156.30999755859375,57.45000076293945,114.93000030517578,305.80999755859375,43.720001220703125,180.47000122070312,119.87999725341797,291.2300109863281,87.44000244140625,88.72000122070312,80.58999633789062,68.16000366210938,18.541000366210938,47.68000030517578,168.39999389648438,140.60000610351562,38.34000015258789,133.71665954589844,92.5,510.80999755859375,49.060001373291016,111.48999786376953,43.869998931884766,37.345001220703125,34.66999816894531,130.17999267578125,85.01000213623047,9690800,98304100,4154800,1146700,26725000,46652200,20533700,25904000,6980500,11559000,11320300,3496000,2968100,45446500,7145400,18545000,2789900,5088200,12124900,8737100,15342800,572049000,36228400,2395000,13320900,11445200,4635300,8251900,3184300,8139900,6708000,25009300,104141200,104408800,23615100,36335200
2022-05-03,129.33177185058594,91.12999725341797,203.30259704589844,550.3463745117188,54.0855827331543,33.51393127441406,63.35669708251953,43.5413818359375,84.81654357910156,137.11065673828125,53.286922454833984,100.9481430053711,284.5020446777344,42.1099853515625,158.75466918945312,111.18434143066406,277.7315673828125,84.46537017822266,77.12776947021484,73.44129943847656,69.76553344726562,19.566375732421875,39.12604904174805,145.20469665527344,131.62319946289062,36.59501647949219,134.6706085205078,87.6455078125,464.7623596191406,41.08561325073242,106.93524169921875,39.64968490600586,34.107696533203125,32.600093841552734,121.57494354248047,76.32866668701172,149.60000610351562,91.12999725341797,232.19000244140625,570.6799926757812,58.117000579833984,37.130001068115234,75.05000305175781,50.099998474121094,98.93000030517578,162.49000549316406,64.27999877929688,120.76000213623047,314.6600036621094,45.060001373291016,178.2899932861328,123.02999877929688,288.07000732421875,92.6500015258789,87.0999984741211,83.75,71.26000213623047,19.601999282836914,49.290000915527344,169.66000366210938,144.25999450683594,40.150001525878906,139.19667053222656,93.62999725341797,499.6199951171875,49.470001220703125,121.4000015258789,44.15999984741211,39.244998931884766,34.970001220703125,129.88999938964844,88.19000244140625,150.74000549316406,92.20999908447266,234.19000244140625,575.4400024414062,58.67499923706055,37.630001068115234,75.98999786376953,50.810001373291016,99.52999877929688,163.42999267578125,64.47000122070312,121.37999725341797,319.5199890136719,45.4900016784668,180.6300048828125,124.16999816894531,289.80999755859375,93.20999908447266,88.23999786376953,84.80999755859375,71.95999908447266,19.825000762939453,50.040000915527344,171.60000610351562,145.69000244140625,40.4900016784668,140.2899932861328,94.05000305175781,505.5199890136719,49.84000015258789,121.73999786376953,44.63999938964844,39.42499923706055,35.31999969482422,131.13999938964844,88.77999877929688,147.9499969482422,89.01000213623047,229.60000610351562,563.02001953125,57.176998138427734,36.33000183105469,74.20999908447266,49.08000183105469,96.13999938964844,159.25999450683594,59.369998931884766,116.27999877929688,311.32000732421875,44.22999954223633,177.67999267578125,120.77999877929688,284.1099853515625,87.44999694824219,86.43000030517578,82.25,70.19999694824219,19.132999420166016,47.70000076293945,168.02999877929688,142.75999450683594,38.90999984741211,136.72999572753906,92.51000213623047,497.4800109863281,48.959999084472656,116.0999984741211,43.65999984741211,38.220001220703125,34.63999938964844,129.42999267578125,86.12000274658203,148.0500030517578,89.8499984741211,233.75,566.6300048828125,57.60100173950195,36.34000015258789,75.77999877929688,49.33000183105469,96.68000030517578,159.57000732421875,60.900001525878906,116.3499984741211,311.5199890136719,44.790000915527344,178.8000030517578,121.52999877929688,288.6300048828125,88.6500015258789,86.98999786376953,82.48999786376953,70.47000122070312,19.399999618530273,48.869998931884766,169.1199951171875,144.7100067138672,38.9900016784668,137.68666076660156,92.77999877929688,501.1300048828125,49.40999984741211,116.13999938964844,43.900001525878906,38.244998931884766,34.7599983215332,129.8800048828125,86.26000213623047,6163400,126381800,2443800,825300,17064000,48926000,14951500,25374500,5748000,8827200,22056300,3326700,2606200,40158400,5898700,15720900,2109500,5831600,8425600,9430500,13539100,475751000,33716900,2250100,7556800,8876500,2300100,9511900,2763400,5843000,5823700,21545300,83298800,73896300,13585300,33908100
2022-05-04,131.05213928222656,99.41999816894531,206.72616577148438,571.52392578125,56.17857360839844,34.858821868896484,64.42039489746094,45.39253616333008,89.04324340820312,141.41404724121094,56.15520477294922,104.3002700805664,293.0462646484375,43.493099212646484,160.4553680419922,114.86246490478516,284.31646728515625,87.8385238647461,78.38519287109375,76.48419189453125,72.0760498046875,20.297046661376953,39.41975021362305,148.6794891357422,135.99362182617188,38.82808303833008,139.8949737548828,89.85466766357422,472.2041931152344,41.9659538269043,112.9514389038086,41.2838020324707,35.52432632446289,33.597572326660156,124.27054595947266,79.36658477783203,151.58999633789062,99.41999816894531,236.10000610351562,592.6400146484375,60.36600112915039,38.619998931884766,76.30999755859375,52.22999954223633,103.86000061035156,167.58999633789062,67.73999786376953,124.7699966430664,324.1099853515625,46.540000915527344,180.1999969482422,127.0999984741211,294.8999938964844,96.3499984741211,88.5199966430664,87.22000122070312,73.62000274658203,20.333999633789062,49.65999984741211,173.72000122070312,149.0500030517578,42.599998474121094,144.59666442871094,95.98999786376953,507.6199951171875,50.529998779296875,128.22999572753906,45.97999954223633,40.875,36.040000915527344,132.77000427246094,91.69999694824219,152.3699951171875,99.69000244140625,237.11000061035156,594.25,60.40700149536133,38.75,76.63999938964844,52.400001525878906,104.19000244140625,167.88999938964844,67.91000366210938,124.9800033569336,324.79998779296875,46.63999938964844,180.5,127.4000015258789,296.9800109863281,96.55000305175781,88.7699966430664,87.52999877929688,73.9000015258789,20.399999618530273,49.869998931884766,174.27999877929688,149.5,42.689998626708984,144.836669921875,96.06999969482422,509.7699890136719,50.61000061035156,128.67999267578125,46.130001068115234,40.959999084472656,36.099998474121094,133.25,91.87999725341797,147.58999633789062,91.69999694824219,231.39999389648438,564.6599731445312,57.39799880981445,37.279998779296875,74.80000305175781,50.040000915527344,99.11000061035156,163.47000122070312,63.959999084472656,120.26000213623047,312.1700134277344,44.40999984741211,177.14999389648438,122.73999786376953,284.1199951171875,92.94000244140625,86.36000061035156,83.94000244140625,70.16000366210938,18.750999450683594,47.90999984741211,168.52000427246094,140.35000610351562,40.45000076293945,135.89999389648438,91.91999816894531,493.0899963378906,48.849998474121094,121.79000091552734,44.18000030517578,39.4900016784668,34.90999984741211,128.58999633789062,88.91000366210938,148.17999267578125,98.18000030517578,232.57000732421875,579.0800170898438,58.17900085449219,37.369998931884766,75.01000213623047,50.16999816894531,101.0,164.97000122070312,65.4800033569336,123.16000366210938,315.8299865722656,45.060001373291016,178.14999389648438,122.80000305175781,288.5,94.05999755859375,86.56999969482422,84.06999969482422,71.7699966430664,19.92300033569336,48.88999938964844,169.52000427246094,144.5800018310547,41.290000915527344,140.22999572753906,93.91000366210938,499.5,49.27000045776367,122.94000244140625,44.310001373291016,40.0,35.029998779296875,129.67999267578125,89.5,5791500,225394100,2494900,1112800,23896000,57860300,17112500,26643600,7989800,9183200,15072000,3134600,2629400,44625600,5923000,17128500,2743600,5416300,10763500,10495000,17201900,648855000,28613700,2186500,11038100,11713700,4259400,9082500,4002600,8092600,8342100,29468000,90767400,87794900,19053500,46188400
2022-05-05,131.5622100830078,93.87000274658203,205.19384765625,544.0682983398438,53.975765228271484,33.884002685546875,64.36973571777344,44.59298324584961,88.18589782714844,140.29177856445312,55.66611099243164,103.17173767089844,283.0643615722656,42.009578704833984,157.3922882080078,111.98863983154297,281.8772277832031,85.78726959228516,77.93360137939453,74.4848403930664,69.7948989868164,18.809751510620117,38.459259033203125,144.52857971191406,129.23272705078125,38.3541259765625,133.11940002441406,86.2601089477539,460.20416259765625,40.894596099853516,110.83739471435547,40.40810012817383,34.989830017089844,32.61873245239258,121.85570526123047,78.16353607177734,152.17999267578125,93.87000274658203,234.35000610351562,564.1699829101562,57.999000549316406,37.540000915527344,76.25,51.310001373291016,102.86000061035156,166.25999450683594,67.1500015258789,123.41999816894531,313.07000732421875,44.599998474121094,176.75999450683594,123.91999816894531,292.3699951171875,94.0999984741211,88.01000213623047,84.94000244140625,71.29000091552734,18.8439998626709,48.45000076293945,168.8699951171875,141.63999938964844,42.08000183105469,137.5933380126953,92.1500015258789,494.7200012207031,49.2400016784668,125.83000183105469,44.7599983215332,40.2599983215332,34.9900016784668,130.19000244140625,90.30999755859375,153.32000732421875,97.83999633789062,238.83999633789062,584.5700073242188,59.7869987487793,38.209999084472656,77.02999877929688,52.130001068115234,106.58999633789062,169.5,68.87000274658203,126.43000030517578,320.67999267578125,45.90999984741211,179.7100067138672,126.0999984741211,294.989990234375,96.9000015258789,88.66000366210938,86.16000366210938,72.55999755859375,19.924999237060547,49.54999923706055,171.7899932861328,146.97999572753906,43.43000030517578,142.21665954589844,94.37999725341797,510.6700134277344,49.939998626708984,129.13999938964844,45.060001373291016,41.20500183105469,35.689998626708984,132.25999450683594,92.05000305175781,150.0399932861328,92.16999816894531,232.24000549316406,558.0900268554688,57.42900085449219,36.869998931884766,75.52999877929688,50.689998626708984,100.52999877929688,162.64999389648438,65.0999984741211,121.7699966430664,308.69000244140625,44.130001068115234,175.27000427246094,122.16000366210938,288.29998779296875,92.20999908447266,87.02999877929688,83.41000366210938,70.36000061035156,18.5,47.54999923706055,166.3300018310547,139.17999267578125,41.41999816894531,135.5433349609375,91.22000122070312,489.2300109863281,48.540000915527344,122.76000213623047,43.45000076293945,39.439998626708984,34.560001373291016,128.85000610351562,88.38999938964844,152.77000427246094,97.6500015258789,235.5,582.3200073242188,59.42300033569336,38.04999923706055,76.38999938964844,51.439998626708984,104.58999633789062,169.25999450683594,68.73999786376953,126.11000061035156,320.5,45.599998474121094,179.4199981689453,125.25,293.4200134277344,96.37999725341797,88.41999816894531,85.75,72.30999755859375,19.867000579833984,49.459999084472656,171.47000122070312,146.97999572753906,43.2400016784668,142.00332641601562,94.04000091552734,507.2099914550781,49.88999938964844,127.81999969482422,45.0,41.165000915527344,35.619998931884766,132.1199951171875,92.04000091552734,6869300,153129800,3357100,1231800,32806000,48860600,14788100,25756000,10593000,9807600,13010400,4289400,2622100,52996700,7089200,15055400,3120200,5020700,9548300,8556500,16603600,626331000,28333000,1881600,14561400,16281500,4597200,11517200,3359700,6861000,5801000,29978600,93194000,101093900,16119800,41013400
2022-05-06,132.12416076660156,95.33999633789062,207.07638549804688,531.3675537109375,53.986000061035156,33.802772521972656,64.72428131103516,44.862388610839844,92.32684326171875,144.02992248535156,57.77171325683594,110.52803802490234,282.9648132324219,41.72700500488281,157.04505920410156,111.80790710449219,286.2446594238281,87.44649505615234,78.27011108398438,73.86223602294922,68.87460327148438,18.64105987548828,38.92759323120117,142.6028594970703,128.26556396484375,39.22001266479492,131.9326171875,85.7733383178711,464.7623596191406,40.936126708984375,113.78825378417969,40.21852111816406,36.032745361328125,32.385677337646484,121.47196960449219,79.3579330444336,152.8300018310547,95.33999633789062,236.5,551.0,58.0099983215332,37.45000076293945,76.66999816894531,51.619998931884766,107.69000244140625,170.69000244140625,69.69000244140625,132.22000122070312,312.9599914550781,44.29999923706055,176.3699951171875,123.72000122070312,296.8999938964844,95.91999816894531,88.38999938964844,84.2300033569336,70.3499984741211,18.674999237060547,49.040000915527344,166.6199951171875,140.5800018310547,43.029998779296875,136.36666870117188,91.62999725341797,499.6199951171875,49.290000915527344,129.17999267578125,44.54999923706055,41.459999084472656,34.7400016784668,129.77999877929688,91.69000244140625,153.52000427246094,98.18000030517578,237.4600067138672,561.6799926757812,58.99800109863281,37.619998931884766,76.8499984741211,52.0,107.70999908447266,170.97000122070312,69.75,132.35000610351562,313.7099914550781,45.150001525878906,176.8699951171875,124.29000091552734,298.25,96.0,88.91999816894531,84.56999969482422,71.91000366210938,19.511999130249023,49.220001220703125,168.8300018310547,144.10000610351562,43.599998474121094,139.40333557128906,92.87999725341797,501.57000732421875,49.4900016784668,129.27000427246094,44.880001068115234,41.46500015258789,34.900001525878906,130.13999938964844,91.81999969482422,149.00999450683594,92.6500015258789,231.75,545.0499877929688,56.94300079345703,36.61000061035156,75.76000213623047,50.58000183105469,102.80000305175781,165.4199981689453,66.04000091552734,125.05000305175781,306.05999755859375,43.84000015258789,174.69000244140625,121.18000030517578,288.5199890136719,92.04000091552734,87.4800033569336,82.30999755859375,68.88999938964844,17.989999771118164,48.040000915527344,164.58999633789062,137.8800048828125,41.5099983215332,133.7933349609375,90.2699966430664,485.0,48.16999816894531,124.33000183105469,43.52000045776367,39.96500015258789,34.2400016784668,128.27000427246094,89.3499984741211,149.67999267578125,94.33999633789062,231.75999450683594,555.1500244140625,57.49399948120117,37.369998931884766,76.12000274658203,51.2400016784668,104.16999816894531,168.27000427246094,68.61000061035156,125.9000015258789,312.2799987792969,44.4900016784668,175.13999938964844,123.80000305175781,290.1700134277344,95.25,87.73999786376953,84.13999938964844,70.55000305175781,18.736000061035156,48.09000015258789,168.4600067138672,141.25,42.58000183105469,136.3333282470703,91.4000015258789,485.010009765625,49.08000183105469,128.27999877929688,44.61000061035156,40.779998779296875,34.849998474121094,128.92999267578125,90.9800033569336,6145600,144286600,4682100,1214600,20745000,50440100,15177800,25912900,9213100,10418100,14629700,7042600,2375600,40916600,6434000,14417900,2931200,4572200,12227400,7333600,15159800,633297000,19891400,2342000,10080600,12396000,3950400,7944900,3260300,7779100,4400100,27035300,94245600,99281900,21742300,29619300
2022-05-09,130.5075225830078,86.36000061035156,209.47549438476562,494.3935852050781,52.387184143066406,32.82794952392578,64.3866195678711,43.3588752746582,83.3333511352539,134.37672424316406,51.413429260253906,98.59078216552734,279.2850341796875,40.56843948364258,157.89984130859375,110.12698364257812,278.8499450683594,82.83350372314453,77.60596466064453,71.16134643554688,66.5053482055664,16.91919708251953,38.610076904296875,140.07814025878906,123.10136413574219,34.67184066772461,125.21508026123047,81.7201156616211,452.4832458496094,41.06069564819336,104.33673858642578,39.685882568359375,33.0517463684082,31.611927032470703,118.32705688476562,73.10034942626953,150.9600067138672,86.36000061035156,239.24000549316406,512.6599731445312,56.29199981689453,36.369998931884766,76.2699966430664,49.88999938964844,97.19999694824219,159.25,62.02000045776367,117.94000244140625,308.8900146484375,43.06999969482422,177.3300018310547,121.86000061035156,289.2300109863281,90.86000061035156,87.63999938964844,81.1500015258789,67.93000030517578,16.950000762939453,48.63999938964844,163.6699981689453,134.9199981689453,38.040000915527344,129.42333984375,87.30000305175781,486.4200134277344,49.439998626708984,118.44999694824219,43.959999084472656,38.029998779296875,33.90999984741211,126.41999816894531,84.45999908447266,153.5399932861328,93.73999786376953,242.77999877929688,535.7999877929688,57.79999923706055,37.060001373291016,77.25,51.220001220703125,105.5,167.75,67.5999984741211,130.02000427246094,313.7699890136719,44.20000076293945,178.55999755859375,123.33000183105469,294.92999267578125,94.52999877929688,88.05999755859375,83.23999786376953,71.4000015258789,18.2549991607666,49.16999816894531,165.6199951171875,140.11000061035156,42.16999816894531,135.04666137695312,90.19000244140625,494.6300048828125,50.13999938964844,126.5,44.540000915527344,40.60499954223633,34.47999954223633,128.36000061035156,89.55999755859375,148.92999267578125,85.37999725341797,234.5399932861328,510.3599853515625,56.027000427246094,36.060001373291016,74.86000061035156,49.59000015258789,96.4800033569336,158.47999572753906,61.900001525878906,116.7699966430664,304.9800109863281,42.869998931884766,174.58999633789062,120.5,286.6499938964844,90.6500015258789,86.91000366210938,80.72000122070312,67.4800033569336,16.82699966430664,47.77000045776367,162.6999969482422,134.05999755859375,38.029998779296875,128.663330078125,87.01000213623047,484.42999267578125,48.619998931884766,117.94000244140625,43.22999954223633,37.875,33.75,125.93000030517578,84.0199966430664,151.6199951171875,92.87000274658203,236.5800018310547,530.2100219726562,57.28799819946289,36.869998931884766,75.69000244140625,50.9900016784668,105.16999816894531,167.75,67.33999633789062,128.9499969482422,308.9200134277344,43.810001373291016,175.4499969482422,122.11000061035156,293.510009765625,93.5999984741211,87.5,82.54000091552734,69.19999694824219,18.034000396728516,48.380001068115234,164.57000732421875,137.99000549316406,41.84000015258789,133.4199981689453,89.94000244140625,490.3999938964844,48.68000030517578,125.80000305175781,43.970001220703125,40.56999969482422,34.27000045776367,128.3300018310547,89.44000244140625,6969000,144523700,4376300,1714700,30074000,51242000,19130700,28888400,9750900,14110700,18682400,6977200,3234000,44925800,7855200,14312300,3460500,6756700,11901500,11161000,21770900,644455000,25012300,2050500,11668100,14845900,5058600,11428600,3862700,9513400,8179500,27132700,106044000,85922800,17289800,45851600
2022-05-10,131.48439025878906,88.7300033569336,210.7626190185547,504.72198486328125,54.106048583984375,32.2773551940918,64.40351104736328,42.36811065673828,84.01921081542969,135.66770935058594,52.85585021972656,99.94501495361328,275.8220520019531,41.4538459777832,157.68617248535156,107.44295501708984,275.44659423828125,83.61753845214844,77.75648498535156,70.38090515136719,67.46481323242188,17.56302261352539,39.2848014831543,138.51190185546875,124.82581329345703,34.535118103027344,128.0626983642578,83.1429443359375,453.96234130859375,40.994258880615234,106.55648040771484,38.89144515991211,33.351593017578125,31.332263946533203,118.74825286865234,73.58502197265625,152.08999633789062,88.7300033569336,240.7100067138672,523.3699951171875,58.138999938964844,35.7599983215332,76.29000091552734,48.75,98.0,160.77999877929688,63.7599983215332,119.55999755859375,305.05999755859375,44.0099983215332,177.08999633789062,118.88999938964844,285.70001220703125,91.72000122070312,87.80999755859375,80.26000213623047,68.91000366210938,17.594999313354492,49.4900016784668,161.83999633789062,136.80999755859375,37.88999938964844,132.36666870117188,88.81999969482422,488.010009765625,49.36000061035156,120.97000122070312,43.08000183105469,38.375,33.61000061035156,126.87000274658203,85.0199966430664,154.52999877929688,90.7699966430664,244.41000366210938,530.4099731445312,59.1150016784668,37.130001068115234,77.0,50.689998626708984,101.5199966430664,164.19000244140625,65.58000183105469,125.05999755859375,315.1499938964844,44.7400016784668,179.17999267578125,123.77999877929688,293.42999267578125,94.7699966430664,89.29000091552734,82.66000366210938,70.58999633789062,18.197999954223633,49.900001525878906,166.22999572753906,139.8000030517578,39.150001525878906,134.81333923339844,90.29000091552734,496.3500061035156,50.91999816894531,124.08000183105469,44.709999084472656,39.345001220703125,34.439998626708984,128.22000122070312,86.88999938964844,150.50999450683594,85.41000366210938,240.47000122070312,512.3300170898438,57.18000030517578,35.18000030517578,75.62999725341797,47.65999984741211,95.97000122070312,157.8699951171875,61.52000045776367,117.68000030517578,300.6499938964844,43.5,176.5,117.55999755859375,285.0,89.80999755859375,87.2699966430664,78.72000122070312,67.61000061035156,17.024999618530273,48.689998626708984,159.6199951171875,134.6300048828125,36.959999084472656,129.47666931152344,88.08999633789062,481.1199951171875,48.439998626708984,118.12000274658203,42.189998626708984,37.564998626708984,33.189998626708984,125.69999694824219,83.5199966430664,151.27000427246094,89.18000030517578,242.2100067138672,529.2000122070312,58.04899978637695,36.75,76.81999969482422,50.540000915527344,98.87999725341797,162.2100067138672,63.5099983215332,120.43000030517578,311.7200012207031,44.349998474121094,178.22999572753906,123.11000061035156,292.0,91.94999694824219,88.12000274658203,82.01000213623047,69.56999969482422,17.68899917602539,49.040000915527344,164.7100067138672,139.5,38.470001220703125,133.3300018310547,90.0199966430664,493.80999755859375,49.81999969482422,120.41000366210938,44.38999938964844,38.6150016784668,34.220001220703125,127.73999786376953,85.63999938964844,6525200,137235500,4234800,1232900,29271000,60235300,15343400,31054700,7845900,11636000,12783500,5451400,2798400,42770000,8186700,16382400,3140800,6186400,12370800,9261000,17662700,761474000,27335900,2005600,8841200,11063400,4476600,11690400,4275500,9607800,7048800,25276100,113727800,107581200,21850200,34483200
2022-05-11,131.37203979492188,87.91999816894531,210.70132446289062,502.725830078125,52.77710723876953,32.10586166381836,64.28531646728516,41.420806884765625,84.91085815429688,137.67599487304688,53.61851501464844,101.39120483398438,272.6484680175781,40.342376708984375,156.83132934570312,106.76515197753906,276.4010925292969,83.8363265991211,78.9784927368164,69.17952728271484,65.55569458007812,16.599777221679688,39.2530517578125,136.79164123535156,120.71086120605469,34.972625732421875,124.2798080444336,82.21623229980469,452.2320861816406,40.24679946899414,106.9383316040039,38.4310302734375,33.79917526245117,31.043256759643555,117.96202850341797,75.1169662475586,151.9600067138672,87.91999816894531,240.63999938964844,521.2999877929688,56.71099853515625,35.56999969482422,76.1500015258789,47.65999984741211,99.04000091552734,163.16000366210938,64.68000030517578,121.29000091552734,301.54998779296875,42.83000183105469,176.1300048828125,118.13999938964844,286.69000244140625,91.95999908447266,89.19000244140625,78.88999938964844,66.95999908447266,16.6299991607666,49.45000076293945,159.8300018310547,132.3000030517578,38.369998931884766,128.4566650390625,87.83000183105469,486.1499938964844,48.459999084472656,120.41999816894531,42.56999969482422,38.88999938964844,33.29999923706055,126.02999877929688,86.79000091552734,154.75999450683594,93.45999908447266,243.3800048828125,544.1799926757812,58.46900177001953,36.91999816894531,77.33000183105469,49.939998626708984,102.88999938964844,167.4600067138672,68.2699966430664,126.19000244140625,310.9100036621094,44.290000915527344,178.32000732421875,122.88999938964844,294.5,95.5999984741211,90.80999755859375,82.05999755859375,70.87999725341797,17.753000259399414,50.2400016784668,166.5500030517578,138.2899932861328,39.93000030517578,134.32666015625,90.56999969482422,500.5199890136719,50.150001525878906,123.5,44.5099983215332,40.165000915527344,34.33000183105469,129.08999633789062,88.94000244140625,150.94000244140625,86.52999877929688,239.2100067138672,520.469970703125,56.58599853515625,35.5099983215332,76.06999969482422,47.560001373291016,98.80000305175781,162.50999450683594,64.41999816894531,120.91999816894531,301.0,42.779998779296875,175.8800048828125,117.94000244140625,283.0,91.58000183105469,87.41999816894531,78.76000213623047,66.81999969482422,16.56800079345703,49.029998779296875,159.64999389648438,131.88999938964844,38.2599983215332,128.0833282470703,87.80000305175781,484.3900146484375,48.38999938964844,119.86000061035156,42.4900016784668,38.82500076293945,33.25,125.87999725341797,86.27999877929688,151.02000427246094,87.83999633789062,240.36000061035156,531.280029296875,57.45800018310547,35.900001525878906,76.26000213623047,48.95000076293945,99.70999908447266,163.5800018310547,65.41999816894531,120.95999908447266,305.05999755859375,44.02000045776367,175.9600067138672,119.30000305175781,283.6700134277344,93.16000366210938,87.41999816894531,80.06999969482422,68.66000366210938,17.347000122070312,49.06999969482422,162.5399932861328,135.02999877929688,38.41999816894531,131.23666381835938,88.87000274658203,484.3900146484375,49.40999984741211,122.47000122070312,43.11000061035156,39.01499938964844,33.650001525878906,126.23999786376953,86.43000030517578,5630000,136137900,3411700,1302800,26660000,54969300,13678100,30179000,6651600,9105500,12610000,4167300,2320600,40351700,6138900,14630300,2625200,6411000,16338600,8060000,17237300,670167000,29699500,1756100,11530900,11569100,5066100,11531300,3936300,7711400,5003800,25291600,99705000,110212200,19987300,33020600
2022-05-12,133.38629150390625,87.05999755859375,214.27369689941406,503.7479553222656,53.192169189453125,31.654558181762695,64.41194915771484,40.464805603027344,85.3909683227539,138.9839324951172,53.560489654541016,100.7391586303711,270.7135925292969,40.3517951965332,158.3806610107422,106.67479705810547,281.32769775390625,84.54741668701172,80.43073272705078,68.91643524169922,66.28997039794922,16.145605087280273,40.325408935546875,136.33802795410156,120.22731018066406,35.574180603027344,125.0344467163086,82.08517456054688,445.3948974609375,40.35476303100586,106.929443359375,37.74491500854492,33.94257354736328,30.810211181640625,119.10392761230469,75.45796203613281,154.2899932861328,87.05999755859375,244.72000122070312,522.3599853515625,57.15700149536133,35.06999969482422,76.30000305175781,46.560001373291016,99.5999984741211,164.7100067138672,64.61000061035156,120.51000213623047,299.4100036621094,42.84000015258789,177.8699951171875,118.04000091552734,291.79998779296875,92.73999786376953,90.83000183105469,78.58999633789062,67.70999908447266,16.174999237060547,50.38999938964844,159.3000030517578,131.77000427246094,39.029998779296875,129.23666381835938,87.69000244140625,478.79998779296875,48.59000015258789,120.41000366210938,41.810001373291016,39.05500030517578,33.04999923706055,127.25,86.30000305175781,154.35000610351562,88.55000305175781,244.83999633789062,529.0499877929688,57.361000061035156,35.43000030517578,76.33999633789062,47.400001525878906,99.66000366210938,164.85000610351562,65.43000030517578,121.69000244140625,302.8900146484375,42.90999984741211,177.9499969482422,118.31999969482422,291.989990234375,93.2300033569336,90.8499984741211,79.5199966430664,68.9000015258789,16.788000106811523,50.43000030517578,160.52000427246094,133.05999755859375,39.06999969482422,130.31333923339844,88.20999908447266,486.8900146484375,48.88999938964844,121.5199966430664,42.40999984741211,39.07500076293945,33.36000061035156,127.33000183105469,86.37999725341797,150.14999389648438,83.2699966430664,239.0500030517578,509.54998779296875,55.82600021362305,34.2599983215332,74.86000061035156,45.400001525878906,95.47000122070312,158.86000061035156,62.52000045776367,117.54000091552734,293.8999938964844,42.0099983215332,174.7100067138672,115.37000274658203,283.3299865722656,90.58999633789062,88.36000061035156,76.75,65.87000274658203,15.567000389099121,48.720001220703125,156.1999969482422,127.81999969482422,37.08000183105469,125.77666473388672,85.38999938964844,471.4200134277344,47.68000030517578,117.01000213623047,40.91999816894531,37.84000015258789,32.40999984741211,125.27999877929688,83.4000015258789,153.3800048828125,86.5999984741211,240.05999755859375,514.7000122070312,56.34000015258789,35.0099983215332,76.08000183105469,47.2599983215332,98.44999694824219,163.22000122070312,64.3499984741211,121.63999938964844,300.0,42.72999954223633,176.47000122070312,117.0,283.3299865722656,92.37000274658203,89.8499984741211,78.05000305175781,66.0,16.2189998626709,49.0,158.8800048828125,131.0,37.97999954223633,126.87000274658203,86.22000122070312,486.1000061035156,48.2400016784668,120.66999816894531,42.22999954223633,38.875,33.02000045776367,125.56999969482422,85.94999694824219,6914800,129214200,3733300,1134800,25518000,61231500,16224500,36301500,7244400,8936400,10767100,4056100,3408300,42329600,6898600,16318800,2370000,6985500,14210200,10315600,27022900,708728000,33468400,2030600,10749800,13434300,5345100,11592900,3997600,7743600,3800100,30171700,90043600,114304100,17497100,29491500
2022-05-13,132.70335388183594,95.12000274658203,213.11795043945312,528.7830200195312,54.743526458740234,31.744813919067383,63.9898567199707,41.40342330932617,88.2287826538086,141.6503448486328,56.95101547241211,103.89067077636719,277.5670166015625,41.067657470703125,157.4724884033203,107.6236801147461,282.11126708984375,87.41002655029297,80.05880737304688,70.62641906738281,70.41166687011719,17.673816680908203,39.949283599853516,134.7461395263672,123.11050415039062,37.13277053833008,131.4166259765625,85.14615631103516,451.5343933105469,40.36305618286133,110.7391586303711,38.49422073364258,35.102821350097656,31.257671356201172,120.36750793457031,77.69636535644531,153.5,95.12000274658203,243.39999389648438,548.3200073242188,58.82400131225586,35.16999816894531,75.80000305175781,47.63999938964844,102.91000366210938,167.8699951171875,68.69999694824219,124.27999877929688,306.989990234375,43.599998474121094,176.85000610351562,119.08999633789062,291.6300048828125,95.87999725341797,90.41000366210938,80.54000091552734,71.91999816894531,17.70599937438965,49.91999816894531,157.44000244140625,134.92999267578125,40.7400016784668,135.8333282470703,90.95999908447266,485.3999938964844,48.599998474121094,124.69999694824219,42.63999938964844,40.38999938964844,33.529998779296875,128.60000610351562,88.86000061035156,154.38999938964844,96.56999969482422,245.0,551.2899780273438,59.159000396728516,35.72999954223633,76.58999633789062,47.849998474121094,103.80999755859375,168.7899932861328,69.33000183105469,126.05999755859375,309.6300048828125,43.84000015258789,178.88999938964844,120.25,292.79998779296875,96.72000122070312,91.05000305175781,81.5,72.62999725341797,17.92799949645996,50.790000915527344,161.4499969482422,135.99000549316406,40.83000183105469,136.78334045410156,91.36000061035156,487.0,49.04999923706055,125.31999969482422,43.189998626708984,40.54999923706055,33.810001373291016,129.0,88.94999694824219,151.89999389648438,88.22000122070312,241.2899932861328,538.2100219726562,57.349998474121094,34.7599983215332,75.5199966430664,46.810001373291016,100.69999694824219,164.8800048828125,65.95999908447266,122.4000015258789,303.57000732421875,42.970001220703125,175.8000030517578,117.95999908447266,286.510009765625,94.2699966430664,89.26000213623047,79.47000122070312,68.0199966430664,16.593000411987305,49.68000030517578,156.75,132.5,39.56999969482422,130.80667114257812,88.16000366210938,475.80999755859375,48.099998474121094,122.08999633789062,42.279998779296875,39.564998626708984,33.22999954223633,127.52999877929688,86.3499984741211,153.4199981689453,88.30000305175781,244.63999938964844,540.5599975585938,57.70500183105469,35.529998779296875,76.44000244140625,46.810001373291016,100.83000183105469,166.5,66.0,122.66999816894531,303.6300048828125,43.41999816894531,178.6999969482422,119.41000366210938,292.6300048828125,94.33000183105469,90.69999694824219,79.5999984741211,69.0999984741211,16.788000106811523,50.380001068115234,161.0500030517578,134.2899932861328,39.689998626708984,131.50332641601562,88.87000274658203,480.9800109863281,48.95000076293945,122.58000183105469,42.45000076293945,39.6349983215332,33.45000076293945,128.08999633789062,87.36000061035156,6398500,138068100,2631900,946800,19449000,49117900,13773100,21739400,6549900,9229900,13287700,3881600,2152500,32034100,7732200,10443200,2337700,5834900,10308100,7948000,22872000,670437000,22423700,2162100,9280700,9798900,4724400,11180600,2453400,5588900,3800700,21253200,59437400,64036200,9841500,25798400
2022-05-16,134.40646362304688,94.23999786376953,215.2450408935547,515.8895263671875,54.22516632080078,31.41987419128418,64.92691040039062,41.246986389160156,90.85540008544922,145.98748779296875,58.849395751953125,105.62942504882812,274.3572998046875,40.577857971191406,158.5677032470703,106.87362670898438,289.6082458496094,87.94792175292969,81.7501449584961,70.0652084350586,68.9920883178711,17.232620239257812,40.54948425292969,132.88890075683594,122.17984008789062,38.408817291259766,129.41712951660156,84.6313247680664,455.08795166015625,40.0890007019043,113.47434997558594,38.106021881103516,36.02840042114258,30.99665069580078,121.25669860839844,79.5237808227539,155.47000122070312,94.23999786376953,243.8699951171875,534.9500122070312,58.266998291015625,34.810001373291016,76.91000366210938,47.459999084472656,105.5,173.00999450683594,70.98999786376953,126.36000061035156,303.44000244140625,43.08000183105469,178.0800018310547,118.26000213623047,299.3800048828125,96.47000122070312,92.31999969482422,79.9000015258789,70.47000122070312,17.263999938964844,50.66999816894531,155.27000427246094,133.91000366210938,42.13999938964844,133.76666259765625,90.41000366210938,489.2200012207031,48.27000045776367,127.77999877929688,42.209999084472656,41.45500183105469,33.25,129.5500030517578,90.94999694824219,156.88999938964844,98.16999816894531,245.11000061035156,540.97998046875,58.91400146484375,35.16999816894531,77.25,48.06999969482422,107.08999633789062,174.97000122070312,71.62000274658203,128.49000549316406,306.4700012207031,43.61000061035156,179.1300048828125,119.45999908447266,309.44000244140625,97.93000030517578,92.87000274658203,80.93000030517578,72.04000091552734,17.788000106811523,51.04999923706055,157.75,135.97999572753906,42.58000183105469,135.8733367919922,91.37000274658203,495.55999755859375,48.790000915527344,129.22999572753906,42.66999816894531,41.880001068115234,33.54999923706055,130.42999267578125,91.9800033569336,153.27000427246094,93.08000183105469,241.16000366210938,528.0,57.76499938964844,34.40999984741211,76.08000183105469,47.0,102.63999938964844,168.86000061035156,68.80000305175781,124.58000183105469,300.54998779296875,42.790000915527344,176.1699981689453,117.2300033569336,291.6000061035156,95.0999984741211,90.68000030517578,78.8499984741211,70.31999969482422,17.106000900268555,49.869998931884766,153.1300048828125,132.0,40.79999923706055,133.25999450683594,89.5,484.1499938964844,47.709999084472656,124.97000122070312,41.70000076293945,40.5099983215332,32.9900016784668,128.4199981689453,88.97000122070312,153.92999267578125,93.86000061035156,241.24000549316406,533.25,58.4379997253418,35.0,76.29000091552734,47.59000015258789,103.08000183105469,169.0,68.9000015258789,124.58000183105469,305.95001220703125,43.41999816894531,176.85000610351562,118.54000091552734,292.1099853515625,95.0999984741211,90.79000091552734,80.38999938964844,71.51000213623047,17.509000778198242,49.869998931884766,157.0800018310547,133.97999572753906,40.86000061035156,134.45333862304688,89.87000274658203,485.4100036621094,48.560001373291016,125.4800033569336,42.400001525878906,40.53499984741211,33.400001525878906,128.4499969482422,88.9800033569336,6565600,131065700,2414500,757800,14189000,39076500,13441100,16919100,7990600,13296300,12633200,3560100,1568800,25071900,5516700,10269000,5118300,5703500,13999000,5703600,13394700,521446000,19435600,2598500,6378800,10181600,2372400,6729100,2338800,5956500,4599100,16837400,56518800,55662200,8839800,26101200
2022-05-17,133.80996704101562,102.47000122070312,216.55133056640625,541.618896484375,56.59642791748047,32.484962463378906,66.03279876708984,44.36701583862305,92.16439056396484,146.84820556640625,60.16746520996094,106.5155258178711,282.9740295410156,41.821189880371094,159.22662353515625,110.41617584228516,291.5624084472656,89.4704360961914,82.352294921875,72.72224426269531,72.91799926757812,18.143964767456055,41.08565902709961,137.30514526367188,127.45355224609375,39.147098541259766,135.70257568359375,87.35533905029297,458.1670227050781,41.235103607177734,113.72298431396484,39.460182189941406,36.44556427001953,31.826343536376953,122.9227523803711,80.5380630493164,154.77999877929688,102.47000122070312,245.35000610351562,561.6300048828125,60.814998626708984,35.9900016784668,78.22000122070312,51.04999923706055,107.0199966430664,174.02999877929688,72.58000183105469,127.41999816894531,312.9700012207031,44.400001525878906,178.82000732421875,122.18000030517578,301.3999938964844,97.55000305175781,93.0,82.93000030517578,74.4800033569336,18.177000045776367,51.34000015258789,160.42999267578125,139.69000244140625,42.95000076293945,140.26333618164062,93.31999969482422,492.5299987792969,49.650001525878906,128.05999755859375,43.709999084472656,41.935001373291016,34.13999938964844,131.3300018310547,92.11000061035156,155.7899932861328,103.19999694824219,246.22000122070312,563.3800048828125,60.900001525878906,36.220001220703125,78.43000030517578,51.61000061035156,108.30000305175781,175.64999389648438,72.83000183105469,129.08999633789062,314.32000732421875,44.41999816894531,179.6999969482422,122.97000122070312,303.3999938964844,98.29000091552734,94.55999755859375,83.26000213623047,74.7300033569336,18.371000289916992,51.52000045776367,161.22999572753906,140.0,43.43000030517578,140.6233367919922,93.48999786376953,494.7200012207031,49.720001220703125,131.69000244140625,43.81999969482422,42.189998626708984,34.2400016784668,131.38999938964844,92.44999694824219,152.85000610351562,97.54000091552734,239.25999450683594,548.8499755859375,59.361000061035156,35.43000030517578,76.80000305175781,49.70000076293945,105.70999908447266,172.61000061035156,71.5199966430664,125.55999755859375,308.1300048828125,43.650001525878906,176.58999633789062,120.80999755859375,293.3900146484375,95.66999816894531,91.51000213623047,81.33000183105469,72.1500015258789,17.634000778198242,50.18000030517578,157.6699981689453,136.6999969482422,42.40999984741211,136.74000549316406,92.37000274658203,488.4599914550781,48.91999816894531,126.80000305175781,42.959999084472656,41.560001373291016,33.709999084472656,129.92999267578125,91.12000274658203,155.3800048828125,97.87999725341797,245.13999938964844,556.9500122070312,59.54499816894531,35.619998931884766,76.94000244140625,49.84000015258789,107.08000183105469,174.83999633789062,72.5,128.02999877929688,309.8699951171875,43.81999969482422,178.72000122070312,121.04000091552734,300.0,97.83000183105469,92.30999755859375,81.63999938964844,72.25,18.073999404907227,50.95000076293945,158.17999267578125,137.25,42.52000045776367,137.2566680908203,93.30000305175781,494.0,49.18000030517578,130.0,42.9900016784668,42.01499938964844,33.900001525878906,130.89999389648438,91.7300033569336,6032200,164227200,2344100,895800,24676000,42635600,14509400,46643400,6577500,12827600,10782300,3496800,2096200,28596600,5751100,11160200,2553000,5576300,17582800,6507100,17671500,585830000,19918200,1846300,9094100,9936900,3193200,7668800,2289000,5589800,5185000,23340500,56329400,62859300,9058700,23120700
2022-05-18,131.77835083007812,96.27999877929688,215.32449340820312,509.476318359375,53.09910583496094,31.483062744140625,65.01976776123047,42.86349105834961,89.97698974609375,142.977294921875,57.962379455566406,102.46955871582031,277.3320617675781,39.89025115966797,156.27037048339844,108.52740478515625,285.5550842285156,88.24141693115234,81.5553207397461,70.75796508789062,69.55992889404297,16.907217025756836,40.333404541015625,133.45379638671875,119.0229263305664,37.48823928833008,128.86245727539062,84.74365234375,438.4925537109375,40.778324127197266,110.72139739990234,38.0157470703125,35.51129913330078,30.950037002563477,119.74976348876953,79.261474609375,152.42999267578125,96.27999877929688,243.9600067138672,528.2999877929688,57.05699920654297,34.880001068115234,77.0199966430664,49.31999969482422,104.4800033569336,168.05999755859375,69.91999816894531,122.58000183105469,306.7300109863281,42.349998474121094,175.5,120.08999633789062,295.19000244140625,96.20999908447266,92.0999984741211,80.69000244140625,71.05000305175781,16.937999725341797,50.400001525878906,155.92999267578125,130.4499969482422,41.130001068115234,133.19332885742188,90.52999877929688,471.3800048828125,49.099998474121094,124.68000030517578,42.11000061035156,40.86000061035156,33.20000076293945,127.94000244140625,90.6500015258789,155.6999969482422,104.22000122070312,247.2899932861328,552.8300170898438,60.071998596191406,35.689998626708984,78.47000122070312,51.060001373291016,108.0999984741211,174.1300048828125,73.18000030517578,128.88999938964844,312.8599853515625,43.97999954223633,179.3699951171875,121.97000122070312,302.6000061035156,98.19999694824219,93.16000366210938,82.22000122070312,74.22000122070312,18.118000030517578,51.41999816894531,159.52999877929688,137.27999877929688,43.52000045776367,139.8633270263672,93.2300033569336,489.2099914550781,49.47999954223633,129.3699951171875,43.310001373291016,42.28499984741211,33.869998931884766,130.75999450683594,92.91999816894531,151.75,95.70999908447266,243.0,526.8699951171875,56.61800003051758,34.599998474121094,76.83999633789062,49.0099983215332,102.76000213623047,165.7899932861328,68.80000305175781,120.7300033569336,304.8800048828125,42.220001220703125,175.1699981689453,119.52999877929688,294.0299987792969,94.5199966430664,91.7699966430664,80.31999969482422,70.08999633789062,16.86400032043457,50.15999984741211,155.35000610351562,129.8800048828125,40.52000045776367,132.6266632080078,90.37000274658203,468.3599853515625,48.869998931884766,122.68000030517578,41.88999938964844,40.369998931884766,33.06999969482422,127.52999877929688,89.83000183105469,154.7899932861328,100.0,246.49000549316406,547.1799926757812,60.0,35.619998931884766,78.2699966430664,50.72999954223633,107.72000122070312,174.1199951171875,73.0,128.2100067138672,309.0,43.97999954223633,178.83999633789062,121.30000305175781,300.0,97.9800033569336,92.55999755859375,81.9000015258789,73.18000030517578,17.704999923706055,51.220001220703125,159.11000061035156,136.8300018310547,43.34000015258789,137.94667053222656,92.06999969482422,488.260009765625,49.400001525878906,128.44000244140625,43.290000915527344,42.23500061035156,33.81999969482422,130.44000244140625,92.51000213623047,6498100,142603200,3376800,1037900,35024000,47396900,15026200,32181600,8957000,13107500,13801800,4340700,2033200,35218400,8608800,12664900,2161400,6277700,12717600,5949400,20635100,545161000,22276000,1905200,11992700,9734900,3581100,9610900,3240500,6481700,5436900,27351300,66461400,74279300,10005000,25451200
2022-05-19,131.16453552246094,96.66999816894531,216.03939819335938,507.25830078125,50.83208084106445,31.094934463500977,64.12493133544922,43.26327133178711,90.08892822265625,141.9563751220703,57.622501373291016,101.73392486572266,278.6611633300781,39.570003509521484,154.88131713867188,106.91879272460938,276.9261474609375,87.82867431640625,81.54647064208984,70.11781311035156,67.94452667236328,17.092878341674805,40.53347396850586,132.44387817382812,119.13243103027344,37.233036041259766,128.08204650878906,84.44412231445312,445.1623840332031,40.894596099853516,110.34843444824219,37.91645050048828,35.38093185424805,30.744953155517578,120.01184844970703,79.68991088867188,151.72000122070312,96.66999816894531,244.77000427246094,526.0,54.62099838256836,34.45000076293945,75.95999908447266,49.779998779296875,104.61000061035156,166.86000061035156,69.51000213623047,121.69999694824219,308.20001220703125,42.0099983215332,173.94000244140625,118.30999755859375,286.2699890136719,95.76000213623047,92.08999633789062,79.95999908447266,69.4000015258789,17.124000549316406,50.650001525878906,154.75,130.57000732421875,40.849998474121094,132.3866729736328,90.20999908447266,478.54998779296875,49.2400016784668,124.26000213623047,42.0,40.709999084472656,32.97999954223633,128.22000122070312,91.13999938964844,152.39999389648438,100.69000244140625,245.86000061035156,537.0499877929688,56.07500076293945,34.84000015258789,76.79000091552734,50.29999923706055,106.70999908447266,169.63999938964844,71.37000274658203,124.5999984741211,309.989990234375,42.70000076293945,174.8000030517578,119.6500015258789,293.5799865722656,97.7300033569336,92.61000061035156,81.18000030517578,71.69999694824219,17.687000274658203,50.88999938964844,156.10000610351562,133.38999938964844,41.41999816894531,135.7866668701172,92.0999984741211,481.5799865722656,49.68000030517578,126.45999908447266,42.310001373291016,41.39500045776367,33.220001220703125,129.0,92.30000305175781,149.27999877929688,95.08999633789062,241.86000061035156,522.3200073242188,53.895999908447266,34.25,75.69000244140625,48.59000015258789,101.83000183105469,162.8300018310547,67.5,119.58000183105469,303.3900146484375,41.720001220703125,172.69000244140625,117.62999725341797,284.3699951171875,94.0199966430664,90.87999725341797,79.5,69.05000305175781,16.733999252319336,49.59000015258789,152.69000244140625,129.47999572753906,40.0099983215332,131.23333740234375,89.55999755859375,463.3299865722656,48.40999984741211,119.19999694824219,41.56999969482422,39.93000030517578,32.70000076293945,126.45999908447266,89.0,151.1999969482422,96.69000244140625,242.35000610351562,523.77001953125,55.79999923706055,34.290000915527344,76.08999633789062,48.65999984741211,101.83000183105469,164.6300048828125,67.81999969482422,120.25,303.82000732421875,42.31999969482422,174.72000122070312,118.19000244140625,293.5799865722656,94.25,91.25,79.7300033569336,70.76000213623047,16.937000274658203,50.0,154.13999938964844,130.4499969482422,40.040000915527344,132.5433349609375,89.83999633789062,464.32000732421875,48.470001220703125,121.5,41.70000076293945,39.93000030517578,32.75,126.91999816894531,89.0,5994800,141506200,2414200,905500,34884000,47002700,14858600,27279400,6784100,10958700,10460700,4586600,2108800,29181000,6874500,12765800,3157400,7399700,11121600,7852800,17558000,621310000,19865500,2049800,8419500,12123900,3303300,7739000,3813800,7078400,5401700,25211900,71441000,71525400,9672800,24387400
2022-05-20,130.55072021484375,93.5,218.448974609375,513.8545532226562,50.55104446411133,30.56239891052246,64.319091796875,43.23720169067383,90.44200897216797,142.7730712890625,57.962379455566406,102.02652740478516,277.3953552246094,39.23091506958008,157.5881805419922,106.04219818115234,289.09564208984375,88.56243133544922,82.83930969238281,69.6004409790039,67.45500946044922,16.663663864135742,41.98996353149414,133.49658203125,120.07221221923828,37.479129791259766,128.01429748535156,84.97766876220703,451.84136962890625,40.86968231201172,109.21172332763672,37.618534088134766,35.53302764892578,30.68901824951172,121.47196960449219,80.31947326660156,151.00999450683594,93.5,247.5,532.8400268554688,54.319000244140625,33.86000061035156,76.19000244140625,49.75,105.0199966430664,167.82000732421875,69.91999816894531,122.05000305175781,306.79998779296875,41.650001525878906,176.97999572753906,117.33999633789062,298.8500061035156,96.55999755859375,93.55000305175781,79.37000274658203,68.9000015258789,16.694000244140625,52.470001220703125,155.97999572753906,131.60000610351562,41.119998931884766,132.31666564941406,90.77999877929688,485.7300109863281,49.209999084472656,122.9800033569336,41.66999816894531,40.8849983215332,32.91999816894531,129.77999877929688,91.86000061035156,153.52000427246094,98.63999938964844,247.66000366210938,542.3900146484375,55.499000549316406,34.97999954223633,77.1500015258789,50.72999954223633,107.55000305175781,171.0399932861328,72.2699966430664,125.19999694824219,312.5899963378906,42.290000915527344,177.16000366210938,119.66999816894531,299.239990234375,97.45999908447266,94.08000183105469,81.20999908447266,70.69000244140625,17.40999984741211,52.70000076293945,157.16000366210938,133.2899932861328,42.06999969482422,135.00332641601562,93.04000091552734,487.4700012207031,49.880001068115234,125.88999938964844,42.790000915527344,41.69499969482422,33.380001068115234,130.05999755859375,93.58999633789062,147.80999755859375,88.26000213623047,242.9600067138672,514.1699829101562,51.24399948120117,32.959999084472656,75.33999633789062,48.5099983215332,102.19000244140625,164.08999633789062,68.12999725341797,120.19000244140625,299.4100036621094,40.310001373291016,174.0500030517578,115.0199966430664,288.9200134277344,94.48999786376953,92.44999694824219,77.56999969482422,66.11000061035156,15.755000114440918,51.130001068115234,152.35000610351562,125.86000061035156,40.43000030517578,126.38999938964844,88.83000183105469,472.30999755859375,48.04999923706055,120.11000061035156,40.7400016784668,40.064998626708984,32.22999954223633,127.33000183105469,90.4000015258789,152.3300018310547,98.38999938964844,244.05999755859375,541.4400024414062,55.38999938964844,34.79999923706055,76.5,50.2599983215332,105.12999725341797,168.8800048828125,70.51000213623047,122.9000015258789,311.260009765625,42.25,174.85000610351562,119.45999908447266,290.7300109863281,96.4800033569336,92.44999694824219,80.62000274658203,70.5999984741211,17.332000732421875,51.27000045776367,155.57000732421875,132.8800048828125,41.38999938964844,134.9933319091797,93.04000091552734,481.3800048828125,49.459999084472656,125.02999877929688,42.5099983215332,41.209999084472656,33.209999084472656,129.0800018310547,91.93000030517578,6746400,164126800,3860500,1205700,40281000,62406500,17329700,29025500,6717700,9615000,12971600,3559800,2201100,44802300,7522100,13150100,3129100,5892900,11757100,8705000,20313300,739105000,31250400,2014500,11370100,9870700,4083900,10469900,3068200,8463600,5095700,35410400,63840000,77984600,12833700,28795000
2022-05-23,127.9744644165039,95.06999969482422,219.8081817626953,534.8489379882812,48.98477554321289,32.37664031982422,64.74961853027344,45.861846923828125,93.88677215576172,146.0910186767578,58.90742111206055,107.05888366699219,286.26507568359375,39.56058120727539,160.80538940429688,112.60317993164062,292.7232360839844,88.88346099853516,83.0872573852539,72.1785659790039,68.13053894042969,16.867290496826172,42.31806945800781,138.7943572998047,120.54662322998047,39.930946350097656,128.5657501220703,85.65164184570312,457.7483215332031,42.1486701965332,110.08200073242188,39.559486389160156,36.471641540527344,31.686506271362305,122.53897857666016,82.09444427490234,148.02999877929688,95.06999969482422,249.0399932861328,554.6099853515625,52.63600158691406,35.869998931884766,76.69999694824219,52.77000045776367,109.0199966430664,171.72000122070312,71.05999755859375,128.07000732421875,316.6099853515625,42.0,179.44000244140625,124.5999984741211,302.6000061035156,96.91000366210938,93.83000183105469,82.30999755859375,69.58999633789062,16.898000717163086,52.880001068115234,162.1699981689453,132.1199951171875,43.810001373291016,132.8866729736328,91.5,492.0799865722656,50.75,123.95999908447266,43.81999969482422,41.96500015258789,33.9900016784668,130.9199981689453,93.88999938964844,152.0,95.19000244140625,251.0500030517578,557.8200073242188,53.55699920654297,36.2599983215332,77.4800033569336,53.599998474121094,109.43000030517578,172.9600067138672,71.55999755859375,128.27000427246094,321.8299865722656,42.25,179.92999267578125,126.56999969482422,304.9200134277344,98.94999694824219,94.91999816894531,83.33999633789062,70.19999694824219,16.915000915527344,53.70000076293945,163.6199951171875,132.42999267578125,43.9900016784668,133.24000549316406,91.91000366210938,495.739990234375,51.25,125.0,44.31999969482422,42.11000061035156,34.2400016784668,131.42999267578125,94.7699966430664,147.19000244140625,90.91999816894531,247.8800048828125,545.719970703125,51.42599868774414,34.65999984741211,76.45999908447266,51.150001525878906,105.7699966430664,169.11000061035156,69.83999633789062,122.41999816894531,311.07000732421875,41.33000183105469,177.4600067138672,120.44999694824219,299.3500061035156,96.13999938964844,93.4000015258789,80.0999984741211,68.5199966430664,16.179000854492188,52.47999954223633,158.50999450683594,128.14999389648438,41.459999084472656,130.27667236328125,90.6500015258789,486.2900085449219,49.849998474121094,121.66999816894531,42.72999954223633,41.1150016784668,33.380001068115234,130.3800048828125,92.55000305175781,151.64999389648438,91.66000366210938,249.67999267578125,549.239990234375,52.400001525878906,34.7599983215332,76.51000213623047,51.349998474121094,106.04000091552734,169.42999267578125,70.8499984741211,124.27999877929688,312.7200012207031,41.689998626708984,177.60000610351562,120.45999908447266,300.6000061035156,97.62999725341797,93.58999633789062,80.79000091552734,68.7699966430664,16.27400016784668,52.58000183105469,158.82000732421875,129.9499969482422,41.90999984741211,131.2899932861328,91.0199966430664,486.2900085449219,50.349998474121094,124.5,42.72999954223633,41.369998931884766,33.54999923706055,130.64999389648438,92.66000366210938,6886400,128773000,2272600,977000,58586000,69081900,13539200,35166800,8646900,10216400,9610300,3344300,2653000,27199500,7040800,24376700,2873600,5440200,9067000,7787700,12356200,639889000,24035800,2047500,10023400,13288000,3639300,6920500,2279800,6472100,5266200,27979100,53289400,78189300,9196500,27239300
2022-05-24,128.9081573486328,91.16000366210938,222.3236541748047,526.9603881835938,48.78376388549805,32.17807388305664,65.11261749267578,45.783634185791016,94.28292083740234,146.8737030029297,58.35200500488281,108.04529571533203,283.86004638671875,39.249752044677734,162.56185913085938,114.1937026977539,295.9735107421875,89.24114227294922,83.80451202392578,71.87164306640625,65.22283172607422,16.124643325805664,42.74220657348633,139.7272186279297,117.27111053466797,40.01298522949219,125.43434143066406,83.04933166503906,462.8460388183594,42.389522552490234,110.30403137207031,39.08102035522461,36.61070251464844,31.621240615844727,122.90402221679688,82.54036712646484,149.11000061035156,91.16000366210938,251.88999938964844,546.4299926757812,52.41999816894531,35.650001525878906,77.12999725341797,52.68000030517578,109.4800033569336,172.63999938964844,70.38999938964844,129.25,313.95001220703125,41.66999816894531,181.39999389648438,126.36000061035156,305.9599914550781,97.30000305175781,94.63999938964844,81.95999908447266,66.62000274658203,16.15399932861328,53.40999984741211,163.25999450683594,128.52999877929688,43.900001525878906,129.64999389648438,88.72000122070312,497.55999755859375,51.040000915527344,124.20999908447266,43.290000915527344,42.125,33.91999816894531,131.30999755859375,94.4000015258789,151.35000610351562,93.41999816894531,252.39999389648438,557.5499877929688,52.887001037597656,35.959999084472656,77.72000122070312,53.0099983215332,109.9800033569336,173.5800018310547,71.31999969482422,130.2100067138672,315.79998779296875,41.88999938964844,181.74000549316406,127.48999786376953,307.6700134277344,97.83999633789062,94.80000305175781,82.22000122070312,68.41000366210938,16.597000122070312,53.61000061035156,163.82000732421875,130.33999633789062,44.20000076293945,131.19000244140625,89.80000305175781,498.0799865722656,51.220001220703125,124.98999786376953,43.77000045776367,42.29999923706055,34.029998779296875,131.52999877929688,94.79000091552734,146.61000061035156,89.62000274658203,248.3300018310547,542.6300048828125,51.61899948120117,34.959999084472656,76.41000366210938,51.4900016784668,106.30000305175781,169.80999755859375,69.05000305175781,124.75,306.42999267578125,41.099998474121094,179.10000610351562,123.11000061035156,299.79998779296875,95.20999908447266,93.56999969482422,80.05000305175781,66.01000213623047,15.779999732971191,52.709999084472656,158.7100067138672,126.05000305175781,42.459999084472656,128.17333984375,88.5199966430664,488.6600036621094,49.75,121.0,42.63999938964844,41.18000030517578,33.220001220703125,129.6999969482422,92.31999969482422,147.02999877929688,92.54000091552734,248.6699981689453,555.5700073242188,52.66600036621094,35.470001220703125,76.69999694824219,52.470001220703125,107.94999694824219,170.69000244140625,70.33000183105469,126.27999877929688,315.3500061035156,41.70000076293945,179.25,124.36000061035156,303.7099914550781,95.88999938964844,94.25,81.80000305175781,68.36000061035156,16.510000228881836,52.709999084472656,161.6999969482422,130.33999633789062,42.970001220703125,130.75332641601562,89.5199966430664,490.7900085449219,50.61000061035156,122.06999969482422,43.689998626708984,41.5,33.790000915527344,130.5399932861328,92.81999969482422,6367200,123341400,2667300,1085500,25060000,46146700,13242500,24344800,6859100,9782700,7960600,3127200,1870900,29837500,6419800,19324900,2804900,3941300,9021000,6225700,18764500,588550000,26729800,2218600,9157100,11259800,2865600,8788600,2658100,7000300,3677600,23996000,53127600,77871200,9031300,24293300
2022-05-25,131.37203979492188,92.6500015258789,223.31222534179688,528.5515747070312,49.475223541259766,32.349571228027344,65.2054672241211,45.8010139465332,95.76416778564453,149.23033142089844,59.63693618774414,111.23857116699219,284.7189636230469,39.748966217041016,160.9667205810547,114.98898315429688,296.9892578125,90.81866455078125,83.01642608642578,72.10842895507812,66.44659423828125,16.944154739379883,42.9822883605957,143.46734619140625,119.73461151123047,41.0611572265625,127.69180297851562,84.6313247680664,463.3390808105469,42.51409912109375,113.08358764648438,39.83032989501953,37.36681365966797,31.872955322265625,122.8665771484375,84.20166015625,151.9600067138672,92.6500015258789,253.00999450683594,548.0800170898438,53.16299819946289,35.84000015258789,77.23999786376953,52.70000076293945,111.19999694824219,175.41000366210938,71.94000244140625,133.07000732421875,314.8999938964844,42.20000076293945,179.6199951171875,127.23999786376953,307.010009765625,99.0199966430664,93.75,82.2300033569336,67.87000274658203,16.975000381469727,53.709999084472656,167.6300048828125,131.22999572753906,45.04999923706055,131.98333740234375,90.41000366210938,498.0899963378906,51.189998626708984,127.33999633789062,44.119998931884766,42.994998931884766,34.189998626708984,131.27000427246094,96.30000305175781,152.99000549316406,93.88999938964844,254.80999755859375,551.8599853515625,53.744998931884766,36.27000045776367,77.87000274658203,53.119998931884766,111.52999877929688,175.99000549316406,72.19000244140625,133.4600067138672,317.6000061035156,42.52000045776367,181.5500030517578,127.86000061035156,310.4200134277344,100.08000183105469,94.76000213623047,82.81999969482422,68.8499984741211,17.111000061035156,54.04999923706055,169.16000366210938,132.07000732421875,45.310001373291016,133.22332763671875,90.91999816894531,502.30999755859375,51.52000045776367,129.6300048828125,44.459999084472656,43.05500030517578,34.400001525878906,132.1300048828125,96.52999877929688,149.7899932861328,89.5199966430664,250.02999877929688,538.030029296875,52.38999938964844,35.290000915527344,76.66000366210938,52.02000045776367,109.55000305175781,172.97000122070312,70.0,129.52000427246094,309.9800109863281,41.38999938964844,179.05999755859375,125.16999816894531,304.6400146484375,97.0999984741211,93.13999938964844,81.0,65.9000015258789,16.0,53.04999923706055,162.8300018310547,127.25,43.56999969482422,128.65333557128906,89.04000091552734,491.260009765625,50.459999084472656,124.02999877929688,43.029998779296875,42.209999084472656,33.7400016784668,130.0399932861328,94.47000122070312,150.36000061035156,90.43000030517578,253.0,541.6900024414062,52.38999938964844,35.5,77.12999725341797,52.560001373291016,109.94999694824219,173.13999938964844,70.22000122070312,130.50999450683594,311.25,41.439998626708984,180.52999877929688,126.27999877929688,307.0,97.2699966430664,94.36000061035156,81.27999877929688,65.93000030517578,16.020000457763672,53.20000076293945,162.86000061035156,127.80000305175781,43.70000076293945,128.77333068847656,89.33000183105469,498.5199890136719,50.84000015258789,124.23999786376953,43.09000015258789,42.27000045776367,33.84000015258789,131.22000122070312,94.58000183105469,5042600,111771100,3538400,832600,17842000,49343400,12508400,23507900,6707000,10174500,8740500,3879700,1929500,26283100,6558900,12780400,3195700,5486200,11177700,6747800,16241200,781132000,24003900,2814400,9766000,17205000,2512500,9113500,3161600,7374700,5677200,22343900,52648000,72192600,8532400,29947800
2022-05-26,130.17030334472656,98.75,223.34751892089844,540.1144409179688,51.24622344970703,33.09872817993164,65.50093841552734,47.00904846191406,97.44347381591797,150.23419189453125,61.18710708618164,111.78194427490234,292.6123046875,40.954627990722656,160.8233184814453,116.97715759277344,303.228759765625,91.2405776977539,81.74127960205078,74.5374526977539,69.11935424804688,17.818557739257812,43.206363677978516,148.02047729492188,123.02837371826172,42.55594253540039,132.68080139160156,85.1836166381836,467.1902160644531,43.30309295654297,113.77626037597656,41.16643524169922,37.779640197753906,32.60940933227539,123.3907470703125,84.49895477294922,150.57000732421875,98.75,253.0500030517578,560.0700073242188,55.066001892089844,36.66999816894531,77.58999633789062,54.09000015258789,113.1500015258789,176.58999633789062,73.80999755859375,133.72000122070312,323.6300048828125,43.47999954223633,179.4600067138672,129.44000244140625,313.4599914550781,99.4800033569336,92.30999755859375,85.0,70.5999984741211,17.85099983215332,53.9900016784668,172.9499969482422,134.83999633789062,46.689998626708984,137.13999938964844,91.0,502.2300109863281,52.13999938964844,128.1199951171875,45.599998474121094,43.470001220703125,34.97999954223633,131.8300018310547,96.63999938964844,153.07000732421875,100.33000183105469,255.61000061035156,562.47998046875,55.457000732421875,36.84000015258789,78.61000061035156,54.25,114.5999984741211,177.92999267578125,75.44000244140625,136.42999267578125,325.5,43.68000030517578,181.0,130.19000244140625,313.9100036621094,100.36000061035156,94.25,85.55000305175781,71.04000091552734,18.091999053955078,54.91999816894531,174.35000610351562,136.0,47.08000183105469,137.75332641601562,91.37000274658203,507.260009765625,52.400001525878906,129.9600067138672,45.7599983215332,43.79499816894531,35.099998474121094,132.3300018310547,97.43000030517578,150.38999938964844,90.73999786376953,252.0800018310547,541.3499755859375,52.77199935913086,36.34000015258789,77.31999969482422,53.16999816894531,112.18000030517578,175.00999450683594,72.30999755859375,132.99000549316406,317.9800109863281,42.08000183105469,178.60000610351562,128.2100067138672,303.6099853515625,98.76000213623047,91.0,83.23999786376953,66.3499984741211,16.02199935913086,53.880001068115234,168.47000122070312,129.86000061035156,45.40999984741211,130.5366668701172,89.04000091552734,499.4100036621094,51.560001373291016,126.19000244140625,44.75,43.224998474121094,34.529998779296875,131.22000122070312,96.19999694824219,151.6300048828125,91.33999633789062,253.38999938964844,542.4000244140625,53.15399932861328,36.5,78.11000061035156,53.459999084472656,112.62999725341797,176.49000549316406,72.5,134.83999633789062,318.29998779296875,42.16999816894531,181.0,128.3699951171875,305.2300109863281,99.7699966430664,94.23999786376953,83.3499984741211,66.38999938964844,16.035999298095703,54.060001373291016,168.89999389648438,130.00999450683594,45.5,130.74667358398438,89.41000366210938,501.739990234375,51.66999816894531,129.22000122070312,44.83000183105469,43.255001068115234,34.560001373291016,131.60000610351562,96.5999984741211,6659300,128792700,2222300,933800,39743000,60201200,12028800,19140700,6159000,11213900,12960200,3384200,2440400,28826700,6897600,15990900,3284200,4520600,17249500,8573400,14902500,996575000,23516300,2648800,7932800,16282900,2966700,9762700,2705800,5799100,4887400,23502500,42678200,50803200,9090100,24314800
2022-05-27,129.67755126953125,102.26000213623047,225.29811096191406,562.5936279296875,54.28194046020508,33.414634704589844,64.27687072753906,46.6005744934082,98.69221496582031,151.67193603515625,62.83679962158203,114.39844512939453,297.0877990722656,41.96247863769531,162.28407287597656,118.63097381591797,312.9216613769531,93.64358520507812,82.42312622070312,75.80897521972656,71.78231811523438,18.776817321777344,43.1423454284668,149.81777954101562,127.51740264892578,43.94136047363281,138.1374053955078,87.77656555175781,471.729736328125,43.60206985473633,117.05314636230469,41.4282341003418,38.47056198120117,33.159423828125,125.44054412841797,85.32957458496094,150.0,102.26000213623047,255.25999450683594,583.3800048828125,58.327999114990234,37.02000045776367,76.13999938964844,53.619998931884766,114.5999984741211,178.27999877929688,75.80000305175781,136.85000610351562,328.5799865722656,44.54999923706055,181.08999633789062,131.27000427246094,323.4800109863281,102.0999984741211,93.08000183105469,86.44999694824219,73.31999969482422,18.81100082397461,53.90999984741211,175.0500030517578,139.75999450683594,48.209999084472656,142.77999877929688,93.7699966430664,507.1099853515625,52.5,131.80999755859375,45.88999938964844,44.26499938964844,35.56999969482422,134.02000427246094,97.58999633789062,150.0500030517578,102.4000015258789,256.2300109863281,583.8599853515625,58.54600143432617,37.04999923706055,77.44999694824219,54.0,114.5999984741211,178.35000610351562,75.83000183105469,136.94000244140625,328.6700134277344,44.54999923706055,181.16000366210938,131.27000427246094,324.0799865722656,102.55000305175781,93.11000061035156,86.4800033569336,73.44000244140625,18.881000518798828,54.40999984741211,175.05999755859375,140.13999938964844,48.41999816894531,143.01666259765625,93.81999969482422,507.1099853515625,52.540000915527344,133.0800018310547,46.04999923706055,44.3849983215332,35.63999938964844,134.0500030517578,97.93000030517578,147.75,99.37999725341797,250.9199981689453,572.0999755859375,56.000999450683594,36.58000183105469,75.47000122070312,53.040000915527344,111.87000274658203,175.69000244140625,73.11000061035156,132.02000427246094,323.19000244140625,43.54999923706055,178.22999572753906,129.13999938964844,311.260009765625,99.58999633789062,91.75,84.91999816894531,71.63999938964844,18.100000381469727,53.52000045776367,172.55999755859375,136.10000610351562,46.130001068115234,139.30332946777344,92.52999877929688,489.3900146484375,51.970001220703125,128.1999969482422,45.45000076293945,43.16999816894531,35.06999969482422,131.50999450683594,95.30000305175781,149.52000427246094,100.13999938964844,253.5,572.6300048828125,56.20899963378906,36.88999938964844,77.30999755859375,54.0,112.1500015258789,176.52000427246094,73.58999633789062,132.72999572753906,326.75,43.59000015258789,179.75999450683594,130.16000366210938,312.6499938964844,99.69000244140625,92.27999877929688,85.56999969482422,71.76000213623047,18.18600082397461,53.91999816894531,172.75999450683594,136.10000610351562,46.2599983215332,139.30332946777344,92.62000274658203,491.0,52.36000061035156,128.50999450683594,45.70000076293945,43.275001525878906,35.130001068115234,132.05999755859375,95.94999694824219,8405000,104348400,2678900,843900,37301000,43365600,16315700,19509300,6788700,10512300,9335500,2941000,2106700,30553300,5853600,11177800,3694300,5987400,9802000,6300000,13078700,738379000,21407500,1651800,9180800,13950700,3165600,6279000,3349100,5645900,4518900,19482600,37334400,43862500,13696000,25588800
2022-05-31,127.40388488769531,101.86000061035156,226.60438537597656,555.7564086914062,53.988792419433594,33.57712173461914,63.69437789916992,46.41807174682617,96.76314544677734,148.5922393798828,62.0907096862793,114.49040985107422,297.33349609375,41.840023040771484,160.88604736328125,119.49853515625,303.2093505859375,93.35923767089844,81.49333953857422,75.53711700439453,72.29141235351562,18.638071060180664,42.44611358642578,150.1259002685547,130.67433166503906,42.04319381713867,137.4279022216797,89.20877075195312,462.1203918457031,44.075477600097656,115.090576171875,41.319908142089844,37.892616271972656,33.06621551513672,123.76512908935547,83.93936157226562,147.3699951171875,101.86000061035156,256.739990234375,576.2899780273438,58.01300048828125,37.20000076293945,75.44999694824219,53.40999984741211,112.36000061035156,174.66000366210938,74.9000015258789,136.9600067138672,326.8500061035156,44.41999816894531,179.52999877929688,132.22999572753906,313.44000244140625,101.79000091552734,92.02999877929688,86.13999938964844,73.83999633789062,18.672000885009766,53.040000915527344,175.41000366210938,143.22000122070312,45.959999084472656,142.04666137695312,95.30000305175781,496.7799987792969,53.06999969482422,129.60000610351562,45.77000045776367,43.599998474121094,35.470001220703125,132.22999572753906,96.0,148.8800048828125,104.55000305175781,257.260009765625,584.8099975585938,58.702999114990234,37.529998779296875,75.9800033569336,53.86000061035156,117.98999786376953,180.9600067138672,79.19000244140625,141.99000549316406,329.7200012207031,44.75,180.1699981689453,133.14999389648438,318.4599914550781,104.61000061035156,92.62000274658203,86.81999969482422,74.4800033569336,19.200000762939453,53.5,176.47000122070312,143.97000122070312,48.689998626708984,143.30667114257812,96.29000091552734,504.1099853515625,53.369998931884766,135.75,46.27000045776367,45.22999954223633,35.7400016784668,133.0800018310547,99.77999877929688,146.6699981689453,100.04000091552734,251.00999450683594,572.8499755859375,57.599998474121094,36.61000061035156,73.66999816894531,52.439998626708984,111.31999969482422,173.47000122070312,74.47000122070312,136.22999572753906,322.6600036621094,43.650001525878906,175.00999450683594,129.7100067138672,309.0299987792969,101.43000030517578,90.87000274658203,84.93000030517578,71.93000030517578,18.350000381469727,51.939998626708984,172.17999267578125,137.44000244140625,45.43000030517578,139.86666870117188,94.51000213623047,495.6600036621094,51.630001068115234,128.75999450683594,45.0,43.3650016784668,35.09000015258789,131.16000366210938,95.70999908447266,148.63999938964844,102.43000030517578,255.0,584.5900268554688,58.45000076293945,36.81999969482422,75.08000183105469,53.029998779296875,116.2300033569336,179.9600067138672,78.4800033569336,139.97999572753906,324.010009765625,44.25,178.0,130.17999267578125,316.6300048828125,102.91000366210938,91.91000366210938,85.45999908447266,73.47000122070312,18.979999542236328,53.31999969482422,172.52999877929688,139.5,48.689998626708984,142.53334045410156,95.54000091552734,503.6199951171875,51.93000030517578,133.92999267578125,45.34000015258789,44.994998931884766,35.279998779296875,132.83999633789062,98.55999755859375,11227800,125102900,6737500,822300,30009000,71609200,28617100,25805400,17278500,20547600,22040700,7746300,2722900,41111500,16391400,17015000,6298900,11267100,22860800,10780700,15453000,664100000,66058200,2995500,16007300,28706600,2807100,9621700,4003100,10600500,6325300,40727400,78681200,64778900,11740800,44888100
2022-06-01,126.23676300048828,101.22000122070312,223.674072265625,543.5762939453125,53.38295364379883,33.09872817993164,63.28072738647461,45.531593322753906,99.68256378173828,150.0044708251953,63.4005012512207,116.97312927246094,292.7850341796875,41.54803466796875,159.25506591796875,117.40192413330078,300.9264221191406,95.30366516113281,80.70523834228516,74.5374526977539,72.00748443603516,18.28670883178711,41.90993881225586,147.583984375,128.42715454101562,42.70183563232422,135.24786376953125,88.69392395019531,458.18560791015625,42.97919845581055,117.71031188964844,40.76921081542969,38.509674072265625,32.53483963012695,121.98677062988281,85.54817962646484,146.02000427246094,101.22000122070312,253.4199981689453,563.6599731445312,57.36199951171875,36.66999816894531,74.95999908447266,52.38999938964844,115.75,176.32000732421875,76.4800033569336,139.92999267578125,321.8500061035156,44.11000061035156,177.7100067138672,129.91000366210938,311.0799865722656,103.91000366210938,91.13999938964844,85.0,73.55000305175781,18.31999969482422,52.369998931884766,172.44000244140625,140.02000427246094,46.68000030517578,139.7933349609375,94.75,492.54998779296875,51.75,132.5500030517578,45.15999984741211,44.310001373291016,34.900001525878906,130.3300018310547,97.83999633789062,147.88999938964844,103.56999969482422,257.9700012207031,579.75,59.09400177001953,37.470001220703125,75.51000213623047,53.7400016784668,117.30000305175781,178.1300048828125,77.5999984741211,141.6300048828125,329.2699890136719,44.93000030517578,179.8300018310547,132.8699951171875,313.8999938964844,104.61000061035156,91.93000030517578,86.77999877929688,75.38999938964844,19.05299949645996,53.279998779296875,176.0,143.91000366210938,47.33000183105469,143.49000549316406,96.36000061035156,501.3800048828125,53.209999084472656,133.66000366210938,46.06999969482422,44.6349983215332,35.470001220703125,132.72999572753906,98.70999908447266,144.32000732421875,99.55000305175781,251.35000610351562,557.0,56.84299850463867,36.16999816894531,74.33999633789062,51.72999954223633,114.18000030517578,174.94000244140625,75.0199966430664,137.39999389648438,315.8299865722656,43.529998779296875,175.89999389648438,128.6699981689453,305.5899963378906,101.66000366210938,90.04000091552734,83.70999908447266,72.55000305175781,18.121999740600586,51.84000015258789,170.13999938964844,138.1699981689453,46.0,137.86000061035156,93.83000183105469,487.7799987792969,51.52000045776367,128.8300018310547,44.400001525878906,43.665000915527344,34.56999969482422,129.2899932861328,96.62000274658203,147.7899932861328,102.12999725341797,257.8800048828125,577.4400024414062,58.757999420166016,37.459999084472656,75.33999633789062,53.5,114.36000061035156,176.72999572753906,76.36000061035156,139.83999633789062,327.0,44.77000045776367,179.14999389648438,132.8699951171875,313.44000244140625,102.86000061035156,91.66999816894531,86.44000244140625,74.5,18.724000930786133,53.25,175.83999633789062,142.5500030517578,47.040000915527344,142.77000427246094,95.5999984741211,498.32000732421875,53.209999084472656,130.3300018310547,45.959999084472656,44.150001525878906,35.380001068115234,132.7100067138672,97.0199966430664,5597900,99351400,2664600,542100,18345000,35237900,12280200,23902000,7246600,8824100,9911800,4390300,2330200,29885500,5175400,10768000,2731500,5366600,10492500,6543900,13595400,544514000,17430600,1325900,8514300,15207500,2466000,6152400,1765900,8293200,3974000,20417900,59297200,48642400,9259900,25815400
2022-06-02,126.86788177490234,108.58999633789062,219.13742065429688,559.8550415039062,53.67331314086914,33.31660842895508,63.373600006103516,45.56636428833008,99.00222778320312,149.73226928710938,63.25957489013672,116.56351470947266,294.9682312011719,42.23563766479492,158.75320434570312,119.2906723022461,292.55877685546875,95.63383483886719,79.69575500488281,74.71283721923828,73.7893295288086,19.556392669677734,42.15801239013672,150.21148681640625,134.09548950195312,42.35421371459961,139.9595184326172,90.18228912353516,457.9158630371094,43.33631134033203,118.6604995727539,40.92267990112305,38.387996673583984,32.98230743408203,122.9508056640625,85.39954376220703,146.75,108.58999633789062,248.27999877929688,580.5399780273438,57.67399978637695,36.70000076293945,75.06999969482422,52.43000030517578,114.95999908447266,176.0,76.30999755859375,139.44000244140625,324.25,44.84000015258789,177.14999389648438,132.0,302.42999267578125,104.2699966430664,90.0,85.19999694824219,75.37000274658203,19.591999053955078,52.68000030517578,175.50999450683594,146.1999969482422,46.29999923706055,144.663330078125,96.33999633789062,492.260009765625,52.18000030517578,133.6199951171875,45.33000183105469,44.16999816894531,35.380001068115234,131.36000061035156,97.66999816894531,147.07000732421875,109.5,252.72999572753906,581.3200073242188,57.777000427246094,36.709999084472656,75.5999984741211,52.5,115.94999694824219,176.50999450683594,77.19999694824219,141.0,325.20001220703125,44.880001068115234,177.80999755859375,132.00999450683594,310.6700134277344,104.62999725341797,91.13999938964844,85.37999725341797,75.41000366210938,19.618999481201172,52.7400016784668,175.55999755859375,146.25,46.869998931884766,144.80667114257812,96.37000274658203,496.1499938964844,52.279998779296875,135.38999938964844,45.43000030517578,44.47999954223633,35.40999984741211,131.38999938964844,98.0999984741211,142.89999389648438,100.77999877929688,243.85000610351562,562.8200073242188,56.8129997253418,36.06999969482422,73.62000274658203,51.599998474121094,113.11000061035156,174.10000610351562,74.83999633789062,136.66000366210938,319.2300109863281,43.939998626708984,174.58999633789062,128.6699981689453,298.1700134277344,102.68000030517578,88.73999786376953,83.66999816894531,73.12999725341797,18.197999954223633,51.040000915527344,170.9600067138672,139.6999969482422,45.91999816894531,139.0366668701172,93.62000274658203,482.9700012207031,51.150001525878906,131.25,44.5099983215332,43.72999954223633,34.65999984741211,128.1699981689453,96.79000091552734,146.64999389648438,100.77999877929688,252.6199951171875,564.4199829101562,57.775001525878906,36.40999984741211,75.5,52.400001525878906,114.26000213623047,174.74000549316406,75.41000366210938,137.8800048828125,320.5899963378906,44.189998626708984,177.74000549316406,129.89999389648438,310.57000732421875,103.19999694824219,91.12999725341797,85.18000030517578,73.12999725341797,18.29199981689453,52.369998931884766,172.41000366210938,140.25999450683594,46.709999084472656,139.30667114257812,93.98999786376953,494.0,51.720001220703125,131.6300048828125,45.119998931884766,44.0,34.93000030517578,130.5,97.29000091552734,5998900,120953800,3916200,669200,29488000,35341900,12805100,17473600,5042700,7441900,7514300,2619700,1957500,28727600,8666500,8374800,3703300,5154200,11066200,7468700,11373200,648656000,21903400,1418000,9589500,8155100,2005800,6335000,2093500,7882500,4476100,14633300,52605400,45334700,9575400,19089100
2022-06-03,127.23098754882812,106.30000305175781,219.2874755859375,543.5670166015625,52.42439651489258,32.85362243652344,63.45800018310547,44.61036682128906,101.72358703613281,151.0934600830078,63.848140716552734,119.10475158691406,289.9012756347656,40.869850158691406,158.09896850585938,117.62784576416016,291.80419921875,96.87203216552734,79.61605834960938,73.76579284667969,68.47320556640625,18.68597984313965,42.57415771484375,148.3200225830078,129.5277862548828,43.424503326416016,135.77354431152344,87.77656555175781,451.72979736328125,43.13698959350586,120.25898742675781,40.4622688293457,38.89641571044922,32.506866455078125,121.50941467285156,86.64114379882812,147.1699981689453,106.30000305175781,248.4499969482422,563.6500244140625,56.332000732421875,36.189998626708984,75.16999816894531,51.33000183105469,118.12000274658203,177.60000610351562,77.0199966430664,142.47999572753906,318.67999267578125,43.38999938964844,176.4199981689453,130.16000366210938,301.6499938964844,105.62000274658203,89.91000366210938,84.12000274658203,69.94000244140625,18.719999313354492,53.20000076293945,173.3000030517578,141.22000122070312,47.470001220703125,140.336669921875,93.7699966430664,485.6099853515625,51.939998626708984,135.4199981689453,44.81999969482422,44.755001068115234,34.869998931884766,129.82000732421875,99.08999633789062,148.2100067138672,109.38999938964844,250.69000244140625,569.8499755859375,56.959999084472656,36.68000030517578,75.31999969482422,52.33000183105469,118.41999816894531,178.25,77.3499984741211,143.27000427246094,322.5,44.25,178.6699981689453,131.77000427246094,305.80999755859375,106.13999938964844,90.68000030517578,84.98999786376953,71.69000244140625,19.332000732421875,53.529998779296875,175.25,143.44000244140625,47.72999954223633,142.3300018310547,94.58000183105469,491.6700134277344,52.290000915527344,136.32000732421875,45.33000183105469,44.89500045776367,35.20000076293945,131.02999877929688,99.66000366210938,146.75,104.6500015258789,247.72000122070312,560.8900146484375,56.097999572753906,36.130001068115234,74.30000305175781,51.220001220703125,115.12000274658203,176.0,76.08000183105469,139.77999877929688,317.5,43.34000015258789,176.14999389648438,129.99000549316406,300.70001220703125,104.2699966430664,89.68000030517578,83.68000030517578,69.11000061035156,18.52199935913086,52.459999084472656,172.80999755859375,140.61000061035156,46.33000183105469,139.68666076660156,92.9000015258789,484.8999938964844,51.790000915527344,133.22999572753906,44.61000061035156,44.17499923706055,34.83000183105469,129.64999389648438,97.9000015258789,146.75,105.80000305175781,248.3000030517578,567.1599731445312,56.887001037597656,36.47999954223633,74.3499984741211,52.06999969482422,115.44999694824219,176.0,76.5,140.08999633789062,320.8800048828125,44.11000061035156,177.07000732421875,131.2100067138672,302.1600036621094,104.41999816894531,89.73999786376953,84.16999816894531,71.69000244140625,19.082000732421875,52.459999084472656,173.5800018310547,142.17999267578125,46.40999984741211,141.52999877929688,94.36000061035156,488.3299865722656,52.08000183105469,133.82000732421875,44.83000183105469,44.224998474121094,35.04999923706055,130.4499969482422,97.9000015258789,4891800,110844700,2086500,531000,20562000,25235200,12188400,16550000,5387100,8435300,7106800,2665200,1238900,33174700,4234200,8596000,2490000,5665400,7051600,5276900,30306600,598779000,18125000,1267300,7458900,8854400,2065500,9137100,1756900,8820500,4860400,12572400,41050600,36699400,5852600,21038200
2022-06-06,126.67770385742188,105.6500015258789,216.63075256347656,551.3203125,52.229888916015625,32.81730651855469,63.52553939819336,44.67120361328125,101.08631134033203,150.43838500976562,63.87303161621094,117.95954132080078,291.56597900390625,40.82275390625,158.0811004638672,117.23924255371094,293.45843505859375,100.32978057861328,79.5540771484375,74.4234619140625,68.9725112915039,18.75185775756836,42.622169494628906,148.13172912597656,128.8123779296875,43.195823669433594,136.0089569091797,87.15874481201172,455.9809265136719,43.394447326660156,123.16290283203125,40.733089447021484,38.852970123291016,32.600093841552734,121.52814483642578,86.42254638671875,146.52999877929688,105.6500015258789,245.44000244140625,571.6900024414062,56.12300109863281,36.150001525878906,75.25,51.400001525878906,117.37999725341797,176.8300018310547,77.05000305175781,141.11000061035156,320.510009765625,43.34000015258789,176.39999389648438,129.72999572753906,303.3599853515625,109.38999938964844,89.83999633789062,84.87000274658203,70.44999694824219,18.785999298095703,53.2599983215332,173.0800018310547,140.44000244140625,47.220001220703125,140.5800018310547,93.11000061035156,490.17999267578125,52.25,138.69000244140625,45.119998931884766,44.70500183105469,34.970001220703125,129.83999633789062,98.83999633789062,147.82000732421875,109.56999969482422,248.8300018310547,583.4600219726562,57.27199935913086,37.209999084472656,75.62999725341797,52.56999969482422,118.80999755859375,178.0,78.16999816894531,143.72999572753906,325.2099914550781,44.040000915527344,178.5,132.38999938964844,315.1300048828125,110.30999755859375,90.66000366210938,86.27999877929688,72.13999938964844,19.336999893188477,53.720001220703125,176.3300018310547,144.97000122070312,48.0,143.75999450683594,95.54000091552734,493.6300048828125,53.220001220703125,140.22000122070312,45.88999938964844,45.0,35.52000045776367,131.02000427246094,99.77999877929688,145.66000366210938,104.2300033569336,243.61000061035156,569.4299926757812,55.75400161743164,36.099998474121094,74.69000244140625,51.369998931884766,116.62000274658203,175.50999450683594,76.05999755859375,139.55999755859375,319.7900085449219,43.08000183105469,176.0,129.4600067138672,303.0899963378906,105.80999755859375,89.69000244140625,84.73999786376953,70.01000213623047,18.56399917602539,53.0,172.82000732421875,139.9199981689453,46.880001068115234,139.64666748046875,92.87000274658203,486.2900085449219,52.06999969482422,135.4199981689453,44.959999084472656,44.46500015258789,34.959999084472656,129.49000549316406,98.66999816894531,147.0,108.2699966430664,248.3300018310547,579.6099853515625,57.152000427246094,36.70000076293945,75.44999694824219,51.79999923706055,118.19000244140625,177.89999389648438,77.9000015258789,143.0,323.0,43.810001373291016,177.2100067138672,131.08999633789062,315.1300048828125,105.83000183105469,90.16999816894531,85.19999694824219,70.73999786376953,19.138999938964844,53.189998626708984,174.99000549316406,144.9499969482422,47.790000915527344,143.2866668701172,95.0,489.42999267578125,52.43000030517578,135.4199981689453,45.34000015258789,44.970001220703125,35.15999984741211,130.75,99.18000030517578,3912400,96726900,2413700,483300,14557000,40394000,11551100,18473200,5608400,6734200,7709800,3225000,1099700,25437100,5386500,11323500,3734400,7557300,8336900,4022400,13198700,422406000,16544400,924700,7238700,6697000,2241900,9440200,1781500,5009200,4451200,11867200,33384600,32829600,7729000,20682100
2022-06-07,128.93408203125,105.27999877929688,217.4868927001953,556.4508666992188,53.32432556152344,32.99887466430664,64.6567611694336,45.27955627441406,105.67645263671875,153.30540466308594,64.69371032714844,121.98876190185547,292.4757385253906,41.0017204284668,159.81964111328125,117.5465087890625,301.9130859375,104.23696899414062,80.12079620361328,74.82684326171875,69.27601623535156,18.891603469848633,43.1823616027832,148.23443603515625,130.14231872558594,44.76008987426758,137.0957489013672,87.84210205078125,462.418212890625,43.65190505981445,128.83750915527344,41.049072265625,40.01321029663086,32.8517951965332,123.10994720458984,90.3834457397461,149.13999938964844,105.27999877929688,246.41000366210938,577.010009765625,57.29899978637695,36.349998474121094,76.58999633789062,52.099998474121094,122.70999908447266,180.1999969482422,78.04000091552734,145.92999267578125,321.510009765625,43.529998779296875,178.33999633789062,130.07000732421875,312.1000061035156,113.6500015258789,90.4800033569336,85.33000183105469,70.76000213623047,18.926000595092773,53.959999084472656,173.1999969482422,141.88999938964844,48.93000030517578,141.70333862304688,93.83999633789062,497.1000061035156,52.560001373291016,145.0800018310547,45.470001220703125,46.040000915527344,35.2400016784668,131.52999877929688,103.37000274658203,149.35000610351562,106.23999786376953,246.8000030517578,578.02001953125,57.45399856567383,36.40999984741211,76.72000122070312,52.22999954223633,122.70999908447266,180.66000366210938,78.20999908447266,146.25999450683594,321.8399963378906,43.59000015258789,179.3000030517578,130.32000732421875,312.1499938964844,113.66000366210938,90.81999969482422,85.4000015258789,70.87000274658203,19.0,53.970001220703125,173.35000610351562,142.14999389648438,49.08000183105469,142.10333251953125,93.86000061035156,497.6099853515625,52.66999816894531,145.3699951171875,45.540000915527344,46.099998474121094,35.27000045776367,131.66000366210938,103.43000030517578,145.8699951171875,102.61000061035156,243.3699951171875,563.1400146484375,55.75299835205078,35.7400016784668,75.18000030517578,50.83000183105469,117.12999725341797,176.9199981689453,76.26000213623047,140.72000122070312,316.6600036621094,42.65999984741211,176.39999389648438,128.6199951171875,303.0199890136719,108.7699966430664,89.58000183105469,83.87999725341797,68.12000274658203,18.187999725341797,53.0099983215332,170.72000122070312,138.49000549316406,46.869998931884766,137.83999633789062,91.7699966430664,487.1199951171875,51.75,137.69000244140625,44.630001068115234,44.63999938964844,34.70000076293945,129.3699951171875,99.48999786376953,146.9199981689453,104.23999786376953,244.64999389648438,564.719970703125,56.05400085449219,35.900001525878906,75.2699966430664,51.029998779296875,117.18000030517578,177.47000122070312,76.73999786376953,140.75,318.2799987792969,43.060001373291016,176.97999572753906,128.8300018310547,303.989990234375,108.77999877929688,90.1500015258789,84.1500015258789,68.6500015258789,18.472000122070312,53.279998779296875,170.82000732421875,139.1300048828125,47.0,138.91000366210938,92.66999816894531,489.5,51.91999816894531,137.8000030517578,44.7599983215332,44.67499923706055,34.72999954223633,129.83999633789062,99.69999694824219,4991200,79022900,2693800,479000,15895000,29152200,13994500,15528800,8559000,9668300,10469500,3354500,2516800,25168700,5447800,6722200,3652800,7723900,10243300,4514300,14328000,388914000,15091200,1221100,6062800,14735800,1866600,7360200,2341900,5080000,5637700,13281600,51378800,32031400,7219100,37810200
2022-06-08,129.0291748046875,101.9000015258789,216.6660614013672,547.2216796875,52.6142463684082,32.58128356933594,64.31063842773438,44.67988586425781,104.94442749023438,154.0966033935547,64.60253143310547,121.8299331665039,286.2625427246094,38.83531188964844,158.86972045898438,115.67581939697266,303.2577819824219,103.52156829833984,79.23529052734375,72.9590072631836,67.16130828857422,18.61804962158203,42.79022979736328,145.41009521484375,127.4549331665039,45.345542907714844,134.17715454101562,87.49575805664062,459.0971984863281,43.05393600463867,127.67420196533203,40.29074478149414,40.10013198852539,32.273807525634766,122.13652038574219,91.4501724243164,149.25,101.9000015258789,245.47999572753906,567.4400024414062,56.5359992980957,35.88999938964844,76.18000030517578,51.40999984741211,121.86000061035156,181.1300048828125,77.93000030517578,145.74000549316406,314.67999267578125,41.22999954223633,177.27999877929688,128.0,313.489990234375,112.87000274658203,89.4800033569336,83.19999694824219,68.5999984741211,18.648000717163086,53.470001220703125,169.89999389648438,138.9600067138672,49.56999969482422,138.68666076660156,93.47000122070312,493.5299987792969,51.84000015258789,143.77000427246094,44.630001068115234,46.13999938964844,34.619998931884766,130.49000549316406,104.58999633789062,149.85000610351562,105.8499984741211,246.8800048828125,577.9500122070312,57.62699890136719,36.11000061035156,76.81999969482422,52.11000061035156,124.08000183105469,182.39999389648438,78.69999694824219,147.99000549316406,319.54998779296875,42.2599983215332,179.4499969482422,129.4499969482422,315.5,114.3499984741211,90.6500015258789,85.12999725341797,70.4000015258789,19.18000030517578,54.560001373291016,171.7100067138672,141.75999450683594,49.83000183105469,141.5,94.93000030517578,497.8999938964844,52.45000076293945,146.80999755859375,45.06999969482422,46.654998779296875,35.06999969482422,131.63999938964844,105.56999969482422,148.25,100.41000366210938,243.5800018310547,562.52001953125,56.2140007019043,35.52000045776367,75.91999816894531,51.060001373291016,121.5,180.25,77.12000274658203,144.9499969482422,312.79998779296875,41.029998779296875,176.8000030517578,126.9000015258789,310.80999755859375,112.47000122070312,89.2699966430664,82.73999786376953,67.76000213623047,18.53499984741211,53.40999984741211,168.88999938964844,137.4499969482422,48.08000183105469,137.63999938964844,93.13999938964844,488.54998779296875,51.560001373291016,142.80999755859375,44.22999954223633,45.85499954223633,34.4900016784668,130.1199951171875,102.9800033569336,148.89999389648438,104.56999969482422,246.66000366210938,573.5999755859375,57.18199920654297,35.91999816894531,76.5199966430664,51.70000076293945,122.72000122070312,180.9499969482422,78.5999984741211,147.0,318.3399963378906,42.25,178.10000610351562,129.0,312.42999267578125,114.05999755859375,90.58000183105469,84.5,69.83999633789062,18.798999786376953,54.060001373291016,171.7100067138672,140.75,49.0,140.92666625976562,94.0,494.0,52.11000061035156,144.42999267578125,44.880001068115234,46.26499938964844,34.970001220703125,131.16000366210938,103.48999786376953,4835200,97641900,2353900,605700,24004000,33590600,7617300,13207700,7010900,8715200,9974100,3494800,1438100,59649900,4333100,8422100,2684500,6385400,10266000,6787200,16363000,363252000,12789800,1112800,6773000,15101200,3396000,6446300,3268100,4409100,5828200,12364400,56985400,38251800,5372000,31613200
2022-06-09,125.72669982910156,98.80000305175781,213.37388610839844,523.0834350585938,51.76365661621094,31.32849884033203,64.14181518554688,43.42839813232422,102.10249328613281,151.025390625,64.53620147705078,119.1131362915039,276.7471008300781,37.68616485595703,155.6704559326172,113.24481201171875,293.3520202636719,102.1366195678711,77.92473602294922,71.17012023925781,64.63541412353516,18.01900863647461,41.437774658203125,139.50466918945312,125.39119720458984,44.03740692138672,130.3685760498047,85.04317474365234,455.2832336425781,41.79985046386719,127.3544921875,38.52130889892578,39.21364212036133,31.462764739990234,119.37535858154297,89.47409057617188,145.42999267578125,98.80000305175781,241.75,542.4099731445312,55.62200164794922,34.5099983215332,75.9800033569336,49.970001220703125,118.55999755859375,177.52000427246094,77.8499984741211,142.49000549316406,304.2200012207031,40.0099983215332,173.7100067138672,125.30999755859375,303.25,111.36000061035156,88.0,81.16000366210938,66.0199966430664,18.04800033569336,51.779998779296875,163.0,136.7100067138672,48.13999938964844,134.54666137695312,90.8499984741211,489.42999267578125,50.33000183105469,143.41000366210938,42.66999816894531,45.119998931884766,33.75,127.54000091552734,102.33000183105469,150.52000427246094,103.94000244140625,246.72000122070312,564.6400146484375,57.36399841308594,35.84000015258789,76.9800033569336,51.599998474121094,121.77999877929688,180.63999938964844,79.4000015258789,146.22999572753906,314.1400146484375,41.349998474121094,178.64999389648438,128.10000610351562,311.9200134277344,113.45999908447266,89.79000091552734,82.87999725341797,68.69000244140625,18.933000564575195,53.650001525878906,169.49000549316406,140.44000244140625,49.15999984741211,139.67666625976562,93.5,496.4599914550781,51.650001525878906,146.00999450683594,44.630001068115234,46.03499984741211,34.599998474121094,130.49000549316406,104.56999969482422,145.3000030517578,98.73999786376953,241.44000244140625,542.3499755859375,55.59299850463867,34.5,75.81999969482422,49.959999084472656,118.43000030517578,177.38999938964844,77.27999877929688,142.24000549316406,304.0199890136719,40.0099983215332,173.63999938964844,125.2699966430664,303.1099853515625,111.30000305175781,87.91999816894531,81.1500015258789,66.0,18.041000366210938,51.70000076293945,162.94000244140625,136.69000244140625,48.099998474121094,134.5433349609375,90.80000305175781,487.6099853515625,50.33000183105469,141.75,42.63999938964844,45.06999969482422,33.72999954223633,127.51000213623047,102.16000366210938,149.72000122070312,101.56999969482422,244.72000122070312,559.4099731445312,56.11600112915039,35.7400016784668,76.08999633789062,51.540000915527344,120.62000274658203,180.02999877929688,78.05000305175781,145.02000427246094,313.55999755859375,41.0099983215332,177.2100067138672,127.37000274658203,311.6000061035156,112.5199966430664,89.25,82.69999694824219,67.94000244140625,18.481000900268555,53.27000045776367,169.14999389648438,137.77000427246094,48.790000915527344,137.28334045410156,93.0,492.8800048828125,51.58000183105469,143.08999633789062,44.58000183105469,45.744998931884766,34.58000183105469,130.0500030517578,103.41999816894531,5642900,95299000,2695200,658600,18787000,49419000,11760600,14272900,6643000,9764600,13712200,3006300,2896500,39047200,5509600,13560100,1963300,6594400,7381100,6951700,15073700,395574000,17572700,2103200,7153200,11473800,2517000,8086700,3148800,5307600,4330800,20142400,49176200,49715100,7772900,26607000
2022-06-10,123.798828125,94.81999969482422,211.8380889892578,502.9476318359375,50.37234878540039,30.11203956604004,63.39046859741211,41.464256286621094,100.61264038085938,149.22177124023438,62.412540435791016,120.37538146972656,261.100341796875,36.90437698364258,154.63088989257812,108.03939819335938,287.3157043457031,99.36675262451172,77.19862365722656,67.87293243408203,61.30671310424805,16.946741104125977,39.98929977416992,135.50779724121094,122.17183685302734,43.186668395996094,125.73699951171875,83.01190948486328,450.81817626953125,40.46272659301758,124.7791519165039,36.183128356933594,38.54878616333008,30.325443267822266,117.45659637451172,87.83904266357422,143.1999969482422,94.81999969482422,240.00999450683594,521.530029296875,54.12699890136719,33.16999816894531,75.08999633789062,47.709999084472656,116.83000183105469,175.39999389648438,74.05999755859375,144.0,287.0199890136719,39.18000030517578,172.5500030517578,119.55000305175781,297.010009765625,108.33999633789062,87.18000030517578,77.4000015258789,62.619998931884766,16.974000930786133,49.970001220703125,158.3300018310547,133.1999969482422,47.209999084472656,129.76666259765625,88.68000030517578,484.6300048828125,48.720001220703125,140.50999450683594,40.08000183105469,44.35499954223633,32.529998779296875,125.48999786376953,100.45999908447266,144.6300048828125,99.93000030517578,242.0800018310547,535.1900024414062,55.104000091552734,34.040000915527344,75.72000122070312,49.150001525878906,119.63999938964844,178.57000732421875,76.2300033569336,145.8000030517578,298.6499938964844,40.08000183105469,173.97000122070312,123.4000015258789,301.6600036621094,110.88999938964844,88.04000091552734,79.70999908447266,65.55999755859375,17.69700050354004,51.369998931884766,161.6999969482422,136.05999755859375,47.880001068115234,133.47666931152344,90.72000122070312,490.1600036621094,49.470001220703125,143.32000732421875,41.439998626708984,45.27000045776367,33.13999938964844,126.66000366210938,103.3499984741211,142.14999389648438,94.25,237.39999389648438,519.4000244140625,53.97200012207031,33.02000045776367,74.87999725341797,47.369998931884766,115.30000305175781,173.64999389648438,72.4800033569336,140.7899932861328,286.8500061035156,39.18000030517578,170.6199951171875,119.31999969482422,296.8699951171875,106.97000122070312,86.70999908447266,76.94999694824219,62.279998779296875,16.868999481201172,49.95000076293945,157.41000366210938,132.4199981689453,46.52000045776367,129.49667358398438,88.62999725341797,480.92999267578125,48.38999938964844,138.38999938964844,40.02000045776367,43.84000015258789,32.5,125.0,99.79000091552734,144.33999633789062,98.81999969482422,240.02000427246094,532.0599975585938,55.00899887084961,33.68000030517578,75.4000015258789,48.720001220703125,117.0,176.3699951171875,75.79000091552734,141.8000030517578,296.989990234375,39.849998474121094,172.1699981689453,122.58999633789062,299.2300109863281,109.2699966430664,87.16999816894531,79.54000091552734,64.83999633789062,17.600000381469727,51.310001373291016,158.8699951171875,134.75,47.16999816894531,132.3333282470703,90.54000091552734,484.79998779296875,49.400001525878906,142.0,41.029998779296875,44.599998474121094,33.02000045776367,126.02999877929688,101.94000244140625,5464700,102135400,2910900,928900,24018000,49318200,10964700,28910800,7298800,9529700,14759700,5527700,3866900,43066200,6647300,12945200,2469800,7420300,8861600,9671600,26626900,465248000,23826000,2252200,8544700,11294000,3599100,10460400,2599900,8450500,4770800,27619300,62543600,74190900,11289000,30950500
2022-06-13,120.5309829711914,86.98999786376953,208.97845458984375,475.9934387207031,48.17140579223633,29.06805419921875,62.11574172973633,39.70869064331055,96.2464370727539,142.3562469482422,58.35056686401367,110.954345703125,257.7345275878906,35.576271057128906,153.07164001464844,104.8221664428711,281.7726135253906,93.707763671875,75.26822662353516,65.92617797851562,57.60599136352539,15.621864318847656,38.34075164794922,133.1114501953125,118.0077133178711,40.54296112060547,118.48281860351562,80.08196258544922,436.92987060546875,39.08406448364258,116.87556457519531,35.19910430908203,36.53683090209961,29.421184539794922,113.89986419677734,83.80819702148438,139.4199981689453,86.98999786376953,236.77000427246094,493.5799865722656,51.762001037597656,32.02000045776367,73.58000183105469,45.689998626708984,111.76000213623047,167.3300018310547,69.23999786376953,132.72999572753906,283.32000732421875,37.77000045776367,170.80999755859375,115.98999786376953,291.2799987792969,102.16999816894531,85.0,75.18000030517578,58.84000015258789,15.647000312805176,47.90999984741211,155.52999877929688,128.66000366210938,44.31999969482422,122.27999877929688,85.55000305175781,469.70001220703125,47.060001373291016,131.61000061035156,38.9900016784668,42.040000915527344,31.559999465942383,121.69000244140625,95.8499984741211,142.07000732421875,92.02999877929688,239.0500030517578,502.5,53.29999923706055,32.77000045776367,74.33000183105469,47.0099983215332,114.0199966430664,172.0,71.4800033569336,139.57000732421875,286.4200134277344,38.810001373291016,172.25,117.94999694824219,293.1600036621094,105.80000305175781,86.51000213623047,76.26000213623047,60.959999084472656,16.312000274658203,49.279998779296875,158.67999267578125,131.35000610351562,45.560001373291016,126.6433334350586,86.83000183105469,481.3399963378906,48.15999984741211,135.66000366210938,39.68000030517578,43.05500030517578,32.099998474121094,123.76000213623047,97.7699966430664,138.77999877929688,86.63999938964844,235.99000549316406,491.6199951171875,51.60200119018555,31.739999771118164,73.30000305175781,45.400001525878906,108.37000274658203,164.05999755859375,67.20999908447266,130.14999389648438,278.32000732421875,37.66999816894531,170.0800018310547,115.05999755859375,288.510009765625,101.29000091552734,84.62999725341797,74.13999938964844,58.58000183105469,15.605999946594238,47.709999084472656,154.05999755859375,126.5999984741211,43.54999923706055,121.80999755859375,85.0199966430664,467.260009765625,46.83000183105469,129.4499969482422,38.77000045776367,41.20500183105469,31.3700008392334,121.18000030517578,93.91999816894531,140.86000061035156,91.26000213623047,237.94000244140625,498.04998779296875,52.678001403808594,32.38999938964844,73.86000061035156,46.65999984741211,112.44999694824219,171.61000061035156,70.2699966430664,138.19000244140625,279.0,38.54999923706055,170.0800018310547,116.86000061035156,290.42999267578125,104.7300033569336,85.70999908447266,75.0199966430664,60.02000045776367,16.0,48.81999969482422,154.38999938964844,130.58999633789062,45.31999969482422,125.0,86.05999755859375,475.1300048828125,47.959999084472656,135.0500030517578,38.97999954223633,43.0099983215332,31.709999084472656,123.01000213623047,97.5199966430664,5997000,98148800,4462300,1395100,31619000,61216600,13636300,30308400,9516900,14614900,15218700,5685400,4218100,50335900,7997000,16805600,2898800,8749100,12016100,10446400,24278600,604153000,26989000,2955300,12320900,12470100,4042800,14603700,3764600,10676800,6435900,27553800,89462600,104065100,14886200,33421000
2022-06-14,118.97482299804688,86.98999786376953,208.03399658203125,473.6692810058594,48.40872573852539,28.559682846069336,61.516361236572266,39.9433479309082,96.013916015625,142.54339599609375,59.48825454711914,111.23401641845703,257.0249328613281,35.72697830200195,150.72366333007812,103.07799530029297,281.29864501953125,94.16636657714844,75.43783569335938,65.7332534790039,57.468929290771484,15.810561180114746,38.3487434387207,133.2227020263672,119.47525024414062,39.536705017089844,119.1417007446289,81.61714172363281,429.5344543457031,37.9711799621582,118.77597045898438,33.79078674316406,36.606353759765625,29.169483184814453,112.8141098022461,84.02677917480469,137.6199951171875,86.98999786376953,235.6999969482422,491.1700134277344,52.016998291015625,31.459999084472656,72.87000274658203,45.959999084472656,111.48999786376953,167.5500030517578,70.58999633789062,131.25999450683594,282.5400085449219,37.93000030517578,168.19000244140625,114.05999755859375,290.7900085449219,102.66999816894531,84.5,74.95999908447266,58.70000076293945,15.836000442504883,47.91999816894531,155.66000366210938,130.25999450683594,43.220001220703125,122.95999908447266,87.19000244140625,461.75,45.720001220703125,133.75,37.43000030517578,42.119998931884766,31.290000915527344,120.52999877929688,96.0999984741211,140.66000366210938,88.30000305175781,238.6999969482422,498.6199951171875,52.49700164794922,32.599998474121094,73.79000091552734,46.72999954223633,116.16000366210938,172.2899932861328,72.44000244140625,136.11000061035156,289.17999267578125,38.20000076293945,171.11000061035156,117.31999969482422,292.0,106.75,85.04000091552734,76.7699966430664,59.869998931884766,16.06599998474121,48.470001220703125,159.41000366210938,131.92999267578125,45.40999984741211,124.17333221435547,87.87999725341797,469.17999267578125,47.880001068115234,138.55999755859375,39.29999923706055,43.435001373291016,31.90999984741211,121.86000061035156,98.66999816894531,136.32000732421875,85.81999969482422,233.44000244140625,484.45001220703125,51.45899963378906,31.229999542236328,72.38999938964844,45.54999923706055,110.04000091552734,165.83999633789062,69.12999725341797,129.05999755859375,281.29998779296875,37.540000915527344,167.25999450683594,113.22000122070312,287.2900085449219,101.20999908447266,83.87000274658203,74.2699966430664,57.720001220703125,15.411999702453613,47.220001220703125,154.27999877929688,128.82000732421875,42.5099983215332,121.51667022705078,86.29000091552734,457.4200134277344,45.689998626708984,131.6999969482422,37.0099983215332,41.56999969482422,31.049999237060547,119.66999816894531,95.2699966430664,139.44000244140625,87.41000366210938,236.97000122070312,493.7900085449219,52.49700164794922,31.920000076293945,73.54000091552734,46.189998626708984,114.0199966430664,169.3699951171875,71.51000213623047,134.5399932861328,284.3299865722656,38.0099983215332,171.05999755859375,115.55000305175781,289.1700134277344,104.69999694824219,84.7699966430664,75.41999816894531,59.36000061035156,15.730999946594238,47.75,156.1300048828125,130.2100067138672,45.040000915527344,123.62333679199219,86.73999786376953,467.5,47.2599983215332,135.1999969482422,38.77000045776367,42.8849983215332,31.690000534057617,121.55000305175781,97.41000366210938,5861800,84066600,3020800,965400,24380000,49349800,14104200,25223600,7737700,10269300,11041500,4036500,2487700,31351700,7116800,13357900,2422600,8432800,11226900,7400300,17036000,469680000,23290300,1932600,6794700,13488800,2831100,10449600,3814200,13689800,5183500,36817600,69512800,75592200,9299500,31264000
2022-06-15,119.38114929199219,89.30000305175781,207.92808532714844,487.32476806640625,49.01735305786133,29.095291137695312,61.64299011230469,41.35127639770508,94.15374755859375,139.74444580078125,57.693241119384766,108.0137710571289,263.87493896484375,36.4051628112793,152.3367462158203,104.29801940917969,283.42681884765625,90.70862579345703,75.55390167236328,66.66278839111328,57.8801155090332,16.50045394897461,38.82090377807617,133.9501953125,120.18150329589844,37.9815788269043,121.18939208984375,83.43314361572266,431.9344482421875,38.50271224975586,113.93611145019531,34.458824157714844,35.798095703125,29.495759963989258,113.95602416992188,82.96881103515625,138.08999633789062,89.30000305175781,235.5800018310547,505.3299865722656,52.67100143432617,32.04999923706055,73.0199966430664,47.58000183105469,109.33000183105469,164.25999450683594,68.45999908447266,127.45999908447266,290.07000732421875,38.650001525878906,169.99000549316406,115.41000366210938,292.989990234375,98.9000015258789,84.62999725341797,76.0199966430664,59.119998931884766,16.527000427246094,48.5099983215332,156.50999450683594,131.02999877929688,41.52000045776367,125.07333374023438,89.12999725341797,464.3299865722656,46.36000061035156,128.3000030517578,38.16999816894531,41.189998626708984,31.639999389648438,121.75,94.88999938964844,139.08999633789062,90.86000061035156,237.25999450683594,512.2000122070312,53.382999420166016,32.4900016784668,73.5999984741211,48.18000030517578,112.05999755859375,167.85000610351562,71.20999908447266,131.02000427246094,294.4800109863281,39.16999816894531,171.44000244140625,116.94999694824219,296.3399963378906,103.27999877929688,85.37000274658203,77.19999694824219,60.08000183105469,16.868000030517578,48.97999954223633,159.02000427246094,133.27999877929688,43.59000015258789,127.27333068847656,89.80999755859375,469.0199890136719,47.06999969482422,134.39999389648438,38.65999984741211,42.23500061035156,32.09000015258789,123.02999877929688,96.56999969482422,136.22999572753906,86.19000244140625,231.97999572753906,494.0,51.551998138427734,31.420000076293945,72.45999908447266,46.45000076293945,107.58999633789062,161.94000244140625,67.52999877929688,125.0,284.1700134277344,37.91999816894531,168.63999938964844,113.16999816894531,288.5299987792969,96.83999633789062,83.75,74.33000183105469,57.54999923706055,15.925999641418457,47.18000030517578,154.55999755859375,128.2100067138672,41.150001525878906,122.2699966430664,87.37000274658203,456.5,45.70000076293945,125.12999725341797,37.33000183105469,40.494998931884766,31.100000381469727,119.88999938964844,93.2699966430664,136.57000732421875,87.9000015258789,236.52999877929688,499.3800048828125,52.915000915527344,31.979999542236328,73.16000366210938,46.470001220703125,111.48999786376953,166.77999877929688,70.58999633789062,130.0500030517578,287.1600036621094,38.560001373291016,169.63999938964844,115.62000274658203,291.6000061035156,102.9800033569336,84.55999755859375,75.80000305175781,59.33000183105469,16.094999313354492,47.880001068115234,156.67999267578125,131.6699981689453,43.59000015258789,124.41000366210938,87.51000213623047,464.20001220703125,46.34000015258789,133.88999938964844,38.0,42.025001525878906,31.6200008392334,121.19000244140625,95.98999786376953,5981800,95774800,3076700,841700,19141000,51540100,14264600,30001500,7681400,11565300,11457200,3821200,2725800,37652300,7796100,14083500,1970100,13175800,11357100,9273300,19726200,563936000,25748000,1918100,7860000,15091800,3811200,11742500,2550700,11557100,8490700,31358100,86446400,87858800,10301600,29620800
2022-06-16,120.29754638671875,82.05000305175781,203.62974548339844,451.46954345703125,46.269195556640625,28.91373062133789,61.3053092956543,40.751590728759766,88.20291137695312,132.2748565673828,53.319480895996094,101.31903839111328,259.2445983886719,35.171241760253906,152.41738891601562,102.50865936279297,278.6674499511719,84.36174774169922,75.78601837158203,64.84759521484375,53.85630798339844,15.575939178466797,37.99663162231445,129.6452178955078,110.81681823730469,35.200653076171875,113.88679504394531,79.53450775146484,425.7823791503906,37.71371841430664,105.44640350341797,33.9893913269043,33.78178787231445,28.749980926513672,112.28060913085938,79.90850830078125,139.14999389648438,82.05000305175781,230.7100067138672,468.1499938964844,49.71799850463867,31.850000381469727,72.62000274658203,46.88999938964844,102.41999816894531,155.47999572753906,63.27000045776367,119.55999755859375,284.9800109863281,37.34000015258789,170.0800018310547,113.43000030517578,288.07000732421875,91.9800033569336,84.88999938964844,73.94999694824219,55.0099983215332,15.60099983215332,47.47999954223633,151.47999572753906,120.81999969482422,38.47999954223633,117.53666687011719,84.5199966430664,456.0899963378906,45.40999984741211,118.73999786376953,37.650001525878906,38.869998931884766,30.84000015258789,119.95999908447266,91.38999938964844,139.2899932861328,86.7300033569336,234.5399932861328,484.04998779296875,51.44300079345703,32.0,72.80999755859375,47.189998626708984,106.20999908447266,160.5399932861328,66.91999816894531,125.05000305175781,286.1300048828125,37.790000915527344,170.2100067138672,114.26000213623047,290.20001220703125,97.56999969482422,85.19000244140625,74.36000061035156,57.0,15.942000389099121,48.0,153.92999267578125,126.6500015258789,40.65999984741211,121.5433349609375,85.93000030517578,457.80999755859375,45.70000076293945,124.5999984741211,37.72999954223633,40.314998626708984,31.010000228881836,120.04000091552734,93.12999725341797,135.75999450683594,80.63999938964844,229.58999633789062,465.5,49.22800064086914,30.860000610351562,71.70999908447266,45.959999084472656,101.12999725341797,153.75,62.599998474121094,118.55999755859375,279.1499938964844,36.93000030517578,167.41000366210938,111.87000274658203,283.1099853515625,91.20999908447266,83.05000305175781,72.48999786376953,54.25,15.401000022888184,47.060001373291016,150.6699981689453,119.02999877929688,38.31999969482422,116.0566635131836,83.98999786376953,450.67999267578125,44.790000915527344,117.06999969482422,36.540000915527344,38.53499984741211,30.579999923706055,118.75,90.27999877929688,136.5399932861328,86.62999725341797,233.60000610351562,479.760009765625,51.19499969482422,31.5,72.47000122070312,46.79999923706055,105.01000213623047,159.94000244140625,66.16999816894531,123.98999786376953,282.67999267578125,37.70000076293945,168.39999389648438,113.86000061035156,290.20001220703125,96.54000091552734,83.7699966430664,74.08999633789062,57.0,15.859999656677246,47.689998626708984,153.74000549316406,126.26000213623047,40.529998779296875,121.41999816894531,85.22000122070312,453.3999938964844,45.65999984741211,124.05999755859375,37.36000061035156,40.095001220703125,31.0,119.5199966430664,92.41000366210938,6963400,102433300,4102700,1223100,37244000,61363400,14035300,24744900,11848400,18125900,17448400,5865600,2777300,45576500,7056700,16724900,2628600,14308200,12925200,11068400,22706200,545749000,20424500,3403800,16422800,21591700,3921300,10505200,3135600,8390400,10800600,37991500,115958200,100838500,9383300,35696700
2022-06-17,119.54539489746094,81.56999969482422,207.16905212402344,456.4842529296875,46.406005859375,28.977272033691406,62.276126861572266,40.43004608154297,80.7278060913086,126.2344970703125,48.89515686035156,94.63282012939453,254.5232391357422,34.822731018066406,151.86180114746094,102.14716339111328,281.40509033203125,80.06022644042969,75.54497528076172,63.92681884765625,54.5807991027832,15.854491233825684,37.23637390136719,131.87901306152344,110.97272491455078,33.51746368408203,114.34864044189453,79.98619842529297,422.0201416015625,37.71371841430664,99.85173034667969,34.73868942260742,31.934961318969727,28.833879470825195,112.215087890625,75.30059051513672,138.27999877929688,81.56999969482422,234.72000122070312,473.3500061035156,49.8650016784668,31.920000076293945,73.7699966430664,46.52000045776367,93.73999786376953,148.3800048828125,58.02000045776367,111.66999816894531,279.7900085449219,36.970001220703125,169.4600067138672,113.02999877929688,290.8999938964844,87.29000091552734,84.62000274658203,72.9000015258789,55.75,15.880000114440918,46.529998779296875,154.08999633789062,120.98999786376953,36.63999938964844,118.01333618164062,85.0,452.05999755859375,45.40999984741211,112.44000244140625,38.47999954223633,36.744998931884766,30.93000030517578,119.88999938964844,86.12000274658203,139.52999877929688,82.94000244140625,238.25,478.6199951171875,50.0359992980957,32.58000183105469,74.37000274658203,47.290000915527344,102.33999633789062,155.47000122070312,62.97999954223633,119.19999694824219,286.260009765625,38.119998931884766,172.1999969482422,114.62999725341797,300.989990234375,92.45999908447266,85.76000213623047,74.62000274658203,56.31999969482422,15.994999885559082,48.029998779296875,155.4600067138672,122.83000183105469,39.150001525878906,118.86666870117188,85.5999984741211,461.4599914550781,46.189998626708984,118.25,38.970001220703125,38.8849983215332,31.280000686645508,121.79000091552734,91.3499984741211,137.19000244140625,79.43000030517578,229.49000549316406,461.8500061035156,48.7869987487793,31.639999389648438,72.66999816894531,45.9900016784668,92.80999755859375,145.7899932861328,56.54999923706055,109.55999755859375,278.1499938964844,36.599998474121094,169.24000549316406,112.16000366210938,289.67999267578125,85.62999725341797,83.38999938964844,72.66000366210938,53.599998474121094,15.32800006866455,46.279998779296875,149.50999450683594,118.36000061035156,36.470001220703125,115.3066635131836,83.94999694824219,449.70001220703125,45.279998779296875,110.3499984741211,37.5,36.29999923706055,30.6299991607666,119.8499984741211,85.66000366210938,137.60000610351562,82.19000244140625,230.1300048828125,467.5,49.5,32.029998779296875,72.70999908447266,47.119998931884766,101.48999786376953,154.8800048828125,62.689998626708984,118.80000305175781,282.1300048828125,37.47999954223633,170.6300048828125,113.54000091552734,290.010009765625,91.73999786376953,84.63999938964844,73.80999755859375,55.900001525878906,15.64799976348877,47.380001068115234,150.0,121.41999816894531,38.599998474121094,117.80000305175781,85.0,450.75,45.41999816894531,116.76000213623047,37.83000183105469,38.599998474121094,30.90999984741211,120.0,90.95999908447266,10429900,105212300,13114500,1328700,43504000,80470300,34761500,35111400,24455100,35575100,32304400,13623200,5234400,71393200,12486600,30919900,6900000,26759300,32989100,17285900,24139800,630334000,45047700,6732300,17273400,32283000,3400200,9735500,5277400,19038700,15530900,59114300,128468400,116937700,13724900,64610200
2022-06-21,124.03227233886719,83.79000091552734,210.4259033203125,476.73602294921875,47.27115249633789,29.821531295776367,64.55546569824219,41.68152618408203,85.4988021850586,131.5176544189453,51.03568649291992,99.700439453125,259.0899658203125,35.53859329223633,155.04318237304688,104.6775894165039,287.6348876953125,83.79310607910156,78.5892562866211,65.44387817382812,55.6087760925293,16.539390563964844,38.50080108642578,133.93309020996094,114.09123992919922,35.511680603027344,117.34270477294922,81.82117462158203,448.4022216796875,38.47779083251953,103.43055725097656,35.19910430908203,33.589378356933594,29.409318923950195,115.23603057861328,79.9872055053711,143.47000122070312,83.79000091552734,238.41000366210938,494.3500061035156,50.37699890136719,32.849998474121094,76.47000122070312,47.959999084472656,99.27999877929688,154.58999633789062,60.560001373291016,117.6500015258789,284.80999755859375,37.72999954223633,173.00999450683594,115.83000183105469,297.3399963378906,91.36000061035156,88.02999877929688,74.62999725341797,56.79999923706055,16.56599998474121,48.11000061035156,156.49000549316406,124.38999938964844,38.81999969482422,121.10333251953125,86.94999694824219,480.32000732421875,46.33000183105469,116.47000122070312,38.9900016784668,38.220001220703125,31.3799991607666,122.5999984741211,91.4800033569336,143.97000122070312,85.80999755859375,238.86000061035156,497.8399963378906,51.090999603271484,33.290000915527344,77.02999877929688,48.34000015258789,100.0999984741211,156.02000427246094,61.209999084472656,118.37999725341797,288.07000732421875,38.029998779296875,173.86000061035156,117.02999877929688,299.2799987792969,92.86000061035156,88.36000061035156,75.25,57.91999816894531,17.007999420166016,48.439998626708984,158.6999969482422,126.12000274658203,39.27000045776367,122.92333221435547,87.75,485.1199951171875,46.720001220703125,118.5999984741211,39.939998626708984,38.47999954223633,31.579999923706055,123.1500015258789,92.52999877929688,139.6999969482422,82.5999984741211,233.92999267578125,488.4700012207031,50.28900146484375,32.619998931884766,74.5199966430664,47.52000045776367,95.9800033569336,151.44000244140625,59.13999938964844,114.51000213623047,282.9800109863281,37.33000183105469,169.55999755859375,115.04000091552734,290.30999755859375,89.51000213623047,85.2699966430664,74.16000366210938,56.34000015258789,16.406999588012695,46.95000076293945,155.47000122070312,123.72000122070312,37.61000061035156,120.41666412353516,86.0,457.1000061035156,45.97999954223633,114.47000122070312,38.869998931884766,37.2400016784668,31.190000534057617,120.66000366210938,88.5199966430664,139.9499969482422,84.16999816894531,236.83999633789062,488.9800109863281,50.40800094604492,32.88999938964844,75.0,47.959999084472656,96.0199966430664,152.0500030517578,59.650001525878906,114.55000305175781,287.7699890136719,37.36000061035156,170.75,115.87000274658203,292.3800048828125,89.9800033569336,86.05000305175781,75.06999969482422,56.81999969482422,16.475000381469727,47.31999969482422,157.6199951171875,123.7699966430664,37.88999938964844,120.50333404541016,86.0,457.80999755859375,46.470001220703125,117.18000030517578,39.86000061035156,37.30500030517578,31.469999313354492,121.05999755859375,88.58000183105469,7160500,87780600,3882200,1081400,21901000,53537200,15534300,20289700,10454900,13772000,14929500,4369000,2506300,34004900,8219700,11680500,2821300,11309200,11778600,8063800,15502800,483089000,19622100,2184600,9208500,18172900,2830200,9604000,5726800,7722300,8833500,24884700,70013400,58065800,7987200,35951500
2022-06-22,127.56809997558594,83.75,211.95281982421875,468.20135498046875,46.55144119262695,29.594585418701172,64.62300109863281,41.021018981933594,80.14220428466797,125.80059814453125,48.49907302856445,93.8701171875,258.8443603515625,35.208919525146484,157.48963928222656,104.09015655517578,296.6796875,81.6836166381836,79.59807586669922,65.2421875,55.158424377441406,16.33371925354004,39.2690544128418,134.0357666015625,112.04586029052734,34.32246780395508,116.11858367919922,79.90150451660156,457.1402893066406,38.618980407714844,100.4644775390625,34.847015380859375,32.244747161865234,29.34371566772461,116.83393859863281,76.82199096679688,147.55999755859375,83.75,240.13999938964844,485.5,49.61000061035156,32.599998474121094,76.55000305175781,47.20000076293945,93.05999755859375,147.8699951171875,57.54999923706055,110.7699966430664,284.5400085449219,37.380001068115234,175.74000549316406,115.18000030517578,306.69000244140625,89.05999755859375,89.16000366210938,74.4000015258789,56.34000015258789,16.360000610351562,49.06999969482422,156.61000061035156,122.16000366210938,37.52000045776367,119.83999633789062,84.91000366210938,489.67999267578125,46.5,113.12999725341797,38.599998474121094,36.689998626708984,31.309999465942383,124.30000305175781,87.86000061035156,150.10000610351562,86.37999725341797,242.33999633789062,496.6400146484375,50.37699890136719,32.939998626708984,77.41999816894531,47.9900016784668,95.05000305175781,150.8000030517578,58.529998779296875,114.18000030517578,286.010009765625,37.77000045776367,177.9199981689453,116.19999694824219,309.6499938964844,91.12000274658203,90.33999633789062,74.91000366210938,57.13999938964844,16.66200065612793,49.58000183105469,158.0399932861328,123.66000366210938,38.31999969482422,121.55332946777344,86.18000030517578,495.9200134277344,46.68000030517578,115.43000030517578,39.06999969482422,37.334999084472656,31.600000381469727,125.66999816894531,89.76000213623047,143.61000061035156,83.30000305175781,236.89999389648438,482.44000244140625,49.41999816894531,32.31999969482422,76.19999694824219,46.939998626708984,91.45999908447266,146.3300018310547,55.65999984741211,109.43000030517578,281.0400085449219,37.220001220703125,171.69000244140625,114.38999938964844,296.42999267578125,87.44000244140625,88.02999877929688,73.08999633789062,55.599998474121094,16.18000030517578,47.77000045776367,154.8000030517578,120.36000061035156,36.09000015258789,118.83999633789062,84.55000305175781,474.5400085449219,45.70000076293945,109.75,38.310001373291016,36.18000030517578,30.979999542236328,121.76000213623047,87.52999877929688,143.72000122070312,84.4000015258789,237.1699981689453,486.44000244140625,49.63100051879883,32.38999938964844,76.47000122070312,47.33000183105469,92.8499984741211,148.07000732421875,56.31999969482422,110.80999755859375,282.2900085449219,37.33000183105469,172.0,114.87999725341797,296.9599914550781,87.62999725341797,88.04000091552734,73.63999938964844,55.959999084472656,16.22599983215332,48.029998779296875,154.89999389648438,121.80000305175781,36.470001220703125,119.01667022705078,84.63999938964844,475.7200012207031,45.900001525878906,110.73999786376953,38.38999938964844,36.380001068115234,31.020000457763672,121.81999969482422,87.54000091552734,7995700,86634700,4172900,845800,24721000,38305600,11129800,19752800,11284200,13735800,13909100,4686300,2463100,32571000,10593100,9842700,4535700,9818400,11935400,6322600,13513800,437135000,20382900,1868500,9081000,17335000,4106700,7868700,5061000,5875900,8293700,18631700,82425200,48035800,10188900,29727200
2022-06-23,129.20208740234375,82.43000030517578,214.55661010742188,468.20135498046875,46.59648513793945,29.122528076171875,65.58536529541016,40.28229904174805,75.68985748291016,121.17251586914062,46.13099670410156,90.81935119628906,260.3271789550781,35.237178802490234,161.00257873535156,102.95146942138672,302.5129089355469,77.62053680419922,82.13351440429688,64.86512756347656,55.04094314575195,16.198938369750977,40.08533477783203,133.342529296875,110.1472396850586,31.998933792114258,115.33051300048828,79.15811157226562,466.59710693359375,37.9711799621582,92.82730102539062,34.215087890625,31.04952049255371,29.231250762939453,119.45635986328125,74.50491333007812,149.4499969482422,82.43000030517578,243.08999633789062,485.5,49.65800094604492,32.08000183105469,77.69000244140625,46.349998474121094,87.88999938964844,142.42999267578125,54.7400016784668,107.16999816894531,286.1700134277344,37.40999984741211,179.66000366210938,113.91999816894531,312.7200012207031,84.62999725341797,92.0,73.97000122070312,56.220001220703125,16.225000381469727,50.09000015258789,155.8000030517578,120.08999633789062,34.97999954223633,119.02666473388672,84.12000274658203,499.80999755859375,45.720001220703125,104.52999877929688,37.900001525878906,35.33000183105469,31.190000534057617,127.08999633789062,85.20999908447266,150.8000030517578,84.41000366210938,244.02000427246094,487.4100036621094,50.17499923706055,32.40999984741211,77.76000213623047,46.90999984741211,94.19999694824219,149.22999572753906,58.43000030517578,112.4800033569336,286.5899963378906,37.619998931884766,179.82000732421875,115.18000030517578,313.19000244140625,90.4800033569336,92.1500015258789,74.52999877929688,56.83000183105469,16.584999084472656,50.16999816894531,156.47000122070312,122.93000030517578,37.7599983215332,120.65333557128906,84.2300033569336,503.5799865722656,46.560001373291016,115.37000274658203,38.36000061035156,37.130001068115234,31.389999389648438,127.19000244140625,89.05000305175781,147.5399932861328,80.2300033569336,240.91000366210938,476.05999755859375,49.10100173950195,31.260000228881836,76.55999755859375,45.59000015258789,87.26000213623047,140.14999389648438,53.47999954223633,104.95999908447266,278.92999267578125,36.90999984741211,176.52000427246094,111.4800033569336,307.19000244140625,83.5999984741211,89.55999755859375,72.2300033569336,54.959999084472656,15.852999687194824,48.97999954223633,153.16000366210938,118.2300033569336,34.369998931884766,117.15333557128906,82.76000213623047,491.9599914550781,44.90999984741211,102.5,37.150001525878906,34.73500061035156,30.68000030517578,124.87999725341797,83.5199966430664,148.72000122070312,84.31999969482422,241.72000122070312,483.8999938964844,50.17499923706055,32.380001068115234,76.55999755859375,46.869998931884766,93.75,148.7899932861328,58.2599983215332,111.94999694824219,283.760009765625,37.61000061035156,177.0,115.01000213623047,309.5,90.22000122070312,90.0,74.41000366210938,56.61000061035156,16.518999099731445,49.22999954223633,155.6300048828125,122.75,37.66999816894531,120.55000305175781,84.12999725341797,494.95001220703125,46.279998779296875,114.94000244140625,38.060001373291016,36.8650016784668,31.329999923706055,124.87999725341797,88.66000366210938,7795000,100614600,3229600,739100,16707000,44091500,12241200,24137200,13554900,15713700,18060800,6254000,2547000,30163000,10223500,11851500,3729300,9130000,14718400,7958000,13366600,463680000,20061700,2157500,7908900,28165700,2178900,10370300,4687700,6328900,10350200,23143800,113842200,69348900,11943300,35757200
2022-06-24,131.70053100585938,87.08000183105469,216.5689697265625,496.9010009765625,47.77035903930664,29.331321716308594,66.6574935913086,41.59461975097656,78.2906494140625,123.16329193115234,45.31355285644531,93.71758270263672,275.40985107421875,36.36748504638672,163.3594207763672,106.02410888671875,314.9917297363281,78.58356475830078,83.14232635498047,68.24122619628906,57.21438217163086,17.098485946655273,41.28573226928711,139.36776733398438,114.74244689941406,32.07211685180664,120.44010162353516,80.85191345214844,462.70428466796875,39.46610641479492,92.29447174072266,36.7970085144043,31.458187103271484,30.309032440185547,121.4395980834961,75.98259735107422,152.33999633789062,87.08000183105469,245.3699951171875,515.260009765625,50.909000396728516,32.310001373291016,78.95999908447266,47.86000061035156,90.91000366210938,144.77000427246094,53.77000045776367,110.58999633789062,302.75,38.61000061035156,182.2899932861328,117.31999969482422,325.6199951171875,85.68000030517578,93.12999725341797,77.81999969482422,58.439998626708984,17.125999450683594,51.59000015258789,162.83999633789062,125.0999984741211,35.060001373291016,124.30000305175781,85.91999816894531,495.6400146484375,47.52000045776367,103.93000030517578,40.7599983215332,35.79499816894531,32.34000015258789,129.1999969482422,86.9000015258789,152.74000549316406,87.52999877929688,246.0,515.5499877929688,51.18000030517578,32.77000045776367,79.0,48.2599983215332,92.05000305175781,147.08999633789062,56.5099983215332,113.26000213623047,303.1300048828125,38.63999938964844,182.52999877929688,117.81999969482422,325.82000732421875,88.02999877929688,93.79000091552734,78.55000305175781,59.0,17.139999389648438,51.63999938964844,162.9499969482422,125.37000274658203,36.5,124.30000305175781,86.55000305175781,499.760009765625,47.720001220703125,108.45999908447266,41.099998474121094,36.55500030517578,32.369998931884766,129.22000122070312,88.4000015258789,149.6199951171875,83.08000183105469,242.8800048828125,498.29998779296875,50.14500045776367,31.229999542236328,78.12000274658203,45.529998779296875,88.36000061035156,142.60000610351562,53.4900016784668,107.87000274658203,290.0,37.7400016784668,179.97999572753906,112.83000183105469,319.010009765625,84.55000305175781,91.69999694824219,75.0199966430664,57.130001068115234,16.309999465942383,50.29999923706055,156.52000427246094,121.76000213623047,34.65999984741211,120.62666320800781,84.1500015258789,486.55999755859375,45.880001068115234,103.16000366210938,38.5099983215332,35.415000915527344,31.270000457763672,127.16000366210938,85.80999755859375,150.88999938964844,83.55999755859375,244.0,499.04998779296875,50.5,31.25,78.62000274658203,45.560001373291016,90.0,145.1999969482422,55.90999984741211,109.33999633789062,291.0,37.849998474121094,180.77999877929688,113.2300033569336,319.54998779296875,85.9000015258789,93.25,75.5999984741211,57.150001525878906,16.5,50.650001525878906,156.91000366210938,122.37999725341797,35.220001220703125,120.88999938964844,84.1500015258789,499.44000244140625,45.970001220703125,106.30999755859375,38.68000030517578,35.935001373291016,31.31999969482422,128.02000427246094,86.94999694824219,8527600,88553900,4527700,907800,21201000,79504700,12372300,27322600,12282400,11108300,34714100,11648700,3984300,38159900,9374400,14841100,5449900,20112500,25248400,10795400,15647600,472153000,24343200,3039200,8128000,22910700,3783600,10670100,15861100,6925000,15070000,39407700,94797000,65489300,10448100,26639000
2022-06-27,132.39212036132812,86.16000366210938,216.11000061035156,489.938232421875,47.453189849853516,29.367633819580078,67.51858520507812,41.56855392456055,80.04375457763672,125.54540252685547,48.701324462890625,96.40394592285156,273.6177978515625,36.38632583618164,163.2070770263672,105.17460632324219,316.5879211425781,80.6563720703125,84.28504180908203,67.90801239013672,57.54724884033203,16.841899871826172,41.517799377441406,138.17811584472656,116.65023040771484,32.831382751464844,120.11065673828125,80.79547882080078,472.058349609375,39.24186706542969,99.67414093017578,36.327571868896484,32.38097381591797,30.2059383392334,121.89077758789062,77.8449935913086,153.13999938964844,86.16000366210938,244.85000610351562,508.0400085449219,50.57099914550781,32.349998474121094,79.9800033569336,47.83000183105469,92.2300033569336,147.57000732421875,57.790000915527344,113.76000213623047,300.7799987792969,38.630001068115234,182.1199951171875,116.37999725341797,327.2699890136719,87.94000244140625,94.41000366210938,77.44000244140625,58.779998779296875,16.868999481201172,51.880001068115234,161.4499969482422,127.18000030517578,35.88999938964844,123.95999908447266,85.86000061035156,505.6600036621094,47.25,112.23999786376953,40.2400016784668,36.845001220703125,32.22999954223633,129.67999267578125,89.02999877929688,155.4499969482422,88.22000122070312,246.2899932861328,517.0499877929688,51.40399932861328,32.599998474121094,80.58999633789062,48.400001525878906,93.79000091552734,148.82000732421875,58.45000076293945,115.19999694824219,304.32000732421875,39.060001373291016,183.35000610351562,118.5,330.8500061035156,88.58000183105469,95.72000122070312,78.4000015258789,60.04999923706055,17.329999923706055,52.22999954223633,164.4499969482422,130.0399932861328,35.97999954223633,125.73332977294922,87.0,511.8900146484375,47.779998779296875,113.38999938964844,40.9900016784668,37.095001220703125,32.59000015258789,130.22999572753906,90.04000091552734,152.75,85.25,244.02999877929688,505.6600036621094,50.28200149536133,31.90999984741211,79.0999984741211,47.25,90.94999694824219,145.60000610351562,54.45000076293945,112.0199966430664,298.8800048828125,38.470001220703125,181.5,115.63999938964844,322.0,86.06999969482422,93.05000305175781,76.91000366210938,58.369998931884766,16.625999450683594,51.2599983215332,160.4600067138672,125.44000244140625,34.91999816894531,123.00666809082031,85.58000183105469,492.5799865722656,46.959999084472656,105.5199966430664,39.900001525878906,36.165000915527344,32.08000183105469,128.7899932861328,87.66999816894531,153.0,87.36000061035156,245.1699981689453,514.969970703125,51.380001068115234,32.41999816894531,79.2300033569336,48.060001373291016,91.58000183105469,145.86000061035156,54.45000076293945,112.6500015258789,303.05999755859375,38.869998931884766,181.63999938964844,118.05999755859375,324.2300109863281,87.2699966430664,93.19999694824219,78.4000015258789,59.58000183105469,17.312000274658203,51.47999954223633,164.0,126.19999694824219,35.779998779296875,125.42333221435547,86.91999816894531,492.8299865722656,47.689998626708984,107.31999969482422,40.84000015258789,36.209999084472656,32.59000015258789,129.1999969482422,87.80999755859375,5377300,74663500,2767500,696500,13207000,47900300,10586900,21198200,8986100,9242400,17746100,4957800,2091700,29585300,5908600,11280500,3218900,5225400,11949000,5937600,16159900,427968000,16154300,1462800,9947300,29428500,2497500,7358000,3907100,7078400,8892300,16996800,67958800,47244800,8963600,25478700
2022-06-28,131.83023071289062,80.77999877929688,214.9272918701172,472.9364318847656,46.77195358276367,29.285932540893555,66.4380111694336,41.02971267700195,82.63867950439453,127.56167602539062,50.10867691040039,100.2597427368164,272.4442443847656,35.5856819152832,158.5650177001953,104.66854858398438,307.2529602050781,81.34425354003906,82.03530883789062,68.53936767578125,56.646549224853516,15.956328392028809,40.54147720336914,136.72315979003906,120.70429992675781,33.819339752197266,117.18119812011719,79.3651351928711,474.6536865234375,38.94289016723633,103.23519134521484,36.27340316772461,33.25541687011719,29.906038284301758,119.76653289794922,80.00468444824219,152.49000549316406,80.77999877929688,243.50999450683594,490.4100036621094,49.845001220703125,32.2599983215332,78.69999694824219,47.209999084472656,95.22000122070312,149.94000244140625,59.459999084472656,118.30999755859375,299.489990234375,37.779998779296875,176.94000244140625,115.81999969482422,317.6199951171875,88.69000244140625,91.88999938964844,78.16000366210938,57.86000061035156,15.982000350952148,50.65999984741211,159.75,131.60000610351562,36.970001220703125,120.9366683959961,84.33999633789062,508.44000244140625,46.88999938964844,116.25,40.18000030517578,37.84000015258789,31.90999984741211,127.41999816894531,91.5,155.1199951171875,86.7300033569336,247.5800018310547,511.4200134277344,51.415000915527344,33.5,80.4000015258789,49.11000061035156,97.06999969482422,152.19000244140625,60.4900016784668,119.93000030517578,308.9700012207031,39.02000045776367,182.97000122070312,119.29000091552734,329.07000732421875,91.3499984741211,94.33000183105469,81.22000122070312,60.59000015258789,17.20199966430664,51.970001220703125,164.9499969482422,136.4499969482422,37.72999954223633,126.14666748046875,86.80999755859375,518.6099853515625,48.20000076293945,119.18000030517578,41.560001373291016,38.45000076293945,32.869998931884766,130.58999633789062,93.23999786376953,151.38999938964844,80.43000030517578,243.38999938964844,489.5400085449219,49.81100082397461,32.189998626708984,78.48999786376953,46.939998626708984,93.55000305175781,148.11000061035156,58.04999923706055,115.7300033569336,299.17999267578125,37.7400016784668,176.30999755859375,115.5999984741211,316.760009765625,87.62999725341797,91.47000122070312,78.05000305175781,57.810001373291016,15.944999694824219,50.40999984741211,159.72999572753906,126.5999984741211,36.470001220703125,120.74666595458984,84.33999633789062,505.0799865722656,46.70000076293945,113.06999969482422,40.08000183105469,37.27000045776367,31.889999389648438,127.18000030517578,90.3499984741211,153.1699981689453,85.70999908447266,245.92999267578125,508.04998779296875,51.26100158691406,32.83000183105469,79.83999633789062,48.400001525878906,94.9800033569336,150.8800048828125,59.18000030517578,117.69999694824219,305.8999938964844,38.58000183105469,182.1699981689453,117.66999816894531,326.5199890136719,89.5199966430664,94.11000061035156,80.37999725341797,58.97999954223633,16.899999618530273,51.83000183105469,162.57000732421875,129.77999877929688,36.810001373291016,124.6933364868164,86.1500015258789,512.0800170898438,47.720001220703125,113.83000183105469,40.970001220703125,37.720001220703125,32.560001373291016,129.94000244140625,91.12000274658203,5735700,95618600,2430100,847200,15667000,49863800,8869700,21643600,8903000,9183300,18542000,4811000,2276600,37824200,9245700,11590900,2742900,5305600,13523300,10259100,19393600,461149000,16417900,1577500,27081900,13896200,3039900,8289200,4978200,6401600,8607800,18136600,79568000,42459900,7518700,33096900
2022-06-29,133.25665283203125,77.98999786376953,216.62191772460938,467.3526916503906,46.017520904541016,28.922809600830078,66.08345794677734,40.934112548828125,79.37548828125,125.04344177246094,47.0411491394043,95.94634246826172,275.8919982910156,35.124149322509766,158.6098175048828,104.19859313964844,312.4573059082031,77.48294067382812,82.58882141113281,68.56568145751953,54.84513473510742,15.517034530639648,40.76554870605469,134.68624877929688,119.44770050048828,33.09666442871094,114.41647338867188,78.71582794189453,481.4405822753906,38.6828727722168,96.66365814208984,35.849090576171875,32.09974670410156,29.737340927124023,120.80986785888672,77.04932403564453,154.13999938964844,77.98999786376953,245.42999267578125,484.6199951171875,49.04100036621094,31.860000610351562,78.27999877929688,47.099998474121094,91.45999908447266,146.97999572753906,55.81999969482422,113.22000122070312,303.2799987792969,37.290000915527344,176.99000549316406,115.30000305175781,323.0,84.4800033569336,92.51000213623047,78.19000244140625,56.02000045776367,15.541999816894531,50.939998626708984,157.3699951171875,130.22999572753906,36.18000030517578,118.08333587646484,83.6500015258789,515.7100219726562,46.119998931884766,108.8499984741211,39.709999084472656,36.525001525878906,31.729999542236328,128.52999877929688,88.12000274658203,156.6199951171875,79.75,247.10000610351562,493.70001220703125,49.59299850463867,32.439998626708984,79.16999816894531,47.79999923706055,97.44999694824219,152.11000061035156,60.9900016784668,121.3499984741211,307.44000244140625,37.599998474121094,178.3000030517578,116.81999969482422,324.70001220703125,90.30000305175781,92.9800033569336,79.29000091552734,57.52000045776367,15.819999694824219,51.439998626708984,160.25,131.57000732421875,37.630001068115234,119.41999816894531,84.61000061035156,518.7000122070312,46.83000183105469,118.77999877929688,40.529998779296875,38.494998931884766,32.060001373291016,129.1699981689453,93.19999694824219,153.35000610351562,76.51000213623047,243.72000122070312,482.0199890136719,48.66699981689453,31.65999984741211,77.98999786376953,46.630001068115234,91.27999877929688,146.08999633789062,55.619998931884766,112.95999908447266,299.9100036621094,37.02000045776367,176.42999267578125,114.7300033569336,317.6499938964844,84.13999938964844,91.88999938964844,77.51000213623047,55.31999969482422,15.170000076293945,50.65999984741211,157.07000732421875,126.9000015258789,35.95000076293945,116.61666870117188,83.33000183105469,506.010009765625,45.88999938964844,108.38999938964844,39.54999923706055,36.41999816894531,31.6200008392334,127.38999938964844,87.76000213623047,153.89999389648438,79.55000305175781,246.25999450683594,491.1000061035156,49.54800033569336,32.22999954223633,78.69999694824219,47.2599983215332,96.88999938964844,151.6300048828125,60.4900016784668,120.38999938964844,303.3699951171875,37.540000915527344,177.22000122070312,116.0,318.1600036621094,89.70999908447266,92.30999755859375,78.27999877929688,57.22999954223633,15.814000129699707,50.72999954223633,160.25,130.0800018310547,37.52000045776367,119.27999877929688,84.43000030517578,508.8500061035156,46.5099983215332,117.52999877929688,40.27000045776367,38.3650016784668,31.940000534057617,127.58999633789062,92.9800033569336,6140900,104140900,2610400,847400,14444000,35149700,8723600,20981000,7990100,9082900,12722000,4806400,2475900,25437200,7097900,9338400,2562500,5066300,8657100,8534900,17351400,482352000,13925700,1132800,9973300,12475300,3393600,7981300,3823400,4975300,5579200,15778700,71184000,64507500,9157700,25400900
2022-06-30,132.40945434570312,76.47000122070312,214.74192810058594,458.9241027832031,45.58588790893555,28.260107040405273,65.45440673828125,39.969425201416016,77.9434814453125,123.1717758178711,46.44281005859375,93.59046936035156,270.19732666015625,35.237178802490234,159.07583618164062,101.76760864257812,313.6471252441406,75.40095520019531,81.39251708984375,66.69786071777344,54.120662689208984,15.134649276733398,41.95795822143555,135.028564453125,117.16386413574219,32.71246337890625,112.91783905029297,76.92788696289062,479.498779296875,38.5989990234375,94.38137817382812,35.361595153808594,31.423036575317383,29.474925994873047,120.53727722167969,74.88089752197266,153.16000366210938,76.47000122070312,243.3000030517578,475.8800048828125,48.58100128173828,31.1299991607666,77.0,45.9900016784668,89.80999755859375,144.77999877929688,55.11000061035156,110.44000244140625,297.0199890136719,37.40999984741211,177.50999450683594,112.61000061035156,324.2300109863281,82.20999908447266,91.16999816894531,76.05999755859375,55.279998779296875,15.159000396728516,52.43000030517578,157.77000427246094,127.73999786376953,35.7599983215332,116.53666687011719,81.75,513.6300048828125,46.02000045776367,106.27999877929688,39.16999816894531,35.755001068115234,31.450000762939453,128.24000549316406,85.63999938964844,154.0399932861328,78.91000366210938,245.0,484.6300048828125,49.374000549316406,31.549999237060547,77.6500015258789,46.709999084472656,91.70999908447266,147.9199981689453,56.720001220703125,114.5,300.3299865722656,38.0,178.2899932861328,114.08000183105469,327.04998779296875,84.48999786376953,92.9000015258789,76.83000183105469,56.40999984741211,15.567000389099121,52.88999938964844,159.4600067138672,130.08999633789062,36.939998626708984,118.86000061035156,82.22000122070312,516.3200073242188,46.41999816894531,109.88999938964844,39.709999084472656,36.68000030517578,31.729999542236328,128.97000122070312,87.5999984741211,150.8699951171875,75.4800033569336,240.72999572753906,464.1300048828125,48.07099914550781,30.639999389648438,76.29000091552734,45.2599983215332,87.83000183105469,143.41000366210938,54.040000915527344,109.33000183105469,292.2300109863281,36.72999954223633,175.02999877929688,110.93000030517578,320.010009765625,81.30999755859375,90.91000366210938,74.52999877929688,54.220001220703125,14.862000465393066,51.09000015258789,152.5399932861328,125.33000183105469,35.31999969482422,114.69999694824219,80.12000274658203,509.7200012207031,44.81999969482422,105.13999938964844,38.279998779296875,35.435001373291016,30.850000381469727,126.88999938964844,84.66999816894531,153.1699981689453,77.7300033569336,244.1699981689453,474.1499938964844,48.803001403808594,31.170000076293945,77.02999877929688,46.220001220703125,88.55999755859375,144.5500030517578,54.70000076293945,110.5999984741211,296.5799865722656,37.209999084472656,176.86000061035156,113.16999816894531,322.1300048828125,83.08999633789062,91.6500015258789,76.56999969482422,54.9900016784668,15.361000061035156,51.689998626708984,154.02999877929688,127.61000061035156,35.36000061035156,116.42666625976562,81.45999908447266,513.5499877929688,45.27000045776367,106.4000015258789,39.06999969482422,35.7400016784668,31.229999542236328,127.86000061035156,86.13999938964844,7289500,105368600,3033800,866400,18890000,46312300,14219700,21207900,12748900,10685000,11855000,5585800,2669500,35141000,10777200,15172600,2732900,6762600,18551400,10182400,29572400,686070000,33495700,2296100,9277900,15332400,3285600,14201600,3568900,6233200,6085100,20425700,75533400,75294300,10697600,39948100
2022-07-01,132.96273803710938,73.66999816894531,216.72784423828125,433.80230712890625,44.838016510009766,28.650463104248047,65.31839752197266,40.73422622680664,78.95890045166016,124.64360046386719,46.44281005859375,94.59042358398438,272.2077331542969,34.22932434082031,160.8770751953125,103.0689697265625,314.1115417480469,77.48294067382812,82.50846862792969,67.30294036865234,52.524845123291016,14.499671936035156,41.861915588378906,138.04974365234375,113.30242919921875,32.611839294433594,108.92254638671875,72.45808410644531,483.01824951171875,39.07707977294922,95.89105987548828,36.03868103027344,31.893213272094727,29.87792205810547,121.89077758789062,76.55094146728516,153.8000030517578,73.66999816894531,245.5500030517578,449.8299865722656,47.784000396728516,31.559999465942383,76.83999633789062,46.869998931884766,90.9800033569336,146.50999450683594,55.11000061035156,111.62000274658203,299.2300109863281,36.34000015258789,179.52000427246094,114.05000305175781,324.7099914550781,84.4800033569336,92.41999816894531,76.75,53.650001525878906,14.52299976348877,52.310001373291016,161.3000030517578,123.52999877929688,35.650001525878906,112.413330078125,77.0,517.4000244140625,46.59000015258789,107.9800033569336,39.91999816894531,36.290000915527344,31.8799991607666,129.67999267578125,87.55000305175781,153.86000061035156,75.44999694824219,246.0,457.9599914550781,48.426998138427734,31.670000076293945,76.9800033569336,47.040000915527344,92.30999755859375,146.9600067138672,55.9900016784668,112.75,300.3299865722656,37.20000076293945,179.72000122070312,114.41999816894531,325.3999938964844,85.05000305175781,92.48999786376953,77.05000305175781,53.959999084472656,15.062999725341797,52.369998931884766,161.50999450683594,126.76000213623047,36.040000915527344,115.21666717529297,79.22000122070312,517.530029296875,46.7400016784668,109.79000091552734,40.08000183105469,36.44499969482422,31.979999542236328,129.85000610351562,87.87999725341797,151.4600067138672,72.69000244140625,240.72000122070312,443.4599914550781,46.94300079345703,30.6299991607666,75.7699966430664,45.34000015258789,88.30999755859375,142.47000122070312,53.36000061035156,107.75,291.7200012207031,35.880001068115234,176.69000244140625,111.16000366210938,317.760009765625,81.08000183105469,90.38999938964844,74.68000030517578,51.400001525878906,14.392000198364258,51.25,155.1999969482422,122.0999984741211,34.11000061035156,110.95999908447266,76.18000030517578,502.30999755859375,45.380001068115234,104.66999816894531,38.459999084472656,35.064998626708984,31.139999389648438,126.86000061035156,84.70999908447266,153.0800018310547,75.19000244140625,243.25,455.29998779296875,47.941001892089844,30.979999542236328,76.9800033569336,45.7400016784668,91.93000030517578,146.60000610351562,55.43000030517578,111.87000274658203,295.2699890136719,37.09000015258789,177.4499969482422,112.6500015258789,323.8800048828125,83.0,91.30000305175781,75.76000213623047,53.290000915527344,14.89900016784668,52.040000915527344,157.27000427246094,125.75,35.959999084472656,114.59666442871094,79.04000091552734,512.3200073242188,45.86000061035156,107.79000091552734,38.720001220703125,36.189998626708984,31.350000381469727,128.2899932861328,86.73999786376953,4620000,87734200,2745500,1570200,21315000,40236100,10882700,16539600,6005000,7684600,9604300,2781600,1749400,40596300,5498400,10573600,1817800,5971900,11413800,6017500,43681700,577610000,16143300,2165200,7672800,10823800,3875100,19531700,2426600,5398000,4355400,15333900,69204000,77308400,9366600,26327900
2022-07-05,133.0751190185547,75.19999694824219,217.7693328857422,416.9932861328125,44.69350814819336,28.35996437072754,64.57034301757812,40.50825881958008,73.45661926269531,121.36820220947266,43.72923278808594,88.82789611816406,270.3611145019531,34.55899429321289,159.64041137695312,102.67691802978516,316.50091552734375,74.96989440917969,82.70487976074219,66.7417221069336,55.540245056152344,14.939962387084961,41.32573699951172,137.87001037597656,115.41201782226562,30.489551544189453,109.78167724609375,71.62059020996094,471.66619873046875,38.968048095703125,91.9925537109375,36.20118713378906,30.627685546875,29.77482795715332,121.18583679199219,74.15518188476562,153.92999267578125,75.19999694824219,246.72999572753906,432.3999938964844,47.630001068115234,31.239999771118164,75.95999908447266,46.61000061035156,84.63999938964844,142.66000366210938,51.88999938964844,104.81999969482422,297.20001220703125,36.689998626708984,178.13999938964844,112.62000274658203,327.17999267578125,81.73999786376953,92.63999938964844,76.11000061035156,56.72999954223633,14.96399974822998,51.63999938964844,161.08999633789062,125.83000183105469,33.33000183105469,113.30000305175781,76.11000061035156,505.239990234375,46.459999084472656,103.58999633789062,40.099998474121094,34.849998474121094,31.770000457763672,128.92999267578125,84.80999755859375,154.0500030517578,75.20999908447266,246.74000549316406,433.04998779296875,47.69300079345703,31.239999771118164,76.63999938964844,46.650001525878906,89.3499984741211,144.5399932861328,53.709999084472656,109.51000213623047,297.3500061035156,36.7400016784668,179.1300048828125,112.70999908447266,327.42999267578125,84.33000183105469,92.94999694824219,76.12999725341797,56.88999938964844,14.970999717712402,51.88999938964844,161.14999389648438,126.16999816894531,35.150001525878906,113.30000305175781,76.1500015258789,511.0,46.47999954223633,106.52999877929688,40.119998931884766,35.709999084472656,31.790000915527344,128.9600067138672,86.69999694824219,149.66000366210938,71.5999984741211,242.32000732421875,412.6700134277344,46.39099884033203,30.450000762939453,74.62999725341797,44.93000030517578,83.05999755859375,139.41000366210938,50.4900016784668,102.44999694824219,288.3599853515625,35.540000915527344,174.61000061035156,109.30000305175781,318.92999267578125,79.47000122070312,90.52999877929688,73.5999984741211,52.09000015258789,14.055000305175781,50.400001525878906,155.67999267578125,120.36000061035156,32.70000076293945,108.9000015258789,73.73999786376953,492.25,45.209999084472656,100.30999755859375,38.5099983215332,34.095001220703125,31.020000457763672,126.16999816894531,83.01000213623047,151.89999389648438,71.9800033569336,245.19000244140625,419.19000244140625,47.20000076293945,30.799999237060547,76.37000274658203,45.689998626708984,89.3499984741211,143.64999389648438,53.41999816894531,109.22000122070312,293.0,35.93000030517578,178.8300018310547,110.7699966430664,322.44000244140625,82.56999969482422,92.44000244140625,75.05999755859375,52.18000030517578,14.175000190734863,51.75,158.0,121.0999984741211,34.529998779296875,109.56666564941406,74.55000305175781,507.6400146484375,45.650001525878906,105.23999786376953,39.0,35.540000915527344,31.3799991607666,128.42999267578125,86.33999633789062,5478800,95589000,2483600,2778300,20711000,47411800,12588500,19156800,13483600,11513100,14834300,5660500,2480900,33215000,5676400,12514200,2107700,7247300,9574400,8706900,33745900,651397000,18406800,1936100,8113100,17642100,3391200,22253100,3029600,4883600,5314100,19144500,89865800,51536800,9987000,34591100
2022-07-06,131.8647918701172,75.3499984741211,216.46310424804688,413.5987854003906,45.28561019897461,28.12393569946289,64.7913589477539,40.108482360839844,72.32836151123047,119.76876068115234,42.979190826416016,85.51443481445312,267.23175048828125,34.84157180786133,159.78378295898438,102.01136016845703,319.3739929199219,72.74115753173828,83.14232635498047,66.1629409790039,56.16682434082031,15.105697631835938,42.21404266357422,136.96279907226562,116.54017639160156,29.940685272216797,110.31783294677734,71.10304260253906,481.0484619140625,39.0015983581543,90.322998046875,35.65951919555664,30.104772567749023,29.69985008239746,122.00358581542969,72.81737518310547,152.52999877929688,75.3499984741211,245.25,428.8800048828125,48.26100158691406,30.979999542236328,76.22000122070312,46.150001525878906,83.33999633789062,140.77999877929688,51.0,100.91000366210938,293.760009765625,36.9900016784668,178.3000030517578,111.88999938964844,330.1499938964844,79.30999755859375,93.12999725341797,75.44999694824219,57.369998931884766,15.130000114440918,52.75,160.02999877929688,127.05999755859375,32.72999954223633,113.85333251953125,75.55999755859375,515.2899780273438,46.5,101.70999908447266,39.5,34.255001068115234,31.690000534057617,129.8000030517578,83.27999877929688,154.99000549316406,76.27999877929688,248.0800018310547,437.5899963378906,48.70500183105469,31.25,77.0999984741211,46.68000030517578,85.69000244140625,143.25999450683594,52.63999938964844,104.62000274658203,297.3399963378906,37.41999816894531,179.44000244140625,112.98999786376953,332.739990234375,82.52999877929688,94.51000213623047,76.16999816894531,58.119998931884766,15.319000244140625,52.959999084472656,161.47999572753906,128.22999572753906,33.619998931884766,115.1866683959961,76.30000305175781,517.4099731445312,46.869998931884766,104.44000244140625,40.029998779296875,35.095001220703125,31.950000762939453,130.47000122070312,85.2300033569336,151.69000244140625,73.55000305175781,244.5399932861328,425.3500061035156,47.54999923706055,30.639999389648438,75.97000122070312,45.459999084472656,80.44000244140625,136.8000030517578,48.86000061035156,97.66999816894531,290.6000061035156,36.459999084472656,177.41000366210938,110.79000091552734,326.75,77.62000274658203,92.69999694824219,74.69000244140625,56.459999084472656,14.788999557495117,51.58000183105469,158.52999877929688,125.05999755859375,31.6299991607666,112.16999816894531,73.77999877929688,504.29998779296875,45.880001068115234,98.27999877929688,38.91999816894531,33.224998474121094,31.389999389648438,128.8800048828125,81.01000213623047,154.61000061035156,75.16999816894531,246.6199951171875,433.25,48.053001403808594,31.010000228881836,76.25,46.29999923706055,83.70999908447266,141.66000366210938,51.130001068115234,102.45999908447266,296.2699890136719,36.81999969482422,178.07000732421875,111.7300033569336,328.0,80.91000366210938,93.30999755859375,75.76000213623047,56.849998474121094,15.010000228881836,51.63999938964844,160.08999633789062,126.05999755859375,32.88999938964844,113.41000366210938,74.29000091552734,505.6400146484375,46.20000076293945,102.87000274658203,39.61000061035156,34.474998474121094,31.700000762939453,129.11000061035156,83.76000213623047,5113600,85458900,4320500,1464700,22975000,35933700,8618900,14952800,12130900,12421200,16175300,6749800,1774500,26258300,5335600,10656200,2252500,8348500,10455300,6895900,23565000,529066000,21305500,1692900,6038400,13030900,2672100,11530500,2506700,5701700,5496200,17014100,96419000,48001700,9033300,33375700
2022-07-07,131.40658569335938,79.30000305175781,218.37835693359375,435.7984619140625,46.780399322509766,28.922809600830078,63.8733024597168,40.786376953125,74.940673828125,122.099853515625,45.22927474975586,89.03973388671875,271.6345520019531,35.92477798461914,159.9630126953125,104.59152221679688,317.2458190917969,76.5199203491211,83.03520202636719,67.5134048461914,57.61579513549805,15.832528114318848,42.75021743774414,138.91415405273438,123.2724380493164,31.4500675201416,115.2562255859375,75.89278411865234,480.198974609375,39.219669342041016,94.43465423583984,36.21923065185547,31.190141677856445,30.130962371826172,122.52055358886719,75.1431884765625,152.0,79.30000305175781,247.4199981689453,451.8999938964844,49.854000091552734,31.860000610351562,75.13999938964844,46.93000030517578,86.3499984741211,143.52000427246094,53.66999816894531,105.06999969482422,298.6000061035156,38.13999938964844,178.5,114.72000122070312,327.95001220703125,83.43000030517578,93.01000213623047,76.98999786376953,58.849998474121094,15.857999801635742,53.41999816894531,162.30999755859375,134.39999389648438,34.380001068115234,118.94999694824219,80.6500015258789,514.3800048828125,46.7599983215332,106.33999633789062,40.119998931884766,35.4900016784668,32.150001525878906,130.35000610351562,85.94000244140625,152.5800018310547,79.98999786376953,248.02999877929688,452.79998779296875,50.138999938964844,32.0099983215332,76.2300033569336,47.29999923706055,87.20999908447266,145.3000030517578,54.25,106.0,299.07000732421875,38.33000183105469,179.1199951171875,114.9000015258789,330.5,84.23999786376953,93.94999694824219,77.20999908447266,59.310001373291016,15.944999694824219,53.540000915527344,162.94000244140625,134.7100067138672,34.93000030517578,119.54666900634766,80.95999908447266,517.2999877929688,47.2400016784668,107.47000122070312,40.4900016784668,35.77000045776367,32.2400016784668,130.52000427246094,86.76000213623047,150.00999450683594,76.9000015258789,244.2899932861328,438.6499938964844,48.81100082397461,31.469999313354492,75.01000213623047,46.61000061035156,85.68000030517578,143.0800018310547,52.369998931884766,102.8499984741211,293.6000061035156,37.72999954223633,177.50999450683594,113.4000015258789,326.239990234375,81.25,92.55000305175781,76.12999725341797,57.84000015258789,15.388999938964844,52.790000915527344,160.5,130.25999450683594,33.779998779296875,116.52666473388672,78.33999633789062,512.22998046875,46.65999984741211,104.43000030517578,39.72999954223633,35.099998474121094,31.93000030517578,129.5399932861328,85.30000305175781,150.1999969482422,77.19000244140625,244.5,438.760009765625,48.81100082397461,31.5,75.87999725341797,46.90999984741211,86.19000244140625,144.10000610351562,52.79999923706055,103.2699966430664,297.6600036621094,37.88999938964844,177.86000061035156,113.5,327.25,81.6500015258789,92.94000244140625,76.29000091552734,59.099998474121094,15.456000328063965,52.95000076293945,161.08999633789062,130.64999389648438,33.939998626708984,116.52666473388672,78.5999984741211,515.25,46.88999938964844,104.5,40.209999084472656,35.185001373291016,31.959999084472656,129.61000061035156,85.37999725341797,6516100,83640900,3068200,1400900,21319000,40137900,14455400,15598900,8072400,12741800,12692900,4605300,2046500,33165400,5725800,10347400,2395000,6299900,8140100,6258300,22945500,492903000,17847600,1561100,9408100,10077500,2866200,15847800,2385400,3679900,4351400,21060400,67587200,33120100,6805500,23817400
2022-07-08,132.14141845703125,79.3499984741211,219.3138885498047,436.8110656738281,46.79446792602539,28.859264373779297,64.0772933959961,40.690765380859375,75.03614807128906,121.4617919921875,45.911888122558594,89.42108917236328,269.6969909667969,35.78349685668945,159.76583862304688,104.26329803466797,319.6835021972656,76.3731689453125,82.82986450195312,67.28539276123047,58.013065338134766,15.812559127807617,42.550148010253906,138.1182098388672,124.7491455078125,31.39518928527832,115.80530548095703,76.70206451416016,484.1664733886719,39.02676010131836,95.04741668701172,36.27340316772461,31.176958084106445,30.065364837646484,122.88713073730469,75.2656021118164,152.85000610351562,79.3499984741211,248.47999572753906,452.95001220703125,49.86899948120117,31.790000915527344,75.37999725341797,46.81999969482422,86.45999908447266,142.77000427246094,54.47999954223633,105.5199966430664,296.4700012207031,37.9900016784668,178.27999877929688,114.36000061035156,330.4700012207031,83.2699966430664,92.77999877929688,76.7300033569336,59.13999938964844,15.838000297546387,53.16999816894531,161.3800048828125,136.00999450683594,34.31999969482422,119.51667022705078,81.51000213623047,518.6300048828125,46.529998779296875,107.02999877929688,40.18000030517578,35.474998474121094,32.08000183105469,130.74000549316406,86.08000183105469,155.25,80.47000122070312,250.24000549316406,455.29998779296875,49.9630012512207,32.25,76.04000091552734,47.560001373291016,87.86000061035156,145.4499969482422,54.95000076293945,106.94999694824219,300.8900146484375,38.13999938964844,179.99000549316406,115.6500015258789,334.5199890136719,85.18000030517578,93.81999969482422,77.5199966430664,60.43000030517578,16.03700065612793,53.91999816894531,163.67999267578125,136.38999938964844,35.220001220703125,120.33333587646484,82.16000366210938,528.3699951171875,47.099998474121094,108.80999755859375,40.70000076293945,36.06999969482422,32.34000015258789,132.0399932861328,87.30000305175781,151.7899932861328,77.4000015258789,247.1999969482422,440.6600036621094,49.0,31.559999465942383,74.66999816894531,46.58000183105469,84.66999816894531,141.08999633789062,52.81999969482422,103.1500015258789,295.07000732421875,37.38999938964844,177.77000427246094,113.61000061035156,326.1600036621094,82.48999786376953,92.41000366210938,76.4000015258789,58.099998474121094,15.388999938964844,52.7599983215332,160.5399932861328,131.6199951171875,33.880001068115234,116.87333679199219,79.76000213623047,511.010009765625,46.34000015258789,105.04000091552734,39.86000061035156,34.97999954223633,31.950000762939453,129.85000610351562,84.93000030517578,152.0,78.30999755859375,248.14999389648438,444.6099853515625,49.29899978637695,32.0099983215332,74.77999877929688,47.2599983215332,87.52999877929688,144.8800048828125,54.47999954223633,106.47000122070312,300.5,37.65999984741211,178.3300018310547,115.16000366210938,326.54998779296875,84.48999786376953,92.91000366210938,77.38999938964844,58.220001220703125,15.430000305175781,53.04999923706055,162.97999572753906,132.52000427246094,34.90999984741211,117.22666931152344,79.91999816894531,512.3099975585938,46.959999084472656,108.33000183105469,40.29999923706055,35.91999816894531,32.2400016784668,129.97999572753906,86.94999694824219,4078400,83405900,2215400,739100,12713000,31153800,6589800,11789900,5615500,7915500,10976700,2494000,1438900,22566300,3828300,8807800,1898200,3825500,7161500,5890500,19283000,467972000,11322700,1456700,8393200,11027700,2334000,10004200,3092100,3546700,3675200,14437500,43940600,29062200,6505800,17673800
2022-07-11,132.46994018554688,76.94999694824219,218.69607543945312,423.41607666015625,45.3090705871582,28.559682846069336,64.23031616210938,40.14324188232422,74.24637603759766,120.38983154296875,44.934322357177734,87.87875366210938,266.7041015625,35.03937911987305,159.82861328125,102.89573669433594,320.2640075683594,76.70335388183594,84.18684387207031,66.48741149902344,56.70840835571289,15.127662658691406,42.32606887817383,137.1254425048828,121.29130554199219,30.526140213012695,113.13746643066406,74.4436264038086,482.5981140136719,38.875789642333984,95.72233581542969,35.92131805419922,30.878145217895508,29.821687698364258,122.57695007324219,74.88089752197266,153.22999572753906,76.94999694824219,247.77999877929688,439.05999755859375,48.2859992980957,31.459999084472656,75.55999755859375,46.189998626708984,85.55000305175781,141.50999450683594,53.31999969482422,103.69999694824219,293.17999267578125,37.20000076293945,178.35000610351562,112.86000061035156,331.07000732421875,83.62999725341797,94.30000305175781,75.81999969482422,57.810001373291016,15.152000427246094,52.88999938964844,160.22000122070312,132.24000549316406,33.369998931884766,116.76333618164062,79.11000061035156,516.9500122070312,46.349998474121094,107.79000091552734,39.790000915527344,35.1349983215332,31.81999969482422,130.41000366210938,85.63999938964844,154.5,78.29000091552734,250.11000061035156,450.1700134277344,49.1619987487793,31.790000915527344,75.98999786376953,46.79999923706055,86.5999984741211,142.85000610351562,55.02000045776367,104.76000213623047,296.5400085449219,37.66999816894531,179.02000427246094,114.2300033569336,332.67999267578125,84.08999633789062,94.77999877929688,76.36000061035156,58.61000061035156,15.527000427246094,53.7400016784668,161.5800018310547,134.60000610351562,33.970001220703125,118.2933349609375,80.2699966430664,521.469970703125,46.5,108.9000015258789,40.0099983215332,35.43000030517578,32.060001373291016,131.13999938964844,86.12000274658203,152.27999877929688,75.83999633789062,246.99000549316406,437.9100036621094,48.097999572753906,31.290000915527344,75.25,46.09000015258789,84.19000244140625,139.92999267578125,52.2599983215332,102.06999969482422,291.8800048828125,37.029998779296875,177.52000427246094,112.22000122070312,329.42999267578125,81.83000183105469,92.83000183105469,75.27999877929688,57.709999084472656,15.038000106811523,52.75,158.88999938964844,131.32000732421875,33.08000183105469,116.00333404541016,78.81999969482422,511.80999755859375,45.959999084472656,104.83000183105469,39.2400016784668,34.665000915527344,31.729999542236328,129.8699951171875,84.36000061035156,152.27999877929688,77.8499984741211,249.27999877929688,449.55999755859375,48.94900131225586,31.549999237060547,75.5,46.41999816894531,85.58999633789062,141.91000366210938,54.220001220703125,103.62000274658203,293.20001220703125,37.65999984741211,177.6999969482422,113.55000305175781,330.6099853515625,82.27999877929688,92.87999725341797,75.86000061035156,58.11000061035156,15.526000022888184,53.0,160.9499969482422,133.58999633789062,33.619998931884766,117.7066650390625,79.7699966430664,514.8599853515625,46.08000183105469,105.88999938964844,39.66999816894531,35.029998779296875,31.899999618530273,130.00999450683594,85.16999816894531,4491000,76150300,1805000,745600,21449000,29311900,6990200,12778200,4685700,7056800,8938200,3406400,1519400,25904300,3645200,7939500,1342600,4046500,9507700,4918900,13941800,437321000,12921400,1776000,5887200,8918700,2490000,9519600,1743600,4641300,2940100,13111600,45508200,30564300,7027300,15603800
2022-07-12,131.80426025390625,76.36000061035156,217.98117065429688,419.0088195800781,45.16925811767578,28.468902587890625,63.76279830932617,40.09109878540039,72.42383575439453,118.18638610839844,43.7629280090332,84.31106567382812,266.1127624511719,35.048797607421875,157.5881805419922,102.99601745605469,313.02813720703125,75.89625549316406,83.56190490722656,66.5926284790039,58.05229949951172,15.05777359008789,41.64585494995117,135.71719360351562,121.94251251220703,29.940685272216797,113.45397186279297,74.43421173095703,480.2362976074219,38.749969482421875,93.12035369873047,35.74979019165039,30.276140213012695,29.634252548217773,121.01663970947266,73.88411712646484,152.4600067138672,76.36000061035156,246.97000122070312,434.489990234375,48.137001037597656,31.360000610351562,75.01000213623047,46.130001068115234,83.44999694824219,138.9199981689453,51.93000030517578,99.48999786376953,292.5299987792969,37.209999084472656,175.85000610351562,112.97000122070312,323.5899963378906,82.75,93.5999984741211,75.94000244140625,59.18000030517578,15.081999778747559,52.040000915527344,157.08999633789062,132.9499969482422,32.72999954223633,117.08999633789062,79.0999984741211,514.4199829101562,46.20000076293945,104.86000061035156,39.599998474121094,34.45000076293945,31.6200008392334,128.75,84.5,154.57000732421875,77.44000244140625,250.08999633789062,444.45001220703125,49.2599983215332,32.029998779296875,75.95999908447266,46.93000030517578,84.04000091552734,139.6199951171875,52.599998474121094,101.54000091552734,299.0799865722656,37.70000076293945,178.4499969482422,115.18000030517578,331.989990234375,83.44000244140625,94.23999786376953,77.26000213623047,60.08000183105469,15.430999755859375,52.779998779296875,160.4499969482422,135.35000610351562,33.18000030517578,118.38666534423828,81.4800033569336,519.1400146484375,46.83000183105469,105.94000244140625,40.470001220703125,34.654998779296875,32.20000076293945,130.8800048828125,85.05000305175781,152.05999755859375,74.43000030517578,245.67999267578125,431.8800048828125,48.00699996948242,30.979999542236328,74.86000061035156,45.5,81.61000061035156,137.25999450683594,50.65999984741211,98.0199966430664,289.510009765625,36.9900016784668,175.1999969482422,112.26000213623047,323.3599853515625,81.05000305175781,93.13999938964844,75.05999755859375,58.099998474121094,14.876999855041504,51.709999084472656,156.17999267578125,131.9600067138672,32.09000015258789,116.23666381835938,78.93000030517578,510.6199951171875,45.7599983215332,101.94000244140625,39.0099983215332,33.83000183105469,31.559999465942383,128.1699981689453,82.86000061035156,153.0,76.9800033569336,247.77999877929688,440.57000732421875,48.78200149536133,31.020000457763672,75.43000030517578,45.58000183105469,82.55999755859375,138.5,51.209999084472656,99.94999694824219,289.7099914550781,37.650001525878906,177.97999572753906,112.58000183105469,330.0,81.5,93.77999877929688,75.19999694824219,58.41999816894531,15.267999649047852,52.689998626708984,158.0,133.74000549316406,32.16999816894531,117.52333068847656,81.16000366210938,513.25,45.869998931884766,104.44000244140625,39.08000183105469,34.21500015258789,31.579999923706055,130.0,83.77999877929688,5319500,77873200,2699300,848000,21159000,39527000,9285700,16966700,5573100,8653900,9733000,3873600,1772600,30546300,4708800,11250900,2058200,4458200,7826500,6558400,21523100,458483000,14633500,1681300,5991300,10281400,4494300,10363700,2706500,4137100,3152500,15127300,64690200,38211000,9280400,21013000
2022-07-13,131.5362548828125,77.5199966430664,218.08706665039062,431.082763671875,45.20303726196289,27.996841430664062,63.354759216308594,39.54357147216797,72.1287612915039,117.39520263671875,44.31913375854492,84.22631072998047,263.9477233886719,35.048797607421875,157.2207794189453,102.02961730957031,311.93499755859375,75.1533203125,83.71367645263672,65.75080871582031,57.738399505615234,15.139641761779785,41.44578170776367,133.31541442871094,124.40978240966797,29.538179397583008,114.0934829711914,76.49505615234375,467.93206787109375,38.01187515258789,90.92688751220703,35.27132797241211,30.227806091308594,29.37183380126953,119.84172821044922,74.18138122558594,152.14999389648438,77.5199966430664,247.08999633789062,447.010009765625,48.17300033569336,30.84000015258789,74.52999877929688,45.5,83.11000061035156,137.99000549316406,52.59000015258789,99.38999938964844,290.1499938964844,37.209999084472656,175.44000244140625,111.91000366210938,322.4599914550781,81.94000244140625,93.7699966430664,74.9800033569336,58.86000061035156,15.163999557495117,51.790000915527344,154.30999755859375,135.63999938964844,32.290000915527344,117.75,81.29000091552734,501.239990234375,45.31999969482422,102.38999938964844,39.06999969482422,34.39500045776367,31.34000015258789,127.5,84.83999633789062,153.8300018310547,79.11000061035156,248.75,451.94000244140625,48.56399917602539,31.149999618530273,75.22000122070312,45.779998779296875,85.19000244140625,140.72999572753906,54.13999938964844,102.26000213623047,291.19000244140625,37.43000030517578,176.3300018310547,112.4800033569336,324.67999267578125,84.06999969482422,94.36000061035156,75.5,59.41999816894531,15.375,52.310001373291016,155.88999938964844,136.77999877929688,33.43000030517578,118.69000244140625,81.72000122070312,511.8599853515625,45.83000183105469,105.83999633789062,39.349998474121094,35.1150016784668,31.549999237060547,128.52999877929688,86.30999755859375,151.3000030517578,74.4800033569336,245.16000366210938,429.29998779296875,47.229000091552734,30.399999618530273,74.41000366210938,44.65999984741211,82.36000061035156,137.13999938964844,51.25,97.72000122070312,285.80999755859375,36.619998931884766,174.5,110.37999725341797,320.8299865722656,81.30999755859375,93.0199966430664,74.01000213623047,57.36000061035156,14.46500015258789,51.5099983215332,151.4199981689453,130.52000427246094,32.02000045776367,114.46666717529297,78.9000015258789,501.19000244140625,44.63999938964844,101.66000366210938,38.40999984741211,33.95000076293945,30.950000762939453,127.16999816894531,83.30000305175781,152.0,74.94000244140625,246.3699951171875,430.4800109863281,47.49800109863281,31.06999969482422,74.63999938964844,45.70000076293945,82.36000061035156,137.61000061035156,51.29999923706055,98.19000244140625,290.510009765625,36.68000030517578,175.66000366210938,111.75,322.010009765625,81.63999938964844,93.58999633789062,75.23999786376953,57.380001068115234,14.59000015258789,51.86000061035156,155.13999938964844,130.5500030517578,32.18000030517578,114.69999694824219,79.27999877929688,508.07000732421875,45.77000045776367,103.23999786376953,39.08000183105469,33.95000076293945,31.280000686645508,127.66000366210938,83.37999725341797,5221200,79355000,2498000,1052500,17665000,44153700,8562100,21793600,5535300,9414600,8522700,3719700,1884100,27059200,5291700,12979900,2564200,4485900,6415600,7780100,13987600,521918000,12927300,3068700,7200200,9137200,3564600,14706500,3467700,5460300,3118800,14116800,58978000,51441600,9296500,19928600
2022-07-14,131.27450561523438,78.5999984741211,216.76315307617188,440.6203918457031,45.476097106933594,27.352296829223633,62.912742614746094,38.36160659790039,70.82696533203125,115.65116119384766,43.33314895629883,81.22068786621094,256.1607360839844,35.519752502441406,157.4358673095703,98.46482849121094,316.22039794921875,73.99768829345703,83.8118896484375,65.49650573730469,58.21906280517578,15.347307205200195,41.12567901611328,130.42120361328125,130.1514892578125,28.65999412536621,116.51263427734375,78.73464965820312,469.0429382324219,37.114418029785156,89.49714660644531,34.973411560058594,29.656558990478516,28.80951690673828,119.49393463134766,72.6949691772461,150.44000244140625,78.5999984741211,245.58999633789062,456.8999938964844,48.4640007019043,30.1299991607666,74.01000213623047,44.13999938964844,81.61000061035156,135.94000244140625,51.41999816894531,95.12000274658203,281.5899963378906,37.709999084472656,175.67999267578125,108.0,326.8900146484375,80.68000030517578,93.87999725341797,74.69000244140625,59.349998474121094,15.371999740600586,51.38999938964844,150.9600067138672,141.89999389648438,31.329999923706055,120.24666595458984,83.66999816894531,502.42999267578125,44.25,100.77999877929688,38.7400016784668,33.744998931884766,30.739999771118164,127.12999725341797,83.13999938964844,151.00999450683594,79.25,246.82000732421875,458.8800048828125,48.667999267578125,30.219999313354492,74.12999725341797,44.47999954223633,81.7699966430664,136.16000366210938,51.47999954223633,95.66000366210938,284.239990234375,38.15999984741211,176.00999450683594,108.2300033569336,327.760009765625,80.76000213623047,94.05999755859375,75.06999969482422,59.65999984741211,15.472999572753906,51.59000015258789,151.92999267578125,142.35000610351562,31.440000534057617,120.76000213623047,84.04000091552734,505.8900146484375,44.459999084472656,100.87999725341797,38.75,33.78499984741211,30.84000015258789,127.31999969482422,83.30999755859375,148.49000549316406,76.0,242.9499969482422,434.54998779296875,47.34299850463867,29.670000076293945,73.23999786376953,43.439998626708984,78.30000305175781,132.5399932861328,49.5099983215332,92.16000366210938,277.8399963378906,36.290000915527344,172.3000030517578,106.05999755859375,315.510009765625,77.91999816894531,92.05999755859375,72.05000305175781,57.31999969482422,14.727999687194824,50.630001068115234,149.50999450683594,133.85000610351562,30.649999618530273,115.72333526611328,80.51000213623047,492.2799987792969,43.75,96.93000030517578,37.43000030517578,32.7400016784668,30.3700008392334,125.2300033569336,80.69000244140625,148.88999938964844,78.2300033569336,245.02000427246094,442.20001220703125,48.244998931884766,30.09000015258789,73.63999938964844,44.47999954223633,79.83000183105469,134.30999755859375,50.599998474121094,94.69000244140625,284.239990234375,36.9900016784668,172.52999877929688,107.98999786376953,317.5400085449219,79.38999938964844,92.55000305175781,74.01000213623047,57.939998626708984,15.107999801635742,50.75,150.57000732421875,134.94000244140625,31.0,117.4366683959961,82.94999694824219,495.0,44.22999954223633,99.43000030517578,38.09000015258789,33.189998626708984,30.700000762939453,126.04000091552734,81.8499984741211,7576900,83493600,2886400,1075900,19957000,51707800,9675600,27337600,8890200,10150200,10458500,5584500,3171900,36690700,5359600,26204800,2615700,4935700,6271000,13296200,14803800,456235000,14023800,2120400,10718700,14827800,3186900,23377000,3765500,7298300,5118100,24355300,73273600,57782300,7784800,26343000
2022-07-15,134.04934692382812,81.11000061035156,219.49929809570312,458.6829833984375,46.39755630493164,29.276853561401367,64.30683898925781,43.43709182739258,71.93780517578125,117.1059341430664,44.42025375366211,83.0650634765625,267.33172607421875,36.376895904541016,159.72105407714844,102.977783203125,320.77667236328125,77.42791748046875,84.77606201171875,68.44293975830078,60.357521057128906,15.736681938171387,41.41376495361328,132.5465087890625,132.4169921875,29.54732894897461,119.29350280761719,80.57903289794922,494.5475769042969,39.060306549072266,92.88058471679688,37.131038665771484,30.139921188354492,29.784202575683594,122.37956237792969,73.91908264160156,153.6199951171875,81.11000061035156,248.69000244140625,475.6300048828125,49.44599914550781,32.25,75.6500015258789,49.97999954223633,82.88999938964844,137.64999389648438,52.709999084472656,97.27999877929688,293.8699951171875,38.619998931884766,178.22999572753906,112.94999694824219,331.6000061035156,84.41999816894531,94.95999908447266,78.05000305175781,61.529998779296875,15.76200008392334,51.75,153.4199981689453,144.3699951171875,32.29999923706055,123.11666870117188,85.62999725341797,529.75,46.56999969482422,104.58999633789062,41.130001068115234,34.29499816894531,31.780000686645508,130.1999969482422,84.54000091552734,153.8699951171875,81.19999694824219,249.1300048828125,475.7799987792969,49.4739990234375,32.630001068115234,75.66999816894531,50.619998931884766,83.94000244140625,138.9600067138672,52.959999084472656,97.69999694824219,296.42999267578125,38.66999816894531,178.50999450683594,113.87999725341797,335.3299865722656,84.5,95.3499984741211,78.7699966430664,61.70000076293945,15.781999588012695,51.90999984741211,154.14999389648438,145.47999572753906,32.36000061035156,123.3133316040039,86.04000091552734,531.989990234375,47.0099983215332,104.66000366210938,41.810001373291016,34.51499938964844,31.959999084472656,130.25999450683594,84.87999725341797,151.42999267578125,77.9000015258789,245.44000244140625,460.510009765625,48.612998962402344,30.610000610351562,74.29000091552734,46.189998626708984,81.81999969482422,136.42999267578125,51.369998931884766,95.33000183105469,285.1499938964844,37.72999954223633,176.5500030517578,107.66999816894531,328.1700134277344,81.68000030517578,94.37000274658203,75.66000366210938,59.400001525878906,15.444999694824219,50.43000030517578,146.38999938964844,142.02999877929688,31.34000015258789,120.16999816894531,83.97000122070312,515.4500122070312,44.93000030517578,101.41999816894531,39.22999954223633,33.78499984741211,31.100000381469727,128.4499969482422,82.9000015258789,151.83999633789062,79.36000061035156,247.38999938964844,465.3900146484375,49.08300018310547,30.649999618530273,74.81999969482422,47.0,83.87000274658203,138.9600067138672,52.79999923706055,97.62999725341797,286.5,38.27000045776367,177.7100067138672,109.16000366210938,331.9700012207031,82.5,94.8499984741211,75.94000244140625,61.47999954223633,15.659000396728516,51.040000915527344,148.0,143.75999450683594,32.060001373291016,122.08333587646484,85.58000183105469,526.0599975585938,45.5,103.05999755859375,39.400001525878906,34.47999954223633,31.18000030517578,129.02000427246094,84.80000305175781,4873000,76050600,2805500,1630500,18714000,77801700,10933900,86566200,5899000,7051900,8048500,3799200,3457600,32892300,5691100,18863900,3340300,4706300,9731900,11663900,20317800,385935000,19885700,4838700,11880500,10672600,2984100,14061000,5742500,8608200,2791900,40328300,59920600,59650200,9684800,17243700
2022-07-18,130.51531982421875,81.43000030517578,215.2185516357422,456.6095886230469,46.07851028442383,29.285932540893555,62.68321990966797,43.51530456542969,73.82980346679688,118.74787902832031,46.029869079589844,84.98628997802734,274.0544128417969,36.461673736572266,156.13644409179688,101.92020416259766,311.2674865722656,78.17082977294922,82.43704223632812,69.1532211303711,59.29810333251953,16.075138092041016,40.613502502441406,133.62643432617188,129.95889282226562,30.306602478027344,118.91239166259766,78.64996337890625,484.8573913574219,39.152565002441406,94.40802001953125,37.185203552246094,30.82981300354004,29.671733856201172,119.79473114013672,75.28309631347656,149.57000732421875,81.43000030517578,243.83999633789062,473.4800109863281,49.10599899291992,32.2599983215332,73.73999786376953,50.06999969482422,85.06999969482422,139.5800018310547,54.619998931884766,99.52999877929688,301.260009765625,38.709999084472656,174.22999572753906,111.79000091552734,321.7699890136719,85.2300033569336,92.33999633789062,78.86000061035156,60.45000076293945,16.10099983215332,50.75,154.6699981689453,141.69000244140625,33.130001068115234,122.72333526611328,83.58000183105469,519.3699951171875,46.68000030517578,106.30999755859375,41.189998626708984,35.08000183105469,31.65999984741211,127.44999694824219,86.0999984741211,154.47000122070312,84.47000122070312,249.4499969482422,486.8299865722656,50.24100112915039,33.380001068115234,75.80000305175781,51.5,86.38999938964844,142.13999938964844,55.689998626708984,101.27999877929688,311.25,39.34000015258789,178.19000244140625,115.83999633789062,331.9700012207031,87.52999877929688,95.0999984741211,80.4000015258789,62.33000183105469,16.89699935913086,51.970001220703125,159.2100067138672,146.42999267578125,33.56999969482422,126.11666870117188,86.08000183105469,532.1599731445312,47.59000015258789,109.45999908447266,42.790000915527344,35.65999984741211,32.45000076293945,130.4499969482422,87.94000244140625,148.88999938964844,80.94000244140625,242.9199981689453,470.5,48.819000244140625,32.099998474121094,73.48999786376953,49.72999954223633,84.6500015258789,139.0800018310547,53.900001525878906,98.66999816894531,298.7099914550781,38.529998779296875,173.91000366210938,111.29000091552734,319.7099914550781,84.7699966430664,91.91999816894531,78.41999816894531,60.13999938964844,16.00200080871582,50.52000045776367,153.38999938964844,140.82000732421875,32.900001525878906,121.9433364868164,83.37000274658203,518.75,46.5099983215332,105.80999755859375,41.02000045776367,34.915000915527344,31.520000457763672,127.0199966430664,85.75,153.8000030517578,82.20999908447266,248.5500030517578,483.6099853515625,50.01599884033203,33.08000183105469,75.80000305175781,50.65999984741211,84.73999786376953,140.55999755859375,54.25,99.75,305.760009765625,39.099998474121094,177.74000549316406,114.7699966430664,330.1199951171875,86.01000213623047,94.9000015258789,79.5,62.09000015258789,16.302000045776367,51.959999084472656,156.02999877929688,145.97000122070312,33.20000076293945,125.15666961669922,86.05999755859375,531.0,47.02000045776367,106.94999694824219,41.93000030517578,35.209999084472656,32.22999954223633,130.3300018310547,86.58000183105469,6838400,90464300,2231400,1039500,18042000,56382900,8996000,26042500,7057600,7943900,11090500,3301700,6767900,30814400,7605700,13977900,2116300,4032200,8653700,11596800,13233000,670517000,15742900,2219900,7856600,11493100,2959200,11352500,3212000,7435000,3145000,17991300,51453600,38671600,7047700,19395800
2022-07-19,130.66368103027344,85.87999725341797,218.29010009765625,480.6031494140625,47.76192092895508,30.275442123413086,62.173194885253906,45.30563735961914,76.78923797607422,123.02716827392578,48.2125358581543,88.4786148071289,289.3281555175781,37.883975982666016,153.86026000976562,104.44564819335938,315.5529479980469,80.57384490966797,82.45490264892578,71.59979248046875,61.21095657348633,16.964706420898438,41.10966873168945,138.39540100097656,135.16860961914062,31.303707122802734,124.1543960571289,81.06837463378906,498.0018005371094,39.80678939819336,96.56596374511719,38.728946685791016,31.77897071838379,30.562076568603516,121.83438110351562,77.18047332763672,149.74000549316406,85.87999725341797,247.32000732421875,498.3599853515625,50.900001525878906,33.349998474121094,73.13999938964844,52.130001068115234,88.4800033569336,144.61000061035156,57.209999084472656,103.62000274658203,318.04998779296875,40.220001220703125,171.69000244140625,114.55999755859375,326.20001220703125,87.8499984741211,92.36000061035156,81.6500015258789,62.400001525878906,16.992000579833984,51.369998931884766,160.19000244140625,147.3699951171875,34.220001220703125,128.13333129882812,86.1500015258789,533.4500122070312,47.459999084472656,108.73999786376953,42.900001525878906,36.15999984741211,32.61000061035156,129.6199951171875,88.2699966430664,150.22999572753906,86.41000366210938,247.77999877929688,500.9100036621094,51.1349983215332,33.619998931884766,74.29000091552734,52.40999984741211,88.70999908447266,145.00999450683594,57.400001525878906,103.69000244140625,319.1400146484375,40.72999954223633,176.75,114.94000244140625,327.3800048828125,88.27999877929688,93.38999938964844,81.98999786376953,62.7599983215332,17.110000610351562,51.5099983215332,160.82000732421875,148.47000122070312,34.34000015258789,128.82666015625,86.47000122070312,533.8400268554688,47.709999084472656,109.55000305175781,43.06999969482422,36.25,32.709999084472656,129.83999633789062,88.5199966430664,148.8000030517578,82.19000244140625,245.0399932861328,484.04998779296875,49.5890007019043,32.68000030517578,72.91999816894531,50.83000183105469,84.87999725341797,139.4199981689453,54.09000015258789,99.22000122070312,303.5,39.2400016784668,169.8800048828125,112.66999816894531,321.8399963378906,85.13999938964844,92.12000274658203,79.83000183105469,61.380001068115234,16.172000885009766,50.61000061035156,156.3300018310547,143.17999267578125,33.08000183105469,124.30332946777344,84.55999755859375,520.5900268554688,46.959999084472656,105.16999816894531,41.75,35.02000045776367,31.989999771118164,128.25,86.25,150.0,82.76000213623047,246.9600067138672,484.8699951171875,49.68000030517578,32.900001525878906,74.12000274658203,50.880001068115234,85.41000366210938,139.69000244140625,54.2599983215332,99.25,303.5899963378906,39.31999969482422,176.3300018310547,113.12999725341797,324.0899963378906,85.18000030517578,93.1500015258789,79.86000061035156,61.470001220703125,16.486000061035156,51.040000915527344,156.85000610351562,144.13999938964844,33.08000183105469,124.66000366210938,85.0,521.0900268554688,47.310001373291016,105.36000061035156,41.880001068115234,35.029998779296875,32.08000183105469,128.80999755859375,86.41999816894531,5647100,85047500,3375000,1415000,27257000,46874900,11398900,28113600,6674800,9152100,10525600,3920900,5641100,53095300,13256400,11862300,1628100,4302600,8233600,9952000,19103700,702366000,13402100,2018600,9686500,10867200,3116700,10673100,2953500,5684000,2933300,25724200,48776400,40568000,6585700,18248900
2022-07-20,128.8748321533203,89.43000030517578,217.6810760498047,496.0909118652344,48.02183532714844,30.284523010253906,61.90116882324219,45.58374786376953,78.72457885742188,124.65209197998047,48.60862350463867,90.14368438720703,292.4211120605469,38.2042236328125,152.9819793701172,104.42741394042969,311.5190124511719,81.43597412109375,80.03553009033203,71.74009704589844,62.093788146972656,17.778392791748047,40.66952133178711,138.36085510253906,139.14932250976562,31.230520248413086,127.31961059570312,81.45417022705078,484.9506530761719,39.46290588378906,97.0455093383789,38.56644058227539,32.0865592956543,30.674541473388672,120.63126373291016,78.02861022949219,147.69000244140625,89.43000030517578,246.6300048828125,514.4199829101562,51.176998138427734,33.36000061035156,72.81999969482422,52.45000076293945,90.70999908447266,146.52000427246094,57.68000030517578,105.56999969482422,321.45001220703125,40.560001373291016,170.7100067138672,114.54000091552734,322.0299987792969,88.79000091552734,89.6500015258789,81.80999755859375,63.29999923706055,17.80699920654297,50.81999969482422,160.14999389648438,151.7100067138672,34.13999938964844,131.39999389648438,86.55999755859375,519.469970703125,47.04999923706055,109.27999877929688,42.720001220703125,36.5099983215332,32.72999954223633,128.33999633789062,89.23999786376953,150.4499969482422,89.91999816894531,248.4600067138672,516.760009765625,51.76100158691406,33.45000076293945,73.69999694824219,52.45000076293945,91.22000122070312,147.25999450683594,57.91999816894531,106.23999786376953,322.1700134277344,40.66999816894531,172.5500030517578,114.73999786376953,327.82000732421875,89.26000213623047,92.43000030517578,82.2699966430664,63.52000045776367,17.933000564575195,51.459999084472656,160.61000061035156,152.3300018310547,34.25,132.02333068847656,86.75,534.0499877929688,47.310001373291016,109.81999969482422,43.029998779296875,36.67499923706055,32.790000915527344,129.61000061035156,89.6500015258789,147.33999633789062,85.08000183105469,244.64999389648438,490.6000061035156,50.446998596191406,32.95000076293945,72.37999725341797,51.45000076293945,87.22000122070312,143.32000732421875,55.540000915527344,101.23999786376953,316.30999755859375,39.560001373291016,169.75999450683594,113.4800033569336,320.30999755859375,86.7300033569336,89.22000122070312,80.94000244140625,61.849998474121094,16.801000595092773,50.5099983215332,157.8800048828125,146.6199951171875,33.2599983215332,127.1500015258789,85.11000061035156,515.72998046875,46.5099983215332,106.79000091552734,42.36000061035156,35.61000061035156,32.439998626708984,127.81999969482422,87.25,149.52999877929688,85.38999938964844,246.6999969482422,492.8999938964844,50.95399856567383,33.18000030517578,73.27999877929688,51.5,87.75,144.5,56.310001373291016,102.58999633789062,317.2799987792969,40.209999084472656,172.1999969482422,114.0999984741211,327.0899963378906,87.33999633789062,92.36000061035156,81.47000122070312,62.220001220703125,16.94700050354004,51.38999938964844,158.99000549316406,147.42999267578125,33.54999923706055,127.94000244140625,85.18000030517578,533.4500122070312,47.09000015258789,107.63999938964844,42.540000915527344,35.7599983215332,32.540000915527344,129.44000244140625,87.58000183105469,5315700,88348600,2664600,2294900,27412000,35514900,12149900,24546500,7720500,7856600,8032000,3088700,3489800,36387900,7455800,11667500,2051000,3132000,11844000,7653400,15176200,760538000,12774400,1683100,8517400,9984500,4845300,11664800,4327500,6130600,2720600,19111200,41849400,38507700,7599500,16584400
2022-07-21,128.9271697998047,91.08999633789062,216.93084716796875,522.9485473632812,48.57640075683594,30.547788619995117,62.08818817138672,45.70541763305664,77.17977905273438,123.69924926757812,47.36138916015625,88.42739868164062,297.0514831542969,38.25132369995117,153.5196533203125,105.1385498046875,316.24945068359375,79.2897720336914,80.47296142578125,72.80116271972656,62.42731475830078,18.02100372314453,40.909603118896484,139.62222290039062,142.9556884765625,30.763986587524414,129.39962768554688,82.61162567138672,487.74200439453125,39.932594299316406,92.48983764648438,39.071998596191406,31.524093627929688,30.871349334716797,122.5393295288086,76.7258071899414,147.75,91.08999633789062,245.77999877929688,542.27001953125,51.768001556396484,33.650001525878906,73.04000091552734,52.59000015258789,88.93000030517578,145.39999389648438,56.20000076293945,103.55999755859375,326.5400085449219,40.61000061035156,171.30999755859375,115.31999969482422,326.9200134277344,86.44999694824219,90.13999938964844,83.0199966430664,63.63999938964844,18.049999237060547,51.119998931884766,161.61000061035156,155.86000061035156,33.630001068115234,133.54666137695312,87.79000091552734,522.4600219726562,47.61000061035156,104.1500015258789,43.279998779296875,35.869998931884766,32.939998626708984,130.3699951171875,87.75,147.83999633789062,91.58000183105469,246.8000030517578,543.239990234375,51.78099822998047,33.66999816894531,73.33000183105469,52.630001068115234,89.05999755859375,145.47000122070312,56.2599983215332,103.5999984741211,327.1600036621094,40.650001525878906,171.38999938964844,115.52999877929688,328.04998779296875,87.41000366210938,90.41000366210938,83.0999984741211,63.68000030517578,18.143999099731445,51.13999938964844,161.74000549316406,155.9199981689453,33.63999938964844,133.63333129882812,87.80000305175781,522.469970703125,47.66999816894531,105.66999816894531,43.369998931884766,35.904998779296875,32.939998626708984,130.3699951171875,87.80000305175781,146.02000427246094,88.22000122070312,243.61000061035156,524.5999755859375,50.60200119018555,32.95000076293945,72.47000122070312,51.790000915527344,86.87000274658203,141.5,54.189998626708984,101.30000305175781,319.8500061035156,39.81999969482422,169.77000427246094,113.37000274658203,319.7099914550781,83.62000274658203,88.91000366210938,81.22000122070312,61.93000030517578,17.545000076293945,50.18000030517578,158.97000122070312,150.6300048828125,32.2599983215332,130.19667053222656,86.4000015258789,511.1400146484375,46.75,100.29000091552734,42.279998779296875,34.83000183105469,32.38999938964844,128.38999938964844,85.20999908447266,147.24000549316406,89.5999984741211,245.74000549316406,530.0,51.255001068115234,33.09000015258789,72.70999908447266,52.11000061035156,87.3499984741211,143.1199951171875,55.79999923706055,102.16000366210938,320.510009765625,40.5099983215332,170.0500030517578,114.44000244140625,321.45001220703125,86.25,89.1500015258789,81.5,62.599998474121094,17.885000228881836,50.56999969482422,159.38999938964844,152.8800048828125,32.97999954223633,132.0833282470703,86.68000030517578,519.3900146484375,46.970001220703125,104.55999755859375,42.47999954223633,35.5099983215332,32.63999938964844,128.72000122070312,86.93000030517578,4066800,90449300,2009500,2281900,13912000,31244000,7238800,18261900,8016700,6724200,8150400,4264100,2518800,29661200,5729200,11595900,1692100,4713700,8197000,9053400,12924700,557049000,15103800,1547500,8060400,14583000,2753400,7135000,2667600,6619400,4933800,17809000,43159200,40561800,9507700,21375700
2022-07-22,129.5554656982422,88.0999984741211,217.08090209960938,515.2240600585938,48.09220886230469,30.348066329956055,62.01166915893555,45.11442947387695,76.4854736328125,122.66984558105469,46.51022720336914,86.2414779663086,294.6772155761719,36.92321014404297,154.24554443359375,104.62798309326172,318.0195617675781,78.5560531616211,80.4461898803711,72.2837905883789,60.12209701538086,17.291181564331055,40.99763107299805,139.75181579589844,140.9745330810547,32.08126449584961,126.21177673339844,81.22832489013672,486.76171875,40.016475677490234,92.37439727783203,38.97269058227539,31.264850616455078,30.693281173706055,122.03177642822266,76.13997650146484,148.47000122070312,88.0999984741211,245.9499969482422,534.260009765625,51.25199890136719,33.43000030517578,72.94999694824219,51.90999984741211,88.12999725341797,144.19000244140625,55.189998626708984,101.0,323.92999267578125,39.20000076293945,172.1199951171875,114.76000213623047,328.75,85.6500015258789,90.11000061035156,82.43000030517578,61.290000915527344,17.319000244140625,51.22999954223633,161.75999450683594,153.6999969482422,35.06999969482422,130.2566680908203,86.31999969482422,521.4099731445312,47.709999084472656,104.0199966430664,43.16999816894531,35.57500076293945,32.75,129.8300018310547,87.08000183105469,149.2899932861328,90.69000244140625,249.1300048828125,546.8499755859375,51.979000091552734,33.939998626708984,73.61000061035156,53.02000045776367,90.19000244140625,146.3000030517578,57.279998779296875,104.75,329.04998779296875,40.5099983215332,172.49000549316406,116.25,329.2200012207031,87.77999877929688,90.44999694824219,83.52999877929688,62.91999816894531,17.966999053955078,51.529998779296875,163.77999877929688,156.66000366210938,36.4900016784668,133.17333984375,87.7300033569336,527.5999755859375,47.939998626708984,106.52999877929688,43.529998779296875,36.3650016784668,33.15999984741211,130.9199981689453,88.47000122070312,147.5800018310547,87.04000091552734,245.22000122070312,529.22998046875,50.667999267578125,33.09000015258789,72.4800033569336,51.4900016784668,87.54000091552734,143.4199981689453,54.90999984741211,100.16000366210938,322.19000244140625,38.939998626708984,171.05999755859375,113.66999816894531,325.8299865722656,85.13999938964844,89.45999908447266,81.66000366210938,61.0099983215332,17.136999130249023,50.95000076293945,160.89999389648438,152.35000610351562,34.849998474121094,129.07666015625,85.80000305175781,518.4000244140625,47.310001373291016,103.5199966430664,42.689998626708984,35.369998931884766,32.5,129.0399932861328,86.62999725341797,148.47000122070312,90.19999694824219,246.8000030517578,542.4099731445312,51.88100051879883,33.599998474121094,73.25,52.52000045776367,89.20999908447266,145.55999755859375,56.380001068115234,103.62999725341797,327.1099853515625,40.369998931884766,171.60000610351562,115.23999786376953,326.95001220703125,86.58999633789062,90.11000061035156,83.0999984741211,61.290000915527344,17.89299964904785,51.2599983215332,161.86000061035156,155.66000366210938,35.40999984741211,133.11666870117188,87.41000366210938,526.0,47.470001220703125,104.80999755859375,43.16999816894531,36.0099983215332,32.9900016784668,130.6699981689453,87.55000305175781,3639700,76989700,1843600,1459900,17867000,27115400,6514300,14903400,6243500,5889500,6315800,2274000,1830300,41350000,4257000,7645500,1850800,3950000,6354500,6564000,22201700,536671000,10932100,1457300,7200100,19748000,4548000,8612100,1850300,5009100,3855300,15965400,40836400,25741200,8657100,15479500
2022-07-25,131.08251953125,87.54000091552734,219.52577209472656,519.7662963867188,48.1475715637207,30.620410919189453,61.91815948486328,45.33171463012695,79.88752746582031,126.31954956054688,48.85301208496094,90.06685638427734,294.8500061035156,36.885536193847656,154.55027770996094,105.04737854003906,320.728271484375,81.44513702392578,80.82115936279297,72.38903045654297,59.003822326660156,16.996652603149414,41.429779052734375,142.2918243408203,140.56182861328125,33.08751678466797,125.41400146484375,81.20952606201172,494.28619384765625,40.30165481567383,97.08104705810547,39.270606994628906,32.41173553466797,30.890094757080078,122.67093658447266,78.67565155029297,150.22000122070312,87.54000091552734,248.72000122070312,538.969970703125,51.31100082397461,33.72999954223633,72.83999633789062,52.15999984741211,92.05000305175781,148.47999572753906,57.970001220703125,105.4800033569336,324.1199951171875,39.15999984741211,172.4600067138672,115.22000122070312,331.54998779296875,88.80000305175781,90.52999877929688,82.55000305175781,60.150001525878906,17.02400016784668,51.77000045776367,164.6999969482422,153.25,36.16999816894531,129.43333435058594,86.30000305175781,529.469970703125,48.04999923706055,109.31999969482422,43.5,36.880001068115234,32.959999084472656,130.50999450683594,89.9800033569336,150.94000244140625,87.5999984741211,249.08999633789062,543.6699829101562,51.332000732421875,33.97999954223633,73.26000213623047,53.150001525878906,92.13999938964844,148.61000061035156,58.060001373291016,105.97000122070312,327.2900085449219,39.40999984741211,172.97999572753906,116.45999908447266,332.2699890136719,89.05000305175781,90.7300033569336,83.18000030517578,61.83000183105469,17.124000549316406,51.880001068115234,165.5800018310547,154.0399932861328,36.2599983215332,129.53334045410156,86.69999694824219,532.8900146484375,48.5,109.4800033569336,43.90999984741211,36.915000915527344,33.11000061035156,130.75,90.12999725341797,148.50999450683594,85.12000274658203,246.55999755859375,532.1199951171875,50.65299987792969,33.439998626708984,72.4800033569336,52.06999969482422,87.79000091552734,144.17999267578125,55.27000045776367,101.31999969482422,322.6000061035156,38.54999923706055,171.72000122070312,114.7699966430664,328.05999755859375,86.37000274658203,89.75,82.12000274658203,59.70000076293945,16.64900016784668,51.34000015258789,162.24000549316406,151.6699981689453,35.0099983215332,127.2699966430664,85.62999725341797,524.219970703125,47.65999984741211,104.77999877929688,43.209999084472656,35.6349983215332,32.720001220703125,129.80999755859375,87.41999816894531,148.5399932861328,86.56999969482422,246.86000061035156,535.4199829101562,51.04600143432617,33.779998779296875,72.79000091552734,52.43000030517578,89.45999908447266,145.6999969482422,56.02000045776367,102.56999969482422,325.9700012207031,39.279998779296875,172.1199951171875,115.83999633789062,328.75,86.80000305175781,90.19999694824219,82.88999938964844,61.349998474121094,17.018999099731445,51.34000015258789,163.32000732421875,152.8000030517578,35.650001525878906,129.2566680908203,86.30000305175781,526.0900268554688,48.25,105.87000274658203,43.529998779296875,36.064998626708984,32.95000076293945,129.92999267578125,88.16000366210938,4347000,70083000,1771100,1194600,15061000,30381000,6259000,16794700,5815100,6210900,8473200,3279500,4024500,32263400,4437300,9394000,1741700,3206500,6364500,6208200,14479400,480748000,12995800,1294200,4928900,13120000,2862900,5960900,2337200,4054100,3740200,20297900,39112000,24699300,5489000,17536400
2022-07-26,131.6497039794922,85.25,221.6617431640625,505.4934997558594,47.958030700683594,30.00309944152832,62.58970260620117,44.67120361328125,79.05435943603516,125.33271789550781,47.833309173583984,88.58963775634766,289.78302001953125,36.69715118408203,155.64353942871094,103.40628814697266,320.7379455566406,80.67472839355469,81.4996566772461,70.84565734863281,58.523155212402344,16.506444931030273,41.853912353515625,139.71725463867188,137.55335998535156,32.56609344482422,123.32432556152344,79.44039916992188,496.26531982421875,39.77324295043945,95.58023834228516,38.728946685791016,32.11731719970703,30.458986282348633,123.30067443847656,78.36962127685547,150.8699951171875,85.25,251.13999938964844,524.1699829101562,51.10900115966797,33.04999923706055,73.62999725341797,51.400001525878906,91.08999633789062,147.32000732421875,56.7599983215332,103.75,318.54998779296875,38.959999084472656,173.67999267578125,113.41999816894531,331.55999755859375,87.95999908447266,91.29000091552734,80.79000091552734,59.65999984741211,16.533000946044922,52.29999923706055,161.72000122070312,149.97000122070312,35.599998474121094,127.27666473388672,84.41999816894531,531.5900268554688,47.41999816894531,107.62999725341797,42.900001525878906,36.54499816894531,32.5,131.17999267578125,89.62999725341797,153.55999755859375,87.75,253.77000427246094,529.6400146484375,51.680999755859375,33.779998779296875,74.2300033569336,52.79999923706055,94.18000030517578,150.67999267578125,59.189998626708984,107.83000183105469,324.2900085449219,39.56999969482422,174.97999572753906,115.58000183105469,332.57000732421875,90.05000305175781,91.94999694824219,82.56999969482422,60.689998626708984,16.91900062561035,52.849998474121094,166.17999267578125,152.6999969482422,37.11000061035156,129.22332763671875,85.19999694824219,537.6400146484375,48.33000183105469,111.5199966430664,43.68000030517578,37.48500061035156,32.9900016784668,131.99000549316406,91.27999877929688,150.3300018310547,84.70999908447266,248.75,518.5399780273438,50.891998291015625,32.959999084472656,72.95999908447266,51.2400016784668,89.97000122070312,146.52999877929688,55.7599983215332,102.38999938964844,317.760009765625,38.880001068115234,172.49000549316406,113.02999877929688,328.6099853515625,87.3499984741211,90.5999984741211,80.62999725341797,59.54999923706055,16.47800064086914,51.709999084472656,161.64999389648438,149.80999755859375,35.04999923706055,126.80332946777344,83.8499984741211,531.030029296875,47.220001220703125,106.83999633789062,42.810001373291016,36.29999923706055,32.41999816894531,130.52999877929688,89.0,151.14999389648438,87.0,249.6300048828125,528.0499877929688,51.4630012512207,33.40999984741211,73.47000122070312,51.77000045776367,93.44000244140625,149.5,59.0,106.95999908447266,321.7699890136719,39.099998474121094,172.55999755859375,114.58000183105469,330.989990234375,89.81999969482422,91.4000015258789,81.80000305175781,60.310001373291016,16.888999938964844,51.84000015258789,163.44000244140625,152.6199951171875,36.79999923706055,128.57333374023438,84.76000213623047,533.7999877929688,47.689998626708984,111.0999984741211,43.11000061035156,37.31999969482422,32.79999923706055,130.8800048828125,91.12999725341797,4900600,69180400,2528600,1029500,17958000,30645700,8957300,18960800,7127000,6112800,9777700,2865400,2054700,35925500,4525500,10675100,1812300,3338700,6414100,7121600,11044800,397865000,16632500,1574100,5941800,17232100,2510400,6977700,2637800,4995000,2853100,15446700,37228800,26357800,7482400,15141200
2022-07-27,131.89402770996094,89.81999969482422,222.17361450195312,526.7193603515625,49.52506637573242,30.493316650390625,63.59278869628906,45.496826171875,80.94631958007812,126.98314666748047,50.20980453491211,92.38085174560547,295.2320861816406,37.846290588378906,155.21343994140625,105.06561279296875,318.2034606933594,82.52740478515625,81.44610595703125,72.35394287109375,60.710662841796875,17.761425018310547,41.57382583618164,140.8230743408203,140.7177276611328,33.23389434814453,128.96682739257812,82.4610824584961,499.08447265625,40.43584442138672,99.01697540283203,39.460182189941406,32.84236145019531,30.927583694458008,124.0714340209961,80.06588745117188,151.14999389648438,89.81999969482422,251.72000122070312,546.1799926757812,52.77899932861328,33.59000015258789,74.80999755859375,52.349998474121094,93.2699966430664,149.25999450683594,59.58000183105469,108.19000244140625,324.5400085449219,40.18000030517578,173.1999969482422,115.23999786376953,328.94000244140625,89.9800033569336,91.2300033569336,82.51000213623047,61.88999938964844,17.790000915527344,51.95000076293945,163.0,153.4199981689453,36.33000183105469,133.10000610351562,87.62999725341797,534.6099853515625,48.209999084472656,111.5,43.709999084472656,37.369998931884766,33.0,132.0,91.56999969482422,151.5,90.62000274658203,252.75,549.8499755859375,53.01900100708008,33.77000045776367,74.9800033569336,52.709999084472656,93.66000366210938,150.1999969482422,59.95000076293945,108.72000122070312,326.3900146484375,40.41999816894531,174.10000610351562,115.73999786376953,330.8699951171875,90.72000122070312,91.37000274658203,82.86000061035156,62.38999938964844,17.93600082397461,52.25,164.47000122070312,154.8000030517578,36.619998931884766,134.17333984375,87.9000015258789,537.8599853515625,48.38999938964844,112.45999908447266,43.970001220703125,37.55500030517578,33.15999984741211,132.58999633789062,92.0,148.92999267578125,86.29000091552734,248.08999633789062,532.5900268554688,51.69300079345703,32.95000076293945,72.26000213623047,51.31999969482422,91.29000091552734,146.66000366210938,57.0,104.1500015258789,318.3800048828125,39.22999954223633,171.1300048828125,113.30000305175781,325.19000244140625,87.61000061035156,90.01000213623047,80.95999908447266,59.61000061035156,16.913000106811523,51.189998626708984,161.52000427246094,150.5500030517578,35.540000915527344,129.1699981689453,85.30999755859375,528.0399780273438,47.25,107.48999786376953,42.689998626708984,36.404998779296875,32.52000045776367,130.49000549316406,89.4000015258789,149.5,86.94000244140625,249.16000366210938,533.6199951171875,51.81999969482422,33.2400016784668,72.38999938964844,51.70000076293945,92.04000091552734,148.33999633789062,57.400001525878906,104.61000061035156,320.2900085449219,39.27000045776367,172.6300048828125,114.01000213623047,328.9800109863281,88.68000030517578,90.5,81.38999938964844,60.4900016784668,17.031999588012695,51.939998626708984,162.3699951171875,151.52999877929688,36.040000915527344,129.55999755859375,85.30999755859375,533.5399780273438,47.709999084472656,108.7300033569336,42.97999954223633,36.779998779296875,32.630001068115234,131.10000610351562,90.27999877929688,4145800,78301600,2180900,1110900,25699000,30344800,9760100,17087300,6237800,6223000,9145900,3430800,2081900,42571600,4648500,9337400,1643000,3051800,6966300,7751300,14589800,569776000,19203500,2153100,12863000,11075300,3214200,9399500,2268100,5456900,4220500,19498400,44810800,44817200,7680700,18047000
2022-07-28,130.67239379882812,91.66999816894531,220.43482971191406,540.7315673828125,50.0711784362793,30.248207092285156,63.49928283691406,45.39253616333008,81.63194274902344,127.94448852539062,50.87556838989258,91.6977310180664,299.38934326171875,37.403594970703125,156.10958862304688,104.67355346679688,320.0027770996094,82.16972351074219,80.29443359375,73.42948913574219,60.887237548828125,17.955108642578125,40.904449462890625,140.73667907714844,134.32476806640625,32.666717529296875,130.555908203125,83.38325500488281,505.50738525390625,38.6828727722168,97.24977111816406,39.10810470581055,33.02692413330078,31.152507781982422,124.86097717285156,81.00146484375,149.75,91.66999816894531,249.75,560.7100219726562,53.361000061035156,33.31999969482422,74.69999694824219,52.22999954223633,94.05999755859375,150.38999938964844,60.369998931884766,107.38999938964844,329.1099853515625,39.709999084472656,174.1999969482422,114.80999755859375,330.79998779296875,89.58999633789062,89.94000244140625,82.94999694824219,62.06999969482422,17.983999252319336,50.720001220703125,162.89999389648438,146.4499969482422,35.709999084472656,134.74000549316406,88.61000061035156,541.489990234375,46.119998931884766,109.51000213623047,43.31999969482422,37.58000183105469,33.2400016784668,132.83999633789062,92.63999938964844,152.41000366210938,92.22000122070312,251.72000122070312,560.9400024414062,53.652000427246094,33.75,75.16000366210938,52.720001220703125,95.26000213623047,151.47000122070312,61.099998474121094,109.9800033569336,329.9800109863281,40.119998931884766,176.08999633789062,115.9800033569336,333.5899963378906,91.91000366210938,91.12999725341797,83.06999969482422,62.29999923706055,18.139999389648438,52.33000183105469,163.85000610351562,149.99000549316406,36.900001525878906,135.02999877929688,88.62000274658203,544.3400268554688,48.41999816894531,115.5999984741211,43.83000183105469,37.96500015258789,33.25,133.80999755859375,93.25,146.6199951171875,88.58999633789062,245.72999572753906,540.760009765625,52.05799865722656,32.900001525878906,73.22000122070312,51.310001373291016,92.5999984741211,148.02999877929688,59.02000045776367,105.30999755859375,321.8900146484375,39.040000915527344,171.44000244140625,113.52999877929688,321.739990234375,88.25,87.41999816894531,80.9000015258789,60.189998626708984,17.440000534057617,49.099998474121094,160.57000732421875,143.0,35.2400016784668,130.48666381835938,86.44999694824219,531.739990234375,45.81999969482422,107.5999984741211,42.709999084472656,36.8849983215332,32.5,129.9199981689453,91.01000213623047,151.44000244140625,90.41999816894531,251.72000122070312,547.7999877929688,52.85900115966797,33.5,74.93000030517578,52.09000015258789,94.22000122070312,150.69000244140625,60.279998779296875,109.23999786376953,325.29998779296875,40.09000015258789,173.39999389648438,115.25,330.239990234375,91.05000305175781,91.04000091552734,81.76000213623047,62.25,17.975000381469727,50.849998474121094,162.77000427246094,149.77999877929688,36.63999938964844,133.39332580566406,87.12999725341797,537.489990234375,48.119998931884766,115.0,43.54999923706055,37.70500183105469,33.029998779296875,132.1699981689453,92.18000030517578,6572300,79009200,2214400,1216800,14867000,40176500,9262700,12729200,4656100,6574300,7631300,2766200,1820700,56662300,5513000,10384800,2350900,3800800,13909800,6324800,10120300,474646000,38984900,1732400,17051000,10292800,3532200,10668200,2344500,13267900,6920500,14527300,46665400,40974600,11052600,20353100
2022-07-29,125.22732543945312,94.47000122070312,218.42250061035156,553.9722900390625,50.24665832519531,30.693037033081055,62.717227935791016,45.550514221191406,84.55667114257812,139.33607482910156,52.96553039550781,94.96808624267578,303.2828674316406,34.20106887817383,156.3963165283203,105.17500305175781,318.92901611328125,84.06825256347656,79.75877380371094,74.62454986572266,60.68123245239258,18.13382911682129,40.73509216308594,143.3631134033203,133.04983520507812,33.87422180175781,131.56036376953125,83.26092529296875,506.3010559082031,39.588714599609375,98.36868286132812,39.60463333129883,34.459434509277344,31.592992782592773,124.4474105834961,84.75251007080078,143.50999450683594,94.47000122070312,247.47000122070312,574.4400024414062,53.54800033569336,33.810001373291016,73.77999877929688,51.900001525878906,97.43000030517578,163.77999877929688,62.849998474121094,111.22000122070312,333.3900146484375,36.310001373291016,174.52000427246094,115.36000061035156,329.69000244140625,91.66000366210938,89.33999633789062,84.30000305175781,61.86000061035156,18.163000106811523,50.5099983215332,165.94000244140625,145.05999755859375,37.029998779296875,135.77667236328125,88.4800033569336,542.3400268554688,47.20000076293945,110.7699966430664,43.869998931884766,39.209999084472656,33.709999084472656,132.39999389648438,96.93000030517578,146.3000030517578,94.80999755859375,249.57000732421875,576.9199829101562,53.78300094604492,33.939998626708984,74.6500015258789,52.25,97.91999816894531,164.66000366210938,63.130001068115234,111.56999969482422,335.17999267578125,36.619998931884766,174.85000610351562,116.5,331.05999755859375,91.95999908447266,91.08000183105469,84.62999725341797,62.09000015258789,18.243999481201172,50.709999084472656,166.57000732421875,145.30999755859375,37.20000076293945,136.1566619873047,89.20999908447266,543.8499755859375,47.59000015258789,111.98999786376953,44.349998474121094,39.33000183105469,33.81999969482422,132.63999938964844,97.5199966430664,139.0500030517578,90.55999755859375,245.74000549316406,559.5,53.027000427246094,33.349998474121094,73.16999816894531,51.5,95.4000015258789,155.89999389648438,61.08000183105469,108.19999694824219,329.5,35.2400016784668,172.91000366210938,114.79000091552734,326.82000732421875,89.94999694824219,88.27999877929688,82.97000122070312,60.77000045776367,17.691999435424805,49.279998779296875,163.25,140.6699981689453,35.779998779296875,132.3333282470703,87.79000091552734,536.6900024414062,46.099998474121094,108.44000244140625,43.310001373291016,38.189998626708984,33.290000915527344,131.47000122070312,94.0999984741211,145.44000244140625,90.69999694824219,248.4600067138672,561.4500122070312,53.198001861572266,33.470001220703125,74.44999694824219,51.720001220703125,96.18000030517578,156.5399932861328,61.689998626708984,109.7699966430664,329.5,35.599998474121094,173.7899932861328,115.58999633789062,331.05999755859375,90.70999908447266,90.08000183105469,82.97000122070312,61.349998474121094,17.812999725341797,50.560001373291016,163.5,144.60000610351562,36.2599983215332,132.7899932861328,87.81999969482422,540.010009765625,46.25,109.81999969482422,43.310001373291016,38.26499938964844,33.31999969482422,132.1699981689453,94.44999694824219,17754700,76630700,3289700,1210700,18482000,48152500,13459500,16783500,7394800,17143700,11209400,6394800,2112200,125292400,6451400,12944500,3399900,6740900,14938600,8597700,14199700,435460000,25037900,2122200,11749400,12313200,3840900,10366200,2945700,7705100,6066700,17512700,51667600,38724000,8309500,29825800
2022-08-01,122.35649108886719,96.77999877929688,216.80726623535156,557.5501708984375,50.330162048339844,30.602252960205078,62.58121109008789,45.56807327270508,82.53453063964844,136.55410766601562,51.88684844970703,91.8599853515625,302.0912170410156,34.81331253051758,155.84970092773438,104.12653350830078,313.5697937011719,82.83924102783203,79.03564453125,74.43865203857422,61.34828567504883,18.411376953125,40.81573486328125,143.46676635742188,135.22366333007812,33.29792404174805,132.06744384765625,81.21891784667969,499.803466796875,39.848724365234375,98.26213836669922,39.30672073364258,33.74757766723633,31.33057975769043,123.52625274658203,82.61030578613281,140.22000122070312,96.77999877929688,245.63999938964844,578.1500244140625,53.637001037597656,33.709999084472656,73.62000274658203,51.91999816894531,95.0999984741211,160.50999450683594,61.56999969482422,107.58000183105469,332.0799865722656,36.959999084472656,173.91000366210938,114.20999908447266,324.1499938964844,90.31999969482422,88.52999877929688,84.08999633789062,62.540000915527344,18.44099998474121,50.61000061035156,166.05999755859375,147.42999267578125,36.400001525878906,136.3000030517578,86.30999755859375,535.3800048828125,47.5099983215332,110.6500015258789,43.540000915527344,38.400001525878906,33.43000030517578,131.4199981689453,94.4800033569336,142.83999633789062,98.38999938964844,248.16000366210938,583.0499877929688,53.979000091552734,33.88999938964844,74.26000213623047,52.209999084472656,96.05999755859375,161.86000061035156,62.81999969482422,109.38999938964844,334.79998779296875,37.689998626708984,175.16000366210938,115.11000061035156,330.42999267578125,90.69999694824219,90.0199966430664,84.54000091552734,63.9900016784668,18.84600067138672,51.29999923706055,166.2899932861328,149.4600067138672,36.779998779296875,137.47666931152344,86.88999938964844,543.6500244140625,47.689998626708984,110.98999786376953,44.15999984741211,38.63999938964844,33.619998931884766,132.3800048828125,95.3499984741211,139.14999389648438,93.95999908447266,244.64999389648438,568.9400024414062,53.04399871826172,33.220001220703125,73.30000305175781,51.13999938964844,93.68000030517578,159.14999389648438,60.150001525878906,106.2699966430664,329.010009765625,36.04999923706055,173.5399932861328,113.06999969482422,323.4599914550781,88.33000183105469,88.3499984741211,83.01000213623047,62.0,17.989999771118164,50.150001525878906,162.49000549316406,144.07000732421875,35.380001068115234,133.92666625976562,84.30000305175781,531.0,46.4900016784668,106.7300033569336,43.15999984741211,37.8849983215332,33.20000076293945,131.1199951171875,93.2300033569336,141.50999450683594,95.58999633789062,247.33999633789062,573.239990234375,53.143001556396484,33.619998931884766,73.76000213623047,51.4900016784668,95.30999755859375,161.17999267578125,61.779998779296875,109.0,331.7300109863281,36.04999923706055,174.1699981689453,114.5,327.510009765625,90.0199966430664,89.33999633789062,83.66000366210938,62.5,18.18199920654297,50.31999969482422,163.8800048828125,144.30999755859375,36.2400016784668,134.81333923339844,85.30000305175781,542.27001953125,46.849998474121094,109.02999877929688,43.439998626708984,38.540000915527344,33.38999938964844,131.66000366210938,94.79000091552734,8523900,96477500,1960500,895500,11485000,32336700,6782900,13051800,5598900,8017800,16319200,3623100,1476500,52513400,5461400,14740400,2464300,4470900,7343300,5439200,13347200,476469000,19709900,1159000,7611400,12620600,3812100,20102600,2335000,7322900,3960500,13668300,51331000,35131300,7665400,20793200
2022-08-02,122.50482940673828,99.29000091552734,215.28036499023438,545.4473876953125,49.845977783203125,29.9940242767334,62.29217529296875,44.54121398925781,82.1960678100586,135.38858032226562,51.09467315673828,91.52696228027344,298.27044677734375,33.91849136352539,154.9624786376953,102.5036849975586,309.7487487792969,85.86592864990234,78.21432495117188,73.94292449951172,61.27961349487305,18.496238708496094,40.07377624511719,141.09091186523438,134.8567657470703,33.56319808959961,131.8155059814453,80.97425079345703,499.878173828125,39.36226272583008,100.34015655517578,38.71088790893555,33.668479919433594,30.98381996154785,123.0844955444336,82.25181579589844,140.38999938964844,99.29000091552734,243.91000366210938,565.5999755859375,53.12099838256836,33.040000915527344,73.27999877929688,50.75,94.70999908447266,159.13999938964844,60.630001068115234,107.19000244140625,327.8800048828125,36.0099983215332,172.9199981689453,112.43000030517578,320.20001220703125,93.62000274658203,87.61000061035156,83.52999877929688,62.470001220703125,18.525999069213867,49.689998626708984,163.30999755859375,147.02999877929688,36.689998626708984,136.0399932861328,86.05000305175781,535.4600219726562,46.93000030517578,112.98999786376953,42.880001068115234,38.310001373291016,33.060001373291016,130.9499969482422,94.06999969482422,142.83999633789062,100.91999816894531,247.85000610351562,572.8499755859375,53.91999816894531,33.720001220703125,74.7300033569336,52.099998474121094,95.8499984741211,161.47000122070312,62.20000076293945,108.4800033569336,331.8299865722656,36.65999984741211,175.49000549316406,114.4000015258789,328.9800109863281,94.91000366210938,89.58999633789062,84.58999633789062,63.29999923706055,18.937999725341797,51.470001220703125,165.72000122070312,149.39999389648438,37.18000030517578,138.10667419433594,87.51000213623047,540.530029296875,47.439998626708984,114.94999694824219,43.540000915527344,38.69499969482422,33.4900016784668,132.8000030517578,95.19999694824219,140.10000610351562,95.36000061035156,243.77999877929688,558.75,52.722999572753906,33.0,73.23999786376953,50.72999954223633,93.93000030517578,158.3000030517578,58.91999816894531,106.22000122070312,327.2200012207031,36.0,172.6999969482422,112.2699966430664,319.3599853515625,90.62000274658203,87.55000305175781,82.95999908447266,60.880001068115234,18.091999053955078,49.630001068115234,163.24000549316406,144.83999633789062,36.33000183105469,134.19000244140625,84.16999816894531,531.719970703125,46.63999938964844,111.0,42.86000061035156,37.970001220703125,33.02000045776367,130.8800048828125,93.81999969482422,141.17999267578125,95.70999908447266,246.69000244140625,562.0800170898438,53.321998596191406,33.599998474121094,74.18000030517578,51.7599983215332,95.0999984741211,160.88999938964844,61.31999969482422,107.91999816894531,329.5,36.59000015258789,175.00999450683594,113.91999816894531,327.19000244140625,90.8499984741211,89.05999755859375,83.33000183105469,61.75,18.121999740600586,50.900001525878906,165.52999877929688,145.69000244140625,36.5,134.75999450683594,84.5199966430664,537.5499877929688,47.36000061035156,111.37000274658203,43.4900016784668,38.404998779296875,33.27000045776367,131.74000549316406,94.69000244140625,5197100,116734100,2295100,876600,13072000,37884100,7039700,17378500,4653000,5928300,15073700,3082700,1862900,53929400,5794200,14942900,3405700,6764600,7443000,7684700,11535800,489527000,17802000,1597400,5946400,9987500,2124900,15541600,2114200,6532800,4282400,17764000,39864400,36806900,7935100,16722500
2022-08-03,123.21162414550781,98.08999633789062,218.1312255859375,563.0567016601562,51.30323791503906,30.5387020111084,62.045677185058594,45.29600524902344,79.25398254394531,132.17274475097656,47.782752990722656,88.47007751464844,303.082763671875,34.39887237548828,156.45909118652344,103.57952117919922,303.58660888671875,85.00377655029297,78.2232437133789,75.28845977783203,63.02570343017578,18.86264991760254,40.210880279541016,142.8533935546875,136.81044006347656,32.511207580566406,135.47817993164062,81.40714263916016,504.72320556640625,39.97453308105469,96.57774353027344,39.622684478759766,32.70174789428711,31.452423095703125,124.21241760253906,79.58499145507812,141.1999969482422,98.08999633789062,247.13999938964844,583.8599853515625,54.67399978637695,33.63999938964844,72.98999786376953,51.61000061035156,91.31999969482422,155.36000061035156,56.70000076293945,103.61000061035156,333.1700134277344,36.52000045776367,174.58999633789062,113.61000061035156,313.8299865722656,92.68000030517578,87.62000274658203,85.05000305175781,64.25,18.89299964904785,49.86000061035156,165.35000610351562,149.16000366210938,35.540000915527344,139.82000732421875,86.51000213623047,540.6500244140625,47.65999984741211,107.80999755859375,43.88999938964844,37.209999084472656,33.560001373291016,132.14999389648438,91.0199966430664,143.02000427246094,98.7699966430664,249.3300018310547,587.6699829101562,54.79999923706055,33.75,73.51000213623047,51.779998779296875,95.68000030517578,159.9600067138672,61.15999984741211,108.55999755859375,335.510009765625,36.59000015258789,175.25999450683594,114.0999984741211,320.9800109863281,96.5,88.0199966430664,85.58999633789062,64.52999877929688,18.968000411987305,50.06999969482422,166.3000030517578,150.33999633789062,37.040000915527344,140.0933380126953,86.7699966430664,543.6199951171875,47.83000183105469,114.05999755859375,44.56999969482422,38.584999084472656,33.63999938964844,132.6699981689453,94.41999816894531,140.64999389648438,93.62000274658203,245.17999267578125,569.25,53.4119987487793,33.16999816894531,72.5999984741211,50.83000183105469,90.43000030517578,154.35000610351562,56.650001525878906,102.08000183105469,329.6199951171875,35.2599983215332,171.77000427246094,111.70999908447266,310.2200012207031,92.12000274658203,86.76000213623047,84.12000274658203,62.439998626708984,18.136999130249023,49.34000015258789,163.41000366210938,146.58999633789062,35.369998931884766,135.93333435058594,84.55999755859375,535.6900024414062,47.0099983215332,106.62999725341797,43.25,36.97999954223633,33.119998931884766,131.3000030517578,90.79000091552734,141.72000122070312,94.83000183105469,245.94000244140625,570.0,53.52899932861328,33.41999816894531,73.30000305175781,51.2400016784668,95.3499984741211,159.30999755859375,61.040000915527344,108.55999755859375,332.07000732421875,36.09000015258789,172.5500030517578,113.44999694824219,320.6300048828125,94.48999786376953,87.25,84.68000030517578,62.5,18.18400001525879,49.790000915527344,164.69000244140625,147.66000366210938,36.90999984741211,136.02000427246094,85.95999908447266,537.260009765625,47.38999938964844,113.51000213623047,43.38999938964844,38.470001220703125,33.310001373291016,131.66000366210938,94.41999816894531,5474200,131142000,2061400,825900,19228000,30065800,8672100,13570600,6783300,8751400,19943200,5654900,1770600,59513900,5010000,14394500,5152200,6162000,8187600,7043600,12290100,418146000,16500100,1151900,6890200,11558500,2860800,20779400,1802900,5691100,5096200,17359500,57013200,27314900,6825700,23580800
2022-08-04,121.22208404541016,103.91000366210938,217.98997497558594,568.8529052734375,51.87187194824219,30.320838928222656,61.30612564086914,44.98881149291992,78.00423431396484,128.58255004882812,45.920318603515625,85.23389434814453,301.900146484375,33.927913665771484,153.9498291015625,102.43988800048828,295.80908203125,82.70167541503906,77.50902557373047,75.56287384033203,63.6142578125,19.184133529663086,40.210880279541016,141.75616455078125,138.50723266601562,31.05670738220215,136.456787109375,83.20447540283203,498.28179931640625,39.47968292236328,93.46031188964844,38.877323150634766,31.48894691467285,31.34932518005371,123.6014633178711,76.23615264892578,138.9199981689453,103.91000366210938,246.97999572753906,588.4600219726562,55.279998779296875,33.400001525878906,72.12000274658203,51.2599983215332,89.87999725341797,151.13999938964844,54.4900016784668,99.81999969482422,331.8699951171875,35.65999984741211,171.7899932861328,112.36000061035156,305.7900085449219,90.16999816894531,86.81999969482422,85.36000061035156,64.8499984741211,19.21500015258789,49.86000061035156,164.0800018310547,151.00999450683594,33.95000076293945,140.8300018310547,88.41999816894531,533.75,47.06999969482422,104.33000183105469,42.77000045776367,35.83000183105469,33.45000076293945,131.5,87.19000244140625,142.5800018310547,104.58999633789062,249.0,592.75,55.314998626708984,33.66999816894531,72.94999694824219,51.75,93.0,155.44000244140625,56.599998474121094,103.20999908447266,334.29998779296875,36.099998474121094,175.08999633789062,113.31999969482422,310.25,92.61000061035156,87.88999938964844,85.6500015258789,64.98999786376953,19.27400016784668,50.04999923706055,165.82000732421875,151.16000366210938,35.380001068115234,141.25332641601562,88.41999816894531,540.4299926757812,47.939998626708984,107.80999755859375,43.599998474121094,37.060001373291016,33.619998931884766,132.49000549316406,90.33999633789062,138.69000244140625,97.26000213623047,246.1999969482422,581.0999755859375,54.500999450683594,33.16999816894531,71.97000122070312,51.06999969482422,89.27999877929688,150.72999572753906,54.34000015258789,99.58000183105469,330.6199951171875,35.36000061035156,171.60000610351562,111.0199966430664,302.239990234375,89.7699966430664,86.63999938964844,84.80000305175781,63.650001525878906,18.760000228881836,49.209999084472656,163.41000366210938,147.7100067138672,33.79999923706055,139.08999633789062,86.62000274658203,532.760009765625,47.060001373291016,104.06999969482422,42.63999938964844,35.69499969482422,33.38999938964844,131.2899932861328,86.43000030517578,142.08999633789062,97.5,247.0,583.1699829101562,54.840999603271484,33.52000045776367,72.79000091552734,51.560001373291016,92.73999786376953,155.32000732421875,56.5,102.68000030517578,333.2799987792969,36.0099983215332,174.80999755859375,112.8499984741211,310.20001220703125,92.0,87.80999755859375,85.19999694824219,64.12000274658203,18.849000930786133,49.900001525878906,164.8699951171875,148.67999267578125,35.29999923706055,139.49667358398438,87.0,539.2899780273438,47.599998474121094,107.0,43.5,36.95500183105469,33.529998779296875,132.4600067138672,90.30999755859375,7071700,125855800,2650600,680100,16293000,28404500,8601800,10152200,7810500,10640000,15371400,5765900,1533400,54046300,5651600,18033900,4696300,4368600,7993800,5722600,11338400,409652000,17026300,1473400,6254700,11744100,1919100,13472500,2368000,6531300,5451800,15062800,55991000,24505800,5493000,31821500
2022-08-05,120.45419311523438,102.30999755859375,217.34568786621094,558.0743408203125,51.7442626953125,30.829206466674805,61.30612564086914,45.339881896972656,80.5818099975586,130.70944213867188,47.74060821533203,91.37326049804688,304.447265625,33.6710319519043,153.34048461914062,105.53970336914062,291.4849853515625,82.74754333496094,78.03578186035156,76.24449920654297,61.26980209350586,18.958498001098633,39.73505783081055,144.3134307861328,137.7734832763672,31.706199645996094,135.3941650390625,84.4748306274414,499.50469970703125,39.748077392578125,94.05155181884766,39.77721405029297,32.11292266845703,31.574249267578125,123.55445098876953,77.33786010742188,138.0399932861328,102.30999755859375,246.25,577.3099975585938,55.14400100708008,33.959999084472656,72.12000274658203,51.65999984741211,92.8499984741211,153.63999938964844,56.650001525878906,107.01000213623047,334.6700134277344,35.38999938964844,171.11000061035156,115.76000213623047,301.32000732421875,90.22000122070312,87.41000366210938,86.12999725341797,62.459999084472656,18.98900032043457,49.27000045776367,167.0399932861328,150.2100067138672,34.65999984741211,139.73333740234375,89.7699966430664,535.0599975585938,47.38999938964844,104.98999786376953,43.7599983215332,36.540000915527344,33.689998626708984,131.4499969482422,88.44999694824219,139.91000366210938,103.86000061035156,247.0800018310547,579.5800170898438,55.20000076293945,34.33000183105469,72.36000061035156,52.34000015258789,93.41999816894531,155.00999450683594,57.11000061035156,107.95999908447266,336.9100036621094,35.689998626708984,171.52999877929688,116.19000244140625,305.32000732421875,91.81999969482422,87.52999877929688,86.70999908447266,63.220001220703125,19.229000091552734,49.970001220703125,168.0800018310547,151.27999877929688,35.130001068115234,140.93666076660156,90.9800033569336,535.5,47.86000061035156,107.4800033569336,44.29999923706055,36.85499954223633,33.849998474121094,131.50999450683594,89.69000244140625,137.9499969482422,100.9800033569336,241.7899932861328,565.97998046875,54.327999114990234,33.2400016784668,71.70999908447266,50.90999984741211,88.0,149.02000427246094,53.130001068115234,97.38999938964844,329.6700134277344,35.18000030517578,169.7899932861328,112.05000305175781,300.30999755859375,88.69000244140625,86.0199966430664,84.70999908447266,61.79999923706055,18.666000366210938,49.060001373291016,163.66000366210938,147.6699981689453,33.43000030517578,137.72666931152344,88.01000213623047,527.5599975585938,46.86000061035156,102.69999694824219,42.529998779296875,35.345001220703125,33.2400016784668,130.3699951171875,86.27999877929688,139.0500030517578,101.05000305175781,246.4600067138672,571.6300048828125,54.4900016784668,33.279998779296875,71.9800033569336,51.119998931884766,88.22000122070312,149.63999938964844,53.5,97.72000122070312,330.8999938964844,35.349998474121094,171.3000030517578,112.52999877929688,302.4800109863281,89.05999755859375,86.52999877929688,84.98999786376953,62.86000061035156,18.809999465942383,49.63999938964844,164.22000122070312,148.57000732421875,33.5099983215332,138.36000061035156,88.02999877929688,530.0,46.9900016784668,103.02999877929688,42.58000183105469,35.345001220703125,33.36000061035156,130.67999267578125,86.36000061035156,5371100,93859900,2723900,767900,14357000,35874500,8972700,13868800,5848000,7170200,11507500,5736700,1876400,40205100,5235500,14174600,2814300,3833300,8801200,6219300,15047100,386068000,16376600,1556200,5041300,6863400,3279900,13293500,2373400,4061100,3680500,16021000,45179600,34366100,8883400,17408000
2022-08-08,122.461181640625,100.06999969482422,218.26361083984375,553.6663818359375,51.189701080322266,30.402542114257812,62.73423767089844,45.17313003540039,81.2587661743164,130.51377868652344,48.473785400390625,91.52696228027344,304.45635986328125,33.66151428222656,152.52499389648438,104.25418853759766,292.6264343261719,82.90345764160156,78.99993896484375,76.15599060058594,60.27906036376953,17.76441764831543,39.97700500488281,143.449462890625,135.57217407226562,31.697057723999023,133.34649658203125,82.75279235839844,500.9423522949219,39.37903594970703,95.3056869506836,39.25910186767578,32.2799072265625,31.555503845214844,123.8458251953125,77.7750473022461,140.33999633789062,100.06999969482422,247.2899932861328,572.75,54.553001403808594,33.4900016784668,73.80000305175781,51.470001220703125,93.62999725341797,153.41000366210938,57.52000045776367,107.19000244140625,334.67999267578125,35.380001068115234,170.1999969482422,114.3499984741211,302.5,90.38999938964844,88.48999786376953,86.02999877929688,61.45000076293945,17.792999267578125,49.56999969482422,166.0399932861328,147.80999755859375,34.650001525878906,137.6199951171875,87.94000244140625,536.5999755859375,46.95000076293945,106.38999938964844,43.189998626708984,36.72999954223633,33.66999816894531,131.75999450683594,88.94999694824219,140.8000030517578,101.80000305175781,247.74000549316406,582.5599975585938,55.29899978637695,34.290000915527344,73.83000183105469,52.15999984741211,94.69000244140625,154.97999572753906,57.900001525878906,108.79000091552734,338.8399963378906,35.959999084472656,171.47999572753906,116.69999694824219,306.1199951171875,91.79000091552734,88.77999877929688,87.22000122070312,62.619998931884766,18.23900032043457,49.810001373291016,168.83999633789062,151.19000244140625,35.15999984741211,139.336669921875,89.0999984741211,541.2999877929688,47.900001525878906,107.30000305175781,44.189998626708984,37.060001373291016,34.04999923706055,132.6300048828125,89.5999984741211,137.77000427246094,97.98999786376953,244.30999755859375,564.989990234375,53.874000549316406,33.45000076293945,71.9000015258789,51.40999984741211,92.8499984741211,153.14999389648438,56.2400016784668,106.63999938964844,334.3399963378906,35.20000076293945,169.44000244140625,114.18000030517578,296.5299987792969,89.94999694824219,86.91999816894531,85.94999694824219,60.97999954223633,17.242000579833984,48.939998626708984,165.8699951171875,146.5500030517578,34.5,135.50332641601562,86.91000366210938,533.4199829101562,46.720001220703125,104.58000183105469,43.130001068115234,36.44499969482422,33.63999938964844,131.08999633789062,88.22000122070312,138.0399932861328,100.05999755859375,245.0,578.0,54.935001373291016,34.16999816894531,72.06999969482422,51.970001220703125,93.0199966430664,153.58999633789062,56.540000915527344,107.06999969482422,337.1099853515625,35.36000061035156,171.3000030517578,116.25,300.6499938964844,90.63999938964844,87.30000305175781,86.76000213623047,61.9900016784668,17.50200080871582,49.38999938964844,168.2899932861328,149.80999755859375,34.689998626708984,137.80667114257812,88.9800033569336,539.9099731445312,47.86000061035156,105.05999755859375,43.970001220703125,36.5,33.939998626708984,131.6999969482422,88.61000061035156,4854600,92606800,2784400,700600,13722000,33454300,9842100,11594400,4788100,5966900,8478100,3128500,1460000,41534600,4629800,10332500,3218900,4418300,8149400,5719700,11454300,981859000,16071800,927200,5553300,6053100,3061200,12120300,1656400,5316000,2959600,12879700,37756600,24369100,7075100,14458500
2022-08-09,122.38263702392578,95.54000091552734,219.20802307128906,523.0806274414062,49.995182037353516,30.792890548706055,63.72028732299805,45.7172737121582,82.8903579711914,132.2152862548828,49.75474166870117,92.42351531982422,306.2212219238281,32.843284606933594,152.50704956054688,105.1932373046875,293.1295166015625,85.6182861328125,79.91947174072266,76.44811248779297,58.02288055419922,17.058555603027344,40.1463623046875,143.34580993652344,130.7109832763672,32.00808334350586,127.23561096191406,80.18379974365234,501.5585021972656,39.57194137573242,99.1397705078125,39.44998550415039,32.84675979614258,31.71483039855957,123.46986389160156,79.20901489257812,140.25,95.54000091552734,248.36000061035156,541.1099853515625,53.279998779296875,33.91999816894531,74.95999908447266,52.09000015258789,95.51000213623047,155.41000366210938,59.040000915527344,108.23999786376953,336.6199951171875,34.52000045776367,170.17999267578125,115.37999725341797,303.0199890136719,93.3499984741211,89.5199966430664,86.36000061035156,59.150001525878906,17.086000442504883,49.779998779296875,165.9199981689453,142.50999450683594,34.9900016784668,131.31333923339844,85.20999908447266,537.260009765625,47.18000030517578,110.66999816894531,43.400001525878906,37.375,33.84000015258789,131.36000061035156,90.58999633789062,142.24000549316406,98.05000305175781,249.72000122070312,552.2999877929688,53.935001373291016,33.959999084472656,75.5199966430664,52.11000061035156,97.27999877929688,157.8000030517578,60.540000915527344,110.66999816894531,338.1700134277344,35.29999923706055,171.1199951171875,115.98999786376953,306.70001220703125,93.86000061035156,90.23999786376953,86.83999633789062,60.540000915527344,17.44700050354004,50.11000061035156,167.0,146.5,35.369998931884766,134.5800018310547,87.13999938964844,545.739990234375,47.33000183105469,110.83000183105469,43.790000915527344,37.849998474121094,33.93000030517578,132.55999755859375,91.61000061035156,139.8800048828125,93.66999816894531,247.2100067138672,533.739990234375,52.775001525878906,33.40999984741211,74.05999755859375,51.41999816894531,94.86000061035156,154.60000610351562,58.439998626708984,107.7699966430664,334.57000732421875,34.400001525878906,169.72999572753906,114.37000274658203,301.29998779296875,91.69999694824219,86.80999755859375,85.87000274658203,57.7400016784668,16.724000930786133,49.52000045776367,165.25999450683594,141.30999755859375,34.650001525878906,129.5066680908203,84.44000244140625,536.3800048828125,46.86000061035156,107.08000183105469,42.9900016784668,37.185001373291016,33.66999816894531,131.0500030517578,89.94999694824219,140.67999267578125,97.94999694824219,247.2100067138672,551.0999755859375,53.909000396728516,33.650001525878906,74.0999984741211,51.63999938964844,95.30000305175781,155.94000244140625,58.79999923706055,109.0,336.1499938964844,35.220001220703125,170.5399932861328,114.75,305.0899963378906,91.69999694824219,88.75,86.44999694824219,59.0,17.25200080871582,49.75,166.05999755859375,145.58999633789062,35.2400016784668,134.44000244140625,86.94000244140625,540.0,47.2599983215332,107.4000015258789,43.220001220703125,37.25,33.72999954223633,131.92999267578125,90.05000305175781,3819700,89473700,2061600,1138500,20072000,40196900,8978600,9739300,7477700,5842200,10416800,2565600,1587900,48202300,5532500,10233800,2122900,4302900,13215500,4920100,33107200,668263000,12095600,918900,6770800,7616100,4368900,13075000,2147200,3947700,3535800,10489500,34683000,26425400,5802500,19083400
2022-08-10,122.98472595214844,99.05000305175781,222.50018310546875,547.1895751953125,51.647613525390625,31.836881637573242,63.63528823852539,46.68270492553711,83.29827117919922,132.56411743164062,50.60588455200195,93.06393432617188,316.4916687011719,33.65199661254883,152.94615173339844,107.93749237060547,294.66754150390625,87.29672241210938,79.6248779296875,78.68773651123047,60.230003356933594,18.06793212890625,40.283470153808594,146.40420532226562,134.820068359375,31.944053649902344,132.5164337158203,83.43971252441406,501.98797607421875,40.15067672729492,100.11619567871094,40.29533767700195,33.08404541015625,32.42710494995117,124.81398010253906,79.96096801757812,140.94000244140625,99.05000305175781,252.08999633789062,566.0499877929688,55.04100036621094,35.06999969482422,74.86000061035156,53.189998626708984,95.9800033569336,155.82000732421875,60.04999923706055,108.98999786376953,347.9100036621094,35.369998931884766,170.6699981689453,118.38999938964844,304.6099853515625,95.18000030517578,89.19000244140625,88.88999938964844,61.400001525878906,18.097000122070312,49.95000076293945,169.4600067138672,146.99000549316406,34.91999816894531,136.76333618164062,88.66999816894531,537.719970703125,47.869998931884766,111.76000213623047,44.33000183105469,37.64500045776367,34.599998474121094,132.7899932861328,91.44999694824219,141.05999755859375,99.3499984741211,252.4600067138672,566.0900268554688,55.10200119018555,35.43000030517578,75.31999969482422,54.400001525878906,96.30999755859375,156.47000122070312,60.529998779296875,109.66000366210938,349.70001220703125,35.400001525878906,171.24000549316406,119.37000274658203,307.1300048828125,95.7300033569336,90.12999725341797,89.66000366210938,61.560001373291016,18.118000030517578,50.04999923706055,170.9199981689453,147.17999267578125,35.27000045776367,137.01666259765625,88.66999816894531,541.97998046875,48.02000045776367,112.87999725341797,44.70000076293945,37.86000061035156,34.72999954223633,132.88999938964844,91.79000091552734,139.0,95.61000061035156,248.52999877929688,550.469970703125,53.92399978637695,34.45000076293945,73.94999694824219,52.7400016784668,93.16000366210938,152.92999267578125,57.93000030517578,105.52999877929688,341.3500061035156,34.59000015258789,169.52999877929688,117.5,302.5899963378906,92.54000091552734,88.19000244140625,87.5,59.38999938964844,17.316999435424805,49.380001068115234,167.50999450683594,143.69000244140625,33.81999969482422,133.01666259765625,86.30999755859375,533.8099975585938,47.43000030517578,107.23999786376953,44.040000915527344,36.720001220703125,34.36000061035156,132.02000427246094,89.19000244140625,140.91000366210938,98.44999694824219,249.80999755859375,558.719970703125,54.60599899291992,34.5,75.19999694824219,52.810001373291016,95.38999938964844,156.0,59.5,108.16999816894531,341.3599853515625,34.9900016784668,171.02000427246094,117.95999908447266,304.5,94.19999694824219,90.02999877929688,87.52999877929688,60.0,17.697999954223633,49.93000030517578,168.24000549316406,145.85000610351562,34.9900016784668,134.81333923339844,86.80999755859375,540.260009765625,47.720001220703125,110.9800033569336,44.040000915527344,37.459999084472656,34.43000030517578,132.75999450683594,90.68000030517578,4075300,83416100,2628600,1074800,19519000,61415800,8319100,32416200,5625500,6145800,8669200,2718500,2459500,42243300,5603400,12847300,2351000,4373800,8140200,7271700,17418400,597422000,17355100,2324000,6840000,13302600,3456000,10704600,2291400,6098100,4384600,14037600,34788400,45366000,6736300,18302000
2022-08-11,123.97949981689453,98.12000274658203,219.19918823242188,543.6709594726562,51.18031311035156,32.59943771362305,63.295265197753906,47.39360427856445,87.09953308105469,135.79693603515625,54.32231903076172,96.9490737915039,319.9211730957031,33.86131286621094,149.78271484375,109.53298950195312,291.33984375,88.69999694824219,79.39274597167969,79.84738159179688,61.13247299194336,17.913175582885742,38.944725036621094,148.54678344726562,135.5905303955078,33.746150970458984,132.34521484375,84.23958587646484,497.4508972167969,40.62875747680664,102.20344543457031,41.131595611572266,34.222145080566406,32.81135559082031,124.00562286376953,82.2740707397461,142.0800018310547,98.12000274658203,248.35000610351562,562.4099731445312,54.542999267578125,35.90999984741211,74.45999908447266,54.0,100.36000061035156,159.6199951171875,64.45999908447266,113.54000091552734,351.67999267578125,35.59000015258789,167.13999938964844,120.13999938964844,301.1700134277344,96.70999908447266,88.93000030517578,90.19999694824219,62.31999969482422,17.941999435424805,48.290000915527344,171.94000244140625,147.8300018310547,36.88999938964844,136.586669921875,89.5199966430664,532.8599853515625,48.439998626708984,114.08999633789062,45.25,38.939998626708984,35.0099983215332,131.92999267578125,93.19000244140625,142.8699951171875,102.37000274658203,253.36000061035156,574.3599853515625,55.777000427246094,36.060001373291016,75.5199966430664,54.470001220703125,101.31999969482422,161.16000366210938,64.87999725341797,114.30000305175781,356.04998779296875,36.290000915527344,169.9499969482422,121.19999694824219,305.4200134277344,97.33999633789062,89.81999969482422,90.83999633789062,64.0999984741211,18.707000732421875,49.130001068115234,172.60000610351562,151.63999938964844,37.310001373291016,140.6199951171875,91.0,538.6300048828125,48.79999923706055,114.83000183105469,45.61000061035156,39.27000045776367,35.22999954223633,133.69000244140625,94.30000305175781,139.66000366210938,98.0,247.99000549316406,561.1199951171875,54.42499923706055,35.650001525878906,74.27999877929688,53.75,97.5199966430664,157.6199951171875,61.7599983215332,110.93000030517578,349.7799987792969,35.4900016784668,166.97999572753906,119.30999755859375,299.6300048828125,95.05999755859375,87.36000061035156,89.80000305175781,62.0,17.875999450683594,47.810001373291016,170.5800018310547,147.02000427246094,35.59000015258789,136.2866668701172,89.30999755859375,529.6699829101562,48.099998474121094,111.0,44.88999938964844,38.23500061035156,34.880001068115234,131.64999389648438,91.44000244140625,140.22999572753906,99.93000030517578,252.0399932861328,565.739990234375,55.39500045776367,35.77000045776367,74.38999938964844,53.900001525878906,98.12000274658203,158.11000061035156,61.79999923706055,112.37999725341797,350.0,35.63999938964844,168.52000427246094,119.9000015258789,301.0299987792969,96.41000366210938,87.80999755859375,89.9800033569336,62.0,18.131000518798828,48.220001220703125,171.2899932861328,148.30999755859375,35.599998474121094,137.92333984375,89.95999908447266,538.239990234375,48.380001068115234,113.12000274658203,45.0,38.349998474121094,34.91999816894531,132.38999938964844,91.83999633789062,5972800,77516900,2686900,833300,14268000,50420800,6143000,13450300,6481600,7888600,14134900,3264400,2360800,35569700,9328700,11684900,2198800,4476100,7396800,8808100,18298500,509327000,44048800,1563100,6243200,13140900,2403900,11158800,3006200,6171600,3752300,14038800,60531600,46985200,8471400,18797900
2022-08-12,124.43328094482422,100.83000183105469,219.23448181152344,556.7694091796875,52.38139343261719,32.9534797668457,64.23883056640625,47.72712326049805,89.17374420166016,135.99264526367188,55.240909576416016,97.7602767944336,321.8679504394531,34.35605239868164,148.1338348388672,111.3472900390625,298.9972839355469,89.39705657958984,81.25861358642578,81.13982391357422,63.80064392089844,18.678945541381836,40.412498474121094,150.87078857421875,138.76405334472656,33.974849700927734,136.2177734375,85.50054931640625,507.570556640625,40.905548095703125,103.18885040283203,41.75880432128906,34.48140335083008,33.326820373535156,125.59410858154297,82.98918151855469,142.60000610351562,100.83000183105469,248.38999938964844,575.9600219726562,55.823001861572266,36.29999923706055,75.56999969482422,54.380001068115234,102.75,159.85000610351562,65.55000305175781,114.48999786376953,353.82000732421875,36.11000061035156,165.3000030517578,122.12999725341797,308.0799865722656,97.47000122070312,91.0199966430664,91.66000366210938,65.04000091552734,18.708999633789062,50.11000061035156,174.6300048828125,151.2899932861328,37.13999938964844,140.5833282470703,90.86000061035156,543.7000122070312,48.77000045776367,115.19000244140625,45.939998626708984,39.23500061035156,35.560001373291016,133.6199951171875,94.0,143.08999633789062,101.4000015258789,249.85000610351562,577.989990234375,55.840999603271484,36.310001373291016,75.72000122070312,54.400001525878906,102.95999908447266,159.91000366210938,65.80000305175781,114.75,354.55999755859375,36.13999938964844,167.94000244140625,122.25,308.489990234375,97.75,91.02999877929688,91.75,65.41999816894531,18.718000411987305,50.38999938964844,174.63999938964844,151.47000122070312,37.22999954223633,140.9633331298828,91.3499984741211,544.4000244140625,48.90999984741211,115.31999969482422,45.959999084472656,39.255001068115234,35.56999969482422,133.67999267578125,94.0199966430664,140.27000427246094,98.4800033569336,246.3000030517578,562.1199951171875,54.564998626708984,35.689998626708984,74.56999969482422,53.630001068115234,99.3499984741211,157.13999938964844,63.68000030517578,111.88999938964844,350.1499938964844,35.66999816894531,165.14999389648438,119.44000244140625,301.29998779296875,96.2300033569336,88.94999694824219,90.05999755859375,62.22999954223633,17.952999114990234,48.54999923706055,171.77000427246094,147.17999267578125,36.25,136.99667358398438,89.63999938964844,534.4500122070312,48.31999969482422,112.30000305175781,45.189998626708984,38.52000045776367,35.0,132.02999877929688,92.11000061035156,141.88999938964844,99.19999694824219,248.52000427246094,562.6199951171875,54.78099822998047,36.15999984741211,74.58000183105469,54.18000030517578,99.75,158.25,64.12000274658203,112.6500015258789,353.44000244140625,35.79999923706055,167.5399932861328,120.66999816894531,302.9200134277344,96.5,88.98999786376953,90.62000274658203,62.65999984741211,18.15999984741211,48.54999923706055,173.02999877929688,148.0,36.59000015258789,137.49667358398438,89.68000030517578,535.6099853515625,48.560001373291016,113.25,45.52000045776367,38.685001373291016,35.18000030517578,132.25,92.4800033569336,5208700,72316300,3461100,811600,18399000,31821700,6163900,15493600,6683800,7244700,8712000,2323800,2369000,37675200,14606900,9906700,2305100,3605000,12317300,6259000,16194000,478094000,25835500,1188000,4967500,6642800,2049600,12098800,1981000,6432000,2413100,10706000,38381000,36370300,7515500,15058200
2022-08-15,124.16275787353516,101.01000213623047,221.6087646484375,555.7833862304688,52.44990158081055,32.90808868408203,63.354759216308594,47.455039978027344,87.8486557006836,133.4062957763672,53.572303771972656,95.87318420410156,323.71466064453125,34.57488250732422,148.84178161621094,111.64816284179688,304.6844787597656,87.85619354248047,80.88365173339844,81.45848846435547,63.46710205078125,19.001428604125977,40.12216567993164,150.26602172851562,139.53453063964844,32.71246337890625,136.72483825683594,86.16867065429688,508.4481201171875,41.165557861328125,100.28642272949219,41.58610153198242,33.80908966064453,33.31744384765625,126.22388458251953,81.5059814453125,142.2899932861328,101.01000213623047,251.0800018310547,574.9400024414062,55.895999908447266,36.25,74.52999877929688,54.06999969482422,100.7699966430664,156.80999755859375,63.56999969482422,112.27999877929688,355.8500061035156,36.34000015258789,166.08999633789062,122.45999908447266,313.94000244140625,95.79000091552734,90.5999984741211,92.0199966430664,64.69999694824219,19.031999588012695,49.75,173.92999267578125,152.1300048828125,35.7599983215332,141.10667419433594,91.56999969482422,544.6400146484375,49.08000183105469,111.94999694824219,45.75,38.470001220703125,35.54999923706055,134.2899932861328,92.31999969482422,143.27999877929688,101.8499984741211,251.52999877929688,577.6199951171875,55.979000091552734,36.29999923706055,75.5,54.189998626708984,101.45999908447266,157.7899932861328,64.4000015258789,112.83999633789062,358.6199951171875,36.43000030517578,166.75,122.72000122070312,314.6099853515625,96.11000061035156,90.83999633789062,92.29000091552734,65.12000274658203,19.163999557495117,50.06999969482422,174.44000244140625,152.6999969482422,36.029998779296875,141.5,91.94000244140625,547.2100219726562,49.220001220703125,112.12999725341797,45.81999969482422,38.68000030517578,35.650001525878906,134.47000122070312,92.7300033569336,140.4199981689453,99.80000305175781,247.8800048828125,567.8900146484375,55.04999923706055,35.66999816894531,73.79000091552734,53.470001220703125,97.55000305175781,153.44000244140625,61.400001525878906,108.0199966430664,349.04998779296875,35.709999084472656,165.1300048828125,120.5999984741211,307.30999755859375,93.80000305175781,89.88999938964844,90.45999908447266,63.88999938964844,18.613000869750977,49.38999938964844,172.35000610351562,148.39999389648438,35.029998779296875,139.0,90.0,538.5599975585938,48.16999816894531,108.51000213623047,44.90999984741211,37.470001220703125,35.130001068115234,133.07000732421875,89.66000366210938,143.11000061035156,100.51000213623047,249.07000732421875,569.1099853515625,55.42300033569336,35.84000015258789,75.44999694824219,53.75,98.38999938964844,155.17999267578125,62.9900016784668,109.55000305175781,351.0,36.099998474121094,166.0,121.13999938964844,309.2099914550781,94.4800033569336,90.83000183105469,90.6500015258789,64.69999694824219,18.701000213623047,49.970001220703125,172.97000122070312,150.32000732421875,35.7400016784668,139.9566650390625,90.01000213623047,541.6699829101562,48.310001373291016,110.95999908447266,45.40999984741211,37.814998626708984,35.20000076293945,133.5500030517578,90.52999877929688,4513200,61327100,2659100,783100,14329000,24908000,11125600,11595200,6585900,8975200,11134200,2975300,2045700,25400600,10072000,8456200,2795800,3352300,6339800,7348900,9689100,457666000,15797800,910200,4502900,7639400,1325100,15949500,1447300,4947700,3822600,11070300,42024400,25366000,7486100,20755200
2022-08-16,124.3896484375,100.19999694824219,223.435791015625,547.7987670898438,51.76395797729492,33.262142181396484,63.014739990234375,47.551578521728516,87.26456451416016,133.0660400390625,53.58073806762695,95.98420715332031,322.9140930175781,34.43217086791992,150.16806030273438,112.7148666381836,301.16156005859375,89.18498229980469,80.87472534179688,81.28144836425781,62.64312744140625,18.848674774169922,40.210880279541016,151.22499084472656,137.60838317871094,32.54780578613281,135.32635498046875,84.64421081542969,509.8297424316406,41.350074768066406,101.50471496582031,41.86788558959961,33.7299919128418,33.56111145019531,125.88549041748047,80.74671173095703,142.5500030517578,100.19999694824219,253.14999389648438,566.6799926757812,55.165000915527344,36.63999938964844,74.12999725341797,54.18000030517578,100.0999984741211,156.41000366210938,63.58000183105469,112.41000366210938,354.9700012207031,36.189998626708984,167.57000732421875,123.62999725341797,310.30999755859375,96.6500015258789,90.58999633789062,91.81999969482422,63.86000061035156,18.878999710083008,49.86000061035156,175.0399932861328,150.02999877929688,35.58000183105469,139.663330078125,89.94999694824219,546.1199951171875,49.29999923706055,113.30999755859375,46.060001373291016,38.380001068115234,35.810001373291016,133.92999267578125,91.45999908447266,143.97999572753906,101.44999694824219,254.16000366210938,572.3400268554688,55.79399871826172,36.939998626708984,75.0999984741211,54.560001373291016,102.05000305175781,157.9199981689453,65.45999908447266,114.33000183105469,356.4700012207031,36.58000183105469,168.25,124.23999786376953,314.3699951171875,97.63999938964844,90.9000015258789,92.2699966430664,64.55999755859375,19.142000198364258,50.18000030517578,176.33999633789062,152.49000549316406,36.61000061035156,141.0,91.3499984741211,547.4400024414062,49.68000030517578,114.66999816894531,46.31999969482422,38.93000030517578,35.970001220703125,134.3800048828125,92.88999938964844,142.0800018310547,98.31999969482422,251.66000366210938,559.010009765625,54.60100173950195,36.099998474121094,73.8499984741211,53.7400016784668,98.93000030517578,155.82000732421875,62.52000045776367,110.13999938964844,352.0199890136719,35.70000076293945,165.60000610351562,121.87000274658203,309.6300048828125,95.8499984741211,89.87000274658203,91.33999633789062,63.220001220703125,18.500999450683594,49.36000061035156,173.14999389648438,148.85000610351562,35.290000915527344,138.10333251953125,88.56999969482422,542.3900146484375,48.689998626708984,111.6500015258789,45.349998474121094,38.13999938964844,35.38999938964844,133.41000366210938,91.29000091552734,142.11000061035156,100.83999633789062,251.86000061035156,566.4000244140625,55.75199890136719,36.189998626708984,74.36000061035156,53.810001373291016,101.20999908447266,157.41000366210938,64.47000122070312,113.30000305175781,352.989990234375,36.15999984741211,165.86000061035156,122.29000091552734,313.92999267578125,96.66000366210938,89.95999908447266,91.4800033569336,64.12000274658203,18.920000076293945,49.380001068115234,173.14999389648438,151.4499969482422,35.97999954223633,140.38333129882812,91.13999938964844,545.2100219726562,48.75,113.19000244140625,45.58000183105469,38.525001525878906,35.38999938964844,134.0,92.02999877929688,3852300,60220700,2206100,697000,14782000,31870200,9026800,14708000,6924400,7218400,9355800,3105500,1740900,25000200,7453600,9555000,2248000,3697500,5661200,5953800,9275400,451240000,12874800,948300,5270800,9698300,1566900,10566100,1773000,4790100,3353100,12234100,39357600,41300800,7138400,14038200
2022-08-17,123.42105102539062,98.2699966430664,222.87539672851562,538.7118530273438,50.53847885131836,33.0533447265625,63.38025665283203,47.18296432495117,88.36300659179688,134.1634979248047,54.052650451660156,97.07718658447266,321.7951354980469,34.042083740234375,150.17703247070312,111.76667785644531,307.4795837402344,91.00282287597656,81.2764663696289,80.86540222167969,60.445804595947266,18.30554962158203,39.73505783081055,149.7563018798828,136.23257446289062,32.383140563964844,132.05775451660156,83.93846130371094,508.7842102050781,41.123619079589844,105.48213195800781,41.94060134887695,34.01123046875,33.392417907714844,125.15237426757812,81.4000244140625,141.44000244140625,98.2699966430664,250.5800018310547,557.280029296875,53.85900115966797,36.40999984741211,74.55999755859375,53.7599983215332,101.36000061035156,157.6999969482422,64.13999938964844,113.69000244140625,353.739990234375,35.779998779296875,167.5800018310547,122.58999633789062,316.82000732421875,98.62000274658203,91.04000091552734,91.3499984741211,61.619998931884766,18.334999084472656,49.27000045776367,173.33999633789062,148.52999877929688,35.400001525878906,136.2899932861328,89.19999694824219,545.0,49.029998779296875,117.75,46.13999938964844,38.70000076293945,35.630001068115234,133.14999389648438,92.19999694824219,142.75999450683594,99.63999938964844,252.64999389648438,565.989990234375,54.47100067138672,36.59000015258789,74.9800033569336,54.02000045776367,102.69000244140625,159.33999633789062,65.2300033569336,114.5,355.5899963378906,36.08000183105469,168.55999755859375,123.16000366210938,320.6000061035156,99.41999816894531,91.88999938964844,91.83000183105469,62.810001373291016,18.687999725341797,49.86000061035156,174.32000732421875,149.6300048828125,35.81999969482422,137.58999633789062,89.7699966430664,547.7899780273438,49.380001068115234,119.02999877929688,46.310001373291016,39.099998474121094,35.790000915527344,133.9199981689453,93.20999908447266,140.5500030517578,96.7300033569336,249.75,551.9099731445312,53.104000091552734,36.08000183105469,73.80999755859375,53.29999923706055,99.7699966430664,155.50999450683594,63.15999984741211,111.7300033569336,350.7699890136719,35.27000045776367,166.41000366210938,121.69000244140625,310.010009765625,95.87999725341797,90.30000305175781,90.3499984741211,60.7599983215332,18.145000457763672,49.25,172.42999267578125,146.36000061035156,34.849998474121094,134.38333129882812,88.4800033569336,541.5700073242188,48.619998931884766,112.51000213623047,45.54999923706055,38.10499954223633,35.380001068115234,132.9499969482422,90.91999816894531,141.4199981689453,99.26000213623047,251.19000244140625,559.0999755859375,54.4370002746582,36.20000076293945,73.91000366210938,53.41999816894531,100.0999984741211,156.6300048828125,63.709999084472656,112.45999908447266,351.8999938964844,35.810001373291016,166.41000366210938,122.30000305175781,310.010009765625,96.08999633789062,90.33999633789062,90.38999938964844,62.810001373291016,18.523000717163086,49.650001525878906,172.7899932861328,148.22999572753906,35.22999954223633,137.52333068847656,89.0,545.239990234375,48.70000076293945,112.58000183105469,45.720001220703125,38.20500183105469,35.400001525878906,133.14999389648438,91.2699966430664,3605200,63735600,1882200,667700,19022000,27125600,5347200,13370800,5346500,6741100,8144500,2539400,1576300,29176100,7406600,8149300,2747200,3652200,6486000,5499000,14728400,446799000,13607200,936400,5169600,7703300,2640000,9093100,1471700,5553200,4093900,13151700,45472400,33158000,7251800,13678000
2022-08-18,123.2901611328125,100.44000244140625,222.0927276611328,542.5978393554688,52.402042388916016,32.935325622558594,63.031734466552734,46.998661041259766,91.43163299560547,136.5157470703125,57.2381706237793,101.60271453857422,322.50469970703125,34.441688537597656,149.4511260986328,110.90055847167969,307.3825378417969,93.00521850585938,81.59786224365234,81.20176696777344,61.779903411865234,18.74284553527832,39.17859649658203,149.89453125,138.84661865234375,33.96571350097656,135.0679473876953,84.00433349609375,508.9894714355469,41.106842041015625,106.41378021240234,41.94060134887695,34.92522048950195,33.42989730834961,124.59776306152344,83.32466125488281,141.2899932861328,100.44000244140625,249.6999969482422,561.2999877929688,55.845001220703125,36.279998779296875,74.1500015258789,53.54999923706055,104.87999725341797,159.02000427246094,67.91999816894531,118.98999786376953,354.5199890136719,36.20000076293945,166.77000427246094,121.63999938964844,316.7200012207031,100.79000091552734,91.4000015258789,91.7300033569336,62.97999954223633,18.773000717163086,48.58000183105469,173.5,151.3800048828125,37.130001068115234,139.39666748046875,89.2699966430664,545.219970703125,49.0099983215332,118.79000091552734,46.13999938964844,39.7400016784668,35.66999816894531,132.55999755859375,94.37999725341797,141.5800018310547,101.06999969482422,251.0399932861328,565.9299926757812,56.055999755859375,36.400001525878906,74.97000122070312,53.720001220703125,105.11000061035156,159.66000366210938,67.9800033569336,119.02999877929688,355.1000061035156,36.33000183105469,168.3000030517578,122.47000122070312,318.9599914550781,101.33999633789062,91.83999633789062,92.0,63.41999816894531,18.864999771118164,49.52000045776367,173.91000366210938,152.91000366210938,37.22999954223633,140.32666015625,89.66999816894531,548.1300048828125,49.040000915527344,122.13999938964844,46.20000076293945,39.779998779296875,35.720001220703125,133.3800048828125,95.30999755859375,139.82000732421875,96.7300033569336,247.9499969482422,555.2999877929688,54.16299819946289,36.0,73.62000274658203,53.040000915527344,102.22000122070312,157.08999633789062,65.0,114.76000213623047,350.8599853515625,35.56999969482422,165.92999267578125,120.55000305175781,314.20001220703125,99.5,90.52999877929688,90.98999786376953,61.25,18.183000564575195,48.380001068115234,172.3000030517578,147.75999450683594,35.970001220703125,136.1666717529297,88.41999816894531,541.8200073242188,48.5099983215332,118.51000213623047,45.7599983215332,39.060001373291016,35.43000030517578,131.85000610351562,93.08999633789062,141.49000549316406,97.73999786376953,250.92999267578125,557.280029296875,54.340999603271484,36.25,74.7699966430664,53.599998474121094,102.6500015258789,157.14999389648438,65.04000091552734,115.0199966430664,352.6600036621094,35.68000030517578,167.67999267578125,122.23999786376953,316.75,99.69999694824219,91.5,91.16999816894531,61.75,18.301000595092773,49.38999938964844,173.88999938964844,148.07000732421875,36.040000915527344,136.66000366210938,88.70999908447266,545.010009765625,48.79999923706055,119.16999816894531,46.13999938964844,39.130001068115234,35.599998474121094,133.11000061035156,93.1500015258789,3525200,76059500,1888800,580600,23459000,23138300,5303300,10573300,5966500,6477500,12516300,5001300,1102200,24598200,8312100,9531800,2261600,3837600,6111600,4664800,11303900,415447000,18916300,691900,7808200,10758700,1698900,10947700,1486400,5400400,4531900,7885900,46866000,15966200,7053600,17770400
2022-08-19,123.77881622314453,95.94999694824219,223.1244659423828,527.09228515625,51.46181869506836,32.209083557128906,64.0348129272461,46.17366409301758,91.6583023071289,135.3739471435547,57.735382080078125,101.39775848388672,317.72882080078125,33.66151428222656,151.7273712158203,108.15631103515625,313.2541198730469,92.69146728515625,82.2049331665039,79.67919158935547,59.356956481933594,17.820331573486328,39.638282775878906,147.55322265625,135.37960815429688,33.95656204223633,131.42147827148438,82.05642700195312,511.88360595703125,40.77135467529297,106.19878387451172,41.222496032714844,34.916439056396484,32.764488220214844,124.93619537353516,83.05982208251953,141.85000610351562,95.94999694824219,250.86000061035156,545.260009765625,54.84299850463867,35.47999954223633,75.33000183105469,52.61000061035156,105.13999938964844,157.69000244140625,68.51000213623047,118.75,349.2699890136719,35.380001068115234,169.30999755859375,118.62999725341797,322.7699890136719,100.44999694824219,92.08000183105469,90.01000213623047,60.5099983215332,17.849000930786133,49.150001525878906,170.7899932861328,147.60000610351562,37.119998931884766,135.63333129882812,87.19999694824219,548.3200073242188,48.61000061035156,118.55000305175781,45.349998474121094,39.72999954223633,34.959999084472656,132.9199981689453,94.08000183105469,143.36000061035156,99.25,252.00999450683594,558.8499755859375,55.55799865722656,36.029998779296875,75.70999908447266,53.40999984741211,105.69000244140625,159.74000549316406,69.9000015258789,119.22000122070312,351.8599853515625,36.029998779296875,170.1199951171875,120.98999786376953,325.75,101.5199966430664,93.0199966430664,90.91999816894531,62.25,18.520000457763672,49.45000076293945,172.72999572753906,150.3800048828125,37.56999969482422,138.17333984375,88.58999633789062,553.1300048828125,48.72999954223633,119.45999908447266,46.02000045776367,40.005001068115234,35.459999084472656,133.55999755859375,95.19999694824219,141.4600067138672,94.58999633789062,247.6300048828125,544.4299926757812,54.7869987487793,35.310001373291016,74.16000366210938,52.369998931884766,103.52999877929688,157.6199951171875,67.36000061035156,117.3499984741211,347.5,35.189998626708984,167.0,118.11000061035156,317.5,100.08999633789062,91.52999877929688,89.66000366210938,60.279998779296875,17.770000457763672,48.72999954223633,169.9499969482422,146.89999389648438,36.61000061035156,134.93666076660156,87.0199966430664,544.8200073242188,48.27000045776367,117.4800033569336,45.040000915527344,39.40999984741211,34.84000015258789,132.3699951171875,93.80000305175781,141.77999877929688,98.66999816894531,247.6300048828125,557.1900024414062,55.08599853515625,35.959999084472656,74.16000366210938,53.150001525878906,104.58999633789062,158.4600067138672,67.77999877929688,118.72000122070312,351.0,35.79999923706055,167.10000610351562,120.62000274658203,317.510009765625,100.3499984741211,91.55000305175781,90.6500015258789,61.84000015258789,18.4060001373291,48.84000015258789,172.02000427246094,149.2899932861328,36.86000061035156,137.47666931152344,88.5,545.5,48.58000183105469,118.26000213623047,45.900001525878906,39.63999938964844,35.459999084472656,132.55999755859375,94.16000366210938,4530700,67221700,2207500,794400,16923000,36485400,7938300,14798800,7067100,6834200,13972800,3827600,1812300,31425500,8128500,13464500,3393100,3237600,8828700,6264100,14050300,441588000,15350200,1240800,5400300,12893900,2323500,9602800,2258000,7197200,2667500,13142900,39488400,33587400,5946500,16128600
2022-08-22,122.461181640625,92.83999633789062,219.602294921875,502.7416076660156,49.61514663696289,31.519145965576172,63.37177658081055,44.98004150390625,91.74549102783203,134.69577026367188,57.65953826904297,101.52584838867188,311.4974060058594,32.19631576538086,151.19512939453125,106.36935424804688,313.5744323730469,92.6637954711914,81.38359832763672,78.30709838867188,57.19888687133789,17.006637573242188,39.4366569519043,143.81236267089844,129.88551330566406,33.77360534667969,126.47660827636719,80.2120361328125,508.3828125,39.92421340942383,106.71834564208984,40.368064880371094,34.85052490234375,32.0428466796875,123.30067443847656,82.9980239868164,140.33999633789062,92.83999633789062,246.89999389648438,520.0700073242188,52.875,34.720001220703125,74.55000305175781,51.25,105.23999786376953,156.89999389648438,68.41999816894531,118.9000015258789,342.4200134277344,33.84000015258789,167.58999633789062,116.66999816894531,323.1000061035156,100.41999816894531,91.16000366210938,88.45999908447266,58.310001373291016,17.034000396728516,48.900001525878906,166.4600067138672,141.61000061035156,36.91999816894531,130.52999877929688,85.23999786376953,544.5700073242188,47.599998474121094,119.12999725341797,44.40999984741211,39.654998779296875,34.189998626708984,131.17999267578125,94.01000213623047,142.66000366210938,95.0199966430664,251.22999572753906,530.8499755859375,54.308998107910156,34.81999969482422,75.86000061035156,51.77000045776367,105.69999694824219,157.74000549316406,68.69000244140625,119.62999725341797,344.5299987792969,35.060001373291016,168.9199981689453,117.16000366210938,325.7699890136719,101.26000213623047,92.22000122070312,88.86000061035156,59.61000061035156,17.558000564575195,49.400001525878906,168.88999938964844,145.80999755859375,37.41999816894531,133.13333129882812,86.02999877929688,549.52001953125,47.880001068115234,119.72000122070312,44.7400016784668,39.900001525878906,34.459999084472656,132.52000427246094,94.48999786376953,139.9600067138672,92.36000061035156,246.5399932861328,518.6099853515625,52.70500183105469,34.45000076293945,74.3499984741211,50.9900016784668,102.54000091552734,154.4199981689453,65.51000213623047,115.68000030517578,340.760009765625,33.72999954223633,167.1699981689453,115.5,320.3900146484375,98.55000305175781,91.01000213623047,87.70999908447266,57.970001220703125,16.965999603271484,48.7400016784668,166.05999755859375,141.10000610351562,36.09000015258789,129.89666748046875,84.94000244140625,541.3499755859375,47.349998474121094,115.51000213623047,44.119998931884766,38.7400016784668,34.099998474121094,130.74000549316406,91.86000061035156,141.97000122070312,94.4000015258789,249.97999572753906,529.2899780273438,54.25699996948242,34.75,75.33000183105469,51.560001373291016,103.66999816894531,156.69000244140625,67.37999725341797,117.66999816894531,342.44000244140625,35.0,168.89999389648438,116.75,322.2799987792969,100.0,91.80999755859375,88.43000030517578,59.560001373291016,17.489999771118164,49.209999084472656,168.88999938964844,145.3000030517578,36.709999084472656,132.88333129882812,85.41000366210938,541.3900146484375,47.869998931884766,118.55000305175781,44.599998474121094,39.38999938964844,34.45000076293945,132.10000610351562,93.41999816894531,4023500,61837300,3078300,795800,18555000,31210300,5813600,16749600,6701700,9147000,12662200,2943600,1723900,51006100,5462600,8967600,2488000,5837000,6652100,6452800,13096800,409593000,13601200,1269000,6736800,9126300,2903400,8054000,1672900,5816700,2774200,12391400,45696200,36810100,6420400,16019900
2022-08-23,121.30935668945312,92.48999786376953,217.44094848632812,508.23236083984375,49.711795806884766,31.237720489501953,61.85866165161133,44.71674346923828,94.54386138916016,139.0654296875,59.7326545715332,103.9850082397461,309.459716796875,32.30097198486328,149.87794494628906,105.3208999633789,305.8102722167969,95.49665069580078,80.52654266357422,78.16548156738281,56.75746536254883,17.153400421142578,38.718902587890625,143.83828735351562,129.0692138671875,36.00566482543945,127.1064453125,80.95543670654297,500.19549560546875,39.76484680175781,109.38787841796875,40.331695556640625,36.10726547241211,31.911643981933594,121.58061218261719,86.5206527709961,139.02000427246094,92.48999786376953,244.47000122070312,525.75,52.97800064086914,34.40999984741211,72.7699966430664,50.95000076293945,108.44999694824219,161.99000549316406,70.87999725341797,121.77999877929688,340.17999267578125,33.95000076293945,166.1300048828125,115.5199966430664,315.1000061035156,103.48999786376953,90.19999694824219,88.30000305175781,57.86000061035156,17.180999755859375,48.0099983215332,166.49000549316406,140.72000122070312,39.36000061035156,131.17999267578125,86.02999877929688,535.7999877929688,47.40999984741211,122.11000061035156,44.369998931884766,41.084999084472656,34.04999923706055,129.35000610351562,98.0,140.85000610351562,94.44000244140625,246.69000244140625,529.3499755859375,53.762001037597656,34.970001220703125,74.48999786376953,51.68000030517578,110.68000030517578,162.33999633789062,72.45999908447266,123.94000244140625,344.07000732421875,34.38999938964844,167.77000427246094,117.29000091552734,321.8399963378906,103.83999633789062,90.98999786376953,89.25,59.290000915527344,17.46500015258789,48.52000045776367,167.94000244140625,143.61000061035156,39.560001373291016,133.17999267578125,86.5999984741211,543.2899780273438,47.880001068115234,123.58999633789062,44.959999084472656,41.39500045776367,34.400001525878906,130.74000549316406,98.41000366210938,138.4499969482422,92.11000061035156,242.85000610351562,519.4600219726562,52.89099884033203,34.36000061035156,72.5999984741211,50.86000061035156,106.73999786376953,158.7100067138672,69.87000274658203,121.31999969482422,339.0299987792969,33.90999984741211,165.8000030517578,115.37999725341797,313.8699951171875,101.62999725341797,89.72000122070312,87.95999908447266,57.7599983215332,16.969999313354492,47.7599983215332,166.3300018310547,140.55999755859375,37.560001373291016,130.47332763671875,84.98999786376953,533.2100219726562,47.279998779296875,120.69999694824219,44.279998779296875,40.275001525878906,34.04999923706055,128.99000549316406,95.44999694824219,139.64999389648438,92.38999938964844,246.69000244140625,520.0,53.3849983215332,34.66999816894531,74.30999755859375,51.2599983215332,107.2300033569336,159.10000610351562,70.0,121.58000183105469,341.95001220703125,33.97999954223633,167.0,116.69000244140625,321.239990234375,101.88999938964844,90.87999725341797,88.45999908447266,58.349998474121094,16.98900032043457,48.41999816894531,166.72999572753906,142.08999633789062,37.709999084472656,130.6233367919922,85.16000366210938,543.2899780273438,47.630001068115234,120.73999786376953,44.459999084472656,40.30500030517578,34.150001525878906,130.60000610351562,95.55000305175781,3768100,52927000,2659700,592900,9003000,26588000,9200200,11126100,8253000,10354800,15997300,3191600,1538000,30687100,5566300,7607000,2962000,3550300,5208800,7487700,12769100,369986000,16248900,840400,4499300,15983600,2430600,8462500,2039600,4411500,3179400,10475100,54367000,23244000,7501900,23764700
2022-08-24,120.34078979492188,92.7300033569336,217.458740234375,507.9327392578125,49.81126403808594,31.337589263916016,61.5611457824707,44.76940155029297,96.34845733642578,140.0956268310547,61.055728912353516,105.79521942138672,311.0607604980469,32.21534729003906,149.38174438476562,105.576171875,309.4691467285156,96.68702697753906,80.35694885253906,78.4310302734375,57.19888687133789,17.194339752197266,38.25114440917969,144.62448120117188,129.61033630371094,36.5087890625,127.4261703491211,80.51316833496094,500.8116760253906,39.5803337097168,109.39683532714844,40.577117919921875,36.551082611083984,32.08033752441406,121.73098754882812,87.03270721435547,137.91000366210938,92.7300033569336,244.49000549316406,525.4400024414062,53.08399963378906,34.52000045776367,72.41999816894531,51.0099983215332,110.5199966430664,163.19000244140625,72.44999694824219,123.9000015258789,341.94000244140625,33.86000061035156,165.5800018310547,115.80000305175781,318.8699951171875,104.77999877929688,90.01000213623047,88.5999984741211,58.310001373291016,17.222000122070312,47.43000030517578,167.39999389648438,141.30999755859375,39.90999984741211,131.50999450683594,85.55999755859375,536.4600219726562,47.189998626708984,122.12000274658203,44.63999938964844,41.59000015258789,34.22999954223633,129.50999450683594,98.58000183105469,139.4600067138672,93.37999725341797,244.97999572753906,530.5800170898438,53.130001068115234,34.79999923706055,73.12999725341797,51.290000915527344,110.76000213623047,163.35000610351562,72.76000213623047,124.58000183105469,344.32000732421875,33.9900016784668,166.58999633789062,116.41000366210938,320.8599853515625,104.94000244140625,90.31999969482422,89.04000091552734,58.56999969482422,17.4060001373291,48.0099983215332,167.6699981689453,141.7100067138672,40.099998474121094,131.9633331298828,86.12999725341797,539.8599853515625,47.34000015258789,124.27999877929688,44.70000076293945,41.650001525878906,34.34000015258789,130.00999450683594,98.97000122070312,137.6999969482422,90.9000015258789,242.61000061035156,521.719970703125,52.34400177001953,34.04999923706055,72.36000061035156,50.630001068115234,107.83999633789062,160.6699981689453,70.94999694824219,120.66000366210938,338.489990234375,33.599998474121094,165.07000732421875,114.44999694824219,315.2200012207031,103.36000061035156,89.54000091552734,87.80999755859375,57.36000061035156,16.895000457763672,47.380001068115234,165.32000732421875,138.61000061035156,39.13999938964844,129.99000549316406,85.19999694824219,535.02001953125,46.810001373291016,121.05999755859375,44.02000045776367,40.904998779296875,33.91999816894531,129.0399932861328,97.36000061035156,139.0500030517578,92.20999908447266,243.57000732421875,522.8599853515625,52.95600128173828,34.25,73.01000213623047,50.93000030517578,108.11000061035156,161.66000366210938,71.41999816894531,122.48999786376953,339.0199890136719,33.970001220703125,166.55999755859375,115.29000091552734,316.4700012207031,103.87999725341797,90.19999694824219,87.98999786376953,57.880001068115234,17.011999130249023,47.900001525878906,165.8800048828125,140.25,39.13999938964844,131.02999877929688,85.80000305175781,536.6799926757812,47.099998474121094,122.51000213623047,44.33000183105469,41.09000015258789,33.9900016784668,129.47999572753906,98.01000213623047,5018900,56520400,2329200,485200,11883000,31389400,6142700,11159300,6286100,9468100,12851700,3551600,1530800,25105700,5684300,9771300,1827000,3601400,5553300,5262400,9961300,522661000,15551500,1383100,5113100,11498400,1251900,7085800,1761200,4620800,3423800,11706700,49093200,20682200,6719500,17050300
2022-08-25,121.57984924316406,97.18000030517578,218.51715087890625,521.75634765625,51.621337890625,31.90041732788086,60.779083251953125,45.690948486328125,97.70841979980469,141.32322692871094,62.12601089477539,106.92235565185547,315.1998596191406,33.1953125,150.7801055908203,108.08338165283203,313.6132507324219,97.7851333618164,80.58903503417969,79.59066772460938,60.033809661865234,17.884225845336914,38.630184173583984,145.92034912109375,134.14132690429688,36.74663162231445,132.0965118408203,82.40460968017578,505.58221435546875,40.05841064453125,110.50764465332031,41.25886535644531,36.832313537597656,32.57705307006836,123.07510375976562,87.48297119140625,139.3300018310547,97.18000030517578,245.67999267578125,539.739990234375,55.01300048828125,35.13999938964844,71.5,52.060001373291016,112.08000183105469,164.6199951171875,73.72000122070312,125.22000122070312,346.489990234375,34.88999938964844,167.1300048828125,118.55000305175781,323.1400146484375,105.97000122070312,90.2699966430664,89.91000366210938,61.20000076293945,17.913000106811523,47.900001525878906,168.89999389648438,146.25,40.16999816894531,136.3300018310547,87.56999969482422,541.5700073242188,47.7599983215332,123.36000061035156,45.38999938964844,41.90999984741211,34.7599983215332,130.94000244140625,99.08999633789062,139.55999755859375,97.56999969482422,246.05999755859375,540.219970703125,55.04800033569336,35.279998779296875,72.66000366210938,52.25,112.13999938964844,164.89999389648438,73.83999633789062,125.86000061035156,346.8599853515625,34.93000030517578,167.24000549316406,118.73999786376953,323.3699951171875,106.04000091552734,90.51000213623047,90.0999984741211,61.27000045776367,17.94700050354004,47.95000076293945,170.0,147.0,40.900001525878906,136.49000549316406,87.58999633789062,542.02001953125,47.95000076293945,125.02999877929688,45.52000045776367,42.119998931884766,34.790000915527344,130.97999572753906,99.86000061035156,137.6699981689453,93.13999938964844,243.80999755859375,521.760009765625,53.22600173950195,34.45000076293945,71.02999877929688,51.06999969482422,110.6500015258789,162.61000061035156,72.29000091552734,123.22000122070312,342.1099853515625,33.81999969482422,164.6999969482422,115.68000030517578,315.8299865722656,104.66999816894531,89.06999969482422,88.80000305175781,58.58000183105469,16.83300018310547,47.27000045776367,167.16000366210938,142.02000427246094,40.02000045776367,131.56333923339844,86.01000213623047,531.25,46.939998626708984,122.26000213623047,44.43000030517578,41.505001068115234,34.209999084472656,129.14999389648438,98.0999984741211,138.77000427246094,93.13999938964844,246.00999450683594,522.3599853515625,53.345001220703125,34.599998474121094,72.66000366210938,51.209999084472656,111.44999694824219,163.9199981689453,73.51000213623047,125.12000274658203,344.45001220703125,33.869998931884766,165.9499969482422,116.16000366210938,320.6000061035156,105.05000305175781,90.51000213623047,89.06999969482422,58.599998474121094,16.8439998626709,47.52000045776367,167.67999267578125,142.33999633789062,40.119998931884766,131.6366729736328,86.33000183105469,535.010009765625,47.31999969482422,122.94999694824219,44.790000915527344,41.83000183105469,34.29999923706055,130.05999755859375,98.91999816894531,3301200,61016200,1725400,758300,17345000,40576700,11036900,12569000,5241000,8050700,11149700,2904900,1763900,29799100,5678700,10758900,1977900,2869300,5884300,4943300,12171600,770691000,14460000,1619700,5618800,12737900,2679300,6602100,1965800,5296700,4014700,11783200,39798600,26402600,5636600,15305700
2022-08-26,118.97949981689453,91.18000030517578,214.0432891845703,492.9491271972656,48.874794006347656,30.89275360107422,60.51558303833008,43.68988037109375,97.74327087402344,140.28445434570312,61.325408935546875,106.3673324584961,306.02105712890625,31.739627838134766,148.19989013671875,104.54594421386719,306.2566833496094,96.281005859375,79.68734741210938,76.8464584350586,56.53184509277344,16.233882904052734,37.75920104980469,140.12330627441406,126.92292785644531,36.060543060302734,124.60332489013672,79.74153137207031,494.080810546875,38.993202209472656,109.18183898925781,39.968109130859375,36.401676177978516,31.60236930847168,119.64434051513672,86.4058837890625,136.35000610351562,91.18000030517578,240.64999389648438,509.94000244140625,52.08599853515625,34.029998779296875,71.19000244140625,49.779998779296875,112.12000274658203,163.41000366210938,72.7699966430664,124.56999969482422,336.3999938964844,33.36000061035156,164.27000427246094,114.66999816894531,315.55999755859375,104.33999633789062,89.26000213623047,86.80999755859375,57.630001068115234,16.260000228881836,46.81999969482422,162.19000244140625,138.3800048828125,39.41999816894531,128.59666442871094,84.73999786376953,529.25,46.4900016784668,121.87999725341797,43.970001220703125,41.41999816894531,33.720001220703125,127.29000091552734,97.87000274658203,139.85000610351562,97.5999984741211,246.36000061035156,539.72998046875,55.0989990234375,35.47999954223633,72.04000091552734,52.34000015258789,114.25,166.1300048828125,74.87000274658203,127.47000122070312,348.739990234375,35.029998779296875,167.5,119.98999786376953,324.5899963378906,106.80000305175781,90.73999786376953,90.48999786376953,61.220001220703125,17.923999786376953,47.959999084472656,169.83999633789062,147.36000061035156,40.27000045776367,136.33999633789062,87.79000091552734,543.1900024414062,48.060001373291016,124.93000030517578,45.720001220703125,42.279998779296875,34.91999816894531,130.99000549316406,99.91000366210938,136.25,91.12000274658203,240.4499969482422,508.7699890136719,52.0,34.02000045776367,71.12999725341797,49.75,111.48999786376953,162.4600067138672,72.58000183105469,123.91999816894531,336.0,33.349998474121094,164.1999969482422,114.5999984741211,315.2699890136719,104.0199966430664,89.08999633789062,86.72000122070312,57.61000061035156,16.23699951171875,46.70000076293945,162.02999877929688,138.0500030517578,39.20000076293945,128.39332580566406,84.6500015258789,528.219970703125,46.470001220703125,121.31999969482422,43.939998626708984,41.23500061035156,33.689998626708984,127.19000244140625,97.41999816894531,138.88999938964844,96.29000091552734,244.0500030517578,539.5499877929688,54.88399887084961,35.439998626708984,71.91999816894531,52.279998779296875,112.62000274658203,164.17999267578125,74.0,125.3499984741211,348.3399963378906,34.95000076293945,167.4600067138672,119.45999908447266,323.5899963378906,106.02999877929688,90.27999877929688,90.33999633789062,61.06999969482422,17.85700035095215,47.619998931884766,169.4499969482422,146.16000366210938,39.91999816894531,136.02333068847656,87.5,542.260009765625,47.91999816894531,123.56999969482422,45.58000183105469,41.82500076293945,34.90999984741211,130.97999572753906,98.7699966430664,3838800,65552500,2969400,1229700,25682000,36152600,7373200,20049700,6508800,7765800,10589300,2532600,1703900,44851500,5667100,11276200,1858000,3545300,5695300,7911500,15754000,769127000,16546700,1642000,7918600,8944200,2838000,9381500,1906700,5070200,3077100,13405200,38635200,38230600,9044500,15531400
2022-08-29,118.42105865478516,88.48999786376953,212.9136962890625,483.224365234375,48.247982025146484,30.774742126464844,56.74132537841797,43.330047607421875,98.87657928466797,141.33181762695312,62.47994613647461,108.07508850097656,303.7650146484375,31.340030670166016,147.05413818359375,104.29065704345703,301.0061950683594,96.89006042480469,78.19644927978516,75.55403137207031,55.92365264892578,15.775617599487305,37.28337097167969,138.33493041992188,125.7306137084961,36.93873596191406,122.08731079101562,77.9630126953125,494.56622314453125,38.66609191894531,110.5614013671875,39.92265701293945,36.95095443725586,31.377439498901367,118.80779266357422,88.392333984375,135.7100067138672,88.48999786376953,239.3800048828125,499.8800048828125,51.417999267578125,33.900001525878906,66.75,49.369998931884766,113.41999816894531,164.6300048828125,74.13999938964844,126.56999969482422,333.9200134277344,32.939998626708984,163.0,114.38999938964844,310.1499938964844,105.0,87.58999633789062,85.3499984741211,57.0099983215332,15.800999641418457,46.22999954223633,160.1199951171875,137.0800018310547,40.380001068115234,126.0,82.8499984741211,529.77001953125,46.099998474121094,123.41999816894531,43.91999816894531,42.04499816894531,33.47999954223633,126.4000015258789,100.12000274658203,136.72000122070312,91.19000244140625,241.02999877929688,511.3500061035156,52.27399826049805,34.150001525878906,69.91000366210938,49.720001220703125,115.47000122070312,166.8300018310547,75.2699966430664,129.08999633789062,336.3999938964844,33.40999984741211,163.83999633789062,114.86000061035156,314.8699951171875,106.72000122070312,89.0,86.43000030517578,58.0,16.33799934387207,46.689998626708984,161.74000549316406,139.1300048828125,40.84000015258789,128.70333862304688,84.31999969482422,532.9000244140625,46.41999816894531,125.38999938964844,44.31999969482422,42.59000015258789,33.720001220703125,127.19000244140625,101.55999755859375,134.75999450683594,88.26000213623047,238.00999450683594,499.3999938964844,51.20000076293945,33.61000061035156,66.4000015258789,49.029998779296875,111.88999938964844,163.63999938964844,72.04000091552734,123.83999633789062,332.010009765625,32.810001373291016,162.02000427246094,113.45999908447266,309.67999267578125,103.27999877929688,87.55999755859375,85.05999755859375,56.52000045776367,15.767000198364258,46.119998931884766,159.16000366210938,136.11000061035156,39.060001373291016,125.7933349609375,82.77999877929688,522.8699951171875,45.81999969482422,121.04000091552734,43.58000183105469,41.29499816894531,33.279998779296875,125.73999786376953,98.13999938964844,136.1999969482422,90.05000305175781,238.83999633789062,506.32000732421875,52.0,33.86000061035156,69.9000015258789,49.66999816894531,112.08999633789062,163.88999938964844,72.41000366210938,124.5,333.9200134277344,33.22999954223633,163.47000122070312,114.0,313.3399963378906,103.80999755859375,88.83000183105469,86.13999938964844,57.310001373291016,16.020000457763672,46.380001068115234,161.25999450683594,137.80999755859375,39.29999923706055,127.2300033569336,83.91000366210938,526.0,46.2599983215332,121.66000366210938,43.79999923706055,41.400001525878906,33.470001220703125,126.5199966430664,98.18000030517578,3835800,61142500,2113000,754100,16580000,34931000,18479000,15103100,6479700,8462600,11902000,2675600,1835600,32976800,5259200,8117300,1697000,4563300,7850200,7505300,11607600,496132000,13400500,1572100,6852300,11663700,2575200,9639700,1594000,3650000,3336000,12504900,52125000,34872100,6727700,23059200
2022-08-30,118.28144073486328,86.94000244140625,212.68246459960938,476.5929260253906,47.51700973510742,30.947219848632812,57.123844146728516,43.07551956176758,96.33100128173828,137.88931274414062,59.90119171142578,104.05333709716797,303.501220703125,30.693058013916016,146.53988647460938,104.30889892578125,297.9879150390625,93.66036987304688,77.56259155273438,74.73963928222656,55.2271842956543,15.443153381347656,36.9769172668457,137.62649536132812,123.28165435791016,35.38360595703125,120.66616821289062,77.90656280517578,488.0967712402344,38.50672912597656,105.73295593261719,40.12262725830078,35.69860076904297,31.208740234375,118.01824951171875,85.02860260009766,135.5500030517578,86.94000244140625,239.1199951171875,493.0199890136719,50.638999938964844,34.09000015258789,67.19999694824219,49.08000183105469,110.5,160.6199951171875,71.08000183105469,121.86000061035156,333.6300048828125,32.2599983215332,162.42999267578125,114.41000366210938,307.0400085449219,101.5,86.87999725341797,84.43000030517578,56.29999923706055,15.468000411987305,45.849998474121094,159.3000030517578,134.41000366210938,38.68000030517578,124.53333282470703,82.79000091552734,522.8400268554688,45.90999984741211,118.02999877929688,44.13999938964844,40.619998931884766,33.29999923706055,125.55999755859375,96.30999755859375,136.49000549316406,90.1500015258789,240.30999755859375,507.6499938964844,51.79100036621094,34.279998779296875,67.25,49.84000015258789,111.51000213623047,162.55999755859375,72.81999969482422,124.5999984741211,336.010009765625,33.06999969482422,163.5399932861328,115.58000183105469,311.9700012207031,103.83000183105469,87.56999969482422,86.2300033569336,57.79999923706055,16.038999557495117,46.349998474121094,160.94000244140625,138.3000030517578,39.70000076293945,127.40666961669922,83.9800033569336,531.0900268554688,46.380001068115234,121.77999877929688,44.439998626708984,41.334999084472656,33.70000076293945,126.8499984741211,98.62000274658203,134.88999938964844,85.33999633789062,238.2899932861328,487.4599914550781,50.138999938964844,33.540000915527344,65.94999694824219,48.70000076293945,108.9000015258789,158.75999450683594,70.26000213623047,120.8499984741211,331.17999267578125,32.150001525878906,162.02999877929688,113.36000061035156,306.010009765625,101.20999908447266,86.58000183105469,84.20999908447266,55.58000183105469,15.182000160217285,45.79999923706055,158.44000244140625,132.94000244140625,38.22999954223633,123.00333404541016,81.7300033569336,521.7899780273438,45.630001068115234,117.02999877929688,43.54999923706055,40.28499984741211,33.099998474121094,125.25,95.81999969482422,135.13999938964844,90.05999755859375,239.8800048828125,506.54998779296875,51.683998107910156,34.18000030517578,66.75,49.84000015258789,111.16999816894531,162.32000732421875,72.56999969482422,123.5199966430664,335.0,33.040000915527344,163.3000030517578,115.0,310.1400146484375,103.30000305175781,87.47000122070312,86.13999938964844,57.47999954223633,15.960000038146973,46.34000015258789,160.94000244140625,137.8000030517578,39.630001068115234,127.3566665649414,83.77999877929688,530.4099731445312,46.349998474121094,120.93000030517578,44.2599983215332,41.32500076293945,33.59000015258789,126.8499984741211,98.36000061035156,4337100,69087100,3673000,1006400,18282000,48194900,10260400,16735500,7746900,8814300,11606400,3297000,1830300,40182500,6973300,10745400,1980300,6281700,6754000,8849400,12743700,530181000,16303000,1586800,6147400,12149300,3212700,8392300,2013400,5105500,4032700,14365000,57641800,41870700,7910500,17086800
2022-08-31,117.33028411865234,84.87000274658203,213.7320098876953,473.615478515625,46.83388137817383,30.511472702026367,57.3023567199707,42.83855056762695,95.4156494140625,135.69158935546875,59.51354217529297,103.57515716552734,304.91278076171875,30.36957359313965,145.55653381347656,103.68891906738281,292.3492126464844,92.96829986572266,76.20561981201172,75.43895721435547,55.45280075073242,15.06975269317627,36.47689437866211,136.5033416748047,121.99956512451172,34.89877700805664,119.40333557128906,78.43354034423828,484.8200378417969,38.25511169433594,104.91778564453125,39.73175811767578,35.373435974121094,30.974445343017578,117.26629638671875,84.39292907714844,134.4600067138672,84.87000274658203,240.3000030517578,489.94000244140625,49.9109992980957,33.61000061035156,67.41000366210938,48.810001373291016,109.44999694824219,158.05999755859375,70.62000274658203,121.30000305175781,332.6700134277344,31.920000076293945,161.33999633789062,113.7300033569336,301.2300109863281,100.75,85.36000061035156,85.22000122070312,56.529998779296875,15.093999862670898,45.22999954223633,158.0,132.27000427246094,38.150001525878906,123.2300033569336,83.3499984741211,519.3300170898438,45.61000061035156,117.12000274658203,43.709999084472656,40.25,33.04999923706055,124.76000213623047,95.58999633789062,136.0399932861328,86.72000122070312,243.88999938964844,501.5799865722656,51.01599884033203,34.369998931884766,67.62999725341797,49.54999923706055,111.86000061035156,161.41000366210938,72.4800033569336,123.69000244140625,335.1400146484375,32.38999938964844,163.5500030517578,115.02999877929688,308.82000732421875,102.91999816894531,87.12999725341797,85.94000244140625,57.15999984741211,15.539999961853027,46.290000915527344,160.4199981689453,134.1699981689453,39.15999984741211,125.086669921875,84.87000274658203,527.0999755859375,46.13999938964844,118.91000366210938,44.59000015258789,40.91999816894531,33.59000015258789,126.76000213623047,96.83999633789062,134.1699981689453,83.72000122070312,239.85000610351562,486.70001220703125,49.65399932861328,33.599998474121094,66.83000183105469,48.66999816894531,107.05000305175781,156.14999389648438,68.52999877929688,117.56999969482422,329.67999267578125,31.770000457763672,161.27000427246094,113.33999633789062,301.1099853515625,99.1500015258789,85.16000366210938,84.05999755859375,55.810001373291016,14.958999633789062,45.130001068115234,157.9600067138672,131.3000030517578,37.29999923706055,122.15333557128906,83.05999755859375,519.1599731445312,45.540000915527344,114.3499984741211,43.61000061035156,39.470001220703125,33.0,124.73999786376953,93.58999633789062,135.69000244140625,86.27999877929688,241.58999633789062,500.8500061035156,51.01599884033203,34.13999938964844,67.33000183105469,49.279998779296875,107.8499984741211,157.61000061035156,69.33999633789062,118.33000183105469,331.54998779296875,32.38999938964844,163.22999572753906,114.4800033569336,307.1400146484375,99.66000366210938,87.04000091552734,84.61000061035156,55.9900016784668,15.383999824523926,46.0099983215332,160.10000610351562,133.7899932861328,37.77000045776367,125.08333587646484,84.11000061035156,520.8200073242188,46.11000061035156,115.19999694824219,44.279998779296875,39.6150016784668,33.470001220703125,125.97000122070312,94.02999877929688,5789600,64991700,4303900,936000,32445000,44917600,13940100,16582100,6775700,13582700,11430500,3538100,2488000,44074500,8741700,10738300,3183500,6636100,11602000,9223100,14172200,573710000,26416800,3090600,8701100,12383000,2974800,8887100,2891300,6239800,4688000,22609100,58304600,39768200,8954500,18340900
2022-09-01,120.8119888305664,82.33000183105469,218.3571014404297,454.26263427734375,46.16766357421875,30.584577560424805,58.730445861816406,42.785892486572266,93.74185180664062,133.52822875976562,57.440425872802734,101.36360931396484,305.6734313964844,30.217344284057617,149.1652069091797,104.40005493164062,300.0163269042969,89.2864761352539,77.80365753173828,76.27992248535156,56.21794891357422,13.914613723754883,37.60597229003906,136.89212036132812,119.8320083618164,33.70956802368164,117.18765258789062,76.82439422607422,489.1796569824219,38.47318649291992,99.1128921508789,39.72267532348633,34.50337219238281,31.06816864013672,119.19316864013672,82.87442779541016,138.4499969482422,82.33000183105469,245.5,469.9200134277344,49.20100021362305,33.470001220703125,69.08999633789062,48.75,107.52999877929688,155.5399932861328,68.16000366210938,118.70999908447266,333.5,31.760000228881836,165.33999633789062,114.51000213623047,309.1300048828125,96.76000213623047,87.1500015258789,86.16999816894531,57.310001373291016,13.937000274658203,46.630001068115234,158.4499969482422,129.9199981689453,36.849998474121094,120.9433364868164,81.63999938964844,524.0,45.869998931884766,110.63999938964844,43.70000076293945,39.2599983215332,33.150001525878906,126.80999755859375,93.87000274658203,138.58999633789062,82.76000213623047,245.74000549316406,479.0199890136719,49.32899856567383,33.4900016784668,69.0999984741211,48.77000045776367,108.94000244140625,156.8800048828125,68.93000030517578,119.77999877929688,333.69000244140625,31.829999923706055,165.5,114.62999725341797,309.4100036621094,100.06999969482422,87.45999908447266,86.20999908447266,57.400001525878906,14.380000114440918,46.650001525878906,158.55999755859375,130.1300048828125,37.83000183105469,120.95999908447266,81.83000183105469,524.260009765625,45.900001525878906,115.81999969482422,43.7400016784668,39.80500030517578,33.20000076293945,126.87000274658203,95.06999969482422,134.10000610351562,78.5199966430664,240.74000549316406,460.8900146484375,48.08399963378906,32.65999984741211,67.20999908447266,47.810001373291016,105.75,153.22999572753906,66.5199966430664,117.12999725341797,324.6199951171875,31.1299991607666,161.47999572753906,111.91000366210938,300.5,95.58000183105469,85.36000061035156,83.38999938964844,54.790000915527344,13.270000457763672,45.13999938964844,155.75,126.08000183105469,36.43000030517578,117.19667053222656,80.12000274658203,515.0900268554688,45.0099983215332,109.69999694824219,42.79999923706055,38.709999084472656,32.5099983215332,124.38999938964844,92.29000091552734,134.63999938964844,82.3499984741211,241.1199951171875,477.9200134277344,49.14699935913086,33.34000015258789,67.38999938964844,48.77000045776367,107.77999877929688,156.47999572753906,68.5199966430664,119.55000305175781,329.8699951171875,31.56999969482422,161.49000549316406,113.29000091552734,301.0,98.93000030517578,85.63999938964844,84.66999816894531,55.2599983215332,14.208999633789062,45.13999938964844,157.57000732421875,129.97999572753906,37.54999923706055,120.086669921875,81.44999694824219,519.3300170898438,45.54999923706055,115.30000305175781,43.65999984741211,39.654998779296875,32.90999984741211,124.55999755859375,94.41999816894531,4521000,94854700,2488200,1665500,31930000,32848900,9633300,14470900,6717300,8244400,13493900,2685500,1575100,36440700,7509600,9979800,2939200,7520000,7528600,7830800,17594500,1178865000,19947600,1704500,8716300,10516700,4537800,11566000,2085300,4920600,4500700,13173000,56604200,40604600,11212400,16423000
2022-09-02,118.91841888427734,80.23999786376953,215.5731658935547,451.6235656738281,46.93803787231445,30.54802131652832,58.322425842285156,42.8648796081543,96.12178802490234,135.51129150390625,59.277565002441406,103.76301574707031,303.8219909667969,29.703575134277344,146.8195343017578,103.67069244384766,292.4462890625,91.47342681884766,76.9823226928711,76.48352813720703,55.25661087036133,13.625081062316895,36.8559455871582,135.85540771484375,118.50383758544922,34.82560348510742,115.9021987915039,76.1280517578125,482.0379943847656,38.20478439331055,101.96158599853516,39.431793212890625,35.13614273071289,30.824491500854492,117.48249816894531,84.39292907714844,136.27999877929688,80.23999786376953,242.3699951171875,467.19000244140625,50.02199935913086,33.43000030517578,68.61000061035156,48.84000015258789,110.26000213623047,157.85000610351562,70.33999633789062,121.5199966430664,331.4800109863281,31.219999313354492,162.74000549316406,113.70999908447266,301.3299865722656,99.12999725341797,86.2300033569336,86.4000015258789,56.33000183105469,13.647000312805176,45.70000076293945,157.25,128.47999572753906,38.06999969482422,119.61666870117188,80.9000015258789,516.3499755859375,45.54999923706055,113.81999969482422,43.380001068115234,39.97999954223633,32.88999938964844,124.98999786376953,95.58999633789062,139.39999389648438,83.6500015258789,247.77999877929688,486.8999938964844,51.98099899291992,34.47999954223633,69.77999877929688,50.150001525878906,112.0,159.1300048828125,71.23999786376953,123.25,340.32000732421875,32.380001068115234,166.1999969482422,117.44999694824219,310.2200012207031,100.18000030517578,87.77999877929688,89.02999877929688,58.79999923706055,14.170999526977539,46.79999923706055,162.0,132.6699981689453,38.630001068115234,123.663330078125,82.9800033569336,529.7899780273438,46.7599983215332,114.95999908447266,44.79999923706055,40.5099983215332,33.810001373291016,127.66000366210938,96.79000091552734,135.80999755859375,79.80999755859375,241.33999633789062,466.010009765625,49.83000183105469,33.27000045776367,68.33999633789062,48.619998931884766,109.0,156.72000122070312,69.26000213623047,120.62999725341797,329.9700012207031,31.059999465942383,162.00999450683594,113.19000244140625,299.760009765625,98.18000030517578,85.87999725341797,85.72000122070312,56.0,13.590999603271484,45.529998779296875,156.66000366210938,127.55999755859375,37.4900016784668,119.09333038330078,80.61000061035156,513.8099975585938,45.36000061035156,112.18000030517578,43.16999816894531,39.76499938964844,32.72999954223633,124.44999694824219,95.11000061035156,138.66000366210938,83.31999969482422,246.47999572753906,479.8599853515625,51.79999923706055,33.93000030517578,69.37000274658203,49.310001373291016,109.63999938964844,158.24000549316406,70.62000274658203,122.33999633789062,334.67999267578125,32.209999084472656,165.86000061035156,115.87000274658203,310.1099853515625,98.37000274658203,87.23999786376953,87.36000061035156,58.29999923706055,14.100000381469727,46.7400016784668,160.47999572753906,131.63999938964844,38.099998474121094,122.8066635131836,81.55000305175781,529.6199951171875,46.38999938964844,113.4000015258789,44.29999923706055,40.224998474121094,33.529998779296875,127.54000091552734,96.3499984741211,3601600,84924400,2325100,1145400,40426000,44000800,8657700,15568100,6096400,7526600,10100000,2355800,2215400,34893300,5803700,10666600,2525400,4207500,6997500,9974400,12809700,743157000,14667700,1433000,6121400,11375100,3841200,8850100,1944200,5980400,3772200,13025900,57188200,43208800,9730300,18206800
2022-09-06,120.06150817871094,78.72000122070312,215.4397430419922,454.26263427734375,46.748497009277344,30.20992088317871,58.3564338684082,42.32073211669922,94.70079803466797,134.88461303710938,58.6034049987793,102.72982025146484,299.2483825683594,28.885347366333008,147.2165069580078,103.69804382324219,297.7743835449219,90.85517883300781,77.15193176269531,75.35928344726562,54.177581787109375,13.443370819091797,36.90433120727539,135.09515380859375,116.83438873291016,34.33393096923828,114.56503295898438,75.30935668945312,483.2796325683594,38.01187515258789,101.02992248535156,38.97731018066406,34.810977935791016,30.749521255493164,117.59528350830078,83.8279037475586,137.58999633789062,78.72000122070312,242.22000122070312,469.9200134277344,49.81999969482422,33.060001373291016,68.6500015258789,48.220001220703125,108.62999725341797,157.1199951171875,69.54000091552734,120.30999755859375,326.489990234375,30.360000610351562,163.17999267578125,113.73999786376953,306.82000732421875,98.45999908447266,86.41999816894531,85.12999725341797,55.22999954223633,13.46500015258789,45.7599983215332,156.3699951171875,126.66999816894531,37.36000061035156,118.23666381835938,80.02999877929688,517.6799926757812,45.31999969482422,112.77999877929688,42.880001068115234,39.61000061035156,32.810001373291016,125.11000061035156,94.94999694824219,139.35000610351562,80.88999938964844,244.58999633789062,477.8900146484375,50.400001525878906,33.72999954223633,69.06999969482422,49.099998474121094,111.68000030517578,159.99000549316406,71.58000183105469,123.45999908447266,333.25,31.389999389648438,166.22000122070312,114.75,312.8299865722656,100.2699966430664,87.2699966430664,86.83999633789062,56.689998626708984,13.779000282287598,46.439998626708984,158.4199981689453,129.52000427246094,38.529998779296875,120.25333404541016,81.02999877929688,527.4500122070312,45.84000015258789,115.01000213623047,43.880001068115234,40.4900016784668,33.13999938964844,126.68000030517578,96.58999633789062,136.24000549316406,78.37000274658203,241.5399932861328,462.29998779296875,49.0369987487793,32.61000061035156,68.12000274658203,47.619998931884766,108.08000183105469,155.7100067138672,68.94000244140625,119.83000183105469,323.4599914550781,30.329999923706055,162.82000732421875,112.06999969482422,302.2300109863281,97.55999755859375,86.16000366210938,83.16000366210938,55.130001068115234,13.35099983215332,45.529998779296875,154.14999389648438,126.20999908447266,37.13999938964844,117.33000183105469,79.5199966430664,516.9199829101562,44.79999923706055,111.66999816894531,42.36000061035156,39.44499969482422,32.47999954223633,124.76000213623047,94.51000213623047,137.3000030517578,80.41000366210938,243.74000549316406,469.3599853515625,49.85300064086914,33.63999938964844,68.94000244140625,48.970001220703125,111.0,159.88999938964844,71.22000122070312,122.93000030517578,332.32000732421875,31.389999389648438,163.94000244140625,114.33000183105469,302.95001220703125,99.94999694824219,86.58000183105469,86.75,56.33000183105469,13.730999946594238,45.959999084472656,158.4199981689453,128.83999633789062,38.2400016784668,119.59666442871094,81.02999877929688,519.9299926757812,45.84000015258789,115.0,43.709999084472656,40.35499954223633,33.060001373291016,125.4800033569336,96.16000366210938,4810600,68727300,2102600,996900,24738000,40762400,8428900,15544500,7270900,8550000,12545000,2395900,1578100,46989600,7394600,9751900,2322200,4122700,8244300,10689300,12133300,535751000,17153500,1857800,6674200,10785100,2692500,12704400,2711900,5331500,2637600,14708700,45568200,45877100,9663400,19201500
2022-09-07,121.03883361816406,79.61000061035156,217.72557067871094,460.79736328125,47.398773193359375,30.67595863342285,58.44993209838867,42.68056869506836,93.0705795288086,133.15908813476562,57.608978271484375,100.05718231201172,302.97869873046875,29.16126251220703,148.0194854736328,105.66734313964844,302.4134826660156,90.74444580078125,77.5536880493164,76.8907241821289,53.95195770263672,13.696038246154785,37.20272445678711,137.89431762695312,118.61454010009766,34.058231353759766,116.5029296875,75.23407745361328,487.0137939453125,38.50672912597656,100.88658905029297,39.84992980957031,34.40670394897461,31.35869598388672,119.51276397705078,83.11280059814453,138.7100067138672,79.61000061035156,244.7899932861328,476.67999267578125,50.51300048828125,33.56999969482422,68.76000213623047,48.630001068115234,106.76000213623047,155.11000061035156,68.36000061035156,117.18000030517578,330.55999755859375,30.649999618530273,164.07000732421875,115.9000015258789,311.6000061035156,98.33999633789062,86.87000274658203,86.86000061035156,55.0,13.71399974822998,46.130001068115234,159.61000061035156,128.60000610351562,37.060001373291016,120.23666381835938,79.94999694824219,521.6799926757812,45.90999984741211,112.62000274658203,43.84000015258789,39.150001525878906,33.459999084472656,127.1500015258789,94.13999938964844,139.0399932861328,80.25,245.32000732421875,480.9700012207031,50.94300079345703,33.66999816894531,69.4800033569336,48.7400016784668,107.51000213623047,155.82000732421875,69.16999816894531,118.86000061035156,332.1600036621094,30.790000915527344,164.4199981689453,116.11000061035156,312.3999938964844,98.8499984741211,87.0,87.26000213623047,55.720001220703125,13.838000297546387,46.209999084472656,160.17999267578125,129.77999877929688,37.18000030517578,121.25333404541016,80.18000030517578,523.5,46.06999969482422,113.19999694824219,43.90999984741211,39.31999969482422,33.52000045776367,127.36000061035156,94.58999633789062,135.33999633789062,77.73999786376953,242.27000427246094,465.6000061035156,49.90800094604492,32.630001068115234,68.13999938964844,47.599998474121094,104.76000213623047,152.6199951171875,66.19000244140625,115.55999755859375,323.25,30.049999237060547,162.16000366210938,112.76000213623047,304.8800048828125,95.63999938964844,85.06999969482422,84.37000274658203,54.0099983215332,13.345999717712402,45.380001068115234,154.9499969482422,126.37000274658203,35.9900016784668,117.81666564941406,78.2300033569336,514.6799926757812,44.970001220703125,109.37000274658203,42.25,38.38999938964844,32.65999984741211,124.68000030517578,92.30000305175781,137.5500030517578,79.23999786376953,242.8000030517578,468.8900146484375,50.29100036621094,32.810001373291016,68.66999816894531,47.7400016784668,105.81999969482422,154.05999755859375,67.41000366210938,117.0,324.25,30.420000076293945,162.91000366210938,113.12999725341797,308.7699890136719,97.0,86.55999755859375,84.37000274658203,55.310001373291016,13.562999725341797,45.70000076293945,155.1300048828125,127.47000122070312,36.439998626708984,118.71333312988281,78.38999938964844,517.0,45.06999969482422,110.95999908447266,42.540000915527344,38.744998931884766,32.709999084472656,125.08000183105469,93.19000244140625,4141700,67891200,2127300,745400,20440000,40742600,7183000,15413900,6890900,9442100,10785200,3785500,1496600,37329500,4590600,10647900,2228100,4176200,6121700,7592700,17030600,512657000,15378900,1921900,5340100,11759900,1699500,9843500,2504400,6431900,3052800,19475800,60541400,35023000,9038300,16274700
2022-09-08,122.61825561523438,82.77999877929688,218.3126220703125,466.66510009765625,48.03684616088867,31.662853240966797,58.976966857910156,43.795204162597656,94.43055725097656,133.8801727294922,58.07248306274414,101.0220718383789,307.3965759277344,29.25640296936035,149.2103271484375,108.12896728515625,306.1984558105469,90.84595489501953,78.04468536376953,78.28938293457031,54.33452224731445,13.971678733825684,37.9688835144043,140.69351196289062,118.8451156616211,35.07832717895508,118.4666748046875,75.5069580078125,492.45654296875,39.46290588378906,100.26850891113281,41.11342239379883,34.55610656738281,31.911643981933594,121.58999633789062,83.79258728027344,140.52000427246094,82.77999877929688,245.4499969482422,482.75,51.19300079345703,34.650001525878906,69.37999725341797,49.900001525878906,108.31999969482422,155.9499969482422,68.91000366210938,118.30999755859375,335.3800048828125,30.75,165.38999938964844,118.5999984741211,315.5,98.44999694824219,87.41999816894531,88.44000244140625,55.38999938964844,13.989999771118164,47.08000183105469,162.85000610351562,128.85000610351562,38.16999816894531,122.26333618164062,80.23999786376953,527.510009765625,47.04999923706055,111.93000030517578,45.22999954223633,39.31999969482422,34.04999923706055,129.36000061035156,94.91000366210938,140.57000732421875,83.44999694824219,246.0,483.3900146484375,51.27399826049805,34.72999954223633,69.58000183105469,49.95000076293945,109.19000244140625,156.3800048828125,69.62999725341797,118.9000015258789,335.80999755859375,30.850000381469727,165.4199981689453,118.79000091552734,315.7300109863281,98.98999786376953,87.44999694824219,88.48999786376953,55.91999816894531,14.008000373840332,47.119998931884766,163.02000427246094,129.8000030517578,38.5099983215332,122.72000122070312,80.73999786376953,528.489990234375,47.06999969482422,113.48999786376953,45.2599983215332,39.51499938964844,34.06999969482422,129.39999389648438,95.41999816894531,138.64999389648438,79.23999786376953,242.91000366210938,464.1700134277344,49.869998931884766,33.27000045776367,68.18000030517578,48.119998931884766,106.5999984741211,153.3800048828125,67.97000122070312,116.51000213623047,327.3599853515625,29.90999984741211,163.0800018310547,114.62999725341797,307.5899963378906,97.33000183105469,86.12999725341797,86.0,53.7400016784668,13.369000434875488,45.869998931884766,157.97000122070312,125.9000015258789,37.16999816894531,118.33333587646484,78.7699966430664,518.8099975585938,45.43000030517578,111.36000061035156,43.34000015258789,38.845001220703125,33.150001525878906,126.41999816894531,93.72000122070312,139.63999938964844,80.02999877929688,244.8000030517578,465.45001220703125,50.2599983215332,33.459999084472656,68.94999694824219,48.400001525878906,107.33999633789062,155.58999633789062,68.87999725341797,118.58999633789062,330.2900085449219,30.3700008392334,163.8800048828125,115.27999877929688,311.95001220703125,98.72000122070312,86.5,86.52999877929688,54.4900016784668,13.458999633789062,46.02000045776367,158.8699951171875,127.47000122070312,37.38999938964844,119.06999969482422,79.01000213623047,520.9500122070312,45.689998626708984,113.05999755859375,43.619998931884766,39.32500076293945,33.290000915527344,126.68000030517578,94.66000366210938,3988300,89089300,2895800,943300,22535000,44361800,9147900,18088800,7147200,9232500,11289100,3505400,1755600,37359500,5838400,11435000,2212500,4040100,8109200,8446700,18415300,624873000,18271000,1657900,6618800,14681800,2823300,8181700,1557500,7275500,2714200,18500300,53681600,50760900,9394800,18759200
2022-09-09,123.4035873413086,85.44999694824219,220.304931640625,484.30712890625,49.0192985534668,31.927846908569336,59.640018463134766,44.47099685668945,97.6125259399414,137.33131408691406,59.06391906738281,105.33413696289062,311.7227478027344,29.931917190551758,149.4990234375,108.64862060546875,308.33367919921875,92.28546905517578,77.9732666015625,79.19229888916016,56.34546661376953,14.368157386779785,38.58180236816406,141.98080444335938,121.7966537475586,36.438446044921875,121.30891418457031,76.72087097167969,491.0330505371094,39.90743637084961,101.513671875,41.20431900024414,35.41737747192383,32.20217514038086,122.66156005859375,85.19633483886719,141.4199981689453,85.44999694824219,247.69000244140625,501.0,52.2400016784668,34.939998626708984,70.16000366210938,50.66999816894531,111.97000122070312,159.97000122070312,68.51000213623047,123.36000061035156,340.1000061035156,31.459999084472656,165.7100067138672,119.16999816894531,317.70001220703125,100.01000213623047,87.33999633789062,89.45999908447266,57.439998626708984,14.38700008392334,47.84000015258789,164.33999633789062,132.0500030517578,39.650001525878906,125.19667053222656,81.52999877929688,524.3400268554688,47.58000183105469,113.31999969482422,45.33000183105469,40.29999923706055,34.36000061035156,130.5,96.5,142.1699981689453,85.68000030517578,249.22999572753906,503.17999267578125,52.59700012207031,35.25,70.55000305175781,51.0099983215332,112.41999816894531,160.64999389648438,68.94999694824219,124.0999984741211,341.0299987792969,31.5,166.1999969482422,120.05000305175781,320.1700134277344,100.55999755859375,88.16999816894531,89.81999969482422,57.68000030517578,14.473999977111816,47.9900016784668,165.19000244140625,132.61000061035156,39.869998931884766,125.84333038330078,81.66000366210938,527.8300170898438,47.75,114.61000061035156,45.810001373291016,40.494998931884766,34.45000076293945,130.85000610351562,97.0,140.10000610351562,83.83999633789062,245.02999877929688,495.29998779296875,51.54399871826172,34.84000015258789,69.22000122070312,50.25,109.87000274658203,157.52999877929688,67.55000305175781,120.80000305175781,337.0299987792969,31.079999923706055,164.38999938964844,118.66999816894531,315.2200012207031,99.05000305175781,87.2699966430664,88.80000305175781,56.16999816894531,14.12600040435791,47.099998474121094,163.00999450683594,130.30999755859375,38.65999984741211,123.87333679199219,80.73999786376953,522.5800170898438,47.18000030517578,112.44000244140625,45.25,39.72999954223633,34.189998626708984,129.44000244140625,95.31999969482422,140.39999389648438,84.02999877929688,245.4499969482422,495.5199890136719,51.54399871826172,34.97999954223633,69.27999877929688,50.310001373291016,110.05000305175781,158.41000366210938,68.52999877929688,120.87999725341797,337.9800109863281,31.190000534057617,164.99000549316406,119.13999938964844,316.45001220703125,100.19999694824219,87.58999633789062,89.22000122070312,56.16999816894531,14.156999588012695,47.20000076293945,163.66000366210938,130.67999267578125,39.04999923706055,123.87333679199219,80.83000183105469,527.8300170898438,47.220001220703125,114.55000305175781,45.5099983215332,40.025001525878906,34.20000076293945,129.67999267578125,96.5199966430664,4427000,68907700,2318000,1012800,23019000,37295100,6557400,18711800,6085000,8261100,9021200,2839400,1445600,34069500,5500600,9299700,2177000,3571700,7480100,5976200,13925600,486612000,17501700,1984800,5097300,9628600,2066400,7084700,2495500,6730400,2594400,12875500,38678800,41327100,8880400,17158000
2022-09-12,124.119140625,84.63999938964844,211.34828186035156,488.1061096191406,49.64423751831055,32.229400634765625,61.5101432800293,44.64653396606445,99.72221374511719,139.50326538085938,61.374385833740234,107.9384765625,313.9958190917969,30.02705955505371,149.43585205078125,109.93415832519531,305.9267578125,92.22087097167969,78.70533752441406,79.8031234741211,56.8359375,14.486002922058105,38.51728057861328,143.65682983398438,122.6728744506836,36.897953033447266,121.89997863769531,77.3042984008789,497.50408935546875,39.89066696166992,102.3467788696289,41.38612747192383,36.067718505859375,32.46459197998047,123.47926330566406,86.17633819580078,142.24000549316406,84.63999938964844,237.6199951171875,504.92999267578125,52.90599822998047,35.27000045776367,72.36000061035156,50.869998931884766,114.38999938964844,162.5,71.19000244140625,126.41000366210938,342.5799865722656,31.559999465942383,165.63999938964844,120.58000183105469,315.2200012207031,99.94000244140625,88.16000366210938,90.1500015258789,57.939998626708984,14.505000114440918,47.7599983215332,166.27999877929688,133.0,40.150001525878906,125.8066635131836,82.1500015258789,531.25,47.560001373291016,114.25,45.529998779296875,41.040000915527344,34.63999938964844,131.3699951171875,97.61000061035156,142.8699951171875,85.3499984741211,241.6999969482422,511.0,53.125999450683594,35.630001068115234,75.98999786376953,51.63999938964844,115.41000366210938,164.52999877929688,71.56999969482422,127.66999816894531,344.3699951171875,31.860000610351562,166.57000732421875,121.55000305175781,320.45001220703125,101.62000274658203,89.16999816894531,91.04000091552734,58.13999938964844,14.54699993133545,48.349998474121094,167.24000549316406,134.22000122070312,40.47999954223633,126.43000030517578,82.5,535.02001953125,48.04999923706055,116.29000091552734,46.13999938964844,41.48500061035156,34.81999969482422,132.0500030517578,99.19000244140625,140.32000732421875,83.45999908447266,235.11000061035156,499.6600036621094,52.45600128173828,35.029998779296875,72.25,50.70000076293945,112.81999969482422,161.25,69.25,124.87000274658203,340.0899963378906,31.100000381469727,165.22000122070312,119.79000091552734,314.8800048828125,99.0999984741211,87.81999969482422,89.8499984741211,57.029998779296875,14.197999954223633,47.689998626708984,165.1199951171875,132.32000732421875,39.59000015258789,124.29666900634766,81.76000213623047,522.5,47.400001525878906,113.38999938964844,45.2599983215332,40.540000915527344,34.41999816894531,130.64999389648438,96.87999725341797,141.00999450683594,84.88999938964844,238.0,506.7699890136719,52.67499923706055,35.20000076293945,75.61000061035156,51.2599983215332,112.94999694824219,162.80999755859375,69.66000366210938,125.36000061035156,341.6600036621094,31.739999771118164,166.11000061035156,120.62000274658203,318.8900146484375,101.2300033569336,88.12999725341797,90.0,57.459999084472656,14.369000434875488,48.08000183105469,165.4499969482422,133.0,40.029998779296875,125.73666381835938,81.97000122070312,525.0,47.84000015258789,115.20999908447266,45.68000030517578,40.88999938964844,34.5,131.0,97.6500015258789,4938400,71922500,6294600,1041400,18157000,30534000,23830100,13506500,6208600,8920800,11044600,3460200,1563200,38305500,6365300,8614600,2077400,3233900,6351500,8030800,10711500,484159000,13744800,2138700,7081300,8935200,2610900,7903000,2792000,7251000,2516400,12127900,41731800,41969600,7982400,16118900
2022-09-13,120.88176727294922,77.02999877929688,201.77793884277344,455.40325927734375,47.25990295410156,31.068889617919922,60.388065338134766,43.00530242919922,97.9263687133789,136.85055541992188,59.54671096801758,104.94989776611328,300.98980712890625,27.867319107055664,145.54750061035156,106.11408233642578,297.4444274902344,90.10773468017578,77.0269546508789,77.05892181396484,52.5982551574707,13.113802909851074,37.25111770629883,138.9656219482422,115.22949981689453,35.354026794433594,114.32926940917969,74.16132354736328,481.3123779296875,37.89445114135742,99.73099517822266,39.28636932373047,35.158111572265625,31.255599975585938,119.39994812011719,84.16340637207031,138.52999877929688,77.02999877929688,226.86000061035156,471.1000061035156,50.3650016784668,34.0,71.04000091552734,49.0,112.33000183105469,159.41000366210938,69.06999969482422,122.91000366210938,328.3900146484375,29.290000915527344,161.3300018310547,116.38999938964844,306.4800109863281,97.6500015258789,86.27999877929688,87.05000305175781,53.619998931884766,13.130999565124512,46.189998626708984,160.85000610351562,124.93000030517578,38.470001220703125,117.99333190917969,78.80999755859375,513.9600219726562,45.18000030517578,111.33000183105469,43.220001220703125,40.005001068115234,33.349998474121094,127.02999877929688,95.33000183105469,141.92999267578125,81.47000122070312,237.13999938964844,488.4200134277344,51.82699966430664,34.720001220703125,72.0999984741211,50.20000076293945,114.38999938964844,162.66000366210938,71.44000244140625,127.06999969482422,336.5199890136719,30.93000030517578,164.44000244140625,118.91999816894531,312.30999755859375,99.76000213623047,87.61000061035156,88.68000030517578,56.2400016784668,13.92199993133545,47.31999969482422,163.80999755859375,129.89999389648438,40.06999969482422,122.0633316040039,81.13999938964844,525.260009765625,46.7599983215332,114.8499984741211,44.529998779296875,41.09000015258789,34.08000183105469,129.57000732421875,97.77999877929688,137.49000549316406,76.80000305175781,226.6199951171875,468.6099853515625,50.167999267578125,33.810001373291016,70.7699966430664,48.56999969482422,111.81999969482422,158.74000549316406,68.56999969482422,122.5199966430664,326.8299865722656,29.25,160.80999755859375,115.77999877929688,304.989990234375,97.16999816894531,86.11000061035156,86.80000305175781,53.13999938964844,13.098999977111816,46.02000045776367,160.0399932861328,124.48999786376953,38.22999954223633,117.63666534423828,78.5199966430664,511.9700012207031,45.02000045776367,110.83000183105469,43.040000915527344,39.82500076293945,33.2400016784668,126.69000244140625,94.91000366210938,140.5500030517578,80.95999908447266,237.02999877929688,484.0,51.38399887084961,34.58000183105469,71.55999755859375,49.900001525878906,112.9000015258789,161.41000366210938,70.4000015258789,124.41000366210938,336.0799865722656,30.829999923706055,163.57000732421875,118.06999969482422,310.010009765625,98.26000213623047,87.31999969482422,88.01000213623047,55.70000076293945,13.802000045776367,47.130001068115234,162.82000732421875,128.3800048828125,39.56999969482422,121.02333068847656,80.41999816894531,524.0,46.7400016784668,112.25,44.349998474121094,40.400001525878906,33.959999084472656,129.27999877929688,96.61000061035156,6195900,80921200,4447200,1188200,35136000,40959600,9884700,22148200,6977400,10308300,11480400,3020800,2242100,71417900,6726400,12904600,2272400,4777400,7650000,7890700,22361800,714956000,16603200,1945700,9610900,11124100,4065000,12835100,3172500,8109500,2936900,21124900,61146000,60771600,11928500,18229100
2022-09-14,121.7718505859375,77.44999694824219,202.8986358642578,462.1700439453125,47.92612075805664,30.95009422302246,59.903541564941406,42.505043029785156,102.61649322509766,140.16427612304688,62.21928405761719,109.54863739013672,299.9541015625,27.76266098022461,148.5517578125,105.867919921875,300.4821472167969,90.72598266601562,78.25086212158203,77.17401123046875,52.097965240478516,13.110808372497559,37.21885299682617,140.31338500976562,117.62760925292969,36.98065948486328,115.62764739990234,74.96118927001953,477.3884582519531,37.82735061645508,98.17228698730469,39.34090042114258,36.15120315551758,31.161882400512695,119.46575164794922,86.22930145263672,139.5500030517578,77.44999694824219,228.1199951171875,478.1000061035156,51.07500076293945,33.869998931884766,70.47000122070312,48.43000030517578,117.70999908447266,163.27000427246094,72.16999816894531,126.7300033569336,327.260009765625,29.18000030517578,164.66000366210938,116.12000274658203,309.6099853515625,98.31999969482422,86.94999694824219,87.18000030517578,53.11000061035156,13.128000259399414,46.150001525878906,162.41000366210938,127.52999877929688,40.2400016784668,119.33333587646484,79.66000366210938,509.7699890136719,45.099998474121094,109.58999633789062,43.279998779296875,41.1349983215332,33.25,127.0999984741211,97.66999816894531,140.44000244140625,78.08000183105469,228.77999877929688,481.5299987792969,51.29999923706055,34.41999816894531,71.2300033569336,49.5099983215332,118.38999938964844,163.57000732421875,73.29000091552734,128.1699981689453,330.92999267578125,29.770000457763672,165.36000061035156,117.83999633789062,311.80999755859375,100.19000244140625,87.63999938964844,88.11000061035156,54.22999954223633,13.289999961853027,46.40999984741211,162.91000366210938,127.9000015258789,40.45000076293945,120.16000366210938,80.16000366210938,515.3800048828125,45.4900016784668,115.16000366210938,43.61000061035156,41.42499923706055,33.58000183105469,128.1999969482422,98.55999755859375,138.27000427246094,75.87000274658203,226.1300048828125,471.1000061035156,50.277000427246094,33.540000915527344,70.02999877929688,47.70000076293945,113.45999908447266,160.35000610351562,70.33999633789062,122.9000015258789,323.5,29.010000228881836,162.3800048828125,114.87999725341797,305.8999938964844,97.13999938964844,86.37999725341797,86.12999725341797,52.459999084472656,12.913000106811523,45.779998779296875,159.3300018310547,125.5,38.97999954223633,117.55332946777344,78.9800033569336,506.1000061035156,44.439998626708984,108.23999786376953,42.25,40.380001068115234,32.95000076293945,126.26000213623047,96.1500015258789,139.1699981689453,77.0999984741211,227.52999877929688,476.9700012207031,50.7130012512207,34.20000076293945,70.54000091552734,49.130001068115234,113.69000244140625,160.94000244140625,70.41000366210938,123.11000061035156,328.45001220703125,29.549999237060547,162.3800048828125,116.69999694824219,307.2099914550781,98.80000305175781,87.0,87.54000091552734,53.88999938964844,13.253999710083008,46.20000076293945,161.72999572753906,126.2699966430664,38.97999954223633,118.87999725341797,79.73999786376953,514.0,45.38999938964844,111.88999938964844,43.25,40.380001068115234,33.41999816894531,127.44999694824219,96.19000244140625,4673600,71483000,2715600,663700,20605000,32004400,15528900,25701700,9457900,11160800,12215600,3271800,1953300,40767200,9555700,9345700,2002900,5021400,9418700,8341100,19984900,588507000,17162500,1929900,7509300,9958200,2722800,8849600,2648100,6664300,5043600,15067800,54384200,39233200,8080100,22655700
2022-09-15,124.35472106933594,76.66000366210938,202.48948669433594,450.1348571777344,46.93053436279297,31.5349178314209,61.01711654663086,42.513824462890625,100.7421875,137.88931274414062,59.90018081665039,105.94397735595703,303.9503479003906,27.439178466796875,148.9306182861328,107.46340942382812,300.3463134765625,88.71437072753906,78.07088470458984,78.13005065917969,51.685977935791016,12.912067413330078,37.049495697021484,142.59420776367188,115.27560424804688,36.420066833496094,113.7091293334961,73.79529571533203,489.69390869140625,38.47318649291992,94.20382690429688,40.12262725830078,35.21963882446289,31.264982223510742,120.13310241699219,83.72196960449219,142.50999450683594,76.66000366210938,227.66000366210938,465.6499938964844,50.013999938964844,34.5099983215332,71.77999877929688,48.439998626708984,115.55999755859375,160.6199951171875,69.4800033569336,122.55999755859375,331.6199951171875,28.84000015258789,165.0800018310547,117.87000274658203,309.4700012207031,96.13999938964844,86.75,88.26000213623047,52.689998626708984,12.928999900817871,45.939998626708984,165.0500030517578,124.9800033569336,39.630001068115234,117.35333251953125,77.9800033569336,522.9099731445312,45.869998931884766,105.16000366210938,44.13999938964844,40.07500076293945,33.36000061035156,127.80999755859375,94.83000183105469,143.89999389648438,77.97000122070312,229.00999450683594,478.3599853515625,51.15599822998047,34.900001525878906,72.13999938964844,49.25,117.22000122070312,161.6999969482422,70.91999816894531,125.81999969482422,335.2799987792969,29.40999984741211,166.07000732421875,119.37999725341797,312.2799987792969,96.95999908447266,87.43000030517578,89.45999908447266,53.45000076293945,13.232999801635742,46.290000915527344,166.88999938964844,128.0800018310547,40.040000915527344,119.91999816894531,79.25,527.97998046875,46.11000061035156,107.5199966430664,44.689998626708984,40.57500076293945,33.790000915527344,129.02999877929688,96.54000091552734,139.38999938964844,74.91000366210938,225.86000061035156,462.8999938964844,49.72800064086914,33.70000076293945,70.55999755859375,48.279998779296875,114.62999725341797,159.5800018310547,69.25,122.4000015258789,327.5899963378906,28.709999084472656,164.10000610351562,115.76000213623047,305.75,94.7699966430664,86.19999694824219,87.25,51.97999954223633,12.789999961853027,45.70000076293945,162.69000244140625,124.2300033569336,39.150001525878906,116.5566635131836,77.66999816894531,514.1400146484375,45.150001525878906,103.44000244140625,43.349998474121094,39.880001068115234,33.20000076293945,127.5199966430664,94.05000305175781,139.99000549316406,76.63999938964844,228.10000610351562,472.5400085449219,50.893001556396484,33.790000915527344,70.63999938964844,48.36000061035156,115.13999938964844,160.67999267578125,70.19000244140625,124.37000274658203,328.7300109863281,29.149999618530273,164.4499969482422,116.12000274658203,309.7099914550781,96.95999908447266,87.1500015258789,87.33999633789062,52.70000076293945,13.015000343322754,46.11000061035156,163.1300048828125,126.69999694824219,39.36000061035156,118.52999877929688,78.58000183105469,516.2999877929688,45.27000045776367,107.43000030517578,43.400001525878906,40.404998779296875,33.290000915527344,127.6500015258789,96.22000122070312,6416900,81818000,2206100,853500,36574000,44863300,9499400,16556900,9997500,9665000,11230300,3534000,1489400,39919100,7174500,10821400,2348100,6585000,8006800,8883100,15620800,523625000,15802000,1731000,7459600,9945700,2432700,10533100,3058100,12610800,6351600,13173200,55886400,47653000,8624200,21092300
2022-09-16,125.7072525024414,76.51000213623047,205.5847625732422,451.68157958984375,47.15198516845703,31.178544998168945,60.79608917236328,42.224185943603516,98.62378692626953,134.30946350097656,57.60692596435547,104.98446655273438,298.9916687011719,27.819746017456055,151.20413208007812,106.74315643310547,299.783447265625,88.26222229003906,78.94386291503906,77.39531707763672,51.84292984008789,13.180716514587402,37.1220703125,141.5401611328125,115.2479476928711,35.26211929321289,114.39063262939453,73.71012115478516,487.9238586425781,38.47318649291992,93.57673645019531,39.94083786010742,34.46821594238281,30.98381996154785,119.79473114013672,82.29174041748047,144.05999755859375,76.51000213623047,231.13999938964844,467.25,50.25,34.119998931884766,71.5199966430664,48.11000061035156,113.12999725341797,156.4499969482422,66.81999969482422,121.44999694824219,326.2099914550781,29.239999771118164,167.60000610351562,117.08000183105469,308.8900146484375,95.6500015258789,87.72000122070312,87.43000030517578,52.849998474121094,13.197999954223633,46.029998779296875,163.8300018310547,124.94999694824219,38.369998931884766,118.0566635131836,77.88999938964844,521.02001953125,45.869998931884766,104.45999908447266,43.939998626708984,39.220001220703125,33.060001373291016,127.44999694824219,93.20999908447266,144.85000610351562,76.81999969482422,232.22000122070312,472.19000244140625,50.36899948120117,34.22999954223633,72.25,48.2400016784668,115.63999938964844,161.13999938964844,68.97000122070312,122.9800033569336,329.0,29.31999969482422,167.6300048828125,117.4000015258789,311.9599914550781,96.31999969482422,87.87000274658203,87.69999694824219,53.0099983215332,13.211999893188477,46.619998931884766,164.1699981689453,125.73999786376953,39.380001068115234,118.18333435058594,78.0,522.8200073242188,46.08000183105469,104.70999908447266,44.060001373291016,39.97999954223633,33.119998931884766,127.7300033569336,95.33999633789062,141.36000061035156,74.68000030517578,226.61000061035156,459.9100036621094,48.986000061035156,33.65999984741211,70.9000015258789,47.470001220703125,111.19999694824219,155.61000061035156,65.41999816894531,118.6500015258789,319.7900085449219,28.420000076293945,164.75,115.37000274658203,306.739990234375,93.54000091552734,86.4000015258789,85.58000183105469,51.4900016784668,12.616999626159668,45.63999938964844,161.32000732421875,123.05000305175781,37.63999938964844,115.18000030517578,76.91999816894531,517.0800170898438,45.18000030517578,101.11000061035156,43.33000183105469,38.650001525878906,32.709999084472656,126.47000122070312,92.0,143.39999389648438,75.62000274658203,226.88999938964844,462.0299987792969,49.77199935913086,34.189998626708984,71.75,47.9900016784668,115.56999969482422,160.52000427246094,68.75,122.81999969482422,326.3800048828125,28.700000762939453,165.32000732421875,117.38999938964844,307.9700012207031,95.94999694824219,86.5999984741211,87.4000015258789,51.88999938964844,12.741999626159668,46.09000015258789,163.27000427246094,124.12000274658203,39.29999923706055,116.0633316040039,77.11000061035156,518.52001953125,45.619998931884766,104.05999755859375,43.70000076293945,39.95000076293945,33.029998779296875,127.41000366210938,95.06999969482422,13887500,75300200,4604100,914000,59012000,54281800,16364800,19995600,14608000,43741600,30970300,5704200,2946800,72748000,20201500,14844100,4380200,18821700,14842500,20988900,24901700,670751000,30629500,2569100,13818500,16890300,3392100,10604500,3981700,20653500,10339900,21238800,70403600,53893300,10810100,37874700
2022-09-19,124.48563385009766,76.7699966430664,205.2467803955078,455.4129638671875,47.09005355834961,31.699399948120117,59.66552734375,42.338294982910156,98.3971176147461,134.69577026367188,56.81377410888672,104.1027603149414,301.2372741699219,28.010034561157227,150.01324462890625,107.72781372070312,296.0954284667969,88.86202239990234,77.97190856933594,78.53724670410156,51.107215881347656,13.364474296569824,36.64625549316406,142.81881713867188,116.81594848632812,35.81352233886719,114.99137878417969,74.03187561035156,490.2931823730469,38.70804214477539,93.76487731933594,40.286251068115234,34.4886589050293,31.335233688354492,119.14923858642578,82.28288269042969,142.66000366210938,76.7699966430664,230.75999450683594,471.1099853515625,50.183998107910156,34.689998626708984,70.19000244140625,48.2400016784668,112.87000274658203,156.89999389648438,65.9000015258789,120.43000030517578,328.6600036621094,29.440000534057617,166.27999877929688,118.16000366210938,305.0899963378906,96.30000305175781,86.63999938964844,88.72000122070312,52.099998474121094,13.381999969482422,45.439998626708984,165.30999755859375,126.6500015258789,38.970001220703125,118.67666625976562,78.2300033569336,523.5499877929688,46.150001525878906,104.66999816894531,44.31999969482422,38.81999969482422,33.2599983215332,126.26000213623047,93.19999694824219,143.86000061035156,77.33999633789062,230.86000061035156,472.989990234375,50.3390007019043,34.869998931884766,71.54000091552734,48.47999954223633,113.4800033569336,156.9499969482422,66.7699966430664,121.25,329.2900085449219,29.5,166.42999267578125,118.7300033569336,306.5199890136719,96.44999694824219,86.94000244140625,89.0199966430664,52.77000045776367,13.463000297546387,45.880001068115234,165.6699981689453,127.18000030517578,39.029998779296875,119.30332946777344,78.2300033569336,524.0,46.400001525878906,104.83000183105469,44.61000061035156,38.845001220703125,33.279998779296875,126.29000091552734,93.48999786376953,141.42999267578125,75.3499984741211,227.10000610351562,459.6499938964844,49.44200134277344,33.630001068115234,69.52999877929688,47.439998626708984,109.44000244140625,152.8000030517578,64.22000122070312,117.01000213623047,320.5400085449219,28.899999618530273,164.0800018310547,115.51000213623047,297.6499938964844,92.26000213623047,85.63999938964844,86.08000183105469,51.880001068115234,13.010000228881836,44.779998779296875,161.07000732421875,123.41000366210938,37.09000015258789,116.49666595458984,76.55000305175781,512.969970703125,45.150001525878906,101.0999984741211,43.40999984741211,37.63999938964844,32.5,124.45999908447266,91.0,143.63999938964844,75.38999938964844,230.63999938964844,459.6499938964844,49.44200134277344,33.720001220703125,71.05000305175781,47.4900016784668,109.80000305175781,152.92999267578125,64.31999969482422,117.2300033569336,320.57000732421875,29.020000457763672,166.3000030517578,116.0,306.4800109863281,92.88999938964844,86.8499984741211,86.12000274658203,51.970001220703125,13.01200008392334,45.68000030517578,161.72999572753906,123.62000274658203,37.16999816894531,116.55000305175781,76.55000305175781,518.5900268554688,45.310001373291016,101.2300033569336,43.43000030517578,37.72999954223633,32.5,126.13999938964844,91.01000213623047,5042500,64966900,1981400,646500,17948000,29782000,9922000,14716100,6600600,6813800,10530200,2339200,1652700,33151900,7380900,8201300,2515300,4202000,7748600,6011500,19251400,569685000,16256200,1159400,5922700,7377600,2146200,10378600,2130800,9303700,3491600,11324100,37625800,36491400,9430100,15342100
2022-09-20,123.708984375,75.25,202.5339813232422,446.5679016113281,46.26618576049805,31.224227905273438,59.274497985839844,41.46939468383789,97.69970703125,134.1634979248047,56.141326904296875,103.41122436523438,296.287841796875,27.5533447265625,148.8314208984375,105.60352325439453,292.83453369140625,89.69249725341797,77.39593505859375,77.18285369873047,49.83198547363281,13.158743858337402,36.10592269897461,141.5401611328125,115.0819320678711,35.38159942626953,113.46367645263672,73.95616912841797,489.5908203125,37.7350959777832,96.22836303710938,39.459075927734375,34.248783111572266,30.873586654663086,117.75259399414062,81.6119155883789,141.77000427246094,75.25,227.7100067138672,461.9599914550781,49.305999755859375,34.16999816894531,69.7300033569336,47.25,112.06999969482422,156.27999877929688,65.12000274658203,119.62999725341797,323.260009765625,28.959999084472656,164.97000122070312,115.83000183105469,301.7300109863281,97.19999694824219,86.0,87.19000244140625,50.79999923706055,13.175999641418457,44.77000045776367,163.8300018310547,124.7699966430664,38.5,117.0999984741211,78.1500015258789,522.7999877929688,44.9900016784668,107.41999816894531,43.40999984741211,38.54999923706055,32.77000045776367,124.77999877929688,92.44000244140625,142.49000549316406,76.58000183105469,229.99000549316406,466.5299987792969,49.882999420166016,34.779998779296875,70.05999755859375,47.970001220703125,112.83999633789062,156.85000610351562,65.61000061035156,120.48999786376953,326.79998779296875,29.170000076293945,165.89999389648438,117.69000244140625,303.82000732421875,97.56999969482422,86.44999694824219,88.44999694824219,51.59000015258789,13.482999801635742,45.27000045776367,164.80999755859375,126.55000305175781,38.75,118.0999984741211,78.44000244140625,524.6699829101562,45.81999969482422,108.27999877929688,44.290000915527344,38.775001525878906,33.060001373291016,125.5999984741211,92.93000030517578,140.3699951171875,74.7300033569336,226.52999877929688,457.3599853515625,48.97200012207031,33.880001068115234,69.23999786376953,46.86000061035156,110.55000305175781,154.33999633789062,63.84000015258789,117.41000366210938,320.010009765625,28.709999084472656,164.32000732421875,114.63999938964844,298.94000244140625,95.4000015258789,85.58999633789062,86.37000274658203,50.59000015258789,13.057000160217285,44.439998626708984,162.42999267578125,123.88999938964844,38.040000915527344,116.16999816894531,77.51000213623047,514.8099975585938,44.59000015258789,103.29000091552734,43.09000015258789,38.095001220703125,32.470001220703125,124.01000213623047,91.63999938964844,141.82000732421875,76.08000183105469,228.5,458.95001220703125,49.599998474121094,34.5,69.80000305175781,47.81999969482422,112.55000305175781,156.0399932861328,65.3499984741211,120.02999877929688,325.70001220703125,29.06999969482422,165.22000122070312,117.41000366210938,303.82000732421875,95.4000015258789,86.06999969482422,88.0999984741211,51.529998779296875,13.21500015258789,45.0,164.0500030517578,125.73999786376953,38.709999084472656,117.52999877929688,77.54000091552734,524.239990234375,45.72999954223633,103.9800033569336,43.88999938964844,38.54999923706055,32.9900016784668,125.41000366210938,92.7300033569336,4532900,51129100,1745900,906700,17132000,33591100,7454700,16650200,5655400,8955200,7976800,2361600,1569900,31129000,7143400,9619000,1816800,3929900,5454800,8092300,19373800,524818000,15369000,1330400,5672700,9360500,2630700,8202800,2421700,8930300,4195800,19503900,42299600,42193600,9010600,14712500
2022-09-21,122.43502807617188,74.4800033569336,199.643310546875,439.76239013671875,45.62086868286133,30.29216194152832,59.044979095458984,40.661956787109375,96.84535217285156,133.07321166992188,55.589569091796875,102.20967864990234,293.9505920410156,27.087146759033203,147.30674743652344,102.55840301513672,287.7392883300781,87.35791778564453,76.07299041748047,76.44811248779297,49.14532470703125,13.243634223937988,35.42041015625,136.89212036132812,114.9435806274414,34.53611755371094,112.31709289550781,73.00038146972656,479.55181884765625,36.846031188964844,94.53528594970703,38.422828674316406,33.746826171875,30.23293685913086,115.79917907714844,80.29644775390625,140.30999755859375,74.4800033569336,224.4600067138672,454.9200134277344,48.2140007019043,33.150001525878906,69.45999908447266,46.33000183105469,111.08999633789062,155.00999450683594,64.4800033569336,118.23999786376953,320.7099914550781,28.469999313354492,163.27999877929688,112.48999786376953,296.4800109863281,94.66999816894531,84.52999877929688,86.36000061035156,50.099998474121094,13.26099967956543,43.91999816894531,158.4499969482422,124.62000274658203,37.58000183105469,115.91666412353516,77.13999938964844,512.0800170898438,43.93000030517578,105.52999877929688,42.27000045776367,37.98500061035156,32.09000015258789,122.70999908447266,90.94999694824219,143.6300048828125,78.41000366210938,230.6199951171875,476.1700134277344,49.987998962402344,34.400001525878906,70.37000274658203,47.72999954223633,114.88999938964844,158.77999877929688,66.94000244140625,122.87999725341797,329.7900085449219,29.59000015258789,166.8000030517578,116.5999984741211,304.5299987792969,99.22000122070312,86.5,89.1500015258789,52.5099983215332,14.031000137329102,44.97999954223633,164.5,129.7899932861328,39.43000030517578,121.11666870117188,79.30999755859375,528.010009765625,45.43000030517578,110.20999908447266,43.810001373291016,39.33000183105469,33.099998474121094,126.11000061035156,93.87999725341797,140.2899932861328,74.44999694824219,224.36000061035156,454.8599853515625,48.176998138427734,33.119998931884766,69.44000244140625,46.310001373291016,111.05999755859375,154.9499969482422,64.44000244140625,118.19999694824219,320.6300048828125,28.459999084472656,163.24000549316406,112.41999816894531,296.32000732421875,94.61000061035156,84.5199966430664,86.3499984741211,49.720001220703125,13.109999656677246,43.900001525878906,158.4199981689453,124.5,37.54999923706055,115.91666412353516,77.13999938964844,512.02001953125,43.91999816894531,105.47000122070312,42.2400016784668,37.970001220703125,32.06999969482422,122.68000030517578,90.87000274658203,142.14999389648438,75.44000244140625,229.1300048828125,461.54998779296875,49.0989990234375,34.310001373291016,69.73999786376953,47.25,114.16999816894531,158.30999755859375,66.8499984741211,121.88999938964844,324.9200134277344,29.149999618530273,165.02000427246094,116.54000091552734,301.0,99.01000213623047,86.25,87.9000015258789,49.7400016784668,13.213000297546387,44.810001373291016,163.8000030517578,125.44000244140625,39.11000061035156,117.31666564941406,77.58000183105469,525.030029296875,45.060001373291016,109.55999755859375,43.65999984741211,39.275001525878906,32.97999954223633,125.27999877929688,93.56999969482422,5076100,82069700,2186300,783900,20669000,51667800,11857000,18641800,5818000,6877000,9389300,2540900,1796700,39977300,8071200,12606300,2241200,4218800,7190800,9707800,31117300,807679000,17505200,1645100,8123700,9153000,3535200,10869000,2427700,7051600,4301300,19207100,68705800,49644600,11642400,17332400
2022-09-22,124.79103088378906,69.5,202.56954956054688,426.3448486328125,45.192230224609375,29.698200225830078,60.6005859375,40.00370788574219,95.94744873046875,132.97018432617188,54.41707992553711,102.30475616455078,286.810546875,26.70657730102539,149.9230499267578,101.39141082763672,301.70501708984375,88.56673431396484,78.7548599243164,75.04059600830078,48.71371078491211,12.544550895690918,35.94462585449219,133.62643432617188,114.07655334472656,35.133460998535156,109.26168060302734,71.57139587402344,484.590087890625,36.091156005859375,96.38066101074219,37.7410888671875,33.626888275146484,29.72418785095215,116.4125747680664,79.9609603881836,143.00999450683594,69.5,227.75,441.0400085449219,47.76100158691406,32.5,71.29000091552734,45.58000183105469,110.05999755859375,154.88999938964844,63.119998931884766,118.3499984741211,312.9200134277344,28.06999969482422,166.17999267578125,111.20999908447266,310.8699951171875,95.9800033569336,87.51000213623047,84.7699966430664,49.65999984741211,12.560999870300293,44.56999969482422,154.6699981689453,123.68000030517578,38.22999954223633,112.76333618164062,75.62999725341797,517.4600219726562,43.029998779296875,107.58999633789062,41.52000045776367,37.849998474121094,31.549999237060547,123.36000061035156,90.56999969482422,144.4600067138672,74.29000091552734,229.3699951171875,452.19000244140625,48.32099914550781,33.41999816894531,71.87999725341797,46.869998931884766,113.8499984741211,158.27999877929688,66.0999984741211,121.2300033569336,323.3900146484375,28.5,167.16000366210938,113.5999984741211,312.6099853515625,97.05999755859375,88.1500015258789,87.25,50.369998931884766,13.14900016784668,45.0,159.49000549316406,125.16000366210938,38.7400016784668,115.73999786376953,76.75,520.969970703125,44.209999084472656,109.51000213623047,42.5099983215332,38.79999923706055,32.209999084472656,124.19999694824219,92.66000366210938,140.0,69.16999816894531,223.3000030517578,439.1000061035156,47.29999923706055,32.38999938964844,69.19999694824219,45.4900016784668,109.93000030517578,154.74000549316406,63.04999923706055,118.18000030517578,311.20001220703125,28.040000915527344,162.8300018310547,111.06999969482422,299.9599914550781,95.12999725341797,84.55000305175781,84.2699966430664,49.349998474121094,12.428000450134277,43.52000045776367,154.44000244140625,122.47000122070312,37.84000015258789,112.09666442871094,75.36000061035156,506.1099853515625,43.0,106.52999877929688,41.439998626708984,37.81999969482422,31.489999771118164,122.0,90.5199966430664,140.2100067138672,73.88999938964844,223.5500030517578,450.70001220703125,48.24300003051758,33.310001373291016,69.19999694824219,46.61000061035156,113.19999694824219,157.60000610351562,65.86000061035156,120.44999694824219,322.32000732421875,28.399999618530273,163.14999389648438,113.37999725341797,300.79998779296875,95.9800033569336,84.55000305175781,86.91000366210938,49.79999923706055,13.069999694824219,43.66999816894531,159.49000549316406,124.75,38.099998474121094,115.25333404541016,76.44999694824219,511.0299987792969,44.06999969482422,107.5,42.4900016784668,38.67499923706055,32.15999984741211,122.5199966430664,92.19999694824219,6161000,101436900,2081200,952900,23540000,47527500,10009800,18443100,4971600,6981100,8909800,3313400,2239900,36092700,7401100,11684500,5918300,3163100,12329700,8376300,21317000,759162000,18508100,1642100,8753000,12875000,2936100,10817900,2285600,6923700,3026800,15499000,57748000,52299500,9505600,16139400
2022-09-23,124.83468627929688,67.95999908447266,201.8757781982422,421.608154296875,44.347259521484375,28.994579315185547,60.10755157470703,38.8452033996582,87.69174194335938,124.28237915039062,49.735755920410156,94.32612609863281,276.7742614746094,26.183292388916016,150.41024780273438,99.50418090820312,302.27764892578125,84.38661193847656,78.09789276123047,72.15476989746094,49.14532470703125,12.49960994720459,35.54945373535156,131.2506103515625,111.77992248535156,32.16508483886719,107.79856872558594,69.90585327148438,480.9845886230469,35.32789993286133,90.092041015625,36.732112884521484,31.308094024658203,29.253122329711914,115.81806945800781,75.70556640625,143.05999755859375,67.95999908447266,226.97000122070312,436.1400146484375,46.86800003051758,31.729999542236328,70.70999908447266,44.2599983215332,100.58999633789062,144.77000427246094,57.689998626708984,109.12000274658203,301.9700012207031,27.520000457763672,166.72000122070312,109.13999938964844,311.4599914550781,91.44999694824219,86.77999877929688,81.51000213623047,50.099998474121094,12.515999794006348,44.08000183105469,151.9199981689453,121.19000244140625,35.0,111.25333404541016,73.87000274658203,513.6099853515625,42.119998931884766,100.56999969482422,40.40999984741211,35.2400016784668,31.049999237060547,122.7300033569336,85.75,143.4199981689453,69.08000183105469,228.61000061035156,436.94000244140625,47.79899978637695,32.09000015258789,71.37000274658203,45.11000061035156,105.2699966430664,150.17999267578125,60.25,113.7300033569336,309.7900085449219,27.899999618530273,167.47999572753906,110.33999633789062,315.17999267578125,92.94999694824219,88.01000213623047,83.69000244140625,50.150001525878906,12.611000061035156,44.560001373291016,153.61000061035156,122.68000030517578,36.459999084472656,111.7300033569336,74.38999938964844,514.6599731445312,42.88999938964844,103.9000015258789,40.97999954223633,36.45000076293945,31.309999465942383,122.94999694824219,87.5,140.9499969482422,66.81999969482422,224.55999755859375,427.3500061035156,46.20000076293945,31.209999084472656,70.12999725341797,43.29999923706055,99.5999984741211,143.66000366210938,56.79999923706055,107.87999725341797,297.4599914550781,27.190000534057617,164.66000366210938,107.16000366210938,305.1199951171875,90.02999877929688,86.08999633789062,80.22000122070312,48.45000076293945,12.256999969482422,43.58000183105469,149.89999389648438,119.05000305175781,34.380001068115234,109.23666381835938,73.08999633789062,506.3800048828125,41.54999923706055,99.55999755859375,39.70000076293945,34.970001220703125,30.600000381469727,121.19999694824219,84.8499984741211,142.07000732421875,68.0,227.99000549316406,433.6000061035156,47.494998931884766,31.93000030517578,71.02999877929688,44.97999954223633,105.08999633789062,149.75,60.2400016784668,113.51000213623047,307.54998779296875,27.899999618530273,165.74000549316406,110.05000305175781,311.8699951171875,92.69999694824219,87.4000015258789,83.27999877929688,49.279998779296875,12.420000076293945,44.439998626708984,152.7100067138672,122.33999633789062,36.25,111.43000030517578,74.30000305175781,513.5599975585938,42.619998931884766,103.33999633789062,40.81999969482422,36.380001068115234,31.239999771118164,122.69999694824219,87.5,5751600,87690000,2148600,1362300,29649000,55316100,8190100,30918000,10157300,13919700,17563200,5139300,2918500,43491100,9598600,18138600,4572600,8268000,9038500,9990500,24591700,663309000,18871700,1630400,10681300,17421000,3881700,12685500,2536900,8185500,5809100,23316200,105475600,56801000,16611100,27738800
2022-09-26,123.22036743164062,66.30000305175781,201.78683471679688,416.45574951171875,43.73978805541992,28.35492706298828,59.63152313232422,37.73057556152344,86.4799575805664,121.0115737915039,47.571842193603516,90.9202880859375,270.03753662109375,25.66000747680664,149.489990234375,97.36164093017578,298.434326171875,82.62415313720703,77.55792999267578,70.60562896728516,47.94858169555664,12.211984634399414,35.347835540771484,128.5032501220703,110.44247436523438,31.1174259185791,106.1820297241211,69.09200286865234,476.06805419921875,34.43883514404297,87.69125366210938,36.3685188293457,30.53960418701172,28.791481018066406,114.71394348144531,74.14289093017578,141.2100067138672,66.30000305175781,226.8699951171875,430.80999755859375,46.22600173950195,31.030000686645508,70.1500015258789,42.9900016784668,99.19999694824219,140.9600067138672,55.18000030517578,105.18000030517578,294.6199951171875,26.969999313354492,165.6999969482422,106.79000091552734,307.5,89.54000091552734,86.18000030517578,79.76000213623047,48.880001068115234,12.227999687194824,43.83000183105469,148.74000549316406,119.73999786376953,33.86000061035156,108.99333190917969,73.01000213623047,508.3599853515625,41.060001373291016,97.88999938964844,40.0099983215332,34.375,30.559999465942383,121.55999755859375,83.9800033569336,142.8000030517578,68.73999786376953,228.63999938964844,440.7699890136719,47.33000183105469,31.81999969482422,70.8499984741211,44.18000030517578,102.72000122070312,145.0500030517578,58.15999984741211,109.87999725341797,302.1000061035156,27.700000762939453,166.83999633789062,109.61000061035156,311.7300109863281,93.05999755859375,86.70999908447266,81.66000366210938,50.459999084472656,12.659000396728516,44.33000183105469,152.2899932861328,123.18000030517578,35.349998474121094,111.96333312988281,74.19000244140625,512.5700073242188,42.15999984741211,101.62999725341797,40.540000915527344,35.459999084472656,31.110000610351562,122.58999633789062,86.22000122070312,140.11000061035156,66.25,225.3800048828125,429.1199951171875,46.13100051879883,30.68000030517578,69.69000244140625,42.58000183105469,99.12000274658203,140.88999938964844,55.15999984741211,105.08999633789062,292.30999755859375,26.860000610351562,164.3800048828125,106.05999755859375,304.8800048828125,89.4000015258789,85.29000091552734,79.01000213623047,48.810001373291016,12.21399974822998,43.66999816894531,148.33999633789062,119.58999633789062,33.79999923706055,108.79666900634766,72.91999816894531,499.0,40.75,97.7300033569336,39.34000015258789,34.33000183105469,30.34000015258789,121.0199966430664,83.88999938964844,142.0800018310547,67.87000274658203,226.77000427246094,434.0899963378906,46.89799880981445,31.31999969482422,70.13999938964844,43.689998626708984,100.08999633789062,143.57000732421875,57.349998474121094,108.16000366210938,299.0,27.559999465942383,165.8000030517578,108.0,308.79998779296875,90.80000305175781,86.12000274658203,80.91999816894531,49.93000030517578,12.491000175476074,43.810001373291016,150.80999755859375,121.54000091552734,34.95000076293945,110.26667022705078,73.47000122070312,507.3900146484375,41.720001220703125,99.43000030517578,40.13999938964844,35.02000045776367,30.81999969482422,122.0,84.9000015258789,5697800,82898700,2454000,1164000,19361000,40360200,10244000,23684400,8719000,9444000,13363800,4465400,2308800,44786400,8735500,15753600,3760000,5627300,8841000,8496000,19266800,547343000,18680200,1837200,6424600,12006400,2881500,13441500,2867400,16533100,4691700,21420000,72159600,49969700,10450600,22043400
2022-09-27,123.66539001464844,67.16999816894531,201.004150390625,418.8530578613281,43.97540283203125,27.934585571289062,59.81001281738281,37.379512786865234,86.0964126586914,121.06307220458984,48.42533493041992,91.1536636352539,267.06787109375,25.583894729614258,148.80435180664062,96.50463104248047,301.92828369140625,85.67848205566406,77.25192260742188,70.35775756835938,49.61617660522461,12.396744728088379,35.557518005371094,127.88983917236328,110.99589538574219,31.227703094482422,107.16923522949219,69.11094665527344,476.077392578125,34.35495376586914,90.62953186035156,36.38670349121094,30.88165283203125,28.669002532958984,114.36477661132812,75.69673919677734,141.72000122070312,67.16999816894531,225.99000549316406,433.2900085449219,46.474998474121094,30.56999969482422,70.36000061035156,42.59000015258789,98.76000213623047,141.02000427246094,56.16999816894531,105.44999694824219,291.3800048828125,26.889999389648438,164.94000244140625,105.8499984741211,311.1000061035156,92.8499984741211,85.83999633789062,79.4800033569336,50.58000183105469,12.413000106811523,44.09000015258789,148.02999877929688,120.33999633789062,33.97999954223633,110.00666809082031,73.02999877929688,508.3699951171875,40.959999084472656,101.16999816894531,40.029998779296875,34.7599983215332,30.43000030517578,121.19000244140625,85.73999786376953,145.5399932861328,68.77999877929688,229.9600067138672,442.510009765625,46.98899841308594,31.3700008392334,71.5,43.38999938964844,102.58000183105469,143.77000427246094,57.22999954223633,107.51000213623047,299.1499938964844,27.600000381469727,167.6699981689453,108.16999816894531,313.95001220703125,93.56999969482422,87.62999725341797,80.8499984741211,50.650001525878906,12.736000061035156,44.58000183105469,151.0,122.68000030517578,35.29999923706055,111.78666687011719,74.04000091552734,516.7899780273438,41.54999923706055,102.83000183105469,40.59000015258789,35.404998779296875,30.959999084472656,123.19999694824219,86.95999908447266,141.2899932861328,66.0,225.02000427246094,426.5,45.6510009765625,30.299999237060547,70.19000244140625,42.08000183105469,98.5199966430664,140.4600067138672,55.33000183105469,104.88999938964844,288.6199951171875,26.6200008392334,164.39999389648438,104.6500015258789,308.32000732421875,91.1500015258789,85.66999816894531,78.3499984741211,49.400001525878906,12.258000373840332,43.7400016784668,147.10000610351562,118.75,33.86000061035156,108.42666625976562,72.3499984741211,503.5799865722656,40.650001525878906,99.30000305175781,39.40999984741211,34.564998626708984,30.1200008392334,120.69999694824219,84.80999755859375,142.58999633789062,67.9000015258789,226.97000122070312,438.8500061035156,46.95500183105469,31.270000457763672,70.73999786376953,43.22999954223633,101.37000274658203,142.2899932861328,56.369998931884766,107.0,297.5,27.399999618530273,166.36000061035156,107.75,309.1499938964844,91.43000030517578,86.81999969482422,80.69999694824219,49.81999969482422,12.506999969482422,44.220001220703125,150.38999938964844,121.55999755859375,34.599998474121094,110.97333526611328,73.51000213623047,510.3699951171875,41.5099983215332,100.11000061035156,40.209999084472656,34.970001220703125,30.799999237060547,122.41000366210938,85.61000061035156,5598000,94871800,2009800,876400,17850000,43396600,12013200,21255500,8779000,10121000,10695500,4404200,2007400,44121400,8686700,12793600,3019600,3748600,6532100,6855400,17297500,553854000,21562700,2083000,5544400,12712500,2977200,12430600,2583400,9556400,3256400,17541400,67671200,60630400,13239900,17307300
2022-09-28,126.17848205566406,68.36000061035156,205.4424285888672,426.528564453125,44.08988571166992,28.391477584838867,61.25510787963867,38.09041976928711,91.08390808105469,125.14944458007812,51.770362854003906,96.582275390625,275.6926574707031,25.81223487854004,150.08543395996094,98.45570373535156,324.5218505859375,92.35928344726562,78.09789276123047,72.11936950683594,50.02817916870117,12.719321250915527,35.83171844482422,130.96546936035156,109.69538116455078,32.56944274902344,108.68898010253906,68.25923156738281,481.2936096191406,34.74077606201172,97.464599609375,37.095706939697266,32.24982833862305,29.234285354614258,116.86553192138672,78.45127868652344,144.60000610351562,68.36000061035156,230.97999572753906,441.2300109863281,46.59600067138672,31.06999969482422,72.05999755859375,43.400001525878906,103.0,145.77999877929688,60.04999923706055,111.7300033569336,300.7900085449219,27.1299991607666,166.36000061035156,107.98999786376953,334.3800048828125,100.08999633789062,86.77999877929688,81.47000122070312,51.0,12.736000061035156,44.43000030517578,151.58999633789062,118.93000030517578,35.439998626708984,111.56666564941406,72.12999725341797,513.9400024414062,41.41999816894531,108.80000305175781,40.810001373291016,36.29999923706055,31.030000686645508,123.83999633789062,88.86000061035156,145.32000732421875,68.80000305175781,231.8699951171875,443.4200134277344,46.875,31.309999465942383,72.08000183105469,43.619998931884766,103.44000244140625,146.44000244140625,60.189998626708984,112.37000274658203,302.4100036621094,27.280000686645508,167.3800048828125,108.7300033569336,341.70001220703125,100.56999969482422,87.25,81.88999938964844,51.189998626708984,12.822999954223633,44.810001373291016,152.4600067138672,120.44999694824219,35.63999938964844,112.00333404541016,72.29000091552734,516.27001953125,41.72999954223633,109.23999786376953,41.060001373291016,36.5,31.209999084472656,124.45999908447266,89.30000305175781,142.6199951171875,66.55999755859375,227.74000549316406,423.1700134277344,45.6349983215332,30.389999389648438,71.0199966430664,42.45000076293945,98.45999908447266,141.39999389648438,56.279998779296875,105.77999877929688,292.4599914550781,26.600000381469727,165.10000610351562,105.63999938964844,328.1000061035156,93.0999984741211,86.19999694824219,79.69000244140625,50.099998474121094,12.354000091552734,44.220001220703125,148.14999389648438,117.77999877929688,34.099998474121094,108.6433334350586,70.69999694824219,500.79998779296875,40.810001373291016,101.01000213623047,39.900001525878906,34.900001525878906,30.440000534057617,122.0999984741211,85.91999816894531,144.22000122070312,67.11000061035156,229.9600067138672,426.1400146484375,46.13399887084961,30.530000686645508,71.06999969482422,42.59000015258789,98.83000183105469,142.0800018310547,56.75,106.0,294.0,26.860000610351562,166.25,105.94999694824219,333.5299987792969,93.36000061035156,86.98999786376953,79.76000213623047,50.11000061035156,12.40999984741211,44.66999816894531,148.16000366210938,118.58000183105469,34.40999984741211,109.09666442871094,71.11000061035156,506.4800109863281,40.91999816894531,101.16999816894531,39.900001525878906,35.11000061035156,30.520000457763672,122.88999938964844,86.12000274658203,5226700,72389500,2782400,957100,27605000,38372900,12412700,19818100,9207500,8279800,11734500,4199100,2289700,40433400,8660900,12762600,9436300,5233500,6840000,6693500,17784300,542414000,16532600,1762900,11321200,12205400,4045200,12943600,3027300,11278100,4073900,16033500,63147600,46088700,16360000,19543300
2022-09-29,124.53799438476562,64.13999938964844,203.15660095214844,413.5267028808594,42.59202575683594,28.016822814941406,60.95758819580078,37.2039794921875,91.66754150390625,124.28237915039062,52.56352233886719,97.65415954589844,271.4032287597656,25.098663330078125,148.4344482421875,96.78726196289062,320.28076171875,91.07664489746094,77.97190856933594,70.69414520263672,49.057044982910156,12.203995704650879,35.61397171020508,130.22250366210938,105.92296600341797,33.056522369384766,105.3084945678711,65.56217193603516,476.5081787109375,34.56257629394531,96.06713104248047,36.81391906738281,32.24982833862305,28.866851806640625,115.88410949707031,78.2923812866211,142.72000122070312,64.13999938964844,228.41000366210938,427.7799987792969,45.01300048828125,30.65999984741211,71.70999908447266,42.38999938964844,103.66000366210938,144.77000427246094,60.970001220703125,112.97000122070312,296.1099853515625,26.3799991607666,164.52999877929688,106.16000366210938,330.010009765625,98.69999694824219,86.63999938964844,79.86000061035156,50.0099983215332,12.220000267028809,44.15999984741211,150.72999572753906,114.83999633789062,35.970001220703125,108.09666442871094,69.27999877929688,508.8299865722656,40.72999954223633,107.23999786376953,40.5,36.29999923706055,30.639999389648438,122.80000305175781,88.68000030517578,145.25,67.19999694824219,231.5500030517578,428.7099914550781,46.137001037597656,30.899999618530273,72.61000061035156,43.08000183105469,104.08999633789062,145.41000366210938,61.45000076293945,113.27999877929688,299.3500061035156,26.780000686645508,167.1699981689453,107.27999877929688,334.67999267578125,99.80000305175781,87.41999816894531,81.02999877929688,50.29999923706055,12.5,44.619998931884766,151.61000061035156,117.47000122070312,36.0099983215332,109.73332977294922,70.68000030517578,514.77001953125,41.09000015258789,108.2699966430664,40.689998626708984,36.375,30.81999969482422,123.7699966430664,89.36000061035156,141.8300018310547,62.83000183105469,226.97000122070312,419.2300109863281,44.487998962402344,30.209999084472656,71.16000366210938,42.0099983215332,99.88999938964844,142.27000427246094,58.220001220703125,108.5,291.54998779296875,26.190000534057617,163.88999938964844,104.4000015258789,327.2699890136719,97.26000213623047,86.2300033569336,79.02999877929688,49.220001220703125,11.946000099182129,43.95000076293945,148.61000061035156,113.45999908447266,34.29999923706055,106.37000274658203,68.4800033569336,502.4700012207031,40.310001373291016,105.63999938964844,39.77000045776367,35.400001525878906,30.260000228881836,121.97000122070312,87.12999725341797,144.85000610351562,67.1500015258789,231.5500030517578,425.6099853515625,46.09000015258789,30.690000534057617,72.13999938964844,42.900001525878906,101.58999633789062,144.50999450683594,59.150001525878906,110.6500015258789,297.07000732421875,26.780000686645508,166.47999572753906,106.94999694824219,333.9700012207031,99.5,87.0,80.80000305175781,50.040000915527344,12.447999954223633,44.40999984741211,149.67999267578125,117.27999877929688,35.150001525878906,109.52666473388672,70.5199966430664,514.77001953125,40.52000045776367,107.98999786376953,40.15999984741211,36.03499984741211,30.700000762939453,123.47000122070312,88.18000030517578,5509400,102552400,2335700,1141800,39997000,35220900,9587800,20982200,5929800,8197600,12286900,2966500,1930800,41831300,7008100,12713900,3743100,2767700,6601300,5892700,25582100,532763000,13559900,1633700,12125800,12191700,3009000,16120300,2392000,7888900,3152900,14811300,48563000,41860000,10791700,17896000
2022-09-30,117.11213684082031,63.36000061035156,200.4793701171875,401.5108642578125,42.0129508972168,27.596479415893555,60.43057632446289,36.57206726074219,90.50023651123047,123.33802795410156,51.8393440246582,96.582275390625,268.5984802246094,24.51829719543457,147.37892150878906,95.27383422851562,313.81707763671875,91.65798950195312,77.50392150878906,69.94169616699219,49.14532470703125,12.123101234436035,35.29137420654297,129.09071350097656,104.20738220214844,32.9921875,103.50297546386719,64.88080596923828,472.9589538574219,34.214664459228516,95.7177505493164,36.55940628051758,31.99217414855957,28.60305404663086,114.28929138183594,77.08284759521484,134.2100067138672,63.36000061035156,225.39999389648438,415.3500061035156,44.4010009765625,30.200000762939453,71.08999633789062,41.66999816894531,102.33999633789062,143.6699981689453,60.130001068115234,111.7300033569336,293.04998779296875,25.770000457763672,163.36000061035156,104.5,323.3500061035156,99.33000183105469,86.12000274658203,79.01000213623047,50.099998474121094,12.138999938964844,43.7599983215332,149.4199981689453,112.9800033569336,35.900001525878906,106.24333190917969,68.55999755859375,505.0400085449219,40.31999969482422,106.8499984741211,40.220001220703125,36.0099983215332,30.360000610351562,121.11000061035156,87.30999755859375,142.32000732421875,65.91000366210938,230.0,428.04998779296875,45.78200149536133,31.190000534057617,72.11000061035156,42.970001220703125,103.93000030517578,145.13999938964844,61.650001525878906,113.62999725341797,301.0899963378906,26.56999969482422,165.74000549316406,107.62000274658203,329.510009765625,100.94000244140625,87.62000274658203,81.16000366210938,52.060001373291016,12.633000373840332,44.61000061035156,153.69000244140625,116.27999877929688,36.61000061035156,109.45333099365234,69.6500015258789,516.5499877929688,41.209999084472656,109.13999938964844,41.13999938964844,36.5099983215332,31.040000915527344,123.66000366210938,89.04000091552734,134.08999633789062,63.34000015258789,225.1699981689453,413.95001220703125,44.36399841308594,30.170000076293945,70.9800033569336,41.61000061035156,101.0,142.49000549316406,59.40999984741211,109.91000366210938,292.70001220703125,25.739999771118164,163.32000732421875,104.4000015258789,322.4200134277344,98.02999877929688,86.0999984741211,78.86000061035156,49.810001373291016,12.074999809265137,43.72999954223633,149.22000122070312,112.91999816894531,35.27000045776367,106.08000183105469,67.73999786376953,504.8399963378906,40.27000045776367,105.58000183105469,40.18000030517578,35.65999984741211,30.280000686645508,120.97000122070312,87.30999755859375,142.1999969482422,63.619998931884766,228.4199981689453,414.0,44.90599822998047,30.760000228881836,71.77999877929688,42.38999938964844,102.43000030517578,144.02999877929688,60.959999084472656,111.37000274658203,296.0,26.299999237060547,165.0,106.05999755859375,327.1499938964844,98.44999694824219,87.25,79.7699966430664,50.540000915527344,12.086999893188477,44.16999816894531,150.75,113.76000213623047,35.470001220703125,106.69999694824219,67.80999755859375,511.1000061035156,40.779998779296875,106.29000091552734,40.63999938964844,36.0099983215332,30.65999984741211,122.80999755859375,88.16999816894531,15359000,81664100,2543400,1084700,27202000,42294100,11347100,22266400,7172000,9402700,9686600,3329300,1970800,43821000,8985200,15973400,4474100,5011700,9035600,8090900,38917700,565638000,22962300,2140700,7568100,15329800,2722800,10472400,3116000,9457900,3718500,21182200,43369400,37984300,12389800,21357600
2022-10-03,120.69854736328125,66.11000061035156,204.96214294433594,417.2967224121094,43.22127151489258,28.40975570678711,59.95454025268555,37.35318374633789,97.24752807617188,130.2574005126953,56.32236862182617,103.6705551147461,274.18951416015625,25.66000747680664,147.2345733642578,98.21866607666016,312.0700988769531,94.85073852539062,78.79085540771484,71.15445709228516,50.73446273803711,12.495614051818848,35.597843170166016,132.87481689453125,108.11814880371094,35.19778823852539,107.08155059814453,65.53377532958984,482.763916015625,35.2753791809082,100.60888671875,37.795623779296875,33.80012130737305,29.3756046295166,116.63905334472656,81.15283966064453,138.32000732421875,66.11000061035156,230.44000244140625,431.67999267578125,45.678001403808594,31.09000015258789,70.52999877929688,42.560001373291016,109.97000122070312,151.72999572753906,65.33000183105469,119.93000030517578,299.1499938964844,26.969999313354492,163.1999969482422,107.7300033569336,321.54998779296875,102.79000091552734,87.55000305175781,80.37999725341797,51.720001220703125,12.51200008392334,44.13999938964844,153.8000030517578,117.22000122070312,38.29999923706055,109.91666412353516,69.25,515.510009765625,41.56999969482422,112.30999755859375,41.58000183105469,38.04499816894531,31.18000030517578,123.5999984741211,91.91999816894531,138.8000030517578,66.91000366210938,230.9499969482422,435.510009765625,46.095001220703125,31.280000686645508,71.51000213623047,42.91999816894531,110.83999633789062,152.33999633789062,65.88999938964844,120.69000244140625,301.2300109863281,27.25,164.3800048828125,108.36000061035156,329.3500061035156,103.95999908447266,87.9000015258789,80.9800033569336,53.09000015258789,12.678000450134277,44.279998779296875,155.0,118.31999969482422,38.529998779296875,111.14666748046875,69.56999969482422,517.8099975585938,41.75,112.66999816894531,41.79999923706055,38.244998931884766,31.34000015258789,124.06999969482422,92.36000061035156,135.30999755859375,63.38999938964844,226.4199981689453,421.0199890136719,44.696998596191406,30.200000762939453,69.38999938964844,41.060001373291016,106.52999877929688,148.3000030517578,62.91999816894531,116.55999755859375,291.1000061035156,26.06999969482422,161.6999969482422,104.45999908447266,317.04998779296875,100.20999908447266,86.0199966430664,78.31999969482422,50.63999938964844,12.104999542236328,43.4900016784668,149.07000732421875,113.66999816894531,37.31999969482422,106.68333435058594,67.6500015258789,505.3999938964844,40.369998931884766,107.86000061035156,40.63999938964844,37.244998931884766,30.299999237060547,121.62000274658203,89.72000122070312,135.8800048828125,64.45999908447266,228.27000427246094,423.6000061035156,44.92399978637695,30.59000015258789,71.36000061035156,41.54999923706055,106.93000030517578,148.97000122070312,63.29999923706055,116.91999816894531,297.1700134277344,26.329999923706055,164.2899932861328,105.62000274658203,325.989990234375,102.41000366210938,86.72000122070312,80.05000305175781,51.0099983215332,12.347000122070312,44.06999969482422,151.8000030517578,114.98999786376953,37.58000183105469,107.45333099365234,68.08000183105469,507.0799865722656,40.84000015258789,110.0,41.290000915527344,37.30500030517578,30.65999984741211,121.98999786376953,90.04000091552734,7437500,83841600,2521700,1452400,21479000,34591700,12068200,22001000,7701900,9597400,13020200,4243300,1938800,44096200,8657000,12248100,3340500,3777800,9186900,8169200,24632400,547478000,22834300,2236400,7481700,13978200,3747300,11945100,2562400,8790300,3970400,16827600,69550600,47086100,9326800,23881300
2022-10-04,123.9009780883789,67.9000015258789,207.2569122314453,449.61285400390625,45.40513229370117,29.58854866027832,60.532569885253906,38.97685241699219,102.243896484375,135.3224334716797,59.54671096801758,108.20014190673828,288.597900390625,26.35454750061035,149.41778564453125,102.81367492675781,320.1643371582031,99.39995574951172,79.54682159423828,74.3324203491211,52.93178176879883,13.149755477905273,35.85591125488281,138.78421020507812,112.8682861328125,35.95137405395508,112.10521697998047,68.90274810791016,489.9372253417969,36.17487335205078,105.32984924316406,39.57723617553711,35.25270462036133,30.468473434448242,119.34744262695312,84.11042785644531,141.99000549316406,67.9000015258789,233.02000427246094,465.1099853515625,47.986000061035156,32.380001068115234,71.20999908447266,44.40999984741211,115.62000274658203,157.6300048828125,69.06999969482422,125.16999816894531,314.8699951171875,27.700000762939453,165.6199951171875,112.7699966430664,329.8900146484375,107.72000122070312,88.38999938964844,83.97000122070312,53.959999084472656,13.166999816894531,44.459999084472656,160.63999938964844,122.37000274658203,39.119998931884766,115.07333374023438,72.80999755859375,523.1699829101562,42.630001068115234,117.58000183105469,43.540000915527344,39.68000030517578,32.34000015258789,126.47000122070312,95.2699966430664,142.72000122070312,69.18000030517578,234.08999633789062,467.7699890136719,48.01599884033203,32.52000045776367,71.91000366210938,44.75,115.8499984741211,157.8800048828125,69.08999633789062,125.37999725341797,315.1600036621094,27.799999237060547,166.0,112.98999786376953,330.1000061035156,107.80000305175781,88.6500015258789,84.73999786376953,54.810001373291016,13.220000267028809,44.84000015258789,160.74000549316406,122.44999694824219,39.84000015258789,115.20999908447266,72.93000030517578,524.5900268554688,42.779998779296875,117.66999816894531,43.59000015258789,39.71500015258789,32.369998931884766,126.5199966430664,95.36000061035156,137.75999450683594,67.33000183105469,229.8000030517578,455.7799987792969,46.58599853515625,31.65999984741211,70.0999984741211,43.470001220703125,111.72000122070312,153.6300048828125,66.62000274658203,121.47000122070312,305.8800048828125,27.09000015258789,162.9199981689453,109.86000061035156,321.7799987792969,104.05000305175781,87.0,81.80000305175781,52.65999984741211,12.878999710083008,44.09000015258789,156.11000061035156,120.31999969482422,38.59000015258789,113.16666412353516,70.72000122070312,516.8300170898438,42.0,113.72000122070312,42.15999984741211,38.5099983215332,31.6200008392334,124.33999633789062,92.70999908447266,139.2100067138672,68.2699966430664,230.97999572753906,461.2099914550781,46.849998474121094,31.719999313354492,70.62999725341797,43.56999969482422,112.47000122070312,154.42999267578125,67.06999969482422,123.04000091552734,306.79998779296875,27.43000030517578,163.85000610351562,110.61000061035156,322.17999267578125,104.5999984741211,87.54000091552734,82.19999694824219,53.560001373291016,12.878999710083008,44.25,156.16000366210938,120.4000015258789,39.16999816894531,113.4566650390625,70.80000305175781,518.3499755859375,42.189998626708984,114.44999694824219,42.15999984741211,38.814998626708984,31.65999984741211,124.62999725341797,93.23999786376953,6612300,77160500,2331000,1954600,27277000,39758700,10510700,20660000,7582900,9520200,14620700,3360400,2399500,42427500,6236100,16013600,2622500,5011100,7373000,7875000,24275500,584182000,28198800,2099900,6637200,16268000,3182400,14900700,3189800,14653400,4324800,18601300,66330800,53441800,13717900,22133700
2022-10-05,125.07025146484375,67.94000244140625,207.9684600830078,453.653564453125,45.87255859375,29.168197631835938,60.73659133911133,38.476585388183594,102.51802825927734,136.09510803222656,61.107147216796875,108.98677062988281,283.2176818847656,26.29746437072754,148.95773315429688,101.54427337646484,321.99859619140625,99.27078247070312,79.54682159423828,73.57112884521484,53.687103271484375,13.191699981689453,35.58170700073242,137.56602478027344,115.19259643554688,38.20293426513672,113.0209732055664,70.48310852050781,493.589599609375,35.80998229980469,105.78671264648438,39.36817169189453,35.98121643066406,30.23293685913086,119.74376678466797,87.50946044921875,143.3300018310547,67.94000244140625,233.82000732421875,469.2900085449219,48.47999954223633,31.920000076293945,71.44999694824219,43.84000015258789,115.93000030517578,158.52999877929688,70.87999725341797,126.08000183105469,309.0,27.639999389648438,165.11000061035156,110.38999938964844,331.7799987792969,107.58000183105469,88.38999938964844,83.11000061035156,54.72999954223633,13.208999633789062,44.119998931884766,159.22999572753906,124.88999938964844,41.56999969482422,116.01333618164062,74.4800033569336,527.0700073242188,42.20000076293945,118.08999633789062,43.310001373291016,40.5,32.09000015258789,126.88999938964844,99.12000274658203,144.47000122070312,68.69000244140625,235.4199981689453,474.75,48.808998107910156,32.029998779296875,71.80000305175781,44.0,117.26000213623047,159.72999572753906,71.51000213623047,127.37000274658203,310.2099914550781,27.84000015258789,166.0399932861328,110.94999694824219,333.8500061035156,108.54000091552734,88.77999877929688,83.58999633789062,55.20000076293945,13.321000099182129,44.369998931884766,159.97999572753906,125.55999755859375,41.939998626708984,117.1866683959961,74.91000366210938,529.3499755859375,42.400001525878906,119.47000122070312,43.540000915527344,40.814998626708984,32.27000045776367,127.55000305175781,99.98999786376953,141.11000061035156,64.5199966430664,230.9600067138672,453.04998779296875,47.145999908447266,31.450000762939453,70.66999816894531,43.11000061035156,113.76000213623047,154.8000030517578,67.91000366210938,123.13999938964844,303.6000061035156,26.889999389648438,164.2100067138672,108.83000183105469,327.5199890136719,104.80999755859375,88.0199966430664,81.37999725341797,52.16999816894531,12.621000289916992,43.68000030517578,157.52000427246094,120.52999877929688,39.130001068115234,112.16000366210938,72.58000183105469,520.1300048828125,41.84000015258789,114.55000305175781,42.560001373291016,39.32500076293945,31.729999542236328,125.19000244140625,95.66000366210938,141.47000122070312,66.58999633789062,232.6300048828125,456.94000244140625,47.255001068115234,31.540000915527344,70.94000244140625,43.7599983215332,116.25,155.83999633789062,69.0,125.06999969482422,306.5799865722656,27.3700008392334,165.02000427246094,109.75,328.29998779296875,107.2699966430664,88.58000183105469,82.02999877929688,52.880001068115234,12.91100025177002,44.119998931884766,158.0,120.87999725341797,39.130001068115234,113.16666412353516,72.91999816894531,521.0,42.0099983215332,116.87000274658203,42.83000183105469,39.665000915527344,31.84000015258789,125.66000366210938,95.75,4777900,87127400,2060400,1193800,18493000,35791100,6787400,15458500,10073000,10633100,15689500,3967700,1992800,30120000,4539400,10943500,2186100,4493400,6065700,5956500,20418300,507131000,15673400,1130800,7070300,28104400,2505600,14037100,2281800,6552600,4207200,15873400,61273600,41766800,9913400,34857700
2022-10-06,122.41755676269531,67.8499984741211,205.4068603515625,446.7418212890625,45.371063232421875,28.74785614013672,60.16271209716797,37.79201126098633,104.0390396118164,138.5760955810547,62.27962875366211,110.24018096923828,279.24896240234375,25.859811782836914,146.07077026367188,99.47455596923828,323.13409423828125,99.5291519165039,78.6918716430664,71.97772216796875,53.579200744628906,13.112805366516113,34.75103759765625,134.52493286132812,115.55231475830078,39.04841232299805,112.569580078125,70.3600845336914,486.1539611816406,34.859580993652344,106.79896545410156,38.39556121826172,36.620880126953125,29.808977127075195,118.21501159667969,90.10507202148438,140.2899932861328,67.8499984741211,230.94000244140625,462.1400146484375,47.95000076293945,31.459999084472656,70.23999786376953,43.060001373291016,117.6500015258789,161.4199981689453,72.23999786376953,127.52999877929688,304.6700134277344,27.18000030517578,161.91000366210938,108.13999938964844,332.95001220703125,107.86000061035156,87.44000244140625,81.30999755859375,54.619998931884766,13.130000114440918,43.09000015258789,155.7100067138672,125.27999877929688,42.4900016784668,115.55000305175781,74.3499984741211,519.1300048828125,41.08000183105469,119.22000122070312,42.2400016784668,41.220001220703125,31.639999389648438,125.2699966430664,102.05999755859375,142.99000549316406,70.29000091552734,233.13999938964844,474.17999267578125,48.970001220703125,31.8799991607666,70.83000183105469,43.79999923706055,118.36000061035156,161.94000244140625,72.56999969482422,128.5,309.0799865722656,27.760000228881836,165.0,110.19000244140625,339.260009765625,108.38999938964844,88.01000213623047,83.19000244140625,55.11000061035156,13.656000137329102,43.779998779296875,159.0,127.20999908447266,42.84000015258789,118.02666473388672,74.91999816894531,528.5800170898438,42.060001373291016,119.41999816894531,43.13999938964844,41.345001220703125,32.130001068115234,126.80999755859375,102.18000030517578,139.89999389648438,67.66000366210938,230.22999572753906,461.489990234375,47.87200164794922,31.360000610351562,69.9000015258789,42.790000915527344,114.68000030517578,157.1999969482422,70.11000061035156,124.66000366210938,303.4200134277344,27.0,161.69000244140625,107.94000244140625,326.8699951171875,106.20999908447266,87.2300033569336,81.12999725341797,53.29999923706055,13.102999687194824,43.040000915527344,155.35000610351562,124.4000015258789,41.220001220703125,115.12000274658203,73.86000061035156,516.739990234375,41.060001373291016,116.7300033569336,42.209999084472656,40.13999938964844,31.56999969482422,124.94000244140625,98.33000183105469,142.7899932861328,67.81999969482422,232.52000427246094,465.2900085449219,48.37900161743164,31.600000381469727,70.79000091552734,43.41999816894531,114.79000091552734,157.33999633789062,70.12999725341797,124.80000305175781,307.3900146484375,27.440000534057617,164.7899932861328,109.45999908447266,327.94000244140625,106.91999816894531,87.76000213623047,82.44999694824219,54.400001525878906,13.220000267028809,43.7599983215332,158.08999633789062,124.51000213623047,41.380001068115234,115.8933334350586,73.97000122070312,528.3300170898438,41.7599983215332,117.02999877929688,42.869998931884766,40.16999816894531,31.90999984741211,126.41999816894531,98.47000122070312,5124800,98325900,1523800,926100,17250000,40891900,7545500,17738400,6388900,9498300,11199500,5045700,1367400,33985100,5890700,11521400,4299200,2396900,8055500,6434800,17149400,644157000,22068200,1756900,6238600,16403000,2850000,11796800,2187300,8528700,2858000,15634800,52670200,34717900,9399300,29124700
2022-10-07,121.08245849609375,58.439998626708984,203.70803833007812,419.790771484375,43.57136154174805,28.099063873291016,59.7001953125,37.0284423828125,104.79954528808594,137.38279724121094,62.107215881347656,110.1710205078125,275.9585876464844,24.470722198486328,144.528076171875,97.48764038085938,317.029541015625,98.58792114257812,78.83586120605469,69.87088775634766,52.01129913330078,12.060186386108398,34.13005447387695,130.74949645996094,111.52164459228516,39.140316009521484,105.8150634765625,66.0069580078125,472.78106689453125,34.112831115722656,101.92575073242188,37.986515045166016,36.33658218383789,29.102386474609375,115.71426391601562,89.19573974609375,138.75999450683594,58.439998626708984,229.02999877929688,434.260009765625,46.04800033569336,30.75,69.69999694824219,42.189998626708984,118.51000213623047,160.02999877929688,72.04000091552734,127.44999694824219,301.0799865722656,25.719999313354492,160.1999969482422,105.9800033569336,326.6600036621094,106.83999633789062,87.5999984741211,78.93000030517578,52.90999984741211,12.076000213623047,42.31999969482422,151.33999633789062,120.91000366210938,42.59000015258789,108.61666870117188,69.75,504.8500061035156,40.20000076293945,113.77999877929688,41.790000915527344,40.900001525878906,30.889999389648438,122.62000274658203,101.02999877929688,140.0500030517578,64.02999877929688,231.52000427246094,448.7200012207031,47.33399963378906,31.239999771118164,70.45999908447266,42.790000915527344,121.36000061035156,163.92999267578125,73.87000274658203,130.32000732421875,305.1499938964844,26.280000686645508,162.22000122070312,107.70999908447266,333.07000732421875,109.0199966430664,88.30000305175781,80.79000091552734,54.650001525878906,12.670000076293945,43.04999923706055,154.75999450683594,124.11000061035156,43.119998931884766,112.42333221435547,72.02999877929688,514.1699829101562,40.93000030517578,120.18000030517578,42.119998931884766,41.77000045776367,31.459999084472656,124.54000091552734,103.31999969482422,137.5500030517578,58.220001220703125,228.57000732421875,432.739990234375,45.902000427246094,30.530000686645508,69.26000213623047,41.939998626708984,117.31999969482422,159.05999755859375,71.18000030517578,126.27999877929688,299.1499938964844,25.649999618530273,159.1699981689453,105.2699966430664,324.8999938964844,105.70999908447266,87.12000274658203,78.37999725341797,52.5099983215332,12.022000312805176,41.91999816894531,150.74000549316406,120.31999969482422,41.68000030517578,107.96666717529297,69.75,501.05999755859375,39.970001220703125,112.83000183105469,41.38999938964844,40.60499954223633,30.719999313354492,121.91999816894531,100.18000030517578,139.00999450683594,64.01000213623047,230.0,446.5,47.237998962402344,31.170000076293945,70.33999633789062,42.70000076293945,118.13999938964844,162.50999450683594,72.5,128.07000732421875,304.0,26.170000076293945,161.77000427246094,107.5199966430664,332.9700012207031,108.26000213623047,87.87999725341797,80.69999694824219,53.560001373291016,12.505000114440918,43.04999923706055,154.52000427246094,122.62000274658203,42.529998779296875,112.1066665649414,71.80999755859375,514.1699829101562,40.81999969482422,119.77999877929688,42.029998779296875,41.30500030517578,31.360000610351562,124.31999969482422,102.19000244140625,4648800,163786300,2060000,1412400,28425000,52304600,7934600,18101300,9373500,9972500,12020900,3655700,1790100,57215500,6363500,11681100,2601600,3114900,8837400,7180900,21977700,672478000,20095000,1688100,8618500,15953800,3969000,14758600,3273700,8696600,4557800,17186700,56915400,36380700,10068700,24507600
2022-10-10,120.6897964477539,57.810001373291016,206.48304748535156,407.8328857421875,41.41587448120117,28.016822814941406,58.65522003173828,36.5106201171875,103.28736877441406,134.90179443359375,60.650211334228516,106.92942810058594,275.4635314941406,23.975980758666992,144.71751403808594,96.57698059082031,314.3411865234375,97.8681640625,81.42772674560547,69.41056823730469,50.50727844238281,11.654716491699219,33.67036437988281,130.32615661621094,105.70159149169922,38.71757507324219,102.21701049804688,63.82091522216797,467.1715087890625,33.79886245727539,99.30996704101562,37.677459716796875,35.59031295776367,28.970481872558594,114.98761749267578,87.26224517822266,138.30999755859375,57.810001373291016,232.14999389648438,421.8900146484375,43.77000045776367,30.65999984741211,68.4800033569336,41.599998474121094,116.80000305175781,157.13999938964844,70.3499984741211,123.69999694824219,300.5400085449219,25.200000762939453,160.41000366210938,104.98999786376953,323.8900146484375,106.05999755859375,90.4800033569336,78.41000366210938,51.380001068115234,11.670000076293945,41.75,150.85000610351562,114.5999984741211,42.130001068115234,104.92333221435547,67.44000244140625,498.8599853515625,39.83000183105469,110.86000061035156,41.45000076293945,40.060001373291016,30.75,121.8499984741211,98.83999633789062,139.58999633789062,58.790000915527344,234.13999938964844,434.07000732421875,46.0099983215332,31.049999237060547,69.41000366210938,42.61000061035156,120.44000244140625,161.47000122070312,73.45999908447266,129.24000549316406,304.7200012207031,25.989999771118164,161.27999877929688,107.30999755859375,327.010009765625,108.62999725341797,91.58999633789062,79.72000122070312,53.130001068115234,12.12399959564209,42.619998931884766,153.42999267578125,121.04000091552734,43.02000045776367,108.32333374023438,69.87999725341797,506.30999755859375,40.59000015258789,115.4000015258789,42.11000061035156,41.40999984741211,31.190000534057617,123.08000183105469,102.02999877929688,136.8699951171875,56.29999923706055,229.88999938964844,416.3599853515625,43.183998107910156,30.350000381469727,68.33000183105469,41.529998779296875,115.44999694824219,156.44000244140625,69.91000366210938,123.3499984741211,298.42999267578125,25.09000015258789,159.17999267578125,104.5199966430664,320.239990234375,105.08999633789062,89.70999908447266,77.81999969482422,50.77000045776367,11.407999992370605,41.75,149.9499969482422,113.44999694824219,41.59000015258789,103.41999816894531,67.01000213623047,495.0199890136719,39.66999816894531,110.69999694824219,41.150001525878906,39.93000030517578,30.56999969482422,121.37999725341797,98.72000122070312,139.02999877929688,57.310001373291016,231.0800018310547,433.9100036621094,46.0,30.899999618530273,69.18000030517578,42.4900016784668,118.61000061035156,161.0,71.88999938964844,127.44999694824219,303.6300048828125,25.940000534057617,160.6300048828125,106.7300033569336,326.2300109863281,107.37999725341797,89.93000030517578,79.44000244140625,53.06999969482422,12.036999702453613,42.349998474121094,152.44000244140625,120.58999633789062,42.33000183105469,108.1933364868164,69.8499984741211,505.6000061035156,40.400001525878906,114.79000091552734,41.939998626708984,41.060001373291016,31.059999465942383,122.91000366210938,101.48999786376953,3830800,112241800,1630100,1383700,33454000,37669100,8879400,13768800,5883200,5904500,9829700,2674300,1309600,43409300,5315600,8931700,1956200,2751500,14485000,5418000,17227400,698699000,17888000,1244200,9512600,10380600,4665000,16042200,2459100,6396100,3494700,10973700,46331600,31011700,8377800,16786100
2022-10-11,123.48213958740234,57.630001068115234,218.30369567871094,386.2469482421875,40.75920867919922,27.20355224609375,59.65735626220703,35.501319885253906,102.20852661132812,134.9275665283203,59.11564254760742,106.06500244140625,269.6617431640625,23.82375144958496,146.81053161621094,93.7897720336914,317.9417724609375,95.4413070678711,81.9406967163086,68.16240692138672,52.797698974609375,11.570826530456543,33.807464599609375,127.58744812011719,101.48644256591797,38.377540588378906,99.34310913085938,60.04503631591797,468.0611877441406,32.91633224487305,98.2618637084961,36.56848907470703,35.30601119995117,28.60305404663086,115.60100555419922,86.5206527709961,141.50999450683594,57.630001068115234,245.44000244140625,399.55999755859375,43.07600021362305,29.770000457763672,69.6500015258789,40.45000076293945,115.58000183105469,157.1699981689453,68.56999969482422,122.69999694824219,294.2099914550781,25.040000915527344,162.72999572753906,101.95999908447266,327.6000061035156,103.43000030517578,91.05000305175781,77.0,53.709999084472656,11.586000442504883,41.91999816894531,147.67999267578125,110.02999877929688,41.7599983215332,101.97333526611328,63.45000076293945,499.80999755859375,38.790000915527344,109.69000244140625,40.22999954223633,39.7400016784668,30.360000610351562,122.5,98.0,143.67999267578125,58.91999816894531,250.47999572753906,412.6499938964844,43.869998931884766,30.469999313354492,70.36000061035156,41.560001373291016,118.11000061035156,159.92999267578125,70.58999633789062,125.33000183105469,302.5199890136719,25.479999542236328,164.11000061035156,104.54000091552734,329.0299987792969,105.30999755859375,91.9800033569336,78.41000366210938,54.779998779296875,11.845999717712402,42.56999969482422,150.77999877929688,112.48999786376953,42.290000915527344,104.01000213623047,64.91000366210938,506.8299865722656,39.54999923706055,112.13999938964844,41.31999969482422,40.42499923706055,30.8700008392334,123.80000305175781,99.76000213623047,138.02000427246094,56.04999923706055,237.83999633789062,394.010009765625,42.55799865722656,29.56999969482422,68.3499984741211,40.41999816894531,113.20999908447266,154.11000061035156,67.88999938964844,120.56999969482422,293.9200134277344,24.690000534057617,160.3699951171875,101.8499984741211,319.42999267578125,102.61000061035156,90.19999694824219,76.54000091552734,50.33000183105469,11.282999992370605,41.45000076293945,147.19000244140625,108.6500015258789,41.099998474121094,100.54000091552734,62.619998931884766,495.17999267578125,38.63999938964844,108.08000183105469,40.060001373291016,39.14500045776367,30.229999542236328,121.29000091552734,96.75,138.02000427246094,57.209999084472656,239.49000549316406,412.5299987792969,43.52000045776367,30.3700008392334,68.55999755859375,41.27000045776367,114.11000061035156,154.75,68.66999816894531,121.27999877929688,298.010009765625,25.010000228881836,160.3699951171875,104.37000274658203,320.0,104.38999938964844,90.43000030517578,77.91999816894531,50.63999938964844,11.560999870300293,41.65999984741211,149.88999938964844,112.0,41.27000045776367,103.05332946777344,64.19999694824219,496.9700012207031,39.540000915527344,109.48999786376953,41.220001220703125,39.310001373291016,30.549999237060547,121.5999984741211,97.22000122070312,5675100,114054800,6256000,2044200,28046000,58124000,8941400,20176100,7602400,7533300,11718900,3017700,2392800,48134900,6212200,12739700,2598900,3213400,9743500,6271100,32813700,667482000,20981200,1777100,10758800,10474800,4818600,28699300,2844500,8990600,2874900,19135900,53842200,50431900,10792900,17804100
2022-10-12,122.1470718383789,57.849998474121094,219.1931610107422,385.0578918457031,40.74123001098633,27.285791397094727,59.34044647216797,35.84360885620117,102.8452377319336,135.33102416992188,59.83119201660156,106.72196197509766,270.6698913574219,24.09966468811035,146.7744903564453,95.30756378173828,315.00115966796875,96.8531265258789,81.37371063232422,67.8083267211914,51.85401153564453,11.484940528869629,33.89617919921875,126.23970031738281,100.20439147949219,38.61648178100586,98.37862396240234,60.66960906982422,468.20166015625,33.1878776550293,103.19779968261719,36.82301330566406,35.59031295776367,28.537111282348633,115.03479766845703,86.90028381347656,139.97999572753906,57.849998474121094,246.44000244140625,398.3299865722656,43.05699920654297,29.860000610351562,69.27999877929688,40.84000015258789,116.30000305175781,157.63999938964844,69.4000015258789,123.45999908447266,295.30999755859375,25.329999923706055,162.69000244140625,103.61000061035156,324.57000732421875,104.95999908447266,90.41999816894531,76.5999984741211,52.75,11.5,42.029998779296875,146.1199951171875,108.63999938964844,42.02000045776367,100.98332977294922,64.11000061035156,499.9599914550781,39.11000061035156,115.19999694824219,40.5099983215332,40.060001373291016,30.290000915527344,121.9000015258789,98.43000030517578,143.05999755859375,58.31999969482422,248.72999572753906,404.92999267578125,43.571998596191406,30.309999465942383,70.48999786376953,41.36000061035156,117.33999633789062,158.80999755859375,70.12999725341797,124.76000213623047,299.7799987792969,25.520000457763672,164.8800048828125,104.7300033569336,333.6499938964844,105.8499984741211,91.72000122070312,77.80000305175781,53.77000045776367,11.734999656677246,43.13999938964844,148.27999877929688,110.80000305175781,42.33000183105469,102.37999725341797,64.2300033569336,508.25,39.47999954223633,116.41999816894531,41.220001220703125,40.34000015258789,30.690000534057617,123.62000274658203,98.91000366210938,139.92999267578125,56.31999969482422,243.41000366210938,397.510009765625,42.80099868774414,29.479999542236328,69.25,40.04999923706055,113.98999786376953,155.52000427246094,67.13999938964844,120.19999694824219,291.7099914550781,24.65999984741211,162.5,101.27999877929688,323.8800048828125,101.63999938964844,90.37000274658203,76.33000183105469,52.38999938964844,11.345000267028809,41.91999816894531,145.77999877929688,108.37999725341797,41.20000076293945,100.66000366210938,63.369998931884766,498.2099914550781,38.59000015258789,107.4800033569336,39.959999084472656,39.220001220703125,30.18000030517578,121.87000274658203,97.2300033569336,141.63999938964844,57.45000076293945,244.36000061035156,403.80999755859375,43.224998474121094,29.639999389648438,69.69000244140625,40.38999938964844,114.76000213623047,156.13999938964844,68.05000305175781,121.69999694824219,293.989990234375,25.049999237060547,162.94000244140625,101.80000305175781,327.3800048828125,103.05999755859375,91.25,76.98999786376953,53.599998474121094,11.579000473022461,42.09000015258789,147.0,110.31999969482422,41.5,101.83999633789062,63.599998474121094,502.1300048828125,38.7599983215332,109.0,40.2400016784668,39.47999954223633,30.3700008392334,122.88999938964844,97.5,4528000,89264200,2639800,1277100,15046000,36137900,6683900,20862200,6221600,4942000,7419800,2540600,1763800,39634100,4341700,13181000,1764700,3051900,8522200,6411600,18131900,492590000,18803600,1723500,6987900,11271700,3107400,16468700,2254300,10853700,4252300,16469900,41102400,48265700,9292800,12635800
2022-10-13,125.98151397705078,58.939998626708984,223.8360137939453,391.892333984375,41.441429138183594,28.958030700683594,60.616661071777344,37.695472717285156,108.54017639160156,141.88983154296875,62.288238525390625,110.07591247558594,281.4487609863281,25.13671875,148.99378967285156,100.60601043701172,322.30914306640625,100.64568328857422,83.23661041259766,70.21611022949219,53.92817306518555,11.944337844848633,34.66232681274414,132.15773010253906,104.0967025756836,40.610721588134766,101.21031951904297,63.044925689697266,477.5196228027344,35.10566329956055,108.26810455322266,38.522823333740234,37.04288101196289,29.714767456054688,117.71485900878906,89.93733215332031,142.9199981689453,58.939998626708984,251.66000366210938,405.3999938964844,43.797000885009766,31.690000534057617,70.7699966430664,42.95000076293945,122.73999786376953,165.27999877929688,72.25,127.33999633789062,307.07000732421875,26.420000076293945,165.14999389648438,109.37000274658203,332.1000061035156,109.06999969482422,92.48999786376953,79.31999969482422,54.86000061035156,11.960000038146973,42.97999954223633,152.97000122070312,112.86000061035156,44.189998626708984,103.88999938964844,66.62000274658203,509.9100036621094,41.369998931884766,120.86000061035156,42.380001068115234,41.69499969482422,31.540000915527344,124.73999786376953,101.87000274658203,143.17999267578125,60.13999938964844,252.3699951171875,410.7300109863281,44.37699890136719,31.770000457763672,71.02999877929688,43.18000030517578,123.41000366210938,165.99000549316406,73.06999969482422,128.32000732421875,308.760009765625,26.84000015258789,165.99000549316406,109.9000015258789,333.3699951171875,110.19999694824219,92.72000122070312,79.66000366210938,55.91999816894531,12.07800006866455,43.15999984741211,154.07000732421875,115.19999694824219,44.33000183105469,105.80332946777344,70.19999694824219,513.469970703125,41.5099983215332,122.19999694824219,42.66999816894531,41.85499954223633,31.6200008392334,125.33000183105469,102.44999694824219,136.27000427246094,54.56999969482422,242.83999633789062,363.1499938964844,41.50699996948242,29.309999465942383,68.51000213623047,40.0099983215332,114.43000030517578,156.35000610351562,68.0199966430664,121.5199966430664,287.75,24.59000015258789,160.75,101.76000213623047,319.1000061035156,103.33000183105469,89.2699966430664,74.66999816894531,50.7400016784668,10.812999725341797,41.70000076293945,143.52000427246094,104.66000366210938,41.779998779296875,95.94000244140625,62.31999969482422,487.739990234375,38.38999938964844,112.94000244140625,39.75,39.525001525878906,29.59000015258789,119.94999694824219,97.4000015258789,136.6999969482422,55.52000045776367,244.77000427246094,364.9100036621094,41.742000579833984,29.40999984741211,68.55999755859375,40.20000076293945,114.5,156.35000610351562,68.08000183105469,121.5199966430664,290.4200134277344,24.729999542236328,160.88999938964844,101.9800033569336,319.1199951171875,103.79000091552734,89.5,74.9800033569336,51.349998474121094,10.970999717712402,41.7599983215332,143.86000061035156,105.37999725341797,41.810001373291016,97.03333282470703,63.060001373291016,493.45001220703125,38.59000015258789,113.41999816894531,39.75,39.53499984741211,29.68000030517578,120.1500015258789,97.55000305175781,5066200,131159800,3288900,2782200,27980000,67671000,9592400,27964900,7999100,10227500,10697100,2803800,2724900,62447000,6465100,22398700,2657400,3243900,9382800,11811500,27605000,850103000,23135200,3552800,10455000,16364400,4911600,36639300,3999700,15853300,4495600,23808700,70134800,83086100,14063600,22019100
2022-10-14,125.9991455078125,55.939998626708984,223.5513916015625,366.4976806640625,40.41288757324219,28.967166900634766,60.488197326660156,37.94120788574219,104.31317138671875,137.4772186279297,58.6414680480957,104.84127044677734,274.9595031738281,24.6514949798584,148.37127685546875,102.28015899658203,321.62005615234375,96.05955505371094,82.95764923095703,66.65751647949219,51.824520111083984,11.212295532226562,34.565555572509766,130.61341857910156,101.41265106201172,38.74514389038086,96.99200439453125,60.48979949951172,480.53509521484375,36.28519058227539,102.23033905029297,39.24091720581055,35.661376953125,29.215438842773438,116.92215728759766,87.57125854492188,142.94000244140625,55.939998626708984,251.33999633789062,379.1300048828125,42.709999084472656,31.700000762939453,70.62000274658203,43.22999954223633,117.95999908447266,160.13999938964844,68.0199966430664,120.56999969482422,299.989990234375,25.90999984741211,164.4600067138672,111.19000244140625,331.3900146484375,104.0999984741211,92.18000030517578,75.30000305175781,52.720001220703125,11.22700023651123,42.86000061035156,149.6999969482422,109.94999694824219,42.15999984741211,99.55999755859375,63.91999816894531,513.1300048828125,42.7599983215332,114.12000274658203,43.16999816894531,40.13999938964844,31.010000228881836,123.9000015258789,99.19000244140625,144.47999572753906,59.939998626708984,253.11000061035156,405.6199951171875,44.395999908447266,32.630001068115234,71.73999786376953,44.41999816894531,122.9800033569336,165.4600067138672,72.72000122070312,127.29000091552734,311.6199951171875,26.6299991607666,165.67999267578125,115.23999786376953,335.2900085449219,109.91000366210938,93.36000061035156,79.05999755859375,55.439998626708984,12.111000061035156,43.380001068115234,154.88999938964844,114.98999786376953,44.099998474121094,105.34333038330078,67.44999694824219,529.9099731445312,43.290000915527344,121.80000305175781,44.93000030517578,41.834999084472656,32.189998626708984,126.4000015258789,102.23999786376953,142.2100067138672,55.84000015258789,250.22999572753906,378.6000061035156,42.64099884033203,31.56999969482422,70.4800033569336,42.79999923706055,117.04000091552734,159.92999267578125,67.95999908447266,120.5,299.07000732421875,25.760000228881836,163.60000610351562,110.72000122070312,328.2300109863281,103.68000030517578,91.73999786376953,74.83000183105469,52.599998474121094,11.204000473022461,42.36000061035156,148.80999755859375,109.79000091552734,42.09000015258789,99.23666381835938,63.779998779296875,511.92999267578125,41.66999816894531,113.62000274658203,43.130001068115234,40.060001373291016,30.940000534057617,123.5199966430664,99.04000091552734,142.60000610351562,59.599998474121094,252.0,404.3800048828125,44.327999114990234,31.809999465942383,70.91999816894531,43.09000015258789,121.08999633789062,164.0399932861328,71.20999908447266,124.93000030517578,307.4599914550781,26.459999084472656,164.44000244140625,111.95999908447266,331.55999755859375,108.41000366210938,92.2699966430664,77.2300033569336,55.2400016784668,12.057000160217285,42.88999938964844,150.0,114.62999725341797,43.540000915527344,105.34333038330078,67.26000213623047,520.0,42.150001525878906,119.95999908447266,43.79999923706055,41.2400016784668,31.81999969482422,125.47000122070312,101.12000274658203,5290500,96959300,2864400,1727900,22816000,58108500,9992400,28885100,7646000,7327900,9071800,3230200,2397600,48185400,5684600,33387100,2231400,3055600,9847600,13658500,20403000,713432000,16980500,4731600,7989800,11504700,3887100,19440900,5628900,19272100,3737800,33954200,53494600,60886900,11442300,15222000
2022-10-17,127.294921875,57.959999084472656,224.96559143066406,379.15155029296875,41.195411682128906,30.721649169921875,61.1391487121582,38.257171630859375,104.66690063476562,138.48165893554688,60.176048278808594,105.12821960449219,281.1186828613281,25.13671875,150.2929229736328,106.5759506225586,322.94970703125,97.23147583007812,84.70355224609375,68.28631591796875,52.591270446777344,11.872430801391602,35.202667236328125,135.97927856445312,102.92529296875,39.38844299316406,99.04757690429688,61.40776062011719,488.7292785644531,36.183353424072266,103.46656799316406,39.959014892578125,36.1055908203125,29.950302124023438,118.80010986328125,88.8337631225586,144.41000366210938,57.959999084472656,252.92999267578125,392.2200012207031,43.5369987487793,33.619998931884766,71.37999725341797,43.59000015258789,118.36000061035156,161.30999755859375,69.80000305175781,120.9000015258789,306.7099914550781,26.420000076293945,166.58999633789062,115.86000061035156,332.760009765625,105.37000274658203,94.12000274658203,77.13999938964844,53.5,11.887999534606934,43.650001525878906,155.85000610351562,111.58999633789062,42.86000061035156,101.66999816894531,64.88999938964844,521.8800048828125,42.63999938964844,115.5,43.959999084472656,40.63999938964844,31.790000915527344,125.88999938964844,100.62000274658203,144.92999267578125,58.5099983215332,253.4199981689453,399.6000061035156,44.124000549316406,33.869998931884766,71.61000061035156,44.43000030517578,121.44000244140625,164.91000366210938,70.29000091552734,123.93000030517578,311.6199951171875,26.75,167.2100067138672,117.01000213623047,337.5799865722656,107.61000061035156,94.37000274658203,78.23999786376953,54.9900016784668,11.947999954223633,43.810001373291016,156.47000122070312,114.4800033569336,43.40999984741211,103.06999969482422,65.3499984741211,524.3099975585938,44.150001525878906,118.69000244140625,45.189998626708984,41.310001373291016,32.0,126.13999938964844,101.97000122070312,142.10000610351562,57.099998474121094,249.49000549316406,388.8299865722656,43.3390007019043,32.869998931884766,70.6500015258789,43.189998626708984,118.0199966430664,161.10000610351562,68.62000274658203,120.6500015258789,304.1400146484375,26.170000076293945,165.00999450683594,114.31999969482422,331.75,104.80999755859375,92.44999694824219,76.33000183105469,52.849998474121094,11.517000198364258,43.189998626708984,152.17999267578125,110.61000061035156,42.209999084472656,100.86666870117188,64.04000091552734,515.280029296875,42.27000045776367,115.33999633789062,43.88999938964844,40.525001525878906,31.579999923706055,124.54000091552734,100.5,142.64999389648438,57.349998474121094,251.4199981689453,394.4599914550781,43.95500183105469,33.36000061035156,70.75,44.310001373291016,119.77999877929688,163.2899932861328,69.41000366210938,122.66000366210938,304.4100036621094,26.309999465942383,165.39999389648438,115.41000366210938,332.7900085449219,105.95999908447266,92.83999633789062,76.80999755859375,54.599998474121094,11.517999649047852,43.189998626708984,153.33999633789062,113.91999816894531,43.0,102.20999908447266,64.9800033569336,517.739990234375,43.880001068115234,116.5,44.65999984741211,40.77000045776367,31.670000076293945,124.69000244140625,101.06999969482422,4016200,76977600,2577100,1417900,24120000,88896800,6618100,20835400,6667000,5890400,7969400,3558100,3118600,39416500,6710800,22276300,2230000,2340600,12139700,11412400,18261700,580774000,16678400,2818100,7886400,10330300,3760500,11280100,3282300,21456500,3712400,24507000,37988400,47222200,8420400,14283200
2022-10-18,127.46238708496094,57.91999816894531,224.2451171875,385.6959228515625,41.14432144165039,31.87302589416504,61.447486877441406,38.748661041259766,104.25126647949219,139.69210815429688,60.15019226074219,107.81512451171875,287.66302490234375,24.613435745239258,149.76968383789062,109.31714630126953,325.1527404785156,99.80598449707031,85.14452362060547,70.32234954833984,51.657405853271484,11.951326370239258,35.557518005371094,136.24977111816406,102.57481384277344,39.84794616699219,99.38855743408203,60.291080474853516,489.0382995605469,36.31913757324219,105.43733215332031,40.60439682006836,36.420982360839844,30.4307804107666,119.46066284179688,88.9926528930664,144.60000610351562,57.91999816894531,252.1199951171875,398.989990234375,43.483001708984375,34.880001068115234,71.73999786376953,44.150001525878906,117.88999938964844,162.72000122070312,69.7699966430664,123.98999786376953,313.8500061035156,25.8700008392334,166.00999450683594,118.83999633789062,335.0299987792969,108.16000366210938,94.61000061035156,79.44000244140625,52.54999923706055,11.967000007629395,44.09000015258789,156.16000366210938,111.20999908447266,43.36000061035156,102.0199966430664,63.709999084472656,522.2100219726562,42.79999923706055,117.69999694824219,44.66999816894531,40.994998931884766,32.29999923706055,126.58999633789062,100.80000305175781,145.8699951171875,60.4900016784668,254.6999969482422,409.1700134277344,44.85499954223633,35.36000061035156,72.47000122070312,44.95000076293945,120.04000091552734,163.30999755859375,71.18000030517578,125.41999816894531,324.4800109863281,26.959999084472656,167.1699981689453,120.13999938964844,335.3299865722656,108.62000274658203,95.31999969482422,80.58999633789062,55.13999938964844,12.491999626159668,44.36000061035156,159.85000610351562,116.08999633789062,43.970001220703125,105.53666687011719,66.11000061035156,532.0,43.65999984741211,119.31999969482422,45.29999923706055,41.375,32.65999984741211,127.80000305175781,102.3499984741211,143.52999877929688,56.400001525878906,251.02999877929688,393.19000244140625,43.01599884033203,34.279998779296875,71.51000213623047,43.650001525878906,115.69999694824219,158.9600067138672,68.41999816894531,121.37999725341797,312.0,25.540000915527344,163.0500030517578,116.95999908447266,330.3699951171875,106.08999633789062,94.0199966430664,78.37999725341797,51.65999984741211,11.618000030517578,43.619998931884766,154.64999389648438,109.54000091552734,42.560001373291016,100.22000122070312,62.779998779296875,518.3300170898438,42.31999969482422,115.56999969482422,43.81999969482422,40.20500183105469,31.93000030517578,125.97000122070312,99.2300033569336,145.22999572753906,59.90999984741211,253.86000061035156,407.3800048828125,44.82099914550781,34.97999954223633,72.08999633789062,44.65999984741211,119.58000183105469,162.36000061035156,70.75,124.0199966430664,321.6700134277344,26.739999771118164,165.0,119.66000366210938,334.1400146484375,106.91999816894531,94.41999816894531,79.80000305175781,55.0099983215332,12.343999862670898,44.04999923706055,159.7100067138672,114.94999694824219,43.41999816894531,104.8499984741211,65.9000015258789,532.0,43.41999816894531,116.7300033569336,45.11000061035156,40.974998474121094,32.619998931884766,127.76000213623047,101.54000091552734,3540400,103064500,2060000,1324800,20341000,81937900,7938100,21302100,6826200,5631200,7943300,4018000,6428600,51126900,10883600,21539700,2087100,2755300,9530400,9767800,19774800,659362000,18442800,2485100,8908900,9734500,3558900,16656100,2345500,16113000,4929400,24810400,50375800,48150700,10016700,14065400
2022-10-19,126.16661071777344,57.22999954223633,220.74966430664062,409.8919677734375,41.18878936767578,30.99577522277832,60.93359375,38.037757873535156,107.09874725341797,144.22488403320312,62.02098846435547,113.10196685791016,285.7474060058594,24.737119674682617,148.5787811279297,107.17387390136719,319.5819396972656,100.46115112304688,83.92959594726562,68.72894287109375,52.12925338745117,12.035215377807617,34.76716613769531,132.3583984375,104.08747863769531,41.787044525146484,100.02505493164062,60.24375534057617,487.26837158203125,35.012325286865234,111.04513549804688,39.649959564208984,37.49597930908203,29.931459426879883,117.79034423828125,91.6324234008789,143.1300048828125,57.22999954223633,248.19000244140625,424.0199890136719,43.529998779296875,33.91999816894531,71.13999938964844,43.34000015258789,121.11000061035156,168.0,71.94000244140625,130.07000732421875,311.760009765625,26.0,164.69000244140625,116.51000213623047,329.2900085449219,108.87000274658203,93.26000213623047,77.63999938964844,53.029998779296875,12.050999641418457,43.11000061035156,151.6999969482422,112.8499984741211,45.470001220703125,102.67333221435547,63.65999984741211,520.3200073242188,41.2599983215332,123.95999908447266,43.619998931884766,42.20500183105469,31.770000457763672,124.81999969482422,103.79000091552734,145.4499969482422,59.040000915527344,252.35000610351562,431.8500061035156,43.83000183105469,34.83000183105469,71.7300033569336,44.099998474121094,121.5999984741211,169.2100067138672,72.41999816894531,130.92999267578125,314.7900085449219,26.25,166.25,118.83000183105469,335.6300048828125,110.16999816894531,94.91000366210938,79.58999633789062,53.43000030517578,12.350000381469727,44.06999969482422,156.80999755859375,113.66999816894531,45.619998931884766,103.64666748046875,64.11000061035156,523.8200073242188,42.65999984741211,124.4000015258789,44.52000045776367,42.36000061035156,32.290000915527344,126.20999908447266,103.98999786376953,142.30999755859375,56.56999969482422,246.94000244140625,410.3900146484375,43.0880012512207,33.77000045776367,70.70999908447266,42.88999938964844,118.08999633789062,163.58999633789062,69.69000244140625,124.30999755859375,308.05999755859375,25.690000534057617,163.88999938964844,115.66999816894531,325.9700012207031,107.55000305175781,93.0999984741211,77.37000274658203,52.060001373291016,11.833999633789062,42.7400016784668,150.9600067138672,110.75,43.84000015258789,100.9800033569336,62.16999816894531,514.5999755859375,41.11000061035156,118.20999908447266,43.29999923706055,41.099998474121094,31.59000015258789,123.7300033569336,101.2300033569336,144.8000030517578,57.33000183105469,251.30999755859375,415.8900146484375,43.323001861572266,34.58000183105469,71.52999877929688,43.83000183105469,118.41999816894531,163.58999633789062,70.11000061035156,125.0,312.6099853515625,25.739999771118164,166.0,117.98999786376953,335.25,108.20999908447266,94.91000366210938,79.1500015258789,52.09000015258789,11.878999710083008,43.90999984741211,154.7899932861328,110.86000061035156,44.0,101.2933349609375,62.7400016784668,521.739990234375,42.36000061035156,118.3499984741211,44.18000030517578,41.1150016784668,32.02000045776367,126.19999694824219,101.25,3333300,75704800,1883000,2435200,12702000,43139900,6481800,15142800,5500400,9766800,8977700,4718800,2363800,33882300,10044600,17072000,2419000,3627200,8546100,7429600,14786100,523131000,23054700,1673000,5620200,16869400,3043500,12385200,2500500,10203600,4692900,17876800,62527600,35205700,7676200,20921700
2022-10-20,125.99030303955078,57.77000045776367,220.0914764404297,422.7004699707031,40.71568298339844,30.794750213623047,60.25694274902344,37.66914367675781,107.71775817871094,145.04904174804688,61.79682922363281,114.4236831665039,284.8766784667969,24.8132381439209,148.95773315429688,106.82429504394531,319.3684387207031,100.89482879638672,83.64159393310547,67.8083267211914,52.787879943847656,12.178030014038086,34.605873107910156,129.1127166748047,103.2850341796875,41.989219665527344,100.64530181884766,60.16805648803711,487.79278564453125,33.951595306396484,111.47512817382812,39.6772346496582,37.53151321411133,29.450969696044922,116.79006958007812,91.75601959228516,142.92999267578125,57.77000045776367,247.4499969482422,437.2699890136719,43.029998779296875,33.70000076293945,70.3499984741211,42.91999816894531,121.80999755859375,168.9600067138672,71.68000030517578,131.58999633789062,310.80999755859375,26.079999923706055,165.11000061035156,116.12999725341797,329.07000732421875,109.33999633789062,92.94000244140625,76.5999984741211,53.70000076293945,12.194000244140625,42.90999984741211,147.97999572753906,111.9800033569336,45.689998626708984,103.30999755859375,63.58000183105469,520.8800048828125,40.0099983215332,124.44000244140625,43.650001525878906,42.244998931884766,31.260000228881836,123.76000213623047,103.93000030517578,144.0399932861328,60.20000076293945,249.05999755859375,448.9200134277344,44.21900177001953,34.630001068115234,71.19999694824219,43.939998626708984,124.91000366210938,171.82000732421875,73.3499984741211,134.30999755859375,316.04998779296875,26.950000762939453,165.74000549316406,118.70999908447266,331.44000244140625,111.61000061035156,93.4000015258789,78.54000091552734,55.099998474121094,12.769000053405762,43.40999984741211,152.97000122070312,116.08999633789062,46.22999954223633,106.46333312988281,65.27999877929688,529.4199829101562,41.65999984741211,126.95999908447266,44.43000030517578,42.915000915527344,32.04999923706055,125.51000213623047,105.0,142.42999267578125,57.400001525878906,246.00999450683594,428.7799987792969,42.81399917602539,33.59000015258789,70.02999877929688,42.720001220703125,121.77999877929688,167.94000244140625,71.18000030517578,130.74000549316406,309.0,25.950000762939453,164.3300018310547,115.6500015258789,325.8999938964844,108.61000061035156,92.36000061035156,76.13999938964844,53.16999816894531,12.104999542236328,42.81999969482422,147.07000732421875,111.72000122070312,45.2400016784668,102.72333526611328,63.380001068115234,519.780029296875,39.90999984741211,122.75,43.5,41.9900016784668,31.170000076293945,123.5999984741211,103.41000366210938,143.16000366210938,57.470001220703125,247.5500030517578,431.25,43.51300048828125,33.97999954223633,71.05000305175781,43.38999938964844,122.5,169.3000030517578,72.93000030517578,131.05999755859375,312.1000061035156,26.149999618530273,165.0,117.16000366210938,331.1499938964844,109.58999633789062,93.19999694824219,77.62999725341797,53.5,12.11299991607666,43.27000045776367,150.52999877929688,113.16999816894531,46.0,103.23999786376953,63.75,523.0499877929688,41.40999984741211,125.02999877929688,43.68000030517578,42.525001525878906,31.729999542236328,124.5999984741211,104.31999969482422,3880100,79552600,2058000,2090900,23402000,39549100,9193100,15421600,6456100,8871500,7704000,3902400,2382300,33247700,5659900,12207400,1761200,2733100,7626000,7638100,15711800,652398000,17715000,1952100,7736400,15915700,3567300,11300900,2390800,10508000,4177600,17572700,50523600,43124400,7196600,17649000
2022-10-21,129.63079833984375,58.81999969482422,224.08506774902344,446.828857421875,42.554176330566406,31.93699073791504,61.8500862121582,38.8452033996582,110.08769226074219,148.680419921875,64.0469741821289,117.38883209228516,297.974365234375,25.66000747680664,152.20553588867188,112.43549346923828,330.7234802246094,102.77727508544922,86.09847259521484,70.12760925292969,55.09795379638672,12.449673652648926,36.25108337402344,136.43296813964844,106.7530746459961,46.326908111572266,104.38623046875,60.32892608642578,499.82647705078125,34.375885009765625,114.43132019042969,40.74982833862305,38.615386962890625,30.327150344848633,119.41348266601562,93.45994567871094,147.05999755859375,58.81999969482422,251.94000244140625,462.2300109863281,44.972999572753906,34.95000076293945,72.20999908447266,44.2599983215332,124.48999786376953,173.19000244140625,74.29000091552734,135.0,325.1000061035156,26.969999313354492,168.7100067138672,122.2300033569336,340.7699890136719,111.37999725341797,95.66999816894531,79.22000122070312,56.04999923706055,12.465999603271484,44.95000076293945,156.3699951171875,115.73999786376953,50.40999984741211,107.1500015258789,63.75,533.72998046875,40.5099983215332,127.73999786376953,44.83000183105469,43.46500015258789,32.189998626708984,126.54000091552734,105.86000061035156,147.75999450683594,58.90999984741211,252.38999938964844,462.8800048828125,45.066001892089844,35.040000915527344,72.5199966430664,44.31999969482422,124.76000213623047,173.83999633789062,74.37999725341797,135.8699951171875,325.7699890136719,27.049999237060547,169.3699951171875,122.38999938964844,342.42999267578125,111.62000274658203,95.95999908447266,79.52999877929688,56.279998779296875,12.498000144958496,45.15999984741211,156.6699981689453,115.98999786376953,50.540000915527344,107.41666412353516,63.779998779296875,536.530029296875,40.70000076293945,128.3000030517578,44.880001068115234,43.54999923706055,32.220001220703125,126.87999725341797,106.4000015258789,142.42999267578125,55.709999084472656,247.00999450683594,437.70001220703125,42.91699981689453,33.560001373291016,69.94000244140625,42.68000030517578,121.56999969482422,168.85000610351562,71.93000030517578,131.6199951171875,309.489990234375,25.790000915527344,164.42999267578125,116.33000183105469,326.7699890136719,107.7300033569336,92.63999938964844,76.22000122070312,53.34000015258789,11.88700008392334,42.9900016784668,146.88999938964844,111.0199966430664,46.790000915527344,102.58999633789062,62.02000045776367,518.010009765625,39.56999969482422,124.11000061035156,43.56999969482422,42.369998931884766,31.1200008392334,123.01000213623047,103.91000366210938,143.33999633789062,57.220001220703125,247.52000427246094,440.4800109863281,43.20899963378906,33.560001373291016,70.3499984741211,42.939998626708984,122.66999816894531,169.14999389648438,72.4800033569336,132.5,311.0,25.850000381469727,164.7100067138672,116.45999908447266,329.07000732421875,109.81999969482422,92.83999633789062,76.61000061035156,53.4900016784668,12.097999572753906,43.310001373291016,147.49000549316406,111.75,46.970001220703125,103.04000091552734,62.02000045776367,518.0599975585938,39.86000061035156,125.16000366210938,43.63999938964844,42.47999954223633,31.350000381469727,123.66999816894531,104.44999694824219,5419400,95366400,3531200,2756600,26980000,54870300,8217400,18783600,5886200,7971300,11214800,4237200,3545700,53058700,8487600,20593300,3274700,3074900,10297200,8149000,20199200,609494000,36575700,2624600,7490100,35351400,3703200,13699000,2896000,12851600,3401900,18632800,50548400,54487300,8433100,22814100
2022-10-24,133.0069122314453,58.70000076293945,232.427978515625,457.2110290527344,43.19666290283203,32.0466423034668,62.5181770324707,38.97685241699219,110.66252136230469,148.62890625,64.8659896850586,117.09319305419922,301.27392578125,25.859811782836914,154.2534637451172,112.57347869873047,337.6433410644531,102.85108947753906,87.6283950805664,70.3134765625,55.28472900390625,12.582500457763672,36.72690200805664,139.98402404785156,107.34337615966797,47.92597579956055,104.837646484375,58.000946044921875,507.1966247558594,34.90200424194336,115.75712585449219,41.08616638183594,38.79751968383789,30.73226547241211,121.716064453125,94.11327362060547,150.88999938964844,58.70000076293945,261.32000732421875,472.9700012207031,45.652000427246094,35.06999969482422,72.98999786376953,44.40999984741211,125.13999938964844,173.1300048828125,75.23999786376953,134.66000366210938,328.70001220703125,27.18000030517578,170.97999572753906,122.37999725341797,347.8999938964844,111.45999908447266,97.37000274658203,79.43000030517578,56.2400016784668,12.598999977111816,45.540000915527344,160.44000244140625,116.37999725341797,52.150001525878906,107.61333465576172,61.290000915527344,541.5999755859375,41.130001068115234,129.22000122070312,45.20000076293945,43.66999816894531,32.619998931884766,128.97999572753906,106.5999984741211,151.52999877929688,59.0,261.5899963378906,476.0899963378906,45.87900161743164,35.2599983215332,73.55999755859375,44.66999816894531,126.4000015258789,174.6699981689453,75.87000274658203,136.4499969482422,331.239990234375,27.479999542236328,172.0800018310547,123.0999984741211,351.7699890136719,112.30000305175781,98.41999816894531,81.0999984741211,56.810001373291016,12.710000038146973,45.869998931884766,161.2100067138672,117.0199966430664,52.5099983215332,108.08000183105469,61.619998931884766,546.47998046875,41.52000045776367,129.94000244140625,45.529998779296875,43.974998474121094,32.77000045776367,129.3699951171875,107.68000030517578,148.6999969482422,56.65999984741211,254.89999389648438,459.6000061035156,45.111000061035156,34.709999084472656,72.55000305175781,43.970001220703125,124.19999694824219,171.61000061035156,73.94999694824219,134.41000366210938,325.8500061035156,26.520000457763672,169.25,121.33000183105469,344.2200012207031,110.31999969482422,96.2699966430664,78.56999969482422,55.06999969482422,12.064000129699707,44.9900016784668,156.52999877929688,114.23999786376953,49.65999984741211,105.0999984741211,59.68000030517578,537.7999877929688,40.45000076293945,126.83000183105469,44.83000183105469,43.20500183105469,32.279998779296875,127.5999984741211,105.12000274658203,148.7100067138672,58.56999969482422,254.9499969482422,470.42999267578125,45.27299880981445,35.11000061035156,72.66000366210938,44.31999969482422,124.52999877929688,172.0800018310547,74.55000305175781,134.82000732421875,328.5,26.75,169.80999755859375,122.06999969482422,344.2200012207031,111.52999877929688,96.44999694824219,79.52999877929688,56.22999954223633,12.508000373840332,45.08000183105469,157.25,116.33999633789062,50.060001373291016,107.51000213623047,60.58000183105469,538.0700073242188,40.689998626708984,128.17999267578125,44.95000076293945,43.439998626708984,32.380001068115234,127.5999984741211,105.66000366210938,5139700,76305400,2883200,2389300,25287000,33765600,7382500,14392300,5734900,7007700,8530900,4000900,2232600,43831600,6855500,12624200,3375900,2691300,11414900,8143300,15293600,517457000,24972000,2154800,6525700,27296600,3784200,25010800,2627100,9553700,4596000,16154300,44992000,40117200,7411300,17024200
2022-10-25,132.06375122070312,61.470001220703125,231.24502563476562,469.8164978027344,43.532569885253906,32.33905792236328,62.329734802246094,39.7755241394043,109.60133361816406,150.17416381835938,65.0987548828125,114.7801742553711,304.6651916503906,26.078636169433594,154.00985717773438,112.86783599853516,340.9527587890625,102.83264923095703,87.93437194824219,71.26953887939453,54.9210090637207,13.243634223937988,36.7672233581543,142.4095916748047,109.916748046875,48.220062255859375,107.23092651367188,57.858985900878906,505.90411376953125,35.648746490478516,113.58926391601562,41.240684509277344,38.83749771118164,31.099695205688477,122.64087677001953,93.47760009765625,149.82000732421875,61.470001220703125,259.989990234375,486.010009765625,46.00699996948242,35.38999938964844,72.7699966430664,45.31999969482422,123.94000244140625,174.92999267578125,75.51000213623047,132.0,332.3999938964844,27.40999984741211,170.7100067138672,122.69999694824219,351.30999755859375,111.44000244140625,97.70999908447266,80.51000213623047,55.869998931884766,13.26099967956543,45.59000015258789,163.22000122070312,119.16999816894531,52.470001220703125,110.06999969482422,61.13999938964844,540.219970703125,42.0099983215332,126.80000305175781,45.369998931884766,43.71500015258789,33.0099983215332,129.9600067138672,105.87999725341797,150.60000610351562,61.97999954223633,261.7900085449219,495.75,46.42599868774414,35.58000183105469,73.20999908447266,45.59000015258789,125.48999786376953,175.0,75.77999877929688,134.27000427246094,333.6000061035156,27.559999465942383,171.11000061035156,123.2699966430664,352.3299865722656,111.83999633789062,98.29000091552734,80.66999816894531,57.029998779296875,13.300000190734863,45.81999969482422,164.16000366210938,119.94000244140625,52.68000030517578,110.80999755859375,61.36000061035156,543.9199829101562,42.09000015258789,128.60000610351562,45.599998474121094,43.915000915527344,33.06999969482422,130.11000061035156,107.33000183105469,147.2899932861328,58.689998626708984,257.19000244140625,478.3500061035156,45.68299865722656,34.529998779296875,72.25,43.90999984741211,122.87999725341797,172.1699981689453,73.97000122070312,131.83999633789062,325.9200134277344,27.0,168.52000427246094,120.88999938964844,343.04998779296875,109.62999725341797,96.3499984741211,78.61000061035156,55.34000015258789,12.663999557495117,44.88999938964844,159.0399932861328,116.2300033569336,51.209999084472656,107.8933334350586,59.5099983215332,533.9000244140625,40.560001373291016,124.33999633789062,44.369998931884766,43.26499938964844,32.38999938964844,128.52000427246094,105.06999969482422,148.02999877929688,58.77000045776367,260.489990234375,478.489990234375,45.79899978637695,34.7400016784668,72.63999938964844,44.04999923706055,124.33000183105469,173.05999755859375,74.83999633789062,133.86000061035156,327.8599853515625,27.18000030517578,170.1699981689453,121.8499984741211,346.5199890136719,110.73999786376953,96.86000061035156,78.61000061035156,56.68000030517578,12.694000244140625,45.27000045776367,159.1699981689453,116.56999969482422,51.88999938964844,108.06666564941406,59.959999084472656,537.7899780273438,40.65999984741211,127.55000305175781,44.779998779296875,43.5,32.45000076293945,128.58999633789062,106.41000366210938,5229400,85501900,2548900,2047200,18246000,37132300,7874700,20085700,7000800,7280600,6541000,4173200,1837700,32205300,5661900,11289100,2513100,3139200,8747900,8173600,17313000,505482000,23127000,2061500,6205100,18932500,2770800,21700600,2411900,13055400,4396400,16362200,37683600,33950300,7174200,15719800
2022-10-26,134.43490600585938,59.72999954223633,237.17759704589844,467.9604797363281,43.63759231567383,32.62232971191406,63.76871109008789,39.85450744628906,111.92706298828125,152.02847290039062,66.3143539428711,116.78015899658203,307.6806640625,25.888349533081055,155.3631591796875,114.16486358642578,347.30963134765625,104.38288879394531,88.5643539428711,71.6236343383789,54.508148193359375,12.879109382629395,37.14627456665039,141.10086059570312,108.93905639648438,47.95354080200195,106.1755599975586,57.57509231567383,508.66680908203125,35.97121047973633,113.53549194335938,41.540653228759766,39.36610794067383,31.175065994262695,123.999755859375,94.59001159667969,152.50999450683594,59.72999954223633,266.6600036621094,484.0899963378906,46.11800003051758,35.70000076293945,74.44999694824219,45.40999984741211,126.56999969482422,177.08999633789062,76.91999816894531,134.3000030517578,335.69000244140625,27.209999084472656,172.2100067138672,124.11000061035156,357.8599853515625,113.12000274658203,98.41000366210938,80.91000366210938,55.45000076293945,12.895999908447266,46.060001373291016,161.72000122070312,118.11000061035156,52.18000030517578,108.98666381835938,60.84000015258789,543.1699829101562,42.38999938964844,126.73999786376953,45.70000076293945,44.310001373291016,33.09000015258789,131.39999389648438,107.13999938964844,152.88999938964844,61.77000045776367,267.9800109863281,496.20001220703125,47.17599868774414,36.09000015258789,75.20999908447266,45.97999954223633,128.17999267578125,178.47999572753906,78.08000183105469,135.55999755859375,338.6700134277344,27.799999237060547,172.57000732421875,125.19999694824219,361.4800109863281,114.16000366210938,99.27999877929688,82.05000305175781,57.439998626708984,13.387999534606934,46.650001525878906,164.85000610351562,120.73999786376953,53.88999938964844,111.57333374023438,61.97999954223633,547.6400146484375,42.619998931884766,128.6999969482422,46.209999084472656,44.65999984741211,33.459999084472656,132.6199951171875,107.83000183105469,150.6999969482422,59.150001525878906,261.510009765625,474.25,45.534000396728516,35.349998474121094,72.4800033569336,45.220001220703125,124.58000183105469,175.1699981689453,75.87000274658203,132.14999389648438,334.1400146484375,26.989999771118164,170.52000427246094,122.87999725341797,350.44000244140625,110.48999786376953,98.0,80.58000183105469,54.959999084472656,12.708000183105469,45.619998931884766,161.6199951171875,116.16000366210938,52.13999938964844,107.26667022705078,60.43000030517578,540.2100219726562,41.95000076293945,125.23999786376953,45.470001220703125,43.849998474121094,33.02000045776367,130.32000732421875,106.0,151.00999450683594,59.689998626708984,262.989990234375,475.95001220703125,45.79899978637695,35.41999816894531,73.08999633789062,45.5,124.72000122070312,175.32000732421875,75.87000274658203,133.16000366210938,334.5199890136719,27.190000534057617,171.32000732421875,123.0,352.5,112.11000061035156,98.29000091552734,80.5999984741211,56.08000183105469,12.869000434875488,45.91999816894531,163.8800048828125,118.04000091552734,52.93000030517578,107.79666900634766,60.86000061035156,541.3800048828125,42.0,127.69000244140625,45.65999984741211,43.880001068115234,33.11000061035156,130.36000061035156,106.26000213623047,4727900,79761600,3008900,1879400,29291000,41104600,10417400,16516200,8139100,6865300,7803200,3848500,2176700,37111100,6123800,11667000,2373500,2476300,10374700,7733400,23511300,532953000,21407900,1985900,7342300,18232500,4811700,14006000,2863500,10211800,3306600,15010800,45413000,38012100,8277100,17383800
2022-10-27,135.30758666992188,58.599998474121094,237.6845703125,458.60296630859375,43.09068298339844,32.777671813964844,63.89719772338867,39.88084030151367,111.98897552490234,152.723876953125,66.00399017333984,116.84098815917969,309.0463562011719,24.99400520324707,155.45333862304688,114.61558532714844,345.8247375488281,104.87195587158203,89.76126098632812,71.42888641357422,51.323184967041016,13.158743858337402,36.88819885253906,140.47267150878906,105.79383087158203,47.49404525756836,104.29207611083984,57.6791877746582,507.3838195800781,35.708152770996094,114.90609741210938,41.49519729614258,39.508262634277344,31.429447174072266,123.34864044189453,94.95198822021484,153.5,58.599998474121094,267.2300109863281,474.4100036621094,45.540000915527344,35.869998931884766,74.5999984741211,45.439998626708984,126.63999938964844,177.89999389648438,76.55999755859375,134.3699951171875,337.17999267578125,26.270000457763672,172.30999755859375,124.5999984741211,356.3299865722656,113.6500015258789,99.73999786376953,80.69000244140625,52.209999084472656,13.175999641418457,45.7400016784668,161.0,114.69999694824219,51.68000030517578,107.05332946777344,60.95000076293945,541.7999877929688,42.08000183105469,128.27000427246094,45.650001525878906,44.470001220703125,33.36000061035156,130.7100067138672,107.55000305175781,153.99000549316406,62.720001220703125,269.30999755859375,489.6000061035156,47.07699966430664,36.369998931884766,75.27999877929688,46.13999938964844,129.4499969482422,181.39999389648438,78.81999969482422,137.0,341.92999267578125,27.59000015258789,173.42999267578125,126.19999694824219,361.1199951171875,115.72000122070312,101.5,82.4800033569336,56.22999954223633,13.838000297546387,46.11000061035156,164.94000244140625,120.5999984741211,53.599998474121094,110.7300033569336,62.45000076293945,546.52001953125,42.970001220703125,131.92999267578125,46.4900016784668,45.220001220703125,33.72999954223633,131.72000122070312,109.58000183105469,152.05999755859375,58.5099983215332,265.8800048828125,473.989990234375,45.49100112915039,35.77000045776367,73.87000274658203,45.349998474121094,126.23999786376953,177.47999572753906,76.33999633789062,134.07000732421875,336.5299987792969,26.1299991607666,171.72000122070312,124.20999908447266,355.32000732421875,113.37000274658203,99.5,80.5999984741211,52.119998931884766,13.121999740600586,45.68000030517578,160.7899932861328,114.37999725341797,51.5,106.913330078125,60.90999984741211,539.760009765625,42.02000045776367,127.8499984741211,45.54999923706055,44.334999084472656,33.29999923706055,130.50999450683594,107.41999816894531,153.75999450683594,61.599998474121094,268.0,482.1000061035156,46.60499954223633,36.150001525878906,74.27999877929688,45.869998931884766,127.69999694824219,179.88999938964844,78.5,136.0,339.30999755859375,27.450000762939453,172.35000610351562,125.19999694824219,358.989990234375,114.58000183105469,99.83999633789062,82.0,55.369998931884766,13.630000114440918,45.810001373291016,163.52999877929688,119.31999969482422,53.0,109.69999694824219,61.849998474121094,546.52001953125,42.70000076293945,129.22999572753906,46.02000045776367,44.91999816894531,33.400001525878906,131.6999969482422,108.41000366210938,6850400,83871400,2260900,1075700,18512000,35261900,9298600,15687900,8948500,9177400,7410900,3300500,1998800,56305100,5390900,10727600,2347600,2518700,12218400,6466400,27335800,583113000,20377700,1753600,8937200,18298200,3589500,12937600,2212100,7810200,3488600,14655500,50021200,41232200,6496800,18214000
2022-10-28,130.1156463623047,62.0099983215332,243.5370635986328,472.880859375,44.74656295776367,33.060943603515625,65.80724334716797,40.486427307128906,112.45765686035156,154.50950622558594,65.52981567382812,116.2497329711914,313.29925537109375,27.658002853393555,157.76290893554688,115.97698211669922,349.2895202636719,104.7981185913086,90.68822479248047,73.48912811279297,53.12209701538086,13.815882682800293,38.25114440917969,142.104248046875,109.95364379882812,46.36367416381836,108.38048553466797,58.682308197021484,516.2242431640625,36.37004852294922,112.85468292236328,42.131492614746094,39.64596939086914,32.21141052246094,125.37755584716797,97.7330093383789,147.61000061035156,62.0099983215332,273.80999755859375,489.17999267578125,47.290000915527344,36.18000030517578,76.83000183105469,46.130001068115234,127.16999816894531,179.97999572753906,76.01000213623047,133.69000244140625,341.82000732421875,29.06999969482422,174.8699951171875,126.08000183105469,359.8999938964844,113.56999969482422,100.7699966430664,82.22000122070312,54.040000915527344,13.833999633789062,47.43000030517578,162.8699951171875,119.20999908447266,50.45000076293945,111.25,62.0099983215332,551.239990234375,42.86000061035156,125.9800033569336,46.349998474121094,44.625,34.189998626708984,132.86000061035156,110.69999694824219,148.97999572753906,62.349998474121094,274.5400085449219,489.8699951171875,47.433998107910156,36.29999923706055,76.98999786376953,46.279998779296875,128.99000549316406,182.86000061035156,78.0199966430664,136.72999572753906,342.5799865722656,29.219999313354492,175.38999938964844,126.27999877929688,362.0,114.88999938964844,101.13999938964844,82.30000305175781,54.439998626708984,13.850000381469727,47.52000045776367,163.3000030517578,119.44999694824219,51.709999084472656,111.413330078125,62.029998779296875,553.0,42.93000030517578,129.77000427246094,46.4900016784668,45.314998626708984,34.22999954223633,132.9600067138672,111.20999908447266,142.33999633789062,58.91999816894531,269.1199951171875,468.8900146484375,45.564998626708984,35.63999938964844,75.08000183105469,45.029998779296875,124.01000213623047,176.52999877929688,73.86000061035156,131.32000732421875,336.0,27.860000610351562,172.58999633789062,124.05000305175781,357.0400085449219,112.33999633789062,98.55000305175781,79.51000213623047,51.459999084472656,13.060999870300293,45.93000030517578,160.52999877929688,112.33000183105469,49.77000045776367,106.97333526611328,60.06999969482422,543.6900024414062,41.97999954223633,125.05999755859375,45.470001220703125,43.82500076293945,33.38999938964844,130.5,108.12000274658203,145.92999267578125,59.099998474121094,269.67999267578125,469.8599853515625,45.69599914550781,36.040000915527344,75.25,45.560001373291016,128.5,181.47000122070312,77.58000183105469,136.3300018310547,338.5199890136719,28.18000030517578,173.0,125.29000091552734,360.32000732421875,114.5999984741211,100.23999786376953,80.2699966430664,51.83000183105469,13.104000091552734,45.97999954223633,161.9199981689453,114.16999816894531,51.040000915527344,107.25,60.77000045776367,544.969970703125,42.15999984741211,128.58999633789062,45.90999984741211,44.95000076293945,33.45000076293945,130.91000366210938,109.45999908447266,10812200,78198600,2924100,1436100,23094000,31659100,10301400,13457900,7293200,10773900,7861200,3016600,1677100,91695700,6073900,11859500,2942100,2552700,11228000,7816100,19171100,521040000,27854000,2204500,9418700,15772800,4192500,11972300,2761900,7775500,3505100,14990400,49328000,36421300,6267100,28169400
2022-10-31,129.04905700683594,60.060001373291016,240.45962524414062,456.6793518066406,44.48351287841797,32.933021545410156,66.35543823242188,40.249454498291016,111.50260162353516,155.29933166503906,66.68505096435547,118.71056365966797,315.7648010253906,27.04909324645996,156.95098876953125,115.79302978515625,351.41497802734375,104.8442611694336,91.07520294189453,73.44442749023438,53.181068420410156,13.479323387145996,37.541446685791016,141.1968536376953,108.52399444580078,47.81570053100586,106.0196762084961,58.24698257446289,519.885986328125,36.022132873535156,112.46949005126953,41.80425262451172,39.97911834716797,32.0135612487793,125.27372741699219,97.83013916015625,146.39999389648438,60.060001373291016,270.3500061035156,472.4200134277344,47.012001037597656,36.040000915527344,77.47000122070312,45.86000061035156,126.08999633789062,180.89999389648438,77.3499984741211,136.52000427246094,344.510009765625,28.43000030517578,173.97000122070312,125.87999725341797,362.0899963378906,113.62000274658203,101.19999694824219,82.16999816894531,54.099998474121094,13.496999740600586,46.54999923706055,161.8300018310547,117.66000366210938,52.029998779296875,108.82666778564453,61.54999923706055,555.1500244140625,42.45000076293945,125.55000305175781,45.9900016784668,45.0,33.97999954223633,132.75,110.80999755859375,146.77999877929688,61.86000061035156,271.80999755859375,480.8800048828125,47.28099822998047,36.33000183105469,78.66000366210938,46.220001220703125,129.99000549316406,183.83999633789062,78.2699966430664,138.9199981689453,346.17999267578125,29.18000030517578,175.16000366210938,127.43000030517578,363.9200134277344,115.12000274658203,101.36000061035156,83.36000061035156,54.93000030517578,13.838000297546387,47.38999938964844,163.25,118.37999725341797,52.41999816894531,110.55332946777344,62.27000045776367,558.0999755859375,42.959999084472656,128.22000122070312,46.52000045776367,45.59000015258789,34.209999084472656,133.27000427246094,112.91000366210938,144.0800018310547,59.529998779296875,268.0,471.6499938964844,46.500999450683594,35.810001373291016,76.36000061035156,45.56999969482422,125.56999969482422,178.05999755859375,74.76000213623047,132.36000061035156,340.57000732421875,28.049999237060547,173.4199981689453,125.58999633789062,350.4599914550781,112.0199966430664,99.30999755859375,81.69000244140625,53.16999816894531,13.29699993133545,46.540000915527344,161.4499969482422,115.4000015258789,50.0099983215332,108.2699966430664,61.06999969482422,550.1300048828125,42.41999816894531,123.56999969482422,45.97999954223633,44.1349983215332,33.93000030517578,131.8699951171875,109.44000244140625,145.1699981689453,60.75,269.20001220703125,479.0400085449219,46.685001373291016,36.0,76.58999633789062,45.709999084472656,125.58000183105469,178.05999755859375,75.04000091552734,132.5,341.07000732421875,29.079999923706055,174.52000427246094,125.69999694824219,358.6499938964844,112.22000122070312,99.94999694824219,81.7699966430664,53.90999984741211,13.777999877929688,47.08000183105469,162.22000122070312,118.12999725341797,50.0099983215332,110.24666595458984,61.59000015258789,555.0,42.52000045776367,124.9000015258789,46.13999938964844,44.185001373291016,33.970001220703125,132.1699981689453,109.5,8604800,73274100,3033600,1063600,19259000,32565500,12380800,15600400,7121000,13281000,8429600,4138000,2224000,59507700,7810000,13295200,4258200,3158500,11043800,9087400,15932500,486341000,29961700,2192000,6870800,16663800,2394900,10802800,2770400,11723800,4265100,14000000,59520800,40083800,7852800,26401800
2022-11-01,129.49864196777344,59.65999984741211,241.98057556152344,459.5407409667969,44.27345275878906,33.079227447509766,66.55242919921875,40.56541442871094,112.99707794189453,156.43251037597656,66.6419677734375,118.52794647216797,319.49517822265625,26.925405502319336,156.15704345703125,117.8811264038086,342.185302734375,109.99327087402344,89.77928161621094,74.82982635498047,53.92817306518555,13.52526569366455,38.718902587890625,141.17938232421875,108.21961975097656,47.37458038330078,106.87373352050781,58.2753791809082,512.5438842773438,36.387020111083984,116.45585632324219,42.676876068115234,40.365596771240234,32.09835433959961,125.34921264648438,98.80128479003906,146.91000366210938,59.65999984741211,272.05999755859375,475.3800048828125,46.790000915527344,36.20000076293945,77.69999694824219,46.220001220703125,127.77999877929688,182.22000122070312,77.30000305175781,136.30999755859375,348.5799865722656,28.299999237060547,173.08999633789062,128.14999389648438,352.5799865722656,119.19999694824219,99.76000213623047,83.72000122070312,54.86000061035156,13.543000221252441,48.0099983215332,161.80999755859375,117.33000183105469,51.54999923706055,109.70333099365234,61.58000183105469,547.3099975585938,42.880001068115234,130.0,46.95000076293945,45.435001373291016,34.06999969482422,132.8300018310547,111.91000366210938,147.6999969482422,61.9900016784668,272.8699951171875,483.6700134277344,47.68299865722656,36.7599983215332,77.79000091552734,46.47999954223633,129.32000732421875,184.5,78.7699966430664,138.91000366210938,348.69000244140625,28.850000381469727,174.6300048828125,128.27999877929688,358.989990234375,119.83999633789062,101.06999969482422,83.97000122070312,55.439998626708984,13.925000190734863,48.41999816894531,163.39999389648438,120.62999725341797,52.939998626708984,111.37666320800781,63.43000030517578,555.6900024414062,43.15999984741211,130.8300018310547,47.060001373291016,45.775001525878906,34.349998474121094,133.57000732421875,112.56999969482422,144.5500030517578,59.43000030517578,268.3800048828125,472.8599853515625,46.31700134277344,36.11000061035156,76.62999725341797,46.0,126.88999938964844,181.89999389648438,76.83999633789062,135.25,343.7699890136719,27.889999389648438,170.4199981689453,126.33000183105469,340.75,112.7699966430664,98.94999694824219,82.98999786376953,54.11000061035156,13.519000053405762,47.400001525878906,160.82000732421875,116.75,51.5,109.04666900634766,61.58000183105469,544.219970703125,42.310001373291016,125.70999908447266,46.2599983215332,45.15999984741211,33.91999816894531,131.41000366210938,110.6500015258789,146.66000366210938,61.4900016784668,269.6000061035156,483.3800048828125,47.58000183105469,36.439998626708984,77.0,46.29999923706055,128.74000549316406,183.8699951171875,78.69000244140625,138.58999633789062,345.1300048828125,28.799999237060547,174.05999755859375,126.87000274658203,345.8299865722656,113.83999633789062,100.6500015258789,83.25,55.09000015258789,13.810999870300293,48.0,162.9199981689453,119.73999786376953,52.70000076293945,111.01333618164062,63.2599983215332,555.0,42.79999923706055,127.0,46.58000183105469,45.755001068115234,34.2599983215332,132.91000366210938,112.37000274658203,6351200,83806700,2062600,760700,16324000,29913200,8870700,15505200,5875600,9185600,10730300,3887500,2316600,44418700,6985000,13386900,7013000,5767300,11079300,8195600,11729700,432817000,30614500,1495200,5749100,11932200,2810400,11561900,3338900,8043500,3974000,22409100,43510800,38946100,8033300,22213100
2022-11-02,127.39189910888672,58.630001068115234,239.2677459716797,431.4586181640625,43.15029525756836,32.97871017456055,66.33829498291016,39.977378845214844,111.87401580810547,153.2389678955078,58.14143753051758,117.9018783569336,320.604248046875,26.08814811706543,153.75726318359375,116.79566955566406,344.4951171875,105.86852264404297,89.45530700683594,75.41079711914062,52.5421257019043,13.201687812805176,37.960811614990234,138.4920654296875,103.76464080810547,46.9977912902832,103.49972534179688,57.27227020263672,508.9103698730469,35.428123474121094,112.72030639648438,42.61324691772461,39.392757415771484,31.6932373046875,123.2165298461914,96.77069854736328,144.52000427246094,58.630001068115234,269.010009765625,446.3299865722656,45.60300064086914,36.09000015258789,77.44999694824219,45.54999923706055,126.51000213623047,178.5,67.44000244140625,135.58999633789062,349.7900085449219,27.420000076293945,170.42999267578125,126.97000122070312,354.9599914550781,114.7300033569336,99.4000015258789,84.37000274658203,53.45000076293945,13.218999862670898,47.06999969482422,158.72999572753906,112.5,51.13999938964844,106.23999786376953,60.52000045776367,543.4299926757812,41.75,125.83000183105469,46.880001068115234,44.34000015258789,33.63999938964844,130.57000732421875,109.61000061035156,148.0800018310547,63.93000030517578,274.8800048828125,477.0,48.04499816894531,37.279998779296875,78.91000366210938,47.0099983215332,129.8000030517578,182.89999389648438,75.45999908447266,138.7100067138672,357.44000244140625,28.850000381469727,173.94000244140625,130.36000061035156,363.1499938964844,119.16000366210938,101.02999877929688,86.72000122070312,56.27000045776367,14.210000038146973,48.16999816894531,163.3800048828125,118.79000091552734,52.380001068115234,112.32666778564453,62.88999938964844,554.5800170898438,43.150001525878906,129.8300018310547,47.54999923706055,45.525001525878906,34.599998474121094,134.02999877929688,112.0999984741211,144.47999572753906,58.56999969482422,268.95001220703125,446.260009765625,45.571998596191406,35.95000076293945,77.2300033569336,45.540000915527344,125.79000091552734,178.27000427246094,66.5999984741211,134.36000061035156,346.739990234375,27.40999984741211,170.2899932861328,126.63999938964844,350.2099914550781,114.69999694824219,98.9800033569336,83.41999816894531,53.41999816894531,13.211000442504883,46.95000076293945,158.6199951171875,112.25,50.70000076293945,106.0999984741211,60.52000045776367,543.0700073242188,41.72999954223633,125.12000274658203,46.4900016784668,44.23500061035156,33.61000061035156,130.5,109.30999755859375,147.02999877929688,63.0,271.6400146484375,470.04998779296875,47.02799987792969,36.06999969482422,77.66000366210938,46.130001068115234,127.08000183105469,180.92999267578125,75.44999694824219,135.41000366210938,347.6199951171875,28.270000457763672,172.88999938964844,127.6500015258789,354.1600036621094,119.08000183105469,99.6500015258789,83.44999694824219,54.7400016784668,13.850000381469727,47.77000045776367,161.13999938964844,118.70999908447266,51.27000045776367,110.39666748046875,62.5,544.4099731445312,42.58000183105469,129.3000030517578,46.880001068115234,45.290000915527344,34.0,132.52000427246094,111.58000183105469,5345000,142669400,2637300,1887400,21070000,57380600,8570700,20306800,7680400,8087500,36589400,5641000,3221200,51956100,6877300,16546100,3774400,3994900,9503500,10907500,17302700,672628000,25813100,2300800,13936300,11892300,3193800,16547200,2696200,9264600,4053600,29246700,56499200,58039800,10228700,20654200
2022-11-03,127.30371856689453,60.11000061035156,236.48385620117188,426.5428771972656,42.02334976196289,32.79594802856445,67.22052001953125,39.12605667114258,118.33832550048828,155.49676513671875,60.97783279418945,120.32791137695312,319.760986328125,26.059606552124023,154.0189208984375,117.00724792480469,351.0171203613281,109.07051086425781,88.87033081054688,74.74044799804688,52.57161331176758,13.403422355651855,37.87947082519531,133.76312255859375,95.81398010253906,47.60432815551758,102.11311340332031,57.04514694213867,509.07891845703125,35.21598434448242,116.19608306884766,41.66181945800781,40.12126922607422,31.37291145324707,122.69749450683594,98.08615112304688,144.4199981689453,60.11000061035156,265.8800048828125,439.9200134277344,44.4119987487793,35.88999938964844,78.4800033569336,44.58000183105469,133.82000732421875,181.1300048828125,70.7300033569336,138.3800048828125,348.8699951171875,27.389999389648438,170.72000122070312,127.19999694824219,361.67999267578125,118.19999694824219,98.75,83.62000274658203,53.47999954223633,13.420999526977539,46.56999969482422,153.30999755859375,103.87999725341797,51.79999923706055,104.81666564941406,60.279998779296875,543.6099853515625,41.5,129.7100067138672,45.540000915527344,45.15999984741211,33.29999923706055,130.02000427246094,111.0999984741211,145.4199981689453,62.279998779296875,268.6000061035156,446.760009765625,45.2859992980957,36.13999938964844,78.69000244140625,45.40999984741211,136.1199951171875,182.19000244140625,71.29000091552734,138.97999572753906,350.6700134277344,27.8799991607666,171.47000122070312,128.17999267578125,362.8299865722656,118.94000244140625,99.23999786376953,84.62999725341797,54.369998931884766,13.781000137329102,46.79999923706055,157.58999633789062,106.5,52.130001068115234,106.4433364868164,60.88999938964844,547.8699951171875,41.79999923706055,130.9499969482422,46.20000076293945,45.415000915527344,33.560001373291016,130.74000549316406,111.81999969482422,143.02999877929688,58.029998779296875,265.0199890136719,437.1199951171875,44.13600158691406,35.40999984741211,77.16000366210938,44.5099983215332,128.2899932861328,177.41000366210938,66.55000305175781,134.02000427246094,342.5899963378906,27.170000076293945,168.94000244140625,125.91000366210938,351.510009765625,113.27999877929688,98.0,82.55000305175781,51.90999984741211,12.956000328063965,46.15999984741211,152.94000244140625,101.93000030517578,50.5,103.16000366210938,59.43000030517578,538.1300048828125,40.56999969482422,124.1500015258789,45.40999984741211,43.94499969482422,33.08000183105469,128.6999969482422,108.30999755859375,144.0,58.11000061035156,268.5299987792969,440.79998779296875,45.09400177001953,35.70000076293945,77.25,45.15999984741211,129.6199951171875,177.97000122070312,67.58000183105469,134.6199951171875,347.5,27.450000762939453,169.80999755859375,126.30999755859375,354.05999755859375,114.11000061035156,99.0,83.05999755859375,52.709999084472656,13.043000221252441,46.36000061035156,157.0,104.37999725341797,50.61000061035156,104.25333404541016,60.0,541.739990234375,41.18000030517578,125.0,46.20000076293945,44.06999969482422,33.220001220703125,129.6199951171875,108.58000183105469,3850700,95279900,2779500,1615700,23887000,30046500,9062500,16025800,13209100,6607800,18048600,5368000,2515600,39678200,4819900,12474400,2602500,3042000,9912700,6447200,12769200,500065000,20124600,2484900,24706100,15764600,3752100,11040900,2245300,12857000,3218900,17140100,53634400,40828100,7916600,17103700
2022-11-04,128.0618133544922,62.189998626708984,239.2944793701172,454.5057373046875,44.02743911743164,33.618370056152344,67.47748565673828,40.067134857177734,117.0118637084961,157.4626922607422,61.624412536621094,123.67566680908203,328.04669189453125,27.19263458251953,154.70455932617188,120.20838928222656,346.8729248046875,108.56299591064453,89.27530670166016,75.83984375,55.20608901977539,14.13746166229248,38.40817642211914,136.54638671875,98.40579986572266,48.79902648925781,106.83799743652344,59.127079010009766,503.9845886230469,36.34459686279297,115.30921173095703,42.7596321105957,40.60990905761719,31.947612762451172,123.44302368164062,99.1544189453125,145.27999877929688,62.189998626708984,269.0400085449219,468.760009765625,46.529998779296875,36.790000915527344,78.77999877929688,45.130001068115234,132.32000732421875,183.4199981689453,71.4800033569336,142.22999572753906,357.9100036621094,28.200000762939453,171.47999572753906,130.67999267578125,357.4100036621094,117.6500015258789,99.19999694824219,84.8499984741211,56.15999984741211,14.156000137329102,47.220001220703125,156.5,106.69000244140625,53.099998474121094,109.66666412353516,62.47999954223633,538.1699829101562,42.83000183105469,128.72000122070312,46.7400016784668,45.709999084472656,33.90999984741211,130.80999755859375,112.30999755859375,145.5800018310547,63.0,269.29998779296875,469.6099853515625,46.888999938964844,37.0,79.27999877929688,45.45000076293945,138.49000549316406,185.39999389648438,74.26000213623047,150.8800048828125,358.3800048828125,28.239999771118164,172.5,130.8300018310547,365.8800048828125,120.9800033569336,99.37999725341797,85.75,56.90999984741211,14.229000091552734,47.540000915527344,157.27999877929688,107.5,54.029998779296875,109.94667053222656,62.5,547.760009765625,42.88999938964844,133.27000427246094,46.90999984741211,46.5099983215332,34.09000015258789,131.27999877929688,113.5,143.0800018310547,60.529998779296875,259.8399963378906,454.3299865722656,45.327999114990234,36.220001220703125,77.91000366210938,44.27000045776367,129.64999389648438,180.60000610351562,70.18000030517578,139.97999572753906,351.2300109863281,27.40999984741211,169.24000549316406,128.4600067138672,353.3399963378906,116.37999725341797,97.95999908447266,84.0,54.81999969482422,13.696999549865723,46.61000061035156,153.22999572753906,104.33000183105469,52.22999954223633,107.08999633789062,61.02000045776367,527.1400146484375,41.97999954223633,127.80000305175781,45.900001525878906,45.06999969482422,33.43000030517578,128.97000122070312,110.80000305175781,145.35000610351562,62.5,261.94000244140625,462.3500061035156,45.68600082397461,36.5,78.80999755859375,44.61000061035156,137.0,184.83999633789062,72.91000366210938,143.22000122070312,354.0,27.56999969482422,171.55999755859375,129.49000549316406,365.20001220703125,120.31999969482422,99.0,85.1500015258789,55.2599983215332,13.986000061035156,47.470001220703125,155.3699951171875,106.61000061035156,53.349998474121094,108.59666442871094,61.5099983215332,547.0499877929688,41.97999954223633,132.36000061035156,46.33000183105469,46.165000915527344,33.779998779296875,131.0,113.0,4623700,84791300,3402000,1587800,28891000,39369400,8188000,15204100,10663700,7491900,14218400,8057500,3172700,43051900,5300900,14953200,3004600,2748400,8877600,6929700,18882700,612576000,24528500,3575100,11977900,16764500,4601700,14662800,3513100,13759400,3204000,27082500,60590600,41825600,8082200,17541500
2022-11-07,130.54759216308594,63.08000183105469,246.39215087890625,468.6909484863281,44.9660758972168,33.81938934326172,67.82867431640625,40.59982681274414,119.3287353515625,159.34275817871094,62.107215881347656,126.90168762207031,332.3087158203125,27.39513397216797,156.0578155517578,120.84308624267578,354.3070983886719,110.27011108398438,90.05825805664062,76.4833755493164,55.59929656982422,14.282270431518555,38.302433013916016,136.7209014892578,101.54179382324219,50.37052536010742,109.1468734741211,59.39205551147461,510.3993225097656,36.9385986328125,118.05039978027344,43.06153106689453,41.307315826416016,32.26793670654297,124.76415252685547,100.32864379882812,148.10000610351562,63.08000183105469,277.0199890136719,483.3900146484375,47.52199935913086,37.0099983215332,79.19000244140625,45.72999954223633,134.94000244140625,185.61000061035156,72.04000091552734,145.94000244140625,362.55999755859375,28.40999984741211,172.97999572753906,131.3699951171875,365.07000732421875,119.5,100.06999969482422,85.56999969482422,56.560001373291016,14.300999641418457,47.09000015258789,156.6999969482422,110.08999633789062,54.810001373291016,112.03666687011719,62.7599983215332,545.02001953125,43.529998779296875,131.77999877929688,47.06999969482422,46.494998931884766,34.25,132.2100067138672,113.63999938964844,148.8000030517578,63.529998779296875,277.4800109863281,485.44000244140625,47.77399826049805,37.34000015258789,79.68000030517578,45.86000061035156,136.4199981689453,186.3800048828125,72.88999938964844,146.2899932861328,362.9599914550781,28.469999313354492,173.85000610351562,132.2899932861328,367.0,120.37999725341797,100.36000061035156,86.12999725341797,56.81999969482422,14.411999702453613,47.650001525878906,159.17999267578125,110.27999877929688,55.11000061035156,112.46666717529297,62.93000030517578,546.9500122070312,43.599998474121094,132.92999267578125,47.81999969482422,46.63999938964844,34.27000045776367,132.55999755859375,113.98999786376953,144.6999969482422,61.400001525878906,267.75,469.6099853515625,46.15700149536133,36.72999954223633,78.41999816894531,45.209999084472656,132.61000061035156,182.11000061035156,70.47000122070312,141.3300018310547,358.5199890136719,27.889999389648438,171.44000244140625,130.47999572753906,357.5,117.66000366210938,97.66999816894531,85.11000061035156,55.459999084472656,13.954000473022461,46.75,155.7100067138672,106.26000213623047,52.810001373291016,109.23666381835938,61.970001220703125,535.469970703125,42.7599983215332,128.82000732421875,46.810001373291016,45.724998474121094,33.939998626708984,130.52999877929688,112.12999725341797,145.27999877929688,62.93000030517578,268.1499938964844,474.8299865722656,46.676998138427734,37.0099983215332,78.70999908447266,45.47999954223633,132.75,182.5,71.73999786376953,142.77999877929688,360.010009765625,28.360000610351562,171.6699981689453,131.0,358.0,118.08999633789062,98.5,85.5199966430664,56.43000030517578,14.227999687194824,47.15999984741211,158.25999450683594,107.4800033569336,53.0,110.68333435058594,62.619998931884766,538.1699829101562,43.20000076293945,129.0800018310547,47.130001068115234,45.80500030517578,34.15999984741211,131.02000427246094,112.41000366210938,4304000,62722500,2926700,1429400,17687000,37533700,7683400,11792300,6882400,7578000,9347000,4494800,2526900,34389800,6621000,12011200,2560300,4505800,8644500,4599600,11411300,410061000,20304400,2256300,7570800,19928100,3548700,8507100,2540300,12207000,3767900,17713300,38775400,30060300,6054400,16008000
2022-11-08,130.92662048339844,63.849998474121094,260.06280517578125,488.2766418457031,45.61802673339844,33.9107780456543,68.50533294677734,40.94607925415039,118.88658142089844,159.11097717285156,62.0640983581543,128.9190216064453,333.64691162109375,27.462631225585938,156.83370971679688,120.91667175292969,355.8502502441406,109.90099334716797,91.34520721435547,76.22418212890625,56.51350021362305,14.582878112792969,38.513912200927734,138.4310302734375,103.80154418945312,50.26023864746094,111.5499038696289,61.53078079223633,517.9192504882812,37.481685638427734,118.471435546875,43.16215896606445,41.3473014831543,32.45637130737305,125.3869857788086,100.64646911621094,148.52999877929688,63.849998474121094,292.3900146484375,503.5899963378906,48.21099853515625,37.11000061035156,79.9800033569336,46.119998931884766,134.44000244140625,185.33999633789062,71.98999786376953,148.25999450683594,364.0199890136719,28.479999542236328,173.83999633789062,131.4499969482422,366.6600036621094,119.0999984741211,101.5,85.27999877929688,57.4900016784668,14.60200023651123,47.349998474121094,158.66000366210938,112.54000091552734,54.689998626708984,114.50333404541016,65.0199966430664,553.0499877929688,44.16999816894531,132.25,47.18000030517578,46.540000915527344,34.45000076293945,132.8699951171875,114.0,151.6300048828125,64.95999908447266,296.6700134277344,505.989990234375,48.880001068115234,37.41999816894531,80.44000244140625,46.529998779296875,135.27999877929688,186.25,72.48999786376953,149.22000122070312,367.19000244140625,28.950000762939453,174.69000244140625,132.05999755859375,368.75,119.62999725341797,101.97000122070312,86.2300033569336,57.869998931884766,14.890999794006348,47.75,160.16000366210938,114.88999938964844,55.119998931884766,115.85333251953125,65.75,554.7999877929688,44.36000061035156,133.11000061035156,47.470001220703125,46.7400016784668,34.619998931884766,133.88999938964844,114.66000366210938,147.9600067138672,62.369998931884766,282.2200012207031,491.05999755859375,47.349998474121094,36.75,78.86000061035156,45.630001068115234,132.22999572753906,183.86000061035156,70.38999938964844,144.50999450683594,361.4599914550781,27.93000030517578,172.17999267578125,130.13999938964844,361.92999267578125,117.31999969482422,99.52999877929688,84.51000213623047,56.47999954223633,14.215999603271484,46.75,156.13999938964844,109.91999816894531,54.18000030517578,112.18333435058594,64.22000122070312,542.0,43.470001220703125,129.52999877929688,46.720001220703125,45.970001220703125,34.09000015258789,131.3300018310547,112.5999984741211,148.8300018310547,64.08999633789062,282.57000732421875,498.25,48.125,37.09000015258789,79.19000244140625,45.79999923706055,134.3000030517578,185.32000732421875,72.19000244140625,145.0,362.29998779296875,28.760000228881836,173.1300048828125,131.24000549316406,365.1499938964844,119.43000030517578,100.06999969482422,85.61000061035156,57.380001068115234,14.800999641418457,47.040000915527344,156.63999938964844,111.56999969482422,54.810001373291016,114.13333129882812,64.37000274658203,547.0499877929688,43.75,131.82000732421875,47.25,46.404998779296875,34.2599983215332,132.24000549316406,113.4800033569336,4637500,75938000,6911300,2316100,20743000,32664300,8514600,16737100,5039800,6308200,8450300,3982500,3501300,36258000,5148400,9884100,3278600,2108700,8503900,4850300,14190100,595292000,18054500,3290400,9383600,15249600,3901200,14102800,2797000,12794700,3736900,14842700,43718600,34839600,8930700,14661000
2022-11-09,130.12448120117188,59.91999816894531,257.62579345703125,474.5763854980469,44.4220085144043,33.37163543701172,68.33399963378906,40.271339416503906,110.76864624023438,152.7495880126953,57.55521011352539,121.4061508178711,331.7955017089844,26.536924362182617,155.57968139648438,119.34373474121094,352.5601501464844,106.91123962402344,91.42618560791016,74.5885009765625,55.019309997558594,13.757959365844727,38.00148010253906,135.71751403808594,101.85538482666016,48.77145767211914,107.98432159423828,61.51184844970703,506.3161926269531,36.692508697509766,114.66422271728516,42.055206298828125,39.32612991333008,31.909927368164062,124.03753662109375,96.14385986328125,147.6199951171875,59.91999816894531,289.6499938964844,489.4599914550781,46.946998596191406,36.52000045776367,79.77999877929688,45.36000061035156,125.26000213623047,177.92999267578125,66.76000213623047,139.6199951171875,362.0,27.520000457763672,172.4499969482422,129.74000549316406,363.2699890136719,115.86000061035156,101.58999633789062,83.44999694824219,55.970001220703125,13.776000022888184,46.720001220703125,155.5500030517578,110.43000030517578,53.06999969482422,110.84333038330078,65.0,540.6599731445312,43.2400016784668,128.0,45.970001220703125,44.26499938964844,33.869998931884766,131.44000244140625,108.9000015258789,150.57000732421875,63.04999923706055,296.2200012207031,504.2200012207031,47.900001525878906,36.959999084472656,81.16999816894531,45.86000061035156,132.57000732421875,183.80999755859375,70.73999786376953,146.4199981689453,367.1499938964844,28.299999237060547,175.0,131.42999267578125,369.79998779296875,119.41000366210938,103.76000213623047,85.33999633789062,56.650001525878906,14.211000442504883,47.5,157.67999267578125,113.51000213623047,54.09000015258789,113.01000213623047,66.5999984741211,554.6099853515625,43.880001068115234,133.5500030517578,47.0,46.05500030517578,34.349998474121094,133.5500030517578,113.27999877929688,147.0399932861328,59.79999923706055,289.260009765625,488.9100036621094,46.90299987792969,36.38999938964844,79.58999633789062,45.150001525878906,124.88999938964844,177.22000122070312,66.72000122070312,139.41000366210938,360.8800048828125,27.520000457763672,172.33999633789062,129.22000122070312,361.9100036621094,115.72000122070312,101.27999877929688,83.19000244140625,55.5099983215332,13.758999824523926,46.70000076293945,154.11000061035156,110.2699966430664,52.790000915527344,110.67333221435547,64.94999694824219,539.4400024414062,43.15999984741211,127.26000213623047,45.95000076293945,44.165000915527344,33.79999923706055,131.27999877929688,108.56999969482422,148.58999633789062,62.279998779296875,290.0,494.510009765625,47.849998474121094,36.880001068115234,79.58999633789062,45.72999954223633,132.4600067138672,183.61000061035156,70.4800033569336,145.75999450683594,362.95001220703125,28.219999313354492,174.27000427246094,131.32000732421875,368.44000244140625,118.44000244140625,101.30000305175781,84.87999725341797,56.220001220703125,14.161999702453613,47.15999984741211,157.11000061035156,111.45999908447266,54.09000015258789,112.5633316040039,66.52999877929688,553.780029296875,43.790000915527344,131.57000732421875,46.79999923706055,45.90999984741211,34.220001220703125,132.66000366210938,113.0999984741211,4573700,62940300,3469100,1302600,23695000,30164400,9586300,13299000,7069500,8021700,9463400,5018600,3047200,30544800,6150000,9494000,2323700,2882400,10602900,5200800,19952500,454414000,15348100,2438100,9581300,21809000,3578700,15086800,2672600,9423000,4125900,18318700,63028000,42126200,8963500,19522800
2022-11-10,131.97557067871094,68.47000122070312,258.8354187011719,543.7373657226562,47.93247985839844,34.84284210205078,67.99140930175781,42.98804473876953,114.48273468017578,155.6427001953125,59.46910858154297,123.74520874023438,346.7445983886719,28.69690704345703,157.40206909179688,124.25582122802734,357.8494873046875,109.9748306274414,91.69617462158203,79.37039947509766,59.246273040771484,15.729373931884766,38.53831481933594,142.9593048095703,111.30949401855469,48.79902648925781,119.15847778320312,67.03844451904297,509.603271484375,38.07569122314453,118.65058135986328,43.8665885925293,40.20123291015625,33.52096939086914,127.18940734863281,97.55645751953125,149.72000122070312,68.47000122070312,291.010009765625,560.7899780273438,50.65700149536133,38.130001068115234,79.37999725341797,48.41999816894531,129.4600067138672,181.3000030517578,68.9800033569336,142.30999755859375,378.30999755859375,29.760000228881836,174.47000122070312,135.0800018310547,368.7200012207031,119.18000030517578,101.88999938964844,88.80000305175781,60.27000045776367,15.75,47.380001068115234,163.85000610351562,120.68000030517578,53.099998474121094,122.3133316040039,70.83999633789062,544.1699829101562,44.869998931884766,132.4499969482422,47.95000076293945,45.25,35.58000183105469,134.77999877929688,110.5,150.66000366210938,68.80000305175781,294.4800109863281,561.8200073242188,50.71699905395508,38.220001220703125,80.76000213623047,48.7599983215332,129.77000427246094,182.3300018310547,69.72000122070312,143.36000061035156,380.42999267578125,29.829999923706055,174.77000427246094,135.25,369.0,119.43000030517578,102.80999755859375,88.9800033569336,60.380001068115234,15.77299976348877,47.75,164.47000122070312,121.0,54.15999984741211,122.61666870117188,70.87000274658203,551.7000122070312,45.02000045776367,132.60000610351562,48.11000061035156,45.29999923706055,35.630001068115234,135.0500030517578,110.69999694824219,147.75,63.619998931884766,285.3500061035156,520.3599853515625,48.71900177001953,37.13999938964844,78.62999725341797,46.560001373291016,125.56999969482422,178.0399932861328,66.83999633789062,139.05999755859375,369.739990234375,28.649999618530273,172.0399932861328,132.52999877929688,363.0,116.48999786376953,100.5999984741211,86.5199966430664,58.060001373291016,14.54699993133545,46.849998474121094,159.67999267578125,114.52999877929688,52.45000076293945,116.2066650390625,67.31999969482422,533.9500122070312,43.90999984741211,128.1999969482422,46.93000030517578,44.25,34.810001373291016,132.66000366210938,107.56999969482422,150.66000366210938,64.30000305175781,294.0799865722656,531.5,49.099998474121094,37.29999923706055,80.75,46.709999084472656,128.10000610351562,182.22999572753906,68.55000305175781,143.36000061035156,370.0,28.8799991607666,174.35000610351562,132.6300048828125,367.239990234375,118.44000244140625,102.69999694824219,86.69000244140625,58.599998474121094,14.800000190734863,47.529998779296875,160.35000610351562,115.91000366210938,53.790000915527344,117.18333435058594,67.73999786376953,548.9299926757812,44.0,130.72000122070312,47.02000045776367,45.18000030517578,34.900001525878906,134.47000122070312,110.19000244140625,5607700,107996300,4083200,3518000,33970000,45702800,9884500,27915500,7543900,6981500,8089800,2988100,3790400,62943900,7877500,16351600,2994000,2875400,9556000,10013900,24982500,700819000,20480600,2781800,11673200,13088700,5347500,21367900,3426400,14064600,2916300,23091900,58488200,67677700,12416800,20146700
2022-11-11,132.36343383789062,72.37000274658203,253.50765991210938,558.9114990234375,49.02251434326172,35.09870529174805,65.06206512451172,44.55948257446289,118.46211242675781,160.0724639892578,61.900306701660156,127.9190444946289,353.0321960449219,29.342973709106445,152.69271850585938,124.45819091796875,341.9136047363281,111.86647033691406,88.15935516357422,81.14012908935547,61.45806121826172,16.305618286132812,38.717254638671875,144.62576293945312,112.00127410888672,50.37971496582031,122.80524444580078,69.86801147460938,488.9165954589844,38.11811447143555,120.00330352783203,43.50065231323242,41.369503021240234,33.794185638427734,125.63233947753906,100.6023178100586,150.16000366210938,72.37000274658203,285.0199890136719,576.4400024414062,51.808998107910156,38.40999984741211,75.95999908447266,50.189998626708984,133.9600067138672,186.4600067138672,71.80000305175781,147.11000061035156,385.1700134277344,30.43000030517578,169.25,135.3000030517578,352.29998779296875,121.2300033569336,97.95999908447266,90.77999877929688,62.52000045776367,16.32699966430664,47.599998474121094,165.75999450683594,121.43000030517578,54.81999969482422,126.0566635131836,73.83000183105469,522.0800170898438,44.91999816894531,133.9600067138672,47.54999923706055,46.564998626708984,35.869998931884766,133.1300048828125,113.94999694824219,150.52000427246094,73.31999969482422,289.3599853515625,578.6199951171875,51.900001525878906,38.599998474121094,78.45999908447266,50.56999969482422,134.85000610351562,187.10000610351562,72.98999786376953,148.13999938964844,387.0,30.6299991607666,173.11000061035156,136.1699981689453,367.8299865722656,122.69000244140625,100.80999755859375,91.69000244140625,63.18000030517578,16.388999938964844,47.70000076293945,167.5,122.16000366210938,55.2599983215332,126.79666900634766,74.5999984741211,546.280029296875,45.04999923706055,136.1699981689453,48.36000061035156,46.80500030517578,36.029998779296875,134.6300048828125,114.5,145.75,68.29000091552734,279.6199951171875,558.489990234375,50.20000076293945,37.970001220703125,74.55000305175781,48.439998626708984,130.55999755859375,183.88999938964844,70.2699966430664,144.49000549316406,378.75,28.8700008392334,166.82000732421875,133.77999877929688,344.5199890136719,119.8499984741211,97.33000183105469,89.0,59.880001068115234,15.482000350952148,46.310001373291016,164.16000366210938,118.98999786376953,54.16999816894531,121.50333404541016,72.37999725341797,509.6499938964844,44.439998626708984,132.6999969482422,47.33000183105469,46.005001068115234,35.630001068115234,131.39999389648438,112.48999786376953,149.5399932861328,69.58000183105469,288.54998779296875,560.780029296875,50.47999954223633,38.189998626708984,78.0999984741211,48.5,131.1999969482422,184.0500030517578,70.44999694824219,145.30999755859375,380.0,28.93000030517578,172.72999572753906,135.19000244140625,366.1600036621094,120.72000122070312,100.52999877929688,89.0,60.650001525878906,15.807000160217285,47.06999969482422,164.94000244140625,118.98999786376953,54.189998626708984,122.91000366210938,72.73999786376953,546.280029296875,44.439998626708984,134.44000244140625,48.099998474121094,46.1150016784668,35.7599983215332,134.61000061035156,112.58000183105469,6786400,111709500,3255100,1982800,26728000,35688700,18317600,26009200,8662000,8428300,9500400,3072000,3409100,49826500,11074700,10704700,6646300,3390200,13342800,9119100,17579400,655487000,20909800,2754900,9433800,14725000,6114000,15524700,7034300,10692700,4438000,18076600,51082600,46076100,10487200,20518900
2022-11-14,133.75613403320312,73.52999877929688,253.7567138671875,560.2495727539062,48.56170654296875,34.504737854003906,65.43038940429688,43.5207405090332,118.08928680419922,160.1497344970703,61.64165115356445,127.11033630371094,350.4566955566406,29.26582908630371,155.09249877929688,123.17955780029297,346.5267028808594,111.22053527832031,90.31023406982422,80.27312469482422,60.73063659667969,16.27366065979004,40.05122375488281,142.47068786621094,111.42019653320312,49.690467834472656,121.46082305908203,68.89328002929688,481.11566162109375,37.210140228271484,122.5473861694336,42.878562927246094,41.356178283691406,33.31370162963867,125.74555969238281,100.89601135253906,151.74000549316406,73.52999877929688,285.29998779296875,577.8200073242188,51.321998596191406,37.7599983215332,76.38999938964844,49.02000045776367,133.02999877929688,186.5500030517578,71.5,146.17999267578125,382.3599853515625,30.350000381469727,171.91000366210938,133.91000366210938,356.05999755859375,120.52999877929688,100.3499984741211,89.80999755859375,61.779998779296875,16.295000076293945,49.2400016784668,163.2899932861328,120.80000305175781,54.06999969482422,124.67666625976562,72.80000305175781,513.75,43.849998474121094,136.8000030517578,46.869998931884766,46.54999923706055,35.36000061035156,133.25,113.37000274658203,154.5399932861328,75.25,290.8999938964844,590.2999877929688,52.50199890136719,38.2599983215332,77.83999633789062,49.97999954223633,135.67999267578125,189.67999267578125,72.93000030517578,150.0500030517578,387.29998779296875,30.989999771118164,173.25999450683594,135.72999572753906,360.79998779296875,123.12000274658203,101.69000244140625,91.36000061035156,62.75,16.540000915527344,49.81999969482422,165.89999389648438,123.20999908447266,56.040000915527344,127.12666320800781,73.68000030517578,528.97998046875,45.060001373291016,140.19000244140625,47.56999969482422,47.35499954223633,35.79999923706055,134.83999633789062,114.63999938964844,150.97999572753906,72.66999816894531,284.70001220703125,573.8800048828125,51.29999923706055,37.75,76.16000366210938,49.02000045776367,132.27999877929688,186.17999267578125,71.12999725341797,146.0500030517578,380.5,30.18000030517578,170.25,133.91000366210938,340.1199951171875,120.41000366210938,98.69999694824219,89.79000091552734,60.9900016784668,15.92199993133545,47.93000030517578,163.22000122070312,120.26000213623047,53.869998931884766,124.63333129882812,72.23999786376953,513.4099731445312,43.810001373291016,134.25,46.869998931884766,46.42499923706055,35.33000183105469,133.1999969482422,112.48999786376953,150.97999572753906,75.22000122070312,284.70001220703125,574.780029296875,51.53900146484375,38.09000015258789,76.58999633789062,49.939998626708984,132.3800048828125,186.30999755859375,71.3499984741211,146.72999572753906,384.0,30.34000015258789,170.25,134.8000030517578,359.07000732421875,121.1500015258789,98.69999694824219,90.2699966430664,61.939998626708984,16.218000411987305,47.9900016784668,165.5500030517578,120.73999786376953,54.619998931884766,125.37333679199219,73.23999786376953,522.0,44.959999084472656,134.2899932861328,47.20000076293945,46.43000030517578,35.77000045776367,133.52999877929688,112.62999725341797,7077100,108892800,2812800,1806400,21608000,35541400,14169500,19631600,6163400,9722400,6600600,2992200,2609100,39395300,6581500,11085600,4717400,2839000,8958200,4873400,13988200,527852000,26143000,2741600,6971000,9089200,3683100,11575300,5238400,8209800,4593700,13929900,46245200,38002700,10552600,20858300
2022-11-15,134.90208435058594,76.37000274658203,252.24468994140625,579.3019409179688,49.62146759033203,34.449913024902344,65.33616638183594,43.529624938964844,119.03023529052734,161.43746948242188,63.469356536865234,128.08424377441406,350.9332580566406,29.61297035217285,155.52552795410156,122.28731536865234,340.5802917480469,111.42481994628906,89.6352767944336,80.8898696899414,62.02821350097656,16.644174575805664,39.50625228881836,143.2123260498047,116.23487091064453,50.241859436035156,124.98097229003906,76.1422119140625,471.0578918457031,37.142250061035156,126.05004119873047,42.73218536376953,41.79151153564453,33.389068603515625,125.5851821899414,101.5723876953125,153.0399932861328,76.37000274658203,283.6000061035156,597.469970703125,52.44200134277344,37.70000076293945,76.27999877929688,49.029998779296875,134.08999633789062,188.0500030517578,73.62000274658203,147.3000030517578,382.8800048828125,30.709999084472656,172.38999938964844,132.94000244140625,349.95001220703125,120.0,99.5999984741211,90.5,63.099998474121094,16.666000366210938,48.56999969482422,164.13999938964844,126.0199966430664,54.66999816894531,128.2899932861328,80.45999908447266,503.010009765625,43.77000045776367,140.7100067138672,46.709999084472656,47.040000915527344,35.439998626708984,133.0800018310547,114.12999725341797,153.4199981689453,79.16000366210938,289.42999267578125,608.3200073242188,53.25699996948242,38.29999923706055,76.7699966430664,50.41999816894531,134.83999633789062,188.44000244140625,73.9800033569336,147.50999450683594,389.5799865722656,31.34000015258789,173.0,135.7100067138672,356.989990234375,121.41999816894531,100.73999786376953,91.86000061035156,64.44000244140625,16.99799919128418,49.529998779296875,167.6300048828125,128.1300048828125,55.0,130.19667053222656,82.93000030517578,516.6400146484375,44.529998779296875,141.1300048828125,47.5099983215332,47.15999984741211,35.880001068115234,134.66000366210938,114.52999877929688,149.9600067138672,75.38999938964844,280.2200012207031,586.5399780273438,51.590999603271484,37.29999923706055,75.2699966430664,48.4900016784668,131.91000366210938,185.27000427246094,71.41999816894531,145.08999633789062,380.6499938964844,30.170000076293945,170.52000427246094,131.60000610351562,346.3599853515625,118.19000244140625,98.70999908447266,89.36000061035156,62.41999816894531,16.381999969482422,48.18000030517578,161.47999572753906,123.41999816894531,53.58000183105469,126.55000305175781,80.01000213623047,500.7699890136719,43.31999969482422,136.89999389648438,46.2400016784668,46.41999816894531,35.08000183105469,131.97000122070312,112.87000274658203,153.38999938964844,77.26000213623047,286.0199890136719,606.75,52.99599838256836,38.189998626708984,76.41000366210938,49.83000183105469,133.58999633789062,187.1199951171875,72.25,146.85000610351562,385.9800109863281,31.100000381469727,172.19000244140625,134.67999267578125,356.94000244140625,120.87999725341797,100.4000015258789,91.06999969482422,63.5,16.722000122070312,49.34000015258789,165.42999267578125,125.6500015258789,54.45000076293945,129.8433380126953,81.91999816894531,512.8099975585938,44.4900016784668,138.2899932861328,47.380001068115234,46.724998474121094,35.7400016784668,134.10000610351562,113.80000305175781,5909500,108946300,2763200,1669400,23315000,46082800,11212300,19839400,8300600,7747300,8500600,2786000,3192400,40933200,9351000,14038300,4180700,3580700,7965900,7336100,16325000,545876000,25440500,2210400,12470200,9513400,4897800,48742400,5103800,11171700,4765800,19076000,51542200,57802100,8184100,19373800
2022-11-16,133.87075805664062,72.69999694824219,254.1343231201172,559.1634521484375,48.420719146728516,34.13922882080078,65.22480010986328,42.94365692138672,114.72494506835938,158.81048583984375,61.50371551513672,124.73649597167969,350.42913818359375,28.47512435913086,156.49085998535156,122.452880859375,343.4804992675781,111.29483795166016,89.93225860595703,80.28207397460938,57.87005615234375,15.889163970947266,39.083290100097656,141.03977966308594,111.3556137084961,48.697940826416016,119.82091522216797,75.18640899658203,479.02728271484375,36.429447174072266,122.2612075805664,42.27476119995117,40.93862533569336,33.22890853881836,125.52857208251953,100.48662567138672,151.8699951171875,72.69999694824219,283.7699890136719,576.7000122070312,51.17300033569336,37.36000061035156,76.1500015258789,48.369998931884766,129.24000549316406,184.99000549316406,71.33999633789062,143.4499969482422,382.3299865722656,29.530000686645508,173.4600067138672,133.1199951171875,352.92999267578125,119.86000061035156,99.93000030517578,89.81999969482422,58.869998931884766,15.90999984741211,48.04999923706055,161.64999389648438,120.7300033569336,52.9900016784668,122.99333190917969,79.44999694824219,511.5199890136719,42.93000030517578,135.52999877929688,46.209999084472656,46.08000183105469,35.27000045776367,133.02000427246094,112.91000366210938,156.69000244140625,74.83000183105469,286.989990234375,583.9500122070312,51.854000091552734,37.7400016784668,77.75,48.959999084472656,133.5,187.82000732421875,73.04000091552734,146.85000610351562,385.3999938964844,30.229999542236328,174.99000549316406,133.55999755859375,356.8800048828125,120.54000091552734,100.80000305175781,90.47000122070312,61.380001068115234,16.36199951171875,49.060001373291016,164.58999633789062,123.83999633789062,54.61000061035156,125.61666870117188,80.56999969482422,514.1300048828125,43.810001373291016,138.92999267578125,46.849998474121094,46.904998779296875,35.5099983215332,134.30999755859375,114.26000213623047,151.22999572753906,71.93000030517578,282.55999755859375,573.7999877929688,51.02799987792969,37.20000076293945,76.0199966430664,48.13999938964844,129.08999633789062,183.67999267578125,70.93000030517578,142.92999267578125,380.010009765625,29.440000534057617,173.1300048828125,132.02999877929688,349.9599914550781,118.13999938964844,99.48999786376953,89.05999755859375,58.119998931884766,15.873000144958496,48.04999923706055,161.52000427246094,119.95999908447266,52.61000061035156,122.21666717529297,78.9000015258789,505.4700012207031,42.81999969482422,134.6999969482422,46.029998779296875,45.84000015258789,35.150001525878906,132.7899932861328,111.86000061035156,153.44000244140625,73.66000366210938,284.0199890136719,583.52001953125,51.672000885009766,37.61000061035156,76.55999755859375,48.880001068115234,132.5800018310547,186.5399932861328,72.19000244140625,145.66000366210938,383.2099914550781,30.110000610351562,173.63999938964844,133.0,350.0,118.7300033569336,99.58000183105469,90.47000122070312,60.529998779296875,16.16200065612793,48.79999923706055,164.1699981689453,123.19999694824219,54.150001525878906,125.36666870117188,80.55999755859375,505.8900146484375,43.7599983215332,137.5399932861328,46.66999816894531,46.619998931884766,35.41999816894531,133.41000366210938,113.44000244140625,7358700,79968000,2443500,1418900,25405000,23813000,10132600,18052100,7365600,7941100,8881400,2505300,2303700,35582800,5500900,7893400,3563800,2758500,8757700,4368600,25901900,649547000,15822200,1951200,9561700,13414600,4775700,24006600,3430800,9896200,4649700,14713300,47277200,32852400,6122200,13591000
2022-11-17,134.1263885498047,73.9000015258789,257.2956848144531,571.1185913085938,48.45667266845703,33.96560287475586,66.08991241455078,42.83712387084961,116.45594787597656,159.2603759765625,61.20198440551758,125.64082336425781,348.0919494628906,28.8222599029541,157.75387573242188,121.91936492919922,351.1105651855469,111.79624938964844,92.07415008544922,79.50446319580078,57.74225997924805,15.656469345092773,39.31103515625,138.5531463623047,113.32023620605469,48.5509033203125,120.75940704345703,77.10747528076172,482.57659912109375,36.29367446899414,124.408203125,42.07350158691406,41.0274658203125,33.049903869628906,125.471923828125,100.62012481689453,152.16000366210938,73.9000015258789,287.29998779296875,589.030029296875,51.21099853515625,37.16999816894531,77.16000366210938,48.25,131.19000244140625,184.08999633789062,70.98999786376953,144.49000549316406,379.7799987792969,29.889999389648438,174.86000061035156,132.5399932861328,360.7699890136719,120.4000015258789,102.30999755859375,88.94999694824219,58.7400016784668,15.677000045776367,48.33000183105469,158.8000030517578,122.86000061035156,52.83000183105469,123.9566650390625,81.4800033569336,515.3099975585938,42.77000045776367,137.91000366210938,45.9900016784668,46.18000030517578,35.08000183105469,132.9600067138672,113.05999755859375,153.07000732421875,74.37999725341797,288.79998779296875,590.4500122070312,51.27399826049805,37.20000076293945,77.56999969482422,48.2599983215332,131.3699951171875,184.22999572753906,71.0199966430664,144.6300048828125,381.7200012207031,29.950000762939453,174.99000549316406,132.88999938964844,362.29998779296875,120.48999786376953,102.3499984741211,89.12000274658203,58.9900016784668,16.266000747680664,48.5,159.85000610351562,123.12000274658203,52.86000061035156,124.51000213623047,82.94000244140625,526.97998046875,42.83000183105469,137.99000549316406,46.16999816894531,46.220001220703125,35.099998474121094,133.5,113.19999694824219,149.97000122070312,70.16000366210938,282.6600036621094,568.9500122070312,50.31399917602539,36.560001373291016,75.63999938964844,47.400001525878906,127.02999877929688,180.27000427246094,68.55999755859375,140.0500030517578,375.010009765625,29.0,172.97999572753906,131.27999877929688,352.7099914550781,117.75,100.2699966430664,87.51000213623047,56.5099983215332,15.53499984741211,47.529998779296875,157.38999938964844,118.70999908447266,51.41999816894531,120.22333526611328,78.69000244140625,512.1599731445312,42.33000183105469,133.0500030517578,45.470001220703125,45.13999938964844,34.7599983215332,131.86000061035156,110.75,150.97000122070312,70.55999755859375,282.9200134277344,568.9600219726562,50.5,36.880001068115234,75.63999938964844,47.68000030517578,127.58999633789062,181.50999450683594,70.0,141.55999755859375,377.1499938964844,29.06999969482422,173.0,132.0,352.9100036621094,118.19000244140625,100.41000366210938,88.69000244140625,57.29999923706055,15.71500015258789,47.79999923706055,159.08999633789062,118.94999694824219,52.0,120.44000244140625,79.30000305175781,512.1599731445312,42.439998626708984,133.0800018310547,45.720001220703125,45.375,34.86000061035156,131.97000122070312,111.29000091552734,5069500,82320800,2172000,917900,20375000,23689700,7457700,11962700,5735800,6550500,8337800,2745200,2297600,31983300,4464100,8820200,2929700,3196800,8496800,4967300,14212300,710894000,13231100,2031000,7273700,9868200,3961500,24278400,4246300,6376600,2897600,11350900,42859800,35706900,6498700,12425900
2022-11-18,136.61216735839844,73.56999969482422,257.2867431640625,575.1229858398438,48.74527359008789,33.9838752746582,66.33829498291016,43.20112228393555,114.14795684814453,158.30874633789062,60.02086639404297,122.62349700927734,347.5603942871094,28.802978515625,158.96282958984375,123.11518096923828,351.986572265625,112.52051544189453,93.80206298828125,79.72789764404297,57.584983825683594,15.38882064819336,39.22969436645508,140.61227416992188,114.23335266113281,49.111488342285156,121.02893829345703,77.8550796508789,496.3333740234375,36.811309814453125,124.14657592773438,42.540061950683594,40.70319366455078,33.323116302490234,126.99122619628906,99.74796295166016,154.97999572753906,73.56999969482422,287.2900085449219,593.1599731445312,51.51599884033203,37.189998626708984,77.44999694824219,48.65999984741211,128.58999633789062,182.99000549316406,69.62000274658203,141.02000427246094,379.20001220703125,29.8700008392334,176.1999969482422,133.83999633789062,361.6700134277344,121.18000030517578,104.2300033569336,89.19999694824219,58.58000183105469,15.409000396728516,48.22999954223633,161.16000366210938,123.8499984741211,53.439998626708984,124.23332977294922,82.2699966430664,530.0,43.380001068115234,137.6199951171875,46.5,45.814998626708984,35.369998931884766,134.57000732421875,112.08000183105469,155.63999938964844,75.3499984741211,288.739990234375,599.9299926757812,51.77299880981445,37.849998474121094,78.13999938964844,49.06999969482422,129.1999969482422,183.41000366210938,69.83999633789062,141.24000549316406,382.8299865722656,30.260000228881836,176.63999938964844,134.6699981689453,364.6700134277344,121.83000183105469,104.5999984741211,90.37000274658203,59.65999984741211,16.00200080871582,48.83000183105469,161.72000122070312,124.48999786376953,53.61000061035156,126.0566635131836,82.83999633789062,533.0,43.4900016784668,138.2899932861328,46.77000045776367,45.939998626708984,35.599998474121094,134.8000030517578,112.4800033569336,153.6699981689453,72.18000030517578,284.42999267578125,584.7999877929688,51.099998474121094,36.91999816894531,76.9800033569336,48.15999984741211,126.5,179.64999389648438,67.5999984741211,138.41000366210938,377.3900146484375,29.610000610351562,174.6199951171875,132.27999877929688,359.3500061035156,117.97000122070312,102.62999725341797,88.58999633789062,58.099998474121094,15.119999885559082,47.869998931884766,159.85000610351562,122.12999725341797,50.880001068115234,122.88999938964844,81.0,519.4600219726562,42.88999938964844,133.3300018310547,45.970001220703125,44.755001068115234,35.08000183105469,133.64999389648438,109.61000061035156,153.6699981689453,75.06999969482422,284.42999267578125,599.6199951171875,51.6870002746582,37.790000915527344,77.52999877929688,48.72999954223633,128.41000366210938,180.9600067138672,69.0199966430664,140.86000061035156,381.2799987792969,30.260000228881836,175.0,134.57000732421875,362.54998779296875,118.69000244140625,102.62999725341797,90.2699966430664,59.560001373291016,15.965999603271484,48.63999938964844,161.33999633789062,124.04000091552734,51.849998474121094,126.02999877929688,82.77999877929688,522.1199951171875,43.34000015258789,134.5,46.720001220703125,45.32500076293945,35.54999923706055,134.08999633789062,110.9000015258789,5691100,73223200,2371700,1115300,14536000,32041800,9229700,12884300,5727200,7661500,10216600,3567300,2384500,27122200,6555700,9468500,2420900,3783500,11626300,5450700,9703700,492072000,20666500,1853100,6436600,12140200,3105300,18578400,3566000,6159700,3388300,10515300,47366200,39455400,6720700,15415000
2022-11-21,138.48976135253906,72.45999908447266,258.0658874511719,562.6443481445312,48.96101760864258,34.093536376953125,67.63166046142578,43.39645004272461,111.3961181640625,156.79478454589844,57.925926208496094,121.61483001708984,348.48602294921875,27.906200408935547,159.77999877929688,122.38849639892578,351.4998779296875,111.71266174316406,95.04400634765625,79.62065887451172,56.1890983581543,15.296941757202148,39.18902587890625,141.9210205078125,110.86674499511719,48.036258697509766,119.02207946777344,75.64065551757812,484.3371887207031,36.81979751586914,122.64913940429688,42.851112365722656,40.15237045288086,33.426753997802734,127.04785919189453,98.76007843017578,157.11000061035156,72.45999908447266,288.1600036621094,580.2899780273438,51.74399948120117,37.310001373291016,78.95999908447266,48.880001068115234,125.48999786376953,181.24000549316406,67.19000244140625,139.86000061035156,380.2099914550781,28.940000534057617,175.97000122070312,133.0500030517578,361.1700134277344,120.30999755859375,105.61000061035156,89.08000183105469,57.15999984741211,15.317000389099121,48.18000030517578,162.66000366210938,120.19999694824219,52.27000045776367,122.17333221435547,79.93000030517578,517.1900024414062,43.38999938964844,135.9600067138672,46.84000015258789,45.19499969482422,35.47999954223633,134.6300048828125,110.97000122070312,158.6300048828125,72.9800033569336,291.6000061035156,583.7899780273438,52.084999084472656,37.52000045776367,79.06999969482422,49.040000915527344,127.11000061035156,181.6999969482422,68.05000305175781,141.27000427246094,380.7699890136719,29.719999313354492,176.5500030517578,134.55999755859375,363.760009765625,120.79000091552734,105.87000274658203,89.68000030517578,58.02000045776367,15.47700023651123,48.279998779296875,163.33999633789062,122.5,52.689998626708984,123.31999969482422,81.02999877929688,531.9500122070312,43.84000015258789,137.11000061035156,47.09000015258789,45.314998626708984,35.54999923706055,135.2100067138672,111.19999694824219,154.42999267578125,71.56999969482422,287.8999938964844,575.0999755859375,51.111000061035156,37.060001373291016,77.62000274658203,48.279998779296875,121.80999755859375,175.82000732421875,65.0199966430664,134.41000366210938,375.4200134277344,28.90999984741211,174.8300018310547,132.75,355.3699951171875,116.58999633789062,104.2300033569336,88.56999969482422,56.81999969482422,15.079999923706055,47.720001220703125,160.22000122070312,120.0999984741211,48.86000061035156,121.78666687011719,79.47000122070312,515.3800048828125,43.2599983215332,132.0800018310547,46.380001068115234,43.64500045776367,35.279998779296875,134.13999938964844,107.4800033569336,155.39999389648438,72.20999908447266,289.0899963378906,581.2000122070312,51.29399871826172,37.09000015258789,77.6500015258789,48.65999984741211,125.04000091552734,179.72999572753906,67.5999984741211,137.55999755859375,378.8999938964844,29.65999984741211,175.88999938964844,133.74000549316406,360.3900146484375,119.97000122070312,105.0,89.05999755859375,58.02000045776367,15.147000312805176,48.099998474121094,161.0,121.08999633789062,51.2400016784668,122.87999725341797,80.80999755859375,529.010009765625,43.369998931884766,135.5800018310547,46.380001068115234,44.81999969482422,35.31999969482422,134.2899932861328,109.98999786376953,6492100,51536300,2795100,849800,18622000,27935700,8972400,9884100,6573200,8432900,15267300,4734700,1877500,36086800,5706600,7800500,1999200,5107400,8899300,4667100,9968400,404739000,14736000,1420700,8204200,18814400,1815000,18659700,3349600,9331900,3927500,11656800,85153600,24630900,7995200,20973000
2022-11-22,140.85211181640625,75.25,257.0717468261719,578.080322265625,50.1541862487793,34.258018493652344,67.54600524902344,43.795963287353516,115.3818359375,160.8175811767578,59.11564254760742,125.49298095703125,351.8406982421875,28.754762649536133,160.5518035888672,124.2190170288086,351.2176513671875,117.55319213867188,96.20494079589844,80.14801788330078,57.62430191040039,16.01699447631836,39.92108154296875,143.94522094726562,114.04889678955078,49.295291900634766,122.56818389892578,78.110595703125,489.8623962402344,37.261043548583984,128.07974243164062,43.098121643066406,41.409488677978516,33.76593017578125,128.1519775390625,101.61689758300781,159.7899932861328,75.25,287.04998779296875,596.2100219726562,53.005001068115234,37.4900016784668,78.86000061035156,49.33000183105469,129.97999572753906,185.88999938964844,68.56999969482422,144.32000732421875,383.8699951171875,29.81999969482422,176.82000732421875,135.0399932861328,360.8800048828125,126.5999984741211,106.9000015258789,89.66999816894531,58.619998931884766,16.038000106811523,49.08000183105469,164.97999572753906,123.6500015258789,53.63999938964844,125.8133316040039,82.54000091552734,523.0900268554688,43.90999984741211,141.97999572753906,47.11000061035156,46.61000061035156,35.84000015258789,135.8000030517578,114.18000030517578,159.8800048828125,75.33000183105469,289.3999938964844,596.530029296875,53.02799987792969,37.79999923706055,79.55999755859375,49.68000030517578,130.5500030517578,186.55999755859375,70.43000030517578,144.60000610351562,385.8299865722656,29.860000610351562,177.19000244140625,135.27000427246094,362.79998779296875,127.31999969482422,107.0999984741211,90.19000244140625,58.68000030517578,16.058000564575195,49.25,165.5,123.79000091552734,53.77000045776367,125.91000366210938,83.19000244140625,524.6599731445312,43.95000076293945,142.16000366210938,47.400001525878906,46.71500015258789,35.880001068115234,135.89999389648438,114.47000122070312,157.55999755859375,72.11000061035156,283.5199890136719,574.22998046875,51.9010009765625,37.43000030517578,78.77999877929688,49.130001068115234,126.45999908447266,183.0800018310547,67.58000183105469,140.5800018310547,381.3999938964844,29.059999465942383,176.3300018310547,133.69000244140625,357.29998779296875,121.83000183105469,106.05000305175781,89.30000305175781,56.97999954223633,15.121999740600586,48.2400016784668,163.80999755859375,120.02999877929688,51.83000183105469,122.1866683959961,81.2300033569336,519.9099731445312,43.45000076293945,137.5500030517578,46.90999984741211,45.54999923706055,35.66999816894531,134.92999267578125,111.43000030517578,157.69000244140625,72.72000122070312,288.010009765625,581.719970703125,52.297000885009766,37.59000015258789,79.01000213623047,49.13999938964844,128.0,183.75,68.12999725341797,142.0,381.3999938964844,29.139999389648438,176.39999389648438,134.0,362.0,121.98999786376953,106.12999725341797,89.58999633789062,57.54999923706055,15.32800006866455,48.34000015258789,164.1300048828125,120.83999633789062,53.02000045776367,123.22000122070312,81.3499984741211,519.9400024414062,43.540000915527344,138.5,47.130001068115234,45.7599983215332,35.66999816894531,134.9499969482422,112.20999908447266,5351100,55450200,3636000,1082400,18920000,23499300,7075000,13132000,5604200,9018000,14037100,3386300,2019400,25584100,4707900,9185700,2460400,4314000,8295700,3804100,8955700,472866000,16358600,1547700,7010200,8969800,3290700,16504700,2567400,6999000,3134400,11684900,53755000,29582300,5931100,17719100
2022-11-23,140.49954223632812,76.4000015258789,253.80294799804688,585.4879150390625,50.49387741088867,34.36766815185547,67.78582000732422,42.828250885009766,112.50572204589844,159.39013671875,58.451805114746094,124.0408706665039,354.0220947265625,28.61012077331543,160.7243194580078,125.54363250732422,352.03515625,116.6246566772461,96.13294219970703,80.38038635253906,57.929039001464844,16.497364044189453,39.73400115966797,145.2714080810547,115.43241119384766,47.25510025024414,124.04898834228516,77.5711669921875,496.0619201660156,37.43076705932617,125.58094787597656,43.29938507080078,40.96083450317383,33.90724182128906,128.6615447998047,101.10961151123047,159.38999938964844,76.4000015258789,283.3999938964844,603.8499755859375,53.36399841308594,37.61000061035156,79.13999938964844,48.2400016784668,126.73999786376953,184.24000549316406,67.80000305175781,142.64999389648438,386.25,29.670000076293945,177.00999450683594,136.47999572753906,361.7200012207031,125.5999984741211,106.81999969482422,89.93000030517578,58.93000030517578,16.518999099731445,48.849998474121094,166.5,125.1500015258789,51.41999816894531,127.33333587646484,81.97000122070312,529.7100219726562,44.11000061035156,139.2100067138672,47.33000183105469,46.10499954223633,35.9900016784668,136.33999633789062,113.61000061035156,160.94000244140625,78.22000122070312,289.5400085449219,610.0,54.14799880981445,37.65999984741211,79.22000122070312,49.470001220703125,129.22000122070312,185.14999389648438,68.33000183105469,143.5,388.20001220703125,30.079999923706055,177.39999389648438,136.5,362.4700012207031,127.3499984741211,107.30000305175781,90.44999694824219,59.060001373291016,16.527000427246094,49.220001220703125,166.88999938964844,127.04000091552734,52.88999938964844,128.55999755859375,82.94999694824219,530.4400024414062,44.15999984741211,141.5399932861328,47.5,46.400001525878906,36.08000183105469,136.5399932861328,113.94999694824219,158.82000732421875,75.30000305175781,281.6000061035156,595.1799926757812,52.880001068115234,37.369998931884766,78.52999877929688,47.849998474121094,125.80000305175781,182.5800018310547,66.70999908447266,140.5,383.4100036621094,29.489999771118164,176.00999450683594,134.86000061035156,358.6300048828125,124.27999877929688,106.30000305175781,89.66999816894531,57.75,16.04800033569336,48.52000045776367,164.5,123.29000091552734,51.060001373291016,125.663330078125,81.7300033569336,523.0,43.81999969482422,137.89999389648438,46.9900016784668,45.595001220703125,35.779998779296875,135.47999572753906,112.0999984741211,159.9499969482422,75.48999786376953,287.44000244140625,595.1799926757812,53.03499984741211,37.4900016784668,78.5999984741211,49.34000015258789,127.58999633789062,183.2100067138672,67.5,141.61000061035156,383.8999938964844,29.729999542236328,176.44000244140625,134.94000244140625,361.3399963378906,124.76000213623047,106.75,89.72000122070312,58.2400016784668,16.097999572753906,48.959999084472656,164.75,123.54000091552734,52.45000076293945,125.68000030517578,82.44000244140625,525.0,43.93000030517578,139.6199951171875,47.119998931884766,45.76499938964844,35.779998779296875,135.82000732421875,112.31999969482422,3221100,81623600,2875600,874700,13964000,18934700,5700200,22863300,7482600,5831200,9888800,2342000,1865400,23143900,5389200,7316200,1993000,3941400,5749600,4961400,8996800,427241000,10710800,1278200,5481500,10463200,3905400,14683800,2238300,6225700,2878200,10878500,41197400,27916900,5340600,11546700
2022-11-25,140.70225524902344,75.13999938964844,254.1074981689453,573.8431396484375,50.14094543457031,34.449913024902344,67.8714828491211,42.87263870239258,112.56788635253906,158.92295837402344,58.92597198486328,124.03218078613281,356.4143371582031,28.29191017150879,160.9331512451172,125.78280639648438,355.4706115722656,116.25323486328125,96.74491119384766,81.25633239746094,57.417877197265625,16.24869155883789,40.02680969238281,146.27474975585938,113.86441040039062,46.71289825439453,122.39607238769531,77.03176879882812,503.4693908691406,37.55805206298828,124.85022735595703,43.4000129699707,40.80980682373047,34.020301818847656,129.42593383789062,100.75363159179688,159.6199951171875,75.13999938964844,283.739990234375,591.8400268554688,52.99100112915039,37.70000076293945,79.23999786376953,48.290000915527344,126.80999755859375,183.6999969482422,68.3499984741211,142.63999938964844,388.8599853515625,29.34000015258789,177.24000549316406,136.74000549316406,365.25,125.19999694824219,107.5,90.91000366210938,58.40999984741211,16.270000457763672,49.209999084472656,167.64999389648438,123.44999694824219,50.83000183105469,125.63666534423828,81.4000015258789,537.6199951171875,44.2599983215332,138.39999389648438,47.439998626708984,45.935001373291016,36.11000061035156,137.14999389648438,113.20999908447266,160.75,76.04000091552734,285.57000732421875,597.9000244140625,53.45800018310547,37.869998931884766,79.77999877929688,48.529998779296875,127.7699966430664,185.3000030517578,69.0999984741211,144.91000366210938,389.44000244140625,29.68000030517578,178.1199951171875,137.13999938964844,365.8299865722656,127.62000274658203,107.5,91.08000183105469,59.130001068115234,16.48699951171875,49.220001220703125,168.82000732421875,125.36000061035156,51.52000045776367,127.0,82.37000274658203,540.8499755859375,44.38999938964844,140.97999572753906,47.63999938964844,46.459999084472656,36.15999984741211,137.25999450683594,114.61000061035156,159.24000549316406,74.75,281.4100036621094,591.8400268554688,52.948001861572266,37.560001373291016,79.13999938964844,48.130001068115234,126.5,183.30999755859375,67.95999908447266,142.44000244140625,385.17999267578125,29.34000015258789,176.86000061035156,136.05999755859375,361.54998779296875,125.06999969482422,106.55999755859375,89.47000122070312,58.38999938964844,16.172000885009766,48.84000015258789,167.0399932861328,123.4000015258789,50.529998779296875,125.63666534423828,81.4000015258789,532.52001953125,44.060001373291016,138.27999877929688,47.02000045776367,45.85499954223633,35.959999084472656,136.47999572753906,113.05999755859375,159.58999633789062,75.66999816894531,281.95001220703125,596.9299926757812,53.069000244140625,37.720001220703125,79.30999755859375,48.20000076293945,126.88999938964844,184.88999938964844,68.44999694824219,142.9199981689453,385.760009765625,29.68000030517578,177.3800048828125,136.47999572753906,362.8999938964844,126.22000122070312,106.55999755859375,89.6500015258789,58.66999816894531,16.31800079345703,48.93000030517578,167.9600067138672,124.86000061035156,51.13999938964844,126.5566635131836,82.13999938964844,534.0,44.25,139.5,47.36000061035156,46.1349983215332,36.029998779296875,136.5,113.87999725341797,1661900,26018900,1220700,408900,7455000,16118500,4735000,6823600,2547800,2796400,3520500,1430800,1129300,11314900,3058600,3220500,1039100,1588500,3163700,2450100,4360500,167934000,6760200,597500,3153800,4951900,1164000,5908300,1419200,2564600,998200,4913300,15182600,11266500,3256000,7136000
2022-11-28,139.65330505371094,73.19000244140625,253.10446166992188,565.6016845703125,49.412357330322266,33.68232727050781,67.78582000732422,41.93154525756836,109.93144226074219,154.30322265625,57.356910705566406,118.82356262207031,350.4566955566406,27.703699111938477,161.01486206054688,123.58433532714844,355.9766845703125,113.20761108398438,97.59984588623047,80.34465026855469,54.80305480957031,15.80627155303955,40.319637298583984,141.8773956298828,110.25801849365234,45.839839935302734,119.33706665039062,74.96875762939453,498.4593200683594,37.11680603027344,121.63874816894531,42.979190826416016,39.69038772583008,33.43618392944336,128.45396423339844,97.72770690917969,158.42999267578125,73.19000244140625,282.6199951171875,583.3400268554688,52.22100067138672,36.86000061035156,79.13999938964844,47.22999954223633,123.83999633789062,178.36000061035156,66.52999877929688,136.64999389648438,382.3599853515625,28.729999542236328,177.3300018310547,134.35000610351562,365.7699890136719,121.91999816894531,108.44999694824219,89.88999938964844,55.75,15.82699966430664,49.56999969482422,162.61000061035156,119.54000091552734,49.880001068115234,122.49666595458984,79.22000122070312,532.27001953125,43.7400016784668,134.83999633789062,46.97999954223633,44.67499923706055,35.4900016784668,136.1199951171875,109.80999755859375,160.72999572753906,75.47000122070312,288.2799987792969,598.1300048828125,52.875999450683594,37.65999984741211,79.69999694824219,48.189998626708984,125.05999755859375,181.47000122070312,67.8499984741211,139.94000244140625,388.3900146484375,29.190000534057617,177.77000427246094,136.7100067138672,369.510009765625,124.66000366210938,108.9000015258789,91.0999984741211,57.7599983215332,16.35700035095215,49.7400016784668,166.77000427246094,123.44999694824219,50.83000183105469,125.38999938964844,81.08000183105469,539.5800170898438,44.290000915527344,138.1699981689453,47.75,45.375,36.060001373291016,137.5399932861328,111.45999908447266,157.8300018310547,72.56999969482422,282.19000244140625,580.4199829101562,51.624000549316406,36.83000183105469,78.81999969482422,46.83000183105469,121.23999786376953,177.9600067138672,65.18000030517578,136.55999755859375,380.8900146484375,28.540000915527344,176.55999755859375,134.19000244140625,361.0,121.5199966430664,107.12999725341797,89.69999694824219,55.470001220703125,15.725000381469727,49.060001373291016,162.2899932861328,118.8499984741211,49.08000183105469,121.6500015258789,78.88999938964844,531.6900024414062,43.63999938964844,134.60000610351562,46.91999816894531,44.525001525878906,35.43000030517578,135.85000610351562,109.62000274658203,160.0,73.80999755859375,285.0,593.780029296875,52.52399826049805,37.400001525878906,79.27999877929688,47.90999984741211,122.69999694824219,180.27999877929688,66.04000091552734,138.2100067138672,385.42999267578125,29.100000381469727,176.75,136.07000732421875,363.45001220703125,122.5,107.12999725341797,90.19999694824219,57.31999969482422,16.025999069213867,49.18000030517578,166.0399932861328,122.16000366210938,49.5099983215332,124.07666778564453,80.2699966430664,535.8300170898438,43.9900016784668,135.30999755859375,47.119998931884766,44.810001373291016,35.90999984741211,136.72999572753906,110.66000366210938,3902800,45383800,2375900,1056200,23505000,35428300,6270000,18987100,5648600,9365500,9713600,3581300,2232200,28267900,6183100,9906900,2481300,3413400,9524500,6147700,15512600,303741000,20704000,1525800,7087500,15397500,3197700,13214200,2699900,6790600,3393000,12492600,58262400,34196600,5026800,23015500
2022-11-29,139.45054626464844,73.38999938964844,252.54017639160156,561.218994140625,49.33476257324219,33.81025695800781,67.69163513183594,42.23340606689453,110.29537963867188,156.61306762695312,58.19316864013672,122.85826110839844,351.6940002441406,27.867626190185547,159.88897705078125,125.61724090576172,354.2054748535156,114.64688110351562,97.95083618164062,81.40827178955078,54.183753967285156,15.618517875671387,40.25455856323242,143.41299438476562,109.1880874633789,46.915077209472656,118.87593841552734,75.07284545898438,494.46044921875,37.83808898925781,121.96350860595703,43.51894760131836,40.290069580078125,33.63402557373047,128.13308715820312,98.37740325927734,158.1999969482422,73.38999938964844,281.989990234375,578.8200073242188,52.138999938964844,37.0,79.02999877929688,47.56999969482422,124.25,181.02999877929688,67.5,141.2899932861328,383.7099914550781,28.899999618530273,176.08999633789062,136.55999755859375,363.95001220703125,123.47000122070312,108.83999633789062,91.08000183105469,55.119998931884766,15.638999938964844,49.4900016784668,164.3699951171875,118.37999725341797,51.04999923706055,122.02333068847656,79.33000183105469,528.0,44.59000015258789,135.1999969482422,47.56999969482422,45.349998474121094,35.70000076293945,135.77999877929688,110.54000091552734,159.42999267578125,74.48999786376953,283.3800048828125,587.0,52.584999084472656,37.150001525878906,79.11000061035156,47.900001525878906,126.83000183105469,181.85000610351562,68.16000366210938,141.6199951171875,384.92999267578125,29.18000030517578,177.25999450683594,136.63999938964844,366.1099853515625,124.63999938964844,109.05999755859375,91.47000122070312,56.52000045776367,15.932000160217285,49.66999816894531,164.8699951171875,121.37000274658203,51.38999938964844,123.55332946777344,80.20999908447266,532.969970703125,44.619998931884766,137.35000610351562,47.650001525878906,45.6150016784668,35.779998779296875,136.0500030517578,111.80000305175781,157.2100067138672,72.77999877929688,279.67999267578125,576.77001953125,51.483001708984375,36.720001220703125,78.30000305175781,47.209999084472656,123.91999816894531,179.64999389648438,66.52999877929688,138.24000549316406,379.260009765625,28.739999771118164,174.66000366210938,134.41000366210938,360.6400146484375,122.16000366210938,107.55000305175781,89.5999984741211,54.77000045776367,15.520000457763672,49.099998474121094,162.25999450683594,118.31999969482422,49.93000030517578,121.27666473388672,78.95999908447266,523.6500244140625,43.70000076293945,134.77000427246094,47.040000915527344,45.005001068115234,35.40999984741211,135.0500030517578,109.79000091552734,158.30999755859375,73.62000274658203,283.3800048828125,584.0900268554688,52.29999923706055,36.97999954223633,78.80999755859375,47.22999954223633,125.81999969482422,180.25999450683594,67.69999694824219,139.02999877929688,381.1300048828125,28.850000381469727,177.00999450683594,134.66000366210938,364.6199951171875,122.69999694824219,108.0,89.63999938964844,55.709999084472656,15.82699966430664,49.5,162.92999267578125,120.13999938964844,50.599998474121094,122.86333465576172,79.91000366210938,531.6699829101562,43.79999923706055,135.99000549316406,47.18000030517578,45.16999816894531,35.45000076293945,135.8300018310547,110.61000061035156,3689000,51846400,2135300,562900,12694000,27048800,6439700,12224700,4909700,6985400,10032100,3974900,1746900,24361500,6700500,7925300,2207000,2921500,9352400,5307100,12874200,298384000,17160900,975500,6277600,10809300,1828200,11502300,3751000,7854200,4075800,13344900,38048400,31489600,5439600,14453200
2022-11-30,142.07736206054688,77.62999725341797,256.4897155761719,589.628173828125,52.13935089111328,34.58698272705078,68.76228332519531,42.97917938232422,109.63851928710938,158.58558654785156,59.072540283203125,123.41478729248047,356.2514953613281,28.995832443237305,161.62322998046875,127.10740661621094,361.1445617675781,113.1054916381836,99.10279083251953,83.18695831298828,56.6707763671875,16.905160903930664,40.7751350402832,146.80703735351562,117.41223907470703,47.37458038330078,126.00715637207031,78.52698516845703,512.96533203125,38.516944885253906,120.53820037841797,43.8665885925293,40.48997497558594,34.2087287902832,131.19064331054688,99.08937072753906,161.17999267578125,77.62999725341797,286.3999938964844,608.1199951171875,55.10300064086914,37.849998474121094,80.27999877929688,48.40999984741211,123.51000213623047,183.30999755859375,68.5199966430664,141.92999267578125,386.1499938964844,30.06999969482422,178.0,138.17999267578125,371.0799865722656,121.80999755859375,110.12000274658203,93.06999969482422,57.650001525878906,16.92300033569336,50.130001068115234,168.25999450683594,126.48999786376953,51.54999923706055,129.3433380126953,82.9800033569336,547.760009765625,45.38999938964844,133.6199951171875,47.95000076293945,45.57500076293945,36.310001373291016,139.02000427246094,111.33999633789062,161.17999267578125,77.69999694824219,287.9599914550781,608.4099731445312,55.16600036621094,37.849998474121094,80.30000305175781,48.43000030517578,126.68000030517578,183.33999633789062,68.87999725341797,144.38999938964844,386.1499938964844,30.079999923706055,178.00999450683594,138.17999267578125,372.3500061035156,124.93000030517578,110.33000183105469,93.25,57.68000030517578,16.93000030517578,50.130001068115234,168.5399932861328,126.5999984741211,51.900001525878906,129.43333435058594,83.43000030517578,548.0800170898438,45.52000045776367,136.9600067138672,47.95000076293945,45.94499969482422,36.31999969482422,139.11000061035156,111.9000015258789,156.4600067138672,72.80999755859375,278.92999267578125,576.9400024414062,51.78300094604492,36.20000076293945,78.63999938964844,46.189998626708984,122.44000244140625,179.6199951171875,66.91000366210938,140.27999877929688,375.1000061035156,28.219999313354492,174.77999877929688,133.19000244140625,361.79998779296875,120.38999938964844,107.62999725341797,89.12999725341797,52.61000061035156,15.597000122070312,49.040000915527344,159.77999877929688,118.06999969482422,50.47999954223633,121.33999633789062,80.47000122070312,527.47998046875,43.720001220703125,132.2100067138672,46.13999938964844,44.86000061035156,35.13999938964844,135.25999450683594,109.77999877929688,158.7899932861328,73.37999725341797,282.55999755859375,585.2999877929688,52.4109992980957,36.900001525878906,79.75,47.08000183105469,126.6500015258789,182.85000610351562,68.69999694824219,142.8800048828125,382.5,28.770000457763672,176.3699951171875,136.08999633789062,365.07000732421875,124.51000213623047,108.69999694824219,91.27999877929688,53.58000183105469,15.696999549865723,49.63999938964844,163.77999877929688,118.75,51.58000183105469,122.4800033569336,80.62999725341797,529.719970703125,44.439998626708984,136.75,47.31999969482422,45.85499954223633,35.650001525878906,135.97999572753906,111.54000091552734,12342500,88468400,5776200,1569700,47349000,51747900,19261800,23993100,8484500,10936700,13844800,4615000,2964100,72072500,13288000,14761200,5556400,7568400,20305800,10520600,31461400,565298000,35572700,3296800,12776700,19230300,4166100,21667300,9688900,11688600,8274300,26417000,43830200,58607000,9377400,23158100
2022-12-01,142.47406005859375,77.4800033569336,256.0777282714844,592.672607421875,52.11285400390625,33.59431457519531,69.27619171142578,42.41985321044922,109.23904418945312,157.87619018554688,58.865623474121094,122.20610046386719,354.0927429199219,28.764408111572266,162.29515075683594,125.3228530883789,360.41461181640625,111.63839721679688,98.81480407714844,83.12440490722656,54.54747009277344,17.116941452026367,41.547855377197266,143.7881622314453,117.70926666259766,47.567562103271484,125.10111236572266,78.24308776855469,502.8044738769531,38.483009338378906,119.10387420654297,42.878562927246094,40.35670852661133,34.0108757019043,131.56809997558594,98.60879516601562,161.6300048828125,77.4800033569336,285.94000244140625,611.260009765625,55.07500076293945,36.54999923706055,80.87999725341797,47.779998779296875,123.05999755859375,182.49000549316406,68.27999877929688,140.5399932861328,383.80999755859375,29.829999923706055,178.74000549316406,136.24000549316406,370.3299865722656,120.2300033569336,109.80000305175781,93.0,55.4900016784668,17.135000228881836,51.08000183105469,164.8000030517578,126.80999755859375,51.7599983215332,128.413330078125,82.68000030517578,536.9099731445312,45.349998474121094,132.02999877929688,46.869998931884766,45.42499923706055,36.099998474121094,139.4199981689453,110.80000305175781,163.1999969482422,79.2300033569336,288.0899963378906,616.5599975585938,55.242000579833984,37.689998626708984,81.44000244140625,48.66999816894531,125.37000274658203,184.5500030517578,70.12999725341797,144.82000732421875,386.5,30.479999542236328,179.9600067138672,138.66000366210938,375.19000244140625,123.08999633789062,110.9800033569336,93.48999786376953,57.91999816894531,17.264999389648438,51.15999984741211,170.27999877929688,128.1999969482422,52.7400016784668,130.2433319091797,83.62999725341797,553.0,45.540000915527344,135.82000732421875,48.18000030517578,46.125,36.4900016784668,140.16000366210938,112.06999969482422,159.97999572753906,76.44000244140625,279.8800048828125,601.3599853515625,54.19599914550781,36.400001525878906,80.05000305175781,47.349998474121094,122.88999938964844,181.44000244140625,68.13999938964844,140.27999877929688,380.45001220703125,29.520000457763672,177.77000427246094,135.42999267578125,368.489990234375,120.18000030517578,108.7699966430664,92.04000091552734,55.099998474121094,16.635000228881836,50.279998779296875,164.3800048828125,125.68000030517578,51.459999084472656,126.62333679199219,81.13999938964844,535.7999877929688,44.849998474121094,131.69000244140625,46.459999084472656,45.27000045776367,35.81999969482422,138.6699981689453,110.18000030517578,161.0,78.30999755859375,288.0,611.7100219726562,55.10300064086914,37.5,80.4800033569336,48.279998779296875,124.66999816894531,184.25999450683594,69.55000305175781,143.50999450683594,386.5,30.239999771118164,179.0,138.17999267578125,374.7900085449219,122.69999694824219,109.75,93.05999755859375,57.83000183105469,16.999000549316406,50.310001373291016,169.5500030517578,126.72000122070312,52.31999969482422,130.11000061035156,83.04000091552734,552.3599853515625,45.38999938964844,134.83999633789062,47.93000030517578,45.89500045776367,36.4900016784668,139.82000732421875,111.63999938964844,5827800,59833400,2914600,1245900,23006000,46213200,10308500,19797600,5285100,5217400,7640300,2956900,1706300,38896300,6282600,8858500,2516100,3243600,10110500,7310400,21764200,470977000,23592600,1854200,7924800,8152900,4130700,15975100,2997800,8492700,4563400,15980300,38902000,58157600,15140200,14398300
2022-12-02,144.26344299316406,74.9800033569336,255.69256591796875,587.2915649414062,51.17137145996094,33.162322998046875,69.4903335571289,41.940433502197266,108.45787048339844,156.61306762695312,59.02080154418945,120.84093475341797,351.11279296875,28.359411239624023,162.4222869873047,124.32939147949219,364.72601318359375,109.78132629394531,99.03079223632812,82.31998443603516,53.75122833251953,16.858211517333984,41.40958023071289,143.2908477783203,116.64180755615234,48.514137268066406,123.68854522705078,77.12640380859375,503.64990234375,38.72909164428711,114.62947845458984,42.02775192260742,40.11683654785156,33.85072326660156,131.90780639648438,97.772216796875,163.66000366210938,74.9800033569336,285.510009765625,605.7100219726562,54.08000183105469,36.08000183105469,81.12999725341797,47.2400016784668,122.18000030517578,181.02999877929688,68.45999908447266,138.97000122070312,380.5799865722656,29.40999984741211,178.8800048828125,135.16000366210938,374.760009765625,118.2300033569336,110.04000091552734,92.0999984741211,54.68000030517578,16.875999450683594,50.90999984741211,164.22999572753906,125.66000366210938,52.790000915527344,126.96333312988281,81.5,536.1599731445312,45.63999938964844,127.06999969482422,45.939998626708984,45.154998779296875,35.93000030517578,139.77999877929688,109.86000061035156,163.75999450683594,76.27999877929688,286.1199951171875,607.4500122070312,54.27000045776367,36.290000915527344,81.16000366210938,47.45000076293945,123.87000274658203,183.6300048828125,69.4800033569336,141.8800048828125,382.5199890136719,29.43000030517578,178.9600067138672,135.35000610351562,375.0400085449219,121.19000244140625,110.08999633789062,92.66000366210938,55.41999816894531,16.933000564575195,51.33000183105469,164.60000610351562,125.81999969482422,52.880001068115234,127.163330078125,82.16000366210938,538.6099853515625,45.72999954223633,133.72999572753906,46.52000045776367,45.689998626708984,35.959999084472656,139.97000122070312,111.70999908447266,160.50999450683594,73.6500015258789,283.19000244140625,597.0,53.608001708984375,35.810001373291016,80.37000274658203,46.810001373291016,121.33999633789062,179.92999267578125,68.0,137.7100067138672,378.3999938964844,28.709999084472656,176.9600067138672,133.33999633789062,365.0,117.56999969482422,108.70999908447266,91.51000213623047,53.380001068115234,16.44499969482422,50.47999954223633,162.24000549316406,123.12000274658203,51.290000915527344,124.55332946777344,81.1500015258789,532.4400024414062,45.08000183105469,126.47000122070312,44.880001068115234,44.88999938964844,35.61000061035156,138.02000427246094,109.19999694824219,160.72000122070312,75.05000305175781,284.05999755859375,600.2999877929688,53.70500183105469,36.060001373291016,80.37000274658203,47.279998779296875,122.12000274658203,181.52999877929688,68.0,139.38999938964844,381.5199890136719,29.170000076293945,177.5,134.49000549316406,366.0799865722656,119.63999938964844,109.0,91.86000061035156,54.34000015258789,16.659000396728516,50.560001373291016,162.72000122070312,123.70999908447266,51.5,125.1933364868164,81.80999755859375,532.8300170898438,45.15999984741211,131.57000732421875,46.38999938964844,45.11000061035156,35.720001220703125,138.02000427246094,109.51000213623047,4304900,64377200,2267000,719800,19320000,42295300,6366700,12745400,4879700,6852300,8250500,3932500,1932300,31546000,5823900,8931900,1925600,3889000,6943600,5197800,15946500,371389000,16881600,1569900,6122200,9378600,3110400,10519800,2346200,10786800,5488000,29820400,36770000,40483300,7779800,15248400
2022-12-05,144.51028442382812,73.62000274658203,255.15524291992188,582.5209350585938,50.210018157958984,31.682525634765625,69.12202453613281,40.519920349121094,105.96345520019531,152.74600219726562,57.37415313720703,116.64102935791016,342.772705078125,28.12798309326172,162.3314666748047,120.84308624267578,359.4024658203125,104.41433715820312,99.0037841796875,80.27312469482422,53.12209701538086,16.592491149902344,41.26316452026367,133.588623046875,114.45117950439453,47.21834945678711,122.12332153320312,77.23995971679688,502.5977783203125,37.261043548583984,109.1176528930664,39.94191360473633,38.92633819580078,33.01222610473633,130.64329528808594,95.09339904785156,163.94000244140625,73.62000274658203,284.9100036621094,600.7899780273438,53.06399917602539,34.470001220703125,80.69999694824219,45.63999938964844,119.37000274658203,176.55999755859375,66.55000305175781,134.13999938964844,371.5400085449219,29.170000076293945,178.77999877929688,131.3699951171875,369.2900085449219,112.44999694824219,110.01000213623047,89.80999755859375,54.040000915527344,16.610000610351562,50.72999954223633,153.11000061035156,123.30000305175781,51.380001068115234,125.3566665649414,81.62000274658203,535.0399780273438,43.90999984741211,120.95999908447266,43.65999984741211,43.814998626708984,35.040000915527344,138.44000244140625,106.8499984741211,165.19000244140625,75.16999816894531,286.7799987792969,607.1599731445312,53.948001861572266,35.88999938964844,81.41999816894531,47.119998931884766,124.69000244140625,182.9499969482422,70.41999816894531,142.49000549316406,378.8699951171875,29.75,179.36000061035156,134.57000732421875,375.25,119.30000305175781,110.2300033569336,91.72000122070312,55.27000045776367,16.9950008392334,51.029998779296875,162.8300018310547,125.47000122070312,54.18000030517578,127.31666564941406,82.18000030517578,540.3800048828125,45.689998626708984,128.5,45.880001068115234,45.779998779296875,35.720001220703125,139.1999969482422,111.36000061035156,162.88999938964844,72.81999969482422,283.0,593.3800048828125,52.54899978637695,34.13999938964844,80.4000015258789,45.380001068115234,118.70999908447266,174.6300048828125,65.8499984741211,132.39999389648438,369.30999755859375,28.889999389648438,178.0,130.60000610351562,368.2799987792969,111.9800033569336,109.20999908447266,89.08999633789062,53.70000076293945,16.472000122070312,50.349998474121094,152.5800018310547,122.43000030517578,50.95000076293945,124.22333526611328,80.94999694824219,530.8800048828125,43.619998931884766,120.62000274658203,43.619998931884766,43.439998626708984,34.849998474121094,137.97000122070312,105.94000244140625,162.88999938964844,74.54000091552734,283.7900085449219,605.0999755859375,53.777000427246094,35.810001373291016,80.93000030517578,46.939998626708984,124.26000213623047,182.6699981689453,69.75,141.9199981689453,378.54998779296875,29.420000076293945,178.36000061035156,134.24000549316406,373.760009765625,118.75,109.80999755859375,91.4800033569336,54.369998931884766,16.679000854492188,50.90999984741211,162.77000427246094,124.58000183105469,53.529998779296875,126.0999984741211,81.94000244140625,531.489990234375,45.63999938964844,127.88999938964844,45.70000076293945,45.599998474121094,35.65999984741211,138.8800048828125,110.69999694824219,4859400,47022200,3274700,873900,18548000,71386600,6791300,20397500,5478700,8162200,11218100,3817500,2329600,34040400,5120600,10154500,2296500,4945600,6961900,8272500,13806900,352255000,17959800,3811300,6091600,12047000,2709300,11523300,2424800,13725400,5081200,32574600,51753800,53402000,6921500,19287700
2022-12-06,144.3163604736328,70.2699966430664,253.70443725585938,575.016357421875,49.753944396972656,30.331392288208008,68.45393371582031,39.933963775634766,102.62574768066406,148.8096923828125,55.28781509399414,111.11940002441406,334.81097412109375,27.578344345092773,159.89804077148438,121.04548645019531,358.672607421875,101.48016357421875,98.03185272216797,78.21736907958984,52.76821517944336,15.970148086547852,40.433509826660156,132.4979705810547,111.18378448486328,46.918643951416016,119.5546646118164,75.2905044555664,506.6182861328125,36.43793869018555,107.22325897216797,39.704071044921875,37.90021514892578,32.72016525268555,129.65240478515625,92.45020294189453,163.72000122070312,70.2699966430664,283.2900085449219,593.0499877929688,52.582000732421875,33.0,79.91999816894531,44.97999954223633,115.61000061035156,172.00999450683594,64.12999725341797,127.79000091552734,362.9100036621094,28.600000381469727,176.10000610351562,131.58999633789062,368.5400085449219,109.29000091552734,108.93000030517578,87.51000213623047,53.68000030517578,15.987000465393066,49.709999084472656,151.86000061035156,119.77999877929688,50.880001068115234,122.72000122070312,79.55999755859375,539.3200073242188,42.939998626708984,118.86000061035156,43.400001525878906,42.65999984741211,34.72999954223633,137.38999938964844,103.87999725341797,164.38999938964844,73.38999938964844,287.44000244140625,604.4500122070312,53.356998443603516,34.68000030517578,81.23999786376953,45.88999938964844,119.73999786376953,178.05999755859375,67.26000213623047,135.25,370.3699951171875,29.309999465942383,180.0,135.11000061035156,370.6400146484375,113.75,110.76000213623047,89.76000213623047,54.630001068115234,16.572999954223633,50.849998474121094,153.7899932861328,123.0,52.099998474121094,125.47333526611328,81.44000244140625,540.5900268554688,44.060001373291016,123.2300033569336,43.849998474121094,44.064998626708984,35.20000076293945,138.6199951171875,107.04000091552734,161.5500030517578,69.4000015258789,281.69000244140625,586.8200073242188,52.17499923706055,32.40999984741211,79.47000122070312,44.20000076293945,114.54000091552734,171.1199951171875,63.63999938964844,126.95999908447266,360.3299865722656,28.34000015258789,175.92999267578125,129.8699951171875,365.5199890136719,108.12999725341797,108.41999816894531,86.41000366210938,53.2400016784668,15.819000244140625,49.18000030517578,149.69000244140625,118.56999969482422,50.47999954223633,121.4800033569336,79.16000366210938,534.239990234375,42.22999954223633,117.61000061035156,42.65999984741211,42.3650016784668,34.45000076293945,136.7100067138672,103.1500015258789,164.02999877929688,73.08000183105469,285.8399963378906,603.5,53.064998626708984,34.56999969482422,80.69999694824219,45.650001525878906,118.44000244140625,175.50999450683594,66.0,133.02999877929688,369.4800109863281,29.190000534057617,179.9199981689453,133.38999938964844,367.0,111.80999755859375,110.36000061035156,89.62000274658203,53.86000061035156,16.530000686645508,50.66999816894531,152.99000549316406,122.81999969482422,50.939998626708984,125.34333038330078,81.4000015258789,534.4199829101562,43.959999084472656,120.0,43.68000030517578,43.540000915527344,35.0,138.17999267578125,105.9000015258789,5480400,64965200,2608800,839200,19655000,84085700,7728800,22160800,6498400,8765000,10278500,5031900,3081900,27701200,7943500,13966700,1971000,5049300,7458700,10424700,17988000,352694000,21787100,2563100,5968000,12311000,2182200,13992100,3097700,9642300,4494800,25961400,64930200,45102200,8171500,21197000
2022-12-07,145.79725646972656,70.13999938964844,255.9165496826172,583.0640258789062,49.061309814453125,30.09241485595703,68.46249389648438,39.65874481201172,101.97774505615234,149.25088500976562,55.391273498535156,109.70205688476562,332.0523986816406,27.317989349365234,160.86962890625,120.9626693725586,362.0107421875,101.21087646484375,99.07579803466797,78.01180267333984,52.90583038330078,16.103012084960938,40.86460876464844,135.3249053955078,109.72645568847656,45.9227294921875,119.29810333251953,74.98768615722656,509.99066162109375,36.96405029296875,108.42304229736328,38.834964752197266,37.811370849609375,32.5882682800293,130.71881103515625,92.24549865722656,165.39999389648438,70.13999938964844,285.760009765625,601.3499755859375,51.849998474121094,32.7400016784668,79.93000030517578,44.66999816894531,114.87999725341797,172.52000427246094,64.25,126.16000366210938,359.9200134277344,28.329999923706055,177.1699981689453,131.5,371.9700012207031,109.0,110.08999633789062,87.27999877929688,53.81999969482422,16.1200008392334,50.2400016784668,155.10000610351562,118.20999908447266,49.79999923706055,122.4566650390625,79.23999786376953,542.9099731445312,43.560001373291016,120.19000244140625,42.45000076293945,42.560001373291016,34.59000015258789,138.52000427246094,103.6500015258789,165.52999877929688,71.37000274658203,285.92999267578125,604.0,52.5,32.91999816894531,80.2300033569336,45.45000076293945,117.5999984741211,174.5800018310547,65.45999908447266,129.72999572753906,365.29998779296875,28.549999237060547,177.8800048828125,133.0800018310547,375.239990234375,110.81999969482422,110.70999908447266,88.02999877929688,54.2400016784668,16.18600082397461,51.150001525878906,156.3300018310547,120.31999969482422,51.79999923706055,123.31666564941406,79.70999908447266,545.9099731445312,43.900001525878906,121.66999816894531,43.34000015258789,43.209999084472656,34.97999954223633,138.9199981689453,104.8499984741211,163.25999450683594,69.27999877929688,281.80999755859375,590.6900024414062,51.60499954223633,32.349998474121094,78.6500015258789,44.310001373291016,114.08999633789062,170.85000610351562,63.400001525878906,125.19000244140625,358.1499938964844,28.149999618530273,176.22999572753906,130.3300018310547,368.760009765625,107.86000061035156,109.0,86.70999908447266,52.439998626708984,15.666999816894531,49.75,150.52000427246094,117.76000213623047,49.54999923706055,121.18000030517578,78.58999633789062,539.6300048828125,42.470001220703125,118.0,42.439998626708984,42.185001373291016,34.5099983215332,137.35000610351562,102.37000274658203,163.69000244140625,69.52999877929688,283.4100036621094,592.2100219726562,51.959999084472656,32.59000015258789,78.76000213623047,44.63999938964844,116.29000091552734,171.05999755859375,64.56999969482422,128.1300048828125,362.489990234375,28.280000686645508,176.57000732421875,131.30999755859375,369.32000732421875,109.20999908447266,109.1500015258789,86.81999969482422,53.119998931884766,15.772000312805176,49.75,151.10000610351562,118.5,50.97999954223633,121.41000366210938,79.0,540.8400268554688,42.7599983215332,118.44999694824219,43.09000015258789,42.650001525878906,34.59000015258789,137.38999938964844,103.77999877929688,4637800,59180100,2492600,878600,16524000,49234100,7799000,20233400,6099100,6936300,10523200,4510300,2128200,28239900,5702600,11739400,1629100,5190200,8270400,7066700,11367300,372388000,15929900,2628200,5427100,9700900,2111400,14925300,2849100,10132800,4990400,24114900,48894200,37775900,7427000,20061700
2022-12-08,146.3173065185547,70.47000122070312,255.74632263183594,588.435546875,50.25164794921875,29.816679000854492,68.419677734375,39.67649459838867,99.95380401611328,150.13330078125,54.74467849731445,108.31945037841797,330.35491943359375,27.424057006835938,160.89683532714844,122.23210906982422,361.8355407714844,101.07160949707031,99.75975036621094,79.27205657958984,54.26239776611328,17.150901794433594,42.11721420288086,134.6618194580078,113.0124282836914,46.033382415771484,122.74678802490234,76.46395874023438,514.6968383789062,36.96405029296875,105.45516204833984,38.953895568847656,37.6425666809082,32.61653137207031,131.89840698242188,92.93077087402344,165.99000549316406,70.47000122070312,285.57000732421875,606.8900146484375,53.108001708984375,32.439998626708984,79.87999725341797,44.689998626708984,112.5999984741211,173.5399932861328,63.5,124.56999969482422,358.0799865722656,28.440000534057617,177.1999969482422,132.8800048828125,371.7900085449219,108.8499984741211,110.8499984741211,88.69000244140625,55.20000076293945,17.16900062561035,51.779998779296875,154.33999633789062,121.75,49.91999816894531,125.99666595458984,80.80000305175781,547.9199829101562,43.560001373291016,116.9000015258789,42.58000183105469,42.369998931884766,34.619998931884766,139.77000427246094,104.41999816894531,166.22999572753906,71.22000122070312,286.5899963378906,609.4600219726562,53.242000579833984,32.9900016784668,80.08000183105469,45.369998931884766,117.88999938964844,176.39999389648438,66.37999725341797,129.8800048828125,362.5899963378906,28.600000381469727,177.47000122070312,132.97999572753906,373.260009765625,111.54000091552734,111.0199966430664,88.79000091552734,55.70000076293945,17.179000854492188,51.869998931884766,157.00999450683594,122.3499984741211,51.619998931884766,126.086669921875,80.97000122070312,551.2899780273438,43.66999816894531,122.73999786376953,42.88999938964844,43.61000061035156,34.86000061035156,139.92999267578125,106.80000305175781,164.27999877929688,69.0,283.739990234375,587.6599731445312,52.03799819946289,32.18000030517578,79.47000122070312,44.2599983215332,111.87999725341797,172.02999877929688,63.04999923706055,123.30999755859375,356.05999755859375,28.06999969482422,176.33999633789062,131.42999267578125,366.5,108.36000061035156,110.12000274658203,87.0,54.04999923706055,15.958999633789062,50.02000045776367,153.61000061035156,118.18000030517578,49.5,122.38333129882812,79.0999984741211,543.780029296875,43.029998779296875,116.48999786376953,42.11000061035156,42.1349983215332,34.5,138.49000549316406,103.70999908447266,165.39999389648438,70.13999938964844,286.510009765625,591.8800048828125,52.08100128173828,32.970001220703125,79.9800033569336,44.849998474121094,117.79000091552734,176.25,65.9000015258789,129.17999267578125,362.0299987792969,28.31999969482422,176.82000732421875,132.3300018310547,373.260009765625,110.72000122070312,110.27999877929688,87.68000030517578,54.560001373291016,16.273000717163086,50.18000030517578,155.85000610351562,118.9800033569336,50.90999984741211,123.20333099365234,79.44999694824219,544.8599853515625,43.619998931884766,121.98999786376953,42.709999084472656,43.51499938964844,34.689998626708984,138.75999450683594,106.27999877929688,4274400,56734100,1769800,1019300,27514000,45491100,6810100,15622200,7720400,8076600,13385400,4767200,1967800,28486100,4798500,8907300,2090900,4547400,7354800,6141400,13609100,515456000,26116800,1927100,7347600,9367800,2694300,11197500,2272300,6989000,4984300,17161400,51280800,46600900,6765000,21128800
2022-12-09,143.73458862304688,68.58999633789062,249.54904174804688,579.5250244140625,51.54228210449219,29.761533737182617,67.52031707763672,39.82742691040039,97.66355895996094,145.34051513671875,52.51614761352539,105.79778289794922,331.3328552246094,27.231203079223633,159.5711669921875,121.56981658935547,351.32464599609375,99.19595336914062,97.89684295654297,79.96924591064453,53.9379997253418,16.983076095581055,42.06842041015625,134.43496704101562,110.50617980957031,43.313072204589844,121.61024475097656,76.35987091064453,506.5055847167969,36.582191467285156,103.42544555664062,38.880699157714844,36.72749328613281,32.531734466552734,130.20921325683594,92.14759826660156,163.05999755859375,68.58999633789062,278.6499938964844,597.7000122070312,54.47200012207031,32.380001068115234,78.83000183105469,44.86000061035156,110.0199966430664,168.0,59.619998931884766,121.66999816894531,359.1400146484375,28.239999771118164,175.74000549316406,132.16000366210938,360.989990234375,106.83000183105469,108.77999877929688,89.47000122070312,54.869998931884766,17.000999450683594,51.720001220703125,154.0800018310547,119.05000305175781,46.970001220703125,124.83000183105469,80.69000244140625,539.2000122070312,43.11000061035156,114.6500015258789,42.5,41.34000015258789,34.529998779296875,137.97999572753906,103.54000091552734,167.75,70.66999816894531,285.1700134277344,611.1699829101562,55.263999938964844,32.599998474121094,80.66999816894531,45.189998626708984,113.94999694824219,173.19000244140625,62.380001068115234,126.36000061035156,361.6400146484375,28.780000686645508,177.88999938964844,133.75999450683594,374.0,110.0999984741211,111.37000274658203,89.76000213623047,55.86000061035156,17.58300018310547,52.84000015258789,155.86000061035156,121.4000015258789,50.529998779296875,127.03666687011719,82.19000244140625,548.489990234375,43.79999923706055,117.7699966430664,42.91999816894531,42.70000076293945,34.779998779296875,140.0,105.94999694824219,162.80999755859375,68.5199966430664,278.3399963378906,596.4000244140625,54.099998474121094,32.08000183105469,78.7300033569336,44.54999923706055,109.7300033569336,167.92999267578125,59.540000915527344,121.41000366210938,356.2099914550781,28.190000534057617,175.66000366210938,132.0,360.80999755859375,106.5199966430664,108.75,88.37000274658203,54.52000045776367,16.975000381469727,51.630001068115234,153.07000732421875,118.8499984741211,46.83000183105469,124.38333129882812,80.69000244140625,538.8699951171875,43.029998779296875,114.61000061035156,42.31999969482422,41.32500076293945,34.47999954223633,137.94000244140625,103.30000305175781,166.75999450683594,69.48999786376953,284.19000244140625,602.989990234375,55.09400177001953,32.11000061035156,80.12999725341797,44.599998474121094,112.41000366210938,172.3000030517578,61.95000076293945,125.11000061035156,356.7099914550781,28.389999389648438,177.1199951171875,132.1999969482422,373.0,108.3499984741211,110.9800033569336,88.68000030517578,54.68000030517578,17.15999984741211,51.75,153.6199951171875,120.41000366210938,49.91999816894531,125.44000244140625,80.8499984741211,547.9299926757812,43.36000061035156,116.97000122070312,42.33000183105469,42.23500061035156,34.4900016784668,139.5800018310547,104.58999633789062,4644800,59058300,2205700,870700,37028000,36985500,8857100,14030600,6385700,10754300,13152800,4152400,1588800,25641300,4561000,7957800,2787200,5379700,9667800,6488300,9932200,465338000,19933500,1761000,6036000,16079900,1749000,13787900,2852400,9097600,4975100,16023700,48097800,40885600,6203000,21298200
2022-12-12,145.72671508789062,70.66999816894531,247.87437438964844,591.4412231445312,52.669219970703125,30.083223342895508,67.57170104980469,40.635337829589844,99.22589111328125,146.8544921875,53.802181243896484,107.87599182128906,335.0600891113281,27.665132522583008,161.4779510498047,123.45552825927734,357.4171142578125,103.26296997070312,98.06783294677734,81.44402313232422,54.409847259521484,17.51651382446289,42.426307678222656,136.7209014892578,112.51116180419922,45.27722930908203,123.76321411132812,76.11383056640625,512.7617797851562,36.87919235229492,108.84703063964844,39.210044860839844,37.691429138183594,32.96510696411133,131.59640502929688,94.41702270507812,165.32000732421875,70.66999816894531,276.7799987792969,609.989990234375,55.66299819946289,32.72999954223633,78.88999938964844,45.77000045776367,111.77999877929688,169.75,61.08000183105469,124.05999755859375,363.17999267578125,28.690000534057617,177.83999633789062,134.2100067138672,367.25,111.20999908447266,108.97000122070312,91.12000274658203,55.349998474121094,17.53499984741211,52.15999984741211,156.6999969482422,121.20999908447266,49.099998474121094,127.04000091552734,80.43000030517578,545.8599853515625,43.459999084472656,120.66000366210938,42.86000061035156,42.42499923706055,34.9900016784668,139.4499969482422,106.08999633789062,165.49000549316406,70.66999816894531,279.4800109863281,610.0,55.6870002746582,32.779998779296875,79.13999938964844,45.79999923706055,112.30000305175781,170.52000427246094,61.4900016784668,125.22000122070312,364.010009765625,28.709999084472656,177.8699951171875,134.64999389648438,367.8299865722656,111.20999908447266,109.0999984741211,91.33000183105469,55.380001068115234,17.538000106811523,52.59000015258789,156.75999450683594,121.25,49.209999084472656,127.17666625976562,80.43000030517578,546.0800170898438,43.61000061035156,120.79000091552734,42.93000030517578,42.525001525878906,35.029998779296875,139.4499969482422,106.23999786376953,162.75,67.52999877929688,272.6300048828125,595.7999877929688,54.2239990234375,32.060001373291016,78.29000091552734,44.36000061035156,110.06999969482422,167.7100067138672,59.56999969482422,122.2699966430664,356.3399963378906,27.860000610351562,175.60000610351562,131.60000610351562,362.5,106.62000274658203,107.31999969482422,88.27999877929688,53.34000015258789,16.797000885009766,51.75,152.13999938964844,116.05999755859375,47.0,123.58000183105469,78.80000305175781,539.280029296875,42.61000061035156,114.4800033569336,42.11000061035156,41.415000915527344,34.38999938964844,138.07000732421875,103.58999633789062,163.2100067138672,68.54000091552734,272.82000732421875,596.8699951171875,54.474998474121094,32.310001373291016,78.94000244140625,44.650001525878906,110.9000015258789,168.92999267578125,59.9900016784668,122.76000213623047,358.57000732421875,28.1299991607666,175.9499969482422,132.39999389648438,362.92999267578125,107.30000305175781,107.93000030517578,89.01000213623047,53.52000045776367,17.03700065612793,52.119998931884766,154.58999633789062,116.05999755859375,47.060001373291016,124.21666717529297,79.79000091552734,541.8499755859375,43.20000076293945,115.36000061035156,42.599998474121094,41.57500076293945,34.54999923706055,138.07000732421875,103.83000183105469,4109400,60968300,3427400,819600,23416000,41060500,7055200,19045100,5636500,9364900,10636000,4307700,1750400,35117900,4882400,8841600,2639200,5812600,10956600,7496200,13250600,457328000,18532200,2349400,9008400,11416900,2178900,11516600,2714100,10695700,5807300,18428900,42184800,72570900,5669700,20413200
2022-12-13,145.25953674316406,71.6500015258789,243.82643127441406,609.1654663085938,54.03273010253906,30.101612091064453,66.25263977050781,41.36334991455078,100.6728286743164,150.12466430664062,54.59494400024414,110.83245849609375,340.1434020996094,27.703699111938477,162.72190856933594,123.3359603881836,349.0570983886719,103.17938995361328,99.81375885009766,82.86519622802734,54.301719665527344,18.05295181274414,43.16648864746094,134.39134216308594,114.6275405883789,47.075416564941406,125.89032745361328,76.18953704833984,505.5849609375,37.549564361572266,108.7297592163086,38.990482330322266,38.406612396240234,33.049903869628906,132.002197265625,95.44940185546875,164.7899932861328,71.6500015258789,272.260009765625,628.27001953125,57.104000091552734,32.75,77.3499984741211,46.59000015258789,113.41000366210938,173.52999877929688,61.97999954223633,127.45999908447266,368.69000244140625,28.729999542236328,179.2100067138672,134.0800018310547,358.6600036621094,111.12000274658203,110.91000366210938,92.70999908447266,55.2400016784668,18.07200050354004,53.06999969482422,154.02999877929688,123.48999786376953,51.04999923706055,128.8633270263672,80.51000213623047,538.219970703125,44.25,120.52999877929688,42.619998931884766,43.22999954223633,35.08000183105469,139.8800048828125,107.25,167.5,75.20999908447266,282.6700134277344,643.3599853515625,58.183998107910156,33.66999816894531,79.36000061035156,47.849998474121094,115.58999633789062,174.4600067138672,63.09000015258789,128.99000549316406,378.55999755859375,30.09000015258789,180.1999969482422,137.08999633789062,372.739990234375,113.80000305175781,111.26000213623047,95.16000366210938,57.88999938964844,18.790000915527344,54.040000915527344,161.0800018310547,127.94999694824219,51.380001068115234,132.97999572753906,82.08999633789062,550.989990234375,44.939998626708984,123.18000030517578,44.08000183105469,43.59000015258789,35.900001525878906,141.77000427246094,108.54000091552734,164.6699981689453,70.66000366210938,271.6199951171875,617.5700073242188,56.50299835205078,32.56999969482422,77.2699966430664,46.2400016784668,113.37000274658203,172.47999572753906,61.0,126.30999755859375,365.510009765625,28.3700008392334,178.30999755859375,133.0800018310547,358.32000732421875,110.36000061035156,109.0,92.06999969482422,54.650001525878906,17.711000442504883,52.880001068115234,153.02999877929688,121.81999969482422,49.95000076293945,127.25,79.62999725341797,535.0999755859375,43.90999984741211,119.37999725341797,42.11000061035156,42.88999938964844,34.849998474121094,138.91000366210938,107.0199966430664,166.9499969482422,74.87000274658203,282.0199890136719,642.97998046875,57.582000732421875,33.54999923706055,79.36000061035156,46.84000015258789,114.44999694824219,173.57000732421875,62.63999938964844,127.8499984741211,374.6300048828125,29.790000915527344,179.10000610351562,136.88999938964844,361.6300048828125,112.80000305175781,111.26000213623047,93.66000366210938,57.189998626708984,18.5310001373291,53.099998474121094,160.72999572753906,126.9800033569336,50.25,132.40333557128906,82.08999633789062,550.5599975585938,44.52000045776367,122.93000030517578,43.880001068115234,43.25,35.900001525878906,141.35000610351562,107.80000305175781,5050400,72458000,3871300,1334000,40414000,54804800,15614400,25655400,6285200,7838800,10915100,4376100,3062600,58546800,9177500,10025400,5032600,4260300,15836900,10330500,14210500,656589000,29461800,2621000,9712700,11659700,4521000,16938000,3369700,15543000,3828800,31496000,54557400,55659000,9886500,24305300
2022-12-14,145.3212432861328,68.93000030517578,242.81442260742188,597.1326904296875,54.35444259643555,29.66961669921875,66.07278442382812,40.82177734375,100.19348907470703,149.08651733398438,54.54208755493164,110.8060531616211,332.476806640625,27.25048828125,163.22129821777344,122.71964263916016,353.76751708984375,103.01225280761719,101.05485534667969,80.8898696899414,53.66276550292969,17.65536880493164,44.31336975097656,130.54356384277344,112.97528076171875,46.503692626953125,124.00157165527344,75.72581481933594,505.716552734375,36.73494338989258,108.0080795288086,38.58795166015625,38.17117691040039,32.6353645324707,132.2097930908203,94.74632263183594,164.86000061035156,68.93000030517578,271.1300048828125,615.8599853515625,57.444000244140625,32.279998779296875,77.13999938964844,45.97999954223633,112.87000274658203,172.3300018310547,61.91999816894531,125.93000030517578,360.3800048828125,28.260000228881836,179.75999450683594,133.41000366210938,363.5,110.94000244140625,111.55000305175781,90.5,54.59000015258789,17.673999786376953,54.47999954223633,149.6199951171875,121.70999908447266,50.43000030517578,126.93000030517578,80.0199966430664,538.3599853515625,43.290000915527344,119.7300033569336,42.18000030517578,42.96500015258789,34.63999938964844,140.10000610351562,106.45999908447266,165.97999572753906,72.0,273.3699951171875,626.760009765625,58.564998626708984,33.0,77.9000015258789,47.040000915527344,115.6500015258789,174.9199981689453,63.09000015258789,129.2100067138672,368.8299865722656,29.1200008392334,181.0399932861328,135.7100067138672,369.42999267578125,112.68000030517578,112.16999816894531,92.68000030517578,56.099998474121094,18.25200080871582,54.93000030517578,154.6699981689453,126.58000183105469,51.560001373291016,130.08999633789062,81.51000213623047,543.47998046875,44.2599983215332,122.5,43.22999954223633,43.68000030517578,35.33000183105469,141.27999877929688,108.30000305175781,162.8300018310547,68.31999969482422,267.2900085449219,609.9299926757812,56.77299880981445,32.15999984741211,76.7699966430664,45.720001220703125,112.04000091552734,171.27000427246094,60.83000183105469,124.7699966430664,359.45001220703125,28.010000228881836,178.5800018310547,132.75999450683594,357.05999755859375,109.69000244140625,110.04000091552734,89.87000274658203,54.060001373291016,17.420000076293945,52.900001525878906,149.1999969482422,120.0999984741211,49.939998626708984,125.44667053222656,79.5199966430664,531.5700073242188,42.97999954223633,118.16999816894531,41.95000076293945,42.58000183105469,34.4900016784668,138.9199981689453,105.75,164.60000610351562,70.93000030517578,271.9700012207031,622.5,56.85499954223633,32.79999923706055,77.80999755859375,46.5099983215332,114.75,174.49000549316406,62.630001068115234,127.5,367.010009765625,28.510000228881836,178.5800018310547,133.77999877929688,359.010009765625,111.61000061035156,110.5199966430664,92.51000213623047,55.2400016784668,17.98699951171875,53.13999938964844,153.3699951171875,124.2300033569336,51.33000183105469,128.5500030517578,80.81999969482422,541.9299926757812,44.08000183105469,121.47000122070312,42.59000015258789,43.525001525878906,34.9900016784668,139.82000732421875,107.98999786376953,4485400,67278000,3795000,1167500,35218000,48819500,9197900,16587500,5927000,7045500,9062700,3721800,2519700,37141100,9533600,9966100,5095500,4257800,10788300,7704600,11235300,496888000,36260300,3205800,9444100,10212200,3972000,17910000,2654600,11240400,3607800,22044400,52675600,54685100,10882200,17597300
2022-12-15,143.76983642578125,66.52999877929688,238.34552001953125,568.5103759765625,52.79886245727539,29.20085906982422,64.23979949951172,39.614356994628906,99.90941619873047,147.9705352783203,54.242610931396484,111.42198944091797,322.7436828613281,26.18014144897461,161.16014099121094,119.67489624023438,350.3709411621094,102.94725799560547,99.31549072265625,78.46764373779297,51.15606689453125,16.934125900268555,43.60572052001953,131.03219604492188,108.26913452148438,46.208595275878906,118.75548553466797,73.86143493652344,495.6841125488281,36.35307693481445,108.17948150634766,37.846927642822266,37.94019317626953,31.99471664428711,129.78453063964844,93.83853149414062,163.10000610351562,66.52999877929688,266.1400146484375,586.3400268554688,55.79999923706055,31.770000457763672,75.0,44.619998931884766,112.55000305175781,171.0399932861328,61.58000183105469,126.62999725341797,349.8299865722656,27.149999618530273,177.49000549316406,130.10000610351562,360.010009765625,110.87000274658203,109.62999725341797,87.79000091552734,52.040000915527344,16.95199966430664,53.61000061035156,150.17999267578125,116.63999938964844,50.11000061035156,121.55999755859375,77.61000061035156,527.6799926757812,42.84000015258789,119.91999816894531,41.369998931884766,42.70500183105469,33.959999084472656,137.52999877929688,105.44000244140625,164.61000061035156,68.20999908447266,271.1199951171875,604.7999877929688,56.64899826049805,31.989999771118164,77.20999908447266,45.2599983215332,112.91999816894531,171.3699951171875,61.77000045776367,126.69999694824219,356.1099853515625,28.0,179.83999633789062,132.0800018310547,363.9700012207031,110.9800033569336,110.7699966430664,89.19000244140625,53.720001220703125,17.31999969482422,54.43000030517578,150.41000366210938,120.5199966430664,50.45000076293945,124.80332946777344,79.20999908447266,534.0700073242188,43.040000915527344,120.01000213623047,41.709999084472656,42.80500030517578,34.2400016784668,139.1999969482422,106.16999816894531,161.9499969482422,66.12000274658203,263.45001220703125,584.260009765625,55.77000045776367,31.489999771118164,74.70999908447266,44.130001068115234,110.47000122070312,168.05999755859375,60.2599983215332,123.58999633789062,347.94000244140625,27.1200008392334,176.39999389648438,129.0500030517578,356.69000244140625,108.06999969482422,109.2300033569336,86.91999816894531,51.849998474121094,16.700000762939453,53.400001525878906,147.07000732421875,116.08000183105469,49.349998474121094,121.3933334350586,77.38999938964844,525.469970703125,42.40999984741211,117.3499984741211,41.0099983215332,41.97999954223633,33.7400016784668,137.0399932861328,103.69999694824219,163.88999938964844,67.5999984741211,270.44000244140625,603.0,56.37799835205078,31.75,76.91999816894531,45.09000015258789,111.63999938964844,170.60000610351562,61.130001068115234,123.58999633789062,354.4800109863281,27.940000534057617,179.1999969482422,131.14999389648438,360.6600036621094,110.16999816894531,110.23999786376953,89.1500015258789,53.560001373291016,17.145999908447266,54.06999969482422,147.5,120.25,50.119998931884766,124.26333618164062,79.20999908447266,533.989990234375,42.650001525878906,118.9000015258789,41.41999816894531,42.59000015258789,34.099998474121094,138.85000610351562,105.33000183105469,5268300,58557000,3200400,1420500,36876000,49027600,10646000,20201900,6400900,7272900,7976400,3565400,3163700,45682700,7602400,12087800,3437100,4255900,9871400,8795200,17785000,478542000,21627100,3043400,10207800,11048100,3881100,17080200,2963800,10229200,3233600,16766600,40406600,70330100,8746700,15365100
2022-12-16,141.46031188964844,65.41000366210938,239.48287963867188,556.8558959960938,52.60110855102539,29.136520385742188,62.94643783569336,39.374637603759766,98.036376953125,145.96343994140625,52.92133331298828,110.6652603149414,319.5331726074219,25.958358764648438,159.50758361816406,118.92977142333984,350.2347106933594,101.90729522705078,98.92594909667969,77.63639068603516,51.1855583190918,16.553529739379883,41.808135986328125,131.21543884277344,106.31055450439453,45.535430908203125,117.85669708251953,72.61471557617188,491.94549560546875,35.767555236816406,107.68331909179688,37.68226623535156,37.47377014160156,31.74976348876953,127.89717102050781,93.1799545288086,160.47999572753906,65.41000366210938,267.4100036621094,574.3200073242188,55.590999603271484,31.700000762939453,73.48999786376953,44.349998474121094,110.44000244140625,168.72000122070312,60.08000183105469,125.7699966430664,346.3500061035156,26.920000076293945,175.6699981689453,129.2899932861328,359.8699951171875,109.75,109.19999694824219,86.86000061035156,52.06999969482422,16.570999145507812,51.400001525878906,150.38999938964844,114.52999877929688,49.380001068115234,120.63999938964844,76.30000305175781,523.7000122070312,42.150001525878906,119.37000274658203,41.189998626708984,42.18000030517578,33.70000076293945,135.52999877929688,104.69999694824219,163.32000732421875,67.19000244140625,267.9800109863281,585.75,55.97999954223633,31.93000030517578,74.94000244140625,44.65999984741211,111.22000122070312,170.14999389648438,60.7599983215332,126.61000061035156,347.7799987792969,27.139999389648438,177.0,129.89999389648438,360.4800109863281,110.20999908447266,109.69999694824219,86.87000274658203,52.540000915527344,17.041000366210938,53.13999938964844,150.88999938964844,116.66000366210938,49.459999084472656,121.96333312988281,78.05999755859375,525.8099975585938,42.79999923706055,119.58000183105469,41.45000076293945,42.380001068115234,33.79999923706055,136.5800018310547,105.58000183105469,160.47999572753906,64.80000305175781,264.30999755859375,565.739990234375,55.08700180053711,31.350000381469727,73.37000274658203,43.810001373291016,109.01000213623047,167.10000610351562,59.060001373291016,122.41000366210938,343.4100036621094,26.450000762939453,174.86000061035156,128.42999267578125,355.1700134277344,107.69999694824219,108.2699966430664,85.83000183105469,51.619998931884766,16.40999984741211,51.400001525878906,148.0500030517578,113.3499984741211,48.25,119.44999694824219,76.2300033569336,515.719970703125,41.83000183105469,116.25,40.849998474121094,41.60499954223633,33.38999938964844,134.77999877929688,103.12999725341797,162.0500030517578,66.25,264.95001220703125,577.260009765625,55.744998931884766,31.6200008392334,74.4800033569336,44.20000076293945,110.44999694824219,168.52999877929688,60.0,125.0,345.0799865722656,27.0,177.0,129.14999389648438,357.92999267578125,108.47000122070312,109.23999786376953,86.52999877929688,51.7400016784668,16.86400032043457,53.0099983215332,148.86000061035156,116.08000183105469,48.95000076293945,120.913330078125,77.61000061035156,525.1500244140625,42.5,117.80999755859375,41.029998779296875,41.900001525878906,33.599998474121094,136.49000549316406,103.69000244140625,18905500,62438600,8789000,2097300,49549000,61795200,27045600,26955400,17422600,23876000,14377200,13516600,5008800,81104200,18841800,21133700,6612200,14691100,29465900,17262000,22951400,478232000,65689500,7000000,12733900,22945200,2465700,11929100,7109100,19310900,6945900,29836200,59101000,59619300,10843900,54596600
2022-12-19,142.35064697265625,64.58999633789062,237.95150756835938,551.319580078125,52.4408073425293,29.467411041259766,62.66379928588867,39.00175857543945,98.036376953125,146.9669647216797,52.199031829833984,110.45409393310547,317.9278259277344,25.833003997802734,159.3350830078125,119.63806915283203,348.2005920410156,103.13296508789062,99.14337158203125,76.46550750732422,50.84149932861328,16.23686408996582,41.775596618652344,131.01475524902344,104.52835845947266,45.950401306152344,116.3978271484375,72.42437744140625,491.8515625,35.597843170166016,107.99003601074219,38.25861740112305,37.46927261352539,31.66444206237793,127.41959381103516,93.59825897216797,161.49000549316406,64.58999633789062,265.70001220703125,568.6099853515625,54.9630012512207,32.060001373291016,73.16000366210938,43.93000030517578,110.44000244140625,169.8800048828125,59.2599983215332,125.52999877929688,344.6099853515625,26.790000915527344,175.47999572753906,130.05999755859375,357.7799987792969,111.06999969482422,109.44000244140625,85.55000305175781,51.720001220703125,16.253999710083008,51.36000061035156,150.16000366210938,112.61000061035156,49.83000183105469,119.14666748046875,76.0999984741211,523.5999755859375,41.95000076293945,119.70999908447266,41.81999969482422,41.744998931884766,33.400001525878906,134.47000122070312,105.16999816894531,162.22999572753906,65.58999633789062,268.9100036621094,575.8499755859375,55.64799880981445,32.22999954223633,74.2300033569336,44.47999954223633,112.76000213623047,170.82000732421875,60.91999816894531,127.8499984741211,348.3999938964844,26.969999313354492,176.1699981689453,131.3300018310547,359.70001220703125,112.4000015258789,110.0999984741211,87.04000091552734,52.290000915527344,16.608999252319336,51.810001373291016,152.5399932861328,115.16000366210938,50.540000915527344,120.79000091552734,77.12000274658203,527.2100219726562,42.65999984741211,121.69000244140625,41.90999984741211,42.32500076293945,33.7400016784668,135.17999267578125,106.19999694824219,160.05999755859375,63.709999084472656,263.80999755859375,562.6699829101562,54.571998596191406,31.729999542236328,72.6500015258789,43.47999954223633,109.63999938964844,168.25,58.720001220703125,124.4800033569336,342.6300048828125,26.5,174.07000732421875,129.08999633789062,354.6099853515625,110.2699966430664,108.7699966430664,84.95999908447266,51.099998474121094,16.145000457763672,50.70000076293945,148.94000244140625,111.51000213623047,49.41999816894531,117.91666412353516,75.76000213623047,520.9299926757812,41.599998474121094,118.94000244140625,41.11000061035156,41.439998626708984,33.189998626708984,133.86000061035156,104.37999725341797,160.77999877929688,65.12000274658203,266.82000732421875,574.0499877929688,55.402000427246094,31.760000228881836,73.66000366210938,44.36000061035156,112.16000366210938,170.11000061035156,60.45000076293945,126.83999633789062,346.2699890136719,26.899999618530273,175.35000610351562,129.64999389648438,357.80999755859375,110.62999725341797,109.19000244140625,86.73999786376953,52.16999816894531,16.57200050354004,51.52000045776367,150.27000427246094,114.01000213623047,49.959999084472656,120.51333618164062,76.91999816894531,524.5999755859375,42.099998474121094,120.19999694824219,41.34000015258789,42.189998626708984,33.400001525878906,134.92999267578125,105.26000213623047,4033400,46246900,2679800,906800,25092000,38374100,8157500,18019100,4991400,7131600,7011700,2410400,1646700,37662500,5736000,9017200,2658400,3408900,6949500,5129600,16470000,354039000,16081900,2070500,7720200,7447000,2231700,12561300,1808100,11789100,3260800,17454200,36836600,37456800,6801600,13611100
2022-12-20,141.54849243164062,65.05000305175781,237.10064697265625,546.0352783203125,51.90555953979492,29.586894989013672,62.226951599121094,38.895225524902344,99.99819946289062,149.38067626953125,52.2871208190918,111.29878997802734,317.8171081542969,25.495506286621094,159.50758361816406,120.21759796142578,350.0108337402344,104.93433380126953,99.38796997070312,76.11693572998047,49.81917190551758,16.068044662475586,41.74306106567383,132.3409423828125,104.05496215820312,47.730133056640625,115.68792724609375,71.96755981445312,488.6671447753906,35.580867767333984,109.94759368896484,37.49014663696289,38.034751892089844,31.797161102294922,127.39117431640625,94.95101165771484,160.5800018310547,65.05000305175781,264.75,563.1599731445312,54.402000427246094,32.189998626708984,72.6500015258789,43.810001373291016,112.6500015258789,172.6699981689453,59.36000061035156,126.48999786376953,344.489990234375,26.440000534057617,175.6699981689453,130.69000244140625,359.6400146484375,113.01000213623047,109.70999908447266,85.16000366210938,50.68000030517578,16.084999084472656,51.31999969482422,151.67999267578125,112.0999984741211,51.7599983215332,118.41999816894531,75.62000274658203,520.2100219726562,41.93000030517578,121.87999725341797,40.97999954223633,42.375,33.540000915527344,134.44000244140625,106.69000244140625,161.85000610351562,66.05999755859375,267.67999267578125,568.9600219726562,54.900001525878906,32.58000183105469,73.66000366210938,44.54999923706055,113.80999755859375,173.2899932861328,59.900001525878906,128.1199951171875,347.4200134277344,26.8700008392334,176.44000244140625,132.0500030517578,361.45001220703125,114.36000061035156,110.66000366210938,86.44999694824219,51.970001220703125,16.309999465942383,51.5099983215332,153.69000244140625,112.77999877929688,52.09000015258789,119.50666809082031,76.19999694824219,526.989990234375,42.279998779296875,122.79000091552734,42.560001373291016,42.64500045776367,33.77000045776367,134.9600067138672,107.51000213623047,160.07000732421875,63.52000045776367,262.82000732421875,561.1500244140625,54.09199905395508,32.13999938964844,72.44000244140625,43.79999923706055,110.0,169.60000610351562,58.560001373291016,125.0,343.489990234375,26.420000076293945,175.1699981689453,130.1999969482422,356.3399963378906,111.06999969482422,109.16000366210938,85.13999938964844,50.45000076293945,15.85200023651123,50.84000015258789,150.35000610351562,111.0999984741211,49.81999969482422,117.3933334350586,74.9000015258789,519.7000122070312,41.810001373291016,119.9000015258789,40.970001220703125,41.71500015258789,33.40999984741211,133.7100067138672,105.06999969482422,161.61000061035156,63.7599983215332,266.69000244140625,562.239990234375,54.516998291015625,32.400001525878906,73.31999969482422,44.150001525878906,110.44999694824219,169.80999755859375,58.95000076293945,125.30999755859375,345.989990234375,26.540000915527344,176.0,130.97000122070312,358.5,111.31999969482422,109.94000244140625,85.91999816894531,51.34000015258789,16.06399917602539,51.209999084472656,150.47999572753906,111.4000015258789,49.95000076293945,117.66000366210938,75.11000061035156,526.989990234375,42.11000061035156,119.9800033569336,41.290000915527344,41.875,33.529998779296875,134.52000427246094,105.16999816894531,4221000,52431300,1609100,845700,29831000,35561100,9231600,14412700,5538700,6199100,7606400,2381100,1623000,31863300,6174700,8549900,2276000,3520700,8022000,5206800,16942000,403260000,12433800,2144700,6260200,11496100,2275500,12080600,2086100,14209000,3156200,25415400,28593000,45446400,4815500,14680000
2022-12-21,142.9853057861328,67.68000030517578,238.4530029296875,563.2940673828125,53.547584533691406,30.03727149963379,62.809391021728516,39.78303909301758,103.22050476074219,151.13687133789062,54.401161193847656,114.39604949951172,323.0481262207031,25.871570587158203,161.33265686035156,121.56981658935547,358.15679931640625,106.36428833007812,100.65625762939453,77.64532470703125,50.32050323486328,16.483606338500977,42.019622802734375,134.27789306640625,106.36625671386719,49.15945816040039,118.2930679321289,73.41414642333984,495.5526123046875,36.24276351928711,110.66926574707031,37.61822509765625,38.75729751586914,32.29015350341797,129.06838989257812,96.1702880859375,162.2100067138672,67.68000030517578,266.260009765625,580.9600219726562,56.12300109863281,32.68000030517578,73.33000183105469,44.810001373291016,116.27999877929688,174.6999969482422,61.7599983215332,130.00999450683594,350.1600036621094,26.829999923706055,177.67999267578125,132.16000366210938,368.010009765625,114.55000305175781,111.11000061035156,86.87000274658203,51.189998626708984,16.500999450683594,51.65999984741211,153.89999389648438,114.58999633789062,53.310001373291016,121.086669921875,77.13999938964844,527.5399780273438,42.709999084472656,122.68000030517578,41.119998931884766,43.18000030517578,34.060001373291016,136.2100067138672,108.05999755859375,162.72999572753906,67.8499984741211,267.3999938964844,583.9600219726562,56.191001892089844,32.869998931884766,73.55000305175781,44.88999938964844,116.66999816894531,175.9600067138672,61.900001525878906,130.44000244140625,350.8800048828125,26.969999313354492,178.17999267578125,132.97999572753906,370.67999267578125,115.16000366210938,111.19000244140625,87.81999969482422,51.75,16.62700080871582,52.15999984741211,155.49000549316406,114.95999908447266,53.59000015258789,121.48666381835938,77.41999816894531,527.8800048828125,43.0,124.31999969482422,41.63999938964844,43.375,34.15999984741211,136.6300048828125,108.58999633789062,160.36000061035156,65.20999908447266,264.25,567.2999877929688,54.69499969482422,32.40999984741211,72.30999755859375,44.16999816894531,113.55000305175781,173.16000366210938,60.220001220703125,127.30999755859375,346.8900146484375,26.579999923706055,175.64999389648438,131.77000427246094,361.2099914550781,112.80000305175781,109.54000091552734,86.3499984741211,50.75,16.101999282836914,51.20000076293945,153.25999450683594,112.69000244140625,51.91999816894531,119.01667022705078,75.7699966430664,518.0999755859375,42.15999984741211,120.62000274658203,40.91999816894531,42.60499954223633,33.84000015258789,134.83999633789062,107.16000366210938,161.4499969482422,65.43000030517578,264.8800048828125,569.0599975585938,54.766998291015625,32.52000045776367,72.75,44.209999084472656,114.94000244140625,175.19000244140625,60.880001068115234,129.41000366210938,348.260009765625,26.59000015258789,176.27000427246094,132.17999267578125,362.6300048828125,114.5999984741211,110.0999984741211,86.41000366210938,50.93000030517578,16.11400032043457,51.61000061035156,153.64999389648438,112.76000213623047,52.849998474121094,119.24666595458984,75.86000061035156,523.6300048828125,42.20000076293945,123.80999755859375,41.36000061035156,43.2400016784668,33.86000061035156,135.25999450683594,108.29000091552734,3707200,44167600,2057000,797700,25619000,32544000,8469700,22492300,5433000,5479400,7992800,2687600,1923100,28100900,5472000,8051700,2211200,3226000,6640900,5422400,20400800,325025000,12925000,1541600,5843800,9019500,2291700,10806100,2182000,9456300,3040100,20170800,34058200,31318100,5937500,13565400
2022-12-22,143.919677734375,63.86000061035156,237.5574493408203,539.04443359375,52.770931243896484,29.770721435546875,63.2376708984375,39.05502700805664,100.22010803222656,148.87026977539062,52.947757720947266,111.13163757324219,318.8227233886719,25.042293548583984,160.7424774169922,120.19001007080078,355.5290222167969,103.6715087890625,100.77400970458984,77.19843292236328,48.59040069580078,15.322831153869629,42.003353118896484,134.6182098388672,102.73686981201172,47.388938903808594,113.51263427734375,71.64397430419922,495.1300048828125,36.36156463623047,107.90886688232422,37.215694427490234,37.86421203613281,32.0057373046875,128.88833618164062,94.23013305664062,163.27000427246094,63.86000061035156,265.260009765625,555.9500122070312,55.308998107910156,32.38999938964844,73.83000183105469,43.9900016784668,112.9000015258789,172.0800018310547,60.11000061035156,126.30000305175781,345.5799865722656,25.969999313354492,177.02999877929688,130.66000366210938,365.30999755859375,111.6500015258789,111.23999786376953,86.37000274658203,49.43000030517578,15.33899974822998,51.63999938964844,154.2899932861328,110.68000030517578,51.38999938964844,116.1933364868164,75.27999877929688,527.0900268554688,42.849998474121094,119.62000274658203,40.68000030517578,42.185001373291016,33.7599983215332,136.02000427246094,105.87999725341797,163.38999938964844,66.30999755859375,266.1700134277344,571.0499877929688,55.49399948120117,32.58000183105469,73.86000061035156,44.439998626708984,116.77999877929688,175.2100067138672,61.7599983215332,130.6699981689453,348.04998779296875,26.450000762939453,177.50999450683594,131.3000030517578,369.760009765625,114.7300033569336,111.69000244140625,86.58000183105469,49.970001220703125,16.13800048828125,51.70000076293945,154.5399932861328,112.58999633789062,53.529998779296875,118.92333221435547,76.43000030517578,529.010009765625,42.849998474121094,122.93000030517578,40.7400016784668,43.25,33.869998931884766,136.05999755859375,108.19000244140625,161.52999877929688,62.2599983215332,263.19000244140625,546.7999877929688,54.720001220703125,31.8700008392334,72.83999633789062,42.90999984741211,109.83999633789062,168.3300018310547,58.59000015258789,123.30999755859375,339.8800048828125,25.350000381469727,175.33999633789062,128.41000366210938,362.2900085449219,109.62999725341797,110.20999908447266,84.7699966430664,48.43000030517578,14.881999969482422,50.95000076293945,151.08999633789062,107.37999725341797,50.130001068115234,113.74666595458984,74.0199966430664,521.6300048828125,42.25,117.44000244140625,40.02000045776367,41.34000015258789,33.209999084472656,134.25999450683594,104.0999984741211,161.8699951171875,66.08000183105469,265.79998779296875,571.0499877929688,55.334999084472656,32.52000045776367,73.08999633789062,44.439998626708984,116.05000305175781,175.16000366210938,61.560001373291016,130.13999938964844,347.1600036621094,26.450000762939453,176.77000427246094,131.10000610351562,367.32000732421875,114.5999984741211,110.9000015258789,86.58000183105469,49.5,16.0939998626709,51.40999984741211,153.1699981689453,112.56999969482422,53.31999969482422,118.73332977294922,76.27999877929688,526.47998046875,42.47999954223633,122.69999694824219,40.709999084472656,43.224998474121094,33.84000015258789,135.4499969482422,107.88999938964844,3606000,73917700,1979100,1351800,27553000,30234400,7600600,24476100,5295400,5755000,8067900,3011700,1528900,47478300,5709100,8648200,1958100,2699600,8373700,5635200,40959600,565045000,14822300,1522100,12051400,7574500,5403300,13019700,1851600,12427700,3035800,17382700,37359400,25605100,5483300,13213000
2022-12-23,143.76983642578125,64.5199966430664,236.35736083984375,534.6036987304688,52.70796585083008,29.844253540039062,62.432518005371094,39.29473876953125,104.5522689819336,153.4727020263672,55.061798095703125,114.92399597167969,318.7581787109375,25.15800666809082,161.15106201171875,120.76030731201172,358.0496826171875,106.89356231689453,101.33568572998047,76.96603393554688,49.34732437133789,15.189970016479492,42.15789794921875,135.25509643554688,102.8853759765625,48.864376068115234,113.61032104492188,71.27281951904297,499.0940246582031,36.6585693359375,112.19380187988281,37.49014663696289,39.07144546508789,32.18586349487305,128.96412658691406,96.72206115722656,163.10000610351562,64.5199966430664,263.9200134277344,551.3699951171875,55.24300003051758,32.470001220703125,72.88999938964844,44.2599983215332,117.05000305175781,177.39999389648438,62.5099983215332,130.61000061035156,345.510009765625,26.09000015258789,177.47999572753906,131.27999877929688,367.8999938964844,115.12000274658203,111.86000061035156,86.11000061035156,50.20000076293945,15.206000328063965,51.83000183105469,155.02000427246094,110.83999633789062,52.9900016784668,116.2933349609375,74.88999938964844,531.3099975585938,43.20000076293945,124.37000274658203,40.97999954223633,43.529998779296875,33.95000076293945,136.10000610351562,108.68000030517578,163.82000732421875,64.66000366210938,265.2900085449219,552.0700073242188,55.36199951171875,32.58000183105469,73.88999938964844,44.36000061035156,117.0999984741211,177.5800018310547,62.52000045776367,130.7100067138672,347.760009765625,26.190000534057617,177.52000427246094,131.44000244140625,367.8999938964844,115.38999938964844,112.12999725341797,86.58000183105469,50.54999923706055,15.33899974822998,51.95000076293945,156.13999938964844,110.91999816894531,53.0,116.29666900634766,75.3499984741211,531.3099975585938,43.290000915527344,124.61000061035156,41.0,43.540000915527344,34.0,136.22999572753906,108.73999786376953,162.3300018310547,62.720001220703125,262.8999938964844,542.530029296875,54.744998931884766,32.189998626708984,72.51000213623047,43.880001068115234,113.6500015258789,173.69000244140625,60.439998626708984,127.4800033569336,343.1099853515625,25.68000030517578,175.80999755859375,129.63999938964844,362.4700012207031,112.08000183105469,110.87000274658203,85.3499984741211,48.9900016784668,14.883000373840332,51.2400016784668,154.17999267578125,108.20999908447266,51.380001068115234,114.01333618164062,74.16999816894531,522.9000244140625,42.72999954223633,119.70999908447266,40.45000076293945,42.525001525878906,33.56999969482422,135.10000610351562,106.9000015258789,163.38999938964844,63.11000061035156,264.8800048828125,546.8699951171875,55.0,32.400001525878906,73.75,44.0,113.6500015258789,174.10000610351562,60.93000030517578,127.4800033569336,344.8399963378906,25.920000076293945,176.6699981689453,130.5800018310547,364.82000732421875,112.66000366210938,111.25,86.33000183105469,49.0,15.196000099182129,51.560001373291016,154.22999572753906,109.69999694824219,52.20000076293945,115.1866683959961,74.88999938964844,524.0999755859375,42.83000183105469,120.87000274658203,40.689998626708984,42.744998931884766,33.7400016784668,135.88999938964844,106.94999694824219,2685100,45923000,1465500,602600,13761000,21378600,7029800,15143800,5001500,6079100,6099600,1678400,1062000,23600900,3683400,5091900,1030300,2388000,4547400,3316100,17425700,349326000,10666500,1027600,5356700,8082300,2571900,7452600,1292300,6931000,3270300,10167500,29630000,17116200,3766900,11539400
2022-12-27,143.6728515625,63.27000045776367,235.8827362060547,520.8452758789062,52.813865661621094,29.89940071105957,62.19270324707031,39.41015625,105.82064819335938,155.40191650390625,55.704811096191406,116.21745300292969,315.4922180175781,25.013368606567383,161.1056671142578,121.18346405029297,355.1105041503906,108.47207641601562,101.57122802734375,76.02754211425781,49.170379638671875,14.106115341186523,41.588523864746094,136.0752716064453,101.60443115234375,49.33466339111328,111.55878448486328,70.73035430908203,499.7327880859375,37.04042053222656,114.03410339355469,37.5450439453125,39.488826751708984,32.17638397216797,128.6324920654297,98.06591033935547,162.99000549316406,63.27000045776367,263.3900146484375,537.1799926757812,55.354000091552734,32.529998779296875,72.61000061035156,44.38999938964844,118.47000122070312,179.6300048828125,63.2400016784668,132.0800018310547,341.9700012207031,25.940000534057617,177.42999267578125,131.74000549316406,364.8800048828125,116.81999969482422,112.12000274658203,85.05999755859375,50.02000045776367,14.121000289916992,51.130001068115234,155.9600067138672,109.45999908447266,53.5,114.1933364868164,74.31999969482422,531.989990234375,43.650001525878906,126.41000366210938,41.040000915527344,43.994998931884766,33.939998626708984,135.75,110.19000244140625,163.80999755859375,64.27999877929688,266.6099853515625,546.5,55.81100082397461,32.66999816894531,73.29000091552734,44.540000915527344,119.05999755859375,180.22999572753906,63.630001068115234,132.33999633789062,347.75,26.100000381469727,178.35000610351562,132.22000122070312,369.7300109863281,117.11000061035156,112.58999633789062,86.36000061035156,50.310001373291016,15.100000381469727,51.93000030517578,156.63999938964844,110.69000244140625,53.869998931884766,115.47666931152344,74.73999786376953,535.8400268554688,43.75,126.80000305175781,41.13999938964844,44.18000030517578,34.099998474121094,136.47000122070312,110.47000122070312,161.77999877929688,62.970001220703125,262.8800048828125,536.510009765625,54.694000244140625,32.279998779296875,72.12000274658203,43.970001220703125,117.05999755859375,177.39999389648438,62.630001068115234,130.3000030517578,341.7900085449219,25.649999618530273,176.99000549316406,130.5500030517578,364.3299865722656,115.2300033569336,111.52999877929688,84.94000244140625,48.52000045776367,14.055999755859375,51.04999923706055,154.3300018310547,108.88999938964844,52.790000915527344,113.66666412353516,74.16000366210938,529.8499755859375,43.119998931884766,124.16999816894531,40.61000061035156,43.560001373291016,33.79999923706055,135.2100067138672,108.83000183105469,163.49000549316406,63.869998931884766,265.69000244140625,546.0499877929688,55.154998779296875,32.5,73.18000030517578,44.279998779296875,117.91999816894531,178.36000061035156,63.02000045776367,131.4199981689453,346.510009765625,25.850000381469727,178.11000061035156,131.57000732421875,369.5,115.73999786376953,112.41000366210938,86.36000061035156,49.61000061035156,15.074000358581543,51.86000061035156,155.36000061035156,109.75,53.34000015258789,115.37000274658203,74.33000183105469,533.9299926757812,43.349998474121094,125.29000091552734,41.0099983215332,43.720001220703125,34.02000045776367,136.36000061035156,109.2699966430664,2669200,36086000,1604700,802600,16677000,22776100,5971700,14777800,3849400,5168000,6771900,2258000,1035000,29548100,3067300,5411000,1372100,2420000,5125800,7064700,15159100,464902000,12033800,733000,6158100,6200900,3494400,8974800,1596700,7504200,3484400,10297400,32749200,25601100,7050500,11962100
2022-12-28,143.0029296875,62.56999969482422,234.1184539794922,515.4737548828125,51.98856735229492,30.119993209838867,61.66164016723633,39.614356994628906,102.99806213378906,153.10934448242188,53.63481903076172,112.0995101928711,314.4774169921875,24.627655029296875,160.40652465820312,121.84577178955078,355.4414367675781,106.33642578125,100.62906646728516,75.49124145507812,48.28566360473633,14.02120590209961,41.32010269165039,135.98800659179688,99.29312133789062,48.504730224609375,109.91427612304688,69.53121948242188,496.407470703125,36.78583908081055,113.07786560058594,37.61822509765625,38.604705810546875,32.0626220703125,127.79862976074219,96.45506286621094,162.22999572753906,62.56999969482422,261.4200134277344,531.6400146484375,54.48899841308594,32.77000045776367,71.98999786376953,44.619998931884766,115.30999755859375,176.97999572753906,60.88999938964844,127.4000015258789,340.8699951171875,25.540000915527344,176.66000366210938,132.4600067138672,365.2200012207031,114.5199966430664,111.08000183105469,84.45999908447266,49.119998931884766,14.03600025177002,50.79999923706055,155.86000061035156,106.97000122070312,52.599998474121094,112.51000213623047,73.05999755859375,528.4500122070312,43.349998474121094,125.3499984741211,41.119998931884766,43.0099983215332,33.81999969482422,134.8699951171875,108.37999725341797,164.69000244140625,63.540000915527344,265.6199951171875,541.7999877929688,55.777000427246094,32.970001220703125,72.95999908447266,44.869998931884766,118.2699966430664,179.3000030517578,62.869998931884766,131.8300018310547,342.8500061035156,26.1200008392334,178.4499969482422,133.41000366210938,368.010009765625,116.98999786376953,112.88999938964844,85.20999908447266,51.09000015258789,14.26200008392334,51.38999938964844,157.02999877929688,110.2699966430664,53.63999938964844,114.84666442871094,74.55000305175781,538.1500244140625,43.81999969482422,126.69999694824219,41.380001068115234,43.935001373291016,34.09000015258789,136.86000061035156,110.0,162.11000061035156,61.959999084472656,261.1400146484375,529.010009765625,54.244998931884766,32.529998779296875,71.91999816894531,44.189998626708984,114.73999786376953,175.92999267578125,60.63999938964844,126.86000061035156,339.29998779296875,25.5,176.64999389648438,131.00999450683594,363.94000244140625,113.95999908447266,111.05999755859375,84.05999755859375,48.83000183105469,13.883999824523926,50.75,155.35000610351562,106.81999969482422,51.9900016784668,112.05000305175781,72.83999633789062,527.72998046875,43.08000183105469,123.41999816894531,40.86000061035156,42.875,33.779998779296875,134.82000732421875,107.9000015258789,163.6999969482422,62.540000915527344,264.4200134277344,536.7000122070312,55.16400146484375,32.56999969482422,72.87000274658203,44.43000030517578,118.20999908447266,178.86000061035156,62.849998474121094,131.50999450683594,340.5,25.84000015258789,177.75999450683594,131.85000610351562,366.1700134277344,116.75,112.88999938964844,84.95999908447266,49.84000015258789,13.927000045776367,51.04999923706055,156.32000732421875,108.87000274658203,53.369998931884766,113.4566650390625,74.19000244140625,535.0700073242188,43.720001220703125,126.33999633789062,40.939998626708984,43.935001373291016,34.0,136.1999969482422,109.91000366210938,2944500,39526500,1349500,609900,15410000,30541000,5192000,12882200,3856400,4494400,6524400,2490300,1117200,26176900,2645400,8827700,996000,2650600,5107800,3714900,12518700,351066000,10053900,974600,5395600,7192700,2682000,10275700,1694200,6379600,3856300,11889400,31838000,24395100,5054200,10702100
2022-12-29,143.29383850097656,64.81999969482422,235.6767578125,534.7006225585938,53.221282958984375,30.460071563720703,61.75586700439453,40.09376525878906,103.9627456665039,154.2686004638672,53.766944885253906,113.18177795410156,316.8392639160156,25.273717880249023,161.22372436523438,122.54486083984375,357.1932678222656,107.87779998779297,100.3935317993164,76.18840026855469,49.7896728515625,14.587605476379395,41.75120162963867,137.70684814453125,101.95714569091797,48.79059982299805,113.42145538330078,72.32920837402344,497.7507019042969,37.386505126953125,113.9529037475586,37.81034469604492,39.00862503051758,32.50820541381836,129.19154357910156,97.18482971191406,162.55999755859375,64.81999969482422,263.1600036621094,551.469970703125,55.78099822998047,33.13999938964844,72.0999984741211,45.15999984741211,116.38999938964844,178.32000732421875,61.040000915527344,128.6300048828125,343.42999267578125,26.209999084472656,177.55999755859375,133.22000122070312,367.0199890136719,116.18000030517578,110.81999969482422,85.23999786376953,50.650001525878906,14.602999687194824,51.33000183105469,157.8300018310547,109.83999633789062,52.90999984741211,116.0999984741211,76.0,529.8800048828125,43.56999969482422,126.31999969482422,41.33000183105469,43.459999084472656,34.290000915527344,136.33999633789062,109.19999694824219,163.8800048828125,65.18000030517578,264.8800048828125,555.3699951171875,56.2599983215332,33.15999984741211,72.63999938964844,45.2400016784668,117.0,179.1999969482422,61.529998779296875,129.1999969482422,344.6400146484375,26.290000915527344,178.3000030517578,133.27000427246094,370.95001220703125,116.41000366210938,111.69999694824219,85.58999633789062,50.93000030517578,14.682999610900879,51.66999816894531,158.0500030517578,110.66000366210938,53.15999984741211,116.63999938964844,76.04000091552734,533.6799926757812,43.630001068115234,126.80000305175781,41.400001525878906,43.654998779296875,34.349998474121094,137.0399932861328,109.72000122070312,162.19000244140625,63.060001373291016,262.1400146484375,540.1500244140625,55.04999923706055,32.75,71.86000061035156,44.650001525878906,114.62000274658203,176.64999389648438,60.13999938964844,126.5,341.239990234375,25.75,177.07000732421875,132.30999755859375,366.4599914550781,114.25,110.75,84.55999755859375,49.34000015258789,14.22700023651123,50.9900016784668,155.61000061035156,108.11000061035156,52.060001373291016,113.91999816894531,74.1500015258789,528.8599853515625,42.83000183105469,124.72000122070312,41.060001373291016,42.810001373291016,33.91999816894531,135.39999389648438,107.98999786376953,162.9600067138672,63.63999938964844,262.4700012207031,541.2000122070312,55.185001373291016,32.88999938964844,72.30000305175781,44.84000015258789,114.7300033569336,176.64999389648438,60.349998474121094,126.72000122070312,342.44000244140625,25.770000457763672,177.5500030517578,132.92999267578125,368.1000061035156,114.5199966430664,111.38999938964844,84.95999908447266,49.400001525878906,14.402000427246094,51.02000045776367,156.25,108.3499984741211,52.40999984741211,114.34333038330078,74.3499984741211,532.5399780273438,42.970001220703125,125.1500015258789,41.150001525878906,42.83000183105469,34.0,135.7100067138672,107.98999786376953,3112500,41428500,1446400,841000,18176000,22252900,4288300,14124100,2921600,4142100,6355900,1744700,1273600,30944800,2828800,6585200,1077900,2054100,4467200,3461700,13204300,354923000,8971300,994300,6668600,5200000,3263100,11142500,1379700,5956300,2456800,11597100,26915800,26624200,6297300,10534000
2022-12-30,142.4564208984375,64.7699966430664,235.2111053466797,529.784912109375,53.34721374511719,30.441688537597656,61.62738037109375,40.15592956542969,105.40083312988281,155.28079223632812,54.18094253540039,113.96488952636719,316.7930908203125,25.48586082458496,160.3974151611328,123.3543472290039,356.0448303222656,108.07279205322266,100.51129913330078,75.99178314208984,49.24286651611328,14.598596572875977,41.67799377441406,137.80284118652344,102.04998016357422,49.29777526855469,113.31723022460938,70.89213562011719,498.03253173828125,37.420833587646484,114.44003295898438,37.77375030517578,39.255455017089844,32.422874450683594,128.72726440429688,98.16380310058594,161.61000061035156,64.7699966430664,262.6400146484375,546.4000244140625,55.91299819946289,33.119998931884766,71.94999694824219,45.22999954223633,118.0,179.49000549316406,61.5099983215332,129.52000427246094,343.3800048828125,26.43000030517578,176.64999389648438,134.10000610351562,365.8399963378906,116.38999938964844,110.94999694824219,85.0199966430664,49.97999954223633,14.61400032043457,51.2400016784668,157.94000244140625,109.94000244140625,53.459999084472656,115.99333190917969,74.48999786376953,530.1799926757812,43.61000061035156,126.86000061035156,41.290000915527344,43.73500061035156,34.20000076293945,135.85000610351562,110.30000305175781,162.85000610351562,64.81999969482422,263.2300109863281,546.47998046875,55.96500015258789,33.29999923706055,72.27999877929688,45.279998779296875,118.20999908447266,179.9499969482422,61.56999969482422,129.69000244140625,343.69000244140625,26.459999084472656,177.77000427246094,134.3300018310547,367.95001220703125,116.76000213623047,111.41999816894531,85.19999694824219,50.02000045776367,14.628999710083008,51.400001525878906,158.57000732421875,110.05999755859375,53.54999923706055,116.1866683959961,74.56999969482422,530.5,43.79999923706055,127.54000091552734,41.43000030517578,43.81999969482422,34.27000045776367,136.02000427246094,110.5,159.82000732421875,63.13999938964844,259.510009765625,536.77001953125,54.80099868774414,32.86000061035156,70.87000274658203,44.7599983215332,116.01000213623047,177.6999969482422,60.52000045776367,127.94999694824219,339.3999938964844,25.799999237060547,175.39999389648438,132.44000244140625,362.1099853515625,115.38999938964844,110.12000274658203,84.18000030517578,49.130001068115234,14.232999801635742,50.75,156.22000122070312,107.22000122070312,52.400001525878906,113.61333465576172,73.6500015258789,524.8400268554688,43.279998779296875,125.68000030517578,40.9900016784668,43.224998474121094,33.91999816894531,134.47000122070312,108.61000061035156,162.22999572753906,63.77000045776367,262.7300109863281,540.8599853515625,55.18199920654297,33.099998474121094,72.12999725341797,44.93000030517578,116.06999969482422,178.02999877929688,60.95000076293945,128.25,341.739990234375,25.899999618530273,177.49000549316406,132.80999755859375,367.489990234375,115.66999816894531,111.2300033569336,84.69999694824219,49.45000076293945,14.333999633789062,51.290000915527344,157.24000549316406,107.97000122070312,52.52000045776367,114.44000244140625,74.29000091552734,530.0,43.400001525878906,126.02999877929688,41.11000061035156,43.22999954223633,34.040000915527344,135.8800048828125,108.61000061035156,3680400,37127000,1622000,703200,14376000,28198900,7029200,11802800,4220500,5005100,6690900,2179400,1031400,31030100,4216600,9292500,1388000,2370800,5498600,4455600,11989800,310490000,11396200,1035000,5642300,4629800,2010000,7784100,1849600,5737900,2043500,10021500,22661800,24735700,6369500,11799600
2023-01-03,143.13516235351562,64.0199966430664,234.32440185546875,532.8585205078125,52.80813980102539,30.800148010253906,61.892921447753906,40.64421844482422,101.0418701171875,150.52264404296875,51.19487380981445,109.50379943847656,319.4131774902344,25.775144577026367,161.79576110839844,124.2926025390625,355.21759033203125,102.99369049072266,100.68343353271484,76.6174545288086,49.627105712890625,14.299909591674805,41.69425582885742,139.181396484375,99.50662994384766,47.490379333496094,112.21333312988281,70.45433807373047,487.1922607421875,38.304649353027344,108.28772735595703,38.231163024902344,37.87767791748047,32.53663635253906,128.35772705078125,94.79081726074219,162.3800048828125,64.0199966430664,261.6499938964844,549.5700073242188,55.347999572753906,33.5099983215332,72.26000213623047,45.779998779296875,113.12000274658203,173.99000549316406,58.119998931884766,124.44999694824219,346.2200012207031,26.729999542236328,178.19000244140625,135.1199951171875,364.989990234375,110.91999816894531,111.13999938964844,85.72000122070312,50.369998931884766,14.3149995803833,51.2599983215332,159.52000427246094,107.19999694824219,51.5,114.86333465576172,74.02999877929688,518.6400146484375,44.63999938964844,120.04000091552734,41.790000915527344,42.20000076293945,34.31999969482422,135.4600067138672,106.51000213623047,163.02000427246094,66.87999725341797,262.6000061035156,564.1500244140625,56.75699996948242,34.09000015258789,72.97000122070312,46.75,117.9800033569336,179.0,61.2599983215332,129.27000427246094,348.6000061035156,27.06999969482422,178.3800048828125,136.74000549316406,369.0,115.6500015258789,111.19999694824219,86.5999984741211,50.959999084472656,14.996000289916992,51.33000183105469,161.60000610351562,111.73999786376953,53.59000015258789,118.16666412353516,75.97000122070312,525.6300048828125,45.029998779296875,126.58000183105469,42.13999938964844,43.68000030517578,34.689998626708984,136.3300018310547,110.0199966430664,160.80999755859375,63.59000015258789,258.8699951171875,545.77001953125,55.07899856567383,33.209999084472656,71.68000030517578,45.540000915527344,111.91999816894531,171.50999450683594,57.220001220703125,122.88999938964844,342.80999755859375,26.3700008392334,176.00999450683594,133.88999938964844,361.4599914550781,110.31999969482422,109.48999786376953,84.9800033569336,49.54999923706055,14.095999717712402,50.81999969482422,157.6699981689453,107.12999725341797,50.36000061035156,114.16666412353516,73.7699966430664,512.1599731445312,44.08000183105469,119.63999938964844,41.45000076293945,41.67499923706055,34.06999969482422,134.42999267578125,105.48999786376953,162.0399932861328,66.0,260.8699951171875,561.280029296875,56.5,33.22999954223633,71.76000213623047,45.75,116.55999755859375,178.0399932861328,60.72999954223633,128.0,345.5,27.049999237060547,176.16000366210938,135.24000549316406,366.260009765625,115.6500015258789,110.41000366210938,85.63999938964844,50.560001373291016,14.85099983215332,51.0099983215332,159.64999389648438,111.3499984741211,52.86000061035156,117.9566650390625,75.8499984741211,525.1300048828125,44.20000076293945,125.75,41.61000061035156,43.459999084472656,34.45000076293945,135.9600067138672,109.77999877929688,4937500,46851800,2594800,675100,20173000,35221500,7792300,19564000,5424400,7565400,10613200,2994900,1589700,31308000,6344900,11054800,2006700,4363900,8062500,5108900,12422800,401277000,15603800,1650600,8110400,8487800,2844600,9276200,3525600,12795900,3671600,15944300,53082800,37396500,7239200,15146200
2023-01-04,144.28990173339844,64.66000366210938,236.77828979492188,553.4720458984375,53.453121185302734,31.37920379638672,62.201263427734375,41.69183349609375,101.23839569091797,148.92214965820312,51.88193130493164,109.42461395263672,320.77862548828125,26.69120979309082,163.55726623535156,125.45165252685547,353.37823486328125,102.67798614501953,101.53498077392578,77.4487075805664,53.400630950927734,14.733450889587402,40.7751350402832,142.85459899902344,103.5258560180664,47.6748046875,115.10176849365234,72.63375091552734,473.9096984863281,39.497379302978516,107.90886688232422,39.0179328918457,37.87318801879883,33.05805969238281,128.69883728027344,95.06669616699219,163.69000244140625,64.66000366210938,264.3900146484375,570.8300170898438,56.02399826049805,34.13999938964844,72.62000274658203,46.959999084472656,113.33999633789062,172.13999938964844,58.900001525878906,124.36000061035156,347.70001220703125,27.68000030517578,180.1300048828125,136.3800048828125,363.1000061035156,110.58000183105469,112.08000183105469,86.6500015258789,54.20000076293945,14.74899959564209,50.130001068115234,163.72999572753906,111.52999877929688,51.70000076293945,117.81999969482422,76.31999969482422,504.5,46.029998779296875,119.62000274658203,42.650001525878906,42.19499969482422,34.869998931884766,135.82000732421875,106.81999969482422,164.27999877929688,65.79000091552734,265.010009765625,575.510009765625,56.816001892089844,34.81999969482422,73.26000213623047,47.540000915527344,114.30999755859375,174.2899932861328,59.2599983215332,125.54000091552734,350.30999755859375,27.920000076293945,180.19000244140625,137.67999267578125,367.1199951171875,112.13999938964844,112.61000061035156,87.3499984741211,54.52000045776367,14.852999687194824,50.630001068115234,166.10000610351562,112.2300033569336,52.029998779296875,118.47333526611328,76.61000061035156,518.6400146484375,46.400001525878906,120.58999633789062,43.060001373291016,42.439998626708984,35.119998931884766,136.57000732421875,107.16000366210938,161.50999450683594,63.310001373291016,261.0,561.0599975585938,55.60300064086914,33.83000183105469,71.7300033569336,46.34000015258789,110.45999908447266,170.85000610351562,56.40999984741211,121.33999633789062,345.0799865722656,27.15999984741211,178.47999572753906,135.57000732421875,360.3399963378906,109.0,111.23999786376953,85.18000030517578,52.72999954223633,14.241000175476074,49.52000045776367,160.64999389648438,108.80999755859375,50.189998626708984,115.69999694824219,74.47000122070312,500.6000061035156,45.11000061035156,117.70999908447266,42.22999954223633,41.415000915527344,34.56999969482422,134.94000244140625,104.76000213623047,162.39999389648438,65.0,263.010009765625,570.7999877929688,56.29899978637695,33.900001525878906,72.25,46.540000915527344,111.22000122070312,170.9499969482422,56.880001068115234,121.93000030517578,348.0299987792969,27.40999984741211,178.88999938964844,135.99000549316406,364.6400146484375,109.08000183105469,112.31999969482422,85.55000305175781,53.04999923706055,14.567000389099121,50.290000915527344,161.60000610351562,109.80000305175781,50.459999084472656,117.05000305175781,74.98999786376953,518.6400146484375,45.11000061035156,118.0199966430664,42.2599983215332,41.57500076293945,34.66999816894531,136.22000122070312,104.80000305175781,4440400,47477100,1773800,1087300,17074000,41998500,9948700,21507200,4837600,7684500,9690900,2469700,1881000,37665200,9788800,11687600,1886200,3664600,8698600,7726800,25077300,431324000,21808400,2107600,7614200,9069800,3257100,12316400,5070400,16338400,3283700,18943600,45705200,44669300,8469800,18058400
2023-01-05,144.11361694335938,62.33000183105469,238.9902801513672,548.1297607421875,52.955074310302734,31.314870834350586,62.08903884887695,41.50540542602539,104.30215454101562,151.60403442382812,53.000614166259766,109.44219207763672,317.1436462402344,26.575496673583984,162.349609375,125.42384338378906,349.31011962890625,107.4599609375,102.94821166992188,76.79620361328125,53.90310287475586,14.24996280670166,40.392845153808594,139.05047607421875,101.54873657226562,48.569278717041016,113.16094207763672,72.07225799560547,460.2512512207031,39.1884651184082,114.19646453857422,38.80751419067383,38.56431579589844,32.81157684326172,127.38166809082031,97.19373321533203,163.49000549316406,62.33000183105469,266.8599853515625,565.3200073242188,55.50199890136719,34.06999969482422,71.91999816894531,46.75,116.7699966430664,175.24000549316406,60.16999816894531,124.37999725341797,343.760009765625,27.559999465942383,178.8000030517578,135.35000610351562,358.9200134277344,115.7300033569336,113.63999938964844,85.91999816894531,54.709999084472656,14.265000343322754,49.65999984741211,159.3699951171875,109.4000015258789,52.66999816894531,115.83333587646484,75.7300033569336,489.9599914550781,45.66999816894531,126.58999633789062,42.41999816894531,42.96500015258789,34.61000061035156,134.42999267578125,109.20999908447266,164.49000549316406,64.3499984741211,268.0,573.5499877929688,55.98400115966797,34.13999938964844,72.37999725341797,46.959999084472656,117.80000305175781,176.19000244140625,60.5,125.73999786376953,345.1400146484375,27.780000686645508,179.99000549316406,135.7100067138672,361.489990234375,115.77999877929688,113.91000366210938,86.16999816894531,55.38999938964844,14.564000129699707,49.9900016784668,161.63999938964844,110.91999816894531,53.209999084472656,117.48666381835938,76.44000244140625,502.0899963378906,46.0,126.97000122070312,42.630001068115234,43.20000076293945,34.75,135.25,109.94999694824219,162.33999633789062,62.29999923706055,262.5199890136719,562.5499877929688,55.11199951171875,33.58000183105469,71.52999877929688,45.970001220703125,113.52999877929688,171.24000549316406,58.56999969482422,123.83000183105469,340.1400146484375,27.3799991607666,178.41000366210938,133.6999969482422,352.9599914550781,110.25,111.41999816894531,84.83000183105469,53.88999938964844,14.14799976348877,48.91999816894531,157.30999755859375,109.12999725341797,51.65999984741211,115.6433334350586,75.33999633789062,488.5,45.060001373291016,119.0,41.93000030517578,42.005001068115234,34.369998931884766,133.89999389648438,106.30999755859375,163.08999633789062,64.1500015258789,264.07000732421875,565.3800048828125,55.57099914550781,33.91999816894531,71.73999786376953,46.70000076293945,113.52999877929688,171.5,58.86000061035156,124.1500015258789,344.25,27.440000534057617,179.02000427246094,135.66000366210938,360.95001220703125,110.58000183105469,111.58999633789062,85.9000015258789,53.88999938964844,14.491000175476074,49.72999954223633,160.9600067138672,109.93000030517578,51.65999984741211,116.65666961669922,76.0,501.010009765625,45.86000061035156,119.62000274658203,42.58000183105469,42.125,34.75,134.9199981689453,106.33999633789062,3516000,46159500,2056000,710900,16277000,34177000,8112000,12314900,5177700,6088200,8812100,3560200,1397800,33552600,6255300,8381300,2008500,4093600,9578900,5339900,18030900,389168000,20057400,2173900,7546000,6622100,2671800,10039200,5497100,8364000,4974600,12380700,38723800,45585700,6714200,15946600
2023-01-06,146.81092834472656,63.959999084472656,246.4593505859375,577.7310791015625,56.14276123046875,31.62737274169922,63.02140426635742,42.00258255004883,105.60626220703125,152.74600219726562,53.93431091308594,112.1611099243164,321.1291809082031,27.703699111938477,163.66624450683594,127.82392883300781,353.2224426269531,108.47207641601562,104.03529357910156,78.26206970214844,55.93272399902344,14.84333610534668,41.417701721191406,143.27340698242188,107.06244659423828,50.25680923461914,118.42659759521484,74.29923248291016,460.2889099121094,39.737640380859375,115.07150268554688,39.15515899658203,39.29583740234375,33.541561126708984,128.55670166015625,98.36849975585938,166.5500030517578,63.959999084472656,275.20001220703125,595.8499755859375,58.84299850463867,34.40999984741211,73.0,47.310001373291016,118.2300033569336,176.55999755859375,61.22999954223633,127.47000122070312,348.0799865722656,28.729999542236328,180.25,137.94000244140625,362.94000244140625,116.81999969482422,114.83999633789062,87.55999755859375,56.77000045776367,14.859000205993652,50.91999816894531,164.2100067138672,115.33999633789062,54.5,121.22333526611328,78.06999969482422,490.0,46.310001373291016,127.55999755859375,42.79999923706055,43.779998779296875,35.380001068115234,135.6699981689453,110.52999877929688,168.11000061035156,64.30000305175781,276.82000732421875,598.6799926757812,59.099998474121094,34.58000183105469,73.4000015258789,47.689998626708984,120.19000244140625,179.38999938964844,62.2599983215332,129.14999389648438,349.0,28.829999923706055,180.92999267578125,138.3800048828125,366.70001220703125,119.3499984741211,115.48999786376953,87.95999908447266,57.290000915527344,15.010000228881836,51.599998474121094,164.7899932861328,115.9800033569336,54.70000076293945,121.86000061035156,78.73999786376953,492.8699951171875,46.4900016784668,131.60000610351562,43.0,44.314998626708984,35.4900016784668,136.0399932861328,111.98999786376953,164.1199951171875,60.04999923706055,269.0299987792969,567.280029296875,56.22999954223633,33.540000915527344,72.0999984741211,46.61000061035156,117.54000091552734,175.6999969482422,60.79999923706055,125.61000061035156,340.95001220703125,27.3799991607666,179.38999938964844,134.49000549316406,357.5799865722656,116.05999755859375,114.05000305175781,85.70999908447266,54.029998779296875,14.034000396728516,49.560001373291016,158.9199981689453,110.05000305175781,53.29999923706055,115.8133316040039,76.1500015258789,487.5400085449219,45.41999816894531,125.4000015258789,42.099998474121094,43.40999984741211,34.599998474121094,133.61000061035156,109.66999816894531,164.83999633789062,63.150001525878906,270.0400085449219,575.3300170898438,56.3120002746582,34.09000015258789,72.3499984741211,47.060001373291016,118.5,177.02000427246094,61.16999816894531,126.16999816894531,347.29998779296875,27.93000030517578,180.1300048828125,136.1300048828125,360.0,116.8499984741211,114.31999969482422,86.44000244140625,55.43000030517578,14.473999977111816,49.97999954223633,162.5,110.95999908447266,53.45000076293945,117.4000015258789,76.5,491.5899963378906,46.0,127.7699966430664,42.59000015258789,43.52000045776367,34.84000015258789,135.3300018310547,110.08000183105469,5099100,70161300,2887800,1025800,35261000,34068700,7311100,16736300,4442300,7191200,7332500,2595700,3097800,31788600,5706000,10029100,2131300,3102800,8632300,5710900,21069800,405044000,29635900,2250100,10259300,10171800,4898400,13744100,4841300,8198300,4818800,15247000,44422400,41229700,7175700,16348100
2023-01-09,142.50048828125,67.23999786376953,241.90985107421875,602.4364624023438,55.04172134399414,31.14942169189453,61.303428649902344,42.20677185058594,104.82915496826172,151.55213928222656,54.78873062133789,112.40746307373047,325.668212890625,28.262981414794922,159.42587280273438,127.29571533203125,340.4635009765625,107.48782348632812,99.99491882324219,78.33357238769531,55.52876663208008,15.611525535583496,39.359832763671875,143.33444213867188,106.38481903076172,51.30805587768555,120.60839080810547,76.43102264404297,460.3452453613281,39.99506759643555,115.99164581298828,38.78007507324219,39.156715393066406,33.418312072753906,126.40569305419922,96.53516387939453,161.66000366210938,67.23999786376953,270.1199951171875,621.3300170898438,57.68899917602539,33.88999938964844,71.01000213623047,47.540000915527344,117.36000061035156,175.17999267578125,62.20000076293945,127.75,353.0,29.309999465942383,175.5800018310547,137.3699951171875,349.8299865722656,115.76000213623047,110.37999725341797,87.63999938964844,56.36000061035156,15.628000259399414,48.38999938964844,164.27999877929688,114.61000061035156,55.63999938964844,123.4566650390625,80.30999755859375,490.05999755859375,46.61000061035156,128.5800018310547,42.38999938964844,43.625,35.25,133.39999389648438,108.47000122070312,166.27999877929688,69.31999969482422,275.5799865722656,632.3900146484375,60.16699981689453,34.7599983215332,73.16000366210938,48.31999969482422,120.66000366210938,178.3300018310547,63.4900016784668,130.1999969482422,356.5,29.8700008392334,179.75999450683594,138.8800048828125,364.9700012207031,119.91999816894531,114.93000030517578,88.91000366210938,57.52000045776367,16.055999755859375,50.2599983215332,166.86000061035156,118.8499984741211,56.279998779296875,126.26333618164062,81.22000122070312,499.989990234375,46.79999923706055,131.49000549316406,43.130001068115234,44.5099983215332,35.70000076293945,135.85000610351562,111.63999938964844,160.8800048828125,65.66999816894531,268.6600036621094,612.7999877929688,56.055999755859375,33.709999084472656,70.75,47.470001220703125,116.86000061035156,174.3800048828125,61.939998626708984,127.05999755859375,349.5,28.84000015258789,175.17999267578125,136.8800048828125,348.7900085449219,114.88999938964844,109.94000244140625,87.41000366210938,55.650001525878906,15.140999794006348,48.310001373291016,163.08999633789062,113.54000091552734,55.099998474121094,122.66000366210938,80.05999755859375,488.5400085449219,46.119998931884766,127.01000213623047,42.15999984741211,43.48500061035156,35.15999984741211,133.22000122070312,107.80999755859375,165.89999389648438,66.22000122070312,275.5799865722656,613.989990234375,59.22999954223633,34.75,73.12000274658203,47.88999938964844,120.31999969482422,178.25999450683594,62.689998626708984,129.6300048828125,351.8800048828125,28.84000015258789,179.3000030517578,138.60000610351562,364.0,119.38999938964844,114.87999725341797,88.25,56.81999969482422,15.284000396728516,50.04999923706055,164.9499969482422,116.7300033569336,55.279998779296875,123.44667053222656,80.55999755859375,492.4100036621094,46.40999984741211,129.66000366210938,43.119998931884766,44.439998626708984,35.5,135.80999755859375,111.63999938964844,7833000,69741300,2160700,1348800,37739000,43818800,13005100,16745500,5403200,8385600,7567900,3160300,1989000,37493200,7925300,8482300,2980600,3716700,12858800,5039700,15715900,504231000,30839100,2473700,10291800,12104300,4581300,22247600,3702800,13170700,4438500,21225600,46003200,48726600,7719500,17964600
2023-01-10,140.71990966796875,68.05000305175781,245.2771759033203,614.1296997070312,54.854713439941406,31.36082649230957,61.85593795776367,42.78385543823242,105.4722900390625,152.2960968017578,55.607913970947266,112.28429412841797,329.690673828125,28.38833999633789,159.04454040527344,128.4355010986328,343.3053283691406,108.1749267578125,100.38447570800781,79.47764587402344,56.366233825683594,15.892229080200195,38.7335319519043,143.9103546142578,108.5197525024414,51.6031379699707,122.168212890625,77.34465789794922,456.53143310546875,40.03797149658203,119.08583068847656,38.75263214111328,39.43497848510742,33.6079216003418,127.46697998046875,97.9769287109375,159.63999938964844,68.05000305175781,273.8800048828125,633.3900146484375,57.49300003051758,34.119998931884766,71.6500015258789,48.189998626708984,118.08000183105469,176.0399932861328,63.130001068115234,127.61000061035156,357.3599853515625,29.440000534057617,175.16000366210938,138.60000610351562,352.75,116.5,110.80999755859375,88.91999816894531,57.209999084472656,15.909000396728516,47.619998931884766,164.94000244140625,116.91000366210938,55.959999084472656,125.05332946777344,81.2699966430664,486.0,46.65999984741211,132.00999450683594,42.36000061035156,43.935001373291016,35.45000076293945,134.52000427246094,110.08999633789062,162.4199981689453,68.1500015258789,274.6099853515625,633.780029296875,57.51300048828125,34.27000045776367,71.69999694824219,48.209999084472656,118.62000274658203,176.7100067138672,63.15999984741211,128.69000244140625,357.5,29.510000228881836,176.13999938964844,138.72000122070312,353.2099914550781,116.88999938964844,112.01000213623047,88.93000030517578,57.279998779296875,15.961999893188477,48.470001220703125,165.0500030517578,116.97000122070312,56.16999816894531,125.22333526611328,81.58000183105469,490.4700012207031,46.900001525878906,132.0800018310547,42.880001068115234,44.025001525878906,35.47999954223633,134.72999572753906,110.33000183105469,158.3000030517578,66.55999755859375,270.1099853515625,621.6099853515625,54.999000549316406,33.63999938964844,70.79000091552734,47.20000076293945,116.68000030517578,173.72000122070312,61.470001220703125,126.08999633789062,350.5,28.920000076293945,174.32000732421875,137.30999755859375,343.3399963378906,114.04000091552734,109.87999725341797,86.83999633789062,55.86000061035156,15.472000122070312,47.380001068115234,162.4600067138672,113.72000122070312,54.95000076293945,122.3933334350586,80.45999908447266,482.67999267578125,45.959999084472656,128.07000732421875,42.02000045776367,43.244998931884766,35.06999969482422,133.14999389648438,108.01000213623047,162.22999572753906,66.66999816894531,271.95001220703125,622.6300048828125,57.20000076293945,33.7400016784668,71.27999877929688,47.560001373291016,118.2300033569336,176.39999389648438,62.79999923706055,128.61000061035156,352.6400146484375,29.239999771118164,175.6999969482422,137.7899932861328,349.0,115.7300033569336,110.55999755859375,87.55000305175781,56.15999984741211,15.506999969482422,48.349998474121094,163.49000549316406,114.0199966430664,55.599998474121094,123.03333282470703,80.51000213623047,488.8500061035156,46.75,130.0500030517578,42.66999816894531,43.90999984741211,35.189998626708984,133.35000610351562,109.79000091552734,5936200,41149600,1783400,873900,44635000,35096000,6673400,12429900,4042700,8307000,5909300,2575200,1610100,23008100,5047500,9048700,2465200,2752200,12122800,4536600,10571300,384101000,29212000,2139900,6384800,7080300,2825400,10269000,3164000,13631800,3518100,18348800,31599000,34663700,7675200,15104600
2023-01-11,138.54263305664062,69.05999755859375,244.4084930419922,625.076416015625,55.16098403930664,31.599794387817383,62.10630416870117,43.24551773071289,105.6152114868164,151.56939697265625,55.36127471923828,111.61555480957031,336.2593994140625,28.78369140625,158.79029846191406,129.3899383544922,350.7601623535156,109.19632720947266,100.62000274658203,79.93347930908203,57.20370101928711,15.984132766723633,38.59526062011719,144.69557189941406,109.89354705810547,51.93510818481445,123.74433135986328,77.83003234863281,463.4826965332031,40.424102783203125,120.52015686035156,39.10026931762695,39.5561408996582,33.920772552490234,128.1871337890625,99.1160659790039,157.1699981689453,69.05999755859375,272.9100036621094,644.6799926757812,57.81399917602539,34.380001068115234,71.94000244140625,48.709999084472656,118.23999786376953,175.1999969482422,62.849998474121094,126.8499984741211,364.4800109863281,29.850000381469727,174.8800048828125,139.6300048828125,360.4100036621094,117.5999984741211,111.06999969482422,89.43000030517578,58.060001373291016,16.000999450683594,47.45000076293945,165.83999633789062,118.38999938964844,56.31999969482422,126.66666412353516,81.77999877929688,493.3999938964844,47.11000061035156,133.60000610351562,42.7400016784668,44.06999969482422,35.779998779296875,135.27999877929688,111.37000274658203,159.33999633789062,69.12999725341797,276.8399963378906,645.1400146484375,57.83399963378906,34.439998626708984,71.9800033569336,48.7400016784668,119.55000305175781,178.13999938964844,64.11000061035156,129.6699981689453,365.5,29.8799991607666,175.72000122070312,139.75,361.760009765625,118.7699966430664,111.30999755859375,89.80999755859375,58.470001220703125,16.027999877929688,47.7400016784668,166.69000244140625,118.5,56.75,126.72000122070312,81.88999938964844,495.6000061035156,47.33000183105469,135.11000061035156,42.83000183105469,44.43000030517578,35.779998779296875,135.3000030517578,111.44999694824219,155.05999755859375,67.22000122070312,270.17999267578125,633.2999877929688,56.6870002746582,34.0,71.0199966430664,47.86000061035156,116.91000366210938,174.3000030517578,62.2599983215332,125.68000030517578,356.2099914550781,29.0,172.11000061035156,138.10000610351562,351.0,117.16999816894531,108.75,88.8499984741211,56.91999816894531,15.562999725341797,46.86000061035156,165.0500030517578,115.16999816894531,55.72999954223633,124.07666778564453,80.62999725341797,485.0,46.720001220703125,132.22999572753906,42.02000045776367,43.595001220703125,35.470001220703125,133.99000549316406,109.08999633789062,159.22000122070312,68.38999938964844,275.9700012207031,635.5499877929688,57.29999923706055,34.119998931884766,71.51000213623047,48.209999084472656,119.19000244140625,177.88999938964844,63.939998626708984,129.1699981689453,358.8699951171875,29.68000030517578,175.57000732421875,138.89999389648438,354.3399963378906,118.30999755859375,109.33999633789062,89.37000274658203,57.349998474121094,15.84000015258789,47.70000076293945,165.1199951171875,117.44000244140625,55.95000076293945,125.12999725341797,81.56999969482422,485.2900085449219,46.90999984741211,133.32000732421875,42.380001068115234,44.31999969482422,35.540000915527344,134.61000061035156,110.98999786376953,7492000,44470100,2044400,806500,22502000,36783700,7268700,17143700,4569900,6962600,7557100,2771100,2127000,30375400,6494800,8703700,2602800,2976900,8626500,6122600,12143000,353285000,23022200,3197900,7374400,8856900,2682000,11771400,4274200,8704900,4172500,18272100,32903000,32014700,7307200,16710400
2023-01-12,135.45480346679688,70.80000305175781,242.62631225585938,632.7167358398438,55.5235481262207,31.682525634765625,61.81277084350586,43.5828857421875,107.33020782470703,153.1958465576172,56.40068054199219,114.783203125,341.296630859375,29.20797348022461,157.9912567138672,129.2602081298828,349.5047302246094,112.3626480102539,101.254150390625,80.91667938232422,56.42534637451172,16.493593215942383,38.806739807128906,147.29562377929688,112.8638916015625,53.484310150146484,125.24879455566406,82.79791259765625,465.6150817871094,40.83598709106445,122.07176971435547,39.18260955810547,40.31010055541992,33.98712921142578,127.77967834472656,100.76251220703125,152.22000122070312,70.80000305175781,270.9200134277344,652.5599975585938,58.194000244140625,34.470001220703125,71.5999984741211,49.09000015258789,120.16000366210938,177.0800018310547,64.02999877929688,130.4499969482422,369.94000244140625,30.290000915527344,174.0,139.49000549316406,359.1199951171875,121.01000213623047,111.7699966430664,90.52999877929688,57.27000045776367,16.51099967956543,47.709999084472656,168.82000732421875,121.58999633789062,58.0,128.2066650390625,87.0,495.6700134277344,47.59000015258789,135.32000732421875,42.83000183105469,44.90999984741211,35.849998474121094,134.85000610351562,113.22000122070312,155.25999450683594,71.6500015258789,272.6499938964844,656.2899780273438,58.51100158691406,34.869998931884766,71.94000244140625,49.47999954223633,121.0999984741211,178.3699951171875,64.77999877929688,132.10000610351562,370.1000061035156,30.3799991607666,174.7100067138672,140.86000061035156,360.5,121.83000183105469,112.0999984741211,91.80999755859375,58.2400016784668,16.636999130249023,47.720001220703125,169.07000732421875,122.37999725341797,58.61000061035156,128.97999572753906,88.83000183105469,498.7300109863281,48.029998779296875,137.27000427246094,43.54999923706055,45.20000076293945,36.060001373291016,135.41000366210938,113.73999786376953,151.72000122070312,67.18000030517578,268.8900146484375,634.8400268554688,57.375999450683594,34.36000061035156,71.05999755859375,48.54999923706055,117.8499984741211,175.89999389648438,63.27000045776367,127.5999984741211,362.57000732421875,29.469999313354492,172.8000030517578,139.22000122070312,353.0799865722656,118.44999694824219,110.02999877929688,89.3499984741211,56.43000030517578,15.491999626159668,46.58000183105469,166.63999938964844,117.6500015258789,56.18000030517578,124.72000122070312,84.41999816894531,485.2200012207031,47.29999923706055,133.82000732421875,42.79999923706055,44.25,35.619998931884766,133.5399932861328,111.73999786376953,155.0,70.06999969482422,271.9200134277344,651.4400024414062,57.558998107910156,34.599998474121094,71.68000030517578,49.060001373291016,118.38999938964844,175.99000549316406,63.439998626708984,127.91000366210938,366.239990234375,29.979999542236328,174.25999450683594,140.0,359.25,118.44999694824219,110.91999816894531,90.0199966430664,58.11000061035156,16.100000381469727,47.27000045776367,167.0,119.23999786376953,56.22999954223633,127.3499984741211,84.95999908447266,490.0,47.45000076293945,134.22999572753906,43.04999923706055,44.334999084472656,35.900001525878906,134.99000549316406,111.81999969482422,7665100,70066200,1454100,1322200,19514000,44230400,6779600,16287800,5072500,6891400,7232000,4005400,2103100,28963900,4269400,11001700,2019700,3091300,8914800,7895600,14888100,551409000,23345300,2169700,9527600,12857100,3324000,36086800,3726800,8934000,3269400,20940400,36716000,56642400,7580500,15357300
2023-01-13,136.6828155517578,71.0,243.3517608642578,639.6298828125,55.243045806884766,32.38105773925781,62.59836959838867,44.31977462768555,108.5003433227539,153.61109924316406,56.01311111450195,114.63712310791016,345.0422668457031,29.034406661987305,157.4737091064453,132.52207946777344,351.9377746582031,113.21690368652344,101.68899536132812,81.92668914794922,56.090354919433594,16.881187438964844,38.92060852050781,144.3729248046875,111.61077880859375,53.74250793457031,125.76656341552734,82.60755157470703,459.8849792480469,40.61288070678711,122.8024673461914,40.454227447509766,40.368446350097656,34.243099212646484,128.34823608398438,100.70022583007812,153.60000610351562,71.0,271.7300109863281,659.6900024414062,57.900001525878906,35.22999954223633,72.51000213623047,49.91999816894531,121.47000122070312,177.55999755859375,63.59000015258789,129.4600067138672,374.0,30.110000610351562,173.42999267578125,143.00999450683594,361.6199951171875,121.93000030517578,112.25,91.66000366210938,56.93000030517578,16.89900016784668,47.849998474121094,164.0,120.23999786376953,58.279998779296875,128.73666381835938,86.80000305175781,489.57000732421875,47.33000183105469,136.1300048828125,44.220001220703125,44.974998474121094,36.119998931884766,135.4499969482422,113.1500015258789,153.80999755859375,71.0999984741211,272.2300109863281,660.739990234375,58.19300079345703,35.38999938964844,72.5199966430664,50.22999954223633,121.8499984741211,177.99000549316406,64.1500015258789,130.1999969482422,374.3500061035156,30.170000076293945,174.00999450683594,143.49000549316406,363.30999755859375,122.88999938964844,112.44000244140625,91.9800033569336,56.970001220703125,16.922000885009766,48.15999984741211,165.25999450683594,121.41999816894531,58.52000045776367,128.75,87.0999984741211,509.5,47.400001525878906,137.1199951171875,44.36000061035156,45.084999084472656,36.16999816894531,135.86000061035156,113.48999786376953,151.33999633789062,69.2300033569336,270.20001220703125,648.72998046875,57.66699981689453,33.09000015258789,71.43000030517578,47.7400016784668,118.51000213623047,175.67999267578125,62.880001068115234,127.93000030517578,362.3599853515625,29.809999465942383,172.3800048828125,134.8000030517578,358.6400146484375,120.23999786376953,110.94999694824219,88.2699966430664,56.119998931884766,16.165000915527344,47.4900016784668,161.36000061035156,119.72000122070312,57.33000183105469,126.38666534423828,84.9000015258789,486.0,46.43000030517578,134.38999938964844,40.459999084472656,44.400001525878906,35.2599983215332,134.0500030517578,112.16000366210938,152.08999633789062,69.83999633789062,270.94000244140625,649.3300170898438,57.71500015258789,34.20000076293945,71.62999725341797,48.5099983215332,120.58000183105469,177.08999633789062,63.90999984741211,129.8699951171875,363.489990234375,29.969999313354492,173.19000244140625,135.60000610351562,359.57000732421875,121.12000274658203,111.19999694824219,89.02999877929688,56.72999954223633,16.277999877929688,47.5,164.75,119.81999969482422,57.9900016784668,126.5433349609375,85.41000366210938,486.1099853515625,46.869998931884766,135.32000732421875,41.380001068115234,44.875,35.38999938964844,134.11000061035156,113.11000061035156,6019300,45757400,1696800,649700,19647000,89667800,9117300,28037000,4360200,5726300,5474100,2111400,3310200,31361900,6088000,20200000,1690900,2780500,5757800,8414600,12520600,447287000,18737500,4379400,8040400,7345000,2079000,18719900,5390100,8150600,2604000,41649700,31808400,65920900,6334100,12011400
2023-01-17,135.9976348876953,71.58999633789062,241.28298950195312,638.1755981445312,55.26593780517578,31.72847557067871,62.425716400146484,44.66603088378906,107.40165710449219,156.14590454101562,55.925025939941406,115.16840362548828,322.82672119140625,28.54262351989746,156.50213623046875,130.4741668701172,348.16168212890625,113.0683364868164,100.05834197998047,86.77114868164062,56.011539459228516,17.683340072631836,37.48090744018555,142.4802703857422,111.64791107177734,53.90849304199219,125.90985870361328,84.6917953491211,455.6671447753906,40.70726776123047,124.13758087158203,40.36275100708008,40.453712463378906,34.01557540893555,127.75126647949219,100.50443267822266,152.8300018310547,71.58999633789062,269.4200134277344,658.1900024414062,57.92399978637695,34.52000045776367,72.30999755859375,50.310001373291016,120.23999786376953,180.49000549316406,63.4900016784668,130.05999755859375,349.9200134277344,29.600000381469727,172.36000061035156,140.8000030517578,357.739990234375,121.7699966430664,110.44999694824219,97.08000183105469,56.849998474121094,17.70199966430664,46.08000183105469,161.85000610351562,120.27999877929688,58.459999084472656,128.88333129882812,88.98999786376953,485.0799865722656,47.439998626708984,137.61000061035156,44.119998931884766,45.06999969482422,35.880001068115234,134.82000732421875,112.93000030517578,155.10000610351562,72.66000366210938,273.8299865722656,662.97998046875,58.5359992980957,34.83000183105469,73.48999786376953,50.7400016784668,122.54000091552734,181.32000732421875,64.38999938964844,130.97000122070312,366.7900085449219,30.260000228881836,174.5800018310547,141.5399932861328,362.0,125.30000305175781,112.48999786376953,99.0999984741211,58.599998474121094,17.72800064086914,46.7400016784668,163.5500030517578,121.31999969482422,58.93000030517578,130.18666076660156,89.7300033569336,492.94000244140625,47.7400016784668,139.85000610351562,44.369998931884766,45.540000915527344,36.04999923706055,135.61000061035156,114.08000183105469,152.5800018310547,70.6500015258789,268.8299865722656,651.0999755859375,57.45399856567383,34.150001525878906,72.01000213623047,49.7400016784668,119.55999755859375,178.17999267578125,63.189998626708984,128.6699981689453,344.0,29.520000457763672,172.08999633789062,139.22999572753906,356.54998779296875,121.29000091552734,110.31999969482422,95.0,56.54999923706055,16.89900016784668,45.709999084472656,161.16000366210938,119.0199966430664,57.959999084472656,127.6933364868164,86.16000366210938,483.7799987792969,46.810001373291016,136.0500030517578,43.18000030517578,44.8849983215332,35.77000045776367,134.63999938964844,112.66999816894531,153.8000030517578,70.87000274658203,272.20001220703125,651.0999755859375,57.4900016784668,34.689998626708984,73.11000061035156,49.86000061035156,121.05999755859375,178.44000244140625,63.77000045776367,129.8300018310547,364.79998779296875,30.18000030517578,174.0,141.1699981689453,361.6199951171875,122.83000183105469,112.02999877929688,95.9000015258789,57.15999984741211,16.89900016784668,46.540000915527344,163.1300048828125,119.73999786376953,58.150001525878906,128.29666137695312,86.22000122070312,491.20001220703125,47.58000183105469,137.6199951171875,43.84000015258789,45.08000183105469,36.029998779296875,135.3800048828125,113.41000366210938,8507000,42621300,2472800,902600,15835000,56458400,8964900,28193500,5228500,10697700,5383900,3127700,14448300,34759100,6053300,14292900,2435200,3746900,10241100,27914300,10962700,511102000,29391400,3608200,6179500,8467200,3017400,21850000,4495600,10150000,2781100,25473900,33933200,65345200,6664100,16542200
2023-01-18,132.76742553710938,70.52999877929688,236.77828979492188,632.4548950195312,54.79365158081055,30.9931697845459,62.278961181640625,43.88474655151367,105.8921127319336,153.3256072998047,55.15868377685547,114.04381561279297,322.06097412109375,27.780841827392578,154.14134216308594,126.55437469482422,342.58514404296875,112.6412124633789,98.55453491210938,86.32423400878906,55.67655563354492,17.358684539794922,36.602455139160156,133.87071228027344,113.28160858154297,52.68204879760742,125.24879455566406,85.14861297607422,447.3631896972656,39.30860137939453,122.252197265625,39.685768127441406,39.71321487426758,33.38039016723633,125.95088958740234,98.43970489501953,149.1999969482422,70.52999877929688,264.3900146484375,652.2899780273438,57.42900085449219,33.720001220703125,72.13999938964844,49.43000030517578,118.55000305175781,177.22999572753906,62.619998931884766,128.7899932861328,349.0899963378906,28.809999465942383,169.75999450683594,136.57000732421875,352.010009765625,121.30999755859375,108.79000091552734,96.58000183105469,56.5099983215332,17.37700080871582,45.0,152.07000732421875,122.04000091552734,57.130001068115234,128.2066650390625,89.47000122070312,476.239990234375,45.810001373291016,135.52000427246094,43.380001068115234,44.244998931884766,35.209999084472656,132.9199981689453,110.61000061035156,152.4199981689453,72.77999877929688,270.5199890136719,676.1099853515625,58.75600051879883,34.34000015258789,72.66999816894531,50.47999954223633,123.70999908447266,182.3800048828125,65.41000366210938,133.82000732421875,354.7900085449219,29.81999969482422,172.0,140.72999572753906,359.0,125.8499984741211,110.0999984741211,97.94999694824219,58.04999923706055,17.87299919128418,45.849998474121094,155.2100067138672,123.98999786376953,59.45000076293945,131.2433319091797,91.22000122070312,489.5,47.290000915527344,140.60000610351562,44.61000061035156,45.78499984741211,35.900001525878906,135.1699981689453,114.12000274658203,149.07000732421875,70.5,263.6499938964844,651.5399780273438,57.37200164794922,33.5099983215332,72.08000183105469,49.2400016784668,118.36000061035156,176.94000244140625,62.59000015258789,128.3000030517578,347.79998779296875,28.6299991607666,169.7100067138672,136.41000366210938,351.5799865722656,121.01000213623047,108.58000183105469,96.33999633789062,56.36000061035156,17.281999588012695,44.970001220703125,149.58999633789062,121.01000213623047,57.029998779296875,128.16000366210938,89.36000061035156,474.75,45.7599983215332,134.5,43.29999923706055,44.20000076293945,35.18000030517578,132.7899932861328,110.4000015258789,152.1199951171875,71.87000274658203,269.4200134277344,673.52001953125,58.32099914550781,34.33000183105469,72.33999633789062,50.2400016784668,121.19999694824219,180.82000732421875,64.04000091552734,131.41000366210938,348.32000732421875,29.799999237060547,171.64999389648438,138.9199981689453,356.32000732421875,122.83000183105469,109.91999816894531,96.80000305175781,57.5099983215332,17.66699981689453,45.54999923706055,152.49000549316406,121.62000274658203,58.939998626708984,130.32666015625,90.4800033569336,488.04998779296875,47.029998779296875,139.0,43.959999084472656,45.279998779296875,35.68000030517578,134.82000732421875,113.26000213623047,6190800,39538700,2218100,1152700,15703000,54517800,8371100,18952000,5138700,8899200,8349600,3737400,5585200,44199600,7047800,13392600,2302300,3709300,8799500,14134800,10035300,439624000,33835000,6677800,10960400,11332700,3512700,19209800,4398200,8376700,3564400,20278000,38075200,53693000,10629100,16399700
2023-01-19,132.33139038085938,67.70999908447266,234.66476440429688,611.0853271484375,53.737449645996094,30.542795181274414,63.66888427734375,43.83148193359375,106.86572265625,154.8568878173828,56.44472122192383,116.257568359375,323.5924072265625,27.40477752685547,153.9324951171875,124.86785888671875,341.6800537109375,114.42401885986328,99.56010437011719,84.15225982666016,55.52876663208008,16.74732780456543,36.56991958618164,130.30540466308594,109.14168548583984,52.9125862121582,121.73511505126953,84.13028717041016,454.9908752441406,39.154151916503906,124.91339874267578,39.29237365722656,40.20688247680664,32.991695404052734,126.25409698486328,99.07157897949219,148.7100067138672,67.70999908447266,262.0299987792969,630.25,56.321998596191406,33.22999954223633,73.75,49.369998931884766,119.63999938964844,179.0,64.08000183105469,131.2899932861328,350.75,28.420000076293945,169.52999877929688,134.75,351.0799865722656,123.2300033569336,109.9000015258789,94.1500015258789,56.36000061035156,16.764999389648438,44.959999084472656,148.02000427246094,117.58000183105469,57.380001068115234,124.61000061035156,88.4000015258789,484.3599853515625,45.630001068115234,138.47000122070312,42.95000076293945,44.79499816894531,34.79999923706055,133.24000549316406,111.31999969482422,150.5399932861328,69.25,263.5199890136719,655.6799926757812,57.00600051879883,33.54999923706055,73.87000274658203,49.599998474121094,120.26000213623047,179.9499969482422,64.19999694824219,131.91000366210938,352.1600036621094,28.760000228881836,171.27999877929688,135.89999389648438,355.79998779296875,123.66000366210938,110.18000030517578,94.9800033569336,57.09000015258789,17.19700050354004,45.27000045776367,150.8800048828125,121.0999984741211,57.939998626708984,127.13333129882812,90.01000213623047,486.3900146484375,45.939998626708984,138.8699951171875,43.20000076293945,44.974998474121094,34.97999954223633,133.77000427246094,112.12999725341797,147.3300018310547,67.2699966430664,260.92999267578125,627.02001953125,56.03099822998047,32.88999938964844,72.16000366210938,48.470001220703125,116.26000213623047,176.16000366210938,62.040000915527344,127.62999725341797,345.5199890136719,28.239999771118164,168.7100067138672,133.58999633789062,350.4200134277344,120.22000122070312,108.0999984741211,92.94000244140625,55.279998779296875,16.731000900268555,44.63999938964844,147.10000610351562,117.41999816894531,56.209999084472656,124.2066650390625,88.26000213623047,477.3900146484375,44.91999816894531,133.9499969482422,42.52000045776367,43.89500045776367,34.560001373291016,132.25999450683594,109.58000183105469,148.9499969482422,68.97000122070312,262.0,654.6099853515625,56.9119987487793,33.279998779296875,72.3499984741211,48.650001525878906,117.55000305175781,176.61000061035156,62.18000030517578,128.97000122070312,346.0299987792969,28.610000610351562,169.02999877929688,135.32000732421875,352.3699951171875,120.47000122070312,108.44000244140625,94.61000061035156,55.709999084472656,17.035999298095703,44.720001220703125,150.5,121.05999755859375,56.290000915527344,127.06666564941406,89.02999877929688,477.8699951171875,45.400001525878906,134.67999267578125,42.90999984741211,43.9900016784668,34.779998779296875,132.52999877929688,110.06999969482422,7169900,47189900,2090500,1534100,22692000,42707100,9387500,14869100,5049100,5907200,7312900,2449600,3100400,36886600,6939500,13303400,2658300,2475500,6772900,13457100,12034200,452932000,26614900,5764300,8716200,15283700,3775200,13651100,4549600,9136600,3224800,18565300,34293800,61169500,9902300,12928000
2023-01-20,133.11448669433594,70.06999969482422,235.7483673095703,629.1195068359375,54.458763122558594,31.112651824951172,64.01419830322266,45.35852813720703,108.79509735107422,156.50064086914062,57.034889221191406,117.55040740966797,315.372314453125,28.176193237304688,153.21517944335938,125.17362976074219,336.80419921875,116.736083984375,99.59632873535156,86.02034759521484,57.5977897644043,17.820194244384766,36.691932678222656,136.33558654785156,114.07987976074219,52.88491439819336,125.54512786865234,86.63326263427734,457.2077331542969,39.866355895996094,128.75633239746094,40.179779052734375,40.606300354003906,33.513118743896484,126.88894653320312,100.87821960449219,149.58999633789062,70.06999969482422,263.239990234375,648.8499755859375,57.077999114990234,33.849998474121094,74.1500015258789,51.09000015258789,121.80000305175781,180.89999389648438,64.75,132.75,341.8399963378906,29.219999313354492,168.74000549316406,135.0800018310547,346.07000732421875,125.72000122070312,109.94000244140625,96.23999786376953,58.459999084472656,17.839000701904297,45.11000061035156,154.8699951171875,122.9000015258789,57.349998474121094,128.50999450683594,91.02999877929688,486.7200012207031,46.459999084472656,142.72999572753906,43.91999816894531,45.2400016784668,35.349998474121094,133.91000366210938,113.3499984741211,149.7100067138672,70.12999725341797,263.8399963378906,650.5999755859375,57.13600158691406,33.88999938964844,74.1500015258789,51.11000061035156,121.91000366210938,181.36000061035156,64.94999694824219,133.4499969482422,352.25,29.229999542236328,170.11000061035156,135.49000549316406,349.07000732421875,126.1500015258789,109.98999786376953,96.27999877929688,58.56999969482422,17.856000900268555,45.43000030517578,155.11000061035156,122.95999908447266,58.9900016784668,128.58999633789062,91.02999877929688,486.989990234375,46.470001220703125,142.8699951171875,43.939998626708984,45.39500045776367,35.369998931884766,134.00999450683594,113.44000244140625,147.14999389648438,67.44999694824219,259.8699951171875,634.2000122070312,55.9109992980957,33.09000015258789,73.3499984741211,49.2599983215332,119.25,177.52000427246094,63.38999938964844,130.67999267578125,338.2099914550781,28.25,167.47999572753906,133.5500030517578,341.5799865722656,122.52999877929688,108.6500015258789,93.87999725341797,56.7599983215332,16.825000762939453,44.72999954223633,147.30999755859375,117.33999633789062,56.220001220703125,124.66999816894531,89.19999694824219,479.0,45.349998474121094,137.75999450683594,42.7599983215332,44.435001373291016,34.7400016784668,132.52000427246094,110.61000061035156,149.42999267578125,68.01000213623047,262.0299987792969,638.0900268554688,56.303001403808594,33.29999923706055,73.9000015258789,49.68000030517578,120.16000366210938,178.80999755859375,64.30999755859375,131.35000610351562,349.8699951171875,28.420000076293945,170.10000610351562,135.16000366210938,347.0,123.26000213623047,109.37999725341797,94.12999725341797,57.470001220703125,17.01099967956543,45.279998779296875,148.44000244140625,118.41999816894531,57.4900016784668,125.94999694824219,90.0,485.5299987792969,45.75,139.08999633789062,43.08000183105469,44.88999938964844,34.900001525878906,133.5399932861328,111.36000061035156,7059000,47757600,2574100,1033200,22950000,45004400,10518200,19957300,5101400,10477900,7093800,2476900,11247200,35158500,8620600,13092500,5391900,2882000,9216500,10785000,13826400,564967000,25197600,4166500,8895000,19204800,3352500,14287200,3525900,8030400,3709800,23237200,28560000,42330100,5962200,16515600
2023-01-23,132.18902587890625,76.52999877929688,233.71543884277344,655.47314453125,55.49396514892578,31.544652938842773,63.2458610534668,46.148681640625,107.30340576171875,156.29296875,57.92455291748047,118.81668090820312,322.10711669921875,29.188690185546875,152.82476806640625,127.2030258178711,333.0474853515625,117.81317901611328,99.5419692993164,86.8158187866211,60.908233642578125,19.17276954650879,36.586185455322266,140.27066040039062,121.62642669677734,51.510921478271484,131.84957885742188,91.03964233398438,456.3529357910156,40.90462875366211,129.07208251953125,41.195255279541016,40.660160064697266,33.90180969238281,127.32483673095703,100.35313415527344,148.5500030517578,76.52999877929688,260.9700012207031,676.030029296875,58.16299819946289,34.31999969482422,73.26000213623047,51.97999954223633,120.12999725341797,180.66000366210938,65.76000213623047,134.17999267578125,349.1400146484375,30.270000457763672,168.30999755859375,137.27000427246094,342.2099914550781,126.87999725341797,109.87999725341797,97.12999725341797,61.81999969482422,19.19300079345703,44.97999954223633,159.33999633789062,131.02999877929688,55.86000061035156,134.9633331298828,95.66000366210938,485.80999755859375,47.66999816894531,143.0800018310547,45.029998779296875,45.29999923706055,35.7599983215332,134.3699951171875,112.76000213623047,150.42999267578125,76.58999633789062,264.7300109863281,676.280029296875,58.479000091552734,34.5099983215332,74.19999694824219,52.290000915527344,123.16999816894531,182.5500030517578,66.26000213623047,135.02999877929688,349.55999755859375,30.489999771118164,169.6300048828125,137.9600067138672,346.6099853515625,128.82000732421875,110.36000061035156,97.22000122070312,61.90999984741211,19.2450008392334,45.31999969482422,160.99000549316406,132.05999755859375,57.70000076293945,135.413330078125,95.7300033569336,490.1000061035156,47.689998626708984,146.91000366210938,45.18000030517578,45.79499816894531,35.90999984741211,135.1199951171875,114.58999633789062,148.0500030517578,71.54000091552734,259.80999755859375,656.8499755859375,56.97800064086914,33.75,72.8499984741211,50.880001068115234,119.97000122070312,180.02999877929688,65.04000091552734,133.25999450683594,336.1600036621094,29.18000030517578,167.9499969482422,134.82000732421875,340.2200012207031,126.08000183105469,109.16999816894531,95.48999786376953,58.86000061035156,17.81800079345703,44.81999969482422,154.5500030517578,125.81999969482422,55.22999954223633,129.50332641601562,91.72000122070312,481.3900146484375,46.540000915527344,142.91000366210938,43.869998931884766,45.154998779296875,35.27000045776367,133.69000244140625,112.63999938964844,149.86000061035156,72.22000122070312,264.0,658.0499877929688,57.20000076293945,33.810001373291016,74.08999633789062,51.04999923706055,122.45999908447266,181.2100067138672,65.33000183105469,133.5,341.6700134277344,29.329999923706055,169.10000610351562,135.1199951171875,346.6099853515625,126.23999786376953,109.93000030517578,95.87000274658203,58.91999816894531,18.06399917602539,45.040000915527344,155.22000122070312,126.54000091552734,57.5,129.7100067138672,91.76000213623047,486.67999267578125,46.68000030517578,143.57000732421875,43.939998626708984,45.56999969482422,35.380001068115234,133.99000549316406,113.63999938964844,7616400,84293200,2025000,1780900,23429000,33683300,7426500,18531200,3963200,8381300,6246100,2695200,4915700,38795800,8425400,10487100,3403100,3963400,8998800,8735300,20175400,655163000,19398600,2433200,13419500,15090600,5726700,22875100,3418700,8136000,3908300,19692000,29305000,44997300,7211000,16584400
2023-01-24,131.4237518310547,74.69999694824219,232.5780792236328,649.6360473632812,55.818363189697266,31.774429321289062,62.45161819458008,45.6515007019043,106.12435150146484,156.44007873535156,56.34783172607422,117.55926513671875,321.3598327636719,28.8511905670166,152.82476806640625,128.2964630126953,337.1156005859375,120.90521240234375,98.30992126464844,85.36784362792969,60.35649108886719,19.244691848754883,36.36656951904297,139.46075439453125,121.3200912475586,51.15128707885742,130.8531036376953,89.99275207519531,461.7918395996094,40.046546936035156,130.83116149902344,40.664642333984375,40.50308609008789,33.920772552490234,126.48152923583984,101.28759765625,147.69000244140625,74.69999694824219,259.70001220703125,670.010009765625,58.50299835205078,34.56999969482422,72.33999633789062,51.41999816894531,118.80999755859375,180.8300018310547,63.970001220703125,132.75999450683594,348.3299865722656,29.920000076293945,168.30999755859375,138.4499969482422,346.3900146484375,130.2100067138672,108.5199966430664,95.51000213623047,61.2599983215332,19.264999389648438,44.709999084472656,158.4199981689453,130.6999969482422,55.470001220703125,133.94332885742188,94.55999755859375,491.6000061035156,46.66999816894531,145.02999877929688,44.45000076293945,45.125,35.779998779296875,133.47999572753906,113.80999755859375,148.8699951171875,75.63999938964844,262.0,673.0399780273438,58.66899871826172,34.790000915527344,75.0,51.95000076293945,121.0,182.0,66.12000274658203,134.86000061035156,350.29998779296875,30.190000534057617,170.99000549316406,140.2899932861328,346.6300048828125,130.74000549316406,110.0,96.80999755859375,61.720001220703125,19.4950008392334,44.95000076293945,159.72999572753906,132.97000122070312,56.439998626708984,135.1999969482422,98.0,500.260009765625,47.79999923706055,146.55999755859375,45.20000076293945,45.22999954223633,35.939998626708984,134.47999572753906,114.0199966430664,146.44000244140625,73.41999816894531,257.5199890136719,659.9199829101562,57.5629997253418,33.95000076293945,72.12000274658203,50.41999816894531,117.63999938964844,178.6999969482422,63.810001373291016,132.3800048828125,340.0,29.729999542236328,166.00999450683594,135.0,341.3599853515625,124.19999694824219,106.38999938964844,92.91999816894531,60.869998931884766,18.81999969482422,44.150001525878906,157.49000549316406,130.14999389648438,54.06999969482422,133.13333129882812,91.55000305175781,480.0,46.459999084472656,141.85000610351562,44.369998931884766,44.22999954223633,35.29999923706055,132.6199951171875,104.87000274658203,148.0800018310547,73.75,261.8500061035156,666.719970703125,57.84400177001953,34.220001220703125,73.0,51.41999816894531,121.0,181.08999633789062,65.75,134.0,340.0,29.940000534057617,169.02000427246094,136.4199981689453,346.0,124.19999694824219,110.0,96.27999877929688,61.20000076293945,18.82699966430664,44.91999816894531,159.72999572753906,130.5500030517578,54.06999969482422,133.31666564941406,95.79000091552734,500.260009765625,47.75,146.55999755859375,44.90999984741211,45.150001525878906,35.70000076293945,133.6999969482422,109.16000366210938,5171400,60822600,1596900,1066900,13825000,26716700,7300200,13303200,4216900,5989000,7043500,2313100,2372000,24855100,10541800,6945000,2242500,3782200,7424200,4801600,10183200,496204000,18853100,1631600,7952400,8784400,2370300,11370500,3036300,12459200,3142400,13697200,30755200,34333500,5754800,13583000
2023-01-25,131.51272583007812,74.91000366210938,229.74810791015625,660.805908203125,55.8803825378418,32.0501708984375,63.168155670166016,46.07764434814453,107.51777648925781,154.9260711669922,56.52399826049805,117.32904052734375,322.5591735839844,28.63905143737793,153.91436767578125,128.91737365722656,340.3661804199219,120.5338134765625,98.37334442138672,85.48405456542969,60.63237380981445,19.302629470825195,36.659393310546875,141.01011657714844,121.75636291503906,51.87055969238281,131.2080841064453,87.94660949707031,462.6372985839844,42.17458724975586,129.3156280517578,41.478843688964844,40.507572174072266,34.186222076416016,126.51945495605469,100.75363159179688,147.7899932861328,74.91000366210938,256.5400085449219,681.530029296875,58.56800079345703,34.869998931884766,73.16999816894531,51.900001525878906,120.37000274658203,179.0800018310547,64.16999816894531,132.5,349.6300048828125,29.700000762939453,169.50999450683594,139.1199951171875,349.7300109863281,129.80999755859375,108.58999633789062,95.63999938964844,61.540000915527344,19.322999954223633,45.06999969482422,160.17999267578125,131.1699981689453,56.25,134.30667114257812,92.41000366210938,492.5,49.150001525878906,143.35000610351562,45.34000015258789,45.130001068115234,36.060001373291016,133.52000427246094,113.20999908447266,147.97999572753906,75.12000274658203,261.54998779296875,683.02001953125,58.696998596191406,34.959999084472656,73.23999786376953,51.939998626708984,120.37999725341797,180.02999877929688,64.18000030517578,132.8000030517578,349.9599914550781,29.889999389648438,169.50999450683594,139.1199951171875,349.7799987792969,130.85000610351562,109.93000030517578,95.93000030517578,61.66999816894531,19.3700008392334,45.11000061035156,160.72000122070312,131.5399932861328,56.5,134.54666137695312,93.0,495.3599853515625,49.68000030517578,144.92999267578125,45.41999816894531,45.130001068115234,36.06999969482422,133.5500030517578,113.6500015258789,146.5,72.08999633789062,256.0199890136719,655.02001953125,57.604000091552734,34.25,72.01000213623047,50.849998474121094,116.63999938964844,176.35000610351562,62.40999984741211,130.77999877929688,343.8999938964844,29.170000076293945,167.0800018310547,137.25,345.1000061035156,128.2899932861328,108.33000183105469,94.44000244140625,60.41999816894531,18.579999923706055,44.59000015258789,156.6300048828125,127.69999694824219,54.27000045776367,130.57666015625,91.12000274658203,485.7300109863281,46.880001068115234,142.02999877929688,44.029998779296875,44.189998626708984,35.459999084472656,132.2100067138672,111.38999938964844,147.3800048828125,72.9000015258789,260.0899963378906,656.9600219726562,57.766998291015625,34.29999923706055,72.55999755859375,50.849998474121094,118.19999694824219,179.2899932861328,63.400001525878906,132.08999633789062,344.75,29.520000457763672,167.1699981689453,138.0500030517578,345.54998779296875,129.4600067138672,108.70999908447266,94.87999725341797,60.66999816894531,18.913000106811523,45.029998779296875,157.22000122070312,128.4499969482422,55.150001525878906,131.586669921875,92.68000030517578,489.2799987792969,46.90999984741211,144.02000427246094,44.04999923706055,44.904998779296875,35.470001220703125,132.58999633789062,113.2300033569336,5744300,49932600,1910600,1569200,13766000,28859700,6638200,20719000,3984700,6727500,5834700,2576300,1985200,28268000,7099800,8967000,2503300,3671600,6168000,5891000,10787200,449537000,20828000,2227500,6880300,9053000,3301200,14147300,3037300,12238500,2955900,17285300,26861200,38458700,5999000,11914700
2023-01-26,131.1656951904297,75.16000366210938,228.261474609375,663.1038208007812,57.11119079589844,32.48217010498047,63.01277160644531,46.33511734008789,111.34080505371094,162.46131896972656,57.889312744140625,120.36632537841797,327.4857177734375,29.015117645263672,153.3513946533203,129.71426391601562,338.6922607421875,125.67794036865234,96.81517791748047,86.25272369384766,61.8737907409668,19.781126022338867,36.322837829589844,142.55067443847656,124.34616088867188,52.995574951171875,133.41917419433594,88.93637084960938,462.6185607910156,41.7884521484375,135.27847290039062,41.9088249206543,41.78662109375,34.366355895996094,126.75631713867188,104.8030014038086,147.39999389648438,75.16000366210938,254.8800048828125,683.9000244140625,59.858001708984375,35.34000015258789,72.98999786376953,52.189998626708984,124.6500015258789,187.7899932861328,65.72000122070312,135.92999267578125,354.9700012207031,30.09000015258789,168.88999938964844,139.97999572753906,348.010009765625,135.35000610351562,106.87000274658203,96.5,62.79999923706055,19.802000045776367,44.25,161.92999267578125,133.9600067138672,57.470001220703125,136.57000732421875,93.44999694824219,492.4800109863281,48.70000076293945,149.9600067138672,45.810001373291016,46.55500030517578,36.25,133.77000427246094,117.76000213623047,148.6999969482422,77.08000183105469,256.69000244140625,684.9400024414062,60.055999755859375,35.349998474121094,73.19999694824219,52.2599983215332,124.7300033569336,187.80999755859375,65.7300033569336,136.0,355.0,30.110000610351562,169.91000366210938,140.05999755859375,352.17999267578125,135.4199981689453,108.55000305175781,96.54000091552734,63.04999923706055,20.166000366210938,44.29999923706055,161.99000549316406,134.85000610351562,57.54999923706055,136.7433319091797,94.27999877929688,496.45001220703125,49.95000076293945,150.0,45.900001525878906,46.57500076293945,36.310001373291016,133.9499969482422,117.77999877929688,147.11000061035156,74.27999877929688,253.00999450683594,667.8200073242188,58.625999450683594,34.790000915527344,71.9800033569336,51.5099983215332,120.80000305175781,183.47999572753906,63.689998626708984,132.67999267578125,349.5199890136719,29.329999923706055,168.64999389648438,138.36000061035156,346.7300109863281,129.69000244140625,105.81999969482422,95.30999755859375,61.290000915527344,19.277999877929688,43.61000061035156,159.30999755859375,131.16000366210938,55.29999923706055,133.60000610351562,92.63999938964844,490.5799865722656,48.33000183105469,141.10000610351562,45.15999984741211,45.29999923706055,35.90999984741211,132.72999572753906,114.33999633789062,147.9199981689453,76.5,256.5400085449219,681.9000244140625,59.04100036621094,35.04999923706055,73.11000061035156,52.08000183105469,122.29000091552734,184.99000549316406,65.12999725341797,134.39999389648438,351.7300109863281,30.059999465942383,169.5500030517578,139.4199981689453,351.0,130.7100067138672,108.52999877929688,96.22000122070312,62.58000183105469,19.701000213623047,44.20000076293945,161.02000427246094,134.41000366210938,56.619998931884766,135.84666442871094,93.88999938964844,492.5,49.68000030517578,145.2100067138672,45.529998779296875,45.86000061035156,36.150001525878906,133.8300018310547,114.72000122070312,4577800,49583900,2522100,1593300,24525000,30035500,6528300,22393300,5807400,14307800,6346700,2617800,1919200,56088100,6946100,7487600,2576200,4005300,9672700,6085100,12219500,489535000,38465500,1397200,7413600,8581500,3896700,15759400,3005000,8316100,4708100,16724600,36663000,29944200,6861100,21019700
2023-01-27,130.1690216064453,75.4000015258789,227.159912109375,647.0958862304688,56.38700866699219,32.583274841308594,62.54658126831055,46.04214096069336,110.4118423461914,155.24618530273438,57.49292755126953,119.24170684814453,326.3140869140625,27.154064178466797,152.75213623046875,130.0293731689453,332.9404602050781,123.35658264160156,95.46533966064453,86.57449340820312,62.92799758911133,20.34353256225586,35.945247650146484,143.64230346679688,123.8263168334961,52.53450012207031,132.5692596435547,88.79363250732422,456.57830810546875,41.925743103027344,129.1893310546875,42.19242477416992,40.94289779663086,34.366355895996094,125.89402770996094,102.88954162597656,146.27999877929688,75.4000015258789,253.64999389648438,667.3900146484375,59.0989990234375,35.45000076293945,72.44999694824219,51.86000061035156,123.61000061035156,179.4499969482422,65.2699966430664,134.66000366210938,353.70001220703125,28.15999984741211,168.22999572753906,140.32000732421875,342.1000061035156,132.85000610351562,105.37999725341797,96.86000061035156,63.869998931884766,20.364999771118164,43.790000915527344,163.1699981689453,133.39999389648438,56.970001220703125,135.6999969482422,93.30000305175781,486.04998779296875,48.86000061035156,143.2100067138672,46.119998931884766,45.6150016784668,36.25,132.86000061035156,115.61000061035156,147.67999267578125,76.73999786376953,255.5,678.1199951171875,59.92499923706055,35.779998779296875,73.44999694824219,52.189998626708984,126.38999938964844,184.22999572753906,66.95999908447266,137.9499969482422,355.989990234375,28.239999771118164,168.8699951171875,141.25999450683594,348.0899963378906,136.4600067138672,106.68000030517578,97.43000030517578,64.33999633789062,20.628000259399414,44.34000015258789,165.08999633789062,134.88999938964844,58.099998474121094,136.8733367919922,94.12000274658203,493.3699951171875,48.88999938964844,150.38999938964844,46.369998931884766,46.53499984741211,36.459999084472656,133.7100067138672,117.66999816894531,146.00999450683594,73.48999786376953,252.5399932861328,666.6799926757812,59.01900100708008,35.27000045776367,72.33999633789062,51.65999984741211,123.5199966430664,177.9199981689453,65.25,134.44000244140625,351.8299865722656,26.780000686645508,167.77000427246094,139.75,341.5299987792969,132.39999389648438,105.11000061035156,95.70999908447266,61.959999084472656,19.405000686645508,43.779998779296875,161.9499969482422,131.4199981689453,56.599998474121094,133.8633270263672,92.23999786376953,484.4700012207031,48.18000030517578,143.13999938964844,45.810001373291016,45.540000915527344,36.150001525878906,132.69000244140625,115.38999938964844,147.30999755859375,73.69999694824219,254.8699951171875,667.2000122070312,59.332000732421875,35.439998626708984,72.98999786376953,51.959999084472656,124.69000244140625,184.22999572753906,65.72000122070312,136.0,351.95001220703125,27.06999969482422,168.5399932861328,140.61000061035156,346.1099853515625,135.16000366210938,106.20999908447266,96.41000366210938,62.13999938964844,19.461999893188477,44.220001220703125,161.99000549316406,131.49000549316406,57.31999969482422,134.2100067138672,92.81999969482422,493.3699951171875,48.619998931884766,150.0500030517578,45.810001373291016,46.30500030517578,36.20000076293945,133.57000732421875,116.94999694824219,4591500,58118600,2109900,1249700,19344000,29964900,5426600,18294000,4857500,19654700,7210200,3035600,2427400,148548200,6058100,7489900,2363600,3400600,7784900,7990800,15895800,542142000,23798600,2046900,6581900,7669500,4289700,13646600,3177100,6568200,3638500,18161800,34841000,30787400,5854600,15179200
2023-01-30,129.60838317871094,72.44999694824219,225.31504821777344,630.5350952148438,55.4767951965332,32.44540023803711,62.183998107910156,45.944480895996094,107.66069793701172,150.7042999267578,54.912052154541016,116.9748306274414,329.7829284667969,26.95156478881836,147.0953369140625,128.92662048339844,331.38330078125,119.91168212890625,96.10855865478516,86.46187591552734,60.79985809326172,19.14179801940918,35.74824142456055,143.36936950683594,122.18336486816406,51.953548431396484,129.049072265625,88.63182067871094,456.3341064453125,41.874263763427734,126.46500396728516,42.34794998168945,40.00492477416992,34.19570541381836,124.75694274902344,101.06511688232422,145.64999389648438,72.44999694824219,251.58999633789062,650.3099975585938,58.14500045776367,35.29999923706055,72.02999877929688,51.75,120.52999877929688,174.1999969482422,62.34000015258789,132.10000610351562,357.4599914550781,27.950000762939453,162.0,139.1300048828125,340.5,129.13999938964844,106.08999633789062,95.95999908447266,61.709999084472656,19.16200065612793,43.54999923706055,162.86000061035156,131.6300048828125,56.34000015258789,132.09666442871094,93.12999725341797,485.7900085449219,48.79999923706055,140.19000244140625,46.290000915527344,44.56999969482422,36.06999969482422,131.66000366210938,113.55999755859375,147.1199951171875,74.63999938964844,254.16000366210938,658.239990234375,58.96099853515625,35.560001373291016,72.91000366210938,52.040000915527344,122.5999984741211,178.33999633789062,64.94000244140625,133.52000427246094,362.3299865722656,28.510000228881836,168.5399932861328,140.08999633789062,347.79998779296875,133.5,106.5,96.61000061035156,63.279998779296875,20.139999389648438,44.13999938964844,163.4499969482422,132.39999389648438,56.83000183105469,134.66000366210938,94.25,495.25,49.34000015258789,143.5,46.650001525878906,45.349998474121094,36.33000183105469,133.44000244140625,115.48999786376953,145.25999450683594,72.4000015258789,250.60000610351562,647.6199951171875,57.97600173950195,35.18000030517578,71.87999725341797,51.34000015258789,120.33000183105469,173.6699981689453,62.290000915527344,131.4199981689453,352.3999938964844,27.670000076293945,161.0800018310547,138.91000366210938,339.4599914550781,129.00999450683594,105.5,94.91999816894531,61.689998626708984,19.149999618530273,43.400001525878906,162.0500030517578,130.14999389648438,56.119998931884766,131.99000549316406,92.58000183105469,484.79998779296875,48.540000915527344,139.75,45.810001373291016,44.5099983215332,36.0099983215332,131.4600067138672,113.1500015258789,145.8699951171875,74.2300033569336,253.4600067138672,650.0,58.29999923706055,35.209999084472656,72.58999633789062,51.439998626708984,122.08999633789062,178.0,64.5999984741211,133.17999267578125,353.2900085449219,27.719999313354492,167.92999267578125,139.22999572753906,344.3299865722656,132.1999969482422,105.56999969482422,95.02999877929688,62.7599983215332,19.950000762939453,43.790000915527344,162.19000244140625,131.0500030517578,56.630001068115234,133.85000610351562,92.8499984741211,487.80999755859375,48.56999969482422,142.99000549316406,45.90999984741211,45.28499984741211,36.060001373291016,132.61000061035156,115.08999633789062,4573400,48105200,2042800,1209900,16984000,27353500,8900400,11126200,5246300,11476000,8003900,2927000,3184500,55145800,23259100,6729300,2647700,4152300,6476600,5870100,16169000,488611000,24402200,1947100,9854300,6181100,4384500,14079800,3606900,5943200,2991300,19427400,27525000,31595000,7055400,18672100
2023-01-31,131.47714233398438,75.1500015258789,226.04046630859375,640.7451171875,55.81644821166992,32.610843658447266,62.7192497253418,46.361751556396484,108.85763549804688,150.54856872558594,55.704811096191406,117.107666015625,337.48638916015625,27.25048828125,148.3846435546875,129.69573974609375,334.9355773925781,119.33599853515625,97.30435943603516,87.6962661743164,59.41066360473633,19.51640510559082,36.248966217041016,145.6317901611328,123.64998626708984,52.5437126159668,131.45556640625,88.25114440917969,468.921630859375,42.732337951660156,126.3206787109375,42.878562927246094,40.359474182128906,34.660247802734375,126.36779022216797,103.24554443359375,147.75,75.1500015258789,252.39999389648438,660.8400268554688,58.500999450683594,35.47999954223633,72.6500015258789,52.220001220703125,121.87000274658203,174.02000427246094,63.2400016784668,132.25,365.80999755859375,28.260000228881836,163.4199981689453,139.9600067138672,344.1499938964844,128.52000427246094,107.41000366210938,97.33000183105469,60.29999923706055,19.53700065612793,44.15999984741211,165.42999267578125,133.2100067138672,56.97999954223633,134.55999755859375,92.7300033569336,499.19000244140625,49.79999923706055,140.02999877929688,46.869998931884766,44.96500015258789,36.560001373291016,133.36000061035156,116.01000213623047,147.85000610351562,75.19999694824219,253.86000061035156,660.8599853515625,58.722999572753906,35.47999954223633,72.66000366210938,52.220001220703125,122.08999633789062,174.6300048828125,63.7400016784668,133.72999572753906,365.9200134277344,28.290000915527344,163.42999267578125,140.07000732421875,344.3999938964844,133.0,107.44000244140625,97.37000274658203,60.34000015258789,19.687000274658203,44.279998779296875,165.44000244140625,133.63999938964844,57.439998626708984,134.6233367919922,92.76000213623047,505.5,49.810001373291016,141.69000244140625,46.880001068115234,45.03499984741211,36.56999969482422,133.3800048828125,116.4000015258789,144.41000366210938,72.02999877929688,249.88999938964844,647.2999877929688,58.07400131225586,35.0,71.6500015258789,51.630001068115234,119.0999984741211,171.4199981689453,61.959999084472656,131.5500030517578,356.8599853515625,27.530000686645508,161.0500030517578,138.25,339.3800048828125,126.70999908447266,105.9000015258789,95.76000213623047,58.650001525878906,18.950000762939453,42.70000076293945,161.77999877929688,131.32000732421875,55.97999954223633,131.71665954589844,90.0,493.1300048828125,48.59000015258789,138.07000732421875,46.060001373291016,43.96500015258789,35.970001220703125,131.8300018310547,110.43000030517578,145.6300048828125,72.26000213623047,253.86000061035156,651.219970703125,58.207000732421875,35.16999816894531,72.11000061035156,51.86000061035156,120.22000122070312,172.75,62.400001525878906,132.0,359.1600036621094,27.780000686645508,161.6999969482422,139.8800048828125,340.67999267578125,131.5500030517578,106.0999984741211,96.29000091552734,59.099998474121094,19.170000076293945,43.0,163.0,131.32000732421875,56.279998779296875,131.8433380126953,91.0,498.0,48.84000015258789,140.2100067138672,46.31999969482422,44.41999816894531,36.13999938964844,131.9600067138672,112.0999984741211,5628700,71669100,3418300,801800,23719000,38917400,9375200,34823400,5200100,14481300,7472300,4043200,2311500,52621600,11612500,9188700,2406700,5408700,7938900,7182100,23856300,498017000,49722500,2295100,7125100,5951900,3104100,13342100,5567000,7714000,5427300,22840400,27848200,30282100,6290600,27861800
2023-02-01,130.4537811279297,84.63999938964844,220.67604064941406,657.8970336914062,57.50905227661133,33.015262603759766,61.493350982666016,46.29960632324219,105.13286590576172,148.24734497070312,54.51566696166992,112.71556854248047,337.39410400390625,28.031553268432617,149.74667358398438,129.35289001464844,333.39788818359375,114.1825942993164,96.9148178100586,88.47116088867188,61.67673873901367,20.920923233032227,36.09299850463867,145.0684051513672,128.52320861816406,51.363380432128906,138.3103485107422,90.16405487060547,466.86444091796875,42.23465347290039,122.8926773071289,43.29938507080078,39.56511688232422,34.660247802734375,126.96476745605469,102.11528015136719,146.60000610351562,84.63999938964844,246.41000366210938,678.530029296875,60.275001525878906,35.91999816894531,71.2300033569336,52.150001525878906,117.69999694824219,171.36000061035156,61.88999938964844,127.29000091552734,365.7099914550781,29.06999969482422,164.9199981689453,139.58999633789062,342.57000732421875,122.97000122070312,106.9800033569336,98.19000244140625,62.599998474121094,20.94300079345703,43.970001220703125,164.7899932861328,138.4600067138672,55.70000076293945,141.57666015625,94.73999786376953,497.0,49.220001220703125,136.22999572753906,47.33000183105469,44.08000183105469,36.560001373291016,133.99000549316406,114.73999786376953,147.44000244140625,85.4800033569336,249.5500030517578,685.0900268554688,60.83000183105469,36.2599983215332,72.94000244140625,52.7400016784668,120.97000122070312,173.66000366210938,62.79999923706055,131.74000549316406,368.94000244140625,29.43000030517578,165.97999572753906,140.8800048828125,345.94000244140625,129.10000610351562,107.43000030517578,99.05999755859375,63.22999954223633,21.191999435424805,44.18000030517578,166.57000732421875,139.94000244140625,57.439998626708984,143.0066680908203,95.7699966430664,504.3800048828125,49.93000030517578,142.36000061035156,47.79999923706055,44.94499969482422,36.880001068115234,134.80999755859375,117.37999725341797,145.25,77.87999725341797,240.0,655.8900146484375,58.27000045776367,35.11000061035156,70.80999755859375,51.40999984741211,115.19999694824219,169.5399932861328,60.7400016784668,125.38999938964844,358.760009765625,27.68000030517578,162.39999389648438,138.1199951171875,337.5199890136719,121.87000274658203,106.08000183105469,96.93000030517578,60.38999938964844,19.611000061035156,43.40999984741211,162.1699981689453,132.67999267578125,55.0,135.10667419433594,92.56999969482422,495.6700134277344,49.0,134.27999877929688,46.470001220703125,43.5,36.099998474121094,132.36000061035156,113.33999633789062,146.6300048828125,78.47000122070312,249.16000366210938,659.530029296875,58.356998443603516,35.20000076293945,72.94000244140625,51.540000915527344,120.70999908447266,173.30999755859375,62.560001373291016,131.22999572753906,359.1000061035156,27.889999389648438,162.99000549316406,138.2100067138672,342.7900085449219,128.85000610351562,106.97000122070312,96.94999694824219,60.619998931884766,19.69099998474121,43.90999984741211,163.85000610351562,132.67999267578125,56.90999984741211,135.22666931152344,93.0,499.95001220703125,49.2400016784668,140.8800048828125,46.65999984741211,44.755001068115234,36.18000030517578,133.36000061035156,115.83000183105469,5439900,152548200,5344700,1274200,26553000,44438700,10727700,22111900,7282300,11526400,9653400,4991700,2889400,63330600,9865300,8841800,2990900,5189900,10103200,9815200,20902200,660477000,24482300,1844200,10500600,10454000,7244100,16788500,3451200,7611100,4159200,21874600,46967200,51418700,11843000,19464900
2023-02-02,128.88763427734375,88.30999755859375,220.78350830078125,675.369140625,57.79719161987305,33.208282470703125,62.822837829589844,46.361751556396484,99.41620635986328,146.21429443359375,53.68766784667969,110.46638488769531,340.8630065917969,29.11154556274414,150.3096160888672,128.75054931640625,321.8457336425781,111.33197784423828,93.72599792480469,89.39018249511719,62.23832702636719,21.686113357543945,36.39672088623047,146.2832489013672,126.10051727294922,48.218868255615234,141.5146484375,91.9818115234375,442.2812805175781,42.17458724975586,120.02400970458984,43.48351287841797,38.66305923461914,34.75504684448242,126.10250854492188,98.92028045654297,144.83999633789062,88.30999755859375,246.52999877929688,696.5499877929688,60.57699966430664,36.130001068115234,72.7699966430664,52.220001220703125,111.30000305175781,169.00999450683594,60.95000076293945,124.75,369.4700012207031,30.190000534057617,165.5399932861328,138.94000244140625,330.70001220703125,119.9000015258789,103.45999908447266,99.20999908447266,63.16999816894531,21.708999633789062,44.34000015258789,166.1699981689453,135.85000610351562,52.290000915527344,144.85667419433594,96.6500015258789,470.8299865722656,49.150001525878906,133.0500030517578,47.22999954223633,43.07500076293945,36.65999984741211,133.0800018310547,111.1500015258789,145.92999267578125,88.94000244140625,246.57000732421875,698.5900268554688,61.31399917602539,36.380001068115234,72.87999725341797,53.22999954223633,115.38999938964844,171.42999267578125,62.060001373291016,127.11000061035156,372.8900146484375,30.299999237060547,166.22000122070312,140.4600067138672,335.29998779296875,122.83000183105469,105.80999755859375,100.2699966430664,63.91999816894531,21.948999404907227,44.459999084472656,166.80999755859375,139.16000366210938,55.2599983215332,146.0366668701172,97.5,495.0,49.650001525878906,135.3800048828125,47.56999969482422,43.994998931884766,36.810001373291016,133.25999450683594,115.06999969482422,143.44000244140625,83.19999694824219,236.3699951171875,684.9500122070312,59.974998474121094,35.439998626708984,69.80000305175781,51.72999954223633,109.76000213623047,166.82000732421875,60.0,123.08999633789062,364.54998779296875,28.799999237060547,162.82000732421875,138.0,317.0,118.08999633789062,101.75,97.95999908447266,61.86000061035156,20.700000762939453,43.5,163.11000061035156,134.8000030517578,51.970001220703125,142.2133331298828,95.83999633789062,463.8900146484375,48.939998626708984,130.83999633789062,46.43000030517578,42.599998474121094,36.369998931884766,132.1300048828125,109.83000183105469,145.92999267578125,84.29000091552734,243.77999877929688,696.9000244140625,60.76300048828125,36.099998474121094,70.31999969482422,52.58000183105469,113.48999786376953,171.1300048828125,62.060001373291016,126.80000305175781,368.0,29.25,163.0,140.0,334.0,122.76000213623047,104.0199966430664,98.87999725341797,63.560001373291016,21.0,43.630001068115234,165.5,138.4600067138672,55.2599983215332,143.02667236328125,96.5999984741211,494.260009765625,49.470001220703125,135.25,47.31999969482422,43.90999984741211,36.7599983215332,133.00999450683594,114.8499984741211,6160800,97762100,5489100,1318600,24188000,33729100,13015300,22331700,11531300,10463400,8770300,3928600,2619600,62230700,10099000,11822100,13036600,6275700,16229900,11118900,15877600,564276000,35279200,1930100,17673200,17007600,7456200,14925300,11169900,6819800,4171100,19058000,49803000,42107300,11274600,24562100
2023-02-03,129.2079620361328,86.08999633789062,219.56553649902344,658.953857421875,57.019596099853516,33.4840202331543,64.27318572998047,45.68035888671875,96.56681823730469,146.59498596191406,53.59959030151367,110.35128021240234,341.305908203125,29.236902236938477,149.4651641845703,130.74290466308594,330.0013122558594,109.75344848632812,93.25492095947266,89.58842468261719,61.489532470703125,21.077754974365234,36.16687774658203,145.5966033935547,125.33007049560547,48.5416145324707,138.75323486328125,90.08792114257812,443.3990783691406,42.30329513549805,118.83322143554688,43.80575942993164,38.577781677246094,34.688690185546875,125.7329330444336,99.60555267333984,145.1999969482422,86.08999633789062,245.1699981689453,679.6199951171875,59.762001037597656,36.43000030517578,74.44999694824219,50.95000076293945,108.11000061035156,169.4499969482422,60.849998474121094,124.62000274658203,369.95001220703125,30.31999969482422,164.61000061035156,141.08999633789062,339.0799865722656,118.19999694824219,102.94000244140625,99.43000030517578,62.40999984741211,21.100000381469727,44.060001373291016,165.38999938964844,135.02000427246094,52.63999938964844,142.02999877929688,94.66000366210938,472.0199890136719,49.29999923706055,131.72999572753906,47.58000183105469,42.97999954223633,36.59000015258789,132.69000244140625,111.91999816894531,146.8000030517578,88.80000305175781,249.9600067138672,693.3800048828125,60.80400085449219,36.7599983215332,74.47000122070312,51.540000915527344,112.38999938964844,171.5500030517578,62.540000915527344,127.81999969482422,374.57000732421875,31.170000076293945,166.33999633789062,142.3300018310547,342.3299865722656,121.87999725341797,103.79000091552734,100.18000030517578,63.790000915527344,21.7450008392334,44.38999938964844,167.1199951171875,138.39999389648438,54.66999816894531,145.2933349609375,96.94999694824219,478.7799987792969,49.619998931884766,135.77999877929688,48.040000915527344,43.95500183105469,36.900001525878906,133.60000610351562,114.11000061035156,144.6999969482422,85.83000183105469,242.2100067138672,677.9299926757812,59.625,35.900001525878906,72.61000061035156,50.529998779296875,107.76000213623047,168.49000549316406,60.77000045776367,124.37000274658203,365.44000244140625,29.530000686645508,163.88999938964844,138.1300048828125,329.3699951171875,118.04000091552734,102.4800033569336,98.06999969482422,61.900001525878906,20.788999557495117,43.880001068115234,164.10000610351562,128.57000732421875,52.54999923706055,141.27667236328125,94.30999755859375,469.75,48.709999084472656,131.5,46.95000076293945,42.935001373291016,36.36000061035156,132.25,111.55999755859375,145.9199981689453,86.66000366210938,249.9600067138672,678.4500122070312,59.79999923706055,36.02000045776367,73.20999908447266,51.02000045776367,111.30999755859375,169.86000061035156,61.0,125.0,365.6199951171875,29.6200008392334,166.02999877929688,138.17999267578125,332.95001220703125,120.56999969482422,103.22000122070312,98.23999786376953,62.0,21.0,44.36000061035156,164.6999969482422,131.16000366210938,52.81999969482422,141.6366729736328,95.04000091552734,475.2300109863281,48.81999969482422,133.8800048828125,47.0,43.255001068115234,36.369998931884766,133.1699981689453,111.9000015258789,6553000,66557800,3073000,1015800,19093000,37411700,10211900,20050600,13504200,8404900,6564100,4205800,2243100,57603100,6868500,11501200,5670700,3255100,11210800,6948600,12187100,429366000,23742000,1507700,13187300,10737000,5555400,12242200,5440100,6579400,3027300,17346900,45454800,43155000,10046800,20226600
2023-02-06,129.0478057861328,83.68000030517578,218.38339233398438,643.2337646484375,57.37071228027344,33.428871154785156,64.34224700927734,45.599666595458984,96.01300811767578,146.75933837890625,52.97418212890625,109.65174102783203,342.09002685546875,28.002229690551758,148.33018493652344,131.51202392578125,328.61932373046875,108.09136962890625,94.24237060546875,89.11088562011719,59.09538650512695,21.066770553588867,35.920623779296875,143.49264526367188,123.39006805419922,48.95658874511719,136.499755859375,87.39461517333984,446.4238586425781,42.002967834472656,115.54961395263672,43.897823333740234,38.40275955200195,34.67919921875,125.0317153930664,99.43646240234375,145.02000427246094,83.68000030517578,243.85000610351562,661.969970703125,60.130001068115234,36.369998931884766,74.52999877929688,50.86000061035156,107.48999786376953,169.63999938964844,60.13999938964844,123.83000183105469,370.79998779296875,28.690000534057617,163.36000061035156,141.9199981689453,337.6600036621094,116.41000366210938,104.02999877929688,98.9000015258789,59.97999954223633,21.089000701904297,43.7599983215332,163.0,132.92999267578125,53.09000015258789,139.72332763671875,91.83000183105469,475.239990234375,48.95000076293945,128.08999633789062,47.68000030517578,42.78499984741211,36.58000183105469,131.9499969482422,111.7300033569336,146.3300018310547,86.27999877929688,246.8000030517578,669.3400268554688,60.321998596191406,36.439998626708984,75.18000030517578,50.9900016784668,109.94999694824219,170.1199951171875,61.31999969482422,125.2699966430664,371.260009765625,29.649999618530273,164.85000610351562,142.24000549316406,343.4200134277344,119.41000366210938,104.62000274658203,99.19999694824219,61.18000030517578,21.56999969482422,44.29999923706055,164.6999969482422,134.8800048828125,53.380001068115234,141.8733367919922,92.05000305175781,478.9700012207031,49.130001068115234,132.77000427246094,47.7599983215332,43.345001220703125,36.59000015258789,132.77999877929688,113.08999633789062,144.80999755859375,83.22000122070312,243.4499969482422,659.489990234375,59.22600173950195,35.97999954223633,74.2300033569336,49.90999984741211,106.7300033569336,167.3699951171875,59.310001373291016,122.12999725341797,365.7799987792969,28.610000610351562,163.10000610351562,140.02999877929688,334.6199951171875,114.12000274658203,102.83999633789062,98.06999969482422,59.7400016784668,20.785999298095703,43.72999954223633,162.58999633789062,131.86000061035156,52.189998626708984,139.09666442871094,90.73999786376953,471.010009765625,48.65999984741211,126.05999755859375,47.150001525878906,42.2599983215332,36.29999923706055,131.77000427246094,110.31999969482422,145.74000549316406,84.62999725341797,245.36000061035156,665.9199829101562,59.33399963378906,36.25,74.44999694824219,50.400001525878906,108.56999969482422,169.55999755859375,60.61000061035156,124.83000183105469,369.0,29.549999237060547,164.5500030517578,140.22999572753906,341.9800109863281,118.54000091552734,103.43000030517578,98.44999694824219,60.939998626708984,20.805999755859375,44.189998626708984,164.07000732421875,132.27000427246094,52.79999923706055,139.80999755859375,91.80000305175781,472.0,48.939998626708984,131.6999969482422,47.2599983215332,43.02000045776367,36.380001068115234,132.5,112.36000061035156,4297000,53008900,2196900,783100,18709000,29463200,7112700,16152000,11516300,7659500,7394900,2486600,1816200,48726400,7021000,8406200,3055700,4190100,9054500,4737700,11484300,452197000,18071200,1567600,6830500,6482100,2496300,12425200,4174200,4997600,4401800,15948900,31714400,32273600,7328300,13855200
2023-02-07,129.1545867919922,85.91000366210938,218.5177459716797,659.5097045898438,58.6253547668457,33.79652786254883,64.33362579345703,45.84174346923828,100.05934143066406,150.60916137695312,54.797542572021484,113.14945983886719,345.4113464355469,28.353595733642578,148.3665008544922,133.11514282226562,330.5852966308594,113.49547576904297,95.73712921142578,89.39920043945312,61.21366500854492,22.149625778198242,35.78107452392578,143.43980407714844,126.82455444335938,49.92941665649414,140.84059143066406,89.98323822021484,447.9643859863281,42.620792388916016,121.35010528564453,44.312129974365234,39.650390625,35.07737731933594,125.83715057373047,102.27546691894531,145.13999938964844,85.91000366210938,244.0,678.719970703125,61.44499969482422,36.77000045776367,74.5199966430664,51.130001068115234,112.0199966430664,174.08999633789062,62.209999084472656,127.77999877929688,374.3999938964844,29.049999237060547,163.39999389648438,143.64999389648438,339.67999267578125,122.2300033569336,105.68000030517578,99.22000122070312,62.130001068115234,22.17300033569336,43.59000015258789,162.94000244140625,136.6300048828125,53.88999938964844,144.1666717529297,94.55000305175781,476.8800048828125,49.66999816894531,134.52000427246094,48.130001068115234,44.17499923706055,37.0,132.8000030517578,114.91999816894531,145.4600067138672,86.25,244.94000244140625,683.6900024414062,61.70100021362305,37.0,74.69000244140625,51.7599983215332,112.1500015258789,174.38999938964844,62.33000183105469,127.97000122070312,376.30999755859375,29.270000457763672,163.8800048828125,144.33999633789062,340.9599914550781,122.63999938964844,105.93000030517578,99.81999969482422,62.38999938964844,22.259000778198242,43.900001525878906,164.0,137.3800048828125,54.130001068115234,144.85667419433594,94.69999694824219,478.0799865722656,49.79999923706055,135.3000030517578,48.40999984741211,44.2400016784668,37.11000061035156,133.19000244140625,115.30999755859375,143.66000366210938,82.5199966430664,241.4199981689453,659.239990234375,59.97200012207031,36.130001068115234,73.9800033569336,50.59000015258789,107.41000366210938,169.61000061035156,59.86000061035156,123.19000244140625,367.3399963378906,28.43000030517578,161.4199981689453,141.17999267578125,332.69000244140625,116.77999877929688,103.55999755859375,98.05000305175781,59.70000076293945,21.149999618530273,43.25,160.3300018310547,132.3300018310547,52.7400016784668,139.91000366210938,91.68000030517578,469.0299987792969,48.63999938964844,128.74000549316406,47.349998474121094,42.83000183105469,36.349998474121094,131.02999877929688,112.0199966430664,144.5800018310547,84.31999969482422,243.02000427246094,659.239990234375,60.066001892089844,36.16999816894531,74.55000305175781,50.75,108.41000366210938,170.07000732421875,60.720001220703125,124.51000213623047,368.1700134277344,28.649999618530273,161.60000610351562,141.3800048828125,336.04998779296875,116.77999877929688,103.69999694824219,98.7699966430664,60.09000015258789,21.381999969482422,43.81999969482422,162.4499969482422,133.14999389648438,53.439998626708984,140.26333618164062,91.77999877929688,471.0400085449219,48.65999984741211,129.0,47.439998626708984,43.05500030517578,36.349998474121094,131.49000549316406,112.38999938964844,5401900,65291900,2408000,1236100,24025000,44100200,8726300,14361000,7370600,10256500,8170800,2524800,2205500,50780800,7310800,10447900,2464100,5361900,7904700,5060700,12713100,664150000,22999500,3890900,7664200,9109700,3285300,15258900,3394600,5809100,3591400,21764800,41014000,33000500,7551000,16013300
2023-02-08,128.68296813964844,84.69000244140625,215.1145782470703,644.0305786132812,57.40982437133789,33.54835891723633,63.58253479003906,45.859676361083984,98.9606704711914,147.07078552246094,54.02239227294922,113.9109878540039,346.05712890625,27.56301498413086,148.5571746826172,132.17921447753906,331.607177734375,112.87335968017578,96.60680389404297,89.16494750976562,59.36138916015625,22.18159294128418,36.10120391845703,142.2249755859375,122.68460083007812,50.68914794921875,137.81211853027344,89.7262954711914,453.9199523925781,42.10593032836914,120.9892578125,44.422603607177734,39.29583740234375,34.868804931640625,125.4676284790039,101.38551330566406,144.61000061035156,84.69000244140625,240.1999969482422,662.7899780273438,60.17100143432617,36.5,73.6500015258789,51.150001525878906,110.79000091552734,170.0,61.33000183105469,128.63999938964844,375.1000061035156,28.239999771118164,163.61000061035156,142.63999938964844,340.7300109863281,121.55999755859375,106.63999938964844,98.95999908447266,60.25,22.204999923706055,43.97999954223633,161.55999755859375,132.1699981689453,54.709999084472656,141.06666564941406,94.27999877929688,483.2200012207031,49.06999969482422,134.1199951171875,48.25,43.779998779296875,36.779998779296875,132.41000366210938,113.91999816894531,146.35000610351562,88.0,243.55999755859375,674.8900146484375,61.018001556396484,36.84000015258789,74.41999816894531,51.5099983215332,113.0,174.07000732421875,62.79999923706055,129.5399932861328,378.3500061035156,29.1200008392334,164.55999755859375,144.0399932861328,342.8699951171875,122.72000122070312,107.5199966430664,99.94000244140625,62.33000183105469,22.878000259399414,44.099998474121094,163.13999938964844,136.27999877929688,55.130001068115234,144.38333129882812,95.94000244140625,485.0400085449219,49.66999816894531,137.33999633789062,48.61000061035156,44.3650016784668,37.099998474121094,133.14999389648438,115.83000183105469,144.47000122070312,84.54000091552734,239.60000610351562,661.3599853515625,60.0620002746582,36.34000015258789,72.94000244140625,50.599998474121094,109.83999633789062,169.47000122070312,60.900001525878906,127.55999755859375,371.9800109863281,28.209999084472656,162.89999389648438,142.27999877929688,337.82000732421875,119.58000183105469,105.31999969482422,98.05999755859375,60.22999954223633,22.007999420166016,43.529998779296875,160.75999450683594,131.75999450683594,53.75,140.73666381835938,94.2300033569336,475.1099853515625,48.95000076293945,132.58999633789062,47.61000061035156,43.529998779296875,36.68000030517578,132.2100067138672,113.8499984741211,145.41000366210938,85.87999725341797,242.99000549316406,671.469970703125,60.667999267578125,36.40999984741211,74.30999755859375,50.77000045776367,112.2300033569336,172.47999572753906,62.29999923706055,127.79000091552734,372.9200134277344,28.950000762939453,163.3000030517578,142.64999389648438,338.55999755859375,122.0999984741211,105.80999755859375,98.31999969482422,61.45000076293945,22.386999130249023,43.54999923706055,161.05999755859375,135.30999755859375,54.0,143.2066650390625,95.0199966430664,475.4700012207031,49.130001068115234,134.63999938964844,47.70000076293945,44.13999938964844,36.72999954223633,132.32000732421875,115.05000305175781,5753800,54140400,2761200,763900,15290000,28032800,10149800,13242300,6713200,9784700,7848700,4107700,1893200,36479100,6054700,6958000,2399400,3005500,8596300,4705200,9510500,559651000,19362300,1929500,7151700,7939900,3522000,12899700,3466400,5810000,4991100,18070500,26967200,34555500,5614100,18459700
2023-02-09,132.32249450683594,83.20999908447266,214.9354705810547,645.3328247070312,57.19038009643555,32.8314323425293,61.717796325683594,44.81068801879883,98.1924819946289,145.72119140625,53.115116119384766,112.60043334960938,339.4975891113281,27.06523895263672,146.5504913330078,130.1220245361328,332.63873291015625,112.1119384765625,96.67927551269531,88.34500885009766,59.29242706298828,22.31344985961914,35.575862884521484,139.86570739746094,121.16228485107422,49.88309097290039,138.16378784179688,92.0198745727539,456.27777099609375,41.8485221862793,119.63612365722656,43.79655075073242,38.959251403808594,34.48011016845703,124.3684310913086,101.76818084716797,148.6999969482422,83.20999908447266,240.0,664.1300048828125,59.941001892089844,35.720001220703125,71.48999786376953,49.97999954223633,109.93000030517578,168.44000244140625,60.29999923706055,127.16000366210938,367.989990234375,27.729999542236328,161.39999389648438,140.4199981689453,341.7900085449219,120.73999786376953,106.72000122070312,98.05000305175781,60.18000030517578,22.336999893188477,43.34000015258789,158.8800048828125,130.52999877929688,53.84000015258789,141.42666625976562,96.69000244140625,485.7300109863281,48.77000045776367,132.6199951171875,47.56999969482422,43.404998779296875,36.369998931884766,131.25,114.3499984741211,153.6999969482422,86.66999816894531,243.4600067138672,682.280029296875,61.49300003051758,36.349998474121094,73.83999633789062,51.459999084472656,111.73999786376953,170.66000366210938,61.5099983215332,129.00999450683594,379.67999267578125,28.81999969482422,164.8000030517578,143.33999633789062,347.3500061035156,122.30999755859375,107.83999633789062,99.80000305175781,61.81999969482422,23.020000457763672,44.33000183105469,162.6999969482422,135.22999572753906,54.7400016784668,145.18666076660156,98.56999969482422,489.70001220703125,49.5,134.25,48.630001068115234,43.92499923706055,37.040000915527344,133.25,116.23999786376953,147.89999389648438,82.76000213623047,238.99000549316406,662.02001953125,59.54800033569336,35.560001373291016,71.43000030517578,49.86000061035156,109.8499984741211,168.0,60.15999984741211,126.77999877929688,367.79998779296875,27.56999969482422,161.07000732421875,139.8699951171875,340.5,119.75,106.54000091552734,97.7300033569336,59.689998626708984,22.1200008392334,43.2400016784668,158.27999877929688,129.9199981689453,53.7400016784668,140.3800048828125,95.62000274658203,482.3999938964844,48.560001373291016,131.8800048828125,47.4900016784668,43.375,36.290000915527344,131.0399932861328,114.18000030517578,148.5,85.87999725341797,241.1199951171875,673.1199951171875,61.2599983215332,36.27000045776367,73.48999786376953,51.349998474121094,110.61000061035156,170.22999572753906,61.27000045776367,128.69000244140625,377.0400085449219,28.68000030517578,163.6300048828125,143.1199951171875,340.8900146484375,121.5,106.86000061035156,99.22000122070312,61.20000076293945,22.606000900268555,44.119998931884766,162.35000610351562,133.88999938964844,54.459999084472656,143.57666015625,96.0,485.6300048828125,49.38999938964844,132.75999450683594,48.470001220703125,43.78499984741211,36.93000030517578,132.74000549316406,114.62000274658203,12216900,46525400,3056200,686500,18837000,35257100,12828800,16794900,5768300,10123400,5685300,2487200,2052500,43906400,7949500,6443100,3072800,2788400,7976800,4983800,10094700,523876000,20809200,1637300,5717500,7116500,3015600,16997400,3664600,5870500,3822400,17362100,32150400,44329600,8085700,17439300
2023-02-10,135.30355834960938,81.4800033569336,217.1743927001953,637.7728271484375,56.60264205932617,32.702762603759766,62.33074188232422,44.92723846435547,102.77474212646484,148.77505493164062,55.96906661987305,118.78126525878906,342.5328063964844,27.133560180664062,147.2314910888672,130.69654846191406,335.87957763671875,117.72962188720703,98.35521697998047,88.69640350341797,58.937740325927734,21.242584228515625,36.01913070678711,140.27066040039062,119.73282623291016,52.2178840637207,135.96568298339844,90.76364135742188,464.28118896484375,41.7884521484375,126.95213317871094,43.74130630493164,40.485130310058594,34.59387969970703,125.5434341430664,106.05784606933594,152.0500030517578,81.4800033569336,242.5,656.3499755859375,59.32500076293945,35.58000183105469,72.19999694824219,50.11000061035156,115.05999755859375,171.97000122070312,63.540000915527344,134.13999938964844,371.2799987792969,27.799999237060547,162.14999389648438,141.0399932861328,345.1199951171875,126.79000091552734,108.56999969482422,98.44000244140625,59.81999969482422,21.264999389648438,43.880001068115234,159.33999633789062,128.99000549316406,56.36000061035156,139.17666625976562,95.37000274658203,494.25,48.70000076293945,140.72999572753906,47.5099983215332,45.10499954223633,36.4900016784668,132.49000549316406,119.16999816894531,153.17999267578125,82.70999908447266,244.13999938964844,657.1699829101562,59.84600067138672,35.59000015258789,72.36000061035156,50.189998626708984,115.37000274658203,172.72999572753906,63.689998626708984,134.22000122070312,372.2300109863281,27.989999771118164,162.7899932861328,141.27999877929688,348.42999267578125,127.08000183105469,108.7699966430664,98.5999984741211,60.7599983215332,22.077999114990234,43.97999954223633,159.33999633789062,129.94000244140625,56.41999816894531,140.3866729736328,96.5,495.6600036621094,48.88999938964844,141.27000427246094,47.709999084472656,45.19499969482422,36.52000045776367,132.6300048828125,119.62999725341797,148.77000427246094,80.47000122070312,240.41000366210938,648.6400146484375,58.9630012512207,35.029998779296875,71.23999786376953,49.150001525878906,111.83000183105469,170.77999877929688,61.220001220703125,129.02000427246094,364.55999755859375,27.34000015258789,161.35000610351562,138.58999633789062,342.7300109863281,122.58000183105469,106.87000274658203,97.55999755859375,59.25,20.81100082397461,43.2599983215332,157.58999633789062,127.62000274658203,54.47999954223633,137.663330078125,94.25,488.75,48.34000015258789,135.4199981689453,46.97999954223633,44.084999084472656,36.06999969482422,131.25,116.16000366210938,149.69000244140625,82.29000091552734,241.9199981689453,653.0900268554688,59.63100051879883,35.54999923706055,71.70999908447266,49.81999969482422,111.9800033569336,170.8000030517578,61.369998931884766,130.0,367.0,27.6299991607666,161.77000427246094,139.77999877929688,343.2699890136719,122.58000183105469,106.97000122070312,97.58999633789062,60.5,21.690000534057617,43.5,158.2100067138672,129.2899932861328,54.77000045776367,139.97999572753906,95.94999694824219,489.1300048828125,48.599998474121094,135.4199981689453,47.40999984741211,44.125,36.189998626708984,131.42999267578125,116.51000213623047,8956700,49332600,2687200,731800,21035000,32898900,8621500,16519900,10779200,11602400,8727500,4041000,1933400,31232500,7028000,6582900,1980000,3467600,7609600,5224900,11429700,550737000,18619600,1863700,5319200,9410700,2947800,11511400,3418100,5357300,4815400,18929000,40003200,28108900,6198600,24918600
2023-02-13,136.7984619140625,83.12999725341797,218.21324157714844,649.8121948242188,57.35353088378906,32.76709747314453,63.168155670166016,45.72517776489258,100.76500701904297,147.94456481933594,55.98667907714844,118.01972198486328,345.0607604980469,27.865581512451172,147.77630615234375,132.1143798828125,341.0182189941406,118.67672729492188,99.24303436279297,89.58842468261719,59.23331069946289,21.76503562927246,36.10942077636719,141.71438598632812,121.4500732421875,53.09806442260742,137.9651641845703,91.46790313720703,465.314453125,42.123104095458984,127.03386688232422,44.312129974365234,40.38191223144531,34.99205780029297,126.58573150634766,105.64530181884766,153.72999572753906,83.12999725341797,243.66000366210938,668.739990234375,60.11199951171875,35.650001525878906,73.16999816894531,51.0,112.30999755859375,171.00999450683594,63.560001373291016,133.27999877929688,374.0199890136719,28.549999237060547,162.75,142.57000732421875,350.3999938964844,127.80999755859375,109.55000305175781,99.43000030517578,60.119998931884766,21.788000106811523,43.9900016784668,160.97999572753906,130.83999633789062,57.310001373291016,141.22332763671875,96.11000061035156,495.3500061035156,49.09000015258789,139.8000030517578,48.130001068115234,44.9900016784668,36.90999984741211,133.58999633789062,117.80000305175781,153.77999877929688,84.1500015258789,243.8300018310547,673.02001953125,60.14799880981445,35.779998779296875,73.44000244140625,51.08000183105469,114.0999984741211,171.89999389648438,64.11000061035156,134.72999572753906,375.05999755859375,28.549999237060547,162.82000732421875,142.72999572753906,350.80999755859375,127.86000061035156,109.56999969482422,99.76000213623047,60.279998779296875,22.04800033569336,44.0099983215332,161.3300018310547,131.42999267578125,57.36000061035156,141.6300048828125,96.38999938964844,499.8699951171875,49.099998474121094,140.0,48.150001525878906,45.165000915527344,36.90999984741211,133.60000610351562,118.18000030517578,151.25999450683594,80.9000015258789,241.3000030517578,657.3200073242188,59.34700012207031,35.38999938964844,71.9800033569336,49.91999816894531,112.12000274658203,169.77000427246094,62.400001525878906,131.24000549316406,368.0,27.719999313354492,161.14999389648438,140.74000549316406,346.0,125.13999938964844,108.3499984741211,98.16000366210938,58.84000015258789,20.961999893188477,43.5099983215332,158.2899932861328,128.38999938964844,55.2400016784668,138.6133270263672,94.91000366210938,491.760009765625,48.619998931884766,137.0800018310547,47.130001068115234,44.40999984741211,36.439998626708984,132.50999450683594,115.9000015258789,152.02000427246094,81.56999969482422,243.1999969482422,659.1300048828125,59.5,35.47999954223633,72.22000122070312,49.9900016784668,113.94999694824219,171.32000732421875,62.959999084472656,133.16000366210938,369.0899963378906,27.8700008392334,161.3300018310547,141.3000030517578,346.4700012207031,126.12000274658203,108.70999908447266,98.45999908447266,59.81999969482422,21.538000106811523,43.68000030517578,159.02999877929688,129.4600067138672,55.900001525878906,139.8333282470703,95.47000122070312,494.0,48.66999816894531,138.83999633789062,47.34000015258789,44.875,36.470001220703125,132.50999450683594,117.72000122070312,5602600,45400000,2321900,596000,19847000,29163900,8628000,11626900,6018200,9442900,7606800,2936800,1570600,32347500,6414700,7134600,2291600,3499800,7383100,4910300,11466200,474919000,17878000,1227800,5550400,8964200,2122500,7803500,2589000,4906200,3072300,16451700,24744800,32209000,6300300,14536200
2023-02-14,135.78407287597656,85.94999694824219,217.76150512695312,658.3047485351562,57.46706771850586,32.73951721191406,62.373897552490234,46.272098541259766,101.8775405883789,149.077880859375,56.32139587402344,117.88690185546875,342.9941101074219,27.95342445373535,147.13162231445312,132.6981201171875,339.3486022949219,119.44741821289062,98.50923156738281,90.6065673828125,61.1545524597168,22.946788787841797,35.88779067993164,141.84642028808594,122.8424072265625,52.64407730102539,140.46934509277344,93.2285385131836,462.9472351074219,42.15742492675781,126.93397521972656,44.65277099609375,40.3953742980957,34.80244445800781,125.83715057373047,104.40768432617188,152.58999633789062,85.94999694824219,241.02999877929688,677.47998046875,60.23099899291992,35.619998931884766,72.25,51.61000061035156,113.55000305175781,172.32000732421875,63.939998626708984,133.1300048828125,371.7799987792969,28.639999389648438,162.0399932861328,143.1999969482422,347.55999755859375,128.63999938964844,108.73999786376953,100.55999755859375,62.06999969482422,22.97100067138672,43.720001220703125,161.1300048828125,132.33999633789062,56.81999969482422,143.7866668701172,97.95999908447266,492.8299865722656,49.130001068115234,139.69000244140625,48.5,45.005001068115234,36.709999084472656,132.8000030517578,116.41999816894531,154.0,86.19000244140625,243.0,680.97998046875,60.55799865722656,35.9900016784668,73.47000122070312,51.75,114.44999694824219,173.50999450683594,64.4000015258789,134.24000549316406,377.04998779296875,28.719999313354492,162.97000122070312,143.80999755859375,353.82000732421875,129.35000610351562,110.0,100.98999786376953,62.310001373291016,23.048999786376953,44.20000076293945,161.6999969482422,132.8800048828125,57.79999923706055,144.22000122070312,98.98999786376953,497.95001220703125,49.290000915527344,141.32000732421875,48.84000015258789,45.334999084472656,37.08000183105469,134.00999450683594,117.80999755859375,151.75999450683594,81.7699966430664,239.11000061035156,657.2100219726562,59.332000732421875,35.459999084472656,72.19999694824219,50.4900016784668,110.55000305175781,169.97999572753906,62.540000915527344,131.25,369.3800048828125,27.989999771118164,161.75999450683594,141.60000610351562,347.2799987792969,126.55000305175781,108.19000244140625,98.97000122070312,59.029998779296875,21.365999221801758,43.58000183105469,159.11000061035156,128.36000061035156,56.11000061035156,138.92666625976562,95.22000122070312,489.0899963378906,48.77000045776367,138.16000366210938,47.75,44.5099983215332,36.47999954223633,132.1300048828125,116.0199966430664,153.9199981689453,82.69999694824219,242.6999969482422,661.7100219726562,59.41699981689453,35.630001068115234,73.30999755859375,50.93000030517578,111.0,170.47999572753906,62.91999816894531,131.60000610351562,373.94000244140625,28.3799991607666,162.74000549316406,142.5,350.5400085449219,126.87000274658203,109.94999694824219,99.05000305175781,59.52000045776367,21.577999114990234,44.09000015258789,160.36000061035156,129.1999969482422,56.40999984741211,139.97666931152344,95.81999969482422,494.2900085449219,49.099998474121094,138.25999450683594,47.93000030517578,44.6349983215332,36.84000015258789,133.77000427246094,117.01000213623047,4662800,55979700,2015900,1013400,17571000,33625200,5606100,16283300,7308100,8077300,8775600,2190200,2155500,27928900,6316000,9249400,2028900,3174500,6983900,7679500,12496200,675474000,17506900,1122100,5579900,7437300,3252000,15345100,2072600,4889500,3030100,16844400,27022600,33525300,6905900,12079000
2023-02-15,134.42259216308594,85.18000030517578,216.89418029785156,657.6538696289062,57.98038101196289,32.68437194824219,61.70054244995117,46.46038055419922,100.17285919189453,147.50686645507812,50.410911560058594,113.81360626220703,345.3559265136719,28.15839195251465,144.70724487304688,133.25413513183594,327.0950927734375,118.71890258789062,97.54895782470703,90.84984588623047,60.92794418334961,22.740005493164062,35.559444427490234,140.85165405273438,123.52002716064453,51.875083923339844,141.04249572753906,88.27970123291016,461.46307373046875,42.114524841308594,123.91712188720703,44.164817810058594,39.70872497558594,34.840370178222656,125.21178436279297,104.09379577636719,151.05999755859375,85.18000030517578,240.07000732421875,676.8099975585938,60.76900100708008,35.560001373291016,71.47000122070312,51.81999969482422,111.6500015258789,169.00999450683594,57.22999954223633,128.52999877929688,374.3399963378906,28.850000381469727,159.3699951171875,143.8000030517578,335.010009765625,127.11000061035156,107.68000030517578,100.83000183105469,61.84000015258789,22.763999938964844,43.31999969482422,160.0,133.07000732421875,55.9900016784668,144.3733367919922,92.76000213623047,491.25,49.08000183105469,136.3699951171875,47.970001220703125,44.2400016784668,36.75,132.13999938964844,116.06999969482422,153.49000549316406,85.88999938964844,240.5399932861328,677.47998046875,60.827999114990234,35.61000061035156,72.47000122070312,51.880001068115234,112.16999816894531,169.52000427246094,59.16999816894531,131.72000122070312,374.3699951171875,28.8799991607666,161.97999572753906,143.88999938964844,346.8699951171875,127.41999816894531,108.79000091552734,100.95999908447266,61.939998626708984,22.854999542236328,43.61000061035156,161.77999877929688,133.3300018310547,56.29999923706055,144.44667053222656,93.68000030517578,491.8299865722656,49.11000061035156,138.32000732421875,48.2599983215332,44.595001220703125,36.77000045776367,132.4600067138672,116.08999633789062,150.8300018310547,83.31999969482422,238.72999572753906,661.0,59.66999816894531,35.15999984741211,71.33999633789062,50.810001373291016,109.9800033569336,167.5,55.400001525878906,126.51000213623047,368.25,28.15999984741211,159.2899932861328,141.3000030517578,334.3500061035156,125.2699966430664,107.55999755859375,99.5,60.459999084472656,22.106000900268555,43.11000061035156,159.0800018310547,130.3000030517578,55.02000045776367,141.24000549316406,90.7699966430664,488.3900146484375,48.65999984741211,135.88999938964844,47.70000076293945,43.67499923706055,36.369998931884766,131.69000244140625,114.13999938964844,152.6199951171875,85.0999984741211,240.2100067138672,661.8200073242188,59.88600158691406,35.31999969482422,72.30000305175781,50.84000015258789,111.81999969482422,169.39999389648438,58.849998474121094,131.27000427246094,368.739990234375,28.360000610351562,161.9499969482422,141.61000061035156,345.8500061035156,126.44000244140625,108.52999877929688,99.51000213623047,61.33000183105469,22.548999786376953,43.41999816894531,159.49000549316406,130.60000610351562,56.150001525878906,142.2899932861328,92.33000183105469,489.6499938964844,48.849998474121094,137.8800048828125,47.91999816894531,44.5,36.41999816894531,132.27999877929688,115.72000122070312,5648100,46430200,1783300,683500,12683000,23500100,5890500,9216600,7203700,8885700,52418700,4344500,1687200,23359400,12621800,6728300,3600700,3048800,6416600,6464200,10457400,420575000,18994700,1813100,3501100,7077200,2143500,30208300,2242500,4227900,3976900,12854000,31939600,28510000,6491900,13663400
2023-02-16,133.06106567382812,80.08000183105469,211.60890197753906,637.7048950195312,57.298194885253906,32.42701721191406,61.1652946472168,46.137603759765625,97.22105407714844,145.37734985351562,49.080833435058594,110.81172943115234,341.5365295410156,27.52397346496582,143.68124389648438,131.4193572998047,318.3663024902344,118.15850830078125,96.48905181884766,89.71456909179688,59.16434097290039,21.978809356689453,35.255733489990234,139.35511779785156,120.81885528564453,51.680511474609375,137.5841522216797,86.43340301513672,457.799560546875,41.65974044799805,121.73628234863281,43.47431564331055,39.31829071044922,34.489593505859375,123.96096801757812,103.78889465332031,149.52999877929688,80.08000183105469,234.22000122070312,656.280029296875,60.05400085449219,35.279998779296875,70.8499984741211,51.459999084472656,108.36000061035156,166.57000732421875,55.720001220703125,125.13999938964844,370.20001220703125,28.200000762939453,158.24000549316406,141.82000732421875,326.07000732421875,126.51000213623047,106.51000213623047,99.56999969482422,60.04999923706055,22.00200080871582,42.95000076293945,158.3000030517578,130.16000366210938,55.779998779296875,140.8333282470703,90.81999969482422,487.3500061035156,48.54999923706055,133.97000122070312,47.220001220703125,43.80500030517578,36.380001068115234,130.82000732421875,115.7300033569336,150.5,83.3499984741211,239.00999450683594,668.2000122070312,60.89400100708008,35.65999984741211,71.22000122070312,51.83000183105469,111.70999908447266,168.66000366210938,57.41999816894531,128.52000427246094,374.25,28.829999923706055,159.64999389648438,143.38999938964844,332.94000244140625,128.6199951171875,107.45999908447266,100.23999786376953,61.349998474121094,22.549999237060547,43.18000030517578,159.94000244140625,132.58999633789062,56.59000015258789,143.25999450683594,91.79000091552734,494.0,48.939998626708984,136.7899932861328,47.810001373291016,44.380001068115234,36.65999984741211,131.99000549316406,116.77999877929688,148.72999572753906,80.05000305175781,234.0399932861328,655.4500122070312,59.95500183105469,35.220001220703125,70.18000030517578,51.099998474121094,108.08999633789062,166.39999389648438,55.68000030517578,124.98999786376953,368.79998779296875,28.1299991607666,157.9199981689453,141.67999267578125,325.7200012207031,126.19000244140625,106.2300033569336,98.80999755859375,59.849998474121094,21.927000045776367,42.77000045776367,157.9199981689453,129.9499969482422,55.41999816894531,140.60333251953125,89.87999725341797,487.2699890136719,48.400001525878906,133.8000030517578,47.189998626708984,43.7599983215332,36.310001373291016,130.5399932861328,114.80000305175781,149.11000061035156,82.9800033569336,238.4600067138672,658.7000122070312,60.07500076293945,35.41999816894531,70.80000305175781,51.349998474121094,110.87999725341797,168.19000244140625,57.0099983215332,127.70999908447266,370.75,28.5,159.07000732421875,142.91000366210938,331.0,126.5999984741211,106.81999969482422,99.77999877929688,60.779998779296875,22.132999420166016,43.150001525878906,158.52000427246094,130.75,56.0,141.77333068847656,90.9800033569336,491.1499938964844,48.790000915527344,135.7899932861328,47.599998474121094,44.0,36.400001525878906,130.92999267578125,115.30999755859375,3757500,57755200,3291800,946300,17449000,22681100,5593700,9398000,6531900,6727500,17678700,2877200,1947800,28972500,11177000,8165300,3654200,2595100,5959300,6051800,12683400,412026000,17832000,1781700,5788400,5089700,3444900,15568400,2611500,4900000,2589800,12631700,25314200,34379100,8008000,11360600
2023-02-17,134.64505004882812,78.5,217.3097686767578,633.47802734375,56.82590103149414,32.491355895996094,61.38975524902344,46.10174560546875,93.41690826416016,142.13059997558594,46.97561264038086,104.86116027832031,339.9681091308594,26.948118209838867,146.68087768554688,131.8085479736328,320.64129638671875,114.41323852539062,99.21585845947266,89.6604995727539,58.13967514038086,21.365455627441406,35.46915054321289,139.6104278564453,118.553955078125,49.41984176635742,135.44143676757812,85.74817657470703,468.81829833984375,41.702640533447266,117.77442169189453,43.722900390625,37.918067932128906,34.49907302856445,125.06964874267578,99.79804992675781,151.30999755859375,78.5,240.52999877929688,651.9299926757812,59.558998107910156,35.349998474121094,71.11000061035156,51.41999816894531,104.12000274658203,162.85000610351562,53.33000183105469,118.41999816894531,368.5,27.610000610351562,160.38999938964844,142.24000549316406,328.3999938964844,122.5,109.5199966430664,99.51000213623047,59.0099983215332,21.38800048828125,43.209999084472656,158.58999633789062,127.72000122070312,53.34000015258789,138.63999938964844,90.0999984741211,499.0799865722656,48.599998474121094,129.61000061035156,47.4900016784668,42.244998931884766,36.38999938964844,131.99000549316406,111.27999877929688,151.38999938964844,79.6500015258789,241.72000122070312,658.0,60.084999084472656,35.38999938964844,71.73999786376953,51.59000015258789,106.66999816894531,164.83999633789062,54.79999923706055,122.62000274658203,371.05999755859375,28.06999969482422,161.11000061035156,142.8300018310547,331.5899963378906,125.0,109.54000091552734,100.0199966430664,60.18000030517578,21.739999771118164,43.369998931884766,158.74000549316406,129.80999755859375,55.060001373291016,140.41000366210938,90.30000305175781,499.4599914550781,48.66999816894531,131.94000244140625,47.56999969482422,43.154998779296875,36.439998626708984,132.22999572753906,114.19000244140625,148.61000061035156,77.37000274658203,233.7100067138672,647.3900146484375,59.244998931884766,34.7400016784668,70.5199966430664,50.91999816894531,103.16999816894531,161.85000610351562,52.45000076293945,117.38999938964844,366.8599853515625,27.3799991607666,156.6199951171875,140.07000732421875,320.5,121.55000305175781,105.5199966430664,98.30000305175781,58.5099983215332,20.975000381469727,42.58000183105469,156.9199981689453,126.95999908447266,53.130001068115234,137.38333129882812,88.94000244140625,487.3500061035156,48.20000076293945,128.7899932861328,47.02000045776367,42.060001373291016,36.09000015258789,130.0800018310547,110.9800033569336,149.14999389648438,79.5999984741211,235.33999633789062,650.75,60.0,35.08000183105469,70.62000274658203,51.2599983215332,106.13999938964844,164.72999572753906,54.79999923706055,122.19999694824219,368.04998779296875,28.0,157.02000427246094,140.97999572753906,323.1499938964844,124.72000122070312,106.33000183105469,98.9000015258789,59.84000015258789,21.631000518798828,42.88999938964844,158.0,129.5,55.0,140.0,89.97000122070312,487.3800048828125,48.41999816894531,131.72000122070312,47.09000015258789,43.125,36.20000076293945,130.1999969482422,114.19000244140625,4562400,47826600,2978100,1149600,14215000,28562700,11131800,12297700,11294500,9612100,25514600,6201900,1857300,32086200,12401900,7948800,3695600,3275900,9474600,8133000,10874900,465888000,18293400,1797100,6022500,9162900,3064200,11235300,3891500,5191900,3380200,13463800,44680400,35889800,10798800,20758300
2023-02-21,135.259033203125,76.7699966430664,215.24082946777344,611.9549560546875,55.485382080078125,31.72847557067871,61.484718322753906,44.68516540527344,94.48455810546875,140.51602172851562,47.327945709228516,105.57841491699219,333.1595764160156,25.435274124145508,144.4951629638672,129.3899383544922,319.7723388671875,114.94561004638672,98.80818176269531,87.95757293701172,56.7504768371582,20.633228302001953,35.05051803588867,136.87258911132812,114.82246398925781,49.475425720214844,131.05502319335938,83.40699768066406,461.51947021484375,40.92178726196289,120.12791442871094,42.57204818725586,37.729576110839844,33.78805160522461,123.44927978515625,99.69939422607422,152.0,76.7699966430664,238.24000549316406,629.780029296875,58.15399932861328,34.52000045776367,71.22000122070312,49.84000015258789,105.30999755859375,161.0,53.72999954223633,119.2300033569336,361.1199951171875,26.059999465942383,158.0,139.6300048828125,327.510009765625,123.06999969482422,109.06999969482422,97.62000274658203,57.599998474121094,20.655000686645508,42.70000076293945,155.47999572753906,123.69999694824219,53.400001525878906,134.14999389648438,87.63999938964844,491.30999755859375,47.689998626708984,132.1999969482422,46.2400016784668,42.03499984741211,35.63999938964844,130.27999877929688,111.16999816894531,153.02000427246094,78.45999908447266,241.9199981689453,643.9400024414062,59.308998107910156,35.04999923706055,71.66999816894531,50.90999984741211,106.12000274658203,163.75,54.09000015258789,119.68000030517578,366.7200012207031,27.270000457763672,160.35000610351562,141.33999633789062,331.7200012207031,124.70999908447266,109.87999725341797,99.0,59.709999084472656,21.493999481201172,42.93000030517578,157.52000427246094,127.62000274658203,54.59000015258789,138.0933380126953,89.41999816894531,501.3999938964844,48.2599983215332,132.8699951171875,47.06999969482422,42.52000045776367,36.130001068115234,131.57000732421875,112.37999725341797,149.82000732421875,76.44999694824219,238.1999969482422,629.530029296875,57.98400115966797,34.27000045776367,70.81999969482422,49.43000030517578,103.51000213623047,160.6999969482422,53.189998626708984,117.72000122070312,360.0899963378906,26.040000915527344,157.88999938964844,138.75,326.3299865722656,121.66999816894531,108.62999725341797,97.18000030517578,57.4900016784668,20.618000030517578,42.619998931884766,154.9600067138672,123.55000305175781,53.27000045776367,133.88999938964844,87.4800033569336,490.5,47.33000183105469,129.72000122070312,45.970001220703125,41.95500183105469,35.47999954223633,130.08999633789062,110.80999755859375,149.82000732421875,77.1500015258789,240.7899932861328,638.010009765625,59.0,34.90999984741211,71.2699966430664,50.7400016784668,104.01000213623047,162.17999267578125,53.68000030517578,118.41999816894531,366.7200012207031,27.110000610351562,159.64999389648438,140.69000244140625,327.1499938964844,121.66999816894531,108.9000015258789,98.45999908447266,58.34000015258789,21.0,42.810001373291016,156.86000061035156,125.45999908447266,53.29999923706055,136.48333740234375,88.37999725341797,496.70001220703125,48.20000076293945,129.8800048828125,47.06999969482422,42.060001373291016,36.08000183105469,131.02999877929688,110.80999755859375,8466100,44045600,2524100,1022700,22737000,37068900,6189600,22899200,7200600,7259700,11378800,4582000,2403000,63668400,9423900,9996300,2515600,3988000,6741500,6556000,12667500,410015000,17356600,1843200,8164400,7422100,2208600,14007600,2877300,5793100,3343400,13652700,33622600,36425200,9066200,14469400
2023-02-22,134.0755157470703,76.61000061035156,213.3616485595703,606.5425415039062,54.973026275634766,31.5170841217041,61.56240463256836,44.86447525024414,93.38101196289062,139.94869995117188,47.20463180541992,104.10848999023438,332.9473571777344,24.859416961669922,144.29396057128906,128.39845275878906,321.2955017089844,114.67473602294922,98.88972473144531,87.64219665527344,56.139617919921875,20.73212242126465,34.787837982177734,137.59445190429688,115.05451965332031,48.558189392089844,130.426513671875,82.6361083984375,459.2462158203125,40.7930793762207,118.75579071044922,42.360294342041016,37.47825622558594,33.75012969970703,123.03237915039062,98.40796661376953,150.6699981689453,76.61000061035156,236.16000366210938,624.2100219726562,57.617000579833984,34.290000915527344,71.30999755859375,50.040000915527344,104.08000183105469,160.35000610351562,53.59000015258789,117.56999969482422,360.8900146484375,25.469999313354492,157.77999877929688,138.55999755859375,329.07000732421875,122.77999877929688,109.16000366210938,97.2699966430664,56.97999954223633,20.753999710083008,42.380001068115234,156.3000030517578,123.94999694824219,52.40999984741211,133.5066680908203,86.83000183105469,488.8900146484375,47.540000915527344,130.69000244140625,46.0099983215332,41.755001068115234,35.599998474121094,129.83999633789062,109.7300033569336,152.14999389648438,78.12999725341797,240.99000549316406,635.4000244140625,58.308998107910156,34.54999923706055,71.70999908447266,50.47999954223633,105.4800033569336,161.66000366210938,54.349998474121094,120.8499984741211,363.0,26.899999618530273,158.85000610351562,139.42999267578125,332.6000061035156,124.91999816894531,110.31999969482422,98.06999969482422,58.56999969482422,21.104000091552734,42.88999938964844,156.6699981689453,124.97000122070312,53.939998626708984,135.47000122070312,88.08999633789062,493.8900146484375,47.869998931884766,132.89999389648438,46.22999954223633,42.314998626708984,35.779998779296875,130.72999572753906,110.97000122070312,150.24000549316406,75.91999816894531,235.75,620.4299926757812,57.209999084472656,34.06999969482422,70.58000183105469,49.369998931884766,102.95999908447266,158.91000366210938,52.560001373291016,116.79000091552734,358.0400085449219,25.299999237060547,157.3699951171875,137.44000244140625,326.3299865722656,121.98999786376953,108.91999816894531,96.62000274658203,56.83000183105469,20.42099952697754,42.310001373291016,154.80999755859375,122.91999816894531,52.040000915527344,132.6999969482422,86.66000366210938,488.6700134277344,47.34000015258789,129.44000244140625,45.689998626708984,41.39500045776367,35.40999984741211,129.57000732421875,108.63999938964844,151.0,76.93000030517578,240.3000030517578,632.5599975585938,58.224998474121094,34.36000061035156,71.30000305175781,49.88999938964844,105.4800033569336,160.27999877929688,53.709999084472656,118.88999938964844,361.6300048828125,25.90999984741211,158.5,138.9199981689453,328.7099914550781,122.66000366210938,110.20999908447266,97.37000274658203,57.72999954223633,20.707000732421875,42.720001220703125,155.24000549316406,124.31999969482422,53.15999984741211,134.4633331298828,87.75,492.80999755859375,47.70000076293945,132.63999938964844,45.95000076293945,41.91999816894531,35.63999938964844,130.4199981689453,110.4800033569336,6041700,50286800,2187600,1017300,23475000,38550400,5718900,14431500,7929500,6205900,13144400,3772400,2203800,89195300,9820200,11107500,2379800,3142800,7213900,5072400,12260300,513184000,17394200,2630700,5517800,9181100,2285700,10106400,2982800,4583300,3245400,13402900,40270400,31065200,7318900,13973800
2023-02-23,135.3213348388672,79.75,214.6806640625,620.0298461914062,55.70100784301758,31.489500045776367,61.64012145996094,45.1693115234375,94.59225463867188,141.32765197753906,48.44662094116211,105.84407043457031,335.39215087890625,24.996061325073242,144.2482147216797,129.42701721191406,319.7821044921875,117.2338638305664,100.18517303466797,88.24589538574219,57.88352584838867,23.639055252075195,34.72217559814453,139.17906188964844,117.14305114746094,49.40131378173828,134.71524047851562,85.72915649414062,461.8763732910156,40.947532653808594,120.33689880371094,42.58125305175781,38.043724060058594,33.778564453125,123.36399841308594,99.31376647949219,152.07000732421875,79.75,237.6199951171875,638.0900268554688,58.380001068115234,34.2599983215332,71.4000015258789,50.380001068115234,105.43000030517578,161.92999267578125,55.0,119.52999877929688,363.5400085449219,25.610000610351562,157.72999572753906,139.6699981689453,327.5199890136719,125.5199966430664,110.58999633789062,97.94000244140625,58.75,23.663999557495117,42.29999923706055,158.10000610351562,126.19999694824219,53.31999969482422,137.89666748046875,90.08000183105469,491.69000244140625,47.720001220703125,132.42999267578125,46.25,42.3849983215332,35.630001068115234,130.19000244140625,110.73999786376953,153.57000732421875,81.79000091552734,237.86000061035156,642.8800048828125,58.59400177001953,34.599998474121094,71.9800033569336,50.619998931884766,106.4000015258789,162.83999633789062,55.27000045776367,120.19999694824219,367.8800048828125,26.079999923706055,158.58999633789062,140.1699981689453,332.8299865722656,126.47000122070312,111.23999786376953,98.41999816894531,59.75,23.88800048828125,42.75,158.6699981689453,127.2300033569336,54.02000045776367,138.55332946777344,91.98999786376953,493.3299865722656,48.11000061035156,133.25,46.439998626708984,42.630001068115234,35.91999816894531,130.85000610351562,111.83000183105469,149.1699981689453,77.97000122070312,234.75,626.6799926757812,57.36800003051758,33.86000061035156,70.88999938964844,49.70000076293945,104.06999969482422,160.55999755859375,53.79999923706055,117.51000213623047,359.6099853515625,25.31999969482422,156.6699981689453,137.94000244140625,325.69000244140625,122.87999725341797,109.0999984741211,96.69999694824219,57.439998626708984,23.024999618530273,42.220001220703125,155.60000610351562,123.66999816894531,52.869998931884766,135.19000244140625,89.45999908447266,485.8699951171875,47.310001373291016,130.1300048828125,45.790000915527344,41.849998474121094,35.29999923706055,129.24000549316406,109.9000015258789,150.89999389648438,80.62999725341797,236.6999969482422,642.1300048828125,58.57500076293945,34.400001525878906,71.37999725341797,50.34000015258789,106.0,162.25,54.400001525878906,120.0199966430664,363.20001220703125,25.780000686645508,157.7100067138672,138.72999572753906,328.010009765625,124.86000061035156,109.26000213623047,97.87999725341797,59.13999938964844,23.440000534057617,42.290000915527344,157.8699951171875,126.61000061035156,53.58000183105469,138.0,90.30000305175781,486.6600036621094,47.869998931884766,132.60000610351562,46.119998931884766,42.3849983215332,35.75,129.80999755859375,110.7300033569336,5993300,76391300,2211600,1093000,18939000,28488000,5459800,12550700,6095800,6445500,11919400,3846400,1931400,56473200,9385100,8068000,2229500,2893600,6922800,5916100,16094600,1117995000,21104300,3004000,6440200,6324500,4617000,15468300,2511800,4319300,2620300,14783600,35023400,42357600,9955500,11289400
2023-02-24,135.89083862304688,78.08999633789062,211.1029815673828,600.8775634765625,55.12377166748047,31.443546295166016,60.58686447143555,44.9900016784668,94.43075561523438,141.74664306640625,48.44662094116211,101.17747497558594,335.6781005859375,24.537330627441406,142.63868713378906,130.5946044921875,314.0411071777344,116.67347717285156,99.55101776123047,88.02965545654297,57.321922302246094,23.261455535888672,34.27070617675781,139.52236938476562,115.41653442382812,49.957210540771484,132.30221557617188,83.85427856445312,454.962646484375,40.878883361816406,120.62769317626953,42.92190170288086,37.994361877441406,33.807003021240234,121.77208709716797,99.32272338867188,152.7100067138672,78.08999633789062,233.66000366210938,618.3800048828125,57.775001525878906,34.209999084472656,70.18000030517578,50.18000030517578,105.25,162.41000366210938,55.0,114.26000213623047,363.8500061035156,25.139999389648438,155.97000122070312,140.92999267578125,321.6400146484375,124.91999816894531,109.88999938964844,97.69999694824219,58.18000030517578,23.285999298095703,41.75,158.49000549316406,124.33999633789062,53.91999816894531,135.42666625976562,88.11000061035156,484.3299865722656,47.63999938964844,132.75,46.619998931884766,42.33000183105469,35.65999984741211,128.50999450683594,110.75,152.97999572753906,78.80999755859375,237.05999755859375,624.6699829101562,58.02399826049805,34.290000915527344,71.22000122070312,50.34000015258789,105.55000305175781,162.60000610351562,55.189998626708984,115.91000366210938,365.17999267578125,25.350000381469727,156.85000610351562,141.36000061035156,327.2300109863281,125.45999908447266,110.33000183105469,97.9800033569336,58.369998931884766,23.474000930786133,42.04999923706055,158.74000549316406,124.70999908447266,54.130001068115234,136.13999938964844,88.1500015258789,492.510009765625,47.709999084472656,132.89999389648438,46.7599983215332,42.38999938964844,35.77000045776367,129.33999633789062,110.95999908447266,150.91000366210938,76.94000244140625,233.1199951171875,612.719970703125,57.361000061035156,33.84000015258789,69.81999969482422,49.650001525878906,103.36000061035156,159.14999389648438,53.900001525878906,111.77999877929688,359.5299987792969,24.920000076293945,155.2100067138672,138.92999267578125,320.0899963378906,121.54000091552734,108.88999938964844,96.61000061035156,57.349998474121094,22.94700050354004,41.5099983215332,155.27000427246094,123.18000030517578,52.20000076293945,134.41000366210938,87.23999786376953,483.010009765625,47.029998779296875,127.86000061035156,45.70000076293945,41.52000045776367,35.2599983215332,128.1300048828125,109.0199966430664,151.3000030517578,77.75,236.8300018310547,619.4299926757812,57.75299835205078,33.86000061035156,71.11000061035156,50.0,104.16999816894531,160.77000427246094,54.41999816894531,114.80999755859375,360.1700134277344,25.219999313354492,156.64999389648438,139.11000061035156,326.0,123.55999755859375,110.08999633789062,97.1500015258789,57.70000076293945,23.225000381469727,42.029998779296875,156.50999450683594,124.23999786376953,52.79999923706055,135.4499969482422,88.08999633789062,489.5799865722656,47.209999084472656,130.27999877929688,45.84000015258789,41.7599983215332,35.31999969482422,129.08999633789062,109.33000183105469,5621100,46700000,1853900,995700,15353000,27046600,6403400,14547300,5617900,5330200,10030100,8752100,2428600,44089900,8689700,9126900,2594600,3218600,5787900,5414200,9867400,589716000,16806100,1553400,7357200,8458700,2842200,8817600,2940400,4141500,3012900,16040300,37496800,48732600,9008000,14351000
2023-02-27,137.28793334960938,78.7699966430664,211.8167266845703,614.1898193359375,55.85844421386719,31.443546295166016,60.4228401184082,45.2500114440918,94.97803497314453,142.10443115234375,48.02382278442383,101.61137390136719,337.22808837890625,24.303081512451172,142.3277587890625,131.73440551757812,309.1396789550781,118.22388458251953,99.07090759277344,87.1286392211914,57.046051025390625,23.476226806640625,33.47446823120117,138.82693481445312,114.56256103515625,50.40193557739258,133.0023651123047,83.08341979980469,454.01385498046875,40.82740020751953,122.71766662597656,43.0692138671875,38.10655975341797,33.79752731323242,121.40252685546875,99.14338684082031,154.27999877929688,78.7699966430664,234.4499969482422,632.0800170898438,58.54499816894531,34.209999084472656,69.98999786376953,50.470001220703125,105.86000061035156,162.82000732421875,54.52000045776367,114.75,365.5299987792969,24.899999618530273,155.6300048828125,142.16000366210938,316.6199951171875,126.58000183105469,109.36000061035156,96.69999694824219,57.900001525878906,23.500999450683594,40.779998779296875,157.6999969482422,123.41999816894531,54.400001525878906,136.14332580566406,87.30000305175781,483.32000732421875,47.58000183105469,135.0500030517578,46.779998779296875,42.45500183105469,35.650001525878906,128.1199951171875,110.55000305175781,154.75,80.12000274658203,235.22000122070312,639.3699951171875,58.97999954223633,34.689998626708984,70.41000366210938,51.189998626708984,106.18000030517578,163.3699951171875,55.27000045776367,115.19999694824219,370.29998779296875,25.579999923706055,156.89999389648438,143.30999755859375,323.3999938964844,127.58000183105469,110.12999725341797,98.4800033569336,59.560001373291016,23.8799991607666,41.72999954223633,161.14999389648438,126.5999984741211,54.529998779296875,137.7100067138672,88.8499984741211,490.94000244140625,48.2400016784668,135.4199981689453,47.43000030517578,42.63999938964844,36.04999923706055,129.57000732421875,111.26000213623047,153.10000610351562,78.52999877929688,232.88999938964844,626.260009765625,58.42599868774414,34.16999816894531,69.7300033569336,50.38999938964844,103.44000244140625,161.9199981689453,54.2599983215332,113.0999984741211,364.510009765625,24.8799991607666,155.0800018310547,141.72000122070312,315.8999938964844,125.33999633789062,108.5199966430664,96.58000183105469,57.83000183105469,23.45400047302246,40.72999954223633,157.2899932861328,123.04000091552734,53.38999938964844,136.0933380126953,87.23999786376953,481.9599914550781,47.47999954223633,132.52999877929688,46.720001220703125,42.10499954223633,35.58000183105469,127.83000183105469,109.95999908447266,153.25999450683594,79.63999938964844,235.22000122070312,631.4099731445312,58.58700180053711,34.45000076293945,70.29000091552734,50.5,105.16999816894531,163.00999450683594,55.119998931884766,114.48999786376953,368.2200012207031,25.549999237060547,156.4499969482422,142.11000061035156,322.6000061035156,125.5,110.02999877929688,98.41000366210938,59.16999816894531,23.670000076293945,41.439998626708984,160.07000732421875,126.5,54.029998779296875,137.69000244140625,88.69999694824219,488.7699890136719,47.93000030517578,133.10000610351562,46.939998626708984,42.415000915527344,35.9900016784668,129.2100067138672,110.80000305175781,6828800,45617300,1723000,804500,18321000,30137500,4990700,14190200,7429300,6386800,9624200,4772200,2842400,37657000,7267100,10014700,3043500,3057500,5654800,5645000,8514000,452994000,26370300,1488300,7787200,6287000,2040900,10609400,3006200,4260200,2901900,15468200,30676400,31664600,6463900,11710500
2023-02-28,136.94979858398438,78.58000183105469,209.29605102539062,600.245849609375,56.70187759399414,31.526268005371094,59.53364181518555,45.4472541809082,92.7260513305664,140.3152618408203,47.495304107666016,100.0794448852539,324.4227600097656,24.33236312866211,140.1603240966797,132.837158203125,303.8672180175781,115.44062042236328,96.24444580078125,86.94841766357422,56.96723937988281,23.191526412963867,33.302093505859375,139.0205841064453,114.66465759277344,49.29938888549805,133.45826721191406,82.86453247070312,447.0814208984375,40.956119537353516,119.70081329345703,43.06000900268555,37.55903625488281,33.8638916015625,120.5023422241211,98.56939697265625,153.89999389648438,78.58000183105469,231.66000366210938,617.72998046875,59.42900085449219,34.29999923706055,68.95999908447266,50.689998626708984,103.3499984741211,160.77000427246094,53.91999816894531,113.0199966430664,351.6499938964844,24.93000030517578,153.25999450683594,143.35000610351562,311.2200012207031,123.5999984741211,106.23999786376953,96.5,57.81999969482422,23.215999603271484,40.56999969482422,157.9199981689453,123.52999877929688,53.209999084472656,136.61000061035156,87.06999969482422,475.94000244140625,47.72999954223633,131.72999572753906,46.77000045776367,41.845001220703125,35.720001220703125,127.16999816894531,109.91000366210938,154.3699951171875,80.13999938964844,234.47000122070312,625.25,59.858001708984375,34.4900016784668,69.94000244140625,50.869998931884766,107.30999755859375,164.32000732421875,55.130001068115234,115.93000030517578,366.010009765625,25.1200008392334,155.27000427246094,143.75999450683594,315.489990234375,127.79000091552734,108.83999633789062,97.29000091552734,58.7400016784668,23.825000762939453,40.709999084472656,158.8800048828125,125.0999984741211,55.290000915527344,138.4566650390625,88.1500015258789,483.3599853515625,48.04999923706055,137.1999969482422,47.029998779296875,42.900001525878906,35.900001525878906,127.91000366210938,111.36000061035156,152.6199951171875,77.41999816894531,231.60000610351562,610.1400146484375,58.21799850463867,34.18000030517578,68.81999969482422,50.25,103.30999755859375,160.27999877929688,53.880001068115234,112.66999816894531,351.3299865722656,24.729999542236328,153.0399932861328,141.89999389648438,309.6400146484375,123.54000091552734,106.16000366210938,96.26000213623047,57.400001525878906,23.20599937438965,40.09000015258789,157.41000366210938,122.91999816894531,53.20000076293945,135.53334045410156,86.9000015258789,473.9200134277344,47.58000183105469,131.58999633789062,46.540000915527344,41.810001373291016,35.61000061035156,127.05999755859375,109.22000122070312,153.9600067138672,77.87000274658203,233.6300048828125,612.4500122070312,58.555999755859375,34.349998474121094,69.80000305175781,50.47999954223633,106.66000366210938,164.32000732421875,54.970001220703125,115.81999969482422,366.0,24.940000534057617,154.97999572753906,142.94000244140625,315.489990234375,127.72000122070312,108.83000183105469,97.12000274658203,57.63999938964844,23.371999740600586,40.5,158.55999755859375,123.62000274658203,54.9900016784668,135.82666015625,87.13999938964844,482.6700134277344,47.70000076293945,136.8300018310547,46.66999816894531,42.8849983215332,35.70000076293945,127.83000183105469,111.23999786376953,7561700,44220100,2615700,1381700,27822000,32620600,8697900,12932400,8771800,10854200,10887300,4907100,4945600,50255300,9062300,11019800,3966900,5774400,10209900,6745300,10493300,455963000,31086900,2740900,6491800,10634200,1582500,7520400,3902100,6209100,5428000,18627200,38007600,32531400,10282800,18107000
2023-03-01,138.16888427734375,78.29000091552734,213.3887481689453,597.544677734375,56.633174896240234,31.37920379638672,59.878971099853516,46.17347717285156,95.32793426513672,141.4324188232422,48.21760559082031,104.49810791015625,321.7095642089844,24.722774505615234,139.529296875,132.09580993652344,306.74749755859375,120.6615982055664,96.6158676147461,86.66910552978516,56.49431610107422,22.674076080322266,32.98195266723633,136.63490295410156,115.50518798828125,50.855918884277344,133.49411010742188,84.14930725097656,446.405029296875,40.595726013183594,126.57048034667969,42.977149963378906,38.29953384399414,33.75012969970703,120.30337524414062,99.44827270507812,155.27000427246094,78.29000091552734,236.19000244140625,614.9500122070312,59.356998443603516,34.13999938964844,69.36000061035156,51.5,106.25,162.0500030517578,54.7400016784668,118.01000213623047,346.2300109863281,25.329999923706055,152.57000732421875,142.5500030517578,314.1700134277344,129.19000244140625,106.6500015258789,96.19000244140625,57.34000015258789,22.697999954223633,40.18000030517578,155.2100067138672,123.68000030517578,54.88999938964844,136.64666748046875,88.41999816894531,475.2200012207031,47.310001373291016,139.2899932861328,46.68000030517578,42.66999816894531,35.599998474121094,126.95999908447266,110.88999938964844,155.5800018310547,80.29000091552734,236.44000244140625,623.1199951171875,59.82099914550781,34.4900016784668,69.79000091552734,51.540000915527344,107.68000030517578,163.58999633789062,55.04999923706055,118.68000030517578,352.5400085449219,25.920000076293945,153.24000549316406,143.4600067138672,316.9100036621094,129.97000122070312,107.55000305175781,96.76000213623047,58.54999923706055,23.256000518798828,40.7599983215332,157.30999755859375,125.47000122070312,55.15999984741211,138.31333923339844,90.04000091552734,478.4100036621094,47.45000076293945,139.75999450683594,46.91999816894531,42.8849983215332,35.7599983215332,127.23999786376953,111.86000061035156,152.3699951171875,77.87999725341797,230.13999938964844,611.9600219726562,59.029998779296875,33.97999954223633,68.61000061035156,50.29999923706055,103.2300033569336,160.58999633789062,53.560001373291016,112.87000274658203,345.9599914550781,24.969999313354492,151.91000366210938,141.8000030517578,309.20001220703125,123.05999755859375,105.95999908447266,95.26000213623047,57.220001220703125,22.507999420166016,40.13999938964844,154.2899932861328,122.9800033569336,53.119998931884766,136.10667419433594,88.2699966430664,472.0,46.900001525878906,131.67999267578125,46.25,41.724998474121094,35.459999084472656,126.41000366210938,109.23999786376953,152.75999450683594,78.55000305175781,230.3699951171875,621.0700073242188,59.400001525878906,34.150001525878906,68.69999694824219,50.459999084472656,103.7300033569336,160.9199981689453,53.81999969482422,113.33000183105469,349.3900146484375,25.030000686645508,153.00999450683594,142.10000610351562,310.0,123.66999816894531,105.95999908447266,95.95999908447266,57.86000061035156,23.191999435424805,40.560001373291016,156.97999572753906,123.77999877929688,53.25,137.1133270263672,89.04000091552734,473.6099853515625,47.189998626708984,132.5,46.5,41.880001068115234,35.560001373291016,126.55999755859375,109.30999755859375,5485800,44266000,2441300,794300,15484000,29281600,5883400,15966000,6064700,7470400,9308100,4942200,2717400,47823400,6767000,7139200,3580800,4295300,6099000,5429600,9141400,460026000,21104400,2504800,5530600,7166500,1922400,8176700,2996900,7123400,5042000,13382200,37094000,32790300,11101000,13200000
2023-03-02,137.37692260742188,80.44000244140625,212.07870483398438,606.503662109375,57.117862701416016,30.98141860961914,59.732200622558594,46.083824157714844,97.19412994384766,141.87750244140625,49.0632209777832,106.9686508178711,324.37628173828125,25.571918487548828,139.41957092285156,130.72433471679688,307.6066589355469,121.07255554199219,96.94200897216797,86.56999206542969,55.59772872924805,23.2894229888916,33.34313201904297,132.2596893310547,115.59857940673828,51.23578643798828,134.56222534179688,84.72985076904297,448.7347106933594,39.737640380859375,126.51595306396484,42.16694641113281,38.63611602783203,33.58896255493164,121.04247283935547,99.9056625366211,154.3800048828125,80.44000244140625,234.74000549316406,624.1699829101562,59.8650016784668,33.4900016784668,69.19000244140625,51.400001525878906,108.33000183105469,162.55999755859375,55.70000076293945,120.80000305175781,349.1000061035156,26.200000762939453,152.4499969482422,141.07000732421875,315.04998779296875,129.6300048828125,107.01000213623047,96.08000183105469,56.43000030517578,23.31399917602539,40.619998931884766,150.24000549316406,123.77999877929688,55.29999923706055,137.74000549316406,89.02999877929688,477.70001220703125,46.310001373291016,139.22999572753906,45.79999923706055,43.04499816894531,35.43000030517578,127.73999786376953,111.4000015258789,155.77000427246094,80.91999816894531,236.3699951171875,625.0900268554688,60.09400177001953,33.70000076293945,69.72000122070312,51.45000076293945,108.95999908447266,163.49000549316406,56.0,121.72000122070312,349.7799987792969,26.299999237060547,152.75999450683594,142.42999267578125,316.29998779296875,130.39999389648438,107.37000274658203,96.37000274658203,56.70000076293945,23.3799991607666,40.779998779296875,154.3000030517578,124.26000213623047,55.47999954223633,138.39666748046875,89.33999633789062,480.42999267578125,47.18000030517578,139.72000122070312,46.619998931884766,43.20500183105469,35.470001220703125,128.10000610351562,111.69999694824219,154.2100067138672,76.6500015258789,233.89999389648438,603.22998046875,58.612998962402344,33.0,68.98999786376953,50.459999084472656,105.77999877929688,161.58999633789062,54.20000076293945,117.5199966430664,340.489990234375,25.1200008392334,151.22999572753906,139.5399932861328,310.5299987792969,127.87999725341797,106.0999984741211,94.4800033569336,54.720001220703125,22.43199920654297,39.810001373291016,148.5399932861328,120.86000061035156,54.04999923706055,133.47666931152344,87.12000274658203,473.25,45.900001525878906,137.33999633789062,45.380001068115234,42.459999084472656,35.0099983215332,126.38999938964844,110.16999816894531,155.22999572753906,77.56999969482422,236.1199951171875,606.3200073242188,58.93899917602539,33.65999984741211,69.2300033569336,51.18000030517578,106.06999969482422,161.97999572753906,54.25,117.54000091552734,343.989990234375,25.209999084472656,151.75,142.24000549316406,311.7900085449219,128.7100067138672,106.62999725341797,95.44999694824219,55.5,22.488000869750977,40.060001373291016,153.85000610351562,122.16000366210938,54.619998931884766,134.52000427246094,87.63999938964844,475.2099914550781,47.18000030517578,138.5,46.459999084472656,42.595001220703125,35.38999938964844,126.38999938964844,110.62000274658203,4567800,60108600,1777100,795800,27525000,44607200,6068900,18104500,5458600,5582000,8660000,5850900,3259800,48309300,8762500,11106800,2885200,3054000,5097500,4632400,16625500,389415000,19110600,3523000,5258900,5668300,3108300,9761600,2188800,6437000,3473400,19115000,32798600,38401900,10203100,10339900
2023-03-03,138.8719024658203,81.5199966430664,212.1419677734375,619.33984375,60.372337341308594,31.601226806640625,59.82716751098633,46.93556213378906,97.47227478027344,143.97216796875,49.91763687133789,107.82758331298828,331.8004150390625,25.76712417602539,140.85536193847656,133.12440490722656,310.90679931640625,124.68707275390625,96.82423400878906,88.59729766845703,55.942562103271484,23.86481475830078,33.77819061279297,134.59254455566406,115.43047332763672,51.875083923339844,136.6365509033203,85.45314025878906,449.54254150390625,40.424102783203125,128.27879333496094,43.133663177490234,39.16120910644531,34.11985778808594,122.3974838256836,101.17017364501953,156.05999755859375,81.5199966430664,234.80999755859375,637.3800048828125,63.2760009765625,34.15999984741211,69.30000305175781,52.349998474121094,108.63999938964844,164.9600067138672,56.66999816894531,121.7699966430664,357.0899963378906,26.399999618530273,154.02000427246094,143.66000366210938,318.42999267578125,133.5,106.87999725341797,98.33000183105469,56.779998779296875,23.889999389648438,41.150001525878906,152.88999938964844,123.5999984741211,55.9900016784668,139.8633270263672,89.79000091552734,478.55999755859375,47.11000061035156,141.1699981689453,46.849998474121094,43.630001068115234,35.9900016784668,129.1699981689453,112.80999755859375,156.1699981689453,81.62999725341797,235.88999938964844,637.6699829101562,63.573001861572266,34.290000915527344,69.41999816894531,52.38999938964844,109.08000183105469,165.5800018310547,57.130001068115234,122.0,357.7699890136719,26.479999542236328,154.1199951171875,143.74000549316406,320.1600036621094,134.13999938964844,107.38999938964844,98.44000244140625,56.869998931884766,23.899999618530273,41.18000030517578,153.47999572753906,124.20999908447266,56.13999938964844,140.01666259765625,89.8499984741211,479.1000061035156,47.15999984741211,142.2899932861328,46.97999954223633,43.845001220703125,36.0,129.22000122070312,113.37000274658203,154.00999450683594,79.33999633789062,233.60000610351562,621.77001953125,61.57500076293945,33.650001525878906,68.80999755859375,51.47999954223633,105.81999969482422,160.4199981689453,54.779998779296875,118.7300033569336,349.55999755859375,26.010000228881836,152.83999633789062,141.0800018310547,315.239990234375,128.77999877929688,106.12999725341797,96.44999694824219,55.439998626708984,23.1299991607666,40.7400016784668,151.11000061035156,121.66999816894531,54.189998626708984,136.67333984375,87.87999725341797,474.2200012207031,46.380001068115234,137.1199951171875,45.90999984741211,42.5,35.5,127.69000244140625,109.94999694824219,154.3300018310547,80.4000015258789,235.0,625.3499755859375,61.77000045776367,33.650001525878906,69.36000061035156,51.47999954223633,106.2699966430664,160.8699951171875,54.90999984741211,119.0199966430664,350.6400146484375,26.200000762939453,153.3699951171875,141.50999450683594,316.3699951171875,129.52000427246094,107.37999725341797,96.55000305175781,56.459999084472656,23.31999969482422,40.90999984741211,151.61000061035156,123.98999786376953,54.4900016784668,137.7100067138672,88.66999816894531,477.94000244140625,46.52000045776367,137.55999755859375,46.02000045776367,42.529998779296875,35.56999969482422,128.3300018310547,110.05000305175781,4851200,54536200,2214500,1024100,46088000,39109100,6540100,15879900,7075100,6007500,10997800,4824800,2396200,36744900,5747200,9513100,3002800,3651800,6124300,6504000,13769200,412393000,20922000,2465800,7052100,6726500,2408700,10844000,2863300,4566900,3703700,14947200,50675200,33091600,10048000,13006700
2023-03-06,138.17782592773438,81.16000366210938,212.41299438476562,603.394287109375,60.38760757446289,31.536466598510742,59.48184585571289,46.78314208984375,98.29769134521484,145.02822875976562,49.759090423583984,107.06607055664062,331.7632751464844,25.36695098876953,142.2637176513672,132.34603881835938,311.42431640625,123.21138763427734,100.6471939086914,88.64234924316406,55.99184036254883,23.529170989990234,33.74535369873047,134.40769958496094,114.31914520263672,51.28211212158203,135.04736328125,85.25328826904297,451.6278991699219,40.43268585205078,126.93397521972656,42.93111801147461,39.17915725708008,34.14830017089844,122.34062194824219,102.06698608398438,155.27999877929688,81.16000366210938,235.11000061035156,620.969970703125,63.29199981689453,34.09000015258789,68.9000015258789,52.18000030517578,109.55999755859375,166.1699981689453,56.4900016784668,120.91000366210938,357.04998779296875,25.989999771118164,155.55999755859375,142.82000732421875,318.9599914550781,131.9199981689453,111.0999984741211,98.37999725341797,56.83000183105469,23.554000854492188,41.11000061035156,152.67999267578125,122.41000366210938,55.349998474121094,138.23666381835938,89.58000183105469,480.7799987792969,47.119998931884766,139.69000244140625,46.630001068115234,43.650001525878906,36.02000045776367,129.11000061035156,113.80999755859375,156.4600067138672,83.30000305175781,235.6300048828125,633.1099853515625,64.40499877929688,34.560001373291016,69.66000366210938,52.45000076293945,109.5999984741211,166.8000030517578,56.79999923706055,121.5199966430664,358.8599853515625,26.540000915527344,155.72999572753906,144.0399932861328,320.239990234375,133.24000549316406,111.23999786376953,99.19999694824219,58.650001525878906,24.24799919128418,41.2599983215332,155.33999633789062,125.16999816894531,55.72999954223633,141.4600067138672,91.33000183105469,484.3500061035156,47.560001373291016,140.27999877929688,47.18000030517578,43.720001220703125,36.2400016784668,129.6999969482422,113.83999633789062,154.5399932861328,81.04000091552734,233.63999938964844,619.8499755859375,63.17300033569336,33.9900016784668,68.7300033569336,52.0099983215332,107.0999984741211,163.80999755859375,55.869998931884766,118.91999816894531,353.7300109863281,25.93000030517578,154.57000732421875,142.66000366210938,316.5,130.63999938964844,107.44999694824219,98.0999984741211,56.540000915527344,23.48699951171875,40.81999969482422,152.6300048828125,122.02999877929688,54.939998626708984,137.9066619873047,89.51000213623047,479.0,47.0,138.2899932861328,46.5099983215332,43.21500015258789,35.90999984741211,128.80999755859375,111.87000274658203,155.7899932861328,82.02999877929688,235.0,627.3200073242188,63.5,34.2400016784668,69.37000274658203,52.36000061035156,107.58000183105469,164.33999633789062,56.15999984741211,121.0,358.05999755859375,26.469999313354492,154.66000366210938,143.44000244140625,316.94000244140625,132.2100067138672,107.66000366210938,98.44000244140625,57.279998779296875,23.891000747680664,41.09000015258789,153.8800048828125,124.27999877929688,55.470001220703125,140.25332641601562,90.08000183105469,481.3699951171875,47.18000030517578,139.1999969482422,46.880001068115234,43.38999938964844,36.0099983215332,129.25999450683594,111.98999786376953,4051900,54541300,2591000,1403000,24983000,36646700,7000100,12693300,6200900,7703600,8926300,3893100,1614200,37879800,8148200,9261300,2673700,3271300,17776600,5215200,14472200,437429000,19434800,2454200,7031300,6116600,2177100,9960000,3812700,5604200,3413900,14236000,33898400,30111100,8153400,14347400
2023-03-07,136.08663940429688,82.11000061035156,206.63986206054688,591.8698120117188,59.64625549316406,30.528118133544922,58.70486831665039,45.79691696166992,96.58403778076172,143.16049194335938,48.473045349121094,104.719482421875,321.5701904296875,24.917980194091797,140.9193878173828,128.4540252685547,303.2911071777344,121.61424255371094,100.80118560791016,86.55195617675781,54.74055480957031,23.26740074157715,33.11330032348633,128.28065490722656,111.31194305419922,50.068397521972656,133.6243438720703,84.55854034423828,445.1462707519531,39.12839889526367,124.45323944091797,40.92403793334961,38.497005462646484,33.26662826538086,120.36968994140625,100.09400939941406,152.92999267578125,82.11000061035156,228.72000122070312,609.1099853515625,62.51499938964844,33.0,68.0,51.08000183105469,107.6500015258789,164.02999877929688,55.029998779296875,118.26000213623047,346.0799865722656,25.530000686645508,154.08999633789062,138.6199951171875,310.6300048828125,130.2100067138672,111.2699966430664,96.05999755859375,55.560001373291016,23.288000106811523,40.34000015258789,145.72000122070312,119.19000244140625,54.040000915527344,136.77999877929688,88.8499984741211,473.8800048828125,45.599998474121094,136.9600067138672,44.45000076293945,42.88999938964844,35.09000015258789,127.02999877929688,111.61000061035156,155.6699981689453,84.8499984741211,235.1999969482422,621.739990234375,63.577999114990234,33.900001525878906,69.20999908447266,52.130001068115234,108.91999816894531,166.60000610351562,56.34000015258789,120.54000091552734,356.20001220703125,25.989999771118164,156.25,142.30999755859375,320.3500061035156,132.67999267578125,112.18000030517578,98.26000213623047,56.72999954223633,24.125,41.130001068115234,151.64999389648438,122.5,55.06999969482422,138.96665954589844,90.23999786376953,483.82000732421875,46.810001373291016,140.0,46.27000045776367,43.5,35.91999816894531,129.52000427246094,113.16999816894531,152.0500030517578,80.66999816894531,228.35000610351562,605.2999877929688,62.35100173950195,32.79999923706055,67.44000244140625,50.72999954223633,106.66999816894531,163.5800018310547,54.7599983215332,117.80999755859375,345.6300048828125,25.5,153.35000610351562,137.80999755859375,309.6000061035156,129.3000030517578,110.72000122070312,95.97000122070312,55.310001373291016,23.240999221801758,40.099998474121094,145.14999389648438,118.27999877929688,54.0,136.22999572753906,88.30000305175781,472.55999755859375,45.470001220703125,135.91000366210938,44.119998931884766,42.779998779296875,35.0,126.80999755859375,111.16999816894531,155.57000732421875,81.06999969482422,235.11000061035156,619.3499755859375,63.48699951171875,33.849998474121094,69.18000030517578,51.79999923706055,108.58999633789062,165.6999969482422,56.11000061035156,119.80000305175781,355.54998779296875,25.84000015258789,156.08999633789062,142.00999450683594,319.0,131.55999755859375,111.7699966430664,98.0,56.5,23.600000381469727,41.060001373291016,151.32000732421875,122.4800033569336,55.02000045776367,138.38333129882812,89.94999694824219,482.9800109863281,46.790000915527344,139.02999877929688,46.189998626708984,43.38999938964844,35.88999938964844,129.3699951171875,112.80999755859375,4606900,70959000,2362200,1033000,19334000,52855300,8135800,30953800,4973200,7393000,9492500,3020700,2048500,43164600,7457700,11747600,2620800,3592500,13805300,5461400,13278300,515154000,23205800,3520400,8879700,6908500,1899000,8761100,2589200,6072200,3577600,24056800,37000400,53804400,9604400,11525300
2023-03-08,133.12338256835938,85.37000274658203,206.3778839111328,601.8687133789062,60.32463073730469,30.121078491210938,58.09192657470703,45.43828582763672,96.20721435546875,142.25282287597656,48.006202697753906,104.3387222290039,324.5528869628906,25.357192993164062,139.88597106933594,127.69416809082031,305.1560363769531,119.4287338256836,98.0925064086914,86.40782165527344,56.05094909667969,24.159610748291016,32.93271255493164,127.7612533569336,113.1891098022461,49.605140686035156,137.17706298828125,86.44291687011719,442.06524658203125,39.034019470214844,120.64588165283203,40.3624267578125,38.10206604003906,33.14337921142578,119.72534942626953,98.6321792602539,149.60000610351562,85.37000274658203,228.42999267578125,619.4000244140625,63.22600173950195,32.560001373291016,67.29000091552734,50.68000030517578,107.2300033569336,162.99000549316406,54.5,117.83000183105469,349.2900085449219,25.979999542236328,152.9600067138672,137.8000030517578,312.5400085449219,127.87000274658203,108.27999877929688,95.9000015258789,56.88999938964844,24.180999755859375,40.119998931884766,145.1300048828125,121.19999694824219,53.540000915527344,140.4166717529297,90.83000183105469,470.6000061035156,45.4900016784668,132.77000427246094,43.84000015258789,42.45000076293945,34.959999084472656,126.3499984741211,109.9800033569336,153.74000549316406,85.7699966430664,231.8000030517578,620.5499877929688,63.27299880981445,32.970001220703125,68.05000305175781,51.27000045776367,108.52999877929688,165.2899932861328,55.58000183105469,119.58000183105469,349.69000244140625,26.010000228881836,154.1999969482422,138.58999633789062,313.0299987792969,131.75999450683594,111.27999877929688,96.5,56.91999816894531,24.200000762939453,40.56999969482422,146.32000732421875,121.75,54.2599983215332,140.57000732421875,90.83999633789062,475.3900146484375,46.02000045776367,138.00999450683594,44.560001373291016,43.244998931884766,35.2400016784668,127.16000366210938,112.41999816894531,148.5399932861328,82.27999877929688,227.3699951171875,609.030029296875,62.367000579833984,32.439998626708984,66.94000244140625,50.29999923706055,105.76000213623047,161.3800048828125,54.0099983215332,116.69999694824219,345.1700134277344,25.450000762939453,152.47999572753906,136.88999938964844,309.32000732421875,125.62999725341797,107.58999633789062,95.36000061035156,55.349998474121094,23.423999786376953,39.90999984741211,144.22000122070312,119.3499984741211,52.31999969482422,137.3300018310547,88.13999938964844,466.760009765625,45.2400016784668,130.1300048828125,43.599998474121094,42.040000915527344,34.779998779296875,125.83999633789062,109.06999969482422,152.7899932861328,82.79000091552734,230.16000366210938,611.7999877929688,62.77799987792969,32.65999984741211,67.91000366210938,51.060001373291016,107.0,163.22999572753906,54.689998626708984,117.5,346.19000244140625,25.559999465942383,153.97999572753906,138.0,310.5,130.0,110.93000030517578,95.63999938964844,55.84000015258789,23.48699951171875,40.31999969482422,145.1699981689453,119.55000305175781,53.709999084472656,137.3300018310547,88.3499984741211,471.75,45.54999923706055,136.4600067138672,44.2599983215332,42.70000076293945,35.04999923706055,126.7699966430664,111.2300033569336,5860100,69529800,1842200,1081800,20912000,40045600,5962900,12847700,4576800,5435800,8379100,2807500,1584600,36071900,6230500,10002500,2313200,3516700,8440800,4121300,11515700,513573000,16756100,2574700,7633900,7555000,2088300,8813000,3036600,4651200,5029800,14852000,39399000,50860300,10793200,13509800
2023-03-09,131.12118530273438,84.02999877929688,203.99273681640625,587.6236572265625,59.39532470703125,28.25238609313965,57.41853713989258,43.57341766357422,94.93317413330078,140.08834838867188,46.66730880737305,101.83274841308594,317.8627624511719,25.80616569519043,138.31297302246094,120.78125762939453,309.36419677734375,119.90507507324219,97.47647857666016,83.07403564453125,54.779972076416016,23.415271759033203,32.39094924926758,121.37010955810547,109.4721450805664,48.35435485839844,134.4514617919922,84.58710479736328,436.72021484375,36.29674530029297,120.20062255859375,37.867401123046875,37.56352996826172,31.797161102294922,118.51245880126953,97.86988067626953,147.35000610351562,84.02999877929688,225.7899932861328,604.739990234375,62.25199890136719,30.540000915527344,66.51000213623047,48.599998474121094,105.80999755859375,160.50999450683594,52.97999954223633,115.0,342.0899963378906,26.440000534057617,151.24000549316406,130.33999633789062,316.8500061035156,128.3800048828125,107.5999984741211,92.19999694824219,55.599998474121094,23.43600082397461,39.459999084472656,137.8699951171875,117.22000122070312,52.189998626708984,137.6266632080078,88.87999725341797,464.9100036621094,42.29999923706055,132.27999877929688,41.130001068115234,41.849998474121094,33.540000915527344,125.06999969482422,109.12999725341797,150.91000366210938,87.80999755859375,229.8300018310547,623.8900146484375,64.24400329589844,32.38999938964844,67.72000122070312,50.83000183105469,109.25,165.49000549316406,55.369998931884766,119.5199966430664,354.2900085449219,26.979999542236328,153.60000610351562,137.35000610351562,318.7699890136719,132.4499969482422,109.9000015258789,95.94999694824219,57.560001373291016,24.45400047302246,40.56999969482422,143.97999572753906,121.91999816894531,54.439998626708984,142.41000366210938,90.69000244140625,473.95001220703125,45.20000076293945,138.6999969482422,43.529998779296875,43.29499816894531,34.81999969482422,127.05000305175781,112.2300033569336,146.57000732421875,83.58999633789062,225.39999389648438,604.5599975585938,62.1879997253418,30.309999465942383,66.33000183105469,48.40999984741211,105.36000061035156,160.19000244140625,52.849998474121094,114.37000274658203,341.04998779296875,25.969999313354492,150.7100067138672,129.22000122070312,312.30999755859375,128.25,107.11000061035156,91.7699966430664,55.540000915527344,23.382999420166016,39.310001373291016,137.4600067138672,116.94000244140625,52.099998474121094,137.4166717529297,88.56999969482422,463.75,42.16999816894531,132.1300048828125,40.83000183105469,41.84000015258789,33.369998931884766,124.55999755859375,109.02999877929688,150.07000732421875,85.29000091552734,229.49000549316406,617.0700073242188,63.007999420166016,32.279998779296875,67.5999984741211,50.58000183105469,107.91999816894531,163.7899932861328,54.81999969482422,118.26000213623047,349.20001220703125,25.979999542236328,153.4600067138672,136.75999450683594,312.30999755859375,128.9499969482422,109.30000305175781,95.36000061035156,56.63999938964844,24.174999237060547,40.40999984741211,143.97999572753906,121.27999877929688,53.900001525878906,140.23666381835938,89.70999908447266,473.95001220703125,45.11000061035156,134.0,43.439998626708984,42.69499969482422,34.7599983215332,126.83999633789062,110.87000274658203,5350200,79496700,1736900,983800,21775000,112457900,7553600,29460100,5191600,6214700,9275200,4649300,3177800,54886100,7439400,25888100,3920300,3370600,5842500,9162400,10200000,501257000,18585100,4320000,8055500,8844300,3889800,10354700,2780400,10961800,4912700,33599800,37888200,107108500,13270300,12961200
2023-03-10,133.22128295898438,82.66999816894531,205.8719482421875,584.193603515625,58.661624908447266,28.00261116027832,56.7278938293457,43.34030532836914,93.50662231445312,139.35519409179688,45.592674255371094,99.33563232421875,304.4639892578125,26.56746482849121,138.65133666992188,123.84850311279297,307.577392578125,120.06385040283203,97.55802154541016,81.13684844970703,54.11986541748047,22.94468879699707,32.33348846435547,120.7450942993164,107.57634735107422,47.2518196105957,131.8528289794922,83.03582000732422,433.9580383300781,34.85517120361328,120.0915756225586,38.07914733886719,37.08332443237305,31.21886444091797,117.64070129394531,96.6591796875,149.7100067138672,82.66999816894531,227.8699951171875,601.2100219726562,61.483001708984375,30.270000457763672,65.70999908447266,48.34000015258789,104.22000122070312,159.6699981689453,51.7599983215332,112.18000030517578,327.6700134277344,27.219999313354492,151.61000061035156,133.64999389648438,315.0199890136719,128.5500030517578,107.69000244140625,90.05000305175781,54.93000030517578,22.96500015258789,39.38999938964844,137.16000366210938,115.19000244140625,51.0,134.96665954589844,87.25,460.3299865722656,40.619998931884766,132.16000366210938,41.36000061035156,41.314998626708984,32.93000030517578,124.1500015258789,107.77999877929688,150.63999938964844,85.44999694824219,230.27999877929688,617.3499755859375,63.01599884033203,31.040000915527344,67.41000366210938,49.380001068115234,107.33000183105469,164.6699981689453,53.66999816894531,115.88999938964844,339.92999267578125,27.520000457763672,153.49000549316406,135.25999450683594,326.5299987792969,132.02000427246094,110.72000122070312,93.01000213623047,56.5099983215332,23.62700080871582,39.93000030517578,141.63999938964844,118.2300033569336,52.95000076293945,138.72332763671875,89.16999816894531,468.8599853515625,42.060001373291016,136.55999755859375,42.36000061035156,42.439998626708984,33.720001220703125,125.9000015258789,111.04000091552734,147.47000122070312,81.62999725341797,225.6300048828125,599.4299926757812,61.28200149536133,28.920000076293945,65.43000030517578,47.130001068115234,103.5999984741211,158.6699981689453,51.34000015258789,111.5199966430664,326.0299987792969,26.31999969482422,151.10000610351562,127.81999969482422,314.3399963378906,128.02999877929688,107.33999633789062,89.2300033569336,54.529998779296875,22.72599983215332,39.22999954223633,132.3000030517578,114.52999877929688,50.65999984741211,134.32666015625,87.19999694824219,457.5899963378906,39.619998931884766,131.69000244140625,39.72999954223633,41.07500076293945,32.529998779296875,123.66999816894531,107.1500015258789,147.83999633789062,84.47000122070312,226.77000427246094,614.0999755859375,62.819000244140625,30.31999969482422,66.31999969482422,48.08000183105469,105.7300033569336,160.94000244140625,52.849998474121094,113.95999908447266,338.8699951171875,26.549999237060547,151.86000061035156,128.9600067138672,318.8500061035156,129.05999755859375,107.44000244140625,91.7699966430664,55.65999984741211,23.409000396728516,39.290000915527344,134.2100067138672,117.54000091552734,51.77000045776367,138.36666870117188,88.02999877929688,462.7699890136719,40.880001068115234,132.77999877929688,40.58000183105469,41.849998474121094,33.150001525878906,124.86000061035156,109.55999755859375,6825500,70273600,2661800,1043500,26098000,165330900,10282400,29770800,5313100,7385800,12351100,4313000,4559700,65187000,8504300,37599700,4597300,3746700,9738500,16206500,14180700,474866000,26328100,6957800,6884500,8608400,3320700,11928800,3787500,23573700,3856000,55435400,56624800,166569400,20483200,15795700
2023-03-13,135.2145538330078,82.01000213623047,210.66932678222656,587.6625366210938,58.81808853149414,26.37444496154785,56.9782600402832,40.11265182495117,90.33052825927734,138.51736450195312,44.02477264404297,96.6082763671875,293.1651916503906,26.303939819335938,139.9774169921875,121.62451171875,316.8236999511719,115.6087417602539,95.78242492675781,79.28074645996094,53.10505294799805,22.94568634033203,32.71928024291992,114.49480438232422,106.86658477783203,45.25056076049805,131.8918914794922,83.50215911865234,437.11614990234375,31.35420799255371,116.41139221191406,35.363155364990234,36.329349517822266,29.98641586303711,118.7398681640625,95.54713439941406,151.9499969482422,82.01000213623047,233.17999267578125,604.780029296875,61.64699935913086,28.510000228881836,66.0,44.7400016784668,100.68000030517578,158.7100067138672,49.97999954223633,109.0999984741211,315.510009765625,26.950000762939453,153.05999755859375,131.25,324.489990234375,123.77999877929688,105.7300033569336,87.98999786376953,53.900001525878906,22.965999603271484,39.86000061035156,130.05999755859375,114.43000030517578,48.84000015258789,135.0066680908203,87.73999786376953,463.67999267578125,36.540000915527344,128.11000061035156,38.40999984741211,40.474998474121094,31.6299991607666,125.30999755859375,106.54000091552734,153.32000732421875,83.83000183105469,237.27000427246094,612.969970703125,62.43899917602539,29.719999313354492,67.08999633789062,47.2400016784668,103.58000183105469,160.9499969482422,51.06999969482422,112.30999755859375,326.1099853515625,27.309999465942383,155.91000366210938,133.8800048828125,331.79998779296875,126.41999816894531,108.83999633789062,90.18000030517578,54.54999923706055,23.29800033569336,40.5099983215332,132.97000122070312,116.23999786376953,50.4900016784668,136.6666717529297,89.0,470.3699951171875,38.400001525878906,130.3699951171875,40.54999923706055,41.20000076293945,32.31999969482422,127.0199966430664,107.86000061035156,149.0,78.5199966430664,230.5,589.8900146484375,60.6879997253418,27.8700008392334,65.27999877929688,44.599998474121094,99.56999969482422,153.8000030517578,49.02000045776367,106.83000183105469,314.5400085449219,26.610000610351562,151.57000732421875,129.41000366210938,317.239990234375,121.87000274658203,104.4000015258789,86.6500015258789,52.7599983215332,22.297000885009766,39.2599983215332,124.20999908447266,113.27999877929688,48.31999969482422,132.16000366210938,86.30999755859375,458.6499938964844,36.130001068115234,125.0199966430664,38.209999084472656,39.55500030517578,31.3700008392334,123.5999984741211,103.72000122070312,149.0,81.38999938964844,231.17999267578125,593.1199951171875,60.70899963378906,28.920000076293945,65.41000366210938,47.0,102.0,156.44000244140625,50.0,109.33000183105469,319.6700134277344,26.739999771118164,152.08999633789062,131.2100067138672,317.239990234375,124.97000122070312,104.47000122070312,88.54000091552734,53.970001220703125,22.75200080871582,39.2599983215332,129.3300018310547,113.76000213623047,49.369998931884766,133.55667114257812,86.37999725341797,458.6499938964844,38.04999923706055,128.39999389648438,39.79999923706055,40.2599983215332,31.760000228881836,123.75,105.33999633789062,7653800,65269100,3146000,966900,22364000,218403300,9598000,50709200,8789700,10106100,15449700,4301400,5660700,50977000,10799600,42901100,5275600,4107500,10687100,15175400,17365200,421890000,35299400,14700700,7673700,10914700,3512700,11847600,2971600,36746000,5199200,78806900,83327000,165965900,21294200,20745600
2023-03-14,136.90528869628906,87.44999694824219,208.32032775878906,602.7431640625,60.343711853027344,26.6057186126709,57.38400650024414,42.49752426147461,90.94062805175781,140.3065185546875,44.141357421875,96.69683074951172,299.3349304199219,27.33852767944336,140.763916015625,124.74739074707031,319.3427429199219,119.34468078613281,97.5794906616211,81.06477355957031,53.46958923339844,24.041717529296875,32.75212097167969,114.90853881835938,108.84644317626953,45.73234176635742,135.7475128173828,84.97730255126953,437.9645690917969,32.186546325683594,119.60089111328125,36.983551025390625,36.68838882446289,30.59316635131836,119.8011474609375,95.90585327148438,153.85000610351562,87.44999694824219,230.5800018310547,620.2999877929688,63.24599838256836,28.760000228881836,66.47000122070312,47.400001525878906,101.36000061035156,160.75999450683594,49.220001220703125,109.19999694824219,322.1499938964844,28.010000228881836,153.9199981689453,134.6199951171875,327.07000732421875,127.77999877929688,106.97000122070312,89.97000122070312,54.27000045776367,24.062999725341797,39.900001525878906,130.52999877929688,116.55000305175781,49.36000061035156,138.95333862304688,89.29000091552734,464.5799865722656,37.5099983215332,131.6199951171875,40.16999816894531,40.875,32.27000045776367,126.43000030517578,106.94000244140625,153.99000549316406,88.30000305175781,233.4600067138672,620.4500122070312,63.33700180053711,30.09000015258789,66.55999755859375,47.9900016784668,104.41999816894531,164.02000427246094,50.84000015258789,111.97000122070312,326.3800048828125,28.100000381469727,154.02999877929688,135.52999877929688,327.2799987792969,130.74000549316406,107.12999725341797,92.41000366210938,55.41999816894531,24.2189998626709,40.150001525878906,138.6999969482422,117.05999755859375,50.88999938964844,139.81333923339844,89.62999725341797,469.8399963378906,39.68000030517578,134.7100067138672,41.599998474121094,41.78499984741211,32.849998474121094,126.81999969482422,109.01000213623047,151.4600067138672,83.58999633789062,229.41000366210938,611.280029296875,61.849998474121094,28.469999313354492,65.76000213623047,46.560001373291016,99.62000274658203,157.8800048828125,48.310001373291016,106.70999908447266,318.95001220703125,27.25,151.89999389648438,131.2899932861328,321.44000244140625,124.29000091552734,104.5199966430664,89.12000274658203,53.70000076293945,23.459999084472656,39.52000045776367,126.94000244140625,113.91999816894531,48.45000076293945,136.7066650390625,87.70999908447266,459.04998779296875,36.900001525878906,129.05999755859375,39.369998931884766,40.154998779296875,31.8700008392334,125.16999816894531,104.95999908447266,151.9499969482422,83.66999816894531,233.4600067138672,617.489990234375,62.3390007019043,29.989999771118164,66.30000305175781,47.209999084472656,101.05000305175781,158.25999450683594,49.0099983215332,109.44000244140625,324.7699890136719,27.350000381469727,153.27999877929688,135.27999877929688,324.04998779296875,124.70999908447266,105.44999694824219,92.41000366210938,54.970001220703125,23.496000289916992,40.04999923706055,137.5,116.41000366210938,49.25,137.36000061035156,88.02999877929688,464.6499938964844,39.119998931884766,129.14999389648438,41.5,40.470001220703125,32.84000015258789,126.16000366210938,106.3499984741211,6644100,66616300,3227100,844600,25893000,154255800,9408400,42165900,7090800,10035200,12442500,4556500,3785900,47689800,8421200,29648100,4214300,4528100,9806900,11089300,14657000,474910000,24583600,8289500,8312100,10345900,2743200,11100100,3258200,28999400,4717300,52855100,61066400,128115500,14582900,18263500
2023-03-15,137.09213256835938,89.68000030517578,212.22329711914062,589.5184936523438,59.731170654296875,26.355941772460938,58.25595474243164,40.18437576293945,85.4497299194336,134.2320556640625,40.46440887451172,90.69126892089844,290.080322265625,27.728940963745117,141.1571502685547,118.85379028320312,321.68609619140625,114.5906982421875,98.18153381347656,76.93809509277344,53.3316650390625,24.206571578979492,33.064048767089844,110.08438873291016,107.85650634765625,41.989261627197266,134.16490173339844,82.51239776611328,438.7659606933594,30.41031837463379,112.97659301757812,35.768253326416016,34.71821594238281,29.777849197387695,119.6968994140625,91.13477325439453,154.05999755859375,89.68000030517578,234.89999389648438,606.6900024414062,62.604000091552734,28.489999771118164,67.4800033569336,44.81999969482422,95.23999786376953,153.8000030517578,45.119998931884766,101.4800033569336,312.19000244140625,28.40999984741211,154.35000610351562,128.25999450683594,329.4700012207031,122.69000244140625,107.62999725341797,85.38999938964844,54.130001068115234,24.22800064086914,40.279998779296875,125.05000305175781,115.48999786376953,45.31999969482422,137.3333282470703,86.69999694824219,465.42999267578125,35.439998626708984,124.33000183105469,38.849998474121094,38.68000030517578,31.40999984741211,126.31999969482422,101.62000274658203,154.3800048828125,90.41999816894531,235.57000732421875,609.0900268554688,63.00699996948242,28.559999465942383,67.72000122070312,45.5,98.70999908447266,157.9499969482422,47.27000045776367,105.80000305175781,312.510009765625,28.5,154.88999938964844,130.99000549316406,331.3599853515625,124.5,108.02999877929688,87.0199966430664,54.27000045776367,24.285999298095703,40.529998779296875,126.62000274658203,116.18000030517578,46.959999084472656,137.64666748046875,87.23999786376953,468.8800048828125,36.97999954223633,127.4800033569336,38.97999954223633,39.67499923706055,31.540000915527344,126.5,104.19999694824219,151.72999572753906,86.22000122070312,228.5500030517578,596.6099853515625,61.619998931884766,27.68000030517578,66.05999755859375,44.099998474121094,93.58999633789062,152.00999450683594,44.369998931884766,100.19000244140625,304.4100036621094,27.65999984741211,152.52999877929688,126.7300033569336,324.5,119.58999633789062,105.56999969482422,83.68000030517578,52.880001068115234,23.360000610351562,39.459999084472656,122.72000122070312,113.13999938964844,44.720001220703125,134.42999267578125,85.44000244140625,459.239990234375,35.15999984741211,122.7699966430664,38.08000183105469,38.119998931884766,30.959999084472656,124.83999633789062,100.22000122070312,152.17999267578125,86.7699966430664,230.39999389648438,600.719970703125,62.766998291015625,27.8799991607666,66.12000274658203,45.439998626708984,97.41999816894531,155.58999633789062,47.09000015258789,104.16999816894531,310.7699890136719,27.729999542236328,152.83999633789062,130.97999572753906,326.0,123.37999725341797,106.4800033569336,86.93000030517578,53.33000183105469,23.76099967956543,39.7599983215332,126.08999633789062,115.25,46.77000045776367,136.96665954589844,87.19999694824219,460.989990234375,36.29999923706055,126.69999694824219,38.29999923706055,39.375,31.360000610351562,125.06999969482422,102.81999969482422,6304600,86177400,3092300,1047200,22963000,131104400,10701900,41832800,10661200,14063100,23274200,6558500,6596700,49322800,7757700,34280600,4743500,6669100,10942700,14814000,14643600,524486000,25498400,7609800,8596900,18103300,3527100,12171500,3770200,33125800,8770700,47324600,115347000,132235000,17244600,25733800
2023-03-16,138.19557189941406,96.5999984741211,211.9251251220703,612.7128295898438,60.72917556762695,26.799985885620117,57.92789077758789,40.9016227722168,86.4905014038086,134.65968322753906,41.4957389831543,93.37232208251953,292.77490234375,29.45650863647461,140.86451721191406,121.16117858886719,321.7445983886719,116.89764404296875,97.91699981689453,78.39774322509766,55.73566818237305,25.51841163635254,33.13792419433594,114.54759979248047,112.54472351074219,42.78605270385742,139.40451049804688,85.42923736572266,444.97833251953125,31.199756622314453,115.55722045898438,36.182552337646484,35.095191955566406,30.346670150756836,120.81504821777344,90.60565185546875,155.3000030517578,96.5999984741211,234.57000732421875,630.5599975585938,63.650001525878906,28.969999313354492,67.0999984741211,45.619998931884766,96.4000015258789,154.2899932861328,46.27000045776367,104.4800033569336,315.0899963378906,30.18000030517578,154.02999877929688,130.75,329.5299987792969,125.16000366210938,107.33999633789062,87.01000213623047,56.56999969482422,25.541000366210938,40.369998931884766,130.1199951171875,120.51000213623047,46.18000030517578,142.69667053222656,89.30000305175781,472.0199890136719,36.36000061035156,127.16999816894531,39.29999923706055,39.099998474121094,32.0099983215332,127.5,101.02999877929688,155.9199981689453,96.69000244140625,234.66000366210938,631.02001953125,63.707000732421875,29.469999313354492,67.61000061035156,46.09000015258789,96.5,155.47000122070312,46.349998474121094,104.77999877929688,318.32000732421875,30.270000457763672,154.3699951171875,131.9499969482422,331.70001220703125,125.9800033569336,107.70999908447266,88.27999877929688,56.709999084472656,25.58799934387207,40.4900016784668,131.60000610351562,120.83000183105469,46.529998779296875,143.00999450683594,89.47000122070312,473.3900146484375,36.540000915527344,127.77999877929688,40.060001373291016,39.20000076293945,32.34000015258789,127.55999755859375,101.68000030517578,152.50999450683594,89.0199966430664,230.05999755859375,598.989990234375,61.78099822998047,28.110000610351562,65.86000061035156,43.70000076293945,91.52999877929688,149.91000366210938,44.029998779296875,98.5199966430664,304.9200134277344,28.389999389648438,152.60000610351562,126.0199966430664,325.0400085449219,119.45999908447266,104.2300033569336,83.27999877929688,53.61000061035156,23.893999099731445,39.720001220703125,120.94999694824219,115.91000366210938,44.08000183105469,136.1366729736328,85.81999969482422,463.1000061035156,32.720001220703125,120.8499984741211,38.150001525878906,37.68000030517578,30.899999618530273,125.0199966430664,98.0199966430664,153.1999969482422,89.72000122070312,233.74000549316406,600.75,62.185001373291016,28.3799991607666,67.02999877929688,44.65999984741211,92.01000213623047,150.16000366210938,44.40999984741211,99.36000061035156,309.0,28.389999389648438,153.4499969482422,128.00999450683594,327.6400146484375,120.2699966430664,106.5,84.55000305175781,53.689998626708984,24.027000427246094,40.060001373291016,124.5,117.0,44.34000015258789,136.73333740234375,85.94999694824219,464.7099914550781,35.20000076293945,122.25,38.630001068115234,37.83000183105469,31.200000762939453,125.37000274658203,99.11000061035156,6331200,115839200,2326000,1063200,31716000,108348800,10541100,28877300,10111500,12849600,14250200,6637900,4399100,75779500,7605500,24558500,3498200,6170000,9441500,15342400,14791800,583253000,21095900,7677700,11207800,16769500,3730200,13184600,2940500,51459200,7040500,40388800,88790400,133892600,16011400,27465200
2023-03-17,137.2345428466797,97.83999633789062,207.60658264160156,615.7542114257812,60.2015495300293,25.736125946044922,57.43581008911133,39.67332077026367,84.68711853027344,132.95782470703125,41.388126373291016,91.8262710571289,282.0428771972656,29.095375061035156,139.3555450439453,116.5834732055664,321.4028625488281,115.49665832519531,94.96142578125,75.84786224365234,55.824337005615234,25.702247619628906,32.916297912597656,108.91354370117188,112.75016784667969,41.39628982543945,138.54153442382812,85.59187316894531,442.6027526855469,28.273706436157227,114.83028411865234,34.764713287353516,34.54317855834961,29.370193481445312,119.26103210449219,89.5384292602539,154.22000122070312,97.83999633789062,229.7899932861328,633.6900024414062,63.09700012207031,27.81999969482422,66.52999877929688,44.25,94.38999938964844,152.33999633789062,46.150001525878906,102.75,303.5400085449219,29.809999465942383,152.3800048828125,125.80999755859375,329.17999267578125,123.66000366210938,104.0999984741211,84.18000030517578,56.65999984741211,25.725000381469727,40.099998474121094,123.72000122070312,120.7300033569336,44.68000030517578,141.81333923339844,89.47000122070312,469.5,32.95000076293945,126.37000274658203,37.7599983215332,38.48500061035156,30.979999542236328,125.86000061035156,99.83999633789062,156.07000732421875,98.75,233.80999755859375,638.4000244140625,63.957000732421875,28.65999984741211,67.33000183105469,44.97999954223633,96.94999694824219,155.3800048828125,46.45000076293945,104.8499984741211,310.3999938964844,31.0,154.9499969482422,128.47999572753906,334.95001220703125,125.7300033569336,107.30999755859375,86.5,57.720001220703125,26.39900016784668,40.790000915527344,128.3000030517578,122.87000274658203,46.0,144.07666015625,90.02999877929688,472.010009765625,35.61000061035156,128.0,38.7599983215332,39.20000076293945,31.709999084472656,127.48999786376953,101.61000061035156,151.8800048828125,95.94000244140625,228.52000427246094,626.8099975585938,62.70800018310547,27.6200008392334,66.20999908447266,43.81999969482422,93.5,150.60000610351562,45.040000915527344,101.58999633789062,301.8699951171875,29.440000534057617,152.3000030517578,125.44999694824219,328.1000061035156,122.88999938964844,103.48999786376953,83.69999694824219,56.220001220703125,25.667999267578125,39.9900016784668,122.30999755859375,119.1500015258789,44.369998931884766,141.0399932861328,89.0,466.29998779296875,32.869998931884766,124.58999633789062,37.529998779296875,38.16999816894531,30.899999618530273,125.45999908447266,99.13999938964844,155.77999877929688,96.66000366210938,233.57000732421875,633.7100219726562,63.650001525878906,28.65999984741211,67.33000183105469,44.97999954223633,96.3499984741211,153.6199951171875,46.310001373291016,104.25,310.0899963378906,29.920000076293945,154.47999572753906,128.3800048828125,331.5,125.19999694824219,107.1500015258789,86.48999786376953,56.79999923706055,25.98200035095215,40.630001068115234,127.79000091552734,120.77999877929688,45.95000076293945,142.97000122070312,89.05999755859375,471.3900146484375,35.5,127.0,38.7599983215332,38.875,31.709999084472656,127.38999938964844,100.5999984741211,42756400,94080800,7817000,1109300,79303000,130665500,21616900,37130200,17056000,33161800,28300500,11147800,6369800,80628500,20540700,38396000,8679800,13118700,26402100,19935800,26655200,848547000,57457800,9095300,12304100,20723800,2828400,13287700,5290000,56442900,13800900,47403800,67351600,136760600,15071400,43199500
2023-03-20,138.92530822753906,96.80999755859375,212.06063842773438,628.0364990234375,61.41708755493164,25.671371459960938,58.04875946044922,39.529876708984375,86.27516174316406,134.912841796875,42.150421142578125,94.23919677734375,287.60870361328125,28.460956573486328,140.73646545410156,117.81593322753906,325.7184753417969,117.91567993164062,96.55780792236328,77.1633529663086,56.78989028930664,25.877092361450195,33.49909973144531,112.1091079711914,113.76811981201172,42.823116302490234,140.0069580078125,86.13716125488281,449.6353759765625,29.56082534790039,117.13834381103516,34.506927490234375,35.23472595214844,29.696985244750977,120.77259826660156,91.87913513183594,156.1199951171875,96.80999755859375,234.72000122070312,646.3300170898438,64.37100219726562,27.75,67.23999786376953,44.09000015258789,96.16000366210938,154.5800018310547,47.0,105.44999694824219,309.5299987792969,29.15999984741211,153.88999938964844,127.13999938964844,333.6000061035156,126.25,105.8499984741211,85.63999938964844,57.63999938964844,25.899999618530273,40.810001373291016,127.3499984741211,121.81999969482422,46.220001220703125,143.31333923339844,90.04000091552734,476.9599914550781,34.45000076293945,128.91000366210938,37.47999954223633,38.849998474121094,31.170000076293945,126.95999908447266,102.44999694824219,156.33999633789062,96.94000244140625,235.16000366210938,648.3300170898438,64.4739990234375,28.43000030517578,67.37999725341797,45.7400016784668,96.88999938964844,155.77999877929688,47.31999969482422,106.41000366210938,312.20001220703125,29.899999618530273,154.07000732421875,129.47000122070312,333.94000244140625,127.30000305175781,106.91000366210938,86.30999755859375,57.869998931884766,26.02400016784668,40.86000061035156,130.4499969482422,122.0199966430664,46.54999923706055,143.77333068847656,90.37000274658203,479.82000732421875,35.380001068115234,130.10000610351562,38.45000076293945,39.099998474121094,31.440000534057617,127.1500015258789,102.4800033569336,154.4600067138672,92.9000015258789,230.13999938964844,639.0999755859375,63.15999984741211,27.649999618530273,66.23999786376953,43.90999984741211,94.70999908447266,151.2899932861328,45.97999954223633,102.91000366210938,306.260009765625,28.6299991607666,152.3800048828125,126.01000213623047,329.010009765625,123.45999908447266,104.81999969482422,84.37000274658203,56.08000183105469,25.1299991607666,39.939998626708984,124.91999816894531,119.80999755859375,44.70000076293945,140.9166717529297,88.66000366210938,470.0,33.810001373291016,127.0199966430664,37.45000076293945,38.04999923706055,31.020000457763672,125.58000183105469,99.5,154.52000427246094,96.30000305175781,230.5800018310547,646.2999877929688,63.27399826049805,28.239999771118164,66.7300033569336,44.709999084472656,94.83999633789062,151.74000549316406,46.0,102.91000366210938,306.7799987792969,29.799999237060547,152.47000122070312,126.98999786376953,329.17999267578125,123.63999938964844,104.81999969482422,84.5999984741211,56.70000076293945,25.614999771118164,40.13999938964844,126.11000061035156,120.7699966430664,44.88999938964844,142.08999633789062,89.20999908447266,470.0,34.529998779296875,127.12999725341797,38.119998931884766,38.04999923706055,31.06999969482422,125.58000183105469,99.62999725341797,4408200,92008900,2020800,935600,25857000,81441200,9731700,31899900,7932900,8469200,8906600,3560600,3963700,38780100,7129000,22875500,3540900,4830700,12865800,8649800,10610200,432747000,20825400,5179800,5945000,10496100,2155800,8217500,3119400,43046500,5343700,34283700,52288800,75384500,10592100,32042100
2023-03-21,139.50367736816406,95.93000030517578,210.4615020751953,623.955322265625,61.1902961730957,26.44845199584961,58.2818489074707,40.408512115478516,89.46022033691406,139.041015625,43.99787139892578,97.07217407226562,294.8098449707031,27.777738571166992,140.73646545410156,120.97586059570312,323.2579650878906,119.82100677490234,96.2750244140625,79.97453308105469,57.76528549194336,26.175827026367188,33.37596893310547,115.86808776855469,115.61725616455078,44.731719970703125,140.28372192382812,88.49051666259766,452.595458984375,32.195125579833984,120.11884307861328,35.4276008605957,36.454559326171875,30.44965171813965,121.50507354736328,95.99553680419922,156.77000427246094,95.93000030517578,232.9499969482422,642.1300048828125,63.67499923706055,28.59000015258789,67.51000213623047,45.06999969482422,99.70999908447266,159.30999755859375,49.060001373291016,108.62000274658203,317.2799987792969,28.459999084472656,153.88999938964844,130.5500030517578,331.0799865722656,128.2899932861328,105.54000091552734,88.76000213623047,58.630001068115234,26.198999404907227,40.65999984741211,131.6199951171875,123.80000305175781,48.279998779296875,143.59666442871094,92.5,480.1000061035156,37.52000045776367,132.19000244140625,38.47999954223633,40.19499969482422,31.959999084472656,127.7300033569336,107.04000091552734,157.0500030517578,99.45999908447266,235.27999877929688,655.8300170898438,64.65899658203125,28.979999542236328,67.80999755859375,46.02000045776367,100.08999633789062,159.57000732421875,49.5099983215332,109.33999633789062,320.32000732421875,29.170000076293945,154.1300048828125,131.72999572753906,334.44000244140625,130.0399932861328,106.43000030517578,89.18000030517578,59.52000045776367,26.392000198364258,40.90999984741211,132.5800018310547,125.06999969482422,48.65999984741211,146.0,93.0,481.45001220703125,37.849998474121094,133.13999938964844,38.959999084472656,40.31999969482422,32.040000915527344,127.87999725341797,107.27999877929688,155.10000610351562,93.63999938964844,231.0399932861328,635.2000122070312,63.43299865722656,28.510000228881836,66.87000274658203,44.95000076293945,98.0,156.47000122070312,47.880001068115234,106.2699966430664,315.3500061035156,27.979999542236328,152.1699981689453,130.19000244140625,328.0799865722656,126.70999908447266,104.76000213623047,88.0,57.599998474121094,25.381000518798828,40.310001373291016,129.7100067138672,122.1500015258789,47.52000045776367,141.46665954589844,90.80000305175781,475.7200012207031,35.79999923706055,130.11000061035156,38.36000061035156,39.529998779296875,31.809999465942383,126.68000030517578,104.12999725341797,156.63999938964844,97.0,234.72000122070312,651.7100219726562,64.30899810791016,28.6299991607666,67.4800033569336,45.56999969482422,98.08999633789062,157.16000366210938,48.040000915527344,107.80000305175781,317.6199951171875,29.0,154.0,130.58999633789062,334.3900146484375,128.5399932861328,106.0,88.2300033569336,58.380001068115234,26.18000030517578,40.86000061035156,131.5,122.98999786376953,47.9900016784668,144.47999572753906,91.0,478.3900146484375,36.0,131.83999633789062,38.599998474121094,39.650001525878906,31.8799991607666,127.44999694824219,104.16999816894531,4675700,85285300,2128600,848500,25000000,84854800,8039600,29835600,6770200,9753500,11184700,4177100,3242400,55650800,8376800,17807800,3240400,4607900,11571800,8905600,14613700,547408000,19982000,4103900,6900600,10486500,2899500,12299700,3163300,34821400,6393200,34664700,59712400,115899200,8816300,31592300
2023-03-22,136.7451171875,97.58000183105469,207.6427001953125,622.2453002929688,60.630043029785156,25.569610595703125,58.04875946044922,39.189170837402344,88.25800323486328,136.21327209472656,42.832000732421875,94.48943328857422,291.4555358886719,27.455650329589844,138.13922119140625,117.85301208496094,323.1505432128906,118.59749603271484,95.23509979248047,78.8843002319336,57.31207275390625,26.44459342956543,32.842411041259766,109.51216125488281,113.90821838378906,43.916385650634766,138.8899688720703,88.6053237915039,448.27783203125,29.852571487426758,119.7371826171875,34.249141693115234,35.67913055419922,29.744619369506836,119.66914367675781,93.79833221435547,153.6699981689453,97.58000183105469,229.8300018310547,640.3699951171875,63.09199905395508,27.639999389648438,67.23999786376953,43.709999084472656,98.37000274658203,156.07000732421875,47.7599983215332,105.7300033569336,313.6700134277344,28.1299991607666,151.0500030517578,127.18000030517578,330.9700012207031,126.9800033569336,104.4000015258789,87.55000305175781,58.16999816894531,26.468000411987305,40.0099983215332,124.4000015258789,121.97000122070312,47.400001525878906,142.1699981689453,92.62000274658203,475.5199890136719,34.790000915527344,131.77000427246094,37.20000076293945,39.34000015258789,31.219999313354492,125.80000305175781,104.58999633789062,156.8800048828125,101.69999694824219,233.9499969482422,661.4000244140625,64.8499984741211,28.739999771118164,68.0,45.310001373291016,101.08999633789062,160.05999755859375,49.540000915527344,109.2699966430664,322.2200012207031,29.1200008392334,154.05999755859375,130.66000366210938,335.6000061035156,130.75,106.0,90.08000183105469,60.40999984741211,27.589000701904297,40.849998474121094,131.0800018310547,126.23999786376953,48.90999984741211,147.4166717529297,95.02999877929688,485.739990234375,37.529998779296875,135.6999969482422,38.709999084472656,40.404998779296875,32.04999923706055,128.27000427246094,107.18000030517578,153.61000061035156,95.63999938964844,229.58999633789062,639.5399780273438,63.06700134277344,27.639999389648438,67.22000122070312,43.68000030517578,98.29000091552734,155.92999267578125,47.689998626708984,105.62000274658203,313.489990234375,28.100000381469727,151.02999877929688,127.08000183105469,330.6499938964844,126.91000366210938,104.38999938964844,87.45999908447266,58.09000015258789,26.23699951171875,39.9900016784668,124.38999938964844,121.87000274658203,47.290000915527344,142.13333129882812,92.54000091552734,474.82000732421875,34.77000045776367,131.13999938964844,37.189998626708984,39.310001373291016,31.200000762939453,125.77999877929688,104.55999755859375,155.67999267578125,95.6500015258789,233.4499969482422,643.0,63.689998626708984,28.709999084472656,67.48999786376953,45.18000030517578,100.0,159.8699951171875,49.189998626708984,108.87000274658203,317.2799987792969,28.479999542236328,153.85000610351562,130.55999755859375,331.7699890136719,128.25999450683594,105.47000122070312,88.75,58.400001525878906,26.424999237060547,40.70000076293945,130.5800018310547,124.0,48.54999923706055,143.60000610351562,93.5,481.95001220703125,37.5,132.16000366210938,38.709999084472656,40.220001220703125,31.959999084472656,127.80000305175781,106.80000305175781,4376900,110816300,1725100,955500,25799000,76925900,6657600,21672000,5635500,6315000,8633200,3803800,2505900,37415500,7943500,17250200,2472200,3226000,5705800,7299300,16949300,797295000,15444200,4249900,7072700,11557000,3313200,12812400,2632200,28376900,3910000,22994400,49209400,67874100,10480000,14952700
2023-03-23,138.19557189941406,100.27999877929688,210.59707641601562,645.3618774414062,61.428619384765625,24.949800491333008,57.82429885864258,38.95607376098633,86.50841522216797,134.86044311523438,41.899314880371094,93.64043426513672,292.55194091796875,28.334075927734375,138.21238708496094,117.5379409790039,324.78118896484375,117.82228088378906,95.08003234863281,77.34355163574219,60.4353141784668,27.166950225830078,32.98195266723633,107.51382446289062,115.94409942626953,42.13750076293945,142.67434692382812,90.48993682861328,442.9892578125,30.084251403808594,118.47412109375,33.705936431884766,35.18484115600586,29.54454803466797,119.44082641601562,92.74007415771484,155.3000030517578,100.27999877929688,233.10000610351562,664.1599731445312,63.92300033569336,26.969999313354492,66.9800033569336,43.45000076293945,96.41999816894531,154.52000427246094,46.720001220703125,104.77999877929688,314.8500061035156,29.030000686645508,151.1300048828125,126.83999633789062,332.6400146484375,126.1500015258789,104.2300033569336,85.83999633789062,61.34000015258789,27.19099998474121,40.18000030517578,122.12999725341797,124.1500015258789,45.47999954223633,145.67666625976562,94.58999633789062,469.9100036621094,35.060001373291016,130.3800048828125,36.61000061035156,38.79499816894531,31.010000228881836,125.55999755859375,103.41000366210938,156.5,102.43000030517578,234.10000610351562,673.9400024414062,64.81800079345703,28.09000015258789,67.9000015258789,44.849998474121094,99.76000213623047,158.75999450683594,48.61000061035156,107.55999755859375,321.3599853515625,29.15999984741211,151.69000244140625,129.52999877929688,335.3399963378906,130.5,104.62999725341797,88.80000305175781,61.779998779296875,27.499000549316406,40.5,126.11000061035156,127.0,47.84000015258789,147.6300048828125,95.81999969482422,480.6700134277344,36.09000015258789,134.85000610351562,37.63999938964844,39.900001525878906,31.600000381469727,127.08000183105469,106.33999633789062,154.02000427246094,98.66999816894531,229.88999938964844,654.9400024414062,63.15299987792969,26.790000915527344,66.63999938964844,43.11000061035156,95.5,153.13999938964844,46.22999954223633,103.45999908447266,312.6400146484375,28.219999313354492,150.11000061035156,126.0199966430664,330.2099914550781,124.9800033569336,103.45999908447266,85.23999786376953,59.130001068115234,26.690000534057617,40.0,121.56999969482422,122.0999984741211,45.040000915527344,143.13333129882812,93.43000030517578,466.6700134277344,34.720001220703125,128.83999633789062,36.5099983215332,38.41999816894531,30.790000915527344,124.83999633789062,102.44000244140625,154.10000610351562,100.05000305175781,230.0399932861328,657.739990234375,63.88999938964844,28.0,67.58999633789062,44.310001373291016,98.51000213623047,157.02000427246094,48.130001068115234,106.4000015258789,315.2099914550781,28.3799991607666,151.17999267578125,127.9000015258789,330.8900146484375,127.33000183105469,104.0999984741211,87.94999694824219,59.18000030517578,27.114999771118164,40.16999816894531,125.58000183105469,123.94000244140625,47.439998626708984,144.27667236328125,94.48999786376953,477.4100036621094,35.029998779296875,132.0500030517578,37.4900016784668,39.55500030517578,31.280000686645508,126.31999969482422,105.36000061035156,4584000,84088900,2175700,1171500,27162000,105335900,6723600,24112600,5866400,7859400,8905800,3868300,2585900,43785500,9051500,16677600,2703400,3236300,6801700,9373000,23903100,564889000,16958100,5851300,7353800,12213400,4039800,11169700,3284900,26061900,3793700,30239900,49486200,82366300,10092300,14385900
2023-03-24,140.61602783203125,97.94999694824219,215.0511474609375,629.2025146484375,61.13456344604492,25.107065200805664,58.42860412597656,38.65122985839844,85.62020874023438,136.2045135498047,41.764793395996094,94.27494049072266,290.4334411621094,28.656166076660156,139.6024627685547,115.7494888305664,328.1886901855469,116.46800994873047,95.59999084472656,75.64063262939453,60.25797653198242,26.75531005859375,33.15433883666992,109.29207611083984,116.51380157470703,41.294376373291016,140.1997528076172,88.76795196533203,448.72088623046875,29.94696044921875,117.45639038085938,33.35608673095703,35.320884704589844,29.525489807128906,121.09603881835938,92.84770965576172,158.02000427246094,97.94999694824219,238.02999877929688,647.530029296875,63.617000579833984,27.139999389648438,67.68000030517578,43.11000061035156,95.43000030517578,156.05999755859375,46.56999969482422,105.48999786376953,312.57000732421875,29.360000610351562,152.64999389648438,124.91000366210938,336.1300048828125,124.69999694824219,104.80000305175781,83.94999694824219,61.15999984741211,26.77899932861328,40.38999938964844,124.1500015258789,124.76000213623047,44.56999969482422,143.14999389648438,92.79000091552734,475.989990234375,34.900001525878906,129.25999450683594,36.22999954223633,38.94499969482422,30.989999771118164,127.30000305175781,103.52999877929688,158.47999572753906,99.5199966430664,238.5,658.9500122070312,63.93000030517578,27.290000915527344,67.77999877929688,43.119998931884766,95.9000015258789,156.64999389648438,46.9900016784668,106.12000274658203,312.75,29.809999465942383,152.75999450683594,125.68000030517578,336.92999267578125,125.51000213623047,105.01000213623047,84.51000213623047,61.400001525878906,27.16699981689453,40.459999084472656,124.16999816894531,124.93000030517578,45.0,144.88999938964844,94.18000030517578,476.8800048828125,34.939998626708984,130.4499969482422,36.47999954223633,39.095001220703125,31.020000457763672,127.41999816894531,103.8499984741211,154.58999633789062,96.73999786376953,233.00999450683594,639.75,62.85499954223633,26.31999969482422,66.69000244140625,42.0099983215332,93.26000213623047,151.8300018310547,45.439998626708984,101.55999755859375,305.3599853515625,28.93000030517578,150.8300018310547,123.11000061035156,328.7699890136719,120.58000183105469,102.44000244140625,81.72000122070312,60.5,26.354999542236328,39.869998931884766,119.2699966430664,122.25,43.81999969482422,141.6999969482422,92.08999633789062,467.5899963378906,34.0099983215332,125.76000213623047,35.25,37.904998779296875,30.389999389648438,124.97000122070312,100.91000366210938,155.27999877929688,99.18000030517578,234.22000122070312,656.0599975585938,63.803001403808594,26.600000381469727,67.19999694824219,42.84000015258789,94.55999755859375,152.10000610351562,45.45000076293945,101.91000366210938,310.1499938964844,29.040000915527344,151.47999572753906,125.62999725341797,332.989990234375,123.31999969482422,104.08999633789062,84.51000213623047,60.5099983215332,27.0310001373291,40.09000015258789,120.0,123.62999725341797,44.209999084472656,144.49667358398438,93.94999694824219,468.9800109863281,34.34000015258789,127.94999694824219,36.0,38.025001525878906,30.6299991607666,125.44000244140625,101.47000122070312,4678700,64712400,2547300,842700,17228000,96872700,6274900,25453900,8385900,6600100,8727600,4183200,2456700,55912100,5696200,22311100,2791900,3856100,6661800,10978700,18735600,454920000,17218100,4137300,6987200,19753600,3120600,7653700,2533200,18619300,4362200,35694800,41298000,76619100,8163700,13401600
2023-03-27,140.18885803222656,96.61000061035156,213.9036865234375,625.8209838867188,60.237972259521484,26.355941772460938,58.76530075073242,40.14850616455078,87.45948028564453,137.59219360351562,43.11899185180664,96.85770416259766,295.9713134765625,28.480480194091797,140.19691467285156,119.06693267822266,326.69482421875,120.40007781982422,97.5429916381836,76.26232147216797,58.90816879272461,26.50753402709961,33.014793395996094,110.05797576904297,115.43047332763672,43.33269500732422,138.55435180664062,86.73027038574219,454.2923278808594,29.921215057373047,119.8371353149414,34.49772644042969,36.07365417480469,29.93516731262207,121.5906753540039,94.88346862792969,157.5399932861328,96.61000061035156,236.75999450683594,644.0499877929688,62.683998107910156,28.489999771118164,68.06999969482422,44.779998779296875,97.4800033569336,157.64999389648438,48.08000183105469,108.37999725341797,318.5299987792969,29.18000030517578,153.3000030517578,128.49000549316406,334.6000061035156,128.91000366210938,106.93000030517578,84.63999938964844,59.790000915527344,26.5310001373291,40.220001220703125,125.0199966430664,123.5999984741211,46.77000045776367,141.47000122070312,90.66000366210938,481.8999938964844,34.869998931884766,131.8800048828125,37.470001220703125,39.775001525878906,31.420000076293945,127.81999969482422,105.80000305175781,159.13999938964844,98.93000030517578,239.9499969482422,657.47998046875,63.90999984741211,28.649999618530273,68.81999969482422,45.0,98.5,158.47999572753906,48.40999984741211,109.12999725341797,320.8999938964844,29.729999542236328,154.5399932861328,129.3800048828125,336.2200012207031,129.92999267578125,107.61000061035156,86.31999969482422,61.41999816894531,27.0,40.619998931884766,129.57000732421875,126.05999755859375,46.93000030517578,144.10667419433594,92.18000030517578,486.2900085449219,37.099998474121094,133.10000610351562,37.689998626708984,40.0,31.59000015258789,128.77999877929688,106.4800033569336,157.3800048828125,95.43000030517578,235.07000732421875,643.0499877929688,62.5989990234375,27.90999984741211,68.01000213623047,43.880001068115234,95.5999984741211,155.69000244140625,46.58000183105469,105.62000274658203,317.1700134277344,29.079999923706055,153.11000061035156,126.29000091552734,323.260009765625,125.88999938964844,105.98999786376953,84.36000061035156,59.16999816894531,26.364999771118164,39.970001220703125,124.25,123.31999969482422,45.209999084472656,140.97332763671875,90.55000305175781,478.5899963378906,34.79999923706055,127.47000122070312,36.959999084472656,39.040000915527344,31.239999771118164,127.66999816894531,103.91000366210938,158.8300018310547,98.0199966430664,239.61000061035156,655.3699951171875,63.900001525878906,27.93000030517578,68.08999633789062,44.060001373291016,96.30999755859375,157.39999389648438,47.400001525878906,106.79000091552734,318.6199951171875,29.3700008392334,154.1999969482422,126.79000091552734,327.79998779296875,126.30000305175781,106.08000183105469,86.05999755859375,61.189998626708984,26.836999893188477,40.540000915527344,128.72000122070312,125.73999786376953,45.619998931884766,143.6666717529297,92.04000091552734,485.54998779296875,36.66999816894531,131.2899932861328,37.02000045776367,39.35499954223633,31.520000457763672,128.1999969482422,104.73999786376953,3887800,57461400,2129100,800300,14707000,102469800,6711300,29335200,6049700,7006800,7759600,3745100,2300600,34758200,6772300,18853900,3102300,4107400,7563100,6626900,15901000,361026000,20262800,3467100,4818000,10579800,1806300,9349800,2271800,19966700,4003900,27454600,40223800,61393300,9455400,14805900
2023-03-28,140.82069396972656,94.55999755859375,215.45767211914062,621.60400390625,60.03232192993164,26.013656616210938,58.87752914428711,40.543006896972656,88.4073715209961,139.19808959960938,43.55842590332031,98.67189025878906,295.8877258300781,28.587844848632812,138.84341430664062,119.42833709716797,329.6727600097656,122.88450622558594,96.26590728759766,76.47857666015625,58.40570068359375,26.386638641357422,32.82600021362305,111.67776489257812,113.31983947753906,44.13874816894531,137.51620483398438,86.87376403808594,445.5062255859375,30.513290405273438,123.59908294677734,34.23072814941406,36.63142013549805,29.925642013549805,120.85821533203125,96.06726837158203,158.25,94.55999755859375,238.47999572753906,639.7100219726562,62.470001220703125,28.1200008392334,68.19999694824219,45.220001220703125,97.93000030517578,159.49000549316406,48.56999969482422,110.41000366210938,318.44000244140625,29.290000915527344,151.82000732421875,128.8800048828125,337.6499938964844,131.57000732421875,105.52999877929688,84.87999725341797,59.279998779296875,26.40999984741211,39.9900016784668,126.86000061035156,121.33999633789062,47.63999938964844,140.41000366210938,90.80999755859375,472.5799865722656,35.560001373291016,136.02000427246094,37.18000030517578,40.38999938964844,31.40999984741211,127.05000305175781,107.12000274658203,158.60000610351562,96.94000244140625,238.67999267578125,644.6199951171875,62.65399932861328,28.649999618530273,68.58999633789062,45.22999954223633,98.69000244140625,160.19000244140625,49.220001220703125,110.8499984741211,320.6099853515625,29.329999923706055,153.4499969482422,129.33999633789062,338.8299865722656,132.7100067138672,107.02999877929688,85.16999816894531,59.869998931884766,26.51300048828125,40.29999923706055,126.97000122070312,123.68000030517578,47.869998931884766,141.25999450683594,90.87000274658203,483.7900085449219,35.619998931884766,137.0500030517578,37.59000015258789,40.564998626708984,31.520000457763672,128.14999389648438,107.6500015258789,157.4499969482422,92.87000274658203,236.91000366210938,632.3800048828125,61.88600158691406,27.979999542236328,67.95999908447266,44.4900016784668,96.43000030517578,156.67999267578125,47.68000030517578,108.05999755859375,316.1199951171875,28.6299991607666,151.72999572753906,127.73999786376953,334.7200012207031,127.0,105.44000244140625,83.93000030517578,57.81999969482422,25.850000381469727,39.86000061035156,124.0,120.20999908447266,46.5099983215332,138.27000427246094,89.91999816894531,470.69000244140625,34.47999954223633,131.38999938964844,36.869998931884766,39.53499984741211,31.219999313354492,126.73999786376953,105.19000244140625,157.8000030517578,96.7699966430664,237.0,644.0999755859375,62.52299880981445,28.3799991607666,68.08000183105469,44.720001220703125,96.61000061035156,157.27999877929688,47.720001220703125,108.05999755859375,319.0899963378906,29.079999923706055,152.38999938964844,128.7100067138672,335.79998779296875,127.05000305175781,106.61000061035156,84.55999755859375,59.79999923706055,26.44700050354004,40.20000076293945,124.4800033569336,123.5999984741211,46.77000045776367,141.14332580566406,90.66000366210938,482.0,34.77000045776367,131.60000610351562,37.36000061035156,39.54999923706055,31.3799991607666,127.69000244140625,105.44000244140625,3532500,59150100,1887800,793200,12439000,63416500,4715100,16206000,3792000,5605400,7671100,3283000,1224300,37407900,6115300,10820500,2433200,3913200,6679500,5209900,20496300,356104000,13537500,2703800,5272100,6816200,2737500,7521300,2369500,15681700,4099700,15270000,32596800,42980100,8037400,11047600
2023-03-29,140.59823608398438,96.08999633789062,217.76150512695312,640.4645385742188,60.109195709228516,26.522457122802734,58.860260009765625,41.19749450683594,90.0503921508789,140.393798828125,44.65254211425781,100.70055389404297,298.0061950683594,30.76438331604004,140.20603942871094,119.66926574707031,327.9348449707031,125.22879028320312,95.70946502685547,77.70397186279297,62.602867126464844,26.960132598876953,33.039424896240234,113.49121856689453,116.82197570800781,45.120849609375,141.93653869628906,88.7392578125,439.8594665527344,31.07962417602539,124.44416046142578,34.95806121826172,37.13930892944336,30.363901138305664,121.19115447998047,97.7174301147461,158.0,96.08999633789062,241.02999877929688,659.1199951171875,62.54999923706055,28.670000076293945,68.18000030517578,45.95000076293945,99.75,160.86000061035156,49.790000915527344,112.68000030517578,320.7200012207031,31.520000457763672,153.30999755859375,129.13999938964844,335.8699951171875,134.0800018310547,104.91999816894531,86.23999786376953,63.540000915527344,26.983999252319336,40.25,128.9199981689453,125.08999633789062,48.70000076293945,144.92333984375,92.76000213623047,466.5899963378906,36.220001220703125,136.9499969482422,37.970001220703125,40.95000076293945,31.8700008392334,127.4000015258789,108.95999908447266,159.6999969482422,96.91000366210938,241.58999633789062,665.1699829101562,63.4010009765625,28.770000457763672,68.45999908447266,46.0099983215332,100.30000305175781,161.32000732421875,49.91999816894531,112.87000274658203,322.7099914550781,31.889999389648438,153.3800048828125,130.22000122070312,339.7699890136719,135.1300048828125,105.87000274658203,86.3499984741211,64.41999816894531,27.077999114990234,40.27000045776367,129.75,125.95999908447266,48.79999923706055,145.93333435058594,93.22000122070312,475.8800048828125,36.31999969482422,138.0,38.0099983215332,40.994998931884766,31.8799991607666,127.83999633789062,109.16000366210938,156.36000061035156,94.87000274658203,238.3300018310547,648.469970703125,62.4640007019043,28.239999771118164,67.86000061035156,45.459999084472656,98.66999816894531,159.3300018310547,49.25,111.12999725341797,318.67999267578125,29.760000228881836,152.07000732421875,127.7699966430664,334.5799865722656,133.0,104.52999877929688,85.3499984741211,60.869998931884766,26.597000122070312,39.9900016784668,127.66000366210938,123.25,48.029998779296875,142.48666381835938,91.44999694824219,464.95001220703125,35.7400016784668,134.77000427246094,37.29999923706055,40.525001525878906,31.610000610351562,126.8499984741211,107.48999786376953,158.97999572753906,96.06999969482422,239.7100067138672,649.5700073242188,63.27799987792969,28.489999771118164,68.22000122070312,45.59000015258789,99.63999938964844,160.6199951171875,49.470001220703125,112.02999877929688,322.5,29.770000457763672,152.24000549316406,130.10000610351562,339.0,134.00999450683594,105.62000274658203,85.93000030517578,60.90999984741211,26.825000762939453,40.15999984741211,128.97000122070312,123.41999816894531,48.25,142.75332641601562,91.76000213623047,475.1099853515625,36.060001373291016,136.9600067138672,37.599998474121094,40.790000915527344,31.75,127.68000030517578,108.05999755859375,3959900,55326000,2744000,1101800,26395000,62666400,5369900,15047000,7596300,7569700,8150400,3949600,1475900,85556200,6012000,14595300,2743800,4418800,6310200,4873500,51939800,393694000,14429500,2575600,6410100,9569700,3140400,9264000,3733200,14776400,4453900,20789100,36204600,52147200,8183100,14219100
2023-03-30,140.5270233154297,97.87999725341797,218.18612670898438,657.5275268554688,60.902000427246094,26.18017578125,58.87752914428711,41.30508041381836,89.59901428222656,141.7291259765625,44.70634841918945,101.46913146972656,298.3965148925781,31.32071876525879,140.31578063964844,119.307861328125,332.64093017578125,125.09803009033203,96.62166595458984,77.58683013916016,62.15950393676758,27.358779907226562,33.14613723754883,111.82740020751953,118.97930145263672,45.15791320800781,144.27401733398438,88.46183013916016,443.1306457519531,30.827436447143555,124.5077896118164,34.41486358642578,37.30255889892578,30.297210693359375,121.84752655029297,98.19274139404297,157.9199981689453,97.87999725341797,241.5,676.6799926757812,63.375,28.299999237060547,68.19999694824219,46.06999969482422,99.25,162.38999938964844,49.849998474121094,113.54000091552734,321.1400146484375,32.09000015258789,153.42999267578125,128.75,340.69000244140625,133.94000244140625,105.91999816894531,86.11000061035156,63.09000015258789,27.382999420166016,40.380001068115234,127.02999877929688,127.4000015258789,48.7400016784668,147.30999755859375,92.47000122070312,470.05999755859375,35.45000076293945,137.02000427246094,37.380001068115234,41.130001068115234,31.799999237060547,128.08999633789062,109.48999786376953,158.52999877929688,99.52999877929688,242.80999755859375,680.6300048828125,63.60499954223633,29.059999465942383,68.52999877929688,46.63999938964844,100.86000061035156,163.00999450683594,50.65999984741211,113.79000091552734,324.8699951171875,32.58000183105469,153.8000030517578,130.1199951171875,341.30999755859375,135.27000427246094,106.19999694824219,87.61000061035156,64.0999984741211,27.499000549316406,40.4900016784668,131.19000244140625,128.19000244140625,49.529998779296875,148.27333068847656,93.5199966430664,470.4100036621094,36.52000045776367,138.22000122070312,38.5,41.349998474121094,32.119998931884766,128.1300048828125,109.56999969482422,157.4199981689453,97.25,240.11000061035156,673.510009765625,62.93000030517578,28.110000610351562,67.98999786376953,45.7400016784668,98.87000274658203,161.5800018310547,49.630001068115234,112.5999984741211,319.8800048828125,31.809999465942383,152.80999755859375,127.6500015258789,336.07000732421875,133.0,104.54000091552734,85.45999908447266,62.47999954223633,27.101999282836914,40.25,126.7300033569336,126.43000030517578,48.4900016784668,146.26666259765625,92.02999877929688,461.0799865722656,35.15999984741211,135.47999572753906,37.16999816894531,40.88999938964844,31.6200008392334,127.27999877929688,108.5199966430664,158.00999450683594,98.0,242.52999877929688,675.2000122070312,63.27299880981445,28.920000076293945,68.37999725341797,46.47999954223633,100.61000061035156,162.25,50.54999923706055,113.75,324.55999755859375,31.850000381469727,153.5800018310547,129.9499969482422,336.07000732421875,135.02000427246094,105.12000274658203,87.26000213623047,64.02999877929688,27.229000091552734,40.41999816894531,131.08999633789062,127.08000183105469,49.38999938964844,146.75999450683594,93.3499984741211,466.57000732421875,36.18000030517578,138.0500030517578,38.29999923706055,41.290000915527344,32.099998474121094,128.08999633789062,109.55000305175781,3635800,59678500,2577000,892500,21523000,67427100,4400100,14226400,5461100,6322400,6603000,4455600,1456300,70077600,4555700,12134700,2146900,2936000,5017400,4113700,23038300,364516000,12634500,3064200,8156400,7353600,2602200,10232800,3324600,13539900,3254700,22340400,27460800,45061700,6820400,11578200
2023-03-31,141.81735229492188,98.01000213623047,218.41197204589844,661.4434814453125,61.650604248046875,26.457700729370117,59.83580017089844,42.04026794433594,89.56291198730469,142.4011688232422,45.387939453125,102.4432373046875,303.94366455078125,31.886810302734375,141.75160217285156,120.75344848632812,335.30645751953125,125.92927551269531,97.05040740966797,79.10955810546875,59.450069427490234,27.752426147460938,33.49088668823242,111.88904571533203,119.14740753173828,45.49144744873047,145.16854858398438,88.98798370361328,445.5157165527344,31.349201202392578,126.85218811035156,34.41486358642578,37.56103515625,30.63067054748535,123.15076446533203,98.34519958496094,159.3699951171875,98.01000213623047,241.75,680.7100219726562,64.15399932861328,28.600000381469727,69.30999755859375,46.88999938964844,99.20999908447266,163.16000366210938,50.61000061035156,114.62999725341797,327.1099853515625,32.66999816894531,155.0,130.30999755859375,343.4200134277344,134.8300018310547,106.38999938964844,87.80000305175781,60.34000015258789,27.777000427246094,40.79999923706055,127.0999984741211,127.58000183105469,49.099998474121094,148.22332763671875,93.0199966430664,472.5899963378906,36.04999923706055,139.60000610351562,37.380001068115234,41.415000915527344,32.150001525878906,129.4600067138672,109.66000366210938,159.57000732421875,98.36000061035156,242.39999389648438,683.1799926757812,64.22200012207031,28.68000030517578,69.37999725341797,46.970001220703125,99.9000015258789,163.72000122070312,50.849998474121094,114.94000244140625,327.3299865722656,32.900001525878906,155.19000244140625,130.33999633789062,343.6499938964844,134.89999389648438,106.52999877929688,87.87000274658203,61.65999984741211,27.833999633789062,40.83000183105469,128.85000610351562,127.97000122070312,49.47999954223633,148.44667053222656,93.26000213623047,476.0,36.060001373291016,139.8300018310547,37.95000076293945,41.48500061035156,32.15999984741211,129.52999877929688,110.16999816894531,157.72999572753906,95.2699966430664,239.14999389648438,673.6300048828125,62.590999603271484,28.260000228881836,68.37000274658203,46.33000183105469,98.94000244140625,162.14999389648438,50.119998931884766,113.48999786376953,322.4200134277344,31.729999542236328,153.24000549316406,128.85000610351562,340.69000244140625,132.86000061035156,105.5199966430664,86.16999816894531,59.900001525878906,27.104999542236328,40.279998779296875,126.36000061035156,126.29000091552734,48.619998931884766,145.95333862304688,91.12999725341797,470.1000061035156,35.099998474121094,135.10000610351562,37.310001373291016,41.084999084472656,31.860000610351562,128.4499969482422,109.05000305175781,158.42999267578125,96.33999633789062,241.42999267578125,675.0900268554688,63.05400085449219,28.6200008392334,68.66000366210938,46.599998474121094,99.80999755859375,162.6999969482422,50.33000183105469,114.0,323.4700012207031,31.799999237060547,153.7899932861328,129.66000366210938,342.0,134.19000244140625,106.2300033569336,86.80000305175781,60.349998474121094,27.139999389648438,40.54999923706055,128.4499969482422,126.6500015258789,48.849998474121094,146.19000244140625,91.23999786376953,471.5199890136719,35.810001373291016,136.6699981689453,37.72999954223633,41.23500061035156,31.979999542236328,128.52000427246094,109.68000030517578,4957300,55861100,2762500,681600,22097000,56482100,8953200,16009200,7708800,7041400,7652500,4940100,2281100,59765000,9890000,13105200,2933600,3143300,7184300,6142400,35416500,433933000,23393600,3600500,6222400,8154000,2151000,8701800,3996700,15541700,3330600,30287900,32294600,49034400,9202500,14418000
2023-04-03,142.7516632080078,96.55999755859375,220.8423309326172,654.9135131835938,61.73998260498047,26.44845199584961,60.163856506347656,41.87889099121094,97.87732696533203,148.3273162841797,47.80933380126953,108.50242614746094,303.39544677734375,32.10154342651367,143.44346618652344,120.61444854736328,342.4535217285156,126.68582153320312,99.31269836425781,78.53289794921875,58.73084259033203,27.940265655517578,33.94235610961914,110.04036712646484,116.49510192871094,48.48407745361328,143.91490173339844,88.81578063964844,465.8782653808594,30.99266242980957,125.87987518310547,34.72788619995117,39.26155471801758,30.687833786010742,124.53009033203125,104.14761352539062,160.4199981689453,96.55999755859375,244.44000244140625,673.989990234375,64.24700164794922,28.59000015258789,69.69000244140625,46.709999084472656,108.41999816894531,169.9499969482422,53.310001373291016,121.41000366210938,326.5199890136719,32.88999938964844,156.85000610351562,130.16000366210938,350.739990234375,135.63999938964844,108.87000274658203,87.16000366210938,59.61000061035156,27.96500015258789,41.349998474121094,125.0,124.73999786376953,52.33000183105469,146.94332885742188,92.83999633789062,494.19000244140625,35.63999938964844,138.52999877929688,37.720001220703125,43.290000915527344,32.209999084472656,130.91000366210938,116.12999725341797,160.47000122070312,96.79000091552734,244.75,675.739990234375,64.38999938964844,28.979999542236328,70.01000213623047,47.4900016784668,109.13999938964844,171.10000610351562,54.65999984741211,122.25,328.9800109863281,33.560001373291016,157.00999450683594,131.44000244140625,351.5400085449219,138.8300018310547,109.4800033569336,88.31999969482422,59.810001373291016,28.0,41.470001220703125,127.9000015258789,127.56999969482422,53.810001373291016,147.9166717529297,93.5999984741211,496.1300048828125,36.439998626708984,142.25999450683594,38.15999984741211,43.56999969482422,32.34000015258789,131.05999755859375,116.8499984741211,157.7899932861328,94.80999755859375,241.36000061035156,667.3900146484375,63.64400100708008,28.329999923706055,68.66999816894531,46.43000030517578,105.01000213623047,168.9199981689453,52.900001525878906,119.5,323.1499938964844,32.540000915527344,153.94000244140625,129.41000366210938,342.29998779296875,132.92999267578125,105.56999969482422,86.66999816894531,57.869998931884766,27.336000442504883,40.650001525878906,124.6500015258789,123.61000061035156,51.970001220703125,145.1266632080078,91.70999908447266,483.489990234375,35.54999923706055,136.5500030517578,37.400001525878906,42.935001373291016,32.02000045776367,129.1999969482422,113.12000274658203,158.25,96.69999694824219,242.0,674.7999877929688,63.900001525878906,28.639999389648438,69.02999877929688,47.13999938964844,105.12999725341797,169.8000030517578,53.40999984741211,120.66999816894531,326.1400146484375,32.939998626708984,154.9499969482422,129.91000366210938,343.239990234375,137.22999572753906,105.94999694824219,87.94999694824219,59.810001373291016,27.509000778198242,40.689998626708984,126.91000366210938,126.98999786376953,52.27000045776367,147.35667419433594,93.01000213623047,485.20001220703125,36.20000076293945,141.9199981689453,37.52000045776367,43.15999984741211,32.119998931884766,129.55999755859375,113.38999938964844,4389400,50655300,2478700,657200,15682000,51996800,7333900,16633100,12394300,12868200,18907000,5011800,1808800,57038300,6841900,11775400,3039600,4745700,6964100,7728400,23610800,398716000,20817200,4845300,6367800,20003400,1876800,6863600,4729100,12209800,6276100,21541000,62452200,51213500,8937300,28087700
2023-04-04,142.1821746826172,95.87000274658203,223.63401794433594,649.75390625,60.96543502807617,25.88414764404297,59.490482330322266,41.32301712036133,95.96348571777344,147.5330352783203,47.29815673828125,106.9027328491211,299.79949951171875,32.30650329589844,144.9432830810547,119.00205993652344,346.2418212890625,117.5140609741211,99.27620697021484,76.42451477050781,56.42534637451172,27.4287166595459,33.57297897338867,108.13006591796875,114.21640014648438,46.75149917602539,141.2313995361328,88.17483520507812,464.9920959472656,30.48829460144043,115.79350280761719,33.890079498291016,38.54960632324219,30.402013778686523,124.54911804199219,103.15214538574219,159.77999877929688,95.87000274658203,247.52999877929688,668.6799926757812,63.441001892089844,27.979999542236328,68.91000366210938,46.09000015258789,106.30000305175781,169.0399932861328,52.7400016784668,119.62000274658203,322.6499938964844,33.099998474121094,158.49000549316406,128.4199981689453,354.6199951171875,125.81999969482422,108.83000183105469,84.81999969482422,57.27000045776367,27.452999114990234,40.900001525878906,122.83000183105469,122.30000305175781,50.459999084472656,144.20333862304688,92.16999816894531,493.25,35.060001373291016,127.43000030517578,36.810001373291016,42.505001068115234,31.90999984741211,130.92999267578125,115.0199966430664,161.72999572753906,97.2699966430664,248.11000061035156,681.5999755859375,64.42400360107422,28.649999618530273,69.77999877929688,47.02000045776367,108.7699966430664,171.13999938964844,53.52000045776367,122.5199966430664,326.8699951171875,33.84000015258789,158.97000122070312,130.58999633789062,359.0,134.47000122070312,109.33999633789062,87.19999694824219,60.099998474121094,28.0,41.529998779296875,126.25,125.22000122070312,52.529998779296875,147.25332641601562,93.27999877929688,496.1000061035156,36.33000183105469,136.8000030517578,37.79999923706055,43.474998474121094,32.34000015258789,131.69000244140625,116.69999694824219,159.52999877929688,95.20999908447266,243.8000030517578,666.0599975585938,63.20000076293945,27.65999984741211,68.62999725341797,45.650001525878906,105.11000061035156,167.72000122070312,51.5,117.2699966430664,320.1199951171875,32.84000015258789,156.58999633789062,127.41000366210938,351.2699890136719,124.9000015258789,108.16000366210938,84.26000213623047,56.95000076293945,27.30699920654297,40.7599983215332,121.27999877929688,121.80999755859375,49.959999084472656,143.39666748046875,91.72000122070312,491.8399963378906,34.52000045776367,126.7699966430664,36.38999938964844,42.125,31.700000762939453,130.69000244140625,114.16999816894531,160.50999450683594,97.04000091552734,244.52000427246094,675.8800048828125,64.31500244140625,28.549999237060547,69.77999877929688,46.900001525878906,108.33000183105469,171.13999938964844,53.29999923706055,122.25,326.82000732421875,32.849998474121094,156.97000122070312,130.5,352.07000732421875,134.27999877929688,108.69999694824219,87.0,59.68000030517578,27.965999603271484,41.439998626708984,125.87999725341797,124.93000030517578,52.36000061035156,147.2100067138672,93.04000091552734,493.0299987792969,36.189998626708984,136.5500030517578,37.70000076293945,43.41999816894531,32.290000915527344,131.0500030517578,116.26000213623047,4224400,43195900,2942800,877900,13429000,56233300,8626700,15542400,5425500,7521400,10252700,3631000,1536800,55714100,8314500,11579900,3585900,5256800,6108200,6222800,21303200,368592000,19514500,3480100,6962700,9378100,2324100,6338400,2624700,12238700,8945000,21942700,49363000,45939300,9052600,16365500
2023-04-05,143.08981323242188,92.55999755859375,228.9102325439453,645.1091918945312,60.44649887084961,25.569610595703125,60.276092529296875,41.036109924316406,97.27249908447266,148.26617431640625,48.00663375854492,107.572998046875,298.75885009765625,32.0429801940918,151.45472717285156,119.17951965332031,353.6817932128906,123.9492416381836,102.08583068847656,75.52349853515625,56.17903137207031,26.857223510742188,34.106536865234375,106.8976058959961,114.90747833251953,46.97386169433594,138.7829132080078,86.29022216796875,480.0566711425781,30.531766891479492,122.75402069091797,33.96373748779297,39.13005065917969,30.363901138305664,126.69896697998047,104.91887664794922,160.8000030517578,92.55999755859375,253.3699951171875,663.9000244140625,62.9010009765625,27.639999389648438,69.81999969482422,45.77000045776367,107.75,169.8800048828125,53.529998779296875,120.37000274658203,321.5299987792969,32.83000183105469,165.61000061035156,127.61000061035156,362.239990234375,132.7100067138672,111.91000366210938,83.81999969482422,57.02000045776367,26.881000518798828,41.54999923706055,121.43000030517578,123.04000091552734,50.70000076293945,141.70333862304688,90.19999694824219,509.2300109863281,35.11000061035156,135.08999633789062,36.88999938964844,43.14500045776367,31.8700008392334,133.19000244140625,116.98999786376953,161.6699981689453,94.5,253.7100067138672,664.780029296875,63.16999816894531,27.90999984741211,70.20999908447266,46.189998626708984,107.87999725341797,170.44000244140625,53.59000015258789,120.61000061035156,322.20001220703125,32.9900016784668,165.66000366210938,128.14999389648438,364.8500061035156,133.39999389648438,112.33999633789062,84.52999877929688,57.11000061035156,26.99799919128418,42.220001220703125,123.19000244140625,123.22000122070312,51.15999984741211,142.78334045410156,92.18000030517578,511.739990234375,35.2599983215332,135.72000122070312,37.0099983215332,43.14500045776367,31.959999084472656,133.4199981689453,117.0,159.00999450683594,91.36000061035156,248.22999572753906,657.3099975585938,62.56999969482422,27.459999084472656,69.04000091552734,45.310001373291016,105.91999816894531,167.74000549316406,52.099998474121094,117.80999755859375,319.3699951171875,32.34000015258789,162.75999450683594,126.45999908447266,357.92999267578125,125.05999755859375,109.58000183105469,83.19999694824219,56.0099983215332,26.395000457763672,41.16999816894531,120.33000183105469,121.25,49.90999984741211,140.2066650390625,89.05000305175781,496.1000061035156,34.47999954223633,127.16000366210938,36.27000045776367,42.255001068115234,31.65999984741211,131.50999450683594,114.30999755859375,160.0,94.3499984741211,248.57000732421875,663.6599731445312,63.11399841308594,27.65999984741211,69.45999908447266,45.470001220703125,106.91000366210938,169.25999450683594,52.79999923706055,120.0199966430664,319.6199951171875,32.79999923706055,164.3699951171875,126.80000305175781,358.0799865722656,125.5,109.91000366210938,83.83000183105469,56.81999969482422,26.82900047302246,41.290000915527344,120.80999755859375,121.41999816894531,50.58000183105469,142.663330078125,91.5999984741211,497.3900146484375,34.83000183105469,127.61000061035156,36.5,42.61000061035156,31.670000076293945,131.66000366210938,115.3499984741211,5743000,52979300,2468000,850300,16908000,47799400,7739000,11739100,5806800,6478100,8297200,3263400,1329300,39615700,16704200,9614700,3442700,6391300,8006100,6045400,19456200,515015000,29697600,3550000,6920900,9102100,3343800,9171800,4964800,12734700,8034200,15486900,40552200,57965300,12325800,16479500
2023-04-06,143.75721740722656,92.47000122070312,228.86505126953125,638.5211181640625,59.83435821533203,25.75463104248047,61.573001861572266,41.11680603027344,95.92737579345703,146.31993103027344,47.45060729980469,106.6793212890625,299.5672912597656,32.023460388183594,151.03402709960938,119.04876708984375,359.5888977050781,120.18526458740234,102.46894836425781,75.85687255859375,57.81292724609375,27.013086318969727,34.065486907958984,107.29373931884766,114.87012481689453,45.97323226928711,138.0679473876953,86.32847595214844,483.4315490722656,31.088321685791016,120.48229217529297,34.893619537353516,38.53600311279297,30.478233337402344,127.01290130615234,103.1790771484375,161.5500030517578,92.47000122070312,253.32000732421875,657.1199951171875,62.263999938964844,27.84000015258789,70.73999786376953,45.86000061035156,106.26000213623047,167.64999389648438,52.90999984741211,119.37000274658203,322.3999938964844,32.810001373291016,165.14999389648438,127.47000122070312,368.2900085449219,128.67999267578125,112.33000183105469,84.19000244140625,58.560001373291016,27.03700065612793,41.5,121.87999725341797,123.0,49.619998931884766,140.97332763671875,90.23999786376953,512.8099975585938,35.75,132.58999633789062,37.900001525878906,42.4900016784668,31.989999771118164,133.52000427246094,115.05000305175781,162.19000244140625,92.91000366210938,255.42999267578125,665.2000122070312,62.84000015258789,28.010000228881836,71.06999969482422,46.209999084472656,107.73999786376953,169.41000366210938,53.529998779296875,120.2699966430664,323.2300109863281,33.0,167.22999572753906,128.0800018310547,369.5,133.0500030517578,114.16999816894531,84.4000015258789,59.150001525878906,27.079999923706055,42.099998474121094,124.0999984741211,123.8499984741211,50.84000015258789,142.01333618164062,90.91000366210938,514.239990234375,36.25,135.9499969482422,38.099998474121094,43.125,32.04999923706055,134.11000061035156,117.18000030517578,160.6199951171875,90.62000274658203,252.92999267578125,655.3200073242188,61.89699935913086,27.6200008392334,69.5999984741211,45.52000045776367,105.88999938964844,167.1300048828125,52.720001220703125,118.9000015258789,319.9800109863281,32.459999084472656,164.8000030517578,126.86000061035156,364.25,128.3800048828125,111.63999938964844,83.20999908447266,56.79999923706055,26.427000045776367,41.369998931884766,119.79000091552734,121.05000305175781,49.5,139.32333374023438,89.4000015258789,507.1499938964844,35.20000076293945,131.9199981689453,37.060001373291016,42.404998779296875,31.780000686645508,133.07000732421875,114.7699966430664,160.8000030517578,91.47000122070312,254.36000061035156,658.2999877929688,62.41600036621094,27.719999313354492,69.69000244140625,45.79999923706055,106.9000015258789,169.35000610351562,53.22999954223633,119.66000366210938,320.3800048828125,32.599998474121094,165.99000549316406,127.0,364.8500061035156,132.9499969482422,113.0,83.9000015258789,56.95000076293945,26.583999633789062,41.93000030517578,120.0,122.33999633789062,50.68000030517578,140.41000366210938,89.66000366210938,511.0,35.25,135.50999450683594,37.11000061035156,43.08000183105469,31.809999465942383,133.7100067138672,116.86000061035156,5498300,47778400,2047800,679600,14493000,41216600,9669500,11918100,5087800,5803200,6239500,2843200,1311000,28551900,9615400,8760200,3531700,3280100,6894500,3877800,21496500,397654000,25931800,3507200,5260600,6734100,1894800,5874500,3472600,12008400,3170500,23484900,33378600,36762300,8276300,15778000
2023-04-10,143.51695251464844,95.4800033569336,226.67864990234375,642.9132690429688,60.29082107543945,25.847137451171875,61.1726188659668,41.70854568481445,95.64750671386719,146.87847900390625,47.88108444213867,107.572998046875,301.9458923339844,31.74040985107422,150.27499389648438,119.44100952148438,358.3293762207031,122.5762710571289,102.72437286376953,75.68568420410156,62.462833404541016,27.554607391357422,34.25428771972656,107.57544708251953,116.0748519897461,46.36236572265625,140.50660705566406,85.16136932373047,485.665771484375,30.966581344604492,122.76309967041016,35.56570053100586,38.8443603515625,30.544923782348633,126.92728424072266,102.72167205810547,161.27999877929688,95.4800033569336,250.89999389648438,661.6400146484375,62.73899841308594,27.940000534057617,70.27999877929688,46.52000045776367,105.94999694824219,168.2899932861328,53.38999938964844,120.37000274658203,324.9599914550781,32.52000045776367,164.32000732421875,127.88999938964844,367.0,131.24000549316406,112.61000061035156,84.0,63.27000045776367,27.57900047302246,41.72999954223633,122.19999694824219,124.29000091552734,50.040000915527344,143.4633331298828,89.0199966430664,515.1799926757812,35.61000061035156,135.10000610351562,38.630001068115234,42.83000183105469,32.060001373291016,133.42999267578125,114.54000091552734,162.05999755859375,95.80000305175781,256.44000244140625,661.989990234375,62.7869987487793,28.100000381469727,70.83999633789062,46.7599983215332,108.01000213623047,169.67999267578125,54.529998779296875,122.73999786376953,324.989990234375,32.7599983215332,164.83999633789062,128.22999572753906,368.3500061035156,131.97000122070312,113.08999633789062,84.36000061035156,63.77000045776367,27.621000289916992,41.7400016784668,122.9000015258789,124.58000183105469,50.959999084472656,143.56333923339844,89.02999877929688,515.3900146484375,36.2400016784668,136.07000732421875,38.709999084472656,43.31999969482422,32.06999969482422,133.5,116.18000030517578,160.2100067138672,91.0199966430664,250.0500030517578,645.489990234375,61.64500045776367,27.649999618530273,69.98999786376953,45.77000045776367,105.61000061035156,167.30999755859375,53.099998474121094,120.04000091552734,321.30999755859375,32.20000076293945,163.63999938964844,126.22000122070312,363.0400085449219,128.72999572753906,111.16999816894531,83.43000030517578,61.0,26.66900062561035,41.119998931884766,120.86000061035156,121.68000030517578,49.72999954223633,139.5366668701172,86.47000122070312,508.0899963378906,35.47999954223633,132.9600067138672,37.61000061035156,42.650001525878906,31.799999237060547,132.4600067138672,114.16999816894531,161.7100067138672,91.31999969482422,256.44000244140625,649.9299926757812,61.80500030517578,27.670000076293945,70.76000213623047,45.790000915527344,107.04000091552734,168.49000549316406,53.099998474121094,120.66999816894531,322.3999938964844,32.599998474121094,164.6300048828125,126.54000091552734,368.17999267578125,128.72999572753906,112.95999908447266,83.94999694824219,61.18000030517578,26.822999954223633,41.150001525878906,121.22000122070312,122.08999633789062,49.810001373291016,139.75999450683594,88.41999816894531,510.80999755859375,35.79999923706055,133.00999450683594,37.70000076293945,42.650001525878906,31.8700008392334,133.16000366210938,114.77999877929688,3309500,52536300,1595600,688700,15400000,40572700,5646400,11777100,4374700,5923500,6996900,2975900,1114400,30534400,5354000,9477300,1868000,2765700,6446500,6185800,43280100,395279000,15137300,3234800,5243700,5278400,1927200,12232900,2714500,10547700,2369600,27005800,26977200,27900700,8024300,13006600
2023-04-11,143.60595703125,94.02999877929688,227.1575164794922,641.0960083007812,59.731536865234375,26.55946159362793,60.955013275146484,42.318206787109375,96.36972045898438,147.69017028808594,48.69718933105469,108.74372100830078,304.1852722167969,31.574485778808594,150.22926330566406,120.0293960571289,355.4393005371094,123.46356201171875,102.61489868164062,76.66778564453125,62.759002685546875,27.14496421813965,34.30354309082031,107.67228698730469,115.4024658203125,47.381526947021484,139.76882934570312,85.37181854248047,491.1239929199219,30.897005081176758,124.22607421875,36.247005462646484,39.21167755126953,30.811695098876953,127.3553466796875,103.44808959960938,161.3800048828125,94.02999877929688,251.42999267578125,659.77001953125,62.15700149536133,28.709999084472656,70.02999877929688,47.20000076293945,106.75,169.22000122070312,54.29999923706055,121.68000030517578,327.3699951171875,32.349998474121094,164.27000427246094,128.52000427246094,364.0400085449219,132.19000244140625,112.48999786376953,85.08999633789062,63.56999969482422,27.16900062561035,41.790000915527344,122.30999755859375,123.56999969482422,51.13999938964844,142.7100067138672,89.23999786376953,520.969970703125,35.529998779296875,136.7100067138672,39.369998931884766,43.23500061035156,32.34000015258789,133.8800048828125,115.3499984741211,162.58999633789062,96.06999969482422,253.0800018310547,672.739990234375,63.0880012512207,28.75,70.5,47.369998931884766,107.19999694824219,170.33999633789062,54.810001373291016,122.61000061035156,329.20001220703125,33.11000061035156,165.27999877929688,128.94000244140625,368.79998779296875,133.33999633789062,113.30999755859375,85.76000213623047,64.29000091552734,27.790000915527344,41.9900016784668,123.20999908447266,125.25,51.400001525878906,144.35667419433594,89.83999633789062,522.219970703125,35.84000015258789,138.08999633789062,39.540000915527344,43.505001068115234,32.47999954223633,134.3699951171875,116.19999694824219,161.19000244140625,92.69000244140625,250.97999572753906,658.969970703125,62.082000732421875,27.959999084472656,69.97000122070312,46.59000015258789,105.48999786376953,168.07000732421875,53.47999954223633,120.56999969482422,323.6700134277344,32.31999969482422,164.0399932861328,127.54000091552734,363.5899963378906,131.08999633789062,112.31999969482422,84.12999725341797,63.040000915527344,27.125999450683594,41.70000076293945,121.43000030517578,123.16999816894531,49.95000076293945,142.43666076660156,88.47000122070312,515.219970703125,35.45000076293945,135.32000732421875,38.709999084472656,42.82500076293945,32.119998931884766,133.66000366210938,114.37999725341797,161.49000549316406,96.05999755859375,251.4199981689453,669.510009765625,63.077999114990234,28.020000457763672,70.47000122070312,46.66999816894531,106.0999984741211,169.07000732421875,53.7599983215332,121.94999694824219,326.04998779296875,32.65999984741211,164.4199981689453,128.3000030517578,367.760009765625,131.99000549316406,112.72000122070312,84.29000091552734,63.63999938964844,27.724000930786133,41.79999923706055,122.0999984741211,125.25,50.33000183105469,144.2566680908203,88.63999938964844,516.1400146484375,35.63999938964844,136.5399932861328,38.77000045776367,43.06999969482422,32.13999938964844,133.74000549316406,114.95999908447266,2875800,51935800,1272800,787400,16518000,58761200,4762500,14177300,4812200,5469600,6427300,2184200,1559600,27059100,5903800,10516300,2027000,2582900,5639800,5582100,23090200,314378000,15304100,2726500,5001400,8081100,1823100,11079200,3065300,11927800,2476300,25116100,25575200,53912600,8887500,11758500
2023-04-12,144.47801208496094,92.33000183105469,225.413818359375,636.130615234375,59.26353073120117,26.346691131591797,61.11168670654297,42.06717300415039,97.07386016845703,148.21380615234375,48.91242599487305,109.30674743652344,306.8519287109375,31.252399444580078,149.90914916992188,120.0107192993164,360.33087158203125,121.62360382080078,103.7643051147461,77.01017761230469,61.16953659057617,26.47157096862793,33.958770751953125,105.3746337890625,112.32057189941406,48.159786224365234,137.21261596679688,83.10456085205078,491.3314208984375,30.78396224975586,121.50910949707031,36.08127975463867,39.2388801574707,30.745004653930664,127.39337921142578,103.34048461914062,162.36000061035156,92.33000183105469,249.5,654.6599731445312,61.66999816894531,28.479999542236328,70.20999908447266,46.91999816894531,107.52999877929688,169.82000732421875,54.540000915527344,122.30999755859375,330.239990234375,32.02000045776367,163.9199981689453,128.5,369.04998779296875,130.22000122070312,113.75,85.47000122070312,61.959999084472656,26.4950008392334,41.369998931884766,119.69999694824219,120.2699966430664,51.97999954223633,140.10000610351562,86.87000274658203,521.1900024414062,35.400001525878906,133.72000122070312,39.189998626708984,43.26499938964844,32.27000045776367,133.9199981689453,115.2300033569336,163.47999572753906,95.0,252.7100067138672,672.0,62.75199890136719,29.010000228881836,70.66999816894531,47.63999938964844,109.08999633789062,171.1199951171875,55.25,122.87999725341797,332.07000732421875,32.88999938964844,164.83999633789062,130.42999267578125,372.44000244140625,132.08999633789062,114.30999755859375,86.0199966430664,64.36000061035156,27.468000411987305,41.790000915527344,123.27999877929688,124.5,52.220001220703125,144.1666717529297,89.5,526.7000122070312,36.029998779296875,137.25,39.849998474121094,43.625,32.66999816894531,134.89999389648438,116.58999633789062,161.60000610351562,91.73999786376953,248.8800048828125,653.6900024414062,61.625999450683594,28.3700008392334,69.80000305175781,46.52000045776367,107.41000366210938,169.47000122070312,54.2599983215332,121.51000213623047,327.17999267578125,31.959999084472656,163.10000610351562,128.05999755859375,363.3299865722656,130.0,111.87999725341797,84.79000091552734,61.84000015258789,26.447999954223633,41.27000045776367,119.44999694824219,120.1500015258789,50.7599983215332,139.9633331298828,86.86000061035156,520.0399780273438,34.970001220703125,133.3800048828125,38.88999938964844,43.1349983215332,32.189998626708984,133.67999267578125,114.93000030517578,162.1199951171875,94.97000122070312,252.5,669.010009765625,62.73400115966797,28.68000030517578,70.05000305175781,47.47999954223633,108.4800033569336,170.4499969482422,54.529998779296875,121.6500015258789,331.7200012207031,32.77000045776367,163.94000244140625,129.17999267578125,364.0199890136719,131.69000244140625,112.25,85.51000213623047,64.36000061035156,27.3700008392334,41.630001068115234,123.05000305175781,124.41000366210938,51.31999969482422,144.1233367919922,88.91000366210938,524.97998046875,35.779998779296875,136.6199951171875,39.41999816894531,43.53499984741211,32.5,134.39999389648438,116.16000366210938,4005000,53383100,2268900,897300,14112000,44313300,5364300,14330900,8108200,6157900,7277200,2805100,1862400,37070800,5764100,11821000,2672600,2411700,6136700,4641800,16694100,446259000,17035100,4446300,5288300,8400500,2598900,11299100,3422400,11586300,2968700,20252900,33334400,63645800,8988600,10919000
2023-04-13,146.10350036621094,92.08999633789062,227.16651916503906,646.576416015625,59.98810958862305,26.420698165893555,61.52948760986328,42.40787124633789,98.43704986572266,150.19500732421875,49.52226638793945,109.13127899169922,308.6081237792969,31.35976219177246,151.91197204589844,120.46833801269531,366.2867736816406,121.86643981933594,105.43364715576172,77.20841217041016,62.19627380371094,26.439594268798828,34.04086685180664,106.8800048828125,113.12372589111328,48.0764045715332,138.34217834472656,83.27677154541016,496.0826110839844,30.766557693481445,120.97300720214844,36.513999938964844,39.48374938964844,31.021297454833984,129.04859924316406,103.82476043701172,162.69000244140625,92.08999633789062,251.44000244140625,665.4099731445312,62.42399978637695,28.559999465942383,70.69000244140625,47.29999923706055,109.04000091552734,172.08999633789062,55.220001220703125,121.29000091552734,332.1300048828125,32.130001068115234,166.11000061035156,128.99000549316406,375.1499938964844,130.47999572753906,115.58000183105469,85.69000244140625,63.0,26.46299934387207,41.470001220703125,121.41000366210938,121.12999725341797,51.88999938964844,141.25332641601562,87.05000305175781,526.22998046875,35.380001068115234,133.1300048828125,39.65999984741211,43.53499984741211,32.560001373291016,135.66000366210938,115.7699966430664,162.86000061035156,93.16000366210938,251.89999389648438,670.8800048828125,62.650001525878906,28.639999389648438,70.81999969482422,47.59000015258789,109.9000015258789,172.47000122070312,55.4900016784668,122.5,332.94000244140625,32.43000030517578,166.3300018310547,129.0399932861328,375.55999755859375,131.10000610351562,115.81999969482422,85.77999877929688,63.369998931884766,26.886999130249023,41.70000076293945,121.69000244140625,121.66000366210938,52.29999923706055,142.0833282470703,87.62999725341797,530.4500122070312,35.38999938964844,133.85000610351562,39.68000030517578,43.64500045776367,32.58000183105469,135.80999755859375,115.88999938964844,160.5500030517578,91.83000183105469,248.27000427246094,659.8499755859375,61.71099853515625,28.239999771118164,69.93000030517578,46.58000183105469,107.12000274658203,169.82000732421875,54.38999938964844,120.9000015258789,327.0,31.649999618530273,163.80999755859375,126.83000183105469,370.30999755859375,127.69999694824219,113.6500015258789,84.44000244140625,60.790000915527344,26.32900047302246,41.29999923706055,118.48999786376953,119.12000274658203,51.7599983215332,139.2933349609375,85.97000122070312,520.5,34.72999954223633,130.4499969482422,39.040000915527344,43.095001220703125,32.06999969482422,134.1999969482422,114.12999725341797,161.0,92.79000091552734,248.60000610351562,662.3300170898438,61.90700149536133,28.559999465942383,70.44000244140625,46.900001525878906,107.94000244140625,170.25,54.400001525878906,121.7300033569336,330.0799865722656,31.81999969482422,164.17999267578125,128.4600067138672,372.6199951171875,129.4600067138672,114.97000122070312,85.38999938964844,61.5099983215332,26.733999252319336,41.529998779296875,120.0,120.05000305175781,51.939998626708984,140.4166717529297,86.55999755859375,523.9099731445312,35.33000183105469,132.49000549316406,39.31999969482422,43.20000076293945,32.290000915527344,134.49000549316406,114.5999984741211,3868500,40572500,2020900,1118600,17265000,52261400,5981600,15578900,7160100,6856600,6567500,2912800,1765500,29722300,5640600,12450200,2839900,2495400,7332300,5086000,23286500,353615000,22880900,4856200,6077100,6544300,3013500,7910500,4224400,12799100,3223100,22397800,31384600,58550300,9373500,12399700
2023-04-14,145.11561584472656,91.75,225.8655548095703,647.3441162109375,59.53644943237305,27.308788299560547,61.32058334350586,44.434120178222656,97.94955444335938,150.50047302246094,49.95274353027344,109.4192123413086,313.0589904785156,31.125513076782227,151.6650390625,129.56488037109375,365.8767395019531,122.14662170410156,105.18734741210938,78.12743377685547,61.83099365234375,26.734331130981445,33.81102752685547,107.26732635498047,112.21783447265625,48.62303924560547,138.12669372558594,83.4202651977539,482.4700012207031,30.41002655029297,119.8189697265625,36.4955940246582,39.55630874633789,31.326171875,128.01170349121094,104.07588958740234,161.58999633789062,91.75,250.0,666.2000122070312,61.95399856567383,29.520000457763672,70.44999694824219,49.560001373291016,108.5,172.44000244140625,55.70000076293945,121.61000061035156,336.9200134277344,31.889999389648438,165.83999633789062,138.72999572753906,374.7300109863281,130.77999877929688,115.30999755859375,86.70999908447266,62.630001068115234,26.757999420166016,41.189998626708984,121.8499984741211,120.16000366210938,52.47999954223633,141.03334045410156,87.19999694824219,511.7900085449219,34.970001220703125,131.86000061035156,39.63999938964844,43.6150016784668,32.880001068115234,134.57000732421875,116.05000305175781,163.0,92.97000122070312,251.75999450683594,672.6400146484375,62.803001403808594,29.8700008392334,70.79000091552734,49.88999938964844,110.0199966430664,172.8800048828125,56.060001373291016,122.58000183105469,339.6300048828125,32.2400016784668,166.1199951171875,139.1199951171875,376.30999755859375,131.77999877929688,116.16999816894531,87.4000015258789,63.220001220703125,26.882999420166016,41.709999084472656,122.29000091552734,121.91999816894531,53.150001525878906,142.82666015625,88.37000274658203,527.239990234375,36.29999923706055,134.3000030517578,40.5099983215332,43.869998931884766,33.150001525878906,135.63999938964844,116.66000366210938,160.92999267578125,90.5,248.9600067138672,659.3699951171875,61.520999908447266,29.25,69.94999694824219,48.02000045776367,108.12000274658203,171.22000122070312,55.099998474121094,120.9000015258789,334.32000732421875,31.690000534057617,164.05999755859375,134.89999389648438,372.510009765625,129.44000244140625,114.66000366210938,86.0,61.77000045776367,26.219999313354492,40.93000030517578,117.51000213623047,118.76000213623047,51.88999938964844,139.49667358398438,86.54000091552734,508.5,34.869998931884766,130.9600067138672,39.119998931884766,43.36000061035156,32.720001220703125,134.07000732421875,115.12000274658203,162.63999938964844,91.81999969482422,250.6199951171875,665.4099731445312,62.04800033569336,29.299999237060547,70.5999984741211,48.16999816894531,109.4800033569336,172.5,55.2599983215332,121.5,336.5299987792969,32.0,165.97000122070312,135.14999389648438,374.239990234375,130.47000122070312,115.73999786376953,86.43000030517578,63.18000030517578,26.503999710083008,41.5099983215332,121.5,120.87000274658203,52.400001525878906,141.1199951171875,87.94999694824219,522.0,36.20000076293945,133.8699951171875,39.75,43.595001220703125,32.900001525878906,135.35000610351562,115.9000015258789,3473100,38734800,1866200,645900,17465000,81110800,6260300,33064500,5052100,4930700,5969300,2442400,2275700,24623600,7225100,43931300,2287900,2402600,5005100,7865900,14953000,395660000,20627500,12921100,4833100,8037000,1963500,7656400,4872000,16186300,2463400,40963100,23560200,65276200,6632100,11530800
2023-04-17,144.74740600585938,89.87000274658203,224.1219024658203,620.9528198242188,60.287940979003906,28.095123291015625,61.45113754272461,44.55067825317383,95.34058380126953,149.17385864257812,49.59401321411133,108.67241668701172,315.6234130859375,31.36952018737793,151.50958251953125,130.59217834472656,363.5529479980469,120.76433563232422,104.91368103027344,80.45206451416016,61.74214553833008,26.97811508178711,33.802818298339844,111.49208068847656,111.48939514160156,48.23391342163086,138.12669372558594,84.17601013183594,476.39892578125,30.94917869567871,116.58405303955078,38.02390670776367,39.0892333984375,31.688215255737305,127.9070816040039,102.86517333984375,161.17999267578125,89.87000274658203,248.07000732421875,639.0399780273438,62.736000061035156,30.3700008392334,70.5999984741211,49.689998626708984,105.61000061035156,170.9199981689453,55.29999923706055,120.77999877929688,339.67999267578125,32.13999938964844,165.6699981689453,139.8300018310547,372.3500061035156,129.3000030517578,115.01000213623047,89.29000091552734,62.540000915527344,27.00200080871582,41.18000030517578,125.08999633789062,119.37999725341797,52.060001373291016,141.03334045410156,87.98999786376953,505.3500061035156,35.59000015258789,128.3000030517578,41.29999923706055,43.099998474121094,33.2599983215332,134.4600067138672,114.69999694824219,162.1999969482422,90.69000244140625,251.5,642.0999755859375,62.83399963378906,30.40999984741211,70.77999877929688,49.810001373291016,107.69000244140625,172.5399932861328,56.189998626708984,121.97000122070312,340.45001220703125,32.63999938964844,166.24000549316406,140.05999755859375,375.8999938964844,130.66000366210938,116.44999694824219,89.30999755859375,62.77000045776367,27.006000518798828,41.279998779296875,125.12999725341797,119.83999633789062,52.75,141.1233367919922,88.05000305175781,509.5899963378906,35.61000061035156,130.77000427246094,41.29999923706055,43.650001525878906,33.27000045776367,134.75999450683594,116.51000213623047,160.64999389648438,88.30000305175781,247.5800018310547,632.280029296875,61.78099822998047,29.399999618530273,70.22000122070312,49.09000015258789,105.5199966430664,170.22000122070312,55.08000183105469,120.62000274658203,333.67999267578125,31.770000457763672,164.94000244140625,137.66000366210938,371.1600036621094,127.62000274658203,114.19999694824219,86.2699966430664,61.97999954223633,26.433000564575195,40.959999084472656,118.70999908447266,118.16999816894531,51.400001525878906,139.09666442871094,87.16000366210938,502.75,33.939998626708984,127.58999633789062,39.560001373291016,42.95000076293945,32.720001220703125,133.75999450683594,114.41999816894531,161.9199981689453,90.2300033569336,250.88999938964844,638.739990234375,61.861000061035156,29.770000457763672,70.5999984741211,49.7599983215332,106.80000305175781,172.38999938964844,55.59000015258789,121.48999786376953,336.0,31.950000762939453,165.74000549316406,139.9499969482422,375.0,130.2100067138672,115.69000244140625,86.66000366210938,62.220001220703125,26.565000534057617,41.119998931884766,120.18000030517578,119.12999725341797,52.29999923706055,139.51666259765625,87.75,508.7200012207031,34.79999923706055,130.5800018310547,39.83000183105469,43.470001220703125,32.86000061035156,134.61000061035156,115.48999786376953,4354100,47250800,1784800,1536500,13201000,83704400,4435100,19590400,6278800,7006000,6132100,3574400,3012100,29601100,8046400,16050500,2059700,2875200,6575500,8876900,11546800,321471000,17608600,6292900,6370200,7374800,2206500,8163600,3660900,22419300,3525900,31445100,23762000,69670600,7187000,13260400
2023-04-18,143.3195037841797,89.77999877929688,222.33299255371094,625.1214599609375,60.764583587646484,28.27088737487793,61.12909698486328,44.90034484863281,94.7447509765625,148.8247833251953,49.52226638793945,107.07086181640625,310.2620849609375,31.066951751708984,147.2479248046875,132.05845642089844,361.1706237792969,120.54017639160156,104.74948120117188,80.9566421508789,61.13992691040039,27.642528533935547,33.285675048828125,111.19796752929688,110.53680419921875,48.335819244384766,138.72415161132812,84.31950378417969,475.578857421875,30.601337432861328,115.50272369384766,38.5486946105957,39.2434196472168,31.783491134643555,127.03192138671875,104.87403869628906,159.58999633789062,89.77999877929688,246.08999633789062,643.3300170898438,63.231998443603516,30.559999465942383,70.2300033569336,50.08000183105469,104.94999694824219,170.52000427246094,55.220001220703125,119.0,333.9100036621094,31.829999923706055,161.00999450683594,141.39999389648438,369.9100036621094,129.05999755859375,114.83000183105469,89.8499984741211,61.93000030517578,27.66699981689453,40.54999923706055,124.76000213623047,118.36000061035156,52.16999816894531,141.64332580566406,88.13999938964844,504.4800109863281,35.189998626708984,127.11000061035156,41.869998931884766,43.27000045776367,33.36000061035156,133.5399932861328,116.94000244140625,161.22999572753906,92.16000366210938,249.00999450683594,648.27001953125,63.54999923706055,30.93000030517578,70.75,50.29999923706055,105.69999694824219,172.38999938964844,55.459999084472656,120.55000305175781,336.54998779296875,32.459999084472656,164.69000244140625,141.77999877929688,374.260009765625,129.6699981689453,115.12000274658203,90.54000091552734,63.45000076293945,28.110000610351562,41.33000183105469,125.5999984741211,120.80000305175781,52.709999084472656,143.36000061035156,88.4000015258789,506.989990234375,35.61000061035156,127.76000213623047,42.060001373291016,43.380001068115234,33.43000030517578,134.72999572753906,117.20999908447266,158.41000366210938,89.33000183105469,244.64999389648438,636.760009765625,62.7130012512207,29.799999237060547,69.87999725341797,49.45000076293945,104.0999984741211,170.1300048828125,54.4900016784668,118.5999984741211,326.1300048828125,31.780000686645508,159.64999389648438,139.02999877929688,369.6600036621094,127.36000061035156,113.7300033569336,88.73999786376953,61.47999954223633,27.35700035095215,40.529998779296875,122.0999984741211,117.41000366210938,51.5099983215332,140.57000732421875,87.5,498.1400146484375,34.630001068115234,125.04000091552734,41.13999938964844,42.78499984741211,33.08000183105469,133.36000061035156,114.30000305175781,161.0,91.61000061035156,248.3699951171875,644.6900024414062,63.1619987487793,30.799999237060547,70.55000305175781,49.93000030517578,104.98999786376953,170.82000732421875,54.900001525878906,120.25,328.0,32.43000030517578,164.25,140.27000427246094,373.0,128.14999389648438,114.4800033569336,89.12999725341797,63.33000183105469,27.533000946044922,41.279998779296875,125.08999633789062,120.33999633789062,51.720001220703125,142.13333129882812,88.19999694824219,503.6700134277344,35.599998474121094,126.01000213623047,41.209999084472656,43.0,33.33000183105469,134.72999572753906,114.38999938964844,4996200,46246300,1638800,910300,16806000,114498800,5722900,16616200,7745300,8045600,5329700,4416900,7549500,26041400,14571500,13760100,1925300,2960600,5454500,10227600,12175200,604812000,18541500,4718800,4829900,5551200,2765100,8468200,3232000,19052200,3828000,27892300,24493600,49507500,7194200,17436100
2023-04-19,144.77438354492188,89.94000244140625,222.44146728515625,605.9498901367188,60.97407913208008,27.808340072631836,60.80703353881836,45.18724822998047,95.02460479736328,148.9644012451172,49.19043731689453,106.89091491699219,313.0311279296875,30.40325355529785,148.63795471191406,131.890380859375,361.7173767089844,118.04642486572266,104.11092376708984,81.49725341796875,59.876251220703125,27.906299591064453,33.031211853027344,114.41551208496094,110.70491027832031,48.76202392578125,137.2061004638672,83.44895935058594,458.34600830078125,31.314411163330078,113.04019165039062,38.889347076416016,39.10736846923828,31.859704971313477,127.42192077636719,104.542236328125,161.2100067138672,89.94000244140625,246.2100067138672,623.5999755859375,63.45000076293945,30.059999465942383,69.86000061035156,50.400001525878906,105.26000213623047,170.67999267578125,54.849998474121094,118.80000305175781,336.8900146484375,31.149999618530273,162.52999877929688,141.22000122070312,370.4700012207031,126.38999938964844,114.12999725341797,90.44999694824219,60.650001525878906,27.930999755859375,40.2400016784668,128.3699951171875,118.54000091552734,52.630001068115234,140.0933380126953,87.2300033569336,486.20001220703125,36.0099983215332,124.4000015258789,42.2400016784668,43.119998931884766,33.439998626708984,133.9499969482422,116.56999969482422,161.44000244140625,90.54000091552734,246.75999450683594,627.9500122070312,63.67900085449219,30.200000762939453,70.41999816894531,50.45000076293945,105.80999755859375,170.74000549316406,54.959999084472656,118.97000122070312,336.989990234375,31.520000457763672,162.67999267578125,141.5,371.2799987792969,128.39999389648438,115.38999938964844,90.69999694824219,61.209999084472656,28.0,40.560001373291016,129.64999389648438,118.69000244140625,52.7599983215332,140.42999267578125,87.37999725341797,501.9700012207031,36.119998931884766,126.0,42.40999984741211,43.154998779296875,33.529998779296875,134.14999389648438,116.9000015258789,158.52000427246094,88.22000122070312,244.3699951171875,616.8800048828125,62.55500030517578,29.790000915527344,69.55000305175781,49.380001068115234,103.5,169.10000610351562,53.95000076293945,116.7300033569336,331.6700134277344,31.079999923706055,161.1699981689453,140.39999389648438,367.3500061035156,124.70999908447266,114.01000213623047,86.5,60.380001068115234,27.23200035095215,40.20000076293945,123.63999938964844,116.44999694824219,51.65999984741211,139.23666381835938,86.04000091552734,483.6300048828125,34.70000076293945,122.19999694824219,41.790000915527344,42.64500045776367,33.25,133.1699981689453,115.7699966430664,158.6699981689453,88.51000213623047,245.25,624.760009765625,62.67900085449219,30.1299991607666,70.2699966430664,49.72999954223633,103.8499984741211,169.4600067138672,54.18000030517578,117.56999969482422,332.9800109863281,31.100000381469727,161.99000549316406,141.22999572753906,370.54998779296875,127.94000244140625,114.48999786376953,87.13999938964844,60.97999954223633,27.361000061035156,40.43000030517578,124.5999984741211,117.25,51.91999816894531,139.76333618164062,86.2300033569336,500.6499938964844,35.5099983215332,125.95999908447266,41.970001220703125,42.880001068115234,33.310001373291016,133.5800018310547,116.08000183105469,4826900,37344500,1246500,2266100,19060000,65594200,8179200,14894000,4717500,5506800,5112300,3047400,2625400,25746600,6752000,9158100,2173000,3835500,4683400,13886200,11652600,358660000,17214300,5967200,4241900,7791400,1264500,11191300,5809100,20970200,4409200,23310500,34246200,39478900,7048100,10682600
2023-04-20,145.25033569335938,90.11000061035156,219.9569091796875,615.6375122070312,60.83184814453125,27.660324096679688,60.51980209350586,44.29067611694336,93.68852233886719,148.239990234375,48.446075439453125,106.405029296875,314.7221374511719,30.120206832885742,149.59823608398438,131.50747680664062,365.95477294921875,117.39265441894531,104.14743041992188,81.47923278808594,60.675926208496094,27.08002471923828,32.71107482910156,111.94664001464844,110.7983169555664,48.1505241394043,137.07875061035156,85.41967010498047,459.5338134765625,30.227405548095703,111.72260284423828,38.364566802978516,38.76272964477539,31.764432907104492,126.89872741699219,103.70818328857422,161.74000549316406,90.11000061035156,243.4600067138672,633.5700073242188,63.301998138427734,29.899999618530273,69.52999877929688,49.400001525878906,103.77999877929688,169.85000610351562,54.02000045776367,118.26000213623047,338.7099914550781,30.860000610351562,163.5800018310547,140.80999755859375,374.80999755859375,125.69000244140625,114.16999816894531,90.43000030517578,61.459999084472656,27.104000091552734,39.849998474121094,125.5999984741211,118.63999938964844,51.970001220703125,139.9633331298828,89.29000091552734,487.4599914550781,34.7599983215332,122.94999694824219,41.66999816894531,42.7400016784668,33.34000015258789,133.39999389648438,115.63999938964844,161.77000427246094,91.58000183105469,246.39999389648438,639.8800048828125,64.27300262451172,30.229999542236328,69.80999755859375,50.04999923706055,103.9000015258789,170.05999755859375,54.150001525878906,118.31999969482422,339.30999755859375,31.25,163.82000732421875,141.42999267578125,376.05999755859375,126.33999633789062,114.5199966430664,91.81999969482422,61.95000076293945,28.030000686645508,40.189998626708984,126.93000030517578,119.9000015258789,52.220001220703125,142.06333923339844,91.87999725341797,489.6499938964844,35.45000076293945,123.30000305175781,42.04999923706055,42.75,33.43000030517578,133.60000610351562,115.68000030517578,160.5800018310547,88.7300033569336,243.0500030517578,625.3599853515625,62.7140007019043,29.770000457763672,68.8499984741211,49.099998474121094,102.12000274658203,168.02000427246094,53.470001220703125,116.37000274658203,334.32000732421875,30.709999084472656,160.9600067138672,139.83999633789062,369.760009765625,124.41000366210938,113.0,89.72000122070312,59.869998931884766,27.0,39.790000915527344,124.26000213623047,117.12000274658203,51.40999984741211,138.5500030517578,88.0999984741211,483.260009765625,34.130001068115234,120.8499984741211,41.45000076293945,42.220001220703125,33.209999084472656,132.77000427246094,113.2300033569336,161.17999267578125,88.83000183105469,246.1199951171875,625.3599853515625,62.7859992980957,29.84000015258789,69.69999694824219,49.810001373291016,103.44999694824219,168.75999450683594,53.790000915527344,117.91999816894531,334.95001220703125,30.760000228881836,162.42999267578125,139.91000366210938,371.3900146484375,125.05999755859375,114.18000030517578,89.8499984741211,59.880001068115234,27.67099952697754,40.08000183105469,126.5999984741211,117.29000091552734,51.95000076293945,138.69000244140625,88.31999969482422,485.4700012207031,35.45000076293945,122.70999908447266,41.869998931884766,42.52000045776367,33.220001220703125,133.30999755859375,115.12999725341797,3808100,47082700,1691300,1692900,20239000,43193800,5977700,20410200,5351600,5851100,6705700,2690100,2217900,30255100,9498800,10586200,2766500,3061000,4657900,6776000,14382200,427713000,20131600,3720500,5125000,8134100,2391900,19206300,3283000,21609500,3966600,19265500,30396200,39291800,6672000,17038700
2023-04-21,145.85203552246094,88.43000030517578,220.3182830810547,616.51220703125,60.8203239440918,27.632572174072266,61.35539245605469,43.958946228027344,92.31632232666016,147.60289001464844,48.09632110595703,105.55025482177734,317.4632263183594,29.57362937927246,148.7843017578125,131.25526428222656,376.138427734375,115.375244140625,105.2420883178711,82.10093688964844,60.35013198852539,27.09501838684082,33.006587982177734,109.96795654296875,109.9764633178711,46.1400032043457,136.07325744628906,81.66957092285156,456.1023864746094,29.149105072021484,108.70574951171875,37.96868133544922,38.53600311279297,31.650108337402344,127.7548828125,104.04000854492188,162.41000366210938,88.43000030517578,243.86000061035156,634.469970703125,63.290000915527344,29.8700008392334,70.48999786376953,49.029998779296875,102.26000213623047,169.1199951171875,53.630001068115234,117.30999755859375,341.6600036621094,30.299999237060547,162.69000244140625,140.5399932861328,385.239990234375,123.52999877929688,115.37000274658203,91.12000274658203,61.130001068115234,27.118999481201172,40.209999084472656,123.37999725341797,117.76000213623047,49.79999923706055,138.93666076660156,85.37000274658203,483.82000732421875,33.52000045776367,119.62999725341797,41.2400016784668,42.4900016784668,33.220001220703125,134.3000030517578,116.01000213623047,163.19000244140625,89.80000305175781,243.9199981689453,637.1400146484375,63.380001068115234,29.979999542236328,70.55000305175781,49.220001220703125,104.19999694824219,170.58999633789062,54.16999816894531,118.55000305175781,342.3599853515625,30.84000015258789,164.97000122070312,141.11000061035156,386.2699890136719,126.05999755859375,115.6500015258789,91.33999633789062,61.45000076293945,27.183000564575195,40.29999923706055,125.3499984741211,118.19000244140625,51.75,139.47999572753906,87.91000366210938,490.7300109863281,34.34000015258789,122.48999786376953,41.400001525878906,42.915000915527344,33.2599983215332,134.75,116.87999725341797,162.02000427246094,88.05999755859375,242.64999389648438,627.7999877929688,62.19900131225586,29.40999984741211,69.94999694824219,48.31999969482422,101.62999725341797,168.83999633789062,53.2400016784668,116.52999877929688,336.0,30.229999542236328,161.97000122070312,138.77999877929688,378.0,122.6500015258789,114.58999633789062,89.16999816894531,60.72999954223633,26.722000122070312,39.90999984741211,122.88999938964844,116.55000305175781,49.09000015258789,137.7133331298828,85.27999877929688,482.1400146484375,32.61000061035156,118.68000030517578,40.209999084472656,42.29999923706055,33.029998779296875,133.7100067138672,115.26000213623047,162.58999633789062,89.80000305175781,243.4600067138672,635.510009765625,63.060001373291016,29.75,70.08000183105469,48.959999084472656,104.0999984741211,169.8300018310547,54.16999816894531,118.55000305175781,339.0,30.84000015258789,164.44000244140625,139.74000549316406,378.010009765625,125.62999725341797,114.87000274658203,90.4800033569336,61.150001525878906,26.95199966430664,40.09000015258789,124.73999786376953,117.87000274658203,51.7400016784668,139.47999572753906,87.77999877929688,490.0400085449219,34.290000915527344,122.44000244140625,41.209999084472656,42.89500045776367,33.2400016784668,134.1300048828125,116.48999786376953,4812100,41118300,1721300,982000,14807000,44759000,6543600,14377300,5279000,7179000,5510400,3149500,2278900,28655800,7014200,11842500,3682500,3256300,6554600,6531000,9606200,345103000,19227100,3537900,4980700,15776000,2157600,13175400,3165300,28303000,6644600,23975300,33757600,41545000,6535900,14315300
2023-04-24,147.35174560546875,87.56999969482422,220.85133361816406,609.6229248046875,60.97792053222656,27.53080940246582,61.39892578125,43.958946228027344,93.5711669921875,149.66262817382812,48.849647521972656,107.23281860351562,319.600341796875,28.948970794677734,149.68968200683594,131.43275451660156,374.2930908203125,118.15850830078125,105.76203155517578,81.2719955444336,58.75080108642578,27.01807975769043,32.76032638549805,110.76121520996094,109.59358978271484,46.529136657714844,135.4627685546875,80.97123718261719,460.9289855957031,28.514291763305664,109.04197692871094,38.162010192871094,39.125511169433594,31.573888778686523,128.46832275390625,106.0040283203125,164.0800018310547,87.56999969482422,244.4499969482422,627.3800048828125,63.45399856567383,29.760000228881836,70.54000091552734,49.029998779296875,103.6500015258789,171.47999572753906,54.470001220703125,119.18000030517578,343.9599914550781,29.65999984741211,163.67999267578125,140.72999572753906,383.3500061035156,126.51000213623047,115.94000244140625,90.19999694824219,59.5099983215332,27.04199981689453,39.90999984741211,124.2699966430664,117.3499984741211,50.220001220703125,138.31333923339844,84.63999938964844,488.94000244140625,32.790000915527344,120.0,41.45000076293945,43.13999938964844,33.13999938964844,135.0500030517578,118.19999694824219,164.36000061035156,88.63999938964844,245.3699951171875,641.3099975585938,63.8849983215332,29.899999618530273,70.62000274658203,49.310001373291016,103.94999694824219,172.3800048828125,54.84000015258789,119.69999694824219,345.05999755859375,30.3700008392334,163.80999755859375,141.10000610351562,387.04998779296875,127.63999938964844,116.27999877929688,91.4800033569336,60.880001068115234,27.365999221801758,40.20000076293945,124.6500015258789,117.83000183105469,50.97999954223633,139.47666931152344,85.95999908447266,490.2200012207031,33.40999984741211,121.38999938964844,41.599998474121094,43.34000015258789,33.31999969482422,135.08999633789062,118.88999938964844,162.3300018310547,86.33999633789062,242.3300018310547,626.9299926757812,63.17900085449219,29.59000015258789,70.05999755859375,48.75,101.7699966430664,168.5800018310547,53.38999938964844,117.18000030517578,341.5299987792969,29.610000610351562,161.8699951171875,140.0399932861328,381.6300048828125,123.0199966430664,114.7699966430664,89.55000305175781,59.349998474121094,26.67099952697754,39.709999084472656,122.63999938964844,116.56999969482422,49.36000061035156,137.3800048828125,83.98999786376953,482.6499938964844,32.54999923706055,118.30999755859375,41.040000915527344,42.34000015258789,33.060001373291016,134.10000610351562,115.87999725341797,162.57000732421875,88.11000061035156,243.1999969482422,640.8300170898438,63.36399841308594,29.790000915527344,70.33999633789062,49.029998779296875,101.94999694824219,169.10000610351562,53.529998779296875,117.4800033569336,341.989990234375,30.1299991607666,162.69000244140625,140.4600067138672,385.239990234375,123.30999755859375,115.63999938964844,91.2300033569336,60.099998474121094,27.01300048828125,40.189998626708984,124.0,117.81999969482422,49.5099983215332,138.68666076660156,85.4000015258789,483.4100036621094,33.27000045776367,118.56999969482422,41.130001068115234,42.35499954223633,33.20000076293945,134.44000244140625,115.91999816894531,4728900,40423800,1232100,1431400,12338000,28020300,5384500,11208800,5215800,7177600,5473400,1939500,1966300,38732500,5278900,7567500,2059700,4208000,4299100,5004400,13402600,339282000,17633700,2333600,4097900,10252300,2074800,10567600,2322400,16238100,5268600,17327800,25251800,32774200,6299800,15831300
2023-04-25,148.08815002441406,83.80000305175781,221.23081970214844,588.6146850585938,59.77477264404297,26.67972183227539,61.13779067993164,42.94581604003906,92.16285705566406,147.48944091796875,47.719661712646484,104.97441864013672,315.4376220703125,28.187671661376953,151.0614776611328,128.57492065429688,375.74786376953125,115.02033233642578,106.30023956298828,79.34381103515625,57.398277282714844,26.217790603637695,32.28423309326172,110.25316619873047,106.51170349121094,45.36174392700195,130.91188049316406,78.72309112548828,463.7383117675781,27.627296447753906,107.08830261230469,37.33340835571289,38.390892028808594,31.030820846557617,127.09851837158203,104.49738311767578,164.89999389648438,83.80000305175781,244.8699951171875,605.760009765625,62.20199966430664,28.84000015258789,70.23999786376953,47.900001525878906,102.08999633789062,168.99000549316406,53.209999084472656,116.66999816894531,339.4800109863281,28.8799991607666,165.17999267578125,137.6699981689453,384.8399963378906,123.1500015258789,116.52999877929688,88.05999755859375,58.13999938964844,26.240999221801758,39.33000183105469,123.69999694824219,114.05000305175781,48.959999084472656,133.6666717529297,82.29000091552734,491.9200134277344,31.770000457763672,117.8499984741211,40.54999923706055,42.33000183105469,32.56999969482422,133.61000061035156,116.5199966430664,166.1999969482422,87.05999755859375,246.52999877929688,626.469970703125,63.5989990234375,29.530000686645508,70.94000244140625,48.650001525878906,102.41000366210938,170.39999389648438,53.7599983215332,117.87999725341797,343.4700012207031,29.56999969482422,165.35000610351562,139.9600067138672,390.4800109863281,125.75,116.86000061035156,89.83000183105469,59.34000015258789,27.246999740600586,39.91999816894531,124.6500015258789,116.83999633789062,49.63999938964844,137.5,83.4000015258789,498.5,32.939998626708984,119.69999694824219,41.060001373291016,42.79499816894531,32.9900016784668,135.25999450683594,117.73999786376953,164.49000549316406,83.76000213623047,244.30999755859375,605.760009765625,62.17399978637695,28.81999969482422,70.0999984741211,47.720001220703125,100.4800033569336,168.42999267578125,52.650001525878906,115.55999755859375,338.3299865722656,28.8700008392334,164.16000366210938,137.6300048828125,384.0,122.51000213623047,115.91000366210938,87.88999938964844,58.029998779296875,26.225000381469727,39.279998779296875,121.12000274658203,113.68000030517578,47.97999954223633,133.5800018310547,82.26000213623047,490.5799865722656,31.299999237060547,117.31999969482422,40.38999938964844,42.08000183105469,32.560001373291016,133.4199981689453,115.62999725341797,164.80999755859375,86.9000015258789,245.1199951171875,626.469970703125,63.39899826049805,29.450000762939453,70.68000030517578,48.5,101.5999984741211,170.32000732421875,53.599998474121094,116.98999786376953,341.0,29.440000534057617,164.30999755859375,139.60000610351562,385.04998779296875,125.18000030517578,116.22000122070312,89.63999938964844,59.130001068115234,27.077999114990234,39.75,122.44000244140625,116.73999786376953,49.400001525878906,137.48666381835938,83.2699966430664,492.67999267578125,32.400001525878906,119.5,40.70000076293945,42.720001220703125,32.93000030517578,134.85000610351562,117.55000305175781,5506200,52771500,1509700,1404900,23670000,49718800,5337300,15374000,5355800,5807200,6242700,1988900,2138200,38289900,6263100,10629300,2648600,2884900,5662800,5806700,15987300,378527000,24492400,4996000,7045200,9312100,2482500,13423700,2937300,22540100,4058300,20728000,30665200,58534300,7752000,12179800
2023-04-26,145.30422973632812,85.94000244140625,215.7467803955078,591.8602905273438,59.21452713012695,26.3096866607666,59.205474853515625,42.01337814331055,90.70040130615234,144.86236572265625,46.81386947631836,104.065673828125,312.7244567871094,28.353595733642578,148.72027587890625,126.29608917236328,367.38037109375,114.44124603271484,103.47239685058594,79.68620300292969,60.24153518676758,26.932159423828125,31.70963478088379,113.95205688476562,106.61443328857422,44.26845932006836,131.61048889160156,78.68482208251953,455.2822265625,27.409896850585938,105.98880004882812,36.32986831665039,37.87846374511719,30.735471725463867,125.29112243652344,103.53778839111328,161.8000030517578,85.94000244140625,238.8000030517578,609.0999755859375,61.61899948120117,28.440000534057617,68.0199966430664,46.86000061035156,100.47000122070312,165.97999572753906,52.20000076293945,115.66000366210938,336.55999755859375,29.049999237060547,162.6199951171875,135.22999572753906,376.2699890136719,122.52999877929688,113.43000030517578,88.44000244140625,61.02000045776367,26.95599937438965,38.630001068115234,127.8499984741211,114.16000366210938,47.779998779296875,134.3800048828125,82.25,482.95001220703125,31.520000457763672,116.63999938964844,39.459999084472656,41.76499938964844,32.2599983215332,131.7100067138672,115.44999694824219,163.25999450683594,87.3499984741211,243.5500030517578,615.1300048828125,62.3129997253418,28.940000534057617,69.73999786376953,47.86000061035156,102.12999725341797,168.9499969482422,53.33000183105469,117.33000183105469,340.6000061035156,29.809999465942383,164.38999938964844,137.80999755859375,381.5,123.81999969482422,115.19999694824219,89.79000091552734,61.18000030517578,27.329999923706055,39.189998626708984,129.58999633789062,115.0999984741211,49.16999816894531,135.7566680908203,82.37999725341797,487.70001220703125,32.060001373291016,118.54000091552734,40.45000076293945,42.41999816894531,32.65999984741211,132.52000427246094,117.08999633789062,160.5,85.31999969482422,238.5800018310547,606.1699829101562,61.35100173950195,28.299999237060547,67.63999938964844,46.38999938964844,99.6500015258789,165.22999572753906,51.540000915527344,114.5999984741211,334.6400146484375,28.84000015258789,162.24000549316406,134.0,370.67999267578125,121.31999969482422,112.72000122070312,87.91000366210938,59.34000015258789,26.704999923706055,38.400001525878906,123.41000366210938,113.20999908447266,47.439998626708984,133.69332885742188,81.20999908447266,478.3599853515625,31.260000228881836,115.80999755859375,39.2400016784668,41.5099983215332,32.119998931884766,130.9199981689453,114.68000030517578,162.67999267578125,86.51000213623047,242.0800018310547,613.719970703125,61.99700164794922,28.760000228881836,69.5999984741211,47.79999923706055,101.33000183105469,168.2100067138672,52.720001220703125,115.87999725341797,337.5799865722656,29.200000762939453,164.08999633789062,137.6199951171875,381.1199951171875,123.4000015258789,115.19999694824219,88.1500015258789,59.58000183105469,27.00200080871582,39.15999984741211,123.44999694824219,114.29000091552734,48.849998474121094,135.05667114257812,82.23999786376953,485.8699951171875,31.68000030517578,117.73999786376953,40.2400016784668,42.029998779296875,32.47999954223633,132.42999267578125,116.02999877929688,5192000,47786600,2002900,844200,17179000,45848400,10206200,16984600,4295000,5927400,6955900,2212800,2041900,41218800,5518200,14416100,3161200,3425100,6607900,6429100,25385000,406337000,22401400,6547400,4671100,9098500,1926300,11583500,2930000,17133300,5711800,26915600,40070000,54294200,10128800,15566100
2023-04-27,133.6924285888672,87.44000244140625,217.13812255859375,611.4301147460938,59.42786407470703,26.725982666015625,58.848609924316406,42.165794372558594,91.38646697998047,145.70896911621094,46.85871505737305,104.22763061523438,317.407470703125,29.14417839050293,149.0677947998047,127.99586486816406,381.1276550292969,113.41387176513672,105.0505142211914,81.3260726928711,61.11030960083008,27.201919555664062,31.799928665161133,114.10357666015625,106.39028930664062,44.43522644042969,132.1654815673828,80.04325866699219,462.37139892578125,28.322978973388672,104.17144012451172,36.513999938964844,38.01450729370117,31.23090171813965,125.9474868774414,104.77538299560547,148.8699951171875,87.44000244140625,240.33999633789062,629.239990234375,61.840999603271484,28.889999389648438,67.61000061035156,47.029998779296875,101.2300033569336,166.9499969482422,52.25,115.83999633789062,341.6000061035156,29.860000610351562,163.0,137.0500030517578,390.3500061035156,121.43000030517578,115.16000366210938,90.26000213623047,61.900001525878906,27.22599983215332,38.7400016784668,128.02000427246094,113.91999816894531,47.959999084472656,134.94667053222656,83.66999816894531,490.4700012207031,32.56999969482422,114.63999938964844,39.65999984741211,41.915000915527344,32.779998779296875,132.39999389648438,116.83000183105469,153.8699951171875,87.56999969482422,240.7100067138672,631.2999877929688,62.00899887084961,29.079999923706055,68.0199966430664,47.349998474121094,101.93000030517578,167.38999938964844,52.68000030517578,116.56999969482422,343.3599853515625,29.950000762939453,163.41000366210938,137.91000366210938,398.5299987792969,123.06999969482422,115.36000061035156,90.95999908447266,61.959999084472656,27.4950008392334,38.83000183105469,129.39999389648438,114.30999755859375,48.290000915527344,135.11666870117188,83.86000061035156,490.9800109863281,32.75,117.23999786376953,39.779998779296875,42.02000045776367,32.84000015258789,132.58999633789062,117.01000213623047,147.16000366210938,84.08999633789062,235.39999389648438,612.77001953125,60.323001861572266,28.520000457763672,66.5,46.439998626708984,99.80999755859375,165.07000732421875,51.400001525878906,114.33000183105469,338.760009765625,28.510000228881836,162.1300048828125,135.66000366210938,380.7699890136719,120.58000183105469,110.66000366210938,88.88999938964844,60.130001068115234,26.625,38.310001373291016,127.37999725341797,112.1500015258789,46.97999954223633,131.52999877929688,82.16000366210938,482.20001220703125,31.479999542236328,112.1500015258789,39.31999969482422,41.345001220703125,32.380001068115234,130.6199951171875,114.87999725341797,153.8699951171875,86.41000366210938,239.24000549316406,621.760009765625,61.61899948120117,28.520000457763672,68.0199966430664,47.040000915527344,100.44999694824219,166.42999267578125,52.5099983215332,115.6500015258789,340.1400146484375,28.75,162.89999389648438,136.0,391.260009765625,122.52999877929688,114.5999984741211,89.41000366210938,60.75,27.363000869750977,38.619998931884766,128.66000366210938,113.87999725341797,47.38999938964844,134.2066650390625,82.9000015258789,482.20001220703125,31.600000381469727,114.91000366210938,39.529998779296875,41.7400016784668,32.380001068115234,131.77000427246094,115.62000274658203,17063000,53087200,2533900,1127000,18250000,33060100,10521800,16541400,4196700,6417200,6360400,2827900,1768200,60186200,5739700,9041100,4981300,4610800,9975200,6375800,13524600,377161000,22434000,3124400,6945700,9231400,3116700,10013700,2473200,19428200,7742700,21695800,34114600,46398800,10008900,16279200
2023-04-28,135.71307373046875,89.37000274658203,216.5960693359375,618.8345336914062,60.20530319213867,27.086767196655273,58.11745834350586,42.6643180847168,92.88506317138672,147.13157653808594,47.91695785522461,107.49373626708984,319.1171569824219,30.315412521362305,149.7079620361328,129.10726928710938,386.50750732421875,113.94624328613281,105.33329772949219,81.76683807373047,63.53892517089844,27.724456787109375,31.923059463500977,116.09115600585938,109.07992553710938,45.72307586669922,134.54867553710938,80.6459732055664,463.89862060546875,29.809995651245117,104.1987075805664,36.596866607666016,38.60402297973633,31.602466583251953,127.02240753173828,106.12958526611328,151.1199951171875,89.37000274658203,239.74000549316406,636.8599853515625,62.650001525878906,29.280000686645508,66.7699966430664,47.06999969482422,102.88999938964844,168.5800018310547,53.43000030517578,119.47000122070312,343.44000244140625,31.059999465942383,163.6999969482422,138.24000549316406,395.8599853515625,122.0,115.47000122070312,89.97000122070312,64.36000061035156,27.749000549316406,38.88999938964844,130.25,116.80000305175781,49.349998474121094,137.3800048828125,84.30000305175781,492.0899963378906,34.279998779296875,114.66999816894531,39.75,42.564998626708984,33.16999816894531,133.52999877929688,118.33999633789062,151.38999938964844,89.75,240.10000610351562,637.3400268554688,62.678001403808594,29.43000030517578,67.22000122070312,47.33000183105469,103.7300033569336,168.94000244140625,54.029998779296875,119.73999786376953,344.1000061035156,32.56999969482422,163.75999450683594,138.32000732421875,404.30999755859375,123.16999816894531,115.52999877929688,90.33000183105469,64.44000244140625,27.757999420166016,38.90999984741211,132.33999633789062,116.9000015258789,49.630001068115234,137.413330078125,84.51000213623047,493.9599914550781,34.52000045776367,115.58999633789062,39.91999816894531,42.79499816894531,33.20000076293945,133.91000366210938,119.91999816894531,147.44000244140625,86.44000244140625,233.1699981689453,626.52001953125,61.45600128173828,28.510000228881836,66.0199966430664,46.040000915527344,100.31999969482422,164.0500030517578,51.939998626708984,115.0999984741211,339.70001220703125,30.809999465942383,162.55999755859375,135.6699981689453,392.510009765625,119.75,113.45999908447266,89.16000366210938,62.29999923706055,27.070999145507812,38.619998931884766,126.4000015258789,113.7300033569336,47.38999938964844,134.97332763671875,83.72000122070312,488.1199951171875,31.950000762939453,112.5999984741211,38.959999084472656,41.619998931884766,32.54999923706055,132.02999877929688,116.83000183105469,147.97000122070312,87.0199966430664,236.82000732421875,630.8599853515625,61.90700149536133,28.530000686645508,67.13999938964844,46.189998626708984,100.56999969482422,164.5,52.119998931884766,115.5199966430664,340.04998779296875,31.979999542236328,162.80999755859375,136.55999755859375,398.0,120.48999786376953,114.36000061035156,89.44999694824219,62.43000030517578,27.225000381469727,38.70000076293945,126.70999908447266,115.0999984741211,47.93000030517578,135.57333374023438,84.4800033569336,488.69000244140625,32.20000076293945,114.5,39.25,41.76499938964844,32.619998931884766,132.24000549316406,117.25,7123800,50686100,2721400,823000,16183000,45592500,10695000,15222100,6638200,10036300,7666400,2715900,1714100,80252400,6024900,9887300,5350100,5342200,8050400,6374500,18094700,292216000,21015300,3942900,8652500,8623000,2359200,8262600,2398900,25219300,4042800,20193000,38228600,54598700,7917300,24381900
2023-05-01,138.0390167236328,89.69000244140625,215.8371124267578,619.0274658203125,61.30561828613281,26.86474609375,59.536231994628906,42.82747268676758,92.5600814819336,145.9621124267578,47.74656677246094,106.74695587158203,316.4504089355469,29.57362937927246,149.6165008544922,131.8717041015625,396.2224426269531,114.37586975097656,106.12692260742188,79.91283416748047,61.5545654296875,28.884428024291992,32.18572998046875,108.73797607421875,108.18338012695312,45.537784576416016,135.76638793945312,80.33983612060547,467.3017272949219,28.644731521606445,104.8711166381836,37.18609619140625,38.1686897277832,31.516719818115234,127.67877960205078,102.8382797241211,153.7100067138672,89.69000244140625,238.89999389648438,635.2000122070312,63.79499816894531,29.040000915527344,68.4000015258789,47.25,102.52999877929688,167.24000549316406,53.2400016784668,118.63999938964844,340.57000732421875,30.299999237060547,163.60000610351562,141.1999969482422,405.80999755859375,122.45999908447266,116.33999633789062,87.93000030517578,62.349998474121094,28.90999984741211,39.209999084472656,122.0,115.83999633789062,49.150001525878906,138.6233367919922,83.9800033569336,495.70001220703125,32.939998626708984,115.41000366210938,40.38999938964844,42.084999084472656,33.08000183105469,134.22000122070312,114.66999816894531,154.7100067138672,91.04000091552734,241.3000030517578,639.2100219726562,63.89899826049805,29.540000915527344,68.73999786376953,48.380001068115234,103.01000213623047,168.72999572753906,53.7400016784668,119.62999725341797,347.4599914550781,31.239999771118164,164.3000030517578,143.3699951171875,407.3500061035156,122.94000244140625,116.5999984741211,90.5199966430664,64.0999984741211,29.058000564575195,39.52000045776367,126.7699966430664,117.58000183105469,49.58000183105469,139.02667236328125,84.69000244140625,499.3900146484375,34.33000183105469,115.98999786376953,41.18000030517578,42.540000915527344,33.43000030517578,134.75999450683594,117.30000305175781,150.82000732421875,88.61000061035156,238.08999633789062,634.030029296875,62.619998931884766,29.0,67.26000213623047,47.16999816894531,101.12999725341797,166.36000061035156,52.529998779296875,117.55999755859375,340.3699951171875,30.280000686645508,162.24000549316406,140.8300018310547,392.260009765625,120.81999969482422,115.2699966430664,87.83000183105469,62.310001373291016,27.780000686645508,38.86000061035156,121.41000366210938,115.51000213623047,48.459999084472656,137.57000732421875,83.9000015258789,491.80999755859375,32.93000030517578,113.44000244140625,40.189998626708984,41.86000061035156,33.040000915527344,133.4600067138672,114.44999694824219,150.83999633789062,91.02999877929688,240.02999877929688,635.0,62.650001525878906,29.5,67.27999877929688,47.880001068115234,101.58000183105469,167.7100067138672,52.689998626708984,117.8499984741211,344.04998779296875,31.110000610351562,163.60000610351562,142.25999450683594,397.260009765625,121.44000244140625,115.80000305175781,90.19000244140625,63.88999938964844,27.84000015258789,39.0,126.4800033569336,117.20999908447266,48.84000015258789,137.92999267578125,84.30000305175781,494.5899963378906,34.25,114.44000244140625,40.4900016784668,42.029998779296875,33.2599983215332,133.72000122070312,115.98999786376953,5601000,59358700,1920500,469300,17030000,34076800,10034000,18314800,3644900,6099800,5921700,1800800,1375000,36918500,4893400,20415800,4091100,4173200,5238900,7745400,12823400,570329000,23917800,9064200,6208500,5053300,1803900,4931100,2105600,19095200,3054200,26564300,27821400,31950600,6793900,17355000
2023-05-02,136.16207885742188,89.91000366210938,213.18995666503906,617.90673828125,58.84455108642578,26.0506591796875,59.275108337402344,41.6944694519043,89.04833221435547,139.6781005859375,45.47761154174805,100.42166900634766,309.7602844238281,29.056339263916016,150.92428588867188,129.7423095703125,394.6505126953125,109.24830627441406,107.54084014892578,78.42237091064453,61.11030960083008,28.1850528717041,32.06260681152344,106.1888656616211,108.43553924560547,42.78605270385742,134.7967529296875,79.36405181884766,465.12408447265625,26.635950088500977,100.66390991210938,35.75905227661133,36.50897979736328,30.802167892456055,127.12704467773438,98.73978424072266,151.6199951171875,89.91000366210938,235.97000122070312,634.0499877929688,61.23400115966797,28.15999984741211,68.0999984741211,46.0,98.63999938964844,160.0399932861328,50.709999084472656,111.61000061035156,333.3699951171875,29.770000457763672,165.02999877929688,138.9199981689453,404.20001220703125,116.97000122070312,117.88999938964844,86.29000091552734,61.900001525878906,28.209999084472656,39.060001373291016,119.13999938964844,116.11000061035156,46.18000030517578,137.63333129882812,82.95999908447266,493.3900146484375,30.6299991607666,110.77999877929688,38.84000015258789,40.255001068115234,32.33000183105469,133.63999938964844,110.0999984741211,155.02000427246094,90.45999908447266,239.0,637.52001953125,62.650001525878906,28.860000610351562,68.98999786376953,47.060001373291016,101.38999938964844,165.3800048828125,52.38999938964844,117.3499984741211,339.8900146484375,30.579999923706055,165.47999572753906,142.41000366210938,411.5400085449219,122.43000030517578,118.38999938964844,87.56999969482422,62.58000183105469,28.836000442504883,40.119998931884766,123.25,117.05999755859375,48.54999923706055,139.46665954589844,84.05000305175781,496.7099914550781,32.939998626708984,114.4800033569336,40.0099983215332,41.64500045776367,32.959999084472656,134.85000610351562,113.94000244140625,151.1999969482422,88.12000274658203,235.38999938964844,628.530029296875,60.50199890136719,27.709999084472656,67.4000015258789,45.560001373291016,97.4800033569336,158.4499969482422,49.959999084472656,111.1500015258789,330.0,29.75,163.55999755859375,138.42999267578125,399.260009765625,114.55999755859375,115.80999755859375,85.33000183105469,61.25,28.08300018310547,38.630001068115234,117.77999877929688,114.44000244140625,45.91999816894531,136.2899932861328,82.55000305175781,489.2699890136719,30.40999984741211,108.47000122070312,38.31999969482422,39.869998931884766,32.029998779296875,132.67999267578125,109.29000091552734,153.5500030517578,89.31999969482422,238.0800018310547,632.8699951171875,62.57600021362305,28.850000381469727,68.25,46.81999969482422,100.87999725341797,165.32000732421875,52.13999938964844,116.80000305175781,339.010009765625,30.299999237060547,164.33999633789062,141.39999389648438,407.0,122.0,116.66999816894531,87.56999969482422,62.22999954223633,28.68000030517578,39.290000915527344,123.25,116.12999725341797,48.36000061035156,138.67666625976562,83.5,495.25,32.939998626708984,114.18000030517578,40.0099983215332,41.58000183105469,32.95000076293945,134.0,113.94000244140625,5135600,70483500,2127200,738100,28357000,70797700,7793400,19450100,8100100,10701700,9588100,5640500,2397600,33463400,7541700,14113400,3884600,5342400,8175600,6319100,12237600,402730000,38834100,8595100,7081200,11963800,2115600,6875000,2152300,28994600,4598300,36239500,67648000,76096700,14365800,24324100
2023-05-03,134.03372192382812,81.62000274658203,207.17294311523438,618.5791625976562,58.92719650268555,25.773136138916016,58.00430679321289,41.39535903930664,86.74629211425781,136.87652587890625,43.95301818847656,99.89080810546875,305.37457275390625,29.915241241455078,148.94891357421875,126.99656677246094,421.0028381347656,102.80378723144531,107.84188079833984,77.02278900146484,60.1329345703125,27.777408599853516,31.561878204345703,103.96954345703125,105.3723373413086,41.942928314208984,133.2493438720703,79.11530303955078,461.400390625,25.91417694091797,97.28363037109375,35.58412551879883,35.819698333740234,30.44965171813965,126.95582580566406,96.79370880126953,149.25,81.62000274658203,229.30999755859375,634.739990234375,61.31999969482422,27.860000610351562,66.63999938964844,45.66999816894531,96.08999633789062,156.8300018310547,49.0099983215332,111.0199966430664,328.6499938964844,30.649999618530273,162.8699951171875,135.97999572753906,431.19000244140625,110.06999969482422,118.22000122070312,84.75,60.90999984741211,27.802000045776367,38.45000076293945,116.6500015258789,112.83000183105469,45.27000045776367,136.05332946777344,82.69999694824219,489.44000244140625,29.799999237060547,107.05999755859375,38.650001525878906,39.494998931884766,31.959999084472656,133.4600067138672,107.93000030517578,151.50999450683594,85.4800033569336,236.3000030517578,644.6500244140625,62.19499969482422,28.5,68.73999786376953,46.599998474121094,97.58000183105469,159.57000732421875,50.150001525878906,113.26000213623047,334.8299865722656,31.110000610351562,166.17999267578125,138.6699981689453,434.20001220703125,116.7699966430664,119.6500015258789,87.18000030517578,62.18000030517578,28.367000579833984,39.38999938964844,120.9000015258789,116.81999969482422,46.06999969482422,138.50999450683594,83.76000213623047,495.45001220703125,31.1200008392334,111.20999908447266,39.66999816894531,40.20500183105469,32.529998779296875,134.89999389648438,109.80999755859375,148.4499969482422,81.0199966430664,228.97999572753906,630.719970703125,61.2400016784668,27.809999465942383,66.31999969482422,45.630001068115234,95.69999694824219,156.74000549316406,48.869998931884766,109.02999877929688,328.25,30.25,162.50999450683594,135.75999450683594,414.30999755859375,109.9000015258789,117.93000030517578,84.56999969482422,60.81999969482422,27.472000122070312,38.36000061035156,116.55999755859375,112.5999984741211,45.08000183105469,135.95333862304688,82.44000244140625,488.0299987792969,29.65999984741211,106.87000274658203,38.61000061035156,39.47999954223633,31.93000030517578,133.27000427246094,107.76000213623047,151.07000732421875,83.54000091552734,235.97000122070312,633.9400024414062,61.689998626708984,28.15999984741211,68.33000183105469,46.130001068115234,96.83000183105469,158.14999389648438,49.5,109.33000183105469,332.3599853515625,30.639999389648438,165.5500030517578,138.44000244140625,415.0299987792969,115.37000274658203,118.3499984741211,86.4000015258789,61.4900016784668,27.84000015258789,39.20000076293945,120.08999633789062,116.66000366210938,45.470001220703125,136.86000061035156,82.62000274658203,494.3999938964844,30.790000915527344,109.73999786376953,39.029998779296875,39.7400016784668,32.369998931884766,134.25999450683594,109.08000183105469,6815300,109482200,2998000,582900,19816000,51139500,12717700,14533500,9085100,7538100,9470800,4982000,1825400,45554500,5937200,12930900,10129800,6634900,6738600,6546500,10818100,383387000,27721900,5764500,11491700,9217900,2525400,7151600,1749700,23759800,4871900,25202700,59367600,65642400,8961500,16212300
2023-05-04,132.3363800048828,86.61000061035156,209.50384521484375,618.8812866210938,58.63505172729492,24.968299865722656,58.16098403930664,40.697425842285156,87.8927993774414,136.3441619873047,43.26247024536133,100.1517562866211,298.5079650878906,30.61595916748047,148.27218627929688,125.25942993164062,418.31781005859375,98.12452697753906,107.0665054321289,75.07789611816406,59.738037109375,27.53762435913086,31.381290435791016,101.28675079345703,99.53544616699219,41.75763702392578,132.50177001953125,79.8710708618164,459.3641662597656,25.201101303100586,94.78473663330078,34.07168197631836,35.420654296875,30.059024810791016,125.9474868774414,95.09871673583984,147.36000061035156,86.61000061035156,231.88999938964844,635.0499877929688,61.01599884033203,26.989999771118164,66.81999969482422,44.900001525878906,97.36000061035156,156.22000122070312,48.2400016784668,111.30999755859375,321.260009765625,31.239999771118164,162.1300048828125,134.1199951171875,428.44000244140625,105.05999755859375,117.37000274658203,82.61000061035156,60.5099983215332,27.562000274658203,38.22999954223633,113.63999938964844,106.58000183105469,45.06999969482422,135.2899932861328,83.48999786376953,487.2799987792969,28.979999542236328,104.30999755859375,36.720001220703125,39.05500030517578,31.549999237060547,132.39999389648438,106.04000091552734,149.0,91.63999938964844,232.02999877929688,639.3400268554688,61.395999908447266,27.809999465942383,67.23999786376953,45.400001525878906,98.5199966430664,158.1999969482422,49.75,113.2300033569336,326.9800109863281,31.719999313354492,162.89999389648438,135.72000122070312,432.70001220703125,110.4800033569336,118.0,84.44999694824219,60.959999084472656,27.858999252319336,38.43000030517578,115.61000061035156,107.12000274658203,45.9900016784668,136.45333862304688,83.76000213623047,489.69000244140625,29.700000762939453,108.36000061035156,38.08000183105469,39.90999984741211,31.850000381469727,132.97999572753906,108.75,146.35000610351562,81.11000061035156,229.14999389648438,629.8499755859375,60.12900161743164,26.829999923706055,66.4000015258789,44.08000183105469,95.80999755859375,155.4199981689453,48.04999923706055,110.41999816894531,318.55999755859375,30.3799991607666,161.25,131.80999755859375,425.2200012207031,104.44000244140625,116.48999786376953,81.61000061035156,59.900001525878906,27.239999771118164,38.02000045776367,111.83999633789062,103.5,44.599998474121094,134.07666015625,82.63999938964844,481.95001220703125,27.270000457763672,104.18000030517578,36.400001525878906,38.935001373291016,31.260000228881836,131.83999633789062,105.91000366210938,149.0,81.56999969482422,230.30999755859375,632.1300048828125,61.0,27.579999923706055,66.44999694824219,45.040000915527344,96.19999694824219,157.11000061035156,49.130001068115234,111.48999786376953,325.95001220703125,30.440000534057617,162.67999267578125,134.9600067138672,431.45001220703125,109.54000091552734,118.0,84.16999816894531,60.54999923706055,27.650999069213867,38.16999816894531,113.37999725341797,104.02999877929688,45.439998626708984,134.97666931152344,83.0,487.04998779296875,28.5,106.98999786376953,37.68000030517578,39.5099983215332,31.68000030517578,132.89999389648438,107.9000015258789,5694300,122840500,2228500,614000,17684000,82173800,8801900,20601800,6840000,7500400,7220100,4518100,2965100,46104000,5128000,17089200,4070700,7334100,6490200,10359200,13357900,321850000,23675100,6975900,22117500,10085400,2102700,7290600,2555700,48099600,5083900,53247000,52861000,76076600,9625300,17177200
2023-05-05,132.93807983398438,89.83999633789062,213.69593811035156,633.7625122070312,60.55317306518555,25.634368896484375,59.30992889404297,41.98451614379883,90.61011505126953,139.82652282714844,45.16373062133789,102.72502899169922,303.8600158691406,30.370952606201172,148.775146484375,127.70633697509766,417.70263671875,99.84306335449219,107.34928894042969,77.14094543457031,60.4488525390625,28.654630661010742,31.594715118408203,103.55065155029297,101.59001922607422,42.38765335083008,135.44970703125,81.28691864013672,465.9631042480469,26.731603622436523,97.26544952392578,35.20369338989258,36.38201141357422,30.802167892456055,127.07948303222656,97.46632385253906,148.02999877929688,89.83999633789062,236.52999877929688,650.3200073242188,63.012001037597656,27.709999084472656,68.13999938964844,46.31999969482422,100.37000274658203,160.2100067138672,50.36000061035156,114.16999816894531,327.0199890136719,30.989999771118164,162.67999267578125,136.74000549316406,427.80999755859375,106.9000015258789,117.68000030517578,84.87999725341797,61.22999954223633,28.68000030517578,38.4900016784668,116.18000030517578,108.77999877929688,45.75,138.3000030517578,84.97000122070312,494.2799987792969,30.739999771118164,107.04000091552734,37.939998626708984,40.1150016784668,32.33000183105469,133.58999633789062,108.68000030517578,149.3800048828125,90.43000030517578,237.0399932861328,654.219970703125,63.14699935913086,27.889999389648438,68.44000244140625,46.5,101.5999984741211,161.1199951171875,50.86000061035156,118.4000015258789,327.8699951171875,31.40999984741211,163.1300048828125,137.8800048828125,431.2699890136719,108.45999908447266,117.88999938964844,85.0199966430664,61.7400016784668,28.7549991607666,38.5,117.95999908447266,109.2699966430664,46.68000030517578,138.8800048828125,85.56999969482422,500.8500061035156,31.309999465942383,108.37000274658203,38.279998779296875,40.43000030517578,32.380001068115234,134.0500030517578,109.43000030517578,147.13999938964844,84.72000122070312,232.07000732421875,633.9000244140625,61.33700180053711,27.469999313354492,67.12000274658203,45.66999816894531,98.94000244140625,158.77999877929688,49.70000076293945,112.88999938964844,322.4200134277344,30.729999542236328,161.69000244140625,135.91000366210938,424.55999755859375,106.68000030517578,116.55999755859375,83.62000274658203,60.11000061035156,27.731000900268555,38.09000015258789,114.94999694824219,105.7699966430664,45.58000183105469,134.77333068847656,83.75,492.0299987792969,29.6299991607666,106.5,37.33000183105469,39.89500045776367,32.02000045776367,132.8300018310547,107.52999877929688,148.5399932861328,84.98999786376953,232.66000366210938,636.6799926757812,61.595001220703125,27.6200008392334,67.13999938964844,45.79999923706055,101.12000274658203,159.3000030517578,49.900001525878906,115.30000305175781,325.05999755859375,31.3799991607666,162.83999633789062,136.44000244140625,428.1000061035156,107.93000030517578,117.37999725341797,83.79000091552734,60.61000061035156,27.826000213623047,38.380001068115234,116.61000061035156,108.20999908447266,46.540000915527344,135.4566650390625,84.30000305175781,494.05999755859375,30.68000030517578,107.48999786376953,37.459999084472656,40.1349983215332,32.06999969482422,133.27000427246094,108.55000305175781,4447700,78491100,2806800,801400,24876000,50087100,8562000,13384500,5566700,5802000,8325300,6165500,2413400,35024600,5194500,11261400,2753400,4351100,4534000,8288000,12312700,361494000,19225100,4790800,10745600,9900400,1619400,6865000,2329400,28236700,3872100,27039700,39073400,55019400,7650300,14968200
2023-05-08,132.417236328125,95.04000091552734,211.97030639648438,638.3134765625,60.45130920410156,25.615867614746094,59.54493713378906,42.02076721191406,91.08858489990234,139.2766571044922,45.737693786621094,102.89599609375,303.38616943359375,30.15534782409668,148.43678283691406,128.01454162597656,422.49664306640625,101.53358459472656,107.98784637451172,76.7319564819336,60.093448638916016,29.125215530395508,31.74247169494629,104.27259063720703,101.15109252929688,43.18445587158203,136.02101135253906,81.83221435546875,464.398193359375,25.862003326416016,97.57440948486328,35.611961364746094,36.38201141357422,30.84980583190918,126.80363464355469,97.8519515991211,147.4499969482422,95.04000091552734,234.6199951171875,654.989990234375,62.90599822998047,27.690000534057617,68.41000366210938,46.36000061035156,100.9000015258789,159.5800018310547,51.0,114.36000061035156,326.510009765625,30.770000457763672,162.30999755859375,137.07000732421875,432.7200012207031,108.70999908447266,118.37999725341797,84.43000030517578,60.869998931884766,29.150999069213867,38.66999816894531,116.98999786376953,108.30999755859375,46.61000061035156,138.88333129882812,85.54000091552734,492.6199951171875,29.739999771118164,107.37999725341797,38.380001068115234,40.1150016784668,32.380001068115234,133.3000030517578,109.11000061035156,148.1999969482422,95.66000366210938,235.74000549316406,655.0,63.073001861572266,28.149999618530273,68.7699966430664,47.150001525878906,102.75,162.3000030517578,52.029998779296875,117.16000366210938,330.29998779296875,30.84000015258789,162.57000732421875,137.97000122070312,435.0,109.79000091552734,118.44000244140625,85.56999969482422,61.349998474121094,29.219999313354492,38.72999954223633,118.37999725341797,108.83000183105469,46.83000183105469,138.97999572753906,85.54000091552734,494.3500061035156,31.600000381469727,110.4800033569336,38.779998779296875,40.875,32.619998931884766,133.42999267578125,110.97000122070312,146.74000549316406,89.16999816894531,232.1999969482422,649.2100219726562,62.05799865722656,27.65999984741211,67.86000061035156,46.27000045776367,100.5999984741211,159.52000427246094,50.95000076293945,114.27999877929688,325.6700134277344,30.389999389648438,161.33999633789062,136.47999572753906,423.0,107.70999908447266,116.44000244140625,84.31999969482422,60.310001373291016,28.350000381469727,38.349998474121094,115.54000091552734,106.87000274658203,46.040000915527344,137.0,84.41000366210938,488.32000732421875,29.68000030517578,107.27999877929688,38.150001525878906,40.11000061035156,32.34000015258789,132.67999267578125,109.04000091552734,148.14999389648438,89.98999786376953,235.33999633789062,651.75,62.97800064086914,28.079999923706055,68.08000183105469,46.880001068115234,102.08999633789062,161.57000732421875,51.7599983215332,116.44999694824219,329.6400146484375,30.700000762939453,161.99000549316406,137.49000549316406,426.20001220703125,108.5199966430664,117.08000183105469,85.4800033569336,61.25,28.52199935913086,38.529998779296875,118.0,108.37999725341797,46.66999816894531,138.14666748046875,84.5,492.0400085449219,31.510000228881836,109.27999877929688,38.43000030517578,40.70000076293945,32.5099983215332,133.38999938964844,110.5,3689500,95503200,1667800,518900,13934000,34245500,6142300,8760900,5058900,5028200,8842500,2967700,1607300,30882800,4994900,7484900,2478600,4440900,5157300,5825300,11510400,344979000,20101700,2867100,6694400,8861800,1365300,6746600,1738500,22304300,3180000,22735400,32711800,34323600,5305700,11187800
2023-05-09,131.86044311523438,95.05999755859375,211.7986602783203,626.677734375,59.437477111816406,25.588109970092773,59.188072204589844,42.165794372558594,91.65731048583984,138.8751678466797,44.096519470214844,102.36515045166016,301.7693176269531,29.498729705810547,147.28448486328125,127.39816284179688,418.25921630859375,103.61637115478516,107.1212387084961,76.67742919921875,60.15268325805664,28.545726776123047,31.586509704589844,103.1228256225586,98.77897644042969,43.70329284667969,133.70639038085938,81.3730239868164,462.2864990234375,26.00983238220215,98.50125122070312,35.760414123535156,36.39561462402344,30.735471725463867,125.9570083618164,97.87884521484375,146.8300018310547,95.05999755859375,234.42999267578125,643.0499877929688,61.85100173950195,27.65999984741211,68.0,46.52000045776367,101.52999877929688,159.1199951171875,49.16999816894531,113.7699966430664,324.7699890136719,30.100000381469727,161.0500030517578,136.41000366210938,428.3800048828125,110.94000244140625,117.43000030517578,84.37000274658203,60.93000030517578,28.570999145507812,38.47999954223633,115.69999694824219,105.7699966430664,47.16999816894531,136.52000427246094,85.05999755859375,490.3800048828125,29.90999984741211,108.4000015258789,38.540000915527344,40.130001068115234,32.2599983215332,132.41000366210938,109.13999938964844,148.4600067138672,96.16000366210938,235.44000244140625,643.8699951171875,62.40700149536133,27.829999923706055,68.37000274658203,46.7599983215332,102.62000274658203,160.4199981689453,51.2400016784668,115.22000122070312,327.17999267578125,30.579999923706055,162.1300048828125,136.9499969482422,435.6000061035156,111.88999938964844,118.62999725341797,84.91000366210938,61.38999938964844,28.972999572753906,38.66999816894531,116.58999633789062,107.43000030517578,47.709999084472656,137.0933380126953,85.4800033569336,499.3999938964844,30.25,109.5999984741211,38.66999816894531,40.5099983215332,32.38999938964844,133.4199981689453,110.2300033569336,146.27000427246094,93.43000030517578,233.22000122070312,638.280029296875,61.58599853515625,27.239999771118164,67.83000183105469,45.790000915527344,99.94999694824219,157.91000366210938,48.79999923706055,113.06999969482422,323.29998779296875,29.90999984741211,160.7899932861328,135.2100067138672,428.04998779296875,107.69000244140625,117.33999633789062,83.69999694824219,59.54999923706055,28.450000762939453,38.38999938964844,114.56999969482422,105.30000305175781,46.290000915527344,135.9633331298828,84.30000305175781,490.29998779296875,29.010000228881836,105.48999786376953,37.77000045776367,39.71500015258789,32.06999969482422,132.3699951171875,108.20999908447266,147.41000366210938,94.88999938964844,234.63999938964844,640.5,62.27299880981445,27.420000076293945,68.0,45.90999984741211,100.01000213623047,158.11000061035156,50.22999954223633,113.30999755859375,325.0400085449219,30.3799991607666,161.75,135.92999267578125,431.7699890136719,107.87999725341797,118.25,84.0,59.880001068115234,28.89900016784668,38.47999954223633,115.6500015258789,107.0,46.369998931884766,136.91000366210938,85.25,492.8399963378906,29.399999618530273,106.22000122070312,37.939998626708984,39.79999923706055,32.13999938964844,132.7899932861328,108.33999633789062,4201600,68674800,1468900,746100,16990000,32188800,6408500,10188800,4896100,5019800,13774400,1782200,1253300,30706500,5520500,7343600,2601600,5638000,4933100,4381400,11895200,314869000,15987900,3063800,7804100,9834600,2348400,7287800,2038600,18209200,4146000,18999100,41421200,29736200,6452700,11370800
2023-05-10,131.4922332763672,97.0199966430664,211.5095672607422,640.4088745117188,60.183189392089844,25.273582458496094,59.61457443237305,42.02983856201172,90.70040130615234,137.10348510742188,43.14588928222656,100.91653442382812,299.7065734863281,29.371328353881836,147.83316040039062,127.46351623535156,425.6210632324219,104.3448715209961,107.54999542236328,76.08667755126953,59.22468185424805,28.859453201293945,31.438751220703125,101.58087158203125,99.42337036132812,42.48957061767578,135.06773376464844,81.21996307373047,461.9942932128906,25.60981559753418,100.87293243408203,35.519168853759766,35.982948303222656,30.563982009887695,126.30895233154297,96.6233139038086,146.4199981689453,97.0199966430664,234.11000061035156,657.1400146484375,62.62699890136719,27.31999969482422,68.48999786376953,46.369998931884766,100.47000122070312,157.08999633789062,48.11000061035156,112.16000366210938,322.54998779296875,29.969999313354492,161.64999389648438,136.47999572753906,435.9200134277344,111.72000122070312,117.9000015258789,83.72000122070312,59.9900016784668,28.885000228881836,38.29999923706055,113.97000122070312,106.45999908447266,45.86000061035156,137.91000366210938,84.9000015258789,490.07000732421875,29.450000762939453,111.01000213623047,38.279998779296875,39.67499923706055,32.08000183105469,132.77999877929688,107.73999786376953,146.97999572753906,99.94000244140625,235.0,660.4000244140625,62.79999923706055,28.0,68.94000244140625,47.189998626708984,102.26000213623047,160.44000244140625,49.209999084472656,114.81999969482422,329.9200134277344,30.399999618530273,161.97000122070312,138.05999755859375,438.3900146484375,112.97000122070312,118.16999816894531,85.22000122070312,62.310001373291016,29.113000869750977,38.720001220703125,117.6500015258789,107.4800033569336,47.290000915527344,138.8866729736328,85.1500015258789,493.4700012207031,30.649999618530273,112.55999755859375,39.22999954223633,40.40999984741211,32.540000915527344,133.11000061035156,110.01000213623047,145.14999389648438,96.12000274658203,231.35000610351562,651.9000244140625,61.82699966430664,27.020000457763672,67.55999755859375,45.59000015258789,99.55000305175781,155.8800048828125,47.20000076293945,111.66999816894531,319.0799865722656,29.489999771118164,160.05999755859375,134.8699951171875,426.05999755859375,109.29000091552734,116.41999816894531,82.80000305175781,59.790000915527344,28.461000442504883,38.08000183105469,113.77999877929688,105.13999938964844,45.5099983215332,136.57666015625,84.16999816894531,487.6400146484375,28.899999618530273,107.36000061035156,37.900001525878906,39.375,31.799999237060547,132.0,106.70999908447266,146.52000427246094,96.41999816894531,234.88999938964844,654.3800048828125,62.20600128173828,27.959999084472656,68.16999816894531,47.150001525878906,101.98999786376953,160.44000244140625,49.16999816894531,114.29000091552734,329.9200134277344,30.290000915527344,161.1999969482422,137.9499969482422,426.05999755859375,111.52999877929688,117.41000366210938,85.06999969482422,61.91999816894531,29.0049991607666,38.66999816894531,117.29000091552734,107.0,47.130001068115234,138.05332946777344,84.51000213623047,489.3999938964844,30.600000381469727,108.76000213623047,39.20000076293945,40.33000183105469,32.470001220703125,132.7899932861328,109.73999786376953,4127300,95619500,1530800,813600,19174000,44446400,8841700,11840000,5285900,6161200,12036100,2578600,1752200,40526500,6756600,8133400,2766300,5078400,5605400,4884900,14548700,369350000,15858200,3473300,7980100,10124100,2766600,7442300,2018700,14492700,6454000,17941600,36052000,39706100,6556600,14884800
2023-05-11,131.6448974609375,97.0999984741211,209.865234375,633.6358642578125,60.317726135253906,25.33833885192871,60.128116607666016,41.721656799316406,90.1767807006836,136.3441619873047,42.38359451293945,99.44993591308594,298.0061950683594,28.283498764038086,147.22959899902344,127.06190490722656,425.25982666015625,102.8318099975586,107.23072052001953,75.0960693359375,60.82400894165039,28.552722930908203,31.181533813476562,100.44893646240234,97.18199920654297,40.89598083496094,134.18299865722656,79.81365966796875,460.7593078613281,25.148929595947266,100.55489349365234,35.5655632019043,35.55215835571289,30.516338348388672,125.9189453125,94.87450408935547,146.58999633789062,97.0999984741211,232.2899932861328,650.1900024414062,62.766998291015625,27.389999389648438,69.08000183105469,46.029998779296875,99.88999938964844,156.22000122070312,47.2599983215332,110.52999877929688,320.7200012207031,28.860000610351562,160.99000549316406,136.0500030517578,435.54998779296875,110.0999984741211,117.55000305175781,82.62999725341797,61.61000061035156,28.577999114990234,37.58000183105469,112.69999694824219,104.05999755859375,44.13999938964844,137.0066680908203,83.43000030517578,488.760009765625,28.920000076293945,110.66000366210938,38.33000183105469,39.20000076293945,32.029998779296875,132.3699951171875,105.79000091552734,147.57000732421875,99.19000244140625,234.99000549316406,652.280029296875,62.847999572753906,27.489999771118164,69.0999984741211,46.130001068115234,100.12000274658203,156.32000732421875,47.849998474121094,111.02999877929688,321.94000244140625,29.68000030517578,162.19000244140625,136.80999755859375,436.8500061035156,111.66999816894531,117.79000091552734,82.81999969482422,61.810001373291016,28.950000762939453,37.650001525878906,113.62999725341797,106.51000213623047,45.310001373291016,138.24667358398438,84.13999938964844,490.1199951171875,29.290000915527344,112.68000030517578,38.47999954223633,39.404998779296875,32.08000183105469,132.5800018310547,106.81999969482422,145.19000244140625,96.13999938964844,230.41000366210938,645.1500244140625,61.79899978637695,26.8799991607666,67.95999908447266,45.43000030517578,98.55000305175781,153.88999938964844,46.88999938964844,109.30999755859375,318.17999267578125,28.81999969482422,159.38999938964844,134.89999389648438,431.1199951171875,108.98999786376953,116.37999725341797,81.62000274658203,60.06999969482422,28.246000289916992,37.209999084472656,111.22000122070312,103.68000030517578,43.900001525878906,135.7066650390625,82.52999877929688,485.6600036621094,28.530000686645508,109.04000091552734,37.40999984741211,38.900001525878906,31.739999771118164,131.5399932861328,104.93000030517578,147.2899932861328,98.16000366210938,234.64999389648438,650.780029296875,62.65800094604492,27.010000228881836,68.56999969482422,45.7400016784668,98.87999725341797,155.3800048828125,47.33000183105469,110.12999725341797,319.6600036621094,29.600000381469727,161.8300018310547,135.0,436.70001220703125,109.58999633789062,117.58000183105469,82.77999877929688,60.59000015258789,28.895999908447266,37.599998474121094,112.55999755859375,106.29000091552734,45.15999984741211,137.9499969482422,84.13999938964844,488.0,29.0,109.55000305175781,37.7599983215332,39.1150016784668,31.8799991607666,132.5,106.48999786376953,4300400,57061000,1612400,560600,14430000,34897300,8416100,11222800,5671700,6666100,7922500,2320900,1515200,47144400,5867600,7057300,2595900,3579400,5596700,6717800,15536600,322149000,28566400,2511300,10630500,15134300,1854600,8730900,2384200,16413400,4411300,18536200,38168200,36693200,8764800,17165900
2023-05-12,132.1477813720703,95.26000213623047,210.4615020751953,631.0241088867188,60.65215301513672,25.060806274414062,59.240291595458984,41.19593811035156,89.76150512695312,136.69325256347656,42.616764068603516,99.3509521484375,296.87261962890625,28.3717041015625,147.03756713867188,125.24076843261719,425.2695617675781,102.62632751464844,106.856689453125,74.8779525756836,60.14281463623047,28.314937591552734,30.990694046020508,99.45067596435547,96.77108001708984,40.83112716674805,134.05897521972656,79.81365966796875,463.0878601074219,25.331544876098633,100.42765045166016,34.78614807128906,35.60657501220703,30.39248275756836,125.74771118164062,94.86553192138672,147.14999389648438,95.26000213623047,232.9499969482422,647.510009765625,63.1150016784668,27.09000015258789,68.05999755859375,45.45000076293945,99.43000030517578,156.6199951171875,47.52000045776367,110.41999816894531,319.5,28.950000762939453,160.77999877929688,134.10000610351562,434.42999267578125,109.87999725341797,117.13999938964844,82.38999938964844,60.91999816894531,28.34000015258789,37.349998474121094,111.58000183105469,103.62000274658203,44.06999969482422,136.8800048828125,83.43000030517578,491.2300109863281,29.1299991607666,110.5199966430664,37.4900016784668,39.2599983215332,31.899999618530273,132.19000244140625,105.77999877929688,147.60000610351562,97.44999694824219,233.5500030517578,651.0,63.27000045776367,27.549999237060547,68.77999877929688,46.380001068115234,100.94999694824219,157.92999267578125,47.790000915527344,111.9000015258789,323.2200012207031,29.100000381469727,161.55999755859375,136.99000549316406,445.5400085449219,111.76000213623047,118.55000305175781,83.2699966430664,62.189998626708984,28.780000686645508,37.720001220703125,113.69999694824219,104.73999786376953,45.20000076293945,138.06666564941406,83.93000030517578,492.8999938964844,29.34000015258789,112.48999786376953,38.529998779296875,39.65999984741211,32.2400016784668,132.85000610351562,107.01000213623047,146.07000732421875,93.68000030517578,231.2100067138672,642.0999755859375,62.42100143432617,26.8799991607666,67.61000061035156,45.06999969482422,98.70999908447266,155.55999755859375,46.84000015258789,109.37000274658203,317.32000732421875,28.719999313354492,160.00999450683594,133.1300048828125,434.4200134277344,109.08000183105469,116.69999694824219,81.66999816894531,60.150001525878906,28.04599952697754,37.22999954223633,110.30999755859375,102.61000061035156,43.779998779296875,135.58999633789062,82.94999694824219,487.75,28.739999771118164,110.04000091552734,37.18000030517578,38.974998474121094,31.690000534057617,131.60000610351562,104.77999877929688,146.7899932861328,96.83000183105469,233.02999877929688,649.3400268554688,62.8380012512207,27.520000457763672,68.61000061035156,46.33000183105469,100.63999938964844,157.0,47.63999938964844,111.4800033569336,322.0400085449219,29.030000686645508,161.36000061035156,136.82000732421875,440.1600036621094,111.16999816894531,118.0,83.0,61.9900016784668,28.52899932861328,37.61000061035156,113.69999694824219,104.47000122070312,44.540000915527344,137.49667358398438,83.37999725341797,488.760009765625,29.239999771118164,111.51000213623047,38.459999084472656,39.39500045776367,32.2400016784668,132.57000732421875,106.30999755859375,3526500,53829700,1295600,375300,11942000,38142000,11964000,12812800,5004400,4898900,5950700,1874100,1099100,24153800,3904200,9988600,3939200,3260400,5233100,5208900,12131400,274222000,16541300,2212400,7635900,10202200,1383300,5069800,1536500,16870700,3526800,17658600,37913200,36253000,6626800,12613300
2023-05-15,131.6448974609375,97.4000015258789,210.9855194091797,638.995849609375,61.483394622802734,25.5788631439209,59.33604049682617,41.73978805541992,91.00466918945312,137.199462890625,42.78716278076172,100.17872619628906,299.2606506347656,29.204721450805664,145.91265869140625,126.29608917236328,425.3479309082031,103.32682037353516,106.15428924560547,75.38690185546875,63.81534957885742,28.927392959594727,30.83304786682129,101.3134994506836,99.25525665283203,41.32217788696289,137.6990203857422,81.94701385498047,458.96820068359375,25.78373908996582,102.59941101074219,35.97383117675781,35.78795623779297,30.640199661254883,125.52893829345703,95.04644775390625,146.58999633789062,97.4000015258789,233.52999877929688,655.6900024414062,63.97999954223633,27.649999618530273,68.16999816894531,46.04999923706055,100.29000091552734,157.1999969482422,47.709999084472656,111.33999633789062,322.07000732421875,29.799999237060547,159.5500030517578,135.22999572753906,434.510009765625,110.62999725341797,116.37000274658203,82.94999694824219,64.63999938964844,28.952999114990234,37.15999984741211,113.66999816894531,106.27999877929688,44.599998474121094,140.59666442871094,85.66000366210938,486.8599853515625,29.649999618530273,112.91000366210938,38.77000045776367,39.459999084472656,32.15999984741211,131.9600067138672,105.06999969482422,148.89999389648438,97.43000030517578,233.9199981689453,655.7000122070312,64.00199890136719,27.81999969482422,68.45999908447266,46.310001373291016,100.44999694824219,158.16000366210938,48.189998626708984,112.04000091552734,323.25,29.829999923706055,161.02999877929688,135.6699981689453,436.0,111.94000244140625,117.73999786376953,83.37999725341797,64.87000274658203,28.9689998626709,37.36000061035156,114.16000366210938,106.4000015258789,44.880001068115234,140.6233367919922,85.66999816894531,491.7900085449219,29.790000915527344,113.05999755859375,39.099998474121094,39.685001373291016,32.220001220703125,132.3000030517578,105.93000030517578,145.66000366210938,93.44999694824219,232.1199951171875,644.8800048828125,62.84700012207031,27.030000686645508,67.7699966430664,45.630001068115234,98.45999908447266,156.22999572753906,47.43000030517578,110.0,318.05999755859375,28.8799991607666,158.94000244140625,133.9600067138672,430.6700134277344,109.5199966430664,115.48999786376953,82.25,61.79999923706055,28.152000427246094,37.0099983215332,111.69999694824219,102.88999938964844,43.90999984741211,136.86666870117188,83.2300033569336,483.70001220703125,29.06999969482422,109.88999938964844,37.459999084472656,39.095001220703125,31.899999618530273,131.38999938964844,104.58000183105469,147.6699981689453,95.19999694824219,233.27000427246094,646.8800048828125,63.1870002746582,27.100000381469727,68.19999694824219,45.689998626708984,99.33000183105469,157.22999572753906,47.93000030517578,111.25,320.4200134277344,28.899999618530273,160.8000030517578,134.27000427246094,435.3699951171875,110.41000366210938,117.13999938964844,82.66999816894531,62.22999954223633,28.507999420166016,37.29999923706055,111.9000015258789,103.76000213623047,44.380001068115234,137.27000427246094,83.33000183105469,491.3999938964844,29.15999984741211,111.08000183105469,37.599998474121094,39.404998779296875,31.959999084472656,132.2100067138672,105.51000213623047,4391800,51749200,1551300,893400,14614000,38722800,5908000,11911300,5838100,5096700,7187000,1640600,1178200,28717500,5104500,7639500,2234800,3937600,5697200,5032100,22227200,293926000,16650400,2256100,7444900,6813200,1799100,8707300,2169700,12671600,4612000,24405800,32544600,33208500,5725600,13715600
2023-05-16,128.6813507080078,101.4800033569336,205.8809814453125,635.4484252929688,61.640995025634766,25.310588836669922,58.33505630493164,41.04186248779297,88.99019622802734,133.97894287109375,41.37018585205078,96.84066009521484,298.08984375,28.636310577392578,145.72064208984375,125.44625091552734,427.4427490234375,100.38349914550781,105.88973999023438,74.39628601074219,62.91696548461914,29.187158584594727,30.708581924438477,99.45960235595703,96.92985534667969,40.071388244628906,137.4411163330078,82.157470703125,452.23724365234375,24.940221786499023,99.6280288696289,35.62123107910156,34.908226013183594,30.35437774658203,124.48251342773438,92.73971557617188,143.2899932861328,101.4800033569336,227.8800048828125,652.0499877929688,64.14399719238281,27.360000610351562,67.0199966430664,45.279998779296875,98.06999969482422,153.50999450683594,46.130001068115234,107.62999725341797,320.80999755859375,29.219999313354492,159.33999633789062,134.32000732421875,436.6499938964844,106.75,116.08000183105469,81.86000061035156,63.72999954223633,29.21299934387207,37.0099983215332,111.58999633789062,103.79000091552734,43.25,140.3333282470703,85.87999725341797,479.7200012207031,28.68000030517578,109.63999938964844,38.38999938964844,38.4900016784668,31.860000610351562,130.86000061035156,102.5199966430664,146.94000244140625,103.27999877929688,234.50999450683594,657.8699951171875,64.69100189208984,27.899999618530273,68.13999938964844,46.15999984741211,100.55999755859375,157.02000427246094,47.65999984741211,111.41999816894531,323.07000732421875,29.899999618530273,160.25,135.94000244140625,438.4800109863281,110.83999633789062,116.76000213623047,83.06999969482422,65.22000122070312,29.8700008392334,37.2400016784668,114.36000061035156,106.4800033569336,44.40999984741211,141.92999267578125,86.75,489.2099914550781,29.75,113.11000061035156,38.77000045776367,39.44499969482422,32.189998626708984,131.72999572753906,104.80999755859375,143.22999572753906,97.30999755859375,227.74000549316406,651.5800170898438,63.87300109863281,27.329999923706055,66.93000030517578,45.2599983215332,97.41999816894531,153.3300018310547,46.04999923706055,107.47000122070312,320.5,29.209999084472656,158.52999877929688,133.9600067138672,430.6600036621094,106.4800033569336,115.29000091552734,81.80999755859375,63.29999923706055,28.832000732421875,36.83000183105469,111.4000015258789,103.72000122070312,42.95000076293945,140.13999938964844,85.58999633789062,479.010009765625,28.670000076293945,108.83000183105469,38.31999969482422,38.43000030517578,31.84000015258789,130.8300018310547,102.0199966430664,145.86000061035156,97.38999938964844,234.2100067138672,652.780029296875,64.0459976196289,27.780000686645508,68.05999755859375,45.93000030517578,99.87000274658203,156.47999572753906,47.36000061035156,110.62999725341797,322.5,29.6200008392334,159.05999755859375,135.4600067138672,434.20001220703125,109.87999725341797,115.87999725341797,82.72000122070312,64.55000305175781,28.840999603271484,37.02000045776367,113.7300033569336,105.66999816894531,44.33000183105469,140.13999938964844,85.69000244140625,487.6199951171875,29.5,112.87000274658203,38.68000030517578,39.275001525878906,32.099998474121094,131.67999267578125,104.62999725341797,4685400,90622900,2646500,709600,14967000,33347500,7870500,9201200,4822200,7007700,8030900,2466900,1618900,22812000,5599200,6477200,2128800,4514600,4278200,6862900,15259000,449405000,25451700,2243600,7027000,11890400,2047500,11283200,2178900,14997200,4951700,21821200,44511200,31241400,7106000,14795200
2023-05-17,128.7352294921875,103.75,205.2152557373047,653.4288330078125,63.18144989013672,26.429948806762695,57.9085693359375,42.67338943481445,91.38578796386719,135.8990478515625,42.78716278076172,99.69286346435547,306.79620361328125,28.29330062866211,145.4005584716797,129.30335998535156,428.24542236328125,104.03211212158203,104.68561553955078,76.25936889648438,64.09176635742188,30.151308059692383,30.49285316467285,106.28691101074219,97.88241577148438,41.22952651977539,140.8363800048828,86.94074249267578,457.0356750488281,26.47942543029785,101.86338806152344,37.541934967041016,35.57936477661133,30.964134216308594,124.63473510742188,94.82030487060547,143.35000610351562,103.75,225.02000427246094,670.5,65.74700164794922,28.56999969482422,66.52999877929688,47.08000183105469,100.70999908447266,155.7100067138672,47.709999084472656,110.80000305175781,330.17999267578125,28.8700008392334,158.99000549316406,138.4499969482422,437.4700012207031,110.62999725341797,114.76000213623047,83.91000366210938,64.91999816894531,30.17799949645996,36.75,119.25,104.80999755859375,44.5,143.8000030517578,90.87999725341797,484.80999755859375,30.450000762939453,112.0999984741211,40.459999084472656,39.22999954223633,32.5,131.02000427246094,104.81999969482422,143.52000427246094,104.13999938964844,226.08999633789062,671.4000244140625,66.08999633789062,28.670000076293945,67.3499984741211,47.11000061035156,101.45999908447266,156.4199981689453,48.279998779296875,111.31999969482422,330.3900146484375,29.559999465942383,160.05999755859375,138.58999633789062,438.95001220703125,111.2699966430664,116.66000366210938,83.91999816894531,65.31999969482422,30.198999404907227,37.04999923706055,119.29000091552734,105.44999694824219,44.5099983215332,144.35333251953125,91.80000305175781,485.3999938964844,30.5,112.5,40.61000061035156,39.439998626708984,32.59000015258789,131.19000244140625,105.2300033569336,140.52000427246094,100.05000305175781,220.44000244140625,652.77001953125,64.45800018310547,27.729999542236328,66.06999969482422,45.779998779296875,98.55999755859375,153.9600067138672,46.45000076293945,108.81999969482422,322.6600036621094,28.68000030517578,157.77000427246094,135.4600067138672,432.7300109863281,107.11000061035156,113.4800033569336,82.5,63.439998626708984,29.43000030517578,36.5099983215332,113.48999786376953,103.58000183105469,43.040000915527344,140.72999572753906,88.05999755859375,477.5400085449219,28.93000030517578,109.86000061035156,38.88999938964844,38.599998474121094,32.040000915527344,129.55999755859375,102.8499984741211,143.02000427246094,101.79000091552734,226.02000427246094,656.989990234375,64.73500061035156,27.739999771118164,67.05999755859375,45.779998779296875,99.54000091552734,154.7899932861328,46.59000015258789,109.16000366210938,322.6600036621094,29.520000457763672,159.7899932861328,135.89999389648438,438.79998779296875,108.31999969482422,116.37000274658203,82.54000091552734,64.58000183105469,29.583999633789062,36.97999954223633,113.48999786376953,104.19000244140625,43.84000015258789,141.61666870117188,88.30000305175781,480.0,29.0,112.37000274658203,38.9900016784668,38.8849983215332,32.11000061035156,131.0800018310547,103.38999938964844,5482000,75240900,3352900,1162700,24133000,61750400,9338400,16359100,5013700,6169600,7930900,2587000,2098100,41667300,6840700,12711500,2274200,3730500,7210400,8216700,15947700,432535000,23206400,4488300,9504700,12579400,1986000,23215600,2682000,22429700,4231400,29241600,46200600,46818800,15512700,14064700
2023-05-18,128.81602478027344,107.93000030517578,204.49473571777344,678.2112426757812,65.14472198486328,26.337440490722656,57.18611526489258,42.04796600341797,91.41300964355469,135.73155212402344,43.298343658447266,100.79055786132812,306.23870849609375,29.087120056152344,144.9341278076172,130.28399658203125,428.65667724609375,104.3612289428711,103.99234771728516,76.78649139404297,66.70796966552734,31.649978637695312,30.268821716308594,107.08907318115234,99.89030456542969,41.553802490234375,145.28607177734375,88.63401794433594,451.7753601074219,26.514205932617188,101.36359405517578,37.30996322631836,35.83784484863281,31.192792892456055,124.330322265625,95.67967224121094,143.44000244140625,107.93000030517578,224.22999572753906,695.9299926757812,67.79000091552734,28.469999313354492,65.69999694824219,46.38999938964844,100.73999786376953,154.00999450683594,48.279998779296875,112.0199966430664,329.5799865722656,29.68000030517578,158.47999572753906,139.5,437.8900146484375,110.9800033569336,114.0,84.48999786376953,67.56999969482422,31.67799949645996,36.47999954223633,120.1500015258789,106.95999908447266,44.849998474121094,148.3433380126953,92.6500015258789,479.2300109863281,30.489999771118164,111.55000305175781,40.209999084472656,39.51499938964844,32.7400016784668,130.6999969482422,105.7699966430664,143.55999755859375,108.0999984741211,224.75,697.25,67.93599700927734,28.5,66.3499984741211,46.97999954223633,100.8499984741211,154.24000549316406,48.369998931884766,112.0999984741211,330.6000061035156,29.760000228881836,158.92999267578125,139.72999572753906,439.5199890136719,111.30000305175781,115.06999969482422,84.55000305175781,68.58999633789062,31.827999114990234,36.779998779296875,120.47000122070312,107.12000274658203,44.9900016784668,148.70333862304688,93.4000015258789,482.54998779296875,30.559999465942383,112.08000183105469,40.31999969482422,39.564998626708984,32.779998779296875,130.91000366210938,105.91000366210938,141.97999572753906,103.93000030517578,221.9199981689453,675.0700073242188,65.5999984741211,28.0,65.18000030517578,45.86000061035156,99.25,151.52999877929688,47.060001373291016,108.76000213623047,325.6600036621094,28.8700008392334,157.55999755859375,137.75999450683594,433.5899963378906,108.66999816894531,113.33000183105469,83.0199966430664,65.08000183105469,30.31999969482422,36.16999816894531,117.44999694824219,104.80999755859375,43.689998626708984,144.3333282470703,91.06999969482422,473.8900146484375,29.889999389648438,109.88999938964844,39.56999969482422,38.75,32.31999969482422,129.69000244140625,104.12999725341797,142.61000061035156,103.9800033569336,224.75,675.27001953125,65.5999984741211,28.440000534057617,66.30999755859375,46.97999954223633,100.19999694824219,152.8699951171875,47.369998931884766,110.0,330.0,29.0,158.66000366210938,138.27000427246094,436.510009765625,109.94999694824219,114.13999938964844,83.69999694824219,65.9800033569336,30.40999984741211,36.709999084472656,118.7699966430664,104.80999755859375,44.02000045776367,144.44000244140625,91.25,482.04998779296875,30.239999771118164,111.47000122070312,40.31999969482422,38.994998931884766,32.439998626708984,130.74000549316406,104.55000305175781,4791200,74338700,2245300,1459000,26389000,51146100,10080500,17618000,5503400,7477700,6115900,2465100,1645400,36529200,5173000,10999600,2268100,3359300,6437100,5367700,30688000,748725000,27772400,3077100,9142000,8372600,3429300,14879000,3040100,13204600,4692300,27213900,33154200,42232500,12196900,12005600
2023-05-19,130.31576538085938,105.81999969482422,203.7560272216797,676.3304443359375,65.562744140625,26.00440216064453,57.30796813964844,41.43160629272461,93.10081481933594,136.80679321289062,44.12342071533203,103.10293579101562,303.0517272949219,29.33212661743164,145.327392578125,129.98512268066406,433.0519104003906,103.7311782836914,105.3515396118164,74.74163055419922,67.30032348632812,31.236347198486328,30.509445190429688,105.6006088256836,98.86302185058594,41.942928314208984,144.53846740722656,88.56705474853516,451.3887939453125,26.183752059936523,101.10917663574219,37.14295959472656,36.11445999145508,31.059406280517578,124.91060638427734,96.12293243408203,145.11000061035156,105.81999969482422,223.4199981689453,694.0,68.2249984741211,28.110000610351562,65.83999633789062,45.709999084472656,102.5999984741211,155.22999572753906,49.20000076293945,114.58999633789062,326.1499938964844,29.93000030517578,158.91000366210938,139.17999267578125,442.3800048828125,110.30999755859375,115.48999786376953,82.23999786376953,68.16999816894531,31.263999938964844,36.77000045776367,118.4800033569336,105.86000061035156,45.27000045776367,147.5800018310547,92.58000183105469,478.82000732421875,30.110000610351562,111.2699966430664,40.029998779296875,39.81999969482422,32.599998474121094,131.30999755859375,106.26000213623047,145.8000030517578,107.29000091552734,225.8800048828125,699.8699951171875,68.49500274658203,28.670000076293945,66.3499984741211,46.72999954223633,103.58999633789062,156.44000244140625,49.59000015258789,115.91999816894531,331.95001220703125,30.239999771118164,159.92999267578125,140.49000549316406,447.510009765625,112.13999938964844,116.23999786376953,84.41999816894531,68.38999938964844,31.579999923706055,37.650001525878906,120.6500015258789,107.12000274658203,45.7599983215332,148.24667358398438,92.79000091552734,484.79998779296875,30.889999389648438,112.88999938964844,40.459999084472656,40.130001068115234,32.91999816894531,132.19000244140625,107.05000305175781,143.8000030517578,104.62000274658203,222.77999877929688,693.8400268554688,67.84100341796875,28.030000686645508,65.66000366210938,45.619998931884766,101.83000183105469,153.99000549316406,48.81999969482422,113.87999725341797,324.7900085449219,29.5,158.13999938964844,138.1300048828125,439.0,109.86000061035156,114.0999984741211,82.2300033569336,66.43000030517578,30.916000366210938,36.52000045776367,116.9000015258789,105.5199966430664,45.02000045776367,146.6566619873047,91.55999755859375,477.80999755859375,29.75,110.66000366210938,39.619998931884766,39.595001220703125,32.45000076293945,130.94000244140625,105.81999969482422,143.86000061035156,106.36000061035156,224.44000244140625,698.0,68.0,28.459999084472656,65.7699966430664,46.459999084472656,102.33000183105469,154.88999938964844,49.029998779296875,114.77999877929688,330.0,29.600000381469727,158.58999633789062,139.7899932861328,439.0,111.80999755859375,114.33000183105469,83.79000091552734,67.56999969482422,31.535999298095703,36.650001525878906,120.63999938964844,106.94999694824219,45.380001068115234,147.91000366210938,92.12999725341797,479.5799865722656,30.65999984741211,112.58000183105469,40.33000183105469,39.880001068115234,32.81999969482422,131.0,106.56999969482422,5610300,67880200,2395700,949700,22968000,50062500,9196200,15416200,6068200,8100900,8291100,4657600,1546100,40683000,6527100,13492200,3442800,2325300,7647000,11183600,16812100,473908000,33068300,2679800,5783200,8359100,2877600,9295200,2317900,15001500,3708300,19774900,36122200,40132900,9277000,13359600
2023-05-22,130.12721252441406,108.0,204.27586364746094,680.8523559570312,65.18988800048828,26.21717643737793,57.28186798095703,41.504127502441406,94.12618255615234,134.347900390625,44.23103713989258,102.16720581054688,301.90875244140625,29.675134658813477,144.54415893554688,128.91111755371094,424.8388671875,104.03211212158203,104.43932342529297,74.7688980102539,65.38506317138672,31.14842987060547,32.15232849121094,107.32972717285156,98.32135772705078,42.61928176879883,145.03794860839844,87.74433135986328,453.085693359375,26.879438400268555,103.4385757446289,38.024436950683594,35.964813232421875,31.11656951904297,125.03428649902344,94.95599365234375,144.89999389648438,108.0,223.99000549316406,698.6400146484375,67.83699798583984,28.34000015258789,65.80999755859375,45.790000915527344,103.7300033569336,152.44000244140625,49.31999969482422,113.55000305175781,324.9200134277344,30.280000686645508,156.8699951171875,138.02999877929688,433.989990234375,110.62999725341797,114.48999786376953,82.2699966430664,66.2300033569336,31.176000595092773,38.75,120.41999816894531,105.27999877929688,46.0,148.08999633789062,91.72000122070312,480.6199951171875,30.90999984741211,112.79000091552734,40.97999954223633,39.654998779296875,32.65999984741211,131.44000244140625,104.97000122070312,146.66000366210938,108.79000091552734,226.82000732421875,699.5999755859375,68.46800231933594,28.450000762939453,66.30000305175781,46.099998474121094,104.91999816894531,154.8300018310547,49.97999954223633,114.77999877929688,327.3399963378906,30.450000762939453,159.13999938964844,141.63999938964844,454.95001220703125,111.77999877929688,117.08000183105469,83.16000366210938,66.75,31.520000457763672,38.869998931884766,120.44999694824219,105.87000274658203,46.18000030517578,148.47999572753906,92.44000244140625,482.20001220703125,31.079999923706055,114.01000213623047,41.22999954223633,40.060001373291016,32.779998779296875,132.36000061035156,107.04000091552734,143.77999877929688,103.48999786376953,222.82000732421875,688.8300170898438,67.41200256347656,28.010000228881836,65.13999938964844,45.45000076293945,102.41999816894531,152.08999633789062,48.90999984741211,112.87000274658203,322.42999267578125,29.81999969482422,156.77999877929688,137.66000366210938,432.3900146484375,110.3499984741211,114.33000183105469,81.91000366210938,64.76000213623047,30.68000030517578,36.75,117.80999755859375,103.25,45.189998626708984,146.18666076660156,91.19999694824219,477.9100036621094,30.06999969482422,110.44000244140625,40.099998474121094,39.595001220703125,32.459999084472656,131.1300048828125,104.87999725341797,145.47000122070312,104.68000030517578,224.85000610351562,690.8599853515625,68.13999938964844,28.299999237060547,65.83999633789062,45.970001220703125,102.7300033569336,153.7899932861328,49.189998626708984,114.2699966430664,326.1499938964844,29.850000381469727,158.0,141.0,444.30999755859375,110.52999877929688,115.4800033569336,82.25,65.75,30.900999069213867,36.86000061035156,119.44000244140625,103.66999816894531,45.27000045776367,146.25,92.06999969482422,480.44000244140625,30.540000915527344,110.72000122070312,40.20000076293945,39.66999816894531,32.709999084472656,131.5,105.83999633789062,3867300,65424200,1848600,856000,17796000,36473700,7356000,14471000,5561900,11661000,5510700,3451500,1498900,28693400,5675900,11402500,4398000,3000100,5607400,5520000,37491000,372000000,85718600,2452400,7912400,11126700,2299800,9259800,2242800,11974600,3819400,27519400,26943600,35286200,12856100,12882000
2023-05-23,127.98983764648438,108.12000274658203,204.68629455566406,664.0999755859375,65.97116088867188,26.4392032623291,57.9085693359375,41.61289596557617,94.72508239746094,138.23455810546875,44.042701721191406,102.08621978759766,300.6543884277344,28.920516967773438,144.4888916015625,127.5662612915039,414.2861633300781,103.36443328857422,103.32643127441406,75.10516357421875,65.16787719726562,30.66085433959961,32.89078903198242,108.28340911865234,96.71504974365234,42.67487335205078,143.24563598632812,86.51981353759766,451.9732971191406,27.079444885253906,103.17261505126953,38.23785400390625,36.35026550292969,30.75452995300293,123.66443634033203,96.24958801269531,142.52000427246094,108.12000274658203,224.44000244140625,681.4500122070312,68.6500015258789,28.579999923706055,66.52999877929688,45.90999984741211,104.38999938964844,156.85000610351562,49.11000061035156,113.45999908447266,323.57000732421875,29.510000228881836,156.80999755859375,136.58999633789062,423.2099914550781,109.91999816894531,113.2699966430664,82.63999938964844,66.01000213623047,30.687999725341797,39.63999938964844,121.48999786376953,103.55999755859375,46.060001373291016,146.25999450683594,90.44000244140625,479.44000244140625,31.139999389648438,112.5,41.209999084472656,40.08000183105469,32.279998779296875,130.0,106.4000015258789,144.82000732421875,110.98999786376953,226.82000732421875,693.3800048828125,69.89900207519531,29.079999923706055,67.16000366210938,46.81999969482422,105.56999969482422,157.67999267578125,50.16999816894531,115.54000091552734,327.1400146484375,30.200000762939453,158.27000427246094,139.02999877929688,435.8900146484375,111.51000213623047,114.79000091552734,83.56999969482422,67.55999755859375,31.288000106811523,40.13999938964844,124.5999984741211,105.63999938964844,46.5,148.06666564941406,91.33999633789062,483.3900146484375,32.099998474121094,115.3499984741211,42.119998931884766,40.53499984741211,32.689998626708984,131.10000610351562,108.22000122070312,142.33999633789062,107.19000244140625,222.8000030517578,678.8599853515625,68.2020034790039,28.299999237060547,65.86000061035156,45.79999923706055,103.98999786376953,153.83999633789062,49.060001373291016,112.62999725341797,322.80999755859375,29.489999771118164,156.3699951171875,136.4600067138672,421.510009765625,109.41999816894531,113.05000305175781,81.88999938964844,65.70999908447266,30.631000518798828,38.0,120.04000091552734,103.47000122070312,45.79999923706055,145.93666076660156,90.33000183105469,472.5400085449219,31.0,112.38999938964844,40.97999954223633,39.93000030517578,32.2599983215332,129.7100067138672,105.75,144.4499969482422,107.25,224.2100067138672,690.8499755859375,69.06400299072266,28.31999969482422,66.08000183105469,45.84000015258789,104.45999908447266,154.13999938964844,49.75,114.2699966430664,323.6000061035156,30.049999237060547,157.10000610351562,137.5399932861328,432.9200134277344,110.87999725341797,113.97000122070312,82.0,65.8499984741211,31.0,38.54999923706055,120.58000183105469,104.06999969482422,46.31999969482422,147.09666442871094,91.0,476.17999267578125,31.0,114.81999969482422,41.0099983215332,40.03499984741211,32.52000045776367,130.91000366210938,105.98999786376953,5121900,73099100,2296600,958600,36088000,51400400,10162500,13797100,5415700,10436200,7381000,2338600,1550900,29400900,5793000,9514900,4492100,3982000,7733000,5521200,15896200,356253000,75379500,3221600,7452500,7538700,1553100,7656700,2874200,13952200,5606700,26116600,42803800,42217200,8723100,14394400
2023-05-24,126.75953674316406,108.2699966430664,201.8408660888672,649.8130493164062,65.30136108398438,25.99515151977539,56.985931396484375,40.3258056640625,94.35303497314453,138.6046905517578,44.544925689697266,101.9332504272461,297.1606750488281,28.420703887939453,144.35069274902344,126.3988265991211,416.79217529296875,103.94745635986328,103.62745666503906,73.81463623046875,65.68123626708984,30.5109920501709,32.05276107788086,107.17821502685547,96.21072387695312,42.832374572753906,140.68292236328125,86.2232437133789,453.28363037109375,26.792476654052734,105.27277374267578,37.9223747253418,36.50897979736328,30.35437774658203,122.81781768798828,97.3260498046875,141.14999389648438,108.2699966430664,221.32000732421875,666.7899780273438,67.9530029296875,28.100000381469727,65.47000122070312,44.4900016784668,103.9800033569336,157.27000427246094,49.66999816894531,113.29000091552734,319.80999755859375,29.0,156.66000366210938,135.33999633789062,425.7699890136719,110.54000091552734,113.5999984741211,81.22000122070312,66.52999877929688,30.538000106811523,38.630001068115234,120.25,103.0199966430664,46.22999954223633,143.64332580566406,90.12999725341797,480.8299865722656,30.809999465942383,114.79000091552734,40.869998931884766,40.255001068115234,31.860000610351562,129.11000061035156,107.58999633789062,142.94000244140625,108.91000366210938,225.9600067138672,670.8400268554688,68.43099975585938,28.510000228881836,66.69000244140625,45.2400016784668,105.68000030517578,158.57000732421875,50.04999923706055,114.69000244140625,321.8999938964844,29.489999771118164,157.13999938964844,136.35000610351562,428.9599914550781,111.4000015258789,114.31999969482422,82.2300033569336,66.7300033569336,30.60700035095215,40.13999938964844,120.83000183105469,103.13999938964844,46.599998474121094,144.2433319091797,90.1500015258789,483.2799987792969,31.25,114.93000030517578,41.290000915527344,40.564998626708984,32.06999969482422,129.77999877929688,108.51000213623047,140.94000244140625,105.63999938964844,221.0399932861328,661.1799926757812,67.60600280761719,28.0,65.25,44.209999084472656,103.47000122070312,156.2899932861328,48.68000030517578,112.41999816894531,318.79998779296875,28.81999969482422,155.9199981689453,135.0800018310547,420.260009765625,109.18000030517578,112.55000305175781,80.73999786376953,64.87999725341797,29.805999755859375,38.599998474121094,119.29000091552734,101.58000183105469,45.5,142.1266632080078,89.18000030517578,478.8900146484375,30.399999618530273,111.56999969482422,40.68000030517578,39.915000915527344,31.790000915527344,128.80999755859375,106.7300033569336,142.58999633789062,105.9800033569336,225.63999938964844,668.0599975585938,68.14399719238281,28.329999923706055,66.5999984741211,45.15999984741211,105.48999786376953,157.9499969482422,49.27000045776367,114.0999984741211,320.3900146484375,29.309999465942383,157.0800018310547,135.39999389648438,424.0,111.05000305175781,114.11000061035156,82.01000213623047,64.94999694824219,30.209999084472656,40.099998474121094,120.16000366210938,102.08000183105469,45.959999084472656,143.31666564941406,89.27999877929688,480.6099853515625,30.829999923706055,113.6500015258789,40.88999938964844,40.39500045776367,32.040000915527344,129.75,107.37999725341797,4143500,65910500,1765000,1159300,23021000,50606900,7285400,23744900,5141900,7064000,6903000,2431000,1439100,28045800,5015100,8578000,3133000,3699100,4509500,6827800,15806600,721419000,39326400,2062400,8193700,6895600,4341000,9443900,1904700,11120700,4179200,21193700,33474200,46610700,7952900,16340300
2023-05-25,124.4874496459961,120.3499984741211,198.3206024169922,690.441650390625,70.0361099243164,26.05990982055664,56.193851470947266,40.09013366699219,92.27503967285156,136.21629333496094,42.93064880371094,99.33296203613281,300.94244384765625,26.852664947509766,142.27748107910156,126.70703125,418.2996826171875,102.98828887939453,102.44157409667969,75.43234252929688,68.7219467163086,37.946407318115234,31.388965606689453,106.05517578125,97.14464569091797,41.84101867675781,150.0524444580078,96.57424926757812,450.3329162597656,26.531597137451172,103.79625701904297,37.95021057128906,35.86052322387695,30.3448486328125,121.56214141845703,95.58016967773438,138.6199951171875,120.3499984741211,217.4600067138672,708.47998046875,72.87999725341797,28.170000076293945,64.55999755859375,44.22999954223633,101.69000244140625,154.55999755859375,47.869998931884766,110.4000015258789,323.8800048828125,27.399999618530273,154.41000366210938,135.6699981689453,427.30999755859375,109.5199966430664,112.30000305175781,83.0,69.61000061035156,37.97999954223633,37.83000183105469,118.98999786376953,104.0199966430664,45.15999984741211,153.2100067138672,100.94999694824219,477.70001220703125,30.510000228881836,113.18000030517578,40.900001525878906,39.540000915527344,31.850000381469727,127.79000091552734,105.66000366210938,140.1999969482422,120.69000244140625,220.10000610351562,710.989990234375,73.23899841308594,28.239999771118164,65.1500015258789,44.79999923706055,102.4000015258789,155.6300048828125,48.91999816894531,111.33000183105469,325.17999267578125,28.290000915527344,156.2899932861328,136.27000427246094,428.20001220703125,109.79000091552734,113.5,83.12999725341797,69.87999725341797,39.47999954223633,38.5099983215332,120.66999816894531,104.11000061035156,45.70000076293945,153.8000030517578,102.37000274658203,481.7699890136719,30.829999923706055,113.86000061035156,41.290000915527344,39.7599983215332,31.959999084472656,128.66000366210938,106.43000030517578,138.25999450683594,115.80000305175781,214.92999267578125,693.760009765625,69.0770034790039,27.8799991607666,63.97999954223633,43.880001068115234,100.5,153.5,47.66999816894531,109.38999938964844,318.79998779296875,26.860000610351562,153.72000122070312,134.5800018310547,419.79998779296875,107.43000030517578,111.08999633789062,80.9800033569336,67.51000213623047,36.6349983215332,37.650001525878906,118.52999877929688,101.47000122070312,44.58000183105469,148.61666870117188,96.9800033569336,474.29998779296875,30.15999984741211,111.2699966430664,40.52000045776367,39.16999816894531,31.65999984741211,126.91000366210938,104.70999908447266,140.02999877929688,117.30999755859375,220.10000610351562,701.02001953125,69.94100189208984,27.989999771118164,64.94000244140625,44.29999923706055,101.94000244140625,154.67999267578125,48.68000030517578,111.33000183105469,318.9200134277344,28.290000915527344,156.0500030517578,134.82000732421875,426.3800048828125,109.0199966430664,113.5,81.20999908447266,69.75,38.52299880981445,38.5099983215332,119.7699966430664,101.93000030517578,45.29999923706055,150.24667358398438,97.05999755859375,477.6300048828125,30.559999465942383,113.1500015258789,40.619998931884766,39.67499923706055,31.780000686645508,128.49000549316406,105.94000244140625,6986600,108514700,2968200,1929800,49263000,40517800,7811800,18109400,4951900,7037700,11289800,2747200,1618500,78009400,6886100,8472500,2882200,3897500,7037500,6962700,29021500,1543911000,30266600,1776500,11677400,15889300,12973800,60793200,2684100,11948300,4426900,17691800,38251000,41658900,13737000,14316500
2023-05-26,123.5355453491211,127.02999877929688,197.8372344970703,717.1928100585938,78.10160064697266,26.189428329467773,55.54975128173828,40.42550277709961,92.42024230957031,135.7932891845703,43.11001968383789,99.0810317993164,308.4967041015625,28.420703887939453,142.22218322753906,127.89311981201172,416.81170654296875,102.32064819335938,101.31956481933594,76.25028228759766,72.98682403564453,38.91155242919922,31.1981258392334,105.86801147460938,103.0562515258789,41.21099853515625,159.859375,98.73628997802734,453.9341125488281,26.670730590820312,104.38319396972656,38.25640869140625,35.71994400024414,30.59256362915039,121.31481170654297,94.95599365234375,137.55999755859375,127.02999877929688,216.92999267578125,735.9299926757812,81.27300262451172,28.309999465942383,63.81999969482422,44.599998474121094,101.8499984741211,154.0800018310547,48.06999969482422,110.12000274658203,332.010009765625,29.0,154.35000610351562,136.94000244140625,425.7900085449219,108.80999755859375,111.06999969482422,83.9000015258789,73.93000030517578,38.94599914550781,37.599998474121094,118.77999877929688,110.3499984741211,44.47999954223633,163.22332763671875,103.20999908447266,481.5199890136719,30.670000076293945,113.81999969482422,41.22999954223633,39.3849983215332,32.11000061035156,127.52999877929688,104.97000122070312,139.85000610351562,127.43000030517578,218.47999572753906,742.3099975585938,81.49800109863281,28.399999618530273,64.97000122070312,44.650001525878906,102.8499984741211,155.6300048828125,48.4900016784668,112.0199966430664,332.8699951171875,29.09000015258789,155.27999877929688,137.60000610351562,431.6700134277344,110.30000305175781,113.19000244140625,84.63999938964844,74.58999633789062,39.16999816894531,38.439998626708984,119.36000061035156,111.27999877929688,45.900001525878906,164.06333923339844,104.44000244140625,488.3900146484375,30.790000915527344,114.75,41.52000045776367,39.88999938964844,32.189998626708984,128.8699951171875,106.94999694824219,137.10000610351562,120.88999938964844,214.47999572753906,715.6400146484375,74.7020034790039,27.790000915527344,63.70000076293945,43.9900016784668,100.87999725341797,153.4600067138672,47.58000183105469,109.91999816894531,324.0,27.100000381469727,154.1999969482422,135.6300048828125,423.6700134277344,107.69000244140625,110.6500015258789,82.83000183105469,69.80000305175781,37.54999923706055,37.560001373291016,117.86000061035156,104.81999969482422,44.029998779296875,155.4933319091797,100.7300033569336,478.0,30.290000915527344,112.66999816894531,40.7599983215332,39.18000030517578,31.8700008392334,127.29000091552734,104.83000183105469,138.72000122070312,122.45999908447266,215.9600067138672,716.6500244140625,74.74299621582031,28.200000762939453,64.51000213623047,44.459999084472656,102.66999816894531,155.2899932861328,48.45000076293945,111.8499984741211,324.7200012207031,27.440000534057617,154.69000244140625,136.11000061035156,424.8999938964844,110.18000030517578,112.0,82.97000122070312,69.87999725341797,37.88999938964844,38.040000915527344,119.30999755859375,104.94000244140625,45.70000076293945,155.54666137695312,100.8499984741211,478.05999755859375,30.579999923706055,114.26000213623047,40.900001525878906,39.779998779296875,31.920000076293945,127.66999816894531,106.47000122070312,7590300,92922800,3081000,2349100,82500000,57879100,8459000,11962600,5709500,7736200,6377100,2942700,2718700,71910600,6845400,8579900,2338400,3479200,6378200,7411600,33410000,714397000,20234600,1803600,15969900,12290400,8010900,26135800,3135200,9267000,3087300,17399400,28785800,44183000,8794900,12370300
2023-05-30,122.52970886230469,125.2699966430664,199.29640197753906,709.718017578125,77.19924926757812,26.143173217773438,55.45399475097656,40.51614761352539,91.83042907714844,134.94723510742188,42.11455154418945,97.90234375,307.40020751953125,29.390928268432617,142.2406005859375,128.37876892089844,418.231201171875,101.36148071289062,99.58634948730469,75.81403350830078,70.7754135131836,40.075523376464844,30.708581924438477,105.9303970336914,108.33279418945312,41.053497314453125,159.7255401611328,97.55960083007812,452.3598327636719,26.66203498840332,102.40227508544922,38.024436950683594,35.35263442993164,30.583032608032227,120.56332397460938,94.11473083496094,136.44000244140625,125.2699966430664,218.52999877929688,728.260009765625,80.33399963378906,28.260000228881836,63.709999084472656,44.70000076293945,101.19999694824219,153.1199951171875,46.959999084472656,108.80999755859375,330.8299865722656,29.989999771118164,154.3699951171875,137.4600067138672,427.239990234375,107.79000091552734,109.16999816894531,83.41999816894531,71.69000244140625,40.111000061035156,37.0099983215332,118.8499984741211,116.0,44.310001373291016,163.086669921875,101.9800033569336,479.8500061035156,30.65999984741211,111.66000366210938,40.97999954223633,38.97999954223633,32.099998474121094,126.73999786376953,104.04000091552734,136.83999633789062,130.7899932861328,219.0,747.1300048828125,92.1780014038086,28.489999771118164,64.08999633789062,44.88999938964844,101.58999633789062,153.25999450683594,47.709999084472656,108.98999786376953,332.5299987792969,30.040000915527344,155.3800048828125,137.72000122070312,428.7300109863281,108.22000122070312,110.70999908447266,84.56999969482422,74.7699966430664,41.9379997253418,37.36000061035156,120.0,116.69000244140625,44.349998474121094,167.67333984375,105.23999786376953,485.8699951171875,31.09000015258789,112.4800033569336,41.41999816894531,39.025001525878906,32.22999954223633,127.87000274658203,104.12000274658203,135.25,123.51000213623047,214.72000122070312,725.5499877929688,79.88099670410156,27.950000762939453,63.06999969482422,44.25,100.02999877929688,151.2100067138672,46.31999969482422,107.01000213623047,327.7300109863281,29.0,153.32000732421875,136.02000427246094,422.05999755859375,106.16000366210938,108.97000122070312,83.11000061035156,71.58000183105469,39.94900131225586,36.91999816894531,116.9000015258789,112.61000061035156,43.25,162.42333984375,101.52999877929688,476.0299987792969,30.0,110.25,40.34000015258789,38.54999923706055,31.889999389648438,126.41999816894531,102.61000061035156,135.49000549316406,130.4199981689453,215.02999877929688,743.1300048828125,83.51200103759766,28.31999969482422,63.369998931884766,44.72999954223633,100.69999694824219,151.6699981689453,47.310001373291016,107.70999908447266,332.0799865722656,29.700000762939453,153.97000122070312,136.8000030517578,423.7900085449219,106.54000091552734,110.12999725341797,84.16000366210938,74.38999938964844,40.595001220703125,37.36000061035156,119.52999877929688,114.5,43.58000183105469,167.0,103.79000091552734,476.67999267578125,30.8700008392334,111.77999877929688,41.2400016784668,38.70000076293945,32.15999984741211,126.88999938964844,103.29000091552734,7671500,98902300,3125900,1411100,116912000,41819600,8443200,12431100,6721800,7814800,11242800,4330100,1998600,54874800,5593100,7399900,2595700,4101900,7768100,5876800,24454700,923401000,24371100,1787200,18291800,8381900,7862700,25248000,3180800,12907300,3515200,14752600,40331600,57900500,12114500,11938000
2023-05-31,123.89474487304688,118.20999908447266,201.22982788085938,704.5238647460938,77.6432113647461,25.708377838134766,56.08940505981445,40.171714782714844,90.10633850097656,132.74391174316406,41.34328842163086,96.53471374511719,303.25262451171875,30.811962127685547,142.8763885498047,126.74440002441406,420.40435791015625,98.65323638916016,100.7175064086914,74.30540466308594,67.3299331665039,37.800537109375,31.54662322998047,103.23869323730469,106.64950561523438,39.68225860595703,155.62515258789062,94.3165512084961,459.3264465332031,26.00113868713379,98.16531372070312,36.938819885253906,34.73137283325195,30.25910186767578,121.6001968383789,92.4321517944336,137.9600067138672,118.20999908447266,220.64999389648438,722.9299926757812,80.7959976196289,27.790000915527344,64.44000244140625,44.31999969482422,99.30000305175781,150.6199951171875,46.099998474121094,107.29000091552734,323.8999938964844,31.440000534057617,155.05999755859375,135.7100067138672,429.4599914550781,104.91000366210938,110.41000366210938,81.76000213623047,68.19999694824219,37.83399963378906,38.02000045776367,115.83000183105469,113.41000366210938,42.83000183105469,158.89999389648438,98.58999633789062,487.239990234375,29.899999618530273,107.04000091552734,39.810001373291016,38.29499816894531,31.760000228881836,127.83000183105469,102.18000030517578,138.7100067138672,123.95999908447266,221.85000610351562,730.0399780273438,82.16699981689453,28.15999984741211,64.5999984741211,44.40999984741211,100.98999786376953,152.4199981689453,46.790000915527344,108.56999969482422,327.25,32.290000915527344,155.69000244140625,136.83999633789062,430.55999755859375,106.55000305175781,111.1500015258789,83.27999877929688,69.8499984741211,40.29499816894531,38.220001220703125,118.37000274658203,114.0,43.5,162.5366668701172,99.9800033569336,487.3999938964844,30.34000015258789,109.98999786376953,40.470001220703125,38.665000915527344,31.940000534057617,128.0500030517578,103.04000091552734,135.77000427246094,117.86000061035156,217.19000244140625,713.280029296875,79.01300048828125,27.479999542236328,63.150001525878906,43.709999084472656,99.2300033569336,150.36000061035156,45.88999938964844,106.80999755859375,321.82000732421875,29.670000076293945,153.85000610351562,134.39999389648438,424.010009765625,104.31999969482422,108.47000122070312,81.12999725341797,67.91999816894531,37.821998596191406,36.869998931884766,114.16999816894531,111.5999984741211,42.72999954223633,158.82666015625,98.05999755859375,477.1099853515625,29.399999618530273,106.79000091552734,39.29999923706055,38.165000915527344,31.489999771118164,126.05000305175781,101.73999786376953,136.6199951171875,122.41999816894531,219.5800018310547,727.0700073242188,79.48999786376953,28.100000381469727,63.689998626708984,44.20000076293945,99.43000030517578,151.5399932861328,46.310001373291016,107.7300033569336,326.07000732421875,29.700000762939453,154.6999969482422,136.72999572753906,427.0,105.61000061035156,108.47000122070312,83.05999755859375,68.9000015258789,39.487998962402344,37.099998474121094,118.0,113.55999755859375,42.77000045776367,160.3300018310547,99.7300033569336,478.1199951171875,30.149999618530273,109.41000366210938,40.290000915527344,38.369998931884766,31.90999984741211,126.38999938964844,102.29000091552734,12579100,87552200,3884700,1347600,89998000,61905200,14934100,18154100,22757300,13346400,11537800,7749500,2938000,136243800,11324600,14219900,3950900,12831900,14563500,9559200,30403600,1002580000,46166300,3715000,14924000,15547400,5358600,22206700,4944100,31032900,11087000,27221100,44797600,67667900,15099100,24926100
2023-06-01,119.8355712890625,119.47000122070312,195.411376953125,708.2659301757812,75.91250610351562,25.904197692871094,56.29829025268555,40.64304733276367,90.31503295898438,134.1011505126953,41.95311737060547,97.30850219726562,296.230712890625,30.508153915405273,142.39723205566406,128.49085998535156,427.2861022949219,99.55597686767578,101.19184875488281,74.58712768554688,68.20858001708984,39.73482131958008,31.54662322998047,106.7236557006836,108.92524719238281,41.674251556396484,158.3021697998047,94.55570220947266,465.350341796875,26.540292739868164,97.14734649658203,37.17080307006836,35.16217041015625,30.583032608032227,122.39925384521484,93.49959564208984,133.44000244140625,119.47000122070312,214.27000427246094,726.77001953125,78.99500274658203,27.780000686645508,64.68000030517578,44.84000015258789,99.52999877929688,152.16000366210938,46.779998779296875,108.1500015258789,316.3999938964844,31.1299991607666,154.5399932861328,137.5800018310547,436.489990234375,105.87000274658203,110.93000030517578,82.06999969482422,69.08999633789062,39.77000045776367,38.02000045776367,119.73999786376953,115.83000183105469,44.97999954223633,161.63333129882812,98.83999633789062,493.6300048828125,30.520000457763672,105.93000030517578,40.060001373291016,38.77000045776367,32.099998474121094,128.6699981689453,103.36000061035156,135.25999450683594,121.27999877929688,220.60000610351562,732.719970703125,80.5790023803711,27.979999542236328,64.7300033569336,45.349998474121094,100.9800033569336,153.74000549316406,47.72999954223633,110.04000091552734,324.67999267578125,31.940000534057617,155.0399932861328,138.22999572753906,436.7900085449219,107.2699966430664,111.58999633789062,82.83999633789062,69.79000091552734,40.04999923706055,38.209999084472656,120.02999877929688,116.55999755859375,45.619998931884766,163.01333618164062,100.58999633789062,498.7799987792969,30.600000381469727,107.98999786376953,40.529998779296875,39.20500183105469,32.16999816894531,128.9199981689453,105.58000183105469,131.10000610351562,116.5999984741211,211.7100067138672,718.5499877929688,78.51599884033203,27.34000015258789,63.779998779296875,44.310001373291016,98.37999725341797,149.74000549316406,45.97999954223633,106.31999969482422,314.0199890136719,31.020000457763672,153.14999389648438,135.4499969482422,428.1300048828125,104.81999969482422,109.87999725341797,81.47000122070312,68.0999984741211,38.34000015258789,37.70000076293945,114.72000122070312,112.30999755859375,42.900001525878906,158.23333740234375,98.5999984741211,486.1099853515625,29.329999923706055,105.66000366210938,39.68000030517578,38.125,31.719999313354492,126.95999908447266,101.26000213623047,135.25999450683594,117.29000091552734,219.9600067138672,724.2000122070312,80.06199645996094,27.760000228881836,64.45999908447266,44.68000030517578,99.56999969482422,151.3000030517578,46.310001373291016,107.69999694824219,324.510009765625,31.799999237060547,154.5399932861328,136.52000427246094,430.2699890136719,105.44999694824219,110.66000366210938,82.58000183105469,68.94000244140625,38.48899841308594,38.119998931884766,117.2300033569336,114.55999755859375,43.060001373291016,159.8699951171875,98.68000030517578,487.7900085449219,30.100000381469727,107.18000030517578,40.209999084472656,38.3849983215332,31.940000534057617,127.94999694824219,101.75,11895600,66032900,4831400,992100,80792000,57426100,8697200,15757100,5857800,9887700,7568000,5367600,3339700,52667400,7901300,12248100,2914400,4180000,6959900,6857500,18153000,635873000,20256100,2964900,8616500,12222900,7343700,14998500,3376600,12319400,5241700,17079400,51623600,48643400,9751900,13551900
2023-06-02,122.91586303710938,117.86000061035156,198.87689208984375,706.2000732421875,78.03144836425781,26.77139663696289,57.151302337646484,41.98451614379883,92.87393188476562,137.7145538330078,43.52255630493164,100.70059204101562,303.0185241699219,30.684558868408203,144.63632202148438,131.18994140625,433.0029602050781,102.41468048095703,102.64226531982422,76.65924835205078,68.28755950927734,39.292213439941406,31.828731536865234,110.1462173461914,108.72776794433594,43.33269500732422,157.9299774169922,94.65137481689453,470.9594421386719,27.60120964050293,100.2104263305664,38.26569366455078,36.232364654541016,31.249954223632812,123.96884155273438,95.67062377929688,136.8699951171875,117.86000061035156,218.07000732421875,724.6500244140625,81.19999694824219,28.709999084472656,65.66000366210938,46.31999969482422,102.3499984741211,156.25999450683594,48.529998779296875,111.91999816894531,323.6499938964844,31.309999465942383,156.97000122070312,140.47000122070312,442.3299865722656,108.91000366210938,112.5199966430664,84.3499984741211,69.16999816894531,39.32699966430664,38.36000061035156,123.58000183105469,115.62000274658203,46.77000045776367,161.25332641601562,98.94000244140625,499.5799865722656,31.739999771118164,109.2699966430664,41.2400016784668,39.95000076293945,32.79999923706055,130.32000732421875,105.76000213623047,136.97000122070312,121.66000366210938,218.75999450683594,732.5499877929688,82.37699890136719,28.950000762939453,65.79000091552734,46.68000030517578,102.93000030517578,156.75,49.02000045776367,112.68000030517578,325.2699890136719,31.59000015258789,157.30999755859375,141.47999572753906,444.70001220703125,109.87999725341797,112.7300033569336,84.68000030517578,70.55000305175781,40.5,38.65999984741211,124.19000244140625,117.4000015258789,47.439998626708984,163.3333282470703,101.30000305175781,501.0199890136719,31.989999771118164,110.01000213623047,41.54999923706055,40.13999938964844,32.91999816894531,130.5500030517578,106.12999725341797,133.5,117.68000030517578,212.02000427246094,719.760009765625,78.72000122070312,28.1200008392334,64.48999786376953,45.36000061035156,100.4800033569336,153.61000061035156,47.5,109.9800033569336,317.04998779296875,30.829999923706055,154.08999633789062,139.33999633789062,436.7799987792969,106.76000213623047,110.72000122070312,82.94000244140625,68.29000091552734,39.05799865722656,38.15999984741211,120.76000213623047,114.69000244140625,45.630001068115234,160.0800018310547,98.62000274658203,490.3599853515625,30.75,106.86000061035156,40.380001068115234,39.224998474121094,32.40999984741211,128.77999877929688,104.52999877929688,133.7100067138672,120.75,213.75,730.0,79.06400299072266,28.15999984741211,64.91999816894531,45.470001220703125,101.36000061035156,154.5800018310547,47.880001068115234,110.79000091552734,318.239990234375,31.399999618530273,154.72000122070312,139.55999755859375,439.9599914550781,107.94000244140625,111.11000061035156,82.94000244140625,69.98999786376953,40.09700012207031,38.25,121.68000030517578,117.23999786376953,46.06999969482422,162.86666870117188,101.25,492.0,31.0,107.86000061035156,40.619998931884766,39.494998931884766,32.40999984741211,129.0800018310547,105.16000366210938,6661600,52382400,3687200,813800,62815000,66578100,6768800,19455600,4958500,9464300,8829400,2902200,3987700,36521000,7659700,12922500,2499000,3627600,5792800,6218500,13468200,482731000,22736400,3105500,7873400,11283200,3318900,13085100,3064500,13744000,4709600,16906100,55278800,65752900,10293000,14112000
2023-06-05,122.90689849853516,117.93000030517578,202.3516082763672,703.8123779296875,77.09930419921875,26.612878799438477,57.42983627319336,41.9119987487793,92.61986541748047,137.0535430908203,43.37905502319336,100.45765686035156,301.29583740234375,29.263525009155273,145.88023376464844,129.90109252929688,434.8923034667969,102.20780181884766,103.18048095703125,76.10487365722656,66.90543365478516,39.1363525390625,32.06935501098633,109.87882232666016,106.01005554199219,42.823116302490234,155.48475646972656,93.79996490478516,469.64910888671875,27.14901351928711,98.48629760742188,37.53266143798828,35.992027282714844,31.087987899780273,124.41593170166016,95.24546813964844,136.86000061035156,117.93000030517578,221.8800048828125,722.2000122070312,80.2300033569336,28.540000915527344,65.9800033569336,46.2400016784668,102.06999969482422,155.50999450683594,48.369998931884766,111.6500015258789,321.80999755859375,29.860000610351562,158.32000732421875,139.08999633789062,444.260009765625,108.69000244140625,113.11000061035156,83.73999786376953,67.7699966430664,39.17100143432617,38.650001525878906,123.27999877929688,112.7300033569336,46.220001220703125,158.7566680908203,98.05000305175781,498.19000244140625,31.219999313354492,107.38999938964844,40.45000076293945,39.685001373291016,32.630001068115234,130.7899932861328,105.29000091552734,138.30999755859375,119.31999969482422,223.0399932861328,726.6300048828125,80.91999816894531,28.81999969482422,66.45999908447266,46.47999954223633,104.25,158.4499969482422,49.599998474121094,114.16999816894531,323.489990234375,31.399999618530273,158.63999938964844,140.11000061035156,447.79998779296875,109.8499984741211,114.4800033569336,84.7300033569336,69.5,39.564998626708984,39.02000045776367,124.38999938964844,115.91999816894531,47.61000061035156,160.75332641601562,98.80999755859375,502.8999938964844,31.8700008392334,110.5199966430664,41.15999984741211,40.53499984741211,32.84000015258789,131.3800048828125,107.19000244140625,136.2899932861328,116.41999816894531,218.47000122070312,718.4000244140625,79.447998046875,28.299999237060547,65.69000244140625,45.810001373291016,100.97000122070312,155.24000549316406,48.2400016784668,110.16999816894531,320.32000732421875,29.829999923706055,156.75,138.1300048828125,441.7099914550781,107.5999984741211,112.91000366210938,83.22000122070312,67.51000213623047,38.707000732421875,38.470001220703125,121.88999938964844,112.63999938964844,46.09000015258789,157.94332885742188,94.25,497.4200134277344,31.020000457763672,105.80999755859375,40.439998626708984,39.6150016784668,32.47999954223633,130.4499969482422,105.08999633789062,137.0,116.58999633789062,219.6699981689453,724.6400146484375,80.91999816894531,28.81999969482422,65.9000015258789,46.36000061035156,104.25,158.4499969482422,49.599998474121094,114.16999816894531,322.92999267578125,31.309999465942383,156.75,140.11000061035156,443.0,109.8499984741211,113.0,84.4000015258789,69.5,38.909000396728516,38.47999954223633,124.01000213623047,115.43000030517578,47.61000061035156,160.663330078125,98.01000213623047,500.70001220703125,31.8700008392334,110.5199966430664,41.15999984741211,40.53499984741211,32.84000015258789,130.61000061035156,107.19000244140625,4276200,52602900,2498700,663700,26222000,34757800,6914400,11004700,5153900,6443800,7367600,2651400,1462900,48244100,6430500,8511900,2113800,2744700,5185500,6631900,12441100,396094000,18392200,2829500,7769300,7202400,2710800,10568500,2688800,10644900,3946100,18443900,37826200,53591100,7880200,10628000
2023-06-06,121.62269592285156,124.2300033569336,201.74964904785156,698.3841552734375,75.91729736328125,27.256288528442383,56.99462890625,42.80028533935547,92.50190734863281,137.30032348632812,43.89921951293945,101.5013656616211,305.96771240234375,30.341550827026367,145.751220703125,130.1345672607422,433.72747802734375,102.52751922607422,100.35261535644531,78.03158569335938,66.67835235595703,38.61981201171875,31.837026596069336,112.64183807373047,109.42364501953125,43.73603820800781,157.36195373535156,95.49322509765625,459.6375732421875,28.375158309936523,100.2104263305664,38.28424835205078,36.282249450683594,31.478614807128906,123.3790512084961,96.02342987060547,135.42999267578125,124.2300033569336,221.22000122070312,716.6300048828125,79.0,29.229999542236328,65.4800033569336,47.220001220703125,101.94000244140625,155.7899932861328,48.95000076293945,112.80999755859375,326.79998779296875,30.959999084472656,158.17999267578125,139.33999633789062,443.07000732421875,109.02999877929688,110.01000213623047,85.86000061035156,67.54000091552734,38.65399932861328,38.369998931884766,126.37999725341797,116.36000061035156,46.95000076293945,160.67333984375,99.81999969482422,487.57000732421875,32.630001068115234,109.2699966430664,41.2599983215332,40.005001068115234,33.040000915527344,129.6999969482422,106.1500015258789,137.5399932861328,124.41999816894531,223.1699981689453,717.6400146484375,80.19999694824219,29.43000030517578,66.37999725341797,47.5099983215332,102.73999786376953,156.16000366210938,49.040000915527344,112.9000015258789,328.07000732421875,31.450000762939453,159.61000061035156,140.10000610351562,448.8699951171875,109.41000366210938,113.72000122070312,86.2300033569336,68.83999633789062,39.15999984741211,38.86000061035156,127.87999725341797,116.79000091552734,46.970001220703125,161.45333862304688,100.5999984741211,499.8999938964844,32.79999923706055,109.41999816894531,41.619998931884766,40.040000915527344,33.09000015258789,131.36000061035156,106.2699966430664,134.6300048828125,117.73999786376953,219.27999877929688,702.9500122070312,77.63800048828125,28.450000762939453,65.12000274658203,46.150001525878906,100.3499984741211,153.1999969482422,47.40999984741211,109.83000183105469,321.3999938964844,29.700000762939453,157.39999389648438,138.2100067138672,440.0199890136719,106.94999694824219,109.27999877929688,83.2699966430664,66.81999969482422,38.14799880981445,38.290000915527344,122.5,112.23999786376953,45.33000183105469,157.39666748046875,97.41999816894531,483.6700134277344,31.1299991607666,105.75,40.2599983215332,39.119998931884766,32.58000183105469,129.1300048828125,103.9800033569336,137.47000122070312,117.91000366210938,223.0800018310547,707.75,80.19999694824219,28.459999084472656,66.2699966430664,46.189998626708984,101.05000305175781,153.3300018310547,47.5,109.9800033569336,322.42999267578125,29.770000457763672,159.5800018310547,138.67999267578125,447.8299865722656,107.05000305175781,113.55000305175781,83.5999984741211,67.02999877929688,38.83000183105469,38.810001373291016,122.94999694824219,112.58000183105469,45.470001220703125,157.6366729736328,97.61000061035156,499.8999938964844,31.229999542236328,105.80000305175781,40.400001525878906,39.15999984741211,32.599998474121094,131.32000732421875,104.1500015258789,4359900,75257500,1736100,845400,37823000,46297900,5618600,14189200,3622400,6176400,5952500,2708800,1495600,42295300,5073600,9329500,1495300,2949600,6960200,6903900,12476600,388729000,19508200,2509700,7594500,12366300,3235500,13827600,3816600,13876500,3894900,18825100,34750800,46236100,9413500,12209800
2023-06-07,122.5835952758789,117.83000183105469,201.7770538330078,692.1277465820312,76.17003631591797,27.489404678344727,56.71609878540039,43.51634216308594,95.10618591308594,140.86085510253906,44.885711669921875,104.59651947021484,314.3471984863281,30.655160903930664,146.06454467773438,131.3953857421875,427.1686706542969,107.31395721435547,99.07551574707031,78.61322021484375,66.20447540283203,37.44572830200195,32.268489837646484,113.69357299804688,108.31400299072266,44.83525466918945,157.1301727294922,95.94286346435547,454.5091857910156,28.923006057739258,104.10804748535156,39.03582763671875,37.24360275268555,31.602466583251953,122.89391326904297,98.17637634277344,136.5,117.83000183105469,221.25,710.2100219726562,79.26300048828125,29.479999542236328,65.16000366210938,48.0099983215332,104.80999755859375,159.8300018310547,50.04999923706055,116.25,335.75,31.280000686645508,158.52000427246094,140.69000244140625,436.3699951171875,114.12000274658203,108.61000061035156,86.5,67.05999755859375,37.474998474121094,38.88999938964844,127.55999755859375,115.18000030517578,48.130001068115234,160.22000122070312,100.29000091552734,482.1300048828125,33.2599983215332,113.5199966430664,42.06999969482422,41.064998626708984,33.16999816894531,129.19000244140625,108.52999877929688,137.05999755859375,125.33999633789062,221.8699951171875,720.1500244140625,80.54499816894531,29.649999618530273,65.33000183105469,48.18000030517578,105.4800033569336,160.2100067138672,50.5099983215332,116.41000366210938,337.8399963378906,31.3700008392334,158.8000030517578,141.27000427246094,446.69000244140625,114.16000366210938,109.66999816894531,87.01000213623047,68.66999816894531,39.499000549316406,39.060001373291016,128.17999267578125,117.16000366210938,48.33000183105469,163.7899932861328,103.0199966430664,490.44000244140625,33.400001525878906,113.70999908447266,42.13999938964844,41.1150016784668,33.2400016784668,129.77000427246094,108.88999938964844,134.25999450683594,117.06999969482422,219.72999572753906,705.5700073242188,78.7509994506836,29.010000228881836,64.75,47.15999984741211,102.31999969482422,156.5,49.09000015258789,113.5199966430664,326.32000732421875,30.93000030517578,157.44000244140625,138.8300018310547,435.67999267578125,108.94000244140625,106.87000274658203,85.77999877929688,66.94000244140625,37.35599899291992,38.130001068115234,124.52999877929688,114.48999786376953,47.130001068115234,159.85667419433594,99.54000091552734,481.6000061035156,32.41999816894531,108.43000030517578,40.9900016784668,40.17499923706055,32.869998931884766,129.0,106.7300033569336,134.89999389648438,124.02999877929688,220.75999450683594,713.3599853515625,78.98200225830078,29.299999237060547,65.16000366210938,47.470001220703125,102.31999969482422,156.5500030517578,49.290000915527344,113.58000183105469,327.6400146484375,31.030000686645508,158.10000610351562,139.5500030517578,440.20001220703125,109.12999725341797,109.62999725341797,86.05000305175781,68.41000366210938,38.915000915527344,38.349998474121094,126.26000213623047,116.62999725341797,47.31999969482422,161.51666259765625,101.37999725341797,489.95001220703125,32.7400016784668,109.55999755859375,41.45000076293945,40.20000076293945,33.06999969482422,129.58999633789062,106.79000091552734,4645200,81755200,2555400,921200,28957000,44502600,6643800,15457400,4827700,9900000,7190000,3483600,3382700,39098000,6504300,9281400,2458300,4090900,12420500,7410800,14610800,511998000,25295100,3203800,7555400,9213700,3906300,14367500,4381700,13860500,5141100,17781800,60654200,48467100,7519600,16027100
2023-06-08,123.60736846923828,121.05000305175781,201.33016967773438,701.7171020507812,77.28189849853516,27.256288528442383,56.84666061401367,43.59791564941406,94.86119079589844,140.34088134765625,44.85881423950195,104.50656127929688,314.0851135253906,31.184371948242188,147.66778564453125,131.43275451660156,436.2628173828125,105.72473907470703,100.63540649414062,78.44055938720703,64.4866714477539,38.47991943359375,32.43443298339844,114.85225677490234,109.41423797607422,44.20180130004883,158.73854064941406,95.6080322265625,462.1451416015625,28.749088287353516,103.11759948730469,39.31418991088867,37.08488082885742,31.573888778686523,123.68346405029297,97.86880493164062,137.63999938964844,121.05000305175781,220.75999450683594,720.0499877929688,80.41999816894531,29.229999542236328,65.30999755859375,48.099998474121094,104.54000091552734,159.24000549316406,50.02000045776367,116.1500015258789,335.4700012207031,31.81999969482422,160.25999450683594,140.72999572753906,445.6600036621094,112.43000030517578,110.31999969482422,86.30999755859375,65.31999969482422,38.5099983215332,39.09000015258789,128.86000061035156,116.3499984741211,47.45000076293945,161.86000061035156,99.94000244140625,490.2300109863281,33.060001373291016,112.44000244140625,42.369998931884766,40.88999938964844,33.13999938964844,130.02000427246094,108.19000244140625,137.88999938964844,122.20999908447266,221.88999938964844,720.4199829101562,80.5009994506836,29.3799991607666,65.61000061035156,48.25,105.56999969482422,160.49000549316406,50.4900016784668,116.61000061035156,336.3299865722656,31.850000381469727,160.4199981689453,140.88999938964844,447.4700012207031,114.58999633789062,111.06999969482422,86.91000366210938,66.5199966430664,38.86399841308594,39.189998626708984,129.4199981689453,116.63999938964844,48.470001220703125,162.25999450683594,100.69999694824219,491.82000732421875,33.27000045776367,114.37000274658203,42.400001525878906,41.2599983215332,33.189998626708984,130.1999969482422,109.13999938964844,136.0,117.05000305175781,219.36000061035156,708.3699951171875,78.87799835205078,28.989999771118164,65.06999969482422,47.529998779296875,102.58999633789062,157.08999633789062,48.959999084472656,113.55999755859375,331.3399963378906,31.059999465942383,157.82000732421875,139.47999572753906,432.3399963378906,110.48999786376953,108.0,85.18000030517578,64.01000213623047,37.505001068115234,38.72999954223633,126.05999755859375,114.0999984741211,46.970001220703125,159.8633270263672,98.62999725341797,482.42999267578125,32.5,110.44999694824219,41.560001373291016,40.209999084472656,32.880001068115234,128.77999877929688,105.9000015258789,137.0,118.30000305175781,221.25999450683594,711.0999755859375,79.49099731445312,29.280000686645508,65.33999633789062,47.72999954223633,104.8499984741211,160.16000366210938,49.86000061035156,116.2300033569336,335.3599853515625,31.43000030517578,158.5,140.6699981689453,435.8800048828125,114.0,108.30999755859375,86.4000015258789,66.5,37.7239990234375,39.040000915527344,126.9800033569336,115.5999984741211,48.25,160.69000244140625,98.98999786376953,484.3900146484375,33.099998474121094,113.08999633789062,41.70000076293945,41.119998931884766,33.060001373291016,129.2100067138672,108.7699966430664,4714200,65246900,1877300,762400,21909000,41483100,4995400,12058600,5231300,7142200,7162900,5198800,2009500,35199000,5818400,7368100,2040300,3811300,8352700,6795900,25856800,417772000,17347600,2942400,5793400,8289600,2724900,9074200,2725900,12063700,5157500,17157300,46155200,36261200,6583100,13517100
2023-06-09,124.09230041503906,124.91999816894531,199.50619506835938,697.6337890625,77.3222427368164,27.2935848236084,56.40275192260742,43.779197692871094,94.27135467529297,140.00601196289062,44.72428512573242,104.59651947021484,314.59991455078125,30.713958740234375,147.43746948242188,131.69424438476562,436.6347961425781,106.27014923095703,100.99115753173828,78.34967803955078,64.59527587890625,38.739715576171875,32.33487319946289,114.91464233398438,112.00972747802734,44.27632522583008,159.156982421875,98.34407043457031,465.3409118652344,28.575164794921875,103.98884582519531,39.09149932861328,36.88083267211914,31.583415985107422,124.06396484375,97.14513397216797,138.17999267578125,124.91999816894531,218.75999450683594,715.8599853515625,80.46199798583984,29.270000457763672,64.80000305175781,48.29999923706055,103.88999938964844,158.86000061035156,49.869998931884766,116.25,336.0199890136719,31.34000015258789,160.00999450683594,141.00999450683594,446.0400085449219,113.01000213623047,110.70999908447266,86.20999908447266,65.43000030517578,38.77000045776367,38.970001220703125,128.92999267578125,119.11000061035156,47.529998779296875,162.2866668701172,102.80000305175781,493.6199951171875,32.86000061035156,113.38999938964844,42.130001068115234,40.665000915527344,33.150001525878906,130.4199981689453,107.38999938964844,139.19000244140625,127.25,220.94000244140625,725.6099853515625,81.7750015258789,29.399999618530273,65.45999908447266,48.56999969482422,105.44999694824219,160.38999938964844,50.47999954223633,116.41999816894531,336.20001220703125,31.989999771118164,160.72999572753906,141.8000030517578,449.29998779296875,113.54000091552734,111.51000213623047,86.95999908447266,66.4000015258789,39.71099853515625,39.59000015258789,130.5399932861328,120.8499984741211,48.189998626708984,164.80332946777344,104.68000030517578,498.2200012207031,33.36000061035156,113.61000061035156,42.470001220703125,41.06999969482422,33.290000915527344,130.8699951171875,108.61000061035156,137.0800018310547,123.55000305175781,217.77000427246094,712.6099853515625,80.38800048828125,29.079999923706055,64.5999984741211,47.90999984741211,103.62999725341797,158.6199951171875,49.52000045776367,114.9800033569336,332.5400085449219,30.68000030517578,159.47000122070312,140.2100067138672,442.6000061035156,111.22000122070312,109.0199966430664,85.66000366210938,64.47000122070312,38.56700134277344,38.869998931884766,128.3800048828125,117.37999725341797,47.15999984741211,161.52333068847656,102.25,487.2300109863281,32.689998626708984,111.08999633789062,42.029998779296875,40.55500030517578,33.060001373291016,129.33999633789062,107.16000366210938,137.55999755859375,123.56999969482422,219.33999633789062,720.5599975585938,80.58000183105469,29.200000762939453,65.37000274658203,48.099998474121094,104.83999633789062,159.27999877929688,49.93000030517578,116.12999725341797,335.2099914550781,31.93000030517578,160.4199981689453,140.35000610351562,449.29998779296875,112.73999786376953,110.19000244140625,86.73999786376953,65.93000030517578,39.0369987487793,39.279998779296875,128.63999938964844,117.48999786376953,47.560001373291016,163.69332885742188,102.69999694824219,489.989990234375,33.0,112.91000366210938,42.33000183105469,40.869998931884766,33.08000183105469,130.0500030517578,108.45999908447266,4359500,75105000,1707900,864500,19241000,32692000,7068500,11744000,4085100,6669500,6105400,3732800,1702100,40218000,6264400,7249100,2082000,2699000,6521900,6282600,14649300,427717000,19775100,2365800,13807000,6946100,2519400,14902400,3174100,10586200,3143700,11098900,38387000,34021700,10446100,12251600
2023-06-12,123.6882095336914,129.19000244140625,198.22940063476562,711.5794677734375,82.1982421875,27.163040161132812,56.3679313659668,43.91515350341797,93.30043029785156,138.65757751464844,44.30278396606445,102.5000991821289,317.8487854003906,32.409400939941406,147.33607482910156,131.6849365234375,435.920166015625,105.66832733154297,100.21578216552734,79.46751403808594,66.5895004272461,39.4511604309082,33.10652542114258,113.55988311767578,114.8591079711914,43.801239013671875,164.28285217285156,102.41940307617188,464.3699645996094,27.966440200805664,103.70453643798828,38.81313705444336,36.52711868286133,31.573888778686523,124.51106262207031,96.26766204833984,137.72999572753906,129.19000244140625,217.36000061035156,730.1699829101562,85.53600311279297,29.1299991607666,64.76000213623047,48.45000076293945,102.81999969482422,157.3300018310547,49.400001525878906,113.91999816894531,339.489990234375,33.06999969482422,159.89999389648438,141.0,445.30999755859375,112.37000274658203,109.86000061035156,87.44000244140625,67.44999694824219,39.481998443603516,39.900001525878906,127.41000366210938,122.13999938964844,47.02000045776367,167.51333618164062,107.05999755859375,492.5899963378906,32.15999984741211,113.08000183105469,41.83000183105469,40.275001525878906,33.13999938964844,130.88999938964844,106.41999816894531,139.6699981689453,130.47999572753906,219.25,730.77001953125,85.80000305175781,29.559999465942383,64.9800033569336,48.5,104.1500015258789,159.3300018310547,50.040000915527344,115.91000366210938,340.0899963378906,33.29999923706055,160.25,141.32000732421875,446.989990234375,113.83000183105469,110.98999786376953,87.63999938964844,67.54000091552734,39.529998779296875,40.06999969482422,130.33999633789062,122.30999755859375,47.529998779296875,167.67333984375,107.38999938964844,494.45001220703125,33.349998474121094,114.41999816894531,42.7599983215332,40.68000030517578,33.27000045776367,130.9199981689453,107.05999755859375,136.91000366210938,126.4000015258789,215.32000732421875,720.0,81.11199951171875,28.90999984741211,64.19999694824219,47.970001220703125,101.43000030517578,156.22999572753906,48.900001525878906,113.0999984741211,336.3500061035156,31.360000610351562,158.72999572753906,139.75999450683594,438.67999267578125,111.05000305175781,108.5999984741211,86.01000213623047,65.79000091552734,38.61800003051758,38.9900016784668,125.69999694824219,119.7699966430664,46.45000076293945,163.99000549316406,104.30999755859375,488.7200012207031,31.520000457763672,111.22000122070312,41.40999984741211,40.0,32.88999938964844,129.83999633789062,105.55999755859375,139.5800018310547,128.52000427246094,219.25,721.989990234375,81.11199951171875,29.299999237060547,64.79000091552734,48.27000045776367,102.20999908447266,157.05999755859375,49.09000015258789,114.2300033569336,338.44000244140625,31.399999618530273,160.0,141.07000732421875,446.1499938964844,111.08999633789062,110.19000244140625,86.19999694824219,65.83999633789062,39.20000076293945,39.0099983215332,128.50999450683594,121.04000091552734,46.47999954223633,164.19000244140625,104.33999633789062,492.29998779296875,32.709999084472656,111.48999786376953,42.11000061035156,40.05500030517578,33.18000030517578,130.35000610351562,105.80999755859375,4888500,85394700,2704300,1058900,51065000,41011300,7141900,13801000,6049600,7159600,8611900,3946900,2290800,59881600,6510600,7596600,2566600,3063500,7468500,7053500,14731100,388701000,28334600,2980200,9675100,5885600,2638500,20568100,2207700,15560400,4113800,19433400,36387000,33655200,7321100,14112000
2023-06-13,124.20906829833984,124.52999877929688,202.451904296875,718.4986572265625,81.79078674316406,27.41480827331543,56.3679313659668,44.1326904296875,93.83580780029297,139.697509765625,45.190643310546875,101.42040252685547,320.6669616699219,33.23262405395508,148.11007690429688,132.6375274658203,436.3215637207031,105.79058074951172,100.33438873291016,80.23092651367188,67.00415802001953,40.98995590209961,33.42182922363281,114.85225677490234,117.0125961303711,44.67688751220703,166.48291015625,102.17068481445312,463.1632385253906,28.4360294342041,103.70453643798828,39.57399368286133,36.699440002441406,31.764432907104492,125.1388931274414,96.28575897216797,138.30999755859375,124.52999877929688,221.99000549316406,737.27001953125,85.11199951171875,29.399999618530273,64.76000213623047,48.689998626708984,103.41000366210938,158.50999450683594,50.38999938964844,112.72000122070312,342.5,33.90999984741211,160.74000549316406,142.02000427246094,445.7200012207031,112.5,109.98999786376953,88.27999877929688,67.87000274658203,41.02199935913086,40.279998779296875,128.86000061035156,124.43000030517578,47.959999084472656,169.7566680908203,106.80000305175781,491.30999755859375,32.70000076293945,113.08000183105469,42.650001525878906,40.46500015258789,33.34000015258789,131.5500030517578,106.44000244140625,138.47000122070312,132.8300018310547,222.33999633789062,739.4000244140625,86.32599639892578,29.799999237060547,64.80000305175781,49.41999816894531,105.47000122070312,160.5800018310547,51.40999984741211,115.94999694824219,345.2799987792969,33.95000076293945,160.83999633789062,142.8699951171875,447.3999938964844,115.5999984741211,110.63999938964844,88.9800033569336,68.87999725341797,41.10100173950195,40.369998931884766,129.39999389648438,125.4000015258789,49.09000015258789,170.85667419433594,110.69000244140625,494.6600036621094,33.310001373291016,116.68000030517578,43.34000015258789,41.2599983215332,33.47999954223633,131.75,108.33999633789062,137.1999969482422,122.44999694824219,216.92999267578125,723.7999877929688,84.0999984741211,29.030000686645508,63.959999084472656,48.45000076293945,103.22000122070312,158.27000427246094,50.31999969482422,112.55999755859375,339.45001220703125,33.06999969482422,159.14999389648438,140.13999938964844,442.25,112.31999969482422,108.05000305175781,87.58999633789062,67.5999984741211,39.7400016784668,39.45000076293945,126.33999633789062,122.75,47.7599983215332,167.82666015625,106.73999786376953,488.6600036621094,31.75,113.04000091552734,41.529998779296875,40.44499969482422,33.06999969482422,130.47000122070312,106.27999877929688,137.50999450683594,132.32000732421875,217.42999267578125,737.219970703125,86.11299896240234,29.1299991607666,64.19000244140625,48.45000076293945,103.8499984741211,158.52000427246094,50.7599983215332,113.70999908447266,340.20001220703125,33.77000045776367,159.72999572753906,140.47999572753906,443.6700134277344,113.75,108.58999633789062,87.83999633789062,68.55999755859375,40.18600082397461,39.66999816894531,126.62000274658203,124.27999877929688,47.88999938964844,170.2066650390625,110.0,490.8699951171875,32.08000183105469,114.98999786376953,41.68000030517578,40.720001220703125,33.11000061035156,130.60000610351562,107.37999725341797,4229100,132461900,2318500,876100,38990000,42718800,7968100,14062700,4904300,7660800,13214200,3891700,1772400,51990000,6066800,7701600,1766300,3174900,7304200,6089200,11911900,613208000,26533800,3344500,8873200,8821300,4164300,17858600,3016600,20543600,3710000,18864000,40136400,46054400,8362700,13533800
2023-06-14,122.34114074707031,127.33000183105469,202.7163848876953,721.3638916015625,85.15997314453125,27.153715133666992,55.84568405151367,43.72480773925781,93.16432189941406,138.446044921875,44.53556823730469,99.57589721679688,316.8470458984375,34.869266510009766,148.86566162109375,132.14254760742188,438.27935791015625,104.98187255859375,99.78338623046875,79.95829010009766,68.23821258544922,42.96342468261719,32.65846252441406,112.7666244506836,116.04398345947266,44.03412628173828,168.846435546875,102.75425720214844,433.51495361328125,27.91426658630371,102.55818176269531,39.04510498046875,36.32305908203125,31.64057731628418,123.85469818115234,95.12788391113281,136.22999572753906,127.33000183105469,222.27999877929688,740.2100219726562,88.61799621582031,29.1200008392334,64.16000366210938,48.2400016784668,102.66999816894531,157.08999633789062,48.95000076293945,110.66999816894531,338.4200134277344,35.58000183105469,161.55999755859375,141.49000549316406,447.7200012207031,111.63999938964844,108.66000366210938,87.9800033569336,69.12000274658203,42.99700164794922,39.36000061035156,126.5199966430664,123.4000015258789,47.27000045776367,172.1666717529297,107.41000366210938,459.8599853515625,32.099998474121094,111.83000183105469,42.08000183105469,40.04999923706055,33.209999084472656,130.1999969482422,105.16000366210938,139.27000427246094,127.7300033569336,223.69000244140625,741.719970703125,88.85399627685547,29.729999542236328,65.0,49.27000045776367,104.94999694824219,160.77000427246094,50.66999816894531,114.27999877929688,347.7300109863281,35.599998474121094,162.0800018310547,143.61000061035156,448.7799987792969,114.0999984741211,109.93000030517578,89.48999786376953,69.20999908447266,43.0,40.34000015258789,130.33999633789062,124.43000030517578,48.86000061035156,172.25,107.69999694824219,460.6300048828125,33.439998626708984,114.75,42.9900016784668,41.04499816894531,33.59000015258789,130.99000549316406,108.11000061035156,136.0800018310547,123.80999755859375,221.10000610351562,728.1599731445312,84.72200012207031,28.989999771118164,64.05000305175781,47.560001373291016,102.04000091552734,156.14999389648438,48.619998931884766,109.91000366210938,337.2300109863281,33.79999923706055,160.97999572753906,140.6999969482422,443.5400085449219,110.63999938964844,108.3499984741211,87.63999938964844,67.5199966430664,40.551998138427734,39.31999969482422,126.11000061035156,121.5,46.83000183105469,168.1366729736328,105.22000122070312,445.67999267578125,31.889999389648438,110.76000213623047,41.9900016784668,39.75,33.099998474121094,129.6999969482422,104.38999938964844,138.80999755859375,126.52999877929688,223.25999450683594,735.4099731445312,85.58999633789062,29.56999969482422,64.95999908447266,48.83000183105469,104.43000030517578,159.97999572753906,50.08000183105469,113.79000091552734,344.7799987792969,33.869998931884766,161.60000610351562,143.0,444.2900085449219,113.45999908447266,109.72000122070312,88.5999984741211,67.54000091552734,40.82400131225586,40.31999969482422,129.5,124.3499984741211,48.529998779296875,169.1233367919922,106.02999877929688,454.6400146484375,33.0,114.31999969482422,42.75,40.8650016784668,33.41999816894531,130.8800048828125,107.44999694824219,6128300,95888100,2453000,821400,43524000,38322800,6379300,22053000,4915300,7721100,10790700,4011900,1819400,74404300,6699100,9068700,2163300,3152400,6137300,5772500,11085800,740465000,22056400,2024700,7324600,7072100,8500500,12862600,14672400,17832200,3399700,14826100,47605400,57195400,12401600,16627700
2023-06-15,122.0357894897461,124.23999786376953,208.33419799804688,719.882568359375,84.89572143554688,27.38683319091797,56.28959655761719,44.01485824584961,94.50730895996094,139.49481201171875,45.1269416809082,100.50264739990234,318.0828552246094,35.10447311401367,150.86517333984375,133.6368408203125,444.3584289550781,107.041259765625,100.46292877197266,80.93071746826172,67.94202423095703,42.619686126708984,32.9820671081543,114.78986358642578,116.24147033691406,44.620994567871094,167.45057678222656,101.04235076904297,441.0024719238281,28.949094772338867,104.57577514648438,39.30491256713867,36.72212219238281,32.059791564941406,125.77623748779297,95.7882308959961,135.88999938964844,124.23999786376953,228.44000244140625,738.6900024414062,88.34300231933594,29.3700008392334,64.66999816894531,48.560001373291016,104.1500015258789,158.27999877929688,49.599998474121094,111.69999694824219,339.739990234375,35.81999969482422,163.72999572753906,143.08999633789062,453.92999267578125,113.83000183105469,109.4000015258789,89.05000305175781,68.81999969482422,42.65299987792969,39.75,128.7899932861328,123.61000061035156,47.900001525878906,170.7433319091797,105.18000030517578,465.8900146484375,33.290000915527344,114.02999877929688,42.36000061035156,40.4900016784668,33.650001525878906,132.22000122070312,105.88999938964844,136.83999633789062,125.69999694824219,228.85000610351562,744.4400024414062,88.7969970703125,29.469999313354492,64.94000244140625,48.59000015258789,105.30999755859375,159.7899932861328,50.27000045776367,113.47000122070312,344.0,36.41999816894531,163.91000366210938,143.39999389648438,456.5799865722656,114.48999786376953,109.9000015258789,89.33000183105469,69.5199966430664,43.28900146484375,39.83000183105469,129.27999877929688,124.69000244140625,48.34000015258789,172.00332641601562,106.66000366210938,472.0,33.41999816894531,114.37999725341797,42.41999816894531,40.79499816894531,33.72999954223633,132.39999389648438,107.02999877929688,135.4600067138672,122.26000213623047,222.97000122070312,722.3200073242188,87.10199737548828,28.690000534057617,63.869998931884766,47.58000183105469,102.83000183105469,157.32000732421875,49.06999969482422,110.7699966430664,335.70001220703125,35.220001220703125,161.42999267578125,140.02999877929688,447.69000244140625,111.80999755859375,108.33999633789062,87.4000015258789,68.36000061035156,42.14699935913086,39.279998779296875,126.2699966430664,121.04000091552734,47.72999954223633,169.52000427246094,105.06999969482422,460.9100036621094,31.950000762939453,111.61000061035156,41.619998931884766,40.11000061035156,33.06999969482422,130.19000244140625,105.44000244140625,136.75,125.38999938964844,223.00999450683594,723.27001953125,88.44100189208984,28.899999618530273,64.23999786376953,48.130001068115234,102.88999938964844,157.32000732421875,49.119998931884766,111.5199966430664,337.32000732421875,35.279998779296875,162.0500030517578,140.58999633789062,448.0,111.80999755859375,108.4000015258789,87.62999725341797,68.58999633789062,42.60200119018555,39.40999984741211,126.51000213623047,121.58000183105469,47.77000045776367,170.18333435058594,106.2699966430664,461.989990234375,32.20000076293945,111.70999908447266,41.81999969482422,40.119998931884766,33.099998474121094,130.2100067138672,105.5,6614900,85587100,2633900,820400,33814000,42044900,8525200,14926100,4614600,7705400,8670000,2887700,3322700,67676300,7138300,9343100,2287100,3240400,7305700,8603200,11842600,568622000,19905900,2076900,8132600,6370500,6561300,11987900,6798100,16315500,3873700,14188200,46777000,52241800,10598600,16224100
2023-06-16,124.50540924072266,120.08000183105469,209.4468536376953,703.5006103515625,83.42350006103516,27.2189884185791,57.586524963378906,43.67948532104492,95.20600128173828,138.59585571289062,45.30890655517578,102.0412368774414,316.7440185546875,35.64347839355469,151.32586669921875,133.79562377929688,438.2695617675781,106.53345489501953,100.38947296142578,80.05824279785156,66.79682922363281,42.65864944458008,33.23928451538086,114.50465393066406,115.36689758300781,44.50920867919922,165.90431213378906,100.45634460449219,433.9977722167969,29.088233947753906,104.7408447265625,39.13789367675781,36.66770553588867,31.99309730529785,125.76673126220703,95.1007308959961,138.63999938964844,120.08000183105469,229.66000366210938,721.8800048828125,86.81099700927734,29.190000534057617,66.16000366210938,48.189998626708984,104.91999816894531,157.25999450683594,49.79999923706055,113.41000366210938,338.30999755859375,36.369998931884766,164.22999572753906,143.25999450683594,447.7099914550781,113.29000091552734,109.31999969482422,88.08999633789062,67.66000366210938,42.69200134277344,40.060001373291016,128.47000122070312,122.68000030517578,47.779998779296875,169.1666717529297,104.56999969482422,458.489990234375,33.45000076293945,114.20999908447266,42.18000030517578,40.43000030517578,33.58000183105469,132.2100067138672,105.12999725341797,138.9199981689453,125.8499984741211,231.9499969482422,733.1599731445312,88.99500274658203,29.68000030517578,66.23999786376953,48.84000015258789,105.4800033569336,159.24000549316406,50.220001220703125,114.19999694824219,341.3999938964844,36.79999923706055,164.99000549316406,143.97000122070312,456.9800109863281,114.5,110.45999908447266,89.6500015258789,70.5,43.72100067138672,40.36000061035156,129.3800048828125,124.9800033569336,48.400001525878906,172.47999572753906,105.75,468.5199890136719,33.61000061035156,114.88999938964844,42.7400016784668,40.755001068115234,33.83000183105469,133.25,106.7699966430664,136.49000549316406,119.9000015258789,227.75,720.0,86.54499816894531,29.15999984741211,64.61000061035156,48.15999984741211,104.22000122070312,157.25999450683594,49.58000183105469,111.72000122070312,337.1099853515625,35.599998474121094,163.8699951171875,142.5,447.5,112.58999633789062,109.05999755859375,87.94000244140625,66.05999755859375,42.6609992980957,39.849998474121094,127.37000274658203,122.0999984741211,47.72999954223633,168.92333984375,104.3499984741211,457.92999267578125,33.0,113.29000091552734,42.060001373291016,40.314998626708984,33.540000915527344,132.07000732421875,104.95999908447266,136.6999969482422,125.81999969482422,230.0399932861328,731.4000244140625,88.9280014038086,29.530000686645508,64.87999725341797,48.84000015258789,104.86000061035156,158.57000732421875,49.95000076293945,112.95999908447266,341.3800048828125,36.36000061035156,164.47999572753906,143.0500030517578,455.79998779296875,114.05999755859375,109.5,89.62000274658203,70.1500015258789,43.45000076293945,39.86000061035156,129.3800048828125,124.58999633789062,48.11000061035156,172.4633331298828,105.43000030517578,466.1400146484375,33.4900016784668,114.54000091552734,42.58000183105469,40.63999938964844,33.79999923706055,132.55999755859375,106.36000061035156,14616000,82007100,6765000,1337400,68299000,53050200,19394400,18223000,9928200,22908100,16259000,6113500,4544900,110240300,13426600,13813500,4295700,10770500,15844300,13153100,32259700,655709000,60338600,3465200,12905700,14740700,4956300,11430800,7699100,30118200,9938800,36422100,47461800,49861100,10535000,43128900
2023-06-20,123.76901245117188,118.93000030517578,208.47100830078125,702.0679931640625,83.41580963134766,26.92059898376465,57.473350524902344,43.153778076171875,92.58357238769531,135.44076538085938,43.91688919067383,99.26997375488281,309.63787841796875,34.300846099853516,151.23374938964844,133.11383056640625,442.4201354980469,104.3236083984375,101.22512817382812,78.82225036621094,66.04651641845703,43.77378463745117,32.641876220703125,112.71314239501953,112.67739868164062,44.024810791015625,164.56072998046875,99.8895492553711,444.3154602050781,29.201278686523438,101.76030731201172,38.86880874633789,35.84700012207031,31.75383949279785,125.62535858154297,92.920654296875,137.82000732421875,118.93000030517578,228.58999633789062,720.4099731445312,86.8030014038086,28.8700008392334,66.02999877929688,47.61000061035156,102.02999877929688,153.67999267578125,48.27000045776367,110.33000183105469,330.7200012207031,35.0,164.1300048828125,142.52999877929688,451.95001220703125,110.94000244140625,110.2300033569336,86.7300033569336,66.9000015258789,43.80799865722656,39.34000015258789,126.45999908447266,119.81999969482422,47.2599983215332,167.79666137695312,103.9800033569336,469.3900146484375,33.58000183105469,110.95999908447266,41.88999938964844,39.18000030517578,33.18000030517578,131.52000427246094,102.72000122070312,138.9499969482422,121.75,230.83999633789062,724.739990234375,87.70700073242188,29.040000915527344,66.37000274658203,47.90999984741211,104.75,156.57000732421875,49.41999816894531,112.37999725341797,335.3800048828125,37.11000061035156,165.30999755859375,143.0,454.8800048828125,113.12999725341797,110.86000061035156,87.20999908447266,67.62000274658203,43.9900016784668,39.869998931884766,127.9000015258789,122.37000274658203,47.36000061035156,169.8699951171875,104.87999725341797,470.489990234375,33.689998626708984,114.26000213623047,42.13999938964844,39.85499954223633,33.27000045776367,132.10000610351562,104.7699966430664,136.66000366210938,117.69999694824219,227.19000244140625,710.5800170898438,86.10099792480469,28.579999923706055,65.25,47.08000183105469,101.0199966430664,152.24000549316406,47.38999938964844,109.05999755859375,329.2300109863281,34.720001220703125,163.80999755859375,141.0399932861328,445.1099853515625,110.69000244140625,109.02999877929688,86.25,65.7699966430664,42.67399978637695,39.33000183105469,126.04000091552734,118.70999908447266,46.470001220703125,166.32000732421875,103.06999969482422,456.75,32.66999816894531,110.3499984741211,41.34000015258789,38.8849983215332,32.97999954223633,130.38999938964844,102.12000274658203,137.10000610351562,119.08999633789062,229.02999877929688,720.6199951171875,86.26599884033203,29.010000228881836,65.83000183105469,47.90999984741211,104.12999725341797,156.14999389648438,49.22999954223633,112.2699966430664,335.32000732421875,36.77000045776367,164.25999450683594,142.61000061035156,445.8599853515625,112.91000366210938,109.08000183105469,87.0999984741211,67.31999969482422,42.99800109863281,39.709999084472656,127.5999984741211,121.94000244140625,46.93000030517578,168.38999938964844,104.18000030517578,456.75,33.040000915527344,114.16999816894531,42.119998931884766,39.810001373291016,33.209999084472656,130.41000366210938,104.68000030517578,4868800,58851800,2492700,799300,27535000,39040900,10798800,12777700,8590000,10438700,10540800,3179200,3208100,65970200,7995800,8428600,2506300,3816300,7744400,7382000,13261600,451153000,26881200,1808300,8667400,7806600,2024400,9295500,4597700,19540400,4056800,16679600,42552000,50683100,8585100,17514100
2023-06-21,122.90689849853516,112.11000061035156,207.05743408203125,689.2916870117188,81.89227294921875,26.640851974487305,57.01203918457031,42.97249221801758,94.09895324707031,136.49838256835938,44.52646255493164,99.75584411621094,304.3479919433594,32.2427978515625,151.00338745117188,132.917724609375,443.4480285644531,105.32038116455078,102.07914733886719,78.46781158447266,64.9605484008789,43.01136779785156,32.27678298950195,112.89141845703125,108.85941314697266,44.49058151245117,160.54959106445312,97.6416015625,451.2823181152344,29.070837020874023,102.36559295654297,38.646121978759766,36.13063049316406,31.715560913085938,125.64446258544922,93.96094512939453,136.86000061035156,112.11000061035156,227.0399932861328,707.2999877929688,84.76599884033203,28.56999969482422,65.5,47.40999984741211,103.69999694824219,154.8800048828125,48.939998626708984,110.87000274658203,325.07000732421875,32.900001525878906,163.8800048828125,142.32000732421875,453.0,112.0,111.16000366210938,86.33999633789062,65.80000305175781,43.04499816894531,38.900001525878906,126.66000366210938,115.76000213623047,47.7599983215332,163.7066650390625,101.63999938964844,476.75,33.43000030517578,111.62000274658203,41.650001525878906,39.4900016784668,33.13999938964844,131.5399932861328,103.87000274658203,137.42999267578125,119.19000244140625,230.0,719.5499877929688,86.5999984741211,29.0,66.37999725341797,47.849998474121094,104.43000030517578,155.9600067138672,49.33000183105469,112.37999725341797,330.0,35.04999923706055,164.9199981689453,144.02000427246094,455.3399963378906,113.13999938964844,111.5199966430664,87.27999877929688,67.19999694824219,43.6150016784668,39.2400016784668,126.80000305175781,119.0199966430664,48.40999984741211,167.57666015625,103.7300033569336,479.3699951171875,33.81999969482422,112.79000091552734,41.959999084472656,39.82500076293945,33.29999923706055,131.99000549316406,104.62999725341797,134.67999267578125,111.66999816894531,225.58999633789062,704.8599853515625,84.45999908447266,28.540000915527344,65.44000244140625,47.22999954223633,101.80000305175781,152.5,48.130001068115234,110.01000213623047,324.9200134277344,32.83000183105469,162.69000244140625,141.69000244140625,450.2099914550781,109.94000244140625,109.5199966430664,86.30000305175781,65.33999633789062,42.08000183105469,38.7599983215332,125.2699966430664,115.66999816894531,46.81999969482422,163.51666259765625,101.62000274658203,467.19000244140625,33.209999084472656,109.4000015258789,41.529998779296875,38.959999084472656,33.0,130.58999633789062,102.33000183105469,136.75,118.48999786376953,228.17999267578125,718.6199951171875,86.0,28.780000686645508,65.91000366210938,47.5,101.80000305175781,152.6699981689453,48.20000076293945,110.19999694824219,328.45001220703125,34.91999816894531,163.5800018310547,142.89999389648438,454.5,110.44999694824219,110.11000061035156,86.55999755859375,66.75,43.500999450683594,39.20000076293945,126.3499984741211,118.61000061035156,47.150001525878906,166.7433319091797,103.1500015258789,468.95001220703125,33.65999984741211,109.83999633789062,41.849998474121094,39.02000045776367,33.099998474121094,131.1999969482422,102.5,5828400,82835600,2282600,820300,23229000,39553400,8493800,10550700,6477500,7328200,6950800,2730700,2158700,70973500,7177500,9926500,2347500,2943500,6854800,6343100,10427200,551603000,17982900,2319300,7925400,6725600,4128300,9340400,4886500,13570700,3776000,11686500,34473800,35967600,9444800,13285700
2023-06-22,123.40081787109375,110.69999694824219,209.4468536376953,699.1444091796875,81.38700866699219,26.072046279907227,56.837955474853516,42.26549530029297,92.03913116455078,134.524169921875,43.389190673828125,97.39849090576172,299.2079772949219,32.05659103393555,152.6066436767578,130.35870361328125,448.0293273925781,104.77498626708984,104.43002319335938,76.79557800292969,65.40482330322266,42.99139404296875,32.1357307434082,110.02143859863281,109.4612808227539,43.63356399536133,161.29818725585938,99.07298278808594,453.4594421386719,28.027315139770508,101.2375717163086,38.098670959472656,35.645721435546875,31.466737747192383,126.50414276123047,93.4453125,137.41000366210938,110.69999694824219,229.66000366210938,717.4099731445312,84.24299621582031,27.959999084472656,65.30000305175781,46.630001068115234,101.43000030517578,152.63999938964844,47.689998626708984,108.25,319.5799865722656,32.709999084472656,165.6199951171875,139.5800018310547,457.67999267578125,111.41999816894531,113.72000122070312,84.5,66.25,43.025001525878906,38.72999954223633,123.44000244140625,116.4000015258789,46.84000015258789,164.47000122070312,103.12999725341797,479.04998779296875,32.22999954223633,110.38999938964844,41.060001373291016,38.959999084472656,32.880001068115234,132.44000244140625,103.30000305175781,137.89999389648438,114.0,229.8800048828125,717.75,84.89099884033203,28.530000686645508,65.8499984741211,47.2599983215332,102.87999725341797,153.58999633789062,48.20000076293945,109.48999786376953,324.260009765625,33.2400016784668,165.72000122070312,142.60000610351562,462.260009765625,111.88999938964844,113.83999633789062,85.62999725341797,66.66000366210938,43.42599868774414,38.9900016784668,126.94000244140625,116.68000030517578,47.630001068115234,165.15333557128906,103.43000030517578,483.17999267578125,33.47999954223633,111.2300033569336,41.630001068115234,39.17499923706055,33.09000015258789,132.6300048828125,103.88999938964844,135.88999938964844,109.8499984741211,226.75999450683594,700.3499755859375,83.53099822998047,27.899999618530273,65.12000274658203,46.43000030517578,101.0999984741211,151.97000122070312,47.47999954223633,107.41999816894531,319.010009765625,32.130001068115234,163.7899932861328,138.9499969482422,453.82000732421875,108.87999725341797,111.5999984741211,84.36000061035156,65.51000213623047,42.23400115966797,38.40999984741211,122.9800033569336,114.91000366210938,46.79999923706055,162.3699951171875,101.33000183105469,478.0,32.13999938964844,108.27999877929688,40.91999816894531,38.814998626708984,32.77000045776367,131.57000732421875,102.6500015258789,137.14999389648438,112.23999786376953,227.30999755859375,701.97998046875,84.50900268554688,28.5,65.75,47.220001220703125,102.63999938964844,153.35000610351562,48.13999938964844,109.16000366210938,323.69000244140625,32.689998626708984,163.89999389648438,142.30999755859375,455.0,110.30000305175781,111.5999984741211,85.5199966430664,65.52999877929688,42.25299835205078,38.939998626708984,126.55000305175781,116.01000213623047,47.5,162.5933380126953,101.41999816894531,478.17999267578125,33.45000076293945,110.18000030517578,41.54999923706055,39.130001068115234,33.08000183105469,131.74000549316406,102.83999633789062,4826900,70754800,1607200,699800,23464000,50742900,5784000,11841900,4967700,7088600,7243500,2858700,2409100,45740300,5485900,10075200,2912500,2911800,7884100,6214600,8639500,417737000,18039800,1688000,7283000,8533100,3656400,8575900,3179000,13292400,3121700,11504400,33507400,38690000,8036400,12455300
2023-06-23,122.0627212524414,110.01000213623047,207.1212615966797,680.121337890625,79.42774963378906,25.876220703125,56.611656188964844,41.71259689331055,91.15892791748047,133.3872833251953,42.89789581298828,96.11183166503906,294.6484069824219,32.34080123901367,152.47764587402344,129.6769561767578,449.1649475097656,104.98187255859375,105.23812866210938,75.95946502685547,64.44718170166016,42.17603302001953,31.778940200805664,109.656005859375,106.6683120727539,43.400672912597656,158.45741271972656,97.90098571777344,451.5188903808594,27.722949981689453,102.07212829589844,37.681121826171875,35.389530181884766,31.332752227783203,126.0838623046875,92.63117218017578,135.9199981689453,110.01000213623047,227.11000061035156,697.8900146484375,82.21499633789062,27.75,65.04000091552734,46.02000045776367,100.45999908447266,151.35000610351562,47.150001525878906,106.81999969482422,314.7099914550781,33.0,165.47999572753906,138.85000610351562,458.8399963378906,111.63999938964844,114.5999984741211,83.58000183105469,65.27999877929688,42.20899963378906,38.29999923706055,123.02999877929688,113.43000030517578,46.59000015258789,161.57333374023438,101.91000366210938,477.0,31.8799991607666,111.30000305175781,40.61000061035156,38.68000030517578,32.7400016784668,132.0,102.4000015258789,138.69000244140625,111.0999984741211,230.5399932861328,701.6300048828125,83.60199737548828,27.889999389648438,65.41999816894531,46.25,100.91999816894531,151.6999969482422,47.400001525878906,107.9000015258789,317.7099914550781,33.45000076293945,166.27000427246094,139.17999267578125,460.010009765625,112.02999877929688,114.91000366210938,83.91999816894531,65.95999908447266,42.808998107910156,38.869998931884766,123.44000244140625,115.27999877929688,46.61000061035156,162.60000610351562,102.19000244140625,482.2799987792969,32.5099983215332,112.87999725341797,40.7400016784668,38.78499984741211,32.849998474121094,132.5399932861328,102.81999969482422,135.6699981689453,107.45999908447266,226.41000366210938,695.9199829101562,81.88500213623047,27.59000015258789,64.88999938964844,45.84000015258789,99.62999725341797,150.1300048828125,46.900001525878906,106.33999633789062,314.07000732421875,32.029998779296875,165.02999877929688,137.6199951171875,452.32000732421875,109.70999908447266,113.0199966430664,82.5999984741211,64.83999633789062,42.01499938964844,38.279998779296875,121.76000213623047,113.02999877929688,45.75,160.836669921875,101.01000213623047,476.54998779296875,31.829999923706055,108.68000030517578,40.29999923706055,38.36000061035156,32.52000045776367,131.63999938964844,101.62000274658203,137.3000030517578,109.30999755859375,229.8699951171875,698.0999755859375,83.4010009765625,27.739999771118164,65.37999725341797,46.099998474121094,100.02999877929688,151.00999450683594,47.0,107.0,316.55999755859375,32.209999084472656,166.11000061035156,138.5399932861328,457.0,109.70999908447266,114.16000366210938,83.26000213623047,65.44999694824219,42.4640007019043,38.709999084472656,122.26000213623047,114.08999633789062,46.13999938964844,161.82000732421875,101.5199966430664,478.3299865722656,31.989999771118164,108.73999786376953,40.529998779296875,38.540000915527344,32.630001068115234,132.25999450683594,102.58999633789062,7395600,73622000,4130700,916900,37413000,55181100,11133300,13249100,7149000,15172700,13663600,8357000,2612000,46327100,9450700,9919500,4832100,3536100,16407900,10026600,12663600,358140000,23492200,2399200,11958500,9304600,2057400,8919000,4862600,20701400,5722500,18952000,34905200,35529600,8096500,17933600
2023-06-26,121.19160461425781,107.51000213623047,204.95077514648438,682.4115600585938,79.37751770019531,26.193265914916992,56.394039154052734,41.9119987487793,92.48258972167969,135.73155212402344,43.43468475341797,98.97305297851562,292.44818115234375,32.674007415771484,150.77301025390625,129.99447631835938,443.2131042480469,106.2983627319336,103.84231567382812,75.96853637695312,64.6150131225586,40.60026931762695,30.60901641845703,110.2799072265625,109.67756652832031,44.11796188354492,158.97064208984375,96.17178344726562,453.46893310546875,28.105581283569336,103.62200164794922,37.662567138671875,36.02541732788086,31.265756607055664,125.36747741699219,94.34087371826172,134.9499969482422,107.51000213623047,224.72999572753906,700.239990234375,82.16300201416016,28.09000015258789,64.79000091552734,46.2400016784668,101.30999755859375,154.00999450683594,47.7400016784668,110.0,312.3599853515625,33.34000015258789,163.6300048828125,139.19000244140625,452.760009765625,113.04000091552734,113.08000183105469,83.58999633789062,65.44999694824219,40.63199996948242,36.88999938964844,123.7300033569336,116.62999725341797,47.36000061035156,162.09666442871094,100.11000061035156,479.05999755859375,32.31999969482422,112.98999786376953,40.59000015258789,39.375,32.66999816894531,131.25,104.29000091552734,136.14999389648438,112.55000305175781,226.8000030517578,714.1199951171875,83.69999694824219,28.280000686645508,65.0999984741211,46.689998626708984,101.87000274658203,154.97000122070312,48.189998626708984,110.55999755859375,316.6400146484375,33.9900016784668,164.97999572753906,140.00999450683594,465.260009765625,113.69000244140625,114.5999984741211,84.23999786376953,66.69999694824219,42.763999938964844,37.04999923706055,125.16999816894531,117.61000061035156,47.7400016784668,165.20333862304688,103.04000091552734,481.30999755859375,32.52000045776367,113.91999816894531,41.220001220703125,39.595001220703125,32.939998626708984,131.8800048828125,104.91000366210938,133.69000244140625,107.19999694824219,220.1199951171875,700.22998046875,82.02200317382812,27.790000915527344,64.01000213623047,46.0099983215332,100.0,151.5399932861328,47.209999084472656,106.7699966430664,312.1700134277344,33.099998474121094,161.3300018310547,137.69000244140625,448.9200134277344,111.2699966430664,111.77999877929688,83.25,65.41000366210938,40.099998474121094,36.15999984741211,123.2699966430664,114.30000305175781,46.5099983215332,162.08999633789062,100.08999633789062,473.0,31.8700008392334,111.13999938964844,40.459999084472656,38.65999984741211,32.58000183105469,129.97999572753906,102.19999694824219,136.14999389648438,110.94999694824219,226.8000030517578,703.0800170898438,82.5,27.799999237060547,65.04000091552734,46.119998931884766,100.16000366210938,151.6199951171875,47.290000915527344,106.79000091552734,315.1300048828125,33.189998626708984,164.97999572753906,138.8699951171875,465.260009765625,111.51000213623047,114.44000244140625,83.55999755859375,65.62999725341797,42.46099853515625,37.02000045776367,123.58999633789062,114.55999755859375,46.66999816894531,162.7066650390625,102.0199966430664,478.1400146484375,31.8700008392334,111.37000274658203,40.779998779296875,38.75,32.689998626708984,131.6699981689453,102.19999694824219,6468100,68557000,2565500,714000,21372000,47519300,7916000,13253900,4361000,7371800,6833700,3189300,2481000,38952400,6978800,8429700,3214700,2351900,7685100,6377400,13815900,594322000,56135500,2031000,9377000,6202500,2434800,8560000,2968300,11249000,3152500,13618500,32488600,25728300,7092800,14283400
2023-06-27,119.08120727539062,110.38999938964844,203.017333984375,706.6192016601562,81.96376037597656,26.333131790161133,56.35923385620117,42.05703353881836,92.00789642333984,135.30856323242188,43.052555084228516,98.05531311035156,293.4687805175781,33.4188232421875,150.45970153808594,130.00384521484375,454.7055358886719,107.18229675292969,104.06269836425781,76.7319564819336,65.93792724609375,41.84328842163086,30.21903419494629,110.52948760986328,112.64920043945312,44.84457015991211,164.52476501464844,98.06429290771484,456.7819519042969,28.305591583251953,105.78633117675781,37.95949172973633,36.107757568359375,31.51458740234375,125.08090209960938,94.57606506347656,132.60000610351562,110.38999938964844,222.61000061035156,725.0800170898438,84.83999633789062,28.239999771118164,64.75,46.400001525878906,100.79000091552734,153.52999877929688,47.31999969482422,108.9800033569336,313.45001220703125,34.099998474121094,163.2899932861328,139.1999969482422,464.5,113.9800033569336,113.31999969482422,84.43000030517578,66.79000091552734,41.875999450683594,36.41999816894531,124.01000213623047,119.79000091552734,48.13999938964844,167.75999450683594,102.08000183105469,482.55999755859375,32.54999923706055,115.3499984741211,40.90999984741211,39.46500015258789,32.93000030517578,130.9499969482422,104.55000305175781,134.8800048828125,110.97000122070312,224.63999938964844,726.6599731445312,85.0,28.399999618530273,65.05000305175781,46.61000061035156,101.62000274658203,154.7100067138672,47.9900016784668,110.02999877929688,315.67999267578125,34.22999954223633,163.8800048828125,139.83999633789062,467.9800109863281,114.68000030517578,113.70999908447266,84.87000274658203,66.83999633789062,41.939998626708984,37.0,124.80000305175781,119.94000244140625,48.47999954223633,168.0433349609375,102.79000091552734,483.17999267578125,32.689998626708984,116.06999969482422,41.060001373291016,39.6349983215332,33.0,131.38999938964844,104.61000061035156,132.52000427246094,107.08000183105469,221.1300048828125,704.52001953125,82.0999984741211,27.950000762939453,64.22000122070312,45.900001525878906,100.33000183105469,152.82000732421875,47.310001373291016,108.80000305175781,310.55999755859375,33.0099983215332,162.44000244140625,138.5399932861328,451.70001220703125,112.41999816894531,111.87000274658203,83.37999725341797,63.790000915527344,40.448001861572266,36.279998779296875,122.56999969482422,115.6500015258789,47.2599983215332,162.0500030517578,100.0199966430664,477.7699890136719,31.84000015258789,112.04000091552734,40.34000015258789,39.10499954223633,32.709999084472656,130.0399932861328,103.2699966430664,134.8800048828125,108.56999969482422,224.16000366210938,706.9000244140625,82.86799621582031,28.100000381469727,64.75,46.20000076293945,101.01000213623047,153.5,47.66999816894531,109.77999877929688,312.4100036621094,33.220001220703125,163.67999267578125,139.0,462.5,113.13999938964844,112.83000183105469,83.91000366210938,65.2699966430664,40.79899978637695,36.959999084472656,123.43000030517578,116.73999786376953,47.900001525878906,162.6666717529297,101.1500015258789,478.1300048828125,32.290000915527344,113.20999908447266,40.619998931884766,39.334999084472656,32.72999954223633,131.25,104.05000305175781,7839900,59381600,2705900,1115800,24923000,39081800,6531700,11863300,3816900,6581700,7871700,3594400,2156800,33038900,4927500,8154000,4138700,2341800,7093900,6639900,18305200,462175000,32414900,1715700,7308900,13198000,2763600,9732000,3693200,9776300,3740500,11749600,28388400,34348100,8578200,13227500
2023-06-28,119.00035858154297,110.16999816894531,201.83175659179688,705.751708984375,81.91932678222656,26.17461395263672,55.78475570678711,41.90293884277344,93.57804107666016,136.53359985351562,43.389190673828125,100.04376983642578,293.6654052734375,32.899410247802734,150.15567016601562,129.4341278076172,449.0278625488281,108.23550415039062,103.25459289550781,76.33208465576172,66.21437072753906,41.08488845825195,30.111175537109375,110.12838745117188,110.53331756591797,45.263763427734375,163.25636291503906,96.94993591308594,449.1051940917969,28.105581283569336,106.09815979003906,37.690406799316406,36.47372817993164,31.438018798828125,124.67976379394531,95.34497833251953,132.50999450683594,110.16999816894531,221.30999755859375,724.1900024414062,84.79399871826172,28.06999969482422,64.08999633789062,46.22999954223633,102.51000213623047,154.9199981689453,47.689998626708984,111.19000244140625,313.6600036621094,33.56999969482422,162.9600067138672,138.58999633789062,458.70001220703125,115.0999984741211,112.44000244140625,83.98999786376953,67.06999969482422,41.117000579833984,36.290000915527344,123.55999755859375,117.54000091552734,48.59000015258789,166.46665954589844,100.91999816894531,474.45001220703125,32.31999969482422,115.69000244140625,40.619998931884766,39.8650016784668,32.849998474121094,130.52999877929688,105.4000015258789,133.1699981689453,111.77999877929688,222.35000610351562,730.0,85.85299682617188,28.270000457763672,64.69999694824219,46.38999938964844,102.72000122070312,155.02000427246094,47.900001525878906,111.25,314.8999938964844,33.810001373291016,163.1999969482422,139.2100067138672,468.5299987792969,115.3499984741211,113.56999969482422,84.55999755859375,67.7300033569336,41.845001220703125,36.540000915527344,123.91000366210938,118.0999984741211,48.880001068115234,167.8766632080078,101.87999725341797,482.1199951171875,32.56999969482422,115.81999969482422,40.939998626708984,39.915000915527344,32.900001525878906,130.9499969482422,105.81999969482422,130.9600067138672,107.62999725341797,218.64999389648438,717.3200073242188,83.70600128173828,27.899999618530273,62.880001068115234,45.81999969482422,99.95999908447266,152.19000244140625,46.88999938964844,107.98999786376953,310.69000244140625,33.029998779296875,161.91000366210938,137.9600067138672,457.32000732421875,112.88999938964844,111.44000244140625,83.63999938964844,65.38999938964844,40.518001556396484,36.029998779296875,122.41000366210938,116.58000183105469,47.33000183105469,164.8733367919922,100.22000122070312,473.9800109863281,31.950000762939453,113.72000122070312,40.380001068115234,39.07500076293945,32.70000076293945,130.11000061035156,103.19999694824219,132.60000610351562,108.20999908447266,222.24000549316406,719.4299926757812,83.87300109863281,28.25,64.69999694824219,46.369998931884766,100.81999969482422,153.44000244140625,47.540000915527344,109.43000030517578,311.7200012207031,33.61000061035156,163.1999969482422,139.16000366210938,468.510009765625,113.88999938964844,113.44999694824219,84.54000091552734,65.6500015258789,40.65999984741211,36.5,123.87999725341797,117.0199966430664,48.060001373291016,165.05332946777344,100.5,481.9599914550781,32.56999969482422,115.05999755859375,40.91999816894531,39.42499923706055,32.88999938964844,130.9199981689453,104.30999755859375,6911900,67534100,2263400,866400,19445000,37803800,9466000,13394900,5463000,5773800,8819700,3130600,2423500,33906900,6780400,7558600,2854700,2514800,8173800,4781600,27100100,582639000,30062000,1501700,6384800,9204400,2912400,8160900,3670100,11215400,2506100,13959600,32903200,36663200,10897800,13084100
2023-06-29,119.64697265625,111.23999786376953,201.6949462890625,704.9330444335938,83.33272552490234,26.724775314331055,55.706424713134766,41.95732879638672,94.08009338378906,137.69691467285156,44.03516387939453,101.67232513427734,302.4942321777344,32.25259780883789,151.2061004638672,133.95437622070312,454.6957702636719,109.40154266357422,104.26472473144531,77.46810913085938,63.509315490722656,40.79010772705078,29.970109939575195,112.01795196533203,111.02230834960938,45.151981353759766,163.30213928222656,96.68093872070312,450.9888916015625,28.917675018310547,106.9418716430664,39.388423919677734,36.89459991455078,31.983522415161133,125.49166107177734,96.52095031738281,133.22999572753906,111.23999786376953,221.16000366210938,723.3499755859375,86.25700378417969,28.65999984741211,64.0,46.290000915527344,103.05999755859375,156.24000549316406,48.400001525878906,113.0,323.0899963378906,32.90999984741211,164.10000610351562,143.42999267578125,464.489990234375,116.33999633789062,113.54000091552734,85.23999786376953,64.33000183105469,40.821998596191406,36.119998931884766,125.68000030517578,118.05999755859375,48.470001220703125,166.51333618164062,100.63999938964844,476.44000244140625,32.7599983215332,116.61000061035156,42.45000076293945,40.32500076293945,33.41999816894531,131.3800048828125,106.69999694824219,133.91000366210938,112.76000213623047,221.66000366210938,729.3800048828125,86.28399658203125,29.0,64.44000244140625,46.790000915527344,103.30999755859375,156.27000427246094,48.43000030517578,113.30999755859375,325.5,33.34000015258789,164.32000732421875,143.55999755859375,465.8299865722656,117.0,113.87999725341797,86.05999755859375,67.94999694824219,41.599998474121094,36.220001220703125,126.5,118.1500015258789,48.90999984741211,167.25999450683594,101.5199966430664,479.7099914550781,32.7599983215332,117.05000305175781,42.5099983215332,40.32500076293945,33.41999816894531,131.4600067138672,106.7300033569336,132.1300048828125,109.83999633789062,218.8800048828125,721.5900268554688,84.64099884033203,28.399999618530273,63.630001068115234,46.0099983215332,101.80999755859375,154.44000244140625,47.7400016784668,111.2699966430664,316.25,32.4900016784668,162.22999572753906,139.85000610351562,457.510009765625,115.0999984741211,111.80999755859375,84.62999725341797,63.54999923706055,40.599998474121094,35.7599983215332,124.5,116.87999725341797,47.65999984741211,165.13333129882812,100.0199966430664,473.0799865722656,32.029998779296875,115.45999908447266,41.369998931884766,39.79999923706055,32.97999954223633,130.00999450683594,105.12999725341797,132.3699951171875,112.06999969482422,219.6199951171875,727.6199951171875,85.44499969482422,28.5,63.77000045776367,46.16999816894531,102.51000213623047,155.42999267578125,47.939998626708984,111.98999786376953,317.8500061035156,33.34000015258789,162.63999938964844,140.07000732421875,459.05999755859375,115.25,112.25,85.33999633789062,67.83999633789062,41.55799865722656,35.9900016784668,124.73999786376953,117.55999755859375,48.869998931884766,167.14332580566406,101.33999633789062,475.0799865722656,32.18000030517578,115.83999633789062,41.47999954223633,40.01499938964844,33.02000045776367,130.22999572753906,105.66000366210938,4947600,58347200,1860300,768100,23386000,68376400,7023100,18840800,4260300,5633500,6745800,3650500,3553600,38313000,4547500,15423200,2112400,2324800,6281800,9066500,51141900,380514000,26284900,2272100,5138500,10506200,1674600,7383900,2979300,12479700,2272800,23956300,28435800,47471000,7843300,11364400
2023-06-30,120.99406433105469,113.91000366210938,202.47926330566406,706.2975463867188,83.80223083496094,26.752750396728516,55.662899017333984,41.73072814941406,94.58216857910156,138.67518615722656,43.98057556152344,102.96797180175781,301.97930908203125,32.772010803222656,152.51451110839844,135.8315887451172,459.091064453125,109.64604949951172,105.9636001586914,77.61351776123047,62.304866790771484,42.26895523071289,30.434764862060547,112.25858306884766,111.94390106201172,45.75748062133789,165.82582092285156,96.94993591308594,454.96453857421875,29.164836883544922,107.57466125488281,39.60182571411133,37.13248062133789,32.26105499267578,126.78114318847656,97.01850128173828,134.72999572753906,113.91000366210938,222.02000427246094,724.75,86.74299621582031,28.690000534057617,63.95000076293945,46.040000915527344,103.61000061035156,157.35000610351562,48.34000015258789,114.44000244140625,322.5400085449219,33.439998626708984,165.52000427246094,145.44000244140625,468.9800109863281,116.5999984741211,115.38999938964844,85.4000015258789,63.11000061035156,42.301998138427734,36.68000030517578,125.94999694824219,119.04000091552734,49.119998931884766,169.086669921875,100.91999816894531,480.6400146484375,33.040000915527344,117.30000305175781,42.68000030517578,40.584999084472656,33.709999084472656,132.72999572753906,107.25,135.92999267578125,114.69000244140625,223.11000061035156,727.4500122070312,87.45700073242188,29.110000610351562,64.41000366210938,46.79999923706055,104.4000015258789,157.9199981689453,49.099998474121094,115.36000061035156,326.0299987792969,33.560001373291016,165.94000244140625,146.0,469.8699951171875,117.47000122070312,115.61000061035156,86.48999786376953,65.0999984741211,42.54999923706055,36.75,127.30000305175781,119.86000061035156,49.709999084472656,169.76333618164062,101.88999938964844,482.1000061035156,33.5,117.6500015258789,43.220001220703125,40.790000915527344,33.849998474121094,133.0399932861328,107.87999725341797,132.8000030517578,112.41000366210938,221.00999450683594,715.6599731445312,86.43299865722656,28.670000076293945,63.939998626708984,46.029998779296875,102.54000091552734,156.60000610351562,48.31999969482422,112.83000183105469,322.45001220703125,33.15999984741211,164.35000610351562,143.66000366210938,464.0,115.5,113.43000030517578,85.4000015258789,62.900001525878906,41.500999450683594,36.13999938964844,124.83999633789062,118.37999725341797,48.66999816894531,167.74667358398438,100.41000366210938,475.1199951171875,32.849998474121094,115.11000061035156,42.619998931884766,40.29999923706055,33.58000183105469,131.8300018310547,106.80999755859375,133.47000122070312,113.02999877929688,222.0,722.530029296875,86.85199737548828,28.940000534057617,64.27999877929688,46.779998779296875,103.75,157.4600067138672,49.099998474121094,113.87999725341797,325.82000732421875,33.36000061035156,164.86000061035156,144.60000610351562,464.6499938964844,116.79000091552734,113.79000091552734,86.0199966430664,64.5,41.68000030517578,36.209999084472656,126.79000091552734,119.5999984741211,49.0,168.34666442871094,101.4000015258789,478.0,33.209999084472656,116.5199966430664,42.95000076293945,40.599998474121094,33.63999938964844,131.91000366210938,107.31999969482422,8711300,53378800,2843300,963600,23145000,50479000,8397600,15228200,7000000,6346600,8876800,4116200,2361800,33811300,7580000,14212800,3173200,2654500,8090600,6191700,31549600,501148000,30867900,2257000,6565100,13420000,1618200,11704600,3970400,15139600,2975600,20062200,35970600,44762300,8260900,13544700
2023-07-03,121.24551391601562,115.81999969482422,205.2061004638672,715.195068359375,84.6727066040039,27.228315353393555,56.0806999206543,42.365211486816406,95.14815521240234,138.55178833007812,44.426387786865234,103.20189666748047,305.78985595703125,32.94841766357422,150.51502990722656,136.92428588867188,451.6905517578125,110.52999114990234,104.99019622802734,78.53142547607422,63.084800720214844,42.37986755371094,30.409870147705078,113.66683959960938,112.93130493164062,46.083526611328125,167.3001708984375,99.09220123291016,452.3520202636719,29.64150047302246,107.69388580322266,40.26990509033203,37.21940231323242,32.44289016723633,125.73997497558594,97.20844268798828,135.00999450683594,115.81999969482422,225.00999450683594,733.8800048828125,87.64399719238281,29.200000762939453,64.43000030517578,46.7400016784668,104.2300033569336,157.2100067138672,48.83000183105469,114.69999694824219,326.6099853515625,33.619998931884766,163.35000610351562,146.61000061035156,461.4200134277344,117.54000091552734,114.33000183105469,86.41000366210938,63.900001525878906,42.41299819946289,36.650001525878906,127.52999877929688,120.08999633789062,49.470001220703125,170.58999633789062,103.1500015258789,477.8800048828125,33.58000183105469,117.43000030517578,43.400001525878906,40.68000030517578,33.900001525878906,131.63999938964844,107.45999908447266,135.42999267578125,116.7300033569336,225.57000732421875,737.1699829101562,87.6729965209961,29.350000381469727,64.91000366210938,47.290000915527344,104.98999786376953,158.10000610351562,49.09000015258789,115.22000122070312,329.3999938964844,33.88999938964844,164.38999938964844,147.47999572753906,466.260009765625,118.61000061035156,114.62000274658203,87.66000366210938,64.31999969482422,42.89799880981445,36.7400016784668,128.3300018310547,120.4800033569336,49.900001525878906,171.0,103.68000030517578,480.2099914550781,33.779998779296875,118.8499984741211,43.599998474121094,40.98500061035156,34.0,132.35000610351562,108.45999908447266,133.14999389648438,114.51000213623047,219.83999633789062,726.1500244140625,86.49199676513672,28.649999618530273,63.439998626708984,46.02000045776367,103.62999725341797,156.6999969482422,48.279998779296875,113.6500015258789,322.4100036621094,33.13999938964844,162.9600067138672,146.0,457.3699951171875,116.83999633789062,113.52999877929688,85.83999633789062,63.2599983215332,42.20199966430664,36.349998474121094,126.11000061035156,118.45999908447266,48.939998626708984,168.71665954589844,102.06999969482422,476.29998779296875,33.13999938964844,117.31999969482422,42.7400016784668,40.529998779296875,33.65999984741211,131.0800018310547,107.06999969482422,134.0,115.16000366210938,221.2100067138672,733.989990234375,86.86199951171875,28.700000762939453,63.939998626708984,46.08000183105469,103.94999694824219,157.17999267578125,48.349998474121094,114.5999984741211,322.4100036621094,33.540000915527344,164.33999633789062,146.19000244140625,466.260009765625,117.16000366210938,114.47000122070312,86.33999633789062,63.439998626708984,42.516998291015625,36.5,126.44999694824219,119.2699966430664,49.29999923706055,169.8633270263672,102.25,478.1000061035156,33.15999984741211,118.31999969482422,42.880001068115234,40.685001373291016,33.709999084472656,132.35000610351562,107.48999786376953,2674600,31860000,1479200,531900,9038000,30995800,4832500,10159900,2234000,3272600,4385700,1287600,1106800,15753000,4033700,8021600,2113200,1537200,2834600,5839300,12921300,198209000,14115800,1193700,2662000,3543100,809400,5638400,1915700,6483800,1466100,9249100,19539800,19128000,5240300,7397000
2023-07-05,123.58939361572266,113.94999694824219,205.99952697753906,697.4486694335938,83.26412200927734,27.116413116455078,56.341819763183594,42.419593811035156,94.95645904541016,137.7586212158203,44.12614822387695,102.83300018310547,299.64801025390625,31.8605899810791,150.01742553710938,136.01214599609375,455.8802185058594,109.27931213378906,104.41165161132812,78.08610534667969,61.268272399902344,42.2839469909668,30.252227783203125,112.606201171875,110.14774322509766,45.9251594543457,163.6029052734375,97.01716613769531,446.0476989746094,29.597360610961914,107.07025909423828,40.344139099121094,37.01354217529297,32.37590789794922,125.67313385009766,96.71092987060547,137.6199951171875,113.94999694824219,225.8800048828125,715.6699829101562,86.18599700927734,29.079999923706055,64.7300033569336,46.79999923706055,104.0199966430664,156.30999755859375,48.5,114.29000091552734,320.04998779296875,32.5099983215332,162.80999755859375,144.63999938964844,465.70001220703125,116.20999908447266,113.69999694824219,85.91999816894531,62.060001373291016,42.31700134277344,36.459999084472656,126.33999633789062,117.12999725341797,49.29999923706055,166.82000732421875,100.98999786376953,471.2200012207031,33.529998779296875,116.75,43.47999954223633,40.45500183105469,33.83000183105469,131.57000732421875,106.91000366210938,137.8800048828125,117.66000366210938,227.32000732421875,722.6099853515625,87.69000244140625,29.420000076293945,65.0,47.04999923706055,105.0,157.6999969482422,49.400001525878906,115.43000030517578,324.6099853515625,33.33000183105469,163.9199981689453,145.42999267578125,467.25,117.9000015258789,114.43000030517578,86.27999877929688,63.75,43.176998138427734,37.02000045776367,128.0399932861328,119.05000305175781,49.779998779296875,169.8000030517578,103.08999633789062,477.2900085449219,33.7400016784668,117.98999786376953,43.619998931884766,40.86000061035156,33.91999816894531,131.85000610351562,107.91999816894531,134.63999938964844,113.86000061035156,222.41000366210938,714.4400024414062,86.17500305175781,28.950000762939453,63.91999816894531,46.40999984741211,103.13999938964844,155.1199951171875,48.25,113.77999877929688,319.6300048828125,32.5,162.72999572753906,144.36000061035156,460.0,115.66000366210938,113.41999816894531,85.3499984741211,62.02000045776367,42.084999084472656,36.38999938964844,125.44999694824219,117.0999984741211,49.119998931884766,166.76666259765625,100.95999908447266,470.5899963378906,33.02000045776367,115.95999908447266,42.77000045776367,40.224998474121094,33.599998474121094,131.05999755859375,106.0999984741211,135.17999267578125,116.0999984741211,224.66000366210938,721.2000122070312,86.73999786376953,29.139999389648438,64.30999755859375,46.709999084472656,105.0,157.6999969482422,49.279998779296875,115.2699966430664,323.95001220703125,33.310001373291016,162.99000549316406,144.94000244140625,462.1000061035156,117.69999694824219,114.04000091552734,85.94999694824219,63.5,42.1349983215332,36.58000183105469,126.45999908447266,119.0199966430664,49.709999084472656,169.4499969482422,101.4000015258789,476.0299987792969,33.33000183105469,117.87000274658203,43.22999954223633,40.849998474121094,33.70000076293945,131.36000061035156,107.62999725341797,6903300,49501600,2440400,954800,14440000,37492000,8803300,11852900,4154900,6318700,7528100,3012300,2561000,37664700,7224600,8934900,2130200,2777100,5861500,6734300,16553000,323618000,26829400,1854400,6249200,8724200,2821800,9010800,5053100,10355100,2753100,15722200,32557400,39831600,7942100,12491200
2023-07-06,123.25713348388672,113.4800033569336,203.35476684570312,681.5053100585938,81.92511749267578,26.37043571472168,55.70955276489258,41.13250732421875,91.59711456298828,134.73570251464844,43.26182174682617,100.99751281738281,293.0474548339844,31.331375122070312,148.9025421142578,134.66746520996094,453.4427795410156,106.5804672241211,102.62095642089844,75.73226165771484,60.4488525390625,42.07011795043945,29.56354331970215,110.41360473632812,108.35160827636719,45.75748062133789,161.5401153564453,95.49933624267578,444.287109375,29.12070083618164,104.05303192138672,39.79668045043945,36.18095397949219,32.098365783691406,124.6701889038086,93.10155487060547,137.25,113.4800033569336,222.97999572753906,699.3099975585938,84.80000305175781,28.280000686645508,63.439998626708984,45.380001068115234,100.33999633789062,152.8800048828125,47.54999923706055,112.25,313.0,31.969999313354492,161.60000610351562,143.2100067138672,463.2099914550781,113.33999633789062,111.75,83.33000183105469,61.22999954223633,42.10300064086914,35.630001068115234,123.87999725341797,115.22000122070312,49.119998931884766,164.71665954589844,99.41000366210938,469.3599853515625,32.9900016784668,113.45999908447266,42.88999938964844,39.54499816894531,33.540000915527344,130.52000427246094,102.91999816894531,138.27999877929688,113.79000091552734,225.99000549316406,703.6799926757812,85.38999938964844,28.81999969482422,63.90999984741211,46.5,103.62999725341797,155.8300018310547,48.470001220703125,113.98999786376953,318.6400146484375,32.040000915527344,162.3699951171875,143.38999938964844,467.6000061035156,115.9000015258789,113.44000244140625,84.91999816894531,61.790000915527344,42.17900085449219,36.27000045776367,124.83000183105469,116.19999694824219,49.54999923706055,164.9933319091797,99.55999755859375,472.3999938964844,33.060001373291016,115.98999786376953,43.310001373291016,40.29499816894531,33.58000183105469,131.00999450683594,105.72000122070312,136.44000244140625,110.30999755859375,221.6999969482422,693.22998046875,84.43299865722656,28.100000381469727,63.29999923706055,45.11000061035156,99.3499984741211,151.6300048828125,46.70000076293945,110.43000030517578,312.8399963378906,31.3799991607666,161.0,141.44000244140625,461.6199951171875,112.81999969482422,111.70999908447266,83.0199966430664,60.5,41.34600067138672,35.619998931884766,121.62999725341797,113.62000274658203,48.310001373291016,162.63999938964844,98.5999984741211,466.6499938964844,32.04999923706055,112.62999725341797,42.2400016784668,39.244998931884766,33.25,130.19000244140625,102.43000030517578,137.47999572753906,112.06999969482422,224.9199981689453,701.72998046875,84.5,28.799999237060547,63.65999984741211,46.5,102.80000305175781,155.1999969482422,48.0,113.05999755859375,318.0,31.899999618530273,162.25,143.02000427246094,463.1199951171875,115.41999816894531,112.9000015258789,84.8499984741211,60.9900016784668,41.84400177001953,36.20000076293945,124.83000183105469,115.16000366210938,48.90999984741211,163.98666381835938,99.0999984741211,469.3500061035156,33.0,115.5999984741211,43.220001220703125,40.01499938964844,33.54999923706055,130.69000244140625,105.08999633789062,6091000,42342000,2457800,1218700,23939000,52098000,6638700,17431400,6004500,9203000,9501500,3762800,2896900,41693600,6332500,9709500,2191700,3083300,7257400,8546800,15607300,303582000,30177300,2515100,7544600,9411600,3454200,9140800,3913600,12008400,4177600,14978600,41967800,45808400,8213100,17961400
2023-07-07,121.685546875,113.16999816894531,199.4058380126953,679.0005493164062,81.80435180664062,26.60354995727539,55.015830993652344,41.45880889892578,94.23530578613281,135.91665649414062,44.444576263427734,104.55152893066406,295.0791320800781,31.213775634765625,146.73715209960938,135.7300262451172,442.5473937988281,110.98136138916016,100.0956039428711,75.759521484375,59.98892593383789,42.46979904174805,29.480575561523438,111.9555435180664,109.02869415283203,49.697914123535156,161.60874938964844,96.28707885742188,436.92266845703125,29.6061954498291,105.35531616210938,39.685340881347656,36.958641052246094,32.146217346191406,123.21831512451172,93.31866455078125,135.5,113.16999816894531,218.64999389648438,696.739990234375,84.67500305175781,28.530000686645508,62.650001525878906,45.7400016784668,103.2300033569336,154.22000122070312,48.849998474121094,116.19999694824219,315.1700134277344,31.850000381469727,159.25,144.33999633789062,452.0799865722656,118.0199966430664,109.0,83.36000061035156,60.650001525878906,42.50299835205078,35.529998779296875,125.61000061035156,115.94000244140625,53.349998474121094,164.7866668701172,100.2300033569336,461.5799865722656,33.540000915527344,114.87999725341797,42.77000045776367,40.39500045776367,33.59000015258789,129.0,103.16000366210938,137.64999389648438,115.33000183105469,222.16000366210938,705.739990234375,85.79900360107422,28.81999969482422,63.45000076293945,46.349998474121094,104.61000061035156,155.99000549316406,49.380001068115234,117.66999816894531,317.3699951171875,32.40999984741211,161.0399932861328,145.83999633789062,463.6099853515625,119.0999984741211,111.5,84.04000091552734,61.4900016784668,43.2140007019043,35.77000045776367,126.8499984741211,117.7300033569336,53.619998931884766,167.4066619873047,101.94000244140625,468.6099853515625,33.79999923706055,116.63999938964844,43.43000030517578,40.77000045776367,33.869998931884766,130.25999450683594,104.0,135.35000610351562,113.04000091552734,218.44000244140625,693.6599731445312,84.46600341796875,28.290000915527344,62.630001068115234,45.209999084472656,100.12000274658203,151.9600067138672,47.099998474121094,111.61000061035156,312.70001220703125,31.81999969482422,159.1999969482422,143.0,451.239990234375,113.19999694824219,108.76000213623047,82.9000015258789,60.630001068115234,42.18000030517578,35.349998474121094,123.87999725341797,114.76000213623047,48.810001373291016,164.52000427246094,99.0,460.82000732421875,32.84000015258789,112.8499984741211,42.59000015258789,39.31999969482422,33.400001525878906,128.92999267578125,101.55999755859375,137.14999389648438,114.16000366210938,221.86000061035156,697.9000244140625,85.04299926757812,28.299999237060547,63.2400016784668,45.22999954223633,100.55000305175781,152.13999938964844,47.189998626708984,111.86000061035156,313.20001220703125,32.0,160.47000122070312,143.91000366210938,462.3299865722656,113.36000061035156,111.06999969482422,83.01000213623047,61.43000030517578,42.321998596191406,35.52000045776367,124.26000213623047,115.37000274658203,48.939998626708984,165.02667236328125,99.08000183105469,465.0,32.86000061035156,113.38999938964844,42.59000015258789,39.349998474121094,33.400001525878906,129.8000030517578,101.91999816894531,6873200,37211300,2841500,1352000,19409000,34288000,8665600,13160700,7393100,6602200,9701800,4583000,2903100,28356300,7022200,8981500,2914700,4147600,11316600,8217700,15028100,355881000,22903300,2194200,6108400,23181600,1824300,8036600,4131600,9052900,4587900,13506500,48916000,33488700,8749700,21929200
2023-07-10,120.77851104736328,113.58000183105469,204.95077514648438,691.7572631835938,84.79732513427734,26.724775314331055,54.86653518676758,41.39535903930664,95.25770568847656,136.82443237304688,44.75392532348633,104.16464233398438,296.2962646484375,32.085994720458984,146.9767303466797,136.49172973632812,443.60467529296875,110.81208801269531,100.97718048095703,75.79586791992188,61.798973083496094,42.14705276489258,29.605031967163086,111.73271942138672,110.13834381103516,49.949432373046875,164.9726104736328,95.84517669677734,438.314208984375,29.78273582458496,103.27350616455078,39.267791748046875,37.24684524536133,32.289772033691406,124.1926040649414,94.70270538330078,134.49000549316406,113.58000183105469,224.72999572753906,709.8300170898438,87.77300262451172,28.65999984741211,62.47999954223633,45.66999816894531,104.3499984741211,155.25,49.189998626708984,115.7699966430664,316.4700012207031,32.7400016784668,159.50999450683594,145.14999389648438,453.1600036621094,117.83999633789062,109.95999908447266,83.4000015258789,62.47999954223633,42.18000030517578,35.68000030517578,125.36000061035156,117.12000274658203,53.619998931884766,168.21665954589844,99.7699966430664,463.04998779296875,33.7400016784668,112.61000061035156,42.31999969482422,40.709999084472656,33.7400016784668,130.02000427246094,104.69000244140625,136.08999633789062,113.61000061035156,224.89999389648438,712.8300170898438,87.91699981689453,28.850000381469727,62.959999084472656,46.38999938964844,104.45999908447266,155.7899932861328,49.439998626708984,117.29000091552734,320.0799865722656,32.83000183105469,160.3000030517578,145.99000549316406,454.6700134277344,118.94000244140625,110.5999984741211,84.38999938964844,62.83000183105469,42.81100082397461,36.0099983215332,126.80999755859375,118.27999877929688,53.72999954223633,168.3633270263672,100.75,463.1000061035156,33.83000183105469,115.18000030517578,42.9900016784668,40.790000915527344,33.93000030517578,130.17999267578125,104.75,134.05999755859375,109.87999725341797,218.61000061035156,703.4299926757812,84.8280029296875,28.469999313354492,62.29999923706055,45.540000915527344,102.75,153.9199981689453,48.400001525878906,115.38999938964844,316.0,31.770000457763672,159.0,144.5,449.7099914550781,117.1500015258789,109.0999984741211,83.18000030517578,60.58000183105469,41.64899826049805,35.540000915527344,124.76000213623047,116.47000122070312,52.650001525878906,165.1366729736328,99.4000015258789,459.1600036621094,33.150001525878906,112.16000366210938,42.279998779296875,40.2599983215332,33.56999969482422,129.0,102.75,135.41000366210938,113.0,219.16000366210938,703.7100219726562,84.8280029296875,28.59000015258789,62.630001068115234,45.599998474121094,102.8499984741211,153.92999267578125,48.560001373291016,115.45999908447266,316.6700134277344,31.8700008392334,159.42999267578125,144.5,452.9599914550781,117.58000183105469,109.13999938964844,83.41999816894531,60.83000183105469,42.65700149536133,35.56999969482422,124.81999969482422,116.47000122070312,52.84000015258789,165.30332946777344,100.25,460.0,33.220001220703125,114.04000091552734,42.709999084472656,40.290000915527344,33.599998474121094,129.00999450683594,102.97000122070312,5153300,49330200,2501700,930900,30622000,36086000,7493100,14307600,6405900,5167900,5793500,3095400,1775800,36305700,5739200,9100100,2011400,2582600,5949200,6141200,16953100,353908000,17777500,1734400,6037000,14817100,1833600,8041600,4339200,11720200,4199300,16675800,30925000,27254400,7476500,14877600
2023-07-11,121.74842071533203,111.31999969482422,204.15733337402344,687.05029296875,85.21468353271484,27.06046485900879,55.13875961303711,42.17485809326172,98.07847595214844,139.35379028320312,46.00037384033203,107.61070251464844,300.4250793457031,32.634803771972656,146.1658935546875,138.62631225585938,430.1250305175781,112.85269165039062,99.82011413574219,77.21363830566406,62.90677261352539,42.37187576293945,29.887142181396484,112.73988342285156,109.90325927734375,52.21308898925781,164.97915649414062,97.27655029296875,438.1627197265625,30.824338912963867,106.33657836914062,39.657508850097656,38.065711975097656,32.672576904296875,124.22126770019531,95.860595703125,135.57000732421875,111.31999969482422,223.86000061035156,705.0,88.20500183105469,29.020000457763672,62.790000915527344,46.529998779296875,107.44000244140625,158.1199951171875,50.560001373291016,119.5999984741211,320.8800048828125,33.29999923706055,158.6300048828125,147.4199981689453,439.3900146484375,120.01000213623047,108.69999694824219,84.95999908447266,63.599998474121094,42.404998779296875,36.02000045776367,126.48999786376953,116.87000274658203,56.04999923706055,168.22332763671875,101.26000213623047,462.8900146484375,34.91999816894531,115.94999694824219,42.7400016784668,41.60499954223633,34.13999938964844,130.0500030517578,105.97000122070312,135.75999450683594,113.2699966430664,225.5800018310547,709.780029296875,88.30000305175781,29.079999923706055,62.91999816894531,46.61000061035156,107.61000061035156,158.41000366210938,50.790000915527344,119.88999938964844,321.0400085449219,33.36000061035156,160.3000030517578,147.82000732421875,450.55999755859375,120.27999877929688,110.0199966430664,85.43000030517578,63.66999816894531,42.757999420166016,36.040000915527344,127.66999816894531,117.87000274658203,56.2400016784668,169.10667419433594,102.33000183105469,466.489990234375,35.18000030517578,115.9800033569336,42.93000030517578,41.66999816894531,34.18000030517578,130.47000122070312,106.16000366210938,133.67999267578125,109.5,222.27000427246094,695.6900024414062,86.46299743652344,28.420000076293945,62.119998931884766,45.630001068115234,104.8499984741211,155.66000366210938,49.529998779296875,116.37000274658203,314.5799865722656,32.5,157.60000610351562,145.7100067138672,437.6099853515625,117.94999694824219,108.25,83.62000274658203,62.310001373291016,42.06700134277344,35.619998931884766,125.75,114.88999938964844,53.849998474121094,165.79666137695312,100.13999938964844,461.1400146484375,34.06999969482422,112.58999633789062,42.06999969482422,40.814998626708984,33.790000915527344,129.47999572753906,104.80999755859375,134.0,111.66000366210938,223.8300018310547,708.9199829101562,88.11100006103516,28.65999984741211,62.31999969482422,45.79999923706055,105.0,156.0,49.75,116.48999786376953,318.8299865722656,32.81999969482422,159.1300048828125,146.33999633789062,450.0,118.51000213623047,109.4800033569336,83.9000015258789,62.599998474121094,42.48099899291992,35.63999938964844,126.1500015258789,117.80000305175781,53.939998626708984,168.8000030517578,102.33000183105469,462.3699951171875,34.5099983215332,113.20999908447266,42.349998474121094,40.89500045776367,33.86000061035156,129.83999633789062,105.26000213623047,5144800,59899500,2021500,623200,25498000,40978700,9340100,14131700,5648500,5060500,8664900,2965100,2041700,28148800,6606700,11260900,3570900,2651300,6084400,11053100,13454500,298244000,17731300,2264500,5784000,18093900,2370300,7677800,3086800,15972800,3682900,15401100,39642000,33744600,7278300,12576500
2023-07-12,121.21857452392578,114.58000183105469,205.81712341308594,706.4046630859375,85.97789764404297,27.37751007080078,54.69090270996094,42.9453010559082,99.7855224609375,140.69342041015625,46.482574462890625,109.50918579101562,305.59326171875,33.30122756958008,145.65908813476562,139.31275939941406,431.30950927734375,112.80565643310547,98.69059753417969,77.94979858398438,63.094703674316406,43.867713928222656,29.862253189086914,113.39945220947266,111.60536193847656,52.799957275390625,168.05206298828125,99.81271362304688,427.5705261230469,30.992046356201172,105.50204467773438,40.1400032043457,38.417964935302734,32.883121490478516,123.88693237304688,96.33100128173828,134.97999572753906,114.58000183105469,225.67999267578125,724.8599853515625,88.99500274658203,29.360000610351562,62.279998779296875,47.380001068115234,109.30999755859375,159.63999938964844,51.09000015258789,121.70999908447266,326.3999938964844,33.97999954223633,158.0800018310547,148.14999389648438,440.6000061035156,119.95999908447266,107.47000122070312,85.7699966430664,63.790000915527344,43.902000427246094,35.9900016784668,127.2300033569336,118.68000030517578,56.68000030517578,171.35667419433594,103.9000015258789,451.70001220703125,35.11000061035156,115.04000091552734,43.2599983215332,41.9900016784668,34.36000061035156,129.6999969482422,106.48999786376953,136.60000610351562,115.4000015258789,227.32000732421875,730.5,89.75900268554688,29.889999389648438,63.27000045776367,48.27000045776367,109.56999969482422,160.33999633789062,51.56999969482422,121.83000183105469,333.3500061035156,34.08000183105469,158.94000244140625,149.8699951171875,444.29998779296875,122.43000030517578,109.05000305175781,87.70999908447266,64.69999694824219,43.935001373291016,36.25,130.4499969482422,119.2300033569336,57.09000015258789,171.6666717529297,104.43000030517578,464.82000732421875,36.220001220703125,117.9000015258789,43.849998474121094,42.224998474121094,34.599998474121094,130.5,107.6500015258789,134.7899932861328,112.30999755859375,224.08999633789062,722.22998046875,88.19999694824219,29.270000457763672,62.119998931884766,47.220001220703125,108.44999694824219,158.3300018310547,50.77000045776367,119.75,324.25,33.060001373291016,157.8800048828125,147.0,435.010009765625,119.41999816894531,107.19000244140625,85.5999984741211,63.130001068115234,42.777000427246094,35.91999816894531,126.97000122070312,117.0999984741211,55.97999954223633,169.69332885742188,102.76000213623047,451.25,35.08000183105469,114.63999938964844,43.0099983215332,41.72999954223633,34.27000045776367,129.49000549316406,106.12999725341797,135.82000732421875,112.88999938964844,225.1699981689453,729.52001953125,88.9000015258789,29.510000228881836,62.880001068115234,47.2599983215332,108.63999938964844,159.22000122070312,51.20000076293945,120.5,324.5799865722656,33.689998626708984,158.94000244140625,147.4499969482422,438.4700012207031,121.0,108.37000274658203,86.68000030517578,64.47000122070312,43.03300094604492,36.20000076293945,128.4499969482422,117.55999755859375,56.529998779296875,170.6566619873047,102.83000183105469,463.0,35.650001525878906,116.98999786376953,43.310001373291016,41.94499969482422,34.41999816894531,130.3800048828125,107.0,4944100,57993100,2619500,1311700,28197000,41855500,7340300,17960500,6229200,6464000,7640900,3658600,2741300,37762200,6940400,11323200,3107800,2395500,8376700,8602300,13953600,481277000,17229700,2508100,8371300,14304600,4269300,10202000,7287600,11534400,3032800,13998300,43077600,46546000,11900400,13238200
2023-07-13,121.30026245117188,115.91999816894531,207.6228790283203,731.6258544921875,86.01750946044922,27.666580200195312,54.69090270996094,43.21722412109375,100.91748809814453,138.81619262695312,46.50077438354492,110.28297424316406,307.7279357910156,33.19342041015625,146.33172607421875,139.98980712890625,425.53387451171875,112.7680435180664,97.63453674316406,78.34967803955078,63.82663345336914,45.94108963012695,29.920333862304688,115.68115234375,115.78070068359375,53.48930358886719,171.52378845214844,101.41699981689453,423.8314208984375,31.609949111938477,105.93307495117188,40.55754470825195,38.271575927734375,32.997962951660156,123.93470001220703,94.5670166015625,133.58999633789062,115.91999816894531,227.66000366210938,750.739990234375,89.03600311279297,29.670000076293945,62.279998779296875,47.68000030517578,110.55000305175781,157.50999450683594,51.11000061035156,122.56999969482422,328.67999267578125,33.869998931884766,158.80999755859375,148.8699951171875,434.70001220703125,119.91999816894531,106.31999969482422,86.20999908447266,64.52999877929688,45.97700119018555,36.060001373291016,129.7899932861328,123.12000274658203,57.41999816894531,174.89666748046875,105.56999969482422,447.75,35.810001373291016,115.51000213623047,43.709999084472656,41.83000183105469,34.47999954223633,129.75,104.54000091552734,134.10000610351562,116.16000366210938,228.1199951171875,751.5,89.89399719238281,29.8700008392334,62.75,47.849998474121094,111.76000213623047,160.60000610351562,51.810001373291016,124.33000183105469,329.2799987792969,34.29999923706055,159.1300048828125,149.3699951171875,442.239990234375,121.13999938964844,107.91000366210938,86.63999938964844,64.6500015258789,46.154998779296875,36.36000061035156,129.97999572753906,123.41999816894531,57.619998931884766,175.2933349609375,105.6500015258789,454.8999938964844,35.900001525878906,116.83000183105469,43.7599983215332,42.25,34.529998779296875,130.36000061035156,106.2300033569336,132.6999969482422,113.58000183105469,225.0,740.2000122070312,87.8270034790039,29.40999984741211,62.209999084472656,47.13999938964844,109.58000183105469,156.57000732421875,50.599998474121094,121.23999786376953,325.69000244140625,33.619998931884766,157.41000366210938,147.75,434.3399963378906,118.80999755859375,106.26000213623047,85.73999786376953,63.54999923706055,44.492000579833984,35.91999816894531,127.5,119.87999725341797,56.36000061035156,172.5066680908203,102.5199966430664,447.17999267578125,35.2599983215332,114.30000305175781,43.29999923706055,41.439998626708984,34.349998474121094,129.6199951171875,103.31999969482422,132.92999267578125,115.76000213623047,225.85000610351562,741.1699829101562,89.89399719238281,29.520000457763672,62.400001525878906,47.560001373291016,109.88999938964844,159.83999633789062,51.04999923706055,122.01000213623047,327.3500061035156,34.150001525878906,158.0,148.6999969482422,440.2300109863281,119.94000244140625,107.33000183105469,86.2300033569336,64.18000030517578,44.518001556396484,36.0099983215332,127.87999725341797,120.0,57.0,173.17333984375,105.0,452.0,35.33000183105469,115.54000091552734,43.470001220703125,41.9900016784668,34.40999984741211,130.02999877929688,105.97000122070312,4631800,49206700,1803600,1209100,25912000,39589000,9029500,26210700,6054900,8143900,7168500,2846700,2787800,32745800,6401700,11234900,2865100,2374400,9764400,6026500,11384700,478204000,16664400,2563400,9823000,15775100,2791200,9265900,7276800,10710800,2966100,18034800,53226400,40453700,7526200,26826800
2023-07-14,123.49762725830078,115.94000244140625,207.41307067871094,734.8222045898438,85.84553527832031,27.144392013549805,54.392333984375,41.46786880493164,97.75895690917969,135.35263061523438,44.49007034301758,107.7330093383789,305.3966369628906,32.48780822753906,147.30844116210938,140.83615112304688,439.9826354980469,111.34811401367188,98.57122039794922,77.9588623046875,63.38153076171875,45.4334831237793,30.13606071472168,113.47111511230469,115.25406646728516,53.21915817260742,169.37928771972656,101.00392150878906,454.5196838378906,31.186246871948242,104.07137298583984,40.41836166381836,37.26057052612305,32.77784729003906,125.79730987548828,91.31045532226562,136.00999450683594,115.94000244140625,227.42999267578125,754.02001953125,88.85800170898438,29.110000610351562,61.939998626708984,45.75,107.08999633789062,153.5800018310547,48.900001525878906,118.93000030517578,326.19000244140625,33.150001525878906,159.8699951171875,149.77000427246094,449.4599914550781,118.41000366210938,107.33999633789062,85.77999877929688,64.08000183105469,45.46900177001953,36.31999969482422,125.79000091552734,122.55999755859375,57.130001068115234,172.7100067138672,105.13999938964844,480.1700134277344,35.33000183105469,113.4800033569336,43.560001373291016,40.724998474121094,34.25,131.6999969482422,100.94000244140625,136.6199951171875,122.12000274658203,228.66000366210938,771.97998046875,90.33499908447266,30.100000381469727,62.34000015258789,48.54999923706055,110.2300033569336,157.02000427246094,50.689998626708984,121.16000366210938,332.4800109863281,33.869998931884766,160.22999572753906,152.88999938964844,450.45001220703125,119.54000091552734,107.68000030517578,87.41999816894531,65.54000091552734,48.0880012512207,36.4900016784668,130.32000732421875,123.18000030517578,57.16999816894531,176.48333740234375,107.30000305175781,485.0,36.209999084472656,115.37999725341797,45.310001373291016,41.599998474121094,34.7400016784668,132.1199951171875,104.05000305175781,134.1199951171875,115.25,225.9600067138672,751.969970703125,88.61599731445312,29.049999237060547,61.56999969482422,45.689998626708984,106.44999694824219,153.3000030517578,48.72999954223633,117.75,325.0199890136719,33.0,158.97999572753906,148.41000366210938,440.8699951171875,117.54000091552734,106.26000213623047,85.55999755859375,63.68000030517578,45.060001373291016,36.0099983215332,125.62999725341797,121.12999725341797,56.43000030517578,171.99667358398438,104.86000061035156,460.1099853515625,35.2400016784668,112.66999816894531,43.29999923706055,40.625,34.20000076293945,130.58999633789062,100.52999877929688,134.72999572753906,116.16999816894531,227.83999633789062,760.6500244140625,88.61599731445312,30.0,62.02000045776367,48.47999954223633,110.06999969482422,157.00999450683594,50.689998626708984,121.16000366210938,331.989990234375,33.779998779296875,159.17999267578125,151.5500030517578,441.1000061035156,119.54000091552734,106.26000213623047,87.41000366210938,64.30000305175781,46.58300018310547,36.29999923706055,130.0,123.0,56.83000183105469,174.9166717529297,106.0,462.54998779296875,36.09000015258789,115.02999877929688,44.75,41.560001373291016,34.72999954223633,130.72999572753906,104.05000305175781,5544100,91927200,2044700,1843900,18510000,58720300,9234500,38634500,4738200,7065700,9704500,2736600,1815200,30438700,5362200,27028400,2955000,2007400,7209900,7732700,13860200,772075000,17915100,2507200,7892200,14423300,5124900,9518300,11379300,13063800,2335300,30897600,43988200,47552700,13298600,28181900
2023-07-17,122.42620849609375,118.31999969482422,207.78701782226562,735.2802124023438,87.94874572753906,27.41480827331543,54.31330108642578,41.93013381958008,97.16558837890625,135.22926330566406,44.50827407836914,107.50654602050781,306.3422546386719,33.683433532714844,146.57131958007812,144.23080444335938,437.7115783691406,111.08480834960938,96.94581604003906,78.49507141113281,64.44977569580078,46.424713134765625,29.754383087158203,114.7069320678711,116.04398345947266,52.641597747802734,173.4329376220703,100.66768646240234,458.2207946777344,31.12445640563965,104.28230285644531,41.51325988769531,37.187374114990234,33.09367370605469,125.22418212890625,91.70848083496094,134.8300018310547,118.31999969482422,227.83999633789062,754.489990234375,91.03500366210938,29.399999618530273,61.849998474121094,46.2599983215332,106.44000244140625,153.44000244140625,48.91999816894531,118.68000030517578,327.20001220703125,34.369998931884766,159.07000732421875,153.3800048828125,447.1400146484375,118.12999725341797,105.56999969482422,86.37000274658203,65.16000366210938,46.46099853515625,35.86000061035156,127.16000366210938,123.4000015258789,56.5099983215332,176.8433380126953,104.79000091552734,484.0799865722656,35.2599983215332,113.70999908447266,44.7400016784668,40.64500045776367,34.58000183105469,131.10000610351562,101.37999725341797,136.22999572753906,118.83999633789062,228.60000610351562,756.9199829101562,91.32099914550781,29.559999465942383,62.02000045776367,46.619998931884766,107.66000366210938,154.13999938964844,49.099998474121094,119.66999816894531,327.489990234375,34.599998474121094,159.8699951171875,153.75,450.6199951171875,119.37000274658203,107.44000244140625,86.9000015258789,65.66999816894531,46.49599838256836,36.119998931884766,128.52000427246094,124.45999908447266,57.02000045776367,177.71665954589844,105.02999877929688,484.6000061035156,35.45000076293945,114.44999694824219,45.130001068115234,40.81999969482422,34.68000030517578,131.6300048828125,101.66999816894531,134.55999755859375,112.7300033569336,224.33999633789062,735.47998046875,88.97799682617188,29.1200008392334,61.40999984741211,45.720001220703125,106.13999938964844,152.63999938964844,48.349998474121094,118.19000244140625,324.3599853515625,33.06999969482422,158.14999389648438,150.35000610351562,443.260009765625,117.27999877929688,105.29000091552734,85.68000030517578,63.34000015258789,45.262001037597656,35.779998779296875,125.80000305175781,120.76000213623047,56.04999923706055,171.7100067138672,102.58999633789062,478.29998779296875,35.0099983215332,113.16000366210938,43.54999923706055,40.459999084472656,34.209999084472656,130.61000061035156,100.22000122070312,135.82000732421875,115.94999694824219,226.8699951171875,744.5,89.10099792480469,29.149999618530273,61.9900016784668,45.810001373291016,106.69000244140625,153.35000610351562,48.70000076293945,118.20999908447266,325.8900146484375,33.15999984741211,159.75,150.35000610351562,449.45001220703125,118.04000091552734,107.04000091552734,85.68000030517578,63.79999923706055,46.28900146484375,36.119998931884766,126.26000213623047,122.33000183105469,56.619998931884766,172.77333068847656,104.68000030517578,481.1099853515625,35.2400016784668,113.22000122070312,43.560001373291016,40.58000183105469,34.209999084472656,131.35000610351562,100.72000122070312,4033000,68593300,2049200,1355200,26819000,49477200,7486400,18521400,4081400,4351700,6486700,2254900,1777400,34111200,5486800,17262400,2347900,2116300,7376400,7911800,11333600,510488000,20557300,2647500,6125000,13598700,2926200,10722600,4582000,13412200,2968600,25173900,32445800,38568900,7905000,18051300
2023-07-18,124.01520538330078,117.93000030517578,212.10072326660156,737.755615234375,87.28019714355469,28.62702751159668,54.44502639770508,42.618995666503906,99.27430725097656,135.50244140625,45.95487976074219,111.21147918701172,315.770263671875,33.81083679199219,146.56211853027344,144.49411010742188,441.68597412109375,112.3072738647461,97.29476928710938,83.55723571777344,64.23217010498047,47.45690155029297,30.069684982299805,117.58452606201172,115.53617858886719,53.07942199707031,173.75326538085938,99.09220123291016,473.29034423828125,32.263153076171875,105.85053253173828,42.31123733520508,37.562503814697266,33.46690368652344,126.15072631835938,91.2923583984375,136.5800018310547,117.93000030517578,232.57000732421875,757.030029296875,90.34300231933594,30.700000762939453,62.0,47.02000045776367,108.75,153.75,50.5099983215332,122.7699966430664,337.2699890136719,34.5,159.05999755859375,153.66000366210938,451.20001220703125,119.43000030517578,105.94999694824219,91.94000244140625,64.94000244140625,47.49399948120117,36.2400016784668,130.35000610351562,122.86000061035156,56.97999954223633,177.1699981689453,103.1500015258789,500.0,36.54999923706055,115.41999816894531,45.599998474121094,41.05500030517578,34.970001220703125,132.07000732421875,100.91999816894531,137.89999389648438,118.43000030517578,234.07000732421875,760.0,90.98999786376953,30.860000610351562,62.7599983215332,47.65999984741211,109.5,156.07000732421875,50.939998626708984,123.62999725341797,338.25,34.70000076293945,160.88999938964844,154.39999389648438,453.32000732421875,121.58999633789062,107.02999877929688,92.55999755859375,65.12000274658203,47.895999908447266,36.47999954223633,132.32000732421875,123.2300033569336,57.56999969482422,177.75332641601562,103.7300033569336,504.4200134277344,36.560001373291016,117.26000213623047,45.70000076293945,41.47999954223633,35.0,132.57000732421875,102.19999694824219,134.7100067138672,115.19000244140625,227.39999389648438,742.4500122070312,89.82599639892578,29.920000076293945,61.79999923706055,46.68000030517578,106.4000015258789,152.3699951171875,48.93000030517578,118.19999694824219,327.29998779296875,33.83000183105469,158.19000244140625,152.82000732421875,445.0400085449219,117.62999725341797,105.3499984741211,87.0999984741211,63.75,45.73400115966797,35.880001068115234,124.4000015258789,121.26000213623047,56.189998626708984,174.70333862304688,102.01000213623047,487.5,35.33000183105469,113.69999694824219,44.599998474121094,40.48500061035156,34.61000061035156,130.91000366210938,100.33999633789062,134.8000030517578,117.55000305175781,227.7899932861328,748.7999877929688,90.5979995727539,30.0,61.939998626708984,46.75,106.44999694824219,152.6699981689453,49.0,118.31999969482422,327.29998779296875,34.279998779296875,159.07000732421875,153.3800048828125,446.95001220703125,117.93000030517578,105.87999725341797,87.54000091552734,64.37000274658203,46.70100021362305,35.91999816894531,125.01000213623047,122.31999969482422,56.349998474121094,176.0833282470703,103.69000244140625,489.3299865722656,35.38999938964844,113.76000213623047,44.77000045776367,40.54999923706055,34.65999984741211,131.14999389648438,100.91999816894531,5392800,57980100,2621200,1220600,24513000,98253800,6451100,24678000,4396800,6798300,9089500,3133600,3887400,29662200,6332500,13491700,2237000,2314100,7499100,21630800,10393100,569164000,22808300,4679300,7481200,11387000,2669400,10343600,8816400,15103000,2858500,24183200,43209400,47160800,8130300,24617800
2023-07-19,125.0140151977539,116.43000030517578,211.62648010253906,697.5558471679688,87.0811767578125,29.400983810424805,54.49771499633789,43.072200775146484,99.94071197509766,136.33091735839844,46.05495834350586,110.91255950927734,318.8412170410156,33.77163314819336,146.26727294921875,145.0488739013672,443.9961853027344,114.82743072509766,97.29476928710938,84.66600036621094,64.25194549560547,47.04022979736328,30.23563003540039,119.40670776367188,117.00318908691406,53.43341827392578,171.69053649902344,99.00572967529297,476.792724609375,34.34635925292969,108.2349624633789,42.92362976074219,37.78207778930664,33.610450744628906,126.7333755493164,91.92559814453125,137.67999267578125,116.43000030517578,232.0500030517578,715.780029296875,90.13700103759766,31.530000686645508,62.060001373291016,47.52000045776367,109.4800033569336,154.69000244140625,50.619998931884766,122.44000244140625,340.54998779296875,34.459999084472656,158.74000549316406,154.25,453.55999755859375,122.11000061035156,105.94999694824219,93.16000366210938,64.95999908447266,47.07699966430664,36.439998626708984,132.3699951171875,124.41999816894531,57.36000061035156,175.06666564941406,103.05999755859375,503.70001220703125,38.90999984741211,118.0199966430664,46.2599983215332,41.29499816894531,35.119998931884766,132.67999267578125,101.62000274658203,138.05999755859375,121.66999816894531,234.5500030517578,742.8300170898438,90.59700012207031,31.700000762939453,62.86000061035156,47.84000015258789,110.69000244140625,155.77999877929688,51.150001525878906,124.68000030517578,345.8800048828125,34.84000015258789,160.41000366210938,155.2100067138672,455.0,122.20999908447266,107.37999725341797,93.86000061035156,65.76000213623047,47.81800079345703,36.70000076293945,132.5800018310547,127.0999984741211,57.439998626708984,177.52667236328125,104.79000091552734,514.6599731445312,39.27000045776367,118.16999816894531,46.56999969482422,41.57500076293945,35.2599983215332,133.50999450683594,102.4000015258789,136.9499969482422,115.55000305175781,231.99000549316406,713.1300048828125,88.56300354003906,30.690000534057617,62.0,46.619998931884766,108.7699966430664,153.27999877929688,50.36000061035156,121.88999938964844,331.29998779296875,34.33000183105469,157.3300018310547,152.22000122070312,448.55999755859375,119.45999908447266,105.91000366210938,91.33000183105469,64.80000305175781,46.742000579833984,36.209999084472656,130.16000366210938,124.30000305175781,56.130001068115234,174.6300048828125,102.56999969482422,502.4800109863281,35.630001068115234,115.5,45.540000915527344,40.96500015258789,34.959999084472656,132.4499969482422,100.80000305175781,137.24000549316406,121.30000305175781,232.97999572753906,739.2000122070312,89.72699737548828,30.889999389648438,62.119998931884766,47.08000183105469,108.7699966430664,153.8300018310547,50.470001220703125,122.80000305175781,338.0,34.400001525878906,157.91000366210938,152.75,451.3999938964844,119.45999908447266,106.16000366210938,91.43000030517578,65.62999725341797,47.4640007019043,36.34000015258789,130.22000122070312,125.33999633789062,56.310001373291016,177.39999389648438,103.9000015258789,507.5400085449219,36.380001068115234,115.66999816894531,45.93000030517578,41.05500030517578,34.970001220703125,132.72000122070312,101.05000305175781,4784200,70363100,2047200,2406200,24118000,70619800,8695100,15789100,5408200,5653100,8251200,2185000,6037400,26486700,7522600,12510000,2212800,2883200,6608600,12004300,9463900,427502000,18589700,4648100,8866700,13074900,2483400,11204800,4956500,32807000,2797300,18932700,37521000,45599800,12484000,15556500
2023-07-20,129.10910034179688,110.25,212.7025909423828,658.9154052734375,85.82235717773438,29.5501766204834,55.99934387207031,42.97249221801758,101.9581527709961,137.8379364013672,46.76461410522461,111.86369323730469,328.49395751953125,32.70341110229492,155.14981079101562,146.8355712890625,454.0398864746094,116.8398208618164,99.59971618652344,85.24763488769531,63.984886169433594,45.48444747924805,30.509445190429688,120.86804962158203,113.52375030517578,53.34025192260742,165.44664001464844,94.01030731201172,477.3038330078125,34.549381256103516,110.72028350830078,43.73088836669922,38.225826263427734,33.85927963256836,128.83477783203125,93.5448226928711,142.19000244140625,110.25,233.22999572753906,676.1300048828125,88.83399963378906,31.690000534057617,63.77000045776367,47.40999984741211,111.69000244140625,156.39999389648438,51.400001525878906,123.48999786376953,350.8599853515625,33.369998931884766,168.3800048828125,156.14999389648438,463.82000732421875,124.25,108.45999908447266,93.80000305175781,64.69000244140625,45.52000045776367,36.77000045776367,133.99000549316406,120.72000122070312,57.2599983215332,168.6999969482422,97.86000061035156,504.239990234375,39.13999938964844,120.7300033569336,47.130001068115234,41.779998779296875,35.380001068115234,134.8800048828125,103.41000366210938,142.72000122070312,115.05000305175781,238.47999572753906,697.8099975585938,90.69999694824219,31.799999237060547,64.04000091552734,47.880001068115234,111.77999877929688,157.19000244140625,51.790000915527344,124.72000122070312,351.67999267578125,34.209999084472656,169.13999938964844,156.58999633789062,465.2200012207031,124.30000305175781,108.94999694824219,94.13999938964844,65.55000305175781,47.08700180053711,37.06999969482422,134.1300048828125,124.5999984741211,57.90999984741211,172.5399932861328,100.44999694824219,508.67999267578125,39.15999984741211,121.12000274658203,47.2400016784668,41.8650016784668,35.38999938964844,135.42999267578125,103.66000366210938,138.5500030517578,109.23999786376953,232.91000366210938,673.3400268554688,88.5999984741211,31.260000228881836,62.369998931884766,47.22999954223633,110.19999694824219,155.7100067138672,50.90999984741211,122.83000183105469,339.1600036621094,33.22999954223633,161.3000030517578,154.41000366210938,455.0,122.08000183105469,106.05999755859375,92.86000061035156,64.25,45.0620002746582,36.36000061035156,131.13999938964844,120.2300033569336,56.689998626708984,167.93333435058594,97.05000305175781,500.5299987792969,38.279998779296875,119.08999633789062,46.209999084472656,41.43000030517578,35.04999923706055,133.47000122070312,102.36000061035156,138.83999633789062,114.95999908447266,233.80999755859375,697.0,89.25399780273438,31.329999923706055,62.45000076293945,47.38999938964844,110.5,156.16000366210938,51.18000030517578,124.30000305175781,339.1600036621094,33.70000076293945,161.94000244140625,154.52999877929688,455.1499938964844,123.0,106.55000305175781,93.11000061035156,64.4000015258789,46.50699996948242,36.400001525878906,132.25999450683594,123.5199966430664,57.650001525878906,171.94332885742188,98.55000305175781,506.6600036621094,38.560001373291016,120.0,46.369998931884766,41.6349983215332,35.060001373291016,133.57000732421875,102.54000091552734,7009800,76340400,3741300,2918800,28268000,42128800,9257500,17647200,6702300,5866600,8133600,2629500,3915000,37878000,21892900,9935900,2624200,3143100,8073000,9541800,12745100,537865000,22358400,3554400,9148600,9963500,5085600,22810200,2963100,19108600,3947000,18927200,35449800,45591500,12650200,15740200
2023-07-21,130.5165252685547,110.94999694824219,214.1527099609375,675.7066040039062,86.63484954833984,29.820594787597656,56.798458099365234,42.64619064331055,103.05357360839844,139.85617065429688,47.547054290771484,112.87825775146484,329.5238342285156,33.34042739868164,156.8175811767578,145.7071533203125,452.29742431640625,118.31617736816406,101.37205505371094,85.43848419189453,64.9344253540039,44.27438735961914,31.03218650817871,121.11161041259766,117.28530883789062,52.17582702636719,166.94056701660156,93.4242935180664,479.4715270996094,33.91382598876953,112.79290771484375,42.6452751159668,38.56435012817383,33.74443817138672,130.1338348388672,93.9790267944336,143.74000549316406,110.94999694824219,234.82000732421875,693.3599853515625,89.67500305175781,31.979999542236328,64.68000030517578,47.04999923706055,112.88999938964844,158.69000244140625,52.2599983215332,124.61000061035156,351.9599914550781,34.02000045776367,170.19000244140625,154.9499969482422,462.0400085449219,125.81999969482422,110.38999938964844,94.01000213623047,65.6500015258789,44.308998107910156,37.400001525878906,134.25999450683594,124.72000122070312,56.0099983215332,170.22332763671875,97.25,506.5299987792969,38.41999816894531,122.98999786376953,45.959999084472656,42.150001525878906,35.2599983215332,136.24000549316406,103.88999938964844,144.17999267578125,112.30000305175781,236.3800048828125,697.8599853515625,91.11499786376953,32.11000061035156,64.79000091552734,47.599998474121094,113.19999694824219,158.8300018310547,52.470001220703125,124.68000030517578,355.0799865722656,34.25,170.82000732421875,156.13999938964844,467.0400085449219,126.16000366210938,110.62000274658203,94.4000015258789,66.16000366210938,45.86600112915039,37.43000030517578,134.97999572753906,126.66000366210938,56.61000061035156,171.81333923339844,97.98999786376953,510.4100036621094,39.22999954223633,123.27999877929688,47.209999084472656,42.16999816894531,35.459999084472656,136.66000366210938,104.37999725341797,141.94000244140625,109.54000091552734,232.77999877929688,689.27001953125,89.38300323486328,31.420000076293945,63.7599983215332,46.81999969482422,111.8499984741211,157.05999755859375,51.27000045776367,123.23999786376953,346.7799987792969,33.41999816894531,168.17999267578125,154.69000244140625,461.9700012207031,123.95999908447266,108.37999725341797,93.05999755859375,64.33999633789062,44.099998474121094,36.79999923706055,131.9600067138672,121.37999725341797,54.70000076293945,169.27000427246094,96.33000183105469,504.5199890136719,38.369998931884766,120.7300033569336,45.95000076293945,41.665000915527344,35.16999816894531,134.77999877929688,103.26000213623047,142.1999969482422,110.97000122070312,233.77000427246094,695.3099975585938,90.4489974975586,31.8700008392334,63.88999938964844,47.540000915527344,112.16999816894531,157.52999877929688,51.63999938964844,124.0199966430664,351.7799987792969,33.72999954223633,168.17999267578125,155.8000030517578,465.4100036621094,125.0,108.7300033569336,94.2699966430664,65.29000091552734,45.78799819946289,36.79999923706055,134.5800018310547,121.93000030517578,55.81999969482422,170.5366668701172,97.87999725341797,505.04998779296875,39.20000076293945,121.66000366210938,47.18000030517578,41.935001373291016,35.439998626708984,135.00999450683594,104.16000366210938,5654300,76815400,9381100,2524100,74287000,70872400,9898100,18251600,4957000,8760100,9921900,2246800,3217400,79737000,12080000,10636400,2226700,2587400,8194000,6298600,24540200,963769000,24149700,3582200,23704100,16639900,2527800,15381200,2887300,16354800,3556400,16215400,31529000,30615700,11308900,17121500
2023-07-24,130.00804138183594,110.61000061035156,214.69992065429688,667.052734375,87.10240936279297,30.445354461669922,56.84236145019531,43.1990966796875,104.72412872314453,142.61468505859375,48.302207946777344,114.27325439453125,336.04962158203125,32.958221435546875,157.63768005371094,148.57522583007812,449.6347961425781,120.73289489746094,99.90276336669922,86.03831481933594,64.76627349853516,44.57715606689453,31.123451232910156,122.32038116455078,116.7022705078125,53.11668395996094,166.9340362548828,94.38497161865234,481.50665283203125,34.655311584472656,115.28739166259766,43.07209396362305,39.18650436401367,34.069820404052734,129.8472900390625,95.45352935791016,143.17999267578125,110.61000061035156,235.4199981689453,684.47998046875,90.15899658203125,32.650001525878906,64.7300033569336,47.65999984741211,114.72000122070312,161.82000732421875,53.09000015258789,126.1500015258789,358.92999267578125,33.630001068115234,171.0800018310547,158.0,459.32000732421875,128.38999938964844,108.79000091552734,94.66999816894531,65.4800033569336,44.61199951171875,37.5099983215332,135.60000610351562,124.0999984741211,57.02000045776367,170.21665954589844,98.25,508.67999267578125,39.2599983215332,125.70999908447266,46.41999816894531,42.83000183105469,35.599998474121094,135.94000244140625,105.5199966430664,144.42999267578125,111.30999755859375,236.1300048828125,688.75,90.54399871826172,32.849998474121094,65.37999725341797,47.84000015258789,115.69999694824219,164.0399932861328,53.58000183105469,127.43000030517578,361.6199951171875,34.459999084472656,173.82000732421875,158.7899932861328,465.6400146484375,129.92999267578125,110.33999633789062,95.4000015258789,66.63999938964844,45.10900115966797,37.79999923706055,136.94000244140625,125.5999984741211,57.09000015258789,171.42666625976562,98.2699966430664,509.7799987792969,39.43000030517578,127.88999938964844,46.83000183105469,43.13999938964844,35.709999084472656,136.85000610351562,106.16000366210938,142.83999633789062,108.55000305175781,233.9199981689453,680.8499755859375,89.4229965209961,31.979999542236328,64.69999694824219,46.97999954223633,113.4000015258789,160.00999450683594,52.380001068115234,124.80999755859375,352.0,33.560001373291016,170.99000549316406,154.72999572753906,457.6700134277344,126.22000122070312,108.5,93.69999694824219,65.22000122070312,44.040000915527344,37.369998931884766,133.42999267578125,123.16999816894531,55.91999816894531,169.3333282470703,96.77999877929688,504.57000732421875,38.459999084472656,123.51000213623047,45.959999084472656,42.349998474121094,35.27000045776367,135.82000732421875,103.95999908447266,143.10000610351562,110.62000274658203,235.0,685.0,90.08000183105469,32.0,64.69999694824219,46.97999954223633,113.4000015258789,160.47000122070312,52.5,125.0,352.8299865722656,33.84000015258789,171.5,154.97000122070312,462.0,126.5,109.98999786376953,94.01000213623047,65.36000061035156,44.73099899291992,37.40999984741211,133.8699951171875,124.72000122070312,56.220001220703125,170.22000122070312,97.2699966430664,505.3299865722656,38.560001373291016,124.0,45.970001220703125,42.3650016784668,35.279998779296875,136.24000549316406,104.36000061035156,4468700,45583600,1771300,1145300,19992000,64548600,6886700,19006200,3999600,9722100,9024000,2598500,3517500,25225800,15155400,14381400,2190700,3079600,6045500,7259800,10272700,382516000,19414700,2910100,5859300,10596100,1544400,9054900,2279000,12796800,4398100,12053200,44539600,32299800,12034000,15090900
2023-07-25,128.6006317138672,113.0,214.5995635986328,669.8009643554688,88.68682861328125,29.97911834716797,55.99934387207031,42.68244934082031,106.05691528320312,143.26683044433594,48.584251403808594,116.40200805664062,332.0892333984375,33.4188232421875,158.84471130371094,147.4656219482422,447.8923034667969,120.93977355957031,98.74569702148438,85.81110382080078,64.96410369873047,45.6433219909668,30.75006675720215,120.46212005615234,117.61444091796875,53.91781234741211,169.74217224121094,96.37354278564453,483.6364440917969,33.41950988769531,114.21438598632812,42.19989013671875,39.39236068725586,33.84970474243164,129.7899932861328,95.59827423095703,141.6300048828125,113.0,235.30999755859375,687.2999877929688,91.79900360107422,32.150001525878906,63.77000045776367,47.09000015258789,116.18000030517578,162.55999755859375,53.400001525878906,128.5,354.70001220703125,34.099998474121094,172.38999938964844,156.82000732421875,457.5400085449219,128.61000061035156,107.52999877929688,94.41999816894531,65.68000030517578,45.67900085449219,37.060001373291016,133.5399932861328,125.06999969482422,57.880001068115234,173.0800018310547,100.31999969482422,510.92999267578125,37.86000061035156,124.54000091552734,45.47999954223633,43.05500030517578,35.369998931884766,135.8800048828125,105.68000030517578,142.92999267578125,114.05000305175781,236.57000732421875,695.3200073242188,92.31800079345703,32.790000915527344,64.6500015258789,47.779998779296875,116.5199966430664,163.50999450683594,53.79999923706055,128.69000244140625,360.82000732421875,34.34000015258789,172.67999267578125,157.72000122070312,460.9200134277344,130.11000061035156,108.72000122070312,95.56999969482422,66.0,46.18299865722656,37.720001220703125,136.07000732421875,125.9800033569336,58.119998931884766,174.11000061035156,100.88999938964844,512.5,39.31999969482422,126.66999816894531,46.63999938964844,43.30500030517578,35.58000183105469,136.42999267578125,106.08999633789062,141.32000732421875,111.0,234.27999877929688,684.9099731445312,90.06199645996094,32.06999969482422,63.75,47.060001373291016,113.9000015258789,160.66000366210938,52.86000061035156,125.62999725341797,353.9800109863281,33.400001525878906,169.75,155.9600067138672,456.6000061035156,127.13999938964844,107.31999969482422,94.41000366210938,65.08000183105469,44.92300033569336,37.04999923706055,133.3300018310547,124.19999694824219,56.77000045776367,171.1999969482422,99.11000061035156,507.2799987792969,37.779998779296875,124.0999984741211,45.43000030517578,42.54999923706055,35.34000015258789,134.85000610351562,104.54000091552734,142.39999389648438,111.13999938964844,234.36000061035156,684.9199829101562,90.06199645996094,32.7599983215332,64.5,47.4900016784668,114.37000274658203,161.91000366210938,53.0,126.18000030517578,357.4200134277344,33.70000076293945,170.4499969482422,157.3000030517578,457.760009765625,127.80000305175781,107.63999938964844,94.69999694824219,65.4000015258789,44.941001892089844,37.400001525878906,135.9600067138672,124.19999694824219,57.08000183105469,171.1999969482422,99.5199966430664,510.0,39.189998626708984,125.30000305175781,46.38999938964844,42.810001373291016,35.5,135.02999877929688,105.05999755859375,4778200,44916300,1325600,1061900,20042000,51208800,6966700,14729900,3664700,6767600,5547000,2283900,2893000,31771100,13790100,9944700,1737800,2994700,6498700,7760100,8610900,348081000,21771000,2509400,5592100,10686100,1869300,9202200,2730600,14708700,3398200,13537400,33606600,36218600,7802900,14116100
2023-07-26,128.84579467773438,110.08999633789062,214.5083465576172,666.8772583007812,86.28125762939453,30.2215633392334,55.68320846557617,43.045005798339844,106.6502914428711,142.19161987304688,48.35679626464844,117.14482879638672,334.766845703125,33.673641204833984,159.1488037109375,148.34951782226562,444.0256042480469,122.57601165771484,98.3875503540039,85.01134490966797,66.64555358886719,45.416500091552734,30.874528884887695,122.69023132324219,116.62703704833984,53.722190856933594,167.3982696533203,95.49933624267578,480.8629455566406,34.328704833984375,115.71842193603516,43.09065246582031,39.406089782714844,34.050682067871094,129.7039794921875,95.06454467773438,141.89999389648438,110.08999633789062,235.2100067138672,684.2999877929688,89.30899810791016,32.40999984741211,63.40999984741211,47.4900016784668,116.83000183105469,161.33999633789062,53.150001525878906,129.32000732421875,357.55999755859375,34.36000061035156,172.72000122070312,157.75999450683594,453.5899963378906,130.35000610351562,107.13999938964844,93.54000091552734,67.37999725341797,45.45199966430664,37.209999084472656,136.00999450683594,124.0199966430664,57.66999816894531,170.69000244140625,99.41000366210938,508.0,38.88999938964844,126.18000030517578,46.439998626708984,43.06999969482422,35.58000183105469,135.7899932861328,105.08999633789062,142.27999877929688,112.36000061035156,235.74000549316406,690.1699829101562,91.06199645996094,32.540000915527344,63.88999938964844,47.75,117.13999938964844,162.08999633789062,53.47999954223633,129.4199981689453,360.260009765625,34.529998779296875,173.85000610351562,158.25,455.0,131.08999633789062,108.01000213623047,95.1500015258789,67.87999725341797,46.053001403808594,37.349998474121094,137.02999877929688,125.23999786376953,58.220001220703125,172.13333129882812,100.12999725341797,515.8599853515625,39.060001373291016,127.37999725341797,46.83000183105469,43.2400016784668,35.689998626708984,136.22999572753906,105.72000122070312,140.52000427246094,109.30000305175781,232.44000244140625,677.4400024414062,88.76499938964844,32.150001525878906,62.93000030517578,47.02000045776367,115.16000366210938,160.5500030517578,52.720001220703125,126.56999969482422,354.2799987792969,33.70000076293945,171.39999389648438,156.27999877929688,446.55999755859375,127.70999908447266,106.05999755859375,93.29000091552734,65.0,44.630001068115234,36.7599983215332,133.32000732421875,122.33999633789062,57.0099983215332,168.82333374023438,98.56999969482422,506.6300048828125,38.290000915527344,123.5999984741211,46.11000061035156,42.63999938964844,35.279998779296875,134.8800048828125,104.63999938964844,141.42999267578125,111.91000366210938,233.9499969482422,679.9299926757812,90.9000015258789,32.2400016784668,63.13999938964844,47.38999938964844,115.31999969482422,160.8800048828125,52.810001373291016,126.62999725341797,354.489990234375,33.720001220703125,172.0,156.7100067138672,455.0,127.73999786376953,106.80000305175781,94.4000015258789,65.0,46.020999908447266,36.869998931884766,135.11000061035156,123.19999694824219,57.04999923706055,170.9199981689453,99.48999786376953,511.5400085449219,38.439998626708984,123.87000274658203,46.47999954223633,42.70000076293945,35.33000183105469,135.22999572753906,105.11000061035156,5006800,51721700,1576800,752200,19877000,41814600,11032200,12267900,4006300,6056400,5078800,2879000,2281600,32643200,14288200,8728600,1959800,2863700,7042700,7201100,14920600,364237000,20983700,2971400,5291800,8113500,2618700,8993500,3697200,13001200,3849500,19520900,32788000,35638700,8205300,15159600
2023-07-27,135.15643310546875,111.0999984741211,215.27444458007812,690.0908203125,86.32376098632812,29.792625427246094,53.329776763916016,43.39850997924805,105.6917724609375,140.71104431152344,47.51066970825195,116.63752746582031,331.9113464355469,33.85983657836914,160.0425567626953,146.71331787109375,445.39605712890625,121.8519287109375,96.67033386230469,84.29336547851562,70.29534912109375,45.86415100097656,30.371137619018555,120.083251953125,118.34794616699219,53.11668395996094,170.54637145996094,95.44168853759766,478.240966796875,34.26691436767578,115.0672836303711,42.46897506713867,39.154476165771484,33.620025634765625,128.7488250732422,95.3630599975586,148.85000610351562,111.0999984741211,236.0500030517578,708.1199951171875,89.35299682617188,31.950000762939453,60.72999954223633,47.880001068115234,115.77999877929688,159.66000366210938,52.220001220703125,128.75999450683594,354.510009765625,34.54999923706055,173.69000244140625,156.02000427246094,454.989990234375,129.5800018310547,105.2699966430664,92.75,71.06999969482422,45.900001525878906,36.20000076293945,133.1199951171875,125.8499984741211,57.02000045776367,173.89999389648438,99.3499984741211,505.2300109863281,38.81999969482422,125.47000122070312,45.77000045776367,42.79499816894531,35.130001068115234,134.7899932861328,105.41999816894531,151.3699951171875,115.08000183105469,238.47999572753906,720.4199829101562,90.98500061035156,32.7400016784668,62.529998779296875,49.119998931884766,117.88999938964844,162.47000122070312,53.650001525878906,130.4499969482422,360.5400085449219,35.029998779296875,174.2899932861328,158.77999877929688,458.67999267578125,131.35000610351562,107.62000274658203,94.70999908447266,72.33999633789062,47.39500045776367,37.0099983215332,137.0399932861328,127.7699966430664,58.13999938964844,177.5366668701172,101.76000213623047,510.5,39.41999816894531,128.3800048828125,47.16999816894531,43.47999954223633,35.66999816894531,136.47999572753906,106.98999786376953,144.47999572753906,110.51000213623047,234.30999755859375,703.5700073242188,88.5999984741211,31.81999969482422,60.380001068115234,47.439998626708984,115.33000183105469,159.22000122070312,52.0099983215332,128.02999877929688,354.1700134277344,34.11000061035156,172.0399932861328,155.5500030517578,452.25,128.07000732421875,105.16999816894531,92.55000305175781,69.95999908447266,45.75,36.18000030517578,132.8000030517578,124.91999816894531,56.81999969482422,172.92666625976562,98.91000366210938,503.1300048828125,38.7400016784668,124.91000366210938,45.58000183105469,42.67499923706055,35.08000183105469,134.75999450683594,104.73999786376953,144.47999572753906,111.79000091552734,234.47999572753906,714.9400024414062,90.8499984741211,32.43000030517578,61.0,47.599998474121094,117.33999633789062,162.08999633789062,53.599998474121094,130.0,358.1300048828125,34.81999969482422,172.17999267578125,157.77000427246094,453.32000732421875,130.67999267578125,107.23999786376953,93.6500015258789,70.4800033569336,46.51900100708008,36.849998474121094,136.8699951171875,126.55999755859375,57.970001220703125,175.1300048828125,101.5,508.57000732421875,39.09000015258789,127.51000213623047,46.560001373291016,43.30500030517578,35.58000183105469,135.99000549316406,106.0,13664400,70678000,2439600,1488800,21922000,45529500,22625400,25162700,4568500,6470100,7478600,3090800,2010800,58890800,12446400,10778400,1883500,3027200,9813100,8427800,25068300,455976000,25346300,2462800,7917900,7791900,3826500,8049800,3028300,16144800,4422400,19509600,35550600,44072800,8800800,17677900
2023-07-28,136.97239685058594,112.95999908447266,215.56626892089844,700.0798950195312,86.92853546142578,29.745996475219727,53.92692184448242,42.97249221801758,105.82870483398438,140.01478576660156,48.22032928466797,118.3948745727539,330.71295166015625,36.09429168701172,160.77047729492188,147.5502471923828,448.8124694824219,123.96775817871094,97.65291595458984,83.99067687988281,70.42393493652344,46.71348190307617,30.262073516845703,122.23017883300781,121.76156616210938,53.23778533935547,174.26979064941406,96.89228820800781,476.044921875,34.902469635009766,118.36881256103516,42.81229019165039,39.27342224121094,33.687015533447266,129.13088989257812,94.22327423095703,150.85000610351562,112.95999908447266,236.3699951171875,718.3699951171875,89.97899627685547,31.899999618530273,61.40999984741211,47.40999984741211,115.93000030517578,158.8699951171875,53.0,130.6999969482422,353.2300109863281,36.83000183105469,174.47999572753906,156.91000366210938,458.4800109863281,131.8300018310547,106.33999633789062,91.56999969482422,71.19999694824219,46.75,36.06999969482422,135.5,129.47999572753906,57.150001525878906,177.69667053222656,100.86000061035156,502.9100036621094,39.540000915527344,129.07000732421875,46.13999938964844,42.92499923706055,35.20000076293945,135.19000244140625,104.16000366210938,151.75999450683594,114.86000061035156,238.17999267578125,721.5,90.35600280761719,32.15999984741211,61.5,48.36000061035156,116.30000305175781,159.0,53.02000045776367,130.89999389648438,356.5,36.9900016784668,175.36000061035156,157.60000610351562,459.57000732421875,131.94000244140625,106.6500015258789,92.5999984741211,72.12999725341797,47.027000427246094,36.45000076293945,136.0800018310547,129.9199981689453,57.439998626708984,178.3000030517578,100.98999786376953,507.4800109863281,39.54999923706055,129.55999755859375,46.22999954223633,42.935001373291016,35.41999816894531,135.4199981689453,105.16000366210938,148.55999755859375,112.44000244140625,235.08999633789062,709.6900024414062,89.3949966430664,31.709999084472656,60.04999923706055,47.09000015258789,114.66999816894531,156.50999450683594,52.08000183105469,127.75,351.6099853515625,35.5099983215332,173.22999572753906,156.44000244140625,451.7799987792969,129.67999267578125,105.23999786376953,91.08999633789062,70.66000366210938,46.38100051879883,36.02000045776367,133.02000427246094,127.55999755859375,56.63999938964844,175.47999572753906,99.77999877929688,497.2799987792969,38.75,125.93000030517578,45.56999969482422,42.29999923706055,35.0099983215332,134.4199981689453,102.31999969482422,149.9199981689453,113.37999725341797,236.82000732421875,714.4299926757812,89.93199920654297,32.150001525878906,60.79999923706055,48.31999969482422,115.73999786376953,158.41000366210938,52.54999923706055,129.30999755859375,356.1099853515625,36.75,174.0,157.27999877929688,455.1300048828125,130.08999633789062,105.43000030517578,92.45999908447266,71.58000183105469,46.667999267578125,36.349998474121094,134.55999755859375,128.3000030517578,57.119998931884766,177.2133331298828,100.11000061035156,505.2099914550781,39.189998626708984,126.73999786376953,46.04999923706055,42.76499938964844,35.40999984741211,135.1999969482422,105.11000061035156,8000300,55526000,1889500,949800,18791000,33296500,11593100,20871700,3138800,6542300,5559400,3131900,1827400,90863000,14138800,9103800,1437600,2556500,6903800,5798400,11932900,331194000,24054100,1736400,11762200,7019900,2821500,6758700,2930000,11512000,2958600,12616400,34627800,32422700,6897600,17566400
2023-07-31,135.81927490234375,114.4000015258789,213.54165649414062,698.1697387695312,86.81840515136719,29.839244842529297,54.611873626708984,43.1990966796875,107.46273803710938,144.23629760742188,49.13013458251953,120.0525894165039,333.18463134765625,35.05546951293945,154.36656188964844,148.53758239746094,444.9653625488281,125.08677673339844,97.9375991821289,83.98150634765625,70.61185455322266,46.6925048828125,30.25368309020996,123.4840316772461,124.29120635986328,54.3463249206543,174.9922332763672,95.24956512451172,479.320068359375,35.02604293823242,118.22207641601562,42.830848693847656,40.01909637451172,33.81142807006836,128.1374969482422,97.00946044921875,149.5800018310547,114.4000015258789,234.14999389648438,716.4099731445312,89.86499786376953,32.0,62.189998626708984,47.65999984741211,117.72000122070312,163.66000366210938,54.0,132.52999877929688,355.8699951171875,35.77000045776367,167.52999877929688,157.9600067138672,454.54998779296875,133.02000427246094,106.6500015258789,91.55999755859375,71.38999938964844,46.729000091552734,36.060001373291016,136.88999938964844,132.1699981689453,58.34000015258789,178.43333435058594,99.1500015258789,506.3699951171875,39.68000030517578,128.91000366210938,46.15999984741211,43.7400016784668,35.33000183105469,134.14999389648438,107.23999786376953,150.5,114.68000030517578,236.47999572753906,722.7100219726562,90.0999984741211,32.25,62.31999969482422,48.04999923706055,118.25,163.97999572753906,54.220001220703125,132.97000122070312,357.20001220703125,37.189998626708984,170.22000122070312,159.3800048828125,459.0199890136719,133.89999389648438,106.7699966430664,92.19999694824219,71.7699966430664,47.130001068115234,36.189998626708984,137.2100067138672,132.97000122070312,58.70000076293945,178.9600067138672,99.77999877929688,507.8800048828125,39.88999938964844,131.5,46.68000030517578,43.8650016784668,35.439998626708984,135.0,107.86000061035156,147.6199951171875,112.3499984741211,233.02000427246094,712.1900024414062,89.0999984741211,31.780000686645508,61.11000061035156,47.36000061035156,116.76000213623047,160.6199951171875,53.43000030517578,131.1999969482422,354.0199890136719,35.66999816894531,166.7100067138672,157.14999389648438,450.79998779296875,131.91000366210938,105.66999816894531,91.04000091552734,70.87000274658203,46.50600051879883,35.91999816894531,135.13999938964844,129.10000610351562,57.380001068115234,177.3300018310547,98.41999816894531,499.05999755859375,39.310001373291016,128.42999267578125,45.86000061035156,43.17499923706055,35.18000030517578,133.64999389648438,105.19000244140625,150.42999267578125,114.16000366210938,236.47999572753906,721.2899780273438,89.75,31.899999618530273,61.349998474121094,47.59000015258789,117.22000122070312,161.1300048828125,53.5,131.57000732421875,354.8800048828125,36.869998931884766,169.69000244140625,157.17999267578125,459.0199890136719,132.02999877929688,106.55000305175781,91.9000015258789,71.12000274658203,46.75400161743164,36.18000030517578,136.1199951171875,129.99000549316406,57.56999969482422,178.34666442871094,99.18000030517578,503.0,39.75,130.17999267578125,46.34000015258789,43.29999923706055,35.27000045776367,134.9499969482422,105.19000244140625,9109200,54187300,2826600,789100,14952000,29093400,11700600,14377200,4126100,13056300,6926000,2803900,1385500,55630700,22632700,8892700,2110200,4066100,7397500,5242900,11193800,251055000,40265200,2478300,11029600,8278400,1628400,8647900,2441600,12237800,4358800,11696600,36266400,28627000,9735900,24197000
2023-08-01,134.8749542236328,117.5999984741211,211.6903076171875,692.205078125,88.88102722167969,29.484907150268555,54.03229522705078,42.6643180847168,107.15237426757812,143.0377197265625,48.8390007019043,119.34603881835938,334.9167175292969,35.08486557006836,155.61972045898438,147.80410766601562,443.5361633300781,126.89225006103516,96.67949676513672,83.41283416748047,69.98872375488281,46.47067642211914,29.876140594482422,122.1670150756836,124.20657348632812,53.66630172729492,175.10340881347656,94.52906799316406,477.7771301269531,34.16981506347656,118.09367370605469,42.413299560546875,39.83152389526367,33.81142807006836,127.46888732910156,96.44860076904297,148.5399932861328,117.5999984741211,232.1199951171875,708.7100219726562,92.0,31.6200008392334,61.529998779296875,47.06999969482422,117.37999725341797,162.3000030517578,53.68000030517578,131.75,357.7200012207031,35.79999923706055,168.88999938964844,157.17999267578125,453.0899963378906,134.94000244140625,105.27999877929688,90.94000244140625,70.76000213623047,46.50699996948242,35.61000061035156,135.42999267578125,132.0800018310547,57.61000061035156,178.54666137695312,98.4000015258789,504.739990234375,38.709999084472656,128.77000427246094,45.709999084472656,43.53499984741211,35.33000183105469,133.4499969482422,106.62000274658203,150.8699951171875,118.19000244140625,235.3800048828125,712.5,92.06199645996094,31.940000534057617,62.56999969482422,47.470001220703125,117.83000183105469,163.63999938964844,53.939998626708984,132.0500030517578,357.8699951171875,36.02000045776367,169.08999633789062,158.0,457.3699951171875,135.0,109.5999984741211,91.43000030517578,71.08000183105469,46.900001525878906,36.91999816894531,136.6999969482422,132.38999938964844,58.220001220703125,178.92333984375,99.19000244140625,510.0400085449219,39.52000045776367,129.8699951171875,46.15999984741211,43.65999984741211,35.36000061035156,134.3300018310547,107.31999969482422,147.83999633789062,113.16000366210938,230.58999633789062,705.5399780273438,89.7699966430664,31.420000076293945,61.18000030517578,46.810001373291016,116.19000244140625,160.5500030517578,53.060001373291016,130.16000366210938,353.3900146484375,35.279998779296875,166.05999755859375,156.14999389648438,451.45001220703125,131.2100067138672,105.13999938964844,90.62999725341797,69.88999938964844,46.027000427246094,35.369998931884766,134.22000122070312,130.24000549316406,56.97999954223633,176.25332641601562,98.08999633789062,502.489990234375,38.470001220703125,127.37999725341797,45.34000015258789,43.064998626708984,35.13999938964844,133.1199951171875,105.52999877929688,150.0,114.26000213623047,234.92999267578125,711.4500122070312,89.89800262451172,31.84000015258789,62.31999969482422,47.33000183105469,117.26000213623047,163.63999938964844,53.65999984741211,131.5399932861328,354.0,35.81999969482422,166.3699951171875,157.42999267578125,455.3500061035156,131.7899932861328,109.5999984741211,91.19999694824219,71.0,46.459999084472656,35.880001068115234,136.2100067138672,131.9199981689453,58.02000045776367,176.8000030517578,99.13999938964844,507.5,39.439998626708984,128.52999877929688,46.0099983215332,43.564998626708984,35.2599983215332,133.83999633789062,106.94999694824219,4409600,95279300,1843400,555100,19683000,32712000,9227600,15219100,3308200,7531400,7363700,2587300,2024300,24702200,15810300,6853900,1738200,3491300,10009200,4468500,13141100,237858000,40931600,2442400,7128700,6930400,1343400,6428500,2161200,11884300,3344700,12699200,35766000,26480300,10555300,14177400
2023-08-02,135.63766479492188,109.3499984741211,210.130859375,667.1524658203125,86.2049331665039,29.083940505981445,54.22549819946289,41.9754524230957,105.5183334350586,140.77272033691406,45.25432586669922,117.7970199584961,328.71875,33.70303726196289,156.5595703125,146.13031005859375,444.8968505859375,127.76681518554688,97.065185546875,81.92691040039062,67.42696380615234,44.23442077636719,29.65800666809082,120.9853286743164,121.56407928466797,53.535884857177734,168.40184020996094,91.93527221679688,477.8338928222656,33.92266082763672,116.76252746582031,41.847293853759766,39.31001663208008,33.52431869506836,127.55484008789062,95.24546813964844,149.3800048828125,109.3499984741211,230.41000366210938,683.0599975585938,89.2300033569336,31.190000534057617,61.75,46.310001373291016,115.58999633789062,159.72999572753906,49.7400016784668,130.0399932861328,351.1000061035156,34.38999938964844,169.91000366210938,155.39999389648438,454.4800109863281,135.8699951171875,105.69999694824219,89.31999969482422,68.16999816894531,44.26900100708008,35.349998474121094,134.1199951171875,129.27000427246094,57.470001220703125,171.7133331298828,95.69999694824219,504.79998779296875,38.43000030517578,126.30999755859375,45.099998474121094,42.96500015258789,35.029998779296875,133.5399932861328,105.29000091552734,150.57000732421875,119.5,233.02999877929688,695.9400024414062,91.30000305175781,31.280000686645508,62.33000183105469,46.68000030517578,117.54000091552734,161.22000122070312,52.02000045776367,131.82000732421875,354.989990234375,35.18000030517578,171.24000549316406,155.69000244140625,461.6400146484375,137.4199981689453,108.13999938964844,90.13999938964844,69.8499984741211,45.84000015258789,35.88999938964844,134.6199951171875,131.5800018310547,57.66999816894531,176.32666015625,97.5,510.4700012207031,38.5099983215332,129.16000366210938,45.16999816894531,43.459999084472656,35.15999984741211,134.38999938964844,106.37999725341797,148.11000061035156,107.37999725341797,228.6999969482422,682.0800170898438,89.02899932861328,30.780000686645508,61.02000045776367,45.95000076293945,114.91000366210938,158.05999755859375,49.38999938964844,128.67999267578125,348.8699951171875,34.279998779296875,168.85000610351562,153.94000244140625,451.32000732421875,133.64999389648438,104.87999725341797,88.79000091552734,67.33999633789062,43.387001037597656,35.279998779296875,132.72999572753906,128.8300018310547,56.439998626708984,170.69000244140625,95.20999908447266,502.989990234375,37.63999938964844,125.44000244140625,44.560001373291016,42.599998474121094,34.83000183105469,133.17999267578125,104.56999969482422,148.11000061035156,119.48999786376953,232.72000122070312,695.5999755859375,91.2300033569336,31.15999984741211,61.16999816894531,46.41999816894531,116.69000244140625,161.1699981689453,52.02000045776367,130.75,354.989990234375,35.150001525878906,168.85000610351562,155.55999755859375,455.2300109863281,135.1199951171875,106.02999877929688,89.5199966430664,69.75,45.83100128173828,35.630001068115234,134.1199951171875,130.1999969482422,57.220001220703125,176.27999877929688,97.5,509.69000244140625,38.0099983215332,127.33000183105469,45.099998474121094,43.2400016784668,35.029998779296875,133.47999572753906,106.26000213623047,5756400,173372000,2593500,1025400,26877000,38855100,11937800,13101100,4577800,7067100,21330900,3250400,2106600,39052000,14595600,8299400,2366600,4477300,10873500,6407400,14004400,530142000,34301600,2002400,13711100,6726900,4657800,9820900,3220500,9943800,4188700,13911700,45920000,48923800,13873000,13484100
2023-08-03,135.3380126953125,113.1500015258789,210.3953094482422,665.1500854492188,85.49774169921875,29.28908348083496,53.768856048583984,41.88481903076172,104.9706039428711,140.7198486328125,46.24602508544922,119.29170227050781,330.6473693847656,34.17344284057617,157.23223876953125,147.0236053466797,439.68902587890625,128.0959014892578,97.09274291992188,81.76181030273438,68.42593383789062,44.480228424072266,29.364356994628906,119.99305725097656,111.62416076660156,54.01096725463867,167.9703369140625,91.24360656738281,477.8907165527344,34.823028564453125,116.10618591308594,42.221351623535156,39.708011627197266,33.54345703125,126.91487884521484,96.90089416503906,149.0500030517578,113.1500015258789,230.6999969482422,681.010009765625,88.49800109863281,31.40999984741211,61.22999954223633,46.209999084472656,114.98999786376953,159.6699981689453,50.83000183105469,131.69000244140625,353.1600036621094,34.869998931884766,170.63999938964844,156.35000610351562,449.1600036621094,136.22000122070312,105.7300033569336,89.13999938964844,69.18000030517578,44.51499938964844,35.0,133.02000427246094,118.69999694824219,57.97999954223633,171.27333068847656,94.9800033569336,504.8599853515625,39.45000076293945,125.5999984741211,45.150001525878906,43.400001525878906,35.04999923706055,132.8699951171875,107.12000274658203,149.36000061035156,114.95999908447266,231.10000610351562,682.8499755859375,89.53299713134766,31.549999237060547,61.470001220703125,46.470001220703125,117.29000091552734,161.6999969482422,51.75,133.3000030517578,355.2099914550781,35.029998779296875,171.32000732421875,156.9199981689453,454.1000061035156,137.38999938964844,105.77999877929688,89.5199966430664,69.38999938964844,45.11800003051758,35.279998779296875,134.1300048828125,119.11000061035156,58.380001068115234,172.50999450683594,95.80999755859375,506.0,39.61000061035156,126.44999694824219,45.38999938964844,43.790000915527344,35.130001068115234,133.27000427246094,107.87999725341797,148.17999267578125,108.94999694824219,228.2100067138672,672.72998046875,88.10800170898438,30.8799991607666,60.45000076293945,45.709999084472656,113.01000213623047,158.85000610351562,49.88999938964844,129.89999389648438,348.6199951171875,34.130001068115234,169.6699981689453,154.35000610351562,448.260009765625,133.64999389648438,104.87000274658203,88.51000213623047,67.16000366210938,43.79999923706055,34.91999816894531,132.42999267578125,114.88999938964844,57.310001373291016,169.02333068847656,94.58000183105469,501.0400085449219,38.04999923706055,122.56999969482422,44.5099983215332,42.845001220703125,34.720001220703125,132.61000061035156,105.30000305175781,148.9600067138672,108.94999694824219,230.7899932861328,673.7999877929688,88.66200256347656,30.940000534057617,61.459999084472656,45.970001220703125,114.91000366210938,159.91000366210938,50.04999923706055,130.36000061035156,349.989990234375,34.290000915527344,169.9499969482422,155.0,450.7799987792969,135.4499969482422,105.08000183105469,88.83999633789062,67.56999969482422,43.79999923706055,35.18000030517578,133.82000732421875,116.97000122070312,57.709999084472656,169.6566619873047,94.83999633789062,502.8900146484375,38.33000183105469,125.20999908447266,44.709999084472656,43.08000183105469,34.81999969482422,133.10000610351562,105.88999938964844,4674300,90605400,2322200,920200,18281000,27933400,6878800,13467100,7285300,6680700,12952100,4302100,1840400,24817900,17424800,6084000,2414100,3716500,6039300,5137700,11075200,324176000,25676500,2173000,29239600,7387300,4354800,8571700,2442900,14718800,3445500,12145400,41630600,31861600,11863400,16280400
2023-08-04,134.1394500732422,115.81999969482422,221.86807250976562,662.2493286132812,85.17604064941406,29.186511993408203,53.1190299987793,41.912315368652344,103.8021469116211,140.40257263183594,46.21872329711914,117.57962036132812,330.70355224609375,34.56195068359375,155.75791931152344,146.71331787109375,440.0120544433594,129.72274780273438,96.42237854003906,81.44078063964844,69.14798736572266,44.64509963989258,29.381141662597656,118.58583068847656,114.25724792480469,53.722190856933594,167.70553588867188,92.37718963623047,475.8744812011719,35.1849365234375,117.29869079589844,41.9408073425293,39.76291275024414,33.40947723388672,126.46593475341797,97.1722640991211,147.72999572753906,115.81999969482422,243.27999877929688,678.0399780273438,88.16500091552734,31.299999237060547,60.4900016784668,45.709999084472656,113.70999908447266,159.30999755859375,50.79999923706055,129.8000030517578,353.2200012207031,35.13999938964844,169.0399932861328,156.02000427246094,449.489990234375,137.9499969482422,105.0,88.79000091552734,69.91000366210938,44.68000030517578,35.02000045776367,131.4600067138672,121.5,57.66999816894531,171.00332641601562,96.16000366210938,502.7300109863281,39.86000061035156,126.88999938964844,44.849998474121094,43.459999084472656,34.90999984741211,132.39999389648438,107.41999816894531,150.57000732421875,118.8499984741211,246.4199981689453,689.1500244140625,89.36199951171875,31.670000076293945,61.45000076293945,46.689998626708984,116.69000244140625,163.02000427246094,51.97999954223633,135.9199981689453,358.7300109863281,35.560001373291016,172.67999267578125,157.8000030517578,452.4700012207031,139.85000610351562,106.41999816894531,90.05000305175781,70.93000030517578,45.641998291015625,35.34000015258789,133.72000122070312,122.0,58.599998474121094,173.3800048828125,97.58000183105469,510.8999938964844,40.45000076293945,128.3800048828125,45.70000076293945,44.119998931884766,35.36000061035156,133.72999572753906,109.23999786376953,147.16000366210938,113.95999908447266,237.0,675.25,87.33699798583984,31.170000076293945,60.369998931884766,45.560001373291016,113.58000183105469,159.0399932861328,50.689998626708984,129.16000366210938,352.510009765625,34.47999954223633,167.88999938964844,155.6999969482422,446.8900146484375,136.7899932861328,104.51000213623047,88.5199966430664,69.12999725341797,44.393001556396484,34.65999984741211,130.7100067138672,117.76000213623047,57.56999969482422,169.1199951171875,95.12999725341797,501.75,39.2400016784668,125.76000213623047,44.709999084472656,43.40999984741211,34.880001068115234,132.07000732421875,107.33000183105469,148.97000122070312,114.4800033569336,237.91000366210938,685.3499755859375,88.49800109863281,31.360000610351562,61.08000183105469,45.72999954223633,115.87000274658203,160.66000366210938,51.130001068115234,135.0,353.3399963378906,34.47999954223633,170.33999633789062,156.39999389648438,449.239990234375,137.27999877929688,105.63999938964844,89.3499984741211,69.5,44.98500061035156,34.95000076293945,132.85000610351562,117.76000213623047,58.2400016784668,170.65333557128906,95.27999877929688,510.0,39.34000015258789,126.86000061035156,45.099998474121094,43.709999084472656,35.02000045776367,132.91000366210938,107.95999908447266,4231200,83169700,5181200,891600,21156000,30768100,7624800,18329500,6928700,10185400,11888800,5719600,1725300,26674900,23415100,6209400,1870400,3483600,6700700,6191700,11255500,362666000,25746500,2858600,12658700,7626900,4139400,7562600,2411200,14108500,2664700,10840800,43208200,36195700,12631200,14279600
2023-08-07,136.5002899169922,116.80999755859375,230.67787170410156,677.2711181640625,86.66478729248047,29.727346420288086,53.101463317871094,42.02235794067383,104.50504302978516,140.9137420654297,46.22782516479492,115.61392974853516,332.8944091796875,34.65047073364258,159.4989471435547,147.4091796875,444.5052185058594,131.65048217773438,97.42333221435547,81.70677185058594,68.6237564086914,45.38152313232422,29.93486976623535,119.43375396728516,112.22600555419922,54.001651763916016,169.47085571289062,92.5597152709961,483.4566345214844,35.4144401550293,119.51727294921875,42.13718795776367,39.808658599853516,33.87841796875,127.92736053466797,96.97325897216797,150.3300018310547,116.80999755859375,252.94000244140625,693.4199829101562,89.70600128173828,31.8799991607666,60.470001220703125,45.83000183105469,114.4800033569336,159.88999938964844,50.810001373291016,127.62999725341797,355.55999755859375,35.22999954223633,173.10000610351562,156.75999450683594,454.0799865722656,140.0,106.08999633789062,89.08000183105469,69.37999725341797,45.41699981689453,35.68000030517578,132.39999389648438,119.33999633789062,57.970001220703125,172.80332946777344,96.3499984741211,510.739990234375,40.119998931884766,129.2899932861328,45.060001373291016,43.5099983215332,35.400001525878906,133.92999267578125,107.19999694824219,150.8800048828125,119.08000183105469,253.82000732421875,693.4299926757812,89.73699951171875,31.899999618530273,60.7599983215332,46.2400016784668,114.5999984741211,161.3800048828125,51.349998474121094,130.44000244140625,357.6700134277344,35.54999923706055,173.33999633789062,157.6999969482422,455.0,141.6999969482422,106.27999877929688,89.70999908447266,70.2300033569336,45.540000915527344,35.849998474121094,132.8699951171875,122.73999786376953,58.40999984741211,173.02333068847656,96.94000244140625,513.5999755859375,40.25,130.2100067138672,45.459999084472656,43.79499816894531,35.459999084472656,134.05999755859375,108.41999816894531,147.8000030517578,115.48999786376953,243.4600067138672,684.4199829101562,88.5270004272461,31.40999984741211,60.099998474121094,45.630001068115234,113.25,159.0800018310547,50.5,127.23999786376953,353.9200134277344,34.75,169.36000061035156,156.60000610351562,450.5799865722656,138.77999877929688,104.41999816894531,88.9800033569336,68.83000183105469,44.5629997253418,34.900001525878906,131.4600067138672,117.91999816894531,57.68000030517578,171.18666076660156,95.2300033569336,504.6499938964844,39.86000061035156,126.55000305175781,44.91999816894531,43.380001068115234,35.119998931884766,132.72999572753906,106.51000213623047,148.0,116.36000061035156,244.25,690.4400024414062,88.76799774169922,31.40999984741211,60.5099983215332,45.95000076293945,114.48999786376953,161.00999450683594,50.79999923706055,130.44000244140625,355.3999938964844,35.40999984741211,169.49000549316406,156.60000610351562,453.25,139.13999938964844,105.29000091552734,89.44999694824219,69.8499984741211,45.111000061035156,35.0099983215332,132.24000549316406,122.20999908447266,57.900001525878906,172.23333740234375,96.7300033569336,505.739990234375,39.93000030517578,127.16999816894531,45.18000030517578,43.70500183105469,35.130001068115234,132.8000030517578,107.9000015258789,3800600,65854800,4076600,663500,11146000,31745200,9774000,16972000,3635100,13927400,6614000,3865100,1260300,22486900,17736400,7251800,2446400,4106300,8259100,4663300,10537500,322154000,31069100,1698600,7706500,5956400,2262900,6601400,2430900,8022300,3045800,10860300,26821600,33119300,8165600,12410800
2023-08-08,135.85560607910156,113.2300033569336,237.8460693359375,663.5482788085938,85.32191467285156,29.158540725708008,52.8292350769043,41.40801239013672,105.5183334350586,140.70220947265625,46.19143295288086,116.3114242553711,326.05975341796875,34.44392395019531,159.57261657714844,146.58168029785156,510.6015319824219,133.32435607910156,97.71720123291016,81.14727020263672,66.91261291503906,44.629112243652344,29.90131187438965,117.31391906738281,110.64616394042969,54.50468444824219,166.7738800048828,90.77288818359375,478.8372802734375,35.511539459228516,121.41231536865234,41.59481430053711,40.00536346435547,33.572174072265625,128.91122436523438,97.45269775390625,149.6199951171875,113.2300033569336,260.79998779296875,679.3699951171875,88.31600189208984,31.270000457763672,60.15999984741211,45.15999984741211,115.58999633789062,159.64999389648438,50.77000045776367,128.39999389648438,348.260009765625,35.02000045776367,173.17999267578125,155.8800048828125,521.5999755859375,141.77999877929688,106.41000366210938,88.47000122070312,67.6500015258789,44.66400146484375,35.63999938964844,130.0500030517578,117.66000366210938,58.5099983215332,170.05332946777344,94.48999786376953,505.8599853515625,40.22999954223633,131.33999633789062,44.47999954223633,43.724998474121094,35.08000183105469,134.9600067138672,107.7300033569336,151.75,115.45999908447266,263.7900085449219,680.7000122070312,89.05999755859375,31.309999465942383,60.81999969482422,45.22999954223633,115.79000091552734,159.7899932861328,50.790000915527344,128.63999938964844,352.0,35.099998474121094,173.5500030517578,155.97999572753906,538.0,142.6199951171875,107.19000244140625,88.5199966430664,68.76000213623047,45.242000579833984,36.369998931884766,130.14999389648438,117.87999725341797,58.61000061035156,170.24667358398438,94.9000015258789,508.1700134277344,40.31999969482422,131.97999572753906,44.54999923706055,43.744998931884766,35.11000061035156,135.1300048828125,107.75,148.9199981689453,111.41000366210938,256.5,670.4600219726562,87.33999633789062,30.479999542236328,59.709999084472656,44.13999938964844,111.30000305175781,156.22000122070312,48.849998474121094,124.76000213623047,342.0299987792969,33.86000061035156,171.38999938964844,152.58999633789062,502.7099914550781,137.57000732421875,105.69000244140625,86.26000213623047,66.95999908447266,44.055999755859375,35.38999938964844,125.2699966430664,115.95999908447266,56.08000183105469,167.77333068847656,93.66999816894531,500.0199890136719,37.7400016784668,126.05000305175781,43.380001068115234,42.48500061035156,34.66999816894531,134.0399932861328,104.83999633789062,150.77999877929688,114.94000244140625,257.5199890136719,675.3099975585938,89.00900268554688,31.299999237060547,60.689998626708984,45.02000045776367,112.6500015258789,157.94000244140625,49.66999816894531,125.52999877929688,351.70001220703125,34.66999816894531,172.99000549316406,154.32000732421875,506.0,138.55999755859375,105.69000244140625,87.8499984741211,68.69999694824219,44.85300064086914,36.369998931884766,129.0800018310547,117.0,56.79999923706055,170.10333251953125,94.87999725341797,503.0,37.7400016784668,127.47000122070312,43.97999954223633,42.80500030517578,34.939998626708984,134.77999877929688,106.04000091552734,4013400,54141800,5321600,746700,14081000,45951800,12497800,18524500,4281300,6451300,6899400,2958900,1917300,34753600,27378700,8623400,15094500,4232200,10152200,6921200,14767800,353843000,25225500,2825700,8934600,7751000,2767500,7659000,2422600,15354100,4119000,14520000,37237200,37254800,12601200,14065600
2023-08-09,136.89979553222656,110.47000122070312,236.49636840820312,656.8284912109375,82.18885803222656,28.776222229003906,53.23318862915039,40.74783706665039,106.29427337646484,140.88726806640625,46.573551177978516,118.49452209472656,320.8448181152344,33.716094970703125,159.47132873535156,144.6163330078125,515.1338500976562,135.45895385742188,97.43252563476562,80.31259155273438,65.97297668457031,42.52075958251953,30.069103240966797,114.8783187866211,109.62113189697266,55.43623352050781,163.7140350341797,90.28295135498047,475.28759765625,34.99957275390625,123.82503509521484,40.88410949707031,40.50857925415039,33.323341369628906,128.8730010986328,99.10812377929688,150.77000427246094,110.47000122070312,259.32000732421875,672.489990234375,85.072998046875,30.860000610351562,60.619998931884766,44.439998626708984,116.44000244140625,159.86000061035156,51.189998626708984,130.80999755859375,342.69000244140625,34.279998779296875,173.07000732421875,153.7899932861328,526.22998046875,144.0500030517578,106.0999984741211,87.55999755859375,66.69999694824219,42.55400085449219,35.84000015258789,127.3499984741211,116.56999969482422,59.5099983215332,166.93333435058594,93.9800033569336,502.1099853515625,39.650001525878906,133.9499969482422,43.720001220703125,44.275001525878906,34.81999969482422,134.9199981689453,109.55999755859375,152.05999755859375,113.1500015258789,263.7699890136719,683.989990234375,88.35299682617188,31.280000686645508,60.95000076293945,45.189998626708984,118.83999633789062,161.44000244140625,51.9900016784668,132.0800018310547,348.4599914550781,35.099998474121094,174.25,155.52000427246094,532.530029296875,146.55999755859375,106.79000091552734,89.01000213623047,67.97000122070312,44.3120002746582,36.060001373291016,130.0,118.11000061035156,60.119998931884766,170.00332641601562,95.8499984741211,505.7300109863281,40.33000183105469,135.66000366210938,44.25,44.68000030517578,35.15999984741211,135.64999389648438,110.41999816894531,149.91000366210938,108.77999877929688,259.1199951171875,670.6400146484375,84.87200164794922,30.829999923706055,59.75,44.40999984741211,116.30000305175781,159.30999755859375,50.83000183105469,129.38999938964844,342.489990234375,34.22999954223633,172.0500030517578,153.47000122070312,516.8900146484375,142.32000732421875,105.79000091552734,87.47000122070312,66.62000274658203,42.13399887084961,35.5099983215332,127.29000091552734,116.5199966430664,58.689998626708984,166.59666442871094,93.70999908447266,500.8800048828125,39.59000015258789,131.36000061035156,43.56999969482422,43.875,34.779998779296875,134.75,108.30999755859375,150.49000549316406,112.88999938964844,259.9200134277344,679.75,88.27200317382812,31.219999313354492,59.79999923706055,45.02000045776367,116.7300033569336,160.86000061035156,51.38999938964844,129.6199951171875,346.82000732421875,35.0,173.0,155.32000732421875,520.3699951171875,143.0,106.2699966430664,88.47000122070312,67.77999877929688,44.27399826049805,35.599998474121094,128.8300018310547,117.2300033569336,59.0,169.93666076660156,95.83000183105469,504.0,39.88999938964844,132.39999389648438,44.220001220703125,44.150001525878906,35.060001373291016,134.83999633789062,108.70999908447266,3737100,56257100,2428100,685200,24672000,30732100,7705300,13957100,4818800,10531500,7379700,3389200,1326000,28720200,42974400,6277800,5376600,4779300,6479500,5200500,10043200,586449000,17210500,1729500,5642500,11975900,3228000,6426900,1916900,10583700,3898000,11973800,52085600,38304200,9833600,19919600
2023-08-10,137.50816345214844,110.2300033569336,238.9951934814453,662.024658203125,81.43240356445312,28.85082244873047,53.82154083251953,40.65614318847656,105.73741912841797,141.74217224121094,46.18233108520508,118.71192932128906,318.7007751464844,34.10951614379883,158.6420135498047,144.40005493164062,510.34710693359375,136.61558532714844,96.94581604003906,80.38597106933594,64.72673034667969,42.354896545410156,29.96843147277832,115.54585266113281,108.71836853027344,54.88662338256836,163.05369567871094,91.0706787109375,476.5844421386719,34.858341217041016,124.66625213623047,40.83734130859375,40.50400161743164,33.35205078125,128.78701782226562,99.61469268798828,151.44000244140625,110.2300033569336,262.05999755859375,677.8099975585938,84.29000091552734,30.940000534057617,61.290000915527344,44.34000015258789,115.83000183105469,160.8300018310547,50.7599983215332,131.0500030517578,340.3999938964844,34.68000030517578,172.1699981689453,153.55999755859375,521.3400268554688,145.27999877929688,105.56999969482422,87.63999938964844,65.44000244140625,42.38800048828125,35.720001220703125,128.08999633789062,115.61000061035156,58.91999816894531,166.25999450683594,94.80000305175781,503.4800109863281,39.4900016784668,134.86000061035156,43.66999816894531,44.27000045776367,34.849998474121094,134.8300018310547,110.12000274658203,152.83999633789062,113.88999938964844,264.7799987792969,695.3200073242188,86.1500015258789,31.31999969482422,61.95000076293945,44.9900016784668,117.58999633789062,162.47999572753906,51.7400016784668,132.36000061035156,347.260009765625,35.09000015258789,175.97000122070312,155.44000244140625,528.739990234375,147.52000427246094,107.04000091552734,88.93000030517578,67.45999908447266,43.57400131225586,36.09000015258789,129.80999755859375,118.38999938964844,59.95000076293945,170.05332946777344,95.97000122070312,512.0399780273438,40.150001525878906,136.94000244140625,44.38999938964844,44.845001220703125,35.2599983215332,136.52999877929688,111.62999725341797,150.57000732421875,109.47000122070312,260.4599914550781,676.1199951171875,83.70700073242188,30.799999237060547,60.95000076293945,44.25,115.16000366210938,159.6199951171875,50.2400016784668,129.75999450683594,339.79998779296875,34.47999954223633,171.63999938964844,153.08999633789062,519.989990234375,144.27000427246094,105.41999816894531,87.31999969482422,64.93000030517578,41.834999084472656,35.599998474121094,127.25,115.06999969482422,58.34000015258789,165.1300048828125,94.27999877929688,502.7799987792969,39.40999984741211,133.61000061035156,43.619998931884766,43.970001220703125,34.7599983215332,134.69000244140625,109.44000244140625,151.1999969482422,111.30000305175781,261.5400085449219,688.1900024414062,85.31199645996094,31.010000228881836,61.09000015258789,44.709999084472656,116.29000091552734,160.3300018310547,51.31999969482422,131.0,344.07000732421875,34.70000076293945,174.0,154.3800048828125,523.469970703125,145.00999450683594,106.20999908447266,87.91000366210938,67.05999755859375,42.15999984741211,35.81999969482422,128.0399932861328,117.68000030517578,59.38999938964844,168.26666259765625,95.44999694824219,504.4700012207031,39.939998626708984,134.7100067138672,44.0,44.34000015258789,35.0,135.25,110.19000244140625,3275800,57297800,1919200,913900,20186000,26062600,23791600,12112300,3589300,8647100,6296900,2342900,1345900,30957300,48213800,5995100,4108500,4137200,6525700,4250100,12775300,492705000,18955200,1657700,6224500,8857100,3831600,7459600,2179700,10206500,3738700,11982200,39226600,38097500,9541700,15837200
2023-08-11,138.1800537109375,107.56999969482422,239.40560913085938,646.3679809570312,80.16294860839844,29.177188873291016,53.768856048583984,40.867034912109375,107.54489135742188,144.6681365966797,45.86389923095703,119.8714370727539,319.0097351074219,34.31605911254883,160.19000244140625,145.2369842529297,517.1407470703125,140.8190155029297,98.66304779052734,80.44100952148438,63.66837692260742,40.82309341430664,30.236906051635742,117.21467590332031,107.77796173095703,55.566654205322266,159.10140991210938,88.37123107910156,480.87249755859375,34.83185577392578,128.54879760742188,40.89345932006836,41.12615966796875,33.41904830932617,129.58937072753906,101.16156768798828,152.17999267578125,107.56999969482422,262.510009765625,661.780029296875,82.97599792480469,31.290000915527344,61.22999954223633,44.56999969482422,117.80999755859375,164.14999389648438,50.40999984741211,132.3300018310547,340.7300109863281,34.88999938964844,173.85000610351562,154.4499969482422,528.280029296875,149.75,107.44000244140625,87.69999694824219,64.37000274658203,40.85499954223633,36.040000915527344,129.94000244140625,114.61000061035156,59.650001525878906,162.22999572753906,91.98999786376953,508.010009765625,39.459999084472656,139.05999755859375,43.72999954223633,44.95000076293945,34.91999816894531,135.6699981689453,111.83000183105469,153.5,109.06999969482422,264.1099853515625,670.010009765625,83.63999938964844,31.399999618530273,61.72999954223633,44.619998931884766,118.05000305175781,164.1699981689453,51.18000030517578,132.8300018310547,341.7900085449219,34.95000076293945,173.9499969482422,154.52000427246094,531.8099975585938,149.75999450683594,107.70999908447266,88.19999694824219,65.30999755859375,42.018001556396484,36.279998779296875,129.9499969482422,115.45999908447266,59.93000030517578,164.3333282470703,93.5,510.6700134277344,39.90999984741211,139.30999755859375,43.849998474121094,45.0,34.97999954223633,135.8300018310547,112.06999969482422,151.72000122070312,106.4800033569336,260.8299865722656,661.27001953125,82.3479995727539,30.75,61.06999969482422,43.97999954223633,115.47000122070312,160.17999267578125,50.209999084472656,130.72999572753906,337.54998779296875,34.36000061035156,171.6199951171875,152.6300048828125,520.0,145.7100067138672,105.58999633789062,87.0199966430664,64.06999969482422,40.638999938964844,35.59000015258789,127.19000244140625,113.72000122070312,58.72999954223633,161.93666076660156,91.97000122070312,504.25,39.13999938964844,135.22000122070312,43.380001068115234,44.2400016784668,34.65999984741211,134.47000122070312,110.05000305175781,151.9499969482422,108.8499984741211,261.70001220703125,666.7999877929688,83.4010009765625,30.799999237060547,61.529998779296875,44.040000915527344,115.9800033569336,160.5,50.47999954223633,130.8300018310547,339.92999267578125,34.459999084472656,172.47999572753906,153.02999877929688,523.719970703125,145.72000122070312,105.94999694824219,87.05999755859375,64.9000015258789,41.750999450683594,35.619998931884766,127.3499984741211,114.12999725341797,58.84000015258789,164.22000122070312,93.5,505.6300048828125,39.189998626708984,135.30999755859375,43.5099983215332,44.25,34.7400016784668,134.7899932861328,110.37000274658203,3454800,55667700,1560600,806000,20331000,35720700,16836200,11973200,3771600,6682600,9473100,1845500,1256800,28783700,45905600,5180700,2524300,4396000,5904300,3922300,11823100,533085000,16609400,1203400,5712500,7092000,3882000,10658400,2029600,8582900,3420600,7316000,46689200,27518700,7674400,14047000
2023-08-14,138.2618408203125,111.9800033569336,238.0011444091797,651.0269165039062,82.51444244384766,28.84149742126465,54.11133575439453,40.43608093261719,107.43535614013672,144.5623779296875,45.75471878051758,119.1014633178711,316.2103271484375,35.09306335449219,159.81224060058594,145.5378875732422,527.7847290039062,139.68116760253906,100.0129623413086,80.10163116455078,67.53575897216797,43.71881866455078,30.262073516845703,114.81517028808594,107.22313690185547,55.445552825927734,163.691162109375,89.40873718261719,483.6364440917969,34.178646087646484,126.18229675292969,40.90281295776367,40.95232009887695,33.35205078125,129.9810028076172,101.24297332763672,152.27000427246094,111.9800033569336,260.9700012207031,666.5499877929688,85.41000366210938,30.93000030517578,61.619998931884766,44.099998474121094,117.69000244140625,164.02999877929688,50.290000915527344,131.47999572753906,337.739990234375,35.68000030517578,173.44000244140625,154.77000427246094,538.0,148.5399932861328,108.91000366210938,87.33000183105469,68.27999877929688,43.75299835205078,36.06999969482422,127.27999877929688,114.0199966430664,59.52000045776367,166.91000366210938,93.06999969482422,510.92999267578125,38.720001220703125,136.5,43.7400016784668,44.7599983215332,34.849998474121094,136.0800018310547,111.91999816894531,153.13999938964844,111.98999786376953,263.4700012207031,666.739990234375,85.41799926757812,31.110000610351562,61.88999938964844,44.40999984741211,117.77999877929688,164.25,50.29999923706055,132.14999389648438,338.45001220703125,35.709999084472656,175.60000610351562,154.9199981689453,542.2999877929688,149.6999969482422,109.43000030517578,87.4000015258789,68.4800033569336,43.79999923706055,36.5099983215332,129.36000061035156,114.5199966430664,59.79999923706055,166.9499969482422,93.29000091552734,513.5,39.11000061035156,138.13999938964844,43.90999984741211,44.94499969482422,34.91999816894531,136.50999450683594,111.9800033569336,151.57000732421875,105.41999816894531,259.8500061035156,648.7100219726562,82.73799896240234,30.75,61.209999084472656,43.97999954223633,116.30000305175781,162.61000061035156,49.61000061035156,130.4600067138672,334.8599853515625,34.470001220703125,171.75,152.9199981689453,529.25,147.52999877929688,107.30999755859375,86.5199966430664,64.19999694824219,40.31100082397461,35.81999969482422,126.45999908447266,112.80999755859375,59.08000183105469,161.0500030517578,91.30000305175781,508.25,38.540000915527344,135.1999969482422,43.27000045776367,44.459999084472656,34.689998626708984,135.57000732421875,110.77999877929688,153.02000427246094,106.75,262.2200012207031,652.9500122070312,83.11299896240234,31.049999237060547,61.349998474121094,44.08000183105469,117.16999816894531,163.77000427246094,50.15999984741211,132.07000732421875,337.4100036621094,34.66999816894531,173.52000427246094,153.61000061035156,531.280029296875,149.0,107.91999816894531,86.95999908447266,64.37000274658203,40.486000061035156,35.81999969482422,128.86000061035156,113.87999725341797,59.45000076293945,161.60667419433594,91.69000244140625,509.1499938964844,39.08000183105469,137.77999877929688,43.529998779296875,44.82500076293945,34.81999969482422,135.69000244140625,111.68000030517578,2570900,57421800,1966100,957400,17688000,32563700,19536700,14280300,4252400,6060100,6192200,1438900,1347000,36896100,64036900,5044300,3981100,3440300,8427200,3637500,21954000,690286000,20295500,1371400,8537500,5736400,3127200,7489700,2127200,9536800,3410300,10677000,30189400,23773800,8723300,12973400
2023-08-15,138.12557983398438,111.3499984741211,242.59756469726562,636.5227661132812,81.39569091796875,27.918344497680664,54.22549819946289,39.62002944946289,105.90423583984375,140.34088134765625,44.75392532348633,116.98175811767578,311.0328674316406,34.19803237915039,159.35150146484375,141.83290100097656,536.240966796875,134.79483032226562,99.78338623046875,79.0284652709961,64.617919921875,43.905677795410156,29.691564559936523,111.4955825805664,105.02263641357422,54.337013244628906,160.95822143554688,88.07341003417969,479.62298583984375,33.225318908691406,121.2274398803711,39.95832061767578,40.101436614990234,32.73956298828125,129.50340270996094,98.64373016357422,152.1199951171875,111.3499984741211,266.010009765625,651.7000122070312,84.25199890136719,29.940000534057617,61.75,43.209999084472656,115.51000213623047,159.24000549316406,49.189998626708984,129.13999938964844,332.2099914550781,34.77000045776367,172.94000244140625,150.8300018310547,546.6199951171875,142.6199951171875,108.66000366210938,86.16000366210938,65.33000183105469,43.939998626708984,35.38999938964844,123.5999984741211,111.68000030517578,58.33000183105469,164.1233367919922,91.68000030517578,506.69000244140625,37.63999938964844,131.13999938964844,42.72999954223633,43.83000183105469,34.209999084472656,135.5800018310547,108.16000366210938,152.89999389648438,113.18000030517578,266.6300048828125,658.8699951171875,85.46199798583984,30.549999237060547,62.150001525878906,43.650001525878906,116.8499984741211,163.41000366210938,50.0,130.91000366210938,334.0299987792969,35.630001068115234,174.55999755859375,153.27000427246094,547.2899780273438,146.32000732421875,109.41999816894531,86.47000122070312,67.62999725341797,45.268001556396484,35.90999984741211,125.73999786376953,113.51000213623047,58.86000061035156,166.5800018310547,92.70999908447266,513.6500244140625,38.27000045776367,133.4499969482422,43.2599983215332,44.5,34.599998474121094,136.13999938964844,110.86000061035156,150.7899932861328,110.16999816894531,259.9599914550781,650.75,83.64600372314453,29.84000015258789,61.20000076293945,43.18000030517578,114.97000122070312,159.10000610351562,48.95000076293945,128.52000427246094,330.4800109863281,34.75,172.13999938964844,150.22999572753906,533.780029296875,141.72000122070312,108.41999816894531,85.72000122070312,65.31999969482422,43.709999084472656,35.36000061035156,123.19999694824219,111.4000015258789,57.869998931884766,163.93333435058594,91.48999786376953,506.2699890136719,37.529998779296875,130.24000549316406,42.52000045776367,43.75,34.16999816894531,135.42999267578125,107.97000122070312,151.57000732421875,111.98999786376953,261.32000732421875,657.9000244140625,84.9209976196289,30.5,61.529998779296875,43.650001525878906,116.5,163.39999389648438,49.93000030517578,130.75999450683594,333.29998779296875,35.40999984741211,172.8000030517578,152.85000610351562,537.72998046875,144.64999389648438,108.88999938964844,86.41000366210938,67.58999633789062,44.560001373291016,35.880001068115234,125.44000244140625,113.33999633789062,58.84000015258789,166.04666137695312,92.5199966430664,511.5799865722656,38.0,132.92999267578125,43.130001068115234,44.45000076293945,34.560001373291016,135.74000549316406,110.75,3636300,53816600,2781200,633100,14035000,43406100,14442300,17125100,4214900,7876500,7083500,1598200,1657800,27420300,88958100,10300300,2826800,5569500,5118700,9308700,13808500,676512000,20484300,2081000,6843600,6040000,2276700,6069500,1817500,11157200,4969600,13835900,44982400,57472100,9118500,14909600
2023-08-16,137.60801696777344,107.19000244140625,241.69468688964844,631.38525390625,80.47500610351562,27.312236785888672,53.50540542602539,39.097381591796875,105.1065902709961,139.80328369140625,44.144344329833984,116.49259948730469,308.1304626464844,32.978431701660156,158.84471130371094,141.23109436035156,535.8681030273438,133.64175415039062,99.84766387939453,78.87255859375,63.52000427246094,43.45203399658203,29.767074584960938,110.7107925415039,103.58383178710938,53.81534194946289,157.84283447265625,88.16947937011719,476.66015625,32.70451354980469,121.04255676269531,39.481407165527344,39.75375747680664,32.69171142578125,128.51959228515625,96.98385620117188,151.5500030517578,107.19000244140625,265.0199890136719,646.4400024414062,83.29900360107422,29.290000915527344,60.93000030517578,42.63999938964844,114.63999938964844,158.6300048828125,48.52000045776367,128.60000610351562,329.1099853515625,33.529998779296875,172.38999938964844,150.19000244140625,546.239990234375,141.39999389648438,108.7300033569336,85.98999786376953,64.22000122070312,43.486000061035156,35.47999954223633,122.7300033569336,110.1500015258789,57.77000045776367,160.94667053222656,91.77999877929688,503.55999755859375,37.04999923706055,130.94000244140625,42.220001220703125,43.45000076293945,34.15999984741211,134.5500030517578,106.33999633789062,153.60000610351562,110.44000244140625,268.239990234375,658.989990234375,85.44999694824219,29.84000015258789,61.619998931884766,43.15999984741211,116.91000366210938,161.8300018310547,49.47999954223633,131.00999450683594,332.9200134277344,34.630001068115234,174.72999572753906,150.9600067138672,552.8699951171875,145.16000366210938,109.47000122070312,86.79000091552734,65.2300033569336,44.67499923706055,35.650001525878906,123.69000244140625,111.91999816894531,58.810001373291016,164.11000061035156,92.72000122070312,510.5,37.61000061035156,133.2899932861328,42.72999954223633,44.349998474121094,34.41999816894531,135.8000030517578,109.33000183105469,151.3800048828125,106.9800033569336,264.5799865722656,646.280029296875,83.19599914550781,29.209999084472656,60.88999938964844,42.56999969482422,114.55999755859375,158.47000122070312,48.5,128.0800018310547,328.9700012207031,33.459999084472656,172.1300048828125,149.67999267578125,542.5,141.10000610351562,108.27999877929688,85.58999633789062,64.08999633789062,43.40599822998047,34.9900016784668,122.0999984741211,110.05000305175781,57.52000045776367,160.82000732421875,91.31999969482422,502.8299865722656,36.91999816894531,130.47000122070312,42.13999938964844,43.41999816894531,34.119998931884766,134.52000427246094,106.27999877929688,152.58999633789062,110.08999633789062,266.3299865722656,655.5900268554688,84.77899932861328,29.75,61.34000015258789,43.02000045776367,115.75,160.52000427246094,49.20000076293945,129.6300048828125,330.5400085449219,34.52000045776367,172.52999877929688,150.60000610351562,547.4000244140625,142.60000610351562,108.5,85.73999786376953,65.0,44.52000045776367,35.13999938964844,122.9800033569336,111.3499984741211,58.31999969482422,163.94667053222656,91.44000244140625,508.0,37.439998626708984,131.5,42.65999984741211,43.875,34.150001525878906,135.36000061035156,108.27999877929688,3214900,54327300,2244000,665300,16003000,47220400,9611100,13963600,3767200,7920500,6439900,1820000,3340300,35757300,85832700,6978200,2597100,3623300,5332900,5746300,9895400,527451000,22215600,1612400,6426700,6234300,2840100,7439500,1454100,10647600,3502600,10076700,37995400,33566500,9462400,13695100
2023-08-17,136.21876525878906,104.44000244140625,242.5773162841797,629.3341674804688,79.90597534179688,27.30291175842285,54.57674789428711,38.932342529296875,107.02278900146484,142.1434326171875,44.63564682006836,117.5162124633789,306.641845703125,32.044063568115234,160.33743286132812,139.76417541503906,527.4510498046875,134.67196655273438,100.02214050292969,78.68910217285156,62.867210388183594,43.310150146484375,30.631229400634766,111.40535736083984,103.51800537109375,53.927127838134766,156.2998504638672,88.03499603271484,467.5729675292969,32.4926643371582,122.04092407226562,39.715187072753906,40.22952651977539,32.52902603149414,127.49755096435547,98.86260986328125,150.02000427246094,104.44000244140625,263.8500061035156,644.3400268554688,82.70999908447266,29.280000686645508,62.150001525878906,42.459999084472656,116.7300033569336,159.75,49.060001373291016,129.72999572753906,327.5199890136719,32.58000183105469,174.00999450683594,148.6300048828125,537.6599731445312,142.49000549316406,108.91999816894531,85.79000091552734,63.560001373291016,43.34400177001953,36.5099983215332,123.5,110.08000183105469,57.88999938964844,159.3733367919922,91.63999938964844,493.9599914550781,36.810001373291016,132.02000427246094,42.470001220703125,43.970001220703125,33.9900016784668,133.47999572753906,108.4000015258789,151.91000366210938,107.8499984741211,266.5799865722656,655.77001953125,83.94200134277344,29.540000915527344,62.720001220703125,43.08000183105469,117.87999725341797,162.13999938964844,49.81999969482422,131.39999389648438,333.989990234375,33.59000015258789,175.38999938964844,151.25999450683594,548.7999877929688,145.1999969482422,110.27999877929688,86.9000015258789,64.70999908447266,44.0620002746582,36.720001220703125,124.5999984741211,111.12999725341797,59.040000915527344,161.61000061035156,92.91999816894531,501.2300109863281,37.43000030517578,134.61000061035156,42.75,44.56999969482422,34.31999969482422,134.5399932861328,110.1500015258789,149.9199981689453,104.0999984741211,263.2699890136719,642.8800048828125,82.70099639892578,29.110000610351562,61.0,42.09000015258789,116.22000122070312,158.97000122070312,48.95000076293945,129.47000122070312,324.0,32.349998474121094,172.75999450683594,148.39999389648438,537.3900146484375,142.27000427246094,108.31999969482422,85.19999694824219,63.400001525878906,43.000999450683594,35.59000015258789,122.69999694824219,109.66000366210938,57.7400016784668,158.8699951171875,91.3499984741211,491.82000732421875,36.689998626708984,131.94000244140625,42.2599983215332,43.904998779296875,33.88999938964844,133.4199981689453,107.41999816894531,151.16000366210938,107.62000274658203,263.8699951171875,655.739990234375,83.6510009765625,29.440000534057617,61.02000045776367,42.84000015258789,116.5,159.17999267578125,49.25,130.75999450683594,330.0,33.560001373291016,172.86000061035156,150.8800048828125,543.2100219726562,143.35000610351562,108.66000366210938,86.5999984741211,64.48999786376953,43.970001220703125,35.599998474121094,123.1500015258789,110.19000244140625,58.7599983215332,161.24667358398438,92.91999816894531,495.4800109863281,37.310001373291016,132.85000610351562,42.470001220703125,44.060001373291016,34.27000045776367,134.07000732421875,107.41999816894531,5285700,59064300,2256100,797100,19228000,37202200,17886200,16123600,4044700,8270500,5943000,1837500,3135200,39906700,70904200,9953900,2549900,3351400,6457800,7611200,9933300,452395000,31113600,1511200,6250500,5925600,2624400,7712500,3009500,9766800,3311100,12686000,40464200,38205400,11163800,16709500
2023-08-18,136.32774353027344,105.44999694824219,240.71096801757812,640.068115234375,79.78424835205078,27.144392013549805,54.49771499633789,38.73978042602539,107.53621673583984,143.1666717529297,45.48177719116211,118.33147430419922,304.2169494628906,32.21126174926758,158.93687438964844,140.0838623046875,536.0546264648438,136.68508911132812,100.27926635742188,77.86359405517578,62.896881103515625,43.26517868041992,30.7570743560791,111.1347427368164,103.53681182861328,54.05754852294922,157.13998413085938,87.51624298095703,471.81365966796875,32.51914596557617,123.48301696777344,39.74324417114258,40.62751770019531,32.519447326660156,127.54527282714844,100.35831451416016,150.13999938964844,105.44999694824219,261.82000732421875,655.3300170898438,82.58399963378906,29.110000610351562,62.060001373291016,42.25,117.29000091552734,160.89999389648438,49.9900016784668,130.6300048828125,324.92999267578125,32.75,172.49000549316406,148.97000122070312,546.4299926757812,144.6199951171875,109.19999694824219,84.88999938964844,63.59000015258789,43.29899978637695,36.65999984741211,123.19999694824219,110.0999984741211,58.029998779296875,160.22999572753906,91.0999984741211,498.44000244140625,36.84000015258789,133.5800018310547,42.5,44.404998779296875,33.97999954223633,133.52999877929688,110.04000091552734,150.92999267578125,106.06999969482422,262.989990234375,658.3300170898438,82.81700134277344,29.350000381469727,62.58000183105469,42.79999923706055,118.02999877929688,161.32000732421875,50.02000045776367,130.75999450683594,327.6199951171875,32.90999984741211,173.99000549316406,149.5,547.77001953125,144.72000122070312,109.5,86.30000305175781,63.86000061035156,43.577999114990234,36.849998474121094,123.79000091552734,110.5199966430664,58.15999984741211,160.80332946777344,91.33000183105469,500.94000244140625,36.869998931884766,134.14999389648438,42.790000915527344,44.459999084472656,34.08000183105469,133.8800048828125,110.19999694824219,149.22999572753906,101.68000030517578,261.07000732421875,642.9500122070312,81.19999694824219,28.979999542236328,61.869998931884766,42.09000015258789,115.6500015258789,158.16000366210938,48.45000076293945,128.10000610351562,323.20001220703125,32.18000030517578,171.30999755859375,147.44000244140625,533.9000244140625,141.1199951171875,108.20999908447266,84.70999908447266,61.75,41.65999984741211,36.31999969482422,122.05999755859375,108.5,56.959999084472656,157.30667114257812,89.55999755859375,493.5,36.22999954223633,130.63999938964844,42.04999923706055,43.57500076293945,33.720001220703125,133.10000610351562,107.62000274658203,150.2899932861328,102.4000015258789,262.6099853515625,645.02001953125,82.0,29.040000915527344,62.220001220703125,42.150001525878906,115.83999633789062,158.3800048828125,48.5,128.83999633789062,324.32000732421875,32.22999954223633,173.1699981689453,147.64999389648438,535.030029296875,141.5,108.97000122070312,84.95999908447266,62.310001373291016,42.6349983215332,36.45000076293945,122.05999755859375,108.81999969482422,57.18000030517578,157.6366729736328,90.06999969482422,494.7799987792969,36.369998931884766,130.6999969482422,42.099998474121094,43.71500015258789,33.75,133.22000122070312,107.63999938964844,4050900,59916700,2814500,937600,17759000,31430400,8200700,12908700,4267600,5999200,6305600,2046500,1730500,23701100,49631700,8517500,2958600,3154500,6711400,6650000,9576500,583768000,24145100,1346500,6384700,7095400,2315700,9066200,2364400,8280100,3012100,10797300,35307200,40860000,9463000,16224000
2023-08-21,136.34591674804688,108.22000122070312,239.6812744140625,647.0907592773438,83.58101654052734,27.18168830871582,54.36599349975586,38.574745178222656,107.46283721923828,142.6861572265625,45.645538330078125,118.09595489501953,301.5299377441406,32.5948486328125,154.20074462890625,140.5634307861328,539.6058349609375,135.01222229003906,100.68333435058594,77.27655792236328,63.262847900390625,46.93031311035156,31.05071449279785,110.89118957519531,104.08223724365234,53.50792694091797,161.65452575683594,88.9188003540039,471.0942687988281,32.448524475097656,121.24593353271484,39.733890533447266,40.371334075927734,32.48117446899414,127.67902374267578,99.14534759521484,150.16000366210938,108.22000122070312,260.70001220703125,662.52001953125,86.51399993896484,29.149999618530273,61.90999984741211,42.06999969482422,117.20999908447266,160.36000061035156,50.16999816894531,130.3699951171875,322.05999755859375,33.13999938964844,167.35000610351562,149.47999572753906,550.0499877929688,142.85000610351562,109.63999938964844,84.25,63.959999084472656,46.96699905395508,37.0099983215332,122.93000030517578,110.68000030517578,57.439998626708984,164.8333282470703,92.55999755859375,497.67999267578125,36.7599983215332,131.16000366210938,42.4900016784668,44.125,33.939998626708984,133.6699981689453,108.70999908447266,150.35000610351562,108.54000091552734,262.4700012207031,664.6400146484375,86.73400115966797,29.299999237060547,62.4900016784668,42.7599983215332,119.11000061035156,162.07000732421875,50.880001068115234,132.38999938964844,326.3900146484375,33.16999816894531,169.85000610351562,150.10000610351562,553.5,145.4600067138672,110.0,85.30999755859375,64.19000244140625,47.064998626708984,37.189998626708984,123.97000122070312,110.95999908447266,58.83000183105469,165.07666015625,92.91000366210938,500.25,36.939998626708984,134.5500030517578,42.869998931884766,44.76499938964844,34.099998474121094,133.8300018310547,110.9800033569336,148.8800048828125,105.66999816894531,259.010009765625,649.9099731445312,83.177001953125,28.799999237060547,61.900001525878906,41.66999816894531,116.54000091552734,159.4499969482422,49.61000061035156,129.6300048828125,319.3900146484375,32.02000045776367,165.9600067138672,148.02000427246094,545.75,141.27999877929688,108.94999694824219,83.66000366210938,62.86000061035156,44.22200012207031,36.63999938964844,121.5199966430664,109.0,57.040000915527344,160.72999572753906,90.5,496.2200012207031,36.40999984741211,129.33999633789062,42.119998931884766,43.81999969482422,33.66999816894531,133.05999755859375,108.13999938964844,149.7100067138672,106.19999694824219,261.5799865722656,653.8599853515625,83.40599822998047,29.219999313354492,62.130001068115234,42.619998931884766,118.13999938964844,161.1999969482422,50.59000015258789,131.5399932861328,325.3900146484375,32.599998474121094,169.69000244140625,149.64999389648438,546.989990234375,145.10000610351562,109.08999633789062,85.0199966430664,63.68000030517578,44.49399948120117,36.709999084472656,123.66999816894531,109.83999633789062,58.4900016784668,160.98666381835938,90.5,497.510009765625,36.900001525878906,134.0800018310547,42.650001525878906,44.584999084472656,34.029998779296875,133.47999572753906,110.36000061035156,3944800,49319200,2324100,1104300,30012000,34959000,9898000,14486300,3271600,6802300,6526700,1627400,1983500,43718200,151319500,8327000,2305400,3495100,6012500,5385300,11311900,692573000,28496500,1191700,6539800,6269300,2757900,8618300,1533500,8615800,3734000,12600400,30488400,32308300,6872400,11092400
2023-08-22,134.60255432128906,105.66000366210938,236.84957885742188,651.974365234375,82.67770385742188,26.51963233947754,54.322086334228516,37.611968994140625,106.49102020263672,141.51165771484375,45.25432586669922,117.07234954833984,298.4683532714844,32.34896469116211,152.9752197265625,137.6483612060547,543.1473388671875,135.1067352294922,98.47020721435547,76.1116714477539,62.718841552734375,45.632328033447266,30.90808868408203,107.36409759521484,102.94436645507812,52.548439025878906,160.22926330566406,88.61138916015625,466.03948974609375,31.636432647705078,120.9963607788086,38.808109283447266,40.06026077270508,32.174922943115234,127.23006439208984,98.58899688720703,148.24000549316406,105.66000366210938,257.6199951171875,667.52001953125,85.5790023803711,28.440000534057617,61.86000061035156,41.02000045776367,116.1500015258789,159.0399932861328,49.7400016784668,129.24000549316406,318.7900085449219,32.88999938964844,166.02000427246094,146.3800048828125,553.6599731445312,142.9499969482422,107.2300033569336,82.9800033569336,63.40999984741211,45.667999267578125,36.84000015258789,119.0199966430664,109.47000122070312,56.40999984741211,163.3800048828125,92.23999786376953,492.3399963378906,35.84000015258789,130.88999938964844,41.5,43.78499984741211,33.619998931884766,133.1999969482422,108.0999984741211,150.0,109.72000122070312,260.3999938964844,680.530029296875,87.4749984741211,29.239999771118164,62.130001068115234,42.380001068115234,117.73999786376953,161.25,50.560001373291016,131.5399932861328,322.6400146484375,33.79999923706055,167.83999633789062,149.63999938964844,556.0999755859375,144.2899932861328,109.5999984741211,84.7699966430664,65.08000183105469,48.1870002746582,37.150001525878906,123.44999694824219,111.83999633789062,57.459999084472656,167.05332946777344,93.48999786376953,496.7900085449219,36.869998931884766,132.32000732421875,42.56999969482422,44.334999084472656,33.9900016784668,133.7899932861328,109.72000122070312,147.97000122070312,104.8499984741211,257.3500061035156,663.7100219726562,85.08799743652344,28.420000076293945,61.599998474121094,40.970001220703125,116.08000183105469,158.97000122070312,49.720001220703125,129.1699981689453,318.30999755859375,32.83000183105469,165.41000366210938,145.85000610351562,547.280029296875,142.52999877929688,107.19999694824219,82.83999633789062,63.290000915527344,45.33300018310547,35.720001220703125,118.80999755859375,109.13999938964844,56.25,162.82333374023438,91.80999755859375,491.3299865722656,35.72999954223633,130.55999755859375,41.43000030517578,43.7599983215332,33.56999969482422,133.1300048828125,107.94999694824219,150.0,109.4000015258789,260.239990234375,679.219970703125,87.34100341796875,29.1299991607666,61.810001373291016,42.310001373291016,117.58999633789062,160.49000549316406,50.31999969482422,130.5,322.4800109863281,33.220001220703125,166.86000061035156,149.25999450683594,549.530029296875,143.25,109.5999984741211,84.70999908447266,64.30000305175781,48.1349983215332,37.0099983215332,122.88999938964844,111.47000122070312,57.36000061035156,166.85000610351562,93.3499984741211,495.4200134277344,36.7599983215332,131.39999389648438,42.459999084472656,44.18000030517578,33.95000076293945,133.47000122070312,109.16999816894531,3209300,47295200,1720300,760200,17079000,37564200,8716700,20507900,3194300,6080800,4686500,1892500,1810300,23425300,56834800,9673300,1936600,2330000,6026000,6002300,8876000,755293000,18524100,1498100,4587000,8607600,2055300,7059000,2079400,8279000,2562600,13634500,25732800,43133000,6939400,10518800
2023-08-23,133.5492706298828,109.43000030517578,236.61053466796875,661.3506469726562,84.68622589111328,26.528955459594727,54.05864334106445,37.66699981689453,106.17927551269531,141.6985321044922,44.890384674072266,116.75529479980469,301.7826843261719,33.4210319519043,151.602294921875,138.57931518554688,542.85302734375,135.3902587890625,102.20771789550781,76.48773956298828,64.47943115234375,47.079200744628906,30.7570743560791,107.7159194946289,104.54303741455078,53.927127838134766,163.50482177734375,90.51348114013672,463.29443359375,31.998342514038086,119.59122467041016,38.91097640991211,39.959617614746094,32.49073791503906,127.61217498779297,97.72259521484375,147.0800018310547,109.43000030517578,257.3599853515625,677.1199951171875,87.65799713134766,28.450000762939453,61.560001373291016,41.08000183105469,115.80999755859375,159.25,49.34000015258789,128.88999938964844,322.3299865722656,33.97999954223633,164.52999877929688,147.3699951171875,553.3599853515625,143.25,111.30000305175781,83.38999938964844,65.19000244140625,47.11600112915039,36.65999984741211,119.41000366210938,111.16999816894531,57.88999938964844,166.72000122070312,94.22000122070312,489.44000244140625,36.25,129.3699951171875,41.61000061035156,43.67499923706055,33.95000076293945,133.60000610351562,107.1500015258789,149.0,110.08000183105469,259.8500061035156,680.9500122070312,87.81900024414062,28.510000228881836,62.400001525878906,41.22999954223633,116.33999633789062,159.41000366210938,49.38999938964844,128.92999267578125,322.45001220703125,34.150001525878906,166.5,147.58999633789062,557.4000244140625,143.42999267578125,111.88999938964844,83.72000122070312,65.62000274658203,47.20000076293945,37.130001068115234,119.70999908447266,111.52999877929688,58.150001525878906,167.30667114257812,95.0999984741211,494.0,36.2599983215332,130.30999755859375,41.63999938964844,43.71500015258789,33.959999084472656,134.3000030517578,107.30000305175781,145.94000244140625,105.0,255.97999572753906,666.52001953125,85.0,28.18000030517578,61.40999984741211,40.77000045776367,113.86000061035156,156.6999969482422,48.4900016784668,126.72000122070312,318.0,32.79999923706055,163.47000122070312,145.4600067138672,548.2100219726562,139.67999267578125,109.81999969482422,82.87999725341797,63.16999816894531,45.20800018310547,36.560001373291016,118.12000274658203,108.8499984741211,55.52000045776367,162.25332641601562,93.23999786376953,487.92999267578125,35.369998931884766,126.12999725341797,41.220001220703125,42.935001373291016,33.630001068115234,133.2100067138672,105.72000122070312,148.6699981689453,105.6500015258789,259.5,668.239990234375,85.0770034790039,28.450000762939453,62.2599983215332,41.060001373291016,115.01000213623047,158.13999938964844,49.150001525878906,127.95999908447266,320.6199951171875,32.880001068115234,165.89999389648438,146.35000610351562,556.719970703125,141.85000610351562,109.98999786376953,83.0,63.56999969482422,45.86600112915039,37.09000015258789,118.97000122070312,109.33999633789062,55.68000030517578,162.43666076660156,93.79000091552734,493.0,35.81999969482422,129.5,41.560001373291016,43.310001373291016,33.68000030517578,134.0,107.04000091552734,5414800,54656300,2256800,908100,19692000,44686600,7859500,16214500,3136700,4975600,5748500,1708200,1429000,32324300,119011400,7858000,2121300,3645600,10588200,5878600,10747400,779046000,19370900,1670200,6873900,10717600,3027300,10362600,2011400,8159200,4025800,11927400,38798600,30240500,7276800,11435600
2023-08-24,133.1406707763672,101.80000305175781,235.93020629882812,632.7330322265625,82.54920959472656,26.68747901916504,53.812767028808594,37.66699981689453,105.25328063964844,140.5329132080078,44.435482025146484,113.84752655029297,299.563720703125,32.053897857666016,152.1182861328125,138.4476318359375,537.5947265625,135.7210693359375,100.50885009765625,76.53361511230469,62.995784759521484,47.126163482666016,30.33757972717285,106.14630126953125,102.04161834716797,52.902427673339844,158.10110473632812,88.88997650146484,462.0260009765625,31.892419815063477,119.67443084716797,38.74264907836914,39.685142517089844,32.37590789794922,126.50414276123047,96.99296569824219,146.6300048828125,101.80000305175781,256.6199951171875,647.8200073242188,85.44599914550781,28.6200008392334,61.279998779296875,41.08000183105469,114.80000305175781,157.94000244140625,48.84000015258789,125.68000030517578,319.9599914550781,32.59000015258789,165.08999633789062,147.22999572753906,548.0,143.60000610351562,109.44999694824219,83.44000244140625,63.689998626708984,47.16299819946289,36.15999984741211,117.66999816894531,108.51000213623047,56.790000915527344,161.2100067138672,92.52999877929688,488.1000061035156,36.130001068115234,129.4600067138672,41.43000030517578,43.375,33.83000183105469,132.44000244140625,106.3499984741211,147.82000732421875,111.63999938964844,260.19000244140625,678.1699829101562,90.98600006103516,28.790000915527344,62.0099983215332,41.66999816894531,116.37999725341797,159.88999938964844,49.41999816894531,128.86000061035156,327.489990234375,34.09000015258789,166.6699981689453,149.41000366210938,556.97998046875,144.75,112.0199966430664,84.75,66.23999786376953,50.26599884033203,36.63999938964844,121.44000244140625,112.56999969482422,58.0099983215332,169.9566650390625,96.77999877929688,495.4200134277344,36.88999938964844,130.27000427246094,42.18000030517578,43.834999084472656,34.310001373291016,134.38999938964844,107.7699966430664,146.35000610351562,100.87000274658203,256.1700134277344,646.8699951171875,85.24600219726562,28.3700008392334,61.22999954223633,40.720001220703125,114.73999786376953,157.55999755859375,48.65999984741211,125.37000274658203,319.510009765625,32.4900016784668,163.86000061035156,146.99000549316406,547.2999877929688,142.0399932861328,109.08999633789062,83.0999984741211,63.369998931884766,47.159000396728516,36.060001373291016,117.63999938964844,108.16000366210938,56.709999084472656,160.8433380126953,92.47000122070312,487.2099914550781,36.04999923706055,127.69000244140625,41.38999938964844,43.25,33.83000183105469,132.44000244140625,106.06999969482422,146.9199981689453,111.05999755859375,256.7300109863281,678.010009765625,90.23500061035156,28.399999618530273,61.36000061035156,41.02000045776367,115.19000244140625,157.72999572753906,48.959999084472656,127.44999694824219,322.1499938964844,33.720001220703125,164.02999877929688,147.5,552.7000122070312,142.85000610351562,110.94999694824219,83.16999816894531,66.13999938964844,50.215999603271484,36.47999954223633,119.30000305175781,112.16000366210938,57.40999984741211,169.86666870117188,96.52999877929688,491.42999267578125,36.279998779296875,128.72000122070312,41.45000076293945,43.279998779296875,33.900001525878906,133.33999633789062,106.41999816894531,3986300,109179100,1888900,1336800,30934000,31934800,8277500,15579600,3538500,5989600,5261800,2811100,1185600,37931000,70755100,6534000,1776700,2888200,6487700,5023000,12661600,1156044000,19380800,3178300,8698100,6685900,4848600,12254400,2311100,10346000,2764700,10363300,33455000,35784900,10241700,10818500
2023-08-25,133.1951446533203,102.25,235.70956420898438,635.8487548828125,82.29417419433594,26.575580596923828,54.51527786254883,37.81370162963867,106.83023071289062,141.58282470703125,45.8820915222168,115.11572265625,299.74163818359375,32.703041076660156,154.2993621826172,138.2783660888672,543.1375732421875,136.08023071289062,101.20677185058594,76.33181762695312,63.02546691894531,45.9820556640625,30.522157669067383,106.2094497680664,103.74371337890625,52.59501647949219,158.78102111816406,89.43754577636719,462.9914855957031,31.345134735107422,123.0577621459961,38.55562210083008,40.06940841674805,32.52902603149414,127.43065643310547,98.7258071899414,146.69000244140625,102.25,256.3800048828125,651.010009765625,85.18199920654297,28.5,62.08000183105469,41.2400016784668,116.5199966430664,159.1199951171875,50.43000030517578,127.08000183105469,320.1499938964844,33.25,166.25,147.0500030517578,553.6500244140625,143.97999572753906,110.20999908447266,83.22000122070312,63.720001220703125,46.018001556396484,36.380001068115234,117.73999786376953,110.31999969482422,56.459999084472656,161.90333557128906,93.0999984741211,489.1199951171875,35.5099983215332,133.1199951171875,41.22999954223633,43.79499816894531,33.9900016784668,133.41000366210938,108.25,147.6699981689453,104.12000274658203,257.739990234375,652.8900146484375,86.94400024414062,28.790000915527344,62.29999923706055,41.65999984741211,117.12999725341797,159.91000366210938,50.83000183105469,127.62000274658203,322.7200012207031,33.400001525878906,167.77999877929688,148.6199951171875,556.0999755859375,145.67999267578125,110.33000183105469,84.1500015258789,64.38999938964844,47.80500030517578,36.689998626708984,119.0999984741211,110.5199966430664,57.2400016784668,163.2899932861328,93.41000366210938,491.1499938964844,36.5099983215332,135.77999877929688,41.79999923706055,44.01499938964844,34.119998931884766,133.8800048828125,108.93000030517578,146.1999969482422,99.58000183105469,254.80999755859375,635.8699951171875,83.76699829101562,28.299999237060547,61.25,40.779998779296875,114.76000213623047,157.64999389648438,49.13999938964844,124.94999694824219,318.19000244140625,32.349998474121094,164.05999755859375,145.85000610351562,547.0800170898438,142.2899932861328,108.9800033569336,82.73999786376953,62.630001068115234,45.02399826049805,35.959999084472656,117.0999984741211,107.76000213623047,56.150001525878906,158.6666717529297,91.41000366210938,484.6499938964844,35.209999084472656,129.0800018310547,40.77000045776367,43.255001068115234,33.709999084472656,132.4199981689453,106.62000274658203,147.02000427246094,101.16999816894531,257.1099853515625,643.6799926757812,85.7020034790039,28.639999389648438,61.41999816894531,41.2599983215332,115.69000244140625,159.07000732421875,49.41999816894531,126.41000366210938,320.79998779296875,32.529998779296875,164.3000030517578,147.27999877929688,549.6300048828125,144.25999450683594,109.94000244140625,83.69000244140625,63.459999084472656,47.012001037597656,36.13999938964844,118.25,108.88999938964844,57.189998626708984,161.1699981689453,92.25,489.9200134277344,36.40999984741211,130.5500030517578,41.63999938964844,43.6349983215332,33.970001220703125,132.8699951171875,107.43000030517578,3275100,74793100,1786600,986200,24181000,34253200,7953400,16881900,3710300,5291800,10108500,2417400,1159600,27324800,18185500,6695500,1847600,4481100,4839100,5461400,9409000,925341000,16421300,1794600,6669900,8619100,3435900,10356000,1923500,11005900,5167200,12534700,38036800,40347200,8509100,13579300
2023-08-28,133.86705017089844,102.61000061035156,235.8658447265625,643.6430053710938,83.18877410888672,26.818025588989258,54.1288948059082,37.88705062866211,107.7470703125,142.55271911621094,46.00946807861328,115.42367553710938,305.1906433105469,33.066951751708984,152.48023986816406,138.75796508789062,543.40234375,135.1823272705078,100.03133392333984,77.39579772949219,64.5981216430664,46.79841995239258,30.379526138305664,106.81383514404297,105.02263641357422,53.87124252319336,160.79151916503906,90.30216217041016,465.0361328125,31.79532814025879,121.6526870727539,39.16345977783203,40.33931350708008,32.71085739135742,127.72677612304688,99.55574798583984,147.42999267578125,102.61000061035156,256.54998779296875,658.989990234375,86.10800170898438,28.760000228881836,61.63999938964844,41.31999969482422,117.5199966430664,160.2100067138672,50.56999969482422,127.41999816894531,325.9700012207031,33.619998931884766,164.2899932861328,147.55999755859375,553.9199829101562,143.02999877929688,108.93000030517578,84.37999725341797,65.30999755859375,46.834999084472656,36.209999084472656,118.41000366210938,111.68000030517578,57.83000183105469,163.95333862304688,94.0,491.2799987792969,36.02000045776367,131.60000610351562,41.880001068115234,44.09000015258789,34.18000030517578,133.72000122070312,109.16000366210938,148.07000732421875,104.06999969482422,258.1199951171875,659.8099975585938,86.41300201416016,29.0,62.40999984741211,41.86000061035156,118.4000015258789,161.8000030517578,51.56999969482422,128.88999938964844,326.6000061035156,33.779998779296875,166.2100067138672,148.61000061035156,556.22998046875,145.27000427246094,110.61000061035156,84.87000274658203,66.11000061035156,46.97999954223633,36.52000045776367,120.05000305175781,112.19000244140625,57.939998626708984,164.4066619873047,94.1500015258789,493.05999755859375,36.36000061035156,133.14999389648438,42.06999969482422,44.41999816894531,34.29999923706055,134.30999755859375,110.04000091552734,146.77000427246094,100.88999938964844,255.13999938964844,652.489990234375,84.71099853515625,28.56999969482422,61.380001068115234,41.150001525878906,116.41999816894531,159.22000122070312,50.369998931884766,126.63999938964844,321.3399963378906,33.209999084472656,163.1699981689453,147.1300048828125,550.1199951171875,142.2100067138672,108.6500015258789,83.7699966430664,64.66000366210938,44.88800048828125,36.029998779296875,118.06999969482422,110.62000274658203,56.619998931884766,162.28334045410156,93.25,489.1300048828125,35.66999816894531,130.50999450683594,41.290000915527344,43.834999084472656,34.06999969482422,133.22999572753906,108.44000244140625,147.08999633789062,103.47000122070312,256.9599914550781,657.0599975585938,85.63899993896484,28.690000534057617,62.060001373291016,41.47999954223633,116.4800033569336,159.52999877929688,50.720001220703125,127.70999908447266,321.3399963378906,33.5,165.0,147.57000732421875,550.1300048828125,144.22000122070312,110.2300033569336,83.80000305175781,65.72000122070312,46.481998443603516,36.439998626708984,118.66000366210938,111.30000305175781,56.619998931884766,163.49667358398438,93.81999969482422,490.489990234375,35.84000015258789,133.14999389648438,41.40999984741211,43.90999984741211,34.099998474121094,133.8800048828125,108.44999694824219,2806900,55386800,1661300,535800,14306000,33075200,6848900,14125900,2821600,4386100,4757700,1836100,1440100,22341800,18458000,5094100,1373700,2520300,4335600,6439700,9904900,685192000,15101900,1221700,4316400,4813200,1689300,5174800,1344500,9638300,2680100,10314500,25718200,34905300,6768400,10382100
2023-08-29,134.01231384277344,105.91999816894531,238.7067108154297,651.9644775390625,85.9759750366211,27.200336456298828,55.19145202636719,38.25381851196289,107.87544250488281,142.33030700683594,46.155033111572266,115.8132095336914,311.3511962890625,33.745601654052734,152.4988250732422,139.88638305664062,543.3828125,135.40916442871094,101.00474548339844,78.46896362304688,65.95319366455078,48.74589538574219,30.329193115234375,108.78033447265625,106.99744415283203,54.23453903198242,165.01512145996094,91.33966064453125,466.5032958984375,32.20137023925781,121.45855712890625,39.275672912597656,40.44910430908203,33.00753402709961,128.8730010986328,100.1485595703125,147.58999633789062,105.91999816894531,259.6400146484375,667.510009765625,88.99299621582031,29.170000076293945,62.849998474121094,41.720001220703125,117.66000366210938,159.9600067138672,50.72999954223633,127.8499984741211,332.54998779296875,34.310001373291016,164.30999755859375,148.75999450683594,553.9000244140625,143.27000427246094,109.98999786376953,85.55000305175781,66.68000030517578,48.784000396728516,36.150001525878906,120.58999633789062,113.77999877929688,58.220001220703125,168.25999450683594,95.08000183105469,492.8299865722656,36.47999954223633,131.38999938964844,42.0,44.209999084472656,34.4900016784668,134.9199981689453,109.80999755859375,148.91000366210938,106.56999969482422,259.8500061035156,668.5399780273438,89.28399658203125,29.260000228881836,63.40999984741211,41.77000045776367,118.0999984741211,160.9499969482422,51.0099983215332,127.94999694824219,332.70001220703125,34.47999954223633,165.67999267578125,148.85000610351562,556.3499755859375,143.4600067138672,110.5199966430664,85.58999633789062,67.02999877929688,49.08100128173828,36.939998626708984,121.19999694824219,113.98999786376953,58.43000030517578,168.81333923339844,95.62000274658203,492.94000244140625,36.529998779296875,132.24000549316406,42.369998931884766,44.255001068115234,34.5,134.9199981689453,110.0199966430664,146.5,101.79000091552734,256.82000732421875,652.3599853515625,85.64199829101562,28.719999313354492,61.97999954223633,41.2599983215332,116.58000183105469,159.10000610351562,50.15999984741211,125.94000244140625,324.67999267578125,33.470001220703125,162.77000427246094,147.17999267578125,549.8599853515625,141.66000366210938,108.93000030517578,84.31999969482422,64.87000274658203,46.39099884033203,36.0,118.43000030517578,110.5199966430664,57.18000030517578,162.89666748046875,93.51000213623047,487.9700012207031,35.849998474121094,129.3300018310547,41.650001525878906,43.77000045776367,34.099998474121094,133.72000122070312,108.41999816894531,147.99000549316406,102.11000061035156,257.3599853515625,652.5,85.83999633789062,28.889999389648438,61.97999954223633,41.29999923706055,117.86000061035156,160.91000366210938,50.689998626708984,127.52999877929688,325.55999755859375,33.4900016784668,164.8699951171875,147.7100067138672,553.4500122070312,142.8800048828125,109.27999877929688,84.41000366210938,64.9000015258789,46.66600036621094,36.2599983215332,118.72000122070312,110.5199966430664,57.95000076293945,163.13333129882812,93.7699966430664,491.4700012207031,36.189998626708984,131.8300018310547,41.869998931884766,44.25,34.150001525878906,133.89999389648438,109.66000366210938,3419100,50850300,2216600,757900,27822000,30428200,11979000,13199700,3213700,5374800,4677800,2175000,1831700,29943600,12208600,6337000,1701200,2673600,5673100,6212300,9955000,701397000,21076500,1311800,6971400,4911000,2730000,8910300,2113700,7942600,3041800,14404800,27019400,43394300,10737000,9665000
2023-08-30,134.67520141601562,106.58999633789062,237.08865356445312,653.9667358398438,86.20299530029297,27.07911491394043,54.77871322631836,37.932899475097656,108.8289566040039,142.5260009765625,46.09135437011719,115.74075317382812,310.1994323730469,33.961978912353516,151.96051025390625,139.32217407226562,537.5850219726562,135.28628540039062,101.20677185058594,78.20296478271484,67.34782409667969,49.22552490234375,30.11944580078125,108.68113708496094,107.27208709716797,54.961143493652344,165.79315185546875,91.05146026611328,465.27276611328125,32.11309814453125,121.51400756835938,38.84551239013672,40.650394439697266,33.026668548583984,128.7775115966797,101.1244125366211,148.32000732421875,106.58999633789062,257.8800048828125,669.5599975585938,89.22799682617188,29.040000915527344,62.380001068115234,41.369998931884766,118.69999694824219,160.17999267578125,50.65999984741211,127.7699966430664,328.5799865722656,34.529998779296875,163.72999572753906,148.16000366210938,547.989990234375,143.13999938964844,110.20999908447266,85.26000213623047,68.08999633789062,49.263999938964844,35.900001525878906,120.4800033569336,113.2699966430664,59.0,169.05332946777344,94.77999877929688,491.5299987792969,36.380001068115234,131.4499969482422,41.540000915527344,44.43000030517578,34.5099983215332,134.82000732421875,110.87999725341797,148.8000030517578,107.66999816894531,260.8699951171875,671.219970703125,89.87100219726562,29.270000457763672,63.029998779296875,41.84000015258789,118.94000244140625,161.25,51.150001525878906,128.6699981689453,331.9100036621094,34.65999984741211,165.8300018310547,149.14999389648438,557.75,143.97000122070312,110.80000305175781,86.0,68.69999694824219,49.926998138427734,36.25,120.94999694824219,113.45999908447266,59.0099983215332,169.74667358398438,95.91999816894531,496.7099914550781,36.709999084472656,131.88999938964844,42.130001068115234,44.5099983215332,34.709999084472656,135.66000366210938,111.13999938964844,146.89999389648438,104.5,256.95001220703125,663.530029296875,87.91100311279297,28.93000030517578,62.20000076293945,41.34000015258789,118.01000213623047,159.92999267578125,50.61000061035156,127.45999908447266,327.6499938964844,33.779998779296875,163.67999267578125,147.19000244140625,547.0399780273438,142.85000610351562,109.72000122070312,85.02999877929688,66.5199966430664,48.42499923706055,35.81999969482422,119.72000122070312,111.66999816894531,58.36000061035156,166.55667114257812,94.62999725341797,490.2900085449219,36.20000076293945,129.75999450683594,41.470001220703125,44.23500061035156,34.439998626708984,134.6999969482422,109.9800033569336,148.1199951171875,105.4000015258789,260.0,667.3900146484375,89.23899841308594,29.219999313354492,62.93000030517578,41.689998626708984,118.2699966430664,160.58999633789062,51.0,128.57000732421875,330.0,34.060001373291016,165.11000061035156,148.6199951171875,555.010009765625,143.83999633789062,110.30000305175781,85.62000274658203,67.19000244140625,49.04399871826172,36.18000030517578,120.37000274658203,112.55999755859375,58.7400016784668,167.7566680908203,95.44999694824219,493.989990234375,36.54999923706055,131.77000427246094,42.060001373291016,44.40999984741211,34.540000915527344,135.25,110.44000244140625,3486400,54847300,1694300,564100,23234000,33366400,9052800,18211400,2847500,5534900,4350300,1642100,1131500,26279200,9939100,6277300,2191100,2539300,4785000,5051800,16892200,735206000,16833000,1219000,6490300,5843100,3073800,6073400,2283400,8461700,3167900,12536300,27890200,33799900,7892700,11922100
2023-08-31,133.4403076171875,105.72000122070312,235.67274475097656,645.1470947265625,89.16022491455078,26.956884384155273,54.13767623901367,37.859535217285156,109.13151550292969,143.34463500976562,46.482574462890625,116.5107192993164,309.3780822753906,34.56195068359375,150.05789184570312,137.601318359375,543.677001953125,134.93661499023438,100.0772476196289,78.10208892822266,69.17766571044922,49.31645202636719,29.683176040649414,108.90664672851562,108.46536254882812,54.92388916015625,166.94056701660156,89.88907623291016,451.1214294433594,32.24550247192383,120.08116912841797,38.61172866821289,40.67784118652344,32.902259826660156,127.23961639404297,101.40715026855469,146.9600067138672,105.72000122070312,256.3399963378906,660.530029296875,92.28900146484375,28.670000076293945,61.650001525878906,41.290000915527344,119.02999877929688,161.10000610351562,51.09000015258789,128.6199951171875,327.7099914550781,35.13999938964844,161.67999267578125,146.3300018310547,554.2000122070312,142.77000427246094,108.9800033569336,85.1500015258789,69.94000244140625,49.35499954223633,35.380001068115234,120.7300033569336,114.52999877929688,58.959999084472656,170.22332763671875,93.56999969482422,476.5799865722656,36.529998779296875,129.89999389648438,41.290000915527344,44.459999084472656,34.380001068115234,133.2100067138672,111.19000244140625,148.7100067138672,108.05999755859375,259.0,669.3200073242188,92.36699676513672,28.969999313354492,62.529998779296875,41.68000030517578,119.55999755859375,161.24000549316406,51.290000915527344,128.97000122070312,330.489990234375,35.560001373291016,163.57000732421875,148.35000610351562,557.4099731445312,143.75,110.54000091552734,85.66999816894531,70.54000091552734,49.74399948120117,35.9900016784668,122.41999816894531,115.16000366210938,59.380001068115234,171.20333862304688,94.4000015258789,493.82000732421875,36.65999984741211,132.10000610351562,41.709999084472656,44.66999816894531,34.619998931884766,134.91000366210938,111.41999816894531,146.8699951171875,104.86000061035156,256.2900085449219,656.6199951171875,89.37699890136719,28.530000686645508,61.650001525878906,41.0099983215332,118.0999984741211,159.92999267578125,50.5099983215332,126.79000091552734,325.9599914550781,34.29999923706055,161.27999877929688,145.9600067138672,543.0,139.82000732421875,108.88999938964844,84.76000213623047,67.97000122070312,48.95800018310547,35.380001068115234,119.98999786376953,112.43000030517578,58.25,168.44332885742188,93.2699966430664,476.2900085449219,36.310001373291016,128.3800048828125,41.11000061035156,44.13999938964844,34.34000015258789,133.17999267578125,110.62000274658203,148.38999938964844,106.19000244140625,258.2200012207031,660.0,89.8010025024414,28.93000030517578,62.45000076293945,41.5099983215332,119.16999816894531,161.00999450683594,51.0099983215332,128.22000122070312,329.4100036621094,34.31999969482422,163.3699951171875,148.25999450683594,547.02001953125,143.5500030517578,110.12000274658203,85.66999816894531,67.97000122070312,49.380001068115234,35.939998626708984,121.02999877929688,112.43000030517578,59.119998931884766,168.44332885742188,93.33999633789062,492.3599853515625,36.5099983215332,131.82000732421875,41.68000030517578,44.595001220703125,34.61000061035156,134.83999633789062,111.12000274658203,4110700,58919000,2065000,1100100,55203000,37243000,11464700,17795700,4395700,7003700,6783900,2757400,1271100,48157600,15333000,10933900,3043400,5114500,9212000,5581200,18420900,528570000,27919500,1981300,7962500,10102500,2109000,8661200,4927700,10404400,4154100,21534900,29617400,27999700,7540200,17479800
2023-09-01,134.56622314453125,109.44999694824219,236.012939453125,647.0907592773438,84.29397583007812,27.24835968017578,54.46258544921875,38.134620666503906,111.98287963867188,146.1919403076172,48.14752960205078,118.64852905273438,309.0854797363281,36.00777053833008,148.94410705566406,138.06210327148438,546.53173828125,137.9515838623047,100.86698913574219,78.65241241455078,69.62275695800781,48.47111129760742,30.018768310546875,110.25072479248047,109.27983856201172,56.004478454589844,167.3753662109375,89.5240249633789,450.799560546875,32.722171783447266,123.48301696777344,38.94837951660156,41.51042556762695,33.19893264770508,127.58350372314453,103.53213500976562,148.1999969482422,109.44999694824219,256.7099914550781,662.52001953125,87.25199890136719,28.979999542236328,62.02000045776367,41.59000015258789,122.13999938964844,164.3000030517578,52.91999816894531,130.97999572753906,327.3999938964844,36.61000061035156,160.47999572753906,146.82000732421875,557.1099853515625,145.9600067138672,109.83999633789062,85.75,70.38999938964844,48.50899887084961,35.779998779296875,122.22000122070312,115.38999938964844,60.119998931884766,170.6666717529297,93.19000244140625,476.239990234375,37.06999969482422,133.5800018310547,41.650001525878906,45.369998931884766,34.689998626708984,133.57000732421875,113.5199966430664,148.88999938964844,110.05999755859375,259.0299987792969,674.5399780273438,90.18699645996094,29.1299991607666,62.400001525878906,41.81999969482422,122.5,164.69000244140625,53.34000015258789,131.75999450683594,331.6199951171875,36.75,162.47999572753906,148.0800018310547,559.2100219726562,146.91000366210938,110.37000274658203,86.44999694824219,70.62000274658203,49.79999923706055,36.060001373291016,123.4000015258789,115.69999694824219,60.4900016784668,171.75,94.58000183105469,480.6499938964844,37.290000915527344,134.60000610351562,41.9900016784668,45.41999816894531,34.79999923706055,134.24000549316406,113.81999969482422,147.36000061035156,106.61000061035156,256.1000061035156,657.5,86.46600341796875,28.760000228881836,61.83000183105469,41.380001068115234,119.97000122070312,162.63999938964844,51.7599983215332,130.0,326.2099914550781,35.72999954223633,160.00999450683594,145.6999969482422,553.510009765625,144.6999969482422,109.25,85.29000091552734,69.55000305175781,48.141998291015625,35.599998474121094,120.86000061035156,114.41000366210938,59.4900016784668,169.43333435058594,93.08999633789062,473.3599853515625,36.81999969482422,131.7899932861328,41.5099983215332,44.939998626708984,34.560001373291016,133.22000122070312,112.19999694824219,147.36000061035156,107.0,258.67999267578125,674.0,90.18699645996094,28.760000228881836,61.83000183105469,41.59000015258789,120.0,162.63999938964844,51.91999816894531,130.69000244140625,329.6700134277344,35.790000915527344,161.4199981689453,146.08999633789062,556.3200073242188,145.10000610351562,109.6500015258789,86.0,70.20999908447266,49.762001037597656,35.63999938964844,121.70999908447266,115.69999694824219,59.849998474121094,171.36000061035156,94.30000305175781,479.0,36.84000015258789,132.0,41.54999923706055,44.95000076293945,34.59000015258789,134.24000549316406,112.19999694824219,3357800,54856100,1350200,592800,65017000,35228600,6838800,12413500,6398300,6663000,9339800,2462000,1201400,43808500,8610100,7903500,2030800,3027600,4941300,4981800,10772000,463830000,17522500,1235800,5310700,6921700,1891200,7094600,3165900,13758200,2999600,12890300,35764200,41075700,10183900,14843500
2023-09-05,132.659423828125,110.77999877929688,233.5306396484375,648.1065063476562,84.26018524169922,26.938079833984375,53.25075149536133,37.923728942871094,112.61551666259766,148.11387634277344,48.67523193359375,120.83161926269531,305.6396179199219,36.106117248535156,149.1297607421875,136.53872680664062,547.59130859375,138.9534454345703,98.72732543945312,77.81771850585938,69.52385711669922,48.51008605957031,29.683176040649414,108.69013977050781,110.37840270996094,56.32252502441406,167.31979370117188,90.87855529785156,455.1254577636719,32.23667526245117,123.0577621459961,38.84551239013672,41.730010986328125,32.863975524902344,126.26533508300781,103.54125213623047,146.10000610351562,110.77999877929688,254.00999450683594,663.5599975585938,87.21700286865234,28.649999618530273,60.63999938964844,41.36000061035156,122.83000183105469,166.4600067138672,53.5,133.38999938964844,323.75,36.709999084472656,160.67999267578125,145.1999969482422,558.1900024414062,147.02000427246094,107.51000213623047,84.83999633789062,70.29000091552734,48.54800033569336,35.380001068115234,120.48999786376953,116.55000305175781,60.209999084472656,170.61000061035156,94.5999984741211,480.80999755859375,36.52000045776367,133.1199951171875,41.540000915527344,45.61000061035156,34.34000015258789,132.19000244140625,113.52999877929688,148.9600067138672,111.81999969482422,257.3900146484375,667.4299926757812,88.30000305175781,29.1200008392334,62.0,41.93000030517578,124.98999786376953,167.55999755859375,54.470001220703125,135.41000366210938,328.4800109863281,37.40999984741211,161.97000122070312,148.2100067138672,561.9299926757812,148.2899932861328,109.72000122070312,86.2699966430664,71.16000366210938,48.85100173950195,36.290000915527344,123.22000122070312,117.05999755859375,61.150001525878906,171.94667053222656,95.05000305175781,484.6000061035156,37.529998779296875,135.14999389648438,42.279998779296875,46.07500076293945,34.790000915527344,133.74000549316406,115.83000183105469,145.86000061035156,106.30000305175781,253.9199981689453,661.1699829101562,86.69999694824219,28.5,60.59000015258789,41.189998626708984,122.55999755859375,165.1999969482422,53.189998626708984,131.6699981689453,322.6300048828125,36.459999084472656,160.27999877929688,145.00999450683594,556.7100219726562,146.2100067138672,107.48999786376953,84.80999755859375,69.52999877929688,47.86000061035156,35.349998474121094,120.41000366210938,114.91000366210938,59.959999084472656,169.14999389648438,92.87000274658203,477.5400085449219,36.47999954223633,132.49000549316406,41.310001373291016,45.58000183105469,34.33000183105469,132.19000244140625,113.5,148.5,109.0,256.7099914550781,665.1300048828125,86.95099639892578,28.940000534057617,61.88999938964844,41.529998779296875,122.7699966430664,165.27999877929688,53.400001525878906,131.9600067138672,327.3399963378906,36.58000183105469,160.55999755859375,147.16000366210938,559.22998046875,146.6300048828125,109.45999908447266,85.83999633789062,69.91000366210938,48.222999572753906,35.959999084472656,121.7300033569336,114.91000366210938,60.20000076293945,170.06333923339844,93.4000015258789,478.0,37.099998474121094,134.39999389648438,41.650001525878906,45.625,34.650001525878906,133.63999938964844,114.0999984741211,3911100,66042200,1763600,592100,24808000,46543600,10887700,15843400,5785700,9755800,8350700,3737700,1846000,43379400,9019800,7854700,2257200,3080900,6379900,4919400,11144300,382653000,25856100,1604900,7294800,8428600,1871100,6396500,3443300,14762500,2997600,14337200,48737400,38612300,11042600,18304000
2023-09-06,132.21450805664062,109.27999877929688,228.93374633789062,650.5287475585938,84.26983642578125,26.693614959716797,52.39894485473633,37.932899475097656,112.8355484008789,148.26512145996094,48.6661376953125,120.58704376220703,303.16619873046875,36.371681213378906,146.65167236328125,136.3130645751953,549.3179321289062,139.77569580078125,97.7906494140625,77.19402313232422,69.64253997802734,47.02811813354492,28.835803985595703,106.76873016357422,108.60742950439453,57.06151580810547,166.1102752685547,88.63060760498047,451.4621887207031,31.88359260559082,123.89900207519531,38.35924530029297,41.74831008911133,32.84483337402344,125.57763671875,104.4350357055664,145.61000061035156,109.27999877929688,249.00999450683594,666.0399780273438,87.22699737548828,28.389999389648438,59.66999816894531,41.369998931884766,123.06999969482422,166.6300048828125,53.4900016784668,133.1199951171875,321.1300048828125,36.97999954223633,158.00999450683594,144.9600067138672,559.9500122070312,147.88999938964844,106.48999786376953,84.16000366210938,70.41000366210938,47.06100082397461,34.369998931884766,118.36000061035156,114.68000030517578,61.0,169.3766632080078,92.26000213623047,476.94000244140625,36.119998931884766,134.02999877929688,41.02000045776367,45.630001068115234,34.31999969482422,131.47000122070312,114.51000213623047,146.1199951171875,111.33000183105469,254.44000244140625,669.7899780273438,87.73699951171875,28.559999465942383,60.400001525878906,41.4900016784668,123.44000244140625,167.44000244140625,54.13999938964844,134.44000244140625,324.1400146484375,37.040000915527344,160.0,145.5399932861328,561.5900268554688,148.60000610351562,107.0,84.75,70.66000366210938,48.54899978637695,35.279998779296875,120.16000366210938,116.72000122070312,61.36000061035156,171.25999450683594,93.95999908447266,483.1600036621094,36.540000915527344,135.02000427246094,41.400001525878906,45.875,34.38999938964844,132.16000366210938,114.58999633789062,143.74000549316406,108.22000122070312,248.3800048828125,657.0800170898438,86.67400360107422,28.1200008392334,59.45000076293945,40.90999984741211,121.91999816894531,165.5800018310547,53.150001525878906,132.02999877929688,319.30999755859375,36.029998779296875,157.35000610351562,144.11000061035156,552.7000122070312,146.02000427246094,104.91999816894531,83.3499984741211,69.63999938964844,46.58000183105469,34.2599983215332,117.52999877929688,113.62999725341797,60.099998474121094,167.47332763671875,91.58999633789062,476.3800048828125,35.70000076293945,131.82000732421875,40.599998474121094,45.29499816894531,34.06999969482422,130.8300018310547,113.2300033569336,146.10000610351562,110.55999755859375,254.44000244140625,666.1500244140625,87.25,28.399999618530273,60.29999923706055,41.02000045776367,122.47000122070312,166.27999877929688,53.40999984741211,133.24000549316406,322.30999755859375,36.560001373291016,159.83999633789062,144.6999969482422,561.02001953125,146.64999389648438,106.76000213623047,84.27999877929688,70.12999725341797,48.441001892089844,35.2599983215332,120.0,116.0,60.31999969482422,170.13333129882812,93.8499984741211,482.0899963378906,36.2599983215332,132.97000122070312,41.209999084472656,45.52000045776367,34.25,132.02999877929688,113.4800033569336,5304300,47736700,1988900,870800,20142000,45022600,12247200,13675200,4664000,7195500,5102700,2015400,2120800,39643400,9753800,8629200,2424300,2593800,7926100,5384000,9192800,468670000,35370200,1841600,7411900,9299800,2008200,7933700,2596100,8711900,3163400,18775400,40324200,35672800,12840000,13325500
2023-09-07,135.21090698242188,106.58999633789062,233.8800048828125,622.936767578125,82.79750061035156,26.44915008544922,52.66239547729492,37.3460693359375,111.5886459350586,148.27403259277344,47.765419006347656,119.16486358642578,303.9497375488281,37.55194091796875,148.52647399902344,135.1470184326172,562.3456420898438,142.611083984375,99.12222290039062,76.90049743652344,69.10843658447266,46.20869445800781,28.760297775268555,104.43238067626953,100.76587677001953,56.90249252319336,162.30831909179688,86.50753784179688,458.9117736816406,31.451065063476562,125.95118713378906,37.80751037597656,41.70714569091797,32.758705139160156,126.14115905761719,103.92430877685547,148.91000366210938,106.58999633789062,254.38999938964844,637.7899780273438,85.7030029296875,28.1299991607666,59.970001220703125,40.72999954223633,121.70999908447266,166.63999938964844,52.5,131.5500030517578,321.9599914550781,38.18000030517578,160.02999877929688,143.72000122070312,573.22998046875,150.88999938964844,107.94000244140625,83.83999633789062,69.87000274658203,46.24100112915039,34.279998779296875,115.7699966430664,106.4000015258789,60.83000183105469,165.5,90.05000305175781,484.80999755859375,35.630001068115234,136.25,40.43000030517578,45.584999084472656,34.22999954223633,132.05999755859375,113.94999694824219,149.0,107.69000244140625,254.6999969482422,639.6699829101562,86.16899871826172,28.549999237060547,60.5,41.369998931884766,123.68000030517578,167.89999389648438,53.77000045776367,133.82000732421875,324.2200012207031,38.34000015258789,161.05999755859375,145.27000427246094,576.3099975585938,151.02999877929688,108.69000244140625,84.87000274658203,70.29000091552734,46.34400177001953,34.63999938964844,118.58999633789062,110.69999694824219,61.380001068115234,165.97332763671875,90.29000091552734,487.1099853515625,36.290000915527344,137.07000732421875,41.02000045776367,45.95500183105469,34.380001068115234,132.6300048828125,115.8499984741211,145.8699951171875,105.08999633789062,250.39999389648438,628.8599853515625,84.052001953125,28.059999465942383,59.86000061035156,40.70000076293945,121.61000061035156,166.27999877929688,52.36000061035156,131.38999938964844,320.1300048828125,36.75,158.97999572753906,143.38999938964844,562.6199951171875,148.0,106.86000061035156,83.77999877929688,69.0999984741211,45.152000427246094,34.040000915527344,115.72000122070312,106.06999969482422,60.689998626708984,163.413330078125,88.43000030517578,478.6000061035156,35.5099983215332,134.00999450683594,40.29999923706055,45.505001068115234,34.130001068115234,131.77000427246094,113.69999694824219,146.14999389648438,106.13999938964844,250.5399932861328,637.6300048828125,85.94999694824219,28.40999984741211,59.869998931884766,41.06999969482422,122.98999786376953,167.13999938964844,53.29999923706055,133.17999267578125,320.6199951171875,36.83000183105469,159.13999938964844,144.1300048828125,564.1900024414062,148.6300048828125,106.91000366210938,83.98999786376953,69.44999694824219,45.525001525878906,34.470001220703125,117.0,110.5999984741211,60.970001220703125,165.49000549316406,90.06999969482422,479.8999938964844,35.88999938964844,134.24000549316406,40.72999954223633,45.720001220703125,34.18000030517578,131.8699951171875,114.6500015258789,5142100,49080100,2228300,1236200,27789000,35023600,9697600,12406100,3503900,7925900,7234400,1588700,1471100,67659700,9931800,8373700,3707100,3641400,8532600,5504200,12043200,433330000,26777700,2009400,17947800,7867600,3877500,14684400,2928000,7296900,3691500,13801000,30729200,47632600,11055700,13248500
2023-09-08,135.310791015625,106.08999633789062,238.51365661621094,613.2379760742188,82.84773254394531,26.665409088134766,53.4088134765625,37.21769714355469,112.51465606689453,148.78123474121094,47.910987854003906,120.2337646484375,307.3106384277344,37.384735107421875,149.0183868408203,135.25047302246094,575.324462890625,146.78858947753906,100.14152526855469,77.89109802246094,69.41505432128906,45.54015350341797,28.735126495361328,105.47879028320312,100.5196533203125,56.28511047363281,161.4682159423828,86.11367797851562,456.85919189453125,31.87476348876953,131.322021484375,38.34053421020508,42.10970687866211,32.82569885253906,126.14115905761719,105.43824768066406,149.02000427246094,106.08999633789062,259.42999267578125,627.8599853515625,85.75499725341797,28.360000610351562,60.81999969482422,40.59000015258789,122.72000122070312,167.2100067138672,52.65999984741211,132.72999572753906,325.5199890136719,38.0099983215332,160.55999755859375,143.8300018310547,586.4600219726562,155.30999755859375,109.05000305175781,84.91999816894531,70.18000030517578,45.571998596191406,34.25,116.93000030517578,106.13999938964844,60.16999816894531,164.64332580566406,89.63999938964844,480.7699890136719,36.11000061035156,142.05999755859375,41.0,46.025001525878906,34.29999923706055,132.05999755859375,115.61000061035156,149.75999450683594,109.73999786376953,260.3399963378906,633.02001953125,86.08300018310547,28.3799991607666,60.88999938964844,40.689998626708984,124.01000213623047,168.49000549316406,53.33000183105469,133.74000549316406,325.9700012207031,38.83000183105469,160.67999267578125,144.1199951171875,587.5499877929688,156.8699951171875,109.13999938964844,84.94999694824219,70.61000061035156,46.60599899291992,34.38999938964844,117.12999725341797,107.06999969482422,61.15999984741211,166.35000610351562,91.06999969482422,482.9700012207031,36.20000076293945,143.14999389648438,41.119998931884766,46.35499954223633,34.369998931884766,132.4600067138672,116.05000305175781,148.1999969482422,105.75,254.97000122070312,625.219970703125,85.01200103759766,27.959999084472656,60.0099983215332,40.279998779296875,122.44999694824219,166.7100067138672,52.56999969482422,132.1199951171875,321.6600036621094,37.709999084472656,159.19000244140625,142.64999389648438,571.219970703125,151.80999755859375,107.54000091552734,83.66000366210938,69.61000061035156,45.270999908447266,34.04999923706055,115.0199966430664,105.51000213623047,59.81999969482422,163.9566650390625,89.31999969482422,478.75,35.27000045776367,137.47000122070312,40.33000183105469,45.775001525878906,34.130001068115234,131.75,114.31999969482422,149.0,107.0199966430664,255.75,628.3699951171875,85.5,28.1200008392334,60.15999984741211,40.61000061035156,122.76000213623047,167.4199981689453,52.83000183105469,132.67999267578125,321.9200134277344,38.119998931884766,159.58999633789062,143.3699951171875,572.3300170898438,152.39999389648438,107.54000091552734,84.1500015258789,69.7699966430664,45.94200134277344,34.22999954223633,116.31999969482422,106.16999816894531,60.619998931884766,165.14999389648438,90.75,480.19000244140625,35.77000045776367,138.27999877929688,40.45000076293945,45.79999923706055,34.2599983215332,131.77999877929688,114.52999877929688,4339800,46232000,2449000,873200,16810000,36513900,9526700,15055400,4368400,7434400,5123400,2398300,2026400,44255200,6957000,7107900,4308300,4432100,6807500,6127600,9805000,473069000,19467700,2097600,9819300,8323600,1333800,5820800,1858400,8361700,5146900,13921200,34739000,39720800,8716900,14283200
2023-09-11,135.32891845703125,105.31999969482422,240.6190185546875,613.0913696289062,83.00135040283203,26.77823829650879,53.40003204345703,37.21769714355469,110.42426300048828,145.71142578125,46.20052719116211,117.91477966308594,306.48931884765625,37.955196380615234,150.96743774414062,135.84288024902344,584.251708984375,145.61660766601562,99.72828674316406,76.59782409667969,69.26668548583984,45.14643096923828,28.47504234313965,106.46202850341797,104.44042205810547,56.84636688232422,161.3766632080078,86.07524871826172,455.538330078125,31.954212188720703,132.8750457763672,38.64913558959961,41.55617141723633,32.978816986083984,127.01039123535156,104.11582946777344,149.0399932861328,105.31999969482422,261.7200012207031,627.7100219726562,85.91400146484375,28.479999542236328,60.810001373291016,40.59000015258789,120.44000244140625,163.75999450683594,50.779998779296875,130.1699981689453,324.6499938964844,38.59000015258789,162.66000366210938,144.4600067138672,595.5599975585938,154.07000732421875,108.5999984741211,83.51000213623047,70.02999877929688,45.178001403808594,33.939998626708984,118.0199966430664,110.27999877929688,60.77000045776367,164.5500030517578,89.5999984741211,479.3800048828125,36.20000076293945,143.74000549316406,41.33000183105469,45.41999816894531,34.459999084472656,132.97000122070312,114.16000366210938,149.41000366210938,107.51000213623047,262.80999755859375,631.530029296875,86.9000015258789,28.760000228881836,61.43000030517578,41.369998931884766,123.9000015258789,168.58999633789062,53.15999984741211,134.36000061035156,330.1499938964844,38.7400016784668,162.69000244140625,145.0500030517578,598.1599731445312,157.99000549316406,109.44000244140625,85.66999816894531,70.86000061035156,46.16299819946289,34.29999923706055,119.41999816894531,111.83999633789062,61.400001525878906,166.74000549316406,90.38999938964844,483.8399963378906,36.70000076293945,145.44000244140625,41.720001220703125,46.5,34.63999938964844,133.22999572753906,116.68000030517578,148.4199981689453,103.0,257.4100036621094,618.3800048828125,84.56500244140625,28.399999618530273,60.68000030517578,40.529998779296875,119.81999969482422,162.8699951171875,50.36000061035156,129.47999572753906,324.2900085449219,37.84000015258789,160.4499969482422,143.69000244140625,584.47998046875,152.97999572753906,108.33999633789062,83.3499984741211,69.30999755859375,44.3120002746582,33.540000915527344,117.63999938964844,108.81999969482422,60.380001068115234,162.3300018310547,89.16000366210938,478.0,36.11000061035156,141.24000549316406,41.209999084472656,45.23500061035156,34.369998931884766,131.97999572753906,113.56999969482422,148.86000061035156,107.31999969482422,258.2099914550781,630.8300170898438,86.87699890136719,28.510000228881836,60.75,40.810001373291016,123.44000244140625,168.0800018310547,53.15999984741211,133.75999450683594,328.260009765625,38.2400016784668,161.05999755859375,144.75,587.1500244140625,155.94000244140625,109.33000183105469,85.37999725341797,70.83000183105469,46.14799880981445,34.2400016784668,118.08999633789062,111.2699966430664,61.0099983215332,166.7100067138672,90.0999984741211,481.9800109863281,36.5,143.0,41.380001068115234,46.36000061035156,34.459999084472656,132.0,116.18000030517578,2911600,50611300,2135100,1066300,15710000,34168300,14363500,11404200,4294500,7155100,12427600,2831300,1283100,36349300,6309300,6854200,3876500,3803000,5069300,7780900,9310400,473966000,27574400,1242000,18771700,8392300,1422900,7268600,2059200,7300200,5554700,15053800,44095000,28965100,7179000,14383600
2023-09-12,135.53781127929688,105.30999755859375,239.32269287109375,604.3887939453125,81.58892059326172,27.23895835876465,52.89949035644531,38.21714401245117,112.84471130371094,148.42527770996094,46.755516052246094,121.46572875976562,312.3896179199219,38.22075653076172,151.82127380371094,137.6107177734375,587.9207153320312,147.28004455566406,100.11397552490234,78.46896362304688,69.54363250732422,44.83863830566406,28.651227951049805,112.62315368652344,105.34011840820312,58.09049987792969,160.00694274902344,86.92063903808594,456.032470703125,32.660377502441406,135.20455932617188,39.780643463134766,42.535160064697266,33.19893264770508,126.84797668457031,107.15283966064453,149.27000427246094,105.30999755859375,260.30999755859375,618.7999877929688,84.4520034790039,28.969999313354492,60.2400016784668,41.68000030517578,123.08000183105469,166.80999755859375,51.38999938964844,134.08999633789062,330.8999938964844,38.86000061035156,163.5800018310547,146.33999633789062,599.2999877929688,155.8300018310547,109.0199966430664,85.55000305175781,70.30999755859375,44.869998931884766,34.150001525878906,124.8499984741211,111.2300033569336,62.099998474121094,163.15333557128906,90.4800033569336,479.8999938964844,37.0,146.25999450683594,42.540000915527344,46.4900016784668,34.689998626708984,132.8000030517578,117.48999786376953,149.60000610351562,106.73999786376953,263.0199890136719,622.989990234375,85.8270034790039,29.139999389648438,61.02000045776367,42.060001373291016,123.44000244140625,167.19000244140625,52.0099983215332,134.22000122070312,335.2799987792969,40.06999969482422,163.92999267578125,147.32000732421875,601.1300048828125,156.72999572753906,109.4800033569336,86.52999877929688,71.69000244140625,45.67300033569336,34.209999084472656,125.19999694824219,112.73999786376953,62.119998931884766,165.93666076660156,91.56999969482422,483.6400146484375,37.220001220703125,147.30999755859375,42.970001220703125,46.540000915527344,34.939998626708984,133.14999389648438,117.66999816894531,147.6199951171875,103.18000030517578,257.8599853515625,610.2000122070312,84.16600036621094,28.399999618530273,59.84000015258789,40.560001373291016,121.19999694824219,165.10000610351562,51.20000076293945,131.4199981689453,324.0,38.650001525878906,161.52999877929688,144.0500030517578,587.8499755859375,153.2899932861328,107.55000305175781,83.2300033569336,69.79000091552734,44.53099822998047,33.75,118.01000213623047,109.51000213623047,60.849998474121094,163.0366668701172,90.41999816894531,472.1199951171875,35.95000076293945,143.17999267578125,41.27000045776367,45.82500076293945,34.40999984741211,131.85000610351562,115.2699966430664,149.5,104.19999694824219,262.67999267578125,611.0,85.02400207519531,28.459999084472656,61.0099983215332,40.56999969482422,121.25,165.3000030517578,51.349998474121094,131.47000122070312,324.010009765625,38.650001525878906,162.22000122070312,144.5,590.969970703125,154.64999389648438,108.41999816894531,83.33999633789062,69.95999908447266,44.737998962402344,33.970001220703125,118.18000030517578,109.58000183105469,61.29999923706055,163.4633331298828,90.45999908447266,477.3800048828125,36.38999938964844,143.97000122070312,41.40999984741211,45.90999984741211,34.45000076293945,132.57000732421875,115.33999633789062,2424800,44413600,1574000,1311300,16680000,42284000,9949000,24774700,4486600,7521100,8137200,2442200,2054700,55326600,6045800,8363200,3212100,2841200,4605400,8942600,11062100,349256000,17987200,4910900,9250100,11476400,1720500,8242600,2195200,10376400,4273900,18393900,53599400,48615200,6941700,20145800
2023-09-13,137.25389099121094,107.70999908447266,236.4910430908203,602.6796875,82.40140533447266,27.15433692932129,52.381378173828125,38.84981155395508,112.13874816894531,147.88250732421875,46.082252502441406,120.39681243896484,316.2414245605469,38.07322692871094,152.2018280029297,137.6765594482422,587.5086669921875,146.94923400878906,99.00281524658203,80.02825164794922,70.07774353027344,45.45322036743164,28.592500686645508,111.50458526611328,106.67544555664062,56.706050872802734,160.8274688720703,87.63151550292969,455.97540283203125,31.02735710144043,134.4835205078125,39.50946044921875,42.21492385864258,33.19893264770508,126.86711883544922,106.19522094726562,151.16000366210938,107.70999908447266,257.2300109863281,617.0499877929688,85.29299926757812,28.8799991607666,59.650001525878906,42.369998931884766,122.30999755859375,166.1999969482422,50.650001525878906,132.91000366210938,334.9800109863281,38.709999084472656,163.99000549316406,146.41000366210938,598.8800048828125,155.47999572753906,107.80999755859375,87.25,70.8499984741211,45.48500061035156,34.08000183105469,123.61000061035156,112.63999938964844,60.619998931884766,163.99000549316406,91.22000122070312,479.8399963378906,35.150001525878906,145.47999572753906,42.25,46.13999938964844,34.689998626708984,132.82000732421875,116.44000244140625,152.39999389648438,108.73999786376953,260.2200012207031,619.9600219726562,85.91100311279297,29.190000534057617,60.58000183105469,42.900001525878906,123.69999694824219,167.75,51.61000061035156,134.5500030517578,337.010009765625,39.150001525878906,164.9499969482422,147.6999969482422,600.75,156.50999450683594,109.66999816894531,87.80000305175781,71.86000061035156,45.93000030517578,34.619998931884766,126.63999938964844,113.5999984741211,62.029998779296875,165.64666748046875,91.88999938964844,484.0400085449219,37.369998931884766,146.69000244140625,42.880001068115234,46.630001068115234,34.88999938964844,133.35000610351562,117.95999908447266,149.0500030517578,104.83000183105469,257.0199890136719,613.8099975585938,84.42400360107422,28.700000762939453,59.650001525878906,41.68000030517578,121.47000122070312,165.5800018310547,50.349998474121094,131.9199981689453,330.82000732421875,38.25,163.0,145.82000732421875,591.7000122070312,153.99000549316406,107.66999816894531,86.1500015258789,70.36000061035156,44.50299835205078,34.0,122.8499984741211,111.52999877929688,60.470001220703125,162.93333435058594,90.4800033569336,479.4599914550781,35.0099983215332,143.57000732421875,42.119998931884766,45.900001525878906,34.560001373291016,132.44000244140625,115.9000015258789,149.4199981689453,105.0999984741211,259.3399963378906,614.3699951171875,84.71900177001953,29.1200008392334,60.25,41.939998626708984,123.4800033569336,167.41000366210938,51.599998474121094,134.11000061035156,333.5,38.79999923706055,163.75999450683594,147.33999633789062,594.6599731445312,155.9499969482422,108.9800033569336,86.1500015258789,71.05000305175781,44.599998474121094,34.209999084472656,126.0,111.58000183105469,61.93000030517578,163.10667419433594,90.5999984741211,481.42999267578125,37.25,146.5399932861328,42.709999084472656,46.53499984741211,34.849998474121094,132.47999572753906,117.41000366210938,5953700,44702300,2182800,1077000,17413000,37215700,19392200,31031900,3879700,5759500,7766900,1963400,2165000,35407800,7397500,8325900,3126600,3177200,6761500,10617400,14525500,398355000,23853300,2747800,8131500,7914300,2927700,5757800,2197800,15995500,3184900,15274200,36315400,31994900,6430300,13472800
2023-09-14,139.50575256347656,106.62999725341797,241.15223693847656,607.4168701171875,84.20896911621094,27.455217361450195,52.240882873535156,39.55583953857422,114.14662170410156,148.79898071289062,46.78965759277344,121.9820556640625,325.2949523925781,38.03388214111328,151.9698028564453,140.34716796875,580.376708984375,147.62030029296875,100.07530975341797,81.69761657714844,71.00749969482422,45.54915237426758,28.651227951049805,114.5355453491211,108.0013198852539,57.622772216796875,161.97817993164062,88.32775115966797,459.5484924316406,31.530506134033203,134.91799926757812,40.257564544677734,42.708984375,33.50517654418945,127.26828002929688,108.09220886230469,153.63999938964844,106.62999725341797,262.29998779296875,621.9000244140625,87.16400146484375,29.200000762939453,59.4900016784668,43.13999938964844,124.5,167.22999572753906,50.93000030517578,134.66000366210938,344.57000732421875,38.66999816894531,163.74000549316406,149.25,591.6099853515625,156.19000244140625,108.23999786376953,89.06999969482422,71.79000091552734,45.58100128173828,34.150001525878906,126.97000122070312,114.04000091552734,61.599998474121094,165.163330078125,91.47000122070312,483.6000061035156,35.720001220703125,145.9499969482422,43.04999923706055,46.68000030517578,35.0099983215332,133.24000549316406,118.5199966430664,154.69000244140625,109.1500015258789,263.1400146484375,624.7999877929688,87.66699981689453,29.440000534057617,60.54999923706055,43.439998626708984,124.88999938964844,168.5,51.36000061035156,136.0500030517578,345.1199951171875,38.900001525878906,165.27000427246094,149.89999389648438,601.8400268554688,157.72000122070312,108.51000213623047,89.11000061035156,72.2300033569336,45.98699951171875,34.380001068115234,127.37000274658203,114.73999786376953,61.65999984741211,165.85667419433594,92.93000030517578,485.2699890136719,36.08000183105469,147.60000610351562,43.38999938964844,46.845001220703125,35.060001373291016,133.64999389648438,118.66000366210938,151.8000030517578,106.22000122070312,258.5400085449219,615.3599853515625,85.5,29.100000381469727,59.279998779296875,42.72999954223633,123.44000244140625,167.1199951171875,50.27000045776367,133.77000427246094,336.8500061035156,38.29999923706055,163.44000244140625,147.52000427246094,590.010009765625,155.88999938964844,106.95999908447266,87.91999816894531,71.27999877929688,45.13100051879883,33.97999954223633,124.80000305175781,113.0,60.84000015258789,163.60000610351562,91.2699966430664,478.7799987792969,35.43000030517578,145.22000122070312,42.70000076293945,46.47999954223633,34.7599983215332,132.83999633789062,117.33000183105469,152.00999450683594,108.43000030517578,258.8999938964844,620.8099975585938,85.90299987792969,29.170000076293945,60.13999938964844,42.790000915527344,123.5,167.6999969482422,50.959999084472656,134.4600067138672,339.0,38.810001373291016,164.67999267578125,147.83999633789062,599.239990234375,157.14999389648438,107.69000244140625,88.08000183105469,71.66999816894531,45.95000076293945,34.2400016784668,124.80000305175781,113.7699966430664,61.369998931884766,165.5800018310547,92.77999877929688,482.6300048828125,35.599998474121094,147.0,42.810001373291016,46.619998931884766,34.93000030517578,133.57000732421875,117.55000305175781,6336900,45920600,3072400,1237000,19648000,44634800,18147800,19422800,4686200,8822800,9639000,2370000,2822700,30616500,7758400,10034900,3244800,3526400,6872400,8109600,11170300,370097000,23759900,2396600,7138100,6862500,2022000,6506300,2334300,19880500,3737600,20764500,37099800,65685500,6433300,15210700
2023-09-15,138.12557983398438,101.48999786376953,239.69964599609375,582.7645263671875,82.2806396484375,27.116722106933594,51.83692932128906,39.16156768798828,113.2939682006836,148.1494903564453,45.64128112792969,119.73555755615234,323.3785400390625,37.256874084472656,149.8444366455078,139.93341064453125,564.7296142578125,145.37088012695312,99.4096450805664,81.09223937988281,69.1183090209961,43.86932373046875,28.584108352661133,113.97625732421875,107.14897918701172,56.66864013671875,157.3034210205078,86.18401336669922,462.49432373046875,31.02735710144043,132.819580078125,40.16405487060547,42.09141540527344,33.332923889160156,126.26533508300781,106.4323501586914,152.1199951171875,101.48999786376953,260.7200012207031,596.6599731445312,85.16799926757812,28.84000015258789,59.029998779296875,42.709999084472656,123.56999969482422,166.5,49.68000030517578,132.17999267578125,342.5400085449219,37.880001068115234,161.4499969482422,148.80999755859375,575.6599731445312,153.80999755859375,107.5199966430664,88.41000366210938,69.87999725341797,43.900001525878906,34.06999969482422,126.3499984741211,113.13999938964844,60.58000183105469,160.39666748046875,89.25,486.70001220703125,35.150001525878906,143.67999267578125,42.95000076293945,46.005001068115234,34.83000183105469,132.19000244140625,116.69999694824219,154.6999969482422,106.76000213623047,263.92999267578125,605.22998046875,86.81600189208984,29.09000015258789,59.83000183105469,43.2400016784668,125.98999786376953,168.3699951171875,50.52000045776367,134.61000061035156,346.19000244140625,38.52000045776367,164.82000732421875,149.72999572753906,594.0599975585938,155.80999755859375,108.93000030517578,88.7300033569336,71.62999725341797,45.5989990234375,34.41999816894531,127.44000244140625,115.19000244140625,61.41999816894531,164.18333435058594,91.13999938964844,489.82000732421875,35.709999084472656,145.30999755859375,43.310001373291016,46.70500183105469,35.040000915527344,133.5500030517578,118.51000213623047,151.92999267578125,101.27999877929688,259.82000732421875,594.02001953125,84.29000091552734,28.75,58.86000061035156,42.65999984741211,123.19000244140625,165.8800048828125,49.470001220703125,131.60000610351562,341.8599853515625,37.619998931884766,161.2100067138672,148.30999755859375,575.0599975585938,153.0399932861328,107.26000213623047,87.94000244140625,69.63999938964844,43.80799865722656,33.810001373291016,125.69000244140625,112.45999908447266,60.06999969482422,159.5833282470703,88.86000061035156,484.1400146484375,34.91999816894531,143.0800018310547,42.61000061035156,46.005001068115234,34.7599983215332,132.10000610351562,116.5,152.77999877929688,106.06999969482422,263.760009765625,602.6199951171875,86.81600189208984,28.950000762939453,59.439998626708984,42.75,124.05000305175781,166.2100067138672,50.5,133.50999450683594,345.1499938964844,38.41999816894531,163.97999572753906,148.9199981689453,592.0,154.22999572753906,108.12000274658203,88.19000244140625,71.29000091552734,45.340999603271484,34.060001373291016,126.0199966430664,113.97000122070312,61.060001373291016,164.18333435058594,90.51000213623047,485.739990234375,35.31999969482422,144.72999572753906,42.66999816894531,46.25,34.779998779296875,132.9199981689453,117.9000015258789,8868300,71103600,6161100,2841400,50190000,61661100,22379200,22983200,12441000,17439700,26185000,4880300,3063900,68881200,13392100,19863400,5941200,11636400,9639000,17629500,16416100,506831000,58063800,3619500,12247400,19793700,2901000,19940500,5334300,46217300,8068000,47371800,49612800,51800200,9611900,34568400
2023-09-18,139.77816772460938,102.37000274658203,241.93370056152344,583.8095703125,82.11833190917969,27.041505813598633,51.441776275634766,39.097381591796875,114.12828063964844,148.7901153564453,45.475914001464844,119.46380615234375,324.1148986816406,37.36506652832031,150.7910919189453,140.22488403320312,560.4328002929688,147.76206970214844,99.68700408935547,81.36741638183594,69.7315673828125,43.935279846191406,28.223342895507812,112.46981048583984,106.7796401977539,57.25795364379883,157.8395233154297,85.7784423828125,461.8861083984375,30.674274444580078,135.22305297851562,40.61292266845703,42.44810104370117,33.42424392700195,126.07351684570312,107.2896499633789,153.94000244140625,102.37000274658203,263.1499938964844,597.72998046875,85.0,28.760000228881836,58.58000183105469,42.63999938964844,124.4800033569336,167.22000122070312,49.5,131.8800048828125,343.32000732421875,37.9900016784668,162.47000122070312,149.1199951171875,571.280029296875,156.33999633789062,107.81999969482422,88.70999908447266,70.5,43.965999603271484,33.63999938964844,124.68000030517578,112.75,61.209999084472656,160.94332885742188,88.83000183105469,486.05999755859375,34.75,146.27999877929688,43.43000030517578,46.05500030517578,34.77000045776367,131.4499969482422,117.63999938964844,153.97000122070312,102.98999786376953,265.2200012207031,598.3599853515625,85.63300323486328,28.799999237060547,59.150001525878906,42.779998779296875,125.7300033569336,168.36000061035156,50.18000030517578,133.83999633789062,344.260009765625,38.38999938964844,163.14999389648438,149.13999938964844,578.0,157.8300018310547,107.94000244140625,89.05000305175781,71.05000305175781,44.242000579833984,34.119998931884766,126.19999694824219,113.83000183105469,61.779998779296875,161.53334045410156,89.66999816894531,488.739990234375,34.970001220703125,148.4199981689453,43.599998474121094,46.275001525878906,34.81999969482422,131.99000549316406,118.23999786376953,152.10000610351562,99.44999694824219,261.92999267578125,588.010009765625,84.0,28.489999771118164,58.33000183105469,42.400001525878906,124.06999969482422,166.39999389648438,49.08000183105469,131.14999389648438,339.2699890136719,37.5099983215332,160.75,147.75,564.4099731445312,155.10000610351562,106.8499984741211,87.55000305175781,69.91000366210938,42.0,33.439998626708984,124.5,112.45999908447266,60.81999969482422,158.8433380126953,88.43000030517578,483.6000061035156,34.47999954223633,144.8000030517578,42.77000045776367,45.71500015258789,34.52000045776367,130.9499969482422,116.69999694824219,153.0800018310547,100.81999969482422,263.3800048828125,588.1799926757812,84.25800323486328,28.799999237060547,59.040000915527344,42.599998474121094,125.18000030517578,167.8699951171875,50.0,133.72000122070312,342.5400085449219,37.619998931884766,162.1199951171875,148.16000366210938,578.0,155.52000427246094,107.7699966430664,88.56999969482422,70.6500015258789,42.74800109863281,34.119998931884766,126.0,112.88999938964844,61.0,159.1666717529297,88.54000091552734,488.4100036621094,34.84000015258789,145.4199981689453,42.9900016784668,46.13999938964844,34.630001068115234,131.86000061035156,117.52999877929688,2967600,49061300,1770100,1071700,16541000,25752300,16914900,10467400,4945300,7027600,9265500,1998900,1356600,29322200,5789000,6512400,2723600,3003600,3911300,5501900,12735700,500271000,25421900,1431300,5065100,6232100,1722600,6647400,1997500,10954900,4418400,15849700,33746600,32458700,6559400,14045300
2023-09-19,139.3695526123047,101.61000061035156,243.00018310546875,579.9418334960938,82.04105377197266,26.938079833984375,51.48568344116211,39.13405990600586,112.91807556152344,148.7723388671875,45.00736999511719,116.85493469238281,322.7649230957031,35.742210388183594,150.54049682617188,140.04624938964844,564.04296875,143.80194091796875,99.2616958618164,81.1839599609375,69.93927001953125,43.48958969116211,28.51698875427246,112.02777099609375,104.85712432861328,56.528324127197266,156.50904846191406,85.14110565185547,456.75469970703125,30.533042907714844,131.87667846679688,40.416542053222656,42.05177307128906,33.38579559326172,126.17903900146484,107.00692749023438,153.49000549316406,101.61000061035156,264.30999755859375,593.77001953125,84.91999816894531,28.649999618530273,58.630001068115234,42.68000030517578,123.16000366210938,167.1999969482422,48.9900016784668,129.0,341.8900146484375,36.34000015258789,162.1999969482422,148.92999267578125,574.9600219726562,152.14999389648438,107.36000061035156,88.51000213623047,70.70999908447266,43.52000045776367,33.9900016784668,124.19000244140625,110.72000122070312,60.43000030517578,159.586669921875,88.16999816894531,480.6600036621094,34.59000015258789,142.66000366210938,43.220001220703125,45.625,34.72999954223633,131.55999755859375,117.33000183105469,154.63999938964844,102.86000061035156,265.7699890136719,598.1500244140625,85.10299682617188,28.940000534057617,58.91999816894531,42.86000061035156,126.02999877929688,168.9600067138672,50.25,133.5500030517578,344.9700012207031,38.099998474121094,162.85000610351562,149.72000122070312,578.4099731445312,157.64999389648438,108.18000030517578,89.47000122070312,71.05999755859375,43.965999603271484,34.0099983215332,125.48999786376953,112.33999633789062,61.70000076293945,160.5500030517578,88.83999633789062,485.7300109863281,34.9900016784668,147.8000030517578,43.7400016784668,46.46500015258789,34.869998931884766,131.83999633789062,118.83999633789062,151.60000610351562,100.69999694824219,262.44000244140625,589.1300048828125,83.8499984741211,28.510000228881836,58.34000015258789,42.470001220703125,122.18000030517578,166.42999267578125,48.869998931884766,127.72000122070312,337.9700012207031,36.02000045776367,161.3800048828125,147.2100067138672,570.6300048828125,150.27999877929688,106.91000366210938,87.94000244140625,69.97000122070312,43.00199890136719,33.52000045776367,123.19999694824219,109.91000366210938,59.83000183105469,158.73666381835938,87.79000091552734,476.5400085449219,34.18000030517578,141.8800048828125,42.900001525878906,45.35499954223633,34.5099983215332,130.67999267578125,116.61000061035156,153.88999938964844,101.75,263.1400146484375,596.0399780273438,84.5989990234375,28.760000228881836,58.560001373291016,42.790000915527344,125.83999633789062,168.69000244140625,50.099998474121094,133.30999755859375,343.4599914550781,38.040000915527344,162.25,149.5,571.6199951171875,157.64999389648438,107.6500015258789,88.77999877929688,70.62000274658203,43.83300018310547,33.54999923706055,125.11000061035156,112.19999694824219,61.70000076293945,160.4633331298828,88.44999694824219,483.760009765625,34.560001373291016,147.67999267578125,43.54999923706055,46.400001525878906,34.79999923706055,131.22999572753906,118.62000274658203,3509700,41704100,1528200,893500,13126000,34888100,10455600,11031700,4190700,6615100,9549400,3671700,1660200,53288100,5550800,7943400,2185100,4507700,5818300,5769000,10399000,373064000,30323300,1171800,5658800,9067700,1553700,7172100,3230700,10903700,4568700,15318100,36264400,36112900,6252400,12562900
2023-09-20,139.478515625,100.33999633789062,249.57373046875,576.1425170898438,80.67823791503906,26.844053268432617,51.61739730834961,38.78563690185547,111.09354400634766,148.31851196289062,43.987606048583984,113.6844482421875,317.865234375,34.11935043334961,151.19947814941406,139.45382690429688,558.8239135742188,144.29342651367188,99.21546936035156,79.92735290527344,68.9205093383789,42.2094841003418,28.20656394958496,111.8113021850586,103.4365463256836,55.92964172363281,153.9395751953125,84.29134368896484,467.65423583984375,30.3741512298584,132.16326904296875,40.089237213134766,41.66006088256836,33.15508270263672,126.18860626220703,106.15874481201172,153.61000061035156,100.33999633789062,271.4599914550781,589.8800048828125,83.05699920654297,28.549999237060547,58.779998779296875,42.29999923706055,121.16999816894531,166.69000244140625,47.880001068115234,125.5,336.70001220703125,34.689998626708984,162.91000366210938,148.3000030517578,569.6400146484375,152.6699981689453,107.30999755859375,87.13999938964844,69.68000030517578,42.23899841308594,33.619998931884766,123.94999694824219,109.22000122070312,59.790000915527344,156.96665954589844,87.29000091552734,492.1300048828125,34.40999984741211,142.97000122070312,42.869998931884766,45.20000076293945,34.4900016784668,131.57000732421875,116.4000015258789,154.8800048828125,103.94000244140625,273.0799865722656,600.8300170898438,84.9990005493164,28.969999313354492,59.310001373291016,43.130001068115234,123.80999755859375,168.50999450683594,49.060001373291016,129.50999450683594,343.79998779296875,36.25,163.5399932861328,150.25,575.25,154.67999267578125,108.4000015258789,89.1500015258789,72.30999755859375,43.90299987792969,34.09000015258789,125.66000366210938,111.80000305175781,61.040000915527344,160.98666381835938,89.31999969482422,495.1099853515625,35.2400016784668,145.50999450683594,43.720001220703125,45.915000915527344,34.959999084472656,132.50999450683594,118.0199966430664,153.3699951171875,100.27999877929688,263.9700012207031,589.75,83.03500366210938,28.530000686645508,58.709999084472656,42.27000045776367,121.05999755859375,166.60000610351562,47.86000061035156,125.2699966430664,336.2900085449219,34.630001068115234,161.66000366210938,148.13999938964844,569.1900024414062,151.72000122070312,107.25,87.05999755859375,69.6500015258789,42.222999572753906,33.54999923706055,123.8499984741211,109.16000366210938,59.75,156.913330078125,87.29000091552734,479.1400146484375,34.38999938964844,142.27999877929688,42.81999969482422,45.16999816894531,34.47999954223633,131.5500030517578,116.31999969482422,154.05999755859375,102.36000061035156,265.0,595.6199951171875,84.9990005493164,28.809999465942383,58.79999923706055,42.95000076293945,122.62999725341797,167.07000732421875,48.61000061035156,128.0,342.6099853515625,36.220001220703125,162.19000244140625,149.64999389648438,573.4199829101562,151.91000366210938,108.20999908447266,88.83000183105469,70.94999694824219,43.599998474121094,34.08000183105469,125.20999908447266,111.73999786376953,60.130001068115234,160.31333923339844,88.5199966430664,482.75,34.75,142.5,43.400001525878906,45.400001525878906,34.849998474121094,132.13999938964844,116.54000091552734,2744800,55180600,3575300,1094500,13681000,26641100,8699600,11240700,3444600,5939100,10362300,3818600,1224400,57660800,3837400,7332000,1869900,2538500,4593600,5268200,15522100,367108000,24651400,1689200,7073800,5351100,2122800,6935300,3724800,8388300,3719700,16788100,35930400,31618000,6350700,11879900
2023-09-21,139.3150634765625,96.11000061035156,247.68902587890625,568.563232421875,78.52083587646484,26.373929977416992,51.88084411621094,38.24464797973633,109.16818237304688,146.9838409423828,42.637107849121094,111.04842376708984,311.7666015625,34.08000946044922,150.039306640625,138.36302185058594,539.6843872070312,146.27818298339844,98.67922973632812,77.85443878173828,67.15990447998047,40.988338470458984,27.560550689697266,110.20561981201172,102.24327087402344,55.02227783203125,151.0987548828125,82.42764282226562,476.2161560058594,29.526750564575195,135.24154663085938,39.57492446899414,41.08861541748047,32.60713577270508,125.08563232421875,104.66304016113281,153.42999267578125,96.11000061035156,269.4100036621094,582.1199951171875,80.83599853515625,28.049999237060547,59.08000183105469,41.709999084472656,119.06999969482422,165.19000244140625,46.40999984741211,122.58999633789062,330.239990234375,34.650001525878906,161.66000366210938,147.13999938964844,550.1300048828125,154.77000427246094,106.7300033569336,84.87999725341797,67.9000015258789,41.016998291015625,32.849998474121094,122.16999816894531,107.95999908447266,58.81999969482422,154.07000732421875,85.36000061035156,501.1400146484375,33.45000076293945,146.3000030517578,42.31999969482422,44.58000183105469,33.91999816894531,130.4199981689453,114.76000213623047,154.85000610351562,98.87000274658203,272.4800109863281,590.97998046875,82.25,28.59000015258789,59.459999084472656,42.36000061035156,122.16000366210938,167.8699951171875,47.93000030517578,126.7699966430664,334.69000244140625,35.25,163.5,148.85000610351562,568.0,159.5,107.87999725341797,86.51000213623047,69.29000091552734,42.099998474121094,33.59000015258789,124.6500015258789,109.58999633789062,60.099998474121094,156.0800018310547,86.13999938964844,505.1400146484375,34.369998931884766,152.1999969482422,43.16999816894531,45.6150016784668,34.369998931884766,131.5399932861328,117.37000274658203,152.66000366210938,95.83999633789062,267.70001220703125,582.1199951171875,79.50900268554688,28.020000457763672,58.529998779296875,41.689998626708984,118.75,165.0500030517578,46.11000061035156,122.23999786376953,330.0799865722656,34.459999084472656,161.58999633789062,146.6300048828125,542.5,153.25,106.41999816894531,84.83000183105469,67.83000183105469,40.97999954223633,32.83000183105469,122.12000274658203,107.8499984741211,58.630001068115234,154.0,85.3499984741211,493.0799865722656,33.369998931884766,144.8699951171875,42.290000915527344,44.505001068115234,33.91999816894531,130.36000061035156,114.5999984741211,153.67999267578125,98.5999984741211,272.07000732421875,586.989990234375,79.51100158691406,28.360000610351562,58.560001373291016,42.060001373291016,122.02999877929688,167.1199951171875,47.75,126.19999694824219,334.5,34.56999969482422,162.57000732421875,147.5800018310547,567.1900024414062,155.74000549316406,107.2699966430664,86.33999633789062,69.0,41.58300018310547,33.470001220703125,123.08999633789062,107.9800033569336,60.099998474121094,155.0933380126953,86.04000091552734,494.19000244140625,34.290000915527344,148.58999633789062,42.75,45.5099983215332,34.369998931884766,131.32000732421875,116.9800033569336,3660300,59704300,2437100,1313800,53654000,39906000,9597300,12260100,4470700,7150000,13741800,3614100,1685100,45240600,4526700,8052400,4049900,4152000,5856600,6933900,14978600,450736000,26980600,1501300,7007200,6841600,2532900,10652500,4703900,11359600,6812000,14990500,43446200,48103300,7979500,14400600
2023-09-22,138.68856811523438,96.19999694824219,246.11691284179688,573.42724609375,80.53350067138672,25.988428115844727,51.72277069091797,37.520286560058594,109.25069427490234,147.95372009277344,42.80247116088867,111.07560729980469,309.54803466796875,33.617740631103516,148.96270751953125,137.037109375,540.0864868164062,145.0401153564453,98.31864166259766,76.39603424072266,68.12921905517578,41.58092498779297,27.42630958557129,109.01488494873047,101.97809600830078,55.22806930541992,152.35736083984375,82.69804382324219,480.9294128417969,29.464962005615234,134.28939819335938,38.55562210083008,41.15774154663086,32.357200622558594,124.82667541503906,104.82720947265625,152.74000549316406,96.19999694824219,267.70001220703125,587.0999755859375,82.90799713134766,27.639999389648438,58.900001525878906,40.91999816894531,119.16000366210938,166.27999877929688,46.59000015258789,122.62000274658203,327.8900146484375,34.18000030517578,160.5,145.72999572753906,550.5399780273438,153.4600067138672,106.33999633789062,83.29000091552734,68.87999725341797,41.61000061035156,32.689998626708984,120.8499984741211,107.68000030517578,59.040000915527344,155.35333251953125,85.63999938964844,506.1000061035156,33.380001068115234,145.27000427246094,41.22999954223633,44.654998779296875,33.65999984741211,130.14999389648438,114.94000244140625,153.89999389648438,98.41999816894531,269.5,594.77001953125,83.05799865722656,28.190000534057617,59.459999084472656,41.86000061035156,121.18000030517578,167.4199981689453,47.02000045776367,123.87000274658203,331.5400085449219,34.88999938964844,161.39999389648438,147.50999450683594,555.489990234375,157.67999267578125,107.22000122070312,85.2300033569336,69.75,42.1150016784668,33.09000015258789,122.5,109.77999877929688,59.5,156.90333557128906,86.7699966430664,509.42999267578125,33.630001068115234,149.67999267578125,42.38999938964844,45.21500015258789,34.0,130.9199981689453,116.68000030517578,152.52000427246094,95.61000061035156,266.5199890136719,586.0399780273438,81.03800201416016,27.600000381469727,58.77000045776367,40.86000061035156,119.04000091552734,165.94000244140625,46.25,121.5199966430664,326.8299865722656,34.13999938964844,160.25,145.19000244140625,547.6300048828125,153.19000244140625,105.95999908447266,83.01000213623047,67.79000091552734,41.23099899291992,32.5,120.6500015258789,107.36000061035156,58.84000015258789,154.7433319091797,85.44999694824219,498.0299987792969,33.20000076293945,145.08999633789062,41.150001525878906,44.6150016784668,33.65999984741211,130.0,114.80999755859375,153.89999389648438,96.91999816894531,267.6700134277344,593.8800048828125,81.1240005493164,28.06999969482422,59.33000183105469,41.75,119.91999816894531,166.22999572753906,46.81999969482422,123.47000122070312,330.1000061035156,34.810001373291016,161.3000030517578,147.2899932861328,548.8099975585938,155.72000122070312,107.22000122070312,85.2300033569336,68.58999633789062,41.571998596191406,33.08000183105469,122.43000030517578,108.7699966430664,59.18000030517578,155.5366668701172,86.25,499.0,33.45000076293945,147.57000732421875,42.33000183105469,44.915000915527344,33.970001220703125,130.25,115.70999908447266,3049200,52169400,1894100,837300,27764000,41284400,8190700,15438200,3641100,5963000,8357000,3222700,1669100,29232700,4976700,7071700,2353800,2809100,5027200,7420600,15487200,479236000,28570800,1369200,6965500,5979000,2395500,7967200,4558500,10259400,4114700,16780300,42067400,41688300,7790300,13197300
2023-09-25,140.42282104492188,97.37999725341797,245.34457397460938,572.479736328125,81.00071716308594,25.950820922851562,51.95109176635742,37.611968994140625,111.0018539428711,150.11590576171875,43.647682189941406,113.82032775878906,310.44488525390625,33.725929260253906,148.73992919921875,137.7141876220703,541.8033447265625,145.73947143554688,97.85636138916016,76.15754699707031,67.83248901367188,42.19249725341797,27.669618606567383,110.61153411865234,104.58247375488281,55.97641372680664,153.4720916748047,83.27740478515625,484.9015197753906,29.650327682495117,135.46339416503906,38.86422348022461,41.673892974853516,32.434112548828125,125.50764465332031,106.00371551513672,154.64999389648438,97.37999725341797,266.8599853515625,586.1300048828125,83.38899993896484,27.600000381469727,59.15999984741211,41.02000045776367,121.06999969482422,168.7100067138672,47.5099983215332,125.6500015258789,328.8399963378906,34.290000915527344,160.25999450683594,146.4499969482422,552.2899780273438,154.1999969482422,105.83999633789062,83.02999877929688,68.58000183105469,42.22200012207031,32.97999954223633,122.62000274658203,110.43000030517578,59.84000015258789,156.49000549316406,86.23999786376953,510.2799987792969,33.59000015258789,146.5399932861328,41.560001373291016,45.21500015258789,33.7400016784668,130.86000061035156,116.2300033569336,154.74000549316406,97.44999694824219,267.80999755859375,587.989990234375,83.85600280761719,27.6200008392334,59.279998779296875,41.09000015258789,121.2699966430664,168.77999877929688,47.630001068115234,125.83000183105469,329.2900085449219,34.369998931884766,160.36000061035156,146.52000427246094,552.6599731445312,154.74000549316406,106.19000244140625,83.27999877929688,69.19000244140625,42.5359992980957,32.97999954223633,122.68000030517578,110.4800033569336,59.880001068115234,156.63333129882812,86.23999786376953,510.94000244140625,33.68000030517578,147.64999389648438,41.619998931884766,45.28499984741211,33.7599983215332,130.89999389648438,116.6500015258789,151.66000366210938,94.45999908447266,265.010009765625,580.530029296875,82.3010025024414,27.350000381469727,58.54999923706055,40.58000183105469,118.88999938964844,165.99000549316406,46.5,122.93000030517578,325.2799987792969,33.77000045776367,158.72999572753906,143.6999969482422,545.75,152.24000549316406,105.11000061035156,82.30000305175781,67.61000061035156,41.176998138427734,32.40999984741211,120.01000213623047,106.70999908447266,58.7400016784668,153.91000366210938,85.0199966430664,506.6300048828125,33.02000045776367,145.0,40.77000045776367,44.53499984741211,33.47999954223633,129.66000366210938,114.83000183105469,152.44000244140625,95.94999694824219,267.5400085449219,583.6300048828125,82.80000305175781,27.5,58.84000015258789,40.75,119.29000091552734,166.3300018310547,46.56999969482422,122.93000030517578,327.07000732421875,34.0,160.07000732421875,145.35000610351562,550.0999755859375,152.66000366210938,106.05000305175781,82.62999725341797,68.29000091552734,41.590999603271484,32.689998626708984,120.37000274658203,106.83999633789062,58.93000030517578,154.6266632080078,85.38999938964844,508.260009765625,33.209999084472656,145.27000427246094,40.880001068115234,44.53499984741211,33.59000015258789,130.02000427246094,115.08999633789062,3740000,43223700,1705300,607300,15648000,32749200,7006000,10866800,3291300,5510000,10594900,2710600,833300,21729400,6722500,7044700,1686500,2123700,6052200,4748800,14900000,419091000,19443700,1368500,6782500,6279300,1587600,8758000,2758500,8738000,3241900,10624000,35073800,40141700,6826300,11316000
2023-09-26,139.75091552734375,95.95999908447266,247.348876953125,559.3722534179688,79.28142547607422,25.5465145111084,51.40665054321289,36.878448486328125,110.1491928100586,149.3061981201172,43.13320541381836,114.93452453613281,305.7057189941406,33.273502349853516,147.58909606933594,136.2848358154297,539.566650390625,142.7339630126953,97.44029998779297,75.36872100830078,67.19945526123047,41.8817138671875,27.183012008666992,109.68241119384766,103.91007232666016,55.312252044677734,150.6855010986328,81.3943862915039,480.311767578125,29.14718246459961,130.87832641601562,38.013240814208984,41.43425369262695,32.00152587890625,124.44305419921875,106.1678695678711,153.91000366210938,95.95999908447266,269.0400085449219,572.7100219726562,81.61900329589844,27.170000076293945,58.540000915527344,40.220001220703125,120.13999938964844,167.8000030517578,46.95000076293945,126.87999725341797,323.82000732421875,33.83000183105469,159.02000427246094,144.92999267578125,550.010009765625,151.02000427246094,105.38999938964844,82.16999816894531,67.94000244140625,41.9109992980957,32.400001525878906,121.58999633789062,109.72000122070312,59.130001068115234,153.10333251953125,84.29000091552734,505.45001220703125,33.02000045776367,141.5800018310547,40.650001525878906,44.95500183105469,33.290000915527344,129.75,116.41000366210938,154.60000610351562,97.83000183105469,269.8900146484375,578.77001953125,83.0270004272461,27.5,59.25,41.040000915527344,121.44000244140625,168.41000366210938,47.56999969482422,127.61000061035156,327.42999267578125,34.779998779296875,160.0800018310547,145.83999633789062,554.1300048828125,153.0,106.55000305175781,82.7699966430664,69.05000305175781,42.81999969482422,32.959999084472656,122.4000015258789,110.63999938964844,59.779998779296875,155.05999755859375,85.2300033569336,509.4200134277344,33.5099983215332,145.19000244140625,41.310001373291016,45.224998474121094,33.63999938964844,130.67999267578125,116.7300033569336,153.3300018310547,95.2699966430664,265.6700134277344,567.9199829101562,81.12100219726562,27.010000228881836,58.52000045776367,40.060001373291016,119.33999633789062,166.97999572753906,46.810001373291016,124.16999816894531,322.4200134277344,33.63999938964844,158.86000061035156,144.22999572753906,548.0,150.32000732421875,105.11000061035156,81.72000122070312,67.58999633789062,41.654998779296875,32.36000061035156,120.66000366210938,109.33999633789062,58.970001220703125,152.42333984375,84.0199966430664,504.3800048828125,32.7400016784668,140.7899932861328,40.36000061035156,44.755001068115234,33.22999954223633,129.64999389648438,115.37000274658203,154.39999389648438,96.5,266.67999267578125,576.4000244140625,82.91699981689453,27.34000015258789,58.869998931884766,40.66999816894531,119.80000305175781,167.44000244140625,46.86000061035156,124.41999816894531,325.6099853515625,34.13999938964844,159.80999755859375,144.60000610351562,550.7000122070312,152.8800048828125,105.12000274658203,82.08000183105469,67.97000122070312,42.000999450683594,32.720001220703125,121.30999755859375,109.8499984741211,59.150001525878906,154.6666717529297,84.94999694824219,508.94000244140625,33.209999084472656,145.02000427246094,41.04999923706055,44.82500076293945,33.4900016784668,130.25999450683594,115.5,3936300,42866500,2367600,1471000,17641000,42237400,9380600,21786500,5204500,5659200,8722300,3382000,1481800,34198300,4904800,7468400,1864300,3004800,5400500,5557000,12752500,402282000,26015500,2059800,6559800,5796100,2349000,8877600,2420200,13742900,4936800,15219400,33460000,46165400,8200700,11805400
2023-09-27,139.0426788330078,98.06999969482422,247.29368591308594,561.14990234375,79.34164428710938,25.64053726196289,50.835845947265625,37.0984992980957,113.4203109741211,152.18910217285156,44.869564056396484,117.58866882324219,303.9403076171875,34.040672302246094,145.81639099121094,137.0841522216797,539.3214111328125,144.0666046142578,96.09967803955078,74.89176177978516,67.46651458740234,42.438323974609375,26.931312561035156,109.88086700439453,103.40814971923828,56.87443542480469,152.01419067382812,82.50489807128906,478.6773376464844,28.705827713012695,133.0691680908203,38.20962142944336,42.46653747558594,31.953458786010742,123.81964874267578,109.6244125366211,153.1300048828125,98.06999969482422,268.9800109863281,574.530029296875,81.68099975585938,27.270000457763672,57.88999938964844,40.459999084472656,123.08999633789062,171.0399932861328,48.84000015258789,129.80999755859375,321.95001220703125,34.61000061035156,157.11000061035156,145.77999877929688,549.760009765625,152.42999267578125,103.94000244140625,81.6500015258789,68.20999908447266,42.46799850463867,32.099998474121094,121.80999755859375,109.19000244140625,60.79999923706055,154.45333862304688,85.44000244140625,503.7300109863281,32.52000045776367,143.9499969482422,40.86000061035156,46.07500076293945,33.2400016784668,129.10000610351562,120.19999694824219,154.0,99.2300033569336,273.6099853515625,582.1799926757812,82.36799621582031,27.610000610351562,58.75,40.630001068115234,123.91999816894531,171.22999572753906,49.209999084472656,131.02000427246094,325.0,34.83000183105469,158.75999450683594,146.08999633789062,551.6900024414062,153.60000610351562,105.5199966430664,82.61000061035156,68.8499984741211,42.87200164794922,32.5,122.11000061035156,110.80999755859375,61.06999969482422,155.61666870117188,85.55999755859375,506.3599853515625,33.16999816894531,144.9199981689453,41.20000076293945,46.20500183105469,33.380001068115234,130.1199951171875,120.5,151.61000061035156,96.3499984741211,266.760009765625,564.280029296875,80.43800354003906,27.06999969482422,57.61000061035156,39.939998626708984,120.80000305175781,168.80999755859375,47.650001525878906,128.41000366210938,318.9800109863281,33.880001068115234,155.25999450683594,144.50999450683594,543.6699829101562,151.22999572753906,103.30000305175781,81.08999633789062,66.75,41.62900161743164,31.899999618530273,120.11000061035156,107.43000030517578,59.58000183105469,152.1566619873047,84.0999984741211,501.04998779296875,32.2599983215332,142.14999389648438,40.459999084472656,45.314998626708984,32.95000076293945,128.14999389648438,117.4000015258789,153.83999633789062,96.81999969482422,271.7300109863281,578.0,81.9260025024414,27.229999542236328,58.58000183105469,40.290000915527344,121.72000122070312,169.3699951171875,47.779998779296875,129.47000122070312,324.9800109863281,33.91999816894531,158.5800018310547,145.19000244140625,549.8900146484375,152.02000427246094,105.44999694824219,82.41000366210938,68.12000274658203,42.33000183105469,32.43000030517578,121.87999725341797,110.7300033569336,60.0,154.35667419433594,85.16999816894531,506.2300109863281,33.13999938964844,142.75,40.630001068115234,45.51499938964844,33.380001068115234,129.99000549316406,117.88999938964844,3621300,51261500,2331900,1477600,15352000,38296300,11365900,15083400,5364100,9124400,12027900,2735000,1493000,44369100,10211600,6717800,2004200,2709800,5635500,5708200,20852300,444935000,26430100,2163700,7225000,7663100,2727300,7860700,2593700,12601100,3644000,11815500,46289400,49360900,9888600,23976200
2023-09-28,138.24363708496094,102.76000213623047,248.98536682128906,567.1273803710938,80.81713104248047,25.913209915161133,51.055381774902344,37.77702331542969,113.07939147949219,151.78871154785156,44.84200668334961,117.28069305419922,307.008544921875,34.601287841796875,145.60292053222656,138.78619384765625,534.1122436523438,145.95684814453125,96.4325180053711,75.38706970214844,64.48933410644531,43.05888366699219,26.92292594909668,110.80097198486328,105.21700286865234,57.00539016723633,154.82899475097656,83.44157409667969,484.7304992675781,29.091079711914062,136.05499267578125,38.25637435913086,42.51261901855469,32.184173583984375,124.41426086425781,108.95862579345703,152.25,102.76000213623047,270.82000732421875,580.6500244140625,83.19999694824219,27.559999465942383,58.13999938964844,41.20000076293945,122.72000122070312,170.58999633789062,48.810001373291016,129.47000122070312,325.20001220703125,35.18000030517578,156.8800048828125,147.58999633789062,544.4500122070312,154.42999267578125,104.30000305175781,82.19000244140625,65.19999694824219,43.0890007019043,32.09000015258789,122.83000183105469,111.0999984741211,60.939998626708984,157.31333923339844,86.41000366210938,510.1000061035156,32.470001220703125,147.17999267578125,40.90999984741211,46.125,33.47999954223633,129.72000122070312,119.47000122070312,153.8300018310547,104.19999694824219,271.3800048828125,588.2999877929688,83.88600158691406,27.639999389648438,58.41999816894531,41.349998474121094,124.30999755859375,171.6999969482422,49.130001068115234,131.32000732421875,326.8399963378906,35.65999984741211,157.9600067138672,148.8699951171875,551.6799926757812,156.17999267578125,104.97000122070312,82.55000305175781,67.08999633789062,43.44599914550781,32.31999969482422,123.47000122070312,111.91000366210938,61.40999984741211,158.97332763671875,87.12999725341797,514.1500244140625,32.790000915527344,148.27999877929688,41.20000076293945,46.39500045776367,33.599998474121094,130.08999633789062,120.69999694824219,151.3699951171875,97.76000213623047,266.5400085449219,564.0,81.46800231933594,27.170000076293945,57.810001373291016,40.40999984741211,122.18000030517578,169.42999267578125,48.310001373291016,128.8699951171875,320.2099914550781,34.380001068115234,156.22000122070312,146.00999450683594,541.4000244140625,151.86000061035156,103.77999877929688,81.44999694824219,63.83000183105469,42.1150016784668,31.770000457763672,121.63999938964844,109.18000030517578,60.310001373291016,153.49667358398438,84.9800033569336,505.010009765625,32.040000915527344,143.52999877929688,40.720001220703125,45.77000045776367,33.2599983215332,129.32000732421875,118.19000244140625,153.63999938964844,97.94000244140625,267.7900085449219,566.22998046875,82.01699829101562,27.170000076293945,58.0099983215332,40.47999954223633,122.86000061035156,170.5500030517578,48.75,129.32000732421875,320.2099914550781,34.650001525878906,157.5,146.27999877929688,551.3200073242188,151.88999938964844,104.56999969482422,81.4800033569336,65.97000122070312,42.459999084472656,32.060001373291016,121.9800033569336,109.76000213623047,60.54999923706055,154.13333129882812,85.25,505.9700012207031,32.099998474121094,143.52999877929688,40.84000015258789,45.875,33.27000045776367,129.32000732421875,119.9800033569336,3697400,72542100,2430700,1112500,16180000,36734300,8265100,14409800,3964600,7151800,6520600,2274200,1389600,32265300,7861900,8868100,2178800,2994700,4758800,5665400,46749800,424663000,28197600,1694100,4851300,7574000,3674400,6647700,2922000,8619500,3587300,12454600,48462800,63638100,9129000,16808100
2023-09-29,135.3470916748047,102.81999969482422,247.09144592285156,574.9508056640625,80.67919921875,25.743967056274414,50.967567443847656,37.71283721923828,110.38877868652344,150.03578186035156,43.822242736816406,114.8258285522461,305.4697265625,34.965206146240234,144.55413818359375,136.3694610595703,526.93115234375,143.03640747070312,95.1843490600586,74.91011047363281,67.2884750366211,43.46860122680664,27.829023361206055,110.74686431884766,105.17911529541016,54.53584671020508,155.38998413085938,83.91472625732422,479.1144714355469,29.619686126708984,130.99847412109375,38.20962142944336,41.65545654296875,31.886165618896484,123.47437286376953,107.23491668701172,149.05999755859375,102.81999969482422,268.760009765625,588.6599731445312,83.05799865722656,27.3799991607666,58.040000915527344,41.130001068115234,119.80000305175781,168.6199951171875,47.70000076293945,126.76000213623047,323.57000732421875,35.54999923706055,155.75,145.02000427246094,537.1300048828125,151.33999633789062,102.94999694824219,81.66999816894531,68.02999877929688,43.499000549316406,33.16999816894531,122.7699966430664,111.05999755859375,58.29999923706055,157.88333129882812,86.9000015258789,504.19000244140625,33.060001373291016,141.7100067138672,40.86000061035156,45.19499969482422,33.16999816894531,128.74000549316406,117.58000183105469,152.52999877929688,104.94000244140625,271.0,600.8599853515625,84.40399932861328,27.989999771118164,58.459999084472656,41.88999938964844,122.61000061035156,170.5,49.040000915527344,129.6999969482422,327.9599914550781,35.90999984741211,157.60000610351562,148.75999450683594,546.0900268554688,154.6300048828125,104.68000030517578,83.08999633789062,68.7300033569336,44.14400100708008,33.22999954223633,124.81999969482422,112.2300033569336,60.84000015258789,160.1666717529297,88.02999877929688,509.8800048828125,33.52000045776367,147.3000030517578,41.38999938964844,46.23500061035156,33.689998626708984,130.1199951171875,119.18000030517578,148.8300018310547,102.55999755859375,267.2200012207031,586.760009765625,82.29100036621094,27.270000457763672,57.869998931884766,40.91999816894531,119.63999938964844,167.82000732421875,47.599998474121094,126.54000091552734,322.2699890136719,35.15999984741211,155.35000610351562,144.86000061035156,532.2000122070312,150.07000732421875,102.70999908447266,81.02999877929688,66.36000061035156,43.30699920654297,32.29999923706055,122.44999694824219,110.63999938964844,58.20000076293945,157.39666748046875,86.69999694824219,503.79998779296875,32.54999923706055,141.08999633789062,40.58000183105469,45.025001525878906,33.09000015258789,128.5399932861328,116.7300033569336,152.4600067138672,104.69000244140625,271.0,600.4299926757812,83.6449966430664,27.889999389648438,58.18000030517578,41.45000076293945,122.4800033569336,170.49000549316406,49.0,129.55999755859375,327.20001220703125,35.650001525878906,157.3699951171875,148.60000610351562,545.489990234375,154.2100067138672,104.36000061035156,83.01000213623047,66.36000061035156,43.82699966430664,32.349998474121094,123.95999908447266,111.87999725341797,60.75,159.58999633789062,87.75,509.8500061035156,32.560001373291016,147.14999389648438,41.20000076293945,46.05500030517578,33.63999938964844,130.0,119.0999984741211,5581600,56078600,2118100,1017400,16481000,40645900,10902500,16916100,5308900,7396100,8856800,3374700,1403900,28763700,7680700,11917800,2967700,3331200,7232700,6830500,24315500,397830000,42421400,1749500,4869300,11279200,2802600,7338300,3006200,10981300,4302200,13124500,48369200,52860500,12692700,18813600
2023-10-02,134.6116180419922,103.2699966430664,244.83892822265625,568.6217041015625,81.10369110107422,25.104597091674805,50.800724029541016,37.13517379760742,107.90089416503906,148.18505859375,41.938899993896484,112.01770782470703,300.68328857421875,34.87668228149414,143.99729919433594,135.19403076171875,528.0692138671875,141.78883361816406,94.81452941894531,73.75440979003906,67.21923828125,44.75070571899414,28.47504234313965,108.26617431640625,105.21700286865234,54.19908905029297,156.17405700683594,84.63897705078125,488.97821044921875,28.79541778564453,127.65209197998047,37.04069900512695,40.8259391784668,31.617000579833984,123.30171966552734,105.45648956298828,148.25,103.2699966430664,266.30999755859375,582.1799926757812,83.49500274658203,26.700000762939453,57.849998474121094,40.5,117.0999984741211,166.5399932861328,45.650001525878906,123.66000366210938,318.5,35.459999084472656,155.14999389648438,143.77000427246094,538.2899780273438,150.02000427246094,102.55000305175781,80.41000366210938,67.95999908447266,44.78200149536133,33.939998626708984,120.0199966430664,111.0999984741211,57.939998626708984,158.67999267578125,87.6500015258789,514.5700073242188,32.13999938964844,138.08999633789062,39.61000061035156,44.29499816894531,32.88999938964844,128.55999755859375,115.62999725341797,148.86000061035156,103.70999908447266,268.489990234375,587.6199951171875,83.85600280761719,27.360000610351562,58.060001373291016,41.04999923706055,120.30999755859375,168.57000732421875,47.81999969482422,127.30000305175781,323.5799865722656,35.97999954223633,155.4199981689453,145.6199951171875,540.6400146484375,151.60000610351562,102.83000183105469,81.47000122070312,69.27999877929688,45.17499923706055,33.959999084472656,122.4000015258789,111.79000091552734,58.47999954223633,159.92999267578125,88.41999816894531,514.8400268554688,33.0099983215332,142.1999969482422,40.7599983215332,45.255001068115234,33.13999938964844,128.60000610351562,117.79000091552734,146.72000122070312,101.69999694824219,264.3800048828125,576.3499755859375,82.3499984741211,26.579999923706055,57.150001525878906,40.290000915527344,115.95999908447266,165.22999572753906,45.349998474121094,122.76000213623047,317.1000061035156,34.97999954223633,153.32000732421875,142.6300048828125,526.8099975585938,148.39999389648438,101.3499984741211,79.9000015258789,67.05999755859375,43.861000061035156,32.7599983215332,119.80999755859375,109.5999984741211,56.86000061035156,156.7566680908203,87.0199966430664,503.1400146484375,31.989999771118164,137.0800018310547,39.439998626708984,43.9900016784668,32.709999084472656,127.05999755859375,114.55000305175781,148.47000122070312,102.20999908447266,267.7099914550781,583.3599853515625,82.90599822998047,27.270000457763672,58.0099983215332,40.9900016784668,120.23999786376953,168.33999633789062,47.81999969482422,127.08999633789062,322.0299987792969,35.61000061035156,155.4199981689453,144.8300018310547,536.010009765625,151.05999755859375,102.83000183105469,81.0999984741211,68.23999786376953,44.029998779296875,32.95000076293945,122.0199966430664,110.4000015258789,58.31999969482422,158.22666931152344,87.18000030517578,505.5299987792969,32.619998931884766,141.7100067138672,40.70000076293945,45.1349983215332,33.060001373291016,128.3300018310547,117.52999877929688,3827800,45118600,1912300,811300,14676000,50388600,8865300,16178900,4769500,6839600,10400300,2625100,1303800,26086200,7259700,9170600,2810100,3986700,7079700,6722200,14880500,433298000,44620600,1993700,5751500,7553600,2466600,6305000,3550400,9649300,4109700,15102000,50599800,49350600,16035100,14395000
2023-10-03,133.86705017089844,100.08000183105469,239.96627807617188,557.3115234375,79.1493148803711,24.361801147460938,50.24748992919922,36.548343658447266,108.3615951538086,148.5321044921875,42.030765533447266,112.54308319091797,288.99578857421875,35.102901458740234,144.173583984375,134.19729614257812,515.2178955078125,139.18968200683594,94.0933609008789,71.56221771240234,67.09066772460938,43.48659133911133,28.441484451293945,108.04967498779297,104.35517883300781,54.825828552246094,152.94259643554688,82.47592163085938,484.1318359375,28.07866859436035,123.48301696777344,36.16167449951172,40.79828643798828,31.11713218688965,122.20835876464844,105.6388931274414,147.42999267578125,100.08000183105469,261.010009765625,570.5999755859375,81.48300170898438,25.90999984741211,57.220001220703125,39.86000061035156,117.5999984741211,166.92999267578125,45.75,124.23999786376953,306.1199951171875,35.689998626708984,155.33999633789062,142.7100067138672,525.1900024414062,147.27000427246094,101.7699966430664,78.0199966430664,67.83000183105469,43.516998291015625,33.900001525878906,119.77999877929688,110.19000244140625,58.61000061035156,155.39666748046875,85.41000366210938,509.4700012207031,31.34000015258789,133.5800018310547,38.66999816894531,44.26499938964844,32.369998931884766,127.41999816894531,115.83000183105469,147.99000549316406,103.29000091552734,266.0199890136719,579.6799926757812,83.57499694824219,26.520000457763672,58.04999923706055,40.540000915527344,117.66999816894531,167.36000061035156,45.790000915527344,124.29000091552734,315.67999267578125,36.540000915527344,155.5,143.58999633789062,537.3400268554688,149.4199981689453,102.44000244140625,79.83999633789062,69.6500015258789,45.130001068115234,34.11000061035156,122.0,112.26000213623047,58.63999938964844,159.41000366210938,87.31999969482422,513.97998046875,31.93000030517578,137.00999450683594,39.470001220703125,44.349998474121094,32.81999969482422,128.1999969482422,116.44000244140625,145.35000610351562,99.16999816894531,259.6700134277344,567.5700073242188,80.89099884033203,25.81999969482422,57.119998931884766,39.59000015258789,116.06999969482422,165.50999450683594,45.09000015258789,122.79000091552734,304.3900146484375,35.27000045776367,153.88999938964844,142.35000610351562,516.5700073242188,144.24000549316406,100.91999816894531,77.83000183105469,67.11000061035156,43.24599838256836,33.709999084472656,119.37000274658203,109.37999725341797,57.20000076293945,154.3000030517578,85.05999755859375,508.3599853515625,31.200000762939453,130.75999450683594,38.470001220703125,43.83000183105469,32.2400016784668,126.87999725341797,115.02999877929688,147.8300018310547,101.80000305175781,264.0400085449219,574.9500122070312,82.69999694824219,26.489999771118164,57.65999984741211,40.20000076293945,116.76000213623047,165.9199981689453,45.52000045776367,123.55000305175781,315.2699890136719,35.27000045776367,154.67999267578125,143.1999969482422,536.0,148.3699951171875,102.23999786376953,79.58000183105469,67.16999816894531,44.80799865722656,33.84000015258789,120.62999725341797,110.80999755859375,57.5,157.20333862304688,87.0,513.2999877929688,31.889999389648438,137.00999450683594,39.380001068115234,44.189998626708984,32.72999954223633,127.93000030517578,115.44000244140625,4580900,48117000,2797900,1101300,18761000,62144500,10991900,19283400,4162600,6168600,8624300,1917900,3118600,45292600,5740800,9431100,3266100,3734100,5924000,7526800,12481500,470850000,31059900,2285600,7750700,8407900,2685900,8201700,3143200,10300600,5762100,19252900,41466600,52921800,11971100,13297100
2023-10-04,134.1031494140625,104.06999969482422,244.03912353515625,577.099609375,80.0215835571289,24.3900089263916,49.81719970703125,36.502498626708984,104.42705535888672,145.07081604003906,39.82586669921875,108.12252807617188,291.337158203125,35.338951110839844,144.34066772460938,134.79908752441406,521.3687133789062,134.10488891601562,94.46318054199219,72.54366302490234,67.36761474609375,44.010223388671875,27.946481704711914,108.33833312988281,104.03318786621094,52.22532272338867,154.973388671875,83.69263458251953,485.2246398925781,27.98907470703125,118.94413757324219,36.44221115112305,39.517147064208984,31.347848892211914,122.72626495361328,101.68986511230469,147.69000244140625,104.06999969482422,265.44000244140625,590.8599853515625,82.38099670410156,25.940000534057617,56.72999954223633,39.810001373291016,113.33000183105469,163.0399932861328,43.349998474121094,119.36000061035156,308.6000061035156,35.93000030517578,155.52000427246094,143.35000610351562,531.4600219726562,141.88999938964844,102.16999816894531,79.08999633789062,68.11000061035156,44.04100036621094,33.310001373291016,120.0999984741211,109.8499984741211,55.83000183105469,157.4600067138672,86.66999816894531,510.6199951171875,31.239999771118164,128.6699981689453,38.970001220703125,42.875,32.61000061035156,127.95999908447266,111.5,148.0800018310547,104.4000015258789,266.1400146484375,591.8400268554688,83.05799865722656,26.010000228881836,57.34000015258789,39.93000030517578,115.62999725341797,164.97999572753906,45.040000915527344,122.5199966430664,309.05999755859375,36.52000045776367,155.92999267578125,143.47000122070312,536.1699829101562,144.94000244140625,102.43000030517578,79.29000091552734,68.5,44.143001556396484,34.08000183105469,120.75,111.06999969482422,57.869998931884766,157.93333435058594,86.76000213623047,511.82000732421875,31.540000915527344,131.27000427246094,39.11000061035156,43.68000030517578,32.630001068115234,128.13999938964844,114.08999633789062,146.30999755859375,100.33999633789062,260.9100036621094,580.4600219726562,81.62999725341797,25.579999923706055,56.310001373291016,39.13999938964844,111.66999816894531,161.49000549316406,42.81999969482422,118.25,303.4800109863281,35.33000183105469,154.57000732421875,141.92999267578125,523.6300048828125,139.32000732421875,101.33000183105469,77.61000061035156,67.12000274658203,43.29199981689453,33.0099983215332,119.1500015258789,108.80000305175781,55.31999969482422,155.01333618164062,85.37999725341797,506.6099853515625,30.8799991607666,127.04000091552734,38.38999938964844,42.45500183105469,32.209999084472656,126.93000030517578,110.5,146.57000732421875,100.6500015258789,262.1000061035156,584.1699829101562,82.03299713134766,25.8799991607666,57.099998474121094,39.689998626708984,115.31999969482422,164.6999969482422,44.939998626708984,122.25,304.8500061035156,36.52000045776367,155.57000732421875,143.19000244140625,525.5599975585938,144.85000610351562,101.58000183105469,78.0999984741211,68.30999755859375,43.742000579833984,33.939998626708984,119.66999816894531,110.80000305175781,57.7400016784668,156.15333557128906,85.47000122070312,509.489990234375,31.399999618530273,131.27000427246094,38.5099983215332,43.60499954223633,32.380001068115234,127.52999877929688,114.05000305175781,3159600,51023200,2526400,1325900,16417000,55696400,11684400,23342000,7287600,9664700,14901400,2814200,1872000,39842200,4955200,8128700,2220400,5777700,6720500,6848700,12912800,361821000,23722300,2347500,7189400,10923300,3280200,7658500,2801700,13407700,4097000,14343500,59572400,40136000,10064300,19622200
2023-10-05,133.88522338867188,102.91000366210938,243.70814514160156,568.1431274414062,80.02645874023438,24.502838134765625,50.047828674316406,36.56669235229492,104.50997924804688,145.8360137939453,39.36651611328125,107.3072509765625,293.1308288574219,35.29960632324219,145.84420776367188,135.36746215820312,531.1985473632812,134.47349548339844,95.78531646728516,72.59869384765625,68.29736328125,44.656776428222656,28.080724716186523,108.59092712402344,103.98584747314453,51.823089599609375,154.22206115722656,84.04027557373047,490.5556335449219,28.553516387939453,117.84407806396484,36.75081253051758,39.27290725708008,31.492033004760742,123.39764404296875,99.40069580078125,147.4499969482422,102.91000366210938,265.0799865722656,581.6900024414062,82.38600158691406,26.059999465942383,56.41999816894531,39.880001068115234,113.41999816894531,163.89999389648438,42.849998474121094,118.45999908447266,310.5,35.88999938964844,157.13999938964844,142.89999389648438,541.47998046875,142.27999877929688,103.5999984741211,79.1500015258789,69.05000305175781,44.6879997253418,33.470001220703125,120.37999725341797,109.80000305175781,55.400001525878906,156.69667053222656,87.02999877929688,516.22998046875,31.8700008392334,127.4800033569336,39.29999923706055,42.61000061035156,32.7599983215332,128.66000366210938,108.98999786376953,149.52999877929688,103.73999786376953,267.9200134277344,586.5999755859375,82.86299896240234,26.09000015258789,56.61000061035156,39.880001068115234,114.58000183105469,164.75,43.45000076293945,120.0999984741211,310.54998779296875,36.099998474121094,158.0399932861328,143.10000610351562,542.5,143.72000122070312,103.70999908447266,79.54000091552734,69.54000091552734,44.900001525878906,33.779998779296875,120.98999786376953,110.45999908447266,56.459999084472656,158.10667419433594,87.94000244140625,518.2100219726562,31.920000076293945,129.57000732421875,39.41999816894531,42.98500061035156,32.81999969482422,128.88999938964844,110.9000015258789,147.08999633789062,100.2699966430664,262.5400085449219,575.4000244140625,81.5479965209961,25.559999465942383,55.83000183105469,39.189998626708984,112.19000244140625,161.38999938964844,42.72999954223633,117.86000061035156,304.2099914550781,35.599998474121094,156.07000732421875,140.8300018310547,531.6099853515625,139.92999267578125,102.33999633789062,78.0199966430664,68.33999633789062,43.88800048828125,33.04999923706055,119.11000061035156,108.94999694824219,55.119998931884766,155.25,86.52999877929688,511.2300109863281,30.6299991607666,126.25,38.599998474121094,42.2599983215332,32.45000076293945,127.5199966430664,108.69999694824219,147.92999267578125,103.41000366210938,266.19000244140625,583.7000122070312,82.01100158691406,25.780000686645508,56.040000915527344,39.619998931884766,112.51000213623047,161.4199981689453,43.0,118.25,307.3599853515625,35.970001220703125,156.27000427246094,142.0399932861328,533.5399780273438,140.41000366210938,102.36000061035156,78.4800033569336,68.61000061035156,44.04999923706055,33.45000076293945,119.33000183105469,109.69999694824219,55.529998779296875,157.5,86.83000183105469,511.6199951171875,31.0,127.47000122070312,38.7599983215332,42.2599983215332,32.52000045776367,128.25,109.80000305175781,3599500,51789700,2883700,865500,11474000,49044100,8015400,18734100,4070100,8073000,10595100,2526400,1584600,25771200,5993300,8576200,2950700,4003700,6449100,5589300,14045000,393483000,21279400,2692800,5089700,7491800,1902300,6651700,2790700,10572000,3399500,11820600,47037000,41407800,9609700,20128800
2023-10-06,134.60255432128906,107.23999786376953,245.90541076660156,583.4481811523438,82.10514831542969,24.51224136352539,50.26072692871094,37.19936752319336,106.26994323730469,144.35006713867188,40.14741516113281,109.31824493408203,295.0001220703125,35.59467697143555,146.3083038330078,137.45150756835938,554.4877319335938,135.3240966796875,96.04419708251953,73.68103790283203,69.31288146972656,45.73002624511719,27.795467376708984,108.53678894042969,105.00863647460938,52.10371780395508,157.53558349609375,86.2226333618164,498.70892333984375,28.5445556640625,116.96588897705078,37.115516662597656,39.5079345703125,31.761199951171875,124.69241333007812,97.74082946777344,148.24000549316406,107.23999786376953,267.4700012207031,597.3599853515625,84.5260009765625,26.06999969482422,56.65999984741211,40.56999969482422,115.33000183105469,162.22999572753906,43.70000076293945,120.68000030517578,312.4800109863281,36.189998626708984,157.63999938964844,145.10000610351562,565.219970703125,143.17999267578125,103.87999725341797,80.33000183105469,69.95999908447266,45.762001037597656,33.130001068115234,120.31999969482422,110.87999725341797,55.70000076293945,160.06333923339844,89.29000091552734,524.8099975585938,31.860000610351562,126.52999877929688,39.689998626708984,42.8650016784668,33.040000915527344,130.00999450683594,107.16999816894531,149.3300018310547,107.87000274658203,268.5899963378906,600.489990234375,84.83899688720703,26.229999542236328,56.880001068115234,40.849998474121094,116.58999633789062,164.3699951171875,44.220001220703125,122.06999969482422,315.32000732421875,36.459999084472656,158.3000030517578,145.8800048828125,566.3599853515625,145.5399932861328,104.43000030517578,80.79000091552734,70.33000183105469,45.78900146484375,33.560001373291016,122.26000213623047,111.33000183105469,56.220001220703125,160.8433380126953,90.0199966430664,525.9500122070312,32.189998626708984,129.9600067138672,39.88999938964844,43.255001068115234,33.22999954223633,130.4199981689453,108.2699966430664,146.1199951171875,102.02999877929688,262.2300109863281,577.5999755859375,81.1719970703125,25.469999313354492,56.16999816894531,39.5099983215332,113.16000366210938,158.99000549316406,42.59000015258789,118.02999877929688,307.1700134277344,35.18000030517578,156.58999633789062,142.13999938964844,542.7100219726562,141.6999969482422,102.91999816894531,78.4000015258789,68.0,44.0260009765625,33.06999969482422,118.26000213623047,108.05000305175781,54.810001373291016,154.86000061035156,87.37999725341797,515.97998046875,31.100000381469727,125.68000030517578,38.7599983215332,42.130001068115234,32.5099983215332,128.22999572753906,105.11000061035156,146.49000549316406,102.16000366210938,263.1499938964844,583.7899780273438,81.94000244140625,25.770000457763672,56.25,39.68000030517578,114.37999725341797,164.30999755859375,43.0,119.22000122070312,308.1099853515625,35.869998931884766,157.0800018310547,142.91000366210938,544.0,142.85000610351562,103.7300033569336,78.72000122070312,68.70999908447266,44.19300079345703,33.52000045776367,119.5999984741211,110.87000274658203,55.58000183105469,155.88999938964844,88.08999633789062,516.4500122070312,31.540000915527344,129.4499969482422,38.88999938964844,42.61000061035156,32.619998931884766,128.3000030517578,105.7300033569336,5370100,64864100,2838000,1042100,21103000,58177300,8901000,17080000,4209700,10190400,11578500,3477800,1595100,33262200,5802200,10270600,4745200,3372000,6854900,6306400,15113400,434436000,23760400,2079500,7930600,8642600,3818700,9777100,3647200,9414500,2829400,13976800,51481000,54057800,10692400,25367500
2023-10-09,135.3925018310547,106.97000122070312,249.64735412597656,577.5977172851562,83.1367416381836,24.737903594970703,50.21637725830078,37.3552360534668,112.25009155273438,148.34521484375,42.35231018066406,115.26063537597656,295.1227722167969,35.46681594848633,147.14358520507812,137.13888549804688,560.903564453125,138.52813720703125,96.61743927001953,73.2957992553711,68.83731842041016,45.241363525390625,27.854196548461914,109.0239028930664,105.87994384765625,54.4797248840332,157.14187622070312,85.93293762207031,500.3243713378906,28.678945541381836,117.3541488647461,37.12485885620117,40.8259391784668,31.780431747436523,125.12401580810547,101.160888671875,149.11000061035156,106.97000122070312,271.5400085449219,591.3699951171875,85.58799743652344,26.309999465942383,56.61000061035156,40.7400016784668,121.81999969482422,166.72000122070312,46.099998474121094,127.23999786376953,312.6099853515625,36.060001373291016,158.5399932861328,144.77000427246094,571.760009765625,146.57000732421875,104.5,79.91000366210938,69.4800033569336,45.27299880981445,33.20000076293945,120.86000061035156,111.80000305175781,58.2400016784668,159.663330078125,88.98999786376953,526.510009765625,32.0099983215332,126.94999694824219,39.70000076293945,44.29499816894531,33.060001373291016,130.4600067138672,110.91999816894531,149.75,107.30999755859375,272.6000061035156,591.7100219726562,85.66100311279297,26.360000610351562,57.130001068115234,41.0099983215332,121.87000274658203,168.19000244140625,46.400001525878906,127.87000274658203,313.4800109863281,36.16999816894531,158.8800048828125,145.39999389648438,579.7899780273438,147.07000732421875,105.19000244140625,80.08000183105469,69.94999694824219,45.60499954223633,33.470001220703125,121.31999969482422,111.9800033569336,58.52000045776367,160.1133270263672,89.33999633789062,526.8699951171875,32.150001525878906,128.27000427246094,39.79999923706055,44.47999954223633,33.130001068115234,130.5800018310547,112.06999969482422,147.16000366210938,104.79000091552734,268.5799865722656,582.4099731445312,83.78299713134766,25.719999313354492,55.70000076293945,39.95000076293945,118.75,164.9499969482422,44.869998931884766,123.80000305175781,308.3699951171875,35.5,157.08999633789062,143.5,563.5800170898438,143.8699951171875,103.30999755859375,78.93000030517578,68.58000183105469,44.36800003051758,32.77000045776367,118.68000030517578,109.4800033569336,56.970001220703125,157.1699981689453,88.04000091552734,520.25,31.450000762939453,123.62000274658203,39.099998474121094,43.70000076293945,32.709999084472656,129.1300048828125,109.5199966430664,148.27000427246094,106.01000213623047,271.0400085449219,587.6500244140625,84.0459976196289,25.760000228881836,56.099998474121094,40.18000030517578,118.95999908447266,166.3800048828125,45.13999938964844,124.22000122070312,308.8999938964844,35.70000076293945,157.17999267578125,143.66000366210938,564.02001953125,145.50999450683594,103.5,79.5999984741211,69.61000061035156,44.84199905395508,33.060001373291016,119.41000366210938,110.31999969482422,57.27000045776367,158.3866729736328,88.80000305175781,521.1500244140625,31.59000015258789,127.95999908447266,39.11000061035156,44.01499938964844,32.7400016784668,129.64999389648438,110.44000244140625,2903300,39593200,2284300,738500,15760000,39953700,8481500,14859700,6532800,8183500,10939200,3720000,1094400,19376100,4414100,6964900,4208100,3354000,5061100,5125000,8588700,409675000,17468100,2404900,4714500,6667700,2082000,4781300,2341600,7764800,3798900,12096600,61489000,61396600,8047600,22369900
2023-10-10,135.1927490234375,109.01000213623047,249.3806610107422,588.126708984375,83.38250732421875,25.396072387695312,50.02122497558594,37.99707794189453,110.93243408203125,148.18505859375,42.32474899291992,114.78054809570312,297.16192626953125,35.83073043823242,146.97653198242188,137.97250366210938,568.3102416992188,140.73973083496094,95.79454803466797,73.49757385253906,68.43112182617188,45.765995025634766,27.829023361206055,110.25972747802734,106.3629379272461,54.835182189941406,159.15623474121094,87.49727630615234,498.167236328125,29.198589324951172,120.36774444580078,37.237083435058594,40.87662887573242,32.01114273071289,125.71867370605469,100.73224639892578,148.88999938964844,109.01000213623047,271.25,602.1500244140625,85.84100341796875,27.010000228881836,56.38999938964844,41.439998626708984,120.38999938964844,166.5399932861328,46.06999969482422,126.70999908447266,314.7699890136719,36.43000030517578,158.36000061035156,145.64999389648438,579.3099975585938,148.91000366210938,103.61000061035156,80.12999725341797,69.06999969482422,45.79800033569336,33.16999816894531,122.2300033569336,112.30999755859375,58.619998931884766,161.7100067138672,90.61000061035156,524.239990234375,32.59000015258789,130.2100067138672,39.81999969482422,44.349998474121094,33.29999923706055,131.0800018310547,110.44999694824219,149.55999755859375,110.12000274658203,272.0899963378906,606.7999877929688,87.25499725341797,27.299999237060547,56.77000045776367,41.7599983215332,122.23999786376953,167.39999389648438,46.40999984741211,128.1199951171875,316.8500061035156,36.7400016784668,159.27000427246094,146.77000427246094,585.9500122070312,149.42999267578125,104.45999908447266,81.11000061035156,70.11000061035156,46.25899887084961,33.400001525878906,124.0199966430664,112.98999786376953,58.97999954223633,163.14999389648438,90.66000366210938,528.1400146484375,32.95000076293945,130.64999389648438,40.380001068115234,44.64500045776367,33.5099983215332,131.6699981689453,111.44999694824219,148.0399932861328,106.4000015258789,268.1199951171875,598.3499755859375,85.5719985961914,26.56999969482422,56.22999954223633,41.13999938964844,120.19000244140625,165.67999267578125,45.75,126.08999633789062,312.2900085449219,35.810001373291016,157.89999389648438,145.27999877929688,569.72998046875,145.6199951171875,103.16000366210938,80.0199966430664,68.88999938964844,45.0880012512207,33.0099983215332,121.43000030517578,110.43000030517578,57.95000076293945,159.5,89.13999938964844,523.0800170898438,32.33000183105469,126.31999969482422,39.720001220703125,44.084999084472656,33.150001525878906,129.97000122070312,110.12000274658203,149.38999938964844,107.48999786376953,270.8900146484375,600.1799926757812,85.71499633789062,26.610000610351562,56.709999084472656,41.13999938964844,121.25,166.77000427246094,46.099998474121094,127.0199966430664,314.4700012207031,36.13999938964844,158.3800048828125,145.4199981689453,570.0,145.6199951171875,104.31999969482422,80.25,69.48999786376953,45.310001373291016,33.08000183105469,122.08999633789062,111.5,58.31999969482422,160.16000366210938,89.2699966430664,526.5,32.47999954223633,127.01000213623047,39.91999816894531,44.334999084472656,33.15999984741211,130.4199981689453,111.0199966430664,3729000,57105500,1808700,1087000,14718000,51960100,13217400,18902100,5705500,6512900,7999900,2833700,1193800,24044100,5273500,11288800,3526700,2946300,7177200,6245400,9007600,368582000,19212100,2192500,6253000,6608900,1863300,7182900,2455700,10108100,3998900,14429700,41700600,44743400,8154900,13892000
2023-10-11,135.60134887695312,108.30999755859375,260.7349853515625,592.0726318359375,84.95125579833984,25.40547752380371,50.25186538696289,38.07960510253906,110.60992431640625,143.34463500976562,42.94947052001953,115.37840270996094,295.50982666015625,36.2733268737793,144.95323181152344,138.44615173339844,593.7872314453125,140.3711395263672,95.6558837890625,72.36939239501953,69.56058502197266,46.77329635620117,27.7786865234375,110.71979522705078,105.23594665527344,54.96614456176758,160.3536834716797,88.83953857421875,498.062744140625,29.126911163330078,119.8038558959961,37.115516662597656,40.35127258300781,32.0591926574707,125.16239929199219,97.12066650390625,149.33999633789062,108.30999755859375,283.6000061035156,606.1900024414062,87.45600128173828,27.020000457763672,56.650001525878906,41.529998779296875,120.04000091552734,161.10000610351562,46.75,127.37000274658203,313.0199890136719,36.880001068115234,156.17999267578125,146.14999389648438,605.280029296875,148.52000427246094,103.45999908447266,78.9000015258789,70.20999908447266,46.805999755859375,33.11000061035156,122.73999786376953,111.12000274658203,58.7599983215332,162.92666625976562,92.0,524.1300048828125,32.5099983215332,129.60000610351562,39.689998626708984,43.779998779296875,33.349998474121094,130.5,106.48999786376953,150.39999389648438,110.0999984741211,284.3299865722656,606.1900024414062,87.53399658203125,27.440000534057617,56.88999938964844,42.0,120.19000244140625,165.0800018310547,46.79999923706055,127.5,316.6300048828125,37.029998779296875,159.0500030517578,147.22999572753906,608.7899780273438,149.35000610351562,104.20999908447266,80.20999908447266,70.2699966430664,46.85900115966797,33.33000183105469,124.25,112.63999938964844,58.88999938964844,163.2566680908203,92.01000213623047,525.5900268554688,33.099998474121094,130.61000061035156,40.209999084472656,43.939998626708984,33.529998779296875,131.4499969482422,107.16999816894531,148.77000427246094,106.93000030517578,274.1499938964844,598.0,85.65499877929688,26.899999618530273,56.34000015258789,41.36000061035156,118.02999877929688,160.47999572753906,45.58000183105469,124.80000305175781,311.6000061035156,36.380001068115234,156.0399932861328,145.02000427246094,585.010009765625,146.47000122070312,102.8499984741211,78.70999908447266,68.93000030517578,46.04999923706055,32.81999969482422,122.04000091552734,109.58000183105469,57.7599983215332,160.99000549316406,90.62999725341797,520.22998046875,32.310001373291016,128.4600067138672,39.25,43.275001525878906,33.099998474121094,129.9199981689453,104.83000183105469,149.1300048828125,109.13999938964844,274.8599853515625,601.3499755859375,85.97100067138672,27.170000076293945,56.47999954223633,41.63999938964844,119.5,165.07000732421875,45.869998931884766,125.51000213623047,315.42999267578125,36.619998931884766,158.4600067138672,146.50999450683594,596.2000122070312,147.66000366210938,104.0,79.91000366210938,69.72000122070312,46.19599914550781,33.2400016784668,123.06999969482422,112.27999877929688,58.02000045776367,162.26333618164062,91.26000213623047,520.9199829101562,32.59000015258789,128.99000549316406,40.0099983215332,43.89500045776367,33.400001525878906,131.24000549316406,106.95999908447266,3189800,51085600,4523100,981800,14334000,38508200,8470700,12763900,7300700,12570700,8053300,2447400,1672500,19262600,6922900,8698200,5850600,2825100,5375100,8928700,11165300,378137000,24221200,1840200,6378600,5641100,2983200,8051700,2819300,7855000,3012300,14835900,47145400,35746400,9591800,57939000
2023-10-12,136.00486755371094,108.79000091552734,262.058837890625,602.396484375,87.9663314819336,25.292646408081055,49.90589904785156,38.07960510253906,111.59587097167969,143.4602813720703,42.894351959228516,116.8187026977539,292.5171813964844,36.233985900878906,145.09246826171875,138.12408447265625,598.9081420898438,139.49212646484375,95.77606201171875,71.36961364746094,69.10482788085938,46.912200927734375,27.619281768798828,109.43885040283203,105.55794525146484,54.601322174072266,160.76376342773438,89.24510192871094,499.402587890625,28.902929306030273,116.68856811523438,37.16226577758789,40.39735794067383,31.857330322265625,124.08820343017578,97.10242462158203,148.3000030517578,108.79000091552734,285.0400085449219,616.760009765625,90.55999755859375,26.899999618530273,56.2599983215332,41.529998779296875,121.11000061035156,161.22999572753906,46.689998626708984,128.9600067138672,309.8500061035156,36.84000015258789,156.3300018310547,145.80999755859375,610.5,147.58999633789062,103.58999633789062,77.80999755859375,69.75,46.94499969482422,32.91999816894531,121.31999969482422,111.45999908447266,58.369998931884766,163.3433380126953,92.41999816894531,525.5399780273438,32.2599983215332,126.2300033569336,39.7400016784668,43.83000183105469,33.13999938964844,129.3800048828125,106.47000122070312,148.60000610351562,111.30999755859375,287.8500061035156,624.1900024414062,91.79299926757812,27.079999923706055,56.66999816894531,41.790000915527344,121.7300033569336,163.25999450683594,47.380001068115234,129.6300048828125,314.25,37.220001220703125,156.55999755859375,146.9600067138672,613.0,149.66000366210938,103.94999694824219,78.87000274658203,70.72000122070312,47.60900115966797,33.220001220703125,123.12999725341797,112.20999908447266,59.619998931884766,165.68666076660156,93.44000244140625,528.5800170898438,32.7599983215332,129.89999389648438,40.0099983215332,44.28499984741211,33.45000076293945,130.85000610351562,107.83999633789062,147.00999450683594,107.51000213623047,283.6000061035156,609.6400146484375,87.64299774169922,26.610000610351562,55.79999923706055,41.119998931884766,120.45999908447266,160.89999389648438,46.2599983215332,127.7300033569336,308.0199890136719,36.38999938964844,155.07000732421875,145.1300048828125,602.2000122070312,146.25999450683594,102.93000030517578,77.29000091552734,69.30000305175781,46.33000183105469,32.77000045776367,120.83000183105469,110.31999969482422,57.779998779296875,161.77000427246094,91.83999633789062,522.25,31.93000030517578,125.19999694824219,39.31999969482422,43.625,32.90999984741211,129.27999877929688,106.08999633789062,148.1300048828125,108.4000015258789,283.9800109863281,609.6400146484375,87.64299774169922,26.969999313354492,56.630001068115234,41.400001525878906,121.08000183105469,163.25999450683594,47.25,128.92999267578125,314.1499938964844,36.79999923706055,155.9199981689453,146.3000030517578,605.4600219726562,149.35000610351562,103.5199966430664,78.87000274658203,70.38999938964844,46.777000427246094,33.11000061035156,122.91000366210938,111.9800033569336,59.47999954223633,163.19667053222656,92.51000213623047,524.469970703125,32.540000915527344,129.5,39.689998626708984,44.244998931884766,33.45000076293945,130.60000610351562,107.58999633789062,4554400,60959400,3052600,1618400,43871000,44249800,10728800,18112500,3859500,7397000,8040700,3039000,1727700,23639200,5792400,10484400,4063500,2773900,5124000,11654600,11408700,481325000,21809900,2497600,5371700,5023100,3051600,8897800,2377300,10285800,3961700,14878100,39986400,41991200,10927700,31183000
2023-10-13,135.6930694580078,105.08999633789062,261.19464111328125,585.7826538085938,85.7885513305664,25.161012649536133,50.09219741821289,37.987911224365234,115.05126190185547,145.9783935546875,44.45615005493164,121.23927307128906,291.9979248046875,35.3782958984375,145.57510375976562,140.19863891601562,597.6328125,140.06869506835938,96.1644058227539,71.35127258300781,68.56981658935547,45.429229736328125,26.93970489501953,106.57028198242188,102.90620422363281,55.153236389160156,156.38729858398438,87.3524398803711,512.5732421875,28.82229232788086,116.52218627929688,38.303131103515625,41.286781311035156,31.924623489379883,124.86504364013672,100.20328521728516,147.9600067138672,105.08999633789062,284.1000061035156,599.75,88.31800079345703,26.760000228881836,56.470001220703125,41.43000030517578,124.86000061035156,164.05999755859375,48.38999938964844,133.83999633789062,309.29998779296875,35.970001220703125,156.85000610351562,148.0,609.2000122070312,148.1999969482422,104.01000213623047,77.79000091552734,69.20999908447266,45.46099853515625,32.11000061035156,118.13999938964844,108.66000366210938,58.959999084472656,158.89666748046875,90.45999908447266,539.4000244140625,32.16999816894531,126.05000305175781,40.959999084472656,44.79499816894531,33.209999084472656,130.19000244140625,109.87000274658203,149.66000366210938,108.97000122070312,288.4599914550781,612.2000122070312,92.59100341796875,27.719999313354492,56.66999816894531,43.31999969482422,125.97000122070312,164.83999633789062,48.619998931884766,134.6300048828125,316.17999267578125,36.790000915527344,157.36000061035156,153.11000061035156,629.969970703125,150.41000366210938,104.5199966430664,79.2300033569336,70.05999755859375,47.11600112915039,32.9900016784668,121.08999633789062,111.97000122070312,59.81999969482422,163.86000061035156,92.94000244140625,544.4600219726562,32.88999938964844,128.0,41.63999938964844,45.0099983215332,33.65999984741211,130.94000244140625,110.19999694824219,147.33999633789062,104.75,280.0,597.3400268554688,88.20899963378906,26.520000457763672,55.900001525878906,41.349998474121094,123.43000030517578,162.3000030517578,47.38999938964844,131.25999450683594,308.1700134277344,35.86000061035156,156.0500030517578,147.83999633789062,602.5599975585938,148.10000610351562,102.77999877929688,77.33999633789062,69.08999633789062,45.279998779296875,32.02000045776367,116.25,108.54000091552734,58.849998474121094,158.58999633789062,90.19999694824219,532.0,31.8799991607666,125.6500015258789,40.470001220703125,44.35499954223633,33.029998779296875,129.4600067138672,107.83999633789062,148.9499969482422,108.6500015258789,287.70001220703125,611.3400268554688,90.9000015258789,27.43000030517578,56.369998931884766,42.959999084472656,124.05999755859375,163.41000366210938,47.650001525878906,131.60000610351562,312.0,36.7400016784668,156.72999572753906,148.5,617.8900146484375,149.42999267578125,103.61000061035156,78.19999694824219,69.87000274658203,46.959999084472656,32.939998626708984,120.6500015258789,111.72000122070312,59.400001525878906,163.6699981689453,92.75,533.25,32.529998779296875,127.0,40.83000183105469,44.54499816894531,33.349998474121094,129.86000061035156,108.02999877929688,4304700,52881500,3473200,1098500,28312000,55089700,12824800,32082900,5589100,8042800,10185400,3573300,1785200,28390100,5359800,29427000,3963800,2568800,5787500,6442800,10287900,474115000,32388100,5576500,6035600,6819500,2544900,7985100,5245400,10943200,3825100,28077900,48511800,53213800,11383800,30276500
2023-10-16,135.02359008789062,106.45999908447266,263.7505187988281,589.7382202148438,87.67203521728516,25.37727165222168,50.713130950927734,37.54779052734375,115.46592712402344,147.17071533203125,45.38404083251953,122.1644058227539,296.8032531738281,35.958587646484375,146.20619201660156,140.05653381347656,604.9315185546875,142.47877502441406,96.28457641601562,72.21345520019531,68.44102478027344,46.06279373168945,27.912921905517578,107.9779281616211,104.65824127197266,55.611595153808594,158.60179138183594,88.0863265991211,511.2714538574219,29.225465774536133,119.43408203125,38.94837951660156,41.56328582763672,32.26107406616211,125.80497741699219,100.27623748779297,147.22999572753906,106.45999908447266,286.8800048828125,603.7999877929688,90.25700378417969,26.989999771118164,57.16999816894531,40.95000076293945,125.30999755859375,165.39999389648438,49.400001525878906,134.02999877929688,314.3900146484375,36.560001373291016,157.52999877929688,147.85000610351562,616.6400146484375,150.75,104.13999938964844,78.7300033569336,69.08000183105469,46.095001220703125,33.27000045776367,118.12999725341797,110.51000213623047,59.45000076293945,161.14666748046875,91.22000122070312,538.030029296875,32.619998931884766,129.1999969482422,41.650001525878906,45.095001220703125,33.560001373291016,131.1699981689453,109.94999694824219,149.5,107.4800033569336,287.80999755859375,606.0499877929688,91.5790023803711,27.18000030517578,57.4900016784668,42.0,126.12000274658203,165.80999755859375,49.52000045776367,134.75999450683594,315.8999938964844,36.939998626708984,158.25,149.52000427246094,621.97998046875,151.7100067138672,105.37000274658203,79.18000030517578,70.02999877929688,46.224998474121094,33.91999816894531,118.86000061035156,111.08000183105469,59.7400016784668,161.7433319091797,91.9000015258789,546.780029296875,32.77000045776367,129.9600067138672,42.16999816894531,45.22999954223633,33.720001220703125,131.9199981689453,110.68000030517578,146.9199981689453,105.02999877929688,283.80999755859375,598.0,89.09700012207031,26.770000457763672,56.689998626708984,40.529998779296875,124.18000030517578,163.85000610351562,48.33000183105469,132.50999450683594,310.25,36.08000183105469,156.83999633789062,146.72000122070312,608.4299926757812,149.02999877929688,104.05999755859375,77.87000274658203,68.13999938964844,44.9119987487793,32.560001373291016,115.58000183105469,108.94999694824219,58.779998779296875,159.27667236328125,90.43000030517578,536.1199951171875,31.950000762939453,126.44000244140625,41.400001525878906,44.665000915527344,33.38999938964844,130.60000610351562,109.12999725341797,148.22000122070312,105.41999816894531,284.5,601.0399780273438,89.09700012207031,27.15999984741211,56.790000915527344,41.95000076293945,125.58000183105469,165.33999633789062,48.72999954223633,134.7100067138672,313.17999267578125,36.13999938964844,157.82000732421875,149.4499969482422,610.989990234375,149.4199981689453,104.19999694824219,78.79000091552734,69.01000213623047,45.0629997253418,32.83000183105469,117.91999816894531,109.08999633789062,59.40999984741211,159.43333435058594,90.4800033569336,543.1799926757812,32.58000183105469,127.3499984741211,41.470001220703125,45.084999084472656,33.459999084472656,130.7100067138672,110.5,3704400,42464500,2459400,1154100,21150000,56817500,12328400,25044200,3769500,5446000,9632900,1993600,2273900,29555800,6408100,12663500,2941500,2406900,6473500,7901500,11294100,375099000,63317400,2197300,6254700,5949900,1732500,8791800,3827600,11409700,2852000,18419000,38365200,45589300,10545000,18452000
2023-10-17,136.81192016601562,105.13999938964844,261.4888916015625,594.4557495117188,85.90705108642578,25.969623565673828,50.89053726196289,37.77702331542969,115.60413360595703,149.11932373046875,45.87094497680664,122.41050720214844,292.0545349121094,35.46681594848633,144.86968994140625,139.75341796875,596.7596435546875,143.03640747070312,96.31232452392578,73.68103790283203,68.36177825927734,43.90729904174805,27.476654052734375,108.89199829101562,106.25874328613281,56.3505859375,157.4437255859375,87.87389373779297,509.9600524902344,31.259248733520508,120.83918762207031,39.2569694519043,41.9964714050293,32.41488265991211,125.63233184814453,101.58953094482422,149.17999267578125,105.13999938964844,284.4200134277344,608.6300048828125,88.44000244140625,27.6200008392334,57.369998931884766,41.20000076293945,125.45999908447266,167.58999633789062,49.93000030517578,134.3000030517578,309.3599853515625,36.060001373291016,156.08999633789062,147.52999877929688,608.3099975585938,151.33999633789062,104.16999816894531,80.33000183105469,69.0,43.9379997253418,32.75,119.12999725341797,112.19999694824219,60.2400016784668,159.97000122070312,91.0,536.6500244140625,34.88999938964844,130.72000122070312,41.97999954223633,45.564998626708984,33.720001220703125,130.99000549316406,111.38999938964844,149.66000366210938,106.29000091552734,287.3399963378906,610.3499755859375,89.2979965209961,27.8700008392334,57.650001525878906,41.66999816894531,126.43000030517578,168.1999969482422,49.939998626708984,135.22000122070312,316.17999267578125,36.349998474121094,158.9499969482422,149.30999755859375,620.4000244140625,152.5,104.48999786376953,80.62999725341797,69.62999725341797,44.75400161743164,33.189998626708984,121.44000244140625,112.2699966430664,60.38999938964844,161.11000061035156,91.69999694824219,542.4299926757812,36.209999084472656,131.27000427246094,42.369998931884766,45.70500183105469,33.939998626708984,131.7100067138672,111.80000305175781,147.14999389648438,101.66000366210938,282.5,586.9400024414062,86.5999984741211,26.719999313354492,56.97999954223633,40.599998474121094,124.94000244140625,164.64999389648438,48.97999954223633,133.17999267578125,305.9100036621094,35.06999969482422,154.61000061035156,146.7899932861328,602.530029296875,150.47000122070312,103.1500015258789,77.9800033569336,67.62000274658203,42.47999954223633,32.20000076293945,117.5999984741211,108.0199966430664,59.13999938964844,156.11000061035156,88.5199966430664,534.5700073242188,32.41999816894531,128.94000244140625,41.43000030517578,44.93000030517578,33.400001525878906,130.44000244140625,109.68000030517578,147.3300018310547,103.54000091552734,285.19000244140625,590.8900146484375,88.51499938964844,27.049999237060547,57.150001525878906,40.650001525878906,125.19999694824219,164.8300018310547,49.06999969482422,133.47000122070312,313.3800048828125,35.91999816894531,155.97999572753906,147.57000732421875,619.0,150.50999450683594,104.0,77.98999786376953,68.06999969482422,44.0,33.0,117.76000213623047,108.80999755859375,59.27000045776367,157.92999267578125,89.80999755859375,539.9400024414062,32.459999084472656,128.94000244140625,41.43000030517578,44.994998931884766,33.40999984741211,130.5399932861328,109.7300033569336,5372400,49642100,2863200,1535700,33008000,95344200,13223400,20258100,4213800,7538300,9484500,2670000,4123000,24993600,12244400,11482700,2911700,1991400,5827200,12324800,11843000,812333000,40015800,2614100,7334000,6525000,2450100,7997100,2586000,36729900,2277900,16982300,40424000,41925200,9149900,19775400
2023-10-18,136.90362548828125,102.16999816894531,260.7165832519531,569.666748046875,86.16252899169922,25.678150177001953,50.42926788330078,37.107666015625,116.6453628540039,150.30276489257812,46.008758544921875,123.74124145507812,285.068603515625,35.05372619628906,141.751220703125,138.21881103515625,595.7099609375,145.541015625,94.29676818847656,68.68212890625,68.5004653930664,42.16651153564453,26.352420806884766,105.74761962890625,105.10334777832031,56.67798614501953,154.60592651367188,86.52198028564453,509.3993225097656,29.897418975830078,123.89900207519531,38.836158752441406,42.378971099853516,31.857330322265625,124.5389633178711,103.01229095458984,149.27999877929688,102.16999816894531,283.5799865722656,583.25,88.7030029296875,27.309999465942383,56.849998474121094,40.470001220703125,126.58999633789062,168.9199981689453,50.08000183105469,135.75999450683594,301.9599914550781,35.63999938964844,152.72999572753906,145.91000366210938,607.239990234375,153.99000549316406,101.98999786376953,74.87999725341797,69.13999938964844,42.19599914550781,31.40999984741211,115.69000244140625,110.9800033569336,60.59000015258789,157.086669921875,89.5999984741211,536.0599975585938,33.369998931884766,134.02999877929688,41.529998779296875,45.97999954223633,33.13999938964844,129.85000610351562,112.94999694824219,149.61000061035156,104.77999877929688,285.25,591.7899780273438,89.56300354003906,28.040000915527344,57.59000015258789,40.939998626708984,127.23999786376953,169.6999969482422,50.84000015258789,136.27999877929688,307.2200012207031,36.02000045776367,155.9499969482422,147.47999572753906,615.8800048828125,154.3300018310547,104.45999908447266,77.06999969482422,69.55000305175781,43.21900177001953,32.68000030517578,118.94999694824219,112.11000061035156,61.20000076293945,158.43333435058594,90.01000213623047,543.97998046875,35.29999923706055,135.30999755859375,41.939998626708984,46.16999816894531,33.58000183105469,131.5399932861328,113.38999938964844,148.33999633789062,101.73999786376953,280.989990234375,573.8599853515625,87.5199966430664,27.209999084472656,56.77000045776367,40.16999816894531,125.44999694824219,167.5800018310547,49.869998931884766,134.74000549316406,301.4800109863281,35.45000076293945,152.0500030517578,145.3699951171875,603.239990234375,151.35000610351562,101.91000366210938,73.4000015258789,67.9800033569336,41.82500076293945,31.389999389648438,115.38999938964844,110.02999877929688,60.349998474121094,156.2566680908203,88.58000183105469,535.4000244140625,33.279998779296875,130.47999572753906,41.349998474121094,45.64500045776367,33.06999969482422,129.6199951171875,111.69999694824219,149.27000427246094,103.37999725341797,283.29998779296875,581.780029296875,87.99500274658203,27.540000915527344,57.400001525878906,40.939998626708984,126.20999908447266,168.47000122070312,50.27000045776367,135.33999633789062,307.0,35.52000045776367,155.41000366210938,146.58999633789062,607.239990234375,151.4199981689453,104.11000061035156,76.43000030517578,68.01000213623047,42.590999603271484,32.540000915527344,118.08999633789062,111.05999755859375,60.36000061035156,157.23666381835938,88.87999725341797,543.0399780273438,34.65999984741211,130.52999877929688,41.70000076293945,45.75,33.54999923706055,131.1699981689453,111.81999969482422,4910500,50450000,2789100,2401700,20404000,68371100,11816100,23232600,4781900,6893500,10883400,2307600,3460300,22086000,9097300,9620300,2049100,2215700,7136400,34732300,11201000,627294000,30307600,2537300,7174500,6964100,2865900,9982700,2551400,24960300,3780400,16053200,47616800,46942100,10085700,23380300
2023-10-19,133.45533752441406,102.4000015258789,257.9768371582031,574.0425415039062,84.29751586914062,25.34906005859375,50.1010627746582,36.73173904418945,116.45187377929688,150.46292114257812,45.24623107910156,124.16964721679688,282.4534912109375,35.083229064941406,141.37071228027344,137.63150024414062,579.5821533203125,144.45408630371094,92.85443115234375,66.88436126708984,66.90536499023438,42.07158660888672,26.167842864990234,105.72020721435547,105.38745880126953,56.0980224609375,152.22412109375,89.7182846069336,505.189697265625,29.341941833496094,122.41069030761719,38.50886917114258,42.305240631103516,31.434354782104492,123.31133270263672,103.07613372802734,145.52000427246094,102.4000015258789,280.6000061035156,587.72998046875,86.78299713134766,26.959999084472656,56.47999954223633,40.060001373291016,126.37999725341797,169.10000610351562,49.25,136.22999572753906,299.19000244140625,35.66999816894531,152.32000732421875,145.2899932861328,590.7999877929688,152.83999633789062,100.43000030517578,72.91999816894531,67.52999877929688,42.10100173950195,31.190000534057617,115.66000366210938,111.27999877929688,59.970001220703125,154.6666717529297,92.91000366210938,531.6300048828125,32.75,132.4199981689453,41.18000030517578,45.900001525878906,32.70000076293945,128.57000732421875,113.0199966430664,148.5500030517578,105.5999984741211,283.2099914550781,604.5399780273438,88.9489974975586,27.780000686645508,56.959999084472656,40.75,127.3499984741211,170.1699981689453,49.81999969482422,136.67999267578125,305.3399963378906,36.36000061035156,153.11000061035156,147.02000427246094,605.0,154.3300018310547,101.7300033569336,76.45999908447266,69.77999877929688,43.297000885009766,31.5,118.97000122070312,114.4000015258789,60.849998474121094,158.94332885742188,94.76000213623047,538.3400268554688,33.810001373291016,134.44000244140625,42.220001220703125,46.279998779296875,33.2599983215332,129.82000732421875,113.97000122070312,143.3300018310547,101.83999633789062,278.1000061035156,584.8599853515625,86.56700134277344,26.8799991607666,55.720001220703125,40.029998779296875,124.87000274658203,167.50999450683594,48.41999816894531,133.92999267578125,298.6300048828125,35.52000045776367,150.14999389648438,144.8800048828125,578.3400268554688,152.13999938964844,99.13999938964844,72.88999938964844,67.18000030517578,41.88199996948242,30.90999984741211,115.0199966430664,110.83999633789062,59.40999984741211,154.11000061035156,92.36000061035156,529.25,32.72999954223633,131.1199951171875,41.15999984741211,45.3849983215332,32.68000030517578,127.7699966430664,111.33000183105469,148.5500030517578,103.80999755859375,282.0899963378906,600.4400024414062,88.7020034790039,27.25,56.63999938964844,40.2599983215332,125.69000244140625,168.6999969482422,49.220001220703125,135.0,301.9599914550781,35.959999084472656,151.6699981689453,145.47999572753906,605.0,153.92999267578125,101.66000366210938,74.87000274658203,69.68000030517578,42.81100082397461,31.3799991607666,115.0999984741211,112.38999938964844,60.029998779296875,158.51666259765625,93.08999633789062,536.8200073242188,33.31999969482422,133.57000732421875,41.47999954223633,45.81999969482422,33.08000183105469,129.67999267578125,112.72000122070312,6147100,52734200,2536400,1475500,26620000,58611000,13169000,17483300,4491300,6580200,12615900,2421300,3211800,29201800,7733800,11143600,3493700,1906500,7647600,17486100,18111000,501233000,26880300,2867900,10511500,7488400,4398300,22751600,2351200,15105700,2998600,16120300,63297000,66656200,15492500,20972500
2023-10-20,134.1064910888672,101.80999755859375,256.3311767578125,566.5901489257812,82.91818237304688,24.737903594970703,50.083316802978516,36.38330841064453,114.31412506103516,148.44309997558594,44.39183044433594,121.43521118164062,283.265380859375,34.34556579589844,142.00181579589844,135.41482543945312,573.5391235351562,142.58273315429688,94.92546844482422,67.07697296142578,66.59822845458984,41.35808181762695,25.714792251586914,102.21021270751953,102.87777709960938,54.45165252685547,150.0227813720703,88.17323303222656,500.8185729980469,27.711334228515625,121.264404296875,37.65788650512695,41.59554672241211,30.953712463378906,122.82218170166016,101.30682373046875,146.22999572753906,101.80999755859375,278.80999755859375,580.0999755859375,85.36299896240234,26.309999465942383,56.459999084472656,39.68000030517578,124.05999755859375,166.8300018310547,48.31999969482422,133.22999572753906,300.04998779296875,34.91999816894531,153.0,142.9499969482422,584.6400146484375,150.86000061035156,102.66999816894531,73.12999725341797,67.22000122070312,41.387001037597656,30.649999618530273,111.81999969482422,108.62999725341797,58.209999084472656,152.42999267578125,91.30999755859375,527.030029296875,30.93000030517578,131.17999267578125,40.27000045776367,45.130001068115234,32.20000076293945,128.05999755859375,111.08000183105469,147.50999450683594,104.33999633789062,281.05999755859375,592.2899780273438,87.48999786376953,26.940000534057617,57.09000015258789,40.2400016784668,126.66999816894531,169.10000610351562,49.349998474121094,136.7899932861328,303.25,36.279998779296875,153.8699951171875,145.13999938964844,596.9199829101562,153.77000427246094,103.36000061035156,74.0,68.5199966430664,42.470001220703125,31.110000610351562,115.98999786376953,111.61000061035156,60.20000076293945,155.74667358398438,94.31999969482422,534.4299926757812,32.83000183105469,133.5800018310547,41.09000015258789,45.9900016784668,32.75,128.97999572753906,113.31999969482422,145.27999877929688,101.44000244140625,275.75,578.2999877929688,85.18399810791016,26.239999771118164,56.2400016784668,39.560001373291016,123.86000061035156,166.10000610351562,48.060001373291016,132.94000244140625,298.1000061035156,34.869998931884766,152.3300018310547,142.1199951171875,580.8800048828125,150.80999755859375,99.98999786376953,72.3499984741211,67.13999938964844,41.077999114990234,30.479999542236328,111.44999694824219,108.62999725341797,56.7400016784668,152.15333557128906,91.08999633789062,526.77001953125,30.790000915527344,130.86000061035156,39.939998626708984,44.974998474121094,32.16999816894531,128.0399932861328,110.79000091552734,145.27999877929688,102.27999877929688,280.6000061035156,588.9500122070312,87.48999786376953,26.799999237060547,56.2400016784668,39.970001220703125,126.19000244140625,168.41000366210938,49.060001373291016,136.02000427246094,298.5,35.650001525878906,152.74000549316406,144.57000732421875,590.0,152.67999267578125,99.98999786376953,73.12000274658203,67.55999755859375,41.88999938964844,31.059999465942383,115.80000305175781,111.5199966430664,59.220001220703125,154.6566619873047,92.0,531.0,32.619998931884766,132.57000732421875,41.04999923706055,45.81999969482422,32.689998626708984,128.30999755859375,112.91999816894531,4223800,61317900,2455000,1035000,26953000,62058400,11638300,21396500,5289400,7458300,7909800,3425300,2329000,32303300,7207000,13332900,3666900,2478900,12467500,11270600,11506100,477266000,39407900,2865200,7756500,13102600,3013200,12197300,2811100,19087800,3075900,17498900,46549600,59921300,12296800,22445300
2023-10-23,132.73081970214844,100.01000213623047,251.0447540283203,574.1011352539062,83.75259399414062,24.04212188720703,49.67527389526367,35.658939361572266,111.80778503417969,142.9709014892578,43.831424713134766,119.98597717285156,282.4818115234375,33.29316711425781,140.50755310058594,133.567626953125,565.7008056640625,141.25010681152344,95.55418395996094,65.76532745361328,66.2613754272461,42.944969177246094,25.87419319152832,100.28154754638672,102.90620422363281,55.040977478027344,149.1697998046875,87.9801254272461,495.6300354003906,28.006994247436523,120.8484115600586,36.919132232666016,40.9227180480957,30.761449813842773,122.05490112304688,99.82023620605469,144.72999572753906,100.01000213623047,273.05999755859375,587.7899780273438,86.22200012207031,25.56999969482422,56.0,38.88999938964844,121.33999633789062,160.67999267578125,47.709999084472656,131.63999938964844,299.2200012207031,33.849998474121094,151.38999938964844,141.0,576.6500244140625,149.4499969482422,103.3499984741211,71.69999694824219,66.87999725341797,42.974998474121094,30.84000015258789,109.70999908447266,108.66000366210938,58.84000015258789,151.56333923339844,91.11000061035156,521.5700073242188,31.260000228881836,130.72999572753906,39.47999954223633,44.400001525878906,32.0,127.26000213623047,109.44999694824219,146.4199981689453,102.41999816894531,280.1199951171875,593.510009765625,87.36000061035156,26.209999084472656,56.720001220703125,39.619998931884766,123.16000366210938,164.42999267578125,47.9900016784668,133.1199951171875,303.54998779296875,35.189998626708984,153.5,143.67999267578125,588.3400268554688,150.97999572753906,104.1500015258789,72.87000274658203,68.16000366210938,43.24800109863281,31.389999389648438,113.16000366210938,110.56999969482422,59.029998779296875,154.17333984375,92.26000213623047,527.780029296875,31.760000228881836,131.33999633789062,40.380001068115234,44.875,32.36000061035156,128.39999389648438,110.95999908447266,144.1999969482422,99.31999969482422,272.70001220703125,573.8599853515625,84.28199768066406,25.520000457763672,55.97999954223633,38.790000915527344,120.63999938964844,160.25,46.95000076293945,130.67999267578125,298.19000244140625,33.38999938964844,151.2100067138672,140.72999572753906,576.1400146484375,147.88999938964844,102.66999816894531,71.23999786376953,66.2300033569336,40.94499969482422,30.530000686645508,109.44999694824219,107.68000030517578,56.88999938964844,149.9166717529297,89.16000366210938,520.2899780273438,30.65999984741211,128.6699981689453,39.41999816894531,44.19499969482422,31.969999313354492,127.13999938964844,108.68000030517578,146.16000366210938,100.80999755859375,280.1199951171875,577.6099853515625,85.7959976196289,26.1299991607666,56.349998474121094,39.58000183105469,123.05999755859375,163.3000030517578,47.66999816894531,131.94000244140625,298.2900085449219,34.599998474121094,152.86000061035156,142.94000244140625,586.0599975585938,150.77000427246094,102.83000183105469,72.7300033569336,66.81999969482422,41.229000091552734,30.770000457763672,111.41000366210938,107.94000244140625,58.38999938964844,151.52667236328125,89.9800033569336,527.030029296875,31.200000762939453,131.17999267578125,40.2599983215332,44.869998931884766,32.130001068115234,127.97000122070312,110.62999725341797,3903300,50817400,2433500,905100,16456000,59857200,10028300,21333500,5969400,16232400,8084400,2281300,2959800,53924700,5874000,10133400,2781900,2422700,8493000,12847100,9762000,478530000,29412100,3069000,6679200,9655500,2846100,8227900,2357700,14932300,2749000,13785800,51888200,55913700,12344200,18185000
2023-10-24,134.1798553466797,101.66999816894531,253.85801696777344,586.75927734375,85.58748626708984,23.948095321655273,49.781715393066406,35.695613861083984,110.52699279785156,139.38507080078125,43.610939025878906,118.4365005493164,282.444091796875,34.020999908447266,140.35903930664062,133.72865295410156,581.1812744140625,140.47508239746094,95.25830841064453,65.63691711425781,67.44036865234375,43.632484436035156,25.530216217041016,101.71662902832031,103.59754180908203,53.31978225708008,151.1939697265625,88.49191284179688,498.88946533203125,28.123464584350586,119.06432342529297,36.73209762573242,40.34667205810547,30.972938537597656,122.42894744873047,98.8534927368164,146.30999755859375,101.66999816894531,276.1199951171875,600.75,88.11100006103516,25.469999313354492,56.119998931884766,38.93000030517578,119.94999694824219,156.64999389648438,47.470001220703125,129.94000244140625,299.17999267578125,34.59000015258789,151.22999572753906,141.1699981689453,592.4299926757812,148.6300048828125,103.02999877929688,71.55999755859375,68.06999969482422,43.66299819946289,30.43000030517578,111.27999877929688,109.38999938964844,57.0,153.6199951171875,91.63999938964844,525.0,31.389999389648438,128.8000030517578,39.279998779296875,43.775001525878906,32.220001220703125,127.6500015258789,108.38999938964844,146.97000122070312,101.79000091552734,277.05999755859375,602.760009765625,88.30000305175781,25.8700008392334,56.68000030517578,39.29999923706055,121.98999786376953,161.0800018310547,48.02000045776367,131.80999755859375,303.1000061035156,34.709999084472656,151.9600067138672,141.72999572753906,594.52001953125,151.38999938964844,104.05999755859375,72.0999984741211,68.3499984741211,43.696998596191406,31.030000686645508,112.25,110.33000183105469,59.04999923706055,153.9199981689453,92.0,530.6699829101562,31.579999923706055,132.60000610351562,39.83000183105469,44.54499816894531,32.369998931884766,128.0500030517578,109.81999969482422,145.10000610351562,99.37999725341797,271.1300048828125,589.6300048828125,86.31199645996094,25.399999618530273,55.880001068115234,38.7400016784668,119.9000015258789,156.47000122070312,47.2599983215332,129.6199951171875,299.0799865722656,33.63999938964844,150.1300048828125,140.36000061035156,579.1099853515625,148.35000610351562,102.68000030517578,71.08000183105469,67.12999725341797,42.691001892089844,30.31999969482422,110.12000274658203,108.44000244140625,56.970001220703125,151.77000427246094,90.86000061035156,522.0700073242188,30.780000686645508,128.72000122070312,39.2400016784668,43.7599983215332,32.04999923706055,126.8499984741211,108.12000274658203,145.14999389648438,100.97000122070312,272.0899963378906,590.6199951171875,86.4000015258789,25.739999771118164,56.13999938964844,38.91999816894531,121.56999969482422,160.88999938964844,47.849998474121094,131.6199951171875,300.0,33.63999938964844,150.75,141.19000244140625,580.0,149.6999969482422,103.31999969482422,71.75,67.29000091552734,43.07699966430664,30.8799991607666,110.19999694824219,109.30000305175781,58.939998626708984,152.48666381835938,91.19999694824219,522.8599853515625,31.40999984741211,131.39999389648438,39.619998931884766,44.5099983215332,32.150001525878906,126.8499984741211,109.69999694824219,3362900,51982900,2253000,1333900,14972000,55975700,9442800,17181000,4664400,17689900,5672600,1813900,1697100,52673900,6155300,8881400,2633000,1759100,6347900,9265500,8450700,401463000,26923800,2669500,8578600,8407100,2233500,7374800,1978200,15076200,2913400,15097800,44271600,35825000,9375900,16786100
2023-10-25,133.21688842773438,96.05999755859375,250.21725463867188,569.7548828125,82.52963256835938,24.023313522338867,50.21637725830078,35.40220642089844,110.95085144042969,138.69102478027344,43.96004867553711,118.24508666992188,280.1594543457031,32.28995132446289,140.67462158203125,132.99925231933594,575.324462890625,139.26531982421875,95.81305694580078,65.49016571044922,65.88490295410156,41.749813079833984,25.781911849975586,101.72576141357422,99.23165893554688,52.964317321777344,145.08206176757812,84.62930297851562,503.84039306640625,28.03387451171875,117.27095031738281,36.49832534790039,40.27293014526367,30.857582092285156,121.3355712890625,99.035888671875,145.25999450683594,96.05999755859375,272.1600036621094,583.3400268554688,84.96299743652344,25.549999237060547,56.61000061035156,38.61000061035156,120.41000366210938,155.8699951171875,47.849998474121094,129.72999572753906,296.760009765625,32.83000183105469,151.57000732421875,140.39999389648438,586.4600219726562,147.35000610351562,103.62999725341797,71.4000015258789,66.5,41.77899932861328,30.729999542236328,111.29000091552734,104.77999877929688,56.619998931884766,147.41000366210938,87.63999938964844,530.2100219726562,31.290000915527344,126.86000061035156,39.029998779296875,43.69499969482422,32.099998474121094,126.51000213623047,108.58999633789062,146.89999389648438,101.02999877929688,276.69000244140625,598.1900024414062,87.87300109863281,25.649999618530273,56.77000045776367,38.849998474121094,120.93000030517578,157.41000366210938,47.90999984741211,130.52000427246094,300.0,34.45000076293945,152.1699981689453,141.17999267578125,599.7000122070312,150.2899932861328,104.61000061035156,71.9000015258789,69.19999694824219,43.650001525878906,31.0,111.5999984741211,109.29000091552734,57.27000045776367,152.10000610351562,90.8499984741211,532.3599853515625,31.56999969482422,130.35000610351562,39.209999084472656,44.029998779296875,32.31999969482422,127.45999908447266,109.5,144.82000732421875,95.2300033569336,272.0899963378906,581.5700073242188,84.60800170898438,25.18000030517578,55.959999084472656,38.2599983215332,118.7699966430664,155.1699981689453,46.93000030517578,128.6699981689453,295.0299987792969,32.54999923706055,150.22999572753906,139.50999450683594,585.8699951171875,147.14999389648438,102.94999694824219,71.12999725341797,65.9000015258789,41.55500030517578,30.219999313354492,109.4000015258789,104.43000030517578,55.720001220703125,146.6366729736328,86.68000030517578,520.0800170898438,30.670000076293945,126.43000030517578,38.58000183105469,43.474998474121094,32.0099983215332,125.56999969482422,108.12999725341797,146.11000061035156,100.41999816894531,275.0899963378906,597.4500122070312,87.70700073242188,25.3799991607666,56.02000045776367,38.70000076293945,119.52999877929688,156.94000244140625,47.2400016784668,129.6999969482422,298.6000061035156,34.18000030517578,151.24000549316406,140.57000732421875,596.9400024414062,149.13999938964844,103.3499984741211,71.25,68.48999786376953,43.39799880981445,30.459999084472656,110.58000183105469,108.80999755859375,56.880001068115234,151.58999633789062,90.80000305175781,527.27001953125,31.079999923706055,128.69000244140625,39.06999969482422,43.80500030517578,32.099998474121094,127.06999969482422,108.5199966430664,5461500,53424500,2302300,1322700,21432000,45522400,11766100,15570100,5010600,10502400,6337400,2421900,1809300,44658500,5880800,8242600,2283300,2479500,7849200,8461700,11924300,398379000,28857900,2214600,8571600,8571800,3244200,13027100,2380100,13054500,3056200,13849000,41412600,59240100,11427000,22047300
2023-10-26,133.16188049316406,93.66999816894531,247.96482849121094,574.5015869140625,80.30716705322266,24.559255599975586,46.98748016357422,36.07155227661133,109.01581573486328,137.69448852539062,43.335323333740234,116.61355590820312,280.3765869140625,31.985044479370117,138.2893524169922,133.34027099609375,557.313232421875,139.9363555908203,97.5882339477539,66.10470581054688,63.93311309814453,40.29781723022461,26.142671585083008,104.53192138671875,100.02717590332031,52.26273727416992,144.21922302246094,84.44583892822266,502.08233642578125,28.46392059326172,115.88433074951172,37.07810592651367,39.959556579589844,30.7902889251709,120.1366958618164,98.13299560546875,145.1999969482422,93.66999816894531,269.7099914550781,588.2000122070312,82.67500305175781,26.1200008392334,52.970001220703125,39.34000015258789,118.30999755859375,154.75,47.16999816894531,127.94000244140625,296.989990234375,32.52000045776367,149.0,140.75999450683594,568.0999755859375,148.05999755859375,105.55000305175781,72.06999969482422,64.52999877929688,40.32600021362305,31.15999984741211,114.36000061035156,105.62000274658203,55.869998931884766,146.53334045410156,87.44999694824219,528.3599853515625,31.770000457763672,125.36000061035156,39.650001525878906,43.35499954223633,32.029998779296875,125.26000213623047,107.5999984741211,145.9499969482422,97.5199966430664,273.44000244140625,599.0,85.44200134277344,26.360000610351562,55.290000915527344,39.75,119.16000366210938,155.17999267578125,47.56999969482422,128.60000610351562,300.1400146484375,33.220001220703125,151.97000122070312,141.6699981689453,581.0,148.4199981689453,107.2300033569336,72.69000244140625,67.44000244140625,42.25600051879883,31.3700008392334,115.23999786376953,106.47000122070312,56.630001068115234,149.79666137695312,88.13999938964844,530.469970703125,32.290000915527344,126.75,39.97999954223633,43.55500030517578,32.349998474121094,126.41000366210938,108.33999633789062,144.22999572753906,93.12000274658203,269.1400146484375,585.5700073242188,81.83399963378906,25.440000534057617,52.91999816894531,38.470001220703125,117.25,153.6300048828125,46.66999816894531,126.41999816894531,294.7799987792969,32.150001525878906,148.8800048828125,139.42999267578125,566.1599731445312,144.11000061035156,102.98999786376953,71.4000015258789,63.880001068115234,39.880001068115234,30.5,110.83000183105469,104.33000183105469,55.25,145.8699951171875,86.54000091552734,522.52001953125,31.239999771118164,121.18000030517578,38.97999954223633,42.92499923706055,31.969999313354492,125.16000366210938,106.5,144.86000061035156,95.98999786376953,271.5,593.0999755859375,84.79100036621094,25.489999771118164,53.959999084472656,38.5,118.7300033569336,155.00999450683594,47.04999923706055,128.14999389648438,296.9599914550781,32.88999938964844,151.97000122070312,139.75999450683594,580.0,146.5500030517578,103.0999984741211,71.47000122070312,66.44999694824219,41.85300064086914,30.610000610351562,111.23999786376953,104.75,56.0099983215332,148.06333923339844,87.12000274658203,525.7000122070312,31.34000015258789,126.0,39.02000045776367,43.29499816894531,32.02000045776367,125.47000122070312,107.44999694824219,5569400,49896400,2269900,1093000,27917000,60921000,25054000,25109600,6066500,10830400,5500600,2367500,2011200,59142500,7612500,9109400,2846500,2929200,11335700,10903200,16697900,541001000,27162700,3305100,8705200,8157500,4508100,9377300,2675800,15956600,3992500,15480300,44770400,56046100,14699100,18768300
2023-10-27,127.41172790527344,96.43000030517578,240.48109436035156,576.2597045898438,81.43492126464844,23.6660213470459,45.257713317871094,35.06294250488281,108.54589080810547,128.44068908691406,42.96784210205078,114.836181640625,273.6926574707031,34.95536804199219,135.13377380371094,128.53750610351562,549.592529296875,137.9893798828125,95.06414794921875,64.57293701171875,65.0427474975586,40.47169876098633,25.261741638183594,101.68006896972656,100.82270050048828,52.22532272338867,145.77101135253906,83.03600311279297,498.5662841796875,27.45151138305664,114.22041320800781,36.24583435058594,39.001007080078125,30.23274040222168,118.10340881347656,96.26336669921875,138.92999267578125,96.43000030517578,261.57000732421875,590.0,83.83599853515625,25.170000076293945,51.02000045776367,38.2400016784668,117.80000305175781,144.35000610351562,46.77000045776367,125.98999786376953,289.9100036621094,35.540000915527344,145.60000610351562,135.69000244140625,560.22998046875,146.0,102.81999969482422,70.4000015258789,65.6500015258789,40.5,30.110000610351562,111.23999786376953,106.45999908447266,55.83000183105469,148.11000061035156,85.98999786376953,524.6599731445312,30.639999389648438,123.55999755859375,38.7599983215332,42.314998626708984,31.450000762939453,123.13999938964844,105.55000305175781,143.0,97.3499984741211,269.3599853515625,595.969970703125,84.02100372314453,26.06999969482422,52.220001220703125,39.369998931884766,118.33999633789062,151.25,47.279998779296875,128.07000732421875,298.2699890136719,36.380001068115234,148.66000366210938,139.10000610351562,570.8099975585938,148.27000427246094,105.56999969482422,72.01000213623047,66.2699966430664,41.20600128173828,31.1299991607666,113.81999969482422,107.88999938964844,56.18000030517578,149.50999450683594,87.77999877929688,527.739990234375,31.6200008392334,125.16000366210938,39.40999984741211,43.474998474121094,32.029998779296875,125.06999969482422,109.86000061035156,136.02999877929688,94.58999633789062,260.1600036621094,587.3300170898438,82.85399627685547,24.959999084472656,49.4900016784668,38.16999816894531,116.44000244140625,143.9600067138672,45.95000076293945,124.95999908447266,289.3599853515625,34.599998474121094,144.9499969482422,135.19000244140625,556.6400146484375,144.55999755859375,102.22000122070312,70.19000244140625,64.87999725341797,40.01499938964844,30.020000457763672,110.80000305175781,105.83999633789062,55.02000045776367,147.43333435058594,85.88999938964844,521.260009765625,30.469999313354492,122.33000183105469,38.619998931884766,42.16999816894531,31.360000610351562,122.58999633789062,104.95999908447266,138.77000427246094,95.80000305175781,268.95001220703125,594.8699951171875,83.0,26.06999969482422,52.04999923706055,39.33000183105469,117.69999694824219,150.72000122070312,47.18000030517578,127.93000030517578,297.54998779296875,34.65999984741211,148.49000549316406,138.9499969482422,563.010009765625,147.72999572753906,105.31999969482422,71.91000366210938,64.91999816894531,41.130001068115234,31.059999465942383,113.6500015258789,106.9000015258789,56.0,148.6133270263672,87.54000091552734,525.989990234375,31.299999237060547,124.87999725341797,39.380001068115234,43.310001373291016,31.989999771118164,124.91000366210938,108.88999938964844,9427200,52458700,2874900,819400,18236000,64709300,17895400,20654700,5312500,24524300,8089500,2779000,2601700,84128200,11385800,17434700,2717400,3524200,8933800,11099100,9980300,416784000,33877100,1854600,7292000,6944500,2436900,12480700,2585600,10909400,3674500,13582800,53809400,73057300,13566100,23092000
2023-10-30,130.12631225585938,96.18000030517578,241.9705047607422,575.165771484375,81.71563720703125,24.154949188232422,45.46174240112305,35.695613861083984,108.85917663574219,129.98890686035156,42.41661834716797,114.343994140625,284.0018005371094,35.102901458740234,136.46099853515625,130.1763458251953,554.9686279296875,138.80221557617188,94.9347152709961,65.53852081298828,65.45885467529297,41.13223648071289,25.630891799926758,103.18826293945312,102.12017059326172,52.75852584838867,143.81898498535156,83.10359191894531,503.6312561035156,28.05179214477539,114.84899139404297,36.87237548828125,39.13004684448242,30.771066665649414,118.76519012451172,96.56433868408203,141.88999938964844,96.18000030517578,263.19000244140625,588.8800048828125,84.125,25.690000534057617,51.25,38.93000030517578,118.13999938964844,146.08999633789062,46.16999816894531,125.44999694824219,300.8299865722656,35.689998626708984,147.02999877929688,137.4199981689453,565.7100219726562,146.86000061035156,102.68000030517578,70.58999633789062,66.06999969482422,41.1609992980957,30.549999237060547,112.88999938964844,107.83000183105469,56.400001525878906,146.1266632080078,86.05999755859375,529.989990234375,31.309999465942383,124.23999786376953,39.43000030517578,42.45500183105469,32.0099983215332,123.83000183105469,105.87999725341797,145.7100067138672,97.04000091552734,266.3500061035156,594.4500122070312,84.94300079345703,25.780000686645508,51.900001525878906,38.970001220703125,118.5,146.44000244140625,47.20000076293945,127.08999633789062,301.80999755859375,35.959999084472656,147.24000549316406,138.0399932861328,573.2100219726562,148.52999877929688,104.5,70.88999938964844,67.55000305175781,41.76599884033203,30.68000030517578,113.29000091552734,109.33000183105469,56.529998779296875,147.99667358398438,88.30000305175781,531.8200073242188,31.329999923706055,125.55999755859375,39.59000015258789,42.77000045776367,32.09000015258789,124.20999908447266,106.41999816894531,140.6699981689453,94.69999694824219,262.5,582.47998046875,82.71499633789062,25.280000686645508,50.2599983215332,38.40999984741211,116.51000213623047,144.32000732421875,45.66999816894531,123.95999908447266,293.2900085449219,34.91999816894531,146.0,136.0399932861328,562.5499877929688,144.50999450683594,102.61000061035156,69.41999816894531,65.16999816894531,40.48099899291992,30.110000610351562,111.08000183105469,106.18000030517578,55.349998474121094,144.5399932861328,86.0,522.9400024414062,30.59000015258789,121.94000244140625,38.689998626708984,42.04499816894531,31.59000015258789,122.88999938964844,105.20999908447266,140.6699981689453,96.13999938964844,265.0,592.77001953125,84.11000061035156,25.31999969482422,51.72999954223633,38.54999923706055,117.77999877929688,145.66000366210938,46.689998626708984,126.33999633789062,293.45001220703125,35.470001220703125,146.08999633789062,136.44000244140625,571.2100219726562,146.8800048828125,103.27999877929688,70.05000305175781,66.36000061035156,41.08700180053711,30.239999771118164,112.19999694824219,106.70999908447266,56.31999969482422,147.05332946777344,87.30999755859375,525.0,30.959999084472656,124.52999877929688,39.099998474121094,42.46500015258789,31.670000076293945,123.77999877929688,105.73999786376953,9258500,43716600,2974600,746700,20889000,41891900,29683000,21777500,5830500,13857100,6815200,2614600,3065200,36656300,8205300,9855500,2290900,2949000,6915500,9769600,10667700,388028000,33063500,2306600,6634000,6698000,2743200,9785500,2555400,9653000,2925400,14141900,45530600,48978100,15224500,19379900
2023-10-31,129.47515869140625,98.5,235.0843963623047,584.8644409179688,81.727294921875,24.766111373901367,45.71011734008789,36.20909118652344,109.46733093261719,129.66859436035156,42.78410720825195,115.07317352294922,286.6261901855469,35.899574279785156,137.6768035888672,131.72987365722656,543.4121704101562,142.9513702392578,94.95321655273438,65.7520523071289,66.25147247314453,40.75150680541992,25.6392822265625,104.6324691772461,103.21871948242188,52.06629943847656,145.13455200195312,83.34500885009766,508.9241943359375,28.562471389770508,117.40038299560547,37.19032287597656,39.25907516479492,31.107519149780273,119.44615173339844,96.53697204589844,141.17999267578125,98.5,255.6999969482422,598.8099975585938,84.13700103759766,26.34000015258789,51.529998779296875,39.4900016784668,118.80000305175781,145.72999572753906,46.56999969482422,126.25,303.6099853515625,36.5,148.33999633789062,139.05999755859375,553.9299926757812,151.25,102.69999694824219,70.81999969482422,66.87000274658203,40.779998779296875,30.559999465942383,114.47000122070312,108.98999786376953,55.65999984741211,147.4633331298828,86.30999755859375,535.5599975585938,31.8799991607666,127.0,39.77000045776367,42.595001220703125,32.36000061035156,124.54000091552734,105.8499984741211,142.22000122070312,98.81999969482422,257.4200134277344,602.1300048828125,84.55000305175781,26.3799991607666,51.65999984741211,39.529998779296875,118.98999786376953,146.52000427246094,46.599998474121094,126.63999938964844,304.2900085449219,36.56999969482422,148.5399932861328,139.24000549316406,569.6099853515625,151.97999572753906,103.55000305175781,71.0199966430664,67.06999969482422,40.87900161743164,30.81999969482422,114.5199966430664,109.20999908447266,56.5,147.8433380126953,86.43000030517578,536.6799926757812,31.889999389648438,127.08999633789062,39.810001373291016,42.685001373291016,32.369998931884766,124.69999694824219,106.16000366210938,139.67999267578125,94.06999969482422,249.6999969482422,593.5599975585938,83.26000213623047,25.719999313354492,50.66999816894531,38.91999816894531,116.48999786376953,144.22999572753906,45.650001525878906,124.25,300.70001220703125,35.619998931884766,146.63999938964844,137.47000122070312,547.6099853515625,144.4600067138672,101.4000015258789,70.2699966430664,65.26000213623047,39.22999954223633,29.700000762939453,112.36000061035156,106.69000244140625,55.439998626708984,144.40333557128906,84.94999694824219,531.6199951171875,30.8799991607666,123.3499984741211,39.2400016784668,42.08000183105469,32.0099983215332,123.55000305175781,104.54000091552734,142.08999633789062,96.23999786376953,255.88999938964844,599.6500244140625,84.38899993896484,25.739999771118164,51.380001068115234,39.040000915527344,117.9000015258789,146.10000610351562,46.08000183105469,125.31999969482422,301.67999267578125,35.65999984741211,147.5399932861328,137.7100067138672,568.969970703125,148.39999389648438,102.7699966430664,70.7699966430664,66.08000183105469,40.45000076293945,30.290000915527344,113.37000274658203,108.30000305175781,56.11000061035156,146.25332641601562,86.1500015258789,535.0,31.450000762939453,124.94999694824219,39.63999938964844,42.505001068115234,32.06999969482422,124.2699966430664,105.58000183105469,10394000,79547100,4885100,1020300,14747000,50106700,14670400,16373100,4505000,14261300,5896200,2368400,2611000,41185200,7576900,9672500,3661400,4139700,7522600,8949000,8268400,517969000,42648200,2233500,6485500,8045900,1911600,9004900,2464200,12582400,3914800,11919200,37205600,41050100,13917400,22185200
2023-11-01,130.65823364257812,108.04000091552734,239.80995178222656,595.6259765625,82.8511734008789,24.82252311706543,45.48835372924805,36.30995178222656,107.50464630126953,128.1114501953125,42.453369140625,113.2228775024414,289.9776611328125,36.67658233642578,138.00164794921875,131.61622619628906,543.93212890625,146.69407653808594,95.09188842773438,65.87274932861328,68.758056640625,42.29542922973633,25.597333908081055,103.70928192138672,105.01811981201172,52.253379821777344,148.54974365234375,84.78382110595703,505.1612243652344,28.5445556640625,118.07520294189453,37.04069900512695,39.166908264160156,31.309391021728516,119.69551849365234,96.3454360961914,142.47000122070312,108.04000091552734,260.8399963378906,608.27001953125,85.29399871826172,26.399999618530273,51.279998779296875,39.599998474121094,116.66999816894531,143.97999572753906,46.209999084472656,124.22000122070312,307.1600036621094,37.290000915527344,148.69000244140625,138.94000244140625,554.4600219726562,155.2100067138672,102.8499984741211,70.94999694824219,69.4000015258789,42.32500076293945,30.510000228881836,113.45999908447266,110.88999938964844,55.86000061035156,150.93333435058594,87.80000305175781,531.5999755859375,31.860000610351562,127.7300033569336,39.61000061035156,42.494998931884766,32.56999969482422,124.80000305175781,105.63999938964844,143.7100067138672,108.1500015258789,261.19000244140625,608.7999877929688,85.38300323486328,26.6200008392334,51.90999984741211,39.84000015258789,119.7699966430664,146.00999450683594,47.0,127.52999877929688,308.25,37.31999969482422,149.75999450683594,140.52999877929688,558.4299926757812,157.63999938964844,104.2300033569336,71.91000366210938,69.66000366210938,42.38100051879883,31.079999923706055,115.05999755859375,111.19000244140625,56.70000076293945,151.07000732421875,87.87000274658203,535.8300170898438,32.06999969482422,131.42999267578125,39.97999954223633,43.095001220703125,32.70000076293945,125.41000366210938,107.16999816894531,141.75,98.5,255.08999633789062,596.780029296875,83.55699920654297,26.149999618530273,51.16999816894531,39.279998779296875,116.48999786376953,143.82000732421875,46.119998931884766,124.12000274658203,302.8399963378906,36.279998779296875,148.4600067138672,138.47000122070312,551.260009765625,151.25,102.7300033569336,70.69999694824219,67.0,40.86899948120117,30.469999313354492,112.36000061035156,108.69999694824219,55.619998931884766,147.47999572753906,86.33999633789062,526.7999877929688,31.40999984741211,125.81999969482422,39.279998779296875,42.435001373291016,32.349998474121094,124.16999816894531,105.45999908447266,141.86000061035156,98.58000183105469,256.2699890136719,599.6699829101562,84.19999694824219,26.440000534057617,51.86000061035156,39.540000915527344,119.4800033569336,145.97999572753906,47.0,126.77999877929688,303.3299865722656,36.5,149.19000244140625,139.25,555.0,152.42999267578125,103.55000305175781,71.16999816894531,67.0,40.88399887084961,30.559999465942383,114.75,109.16999816894531,56.0,147.47999572753906,86.47000122070312,529.97998046875,31.8700008392334,127.86000061035156,39.959999084472656,42.8650016784668,32.41999816894531,124.38999938964844,106.52999877929688,4207800,138641500,2509600,1005800,18684000,44046300,11280800,16011000,8350900,10819600,7565000,3394600,2345400,41710700,5733000,9432000,2935900,4023200,5838100,9429000,16777500,437593000,23568300,1675400,12809900,6197300,3542100,9508800,2747400,14876800,3741700,19850300,46082600,51764100,13802600,28984900
2023-11-02,131.3826904296875,107.83000183105469,245.09640502929688,618.265380859375,84.63457489013672,25.969623565673828,45.35529327392578,37.91455078125,112.43438720703125,132.3646697998047,43.42719650268555,117.26068878173828,296.20843505859375,37.07984161376953,139.44024658203125,133.9654998779297,569.2715454101562,147.2233428955078,95.09188842773438,68.20314025878906,69.7884521484375,43.4755973815918,25.588943481445312,109.55012512207031,111.14551544189453,53.65653991699219,151.9255828857422,87.37176513671875,509.46588134765625,30.7664794921875,119.21222686767578,38.22003936767578,40.35127258300781,32.049591064453125,121.59452056884766,99.51014709472656,143.25999450683594,107.83000183105469,266.5899963378906,631.3900146484375,87.12999725341797,27.6200008392334,51.130001068115234,41.349998474121094,122.0199966430664,148.75999450683594,47.27000045776367,128.64999389648438,313.760009765625,37.70000076293945,150.24000549316406,141.4199981689453,580.2899780273438,155.77000427246094,102.8499984741211,73.45999908447266,70.44000244140625,43.50600051879883,30.5,119.8499984741211,117.36000061035156,57.36000061035156,154.3633270263672,90.4800033569336,536.1300048828125,34.34000015258789,128.9600067138672,40.5099983215332,43.779998779296875,33.34000015258789,126.77999877929688,109.11000061035156,143.77000427246094,109.41000366210938,268.1000061035156,637.489990234375,88.05000305175781,27.65999984741211,51.369998931884766,41.369998931884766,123.25,149.0,47.310001373291016,128.6699981689453,314.5400085449219,37.81999969482422,150.39999389648438,141.47999572753906,597.4400024414062,159.64999389648438,103.05999755859375,73.52999877929688,71.02999877929688,43.88399887084961,30.649999618530273,119.91999816894531,119.08000183105469,57.43000030517578,155.46665954589844,91.05000305175781,536.8400268554688,34.34000015258789,130.1699981689453,40.540000915527344,43.81999969482422,33.36000061035156,126.88999938964844,109.19000244140625,140.50999450683594,105.91000366210938,262.4599914550781,627.0900268554688,86.0,26.59000015258789,50.689998626708984,39.93000030517578,117.37000274658203,143.8300018310547,45.84000015258789,123.22000122070312,308.0,36.90999984741211,147.5399932861328,139.22999572753906,571.989990234375,153.92999267578125,101.6500015258789,71.6500015258789,69.75,42.89400100708008,30.209999084472656,114.51000213623047,114.44999694824219,55.709999084472656,152.35333251953125,89.47000122070312,526.9500122070312,32.38999938964844,127.36000061035156,39.38999938964844,42.35499954223633,32.810001373291016,124.94999694824219,105.5,141.30999755859375,107.95999908447266,263.29998779296875,636.969970703125,86.19999694824219,26.709999084472656,50.81999969482422,39.9900016784668,117.87000274658203,144.5399932861328,46.33000183105469,123.80000305175781,309.69000244140625,37.58000183105469,147.7100067138672,140.08999633789062,578.3300170898438,155.22000122070312,102.73999786376953,71.68000030517578,70.31999969482422,43.327999114990234,30.510000228881836,114.51000213623047,117.97000122070312,55.880001068115234,153.92999267578125,90.4000015258789,532.0,32.43000030517578,127.93000030517578,39.7400016784668,42.599998474121094,32.869998931884766,125.27999877929688,105.87999725341797,4066800,71377000,2470400,1527400,18759000,63278300,13436100,23283600,9068700,11099100,6014900,4313600,2597000,35440000,5349100,10186200,5181300,3828200,5379100,11638000,11926000,409172000,29640900,2822400,22106100,5811800,2726700,11032600,2350900,15473500,3569500,19998500,45323000,47417000,11894000,25212700
2023-11-03,129.6952667236328,112.25,248.10272216796875,629.0563354492188,85.73998260498047,26.721824645996094,46.85442352294922,39.25205993652344,110.34270477294922,131.34140014648438,43.49150466918945,116.81409454345703,309.29315185546875,37.512596130371094,140.46116638183594,135.46218872070312,557.0286254882812,142.50714111328125,95.5819091796875,70.8027572631836,71.90865325927734,44.97355270385742,26.22657012939453,112.6213607788086,113.19112396240234,53.19817352294922,155.91818237304688,88.63674926757812,504.4960632324219,31.796810150146484,116.87345123291016,39.267295837402344,39.94572830200195,32.472557067871094,122.19876098632812,98.29715728759766,141.4199981689453,112.25,269.8599853515625,642.4099731445312,88.26799774169922,28.420000076293945,52.81999969482422,42.2599983215332,119.75,147.61000061035156,47.34000015258789,128.16000366210938,327.6199951171875,38.13999938964844,151.33999633789062,143.0,567.8099975585938,150.77999877929688,103.37999725341797,76.26000213623047,72.58000183105469,45.005001068115234,31.260000228881836,123.20999908447266,119.5199966430664,56.869998931884766,158.4199981689453,91.79000091552734,530.9000244140625,35.4900016784668,126.43000030517578,41.619998931884766,43.34000015258789,33.779998779296875,127.41000366210938,107.77999877929688,143.9499969482422,113.38999938964844,270.54998779296875,647.0,88.75,28.93000030517578,53.13999938964844,42.470001220703125,121.88999938964844,148.55999755859375,47.93000030517578,131.61000061035156,329.3299865722656,38.31999969482422,152.27000427246094,143.77000427246094,583.0,155.49000549316406,104.25,76.68000030517578,73.19000244140625,45.308998107910156,31.389999389648438,124.37000274658203,120.0999984741211,57.75,159.57000732421875,92.44999694824219,535.97998046875,35.86000061035156,129.2100067138672,41.86000061035156,43.84000015258789,33.939998626708984,128.1999969482422,108.77999877929688,140.88999938964844,107.86000061035156,265.5,638.9000244140625,87.10600280761719,28.1299991607666,51.38999938964844,41.540000915527344,119.3499984741211,146.14999389648438,47.209999084472656,127.61000061035156,317.92999267578125,37.66999816894531,150.14999389648438,141.85000610351562,567.1799926757812,149.89999389648438,102.77999877929688,74.54000091552734,71.1500015258789,43.722999572753906,30.84000015258789,121.47000122070312,117.36000061035156,56.59000015258789,155.78334045410156,90.83999633789062,528.7999877929688,35.15999984741211,124.83999633789062,41.06999969482422,43.07500076293945,33.650001525878906,127.19999694824219,106.54000091552734,143.9499969482422,109.05000305175781,268.5199890136719,643.0999755859375,87.75,28.15999984741211,51.38999938964844,41.560001373291016,121.5,148.3000030517578,47.41999816894531,129.7899932861328,318.4599914550781,38.0,151.2100067138672,142.19000244140625,578.4299926757812,155.4499969482422,103.37000274658203,74.58999633789062,71.30000305175781,44.02000045776367,30.899999618530273,122.12000274658203,117.94999694824219,57.40999984741211,156.07333374023438,91.6500015258789,534.5700073242188,35.310001373291016,128.80999755859375,41.16999816894531,43.70000076293945,33.65999984741211,127.6500015258789,108.4000015258789,5414500,65632200,2509800,906900,18041000,62613600,14479300,20287700,5935600,13160000,7016500,5531600,3742000,30502700,4926800,9538700,3056500,3275900,6005900,14951100,14457900,424610000,28071000,2824200,10670100,5896900,2326800,9226700,2739500,13100700,3297600,16147500,47235000,58801300,11635600,30555600
2023-11-06,129.49349975585938,111.75,250.83331298828125,624.189697265625,85.5602798461914,26.63719940185547,46.82781219482422,39.04772186279297,109.16326141357422,130.79861450195312,42.92190933227539,115.22810363769531,305.7906799316406,37.448455810546875,140.79530334472656,136.4852752685547,583.8887329101562,141.69432067871094,96.4695053100586,70.48709869384766,72.24549865722656,45.71902847290039,26.159452438354492,111.10401916503906,113.57942962646484,52.83335494995117,155.62948608398438,89.41893005371094,506.9286193847656,31.599702835083008,116.30956268310547,39.00312805175781,39.494102478027344,32.376426696777344,123.01398468017578,96.55521392822266,141.1999969482422,111.75,272.8299865722656,637.4400024414062,88.08300018310547,28.329999923706055,52.790000915527344,42.040000915527344,118.47000122070312,147.0,46.720001220703125,126.41999816894531,323.9100036621094,37.95000076293945,151.6999969482422,144.0800018310547,595.1900024414062,149.9199981689453,104.33999633789062,75.91999816894531,72.91999816894531,45.750999450683594,31.18000030517578,121.55000305175781,119.93000030517578,56.47999954223633,158.1266632080078,92.5999984741211,533.4600219726562,35.27000045776367,125.81999969482422,41.34000015258789,42.849998474121094,33.68000030517578,128.25999450683594,105.87000274658203,142.3699951171875,113.08000183105469,274.95001220703125,638.7999877929688,88.58899688720703,28.770000457763672,53.54999923706055,42.369998931884766,120.55999755859375,149.3300018310547,47.75,129.52999877929688,328.8999938964844,38.20000076293945,152.42999267578125,144.19000244140625,597.7100219726562,152.63999938964844,104.37000274658203,76.76000213623047,72.98999786376953,45.935001373291016,31.40999984741211,123.69000244140625,120.55999755859375,57.470001220703125,159.11666870117188,92.61000061035156,536.02001953125,35.84000015258789,128.1199951171875,41.790000915527344,43.685001373291016,33.91999816894531,128.4600067138672,108.2699966430664,140.97999572753906,110.22000122070312,270.75,631.1699829101562,87.12100219726562,28.020000457763672,52.63999938964844,41.7599983215332,118.19000244140625,146.69000244140625,46.33000183105469,125.0999984741211,322.1000061035156,37.849998474121094,151.3699951171875,142.7899932861328,571.010009765625,148.74000549316406,103.13999938964844,75.36000061035156,72.0199966430664,44.89899826049805,30.959999084472656,120.66999816894531,118.37999725341797,56.20000076293945,156.6300048828125,91.29000091552734,530.0499877929688,35.029998779296875,125.27999877929688,41.150001525878906,42.724998474121094,33.5,127.43000030517578,105.7699966430664,141.88999938964844,112.5999984741211,270.7699890136719,636.8800048828125,88.15599822998047,28.559999465942383,53.13999938964844,42.369998931884766,120.23999786376953,148.72999572753906,47.720001220703125,129.27999877929688,326.6600036621094,38.02000045776367,151.77999877929688,143.1699981689453,571.0999755859375,152.0,104.08000183105469,76.68000030517578,72.58000183105469,45.28499984741211,31.31999969482422,123.22000122070312,120.0,57.40999984741211,158.67666625976562,92.0,531.6300048828125,35.650001525878906,127.7300033569336,41.790000915527344,43.685001373291016,33.869998931884766,127.94999694824219,108.16999816894531,4377000,49270400,2768100,651300,12870000,45548000,17627100,20843900,4610800,10634200,7874000,4344500,2087600,23877200,4851400,7625100,3978500,2427500,5951200,8140300,10073900,400733000,27381200,1690200,7756400,5165500,1740000,8402700,2684900,7622700,2073100,15148600,41035400,40599700,8425100,19097300
2023-11-07,130.37393188476562,113.44999694824219,249.25196838378906,623.0831909179688,87.21063232421875,26.477357864379883,46.38427734375,38.97342300415039,106.19621276855469,128.4940643310547,41.608158111572266,111.78274536132812,305.828369140625,38.25761795043945,140.0527801513672,136.41893005371094,588.5386962890625,138.14060974121094,96.15515899658203,70.1064453125,72.12662506103516,45.92288589477539,26.218181610107422,110.40018463134766,114.32759857177734,49.88673400878906,156.62026977539062,89.23544311523438,511.08135986328125,31.18757438659668,113.74894714355469,38.72008514404297,38.618507385253906,32.328365325927734,123.10032653808594,95.041259765625,142.16000366210938,113.44999694824219,271.1099853515625,636.3099975585938,89.78199768066406,28.15999984741211,52.290000915527344,41.959999084472656,115.25,144.41000366210938,45.290000915527344,122.63999938964844,323.95001220703125,38.77000045776367,150.89999389648438,144.00999450683594,599.9299926757812,146.16000366210938,104.0,75.51000213623047,72.80000305175781,45.95500183105469,31.25,120.77999877929688,120.72000122070312,53.33000183105469,159.13333129882812,92.41000366210938,537.8300170898438,34.810001373291016,123.05000305175781,41.040000915527344,41.900001525878906,33.630001068115234,128.35000610351562,104.20999908447266,142.17999267578125,114.6500015258789,274.0,641.3900146484375,90.177001953125,28.260000228881836,53.04999923706055,42.15999984741211,116.5,145.61000061035156,46.09000015258789,124.5,326.3900146484375,38.900001525878906,152.25,144.25999450683594,601.9400024414062,148.5800018310547,104.72000122070312,76.16999816894531,73.12999725341797,46.21799850463867,31.389999389648438,121.63999938964844,121.08000183105469,55.5,159.8300018310547,93.05000305175781,539.6500244140625,35.15999984741211,124.23999786376953,41.20000076293945,42.3650016784668,33.709999084472656,128.66000366210938,104.86000061035156,140.57000732421875,111.22000122070312,269.3800048828125,633.530029296875,87.61599731445312,27.950000762939453,52.130001068115234,41.650001525878906,114.33000183105469,143.24000549316406,45.02000045776367,121.5999984741211,321.2900085449219,37.97999954223633,150.67999267578125,142.82000732421875,590.1300048828125,144.74000549316406,103.7300033569336,74.93000030517578,71.70999908447266,45.15800094604492,30.889999389648438,120.25,119.16999816894531,53.0,157.5366668701172,91.75,531.52001953125,34.65999984741211,122.26000213623047,40.7400016784668,41.71500015258789,33.52000045776367,127.87000274658203,103.29000091552734,141.52000427246094,111.86000061035156,272.9700012207031,633.8200073242188,88.23200225830078,28.049999237060547,52.810001373291016,41.70000076293945,116.41999816894531,145.16000366210938,45.88999938964844,124.0,322.1300048828125,38.2400016784668,151.92999267578125,143.50999450683594,597.0,148.3000030517578,104.3499984741211,75.86000061035156,72.4800033569336,45.71900177001953,31.079999923706055,120.93000030517578,119.8499984741211,55.349998474121094,157.77999877929688,92.25,535.3599853515625,35.09000015258789,124.05999755859375,41.18000030517578,42.290000915527344,33.58000183105469,128.2100067138672,104.47000122070312,5024400,50550200,2526500,529000,19365000,33081900,20836100,11463200,5491000,15054600,11263500,3582100,1505000,32052000,4840400,6297900,3168200,2843300,6616400,7657700,8248400,343165000,18086400,1801800,7898400,17838000,1556400,6241300,2604800,8439800,2641500,13796900,47550200,27442000,8241900,20272500
2023-11-08,130.2546844482422,113.58999633789062,251.22860717773438,626.001220703125,88.50349426269531,26.223493576049805,46.499603271484375,38.84337615966797,105.45904541015625,126.70559692382812,40.58839797973633,110.47935485839844,306.40435791015625,37.418853759765625,139.5423126220703,137.091552734375,607.3742065429688,135.6265411376953,96.52497100830078,70.53350830078125,71.61141967773438,46.54145050048828,25.857418060302734,109.92489624023438,113.70255279541016,49.51256561279297,156.7777557373047,88.83953857421875,510.03607177734375,30.918790817260742,112.39006042480469,38.66346740722656,38.134620666503906,32.366817474365234,122.92768859863281,93.8738784790039,142.02999877929688,113.58999633789062,273.260009765625,639.2899780273438,91.11299896240234,27.889999389648438,52.41999816894531,41.81999969482422,114.44999694824219,142.39999389648438,44.18000030517578,121.20999908447266,324.55999755859375,37.91999816894531,150.35000610351562,144.72000122070312,619.1300048828125,143.5,104.4000015258789,75.97000122070312,72.27999877929688,46.57400131225586,30.81999969482422,120.26000213623047,120.05999755859375,52.93000030517578,159.2933349609375,92.0,536.72998046875,34.5099983215332,121.58000183105469,40.97999954223633,41.375,33.66999816894531,128.1699981689453,102.93000030517578,143.88999938964844,115.31999969482422,274.7699890136719,642.6599731445312,91.29100036621094,28.200000762939453,52.58000183105469,42.15999984741211,115.62000274658203,144.64999389648438,45.099998474121094,122.69999694824219,326.6600036621094,38.88999938964844,151.8300018310547,144.83999633789062,625.8699951171875,146.17999267578125,105.16999816894531,76.19000244140625,72.77999877929688,46.867000579833984,31.299999237060547,120.7699966430664,122.05999755859375,53.63999938964844,160.0399932861328,93.44000244140625,541.4000244140625,34.90999984741211,123.87999725341797,41.189998626708984,42.01499938964844,33.70000076293945,128.88999938964844,104.9000015258789,141.9199981689453,112.87999725341797,270.75,637.1500244140625,89.9000015258789,27.670000076293945,51.84000015258789,41.529998779296875,113.97000122070312,142.25,43.70000076293945,120.8499984741211,323.6700134277344,37.75,150.33999633789062,143.6199951171875,592.1799926757812,143.08999633789062,103.83999633789062,75.05999755859375,71.72000122070312,45.96799850463867,30.549999237060547,118.91999816894531,119.1500015258789,52.439998626708984,158.19332885742188,91.93000030517578,534.1400146484375,34.380001068115234,121.55000305175781,40.43000030517578,41.36000061035156,33.459999084472656,127.38999938964844,102.88999938964844,143.44000244140625,113.55000305175781,272.4200134277344,639.5499877929688,90.0,28.15999984741211,52.52000045776367,41.849998474121094,115.19999694824219,143.8800048828125,44.70000076293945,121.70999908447266,323.95001220703125,38.849998474121094,151.35000610351562,144.11000061035156,607.6599731445312,145.22999572753906,103.9800033569336,75.44999694824219,72.62000274658203,46.099998474121094,30.920000076293945,120.7699966430664,121.4000015258789,52.88999938964844,159.28334045410156,93.33000183105469,540.0,34.849998474121094,122.13999938964844,41.06999969482422,41.7400016784668,33.619998931884766,128.88999938964844,103.7300033569336,5299100,41880600,1916800,727000,15280000,31896000,11252800,14761600,5884300,12654100,14232200,3840500,1484400,33483400,5460000,7618200,7776400,2949700,8152100,8075200,9917600,346719000,29398300,1599700,7681900,13767100,2233800,6537700,1769200,6956900,3278200,19418700,50742000,30165800,10021100,19184100
2023-11-09,126.59550476074219,113.48999786376953,242.7703399658203,621.0758056640625,88.52779388427734,25.8850040435791,44.71661376953125,38.54615783691406,105.18263244628906,126.29629516601562,40.55164337158203,110.56139373779297,302.8357849121094,37.30044174194336,136.8229522705078,136.68418884277344,580.0923461914062,134.01980590820312,94.65734100341797,68.88090515136719,72.88949584960938,46.91719055175781,25.236705780029297,109.10222625732422,113.74042510986328,49.33483123779297,156.02647399902344,88.47259521484375,512.1930541992188,30.3812255859375,110.85553741455078,38.11626434326172,38.01941680908203,32.23223114013672,120.38606262207031,93.9012451171875,138.0399932861328,113.48999786376953,264.05999755859375,634.260009765625,91.13800048828125,27.530000686645508,50.40999984741211,41.5,114.1500015258789,141.94000244140625,44.13999938964844,121.30000305175781,320.7799987792969,37.79999923706055,147.4199981689453,144.2899932861328,591.3200073242188,141.8000030517578,102.37999725341797,74.19000244140625,73.56999969482422,46.95000076293945,29.68000030517578,119.36000061035156,120.0999984741211,52.7400016784668,158.52999877929688,91.62000274658203,539.0,33.90999984741211,119.91999816894531,40.400001525878906,41.25,33.529998779296875,125.5199966430664,102.95999908447266,141.60000610351562,115.80999755859375,273.2300109863281,649.3800048828125,92.9800033569336,28.079999923706055,52.56999969482422,42.279998779296875,116.06999969482422,143.91000366210938,45.130001068115234,122.62999725341797,326.6499938964844,38.52000045776367,150.5,145.64999389648438,615.6500244140625,145.0,104.70999908447266,76.06999969482422,76.0999984741211,48.22999954223633,30.510000228881836,121.38999938964844,122.43000030517578,53.529998779296875,162.24000549316406,93.37000274658203,540.9099731445312,34.880001068115234,123.47000122070312,41.380001068115234,41.775001525878906,33.83000183105469,128.1999969482422,103.97000122070312,135.85000610351562,113.05999755859375,263.70001220703125,633.8499755859375,90.85600280761719,27.399999618530273,50.369998931884766,41.290000915527344,114.05000305175781,141.77999877929688,44.119998931884766,120.88999938964844,319.6600036621094,37.77000045776367,147.25999450683594,143.6999969482422,583.4299926757812,141.4199981689453,102.1500015258789,73.95999908447266,73.5,46.75,29.6299991607666,118.73999786376953,119.8499984741211,52.58000183105469,158.2100067138672,91.5999984741211,534.47998046875,33.810001373291016,119.87999725341797,40.27000045776367,41.224998474121094,33.470001220703125,125.4000015258789,102.86000061035156,141.0,114.0999984741211,272.1300048828125,646.3900146484375,91.25,28.06999969482422,52.54999923706055,42.08000183105469,115.6500015258789,143.0500030517578,44.56999969482422,122.20999908447266,326.0,38.04999923706055,150.5,145.44000244140625,614.760009765625,144.0,104.70999908447266,75.68000030517578,73.55000305175781,47.46699905395508,30.489999771118164,120.91000366210938,121.12000274658203,53.130001068115234,160.3333282470703,92.62999725341797,537.5999755859375,34.7400016784668,122.36000061035156,41.29999923706055,41.68000030517578,33.779998779296875,128.0500030517578,103.66999816894531,14970300,61146900,2266000,1221600,24486000,32267900,12175400,19128400,4306200,10359500,9925700,1827000,1787900,48955800,6973600,7992500,6279800,2297300,7377000,9497200,22435900,540496000,28737700,1920600,9002700,9278600,2383200,8166000,1819600,7172800,2553300,14006500,38232200,34336600,13905500,18380500
2023-11-10,127.09989929199219,118.58999633789062,245.7583465576172,647.5341186523438,93.0096435546875,26.026042938232422,44.89402389526367,39.084877014160156,106.5279312133789,127.19499206542969,41.91133499145508,111.83744049072266,307.3011779785156,38.346435546875,136.6651611328125,138.71139526367188,586.3610229492188,137.16712951660156,93.74203491210938,69.93931579589844,74.66292572021484,48.30122375488281,25.0666446685791,110.08027648925781,117.6327896118164,49.85866928100586,162.31883239746094,94.0926513671875,514.2933349609375,30.64104652404785,113.39767456054688,38.57855987548828,38.438785552978516,32.59752655029297,121.10538482666016,94.6217269897461,138.58999633789062,118.58999633789062,267.30999755859375,661.280029296875,95.75199890136719,27.68000030517578,50.61000061035156,42.08000183105469,115.61000061035156,142.9499969482422,45.619998931884766,122.69999694824219,325.510009765625,38.86000061035156,147.25,146.42999267578125,597.7100219726562,145.1300048828125,101.38999938964844,75.33000183105469,75.36000061035156,48.334999084472656,29.479999542236328,120.43000030517578,124.20999908447266,53.29999923706055,164.92333984375,97.44000244140625,541.2100219726562,34.20000076293945,122.66999816894531,40.88999938964844,41.70500183105469,33.90999984741211,126.2699966430664,103.75,139.36000061035156,119.69999694824219,267.94000244140625,663.219970703125,95.8949966430664,27.770000457763672,50.70000076293945,42.150001525878906,116.20999908447266,143.44000244140625,45.959999084472656,123.29000091552734,326.05999755859375,38.9900016784668,148.5,146.47999572753906,598.8599853515625,145.4199981689453,103.36000061035156,75.38999938964844,75.80999755859375,48.47200012207031,29.81999969482422,121.04000091552734,124.80999755859375,53.4900016784668,165.43666076660156,97.75,542.6799926757812,34.290000915527344,122.86000061035156,40.95000076293945,41.80500030517578,33.939998626708984,126.44999694824219,104.41000366210938,136.39999389648438,114.02999877929688,262.510009765625,640.7899780273438,91.82099914550781,27.34000015258789,49.58000183105469,41.470001220703125,114.5999984741211,141.72999572753906,44.529998779296875,121.6500015258789,321.6499938964844,38.2400016784668,145.63999938964844,144.0800018310547,586.0,142.5399932861328,100.5999984741211,74.05000305175781,73.56999969482422,47.28300094604492,29.030000686645508,118.55999755859375,120.97000122070312,52.66999816894531,159.85333251953125,93.61000061035156,536.02001953125,33.70000076293945,120.80000305175781,40.36000061035156,41.310001373291016,33.4900016784668,124.5999984741211,102.91000366210938,138.64999389648438,114.3499984741211,266.6400146484375,644.4600219726562,92.17400360107422,27.760000228881836,50.61000061035156,41.70000076293945,115.23999786376953,143.2899932861328,44.619998931884766,122.4800033569336,323.32000732421875,38.2400016784668,148.25,144.94000244140625,595.0,143.39999389648438,102.83999633789062,74.66000366210938,74.44000244140625,47.5,29.75,120.51000213623047,121.9000015258789,53.27000045776367,160.51666259765625,94.04000091552734,542.6799926757812,34.18000030517578,121.33000183105469,40.630001068115234,41.71500015258789,33.689998626708984,126.0,103.93000030517578,4586400,75135900,2070600,1246700,36272000,32858500,12697600,11912500,4602300,11988200,11178100,1934300,1781400,38862500,6930700,7983300,3645900,2377500,7627100,8924000,12306000,421245000,33844100,1585700,12191600,9267900,2229000,19281700,2480800,5936900,2965800,14706600,34565600,35146100,10401300,17825500
2023-11-13,127.14575958251953,116.79000091552734,245.18832397460938,640.9929809570312,91.98097229003906,26.04484748840332,44.48598098754883,39.660743713378906,106.83354949951172,128.1292724609375,41.72758865356445,112.16556549072266,308.62286376953125,37.72475814819336,137.01783752441406,138.09564208984375,601.0761108398438,138.7076873779297,94.74056243896484,69.67007446289062,74.08830261230469,48.586021423339844,24.641498565673828,109.32160949707031,117.2918472290039,50.51347351074219,160.73751831054688,93.1076889038086,515.5855712890625,30.46186637878418,114.87672424316406,38.4653434753418,38.71528244018555,32.549461364746094,121.80552673339844,95.61582946777344,138.63999938964844,116.79000091552734,266.69000244140625,654.5999755859375,94.69300079345703,27.700000762939453,50.150001525878906,42.70000076293945,115.36000061035156,144.0,45.41999816894531,123.05999755859375,326.9100036621094,38.22999954223633,147.6300048828125,145.77999877929688,612.7100219726562,146.75999450683594,102.47000122070312,75.04000091552734,74.77999877929688,48.619998931884766,28.979999542236328,119.5999984741211,123.8499984741211,54.0,163.31666564941406,96.41999816894531,542.5700073242188,34.0,124.2699966430664,40.77000045776367,42.005001068115234,33.86000061035156,127.0,104.83999633789062,139.16000366210938,118.68000030517578,267.2200012207031,657.75,95.23999786376953,27.850000381469727,50.66999816894531,42.90999984741211,115.91000366210938,144.3000030517578,46.029998779296875,123.7300033569336,328.7200012207031,38.56999969482422,147.89999389648438,146.25,618.75,147.35000610351562,102.55000305175781,75.5199966430664,75.19999694824219,49.11600112915039,29.360000610351562,120.37000274658203,124.55000305175781,54.36000061035156,163.8766632080078,97.18000030517578,544.1500244140625,34.25,124.5199966430664,41.060001373291016,42.09000015258789,33.95000076293945,127.25,105.13999938964844,137.42999267578125,116.0,263.5199890136719,648.27001953125,94.0479965209961,27.420000076293945,50.060001373291016,41.93000030517578,114.98999786376953,142.85000610351562,45.34000015258789,122.4000015258789,323.5299987792969,38.13999938964844,146.64999389648438,145.16000366210938,578.1500244140625,144.47999572753906,100.58000183105469,74.55000305175781,73.38999938964844,48.0989990234375,28.93000030517578,118.88999938964844,122.62999725341797,53.029998779296875,162.25332641601562,95.72000122070312,537.9099731445312,33.61000061035156,122.19000244140625,40.529998779296875,41.63999938964844,33.7400016784668,125.66999816894531,103.80999755859375,138.58999633789062,118.33999633789062,265.67999267578125,654.1400146484375,95.00499725341797,27.540000915527344,50.45000076293945,41.959999084472656,114.98999786376953,143.14999389648438,45.810001373291016,123.0,324.1600036621094,38.349998474121094,147.25,145.6999969482422,594.3499755859375,145.07000732421875,101.08999633789062,74.75,74.1500015258789,48.31999969482422,29.34000015258789,119.87999725341797,124.0,53.29999923706055,163.6266632080078,97.01000213623047,541.1500244140625,34.029998779296875,122.72000122070312,40.7400016784668,41.77000045776367,33.790000915527344,126.4000015258789,104.05000305175781,4454700,46741900,1579800,641200,16893000,28521800,12047100,16332100,3225700,8747700,8175900,2413500,1403300,24558300,5889300,6676300,5744800,2400900,5878200,4868400,9116000,384136000,35519900,1046300,7959200,6853600,1956000,9526300,1507900,5772800,2831700,12159700,28447400,28327300,11373800,15308400
2023-11-14,126.61384582519531,119.87999725341797,248.24984741210938,661.3704223632812,94.50942993164062,27.474021911621094,44.81419372558594,41.20259094238281,107.00023651123047,129.06356811523438,42.02157974243164,114.043212890625,319.772216796875,38.889163970947266,137.04568481445312,140.61544799804688,600.3292236328125,142.4031524658203,94.46318054199219,72.7060546875,76.45619201660156,49.621299743652344,24.879579544067383,115.77487182617188,120.6159896850586,50.84088134765625,166.68215942382812,95.51216888427734,513.5806884765625,32.38812255859375,116.54991912841797,39.701290130615234,39.0609245300293,33.16468811035156,122.63035583496094,95.98397827148438,138.05999755859375,119.87999725341797,270.0199890136719,675.4099731445312,97.2959976196289,29.219999313354492,50.52000045776367,44.36000061035156,115.54000091552734,145.0500030517578,45.7400016784668,125.12000274658203,338.7200012207031,39.40999984741211,147.66000366210938,148.44000244140625,610.8200073242188,150.6699981689453,102.16999816894531,78.30999755859375,77.16999816894531,49.65599822998047,29.260000228881836,126.66000366210938,127.36000061035156,54.349998474121094,169.35667419433594,98.91000366210938,540.4600219726562,36.150001525878906,126.08000183105469,42.08000183105469,42.380001068115234,34.5,127.86000061035156,104.29000091552734,140.10000610351562,122.11000061035156,272.95001220703125,678.489990234375,97.677001953125,29.40999984741211,51.18000030517578,44.77000045776367,116.80999755859375,145.5,46.20000076293945,125.33000183105469,341.7799987792969,39.4900016784668,148.5399932861328,149.25,616.0399780273438,151.10000610351562,103.22000122070312,78.95999908447266,77.44999694824219,49.83399963378906,29.709999084472656,127.06999969482422,128.22000122070312,54.709999084472656,169.86000061035156,99.69000244140625,542.6699829101562,36.58000183105469,127.05999755859375,42.380001068115234,42.5,34.689998626708984,128.7100067138672,104.81999969482422,137.9600067138672,119.22000122070312,268.3599853515625,669.5,95.5250015258789,28.469999313354492,50.2599983215332,43.099998474121094,115.33999633789062,143.86000061035156,45.45000076293945,123.13999938964844,332.4700012207031,38.06999969482422,146.97000122070312,146.52000427246094,602.6699829101562,147.3000030517578,101.9000015258789,76.66999816894531,75.91000366210938,49.040000915527344,28.989999771118164,122.75,126.08000183105469,53.86000061035156,167.1566619873047,97.94999694824219,536.510009765625,35.02000045776367,124.69999694824219,41.459999084472656,42.095001220703125,34.20000076293945,127.41000366210938,103.87000274658203,138.92999267578125,119.69999694824219,269.2200012207031,674.6500244140625,96.23400115966797,28.5,50.45000076293945,43.11000061035156,116.0,144.47999572753906,45.779998779296875,123.9000015258789,333.5299987792969,38.79999923706055,147.63999938964844,146.67999267578125,608.219970703125,147.3000030517578,102.66000366210938,76.68000030517578,76.0,49.68000030517578,29.09000015258789,122.75,127.33999633789062,54.18000030517578,167.44667053222656,98.0,539.030029296875,35.20000076293945,124.91000366210938,41.5,42.165000915527344,34.22999954223633,127.7300033569336,104.30000305175781,4509200,61017400,2060000,1166800,23886000,66676300,12025300,26218500,5421700,11224400,6847000,2556100,3592700,45457400,6713600,9927700,3827600,2986400,6944400,12287700,12972700,416954000,40084300,2766900,11255400,6989700,2765100,13873200,2454000,11843700,2847500,20183800,34724000,54296300,11216900,18260500
2023-11-15,126.19197845458984,118.0,251.01718139648438,663.9066162109375,94.74642944335938,27.85011863708496,45.74560546875,41.685577392578125,106.5279312133789,129.517333984375,41.81946563720703,112.17469787597656,318.71490478515625,40.07330322265625,138.103759765625,141.84690856933594,578.4318237304688,142.8640594482422,93.70503234863281,73.97802734375,76.42646789550781,48.85383605957031,25.67035484313965,117.87721252441406,122.0933837890625,50.21413803100586,167.89271545410156,95.40594482421875,511.6324768066406,33.31093978881836,117.12303924560547,40.41832733154297,38.987178802490234,33.34733581542969,122.72626495361328,95.4041519165039,137.60000610351562,118.0,273.0299987792969,678.0,97.54000091552734,29.6200008392334,51.56999969482422,44.880001068115234,115.02999877929688,145.55999755859375,45.52000045776367,123.06999969482422,337.6000061035156,40.61000061035156,148.8000030517578,149.74000549316406,588.5399780273438,150.3300018310547,101.3499984741211,79.68000030517578,77.13999938964844,48.88800048828125,30.190000534057617,128.9600067138672,128.9199981689453,53.68000030517578,170.586669921875,98.80000305175781,538.4099731445312,37.18000030517578,126.69999694824219,42.84000015258789,42.29999923706055,34.689998626708984,127.95999908447266,103.66000366210938,138.25,120.58999633789062,274.6099853515625,682.2000122070312,98.17500305175781,29.729999542236328,51.630001068115234,45.220001220703125,116.66999816894531,146.63999938964844,46.40999984741211,125.66000366210938,341.0799865722656,40.84000015258789,149.4199981689453,150.16000366210938,612.9099731445312,152.80999755859375,102.16999816894531,80.04000091552734,77.5,49.959999084472656,30.350000381469727,129.82000732421875,129.72999572753906,54.709999084472656,171.86000061035156,100.69999694824219,540.4600219726562,37.31999969482422,128.88999938964844,43.029998779296875,42.834999084472656,34.790000915527344,128.47000122070312,105.1500015258789,136.3000030517578,116.87000274658203,270.0199890136719,675.010009765625,96.69100189208984,29.200000762939453,50.150001525878906,44.47999954223633,114.87999725341797,144.41000366210938,45.459999084472656,123.0199966430664,335.3399963378906,39.58000183105469,147.27000427246094,148.4600067138672,584.4199829101562,149.3000030517578,100.72000122070312,78.5,76.30999755859375,48.20000076293945,29.209999084472656,126.41000366210938,127.55999755859375,53.439998626708984,169.3000030517578,98.41999816894531,531.7000122070312,36.209999084472656,125.51000213623047,42.06999969482422,42.2400016784668,34.54999923706055,127.63999938964844,103.5,138.25,120.54000091552734,270.2799987792969,680.280029296875,97.95099639892578,29.200000762939453,50.27000045776367,44.47999954223633,115.0,144.86000061035156,45.66999816894531,124.91000366210938,339.8999938964844,39.59000015258789,147.35000610351562,148.4600067138672,610.8800048828125,149.72999572753906,101.87999725341797,78.56999969482422,77.5,49.935001373291016,29.209999084472656,126.58999633789062,127.91999816894531,54.31999969482422,170.41000366210938,99.94999694824219,540.0499877929688,36.209999084472656,125.81999969482422,42.06999969482422,42.314998626708984,34.560001373291016,127.94999694824219,103.95999908447266,6473200,59555600,2795100,918500,16099000,46968900,13407600,18894900,4733300,10052100,7318600,3861900,2534500,47392100,6729100,8365300,4287000,3226600,7392600,9841600,9954000,475497000,43614600,2700000,7789100,8328000,5104800,10422900,2473700,12672600,3239000,17268100,33043600,35000200,9262700,20137600
2023-11-16,126.81561279296875,119.83000183105469,249.25662231445312,666.7168579101562,93.20683288574219,27.774898529052734,45.09804916381836,41.49052429199219,103.71263122558594,127.46733093261719,40.689456939697266,110.0145034790039,317.8369445800781,42.77709197998047,139.31027221679688,143.466796875,578.6382446289062,137.893798828125,94.29676818847656,73.95947265625,75.96082305908203,49.44542694091797,25.313230514526367,118.22455596923828,121.88504028320312,48.74550247192383,167.97474670410156,95.15487670898438,512.9724731445312,33.43636703491211,113.6190414428711,40.1258544921875,38.22679138183594,33.48192596435547,123.2537612915039,94.29971313476562,138.27999877929688,119.83000183105469,269.0,680.8699951171875,95.95500183105469,29.540000915527344,50.84000015258789,44.66999816894531,111.98999786376953,141.77000427246094,44.290000915527344,120.69999694824219,336.6700134277344,43.349998474121094,150.10000610351562,151.4499969482422,588.75,145.10000610351562,101.98999786376953,79.66000366210938,76.66999816894531,49.47999954223633,29.770000457763672,129.33999633789062,128.6999969482422,52.11000061035156,170.6699981689453,98.54000091552734,539.8200073242188,37.31999969482422,121.91999816894531,42.529998779296875,41.474998474121094,34.83000183105469,128.50999450683594,102.45999908447266,138.82000732421875,120.7300033569336,274.44000244140625,684.5800170898438,96.87000274658203,29.700000762939453,51.7400016784668,45.099998474121094,113.76000213623047,143.50999450683594,44.880001068115234,121.7699966430664,339.75,43.400001525878906,150.1699981689453,151.52999877929688,595.0900268554688,150.49000549316406,102.05999755859375,80.27999877929688,77.4800033569336,49.525001525878906,30.450000762939453,129.66000366210938,130.3699951171875,53.599998474121094,171.17666625976562,99.0999984741211,544.8599853515625,37.380001068115234,126.19000244140625,42.959999084472656,42.060001373291016,34.869998931884766,128.77999877929688,103.2699966430664,137.0500030517578,116.41000366210938,267.8699951171875,675.0,95.052001953125,29.219999313354492,50.25,44.31999969482422,109.9800033569336,140.74000549316406,43.459999084472656,117.36000061035156,335.010009765625,40.81999969482422,148.63999938964844,150.08999633789062,581.75,143.8800048828125,101.02999877929688,79.04000091552734,76.4800033569336,48.33000183105469,29.469999313354492,128.19000244140625,128.30999755859375,51.31999969482422,169.29666137695312,97.91000366210938,537.469970703125,36.7599983215332,120.75,41.9900016784668,41.05500030517578,34.68000030517578,127.8499984741211,101.1500015258789,138.27999877929688,117.19999694824219,272.6099853515625,676.7100219726562,96.4000015258789,29.43000030517578,51.459999084472656,44.7599983215332,113.51000213623047,143.02000427246094,44.66999816894531,120.91000366210938,337.760009765625,41.0,149.5,150.08999633789062,591.5,148.8800048828125,101.83000183105469,79.9800033569336,76.88999938964844,48.67900085449219,30.270000457763672,128.89999389648438,129.08999633789062,53.189998626708984,169.8699951171875,98.23999786376953,538.4099731445312,37.04999923706055,124.48999786376953,42.81999969482422,41.900001525878906,34.790000915527344,128.33999633789062,102.9000015258789,5257000,49661900,2366200,854700,26198000,36952800,14458500,14744800,6733200,14031300,12410900,4075100,1620400,86405700,6875600,8126200,3030500,3494100,7889700,6757600,12989000,339756000,32407200,1838200,11655700,11053300,2275500,8459000,2360300,10218500,3365800,16931200,53166000,33222500,7665900,22469100
2023-11-17,126.83394622802734,120.62000274658203,245.9115753173828,671.8284301757812,94.97276306152344,28.188608169555664,45.09804916381836,42.13141632080078,106.1204605102539,129.88597106933594,41.67247009277344,113.02234649658203,320.2159423828125,43.231014251708984,139.02255249023438,144.76458740234375,581.5472412109375,140.55474853515625,94.07485961914062,74.53509521484375,76.84257507324219,49.26355743408203,25.44077491760254,119.06548309326172,122.6142578125,49.43771743774414,169.15577697753906,96.1591567993164,509.61798095703125,33.72307205200195,115.6599349975586,40.53154373168945,39.028656005859375,33.654945373535156,123.00440216064453,96.60060119628906,138.3000030517578,120.62000274658203,265.3900146484375,686.0900268554688,97.77300262451172,29.979999542236328,50.84000015258789,45.36000061035156,114.58999633789062,144.4600067138672,45.36000061035156,124.0,339.19000244140625,43.810001373291016,149.7899932861328,152.82000732421875,591.7100219726562,147.89999389648438,101.75,80.27999877929688,77.55999755859375,49.29800033569336,29.920000076293945,130.25999450683594,129.47000122070312,52.849998474121094,171.8699951171875,99.58000183105469,536.2899780273438,37.63999938964844,124.11000061035156,42.959999084472656,42.345001220703125,35.0099983215332,128.25,104.95999908447266,138.8800048828125,121.48999786376953,269.4100036621094,687.5900268554688,98.38899993896484,30.0,51.220001220703125,45.38999938964844,115.52999877929688,145.19000244140625,45.7400016784668,124.56999969482422,340.45001220703125,43.810001373291016,150.7899932861328,152.86000061035156,596.1799926757812,150.27000427246094,102.41999816894531,80.44000244140625,77.94000244140625,49.71699905395508,30.010000228881836,130.72000122070312,129.7899932861328,53.36000061035156,172.20333862304688,99.72000122070312,540.52001953125,37.790000915527344,125.66999816894531,42.9900016784668,42.625,35.02000045776367,128.99000549316406,105.43000030517578,137.3800048828125,118.81999969482422,264.6000061035156,679.2000122070312,95.0999984741211,29.549999237060547,50.599998474121094,44.650001525878906,112.2300033569336,142.39999389648438,44.439998626708984,121.48999786376953,338.1199951171875,42.560001373291016,149.07000732421875,151.5399932861328,587.2100219726562,145.89999389648438,100.95999908447266,79.94000244140625,76.47000122070312,49.00699996948242,29.739999771118164,129.17999267578125,128.4199981689453,52.22999954223633,169.86000061035156,98.31999969482422,528.3400268554688,37.36000061035156,122.5999984741211,42.439998626708984,41.72999954223633,34.869998931884766,127.86000061035156,102.75,138.36000061035156,119.63999938964844,269.4100036621094,681.0599975585938,95.82099914550781,29.709999084472656,51.189998626708984,44.939998626708984,112.80000305175781,142.9499969482422,44.79999923706055,121.98999786376953,339.5,42.90999984741211,150.5500030517578,152.1999969482422,592.4500122070312,146.25,102.0,80.33000183105469,76.5999984741211,49.52399826049805,29.920000076293945,130.35000610351562,129.3000030517578,52.77000045776367,170.13999938964844,98.94000244140625,540.27001953125,37.65999984741211,123.05000305175781,42.83000183105469,41.83000183105469,34.959999084472656,128.77999877929688,103.05999755859375,4332300,38508900,2642900,627600,19789000,38493300,10229500,15573100,5799100,11075600,9335200,3667500,1465200,49735000,7023300,7812400,2628200,3451500,6767000,6080700,9376900,325205000,27009200,2129100,6543300,14077300,1815300,7243000,2676900,8915900,3131200,13893800,48850800,31336100,6766100,22984900
2023-11-20,126.84310913085938,121.52999877929688,245.87452697753906,679.8775634765625,96.71925354003906,28.216815948486328,43.377159118652344,42.03852844238281,106.86132049560547,129.8140411376953,41.938899993896484,114.14346313476562,320.4613952636719,44.14872360229492,140.24813842773438,145.20980834960938,587.3362426757812,141.5906219482422,94.9347152709961,73.99659729003906,77.89277648925781,50.373779296875,25.491788864135742,119.13861083984375,122.65215301513672,49.33483123779297,171.6491241455078,96.52607727050781,508.48712158203125,33.714111328125,116.23772430419922,40.37116241455078,39.08395767211914,33.78953552246094,123.75250244140625,96.17725372314453,138.30999755859375,121.52999877929688,265.3500061035156,694.3099975585938,99.57099914550781,30.010000228881836,48.900001525878906,45.2599983215332,115.38999938964844,144.3800048828125,45.650001525878906,125.2300033569336,339.45001220703125,44.7400016784668,149.91000366210938,153.2899932861328,597.5999755859375,148.99000549316406,102.68000030517578,79.69999694824219,78.62000274658203,50.409000396728516,29.979999542236328,130.33999633789062,129.50999450683594,52.7400016784668,174.40333557128906,99.95999908447266,535.0999755859375,37.630001068115234,124.7300033569336,42.790000915527344,42.404998779296875,35.150001525878906,129.02999877929688,104.5,138.69000244140625,121.93000030517578,266.70001220703125,696.969970703125,99.98699951171875,30.25,50.16999816894531,45.7400016784668,116.58000183105469,145.69000244140625,46.20000076293945,125.72000122070312,341.32000732421875,44.93000030517578,150.39999389648438,153.75,604.8599853515625,150.6300048828125,102.93000030517578,80.19999694824219,78.91000366210938,50.54800033569336,30.139999389648438,130.80999755859375,130.1199951171875,53.439998626708984,175.0,100.58999633789062,536.3400268554688,37.849998474121094,125.62999725341797,42.95000076293945,42.77000045776367,35.22999954223633,129.30999755859375,105.87999725341797,137.13999938964844,120.06999969482422,261.45001220703125,685.3200073242188,97.30000305175781,29.75,48.41999816894531,45.209999084472656,114.58999633789062,144.27000427246094,45.529998779296875,124.13999938964844,337.5,43.779998779296875,147.5399932861328,151.9199981689453,590.6900024414062,148.5399932861328,100.88999938964844,79.33999633789062,77.12999725341797,49.180999755859375,29.760000228881836,128.0500030517578,129.02000427246094,52.599998474121094,171.6266632080078,99.54000091552734,531.7999877929688,37.22999954223633,124.06999969482422,42.5099983215332,42.39500045776367,34.88999938964844,127.66000366210938,104.43000030517578,137.52999877929688,120.69999694824219,262.5899963378906,685.3200073242188,97.30000305175781,29.979999542236328,48.779998779296875,45.279998779296875,114.98999786376953,144.6300048828125,45.83000183105469,124.75,340.0,43.779998779296875,147.91000366210938,152.0800018310547,591.4400024414062,148.91000366210938,100.97000122070312,80.02999877929688,77.33999633789062,49.3120002746582,29.899999618530273,129.74000549316406,129.44000244140625,53.439998626708984,171.68333435058594,99.9000015258789,533.6099853515625,37.529998779296875,125.11000061035156,42.86000061035156,42.52000045776367,34.959999084472656,127.75,105.37999725341797,4490000,43138700,2213900,674700,18674000,46783400,27943500,19670300,4046400,8062400,7587800,3133700,3146000,44564900,8851700,7019000,2827200,2387100,7449900,7644600,11424100,414120000,26335700,1674500,7148600,8086900,1482000,6448900,2518400,6272100,2324600,10369100,29093800,37285400,6910000,17458800
2023-11-21,127.2282943725586,119.16000366210938,243.53018188476562,670.1930541992188,95.309814453125,27.88772964477539,43.00458908081055,41.88063430786133,106.65758514404297,129.50833129882812,41.5714111328125,113.25022888183594,316.23199462890625,43.063262939453125,141.38015747070312,144.9066619873047,582.4219970703125,140.2981414794922,94.50016784667969,72.8546142578125,76.00045013427734,49.909095764160156,25.76388931274414,116.97229766845703,120.29399108886719,49.31612014770508,168.4405975341797,95.02934265136719,512.75390625,33.158634185791016,114.783935546875,40.191898345947266,38.99639892578125,33.77030944824219,124.50059509277344,96.14044189453125,138.72999572753906,119.16000366210938,262.82000732421875,684.4199829101562,98.12000274658203,29.65999984741211,48.47999954223633,45.09000015258789,115.16999816894531,144.0399932861328,45.25,124.25,334.9700012207031,43.63999938964844,151.1199951171875,152.97000122070312,592.5999755859375,147.6300048828125,102.20999908447266,78.47000122070312,76.70999908447266,49.944000244140625,30.299999237060547,127.97000122070312,127.0199966430664,52.720001220703125,171.14332580566406,98.41000366210938,539.5900268554688,37.0099983215332,123.16999816894531,42.599998474121094,42.310001373291016,35.130001068115234,129.80999755859375,104.45999908447266,139.36000061035156,120.6500015258789,266.0400085449219,694.5800170898438,99.0999984741211,29.989999771118164,49.040000915527344,45.33000183105469,115.62999725341797,144.3000030517578,45.56999969482422,124.63999938964844,339.0899963378906,44.65999984741211,151.2899932861328,153.6300048828125,601.5599975585938,148.2100067138672,103.62999725341797,79.33999633789062,77.93000030517578,50.516998291015625,30.360000610351562,130.0,127.47000122070312,52.84000015258789,172.97332763671875,100.1500015258789,541.6699829101562,37.56999969482422,124.1500015258789,42.72999954223633,42.3849983215332,35.220001220703125,130.07000732421875,104.69999694824219,137.8300018310547,117.94000244140625,260.5199890136719,679.9199829101562,97.16300201416016,29.549999237060547,48.45000076293945,44.70000076293945,114.55999755859375,142.6999969482422,44.959999084472656,123.13999938964844,334.54998779296875,43.29999923706055,149.61000061035156,152.57000732421875,591.77001953125,146.10000610351562,101.8499984741211,78.22000122070312,76.30999755859375,49.22200012207031,29.760000228881836,127.8499984741211,125.75,51.9900016784668,170.26333618164062,98.23999786376953,534.1900024414062,36.9900016784668,122.31999969482422,42.150001525878906,41.904998779296875,35.06999969482422,129.30999755859375,103.22000122070312,138.72999572753906,120.54000091552734,265.3399963378906,693.8699951171875,97.5,29.989999771118164,48.83000183105469,45.119998931884766,115.18000030517578,143.8300018310547,45.290000915527344,124.29000091552734,338.3599853515625,44.5,150.10000610351562,153.1999969482422,598.4400024414062,147.91000366210938,103.0,79.06999969482422,77.8499984741211,50.125999450683594,30.020000457763672,129.52000427246094,126.88999938964844,52.22999954223633,172.97332763671875,100.0,537.77001953125,37.209999084472656,123.87999725341797,42.63999938964844,42.20500183105469,35.099998474121094,129.47000122070312,104.20999908447266,4690800,41064800,2636600,705400,43344000,41611900,14669600,14466700,3720200,6783300,5040000,2281200,1900900,37252100,5916300,7083500,1851600,1926800,7403500,7394800,12016700,565747000,25988700,1248000,14641800,6888800,3018600,10112600,2115700,6051200,2369700,16078400,26973800,27285700,8373000,14989000
2023-11-22,126.98983764648438,122.51000213623047,245.17027282714844,670.5652465820312,94.41616821289062,27.859519958496094,43.83842086791992,41.815608978271484,106.3612289428711,129.76907348632812,41.488731384277344,112.26582336425781,319.6966857910156,43.09286117553711,141.09947204589844,145.24769592285156,584.869384765625,141.79969787597656,94.01016235351562,72.8731918334961,76.38684844970703,48.68195724487305,25.780893325805664,116.95401000976562,120.74857330322266,49.129032135009766,168.97860717773438,95.26109313964844,516.7163696289062,32.99736785888672,116.8248291015625,40.361724853515625,38.977962493896484,33.90489196777344,125.09522247314453,95.72628784179688,138.47000122070312,122.51000213623047,264.5899963378906,684.7999877929688,97.19999694824219,29.6299991607666,49.41999816894531,45.02000045776367,114.8499984741211,144.3300018310547,45.15999984741211,123.16999816894531,338.6400146484375,43.66999816894531,150.82000732421875,153.3300018310547,595.0900268554688,149.2100067138672,101.68000030517578,78.48999786376953,77.0999984741211,48.715999603271484,30.31999969482422,127.94999694824219,127.5,52.52000045776367,171.69000244140625,98.6500015258789,543.760009765625,36.83000183105469,125.36000061035156,42.779998779296875,42.290000915527344,35.27000045776367,130.42999267578125,104.01000213623047,139.83999633789062,124.76000213623047,266.4700012207031,694.0499877929688,98.79900360107422,29.790000915527344,49.5,45.31999969482422,115.12999725341797,144.38999938964844,45.22999954223633,123.45999908447266,338.9100036621094,44.630001068115234,152.0399932861328,153.8800048828125,599.1799926757812,149.3800048828125,102.68000030517578,78.87000274658203,78.44999694824219,50.334999084472656,30.579999923706055,128.75,129.50999450683594,52.72999954223633,174.40333557128906,99.6500015258789,544.4000244140625,37.380001068115234,125.77999877929688,42.83000183105469,42.32500076293945,35.34000015258789,130.74000549316406,104.12000274658203,138.3300018310547,119.94999694824219,262.260009765625,683.9099731445312,97.0999984741211,29.520000457763672,48.560001373291016,44.84000015258789,111.16000366210938,140.72000122070312,43.689998626708984,119.0999984741211,335.3699951171875,43.540000915527344,150.38999938964844,152.89999389648438,586.75,144.05999755859375,101.11000061035156,78.20999908447266,76.8499984741211,47.689998626708984,30.139999389648438,127.08000183105469,127.16000366210938,50.779998779296875,171.2100067138672,97.94999694824219,540.260009765625,36.720001220703125,120.55000305175781,42.400001525878906,41.22999954223633,35.150001525878906,130.07000732421875,101.94000244140625,139.05999755859375,120.0,264.7900085449219,689.469970703125,98.36900329589844,29.739999771118164,48.75,45.310001373291016,112.0199966430664,141.74000549316406,44.04999923706055,120.5999984741211,336.94000244140625,44.029998779296875,151.6300048828125,153.41000366210938,595.4000244140625,145.0,102.19999694824219,78.79000091552734,77.19999694824219,49.85200119018555,30.389999389648438,128.5399932861328,127.88999938964844,51.56999969482422,172.2866668701172,98.72000122070312,542.969970703125,37.27000045776367,121.20999908447266,42.65999984741211,41.46500015258789,35.209999084472656,130.24000549316406,102.58000183105469,3428500,56862200,1649100,522300,33743000,41422700,14734800,9441200,4559000,7216100,6973800,3369300,1235200,31481200,4633500,5174500,2052200,2422200,5724000,4265400,8579500,899420000,19226800,1036300,6647400,7941900,2044200,7413500,2234500,6742500,2631200,11862200,36547200,32719200,6737700,18072000
2023-11-24,127.17327880859375,122.30999755859375,245.97642517089844,676.8126220703125,95.08349609375,27.95354652404785,44.140018463134766,42.01066589355469,106.95391845703125,130.2815704345703,41.66328048706055,112.56663513183594,320.17816162109375,43.3790283203125,142.67123413085938,145.44659423828125,590.7760009765625,142.07525634765625,94.18582916259766,73.02173614501953,76.15896606445312,47.742618560791016,25.933944702148438,117.6395492553711,120.98534393310547,49.2038688659668,169.1000213623047,94.4692611694336,519.8903198242188,33.328861236572266,116.45207214355469,40.493804931640625,39.139259338378906,34.0106315612793,125.7666015625,96.2416763305664,138.6699981689453,122.30999755859375,265.4599914550781,691.1799926757812,97.88700103759766,29.729999542236328,49.7599983215332,45.22999954223633,115.48999786376953,144.89999389648438,45.349998474121094,123.5,339.1499938964844,43.959999084472656,152.5,153.5399932861328,601.0999755859375,149.5,101.87000274658203,78.6500015258789,76.87000274658203,47.7760009765625,30.5,128.6999969482422,127.75,52.599998474121094,171.81333923339844,97.83000183105469,547.0999755859375,37.20000076293945,124.95999908447266,42.91999816894531,42.46500015258789,35.380001068115234,131.1300048828125,104.56999969482422,140.0800018310547,123.25,266.1000061035156,692.0399780273438,97.98600006103516,29.889999389648438,49.90999984741211,45.52000045776367,116.56999969482422,145.94000244140625,45.619998931884766,124.16999816894531,340.2699890136719,44.0,152.67999267578125,154.44000244140625,603.5,151.50999450683594,102.51000213623047,78.91000366210938,77.01000213623047,48.92100143432617,30.700000762939453,129.2100067138672,128.22999572753906,53.09000015258789,172.0066680908203,98.7300033569336,547.5900268554688,37.369998931884766,127.19999694824219,43.11000061035156,42.779998779296875,35.439998626708984,131.16000366210938,105.47000122070312,138.4600067138672,121.54000091552734,264.8900146484375,687.9000244140625,96.67500305175781,29.479999542236328,49.470001220703125,44.84000015258789,114.86000061035156,144.1999969482422,44.900001525878906,122.56999969482422,337.6400146484375,43.61000061035156,150.86000061035156,153.27999877929688,596.97998046875,149.36000061035156,101.44000244140625,78.05000305175781,76.37000274658203,47.744998931884766,30.3799991607666,127.1500015258789,127.55999755859375,52.47999954223633,171.07666015625,97.47000122070312,542.8099975585938,36.66999816894531,124.58000183105469,42.72999954223633,42.25,35.2599983215332,130.67999267578125,103.91000366210938,140.0,122.02999877929688,265.1199951171875,690.0700073242188,97.49600219726562,29.479999542236328,49.75,44.88999938964844,114.88999938964844,144.3000030517578,45.060001373291016,122.95999908447266,338.79998779296875,43.68000030517578,150.86000061035156,153.58999633789062,598.3599853515625,149.7899932861328,102.26000213623047,78.26000213623047,76.68000030517578,48.470001220703125,30.3799991607666,127.69999694824219,128.22999572753906,52.7400016784668,171.67999267578125,98.4800033569336,544.9299926757812,36.79999923706055,125.94999694824219,42.79999923706055,42.275001525878906,35.27000045776367,130.69000244140625,104.0199966430664,1636500,19001000,930800,352100,23158000,15815600,5085700,5941000,2159200,3861000,4050600,1318100,460100,13037100,3351400,3496900,1341700,1264300,3168000,2398000,4349600,294645000,11129700,640800,3708200,3077600,516600,4297600,1135000,2796800,1204900,5287200,19152600,13168500,3708800,9480800
2023-11-27,127.55844116210938,122.6500015258789,244.87376403808594,674.0707397460938,92.302490234375,27.793703079223633,43.48360824584961,41.871337890625,106.31493377685547,129.79605102539062,41.27743148803711,112.11087799072266,318.8186950683594,43.4974479675293,141.5298309326172,145.1150665283203,581.3704223632812,143.07313537597656,93.77901458740234,72.371826171875,76.79305267333984,48.208290100097656,25.627838134765625,117.77665710449219,121.4115219116211,49.15709686279297,168.86376953125,93.87055206298828,516.554931640625,32.96152877807617,117.05783081054688,40.5881462097168,39.001007080078125,33.89527893066406,124.98013305664062,95.68025207519531,139.08999633789062,122.6500015258789,264.2699890136719,688.3800048828125,95.02400207519531,29.559999465942383,49.02000045776367,45.08000183105469,114.80000305175781,144.36000061035156,44.93000030517578,123.0,337.7099914550781,44.08000183105469,151.27999877929688,153.19000244140625,591.530029296875,150.5500030517578,101.43000030517578,77.94999694824219,77.51000213623047,48.242000579833984,30.139999389648438,128.85000610351562,128.1999969482422,52.54999923706055,171.57333374023438,97.20999908447266,543.5900268554688,36.790000915527344,125.61000061035156,43.02000045776367,42.314998626708984,35.2599983215332,130.30999755859375,103.95999908447266,139.3800048828125,123.88999938964844,265.57000732421875,690.3099975585938,98.10099792480469,29.690000534057617,49.720001220703125,45.189998626708984,115.12999725341797,144.82000732421875,45.029998779296875,123.2699966430664,340.0199890136719,44.54999923706055,152.32000732421875,153.52999877929688,603.6900024414062,150.6999969482422,102.1500015258789,78.3499984741211,78.29000091552734,48.529998779296875,30.75,129.05999755859375,129.02000427246094,52.63999938964844,173.02999877929688,97.55000305175781,550.8900146484375,37.02000045776367,125.9000015258789,43.029998779296875,42.38999938964844,35.31999969482422,131.2899932861328,104.4000015258789,137.7899932861328,121.7699966430664,261.6600036621094,685.0499877929688,94.93299865722656,29.510000228881836,48.81999969482422,44.86000061035156,113.36000061035156,142.85000610351562,44.349998474121094,121.75,335.739990234375,43.650001525878906,150.97000122070312,152.7100067138672,591.1400146484375,148.36000061035156,100.69999694824219,77.58999633789062,76.66000366210938,47.652000427246094,30.030000686645508,127.48999786376953,126.79000091552734,51.75,170.75,96.41999816894531,541.530029296875,36.59000015258789,123.80000305175781,42.52000045776367,41.91999816894531,35.18000030517578,130.07000732421875,103.18000030517578,138.6999969482422,122.06999969482422,265.42999267578125,687.6599731445312,97.61499786376953,29.600000381469727,49.61000061035156,44.959999084472656,114.9800033569336,144.64999389648438,44.97999954223633,122.66000366210938,339.19000244140625,43.650001525878906,152.2899932861328,153.42999267578125,601.1699829101562,149.0500030517578,101.91000366210938,78.2699966430664,76.87000274658203,47.79999923706055,30.75,127.73999786376953,127.2699966430664,52.47999954223633,171.17666625976562,97.41999816894531,547.0999755859375,36.83000183105469,124.19000244140625,42.63999938964844,42.244998931884766,35.25,130.85000610351562,104.0999984741211,5529400,32743000,1846400,545500,96962000,42039500,17681600,14679700,5289500,9850800,8319900,2384200,1250500,33339900,6449700,6259100,2630700,2178700,7356500,5237800,11005600,395662000,26066700,1415800,8586400,6371200,1816800,6856100,2675800,5972000,2455000,15715000,24501800,35017000,10530200,18013500
2023-11-28,126.6321792602539,122.01000213623047,246.03199768066406,661.9382934570312,91.92463684082031,27.7654972076416,43.3948974609375,41.6669921875,106.48162078857422,130.83004760742188,41.17636489868164,112.69422912597656,318.7620544433594,43.64546203613281,141.85728454589844,145.44659423828125,581.4391479492188,142.54095458984375,92.62330627441406,71.37840270996094,75.41590881347656,47.7875862121582,25.245208740234375,118.45306396484375,119.88676452636719,48.932594299316406,167.87631225585938,94.6141128540039,513.6470336914062,33.185508728027344,116.71299743652344,40.918365478515625,39.010223388671875,33.88566207885742,124.3375473022461,95.62504577636719,138.0800018310547,122.01000213623047,265.5199890136719,675.989990234375,94.63500213623047,29.530000686645508,48.91999816894531,44.86000061035156,114.9800033569336,145.50999450683594,44.81999969482422,123.63999938964844,337.6499938964844,44.22999954223633,151.6300048828125,153.5399932861328,591.5999755859375,149.99000549316406,100.18000030517578,76.87999725341797,76.12000274658203,47.82099914550781,29.690000534057617,129.58999633789062,126.58999633789062,52.310001373291016,170.57000732421875,97.9800033569336,540.530029296875,37.040000915527344,125.23999786376953,43.369998931884766,42.32500076293945,35.25,129.63999938964844,103.9000015258789,139.66000366210938,122.54000091552734,266.6000061035156,682.8499755859375,95.08599853515625,29.649999618530273,49.31999969482422,45.040000915527344,115.9800033569336,146.52000427246094,45.41999816894531,124.5199966430664,338.3999938964844,44.380001068115234,151.80999755859375,153.8699951171875,595.3800048828125,152.57000732421875,101.3499984741211,77.44999694824219,76.23999786376953,48.323001861572266,30.110000610351562,129.72999572753906,127.30999755859375,52.869998931884766,171.47332763671875,98.25,545.8200073242188,37.13999938964844,127.11000061035156,43.45000076293945,42.71500015258789,35.369998931884766,130.3699951171875,104.91000366210938,137.9199981689453,120.79000091552734,263.6499938964844,672.6500244140625,93.41600036621094,29.31999969482422,48.81999969482422,44.560001373291016,114.4800033569336,144.05999755859375,44.720001220703125,122.69000244140625,334.8699951171875,43.65999984741211,150.83999633789062,152.72000122070312,589.3599853515625,149.8300018310547,100.01000213623047,76.33000183105469,73.98999786376953,47.472999572753906,29.639999389648438,127.83000183105469,125.66999816894531,52.15999984741211,169.1999969482422,97.23999786376953,540.0700073242188,36.4900016784668,125.08000183105469,42.790000915527344,42.244998931884766,35.15999984741211,129.5500030517578,103.87999725341797,139.0500030517578,121.9800033569336,264.3599853515625,680.0,93.99400329589844,29.530000686645508,49.04999923706055,45.029998779296875,115.26000213623047,144.77999877929688,45.119998931884766,123.38999938964844,337.3800048828125,43.689998626708984,151.39999389648438,153.22000122070312,592.0,151.0,101.30999755859375,77.36000061035156,75.08000183105469,48.236000061035156,30.110000610351562,128.60000610351562,127.19999694824219,52.70000076293945,170.58999633789062,97.87000274658203,545.6300048828125,36.66999816894531,125.77999877929688,42.970001220703125,42.400001525878906,35.220001220703125,130.0800018310547,104.23999786376953,5347200,32047100,1753400,644300,39025000,29705800,11372800,14064700,3469100,9746500,5942200,3380900,1419000,24548900,5909000,6582700,1793900,2465000,8738500,9197900,19225700,401491000,29497700,1592700,8817900,5620900,1852200,6358100,2859300,9665900,2045500,15332900,28921800,39329300,6261300,20629500
2023-11-29,127.01737976074219,123.8499984741211,247.0327606201172,673.3167114257812,91.38844299316406,28.49888801574707,43.21748733520508,42.493656158447266,105.54627990722656,129.39146423339844,41.23149108886719,112.32963562011719,323.86383056640625,44.3460807800293,142.3063507080078,146.18551635742188,581.69482421875,140.0985870361328,93.50163269042969,72.92889404296875,75.98063659667969,48.106361389160156,25.576820373535156,121.00330352783203,121.90728759765625,48.520999908447266,169.69708251953125,95.48319244384766,508.3730773925781,33.85745620727539,115.6319808959961,41.30519104003906,38.71989059448242,34.12598419189453,124.37590789794922,94.18928527832031,138.5,123.8499984741211,266.6000061035156,687.6099853515625,94.08300018310547,30.309999465942383,48.720001220703125,45.75,113.97000122070312,143.91000366210938,44.880001068115234,123.23999786376953,340.260009765625,44.939998626708984,152.11000061035156,154.32000732421875,591.8599853515625,147.4199981689453,101.12999725341797,78.55000305175781,76.69000244140625,48.13999938964844,30.079999923706055,132.3800048828125,127.91000366210938,51.869998931884766,172.4199981689453,98.87999725341797,534.97998046875,37.790000915527344,124.08000183105469,43.779998779296875,42.0099983215332,35.5,129.67999267578125,102.33999633789062,139.08999633789062,125.7300033569336,268.1099853515625,693.1099853515625,95.94300079345703,30.610000610351562,49.349998474121094,46.029998779296875,115.55999755859375,146.49000549316406,45.209999084472656,124.38999938964844,343.5299987792969,45.34000015258789,152.1999969482422,155.6300048828125,594.5399780273438,152.25999450683594,101.16999816894531,79.52999877929688,79.0199966430664,48.762001037597656,30.219999313354492,133.1699981689453,130.60000610351562,52.7599983215332,175.00999450683594,99.7300033569336,541.8599853515625,38.099998474121094,127.43000030517578,44.13999938964844,42.64500045776367,35.709999084472656,130.3800048828125,104.58000183105469,137.64999389648438,123.4800033569336,263.5,684.6699829101562,93.93699645996094,29.809999465942383,48.66999816894531,45.15999984741211,113.31999969482422,143.05999755859375,44.63999938964844,122.69999694824219,336.510009765625,44.599998474121094,151.07000732421875,154.0,584.4400024414062,147.16000366210938,99.80000305175781,77.33999633789062,76.37999725341797,47.86000061035156,29.729999542236328,130.10000610351562,127.62000274658203,51.47999954223633,172.1300048828125,98.5999984741211,528.6500244140625,37.2599983215332,123.4000015258789,43.630001068115234,41.875,35.349998474121094,129.44000244140625,101.63999938964844,138.02000427246094,123.9800033569336,264.739990234375,686.510009765625,94.83399963378906,29.8799991607666,49.060001373291016,45.22999954223633,115.36000061035156,146.38999938964844,45.04999923706055,124.2300033569336,337.0,44.599998474121094,151.3300018310547,154.1699981689453,592.2000122070312,151.30999755859375,100.27999877929688,77.4800033569336,77.44999694824219,48.37900161743164,29.770000457763672,130.47000122070312,129.24000549316406,52.70000076293945,172.98666381835938,99.0,530.0,37.349998474121094,126.5199966430664,43.689998626708984,42.59000015258789,35.349998474121094,129.5,104.2699966430664,3996500,37876300,2005200,795500,34843000,57954900,12653100,14027600,6065300,16417100,6470300,3000100,2038100,38982000,5190000,9126100,1908600,2935900,10286800,7420700,14062900,382005000,26185200,2492800,10608300,8002000,3665700,7091100,4550000,7772300,3180500,16746000,45268000,36651300,6979000,26802100
2023-11-30,130.58485412597656,121.16000366210938,249.84967041015625,669.546875,89.92168426513672,28.896947860717773,43.80294418334961,42.81874465942383,107.02802276611328,129.11273193359375,41.31417465209961,112.17469787597656,325.0821533203125,44.1092529296875,144.69200134277344,147.85272216796875,580.888916015625,141.78070068359375,94.74980163574219,73.662353515625,75.41590881347656,46.73731994628906,25.90843391418457,122.44751739501953,122.99378967285156,48.680023193359375,168.5127410888672,93.96711730957031,525.4683227539062,34.15311813354492,116.8248291015625,42.069400787353516,38.977962493896484,34.5105094909668,125.93923950195312,94.55742645263672,142.38999938964844,121.16000366210938,269.6400146484375,683.760009765625,92.572998046875,30.489999771118164,49.380001068115234,46.099998474121094,115.56999969482422,143.60000610351562,44.970001220703125,123.06999969482422,341.5400085449219,44.70000076293945,154.66000366210938,156.0800018310547,591.0399780273438,149.19000244140625,102.4800033569336,79.33999633789062,76.12000274658203,46.77000045776367,30.469999313354492,133.9600067138672,129.0500030517578,52.040000915527344,171.21665954589844,97.30999755859375,552.969970703125,38.119998931884766,125.36000061035156,44.59000015258789,42.290000915527344,35.900001525878906,131.30999755859375,102.73999786376953,142.6999969482422,124.05000305175781,270.55999755859375,684.3300170898438,94.24199676513672,30.549999237060547,49.400001525878906,46.16999816894531,116.69999694824219,146.00999450683594,45.9900016784668,125.97000122070312,344.760009765625,45.09000015258789,155.13999938964844,156.1300048828125,596.22998046875,151.6300048828125,102.69000244140625,79.4800033569336,77.0,48.11000061035156,30.510000228881836,134.6999969482422,129.39999389648438,53.400001525878906,172.8633270263672,98.9800033569336,553.9400024414062,38.279998779296875,126.19000244140625,44.75,42.89500045776367,35.900001525878906,131.38999938964844,104.4800033569336,138.00999450683594,119.6500015258789,267.3399963378906,676.3800048828125,91.83699798583984,30.040000915527344,48.25,45.58000183105469,113.63999938964844,142.02999877929688,44.529998779296875,121.86000061035156,340.0899963378906,44.40999984741211,151.9199981689453,154.3800048828125,586.2100219726562,147.25999450683594,100.27999877929688,78.20999908447266,74.97000122070312,46.422000885009766,29.959999084472656,132.11000061035156,127.48999786376953,51.54999923706055,169.836669921875,96.9000015258789,534.010009765625,37.66999816894531,122.94000244140625,43.47999954223633,41.78499984741211,35.470001220703125,129.3300018310547,101.80999755859375,138.00999450683594,123.61000061035156,267.7099914550781,683.1099853515625,94.0999984741211,30.209999084472656,48.779998779296875,45.790000915527344,115.16999816894531,144.97999572753906,45.5,124.54000091552734,341.67999267578125,44.650001525878906,152.25999450683594,154.91000366210938,591.4600219726562,148.4199981689453,100.83999633789062,78.7699966430664,76.81999969482422,48.02399826049805,30.309999465942383,132.6199951171875,129.27000427246094,52.58000183105469,172.69000244140625,98.93000030517578,535.7899780273438,38.0,124.97000122070312,43.810001373291016,42.369998931884766,35.58000183105469,129.77999877929688,103.11000061035156,9297400,44494200,2686400,753600,49571000,52547700,17044300,16249000,10242700,16276000,12904400,5597800,1903600,46263000,12481900,9869800,5658400,5973500,29299700,8480500,21701600,526247000,45356600,3265200,11731800,11520300,2419500,9681400,7121200,10283300,4460700,23247500,58364600,37334500,7743100,29254700
2023-12-01,131.52029418945312,121.38999938964844,252.453369140625,677.8115234375,90.33645629882812,29.342388153076172,44.44162368774414,43.868309020996094,106.71315002441406,130.20065307617188,41.49790954589844,112.65775299072266,331.64013671875,43.16194152832031,148.17222595214844,148.57266235351562,574.0090942382812,143.89991760253906,95.6558837890625,75.10144805908203,75.2276611328125,46.73232650756836,24.58197593688965,127.05439758300781,123.5846939086914,49.007423400878906,169.3034210205078,95.1645278930664,521.7210083007812,35.282005310058594,117.775390625,42.47509765625,39.18073272705078,34.77004623413086,126.4379653930664,94.78751373291016,143.41000366210938,121.38999938964844,272.45001220703125,692.2000122070312,93.0,30.959999084472656,50.099998474121094,47.22999954223633,115.2300033569336,144.80999755859375,45.16999816894531,123.5999984741211,348.42999267578125,43.7400016784668,158.3800048828125,156.83999633789062,584.0399780273438,151.4199981689453,103.45999908447266,80.88999938964844,75.93000030517578,46.76499938964844,28.90999984741211,139.0,129.6699981689453,52.38999938964844,172.02000427246094,98.55000305175781,547.1599731445312,39.380001068115234,126.37999725341797,45.02000045776367,42.5099983215332,36.16999816894531,131.8300018310547,102.98999786376953,144.10000610351562,121.4000015258789,272.5899963378906,695.5800170898438,93.38999938964844,31.049999237060547,50.18000030517578,47.2599983215332,117.04000091552734,146.50999450683594,45.86000061035156,125.62999725341797,348.8900146484375,44.36000061035156,158.4600067138672,157.86000061035156,601.969970703125,153.77000427246094,103.68000030517578,80.9800033569336,76.54000091552734,47.20000076293945,29.399999618530273,139.0500030517578,130.27000427246094,53.09000015258789,172.33999633789062,98.77999877929688,554.7000122070312,39.5099983215332,128.3300018310547,45.2400016784668,43.01499938964844,36.209999084472656,131.97000122070312,104.22000122070312,142.27999877929688,118.6500015258789,267.6199951171875,683.0499877929688,90.80000305175781,30.350000381469727,48.93000030517578,45.88999938964844,114.8499984741211,142.60000610351562,44.63999938964844,122.44999694824219,340.4200134277344,42.86000061035156,155.47000122070312,155.82000732421875,583.0,148.44000244140625,102.66000366210938,78.73999786376953,75.08999633789062,46.1870002746582,28.299999237060547,133.2899932861328,128.50999450683594,51.72999954223633,169.0,97.0199966430664,545.1599731445312,37.84000015258789,125.0,44.380001068115234,42.04999923706055,35.779998779296875,131.02999877929688,102.22000122070312,142.5399932861328,119.87999725341797,269.9599914550781,688.1699829101562,92.24600219726562,30.399999618530273,49.400001525878906,46.0,115.02999877929688,143.49000549316406,44.880001068115234,122.69999694824219,341.4599914550781,44.36000061035156,156.44000244140625,155.82000732421875,591.7000122070312,148.77999877929688,102.8499984741211,79.08000183105469,76.01000213623047,46.525001525878906,28.969999313354492,133.69000244140625,129.05999755859375,51.97999954223633,170.3300018310547,97.69999694824219,550.4199829101562,37.900001525878906,125.0,44.5099983215332,42.2400016784668,35.84000015258789,131.1300048828125,102.5,4903400,37048000,2303900,857600,29612000,46133300,12806400,20053400,4675800,11906500,6386200,2990900,3623300,43928400,10342900,8916000,3638600,3124600,6863400,9617100,14354700,369317000,103624000,2580700,8866500,6377200,1719600,7500400,3462200,10124300,2516500,18116100,43048000,51267600,9370900,17845300
2023-12-04,132.1989288330078,118.56999969482422,252.53677368164062,675.9705200195312,89.750732421875,29.20970344543457,44.33518600463867,43.998348236083984,106.06489562988281,130.25460815429688,41.047752380371094,112.11087799072266,332.5538330078125,41.79030990600586,148.6400146484375,149.6620635986328,575.6209716796875,143.87142944335938,97.13517761230469,75.39852905273438,73.60282897949219,45.47819900512695,24.896587371826172,128.6905517578125,123.8515396118164,48.67067337036133,167.40716552734375,93.67742919921875,522.7890014648438,35.38056182861328,117.84993743896484,42.5694465637207,39.001007080078125,34.731605529785156,126.67774200439453,94.27210235595703,144.14999389648438,118.56999969482422,272.5400085449219,690.3200073242188,92.39700317382812,30.81999969482422,49.97999954223633,47.369998931884766,114.52999877929688,144.8699951171875,44.68000030517578,123.0,349.3900146484375,42.349998474121094,158.8800048828125,157.99000549316406,585.6799926757812,151.38999938964844,105.05999755859375,81.20999908447266,74.29000091552734,45.5099983215332,29.280000686645508,140.7899932861328,129.9499969482422,52.029998779296875,170.0933380126953,97.01000213623047,548.280029296875,39.4900016784668,126.45999908447266,45.119998931884766,42.314998626708984,36.130001068115234,132.0800018310547,102.43000030517578,145.49000549316406,119.9000015258789,273.42999267578125,690.719970703125,93.09700012207031,31.0,50.7599983215332,47.47999954223633,115.91999816894531,145.6999969482422,45.310001373291016,123.9000015258789,350.489990234375,43.310001373291016,160.02000427246094,158.0500030517578,587.0900268554688,151.97999572753906,105.37999725341797,81.4800033569336,75.5999984741211,46.07699966430664,29.639999389648438,141.0500030517578,130.0500030517578,52.4900016784668,170.44000244140625,97.19999694824219,551.8699951171875,39.95000076293945,127.08999633789062,45.33000183105469,42.58000183105469,36.27000045776367,132.3300018310547,103.36000061035156,143.27000427246094,116.37000274658203,270.1000061035156,679.1199951171875,91.64399719238281,30.520000457763672,49.77000045776367,46.70000076293945,113.87999725341797,143.25,44.470001220703125,122.0,345.2900085449219,41.689998626708984,158.0,155.8800048828125,574.3300170898438,148.47000122070312,103.7300033569336,80.05999755859375,73.33000183105469,45.0099983215332,29.020000457763672,136.39999389648438,128.02999877929688,51.40999984741211,167.63999938964844,95.25,543.0399780273438,39.209999084472656,124.12999725341797,44.52000045776367,42.005001068115234,35.91999816894531,131.44000244140625,101.58999633789062,143.41000366210938,119.75,270.8800048828125,686.739990234375,92.06400299072266,30.530000686645508,49.959999084472656,46.790000915527344,114.08000183105469,144.0,44.630001068115234,122.55000305175781,346.29998779296875,43.29999923706055,158.0,156.02000427246094,582.1300048828125,150.0,103.7300033569336,80.1500015258789,75.41999816894531,46.07699966430664,29.020000457763672,137.1300048828125,129.3300018310547,51.97999954223633,170.26666259765625,97.05000305175781,548.260009765625,39.209999084472656,124.77999877929688,44.709999084472656,42.20000076293945,35.959999084472656,131.47999572753906,102.12999725341797,4845300,39854400,2357400,748500,25009000,37811300,14238600,19351000,4824800,11842800,6670300,3000900,2178100,50417600,8920300,9607500,2577100,3075100,10169900,6713800,11659300,437543000,47410400,2935100,7485000,7772600,1810500,10619400,2709200,10125700,2960000,13424000,37070200,41366600,6943900,21523900
2023-12-05,132.5841064453125,118.37999725341797,250.98934936523438,680.0929565429688,88.6968002319336,28.982242584228516,44.55694580078125,43.37603759765625,104.77762603759766,128.4473876953125,40.220916748046875,111.1538314819336,325.2820129394531,41.365989685058594,148.33128356933594,149.64309692382812,578.0485229492188,141.5240936279297,98.2169418334961,74.4329605102539,73.00837707519531,46.53755187988281,24.735031127929688,126.74359130859375,124.61400604248047,47.570926666259766,166.45574951171875,93.36842346191406,524.677001953125,35.299922943115234,117.09510040283203,41.975067138671875,38.3189582824707,34.558563232421875,126.51470947265625,92.44061279296875,144.57000732421875,118.37999725341797,270.8699951171875,694.530029296875,91.31199645996094,30.579999923706055,50.22999954223633,46.70000076293945,113.13999938964844,142.86000061035156,43.779998779296875,121.94999694824219,341.75,41.91999816894531,158.5500030517578,157.97000122070312,588.1500244140625,148.9199981689453,106.2300033569336,80.16999816894531,73.69000244140625,46.566001892089844,29.09000015258789,138.66000366210938,130.75,50.61000061035156,169.1266632080078,96.69000244140625,550.260009765625,39.400001525878906,125.6500015258789,44.4900016784668,41.57500076293945,35.95000076293945,131.91000366210938,100.44000244140625,145.0800018310547,118.48999786376953,272.0,697.4299926757812,91.72699737548828,30.790000915527344,50.400001525878906,47.380001068115234,114.9000015258789,145.07000732421875,44.849998474121094,123.55999755859375,346.8299865722656,42.290000915527344,159.6300048828125,158.5,591.7999877929688,153.02000427246094,106.4000015258789,80.83999633789062,73.97000122070312,46.599998474121094,29.600000381469727,140.27999877929688,130.85000610351562,51.7400016784668,169.57666015625,97.0199966430664,552.530029296875,39.65999984741211,128.89999389648438,44.970001220703125,42.369998931884766,36.029998779296875,132.1199951171875,102.33999633789062,142.66000366210938,116.44999694824219,268.4700012207031,687.9299926757812,90.58499908447266,30.329999923706055,49.560001373291016,46.40999984741211,113.04000091552734,142.6300048828125,43.720001220703125,121.45999908447266,340.5400085449219,41.61000061035156,158.22000122070312,156.97000122070312,579.3699951171875,148.6199951171875,104.18000030517578,79.58999633789062,73.04000091552734,45.270999908447266,29.06999969482422,138.47000122070312,128.9499969482422,50.5,167.72332763671875,95.87999725341797,545.3499755859375,39.04999923706055,125.51000213623047,44.40999984741211,41.54999923706055,35.790000915527344,131.08999633789062,100.29000091552734,144.11000061035156,117.43000030517578,271.8699951171875,690.3200073242188,91.16000366210938,30.68000030517578,49.79999923706055,47.0099983215332,114.7300033569336,144.75999450683594,44.68000030517578,123.18000030517578,346.6000061035156,41.90999984741211,158.8000030517578,157.25999450683594,583.280029296875,151.44000244140625,104.91999816894531,80.68000030517578,73.47000122070312,45.465999603271484,29.209999084472656,139.97000122070312,129.08999633789062,51.65999984741211,168.4633331298828,96.45999908447266,549.0999755859375,39.2599983215332,126.51000213623047,44.95000076293945,42.290000915527344,36.02000045776367,131.80999755859375,102.2699966430664,3961700,39191600,1853600,610000,37066000,45723100,12659500,14813100,5821400,9597600,8282100,3478300,2429700,31859300,7268200,9135600,2157300,2761200,10789100,6103200,8800500,371718000,39853000,2147600,6231600,6902700,2568300,8009600,2645600,9212600,3128600,14531700,37747200,39510900,6581000,22250300
2023-12-06,134.2440643310547,116.81999969482422,249.58090209960938,677.694091796875,87.77596282958984,28.934860229492188,44.24646759033203,44.453468322753906,102.35128021240234,128.1506805419922,39.734004974365234,109.14860534667969,325.4913635253906,40.72458267211914,146.5256805419922,148.0706024169922,579.129638671875,136.0691375732422,97.66219329833984,73.72735595703125,72.45356750488281,45.475196838378906,24.479944229125977,127.38343811035156,123.86109161376953,46.17980194091797,165.42892456054688,94.48857116699219,523.9808959960938,35.01322555541992,114.37390899658203,41.98448944091797,37.747520446777344,34.385536193847656,126.6106185913086,91.21653747558594,146.3800048828125,116.81999969482422,269.3500061035156,692.0800170898438,90.36399841308594,30.530000686645508,49.880001068115234,47.86000061035156,110.5199966430664,142.52999877929688,43.25,119.75,341.9700012207031,41.27000045776367,156.6199951171875,156.30999755859375,589.25,143.17999267578125,105.62999725341797,79.41000366210938,73.12999725341797,45.50299835205078,28.790000915527344,139.36000061035156,129.9600067138672,49.130001068115234,168.0833282470703,97.8499984741211,549.530029296875,39.08000183105469,122.7300033569336,44.5,40.95500183105469,35.77000045776367,132.00999450683594,99.11000061035156,147.07000732421875,122.83000183105469,271.9599914550781,703.27001953125,92.09700012207031,31.520000457763672,50.43000030517578,49.119998931884766,112.33000183105469,144.02999877929688,44.16999816894531,122.08999633789062,347.0,42.59000015258789,158.66000366210938,159.22000122070312,593.9000244140625,147.75999450683594,106.56999969482422,81.76000213623047,75.4000015258789,47.387001037597656,29.399999618530273,142.05999755859375,132.13999938964844,50.77000045776367,171.67999267578125,98.56999969482422,551.8800048828125,40.40999984741211,124.6500015258789,45.25,41.595001220703125,36.279998779296875,132.4499969482422,100.72000122070312,144.72999572753906,116.37999725341797,269.1300048828125,691.219970703125,90.30999755859375,30.440000534057617,49.779998779296875,47.779998779296875,109.73999786376953,141.35000610351562,43.060001373291016,118.68000030517578,341.6000061035156,41.16999816894531,156.1699981689453,156.0,584.4000244140625,143.08999633789062,105.43000030517578,79.33000183105469,72.93000030517578,45.4119987487793,28.719999313354492,139.0,129.66000366210938,48.970001220703125,167.8866729736328,97.44999694824219,547.0999755859375,39.060001373291016,122.51000213623047,44.43000030517578,40.79499816894531,35.720001220703125,131.75,98.33999633789062,144.7899932861328,120.69000244140625,271.4100036621094,699.4299926757812,92.03600311279297,30.780000686645508,50.31999969482422,47.79999923706055,112.33000183105469,141.89999389648438,43.529998779296875,120.75,343.510009765625,42.47999954223633,158.52000427246094,158.83999633789062,590.739990234375,147.75999450683594,106.25,80.77999877929688,75.30000305175781,47.21500015258789,29.09000015258789,139.99000549316406,131.97999572753906,50.27000045776367,171.5833282470703,97.80000305175781,547.5599975585938,39.70000076293945,124.6500015258789,44.79999923706055,41.30500030517578,36.150001525878906,132.1999969482422,100.0,4978800,60599000,1765900,657100,24813000,49803100,13839800,33903400,7489500,18079700,10636500,4613900,1869300,31992300,6642900,9366000,2093100,4039700,9954800,7321800,8883900,380590000,33410500,2000300,6912400,13575300,2683500,11262300,2239700,8774300,3454000,18923800,62306600,35616100,6210400,31154800
2023-12-07,135.70220947265625,128.3699951171875,251.39707946777344,685.1066284179688,89.58462524414062,29.058067321777344,44.49484634399414,45.047916412353516,102.65687561035156,128.05177307128906,39.92692947387695,107.87255096435547,328.0137023925781,41.59295654296875,145.38429260253906,148.52528381347656,578.1663818359375,134.5486297607422,96.04419708251953,74.60009002685547,72.96875,46.56753921508789,24.34389877319336,127.75818634033203,126.70121765136719,45.55002975463867,169.8644256591797,95.87910461425781,522.7794799804688,35.5955810546875,113.75883483886719,42.8336181640625,37.489444732666016,34.5489616394043,126.4571762084961,90.58148193359375,147.97000122070312,128.3699951171875,271.30999755859375,699.6500244140625,92.22599792480469,30.65999984741211,50.15999984741211,48.5,110.8499984741211,142.4199981689453,43.459999084472656,118.3499984741211,344.6199951171875,42.150001525878906,155.39999389648438,156.7899932861328,588.27001953125,141.5800018310547,103.87999725341797,80.3499984741211,73.6500015258789,46.59600067138672,28.6299991607666,139.77000427246094,132.94000244140625,48.459999084472656,172.58999633789062,99.29000091552734,548.27001953125,39.72999954223633,122.06999969482422,45.400001525878906,40.67499923706055,35.939998626708984,131.85000610351562,98.41999816894531,148.3800048828125,128.67999267578125,273.4100036621094,700.489990234375,92.41200256347656,30.93000030517578,51.0,48.7599983215332,111.91000366210938,144.00999450683594,43.79999923706055,121.08000183105469,344.69000244140625,42.439998626708984,156.5800018310547,157.30999755859375,588.8699951171875,145.0,105.5999984741211,80.56999969482422,74.20999908447266,46.62900161743164,28.899999618530273,141.14999389648438,133.3300018310547,49.40999984741211,173.1233367919922,99.63999938964844,551.510009765625,39.900001525878906,124.70999908447266,45.439998626708984,41.349998474121094,35.959999084472656,132.35000610351562,100.83999633789062,145.1999969482422,119.55999755859375,266.6300048828125,692.0900268554688,90.36399841308594,30.540000915527344,49.9900016784668,47.779998779296875,110.6500015258789,140.99000549316406,43.13999938964844,117.95999908447266,342.0,41.18000030517578,154.7100067138672,156.14999389648438,577.6099853515625,140.97999572753906,103.7300033569336,79.62000274658203,72.98999786376953,45.604000091552734,28.5,139.19000244140625,130.38999938964844,48.09000015258789,168.99000549316406,97.88999938964844,544.52001953125,39.11000061035156,121.75,44.650001525878906,40.529998779296875,35.77000045776367,131.25,98.08999633789062,147.63999938964844,120.79000091552734,270.5,695.3699951171875,90.55400085449219,30.59000015258789,50.29999923706055,47.939998626708984,111.31999969482422,143.50999450683594,43.54999923706055,120.31999969482422,343.7099914550781,41.75,156.5800018310547,156.69000244140625,588.280029296875,143.61000061035156,105.58999633789062,79.76000213623047,74.0199966430664,45.70000076293945,28.81999969482422,140.13999938964844,131.3300018310547,49.38999938964844,169.6666717529297,97.95999908447266,551.3499755859375,39.31999969482422,123.41999816894531,44.790000915527344,41.14500045776367,35.86000061035156,132.02999877929688,99.86000061035156,7225100,118579100,2081300,780600,43517000,32699600,14710600,14896800,5816800,14786700,10954900,3524500,2162400,29118700,6532400,8130900,2095000,3606600,9602200,5430400,10641300,350823000,35782900,2249500,7815700,12955100,1916700,11373700,2511700,8087100,3277700,18787800,40908800,26050900,6396700,29990700
2023-12-08,136.90362548828125,128.9199981689453,249.36782836914062,681.9534301757812,91.72551727294922,29.342388153076172,44.627906799316406,45.41015625,103.78670501708984,129.75108337402344,40.50571060180664,108.42853546142578,333.9244384765625,42.135684967041016,144.4674530029297,150.1641082763672,587.7784423828125,135.91712951660156,95.92401123046875,76.39197540283203,74.26664733886719,47.47697448730469,24.47144317626953,128.58087158203125,126.72982025146484,45.86961364746094,171.20619201660156,96.90267944335938,524.2098388671875,36.222740173339844,114.38323211669922,43.49404525756836,37.894989013671875,34.731605529785156,126.66816711425781,91.62149810791016,149.27999877929688,128.9199981689453,269.1199951171875,696.4299926757812,94.43000030517578,30.959999084472656,50.310001373291016,48.88999938964844,112.06999969482422,144.30999755859375,44.09000015258789,118.95999908447266,350.8299865722656,42.70000076293945,154.4199981689453,158.52000427246094,598.0499877929688,143.02000427246094,103.75,82.27999877929688,74.95999908447266,47.50600051879883,28.780000686645508,140.6699981689453,132.97000122070312,48.79999923706055,173.95333862304688,100.3499984741211,549.77001953125,40.43000030517578,122.73999786376953,46.099998474121094,41.1150016784668,36.130001068115234,132.07000732421875,99.55000305175781,150.07000732421875,131.0,271.9700012207031,702.8300170898438,95.072998046875,31.139999389648438,50.540000915527344,49.16999816894531,112.19000244140625,144.6699981689453,44.2599983215332,120.52999877929688,352.2900085449219,42.959999084472656,155.85000610351562,158.77999877929688,598.2999877929688,144.14999389648438,104.01000213623047,82.66000366210938,75.3499984741211,47.74100112915039,28.969999313354492,141.5399932861328,133.97000122070312,49.11000061035156,174.7133331298828,100.37000274658203,551.72998046875,40.599998474121094,124.19000244140625,46.34000015258789,41.2400016784668,36.189998626708984,132.3800048828125,99.79000091552734,148.0,126.88999938964844,268.82000732421875,694.030029296875,91.0530014038086,30.610000610351562,50.09000015258789,48.41999816894531,111.05999755859375,143.1199951171875,43.66999816894531,118.55999755859375,343.7799987792969,41.810001373291016,153.83999633789062,156.97999572753906,584.77001953125,142.07000732421875,102.6500015258789,80.1500015258789,73.43000030517578,46.54999923706055,28.59000015258789,139.1999969482422,131.17999267578125,48.119998931884766,172.11000061035156,98.94999694824219,544.5399780273438,39.599998474121094,122.0999984741211,45.119998931884766,40.86000061035156,35.86000061035156,131.27999877929688,98.75,148.07000732421875,129.5399932861328,271.1700134277344,695.3400268554688,92.78399658203125,30.670000076293945,50.2599983215332,48.5099983215332,111.73999786376953,143.50999450683594,43.83000183105469,119.31999969482422,344.30999755859375,41.84000015258789,155.4199981689453,157.25999450683594,589.0,142.61000061035156,103.79000091552734,80.27999877929688,73.4800033569336,46.595001220703125,28.649999618530273,139.94000244140625,131.22000122070312,48.43000030517578,172.18333435058594,99.12000274658203,550.219970703125,39.779998779296875,123.30999755859375,45.36000061035156,40.94499969482422,35.900001525878906,131.94000244140625,99.0199966430664,5695200,89341000,2608200,920600,69668000,34794300,10123100,17591600,5713900,10821700,7454700,3858400,2238800,42815000,6254700,7369400,2446800,3092100,7530300,10343400,12007100,359224000,31890700,2444400,7678600,13211000,4207200,10572500,2039900,9485000,2176100,20238400,34127200,33213100,6007600,22074900
2023-12-11,138.70111083984375,134.41000366210938,252.16616821289062,695.4763793945312,99.97622680664062,29.238136291503906,45.31981658935547,44.72283172607422,103.87006378173828,129.78707885742188,40.79970169067383,108.64729309082031,334.8096008300781,43.95136642456055,145.06622314453125,150.7135467529297,574.0090942382812,136.70590209960938,96.49725341796875,76.8933334350586,77.07046508789062,46.598514556884766,24.352397918701172,128.8824920654297,129.71292114257812,46.1985969543457,177.04586791992188,97.48207092285156,518.40283203125,36.31232833862305,115.07283782958984,43.39970397949219,37.94107437133789,34.943092346191406,127.5025863647461,91.68590545654297,151.24000549316406,134.41000366210938,272.1400146484375,710.239990234375,102.92400360107422,30.850000381469727,51.09000015258789,48.150001525878906,112.16000366210938,144.35000610351562,44.40999984741211,119.19999694824219,351.760009765625,44.540000915527344,155.05999755859375,159.10000610351562,584.0399780273438,143.85000610351562,104.37000274658203,82.81999969482422,77.79000091552734,46.62699890136719,28.639999389648438,141.0,136.10000610351562,49.150001525878906,179.8866729736328,100.94999694824219,543.6799926757812,40.529998779296875,123.4800033569336,46.0,41.165000915527344,36.349998474121094,132.94000244140625,99.62000274658203,152.7100067138672,135.0399932861328,275.8999938964844,713.489990234375,103.95099639892578,31.079999923706055,51.13999938964844,48.95000076293945,112.62999725341797,145.39999389648438,44.61000061035156,119.69000244140625,353.0299987792969,44.72999954223633,155.47999572753906,159.3000030517578,601.1900024414062,144.74000549316406,105.47000122070312,82.83999633789062,78.51000213623047,47.53099822998047,28.809999465942383,141.75,136.60000610351562,49.630001068115234,180.44667053222656,101.20999908447266,550.0,40.65999984741211,124.2699966430664,46.220001220703125,41.29999923706055,36.41999816894531,133.19000244140625,99.86000061035156,150.63999938964844,128.25,270.4200134277344,702.5999755859375,95.60900115966797,30.709999084472656,50.27000045776367,48.119998931884766,111.54000091552734,143.82000732421875,44.060001373291016,117.5,349.04998779296875,43.08000183105469,154.35000610351562,158.14999389648438,567.4099731445312,142.27000427246094,103.56999969482422,81.95999908447266,76.97000122070312,45.83000183105469,28.440000534057617,140.22000122070312,134.07000732421875,48.83000183105469,175.39666748046875,99.37000274658203,539.0599975585938,40.0,121.77999877929688,45.56999969482422,40.959999084472656,36.13999938964844,132.1300048828125,98.58000183105469,150.6699981689453,130.55999755859375,271.9599914550781,704.719970703125,95.70099639892578,30.920000076293945,50.52000045776367,48.75,112.12000274658203,144.83999633789062,44.25,117.55999755859375,351.44000244140625,43.15999984741211,154.5,158.52000427246094,598.6599731445312,142.5,104.8499984741211,82.37000274658203,77.19000244140625,47.49100112915039,28.780000686645508,141.27999877929688,134.50999450683594,49.0,175.5833282470703,99.56999969482422,549.760009765625,40.290000915527344,122.62000274658203,45.900001525878906,41.150001525878906,36.13999938964844,132.77999877929688,99.80000305175781,6343500,98668300,2838600,1585000,101184000,32254000,18432900,17666000,7250100,9849600,8093600,5004100,1636000,48288200,6090400,8093900,5614100,3017800,7429700,6378100,18547600,509728000,37833900,2254300,11010700,8820900,3977100,9482800,3655300,10921000,3293300,21116900,29344200,31165700,9016800,22252300
2023-12-12,140.5353240966797,137.61000061035156,253.88038635253906,705.581787109375,104.1569595336914,29.133886337280273,44.80532455444336,44.639244079589844,102.85135650634766,128.1237030029297,39.816688537597656,107.25273132324219,335.61865234375,43.45797348022461,145.0755615234375,152.0586700439453,574.716796875,136.24974060058594,96.48799133300781,77.61750793457031,77.43704986572266,47.627891540527344,24.301382064819336,128.74539184570312,130.26568603515625,46.09519958496094,178.3220672607422,98.10975646972656,520.3479614257812,36.24065399169922,112.66850280761719,43.8431282043457,37.420318603515625,35.193023681640625,128.0492706298828,90.24095153808594,153.24000549316406,137.61000061035156,273.989990234375,720.5599975585938,107.22799682617188,30.739999771118164,50.5099983215332,48.060001373291016,111.05999755859375,142.5,43.34000015258789,117.66999816894531,352.6099853515625,44.040000915527344,155.07000732421875,160.52000427246094,584.760009765625,143.3699951171875,104.36000061035156,83.5999984741211,78.16000366210938,47.65700149536133,28.579999923706055,140.85000610351562,136.67999267578125,49.040000915527344,181.18333435058594,101.5999984741211,545.719970703125,40.45000076293945,120.9000015258789,46.470001220703125,40.599998474121094,36.61000061035156,133.50999450683594,98.05000305175781,153.58999633789062,139.88999938964844,277.25,720.97998046875,107.93900299072266,30.860000610351562,50.939998626708984,48.11000061035156,111.4800033569336,143.58999633789062,43.900001525878906,118.58999633789062,354.0,44.439998626708984,155.32000732421875,160.64999389648438,585.8499755859375,143.97000122070312,104.79000091552734,83.66000366210938,78.26000213623047,47.66600036621094,28.860000610351562,141.75,137.22999572753906,49.2599983215332,181.2100067138672,101.6500015258789,547.489990234375,40.560001373291016,122.4800033569336,46.7599983215332,40.83000183105469,36.619998931884766,133.6999969482422,98.68000030517578,150.1699981689453,131.89999389648438,273.260009765625,711.3099975585938,102.45800018310547,30.450000762939453,49.79999923706055,47.709999084472656,109.69999694824219,141.75,43.040000915527344,116.77999877929688,349.5799865722656,43.630001068115234,153.64999389648438,158.8800048828125,578.1699829101562,141.4499969482422,103.41999816894531,82.56999969482422,77.0999984741211,46.04600143432617,28.350000381469727,140.13999938964844,135.5,48.20000076293945,178.663330078125,99.94999694824219,542.6500244140625,40.130001068115234,120.20999908447266,45.810001373291016,40.369998931884766,36.290000915527344,132.5,97.4800033569336,151.72999572753906,132.25,277.1300048828125,714.9199829101562,102.79900360107422,30.770000457763672,50.79999923706055,48.0099983215332,110.7699966430664,143.1699981689453,43.900001525878906,117.7300033569336,351.4100036621094,44.36000061035156,155.0,159.22999572753906,582.0,142.52999877929688,104.4800033569336,82.94000244140625,77.41999816894531,46.04600143432617,28.6200008392334,140.92999267578125,135.97999572753906,48.4900016784668,178.97999572753906,100.1500015258789,545.7999877929688,40.38999938964844,122.4800033569336,45.939998626708984,40.78499984741211,36.439998626708984,133.1300048828125,98.68000030517578,5882200,111677800,2556900,880100,90242000,34566700,14215500,14735600,6888800,9863900,11439000,3447800,1597600,31452200,5324400,10223000,2846100,2930200,7933500,7395300,10262100,372387000,48587500,1317400,7380400,8871400,2226600,7378600,2706100,8818700,4041600,19787100,45386600,37245700,6779000,26084000
2023-12-13,141.50743103027344,138.19000244140625,260.95037841796875,720.0057373046875,105.84809875488281,30.36595916748047,46.002845764160156,45.82813262939453,103.58296966552734,130.02084350585938,40.62514877319336,107.99104309082031,345.2510681152344,43.98097229003906,145.74916076660156,152.5702362060547,587.2379760742188,139.37635803222656,99.03056335449219,79.50222778320312,79.05196380615234,48.05862808227539,22.6688175201416,133.74530029296875,132.2862091064453,46.2361946105957,181.06796264648438,98.61189270019531,523.485107421875,38.068359375,116.30297088623047,45.060211181640625,37.94107437133789,35.760189056396484,130.40866088867188,91.04165649414062,154.3000030517578,138.19000244140625,281.6199951171875,735.2899780273438,108.96900177001953,32.040000915527344,51.86000061035156,49.34000015258789,111.8499984741211,144.61000061035156,44.220001220703125,118.4800033569336,362.7300109863281,44.56999969482422,155.7899932861328,161.05999755859375,597.5,146.66000366210938,107.11000061035156,85.62999725341797,79.79000091552734,48.0880012512207,26.65999984741211,146.32000732421875,138.8000030517578,49.189998626708984,183.97332763671875,102.12000274658203,549.010009765625,42.4900016784668,124.80000305175781,47.7599983215332,41.165000915527344,37.20000076293945,135.97000122070312,98.91999816894531,154.77000427246094,139.24000549316406,281.8500061035156,738.6799926757812,109.97799682617188,32.130001068115234,51.86000061035156,49.529998779296875,112.26000213623047,144.67999267578125,44.25,118.87000274658203,362.8500061035156,44.720001220703125,155.94000244140625,162.02999877929688,598.6699829101562,146.8000030517578,107.11000061035156,86.11000061035156,80.2699966430664,48.59400177001953,26.729999542236328,146.4499969482422,138.99000549316406,49.61000061035156,185.02333068847656,102.68000030517578,549.4199829101562,42.56999969482422,124.86000061035156,47.779998779296875,41.18000030517578,37.2400016784668,136.00999450683594,99.02999877929688,152.72999572753906,136.02999877929688,273.30999755859375,720.739990234375,106.25399780273438,30.6299991607666,49.939998626708984,47.86000061035156,110.87000274658203,141.64999389648438,42.95000076293945,116.80000305175781,351.6000061035156,43.33000183105469,151.77000427246094,159.77000427246094,582.3099975585938,142.57000732421875,103.97000122070312,83.30000305175781,78.02999877929688,47.608001708984375,25.760000228881836,140.33999633789062,136.0800018310547,48.439998626708984,180.5366668701172,100.91000366210938,538.5900268554688,40.349998474121094,120.33999633789062,46.349998474121094,40.435001373291016,36.54999923706055,132.75999450683594,97.66000366210938,152.97999572753906,137.97000122070312,274.1600036621094,724.6500244140625,106.80000305175781,30.75,50.06999969482422,48.0,111.5,142.1699981689453,43.33000183105469,117.91999816894531,352.94000244140625,44.08000183105469,153.66000366210938,160.52000427246094,583.260009765625,143.2100067138672,104.16000366210938,83.47000122070312,78.30000305175781,47.62900161743164,26.280000686645508,140.6699981689453,136.3800048828125,49.31999969482422,181.2100067138672,101.4000015258789,544.0,40.52000045776367,120.66999816894531,46.5,40.625,36.619998931884766,132.94000244140625,98.04000091552734,8104500,70651600,2380000,1037200,71654000,60311100,15557000,22212500,8570100,10641300,13256400,5765800,2876500,35216100,10764600,12379100,3112500,3457500,10995000,10144600,11629900,447792000,158100700,2455300,7507700,10502400,5724900,8988800,2876600,15133000,4238400,26549100,46445600,56989000,9074300,19915400
2023-12-14,142.03936767578125,138.0,256.0393981933594,738.0427856445312,107.47997283935547,32.166683197021484,45.65689468383789,46.66407775878906,106.45384216308594,134.80409240722656,42.06502914428711,111.33287811279297,364.9916687011719,44.582908630371094,146.75955200195312,155.3457794189453,563.8171997070312,143.39625549316406,98.60218048095703,84.52510070800781,81.42976379394531,48.320457458496094,22.21816062927246,140.1345672607422,134.85951232910156,49.27223587036133,186.08743286132812,100.36698150634766,509.4018249511719,40.612831115722656,120.3847427368164,47.65475845336914,39.05630874633789,36.115875244140625,129.77566528320312,93.48981475830078,154.8800048828125,138.0,276.32000732421875,753.7100219726562,110.64900207519531,33.939998626708984,51.470001220703125,50.2400016784668,114.94999694824219,149.92999267578125,44.9900016784668,120.5999984741211,383.4700012207031,45.18000030517578,156.8699951171875,163.99000549316406,573.6699829101562,150.88999938964844,105.87999725341797,91.04000091552734,82.19000244140625,48.349998474121094,26.1299991607666,153.30999755859375,141.5,52.41999816894531,189.07333374023438,103.44999694824219,534.239990234375,45.33000183105469,129.17999267578125,50.5099983215332,42.375,37.56999969482422,135.30999755859375,101.58000183105469,155.16000366210938,141.82000732421875,282.7300109863281,755.989990234375,112.14600372314453,34.06999969482422,52.540000915527344,51.54999923706055,116.3499984741211,149.92999267578125,45.4900016784668,121.26000213623047,386.20001220703125,47.06999969482422,157.16000366210938,164.83999633789062,594.5,150.88999938964844,107.20999908447266,92.0,82.4000015258789,48.66999816894531,27.31999969482422,154.1300048828125,142.75999450683594,52.75,189.60667419433594,103.80999755859375,544.9199829101562,45.849998474121094,129.5399932861328,50.54999923706055,42.43000030517578,37.709999084472656,136.50999450683594,102.13999938964844,152.75999450683594,135.72999572753906,274.0799865722656,744.2999877929688,109.02799987792969,32.56999969482422,51.0,50.0099983215332,112.75,145.85000610351562,44.15999984741211,117.79000091552734,365.0,44.650001525878906,155.0500030517578,161.7100067138672,568.6900024414062,147.32000732421875,105.13999938964844,87.20999908447266,80.79000091552734,47.422000885009766,26.010000228881836,148.0500030517578,139.60000610351562,49.88999938964844,185.4600067138672,102.80000305175781,529.4000244140625,43.630001068115234,126.22000122070312,48.439998626708984,41.58000183105469,37.369998931884766,134.8000030517578,99.72000122070312,154.36000061035156,138.88999938964844,281.32000732421875,744.2999877929688,109.21800231933594,32.619998931884766,52.459999084472656,50.0099983215332,112.94999694824219,145.85000610351562,44.25,117.87000274658203,366.5,45.0099983215332,156.47000122070312,161.8300018310547,594.5,149.05999755859375,106.68000030517578,87.2300033569336,80.80999755859375,48.38999938964844,26.760000228881836,149.64999389648438,139.60000610351562,49.9900016784668,185.4600067138672,103.3499984741211,544.2999877929688,43.88999938964844,126.83999633789062,48.439998626708984,41.58000183105469,37.5,136.42999267578125,99.8499984741211,7869600,76115200,2935200,1446600,66964000,107190000,20212600,51664900,11490400,14960500,13683600,4842400,5376300,70620800,9240700,13643000,5275900,3559800,10723000,19849500,17342800,391232000,101889800,4269900,11468900,19567600,3372300,10074500,5386800,28236800,4415300,41115400,60717400,66865700,10098700,26165700
2023-12-15,141.26895141601562,139.14999389648438,255.23326110839844,737.3085327148438,109.7384033203125,31.844457626342773,45.14240264892578,46.28325271606445,106.07415008544922,134.2826690673828,41.95282745361328,110.88052368164062,362.1742858886719,45.549957275390625,145.15980529785156,156.52040100097656,562.2152099609375,141.0109405517578,97.88511657714844,85.0264663696289,80.65697479248047,48.860130310058594,22.643308639526367,139.2388153076172,136.41299438476562,49.05604934692383,186.7796630859375,99.4841079711914,506.42681884765625,40.32612609863281,119.8162841796875,47.466060638427734,38.84893035888672,35.90438461303711,128.6726837158203,92.86396789550781,154.0399932861328,139.14999389648438,275.45001220703125,752.9600219726562,112.9739990234375,33.599998474121094,50.88999938964844,49.83000183105469,114.54000091552734,149.35000610351562,44.869998931884766,120.11000061035156,380.510009765625,46.15999984741211,155.16000366210938,165.22999572753906,572.0399780273438,148.3800048828125,105.11000061035156,91.58000183105469,81.41000366210938,48.88999938964844,26.6299991607666,152.3300018310547,143.1300048828125,52.189998626708984,189.77667236328125,102.54000091552734,531.1199951171875,45.0099983215332,128.57000732421875,50.310001373291016,42.150001525878906,37.349998474121094,134.16000366210938,100.9000015258789,155.88999938964844,140.88999938964844,279.2699890136719,760.3300170898438,114.98799896240234,34.02000045776367,51.45000076293945,50.099998474121094,115.73999786376953,149.82000732421875,44.90999984741211,120.6500015258789,385.8999938964844,47.27000045776367,156.69000244140625,165.27999877929688,573.7100219726562,149.5,106.2699966430664,91.83999633789062,82.98999786376953,49.40399932861328,26.989999771118164,154.47000122070312,143.49000549316406,52.5,191.91000366210938,104.76000213623047,533.5,45.47999954223633,128.9199981689453,50.77000045776367,42.22999954223633,37.439998626708984,134.94000244140625,101.0,153.11000061035156,137.25,273.3299865722656,749.6199951171875,109.46199798583984,33.290000915527344,50.689998626708984,49.20000076293945,113.62000274658203,147.32000732421875,44.13999938964844,118.79000091552734,379.32000732421875,45.66999816894531,153.75999450683594,162.38999938964844,561.6500244140625,144.50999450683594,104.26000213623047,90.26000213623047,81.11000061035156,48.119998931884766,26.079999923706055,151.75999450683594,141.3800048828125,51.61000061035156,189.36666870117188,102.38999938964844,522.9600219726562,44.43000030517578,126.79000091552734,49.91999816894531,41.79999923706055,37.189998626708984,133.66000366210938,100.30999755859375,154.74000549316406,139.52000427246094,276.2699890136719,753.7100219726562,109.52200317382812,33.81999969482422,51.15999984741211,49.689998626708984,114.3499984741211,147.32000732421875,44.5099983215332,119.43000030517578,380.19000244140625,45.939998626708984,155.49000549316406,163.0800018310547,572.0999755859375,145.7100067138672,104.88999938964844,91.0,82.88999938964844,48.194000244140625,26.1299991607666,152.89999389648438,142.0500030517578,52.08000183105469,189.6266632080078,103.5,530.0,44.720001220703125,126.83000183105469,50.099998474121094,41.994998931884766,37.2599983215332,134.67999267578125,100.58999633789062,15203000,70211800,8731000,1507000,118544000,83771800,44147600,35156100,30860400,30850900,24624200,7429100,4522300,84583400,21727800,20309300,5317000,12266800,26393300,16905700,19547800,479948000,138388400,5912600,25053500,21720600,3956100,16379200,9030100,25971700,9641800,44099200,46366400,69246200,8296600,55527000
2023-12-18,140.70037841796875,138.89999389648438,255.26101684570312,726.635009765625,111.41497039794922,31.683338165283203,45.54157257080078,46.12534713745117,106.40753936767578,134.57931518554688,42.29877471923828,112.27449035644531,358.2622985839844,45.08616256713867,145.42173767089844,157.4676513671875,569.8026123046875,144.27056884765625,98.75117492675781,84.26513671875,80.80558013916016,50.04641342163086,23.008935928344727,138.39785766601562,135.00245666503906,49.14064407348633,186.2613067626953,99.86247253417969,502.0693359375,39.466026306152344,122.93818664550781,46.852813720703125,39.16624069213867,36.02417755126953,128.8826904296875,93.55424499511719,153.4199981689453,138.89999389648438,275.4800109863281,742.0599975585938,114.69999694824219,33.43000030517578,51.34000015258789,49.65999984741211,114.9000015258789,149.67999267578125,45.2400016784668,121.62000274658203,376.3999938964844,45.689998626708984,155.44000244140625,166.22999572753906,579.760009765625,151.80999755859375,106.04000091552734,90.76000213623047,81.55999755859375,50.07699966430664,27.059999465942383,151.41000366210938,141.64999389648438,52.279998779296875,189.25,102.93000030517578,526.5499877929688,44.04999923706055,131.9199981689453,49.65999984741211,42.09000015258789,37.290000915527344,133.77999877929688,101.6500015258789,154.35000610351562,139.7899932861328,277.1000061035156,747.7999877929688,115.18199920654297,33.790000915527344,51.4900016784668,50.560001373291016,117.2699966430664,152.1199951171875,46.15999984741211,123.0999984741211,382.760009765625,46.22999954223633,156.44000244140625,167.1300048828125,583.0499877929688,153.07000732421875,107.20999908447266,91.66999816894531,81.86000061035156,50.43299865722656,27.299999237060547,152.80999755859375,143.1199951171875,53.84000015258789,190.086669921875,103.30999755859375,531.469970703125,45.29999923706055,132.8000030517578,50.47999954223633,42.70500183105469,37.41999816894531,134.1999969482422,103.11000061035156,151.75,137.64999389648438,274.3500061035156,736.3200073242188,111.86399841308594,33.40999984741211,50.93000030517578,49.54999923706055,114.6500015258789,149.32000732421875,45.209999084472656,121.25,375.9100036621094,45.400001525878906,154.75999450683594,165.6300048828125,575.7000122070312,150.38999938964844,105.62999725341797,90.61000061035156,80.80999755859375,49.150001525878906,26.719999313354492,149.97000122070312,141.2899932861328,52.2400016784668,187.52667236328125,102.08000183105469,525.22998046875,44.040000915527344,130.10000610351562,49.529998779296875,42.04999923706055,37.25,133.42999267578125,101.5199966430664,153.0,139.14999389648438,277.0,747.3699951171875,112.08000183105469,33.709999084472656,51.150001525878906,50.15999984741211,115.83000183105469,150.8300018310547,45.56999969482422,122.75,381.260009765625,46.150001525878906,155.2100067138672,165.9199981689453,576.469970703125,150.92999267578125,106.16000366210938,91.66000366210938,81.58999633789062,49.400001525878906,26.920000076293945,152.80999755859375,142.50999450683594,53.06999969482422,189.77333068847656,102.83999633789062,529.1099853515625,45.29999923706055,130.52000427246094,50.40999984741211,42.4900016784668,37.349998474121094,134.05999755859375,102.12999725341797,5379600,45199500,2227600,808900,54741000,40694700,14361100,17871400,7000500,11561700,12127200,2875500,2740900,27895700,7231400,8469600,3033900,3307400,12805600,9145500,12416600,412587000,63329400,2648700,7832100,9356700,2272200,5660600,3260300,9678700,3621100,20531700,42447200,43434000,5944300,21610400
2023-12-19,140.865478515625,140.14999389648438,258.0037536621094,729.2396850585938,111.20321655273438,31.759151458740234,46.2246208190918,47.304962158203125,107.88002014160156,136.34161376953125,42.71015930175781,113.11455535888672,364.020751953125,46.04335021972656,146.37600708007812,159.5706787109375,569.8516845703125,146.13320922851562,99.17024230957031,85.34212493896484,81.40994262695312,49.57368850708008,23.94426155090332,141.31370544433594,136.5083465576172,49.79861068725586,187.2553253173828,100.77446746826172,499.6760559082031,39.609371185302734,124.50381469726562,47.25850296020508,39.63615798950195,36.29467010498047,129.749755859375,94.78751373291016,153.60000610351562,140.14999389648438,278.44000244140625,744.719970703125,113.95800018310547,33.5099983215332,52.11000061035156,50.93000030517578,116.48999786376953,151.63999938964844,45.68000030517578,122.52999877929688,382.45001220703125,46.65999984741211,156.4600067138672,168.4499969482422,579.8099975585938,153.77000427246094,106.48999786376953,91.91999816894531,82.16999816894531,49.604000091552734,28.15999984741211,154.60000610351562,143.22999572753906,52.97999954223633,190.25999450683594,103.87000274658203,524.0399780273438,44.209999084472656,133.60000610351562,50.09000015258789,42.595001220703125,37.56999969482422,134.67999267578125,102.98999786376953,154.47999572753906,143.47000122070312,280.57000732421875,745.0800170898438,115.0459976196289,33.66999816894531,52.18000030517578,51.310001373291016,116.63999938964844,151.8300018310547,45.72999954223633,122.97000122070312,383.7699890136719,46.68000030517578,156.5,168.47000122070312,585.1099853515625,153.83999633789062,106.66000366210938,92.36000061035156,82.2699966430664,49.70000076293945,28.239999771118164,154.8800048828125,143.42999267578125,53.06999969482422,190.64332580566406,103.9800033569336,527.6199951171875,44.56999969482422,134.1300048828125,50.31999969482422,42.63999938964844,37.58000183105469,134.75,103.19000244140625,152.4499969482422,138.55999755859375,276.5899963378906,740.530029296875,113.2509994506836,32.79999923706055,51.459999084472656,49.16999816894531,114.25,149.49000549316406,45.02000045776367,120.86000061035156,374.54998779296875,45.5099983215332,154.94000244140625,165.5500030517578,577.25,150.97000122070312,105.44000244140625,90.69999694824219,81.16999816894531,48.89500045776367,27.270000457763672,150.47999572753906,141.44000244140625,52.27000045776367,189.27999877929688,103.08999633789062,521.780029296875,43.81999969482422,130.74000549316406,49.310001373291016,42.07500076293945,37.16999816894531,133.74000549316406,101.79000091552734,153.58999633789062,138.57000732421875,278.69000244140625,743.0,114.19999694824219,33.029998779296875,51.61000061035156,49.41999816894531,114.94999694824219,149.9600067138672,45.34000015258789,121.8499984741211,376.010009765625,45.599998474121094,155.3000030517578,166.0,580.25,151.8699951171875,106.05000305175781,90.91999816894531,81.66999816894531,49.42399978637695,27.280000686645508,151.4499969482422,142.02999877929688,52.43000030517578,189.52000427246094,103.23999786376953,524.5900268554688,44.130001068115234,131.92999267578125,49.66999816894531,42.16999816894531,37.27000045776367,133.9499969482422,102.0,5476700,63739800,2484100,571000,36020000,44534800,14293000,23161500,6379200,8738100,9074600,3498900,2091800,35358800,6651500,10345700,2192700,2583900,8043100,8114900,14316400,464444000,70094700,2373500,5658400,7351000,1910100,8498500,3645600,8609500,3741200,20556400,36862400,32509000,6358200,18904700
2023-12-20,139.1138153076172,135.47000122070312,254.98301696777344,714.4437255859375,108.35379791259766,31.25684928894043,45.20449447631836,46.50616455078125,108.06523132324219,135.0918426513672,42.29877471923828,112.09910583496094,359.32830810546875,45.155242919921875,143.39161682128906,157.7708282470703,560.41650390625,146.00018310546875,98.117919921875,84.61793518066406,77.96214294433594,48.08160400390625,23.49359893798828,136.807373046875,133.84925842285156,49.39443588256836,181.70433044433594,97.05860900878906,491.9430236816406,38.04148483276367,123.5159683227539,46.550899505615234,39.26860046386719,35.64741516113281,127.87113189697266,93.20450592041016,151.69000244140625,135.47000122070312,275.17999267578125,729.6099853515625,111.03800201416016,32.97999954223633,50.959999084472656,50.06999969482422,116.69000244140625,150.25,45.2400016784668,121.43000030517578,377.5199890136719,45.7599983215332,153.27000427246094,166.5500030517578,570.2100219726562,153.6300048828125,105.36000061035156,91.13999938964844,78.69000244140625,48.111000061035156,27.6299991607666,149.6699981689453,140.44000244140625,52.54999923706055,184.2566680908203,100.04000091552734,515.9299926757812,42.459999084472656,132.5399932861328,49.34000015258789,42.20000076293945,36.900001525878906,132.72999572753906,101.2699966430664,154.2100067138672,139.5800018310547,278.79998779296875,749.8599853515625,114.13600158691406,33.709999084472656,52.2400016784668,51.09000015258789,118.94000244140625,153.05999755859375,46.22999954223633,123.9800033569336,385.1300048828125,46.95000076293945,156.66000366210938,169.41000366210938,579.8599853515625,156.27999877929688,107.13999938964844,92.30999755859375,81.62000274658203,49.999000549316406,28.260000228881836,155.3800048828125,142.97999572753906,53.97999954223633,189.56333923339844,103.08999633789062,524.8300170898438,44.0,136.72999572753906,50.56999969482422,42.994998931884766,37.560001373291016,134.67999267578125,103.94000244140625,151.5399932861328,135.3699951171875,275.010009765625,729.6099853515625,110.9260025024414,32.95000076293945,50.93000030517578,49.869998931884766,116.37999725341797,150.05999755859375,45.16999816894531,121.2699966430664,377.25,45.70000076293945,153.11000061035156,166.4499969482422,570.030029296875,153.4199981689453,105.23999786376953,90.93000030517578,78.62999725341797,48.097999572753906,27.610000610351562,149.5800018310547,140.36000061035156,52.5099983215332,184.2566680908203,99.94000244140625,515.8699951171875,42.150001525878906,132.0500030517578,49.290000915527344,42.150001525878906,36.900001525878906,132.72000122070312,101.12999725341797,153.99000549316406,139.0,277.8299865722656,739.5999755859375,113.2699966430664,33.380001068115234,52.029998779296875,50.70000076293945,116.87000274658203,152.14999389648438,45.849998474121094,122.86000061035156,380.7300109863281,46.63999938964844,156.5399932861328,167.99000549316406,576.47998046875,154.3300018310547,107.13999938964844,91.45999908447266,81.45999908447266,49.654998779296875,28.190000534057617,153.8000030517578,141.97000122070312,52.75,188.46665954589844,102.69999694824219,523.8499755859375,43.72999954223633,134.22999572753906,49.83000183105469,42.744998931884766,37.470001220703125,134.60000610351562,103.5,4716400,54671700,2561200,1007600,34523000,44711400,14179800,17452100,7767200,9370000,8494500,3671100,1836500,38159100,7008300,10734700,2647100,3166100,8441600,10467000,29085000,397894000,56184300,2353000,7264800,6480200,3355800,10814100,3847800,15460200,4492200,20481500,39818200,52985700,7299000,20988900
2023-12-21,139.939208984375,139.91000366210938,258.82843017578125,739.5703735351562,110.00392150878906,31.46535301208496,45.470619201660156,46.99844741821289,108.19488525390625,135.5054473876953,42.869110107421875,111.77598571777344,362.23138427734375,46.457801818847656,144.8603973388672,158.67076110839844,562.1759643554688,145.07835388183594,99.0771255493164,86.00131225585938,84.68933868408203,48.9600715637207,24.071800231933594,138.7269287109375,135.75540161132812,49.422630310058594,186.7336883544922,99.49380493164062,495.70947265625,38.803035736083984,122.93818664550781,46.65467834472656,39.42214584350586,35.99518966674805,129.4318389892578,93.62786102294922,152.58999633789062,139.91000366210938,279.3299865722656,755.27001953125,112.72899627685547,33.20000076293945,51.2599983215332,50.599998474121094,116.83000183105469,150.7100067138672,45.849998474121094,121.08000183105469,380.57000732421875,47.08000183105469,154.83999633789062,167.5,572.0,152.66000366210938,106.38999938964844,92.62999725341797,85.4800033569336,48.9900016784668,28.309999465942383,151.77000427246094,142.44000244140625,52.58000183105469,189.35667419433594,102.55000305175781,519.8800048828125,43.310001373291016,131.9199981689453,49.45000076293945,42.3650016784668,37.2599983215332,134.35000610351562,101.7300033569336,152.91000366210938,139.97999572753906,279.82000732421875,755.9199829101562,113.54199981689453,33.45000076293945,51.7400016784668,50.66999816894531,116.87999725341797,150.8000030517578,45.86000061035156,121.69999694824219,381.489990234375,47.119998931884766,155.1300048828125,168.08999633789062,575.0,155.11000061035156,106.61000061035156,92.66000366210938,86.0199966430664,49.095001220703125,28.360000610351562,153.07000732421875,142.69000244140625,53.029998779296875,189.70333862304688,102.72000122070312,520.8200073242188,43.45000076293945,133.3000030517578,49.83000183105469,42.43000030517578,37.27000045776367,134.4499969482422,102.01000213623047,151.2899932861328,137.3800048828125,276.3999938964844,743.5499877929688,111.5,32.88999938964844,50.849998474121094,49.970001220703125,115.27999877929688,149.22000122070312,45.15999984741211,119.7699966430664,377.010009765625,46.02000045776367,153.3000030517578,165.67999267578125,567.02001953125,151.38999938964844,105.33999633789062,91.63999938964844,83.11000061035156,48.41899871826172,27.780000686645508,150.42999267578125,140.99000549316406,52.209999084472656,187.3633270263672,101.16000366210938,516.5,42.7400016784668,130.27000427246094,49.130001068115234,41.970001220703125,36.91999816894531,133.22000122070312,100.80999755859375,152.0500030517578,138.13999938964844,276.54998779296875,744.1699829101562,113.26499938964844,33.2400016784668,51.34000015258789,50.40999984741211,116.5,150.77999877929688,45.38999938964844,121.66000366210938,380.04998779296875,46.47999954223633,153.69000244140625,166.83999633789062,571.4099731445312,153.64999389648438,105.79000091552734,92.13999938964844,85.0,48.81100082397461,27.860000610351562,150.99000549316406,141.8000030517578,52.5,188.24000549316406,101.30000305175781,518.8800048828125,42.880001068115234,132.64999389648438,49.619998931884766,42.28499984741211,37.060001373291016,133.52999877929688,101.47000122070312,4036100,47179400,1850000,868200,24106000,32325700,14232900,13089000,4149300,7264700,8104100,3841700,1301600,28320500,4598600,7601700,1786500,2064800,5919400,7748000,53969700,300425000,51056600,1683500,8361600,7470900,2589300,9068200,2491600,8134200,2977100,11127700,26062800,27522200,5606800,19250900
2023-12-22,142.09437561035156,139.60000610351562,263.303955078125,736.8873901367188,109.48576354980469,31.683338165283203,46.38427734375,47.239933013916016,108.96355438232422,135.8111114501953,42.83171844482422,112.8745346069336,362.3074951171875,47.365638732910156,145.4404754638672,158.5760040283203,560.593505859375,143.3772430419922,100.29707336425781,85.79705810546875,85.68999481201172,48.8001708984375,24.148326873779297,139.36676025390625,136.75613403320312,49.89261245727539,187.33193969726562,100.075927734375,496.119384765625,38.98221969604492,123.19913482666016,46.39994430541992,39.538455963134766,36.07247543334961,130.07730102539062,93.79353332519531,154.94000244140625,139.60000610351562,284.1600036621094,752.530029296875,112.197998046875,33.43000030517578,52.290000915527344,50.86000061035156,117.66000366210938,151.0500030517578,45.810001373291016,122.2699966430664,380.6499938964844,48.0,155.4600067138672,167.39999389648438,570.3900146484375,150.8699951171875,107.69999694824219,92.41000366210938,86.48999786376953,48.83000183105469,28.399999618530273,152.47000122070312,143.49000549316406,53.08000183105469,189.9633331298828,103.1500015258789,520.3099975585938,43.5099983215332,132.1999969482422,49.18000030517578,42.4900016784668,37.34000015258789,135.02000427246094,101.91000366210938,155.4600067138672,140.6999969482422,285.67999267578125,755.8200073242188,113.19999694824219,33.66999816894531,53.47999954223633,51.2599983215332,118.62999725341797,152.38999938964844,46.45000076293945,123.01000213623047,383.489990234375,48.15999984741211,156.52999877929688,168.22999572753906,575.9000244140625,154.17999267578125,108.05999755859375,93.66000366210938,87.48999786376953,49.382999420166016,28.790000915527344,153.49000549316406,144.39999389648438,53.43000030517578,191.10000610351562,103.58999633789062,523.010009765625,43.81999969482422,134.25,49.86000061035156,42.86000061035156,37.4900016784668,135.44000244140625,102.94000244140625,153.08999633789062,138.30999755859375,280.0,749.1099853515625,111.35299682617188,33.20000076293945,50.86000061035156,50.689998626708984,117.29000091552734,150.75,45.720001220703125,121.4000015258789,379.4100036621094,47.20000076293945,155.02000427246094,167.22999572753906,567.4199829101562,150.77999877929688,106.83999633789062,92.2300033569336,85.62000274658203,48.46699905395508,28.18000030517578,151.55999755859375,142.75,52.72999954223633,188.61000061035156,102.70999908447266,518.02001953125,43.209999084472656,132.08999633789062,49.09000015258789,42.42499923706055,37.20000076293945,134.47999572753906,101.81999969482422,153.2899932861328,140.47999572753906,280.0,752.8400268554688,112.7979965209961,33.209999084472656,50.86000061035156,50.72999954223633,118.0,151.74000549316406,46.20000076293945,122.20999908447266,382.0,47.25,155.25,167.5,573.02001953125,153.85000610351562,107.1500015258789,92.9000015258789,86.1500015258789,49.19499969482422,28.440000534057617,151.7899932861328,143.25,52.9900016784668,190.25999450683594,102.93000030517578,519.8800048828125,43.349998474121094,133.10000610351562,49.65999984741211,42.66999816894531,37.369998931884766,134.67999267578125,102.30999755859375,3373400,35396600,1814200,597300,19089000,37265900,19998100,14440600,4299400,6396100,6324000,1741900,1538200,30095700,3798900,6576300,2226100,2121400,6028700,5800800,22531800,252507000,35162300,1202100,4659200,5115600,2363400,5566400,1759500,6898900,2279000,10450400,25037800,30331400,5355100,12927800
2023-12-26,141.8009033203125,143.41000366210938,263.0630187988281,746.826416015625,110.45281219482422,32.09086990356445,45.639156341552734,47.68577194213867,110.2230224609375,137.033935546875,43.62644958496094,114.74856567382812,363.22125244140625,49.83259963989258,146.07659912109375,159.5138702392578,560.8687133789062,144.52716064453125,100.23187255859375,86.19628143310547,86.25470733642578,49.2488899230957,24.156831741333008,140.85667419433594,138.63368225097656,50.45657730102539,190.64212036132812,101.33717346191406,495.8525085449219,39.483951568603516,124.1217269897461,46.83393478393555,39.87809753417969,36.21738052368164,130.3663330078125,94.00521087646484,154.6199951171875,143.41000366210938,283.8999938964844,762.6799926757812,113.18900299072266,33.86000061035156,51.45000076293945,51.34000015258789,119.0199966430664,152.41000366210938,46.65999984741211,124.30000305175781,381.6099853515625,50.5,156.13999938964844,168.38999938964844,570.6699829101562,152.0800018310547,107.62999725341797,92.83999633789062,87.05999755859375,49.27899932861328,28.40999984741211,154.10000610351562,145.4600067138672,53.68000030517578,193.32000732421875,104.44999694824219,520.030029296875,44.06999969482422,133.19000244140625,49.63999938964844,42.85499954223633,37.4900016784668,135.32000732421875,102.13999938964844,155.27999877929688,143.85000610351562,284.7200012207031,765.7999877929688,113.55000305175781,33.959999084472656,52.77000045776367,51.529998779296875,119.43000030517578,153.00999450683594,46.939998626708984,124.80999755859375,382.6099853515625,50.52000045776367,156.35000610351562,168.77000427246094,572.77001953125,153.13999938964844,108.08999633789062,93.0199966430664,87.87000274658203,49.599998474121094,28.530000686645508,154.5800018310547,146.0500030517578,54.369998931884766,194.086669921875,104.95999908447266,521.47998046875,44.22999954223633,134.32000732421875,49.66999816894531,43.084999084472656,37.560001373291016,135.67999267578125,103.02999877929688,154.1300048828125,139.9199981689453,281.6700134277344,750.0,112.302001953125,33.369998931884766,51.04999923706055,50.790000915527344,118.37999725341797,151.89999389648438,46.189998626708984,122.91999816894531,380.04998779296875,48.709999084472656,154.85000610351562,167.17999267578125,567.6400146484375,150.6699981689453,107.22000122070312,92.37000274658203,86.43000030517578,48.959999084472656,28.25,151.9499969482422,143.9600067138672,53.56999969482422,190.8333282470703,103.56999969482422,517.969970703125,43.41999816894531,132.38999938964844,49.029998779296875,42.720001220703125,37.310001373291016,134.74000549316406,102.12000274658203,154.25,140.07000732421875,284.1199951171875,750.0999755859375,112.42400360107422,33.45000076293945,52.40999984741211,50.880001068115234,118.69999694824219,152.07000732421875,46.2599983215332,123.33999633789062,380.6499938964844,48.91999816894531,155.0,167.4600067138672,569.5,151.82000732421875,107.5,92.61000061035156,86.69999694824219,48.96799850463867,28.43000030517578,152.33999633789062,144.1699981689453,53.86000061035156,190.8333282470703,103.61000061035156,519.8800048828125,43.619998931884766,132.9499969482422,49.15999984741211,42.849998474121094,37.369998931884766,134.91000366210938,102.73999786376953,2073400,47157400,1330400,509000,16793000,24845400,12237700,11501500,2893600,5165600,8224800,1852100,837300,60287400,4170000,4683600,1678700,1525400,4727700,2726200,11203900,244200000,30119100,1066700,4381200,5632300,1906500,6407500,1390800,5343600,1807100,8856600,25983400,17837600,3688600,16835100
2023-12-27,142.03936767578125,146.07000732421875,265.4999694824219,748.1483154296875,109.8946304321289,32.0719108581543,45.42626190185547,47.79723358154297,109.7322006225586,136.58438110351562,43.383358001708984,114.72086334228516,365.95294189453125,50.08916091918945,146.2730712890625,160.4705810546875,571.5225219726562,142.43643188476562,100.5578384399414,86.95761108398438,85.85841369628906,49.38681411743164,24.32689094543457,141.67935180664062,138.88145446777344,49.84560775756836,191.13189697265625,101.53121185302734,498.4841003417969,39.36746597290039,122.84500885009766,46.541465759277344,39.70130157470703,36.33331298828125,130.91546630859375,93.5634536743164,154.8800048828125,146.07000732421875,286.5299987792969,764.030029296875,112.61699676513672,33.84000015258789,51.209999084472656,51.459999084472656,118.48999786376953,151.91000366210938,46.400001525878906,124.2699966430664,384.4800109863281,50.7599983215332,156.35000610351562,169.39999389648438,581.510009765625,149.8800048828125,107.9800033569336,93.66000366210938,86.66000366210938,49.41699981689453,28.610000610351562,155.0,145.72000122070312,53.029998779296875,193.81666564941406,104.6500015258789,522.7899780273438,43.939998626708984,131.82000732421875,49.33000183105469,42.665000915527344,37.61000061035156,135.88999938964844,101.66000366210938,154.97000122070312,146.25,287.2900085449219,764.47998046875,113.95700073242188,33.95000076293945,51.5,51.58000183105469,119.63999938964844,152.97000122070312,46.77000045776367,125.2699966430664,385.75,51.279998779296875,156.52000427246094,169.47000122070312,583.6799926757812,151.9199981689453,108.06999969482422,93.69000244140625,87.48999786376953,49.68000030517578,28.729999542236328,155.0500030517578,146.22000122070312,53.97999954223633,194.53334045410156,105.37000274658203,523.1599731445312,44.220001220703125,133.25,49.56999969482422,43.0,37.61000061035156,135.97999572753906,102.55000305175781,153.72000122070312,143.17999267578125,283.3500061035156,758.3499755859375,112.2959976196289,33.65999984741211,50.7400016784668,50.93000030517578,118.08000183105469,151.33999633789062,46.2400016784668,123.47000122070312,380.30999755859375,50.189998626708984,155.4199981689453,167.5800018310547,570.5,149.5500030517578,107.01000213623047,92.4000015258789,86.22000122070312,49.084999084472656,28.309999465942383,152.6199951171875,145.0399932861328,52.880001068115234,192.74667358398438,104.08000183105469,519.3599853515625,43.720001220703125,131.4499969482422,49.150001525878906,42.5099983215332,37.349998474121094,135.13999938964844,101.33999633789062,154.0500030517578,144.72000122070312,284.5,760.8200073242188,113.5999984741211,33.79999923706055,51.40999984741211,51.13999938964844,118.51000213623047,152.27000427246094,46.54999923706055,124.0,381.20001220703125,50.630001068115234,155.5,167.83999633789062,570.5,151.47999572753906,107.30999755859375,92.69000244140625,87.4800033569336,49.51100158691406,28.469999313354492,153.5,145.85000610351562,53.47999954223633,194.20333862304688,105.05000305175781,519.75,43.95000076293945,132.75999450683594,49.40999984741211,42.85499954223633,37.40999984741211,135.1699981689453,102.04000091552734,3747400,49033400,1866800,486900,20055000,24498600,13219000,9901300,3441400,5337200,7982600,2568300,1367200,52148000,5288100,6428600,2163400,1712700,5387000,4073200,9186300,233648000,35000700,1245400,4470300,7132900,1877400,5889700,1851800,5083500,1358000,12536700,20238200,32640800,5444100,14558800
2023-12-28,141.92010498046875,148.75999450683594,267.288330078125,742.0967407226562,109.52771759033203,32.10982131958008,45.43513107299805,47.85296630859375,107.88928985595703,134.66026306152344,42.78496170043945,112.00678253173828,367.7899475097656,49.724056243896484,146.48826599121094,161.3231658935547,570.873779296875,139.5854034423828,101.29352569580078,86.93903350830078,85.20451354980469,49.49174118041992,24.479944229125977,142.25521850585938,139.01487731933594,49.103050231933594,190.77359008789062,101.57972717285156,500.49603271484375,39.53055953979492,121.2327880859375,46.682979583740234,39.09645080566406,36.4395751953125,131.2526397705078,92.21051788330078,154.75,148.75999450683594,288.4599914550781,757.8499755859375,112.24099731445312,33.880001068115234,51.220001220703125,51.52000045776367,116.5,149.77000427246094,45.7599983215332,121.33000183105469,386.4100036621094,50.38999938964844,156.5800018310547,170.3000030517578,580.8499755859375,146.8800048828125,108.7699966430664,93.63999938964844,86.0,49.52199935913086,28.790000915527344,155.6300048828125,145.86000061035156,52.2400016784668,193.45333862304688,104.69999694824219,524.9000244140625,43.630001068115234,130.08999633789062,49.47999954223633,42.01499938964844,37.720001220703125,136.24000549316406,100.19000244140625,155.6300048828125,150.41000366210938,289.0400085449219,763.0900268554688,113.2239990234375,33.970001220703125,51.45000076293945,51.79999923706055,118.19999694824219,152.02000427246094,46.349998474121094,124.05999755859375,387.760009765625,50.869998931884766,157.24000549316406,170.66000366210938,586.6900024414062,149.5,109.05999755859375,93.94999694824219,86.75,49.88399887084961,29.030000686645508,156.2100067138672,146.88999938964844,53.119998931884766,194.6366729736328,105.5199966430664,527.8699951171875,43.75,132.0,49.650001525878906,42.61000061035156,37.79999923706055,136.6999969482422,101.61000061035156,154.5399932861328,145.9499969482422,287.6300048828125,757.8099975585938,111.90499877929688,33.77000045776367,51.0,51.400001525878906,116.44000244140625,149.39999389648438,45.75,121.29000091552734,383.6300048828125,50.15999984741211,155.99000549316406,169.0,580.0,146.8699951171875,108.12999725341797,93.23999786376953,85.83999633789062,49.4119987487793,28.579999923706055,154.9499969482422,145.72999572753906,52.16999816894531,193.1999969482422,104.69999694824219,522.9400024414062,43.27000045776367,129.9600067138672,49.09000015258789,42.0,37.540000915527344,135.97999572753906,100.12999725341797,155.25,146.8000030517578,287.8800048828125,762.0700073242188,113.16899871826172,33.81999969482422,51.04999923706055,51.400001525878906,117.66000366210938,151.17999267578125,46.11000061035156,123.12000274658203,384.5199890136719,50.810001373291016,156.0,169.35000610351562,581.97998046875,149.00999450683594,108.30000305175781,93.30999755859375,86.75,49.643001556396484,28.610000610351562,155.44000244140625,146.17999267578125,52.7599983215332,194.26666259765625,105.0,523.469970703125,43.43000030517578,131.0,49.13999938964844,42.44499969482422,37.54999923706055,136.0,101.38999938964844,2601200,63800700,1228400,468000,21247000,21799600,10652900,10218500,3711400,8148000,7843000,2137200,1024700,27705200,4377500,6320100,1973500,2372400,5530400,4089500,9606200,246587000,30472900,1153300,4928800,6995300,1053000,5335100,2001000,5172000,1661200,9872600,26198000,25308000,5800200,16329300
2023-12-29,142.12188720703125,147.41000366210938,266.8805847167969,741.1861572265625,108.9266128540039,31.91079330444336,45.51496887207031,47.778656005859375,107.49105834960938,134.11178588867188,42.35486602783203,111.6559829711914,367.1807861328125,49.58590316772461,146.63795471191406,161.1337127685547,572.9082641601562,140.9918975830078,101.52633666992188,86.57695770263672,84.663818359375,49.49174118041992,24.479944229125977,141.542236328125,137.84262084960938,48.9150505065918,189.373291015625,100.90058898925781,501.9930419921875,39.21344757080078,121.14891815185547,46.43768310546875,39.00804901123047,36.32365417480469,131.38751220703125,92.01724243164062,154.97000122070312,147.41000366210938,288.0199890136719,756.9199829101562,111.625,33.66999816894531,51.310001373291016,51.439998626708984,116.06999969482422,149.16000366210938,45.29999923706055,120.94999694824219,385.7699890136719,50.25,156.74000549316406,170.10000610351562,582.9199829101562,148.36000061035156,109.0199966430664,93.25,85.33999633789062,49.52199935913086,28.790000915527344,154.85000610351562,144.6300048828125,52.040000915527344,192.03334045410156,104.0,526.469970703125,43.279998779296875,130.0,49.220001220703125,41.91999816894531,37.599998474121094,136.3800048828125,99.9800033569336,155.2100067138672,151.0500030517578,288.489990234375,760.3499755859375,112.43800354003906,33.9900016784668,51.4900016784668,51.61000061035156,117.55000305175781,150.22999572753906,45.97999954223633,122.08999633789062,386.6400146484375,50.56999969482422,156.89999389648438,170.69000244140625,586.1699829101562,149.72000122070312,109.23999786376953,93.7699966430664,86.13999938964844,49.99700164794922,28.8700008392334,156.11000061035156,145.6199951171875,52.400001525878906,193.8800048828125,104.97000122070312,528.239990234375,43.810001373291016,131.00999450683594,49.58000183105469,42.20000076293945,37.77000045776367,136.6199951171875,100.58999633789062,154.41000366210938,147.1999969482422,286.3900146484375,752.3300170898438,111.46700286865234,33.54999923706055,50.9900016784668,51.220001220703125,115.80999755859375,148.6699981689453,45.040000915527344,120.58999633789062,383.57000732421875,49.77000045776367,155.97999572753906,169.6300048828125,579.469970703125,147.60000610351562,108.79000091552734,93.05999755859375,85.02999877929688,48.750999450683594,28.540000915527344,154.52000427246094,143.7899932861328,51.77000045776367,191.0,103.66999816894531,523.9199829101562,43.22999954223633,129.32000732421875,49.209999084472656,41.79499816894531,37.4900016784668,135.82000732421875,99.62000274658203,154.5399932861328,149.5,287.8599853515625,758.030029296875,112.14600372314453,33.939998626708984,51.130001068115234,51.560001373291016,117.20999908447266,150.02999877929688,45.880001068115234,121.94000244140625,385.57000732421875,50.29999923706055,156.50999450683594,170.0,582.8499755859375,147.91000366210938,108.98999786376953,93.48999786376953,85.83999633789062,49.8129997253418,28.780000686645508,155.27000427246094,145.41000366210938,52.25,193.4933319091797,104.72000122070312,525.97998046875,43.52000045776367,130.75,49.349998474121094,42.15999984741211,37.709999084472656,136.24000549316406,100.37000274658203,3712000,62079200,1766600,517900,20558000,28060700,11305800,13149400,3643600,7658600,9450400,1756600,881300,29288700,4313700,6435100,2000100,2507000,5889200,4772100,8549200,389293000,30363100,1572600,4839300,8641800,1452300,4409600,2080100,6441000,1964000,11733600,24345400,30218300,5590000,17746400
2024-01-02,146.56976318359375,138.5800018310547,275.56292724609375,702.0176391601562,105.91423034667969,32.128780364990234,46.80119705200195,49.26477813720703,108.89872741699219,134.39950561523438,42.85976791381836,112.25604248046875,369.5888671875,47.16828536987305,149.65977478027344,163.00933837890625,582.0289306640625,144.7932586669922,105.4562759399414,87.18043518066406,81.68760681152344,48.13856887817383,25.279216766357422,143.05043029785156,133.64910888671875,48.85866165161133,182.55242919921875,98.50419616699219,514.2647094726562,39.78424835205078,121.76398468017578,46.541465759277344,39.42679214477539,36.47822189331055,133.6996612548828,94.20769500732422,159.82000732421875,138.5800018310547,297.3900146484375,716.9199829101562,108.53800201416016,33.900001525878906,52.7599983215332,53.040000915527344,117.58999633789062,149.47999572753906,45.84000015258789,121.5999984741211,388.29998779296875,47.79999923706055,159.97000122070312,172.0800018310547,592.2000122070312,152.36000061035156,113.23999786376953,93.9000015258789,82.33999633789062,48.167999267578125,29.729999542236328,156.5,140.22999572753906,51.97999954223633,185.11666870117188,101.52999877929688,539.3400268554688,43.90999984741211,130.66000366210938,49.33000183105469,42.369998931884766,37.7599983215332,138.77999877929688,102.36000061035156,160.13999938964844,144.39999389648438,300.6499938964844,730.77001953125,110.19999694824219,34.06999969482422,53.45000076293945,53.150001525878906,118.80000305175781,151.47999572753906,46.4900016784668,123.30000305175781,389.1400146484375,49.380001068115234,161.63999938964844,172.1699981689453,592.719970703125,152.41000366210938,113.31999969482422,94.1500015258789,84.08000183105469,49.29499816894531,30.280000686645508,157.41000366210938,142.1999969482422,52.849998474121094,188.78334045410156,102.62000274658203,539.6599731445312,44.02000045776367,131.9199981689453,49.7599983215332,42.7599983215332,37.779998779296875,139.0500030517578,103.0999984741211,154.77000427246094,137.42999267578125,287.2799987792969,714.1400146484375,107.70899963378906,33.27000045776367,51.400001525878906,51.189998626708984,116.8499984741211,149.24000549316406,45.54999923706055,121.26000213623047,382.19000244140625,47.45000076293945,156.7899932861328,168.91000366210938,579.0499877929688,149.02999877929688,109.16000366210938,92.2699966430664,81.75,47.595001220703125,28.829999923706055,153.1300048828125,138.77999877929688,51.83000183105469,183.5433349609375,100.58999633789062,526.6699829101562,42.88999938964844,130.0500030517578,48.81999969482422,42.154998779296875,37.43000030517578,135.97000122070312,100.8499984741211,154.89999389648438,144.27999877929688,287.2799987792969,730.0,109.21199798583984,33.38999938964844,51.45000076293945,51.29999923706055,117.16999816894531,149.99000549316406,45.619998931884766,121.80999755859375,383.0,49.20000076293945,156.92999267578125,169.08999633789062,580.4099731445312,149.02999877929688,109.16000366210938,92.66000366210938,84.0,49.24399948120117,28.8799991607666,153.97999572753906,142.19000244140625,52.439998626708984,188.78334045410156,102.25,526.8400268554688,43.119998931884766,130.63999938964844,49.04999923706055,42.21500015258789,37.5,136.0399932861328,100.91999816894531,8059900,64902000,3374900,1368700,28831000,36668600,17757500,24784900,4688400,8879700,7489500,3023000,2263100,45905700,9622100,9977400,3226700,3187400,11920100,6132200,13597100,411254000,57948700,2473200,8495800,12105200,3256800,9020900,3415700,9050500,2638200,14916000,39301800,31351900,11785900,23483000
2024-01-03,147.15672302246094,135.32000732421875,278.6206970214844,688.749267578125,103.29901885986328,31.77811050415039,46.39315414428711,49.82207107543945,111.06576538085938,136.96202087402344,43.76669692993164,115.37631225585938,363.3926086425781,46.428192138671875,150.59530639648438,162.2988739013672,607.0909423828125,150.0486297607422,106.88111114501953,85.33284759521484,81.60824584960938,47.53993606567383,25.279216766357422,138.6263885498047,131.14254760742188,49.488426208496094,178.63084411621094,97.18472290039062,516.8297119140625,38.733253479003906,124.63428497314453,45.9282112121582,40.0688591003418,36.169090270996094,133.4781036376953,94.99919891357422,160.4600067138672,135.32000732421875,300.69000244140625,703.3699951171875,105.85800170898438,33.529998779296875,52.29999923706055,53.63999938964844,119.93000030517578,152.3300018310547,46.810001373291016,124.9800033569336,381.7900085449219,47.04999923706055,160.97000122070312,171.3300018310547,617.7000122070312,157.88999938964844,114.7699966430664,91.91000366210938,82.26000213623047,47.569000244140625,29.729999542236328,151.66000366210938,137.60000610351562,52.650001525878906,181.13999938964844,100.16999816894531,542.030029296875,42.75,133.74000549316406,48.68000030517578,43.060001373291016,37.439998626708984,138.5500030517578,103.22000122070312,161.75,137.42999267578125,303.25,706.6400146484375,107.5,33.77000045776367,52.900001525878906,54.369998931884766,120.18000030517578,153.19000244140625,46.84000015258789,125.44000244140625,385.3999938964844,47.810001373291016,161.44000244140625,172.0399932861328,619.8400268554688,159.99000549316406,115.9000015258789,93.19999694824219,82.58999633789062,48.183998107910156,30.040000915527344,155.4499969482422,138.88999938964844,53.0,182.8733367919922,101.25,546.7899780273438,43.40999984741211,135.1199951171875,49.09000015258789,43.21500015258789,37.650001525878906,139.52999877929688,103.62000274658203,159.83999633789062,133.74000549316406,297.04998779296875,699.5999755859375,105.53099822998047,33.2400016784668,51.470001220703125,52.22999954223633,117.41000366210938,148.67999267578125,45.52000045776367,121.2300033569336,376.760009765625,46.79999923706055,159.8000030517578,170.3699951171875,598.7999877929688,152.3800048828125,114.16000366210938,91.2699966430664,80.58000183105469,47.31999969482422,29.40999984741211,151.39999389648438,136.99000549316406,51.65999984741211,180.42333984375,99.66000366210938,539.47998046875,42.61000061035156,130.52000427246094,48.31999969482422,42.220001220703125,37.380001068115234,138.3800048828125,101.66000366210938,160.58999633789062,135.7100067138672,300.04998779296875,700.5999755859375,107.0199966430664,33.650001525878906,52.70000076293945,53.25,117.94999694824219,149.38999938964844,45.689998626708984,121.62999725341797,383.8800048828125,47.099998474121094,160.63999938964844,171.86000061035156,600.0,152.5,114.2699966430664,93.19999694824219,81.19999694824219,47.48500061035156,30.0,154.8000030517578,138.88999938964844,51.869998931884766,181.8433380126953,100.33999633789062,543.0399780273438,43.380001068115234,130.58999633789062,49.09000015258789,42.435001373291016,37.59000015258789,139.24000549316406,102.2699966430664,5301400,61988600,2771500,952000,34735000,45988700,15662600,30897600,4881900,10255300,7374600,2794000,2265300,35858400,8232000,9852300,5130300,4674200,10721900,7487900,12915600,320896000,43426500,2098600,8133300,6572400,4069800,6650600,2891400,7133200,3078000,21653600,37936000,46909000,9585000,23490800
2024-01-04,148.0738067626953,136.00999450683594,280.9186706542969,685.7332153320312,102.36515808105469,32.034000396728516,46.69825744628906,49.94282150268555,107.87076568603516,135.46046447753906,42.663414001464844,111.72059631347656,364.4967346191406,46.25057601928711,150.27723693847656,163.3759002685547,603.9459838867188,145.7816162109375,108.9671401977539,85.55565643310547,82.0546646118164,47.96868133544922,24.735031127929688,139.42161560058594,129.77964782714844,48.5860710144043,177.1285858154297,96.17572784423828,520.0619506835938,39.150020599365234,121.43782043457031,46.49428939819336,39.366302490234375,36.313995361328125,134.14283752441406,94.17086791992188,161.4600067138672,136.00999450683594,303.1700134277344,700.2899780273438,104.9010009765625,33.79999923706055,52.040000915527344,53.77000045776367,116.4800033569336,150.66000366210938,45.630001068115234,121.0199966430664,382.95001220703125,46.869998931884766,160.6300048828125,171.41000366210938,614.5,153.39999389648438,117.01000213623047,92.1500015258789,82.70999908447266,47.99800109863281,29.09000015258789,152.52999877929688,136.1699981689453,51.689998626708984,179.61666870117188,99.12999725341797,545.4199829101562,43.209999084472656,130.30999755859375,49.279998779296875,42.30500030517578,37.59000015258789,139.24000549316406,102.31999969482422,162.2899932861328,137.6999969482422,305.0899963378906,709.510009765625,106.94999694824219,34.310001373291016,52.189998626708984,54.75,121.23999786376953,154.35000610351562,47.349998474121094,126.06999969482422,387.0899963378906,47.15999984741211,161.97999572753906,173.35000610351562,636.4099731445312,162.30999755859375,117.6500015258789,93.13999938964844,84.26000213623047,48.5,29.950000762939453,154.1199951171875,137.3300018310547,53.349998474121094,181.44332885742188,100.44000244140625,549.0,43.599998474121094,135.72000122070312,49.86000061035156,43.55500030517578,37.88999938964844,140.0,104.56999969482422,159.42999267578125,134.0,298.5899963378906,697.510009765625,104.73699951171875,33.540000915527344,51.459999084472656,53.65999984741211,116.2699966430664,150.58999633789062,45.560001373291016,120.83999633789062,381.95001220703125,45.2400016784668,160.4199981689453,170.5399932861328,613.27001953125,153.33999633789062,115.86000061035156,91.66000366210938,82.61000061035156,47.507999420166016,29.030000686645508,151.82000732421875,134.94000244140625,51.63999938964844,177.8800048828125,99.12000274658203,543.0,42.810001373291016,130.22999572753906,48.77000045776367,42.279998779296875,37.52000045776367,138.74000549316406,102.05000305175781,160.30999755859375,134.3000030517578,301.5,698.0,105.7959976196289,33.56999969482422,51.90999984741211,53.91999816894531,120.61000061035156,153.66000366210938,47.040000915527344,125.55999755859375,383.54998779296875,45.720001220703125,161.58999633789062,170.63999938964844,625.260009765625,159.8300018310547,115.91999816894531,92.1500015258789,83.47000122070312,47.766998291015625,29.790000915527344,151.88999938964844,135.44000244140625,53.0099983215332,178.27999877929688,99.52999877929688,545.0,42.939998626708984,134.57000732421875,48.81999969482422,43.369998931884766,37.56999969482422,138.97999572753906,104.08000183105469,8332200,58610300,3357900,752100,25658000,39834600,16930500,23714300,5891500,8220300,8311400,2847500,1618300,47797800,6766600,11972500,6272500,4495800,11492200,8735600,19134200,306535000,45558200,2785800,6770300,8268800,3737100,7996700,2994400,7192600,2586500,15917500,42049000,36904200,11649200,19395200
2024-01-05,148.6974334716797,138.5800018310547,280.7611999511719,688.7199096679688,102.39151000976562,32.63108444213867,46.86874771118164,50.46296310424805,107.91706848144531,135.22671508789062,42.95326232910156,111.1297836303711,367.8184509277344,46.27030944824219,150.74497985839844,164.19561767578125,607.9263916015625,144.92630004882812,109.16270446777344,86.56766510009766,82.788818359375,49.06700897216797,25.058143615722656,142.80360412597656,130.3133544921875,48.74586486816406,178.1114501953125,96.64142608642578,512.395751953125,39.69364929199219,120.21700286865234,47.09811019897461,39.39887619018555,36.46855926513672,134.02720642089844,94.45618438720703,162.13999938964844,138.5800018310547,303.0,703.3400268554688,104.9280014038086,34.43000030517578,52.22999954223633,54.33000183105469,116.52999877929688,150.39999389648438,45.939998626708984,120.37999725341797,386.44000244140625,46.88999938964844,161.1300048828125,172.27000427246094,618.5499877929688,152.5,117.22000122070312,93.23999786376953,83.44999694824219,49.09700012207031,29.469999313354492,156.22999572753906,136.72999572753906,51.86000061035156,180.6133270263672,99.61000061035156,537.3800048828125,43.810001373291016,129.0,49.91999816894531,42.34000015258789,37.75,139.1199951171875,102.62999725341797,163.02999877929688,141.00999450683594,303.5299987792969,709.7899780273438,105.5459976196289,34.689998626708984,52.56999969482422,54.66999816894531,117.7699966430664,152.02999877929688,46.08000183105469,122.05999755859375,389.4700012207031,47.83000183105469,161.33999633789062,173.3800048828125,619.9400024414062,155.97999572753906,117.44999694824219,93.93000030517578,83.52999877929688,49.547000885009766,29.489999771118164,157.13999938964844,138.07000732421875,52.630001068115234,182.1999969482422,100.63999938964844,547.0,44.33000183105469,131.35000610351562,50.470001220703125,42.72999954223633,37.95000076293945,139.6999969482422,103.4000015258789,160.61000061035156,136.44000244140625,299.760009765625,699.5999755859375,104.1510009765625,33.709999084472656,51.650001525878906,53.88999938964844,116.0,149.8300018310547,45.52000045776367,119.52999877929688,381.0799865722656,46.63999938964844,159.47000122070312,171.47000122070312,610.1900024414062,151.55999755859375,116.63999938964844,92.05999755859375,81.01000213623047,48.305999755859375,28.75,152.3000030517578,135.85000610351562,51.70000076293945,179.3866729736328,98.80000305175781,533.72998046875,42.939998626708984,128.07000732421875,49.290000915527344,42.14500045776367,37.56999969482422,138.52999877929688,102.12999725341797,161.3300018310547,136.77999877929688,302.20001220703125,700.760009765625,105.16000366210938,33.79999923706055,51.90999984741211,54.029998779296875,117.5,151.97999572753906,45.97999954223633,121.8499984741211,381.9200134277344,47.029998779296875,160.5,171.47000122070312,614.0,154.75,117.0999984741211,92.20999908447266,81.4800033569336,48.46200180053711,29.020000457763672,153.1699981689453,136.16000366210938,51.93000030517578,179.95333862304688,99.0,547.0,42.95000076293945,130.50999450683594,49.400001525878906,42.709999084472656,37.59000015258789,138.9199981689453,103.16999816894531,5607600,69657700,1874400,579200,22475000,49242400,12272200,17782200,3984600,7455400,7073500,2157100,2913900,34344000,5602500,10066000,2404000,3373700,6861500,6027800,15483700,415039000,33612800,2116200,6827300,9827700,3888900,7347300,2815400,7616800,2958000,15074800,34029200,44852300,9437700,15827400
2024-01-08,148.04627990722656,146.17999267578125,288.06280517578125,705.8560180664062,104.8866958618164,32.37519454956055,46.473915100097656,50.16572952270508,106.037109375,134.41749572753906,42.569915771484375,108.72032165527344,370.12188720703125,47.809696197509766,151.11923217773438,163.9573516845703,615.278076171875,148.4995574951172,109.31170654296875,86.81834411621094,84.27691650390625,52.22107696533203,25.151676177978516,143.98280334472656,132.50540161132812,47.29833984375,183.91331481933594,99.19302368164062,511.57586669921875,39.82955551147461,120.46862030029297,47.09811019897461,38.94291687011719,36.700416564941406,135.2122039794922,92.88237762451172,161.42999267578125,146.17999267578125,310.8800048828125,720.8400268554688,107.48500061035156,34.15999984741211,51.790000915527344,54.0099983215332,114.5,149.5,45.529998779296875,117.7699966430664,388.8599853515625,48.45000076293945,161.52999877929688,172.02000427246094,626.030029296875,156.25999450683594,117.37999725341797,93.51000213623047,84.94999694824219,52.25299835205078,29.579999923706055,157.52000427246094,139.02999877929688,50.31999969482422,186.49667358398438,102.23999786376953,536.52001953125,43.959999084472656,129.27000427246094,49.91999816894531,41.849998474121094,37.9900016784668,140.35000610351562,100.91999816894531,162.77000427246094,147.14999389648438,311.04998779296875,720.8400268554688,107.80000305175781,34.29999923706055,51.900001525878906,54.09000015258789,115.05000305175781,149.6999969482422,45.529998779296875,118.16999816894531,389.0799865722656,48.7599983215332,161.66000366210938,172.36000061035156,626.0599975585938,156.33999633789062,117.88999938964844,93.83000183105469,85.51000213623047,52.275001525878906,29.68000030517578,157.69000244140625,139.14999389648438,50.779998779296875,186.98333740234375,102.79000091552734,540.25,44.04999923706055,129.41000366210938,49.9900016784668,41.900001525878906,38.0099983215332,140.3800048828125,101.04000091552734,159.77999877929688,140.14999389648438,300.3500061035156,711.9099731445312,105.19999694824219,33.63999938964844,51.290000915527344,53.02000045776367,112.4800033569336,146.5800018310547,44.33000183105469,116.05999755859375,382.0299987792969,46.970001220703125,159.61000061035156,169.49000549316406,609.5900268554688,148.4600067138672,116.18000030517578,92.27999877929688,83.83000183105469,49.479000091552734,29.170000076293945,154.5800018310547,136.63999938964844,49.400001525878906,181.80667114257812,100.5,528.0,43.189998626708984,124.55999755859375,49.150001525878906,41.04999923706055,37.560001373291016,138.58999633789062,98.9000015258789,162.17999267578125,140.36000061035156,301.4700012207031,712.6500244140625,105.6500015258789,34.29999923706055,51.88999938964844,53.9900016784668,114.95999908447266,148.4199981689453,45.150001525878906,118.16999816894531,385.9700012207031,47.06999969482422,161.10000610351562,172.02000427246094,622.4299926757812,150.0,117.58999633789062,93.20999908447266,83.88999938964844,49.512001037597656,29.360000610351562,156.0,136.99000549316406,50.59000015258789,181.85667419433594,100.62999725341797,539.4000244140625,43.61000061035156,126.51000213623047,49.380001068115234,41.619998931884766,37.7599983215332,139.16000366210938,100.7300033569336,6001600,71756900,3467700,835300,33110000,40253900,18745900,17359500,6769600,10038200,8222300,4244600,1902600,42135100,6569800,11229900,2453900,3108000,8193100,6738400,16219800,642510000,32972100,1522900,7729400,16693600,3202200,12455600,2648900,6459200,2756500,15119700,47218600,39098300,7999400,23370100
2024-01-09,148.8533477783203,149.25999450683594,284.7085266113281,701.0676879882812,105.63220977783203,31.872886657714844,46.01626205444336,49.6734619140625,104.42571258544922,131.00086975097656,41.85933303833008,107.15096282958984,365.24859619140625,47.41497802734375,151.2127685546875,162.6610565185547,614.7373046875,146.6464080810547,110.2895278930664,85.47209167480469,82.66976165771484,53.10753631591797,24.998620986938477,141.23143005371094,133.32508850097656,45.64402389526367,183.97573852539062,98.85346221923828,513.3399047851562,39.37653732299805,118.51158905029297,46.503719329833984,38.3194580078125,36.46855926513672,135.1929168701172,91.73192596435547,162.30999755859375,149.25999450683594,307.260009765625,715.9500122070312,108.2490005493164,33.630001068115234,51.279998779296875,53.47999954223633,112.76000213623047,145.6999969482422,44.77000045776367,116.06999969482422,383.739990234375,48.04999923706055,161.6300048828125,170.66000366210938,625.47998046875,154.30999755859375,118.43000030517578,92.05999755859375,83.33000183105469,53.13999938964844,29.399999618530273,154.50999450683594,139.88999938964844,48.560001373291016,186.55999755859375,101.88999938964844,538.3699951171875,43.459999084472656,127.16999816894531,49.290000915527344,41.18000030517578,37.75,140.3300018310547,99.66999816894531,163.47000122070312,149.86000061035156,309.9700012207031,719.0700073242188,108.8550033569336,33.84000015258789,52.099998474121094,53.90999984741211,114.5,149.9499969482422,45.650001525878906,118.37000274658203,385.95001220703125,48.560001373291016,163.27999877929688,171.7899932861328,634.4199829101562,156.1300048828125,119.94000244140625,92.83999633789062,84.19000244140625,54.32500076293945,29.860000610351562,156.22000122070312,140.9499969482422,50.119998931884766,187.9933319091797,101.97000122070312,539.6099853515625,43.869998931884766,128.8699951171875,49.459999084472656,41.95000076293945,37.79999923706055,141.55999755859375,101.29000091552734,160.83999633789062,145.0800018310547,305.94000244140625,710.6699829101562,106.47100067138672,33.5099983215332,51.22999954223633,53.27000045776367,112.25,145.58999633789062,44.54999923706055,114.79000091552734,381.7699890136719,47.79999923706055,160.60000610351562,170.10000610351562,623.719970703125,153.88999938964844,117.20999908447266,91.66000366210938,82.9000015258789,51.689998626708984,29.31999969482422,154.00999450683594,137.13999938964844,48.5,184.11666870117188,100.20999908447266,532.3300170898438,43.189998626708984,126.68000030517578,49.04999923706055,41.09000015258789,37.630001068115234,139.8699951171875,99.19000244140625,161.42999267578125,145.9499969482422,308.0199890136719,710.6699829101562,106.56199645996094,33.81999969482422,52.04999923706055,53.849998474121094,114.5,149.9499969482422,45.59000015258789,118.0999984741211,384.6000061035156,48.0099983215332,161.6300048828125,171.6199951171875,630.1099853515625,155.97999572753906,117.51000213623047,92.75,83.12999725341797,52.4010009765625,29.600000381469727,156.22000122070312,137.5399932861328,50.119998931884766,184.39332580566406,101.05000305175781,538.0,43.369998931884766,128.8000030517578,49.439998626708984,41.904998779296875,37.790000915527344,140.1999969482422,101.29000091552734,4454000,67875700,2603700,587000,23225000,39268800,13385100,17237400,5935600,11784700,7532800,3043300,1708800,30097000,6357000,9923600,2918900,2767900,8822300,7594100,12138700,773100000,39856900,1678400,5856900,18420800,2944200,7764000,2677000,5132900,2273300,13625200,33750400,36338100,9201300,19496600
2024-01-10,151.2194366455078,148.5399932861328,282.2159423828125,702.8695068359375,105.44486236572266,31.844457626342773,45.45991134643555,49.24619674682617,102.96248626708984,129.9219512939453,41.08328628540039,106.15396118164062,363.5543518066406,46.842647552490234,151.43731689453125,163.0041961669922,619.366455078125,145.24940490722656,110.68997955322266,84.93360900878906,81.727294921875,54.31679916381836,24.650001525878906,141.8438720703125,132.7722930908203,45.54063034057617,183.35775756835938,97.79595184326172,512.6437377929688,39.32217025756836,116.27500915527344,46.30559539794922,37.94259262084961,36.52652359008789,135.80950927734375,90.82998657226562,164.88999938964844,148.5399932861328,304.57000732421875,717.7899780273438,108.05699920654297,33.599998474121094,50.65999984741211,53.02000045776367,111.18000030517578,144.5,43.939998626708984,114.98999786376953,381.9599914550781,47.470001220703125,161.8699951171875,171.02000427246094,630.1900024414062,152.83999633789062,118.86000061035156,91.4800033569336,82.37999725341797,54.349998474121094,28.989999771118164,155.17999267578125,139.30999755859375,48.45000076293945,185.93333435058594,100.80000305175781,537.6400146484375,43.400001525878906,124.7699966430664,49.08000183105469,40.775001525878906,37.810001373291016,140.97000122070312,98.69000244140625,165.0800018310547,150.8800048828125,307.6400146484375,720.0,108.2959976196289,33.630001068115234,51.25,53.220001220703125,112.7300033569336,146.02000427246094,44.81999969482422,116.08000183105469,383.04998779296875,48.29999923706055,162.6199951171875,171.0800018310547,637.0499877929688,155.89999389648438,119.16999816894531,91.97000122070312,83.0199966430664,54.599998474121094,29.389999389648438,155.4199981689453,140.02999877929688,48.91999816894531,187.02333068847656,102.77999877929688,541.2000122070312,43.439998626708984,127.6500015258789,49.119998931884766,41.275001525878906,37.84000015258789,141.13999938964844,99.80000305175781,161.8800048828125,146.64999389648438,304.2699890136719,708.0399780273438,106.26000213623047,33.2400016784668,50.41999816894531,52.61000061035156,110.83000183105469,144.11000061035156,43.84000015258789,114.16999816894531,378.5299987792969,46.939998626708984,161.1999969482422,168.9499969482422,625.760009765625,151.94000244140625,117.73999786376953,91.29000091552734,81.66000366210938,53.48899841308594,28.8799991607666,153.2100067138672,137.7899932861328,47.880001068115234,183.5833282470703,99.9800033569336,536.1500244140625,42.900001525878906,124.12000274658203,48.61000061035156,40.61000061035156,37.56999969482422,139.8800048828125,98.16000366210938,162.27000427246094,150.07000732421875,307.1600036621094,716.469970703125,108.03500366210938,33.5,51.20000076293945,53.04999923706055,112.7300033569336,146.02000427246094,44.77000045776367,116.05000305175781,381.3500061035156,48.2400016784668,161.82000732421875,170.0,628.489990234375,154.7100067138672,118.19000244140625,91.52999877929688,82.95999908447266,53.61600112915039,29.360000610351562,154.5,139.88999938964844,48.5099983215332,186.98333740234375,102.5199966430664,538.0999755859375,43.310001373291016,127.25,49.0,41.2599983215332,37.689998626708984,140.41000366210938,99.80000305175781,6609900,56951200,2210900,506400,17643000,34904000,18095300,16532700,4445200,8490400,10531300,3128700,1547300,31480200,4945100,9670200,2679100,2327400,7129100,6929200,10748600,533796000,37413300,1515700,5652500,17704900,2821800,6975700,2180000,7885900,2714400,11849800,33159800,37095500,9773300,18206100
2024-01-11,150.2014617919922,148.02000427246094,280.8538513183594,703.5940551757812,107.33895111083984,31.417964935302734,45.06507873535156,48.373104095458984,102.79578399658203,130.62326049804688,40.75605010986328,106.14472961425781,361.4508972167969,47.01039505004883,150.76370239257812,162.31793212890625,624.8014526367188,147.6727752685547,110.2895278930664,84.03302764892578,82.72929382324219,54.78850173950195,24.148326873779297,139.4307403564453,132.50540161132812,45.86961364746094,184.034912109375,98.20343780517578,514.5889282226562,38.796669006347656,119.28507995605469,46.267860412597656,38.0402946472168,36.39128112792969,135.71315002441406,90.81158447265625,163.77999877929688,148.02000427246094,303.1000061035156,718.530029296875,109.99800109863281,33.150001525878906,50.220001220703125,52.08000183105469,111.0,145.27999877929688,43.59000015258789,114.9800033569336,379.75,47.63999938964844,161.14999389648438,170.3000030517578,635.719970703125,155.38999938964844,118.43000030517578,90.51000213623047,83.38999938964844,54.821998596191406,28.399999618530273,152.5399932861328,139.02999877929688,48.79999923706055,186.6199951171875,101.22000122070312,539.6799926757812,42.81999969482422,128.0,49.040000915527344,40.880001068115234,37.66999816894531,140.8699951171875,98.66999816894531,165.1199951171875,150.3800048828125,304.6099853515625,724.1900024414062,110.12999725341797,33.5,50.7400016784668,52.13999938964844,112.23999786376953,146.1699981689453,44.25,115.94000244140625,380.9800109863281,47.84000015258789,162.1999969482422,170.36000061035156,639.760009765625,156.0,118.9000015258789,90.94999694824219,83.44999694824219,55.34600067138672,28.920000076293945,154.5399932861328,139.9499969482422,48.849998474121094,187.8333282470703,102.16000366210938,540.1599731445312,43.29999923706055,128.08999633789062,49.08000183105469,41.099998474121094,37.810001373291016,141.02999877929688,99.5,163.08999633789062,143.69000244140625,300.0,708.6300048828125,107.45099639892578,32.779998779296875,50.0099983215332,51.2599983215332,110.94000244140625,144.6199951171875,43.43000030517578,114.47000122070312,374.67999267578125,46.72999954223633,160.77999877929688,168.63999938964844,628.1400146484375,153.4199981689453,117.08000183105469,89.54000091552734,81.81999969482422,53.560001373291016,28.270000457763672,149.8800048828125,136.02999877929688,48.33000183105469,182.97332763671875,99.98999786376953,534.530029296875,42.04999923706055,125.48999786376953,48.34000015258789,40.71500015258789,37.369998931884766,140.0,98.55999755859375,164.25,148.52000427246094,303.42999267578125,720.489990234375,108.43199920654297,33.36000061035156,50.650001525878906,51.84000015258789,111.61000061035156,145.55999755859375,44.08000183105469,115.30000305175781,380.8900146484375,47.439998626708984,162.07000732421875,170.3300018310547,634.3900146484375,153.4199981689453,118.80000305175781,90.94999694824219,82.80000305175781,54.999000549316406,28.829999923706055,154.52999877929688,139.0,48.77000045776367,186.19667053222656,101.69999694824219,536.1300048828125,43.29999923706055,125.68000030517578,48.88999938964844,40.994998931884766,37.7599983215332,140.7899932861328,99.04000091552734,4591500,62764600,2137100,603900,25757000,48790600,16567900,25444400,4212600,8612500,10739000,2134000,2209900,31707900,4946000,11919500,2690300,2534100,5754400,9400700,10579300,596759000,46884700,2239800,7374900,8783200,3692100,7862700,2814100,10017300,2388100,21049200,38588600,49043500,7182300,15833400
2024-01-12,150.35885620117188,146.55999755859375,284.01348876953125,698.3943481445312,108.09032440185547,31.086252212524414,45.145835876464844,48.87466812133789,103.44406127929688,132.4124755859375,39.98935317993164,107.13251495361328,359.5472717285156,46.49726486206055,151.9237823486328,161.1265411376953,631.8777465820312,149.6399688720703,110.47579193115234,83.2809829711914,81.73721313476562,54.676578521728516,24.40341567993164,137.51922607421875,133.62049865722656,46.95055389404297,183.22299194335938,98.22283172607422,497.26361083984375,38.18962097167969,122.54679870605469,44.72056579589844,38.46833801269531,36.32365417480469,135.37596130371094,91.9896240234375,162.39999389648438,146.55999755859375,306.510009765625,713.219970703125,110.76799774169922,32.79999923706055,50.310001373291016,52.619998931884766,111.69999694824219,147.27000427246094,42.77000045776367,116.05000305175781,377.75,47.119998931884766,162.38999938964844,169.0500030517578,642.9199829101562,157.4600067138672,118.62999725341797,89.69999694824219,82.38999938964844,54.709999084472656,28.700000762939453,148.9199981689453,140.1999969482422,49.95000076293945,185.79666137695312,101.23999786376953,521.510009765625,42.150001525878906,131.5,47.400001525878906,41.34000015258789,37.599998474121094,140.52000427246094,99.94999694824219,163.3000030517578,148.75,306.95001220703125,715.5499877929688,111.56900024414062,33.189998626708984,50.709999084472656,53.849998474121094,113.37000274658203,148.5,44.529998779296875,117.77999877929688,385.8500061035156,47.66999816894531,162.47000122070312,176.30999755859375,644.0,158.91000366210938,118.66999816894531,91.9000015258789,83.05000305175781,54.970001220703125,28.940000534057617,152.86000061035156,142.66000366210938,49.959999084472656,187.77667236328125,102.37999725341797,528.47998046875,43.11000061035156,131.6999969482422,48.779998779296875,41.67499923706055,37.9900016784668,141.16000366210938,100.6500015258789,162.17999267578125,145.0,303.3999938964844,709.6199951171875,110.0009994506836,31.959999084472656,50.06999969482422,51.27000045776367,111.05000305175781,146.1699981689453,42.66999816894531,115.31999969482422,376.5799865722656,46.61000061035156,161.69000244140625,168.89999389648438,633.010009765625,156.5,117.6500015258789,89.43000030517578,81.70999908447266,54.33000183105469,28.440000534057617,147.9600067138672,139.16000366210938,49.29999923706055,184.89666748046875,100.87000274658203,513.1300048828125,41.70000076293945,129.67999267578125,47.0,41.09000015258789,37.45000076293945,140.0500030517578,99.16999816894531,162.75,148.0399932861328,305.239990234375,712.6099853515625,111.20999908447266,32.25,50.38999938964844,52.29999923706055,113.0,147.8300018310547,44.439998626708984,117.13999938964844,383.3399963378906,47.599998474121094,161.83999633789062,173.8000030517578,638.2000122070312,157.64999389648438,118.06999969482422,91.27999877929688,82.75,54.619998931884766,28.459999084472656,151.7899932861328,142.1199951171875,49.709999084472656,186.8699951171875,100.88999938964844,518.8599853515625,42.869998931884766,130.0,47.95000076293945,41.5099983215332,37.849998474121094,140.47999572753906,100.13999938964844,4971400,48293100,1567900,580500,26882000,74344300,11461700,37908000,5549800,9386900,12749700,3010800,2223800,27587900,4496900,19436500,2067800,2473600,6823300,8303100,10187500,352994000,30373500,3013400,6546600,12732800,2277000,6519700,6327300,9494000,3276300,30454100,38769200,41333900,8026400,18041700
2024-01-16,149.50704956054688,158.74000549316406,281.2059326171875,691.8141479492188,108.80073547363281,30.441776275634766,44.867652893066406,48.17804718017578,100.6102294921875,129.19366455078125,38.970218658447266,104.34114074707031,362.1171569824219,46.43806838989258,150.17434692382812,160.11619567871094,623.6712036132812,146.46583557128906,110.34539794921875,79.81791687011719,83.93962097167969,56.34755325317383,24.080307006835938,137.61158752441406,134.49732971191406,45.399635314941406,185.8198699951172,98.64002227783203,495.0134582519531,37.491973876953125,120.49658203125,44.173343658447266,37.55176544189453,36.07247543334961,134.56671142578125,89.90962219238281,161.47999572753906,158.74000549316406,303.4800109863281,706.5,111.49600219726562,32.119998931884766,50.0,51.869998931884766,108.63999938964844,143.69000244140625,41.68000030517578,112.13999938964844,380.45001220703125,47.060001373291016,160.52000427246094,167.99000549316406,634.5700073242188,154.1199951171875,118.48999786376953,85.97000122070312,84.61000061035156,56.38199996948242,28.31999969482422,149.02000427246094,141.1199951171875,48.29999923706055,188.42999267578125,101.66999816894531,519.1500244140625,41.380001068115234,129.3000030517578,46.81999969482422,40.35499954223633,37.34000015258789,139.67999267578125,97.69000244140625,162.3000030517578,159.72000122070312,308.0,711.2999877929688,112.6240005493164,32.5099983215332,50.59000015258789,52.220001220703125,111.73999786376953,146.5800018310547,42.75,115.16999816894531,385.010009765625,47.220001220703125,162.25,168.08999633789062,647.72998046875,160.00999450683594,119.33999633789062,88.16000366210938,85.22000122070312,56.834999084472656,28.719999313354492,149.8800048828125,141.22999572753906,50.13999938964844,189.70333862304688,102.3499984741211,524.5,41.779998779296875,135.74000549316406,47.060001373291016,41.30500030517578,37.40999984741211,140.36000061035156,100.01000213623047,161.02000427246094,149.97999572753906,301.17999267578125,702.5,109.86299896240234,31.81999969482422,49.81999969482422,50.869998931884766,108.33999633789062,143.5800018310547,41.52000045776367,111.83000183105469,374.32000732421875,46.380001068115234,160.17999267578125,164.3000030517578,633.6699829101562,154.0,117.94000244140625,84.80000305175781,82.33000183105469,54.900001525878906,28.219999313354492,143.8300018310547,137.97999572753906,48.22999954223633,185.07000732421875,100.19999694824219,516.5499877929688,40.959999084472656,129.02000427246094,46.220001220703125,40.33000183105469,37.130001068115234,139.4600067138672,97.52999877929688,161.97999572753906,150.36000061035156,306.510009765625,707.989990234375,111.23400115966797,32.40999984741211,50.29999923706055,51.779998779296875,111.5,146.50999450683594,42.529998779296875,115.16999816894531,378.3599853515625,46.97999954223633,161.57000732421875,164.8699951171875,643.9099731445312,158.41000366210938,118.48999786376953,86.73999786376953,82.54000091552734,55.018001556396484,28.600000381469727,147.72000122070312,140.0,49.86000061035156,186.02667236328125,100.52999877929688,523.7100219726562,41.66999816894531,132.50999450683594,46.77000045776367,41.25,37.279998779296875,140.1699981689453,99.81999969482422,4747700,112711400,1996300,913100,26145000,58420800,13824700,21209400,6677500,9380400,13084600,3420200,3926600,43720700,6923200,17206400,2413600,3268000,6832300,20369000,13713500,449580000,38826000,4159000,7483000,14966000,4151400,11185500,3736700,14399000,3519400,25209900,36031200,44042100,7426900,20235700
2024-01-17,150.0255584716797,160.1699981689453,281.76190185546875,697.4642944335938,107.69902801513672,30.138500213623047,44.84971237182617,47.70435333251953,99.61930847167969,128.68116760253906,38.418575286865234,102.93614959716797,359.00469970703125,45.45127868652344,150.0901336669922,159.2583770751953,618.1084594726562,144.45111083984375,110.01014709472656,78.36954498291016,82.62014770507812,56.018760681152344,23.935754776000977,137.42689514160156,132.7818145751953,45.01426315307617,184.1171112060547,99.88187408447266,500.5341796875,36.984588623046875,117.71015930175781,44.03182601928711,37.24003219604492,36.00484848022461,134.2969512939453,89.25617980957031,162.0399932861328,160.1699981689453,304.0799865722656,712.27001953125,110.36699676513672,31.799999237060547,49.97999954223633,51.36000061035156,107.56999969482422,143.1199951171875,41.09000015258789,110.62999725341797,377.17999267578125,46.060001373291016,160.42999267578125,167.08999633789062,628.9099731445312,152.0,118.12999725341797,84.41000366210938,83.27999877929688,56.053001403808594,28.149999618530273,148.82000732421875,139.32000732421875,47.88999938964844,186.70333862304688,102.94999694824219,524.9400024414062,40.81999969482422,126.30999755859375,46.66999816894531,40.02000045776367,37.27000045776367,139.39999389648438,96.9800033569336,162.9499969482422,160.63999938964844,304.6300048828125,713.1699829101562,111.31099700927734,31.989999771118164,50.06999969482422,51.689998626708984,108.54000091552734,144.02000427246094,41.4900016784668,111.76000213623047,380.20001220703125,46.41999816894531,161.3000030517578,169.07000732421875,640.52001953125,154.75999450683594,119.4000015258789,85.13999938964844,83.97000122070312,56.47100067138672,28.530000686645508,152.32000732421875,139.6300048828125,48.599998474121094,186.92333984375,103.33000183105469,530.6599731445312,41.7400016784668,128.88999938964844,47.060001373291016,40.41999816894531,37.41999816894531,140.08999633789062,97.95999908447266,161.52000427246094,154.39999389648438,301.1000061035156,696.0800170898438,109.02100372314453,31.270000457763672,48.95000076293945,51.0,106.58000183105469,142.0399932861328,40.810001373291016,109.88999938964844,374.1300048828125,45.650001525878906,159.8699951171875,166.49000549316406,625.1900024414062,151.42999267578125,117.61000061035156,83.9000015258789,82.62999725341797,54.7400016784668,27.93000030517578,146.44000244140625,137.35000610351562,47.16999816894531,183.5366668701172,100.0,520.0,40.15999984741211,125.77999877929688,46.209999084472656,39.849998474121094,37.0,139.00999450683594,96.58000183105469,161.75,158.4499969482422,302.4599914550781,705.9500122070312,110.62899780273438,31.719999313354492,49.54999923706055,51.11000061035156,106.91999816894531,142.4199981689453,41.290000915527344,110.5,375.20001220703125,46.41999816894531,160.25,167.33999633789062,639.4500122070312,152.44000244140625,119.18000030517578,84.8499984741211,83.69000244140625,56.34700012207031,28.15999984741211,147.25999450683594,139.6199951171875,47.41999816894531,186.5066680908203,100.87000274658203,521.280029296875,41.349998474121094,127.36000061035156,46.2400016784668,39.939998626708984,37.02000045776367,139.4499969482422,96.5999984741211,4423100,104085000,2210400,835100,18314000,48811300,16425400,17393500,4864100,8167000,11802700,3282300,2415100,33488000,5072100,11107500,2124100,2691000,5591400,17198500,10245400,474394000,33312600,2878500,6584700,12992700,4971000,17649500,3791300,14567000,2764600,17445600,39284200,38715900,8337200,18384000
2024-01-18,151.19212341308594,162.6699981689453,282.141845703125,729.0536499023438,111.62574768066406,30.072158813476562,44.94841766357422,47.47215270996094,99.026611328125,127.5123291015625,38.40923309326172,102.43370819091797,358.74774169921875,46.122291564941406,150.81985473632812,159.5729217529297,612.6439208984375,144.2610626220703,110.39197540283203,77.89603424072266,84.14796447753906,57.072113037109375,23.88473892211914,135.09056091308594,138.4716339111328,45.64402389526367,190.19505310058594,109.66148376464844,492.3340759277344,36.377540588378906,117.38397216796875,43.8148193359375,37.17954635620117,36.06282043457031,134.27769470214844,89.09052276611328,163.3000030517578,162.6699981689453,304.489990234375,744.530029296875,114.39099884033203,31.729999542236328,50.09000015258789,51.11000061035156,106.93000030517578,141.82000732421875,41.08000183105469,110.08999633789062,376.9100036621094,46.7400016784668,161.2100067138672,167.4199981689453,623.3499755859375,151.8000030517578,118.54000091552734,83.9000015258789,84.81999969482422,57.106998443603516,28.09000015258789,146.2899932861328,145.2899932861328,48.560001373291016,192.86666870117188,113.02999877929688,516.3400268554688,40.150001525878906,125.95999908447266,46.439998626708984,39.95500183105469,37.33000183105469,139.3800048828125,96.80000305175781,163.66000366210938,168.60000610351562,305.6499938964844,748.27001953125,114.65499877929688,31.770000457763672,50.16999816894531,51.58000183105469,107.33999633789062,143.19000244140625,41.209999084472656,110.80000305175781,381.6400146484375,47.56999969482422,161.3699951171875,167.52999877929688,623.8800048828125,152.35000610351562,118.62000274658203,84.9800033569336,85.81999969482422,57.599998474121094,28.1299991607666,149.38999938964844,145.64999389648438,48.810001373291016,193.1199951171875,113.38999938964844,516.8400268554688,41.0,126.44999694824219,46.619998931884766,40.064998626708984,37.369998931884766,139.50999450683594,97.08999633789062,161.0,158.22000122070312,299.54998779296875,724.6799926757812,112.18800354003906,31.399999618530273,48.630001068115234,50.5099983215332,105.7699966430664,139.6199951171875,40.5099983215332,109.12999725341797,374.55999755859375,46.16999816894531,159.69000244140625,165.24000549316406,612.7000122070312,148.88999938964844,116.62000274658203,83.27999877929688,84.04000091552734,56.106998443603516,27.600000381469727,145.05999755859375,142.3300018310547,47.709999084472656,189.80999755859375,109.4800033569336,497.4599914550781,39.04999923706055,124.0199966430664,46.119998931884766,39.4900016784668,36.95000076293945,137.52000427246094,95.81999969482422,161.16000366210938,166.1999969482422,302.25,724.6799926757812,112.48999786376953,31.75,49.619998931884766,51.45000076293945,107.33999633789062,143.0,40.97999954223633,110.4800033569336,380.3299865722656,47.029998779296875,160.0,167.1199951171875,621.280029296875,151.5500030517578,117.6500015258789,84.83000183105469,85.22000122070312,57.2599983215332,28.040000915527344,148.9499969482422,143.14999389648438,47.900001525878906,191.8866729736328,111.19999694824219,505.2300109863281,40.88999938964844,125.87999725341797,46.54999923706055,40.029998779296875,37.220001220703125,138.1999969482422,97.0,5074300,131864900,2357000,2230400,32228000,35484400,18463800,15788100,6150900,11187800,10038500,3378700,1771200,46681300,5368500,9382300,3385000,2722100,10524700,15016400,15077700,491650000,50321100,2708300,12893000,13695800,3552000,58783700,7367000,15244000,2565600,17901300,35705600,42064900,8929300,20940300
2024-01-19,152.55313110351562,174.22999572753906,285.2181396484375,742.0772094726562,118.19209289550781,30.53655242919922,44.96636199951172,47.85296630859375,99.89714050292969,127.88994598388672,38.30638122558594,102.50814819335938,363.7828369140625,47.51365661621094,151.25953674316406,162.32745361328125,617.7841186523438,145.3824462890625,110.7179183959961,79.23299407958984,86.81666564941406,59.45465850830078,24.04629135131836,139.24606323242188,144.82861328125,46.659175872802734,197.6339111328125,110.7966079711914,480.1482238769531,38.06277847290039,119.43421173095703,45.39986038208008,37.30051803588867,36.6424446105957,134.35475158691406,89.22856903076172,164.77000427246094,174.22999572753906,307.80999755859375,757.8300170898438,121.12000274658203,32.220001220703125,50.11000061035156,51.52000045776367,107.87000274658203,142.24000549316406,40.970001220703125,110.16999816894531,382.20001220703125,48.150001525878906,161.67999267578125,170.30999755859375,628.5800170898438,152.97999572753906,118.88999938964844,85.33999633789062,87.51000213623047,59.49100112915039,28.280000686645508,150.7899932861328,151.9600067138672,49.63999938964844,200.41000366210938,114.19999694824219,503.55999755859375,42.0099983215332,128.16000366210938,48.119998931884766,40.084999084472656,37.93000030517578,139.4600067138672,96.94999694824219,164.8699951171875,174.25,309.0899963378906,759.469970703125,121.69999694824219,32.22999954223633,50.209999084472656,51.68000030517578,107.91999816894531,142.25,41.11000061035156,110.18000030517578,383.29998779296875,48.7599983215332,161.9199981689453,170.57000732421875,629.5900268554688,153.0800018310547,119.0199966430664,85.58999633789062,87.79000091552734,59.5,28.3799991607666,150.94000244140625,152.77000427246094,50.349998474121094,200.6699981689453,115.1500015258789,517.5499877929688,42.04999923706055,128.1699981689453,48.18000030517578,40.09000015258789,37.97999954223633,139.82000732421875,97.0199966430664,162.60000610351562,162.1999969482422,301.1099853515625,744.780029296875,115.5999984741211,31.56999969482422,49.43000030517578,50.619998931884766,105.91999816894531,141.00999450683594,40.619998931884766,108.94000244140625,372.07000732421875,46.439998626708984,160.27999877929688,167.0800018310547,620.0,151.72999572753906,117.72000122070312,83.19999694824219,85.62000274658203,57.224998474121094,27.93000030517578,146.2899932861328,146.74000549316406,49.0,194.30332946777344,111.0199966430664,501.82000732421875,39.97999954223633,125.98999786376953,46.380001068115234,39.79499816894531,37.349998474121094,138.69000244140625,96.41000366210938,163.91000366210938,165.8000030517578,304.7300109863281,748.5,115.73100280761719,31.799999237060547,50.11000061035156,51.119998931884766,106.05000305175781,141.72999572753906,41.04999923706055,110.0,376.7300109863281,47.0,161.14999389648438,167.5500030517578,622.3900146484375,152.32000732421875,118.20999908447266,83.91000366210938,86.05999755859375,57.98899841308594,28.030000686645508,147.0,147.25999450683594,49.540000915527344,195.29666137695312,113.22000122070312,515.0,40.290000915527344,126.62999725341797,46.630001068115234,39.935001373291016,37.470001220703125,139.4600067138672,96.72000122070312,5863000,140367900,2566500,1796100,53077000,49493600,23285800,18211000,5702200,11192500,9173500,2838400,2603300,55979800,7071300,13115700,3125000,2492700,7605600,14787400,18156800,543501000,35549300,2222600,16193900,20328400,5326800,37812600,6143400,14397700,2964700,25606900,39940200,59417700,8842000,20088400
2024-01-22,153.12718200683594,168.17999267578125,287.3956604003906,750.7432861328125,119.09960174560547,30.849315643310547,44.48179626464844,49.07900619506836,100.0730972290039,128.11473083496094,38.502723693847656,102.94544219970703,367.36163330078125,47.582733154296875,151.99862670898438,162.1368408203125,620.0446166992188,146.7699432373047,111.22079467773438,79.5950927734375,88.5329360961914,59.617557525634766,24.071800231933594,137.99017333984375,145.69593811035156,47.636722564697266,198.28147888183594,109.66148376464844,489.13970947265625,37.85438537597656,120.3288345336914,45.786685943603516,37.440093994140625,36.81633377075195,134.9424591064453,89.10891723632812,165.38999938964844,168.17999267578125,310.1600036621094,766.6799926757812,122.05000305175781,32.54999923706055,49.56999969482422,52.84000015258789,108.05999755859375,142.49000549316406,41.18000030517578,110.63999938964844,385.9599914550781,48.220001220703125,162.47000122070312,170.11000061035156,630.8800048828125,154.44000244140625,119.43000030517578,85.7300033569336,89.23999786376953,59.65399932861328,28.309999465942383,149.42999267578125,152.8699951171875,50.68000030517578,201.06666564941406,113.02999877929688,512.989990234375,41.779998779296875,129.1199951171875,48.529998779296875,40.23500061035156,38.11000061035156,140.07000732421875,96.81999969482422,165.4499969482422,174.72000122070312,312.1600036621094,776.530029296875,123.13300323486328,32.9900016784668,50.31999969482422,53.099998474121094,108.38999938964844,142.66000366210938,41.619998931884766,110.94000244140625,392.7300109863281,49.16999816894531,163.5800018310547,171.97999572753906,632.6400146484375,154.52000427246094,119.97000122070312,86.7699966430664,89.94999694824219,60.33100128173828,28.6200008392334,152.6300048828125,154.57000732421875,51.36000061035156,203.69332885742188,115.0999984741211,513.5700073242188,42.349998474121094,129.6300048828125,48.93000030517578,40.32500076293945,38.29999923706055,140.44000244140625,97.0999984741211,163.75999450683594,164.14999389648438,306.6000061035156,765.530029296875,120.8219985961914,32.31999969482422,49.5,51.95000076293945,107.0,140.9199981689453,40.560001373291016,109.04000091552734,384.55999755859375,47.63999938964844,161.33999633789062,169.7100067138672,625.0,151.61000061035156,118.86000061035156,85.44000244140625,88.01000213623047,59.06999969482422,27.93000030517578,149.32000732421875,151.8699951171875,49.369998931884766,199.22332763671875,112.5199966430664,496.5,41.349998474121094,126.5199966430664,48.15999984741211,39.7400016784668,38.02000045776367,139.22999572753906,95.7699966430664,164.44000244140625,174.38999938964844,308.70001220703125,766.4000244140625,121.625,32.36000061035156,50.2599983215332,51.9900016784668,107.5,141.91000366210938,40.79999923706055,109.5999984741211,386.3599853515625,48.849998474121094,162.0,170.4600067138672,630.0,153.17999267578125,119.04000091552734,85.45999908447266,88.2699966430664,60.04899978637695,28.31999969482422,151.08999633789062,152.75,49.560001373291016,202.07000732421875,114.77999877929688,503.94000244140625,42.099998474121094,127.72000122070312,48.22999954223633,40.0,38.09000015258789,139.5800018310547,96.69999694824219,4864000,122973800,2599900,1418600,31222000,43903400,13818600,21573200,5740200,9184600,9522600,2482900,2922700,45639500,6824200,12837500,2030200,2661300,8786200,11626500,14371200,452955000,41663900,2767600,10456100,18491300,5288400,17755500,5922900,10374300,2903000,19372200,30136800,51828800,7831400,19955900
2024-01-23,155.08070373535156,168.4199981689453,287.16400146484375,762.2097778320312,119.66654968261719,31.05782127380371,44.975337982177734,49.506263732910156,100.00827026367188,127.75507354736328,38.614925384521484,102.6942367553711,362.42169189453125,48.24387741088867,149.51007080078125,161.06936645507812,618.8651733398438,146.32330322265625,111.60261535644531,80.53280639648438,86.83648681640625,59.836421966552734,24.173837661743164,138.43344116210938,146.2963409423828,47.392333984375,199.59632873535156,110.72869110107422,491.5521240234375,38.02654266357422,120.31951904296875,46.34333038330078,37.519195556640625,36.87430191040039,134.84608459472656,90.11210632324219,167.5,168.4199981689453,309.9100036621094,778.3900146484375,122.63099670410156,32.77000045776367,50.119998931884766,53.29999923706055,107.98999786376953,142.08999633789062,41.29999923706055,110.37000274658203,380.7699890136719,48.88999938964844,159.80999755859375,168.99000549316406,629.6799926757812,153.97000122070312,119.83999633789062,86.73999786376953,87.52999877929688,59.87300109863281,28.43000030517578,149.91000366210938,153.5,50.41999816894531,202.39999389648438,114.12999725341797,515.52001953125,41.970001220703125,129.11000061035156,49.119998931884766,40.31999969482422,38.16999816894531,139.97000122070312,97.91000366210938,167.52999877929688,169.6300048828125,311.29998779296875,778.6699829101562,122.697998046875,32.81999969482422,50.41999816894531,53.40999984741211,109.41999816894531,143.3300018310547,41.84000015258789,111.91000366210938,383.3599853515625,48.939998626708984,160.50999450683594,169.75,630.0,154.91000366210938,119.98999786376953,86.8499984741211,89.18000030517578,59.90999984741211,28.649999618530273,150.77000427246094,153.74000549316406,51.52000045776367,202.63999938964844,114.62000274658203,518.0800170898438,42.13999938964844,130.1999969482422,49.220001220703125,40.64500045776367,38.20000076293945,140.05999755859375,98.5,164.05999755859375,164.27000427246094,309.1000061035156,762.5399780273438,120.35199737548828,32.38999938964844,49.4900016784668,52.59000015258789,107.6500015258789,141.89999389648438,41.060001373291016,110.06999969482422,378.6300048828125,47.31999969482422,156.91000366210938,168.44000244140625,614.8200073242188,152.4600067138672,117.2699966430664,85.19000244140625,86.87999725341797,58.584999084472656,28.149999618530273,148.1699981689453,151.41000366210938,50.27000045776367,199.22999572753906,113.16000366210938,512.0800170898438,41.310001373291016,127.63999938964844,48.400001525878906,40.11000061035156,38.0099983215332,138.97000122070312,96.7300033569336,164.4499969482422,166.5,309.5299987792969,766.0499877929688,122.0999984741211,32.540000915527344,49.68000030517578,52.90999984741211,107.81999969482422,141.99000549316406,41.220001220703125,110.5199966430664,379.9800109863281,48.119998931884766,159.66000366210938,169.6699981689453,627.6900024414062,153.75999450683594,118.13999938964844,85.66999816894531,89.0,59.56999969482422,28.440000534057617,149.82000732421875,152.8699951171875,50.459999084472656,201.13999938964844,113.5199966430664,512.5,41.970001220703125,128.8000030517578,48.650001525878906,40.16999816894531,38.09000015258789,139.88999938964844,96.80999755859375,5784700,76830500,1775400,1800700,16952000,30003400,12555700,12962500,3969500,6767200,5843100,2367700,3313300,37224100,9149800,8360800,2525000,2601500,6501400,8555700,16850900,294654000,33466700,1843900,6232300,11432900,3282000,11667900,2672900,7420200,2883200,16422100,24709200,46255500,6407400,15863400
2024-01-24,152.0438995361328,178.2899932861328,283.07769775390625,829.6970825195312,122.3559341430664,31.25684928894043,45.0830192565918,49.469112396240234,101.56410217285156,130.299560546875,38.91411590576172,104.29462432861328,361.1177673339844,48.44123458862305,148.71487426757812,162.50857543945312,622.8162231445312,147.39720153808594,110.7085952758789,81.30342102050781,87.38211822509766,61.32450866699219,24.08880615234375,138.72894287109375,147.1255340576172,48.5672721862793,202.50216674804688,113.04744720458984,489.3685607910156,38.488616943359375,121.2886962890625,46.69242477416992,38.05425262451172,37.01921081542969,133.6129608154297,91.66751098632812,164.22000122070312,178.2899932861328,305.5,847.3099975585938,125.38700103759766,32.97999954223633,50.2400016784668,53.2599983215332,109.66999816894531,144.9199981689453,41.619998931884766,112.08999633789062,379.3999938964844,49.09000015258789,158.9600067138672,170.5,633.7000122070312,155.10000610351562,118.87999725341797,87.56999969482422,88.08000183105469,61.36199951171875,28.329999923706055,150.22999572753906,154.3699951171875,51.66999816894531,205.34666442871094,116.5199966430664,513.22998046875,42.47999954223633,130.14999389648438,49.4900016784668,40.89500045776367,38.31999969482422,138.69000244140625,99.5999984741211,167.9499969482422,180.5800018310547,312.45001220703125,864.5900268554688,128.4550018310547,33.34000015258789,50.619998931884766,53.650001525878906,110.0199966430664,144.97999572753906,41.880001068115234,112.66999816894531,384.6099853515625,49.77000045776367,160.60000610351562,171.00999450683594,643.1699829101562,155.5399932861328,119.94999694824219,88.30000305175781,88.56999969482422,62.8489990234375,28.780000686645508,151.55999755859375,156.32000732421875,51.7599983215332,208.07666015625,118.8499984741211,521.72998046875,42.97999954223633,130.88999938964844,50.09000015258789,40.915000915527344,38.529998779296875,140.67999267578125,99.6500015258789,164.05999755859375,170.55999755859375,305.239990234375,826.5,123.10099792480469,32.90999984741211,50.06999969482422,52.9900016784668,108.41999816894531,142.22000122070312,41.27000045776367,110.5,379.17999267578125,48.27000045776367,158.16000366210938,168.86000061035156,632.0,154.0,118.44000244140625,87.19999694824219,86.61000061035156,59.9379997253418,28.329999923706055,150.02999877929688,153.89999389648438,50.56999969482422,203.13333129882812,114.61000061035156,512.9500122070312,42.2400016784668,129.27000427246094,49.25,40.34000015258789,38.290000915527344,138.6699981689453,97.73999786376953,167.77000427246094,172.5500030517578,309.9200134277344,826.8599853515625,124.2300033569336,33.029998779296875,50.20000076293945,53.540000915527344,108.91999816894531,142.6999969482422,41.70000076293945,111.0999984741211,381.80999755859375,49.16999816894531,159.75,169.36000061035156,633.52001953125,154.97000122070312,119.69999694824219,87.31999969482422,88.41000366210938,60.30400085449219,28.540000915527344,150.89999389648438,154.7899932861328,50.79999923706055,204.73666381835938,115.33000183105469,517.9000244140625,42.380001068115234,130.47999572753906,49.369998931884766,40.529998779296875,38.33000183105469,140.33999633789062,98.31999969482422,5422200,125516400,1954200,7754300,34805000,36403900,11838300,14402200,5332000,8100000,8160700,3527900,2235800,49375800,7247900,9967100,2276900,1851000,5859900,12480900,19752800,560271000,42720700,1368700,8331900,10498000,6283800,21859200,2918800,11196400,3140800,17776000,33841000,43975500,9104900,17330600
2024-01-25,152.88645935058594,180.3300018310547,287.4883117675781,851.0145874023438,120.0266342163086,31.645427703857422,44.51768493652344,49.90565872192383,103.76819610595703,133.58132934570312,39.727561950683594,106.86266326904297,364.2587585449219,48.89515686035156,149.27618408203125,164.834228515625,616.8406372070312,149.45941162109375,111.87267303466797,81.72120666503906,88.49324798583984,61.579368591308594,23.709049224853516,139.6708526611328,147.2208251953125,49.319236755371094,201.94007873535156,113.08626556396484,470.4605712890625,38.7876091003418,125.30525970458984,47.06037902832031,38.910343170166016,37.2027587890625,133.41064453125,93.99600219726562,165.1300048828125,180.3300018310547,310.260009765625,869.0800170898438,123.0,33.38999938964844,49.61000061035156,53.72999954223633,112.05000305175781,148.57000732421875,42.4900016784668,114.8499984741211,382.70001220703125,49.54999923706055,159.55999755859375,172.94000244140625,627.6199951171875,157.27000427246094,120.12999725341797,88.0199966430664,89.19999694824219,61.617000579833984,27.469999313354492,151.25,154.47000122070312,52.470001220703125,204.77667236328125,116.55999755859375,493.3999938964844,42.810001373291016,134.4600067138672,49.880001068115234,41.814998626708984,38.5099983215332,138.47999572753906,102.12999725341797,165.2100067138672,184.9199981689453,310.32000732421875,883.280029296875,128.10000610351562,33.45000076293945,50.34000015258789,53.77000045776367,112.08000183105469,148.69000244140625,42.5,114.86000061035156,386.7099914550781,50.29999923706055,159.6199951171875,172.99000549316406,632.6099853515625,157.97000122070312,120.18000030517578,88.41999816894531,90.04000091552734,62.71900177001953,27.920000076293945,152.0,157.97999572753906,52.4900016784668,209.26333618164062,118.83999633789062,495.510009765625,43.060001373291016,135.91000366210938,49.939998626708984,41.83000183105469,38.54999923706055,138.50999450683594,102.18000030517578,163.1999969482422,177.6300048828125,305.70001220703125,862.989990234375,122.87999725341797,32.83000183105469,49.439998626708984,53.040000915527344,109.26000213623047,145.22999572753906,41.470001220703125,112.0,382.010009765625,48.970001220703125,158.47000122070312,170.91000366210938,624.6799926757812,154.89999389648438,118.66000366210938,87.33000183105469,88.5,60.849998474121094,27.450000762939453,149.25,153.6699981689453,51.33000183105469,203.7433319091797,116.4800033569336,479.0,42.209999084472656,131.60000610351562,49.5,40.939998626708984,38.27000045776367,137.2100067138672,99.62000274658203,164.0,183.41000366210938,308.7200012207031,869.0,128.10000610351562,33.209999084472656,50.2599983215332,53.400001525878906,109.80000305175781,146.22000122070312,41.79999923706055,112.48999786376953,382.69000244140625,50.0,159.0,172.30999755859375,627.3699951171875,156.5,118.66000366210938,88.13999938964844,89.1500015258789,62.349998474121094,27.81999969482422,152.0,157.60000610351562,52.09000015258789,209.1266632080078,118.0199966430664,487.5899963378906,42.97999954223633,133.47999572753906,49.68000030517578,41.185001373291016,38.470001220703125,138.1999969482422,100.30999755859375,4465800,127171400,2005400,3449500,36356000,46204000,17639600,15634000,5958700,9773600,8101500,2962500,2376300,84845100,5478900,8873500,2407900,2912500,6689800,8792400,15892400,482777000,47605500,1368800,7740900,11845300,3916800,15485300,14671000,8173600,5293300,17979600,37609400,50693800,10050200,22089500
2024-01-26,152.21058654785156,177.25,288.8874816894531,849.7122192382812,117.57535552978516,31.683338165283203,44.598445892333984,49.84993362426758,103.93489074707031,134.09384155273438,39.84910583496094,107.50469207763672,359.5853576660156,43.07312774658203,149.22006225585938,164.20513916015625,628.2709350585938,152.54800415039062,112.5152587890625,81.45196533203125,87.35237884521484,60.993709564208984,23.709049224853516,139.9940643310547,143.64683532714844,49.742210388183594,196.49656677246094,113.76541900634766,479.804931640625,38.63357925415039,128.52037048339844,47.47549819946289,39.19881057739258,37.3380126953125,134.17172241210938,94.79671478271484,164.39999389648438,177.25,311.7699890136719,867.75,120.48799896240234,33.43000030517578,49.70000076293945,53.66999816894531,112.2300033569336,149.13999938964844,42.619998931884766,115.54000091552734,377.7900085449219,43.650001525878906,159.5,172.27999877929688,639.25,160.52000427246094,120.81999969482422,87.7300033569336,88.05000305175781,61.03099822998047,27.469999313354492,151.60000610351562,150.72000122070312,52.91999816894531,199.2566680908203,117.26000213623047,503.20001220703125,42.63999938964844,137.91000366210938,50.31999969482422,42.125,38.650001525878906,139.27000427246094,103.0,165.86000061035156,181.22999572753906,312.0199890136719,873.2000122070312,122.12100219726562,33.66999816894531,50.20000076293945,53.9900016784668,112.44999694824219,149.25999450683594,42.77000045776367,115.58000183105469,380.8999938964844,45.40999984741211,160.74000549316406,173.05999755859375,639.5999755859375,160.8300018310547,121.0199966430664,88.5,88.5,61.78300094604492,27.90999984741211,152.27999877929688,152.97999572753906,53.2400016784668,201.9499969482422,118.04000091552734,503.69000244140625,43.0099983215332,137.97999572753906,50.5,42.13999938964844,38.720001220703125,139.55999755859375,103.08000183105469,163.5,174.14999389648438,309.8599853515625,853.2100219726562,120.02300262451172,33.31999969482422,49.650001525878906,53.61000061035156,110.44000244140625,146.97999572753906,42.119998931884766,113.16999816894531,376.75,43.349998474121094,159.36000061035156,171.77999877929688,630.5,156.2899932861328,120.08000183105469,87.6500015258789,86.29000091552734,60.573001861572266,27.360000610351562,150.5800018310547,150.3800048828125,52.310001373291016,198.56666564941406,116.30000305175781,489.8999938964844,42.29999923706055,133.8699951171875,49.77000045776367,41.46500015258789,38.40999984741211,138.9199981689453,101.19000244140625,165.27000427246094,175.2899932861328,310.57000732421875,863.5499877929688,121.97000122070312,33.400001525878906,49.959999084472656,53.86000061035156,112.04000091552734,148.02999877929688,42.38999938964844,114.95999908447266,378.6499938964844,44.18000030517578,160.42999267578125,172.61000061035156,637.3499755859375,157.19000244140625,120.51000213623047,87.87999725341797,87.23999786376953,60.959999084472656,27.6299991607666,151.07000732421875,152.2100067138672,52.40999984741211,200.586669921875,116.9000015258789,493.2799987792969,42.619998931884766,134.4600067138672,49.84000015258789,41.77000045776367,38.45000076293945,139.44000244140625,101.97000122070312,4654300,107381200,2035800,1614800,25818000,30839800,10855500,14041200,4156000,9151900,5768600,2683800,3464700,127665300,5591900,7443000,2410300,3248400,8300300,6384400,14934500,390309000,47073800,999300,7744700,9172000,5781300,10196400,6212200,7242500,5286000,19211100,36469600,38620200,5759100,20817200
2024-01-29,151.75689697265625,177.8300018310547,290.44415283203125,864.2732543945312,118.83319854736328,31.853927612304688,44.75099563598633,50.25862121582031,103.3514404296875,134.0398712158203,39.98935317993164,106.96503448486328,362.22186279296875,43.260616302490234,149.08909606933594,164.63404846191406,633.9221801757812,152.1868896484375,112.9436264038086,81.3498306274414,88.36428833007812,62.42683410644531,23.71767807006836,141.7301483154297,142.6174774169922,50.005401611328125,198.5411834716797,113.49376678466797,481.0826416015625,38.91445541381836,128.9583740234375,47.50379943847656,39.142974853515625,37.43461227416992,135.11585998535156,94.9163589477539,163.91000366210938,177.8300018310547,313.45001220703125,882.6199951171875,121.7770004272461,33.61000061035156,49.869998931884766,54.11000061035156,111.5999984741211,149.0800018310547,42.77000045776367,114.95999908447266,380.55999755859375,43.84000015258789,159.36000061035156,172.72999572753906,645.0,160.13999938964844,121.27999877929688,87.62000274658203,89.06999969482422,62.46500015258789,27.479999542236328,153.47999572753906,149.63999938964844,53.20000076293945,201.3300018310547,116.9800033569336,504.5400085449219,42.95000076293945,138.3800048828125,50.349998474121094,42.064998626708984,38.75,140.25,103.12999725341797,166.75999450683594,178.88999938964844,313.6199951171875,883.4199829101562,122.36699676513672,33.650001525878906,49.880001068115234,54.22999954223633,112.0999984741211,149.22000122070312,42.810001373291016,115.41999816894531,380.8399963378906,43.9900016784668,160.07000732421875,172.83999633789062,645.6500244140625,160.94000244140625,121.45999908447266,87.94999694824219,89.56999969482422,62.48899841308594,27.6299991607666,153.50999450683594,151.24000549316406,53.22999954223633,201.3300018310547,117.87000274658203,506.510009765625,42.970001220703125,138.9199981689453,50.66999816894531,42.125,38.779998779296875,140.25999450683594,103.19999694824219,163.67999267578125,174.39999389648438,309.8900146484375,865.2000122070312,120.4990005493164,33.2400016784668,49.45000076293945,53.439998626708984,110.48999786376953,147.11000061035156,42.029998779296875,113.76000213623047,374.239990234375,42.810001373291016,158.9600067138672,171.3000030517578,639.77001953125,158.5,120.48999786376953,85.72000122070312,88.0199966430664,60.90700149536133,27.309999465942383,150.83999633789062,148.4199981689453,52.400001525878906,198.19000244140625,115.76000213623047,501.1499938964844,42.33000183105469,136.6300048828125,49.9900016784668,41.625,38.43000030517578,139.30999755859375,101.86000061035156,165.85000610351562,178.77000427246094,311.44000244140625,867.5800170898438,121.49099731445312,33.400001525878906,49.619998931884766,53.470001220703125,112.04000091552734,149.08999633789062,42.58000183105469,115.37000274658203,375.8900146484375,43.709999084472656,159.00999450683594,172.24000549316406,641.5,160.5500030517578,121.3499984741211,87.4000015258789,88.5,61.231998443603516,27.520000457763672,151.0,150.39999389648438,52.779998779296875,199.64999389648438,117.16999816894531,503.1099853515625,42.619998931884766,138.0,50.15999984741211,42.060001373291016,38.529998779296875,139.39999389648438,102.9800033569336,4704100,89384500,2447600,1034500,21526000,30269300,11746600,12158300,4705700,10494800,5362500,2648500,1632300,51790900,6483200,6971200,2718500,3124000,9138200,7440300,12108100,348733000,67082700,1176400,10770700,10072600,3467400,10042200,4554100,7475700,3464000,16725200,29680600,44175600,6229600,18317500
2024-01-30,152.69203186035156,172.05999755859375,291.5283203125,849.9864501953125,117.89543151855469,32.97228240966797,44.32026672363281,53.026512145996094,105.620361328125,134.97496032714844,40.50359344482422,108.658447265625,368.2277526855469,42.35277557373047,148.537109375,168.00811767578125,633.9024047851562,161.45265197753906,113.29753112792969,82.14674377441406,85.47734069824219,62.73565673828125,23.32065773010254,142.44119262695312,139.1292724609375,46.38658142089844,195.4742431640625,112.60116577148438,480.19580078125,39.2678108215332,132.22940063476562,48.29631423950195,39.547760009765625,37.907981872558594,135.42413330078125,96.49937438964844,164.9199981689453,172.05999755859375,314.6199951171875,868.030029296875,120.81600189208984,34.790000915527344,49.38999938964844,57.09000015258789,114.05000305175781,150.1199951171875,43.31999969482422,116.77999877929688,386.8699951171875,42.91999816894531,158.77000427246094,176.27000427246094,644.97998046875,169.88999938964844,121.66000366210938,87.62000274658203,86.16000366210938,62.77399826049805,27.020000457763672,154.25,145.97999572753906,49.349998474121094,198.22000122070312,116.05999755859375,503.6099853515625,43.34000015258789,141.88999938964844,51.189998626708984,42.5,39.2400016784668,140.57000732421875,104.8499984741211,164.97999572753906,178.47999572753906,314.9200134277344,877.72998046875,122.80000305175781,34.88999938964844,50.18000030517578,57.20000076293945,114.33000183105469,150.30999755859375,43.36000061035156,116.87999725341797,387.9200134277344,43.81999969482422,159.75999450683594,176.75999450683594,646.7999877929688,170.17999267578125,121.76000213623047,88.06999969482422,88.79000091552734,63.49300003051758,28.3700008392334,154.72000122070312,148.8000030517578,49.56999969482422,201.35333251953125,118.01000213623047,506.04998779296875,43.400001525878906,142.02000427246094,51.27000045776367,42.5099983215332,39.279998779296875,140.82000732421875,104.87999725341797,163.25999450683594,169.52000427246094,310.5199890136719,862.6099853515625,120.42900085449219,33.84000015258789,49.25,55.0099983215332,110.76000213623047,147.7100067138672,42.40999984741211,113.77999877929688,381.5899963378906,42.88999938964844,158.1300048828125,172.8300018310547,641.0,158.57000732421875,120.18000030517578,86.7699966430664,85.76000213623047,62.2599983215332,26.950000762939453,152.80999755859375,145.57000732421875,47.75,197.39332580566406,115.55999755859375,499.2200012207031,42.68000030517578,137.13999938964844,50.619998931884766,41.4900016784668,38.77000045776367,139.80999755859375,102.0999984741211,164.22000122070312,176.1300048828125,312.5299987792969,874.0499877929688,121.677001953125,33.900001525878906,50.04999923706055,55.040000915527344,111.20999908447266,148.17999267578125,42.470001220703125,114.31999969482422,384.0,43.66999816894531,159.35000610351562,172.8300018310547,645.7000122070312,162.25,121.27999877929688,86.9800033569336,88.08000183105469,62.900001525878906,27.889999389648438,153.3000030517578,148.0,48.880001068115234,200.1266632080078,116.36000061035156,504.5400085449219,42.869998931884766,137.50999450683594,50.630001068115234,41.650001525878906,38.790000915527344,140.47999572753906,102.41000366210938,3819600,122265700,2637000,895600,20683000,60315700,11605600,40086100,6206500,9902900,6014800,2947200,3897900,47958800,7200500,10822100,2006100,5858700,7469500,6569300,12980400,410735000,86072400,1236800,9132800,47358300,3059100,11030800,4931200,8055300,4304100,14736800,35341200,43229300,5940300,19610900
2024-01-31,152.21058654785156,167.69000244140625,291.1947021484375,851.7391357421875,115.14750671386719,32.233028411865234,43.85364532470703,52.1719856262207,103.60150146484375,132.55633544921875,39.28811264038086,105.87640380859375,365.5056457519531,42.51066207885742,148.65870666503906,166.18763732910156,634.5216674804688,157.37570190429688,112.4780044555664,81.79045867919922,85.07059478759766,61.48941421508789,23.37244415283203,139.6339111328125,141.54052734375,45.77561950683594,192.64401245117188,109.59354400634766,487.9478759765625,37.63693618774414,130.426513671875,47.34341049194336,38.80799102783203,37.44427490234375,135.24110412597656,94.6218490600586,164.39999389648438,167.69000244140625,314.260009765625,869.8200073242188,118.0,34.0099983215332,48.869998931884766,56.16999816894531,111.87000274658203,147.42999267578125,42.02000045776367,113.79000091552734,384.010009765625,43.08000183105469,158.89999389648438,174.36000061035156,645.6099853515625,165.60000610351562,120.77999877929688,87.23999786376953,85.75,61.527000427246094,27.079999923706055,151.2100067138672,148.50999450683594,48.70000076293945,195.35000610351562,112.95999908447266,511.739990234375,41.540000915527344,138.89999389648438,50.18000030517578,41.70500183105469,38.7599983215332,140.3800048828125,102.80999755859375,165.86000061035156,171.3000030517578,316.6400146484375,884.0,119.72200012207031,35.099998474121094,50.02000045776367,57.95000076293945,114.0999984741211,150.3800048828125,43.220001220703125,116.68000030517578,393.9100036621094,43.790000915527344,160.6199951171875,178.3000030517578,663.5499877929688,171.4199981689453,122.8499984741211,88.75,86.91999816894531,62.26900100708008,27.510000228881836,155.39999389648438,150.16000366210938,49.689998626708984,198.92333984375,114.73999786376953,515.0,42.9900016784668,142.50999450683594,51.439998626708984,42.58000183105469,39.45000076293945,141.75,104.87999725341797,163.9499969482422,162.55999755859375,312.6199951171875,859.4600219726562,117.43099975585938,34.0,48.84000015258789,56.13999938964844,111.79000091552734,147.33999633789062,42.0099983215332,113.7300033569336,383.70001220703125,42.36000061035156,158.6699981689453,174.33999633789062,637.0,163.6199951171875,120.5,87.2300033569336,84.79000091552734,60.70000076293945,26.780000686645508,150.88999938964844,144.33999633789062,48.25,193.60667419433594,112.87999725341797,504.510009765625,41.400001525878906,138.60000610351562,50.15999984741211,41.685001373291016,38.7400016784668,140.35000610351562,102.7699966430664,165.75,165.74000549316406,316.0,861.219970703125,118.94499969482422,34.56999969482422,49.709999084472656,56.7400016784668,113.97000122070312,150.3699951171875,43.18000030517578,116.63999938964844,386.0,42.56999969482422,160.39999389648438,176.1999969482422,650.3800048828125,169.99000549316406,122.52999877929688,87.70999908447266,84.95999908447266,61.439998626708984,27.170000076293945,151.77000427246094,145.33999633789062,49.45000076293945,195.13999938964844,113.5,504.510009765625,42.459999084472656,141.27999877929688,51.0099983215332,42.5,39.15999984741211,141.63999938964844,104.73999786376953,4993900,133157300,3456700,1251200,27400000,54716000,18997600,28967800,5501400,10428000,6996900,3281900,3421100,51584200,8256800,11521800,4719000,4260400,10779000,8414700,11396700,453795000,81192100,2041100,21184200,26286300,6573600,12853900,5358100,13026100,4273500,20394400,38580800,65780900,10223100,22415300
2024-02-01,155.1640625,170.47999572753906,300.73876953125,872.0285034179688,117.10012817382812,31.79706573486328,43.67417907714844,52.06982421875,103.14771270751953,132.9699249267578,39.082420349121094,104.7691421508789,365.35333251953125,42.786964416503906,148.15353393554688,165.58714294433594,649.0870971679688,159.2098388671875,117.69307708740234,81.3967056274414,84.93170166015625,62.988494873046875,23.553693771362305,134.30563354492188,134.48780822753906,46.05760192871094,193.59727478027344,110.0107421875,483.5617370605469,37.04800033569336,129.85374450683594,46.29830551147461,38.80332946777344,37.50223922729492,136.9944610595703,94.23529052734375,167.58999633789062,170.47999572753906,324.55999755859375,890.5399780273438,120.0009994506836,33.54999923706055,48.66999816894531,56.060001373291016,111.37999725341797,147.88999938964844,41.79999923706055,112.5999984741211,383.8500061035156,43.36000061035156,158.36000061035156,173.72999572753906,660.4299926757812,167.52999877929688,126.37999725341797,86.81999969482422,85.61000061035156,63.027000427246094,27.290000915527344,145.44000244140625,141.11000061035156,49.0,196.31666564941406,113.38999938964844,507.1400146484375,40.88999938964844,138.2899932861328,48.72999954223633,41.70000076293945,38.81999969482422,142.1999969482422,102.38999938964844,167.67999267578125,171.13999938964844,324.82000732421875,893.780029296875,120.30899810791016,34.25,48.849998474121094,56.59000015258789,113.22000122070312,149.02000427246094,42.619998931884766,115.0199966430664,389.5400085449219,43.56999969482422,158.49000549316406,174.83999633789062,660.52001953125,169.22999572753906,126.43000030517578,88.16999816894531,86.19000244140625,63.191001892089844,27.329999923706055,151.74000549316406,143.91000366210938,49.56999969482422,196.80332946777344,114.02999877929688,510.2200012207031,41.689998626708984,141.2899932861328,49.970001220703125,42.150001525878906,38.849998474121094,142.1999969482422,104.01000213623047,162.6699981689453,165.86000061035156,313.70001220703125,876.6599731445312,117.91100311279297,32.93000030517578,48.130001068115234,54.849998474121094,110.80000305175781,146.52000427246094,41.47999954223633,111.75,378.79998779296875,42.4900016784668,157.0500030517578,171.42999267578125,643.1699829101562,163.5,122.7699966430664,85.63999938964844,84.62000274658203,61.650001525878906,26.729999542236328,144.88999938964844,140.08999633789062,48.36000061035156,193.74667358398438,112.61000061035156,503.0,39.970001220703125,133.82000732421875,47.880001068115234,41.314998626708984,38.25,139.8699951171875,101.62000274658203,163.6999969482422,169.27000427246094,314.5,882.3200073242188,118.73500061035156,33.93000030517578,48.849998474121094,56.02000045776367,112.33999633789062,148.19000244140625,42.290000915527344,114.19999694824219,384.42999267578125,43.150001525878906,158.16000366210938,173.63999938964844,647.3300170898438,166.44000244140625,123.6500015258789,87.19000244140625,86.06999969482422,62.099998474121094,27.100000381469727,151.5399932861328,140.8699951171875,49.04999923706055,196.13999938964844,113.80000305175781,508.8299865722656,41.58000183105469,139.5800018310547,49.81999969482422,41.95500183105469,38.689998626708984,140.5500030517578,103.56999969482422,5584400,91576700,3883200,1040200,19411000,57084800,20416300,21178700,5255200,8641100,7886700,2569600,2138500,38819900,8012000,9354800,2494300,3203700,11650700,8365000,10459000,369146000,53883000,5011100,22810600,18539700,3464100,8807600,4242600,16002800,4695200,27566100,51101400,63445600,8503600,19240700
2024-02-02,156.16397094726562,177.66000366210938,299.4693298339844,872.1460571289062,119.47431182861328,31.721250534057617,43.7100715637207,52.07919692993164,102.45313262939453,136.88108825683594,38.614925384521484,103.140869140625,369.1700744628906,42.0369987487793,146.51632690429688,166.54029846191406,656.1831665039062,158.0694580078125,117.72101593017578,81.81858825683594,85.79480743408203,66.11959075927734,23.242982864379883,136.78970336914062,135.04058837890625,46.05760192871094,196.06922912597656,112.30040740966797,486.5080871582031,37.00271224975586,129.44056701660156,46.70684814453125,38.859161376953125,37.65680694580078,136.79217529296875,93.84876251220703,168.6699981689453,177.66000366210938,323.19000244140625,890.6599731445312,122.43399810791016,33.470001220703125,48.709999084472656,55.540000915527344,110.62999725341797,152.24000549316406,41.29999923706055,110.8499984741211,387.8599853515625,42.599998474121094,156.61000061035156,174.72999572753906,667.6500244140625,166.3300018310547,126.41000366210938,87.2699966430664,86.4800033569336,66.16000366210938,26.93000030517578,148.1300048828125,141.69000244140625,49.0,198.82333374023438,115.75,510.2300109863281,40.84000015258789,137.85000610351562,49.15999984741211,41.7599983215332,38.97999954223633,141.99000549316406,101.97000122070312,172.85000610351562,179.0,325.7699890136719,893.0499877929688,123.46900177001953,33.709999084472656,50.0099983215332,55.97999954223633,111.94999694824219,153.3800048828125,41.81999969482422,113.0,388.739990234375,43.13999938964844,158.30999755859375,175.82000732421875,672.6199951171875,168.42999267578125,127.55999755859375,87.66999816894531,86.61000061035156,66.5999984741211,27.200000762939453,148.89999389648438,142.13999938964844,49.18000030517578,199.28334045410156,115.95999908447266,512.9099731445312,41.11000061035156,139.3300018310547,49.56999969482422,42.09000015258789,39.15999984741211,142.64999389648438,104.0,165.22999572753906,173.0500030517578,320.75,879.0900268554688,120.51499938964844,33.16999816894531,48.08000183105469,54.9900016784668,109.69000244140625,149.5500030517578,41.209999084472656,110.37999725341797,380.6000061035156,41.599998474121094,155.94000244140625,173.25999450683594,659.739990234375,164.2899932861328,126.11000061035156,86.0,84.94000244140625,63.689998626708984,26.690000534057617,142.39999389648438,139.25999450683594,48.4900016784668,195.77667236328125,113.91999816894531,505.3900146484375,40.06999969482422,135.6199951171875,48.060001373291016,41.40999984741211,38.66999816894531,141.27000427246094,101.61000061035156,169.4199981689453,173.7899932861328,323.6400146484375,879.239990234375,120.875,33.369998931884766,49.27000045776367,55.599998474121094,111.66000366210938,150.86000061035156,41.72999954223633,112.66000366210938,381.79998779296875,43.0,157.97000122070312,173.3000030517578,662.3800048828125,167.8300018310547,126.70999908447266,86.47000122070312,85.06999969482422,63.9739990234375,27.18000030517578,143.97999572753906,140.64999389648438,48.900001525878906,196.30999755859375,114.86000061035156,508.25,40.5,138.64999389648438,48.5,42.04999923706055,38.689998626708984,142.14999389648438,103.75,7870400,82134300,2585900,896400,26689000,40416000,27991600,19283100,4610200,12839100,6951300,2927300,2180900,53683500,8295900,8607600,3019200,2301100,10175600,7728600,10450000,476578000,51718500,4080500,10442700,19020900,4801200,10044000,3804500,11269300,3639600,19329000,38075000,61778400,10629200,21973400
2024-02-05,158.56192016601562,174.22999572753906,298.3388977050781,881.402099609375,121.30496978759766,31.26632308959961,43.05500411987305,51.104007720947266,101.84193420410156,136.96202087402344,38.044586181640625,102.0243148803711,364.5633239746094,42.20475769042969,145.75851440429688,166.3210906982422,694.071044921875,162.62155151367188,117.50682830810547,80.5248031616211,86.29084014892578,69.28964233398438,22.932268142700195,134.665771484375,137.27076721191406,45.63462448120117,198.74827575683594,115.24981689453125,479.5760498046875,36.332237243652344,131.84442138671875,46.26980209350586,38.76145935058594,37.43461227416992,137.21603393554688,93.46220397949219,171.25999450683594,174.22999572753906,321.9700012207031,898.5399780273438,124.30999755859375,32.9900016784668,47.97999954223633,54.5,109.97000122070312,152.3300018310547,40.689998626708984,109.6500015258789,383.0199890136719,42.77000045776367,155.8000030517578,174.5,706.2000122070312,171.1199951171875,126.18000030517578,85.88999938964844,86.9800033569336,69.33200073242188,26.56999969482422,145.8300018310547,144.02999877929688,48.54999923706055,201.5399932861328,118.79000091552734,502.9599914550781,40.099998474121094,140.41000366210938,48.70000076293945,41.654998779296875,38.75,142.42999267578125,101.55000305175781,173.1300048828125,180.00999450683594,329.7200012207031,901.9199829101562,124.7750015258789,33.290000915527344,48.560001373291016,55.13999938964844,110.86000061035156,153.50999450683594,41.13999938964844,110.61000061035156,385.3299865722656,43.150001525878906,156.88999938964844,175.08999633789062,711.8800048828125,171.57000732421875,127.80000305175781,86.58000183105469,87.22000122070312,69.49700164794922,26.940000534057617,147.83999633789062,144.64999389648438,49.08000183105469,202.5433349609375,119.54000091552734,514.2000122070312,40.4900016784668,141.00999450683594,48.91999816894531,41.904998779296875,38.880001068115234,143.30999755859375,102.37999725341797,168.4499969482422,171.11000061035156,317.7099914550781,881.0999755859375,122.21499633789062,32.86000061035156,47.68000030517578,54.11000061035156,109.29000091552734,150.7899932861328,40.470001220703125,108.94000244140625,381.0,42.43000030517578,155.33999633789062,172.9199981689453,682.530029296875,164.3699951171875,125.69999694824219,85.08999633789062,85.61000061035156,67.20500183105469,26.520000457763672,145.42999267578125,141.2100067138672,48.2400016784668,198.30999755859375,116.58000183105469,500.04998779296875,39.91999816894531,135.77999877929688,48.2400016784668,41.20500183105469,38.58000183105469,141.77999877929688,100.5,169.83999633789062,179.08999633789062,323.5299987792969,885.5999755859375,122.69599914550781,33.11000061035156,48.52000045776367,54.939998626708984,110.25,151.6199951171875,41.06999969482422,110.16999816894531,384.6000061035156,42.619998931884766,156.61000061035156,173.86000061035156,691.02001953125,165.50999450683594,126.9800033569336,86.58000183105469,86.73999786376953,68.2249984741211,26.940000534057617,146.47000122070312,141.86000061035156,48.689998626708984,200.52000427246094,117.12999725341797,509.9599914550781,40.439998626708984,137.11000061035156,48.61000061035156,41.505001068115234,38.7599983215332,142.5,101.44999694824219,6486700,76349200,3563300,950100,22045000,43573000,15535600,14040600,4520400,8277800,7451100,2957200,2231100,28890300,9121600,7820200,7602400,3430100,8027700,7788700,8409300,680078000,42633400,1665500,8032600,18305800,4735200,13267600,3646300,8880300,3462400,14202700,31593600,37351300,9631700,17190900
2024-02-06,160.44142150878906,167.8800048828125,292.871826171875,887.6310424804688,119.30940246582031,31.31371307373047,44.203609466552734,50.96334457397461,103.2773666381836,136.97999572753906,38.40923309326172,104.09921264648438,366.4383544921875,42.29877853393555,147.87289428710938,166.89295959472656,692.9210815429688,158.36404418945312,118.15869903564453,80.72167205810547,83.9297103881836,68.18132019042969,23.734939575195312,137.86090087890625,137.33750915527344,45.384117126464844,196.43080139160156,115.82222747802734,486.9277038574219,36.332237243652344,129.42178344726562,45.88025665283203,38.8870849609375,37.51190185546875,138.7093048095703,94.10643768310547,173.2899932861328,167.8800048828125,316.07000732421875,904.8900146484375,122.26499938964844,33.040000915527344,49.2599983215332,54.349998474121094,111.5199966430664,152.35000610351562,41.08000183105469,111.87999725341797,384.989990234375,42.7400016784668,158.05999755859375,175.10000610351562,705.030029296875,166.63999938964844,126.87999725341797,86.0999984741211,84.5999984741211,68.2229995727539,27.5,149.2899932861328,144.10000610351562,48.0099983215332,199.19000244140625,119.37999725341797,510.6700134277344,40.099998474121094,137.8300018310547,48.290000915527344,41.790000915527344,38.83000183105469,143.97999572753906,102.25,173.9600067138672,173.8800048828125,326.9599914550781,905.760009765625,127.21099853515625,33.36000061035156,49.97999954223633,54.970001220703125,112.44999694824219,153.5399932861328,41.5,112.9800033569336,386.82000732421875,42.779998779296875,158.72999572753906,175.8699951171875,742.0,173.3300018310547,127.5199966430664,86.55000305175781,87.19000244140625,69.75399780273438,27.729999542236328,150.0500030517578,144.80999755859375,48.61000061035156,202.26666259765625,120.98999786376953,510.94000244140625,40.5099983215332,143.0399932861328,49.119998931884766,42.20000076293945,38.88999938964844,144.08999633789062,103.04000091552734,169.77000427246094,165.5,314.75,890.8499755859375,121.19400024414062,32.880001068115234,47.58000183105469,54.11000061035156,110.19999694824219,151.80999755859375,40.7400016784668,109.68000030517578,383.0,42.13999938964844,155.60000610351562,173.75999450683594,691.0999755859375,166.44000244140625,126.06999969482422,85.62000274658203,83.72000122070312,66.30000305175781,26.56999969482422,145.63999938964844,142.42999267578125,47.81999969482422,196.95333862304688,118.27999877929688,502.45001220703125,39.91999816894531,137.42999267578125,48.0099983215332,41.6150016784668,38.650001525878906,142.82000732421875,101.56999969482422,171.64999389648438,173.14999389648438,325.3999938964844,898.7999877929688,126.35700225830078,32.91999816894531,47.95000076293945,54.380001068115234,110.87999725341797,152.5,40.93000030517578,110.0,383.0199890136719,42.70000076293945,155.8300018310547,174.61000061035156,742.0,171.39999389648438,126.61000061035156,85.62000274658203,86.83000183105469,69.62999725341797,26.65999984741211,145.8000030517578,144.5,48.470001220703125,202.11000061035156,120.12000274658203,503.94000244140625,40.04999923706055,140.89999389648438,48.52000045776367,41.86000061035156,38.70000076293945,143.5399932861328,102.06999969482422,7037400,68854100,5767400,1409500,25354000,27188000,22693800,14832700,4777100,6198200,6864000,3506400,1487800,34068200,9229900,6764800,8187300,2783000,6153000,7335500,12990300,683111000,56958700,3915000,7286300,12807900,3624000,11503800,2745400,8728400,7278200,13926600,28056200,41055700,10159000,13347900
2024-02-07,162.0338897705078,170.94000244140625,274.15447998046875,904.6401977539062,122.66722869873047,31.446393966674805,43.647254943847656,51.14150619506836,104.01823425292969,136.7821807861328,38.62428283691406,104.69470977783203,368.0279235839844,42.33836364746094,147.79798889160156,167.20748901367188,712.9215698242188,161.1675262451172,118.70814514160156,80.62792205810547,84.49518585205078,70.05615997314453,23.786725997924805,136.82664489746094,139.0435028076172,44.85475158691406,199.4352569580078,121.25535583496094,495.24224853515625,36.16008758544922,132.56739807128906,46.06077575683594,38.9661750793457,37.79205322265625,139.0850067138672,94.0788345336914,175.00999450683594,170.94000244140625,295.8699951171875,922.22998046875,125.70600128173828,33.18000030517578,48.63999938964844,54.540000915527344,112.31999969482422,152.1300048828125,41.310001373291016,112.5199966430664,386.6600036621094,42.779998779296875,157.97999572753906,175.42999267578125,725.3800048828125,169.58999633789062,127.47000122070312,86.0,85.16999816894531,70.0989990234375,27.559999465942383,148.1699981689453,145.88999938964844,47.45000076293945,202.23666381835938,124.9800033569336,519.3900146484375,39.90999984741211,141.17999267578125,48.47999954223633,41.875,39.119998931884766,144.3699951171875,102.22000122070312,175.55999755859375,172.97000122070312,315.510009765625,927.7899780273438,125.95099639892578,33.2599983215332,49.36000061035156,54.70000076293945,112.97000122070312,153.77999877929688,41.470001220703125,113.2300033569336,387.07000732421875,43.099998474121094,159.3699951171875,175.8699951171875,740.989990234375,169.9199981689453,128.05999755859375,86.38999938964844,85.27999877929688,70.22000122070312,27.649999618530273,149.8800048828125,145.9499969482422,48.36000061035156,202.42666625976562,125.0,521.0,40.31999969482422,141.1999969482422,48.599998474121094,42.09000015258789,39.16999816894531,145.02999877929688,102.7300033569336,173.32000732421875,168.1999969482422,295.2699890136719,905.0599975585938,122.66999816894531,32.630001068115234,48.02000045776367,53.77000045776367,111.44999694824219,151.1699981689453,40.689998626708984,111.12000274658203,382.5,42.54999923706055,157.69000244140625,173.9600067138672,707.02001953125,167.11000061035156,126.5,85.2699966430664,82.47000122070312,67.5999984741211,27.299999237060547,146.3000030517578,143.6300048828125,47.099998474121094,198.51333618164062,120.0,512.6900024414062,38.869998931884766,137.0,47.45000076293945,41.53499984741211,38.77000045776367,144.07000732421875,101.18000030517578,174.00999450683594,169.47000122070312,315.510009765625,905.2899780273438,123.4000015258789,33.060001373291016,49.189998626708984,54.5,111.72000122070312,153.02000427246094,41.16999816894531,111.91999816894531,385.30999755859375,42.88999938964844,157.8000030517578,175.69000244140625,710.3800048828125,167.33999633789062,126.9000015258789,86.26000213623047,84.13999938964844,68.31900024414062,27.549999237060547,149.3000030517578,145.16000366210938,48.220001220703125,200.60000610351562,120.01000213623047,514.010009765625,40.2400016784668,138.3000030517578,48.45000076293945,41.90999984741211,39.040000915527344,144.33999633789062,102.25,6409100,53665400,8411300,1492200,25768000,29660100,17973100,13383300,6100700,6252000,6761800,2986400,1963200,34269200,8690300,7225500,5798000,1952400,6742800,4952200,16374800,495575000,36843000,3150200,7361900,11848000,4839300,18172500,4109100,12255300,3014900,15839600,26920400,39018700,7884600,13826800
2024-02-08,161.83021545410156,169.35000610351562,273.2093200683594,905.3367919921875,124.3944320678711,31.389528274536133,43.7100715637207,50.90708541870117,105.4814682006836,138.51748657226562,39.65275573730469,105.19715881347656,366.4859924316406,42.061256408691406,146.3198699951172,166.60704040527344,723.044677734375,161.25306701660156,117.90726470947266,80.29978942871094,84.20748138427734,69.59845733642578,23.795358657836914,136.60498046875,141.2260284423828,45.176151275634766,202.86380004882812,129.74456787109375,495.9096984863281,36.57686996459961,133.1496124267578,45.93726348876953,39.366302490234375,37.64714813232422,138.84417724609375,95.68946838378906,174.7899932861328,169.35000610351562,294.8500061035156,922.9400024414062,127.47599792480469,33.119998931884766,48.709999084472656,54.290000915527344,113.9000015258789,154.05999755859375,42.40999984741211,113.05999755859375,385.0400085449219,42.5,156.39999389648438,174.8000030517578,735.6799926757812,169.67999267578125,126.61000061035156,85.6500015258789,84.87999725341797,69.64099884033203,27.56999969482422,147.92999267578125,148.17999267578125,47.790000915527344,205.7133331298828,133.72999572753906,520.0900268554688,40.369998931884766,141.8000030517578,48.349998474121094,42.30500030517578,38.970001220703125,144.1199951171875,103.97000122070312,175.91000366210938,172.1699981689453,298.0,927.72998046875,129.5970001220703,33.279998779296875,48.77000045776367,54.4900016784668,115.29000091552734,154.3000030517578,42.4900016784668,113.95999908447266,388.1099853515625,42.970001220703125,157.33999633789062,175.30999755859375,741.0,171.38999938964844,127.4800033569336,86.2300033569336,86.02999877929688,70.79399871826172,27.690000534057617,148.17999267578125,148.61000061035156,47.93000030517578,207.1999969482422,134.75,522.1599731445312,40.41999816894531,142.3699951171875,48.5,42.459999084472656,39.09000015258789,144.22999572753906,104.41999816894531,174.3000030517578,168.60000610351562,288.7799987792969,910.9099731445312,126.5009994506836,32.79999923706055,48.11000061035156,53.59000015258789,112.58999633789062,151.64999389648438,41.310001373291016,111.80000305175781,381.3399963378906,42.33000183105469,155.30999755859375,173.57000732421875,725.75,168.64999389648438,125.94999694824219,85.16000366210938,84.52999877929688,69.45500183105469,27.40999984741211,145.83999633789062,146.2899932861328,47.11000061035156,202.79666137695312,126.11000061035156,517.280029296875,39.38999938964844,140.92999267578125,48.060001373291016,41.84000015258789,38.720001220703125,143.47000122070312,102.11000061035156,174.35000610351562,170.3300018310547,297.0,917.5900268554688,126.69999694824219,33.04999923706055,48.439998626708984,54.18000030517578,113.11000061035156,151.9499969482422,41.33000183105469,112.9000015258789,386.0,42.720001220703125,157.33999633789062,175.0,728.3200073242188,169.58999633789062,127.31999969482422,85.68000030517578,85.51000213623047,70.0739974975586,27.559999465942383,147.1699981689453,146.85000610351562,47.29999923706055,202.8733367919922,127.0,520.6300048828125,39.70000076293945,141.5,48.18000030517578,41.849998474121094,38.939998626708984,144.22999572753906,102.33999633789062,5709100,43385300,5946100,1150800,29326000,36852200,13577900,15822200,7715500,9237000,11090600,3159600,1913700,33206500,9755000,6060300,4636900,1789400,6308300,6218200,12524500,414422000,29048400,1492600,9448700,12157800,2760900,33367000,3343000,7601600,2673500,10839200,36201000,47331500,6672400,19636900
2024-02-09,161.1728515625,172.47999572753906,269.75311279296875,931.4881591796875,125.24143981933594,31.342144012451172,44.697166442871094,50.62577438354492,102.94397735595703,135.8021240234375,38.88607406616211,103.32694244384766,365.74359130859375,42.862892150878906,146.6566619873047,166.80714416503906,727.4476928710938,161.52865600585938,116.82699584960938,80.5248031616211,84.88209533691406,72.08895111083984,23.786725997924805,136.45724487304688,143.91368103027344,44.5049934387207,206.90371704101562,129.14303588867188,494.1265869140625,36.40472412109375,134.33273315429688,45.661739349365234,38.76145935058594,37.75341033935547,138.7382049560547,93.66466522216797,174.0800018310547,172.47999572753906,291.1199951171875,949.5999755859375,128.343994140625,33.06999969482422,49.810001373291016,53.9900016784668,111.16000366210938,151.0399932861328,41.59000015258789,111.05000305175781,384.260009765625,43.310001373291016,156.75999450683594,175.00999450683594,740.1599731445312,169.97000122070312,125.44999694824219,85.88999938964844,85.55999755859375,72.13300323486328,27.559999465942383,147.77000427246094,151.0,47.08000183105469,209.80999755859375,133.11000061035156,518.219970703125,40.18000030517578,143.05999755859375,48.060001373291016,41.654998779296875,39.08000183105469,144.00999450683594,101.7699966430664,175.39999389648438,175.10000610351562,295.0,954.3200073242188,128.5749969482422,33.25,49.83000183105469,54.439998626708984,114.30000305175781,155.32000732421875,42.58000183105469,113.75,386.1300048828125,43.52000045776367,157.1999969482422,175.10000610351562,745.7000122070312,170.69000244140625,126.69000244140625,86.02999877929688,85.62000274658203,72.18499755859375,27.59000015258789,148.3800048828125,153.39999389648438,47.849998474121094,210.14332580566406,135.1699981689453,520.3900146484375,40.38999938964844,143.27999877929688,48.27000045776367,42.564998626708984,39.099998474121094,144.2899932861328,104.83999633789062,173.0500030517578,168.66000366210938,289.7099914550781,931.7100219726562,124.89900207519531,32.84000015258789,48.4900016784668,53.529998779296875,111.0199966430664,150.97999572753906,41.349998474121094,110.66999816894531,382.5899963378906,42.400001525878906,155.6699981689453,173.6699981689453,733.6099853515625,168.72999572753906,125.04000091552734,85.31999969482422,83.95999908447266,70.21199798583984,27.3799991607666,146.67999267578125,148.35000610351562,46.90999984741211,205.75,130.58999633789062,516.2899780273438,39.77000045776367,141.16000366210938,47.470001220703125,41.61000061035156,38.81999969482422,143.5399932861328,101.69999694824219,175.07000732421875,171.0,294.8500061035156,936.6900024414062,125.2030029296875,33.099998474121094,48.70000076293945,54.290000915527344,113.98999786376953,154.4199981689453,42.38999938964844,113.05999755859375,384.7699890136719,42.54999923706055,156.27000427246094,175.0,735.5,169.80999755859375,126.22000122070312,85.69000244140625,85.05999755859375,70.53299713134766,27.559999465942383,147.8699951171875,149.0,47.56999969482422,206.96665954589844,134.5,518.989990234375,40.29999923706055,141.82000732421875,48.220001220703125,42.3849983215332,38.91999816894531,144.05999755859375,104.0999984741211,3502700,56375700,3341100,1588800,26293000,36176000,15413400,13843300,5974000,9194500,7462200,2607400,2028200,51193000,6529200,6296700,2833900,2185900,7891200,5664500,12161500,436637000,29062700,1157600,11981500,8258300,3518700,16984200,2715400,10684700,3795000,16594000,38073400,50680400,7447800,20410500
2024-02-12,160.2377471923828,171.91000366210938,272.8201599121094,911.4871826171875,123.44203186035156,31.8634090423584,44.64331817626953,50.56013870239258,102.8884048461914,136.73721313476562,39.49381637573242,105.00177001953125,373.71978759765625,43.57545852661133,147.6764373779297,167.55059814453125,724.5975952148438,160.50230407714844,116.72455596923828,81.443603515625,85.02098846435547,72.20386505126953,23.873037338256836,137.72238159179688,145.91514587402344,45.50701141357422,206.52896118164062,126.57202911376953,493.57354736328125,37.211097717285156,133.83506774902344,46.47882080078125,39.18950653076172,37.92729568481445,138.92123413085938,94.95317840576172,173.07000732421875,171.91000366210938,294.42999267578125,929.2100219726562,126.5,33.619998931884766,49.75,53.91999816894531,111.0999984741211,152.0800018310547,42.2400016784668,112.8499984741211,392.6400146484375,44.029998779296875,157.85000610351562,175.7899932861328,737.260009765625,168.88999938964844,125.33999633789062,86.87000274658203,85.69999694824219,72.24800109863281,27.65999984741211,149.13999938964844,153.10000610351562,48.13999938964844,209.42999267578125,130.4600067138672,517.6400146484375,41.06999969482422,142.52999877929688,48.91999816894531,42.1150016784668,39.2599983215332,144.1999969482422,103.16999816894531,174.75999450683594,177.41000366210938,294.6000061035156,946.47998046875,129.0070037841797,33.970001220703125,50.04999923706055,54.540000915527344,112.13999938964844,152.61000061035156,42.59000015258789,113.12999725341797,396.3500061035156,45.040000915527344,158.41000366210938,176.80999755859375,740.7999877929688,171.6999969482422,125.4800033569336,87.63999938964844,86.91000366210938,74.61100006103516,28.020000457763672,150.16000366210938,154.75999450683594,48.619998931884766,213.30667114257812,133.50999450683594,518.989990234375,41.439998626708984,144.1999969482422,49.290000915527344,42.23500061035156,39.43000030517578,144.24000549316406,103.4000015258789,172.22999572753906,170.6699981689453,288.8599853515625,927.3499755859375,125.9000015258789,32.97999954223633,49.209999084472656,53.0,110.52999877929688,151.38999938964844,41.7599983215332,111.19000244140625,384.32000732421875,43.31999969482422,156.35000610351562,173.6999969482422,726.4500122070312,168.69000244140625,124.4000015258789,85.63999938964844,85.38999938964844,71.25,27.520000457763672,147.35000610351562,150.25,47.470001220703125,208.586669921875,130.25999450683594,512.8099975585938,40.13999938964844,142.25999450683594,47.880001068115234,41.79999923706055,38.9900016784668,143.13999938964844,102.0,173.5399932861328,172.67999267578125,289.9700012207031,939.6599731445312,129.00100708007812,33.0,49.81999969482422,53.56999969482422,111.2699966430664,151.6199951171875,41.790000915527344,111.68000030517578,385.0,43.38999938964844,156.5800018310547,174.77999877929688,740.7999877929688,170.55999755859375,125.0,85.86000061035156,85.52999877929688,72.5999984741211,27.540000915527344,147.77000427246094,150.3800048828125,47.54999923706055,209.8333282470703,133.27000427246094,518.219970703125,40.22999954223633,143.75,48.0,41.79999923706055,39.08000183105469,143.82000732421875,102.16000366210938,3477100,58177100,3298500,1033600,24778000,34160400,14973600,17162300,5802000,6713000,7972800,3786900,2797200,51107300,6701500,8539300,2932300,2772200,5257400,7888000,10366000,613710000,30323700,1612700,11806300,13460800,4299900,14203800,3194000,10304800,2825000,14101900,25893800,39952700,6645500,18173100
2024-02-13,160.44142150878906,171.5399932861328,269.16009521484375,886.0910034179688,122.13928985595703,31.038860321044922,43.7100715637207,49.47241973876953,101.65670776367188,135.4065399169922,39.17591857910156,103.30833435058594,360.4990539550781,42.714439392089844,146.38536071777344,166.0923309326172,730.2095336914062,161.4431610107422,116.80836486816406,78.72473907470703,80.88402557373047,72.08394622802734,23.277502059936523,134.13941955566406,142.99871826171875,44.97764205932617,202.28524780273438,123.74874114990234,492.82025146484375,36.17821502685547,132.93362426757812,45.832759857177734,38.794029235839844,37.41529083251953,137.63027954101562,94.13573455810547,173.2899932861328,171.5399932861328,290.4800109863281,903.3200073242188,125.16500091552734,32.75,48.709999084472656,52.7599983215332,109.7699966430664,150.60000610351562,41.900001525878906,111.02999877929688,378.75,43.15999984741211,156.47000122070312,174.25999450683594,742.969970703125,169.8800048828125,125.43000030517578,83.97000122070312,81.52999877929688,72.12799835205078,26.969999313354492,145.25999450683594,150.0399932861328,47.58000183105469,205.1266632080078,127.55000305175781,516.8499755859375,39.93000030517578,141.57000732421875,48.2400016784668,41.689998626708984,38.72999954223633,142.86000061035156,101.33999633789062,175.1999969482422,173.1699981689453,295.5199890136719,915.8900146484375,125.58699798583984,33.310001373291016,49.900001525878906,53.459999084472656,111.93000030517578,153.07000732421875,42.27000045776367,113.38999938964844,389.1600036621094,43.630001068115234,158.4499969482422,176.22999572753906,742.97998046875,170.89999389648438,126.86000061035156,85.86000061035156,83.55000305175781,73.44999694824219,27.829999923706055,147.1999969482422,151.25,48.29999923706055,207.34666442871094,129.9199981689453,526.9299926757812,40.47999954223633,142.8800048828125,48.709999084472656,42.29999923706055,39.060001373291016,144.47000122070312,103.08999633789062,171.97000122070312,164.3000030517578,286.8900146484375,889.010009765625,122.70899963378906,32.349998474121094,48.310001373291016,52.2400016784668,108.83999633789062,149.60000610351562,41.40999984741211,109.87999725341797,375.20001220703125,42.7599983215332,155.75,172.6199951171875,730.1799926757812,166.83999633789062,124.4800033569336,83.08999633789062,80.7699966430664,69.62000274658203,26.860000610351562,142.8000030517578,148.41000366210938,47.0,202.36666870117188,126.4800033569336,514.2100219726562,39.40999984741211,139.83999633789062,47.59000015258789,41.41999816894531,38.41999816894531,142.14999389648438,100.5999984741211,174.4600067138672,167.94000244140625,294.6099853515625,890.8499755859375,123.51200103759766,33.119998931884766,49.65999984741211,53.290000915527344,111.0999984741211,152.6199951171875,42.08000183105469,113.0,387.5899963378906,43.0,157.63999938964844,175.32000732421875,730.1799926757812,168.5,125.9800033569336,85.86000061035156,82.47000122070312,70.4000015258789,27.540000915527344,146.77999877929688,150.0,48.060001373291016,203.35667419433594,127.93000030517578,522.0,40.22999954223633,142.0500030517578,48.400001525878906,42.154998779296875,38.959999084472656,143.47000122070312,102.76000213623047,5480400,63071300,3610100,1297200,31907000,43801500,15828100,17672100,6321100,6987100,6512500,3933600,3030800,36622200,8621000,8397600,2860300,2366900,7273400,11339400,21207900,602580000,37927500,2121400,8976300,11578800,6551400,14494000,3436000,9106200,2730300,13660100,41156800,62948300,11170000,18917400
2024-02-14,161.48764038085938,178.6999969482422,268.7801513671875,906.80810546875,123.17074584960938,31.399011611938477,43.8715934753418,50.61640167236328,101.9808349609375,135.77516174316406,39.119815826416016,103.28973388671875,359.82330322265625,43.73380661010742,145.70237731933594,167.7793731689453,745.6077880859375,161.4431610107422,117.17156982421875,78.75286102294922,81.18165588378906,73.85486602783203,23.398340225219727,136.5496063232422,146.71571350097656,45.138343811035156,206.85440063476562,125.41748809814453,492.9060974121094,36.69465255737305,132.4359588623047,46.10828399658203,38.75680923461914,37.77273178100586,138.82492065429688,93.6712646484375,174.4199981689453,178.6999969482422,290.07000732421875,924.4400024414062,126.22200012207031,33.130001068115234,48.88999938964844,53.97999954223633,110.12000274658203,151.00999450683594,41.84000015258789,111.01000213623047,378.0400085449219,44.189998626708984,155.74000549316406,176.02999877929688,757.3099975585938,169.8800048828125,125.81999969482422,84.0,81.83000183105469,73.9000015258789,27.110000610351562,147.8699951171875,153.94000244140625,47.75,209.75999450683594,129.27000427246094,516.9400024414062,40.5,141.0399932861328,48.529998779296875,41.650001525878906,39.099998474121094,144.10000610351562,100.83999633789062,174.86000061035156,178.74000549316406,290.8699951171875,925.75,127.30000305175781,33.18000030517578,49.040000915527344,54.099998474121094,111.04000091552734,152.1999969482422,42.5,112.58000183105469,381.4800109863281,44.290000915527344,156.4600067138672,176.10000610351562,764.0499877929688,171.67999267578125,126.02999877929688,84.95999908447266,83.18000030517578,74.23600006103516,27.170000076293945,147.88999938964844,154.38999938964844,48.02000045776367,209.86666870117188,130.7899932861328,518.530029296875,40.70000076293945,143.0500030517578,48.720001220703125,42.125,39.130001068115234,144.14999389648438,102.62000274658203,172.67999267578125,172.8800048828125,287.54998779296875,913.4000244140625,124.13200378417969,32.869998931884766,48.45000076293945,53.59000015258789,109.5199966430664,150.0800018310547,41.650001525878906,110.19999694824219,375.7799987792969,43.38999938964844,154.83999633789062,174.4199981689453,745.0,167.1300048828125,124.81999969482422,83.69000244140625,81.48999786376953,71.93800354003906,26.90999984741211,145.97000122070312,151.0500030517578,47.2400016784668,206.85333251953125,127.95999908447266,514.2899780273438,40.09000015258789,138.22000122070312,47.959999084472656,41.43000030517578,38.810001373291016,143.07000732421875,100.41999816894531,173.05999755859375,173.47000122070312,289.8800048828125,914.780029296875,126.92400360107422,32.97999954223633,48.81999969482422,53.63999938964844,110.19999694824219,151.27999877929688,42.04999923706055,111.83000183105469,380.8800048828125,43.81999969482422,156.35000610351562,175.07000732421875,745.8200073242188,171.17999267578125,125.61000061035156,84.54000091552734,82.18000030517578,73.2020034790039,27.010000228881836,146.6300048828125,151.30999755859375,48.02000045776367,207.7566680908203,129.6300048828125,515.260009765625,40.459999084472656,142.49000549316406,48.599998474121094,41.994998931884766,38.959999084472656,143.35000610351562,101.87000274658203,4348500,57402500,2617300,1206400,27306000,27833900,10866900,14891900,7248400,5995100,6715300,2568000,2041300,36186200,9098800,7056700,3394300,2509900,6622400,5973700,12870900,504917000,25270200,1265300,8715100,9389200,3236400,13069700,1918500,5904900,4085300,12683400,40894600,58722500,9701100,17651300
2024-02-15,163.49673461914062,176.75999450683594,269.947509765625,912.1051635742188,123.44886016845703,32.28989028930664,44.365135192871094,51.769752502441406,103.52911376953125,140.39251708984375,40.38204574584961,106.30439758300781,366.8476867675781,43.595252990722656,147.7418670654297,171.4393768310547,746.070556640625,162.80210876464844,117.84208679199219,80.31855010986328,80.98322296142578,72.61361694335938,23.743572235107422,138.17489624023438,148.65997314453125,45.922950744628906,206.6571502685547,125.18463897705078,496.6629943847656,37.645999908447266,133.32803344726562,49.4431266784668,39.83622741699219,38.41999053955078,139.8364715576172,96.3558349609375,176.58999633789062,176.75999450683594,289.07000732421875,929.8400268554688,126.50700378417969,34.06999969482422,49.439998626708984,55.209999084472656,111.0,154.4600067138672,43.189998626708984,114.25,385.4200134277344,44.04999923706055,157.9199981689453,179.8699951171875,757.780029296875,171.30999755859375,126.54000091552734,85.66999816894531,81.62999725341797,72.65799713134766,27.510000228881836,149.6300048828125,155.97999572753906,48.58000183105469,209.55999755859375,129.02999877929688,520.8800048828125,41.54999923706055,141.99000549316406,52.040000915527344,42.810001373291016,39.77000045776367,145.14999389648438,103.7300033569336,176.74000549316406,180.5,290.3500061035156,934.75,128.0,34.2400016784668,50.279998779296875,55.47999954223633,111.69999694824219,155.08999633789062,43.31999969482422,114.87000274658203,387.2099914550781,45.27000045776367,158.47999572753906,180.2100067138672,762.989990234375,172.5,127.2300033569336,86.2300033569336,82.70999908447266,73.9749984741211,27.809999465942383,150.25999450683594,157.1699981689453,48.869998931884766,211.3800048828125,131.1300048828125,521.75,41.720001220703125,143.42999267578125,52.45000076293945,42.93000030517578,39.849998474121094,145.42999267578125,103.94000244140625,173.80999755859375,175.25999450683594,285.6000061035156,919.3400268554688,124.48500061035156,33.31999969482422,48.83000183105469,54.13999938964844,108.83999633789062,149.6699981689453,41.86000061035156,110.72000122070312,379.1400146484375,44.02000045776367,155.88999938964844,176.14999389648438,750.010009765625,168.82000732421875,125.94999694824219,84.41000366210938,81.51000213623047,72.4000015258789,27.219999313354492,147.3699951171875,154.49000549316406,47.7400016784668,208.6300048828125,128.35000610351562,515.7999877929688,40.77000045776367,140.05999755859375,48.619998931884766,41.60499954223633,39.209999084472656,143.99000549316406,100.5999984741211,174.02000427246094,179.13999938964844,287.8800048828125,929.0800170898438,127.99500274658203,33.31999969482422,49.0099983215332,54.220001220703125,109.04000091552734,149.91000366210938,41.86000061035156,110.94999694824219,379.4200134277344,44.7599983215332,155.97999572753906,176.14999389648438,755.7999877929688,169.11000061035156,125.97000122070312,84.44999694824219,82.23999786376953,73.86900329589844,27.25,148.75,155.0,47.849998474121094,211.1233367919922,130.8000030517578,517.3400268554688,40.86000061035156,140.24000549316406,48.72999954223633,41.63999938964844,39.220001220703125,144.1999969482422,100.5999984741211,5276200,51126400,2902000,884300,21873000,41683100,13425800,16865000,9421900,8950300,8847500,3082400,2218900,44024500,7462500,8723400,2507000,2095000,5756700,7993500,11527600,420122000,36111600,1991800,9372400,9901900,2845500,12554000,2292100,7064200,2729900,46473600,43364400,58107900,9294800,23196300
2024-02-16,164.3300018310547,173.8699951171875,264.9327392578125,911.2223510742188,121.53721618652344,32.30885696411133,44.74203109741211,51.432186126708984,103.12804412841797,140.54702758789062,40.63449478149414,105.66238403320312,365.9148864746094,43.060829162597656,147.5722198486328,170.6387481689453,769.9755249023438,161.5666961669922,119.00616455078125,81.09669494628906,78.87010192871094,72.56864166259766,23.838512420654297,137.45460510253906,145.5243682861328,45.91349411010742,205.48692321777344,122.91436767578125,497.3017578125,37.591636657714844,131.0274658203125,49.319618225097656,39.81296157836914,38.28474426269531,140.2892608642578,96.3558349609375,177.49000549316406,173.8699951171875,283.70001220703125,928.9400024414062,124.5479965209961,34.09000015258789,49.86000061035156,54.849998474121094,110.56999969482422,154.6300048828125,43.459999084472656,113.55999755859375,384.44000244140625,43.5099983215332,156.5500030517578,179.02999877929688,782.0599975585938,170.00999450683594,127.79000091552734,86.5,79.5,72.61299896240234,27.6200008392334,148.85000610351562,152.69000244140625,48.56999969482422,208.3733367919922,126.69000244140625,521.5499877929688,41.4900016784668,139.5399932861328,51.90999984741211,42.78499984741211,39.630001068115234,145.6199951171875,103.7300033569336,178.9199981689453,180.3300018310547,287.7099914550781,948.52001953125,127.56800079345703,34.150001525878906,49.869998931884766,55.20000076293945,111.80000305175781,155.77000427246094,43.72999954223633,115.25,387.5799865722656,44.220001220703125,157.25999450683594,179.97999572753906,794.469970703125,172.17999267578125,128.08999633789062,86.79000091552734,81.33999633789062,74.4020004272461,27.889999389648438,149.91000366210938,157.75999450683594,48.88999938964844,212.75,128.63999938964844,523.7899780273438,41.81999969482422,142.25999450683594,52.31999969482422,43.125,39.810001373291016,146.60000610351562,104.62999725341797,176.07000732421875,173.25,283.2699890136719,925.72998046875,124.23899841308594,32.4900016784668,48.93000030517578,54.54999923706055,110.4000015258789,154.08999633789062,42.959999084472656,113.44000244140625,380.95001220703125,43.119998931884766,155.6699981689453,178.16000366210938,763.5,169.91000366210938,126.16999816894531,85.06999969482422,79.25,72.5009994506836,27.209999084472656,147.69000244140625,152.60000610351562,48.2599983215332,207.7566680908203,125.80999755859375,518.8900146484375,40.81999969482422,139.07000732421875,51.31999969482422,42.65999984741211,39.54999923706055,144.82000732421875,103.5199966430664,176.88999938964844,177.4499969482422,287.7099914550781,932.72998046875,125.90399932861328,33.91999816894531,49.310001373291016,54.959999084472656,111.4800033569336,155.3699951171875,43.189998626708984,114.79000091552734,383.239990234375,44.029998779296875,156.60000610351562,179.61000061035156,771.030029296875,171.4600067138672,126.5,85.5199966430664,80.95999908447266,74.0999984741211,27.549999237060547,148.4199981689453,157.47000122070312,48.70000076293945,211.13333129882812,127.12999725341797,522.2999877929688,41.150001525878906,142.25999450683594,51.939998626708984,42.98500061035156,39.72999954223633,145.33999633789062,104.01000213623047,6689900,53940300,3596800,1161300,21268000,33290700,13176500,11527500,6967800,7570200,6176300,4150900,2376800,29975300,8541000,8152600,5009400,1964300,6266800,9673900,15553100,495327000,35935300,1466200,8429100,6365400,4103100,13104400,2135500,7287500,3002100,24359700,26960800,37900000,8424100,20151400
2024-02-20,162.71900939941406,165.69000244140625,264.7553405761719,892.2217407226562,119.68998718261719,32.185646057128906,44.74203109741211,51.966670989990234,102.16737365722656,139.9744110107422,40.587745666503906,105.26228332519531,365.9910583496094,44.060401916503906,148.8070831298828,171.30593872070312,743.9833984375,156.89208984375,118.61502838134766,80.01852416992188,80.07052612304688,69.4095687866211,23.812620162963867,135.4691925048828,144.82861328125,45.86622619628906,202.02883911132812,121.59490966796875,496.83453369140625,37.274513244628906,126.7925796508789,49.18660354614258,39.4500617980957,38.17848205566406,139.8172149658203,95.44549560546875,175.75,165.69000244140625,283.510009765625,909.5700073242188,122.65499877929688,33.959999084472656,49.86000061035156,55.41999816894531,109.54000091552734,154.0,43.40999984741211,113.12999725341797,384.5199890136719,44.52000045776367,157.86000061035156,179.72999572753906,755.6599731445312,164.2899932861328,127.37000274658203,85.3499984741211,80.70999908447266,69.4520034790039,27.59000015258789,146.6999969482422,151.9600067138672,48.52000045776367,204.86666870117188,125.33000183105469,521.0599975585938,41.13999938964844,135.02999877929688,51.77000045776367,42.39500045776367,39.52000045776367,145.1300048828125,102.75,178.67999267578125,171.80999755859375,285.29998779296875,919.97998046875,123.77200317382812,34.09000015258789,50.45000076293945,55.65999984741211,111.62999725341797,155.61000061035156,43.83000183105469,114.29000091552734,385.5799865722656,45.16999816894531,158.61000061035156,180.4600067138672,793.3800048828125,168.80999755859375,129.2899932861328,86.48999786376953,80.7699966430664,71.95600128173828,28.139999389648438,148.4199981689453,152.89999389648438,48.88999938964844,207.16000366210938,127.05999755859375,525.3699951171875,41.54999923706055,139.2100067138672,52.2400016784668,42.85499954223633,39.65999984741211,146.19000244140625,104.12000274658203,175.52000427246094,162.0,280.54998779296875,898.510009765625,121.25599670410156,33.77000045776367,49.66999816894531,54.36000061035156,109.36000061035156,153.8300018310547,43.130001068115234,112.77999877929688,380.8500061035156,43.41999816894531,156.44000244140625,178.41000366210938,753.2000122070312,163.6199951171875,127.20999908447266,85.0999984741211,79.1500015258789,67.73400115966797,27.520000457763672,146.38999938964844,149.8699951171875,48.2599983215332,201.7100067138672,124.1500015258789,519.4099731445312,40.90999984741211,134.66000366210938,51.27000045776367,42.34000015258789,39.31999969482422,144.75999450683594,102.6500015258789,175.8300018310547,171.13999938964844,283.8500061035156,918.5999755859375,123.58599853515625,33.779998779296875,49.88999938964844,54.58000183105469,110.55000305175781,155.47000122070312,43.380001068115234,113.86000061035156,380.95001220703125,44.2599983215332,156.55999755859375,179.19000244140625,790.0,168.66000366210938,128.1300048828125,85.94000244140625,79.33000183105469,71.9469985961914,27.610000610351562,148.02000427246094,151.88999938964844,48.5099983215332,206.4199981689453,126.88999938964844,524.2100219726562,41.11000061035156,139.00999450683594,51.5,42.83000183105469,39.349998474121094,145.72999572753906,103.83999633789062,5484100,66550000,3402000,1044100,26329000,30372900,13778800,16537900,6458300,6977900,6377800,3674600,2358900,61514100,9501700,9668000,4701100,2896200,6952800,6626400,12627200,704833000,34232000,2044300,8745500,10236400,5547600,12038800,2600200,7328500,4060500,19839100,28995600,39952200,9120400,17650000
2024-02-21,162.15426635742188,164.2899932861328,264.7085876464844,890.8876342773438,119.7778091430664,31.93922996520996,45.68425369262695,51.882286071777344,105.27325439453125,141.2832489013672,41.24224090576172,108.26766204833984,369.560302734375,43.021244049072266,149.58006286621094,172.42112731933594,734.3839111328125,158.5728302001953,119.31346130371094,80.12165069580078,80.8443374633789,67.4307861328125,23.88166618347168,135.34913635253906,144.87628173828125,46.518489837646484,201.5653533935547,121.60460662841797,497.7021789550781,36.984588623046875,128.7832794189453,50.032188415527344,40.1898307800293,38.294403076171875,140.12548828125,97.39620971679688,175.13999938964844,164.2899932861328,283.4599914550781,908.2100219726562,122.74500274658203,33.70000076293945,50.90999984741211,55.33000183105469,112.87000274658203,155.44000244140625,44.11000061035156,116.36000061035156,388.2699890136719,43.470001220703125,158.67999267578125,180.89999389648438,745.9099731445312,166.0500030517578,128.1199951171875,85.45999908447266,81.48999786376953,67.47200012207031,27.670000076293945,146.57000732421875,152.00999450683594,49.209999084472656,204.39666748046875,125.33999633789062,521.969970703125,40.81999969482422,137.14999389648438,52.65999984741211,43.189998626708984,39.63999938964844,145.4499969482422,104.8499984741211,176.6300048828125,164.89999389648438,285.7799987792969,908.6699829101562,122.80500030517578,33.7400016784668,50.93000030517578,55.459999084472656,113.66999816894531,155.57000732421875,44.630001068115234,117.08999633789062,388.6600036621094,44.689998626708984,158.69000244140625,180.99000549316406,749.5,166.3699951171875,128.16000366210938,85.4800033569336,81.5,68.88800048828125,27.68000030517578,146.7100067138672,152.0500030517578,49.279998779296875,204.44667053222656,125.37999725341797,523.6900024414062,41.060001373291016,137.1699981689453,52.68000030517578,43.22999954223633,39.63999938964844,145.49000549316406,104.9800033569336,173.5,161.80999755859375,280.79998779296875,892.6300048828125,120.26399993896484,33.16999816894531,49.540000915527344,54.97999954223633,109.69999694824219,154.10000610351562,43.650001525878906,113.88999938964844,381.260009765625,43.08000183105469,157.1300048828125,178.52000427246094,733.239990234375,163.89999389648438,126.80000305175781,84.52999877929688,79.94000244140625,66.24800109863281,27.360000610351562,139.69000244140625,148.89999389648438,48.59000015258789,201.47999572753906,122.91000366210938,517.5399780273438,40.33000183105469,135.14999389648438,51.130001068115234,42.54499816894531,39.33000183105469,144.24000549316406,102.98999786376953,176.2899932861328,162.74000549316406,284.8399963378906,897.4500122070312,121.80000305175781,33.36000061035156,49.93000030517578,55.2599983215332,110.0,154.57000732421875,43.720001220703125,114.30000305175781,381.8399963378906,44.47999954223633,158.02000427246094,179.9499969482422,738.0800170898438,164.6199951171875,127.44000244140625,85.01000213623047,80.79000091552734,68.00599670410156,27.600000381469727,145.57000732421875,149.8300018310547,48.779998779296875,202.5500030517578,124.43000030517578,523.6699829101562,40.959999084472656,135.27999877929688,51.63999938964844,42.57500076293945,39.470001220703125,144.66000366210938,103.0199966430664,3818500,48365700,1934300,867500,20579000,37847100,12283500,9317200,6925500,6628900,7520000,3111600,1772500,57485200,7472500,7024000,3541800,2544000,4849200,6444000,9913300,673755000,27348300,2795300,9760300,9693000,4471500,11469700,2095900,8312200,3130200,18562500,28745800,40242400,7213500,20991300
2024-02-22,163.6448516845703,181.86000061035156,266.3148193359375,933.6953125,127.33556365966797,31.853927612304688,46.061134338378906,52.41676712036133,104.66699981689453,141.274169921875,41.11133575439453,108.30487823486328,371.6543273925781,42.53630065917969,151.24856567382812,174.48939514160156,757.747314453125,160.19630432128906,120.37511444091797,80.48729705810547,85.22932434082031,78.49002075195312,23.77809715270996,134.2594757080078,147.48770141601562,46.565757751464844,211.49916076660156,125.22345733642578,502.0216979980469,37.464786529541016,131.25283813476562,50.70676040649414,40.259620666503906,38.7387809753418,141.7729034423828,97.3126220703125,176.75,181.86000061035156,285.17999267578125,951.8499755859375,130.49000549316406,33.61000061035156,51.33000183105469,55.900001525878906,112.22000122070312,155.42999267578125,43.970001220703125,116.4000015258789,390.4700012207031,42.97999954223633,160.4499969482422,183.07000732421875,769.6400146484375,167.75,129.25999450683594,85.8499984741211,85.91000366210938,78.53800201416016,27.549999237060547,145.38999938964844,154.75,49.2599983215332,214.47000122070312,129.07000732421875,526.5,41.349998474121094,139.77999877929688,53.369998931884766,43.26499938964844,40.099998474121094,147.16000366210938,104.76000213623047,177.33999633789062,183.8300018310547,285.7200012207031,959.4600219726562,131.09800720214844,34.06999969482422,51.40999984741211,56.470001220703125,112.91000366210938,156.6300048828125,44.27000045776367,117.06999969482422,395.6000061035156,44.68000030517578,160.74000549316406,183.4199981689453,775.1199951171875,167.97999572753906,129.72000122070312,86.73999786376953,86.30999755859375,78.57499694824219,27.700000762939453,148.0,155.50999450683594,49.599998474121094,215.6266632080078,131.47999572753906,526.739990234375,42.040000915527344,139.9199981689453,53.90999984741211,43.44499969482422,40.2400016784668,147.42999267578125,105.41000366210938,173.13999938964844,172.0,281.29998779296875,941.2000122070312,127.64700317382812,33.369998931884766,50.33000183105469,55.40999984741211,111.30999755859375,153.8300018310547,43.31999969482422,115.26000213623047,389.0,42.529998779296875,157.77000427246094,181.24000549316406,756.27001953125,163.66000366210938,127.6500015258789,85.5999984741211,83.87999725341797,74.22000122070312,27.190000534057617,144.8300018310547,152.32000732421875,48.83000183105469,211.50332641601562,129.0,518.5900268554688,41.08000183105469,134.38999938964844,52.75,42.709999084472656,39.790000915527344,145.3300018310547,103.44999694824219,174.77999877929688,173.1999969482422,282.4800109863281,946.9199829101562,128.17100524902344,33.369998931884766,50.58000183105469,55.439998626708984,112.05999755859375,154.82000732421875,43.689998626708984,115.68000030517578,389.2300109863281,44.68000030517578,158.97999572753906,181.82000732421875,763.5800170898438,165.1199951171875,128.14999389648438,85.94999694824219,85.0,75.0250015258789,27.59000015258789,145.7899932861328,154.77000427246094,49.16999816894531,212.44332885742188,129.69000244140625,524.2000122070312,41.349998474121094,136.0800018310547,52.83000183105469,42.915000915527344,39.86000061035156,145.63999938964844,104.16000366210938,4852300,100684700,2992700,1780800,40819000,42756900,12862900,12904800,5104900,8874900,10886600,4753400,2326800,62809300,8065000,9296500,3167400,2561300,6517400,6782100,17510900,865100000,31957500,2457300,11407500,8047900,6676500,17014100,3186800,10999900,3467800,20467900,35206800,55188200,9130000,20470700
2024-02-23,164.88551330566406,176.52000427246094,270.0502014160156,915.4500732421875,126.50318145751953,32.147727966308594,46.35726547241211,52.44489288330078,104.0047836303711,140.5742950439453,41.027191162109375,104.08061981201172,372.20635986328125,42.54619598388672,152.558837890625,175.36630249023438,757.6488037109375,161.90570068359375,120.55204772949219,81.1435775756836,85.318603515625,78.76885986328125,23.959346771240234,134.93357849121094,147.64019775390625,46.14982223510742,209.21786499023438,125.66973114013672,502.7272033691406,37.473846435546875,132.94302368164062,51.17230987548828,39.99441146850586,38.93199157714844,142.447265625,96.45800018310547,178.08999633789062,176.52000427246094,289.17999267578125,933.25,129.63699340820312,33.91999816894531,51.65999984741211,55.93000030517578,111.51000213623047,154.66000366210938,43.880001068115234,111.86000061035156,391.04998779296875,42.9900016784668,161.83999633789062,183.99000549316406,769.5399780273438,169.5399932861328,129.4499969482422,86.55000305175781,86.0,78.81700134277344,27.760000228881836,146.1199951171875,154.91000366210938,48.81999969482422,212.1566619873047,129.52999877929688,527.239990234375,41.36000061035156,141.5800018310547,53.86000061035156,42.97999954223633,40.29999923706055,147.86000061035156,103.83999633789062,178.91000366210938,183.8000030517578,292.239990234375,954.5599975585938,131.96200561523438,34.04999923706055,51.91999816894531,56.34000015258789,112.26000213623047,154.9199981689453,44.119998931884766,112.87999725341797,396.7900085449219,43.5099983215332,162.25,185.1999969482422,777.6500244140625,170.47000122070312,130.24000549316406,87.25,86.81999969482422,82.39399719238281,28.09000015258789,147.8300018310547,156.91000366210938,49.06999969482422,216.66000366210938,131.00999450683594,530.5,41.68000030517578,141.92999267578125,54.02000045776367,43.119998931884766,40.470001220703125,148.27000427246094,104.08999633789062,177.00999450683594,174.5500030517578,286.010009765625,932.7899780273438,128.8820037841797,33.4900016784668,50.72999954223633,55.75,110.0999984741211,153.25,43.130001068115234,109.05999755859375,389.2099914550781,42.65999984741211,160.16000366210938,183.19000244140625,762.260009765625,166.1999969482422,128.86000061035156,85.95999908447266,85.05000305175781,77.56999969482422,27.690000534057617,144.7100067138672,154.3300018310547,48.41999816894531,211.02667236328125,127.7300033569336,524.1599731445312,41.09000015258789,138.4600067138672,53.41999816894531,42.56999969482422,40.220001220703125,147.33999633789062,102.87999725341797,177.25999450683594,181.86000061035156,286.5199890136719,952.280029296875,130.83700561523438,33.72999954223633,51.400001525878906,55.9900016784668,111.08999633789062,154.8699951171875,43.5099983215332,109.86000061035156,390.0,43.130001068115234,160.8800048828125,183.80999755859375,774.0,167.02999877929688,129.7899932861328,86.06999969482422,86.55000305175781,80.79000091552734,27.75,145.25999450683594,155.6999969482422,48.880001068115234,215.5500030517578,130.5,526.75,41.369998931884766,139.00999450683594,53.529998779296875,42.845001220703125,40.25,147.66000366210938,103.87999725341797,3941800,69207400,2462400,879000,23115000,30586000,11052500,11668900,5206200,6561600,7029700,6200500,2247400,33810700,6726000,7105800,2394800,1929200,5177400,5810100,10232800,829388000,33182600,1837900,5953300,7420700,5105100,10123300,2502000,6424400,2520800,20863500,28952400,42190500,9194600,15975900
2024-02-26,165.55215454101562,176.00999450683594,267.42608642578125,929.5166015625,127.74835968017578,31.853927612304688,45.33428192138672,51.91041564941406,104.85353088378906,140.38340759277344,40.98044204711914,104.25740814208984,371.4163513183594,42.54619598388672,151.5690460205078,174.76580810546875,759.9921264648438,164.6750946044922,119.98397064208984,80.31855010986328,88.75118255615234,79.04369354248047,23.458751678466797,133.7607879638672,149.6606903076172,45.9040412902832,211.28219604492188,126.74666595458984,500.89654541015625,37.00271224975586,136.2388916015625,51.4288330078125,40.13399887084961,38.7387809753418,141.715087890625,96.83885955810547,178.80999755859375,176.00999450683594,286.3699951171875,947.5900268554688,130.91299438476562,33.61000061035156,50.52000045776367,55.36000061035156,112.41999816894531,154.4499969482422,43.83000183105469,112.05000305175781,390.2200012207031,42.9900016784668,160.7899932861328,183.36000061035156,771.9199829101562,172.44000244140625,128.83999633789062,85.66999816894531,89.45999908447266,79.09200286865234,27.18000030517578,144.85000610351562,157.02999877929688,48.560001373291016,214.25,130.63999938964844,525.3200073242188,40.84000015258789,145.08999633789062,54.130001068115234,43.130001068115234,40.099998474121094,147.10000610351562,104.25,179.7899932861328,179.83999633789062,289.8699951171875,951.719970703125,131.87899780273438,34.220001220703125,51.68000030517578,56.5099983215332,112.5199966430664,155.5500030517578,44.349998474121094,113.19000244140625,396.05999755859375,43.68000030517578,162.00999450683594,184.4600067138672,780.219970703125,175.2899932861328,129.6999969482422,87.33999633789062,92.3499984741211,80.64600372314453,27.670000076293945,147.0,157.47999572753906,49.02000045776367,215.2066650390625,131.22999572753906,532.8099975585938,41.43000030517578,147.05999755859375,54.560001373291016,43.415000915527344,40.529998779296875,148.11000061035156,104.94000244140625,178.0,174.80999755859375,285.42999267578125,936.2000122070312,130.14599609375,33.529998779296875,50.470001220703125,55.34000015258789,110.61000061035156,153.8300018310547,43.47999954223633,111.12999725341797,388.82000732421875,42.81999969482422,160.57000732421875,182.47999572753906,769.1199951171875,169.02999877929688,128.47000122070312,85.55999755859375,88.9000015258789,78.50499725341797,27.06999969482422,144.72999572753906,155.7899932861328,48.40999984741211,212.75999450683594,128.55999755859375,524.3099975585938,40.650001525878906,141.19000244140625,53.68000030517578,42.71500015258789,40.029998779296875,146.97000122070312,103.05000305175781,178.83999633789062,178.77999877929688,288.2799987792969,941.510009765625,131.0,33.790000915527344,51.560001373291016,55.959999084472656,111.19999694824219,154.5399932861328,43.72999954223633,111.52999877929688,391.04998779296875,43.5,161.8000030517578,183.75,771.2999877929688,169.6300048828125,129.3800048828125,86.5,89.68000030517578,79.69999694824219,27.670000076293945,145.39999389648438,156.0,48.70000076293945,214.29666137695312,130.02000427246094,528.3200073242188,41.11000061035156,141.94000244140625,53.75,42.93000030517578,40.2599983215332,147.77000427246094,103.72000122070312,4327400,45435100,2448900,671300,16282000,31129200,9690400,12307100,5751200,6900800,8164000,4035300,1797800,27035400,5465400,7145400,2243800,2736000,5158400,5608100,28920100,503973000,45685500,1416200,6307600,5793800,3759000,9526700,2308900,6154100,3350600,18099900,23376400,38370000,7248300,13360800
2024-02-27,165.71881103515625,178.0,260.0674133300781,923.4151611328125,126.4895248413086,32.488922119140625,45.3253059387207,52.23860549926758,104.09806823730469,138.30198669433594,41.43857955932617,106.01595306396484,371.9779357910156,42.28887939453125,151.74815368652344,174.85159301757812,753.1790161132812,163.42410278320312,120.16091918945312,80.1497802734375,91.12226104736328,78.65292358398438,23.208457946777344,134.77659606933594,150.87109375,45.809505462646484,211.0718231201172,124.75775146484375,489.5497741699219,37.48291015625,134.25759887695312,52.07490539550781,39.961849212646484,38.845054626464844,141.3682403564453,96.63450622558594,178.99000549316406,178.0,278.489990234375,941.3699951171875,129.6230010986328,34.279998779296875,50.5099983215332,55.709999084472656,111.61000061035156,152.16000366210938,44.31999969482422,113.94000244140625,390.80999755859375,42.72999954223633,160.97999572753906,183.4499969482422,765.0,171.1300048828125,129.02999877929688,85.48999786376953,91.8499984741211,78.70099639892578,26.889999389648438,145.9499969482422,158.3000030517578,48.459999084472656,214.0366668701172,128.58999633789062,513.4199829101562,41.369998931884766,142.97999572753906,54.810001373291016,42.94499969482422,40.209999084472656,146.74000549316406,104.02999877929688,179.52999877929688,178.4600067138672,281.2200012207031,957.760009765625,131.19400024414062,34.43000030517578,50.720001220703125,55.91999816894531,113.33000183105469,153.8800048828125,44.630001068115234,114.16999816894531,395.8999938964844,43.27000045776367,161.0399932861328,183.5399932861328,772.9500122070312,174.16000366210938,129.16000366210938,86.44999694824219,92.75,79.4800033569336,27.200000762939453,146.75999450683594,159.1999969482422,49.0099983215332,215.8333282470703,131.97000122070312,525.5900268554688,41.86000061035156,146.9499969482422,54.88999938964844,43.35499954223633,40.220001220703125,147.19000244140625,105.1500015258789,176.97999572753906,172.49000549316406,277.0899963378906,940.3599853515625,129.2220001220703,33.709999084472656,50.150001525878906,55.220001220703125,111.05999755859375,149.89999389648438,43.95000076293945,112.11000061035156,389.3299865722656,42.5099983215332,159.63999938964844,182.24000549316406,745.4400024414062,170.91000366210938,127.80000305175781,85.12000274658203,90.48999786376953,77.16200256347656,26.809999465942383,144.8699951171875,157.49000549316406,48.15999984741211,213.48333740234375,128.58999633789062,512.0499877929688,41.08000183105469,142.91000366210938,54.2400016784668,42.724998474121094,39.939998626708984,146.0399932861328,103.8499984741211,178.77000427246094,175.9199981689453,279.1000061035156,953.0,130.91299438476562,33.72999954223633,50.56999969482422,55.68000030517578,113.02999877929688,153.1999969482422,44.130001068115234,113.0,392.260009765625,43.25,160.33999633789062,183.30999755859375,754.9000244140625,172.9199981689453,128.25999450683594,85.97000122070312,91.88999938964844,79.38099670410156,27.1200008392334,145.47000122070312,157.75,48.93000030517578,215.28334045410156,130.77000427246094,524.760009765625,41.25,146.36000061035156,54.279998779296875,43.16999816894531,40.13999938964844,146.3800048828125,104.68000030517578,3888500,43665200,3353700,807500,12126000,40536300,8145100,11039300,5060000,15093800,7475100,4337100,1724900,25126400,5078600,5717100,2716700,2046200,4780200,8066700,21422700,391705000,38598400,1206800,6021400,8009200,4560900,8851800,3780600,6489100,3047800,19548200,26317400,42599500,7374000,16360000
2024-02-28,164.80221557617188,176.5399932861328,259.1054992675781,921.5808715820312,125.82499694824219,32.517356872558594,45.69321823120117,51.61973190307617,104.4991226196289,138.46559143066406,41.16743850708008,106.2299575805664,376.8857727050781,41.5565185546875,152.2854766845703,175.7379913330078,745.9328002929688,159.6328582763672,119.37866973876953,80.67481231689453,88.99920654296875,77.61555480957031,23.337923049926758,134.53651428222656,149.29052734375,45.525917053222656,208.698486328125,123.58382415771484,475.1136779785156,37.34700012207031,130.71759033203125,51.9893913269043,39.882755279541016,38.989959716796875,140.66497802734375,96.90389251708984,178.0,176.5399932861328,277.4599914550781,939.5,128.94200134277344,34.310001373291016,50.91999816894531,55.04999923706055,112.04000091552734,152.33999633789062,44.029998779296875,114.16999816894531,393.17999267578125,41.9900016784668,161.5500030517578,184.3800048828125,757.6400146484375,167.16000366210938,128.19000244140625,86.05000305175781,89.70999908447266,77.66300201416016,27.040000915527344,145.69000244140625,155.85000610351562,48.15999984741211,211.6300048828125,127.37999725341797,498.2799987792969,41.220001220703125,139.2100067138672,54.720001220703125,42.86000061035156,40.36000061035156,146.00999450683594,104.31999969482422,179.88999938964844,176.83999633789062,280.42999267578125,943.5,129.8520050048828,34.599998474121094,50.970001220703125,56.18000030517578,113.31999969482422,153.86000061035156,44.91999816894531,115.29000091552734,393.260009765625,42.45000076293945,161.61000061035156,185.1999969482422,763.0,171.57000732421875,129.39999389648438,86.08999633789062,90.79000091552734,78.93299865722656,27.239999771118164,147.74000549316406,156.5399932861328,48.7400016784668,212.75999450683594,128.5800018310547,498.54998779296875,41.54999923706055,142.27999877929688,55.41999816894531,43.32500076293945,40.5,146.27999877929688,105.43000030517578,176.88999938964844,173.58999633789062,277.0899963378906,935.0999755859375,128.2969970703125,34.11000061035156,50.369998931884766,54.9900016784668,111.1500015258789,151.77999877929688,43.72999954223633,112.86000061035156,387.0,41.90999984741211,160.2899932861328,182.9600067138672,751.6599731445312,166.3699951171875,127.69999694824219,85.27999877929688,89.30000305175781,77.125,26.81999969482422,145.1999969482422,154.9600067138672,47.95000076293945,210.6366729736328,126.6500015258789,484.3900146484375,40.849998474121094,138.39999389648438,54.56999969482422,42.689998626708984,40.119998931884766,145.32000732421875,104.0,179.85000610351562,176.25,278.989990234375,939.0399780273438,129.3000030517578,34.220001220703125,50.5099983215332,55.52000045776367,111.9000015258789,152.36000061035156,44.099998474121094,113.98999786376953,387.19000244140625,42.439998626708984,161.0,183.42999267578125,762.25,170.74000549316406,129.33999633789062,85.43000030517578,90.45999908447266,77.62000274658203,26.959999084472656,145.1999969482422,156.0,48.2400016784668,211.6666717529297,128.5,495.44000244140625,41.099998474121094,142.25999450683594,54.7400016784668,43.0,40.130001068115234,146.1199951171875,104.47000122070312,4331300,35914400,3027000,519700,10967000,39548600,7974500,13448100,4578900,6715900,11356000,3162400,2572900,26928500,6071100,6131600,2716300,2605000,5697200,5624100,14190700,393110000,31010200,1178400,5211000,6991600,2923800,6519100,9558600,6768200,3895200,20045200,26679600,40040800,8038800,14810500
2024-02-29,162.99681091308594,192.52999877929688,255.7156524658203,933.5284423828125,126.90523529052734,32.94684982299805,45.540672302246094,52.032318115234375,104.96546173095703,138.16563415527344,41.195491790771484,106.49979400634766,372.9268798828125,42.60557556152344,152.12522888183594,177.33924865722656,742.0338745117188,161.60964965820312,118.41015625,80.66543579101562,89.89208984375,79.06366729736328,22.923635482788086,135.93089294433594,151.1488800048828,45.686622619628906,214.35240173339844,124.83537292480469,470.6512451171875,38.01747131347656,132.830322265625,52.81597900390625,40.07816696166992,38.97064971923828,139.5185546875,97.08967590332031,176.0500030517578,192.52999877929688,273.8299865722656,951.6799926757812,130.0489959716797,34.52000045776367,50.75,55.4900016784668,112.54000091552734,152.00999450683594,44.060001373291016,114.45999908447266,389.04998779296875,43.04999923706055,161.3800048828125,186.05999755859375,753.6799926757812,169.22999572753906,127.1500015258789,86.04000091552734,90.61000061035156,79.11199951171875,26.559999465942383,147.1999969482422,157.7899932861328,48.33000183105469,217.3633270263672,128.6699981689453,493.6000061035156,41.959999084472656,141.4600067138672,55.59000015258789,43.06999969482422,40.34000015258789,144.82000732421875,104.5199966430664,178.02000427246094,193.0,279.8299865722656,952.4500122070312,130.83999633789062,34.650001525878906,51.16999816894531,55.650001525878906,113.16000366210938,153.24000549316406,44.439998626708984,115.38999938964844,395.9800109863281,43.150001525878906,162.19000244140625,186.42999267578125,756.4600219726562,170.0,128.85000610351562,86.63999938964844,90.83000183105469,79.98999786376953,27.190000534057617,148.75,158.1999969482422,48.880001068115234,217.8000030517578,129.19000244140625,501.75,42.18000030517578,141.85000610351562,55.70000076293945,43.209999084472656,40.54999923706055,146.24000549316406,105.06999969482422,175.38999938964844,179.82000732421875,273.42999267578125,938.4199829101562,128.72799682617188,34.150001525878906,50.279998779296875,54.63999938964844,111.8499984741211,151.47999572753906,43.84000015258789,113.83000183105469,385.6700134277344,42.36000061035156,160.94000244140625,183.85000610351562,744.030029296875,166.5,127.05999755859375,85.3499984741211,88.81999969482422,78.3499984741211,26.549999237060547,145.92999267578125,156.17999267578125,48.130001068115234,213.5833282470703,127.1500015258789,491.6000061035156,41.4900016784668,138.25,54.939998626708984,42.83000183105469,40.16999816894531,144.72000122070312,104.22000122070312,177.8699951171875,179.82000732421875,278.5199890136719,939.5,130.33099365234375,34.33000183105469,50.959999084472656,55.5,112.51000213623047,152.91000366210938,44.189998626708984,114.76000213623047,395.2200012207031,42.369998931884766,162.0,185.66000366210938,753.0800170898438,167.3699951171875,128.10000610351562,86.48999786376953,90.6500015258789,79.09400177001953,27.06999969482422,147.9499969482422,156.8699951171875,48.56999969482422,214.25332641601562,128.02999877929688,498.5,41.7400016784668,139.25,55.040000915527344,42.95000076293945,40.459999084472656,146.0,104.68000030517578,7485700,105538500,5863400,777600,27536000,43863400,14655700,23744600,6624000,9334400,7975100,4341300,3139100,48875100,9849100,9643000,3905400,4548200,11246100,7657100,17027000,507289000,54643200,2726000,8321400,12542800,3382800,9369900,6833200,9000700,4222500,28335600,27335400,37629700,9435600,17566100
2024-03-01,165.6447296142578,202.63999938964844,261.7856750488281,972.0397338867188,136.53469848632812,32.78459548950195,45.666297912597656,52.13545227050781,106.55104064941406,138.8927764892578,41.5040283203125,108.02574157714844,372.0162658691406,43.36763000488281,152.82278442382812,176.60531616210938,770.0343627929688,165.4104461669922,118.23321533203125,81.07794952392578,94.3961181640625,82.22872161865234,22.949535369873047,136.4942169189453,156.22581481933594,46.65082550048828,223.47427368164062,129.9095001220703,466.7704772949219,37.5282096862793,134.53932189941406,52.31243133544922,40.54343032836914,38.92233657836914,140.98291015625,98.31582641601562,178.91000366210938,202.63999938964844,280.3299865722656,990.9400024414062,139.91700744628906,34.349998474121094,50.88999938964844,55.599998474121094,114.23999786376953,152.80999755859375,44.38999938964844,116.0999984741211,388.1000061035156,43.81999969482422,162.1199951171875,185.2899932861328,782.1199951171875,173.2100067138672,126.95999908447266,86.4800033569336,95.1500015258789,82.27899932861328,26.59000015258789,147.80999755859375,163.08999633789062,49.349998474121094,226.6133270263672,133.89999389648438,489.5299987792969,41.41999816894531,143.27999877929688,55.060001373291016,43.56999969482422,40.290000915527344,146.33999633789062,105.83999633789062,179.19000244140625,202.72000122070312,281.92999267578125,991.4500122070312,140.7760009765625,34.650001525878906,51.08000183105469,55.95000076293945,115.52999877929688,154.35000610351562,44.790000915527344,116.7300033569336,391.0400085449219,44.27000045776367,162.57000732421875,186.44000244140625,784.0800170898438,174.3300018310547,127.8499984741211,86.79000091552734,96.05999755859375,82.30000305175781,26.899999618530273,148.16000366210938,164.0,49.720001220703125,227.58999633789062,136.64999389648438,490.0199890136719,41.900001525878906,144.13999938964844,55.75,43.77000045776367,40.41999816894531,146.44000244140625,106.38999938964844,175.75,195.4199981689453,274.8800048828125,950.27001953125,132.0,34.029998779296875,50.439998626708984,55.06999969482422,113.62999725341797,152.25,44.08000183105469,115.29000091552734,385.25,43.130001068115234,161.08999633789062,185.10000610351562,764.1300048828125,170.35000610351562,126.41999816894531,85.11000061035156,91.91999816894531,79.43499755859375,26.510000228881836,145.27999877929688,158.07000732421875,48.810001373291016,219.6266632080078,130.10000610351562,477.25,40.93000030517578,142.3699951171875,54.900001525878906,43.30500030517578,40.15999984741211,144.50999450683594,105.37999725341797,176.0500030517578,197.91000366210938,276.5,951.5800170898438,132.59300231933594,34.529998779296875,50.939998626708984,55.47999954223633,113.80000305175781,153.0500030517578,44.45000076293945,115.69999694824219,389.6300048828125,43.40999984741211,161.8300018310547,185.6999969482422,769.02001953125,170.35000610351562,126.87000274658203,86.22000122070312,91.91999816894531,80.0,26.829999923706055,147.4600067138672,159.38999938964844,49.0,219.8766632080078,130.1300048828125,489.4200134277344,41.61000061035156,142.4499969482422,55.400001525878906,43.380001068115234,40.33000183105469,145.14999389648438,105.72000122070312,4028700,103820800,3772700,1698200,44488000,38432300,10892300,12922400,5094300,7459100,12033200,2998400,1697700,41426100,5670100,6311800,4247500,2762900,6023400,5523700,23446200,479135000,46392100,1750200,10405700,8507700,6123000,24393000,7315000,8899400,2003800,17761000,32459600,40794900,8741400,18460100
2024-03-04,163.9226531982422,205.36000061035156,260.90789794921875,979.0042724609375,136.83624267578125,33.548133850097656,45.69321823120117,52.64181137084961,104.12603759765625,135.32070922851562,41.48533248901367,107.77452850341797,375.99432373046875,45.13915252685547,150.6735382080078,177.93019104003906,780.0374145507812,165.9261016845703,115.52323150634766,84.41557312011719,95.01119995117188,85.18492889404297,22.345369338989258,141.97021484375,159.54978942871094,46.71699905395508,225.67010498046875,134.1395721435547,459.4666442871094,38.68794631958008,135.87269592285156,53.02500534057617,40.11073684692383,39.01893997192383,140.77096557617188,96.9410400390625,177.0500030517578,205.36000061035156,279.3900146484375,998.0399780273438,140.2259979248047,35.150001525878906,50.91999816894531,56.13999938964844,111.63999938964844,148.8800048828125,44.369998931884766,115.83000183105469,392.25,45.61000061035156,159.83999633789062,186.67999267578125,792.280029296875,173.75,124.05000305175781,90.04000091552734,95.7699966430664,85.23699951171875,25.889999389648438,153.74000549316406,166.55999755859375,49.41999816894531,228.83999633789062,138.25999450683594,481.8699951171875,42.70000076293945,144.6999969482422,55.810001373291016,43.10499954223633,40.38999938964844,146.1199951171875,104.36000061035156,179.97999572753906,211.00999450683594,285.8900146484375,1007.6799926757812,143.81700134277344,35.41999816894531,52.20000076293945,56.56999969482422,114.38999938964844,152.58999633789062,44.720001220703125,118.1500015258789,396.57000732421875,46.61000061035156,161.61000061035156,187.58999633789062,800.780029296875,175.97000122070312,126.54000091552734,91.23999786376953,97.37999725341797,87.69499969482422,26.459999084472656,156.38999938964844,167.8300018310547,49.959999084472656,231.3433380126953,141.99000549316406,487.0400085449219,43.5,147.42999267578125,56.560001373291016,43.65999984741211,40.5,146.67999267578125,105.8499984741211,176.27999877929688,203.5,277.6499938964844,987.75,138.5189971923828,34.25,50.720001220703125,55.290000915527344,111.58000183105469,147.6699981689453,44.2400016784668,115.73999786376953,386.20001220703125,43.849998474121094,158.27000427246094,184.27000427246094,786.1599731445312,171.33999633789062,123.29000091552734,87.55000305175781,94.62000274658203,83.71900177001953,25.610000610351562,150.33999633789062,164.72000122070312,49.0099983215332,227.57666015625,137.67999267578125,480.1000061035156,42.130001068115234,142.97999572753906,54.72999954223633,43.064998626708984,40.209999084472656,145.77000427246094,104.02999877929688,178.35000610351562,205.16000366210938,283.260009765625,992.5999755859375,140.31500244140625,34.290000915527344,51.279998779296875,55.40999984741211,114.04000091552734,152.5,44.529998779296875,117.62999725341797,388.80999755859375,44.27000045776367,161.32000732421875,184.7100067138672,796.4400024414062,172.7100067138672,124.45999908447266,87.87999725341797,96.93000030517578,84.12999725341797,26.299999237060547,150.99000549316406,165.1199951171875,49.54999923706055,229.1266632080078,139.94000244140625,483.239990234375,42.41999816894531,143.50999450683594,54.869998931884766,43.54499816894531,40.220001220703125,145.9199981689453,105.66000366210938,4723600,86835300,2470300,1433000,34854000,49136400,19033400,14314700,5877200,12503200,7332700,5192400,1955100,59990800,8532900,7063600,3855600,3154600,12706200,19876000,20913200,615616000,86777700,5796800,11865100,7684100,7328400,26544600,5239800,10499700,4296400,19483500,33198000,53413200,10657800,18138000
2024-03-05,165.87620544433594,205.1300048828125,258.3490905761719,950.3612060546875,131.029052734375,33.777198791503906,46.50083541870117,52.75432586669922,103.73429870605469,135.96600341796875,42.14917755126953,108.1187973022461,374.7098388671875,42.714439392089844,150.79608154296875,179.71255493164062,765.5744018554688,167.2821807861328,114.38709259033203,83.56240844726562,93.72150421142578,85.91551971435547,22.509355545043945,143.2445831298828,154.65484619140625,46.94387435913086,221.24557495117188,130.94761657714844,451.1520080566406,39.1862678527832,135.50650024414062,53.77558135986328,40.40850830078125,39.028602600097656,139.7208709716797,98.13005065917969,179.16000366210938,205.1300048828125,276.6499938964844,968.8400268554688,134.27499389648438,35.38999938964844,51.81999969482422,56.2599983215332,111.22000122070312,149.58999633789062,45.08000183105469,116.19999694824219,390.9100036621094,43.15999984741211,159.97000122070312,188.5500030517578,777.5900268554688,175.1699981689453,122.83000183105469,89.12999725341797,94.47000122070312,85.96399688720703,26.079999923706055,155.1199951171875,161.4499969482422,49.65999984741211,224.35333251953125,134.97000122070312,473.1499938964844,43.25,144.30999755859375,56.599998474121094,43.42499923706055,40.400001525878906,145.02999877929688,105.63999938964844,179.58999633789062,205.3300018310547,279.75,992.0399780273438,139.5,35.720001220703125,52.11000061035156,57.560001373291016,112.80000305175781,150.6199951171875,45.40999984741211,117.87999725341797,397.489990234375,44.869998931884766,161.24000549316406,189.3000030517578,788.530029296875,177.99000549316406,125.04000091552734,91.13999938964844,95.37000274658203,86.09700012207031,26.420000076293945,157.30999755859375,165.58999633789062,50.040000915527344,227.64332580566406,137.42999267578125,482.8999938964844,43.77000045776367,147.58999633789062,57.099998474121094,43.70500183105469,40.630001068115234,146.41000366210938,106.2699966430664,177.7899932861328,199.14999389648438,275.0199890136719,958.6900024414062,133.23699951171875,34.869998931884766,50.9900016784668,55.75,110.8499984741211,148.3000030517578,44.33000183105469,115.4000015258789,390.30999755859375,42.689998626708984,159.1999969482422,186.36000061035156,769.280029296875,172.94000244140625,122.38999938964844,88.62000274658203,93.27999877929688,83.41699981689453,25.690000534057617,152.92999267578125,160.22999572753906,49.209999084472656,221.89332580566406,133.72999572753906,470.6199951171875,42.5099983215332,143.0800018310547,55.43000030517578,42.98500061035156,40.25,144.5500030517578,104.31999969482422,177.7899932861328,200.5,279.6199951171875,989.7100219726562,139.5,34.93000030517578,51.0099983215332,55.75,111.20999908447266,148.8300018310547,44.599998474121094,115.70999908447266,390.7200012207031,44.560001373291016,160.6199951171875,186.36000061035156,785.3099975585938,173.25,124.68000030517578,89.19000244140625,94.25,85.2699966430664,25.8700008392334,153.32000732421875,164.72999572753906,49.209999084472656,226.07333374023438,137.1199951171875,482.3900146484375,42.5099983215332,144.58999633789062,55.709999084472656,43.040000915527344,40.25,146.1699981689453,104.52999877929688,5309800,65407100,3064000,1259500,36040000,47591600,15110700,19653900,6247000,6985500,9578300,4264900,2697800,56655100,8298200,6617800,3168700,2777800,8277800,13883600,12887500,520639000,73646100,2748500,9608800,6684300,7260000,13694700,5296200,9523700,2678100,21786100,32174200,50770200,9743400,19952700
2024-03-06,167.6352996826172,210.6300048828125,258.2930603027344,984.7819213867188,131.73655700683594,33.80583953857422,47.90070343017578,53.72015380859375,104.45247650146484,134.82078552246094,42.495121002197266,108.38862609863281,373.4253845214844,44.05050277709961,150.20220947265625,180.6466064453125,767.7208251953125,167.29171752929688,115.24385070800781,80.30917358398438,94.80286407470703,88.64997100830078,23.46738624572754,138.86744689941406,160.8238067626953,47.29363250732422,226.68252563476562,137.35093688964844,450.6276550292969,39.04130172729492,135.62855529785156,54.260135650634766,40.53412628173828,39.23147964477539,140.67462158203125,99.17971801757812,181.05999755859375,210.6300048828125,276.5899963378906,1003.9299926757812,135.0,35.41999816894531,53.380001068115234,57.290000915527344,111.98999786376953,148.3300018310547,45.45000076293945,116.48999786376953,389.57000732421875,44.5099983215332,159.33999633789062,189.52999877929688,779.77001953125,175.17999267578125,123.75,85.66000366210938,95.55999755859375,88.69999694824219,27.190000534057617,150.3800048828125,167.88999938964844,50.029998779296875,229.86666870117188,141.57000732421875,472.6000061035156,43.09000015258789,144.44000244140625,57.11000061035156,43.560001373291016,40.61000061035156,146.02000427246094,106.7699966430664,182.16000366210938,214.80999755859375,278.9700012207031,1009.6300048828125,139.48300170898438,35.790000915527344,53.810001373291016,57.54999923706055,112.9000015258789,152.41000366210938,45.619998931884766,117.37999725341797,395.2900085449219,45.5099983215332,160.92999267578125,190.07000732421875,787.8499755859375,177.36000061035156,124.76000213623047,87.94999694824219,96.43000030517578,89.7239990234375,27.299999237060547,152.66000366210938,169.25,50.52000045776367,232.28334045410156,144.0,479.79998779296875,43.279998779296875,145.75,57.38999938964844,44.02000045776367,40.72999954223633,146.55999755859375,107.56999969482422,178.10000610351562,207.32000732421875,274.54998779296875,981.469970703125,134.70599365234375,35.06999969482422,52.25,56.0099983215332,111.4800033569336,148.13999938964844,44.900001525878906,115.56999969482422,384.5199890136719,43.560001373291016,159.22000122070312,187.6300048828125,774.0,173.5,122.51000213623047,84.43000030517578,94.55999755859375,87.02999877929688,26.790000915527344,147.08999633789062,164.3300018310547,49.599998474121094,227.31333923339844,138.61000061035156,468.19000244140625,42.119998931884766,142.1999969482422,56.27000045776367,43.46500015258789,40.279998779296875,145.3000030517578,106.1500015258789,178.39999389648438,210.42999267578125,275.3800048828125,986.9400024414062,139.1580047607422,35.650001525878906,52.34000015258789,57.06999969482422,112.30000305175781,150.8300018310547,45.56999969482422,117.1500015258789,395.0,43.93000030517578,159.4600067138672,189.25,784.2899780273438,176.0,122.83999633789062,86.7699966430664,95.05000305175781,88.02200317382812,26.899999618530273,148.80999755859375,164.82000732421875,50.5,229.02667236328125,138.8000030517578,474.44000244140625,43.060001373291016,145.50999450683594,56.81999969482422,43.790000915527344,40.459999084472656,145.3000030517578,106.62000274658203,6047100,86687000,2240200,1304500,43196000,49149700,21692300,17845000,4888700,14692100,8359200,3762700,2692400,52652000,5773700,7572900,2518600,2483800,8251400,25614600,14232400,582520000,84919500,7478800,12230500,7861000,5531700,22292700,5577500,10526700,2885900,25418600,28008800,58459500,8085300,20472800
2024-03-07,167.181640625,211.3800048828125,254.80979919433594,1027.4132080078125,137.29974365234375,34.006263732910156,47.81097412109375,54.12335968017578,105.1520004272461,135.7660675048828,42.90651321411133,109.6540298461914,372.33258056640625,45.67357635498047,149.75917053222656,179.06442260742188,768.104736328125,170.91107177734375,115.46735382080078,80.7591781616211,98.19577026367188,92.61672973632812,23.122150421142578,138.9228515625,168.3242645263672,48.00261688232422,234.4566650390625,144.75350952148438,456.5202331542969,39.2678108215332,139.93856811523438,54.155616760253906,40.87842559814453,39.17350769042969,141.32974243164062,99.737060546875,180.57000732421875,211.3800048828125,272.8599853515625,1047.3900146484375,140.7010040283203,35.630001068115234,53.279998779296875,57.720001220703125,112.73999786376953,149.3699951171875,45.88999938964844,117.8499984741211,388.42999267578125,46.150001525878906,158.8699951171875,187.8699951171875,780.1599731445312,178.97000122070312,123.98999786376953,86.13999938964844,98.9800033569336,92.66899871826172,26.790000915527344,150.44000244140625,175.72000122070312,50.779998779296875,237.75,149.1999969482422,478.7799987792969,43.34000015258789,149.02999877929688,57.0,43.93000030517578,40.54999923706055,146.6999969482422,107.37000274658203,182.4199981689453,213.8300018310547,276.80999755859375,1056.3399658203125,141.43099975585938,35.900001525878906,53.75,58.119998931884766,113.43000030517578,150.75,46.279998779296875,118.77999877929688,394.510009765625,46.41999816894531,160.36000061035156,190.5,792.989990234375,180.22999572753906,124.52999877929688,87.12000274658203,99.69000244140625,92.76699829101562,27.31999969482422,153.24000549316406,177.58999633789062,50.95000076293945,238.7100067138672,151.60000610351562,481.19000244140625,43.7599983215332,150.5,57.68000030517578,44.17499923706055,40.84000015258789,147.0500030517578,107.9800033569336,179.5399932861328,208.22000122070312,269.5799865722656,1014.8200073242188,137.28900146484375,35.25,52.97999954223633,57.029998779296875,111.69000244140625,148.4499969482422,45.40999984741211,116.73999786376953,387.05999755859375,45.18000030517578,158.24000549316406,186.6300048828125,761.1199951171875,175.64999389648438,122.81999969482422,85.63999938964844,97.47000122070312,89.60199737548828,26.760000228881836,149.60000610351562,169.42999267578125,49.91999816894531,232.64999389648438,144.14999389648438,473.6000061035156,43.060001373291016,143.92999267578125,56.869998931884766,43.584999084472656,40.400001525878906,146.17999267578125,106.5999984741211,182.19000244140625,212.52000427246094,276.29998779296875,1015.6699829101562,138.19900512695312,35.599998474121094,53.56999969482422,57.540000915527344,111.7300033569336,148.5,45.45000076293945,116.79000091552734,391.8999938964844,45.54999923706055,160.0,189.91000366210938,771.8400268554688,176.5,123.36000061035156,86.08000183105469,98.93000030517578,90.15799713134766,27.200000762939453,151.4199981689453,169.60000610351562,49.9900016784668,232.7899932861328,144.89999389648438,474.0,43.45000076293945,145.3699951171875,57.04999923706055,43.619998931884766,40.7599983215332,146.3800048828125,106.5999984741211,6125200,63869000,4066300,1580300,62832000,35900700,17233100,14720300,5097300,8739300,7767900,3482100,2033100,50378200,5188700,7618300,3977400,2726800,8982200,9145700,24843300,608119000,46423800,2112700,14495100,8501400,4799600,34675700,5102000,7524400,3613700,18116300,24569200,35505100,6438300,15195400
2024-03-08,165.5891876220703,207.38999938964844,255.6409454345703,975.3650512695312,127.70832061767578,33.977630615234375,48.26862335205078,53.92644119262695,105.3945083618164,136.2296600341797,43.158958435058594,110.46353149414062,370.95233154296875,43.54576873779297,150.3719024658203,179.3980255126953,750.36328125,171.4649658203125,115.01103210449219,81.60296630859375,96.8465347290039,87.47863006591797,23.493276596069336,138.82127380371094,163.3909912109375,47.643409729003906,224.9699249267578,142.0078582763672,456.2043762207031,39.1953239440918,140.40805053710938,54.222129821777344,41.02265548706055,39.24113082885742,141.06961059570312,100.67526245117188,178.85000610351562,207.38999938964844,273.75,994.3300170898438,130.8719940185547,35.599998474121094,53.790000915527344,57.5099983215332,113.0,149.8800048828125,46.15999984741211,118.72000122070312,386.989990234375,44.0,159.52000427246094,188.22000122070312,762.1400146484375,179.5500030517578,123.5,87.04000091552734,97.62000274658203,87.52799987792969,27.219999313354492,150.3300018310547,170.57000732421875,50.400001525878906,228.1300048828125,146.3699951171875,476.57000732421875,43.2599983215332,149.52999877929688,57.06999969482422,44.084999084472656,40.619998931884766,146.42999267578125,108.37999725341797,182.13999938964844,227.3000030517578,276.55999755859375,1040.2099609375,141.3000030517578,36.130001068115234,54.2599983215332,58.38999938964844,113.20999908447266,149.99000549316406,46.369998931884766,118.88999938964844,395.6199951171875,46.630001068115234,160.38999938964844,190.4600067138672,780.0,181.17999267578125,124.04000091552734,88.31999969482422,101.8499984741211,97.4000015258789,27.299999237060547,151.75,175.47000122070312,50.81999969482422,240.00999450683594,158.39999389648438,484.25,43.81999969482422,150.6999969482422,57.540000915527344,44.095001220703125,40.83000183105469,147.25,108.4000015258789,178.67999267578125,205.60000610351562,272.010009765625,993.22998046875,130.1580047607422,35.5,53.33000183105469,57.2599983215332,111.86000061035156,148.38999938964844,45.79999923706055,117.12000274658203,386.7099914550781,44.0,158.42999267578125,187.9199981689453,755.0,178.10000610351562,122.05999755859375,86.41999816894531,97.31999969482422,86.50599670410156,26.850000381469727,150.19000244140625,170.5399932861328,50.18000030517578,227.97000122070312,144.92999267578125,474.7699890136719,43.16999816894531,148.3300018310547,56.880001068115234,43.7599983215332,40.56999969482422,146.1699981689453,106.7699966430664,179.74000549316406,213.41000366210938,272.80999755859375,1038.8800048828125,139.4250030517578,35.869998931884766,53.47999954223633,58.040000915527344,112.20999908447266,149.3699951171875,46.040000915527344,117.48999786376953,388.7300109863281,46.439998626708984,158.8699951171875,188.44000244140625,780.0,178.10000610351562,123.2300033569336,86.62000274658203,99.87999725341797,95.13800048828125,26.8799991607666,151.60000610351562,174.82000732421875,50.689998626708984,238.5500030517578,153.89999389648438,478.3299865722656,43.77000045776367,148.66000366210938,57.209999084472656,43.869998931884766,40.61000061035156,146.55999755859375,107.2300033569336,6195600,120815200,2251100,1638500,74025000,42769900,17479600,13028000,5227600,7528400,6790800,3141400,1657200,54916600,5284000,6172200,4054900,2513000,9822700,9689300,22379000,1142269000,45906600,1324300,11318000,7026500,10483000,43856900,4673600,6678200,2085700,17872500,28252000,47266600,7802500,16281500
2024-03-11,166.3113250732422,198.38999938964844,257.1443786621094,944.3088989257812,126.18605041503906,34.25441360473633,48.78011703491211,53.83267593383789,107.49307250976562,138.1565399169922,43.635799407958984,112.41748809814453,370.15667724609375,44.39689254760742,151.9838104248047,179.4647216796875,723.0222778320312,173.24119567871094,114.33121490478516,81.50921630859375,93.76119232177734,85.72563171386719,24.485828399658203,141.13912963867188,163.9178466796875,48.71159744262695,221.98191833496094,134.87692260742188,468.2467956542969,39.430904388427734,141.3563995361328,54.241127014160156,41.4460563659668,39.30875778198242,140.99253845214844,101.2697525024414,179.6300048828125,198.38999938964844,275.3599853515625,962.6699829101562,129.31199645996094,35.88999938964844,54.36000061035156,57.40999984741211,115.25,152.0,46.66999816894531,120.81999969482422,386.1600036621094,44.86000061035156,161.22999572753906,188.2899932861328,734.3699951171875,181.41000366210938,122.7699966430664,86.94000244140625,94.51000213623047,85.77400207519531,28.3700008392334,152.83999633789062,171.1199951171875,51.529998779296875,225.10000610351562,139.02000427246094,489.1499938964844,43.52000045776367,150.5399932861328,57.09000015258789,44.540000915527344,40.689998626708984,146.35000610351562,109.0199966430664,181.25999450683594,203.5500030517578,278.19000244140625,981.030029296875,129.90199279785156,35.93000030517578,54.560001373291016,57.540000915527344,115.36000061035156,152.0800018310547,46.75,121.13999938964844,386.4100036621094,44.93000030517578,161.32000732421875,188.44000244140625,756.7999877929688,181.6300048828125,124.6500015258789,87.25,96.45999908447266,88.7969970703125,28.389999389648438,153.0,171.97999572753906,51.58000183105469,226.7899932861328,144.39999389648438,490.30999755859375,43.779998779296875,151.17999267578125,57.349998474121094,44.55500030517578,40.72999954223633,146.61000061035156,109.12000274658203,178.24000549316406,196.6999969482422,272.989990234375,957.5,125.25599670410156,35.27000045776367,53.7400016784668,56.630001068115234,112.6500015258789,149.58999633789062,45.709999084472656,118.45999908447266,381.4200134277344,43.65999984741211,158.8800048828125,186.22000122070312,727.6199951171875,177.14999389648438,121.83999633789062,85.83999633789062,93.52999877929688,84.16600036621094,27.309999465942383,149.0,168.1199951171875,50.119998931884766,222.52000427246094,138.92999267578125,476.0,43.029998779296875,147.6199951171875,56.52000045776367,43.76499938964844,40.400001525878906,145.2899932861328,107.33999633789062,178.41000366210938,203.00999450683594,274.510009765625,979.5,127.79299926757812,35.38999938964844,53.900001525878906,57.150001525878906,113.37000274658203,150.5,46.130001068115234,119.22000122070312,385.6700134277344,43.869998931884766,159.49000549316406,187.27999877929688,752.2100219726562,178.41000366210938,124.6500015258789,86.81999969482422,95.9000015258789,86.42900085449219,27.309999465942383,150.36000061035156,169.0,50.119998931884766,225.5,143.6199951171875,477.0,43.16999816894531,148.97999572753906,56.779998779296875,44.095001220703125,40.470001220703125,146.10000610351562,108.25,5134800,73098600,1851000,1432100,31105000,34131500,15646400,9176900,5899300,7577100,7571700,3784200,1654200,35051000,4620800,5762600,3968900,2467300,7769300,4737200,15673300,678364000,52600100,1882600,7256300,10392700,4499800,29227100,4410100,8241900,2795400,16622000,24983800,36233100,7723800,17577300
2024-03-12,167.5056915283203,202.75999450683594,258.2463684082031,965.5166015625,126.0650634765625,34.321224212646484,48.81601333618164,53.87017822265625,107.2785415649414,138.05654907226562,43.5516471862793,112.43608856201172,372.0929870605469,44.772972106933594,153.40724182128906,180.94207763671875,743.2843017578125,173.0406494140625,114.22876739501953,81.61234283447266,96.64813232421875,91.86116027832031,24.17511749267578,139.4215087890625,165.79537963867188,48.749412536621094,226.58721923828125,140.09657287597656,468.4382019042969,39.150020599365234,141.5348358154297,54.73517608642578,41.38092041015625,39.47298812866211,141.6476593017578,100.61951446533203,180.9199981689453,202.75999450683594,276.5400085449219,984.2899780273438,129.18800354003906,35.959999084472656,54.400001525878906,57.45000076293945,115.0199966430664,151.88999938964844,46.58000183105469,120.83999633789062,388.17999267578125,45.2400016784668,162.74000549316406,189.83999633789062,754.9500122070312,181.1999969482422,122.66000366210938,87.05000305175781,97.41999816894531,91.91300201416016,28.010000228881836,150.97999572753906,173.0800018310547,51.56999969482422,229.77000427246094,144.39999389648438,489.3500061035156,43.209999084472656,150.72999572753906,57.61000061035156,44.470001220703125,40.86000061035156,147.02999877929688,108.31999969482422,182.88999938964844,202.85000610351562,278.1499938964844,984.989990234375,130.7790069580078,36.150001525878906,54.599998474121094,57.93000030517578,115.7300033569336,152.57000732421875,46.9900016784668,121.88999938964844,389.1300048828125,45.27000045776367,163.11000061035156,190.16000366210938,755.969970703125,182.9499969482422,123.20999908447266,87.76000213623047,97.5,91.95999908447266,28.34000015258789,153.69000244140625,173.89999389648438,51.84000015258789,229.88999938964844,146.6999969482422,492.2799987792969,43.63999938964844,152.35000610351562,58.11000061035156,44.65999984741211,40.97999954223633,147.38999938964844,109.27999877929688,179.69000244140625,194.27000427246094,274.1400146484375,950.47998046875,125.9280014038086,35.779998779296875,53.81999969482422,57.08000183105469,114.36000061035156,150.7899932861328,46.5,120.4800033569336,383.7799987792969,44.459999084472656,161.1300048828125,187.91000366210938,738.010009765625,178.64999389648438,121.43000030517578,86.5999984741211,93.63999938964844,86.1500015258789,27.760000228881836,150.32000732421875,170.5800018310547,51.06999969482422,223.99000549316406,140.57000732421875,487.3500061035156,43.09000015258789,148.1999969482422,57.099998474121094,44.23500061035156,40.63999938964844,145.9600067138672,108.02999877929688,179.72000122070312,200.52000427246094,276.8500061035156,966.7999877929688,130.6999969482422,35.900001525878906,54.33000183105469,57.5099983215332,115.08000183105469,151.8300018310547,46.70000076293945,120.81999969482422,387.6199951171875,45.060001373291016,161.5800018310547,188.9499969482422,740.9600219726562,181.35000610351562,123.0,87.23999786376953,95.33000183105469,88.04900360107422,28.309999465942383,153.0,172.91000366210938,51.84000015258789,227.97999572753906,144.52000427246094,488.1300048828125,43.38999938964844,150.2899932861328,57.25,44.53499984741211,40.779998779296875,146.4499969482422,109.05999755859375,5391100,68951700,1738700,1165200,42789000,29260400,14269100,10954000,5653000,6432900,6939400,4069300,1703900,31795800,8018700,5708400,2701700,2744100,11621800,5110900,14993700,668075000,48758200,1840300,7642200,6986100,3598400,21218500,4153800,5941500,2976300,23622800,23780600,53199300,7143700,14957200
2024-03-13,166.5242919921875,194.7899932861328,257.7327575683594,950.3024291992188,122.74626159667969,34.43575668334961,47.24563980102539,54.16086959838867,109.63825988769531,139.87440490722656,44.32769775390625,114.04578399658203,376.0517578125,42.78371810913086,151.8612823486328,182.409912109375,746.129638671875,180.38438415527344,113.76314544677734,83.76866912841797,93.41395568847656,90.83673858642578,24.356367111206055,141.02830505371094,162.12657165527344,49.6947135925293,221.06478881835938,137.9039306640625,467.14593505859375,39.385597229003906,148.95291137695312,54.9347038269043,42.041595458984375,39.76280212402344,141.09854125976562,101.74349975585938,179.86000061035156,194.7899932861328,275.989990234375,968.780029296875,125.78700256347656,36.08000183105469,52.650001525878906,57.7599983215332,117.55000305175781,153.88999938964844,47.40999984741211,122.56999969482422,392.30999755859375,43.22999954223633,161.10000610351562,191.3800048828125,757.8400268554688,188.88999938964844,122.16000366210938,89.3499984741211,94.16000366210938,90.88800048828125,28.219999313354492,152.72000122070312,169.25,52.56999969482422,224.1699981689453,142.13999938964844,488.0,43.470001220703125,158.6300048828125,57.81999969482422,45.18000030517578,41.15999984741211,146.4600067138672,109.52999877929688,182.50999450683594,198.8300018310547,278.55999755859375,983.1599731445312,128.28799438476562,36.45000076293945,55.040000915527344,58.369998931884766,118.61000061035156,154.8800048828125,47.79999923706055,123.55999755859375,395.25,44.97999954223633,162.67999267578125,191.72999572753906,760.77001953125,189.82000732421875,123.20999908447266,90.23999786376953,95.33999633789062,91.50399780273438,28.690000534057617,153.22999572753906,171.5,52.72999954223633,227.3699951171875,143.22999572753906,496.0,44.06999969482422,160.47999572753906,58.439998626708984,45.42499923706055,41.16999816894531,147.6999969482422,110.3499984741211,179.4199981689453,192.6999969482422,275.2099914550781,959.0599975585938,125.23600006103516,35.959999084472656,52.599998474121094,57.459999084472656,116.16999816894531,153.14999389648438,47.02000045776367,121.93000030517578,388.17999267578125,43.20000076293945,159.80999755859375,189.83999633789062,745.7100219726562,183.22999572753906,120.80000305175781,87.25,93.0999984741211,88.43499755859375,28.190000534057617,151.3800048828125,168.60000610351562,51.97999954223633,222.80999755859375,141.3699951171875,485.3299865722656,43.22999954223633,154.0,57.619998931884766,44.86000061035156,40.90999984741211,145.88999938964844,109.11000061035156,182.5,198.72999572753906,278.17999267578125,983.1599731445312,128.28799438476562,35.959999084472656,54.33000183105469,57.5,116.80000305175781,153.24000549316406,47.02000045776367,122.44000244140625,388.9100036621094,44.5099983215332,162.52999877929688,190.36000061035156,757.0,183.27999877929688,123.16000366210938,87.44999694824219,95.31999969482422,91.05500030517578,28.290000915527344,151.52000427246094,171.22000122070312,52.2599983215332,227.0500030517578,143.0500030517578,493.5199890136719,43.22999954223633,154.0,57.619998931884766,44.935001373291016,40.939998626708984,147.58999633789062,109.13999938964844,5987900,70526900,1641000,851100,37838000,38289600,26855200,12982800,7685400,8065600,8846300,2941800,2370600,53195900,6260000,7795500,2357500,3510300,9186000,10345800,16732600,635713000,39273000,1893600,8730500,8861000,3264600,12923100,3669000,5756800,4772100,17444900,42725200,43471400,7874200,17122200
2024-03-14,167.76492309570312,187.05999755859375,253.57713317871094,941.47412109375,123.17562866210938,34.06352615356445,47.10206985473633,53.532615661621094,111.71817016601562,141.51956176757812,45.16762161254883,115.18093872070312,372.505126953125,42.30867385864258,150.0796661376953,179.1597442626953,748.9750366210938,180.4703369140625,112.93843078613281,83.5342788696289,90.70558166503906,87.8943862915039,24.278688430786133,137.1221466064453,161.36024475097656,50.3186149597168,217.28782653808594,135.45901489257812,468.1031799316406,38.37083053588867,149.6665496826172,54.50715637207031,42.47429275512695,39.44401931762695,140.59754943847656,103.54560089111328,181.1999969482422,187.05999755859375,271.5400085449219,959.780029296875,126.22699737548828,35.689998626708984,52.4900016784668,57.09000015258789,119.77999877929688,155.6999969482422,47.86000061035156,123.79000091552734,388.6099853515625,42.75,159.2100067138672,187.97000122070312,760.72998046875,188.97999572753906,120.51000213623047,89.0999984741211,91.43000030517578,87.94400024414062,28.1299991607666,148.49000549316406,168.4499969482422,53.22999954223633,220.33999633789062,139.6199951171875,489.0,42.349998474121094,159.38999938964844,57.369998931884766,45.64500045776367,40.83000183105469,145.94000244140625,111.47000122070312,182.0399932861328,196.92999267578125,277.2300109863281,971.469970703125,127.31300354003906,36.220001220703125,52.68000030517578,58.66999816894531,119.98999786376953,155.72999572753906,47.869998931884766,123.94000244140625,396.3800048828125,43.349998474121094,161.5399932861328,191.6300048828125,768.0,192.27000427246094,121.31999969482422,89.4000015258789,93.44999694824219,90.64600372314453,28.280000686645508,154.47999572753906,169.9499969482422,53.720001220703125,224.83999633789062,143.10000610351562,489.67999267578125,43.54999923706055,161.10000610351562,58.130001068115234,45.665000915527344,41.25,146.66000366210938,111.55000305175781,178.66000366210938,184.02999877929688,270.45001220703125,950.5599975585938,124.77100372314453,35.47999954223633,51.810001373291016,56.63999938964844,118.73999786376953,152.75999450683594,47.2400016784668,122.54000091552734,385.45001220703125,42.5099983215332,158.69000244140625,187.10000610351562,749.4000244140625,187.75999450683594,119.66000366210938,88.26000213623047,90.30000305175781,86.5999984741211,27.770000457763672,147.27999877929688,166.7100067138672,52.79999923706055,218.1199951171875,139.02000427246094,485.19000244140625,42.09000015258789,157.64999389648438,57.119998931884766,45.185001373291016,40.61000061035156,145.1300048828125,109.69000244140625,180.16000366210938,192.9199981689453,276.8399963378906,968.5900268554688,126.25399780273438,35.91999816894531,52.56999969482422,58.33000183105469,119.16999816894531,153.77000427246094,47.310001373291016,123.26000213623047,394.42999267578125,43.22999954223633,160.94000244140625,191.02999877929688,764.9500122070312,190.6999969482422,121.31999969482422,89.0,93.30000305175781,89.5770034790039,28.25,151.7899932861328,169.60000610351562,52.79999923706055,223.57000732421875,142.61000061035156,488.7200012207031,43.09000015258789,159.41000366210938,57.869998931884766,45.36000061035156,41.16999816894531,146.5500030517578,109.83000183105469,6999400,84490500,2370500,876600,38029000,40178100,14430200,18833600,7800800,9047200,9075200,2970100,3029500,38100000,6988300,10310900,2647500,3005100,10132500,9235300,16718900,602318000,36428000,2084500,8151000,9387200,4662100,14961900,3378500,7461100,3561400,24851100,35946000,65563400,9605700,22121000
2024-03-15,164.69110107421875,191.05999755859375,251.083740234375,922.2772216796875,120.56333923339844,33.796287536621094,46.96746063232422,54.02021408081055,111.9606704711914,141.3832550048828,44.94112014770508,114.25048828125,371.16314697265625,42.199806213378906,149.10873413085938,181.38050842285156,742.516357421875,185.1114501953125,113.88497161865234,82.8592529296875,92.51115417480469,87.78746032714844,24.114704132080078,137.3899383544922,160.162841796875,49.97830581665039,215.72972106933594,132.89772033691406,469.8454284667969,38.126197814941406,153.71359252929688,54.64017105102539,42.59991455078125,39.40536880493164,140.0387725830078,103.35980987548828,177.8800048828125,191.05999755859375,268.8699951171875,940.2100219726562,123.55000305175781,35.40999984741211,52.34000015258789,57.61000061035156,120.04000091552734,155.5500030517578,47.619998931884766,122.79000091552734,387.2099914550781,42.63999938964844,158.17999267578125,190.3000030517578,754.1699829101562,193.83999633789062,121.5199966430664,88.37999725341797,93.25,87.83699798583984,27.940000534057617,148.77999877929688,167.1999969482422,52.869998931884766,218.75999450683594,136.97999572753906,490.82000732421875,42.08000183105469,163.6999969482422,57.5099983215332,45.779998779296875,40.790000915527344,145.36000061035156,111.2699966430664,180.5800018310547,193.8000030517578,275.17999267578125,954.780029296875,126.73699951171875,36.0099983215332,53.20000076293945,57.75,120.80000305175781,157.0399932861328,48.290000915527344,124.91000366210938,391.1300048828125,43.150001525878906,159.19000244140625,190.94000244140625,760.8900146484375,195.1199951171875,121.94000244140625,89.3499984741211,94.69999694824219,89.5459976196289,28.280000686645508,150.19000244140625,168.77000427246094,53.91999816894531,221.3699951171875,137.6999969482422,491.2200012207031,42.779998779296875,166.10000610351562,58.29999923706055,46.11000061035156,40.97999954223633,145.66000366210938,112.30000305175781,177.5399932861328,184.47999572753906,268.1700134277344,931.7899780273438,123.00700378417969,35.2400016784668,51.95000076293945,56.45000076293945,119.12999725341797,154.4199981689453,47.470001220703125,122.73999786376953,386.3999938964844,42.349998474121094,157.10000610351562,186.47999572753906,747.7100219726562,189.22999572753906,119.2300033569336,88.16999816894531,92.0199966430664,86.25700378417969,27.860000610351562,147.22000122070312,165.85000610351562,52.79999923706055,217.10000610351562,134.6300048828125,487.45001220703125,41.93000030517578,161.60000610351562,56.86000061035156,45.505001068115234,40.52000045776367,144.85000610351562,110.8499984741211,179.83999633789062,184.8300018310547,272.0899963378906,954.780029296875,125.34600067138672,35.279998779296875,52.31999969482422,56.45000076293945,119.12999725341797,155.19000244140625,47.5099983215332,123.29000091552734,388.8699951171875,42.45000076293945,158.05999755859375,186.47999572753906,755.3800048828125,189.22999572753906,119.83999633789062,88.4800033569336,92.4800033569336,86.93000030517578,27.959999084472656,147.22000122070312,167.10000610351562,52.79999923706055,217.39999389648438,135.44000244140625,487.45001220703125,41.93000030517578,161.61000061035156,56.86000061035156,45.61000061035156,40.599998474121094,145.02000427246094,110.8499984741211,20957800,95289500,8795800,1727400,88823000,69646400,123585300,26164300,17549000,20387200,16340700,16696600,3763900,66952900,13165500,17214200,3730100,9044700,46477400,20363000,29579500,642086000,75727900,3969600,16414600,16719700,4105300,22751200,5713500,32597000,9134400,40782800,37753400,67568000,10570500,38264400
2024-03-18,165.25587463378906,190.64999389648438,252.9794158935547,923.3857421875,120.73312377929688,34.36894607543945,46.2944450378418,54.97665023803711,112.16586303710938,141.2559814453125,44.799560546875,114.97623443603516,368.4408874511719,42.26908874511719,147.77017211914062,183.62991333007812,750.875244140625,184.76768493652344,113.80999755859375,82.46548461914062,93.03697204589844,88.40512084960938,23.924821853637695,138.14715576171875,159.89462280273438,50.50768280029297,215.56207275390625,133.106201171875,466.2364807128906,38.479557037353516,156.14559936523438,54.88719177246094,42.747188568115234,39.63130187988281,140.02235412597656,104.31659698486328,178.49000549316406,190.64999389648438,270.8999938964844,941.3400268554688,123.7239990234375,36.0099983215332,51.59000015258789,58.630001068115234,120.26000213623047,155.41000366210938,47.470001220703125,123.56999969482422,384.3699951171875,42.709999084472656,156.75999450683594,192.66000366210938,762.6599731445312,193.47999572753906,121.44000244140625,87.95999908447266,93.77999877929688,88.45500183105469,27.719999313354492,149.60000610351562,166.9199981689453,53.43000030517578,218.58999633789062,136.63999938964844,487.04998779296875,42.470001220703125,166.2899932861328,57.77000045776367,45.56999969482422,40.869998931884766,144.82000732421875,112.30000305175781,179.8800048828125,193.5,273.5799865722656,958.2100219726562,126.28800201416016,36.09000015258789,52.70000076293945,58.65999984741211,121.06999969482422,156.6699981689453,48.02000045776367,123.70999908447266,389.0299987792969,43.380001068115234,158.69000244140625,192.6999969482422,769.6799926757812,195.05999755859375,122.51000213623047,88.69999694824219,97.08000183105469,92.40499877929688,28.030000686645508,150.0,171.4600067138672,53.68000030517578,223.33999633789062,141.5399932861328,492.1000061035156,42.4900016784668,167.3300018310547,57.83000183105469,45.72999954223633,40.91999816894531,145.57000732421875,112.86000061035156,177.57000732421875,188.0500030517578,269.2099914550781,939.75,123.16999816894531,35.38999938964844,51.529998779296875,57.560001373291016,119.16000366210938,154.94000244140625,47.2599983215332,121.83999633789062,383.4100036621094,42.599998474121094,156.5,189.88999938964844,758.25,192.16000366210938,121.12999725341797,87.69999694824219,93.69000244140625,87.08499908447266,27.610000610351562,146.97999572753906,166.35000610351562,52.70000076293945,218.3699951171875,136.61000061035156,486.3800048828125,41.689998626708984,163.10000610351562,57.11000061035156,45.21500015258789,40.58000183105469,144.72000122070312,111.0999984741211,179.00999450683594,193.2899932861328,270.0,949.3599853515625,125.39800262451172,35.65999984741211,52.58000183105469,57.849998474121094,120.9000015258789,156.02999877929688,47.66999816894531,123.31999969482422,388.6499938964844,43.09000015258789,158.57000732421875,190.6300048828125,762.280029296875,194.75999450683594,121.8499984741211,88.36000061035156,96.81999969482422,90.38800048828125,28.010000228881836,149.36000061035156,170.91000366210938,53.20000076293945,222.5,140.17999267578125,492.1000061035156,42.470001220703125,165.35000610351562,57.599998474121094,45.595001220703125,40.779998779296875,145.42999267578125,111.79000091552734,8569000,59306900,3608300,821400,25737000,50617900,19738700,13994600,4827900,7242700,6691000,2269800,2069000,27668300,6602300,9013800,2521400,2073500,8311900,5960000,23140300,668976000,36226500,1316500,6653700,5667300,3143300,14732900,2970500,8168200,4444500,16376500,30496800,39140600,6407000,16770500
2024-03-19,166.33912658691406,181.4199981689453,253.75454711914062,933.7540893554688,120.80827331542969,34.388031005859375,46.482887268066406,55.19232177734375,113.80740356445312,142.35577392578125,45.70555877685547,115.97181701660156,372.5530700683594,41.61589813232422,147.25172424316406,184.70692443847656,760.8387451171875,187.7185516357422,114.52224731445312,82.89677429199219,93.25521850585938,89.34758758544922,23.847139358520508,138.61813354492188,157.1933135986328,51.500247955322266,213.75743103027344,131.38194274902344,472.23858642578125,38.2530403137207,157.17849731445312,54.16511917114258,43.234981536865234,39.82524108886719,140.95054626464844,105.05042266845703,179.66000366210938,181.4199981689453,271.7300109863281,951.9099731445312,123.8010025024414,36.029998779296875,51.79999923706055,58.86000061035156,122.0199966430664,156.6199951171875,48.43000030517578,124.63999938964844,388.6600036621094,42.04999923706055,156.2100067138672,193.7899932861328,772.780029296875,196.57000732421875,122.19999694824219,88.41999816894531,94.0,89.39800262451172,27.6299991607666,150.11000061035156,164.10000610351562,54.47999954223633,216.75999450683594,134.8699951171875,493.32000732421875,42.220001220703125,167.38999938964844,57.0099983215332,46.09000015258789,41.06999969482422,145.77999877929688,113.08999633789062,179.92999267578125,185.61000061035156,273.1600036621094,956.5900268554688,124.0270004272461,36.38999938964844,51.93000030517578,59.31999969482422,122.16000366210938,156.83999633789062,48.529998779296875,125.16000366210938,390.7799987792969,42.290000915527344,156.86000061035156,193.92999267578125,773.8499755859375,196.75,122.26000213623047,89.08999633789062,94.16000366210938,90.54399871826172,27.780000686645508,150.94000244140625,166.4600067138672,54.54999923706055,217.69000244140625,136.27000427246094,493.44000244140625,42.650001525878906,168.0,57.939998626708984,46.125,41.09000015258789,145.8699951171875,113.48999786376953,178.19000244140625,177.36000061035156,269.510009765625,928.0,120.4020004272461,35.849998474121094,51.38999938964844,58.540000915527344,120.30000305175781,155.00999450683594,47.34000015258789,123.22000122070312,383.7099914550781,41.439998626708984,155.66000366210938,192.3800048828125,755.0,193.0,120.43000030517578,87.86000061035156,91.0,85.01000213623047,27.31999969482422,149.1199951171875,163.6300048828125,53.459999084472656,212.64999389648438,133.02999877929688,487.7900085449219,42.09000015258789,165.0,56.91999816894531,45.53499984741211,40.880001068115234,144.52000427246094,112.05999755859375,178.19000244140625,183.16000366210938,270.17999267578125,938.5399780273438,121.69499969482422,35.88999938964844,51.7599983215332,58.59000015258789,120.36000061035156,155.3000030517578,47.45000076293945,123.5199966430664,384.07000732421875,42.25,156.6699981689453,192.7100067138672,758.4400024414062,193.5500030517578,121.44000244140625,88.0,92.58000183105469,86.69999694824219,27.670000076293945,149.30999755859375,166.08999633789062,53.529998779296875,215.75,135.3000030517578,489.6700134277344,42.400001525878906,166.08999633789062,57.650001525878906,45.564998626708984,40.900001525878906,144.94000244140625,112.22000122070312,7625600,83509500,3037500,817600,24491000,46113800,14593200,13455300,4457800,7736700,8230900,3304100,1858200,34673000,7840600,8478700,2557100,2509700,11696600,8546400,21054700,672171000,29026600,2053000,7404400,7467600,3558700,17341100,2511700,6080300,3957000,14504800,28545800,36748300,5240200,14878800
2024-03-20,163.20046997070312,179.72999572753906,254.9872283935547,952.4015502929688,125.04572296142578,35.07522201538086,46.554683685302734,56.3831901550293,113.7048110961914,140.47433471679688,45.87543487548828,116.95809173583984,380.0394287109375,41.76435089111328,146.82749938964844,187.1278839111328,760.9175415039062,188.84542846679688,116.06857299804688,85.64374542236328,95.48739624023438,90.32102966308594,23.907562255859375,142.03485107421875,160.61305236816406,51.42462158203125,217.39630126953125,133.21334838867188,473.10968017578125,39.37653732299805,159.2255096435547,54.440643310546875,43.174007415771484,40.30039596557617,140.6314697265625,104.9575424194336,176.27000427246094,179.72999572753906,273.04998779296875,970.9199829101562,127.5999984741211,36.75,51.880001068115234,60.130001068115234,121.91000366210938,154.5500030517578,48.61000061035156,125.69999694824219,396.4700012207031,42.20000076293945,155.75999450683594,196.3300018310547,772.8599853515625,197.75,123.8499984741211,91.3499984741211,96.25,90.37200164794922,27.700000762939453,153.80999755859375,167.6699981689453,54.400001525878906,220.4499969482422,136.75,494.2300109863281,43.459999084472656,169.57000732421875,57.29999923706055,46.025001525878906,41.560001373291016,145.4499969482422,112.98999786376953,179.22999572753906,182.67999267578125,273.0799865722656,974.2999877929688,128.7989959716797,36.880001068115234,52.15999984741211,60.34000015258789,122.36000061035156,156.42999267578125,48.849998474121094,125.93000030517578,396.5,43.0099983215332,156.44000244140625,196.55999755859375,773.1599731445312,198.3699951171875,123.91000366210938,91.4800033569336,96.68000030517578,90.41000366210938,27.739999771118164,154.5399932861328,168.1699981689453,54.56999969482422,221.02999877929688,137.30999755859375,494.6000061035156,43.68000030517578,171.16000366210938,57.5099983215332,46.189998626708984,41.59000015258789,145.5,113.4000015258789,175.72999572753906,174.0,269.239990234375,946.8900146484375,122.65899658203125,35.72999954223633,51.27000045776367,58.459999084472656,121.02999877929688,154.22999572753906,48.0,124.0,386.0,41.40999984741211,155.2100067138672,193.61000061035156,756.6400146484375,194.57000732421875,120.37999725341797,87.91000366210938,93.58999633789062,88.2229995727539,27.209999084472656,149.07000732421875,163.8300018310547,53.91999816894531,215.52999877929688,135.00999450683594,489.44000244140625,41.88999938964844,166.05999755859375,56.279998779296875,45.755001068115234,40.95000076293945,144.63999938964844,112.12999725341797,179.22000122070312,182.02999877929688,271.2099914550781,956.0700073242188,123.9020004272461,35.84000015258789,51.630001068115234,58.4900016784668,121.22000122070312,155.75999450683594,48.08000183105469,124.33000183105469,386.3599853515625,42.9900016784668,155.6999969482422,194.19000244140625,770.1099853515625,195.52000427246094,121.27999877929688,88.05000305175781,94.98999786376953,89.7969970703125,27.479999542236328,149.69000244140625,164.10000610351562,54.119998931884766,217.27999877929688,136.52999877929688,492.4700012207031,41.91999816894531,166.5800018310547,56.619998931884766,45.82500076293945,41.02000045776367,145.42999267578125,112.72000122070312,7326600,81773100,2564500,838600,40946000,40519000,10436300,20269900,3597000,8449100,6248500,3139300,2157400,74865000,5982300,9367000,2038000,1957300,9793200,10811700,39807400,479063000,34468000,1408200,5995800,6819300,3386600,12750200,3548200,7998400,3952600,22841600,32659400,52255300,8268200,16119700
2024-03-21,164.33926391601562,178.67999267578125,258.6292419433594,971.8926391601562,132.1015625,35.80059051513672,46.2944450378418,57.50841522216797,115.19711303710938,140.7560577392578,45.799930572509766,117.3116683959961,396.5649108886719,41.982078552246094,146.8180694580078,189.72991943359375,758.3577270507812,190.23968505859375,115.85303497314453,87.56568908691406,108.97964477539062,91.38343048095703,23.873037338256836,145.72865295410156,163.6592254638672,51.46243667602539,222.2876434326172,135.843505859375,470.6782531738281,40.27351760864258,160.54949951171875,54.96320343017578,43.43197250366211,40.630088806152344,140.81520080566406,105.42198944091797,177.5,178.67999267578125,276.95001220703125,990.7899780273438,134.8000030517578,37.5099983215332,51.59000015258789,61.33000183105469,123.51000213623047,154.86000061035156,48.529998779296875,126.08000183105469,413.7099914550781,42.41999816894531,155.75,199.05999755859375,770.260009765625,199.2100067138672,123.62000274658203,93.4000015258789,109.8499984741211,91.43499755859375,27.65999984741211,157.80999755859375,170.85000610351562,54.439998626708984,225.17999267578125,139.4499969482422,491.69000244140625,44.45000076293945,170.97999572753906,57.849998474121094,46.29999923706055,41.900001525878906,145.63999938964844,113.48999786376953,177.74000549316406,187.69000244140625,277.9200134277344,1005.6599731445312,140.36099243164062,37.599998474121094,52.650001525878906,61.54999923706055,123.58999633789062,155.69000244140625,48.650001525878906,126.27999877929688,414.0199890136719,43.599998474121094,156.9499969482422,199.42999267578125,780.5399780273438,199.88999938964844,124.19000244140625,94.36000061035156,113.5,92.64800262451172,28.040000915527344,158.4600067138672,172.9199981689453,54.79999923706055,229.27999877929688,142.60000610351562,496.20001220703125,44.7400016784668,171.85000610351562,58.119998931884766,46.39500045776367,42.0,146.1699981689453,113.91000366210938,175.8800048828125,177.66000366210938,274.3900146484375,988.0800170898438,131.60000610351562,36.880001068115234,51.560001373291016,60.310001373291016,121.68000030517578,154.41000366210938,48.20000076293945,125.08000183105469,399.0899963378906,42.31999969482422,155.10000610351562,196.3300018310547,758.8800048828125,196.3300018310547,123.05999755859375,91.95999908447266,108.77999877929688,90.40499877929688,27.6299991607666,154.6199951171875,169.6300048828125,54.33000183105469,224.75999450683594,139.0399932861328,491.2799987792969,43.70000076293945,168.86000061035156,57.45000076293945,45.959999084472656,41.61000061035156,145.33999633789062,112.56999969482422,176.80999755859375,185.97000122070312,274.6300048828125,1005.010009765625,132.83200073242188,36.93000030517578,51.90999984741211,60.310001373291016,122.06999969482422,154.9499969482422,48.630001068115234,125.9000015258789,399.7699890136719,42.9900016784668,155.58999633789062,196.52000427246094,774.0,198.08999633789062,123.69000244140625,91.95999908447266,113.37000274658203,92.30000305175781,27.75,154.6199951171875,170.74000549316406,54.47999954223633,227.3699951171875,142.5500030517578,492.2799987792969,43.75,170.3699951171875,57.59000015258789,46.10499954223633,41.65999984741211,145.75,112.91999816894531,5743600,75265600,2489400,1112400,72468000,43219500,12625100,17892100,4925600,7899100,6671500,2675100,4613800,50807600,5915800,11203800,3013200,1681500,8156300,13659900,89554100,480372000,29633700,2656400,8497500,6457200,4059800,17809400,3693400,8572300,3685700,18141700,23334200,49209200,8865300,14878000
2024-03-22,165.21884155273438,179.64999389648438,257.90081787109375,961.2691040039062,132.63763427734375,35.36154556274414,46.599552154541016,57.03019332885742,114.74942779541016,140.5742950439453,45.6489372253418,116.15790557861328,389.96051025390625,42.130531311035156,146.3279266357422,187.404296875,758.7022094726562,191.15646362304688,116.06857299804688,86.20626068115234,109.3367919921875,94.2358169555664,23.614112854003906,143.6046905517578,162.9407958984375,51.03704833984375,222.55419921875,136.90530395507812,469.1274719238281,39.494319915771484,159.29122924804688,54.279136657714844,43.338165283203125,40.164634704589844,140.62181091308594,105.42198944091797,178.4499969482422,179.64999389648438,276.1700134277344,979.9600219726562,135.3470001220703,37.04999923706055,51.93000030517578,60.81999969482422,123.02999877929688,154.66000366210938,48.369998931884766,124.83999633789062,406.82000732421875,42.56999969482422,155.22999572753906,196.6199951171875,770.6099853515625,200.1699981689453,123.8499984741211,91.94999694824219,110.20999908447266,94.28900146484375,27.360000610351562,155.50999450683594,170.10000610351562,53.9900016784668,225.4499969482422,140.5399932861328,490.07000732421875,43.59000015258789,169.63999938964844,57.130001068115234,46.20000076293945,41.41999816894531,145.44000244140625,113.48999786376953,178.99000549316406,180.75999450683594,278.2900085449219,991.0800170898438,137.6219940185547,37.61000061035156,52.45000076293945,61.66999816894531,124.05000305175781,155.27999877929688,48.83000183105469,126.41999816894531,416.760009765625,42.79999923706055,156.36000061035156,200.47999572753906,777.0,200.6199951171875,124.48999786376953,93.86000061035156,111.33999633789062,94.77799987792969,27.84000015258789,158.8000030517578,171.89999389648438,55.08000183105469,227.10000610351562,141.33999633789062,495.8299865722656,45.040000915527344,171.2100067138672,58.02000045776367,46.435001373291016,42.040000915527344,146.22000122070312,113.69000244140625,176.77999877929688,175.0500030517578,275.1000061035156,972.5700073242188,134.61500549316406,37.0,51.52000045776367,60.58000183105469,122.70999908447266,154.16000366210938,48.29999923706055,124.66000366210938,405.7799987792969,42.09000015258789,155.11000061035156,196.5399932861328,767.280029296875,198.3000030517578,123.22000122070312,91.73999786376953,107.05000305175781,90.83399963378906,27.34000015258789,155.5,169.3000030517578,53.58000183105469,223.4499969482422,139.11000061035156,489.7699890136719,43.58000183105469,168.86000061035156,57.119998931884766,46.084999084472656,41.38999938964844,145.25999450683594,112.81999969482422,177.22999572753906,177.2100067138672,277.3900146484375,973.7100219726562,135.0,37.40999984741211,51.650001525878906,61.040000915527344,123.55000305175781,155.0800018310547,48.59000015258789,126.1500015258789,414.3999938964844,42.25,155.69000244140625,199.00999450683594,770.0,200.0,123.79000091552734,93.5199966430664,109.30999755859375,91.14099884033203,27.469999313354492,158.1999969482422,169.5500030517578,54.689998626708984,224.16000366210938,139.39999389648438,495.20001220703125,44.93000030517578,170.02999877929688,57.810001373291016,46.31999969482422,41.95000076293945,145.85000610351562,113.4800033569336,4084400,57899100,2303100,692800,38624000,29001100,11727500,16206800,4976100,5974700,4640200,3152700,2190300,28503100,7248600,8108800,1981000,2281300,7022500,5909300,37281400,586719000,28830100,1595500,5645500,9009500,2658900,9944100,2847300,6700300,3497500,13736600,17948800,32033000,5537200,14701900
2024-03-25,165.2928924560547,178.6300048828125,262.2432556152344,960.2587890625,132.45242309570312,35.18021011352539,46.886695861816406,57.15209197998047,117.73404693603516,142.21942138671875,46.29067611694336,118.40031433105469,388.1584167480469,41.39817428588867,146.3184814453125,185.6886749267578,761.1932373046875,190.8317413330078,117.43685150146484,85.44685363769531,116.20195770263672,94.94841003417969,23.674524307250977,143.17068481445312,160.4693603515625,51.33955001831055,221.68553161621094,136.60333251953125,465.1164855957031,39.45808029174805,158.21141052246094,53.899085998535156,43.74153518676758,40.00947952270508,140.428466796875,106.4995346069336,178.52999877929688,178.6300048828125,280.82000732421875,978.9299926757812,135.1580047607422,36.86000061035156,52.25,60.95000076293945,126.2300033569336,156.47000122070312,49.04999923706055,127.25,404.94000244140625,41.83000183105469,155.22000122070312,194.82000732421875,773.1400146484375,199.8300018310547,125.30999755859375,91.13999938964844,117.12999725341797,95.00199890136719,27.43000030517578,155.0399932861328,167.52000427246094,54.310001373291016,224.57000732421875,140.22999572753906,485.8800048828125,43.54999923706055,168.49000549316406,56.72999954223633,46.630001068115234,41.2599983215332,145.24000549316406,114.6500015258789,179.1999969482422,182.8000030517578,281.3299865722656,992.280029296875,135.843994140625,37.279998779296875,52.7400016784668,61.52000045776367,126.6500015258789,157.30999755859375,49.2400016784668,127.44000244140625,410.4599914550781,42.220001220703125,155.97999572753906,196.94000244140625,778.489990234375,203.02000427246094,125.58000183105469,92.55000305175781,121.41000366210938,96.76599884033203,27.479999542236328,157.17999267578125,168.77000427246094,54.7400016784668,226.61000061035156,141.67999267578125,491.4800109863281,44.29999923706055,172.4600067138672,57.33000183105469,46.939998626708984,41.459999084472656,145.86000061035156,115.77999877929688,178.1300048828125,172.0,275.4100036621094,976.4600219726562,133.7469940185547,36.84000015258789,51.90999984741211,60.58000183105469,123.1500015258789,155.27000427246094,48.560001373291016,125.16999816894531,403.8599853515625,40.56999969482422,154.89999389648438,194.36000061035156,768.1500244140625,199.52000427246094,123.7699966430664,90.98999786376953,110.16000366210938,93.51000213623047,27.100000381469727,154.49000549316406,166.97000122070312,54.20000076293945,221.7100067138672,139.25999450683594,484.07000732421875,43.459999084472656,168.42999267578125,56.369998931884766,46.349998474121094,41.2599983215332,145.00999450683594,113.83000183105469,179.0,172.89999389648438,276.42999267578125,979.1300048828125,134.5030059814453,37.099998474121094,52.08000183105469,60.88999938964844,123.72000122070312,155.47999572753906,48.68000030517578,125.38999938964844,406.8699951171875,40.88999938964844,155.39999389648438,196.60000610351562,771.0999755859375,201.0,124.08000183105469,91.7699966430664,110.23999786376953,93.94100189208984,27.239999771118164,156.16000366210938,167.8800048828125,54.290000915527344,222.25,140.16000366210938,490.6000061035156,43.75,170.6999969482422,57.08000183105469,46.36000061035156,41.38999938964844,145.7100067138672,113.83000183105469,4366400,71935300,2954400,860900,21237000,30480200,12348100,12040300,7054400,6058700,6091000,3245900,1683900,47276500,7498100,8620000,1806600,2042000,7605800,3670400,55766100,552136000,31110600,1136600,5682500,7975300,2283500,9922200,2786100,6424600,2767900,15028200,35074400,31784000,5253000,14011700
2024-03-26,165.90399169921875,177.8699951171875,263.13037109375,952.7742309570312,130.48362731933594,35.399723052978516,47.15589904785156,57.81785202026367,117.51021575927734,141.12872314453125,46.04530715942383,117.03253936767578,389.34698486328125,41.5565185546875,146.8369598388672,186.55599975585938,762.9259643554688,188.49209594726562,117.63365173339844,85.57811737060547,117.85873413085938,92.5087890625,23.812620162963867,143.1614532470703,160.03831481933594,51.1126708984375,220.0172119140625,135.24928283691406,471.271728515625,39.4399528503418,157.0470428466797,53.85157775878906,43.403831481933594,40.14524459838867,140.94090270996094,105.7006607055664,179.19000244140625,177.8699951171875,281.7699890136719,971.2999877929688,133.1490020751953,37.09000015258789,52.54999923706055,61.65999984741211,125.98999786376953,155.27000427246094,48.790000915527344,125.77999877929688,406.17999267578125,41.9900016784668,155.77000427246094,195.72999572753906,774.9000244140625,197.3800048828125,125.5199966430664,91.27999877929688,118.80000305175781,92.56099700927734,27.59000015258789,155.02999877929688,167.07000732421875,54.06999969482422,222.8800048828125,138.83999633789062,492.30999755859375,43.529998779296875,167.25,56.68000030517578,46.27000045776367,41.400001525878906,145.77000427246094,113.79000091552734,179.77000427246094,182.60000610351562,284.5,989.3900146484375,137.99400329589844,37.2400016784668,52.650001525878906,61.95000076293945,126.9000015258789,156.86000061035156,49.33000183105469,127.7300033569336,409.3299865722656,42.27000045776367,156.22999572753906,196.66000366210938,778.3300170898438,200.88999938964844,126.08000183105469,91.91000366210938,122.45999908447266,96.375,27.6299991607666,156.3699951171875,169.4199981689453,54.599998474121094,226.8800048828125,140.9600067138672,493.3399963378906,44.0,170.6699981689453,57.150001525878906,46.779998779296875,41.529998779296875,145.94000244140625,114.9800033569336,178.3800048828125,176.3300018310547,280.70001220703125,970.8300170898438,133.05099487304688,36.79999923706055,52.040000915527344,61.0,125.19999694824219,154.64999389648438,48.77000045776367,125.22000122070312,404.5199890136719,41.65999984741211,154.75999450683594,194.05999755859375,769.0,197.10000610351562,124.8499984741211,90.94000244140625,118.16999816894531,92.50199890136719,27.309999465942383,154.74000549316406,167.0,53.970001220703125,222.8300018310547,138.63999938964844,485.2300109863281,43.470001220703125,166.77000427246094,56.59000015258789,46.18000030517578,41.27000045776367,145.13999938964844,113.41000366210938,179.22999572753906,179.5399932861328,282.1499938964844,986.739990234375,136.468994140625,37.0,52.38999938964844,61.150001525878906,126.5,156.52000427246094,49.16999816894531,127.5,406.0899963378906,41.95000076293945,155.61000061035156,194.58999633789062,774.2000122070312,199.99000549316406,125.77999877929688,91.41999816894531,119.0,95.85099792480469,27.450000762939453,155.13999938964844,168.0500030517578,54.380001068115234,226.19000244140625,140.61000061035156,488.1300048828125,44.0,168.86000061035156,57.13999938964844,46.67499923706055,41.40999984741211,145.52999877929688,114.66000366210938,4392400,65322400,3343000,706000,23522000,33673400,9952000,17947400,5203400,6677900,5832000,2957000,1407000,39109700,6864100,5961500,2099000,1673300,8864400,4211900,44295100,513648000,38220300,1179200,5289900,5912600,4414200,10786400,3113300,5267500,3025300,11445900,35373800,30135500,6942400,13152300
2024-03-27,166.9779815673828,179.58999633789062,267.3607482910156,955.4326171875,129.2332000732422,36.086917877197266,47.784053802490234,58.839927673339844,118.30300903320312,142.11038208007812,46.67761993408203,117.60012817382812,398.04107666015625,43.318145751953125,148.90135192871094,190.16839599609375,766.1553344726562,188.11964416503906,123.47223663330078,87.65943908691406,118.30516052246094,90.1990966796875,23.976604461669922,147.72325134277344,162.01162719726562,51.897274017333984,222.78123474121094,133.1549072265625,472.0279235839844,40.31965637207031,157.57290649414062,54.73517608642578,43.80719757080078,40.620391845703125,142.8166046142578,106.7967758178711,180.35000610351562,179.58999633789062,286.29998779296875,974.010009765625,131.8730010986328,37.810001373291016,53.25,62.75,126.83999633789062,156.35000610351562,49.459999084472656,126.38999938964844,415.25,43.77000045776367,157.9600067138672,199.52000427246094,778.1799926757812,196.99000549316406,131.75,93.5,119.25,90.25,27.780000686645508,159.97000122070312,169.1300048828125,54.900001525878906,225.67999267578125,136.69000244140625,493.1000061035156,44.0,167.80999755859375,57.61000061035156,46.70000076293945,41.88999938964844,147.7100067138672,114.97000122070312,180.5800018310547,181.22999572753906,286.82000732421875,979.2000122070312,135.0,37.849998474121094,53.689998626708984,62.7599983215332,127.0199966430664,156.44000244140625,49.470001220703125,126.80000305175781,415.489990234375,43.83000183105469,158.22000122070312,199.60000610351562,785.260009765625,198.10000610351562,133.10000610351562,93.54000091552734,120.11000061035156,93.23999786376953,27.940000534057617,160.10000610351562,169.47999572753906,54.91999816894531,225.75999450683594,139.27999877929688,495.7300109863281,44.02000045776367,169.6699981689453,57.63999938964844,46.709999084472656,41.900001525878906,147.7100067138672,115.05999755859375,178.80999755859375,175.39999389648438,282.54998779296875,964.0700073242188,129.6020050048828,37.2400016784668,52.849998474121094,61.720001220703125,125.31999969482422,154.85000610351562,48.47999954223633,124.7699966430664,408.3699951171875,42.5,155.44000244140625,196.3800048828125,767.3800048828125,195.35000610351562,130.11000061035156,91.91000366210938,117.08000183105469,89.12300109863281,27.540000915527344,155.50999450683594,166.97000122070312,53.900001525878906,221.39999389648438,135.14999389648438,491.30999755859375,43.2599983215332,165.6300048828125,56.380001068115234,46.09000015258789,41.4900016784668,146.6199951171875,113.41000366210938,179.8000030517578,179.9600067138672,284.2200012207031,978.780029296875,135.0,37.25,53.0,62.029998779296875,125.6500015258789,154.8699951171875,48.540000915527344,125.37000274658203,409.6199951171875,42.540000915527344,155.99000549316406,196.5,778.7100219726562,196.66000366210938,132.8699951171875,92.02999877929688,119.30000305175781,93.11199951171875,27.709999084472656,155.97000122070312,169.4499969482422,54.04999923706055,225.38999938964844,138.86000061035156,493.70001220703125,43.29999923706055,168.10000610351562,56.380001068115234,46.16999816894531,41.599998474121094,147.00999450683594,113.4800033569336,5073500,55685600,2256300,572100,25583000,36350200,13077600,16684400,3847800,7416900,5580400,2197300,2353600,51017800,8461600,8725800,2297700,1674800,16061600,6394500,29320700,586067000,34247600,1712900,6309700,6995700,4161700,13842800,2653100,6167200,3098600,13762800,33960000,36670300,8797400,12415700
2024-03-28,168.5981903076172,180.49000549316406,265.5116882324219,951.9600830078125,129.88780212402344,36.19190216064453,48.663455963134766,59.29939651489258,118.71337890625,143.37376403808594,47.35710906982422,118.94927978515625,400.3800048828125,43.714012145996094,149.11817932128906,190.91183471679688,765.9387817382812,192.4265594482422,123.65965270996094,88.27820587158203,117.06883239746094,90.30503845214844,23.95071792602539,149.22848510742188,162.17446899414062,51.812198638916016,223.01815795898438,132.53143310546875,473.55963134765625,40.96110534667969,160.27719116210938,55.067710876464844,44.28091049194336,40.843421936035156,142.8359375,107.97648620605469,182.10000610351562,180.49000549316406,284.32000732421875,970.469970703125,132.54100036621094,37.91999816894531,54.22999954223633,63.2400016784668,127.27999877929688,157.74000549316406,50.18000030517578,127.83999633789062,417.69000244140625,44.16999816894531,158.19000244140625,200.3000030517578,777.9600219726562,201.5,131.9499969482422,94.16000366210938,117.88999938964844,90.35600280761719,27.75,161.60000610351562,169.3000030517578,54.810001373291016,225.9199981689453,136.0500030517578,494.70001220703125,44.70000076293945,170.69000244140625,57.959999084472656,47.20500183105469,42.119998931884766,147.72999572753906,116.23999786376953,182.3000030517578,183.39999389648438,288.57000732421875,971.8699951171875,133.00900268554688,38.0,54.47999954223633,63.369998931884766,128.63999938964844,158.19000244140625,50.290000915527344,128.47000122070312,419.20001220703125,44.599998474121094,159.13999938964844,200.72000122070312,793.6699829101562,202.0500030517578,132.4199981689453,94.7300033569336,119.62999725341797,91.30000305175781,28.1200008392334,162.24000549316406,169.88999938964844,55.689998626708984,227.0,136.8000030517578,495.8699951171875,44.90999984741211,171.24000549316406,58.08000183105469,47.290000915527344,42.220001220703125,148.22999572753906,116.44999694824219,180.3000030517578,178.3000030517578,284.2099914550781,961.6500244140625,131.1529998779297,37.41999816894531,53.38999938964844,62.58000183105469,126.70999908447266,156.3699951171875,49.720001220703125,126.9000015258789,414.9800109863281,43.709999084472656,158.11000061035156,198.5399932861328,776.4400024414062,195.9499969482422,131.0800018310547,93.44999694824219,117.3499984741211,89.19300079345703,27.719999313354492,159.8800048828125,167.97999572753906,54.68000030517578,224.91000366210938,135.44000244140625,489.29998779296875,44.29999923706055,166.00999450683594,57.560001373291016,46.75,41.869998931884766,147.67999267578125,115.05999755859375,181.0,179.47000122070312,287.8599853515625,969.5499877929688,131.7899932861328,37.720001220703125,53.38999938964844,62.72999954223633,128.0,157.14999389648438,49.970001220703125,127.8499984741211,416.2099914550781,43.7599983215332,158.1999969482422,199.49000549316406,780.3200073242188,197.75,132.0,93.75,119.44000244140625,90.0,27.81999969482422,159.97999572753906,169.10000610351562,55.41999816894531,225.4199981689453,135.67999267578125,495.0,44.41999816894531,168.07000732421875,57.65999984741211,46.974998474121094,41.939998626708984,147.9199981689453,115.52999877929688,5418700,57628600,2289900,685700,19856000,42262500,14348200,19012000,4657800,8331600,9259400,3310500,2409700,54204200,6181500,8628300,3209400,6064100,10189700,6707700,21047800,435212000,40466700,1725300,5324000,8032400,1794300,10019400,3820000,7595000,3325900,14619000,34615200,41490200,8090200,18482100
2024-04-01,167.3575439453125,183.33999633789062,264.3164367675781,974.0114135742188,132.3230743408203,35.81013107299805,47.55074691772461,59.50568389892578,120.0191421508789,144.5917510986328,48.08379364013672,120.7357406616211,396.37322998046875,44.060401916503906,148.73167419433594,189.6155548095703,748.7978515625,195.2055206298828,122.7599868774414,87.68756103515625,123.43419647216797,90.3120346069336,23.924821853637695,147.695556640625,164.4925994873047,52.19977569580078,225.36758422851562,137.83074951171875,468.7732849121094,40.27384567260742,162.10821533203125,54.73517608642578,44.60923385620117,40.620391845703125,141.61767578125,108.67316436767578,180.75999450683594,183.33999633789062,283.0400085449219,992.9500122070312,135.0260009765625,37.52000045776367,52.9900016784668,63.459999084472656,128.67999267578125,159.0800018310547,50.95000076293945,129.75999450683594,413.510009765625,44.52000045776367,157.77999877929688,198.94000244140625,760.5499877929688,204.41000366210938,130.99000549316406,93.52999877929688,124.30000305175781,90.36299896240234,27.719999313354492,159.94000244140625,171.72000122070312,55.220001220703125,228.3000030517578,141.49000549316406,489.70001220703125,43.95000076293945,172.63999938964844,57.61000061035156,47.55500030517578,41.88999938964844,146.47000122070312,116.98999786376953,181.89999389648438,187.24000549316406,283.8299865722656,1022.6599731445312,136.29800415039062,38.349998474121094,54.22999954223633,63.900001525878906,128.94000244140625,159.58999633789062,51.20000076293945,130.13999938964844,417.95001220703125,45.40999984741211,158.14999389648438,200.94000244140625,777.5,205.49000549316406,131.92999267578125,94.44000244140625,127.37999725341797,92.2249984741211,27.8700008392334,161.5399932861328,172.8000030517578,55.4900016784668,231.4499969482422,142.9600067138672,495.7799987792969,44.75,173.07000732421875,57.880001068115234,47.69499969482422,42.20000076293945,147.72999572753906,117.23999786376953,179.24000549316406,179.89999389648438,279.0,979.760009765625,132.54100036621094,37.439998626708984,52.959999084472656,63.02000045776367,126.75,156.94000244140625,50.31999969482422,127.44000244140625,412.0,44.18000030517578,156.77000427246094,198.57000732421875,753.8200073242188,199.4600067138672,130.11000061035156,93.16999816894531,119.0,89.2040023803711,27.579999923706055,159.6699981689453,168.2100067138672,54.43000030517578,226.05999755859375,137.0500030517578,488.70001220703125,43.88999938964844,167.11000061035156,57.2599983215332,46.880001068115234,41.810001373291016,145.94000244140625,115.37999725341797,181.8800048828125,180.10000610351562,282.1099853515625,979.760009765625,132.5679931640625,37.939998626708984,54.16999816894531,63.599998474121094,128.0,158.27000427246094,50.91999816894531,128.80999755859375,416.67999267578125,44.290000915527344,157.72000122070312,199.99000549316406,776.0,201.2899932861328,131.67999267578125,94.16000366210938,119.19999694824219,90.29900360107422,27.760000228881836,161.39999389648438,168.27000427246094,55.150001525878906,226.05999755859375,137.2899932861328,494.4700012207031,44.58000183105469,170.11000061035156,57.880001068115234,47.345001220703125,42.15999984741211,147.63999938964844,116.41000366210938,3502100,74299900,1868600,1108500,17252000,33908000,9520400,14223900,3036000,6285700,8016600,2800600,1863900,31712600,4364700,7309000,2921300,2201100,5377600,3416000,44309400,452441000,26596600,1397000,6679100,4871500,3000900,14222700,2928700,4824900,2775400,11039500,42899000,37537700,7378300,13817000
2024-04-02,167.29275512695312,178.6999969482422,257.9382019042969,948.2719116210938,131.1960906982422,35.60015869140625,47.3264045715332,58.924320220947266,121.87521362304688,145.2279815673828,48.716102600097656,123.04328155517578,393.1524963378906,43.486385345458984,148.68455505371094,189.53932189941406,752.1551513671875,201.8616943359375,122.16019439697266,86.91878509521484,121.89498138427734,89.40154266357422,23.77809715270996,145.4792938232422,163.84121704101562,51.68931198120117,221.8927764892578,136.5935821533203,438.5619812011719,39.61405944824219,166.40882873535156,54.48815155029297,45.233036041259766,40.40705871582031,139.4132080078125,110.80038452148438,180.69000244140625,178.6999969482422,276.2099914550781,966.7100219726562,133.87600708007812,37.29999923706055,52.7400016784668,62.84000015258789,130.6699981689453,159.77999877929688,51.619998931884766,132.24000549316406,410.1499938964844,43.939998626708984,157.72999572753906,198.86000061035156,763.9600219726562,211.3800048828125,130.35000610351562,92.70999908447266,122.75,89.4520034790039,27.549999237060547,157.5399932861328,171.0399932861328,54.68000030517578,224.77999877929688,140.22000122070312,458.1400146484375,43.22999954223633,177.22000122070312,57.349998474121094,48.220001220703125,41.66999816894531,144.19000244140625,119.27999877929688,181.02999877929688,180.10000610351562,283.9100036621094,973.8400268554688,134.23699951171875,37.58000183105469,53.349998474121094,63.59000015258789,130.83999633789062,161.22000122070312,51.650001525878906,132.25999450683594,413.1700134277344,44.08000183105469,157.8300018310547,199.77999877929688,765.0700073242188,211.5399932861328,130.75999450683594,93.7699966430664,123.68000030517578,90.09400177001953,27.75,159.3699951171875,171.39999389648438,55.25,225.25999450683594,141.0399932861328,463.67999267578125,43.95000076293945,177.32000732421875,58.0,48.27000045776367,41.81999969482422,144.64999389648438,119.5999984741211,178.50999450683594,174.8300018310547,276.0400085449219,957.1199951171875,130.34100341796875,37.15999984741211,52.529998779296875,62.650001525878906,128.6300048828125,159.02000427246094,50.869998931884766,129.77999877929688,407.6199951171875,43.5,155.9499969482422,198.0800018310547,753.5,204.5,129.27999877929688,92.54000091552734,120.91999816894531,87.62000274658203,27.40999984741211,157.4600067138672,169.27999877929688,53.18000030517578,222.39999389648438,139.35000610351562,449.6000061035156,43.119998931884766,172.75,57.189998626708984,47.54999923706055,41.599998474121094,143.44000244140625,117.33000183105469,179.38999938964844,179.47000122070312,283.3399963378906,968.1300048828125,131.57899475097656,37.189998626708984,53.099998474121094,62.650001525878906,129.52000427246094,160.0500030517578,51.2599983215332,131.0,410.739990234375,43.93000030517578,156.57000732421875,198.38999938964844,755.0700073242188,205.47000122070312,130.10000610351562,92.9000015258789,122.70999908447266,88.447998046875,27.56999969482422,159.0,170.47000122070312,54.95000076293945,224.5399932861328,140.3800048828125,459.6000061035156,43.689998626708984,173.1699981689453,57.36000061035156,47.7599983215332,41.7599983215332,144.49000549316406,117.91999816894531,4523800,61598800,2220500,964000,24694000,34806800,10234300,16062000,4969700,8815400,7093800,3598800,1976000,32748400,6102300,7014700,2596800,3517300,6584200,5245400,25026400,433064000,32451500,1509200,7436300,18540100,2383500,9869200,11867000,6462200,3152100,14632900,38671200,36359800,10776400,19919600
2024-04-03,164.18190002441406,180.77000427246094,256.2666320800781,961.5733032226562,133.59214782714844,35.7337760925293,46.823883056640625,57.845977783203125,122.77059936523438,145.827880859375,49.801414489746094,124.4761734008789,396.84295654296875,39.91366195678711,145.4135284423828,189.0055694580078,763.9992065429688,205.28045654296875,121.73844909667969,87.19066619873047,127.11834716796875,88.91382598876953,23.493276596069336,145.10992431640625,166.59042358398438,51.85946273803711,222.51470947265625,138.3275604248047,440.09356689453125,39.50409698486328,169.3666534423828,54.279136657714844,45.5425910949707,40.38766098022461,139.25852966308594,110.81896209716797,177.3300018310547,180.77000427246094,274.4200134277344,980.27001953125,136.3209991455078,37.439998626708984,52.18000030517578,61.689998626708984,131.6300048828125,160.44000244140625,52.77000045776367,133.77999877929688,414.0,40.33000183105469,154.25999450683594,198.3000030517578,775.989990234375,214.9600067138672,129.89999389648438,93.0,128.00999450683594,88.96399688720703,27.219999313354492,157.13999938964844,173.91000366210938,54.86000061035156,225.41000366210938,142.0,459.739990234375,43.11000061035156,180.3699951171875,57.130001068115234,48.54999923706055,41.650001525878906,144.02999877929688,119.30000305175781,181.60000610351562,182.0500030517578,276.4700012207031,986.469970703125,137.6820068359375,38.02000045776367,52.869998931884766,63.38999938964844,132.0,160.9499969482422,52.83000183105469,133.89999389648438,416.6300048828125,41.650001525878906,158.0500030517578,199.55999755859375,787.25,218.58999633789062,132.3000030517578,94.30000305175781,128.27999877929688,90.3740005493164,27.75,159.52999877929688,173.9600067138672,55.349998474121094,226.99000549316406,142.92999267578125,462.8500061035156,43.77000045776367,182.72999572753906,57.959999084472656,48.6150016784668,41.959999084472656,145.08999633789062,119.75,176.60000610351562,176.6999969482422,273.67999267578125,962.0999755859375,132.52699279785156,37.27000045776367,52.099998474121094,61.52000045776367,130.52000427246094,159.72000122070312,51.849998474121094,132.2899932861328,411.0,40.220001220703125,154.25,197.6999969482422,765.4099731445312,211.75,129.42999267578125,92.75,121.33000183105469,88.4000015258789,27.200000762939453,156.2899932861328,169.3300018310547,54.290000915527344,222.13999938964844,138.38999938964844,455.54998779296875,43.0099983215332,177.74000549316406,56.849998474121094,48.2400016784668,41.540000915527344,143.69000244140625,118.7300033569336,180.72000122070312,177.5399932861328,275.69000244140625,965.8800048828125,132.8000030517578,37.400001525878906,52.75,62.86000061035156,130.91000366210938,160.10000610351562,51.849998474121094,133.0,411.0,41.400001525878906,157.7899932861328,199.0399932861328,765.6900024414062,211.75,130.35000610351562,92.94999694824219,122.19999694824219,88.48400115966797,27.510000228881836,157.6300048828125,170.0,55.2400016784668,222.1699981689453,138.5800018310547,462.0,43.22999954223633,179.1199951171875,57.20000076293945,48.400001525878906,41.68000030517578,144.44000244140625,119.4800033569336,5893000,49835100,1669200,892100,28650000,33338500,10434600,18079900,3707300,7819700,8999300,3485800,1549200,83718000,8098200,9353400,3044900,3902500,7741400,4821100,40130100,370067000,36828600,1388700,6943200,13255900,1860600,9707500,4460400,5866400,4127500,13226500,29148800,39715900,8453400,16504300
2024-04-04,155.45106506347656,165.8300018310547,250.35533142089844,935.2254638671875,129.11265563964844,35.23746871948242,46.66048049926758,57.11457824707031,122.88252258300781,146.0550994873047,49.58434295654297,124.70879364013672,389.4140930175781,39.31985092163086,143.75445556640625,187.56753540039062,756.2113647460938,206.51235961914062,119.63920593261719,86.51564025878906,123.22563934326172,85.8565444946289,23.001314163208008,144.86984252929688,162.61509704589844,51.301734924316406,216.21665954589844,136.048095703125,435.9198913574219,39.329994201660156,169.59201049804688,53.85157775878906,45.51445388793945,39.93191146850586,137.24742126464844,111.2091064453125,167.89999389648438,165.8300018310547,268.0899963378906,953.4099731445312,131.75,36.91999816894531,51.400001525878906,60.90999984741211,131.75,160.69000244140625,52.540000915527344,134.02999877929688,406.25,39.72999954223633,152.5,195.64999389648438,768.0800170898438,216.25,127.66000366210938,92.27999877929688,124.08999633789062,85.90499877929688,26.649999618530273,156.8800048828125,169.75999450683594,54.27000045776367,219.02999877929688,139.66000366210938,455.3800048828125,42.91999816894531,180.61000061035156,56.68000030517578,48.52000045776367,41.18000030517578,141.9499969482422,119.72000122070312,177.6999969482422,183.02000427246094,276.7300109863281,996.7999877929688,140.3979949951172,37.959999084472656,52.09000015258789,62.7400016784668,132.42999267578125,161.9499969482422,53.119998931884766,134.52000427246094,419.0,40.779998779296875,155.5,199.67999267578125,787.9000244140625,218.85000610351562,130.94000244140625,94.73999786376953,130.5399932861328,90.63400268554688,27.399999618530273,159.2899932861328,175.9499969482422,55.0,229.1699981689453,146.75,461.7200012207031,44.029998779296875,183.7899932861328,58.0,48.79999923706055,42.08000183105469,145.02000427246094,119.87999725341797,167.4499969482422,165.64999389648438,267.75,953.3900146484375,131.5,36.869998931884766,51.20000076293945,60.75,131.0500030517578,159.82000732421875,52.310001373291016,133.25999450683594,405.70001220703125,39.70000076293945,152.41000366210938,195.5500030517578,767.8200073242188,215.39999389648438,127.33999633789062,91.86000061035156,123.6500015258789,85.87999725341797,26.639999389648438,156.1199951171875,169.41000366210938,53.970001220703125,218.55999755859375,139.42999267578125,451.9200134277344,42.72999954223633,180.11000061035156,56.540000915527344,48.33000183105469,41.130001068115234,141.8699951171875,118.63999938964844,177.64999389648438,182.9199981689453,276.04998779296875,991.989990234375,138.53199768066406,37.70000076293945,51.939998626708984,62.150001525878906,132.1300048828125,160.8000030517578,52.95000076293945,133.92999267578125,418.0,40.59000015258789,155.30999755859375,199.14999389648438,781.5399780273438,216.97999572753906,130.8300018310547,94.19999694824219,130.17999267578125,90.40599822998047,27.309999465942383,158.9199981689453,175.0,54.86000061035156,228.50999450683594,144.0,460.82000732421875,43.56999969482422,180.69000244140625,57.72999954223633,48.625,42.0,144.92999267578125,119.05000305175781,10539000,88280000,2451200,1269700,27014000,42888200,10993700,13401100,3908400,9269700,7702300,3354300,1704700,57307200,6947400,9243800,2354000,3189700,6753200,5466100,36009900,434965000,41922700,1548200,9031200,12040800,3744000,15759500,5182000,6491400,3212800,12361900,36941200,52657500,12685700,18467400
2024-04-05,157.39537048339844,170.4199981689453,252.09234619140625,960.8668823242188,131.26173400878906,35.418819427490234,46.587860107421875,57.76157760620117,124.53340148925781,146.8822479248047,50.27328872680664,126.48594665527344,391.15869140625,38.31038284301758,143.65077209472656,189.2931671142578,772.0921020507812,209.2626953125,119.94847106933594,86.69376373291016,122.71920013427734,87.9583740234375,23.009944915771484,145.3223114013672,164.3105926513672,52.02016830444336,218.78326416015625,137.70411682128906,436.26446533203125,39.43079376220703,172.20242309570312,54.53565979003906,46.00223922729492,40.31008529663086,138.47535705566406,112.74180603027344,170.0,170.4199981689453,269.95001220703125,979.5499877929688,133.9429931640625,37.11000061035156,51.31999969482422,61.599998474121094,133.52000427246094,161.60000610351562,53.27000045776367,135.94000244140625,408.07000732421875,38.709999084472656,152.38999938964844,197.4499969482422,784.2100219726562,219.1300048828125,127.98999786376953,92.47000122070312,123.58000183105469,88.00800323486328,26.65999984741211,157.3699951171875,171.52999877929688,55.029998779296875,221.6300048828125,141.36000061035156,455.739990234375,43.029998779296875,183.38999938964844,57.400001525878906,49.040000915527344,41.56999969482422,143.22000122070312,121.37000274658203,171.0399932861328,172.69000244140625,273.07000732421875,986.5999755859375,136.1230010986328,37.34000015258789,51.45000076293945,62.040000915527344,133.83999633789062,162.1699981689453,53.58000183105469,136.50999450683594,409.1400146484375,39.459999084472656,153.00999450683594,198.1199951171875,786.7100219726562,221.11000061035156,128.60000610351562,93.29000091552734,125.69000244140625,88.48100280761719,26.700000762939453,157.7100067138672,172.24000549316406,55.290000915527344,223.0,142.0,457.75,43.29999923706055,184.7899932861328,57.619998931884766,49.23500061035156,41.68000030517578,143.69000244140625,122.1500015258789,167.2899932861328,165.5800018310547,265.0799865722656,966.9199829101562,131.4199981689453,36.72999954223633,50.77000045776367,60.41999816894531,131.19000244140625,159.86000061035156,52.33000183105469,134.25999450683594,401.4700012207031,38.5099983215332,151.61000061035156,195.11000061035156,763.0900268554688,217.6300048828125,127.0,91.61000061035156,121.19999694824219,85.9260025024414,26.350000381469727,155.82000732421875,169.7100067138672,53.97999954223633,218.5800018310547,138.9199981689453,450.010009765625,42.65999984741211,181.19000244140625,56.56999969482422,48.42499923706055,41.20000076293945,141.61000061035156,119.63999938964844,168.0,168.10000610351562,265.8999938964844,976.5,132.60000610351562,36.810001373291016,51.189998626708984,60.81999969482422,131.9600067138672,161.3300018310547,52.779998779296875,134.77000427246094,406.55999755859375,39.349998474121094,152.02999877929688,196.16000366210938,765.469970703125,219.57000732421875,127.6500015258789,92.25,124.4000015258789,86.86599731445312,26.559999465942383,156.75,170.17999267578125,54.5,220.0,140.0,450.69000244140625,42.75,183.0,56.630001068115234,48.720001220703125,41.34000015258789,141.72999572753906,119.9800033569336,7030100,66080300,2293800,878400,19438000,30823500,9095500,12686300,3595500,7432800,7669300,3458800,1694900,67263000,6783000,6532300,2113400,2690000,5692900,4654800,23326500,399678000,39880500,1874000,5863300,10016100,2428300,8263600,5747400,4580700,2418900,11081000,31194600,47540300,9073100,21720600
2024-04-08,157.21018981933594,169.89999389648438,251.3919677734375,963.9667358398438,130.93540954589844,35.791046142578125,46.38814163208008,57.883487701416016,123.5074234008789,146.58226013183594,50.42428207397461,126.03003692626953,393.5263366699219,37.58791732788086,142.8966522216797,190.28062438964844,765.2791137695312,207.20950317382812,118.60831451416016,87.38755798339844,122.09358215332031,87.08385467529297,22.940898895263672,148.63751220703125,166.31265258789062,51.08431625366211,219.345947265625,139.09715270996094,436.513427734375,40.06308364868164,169.8549346923828,54.90619659423828,45.71144485473633,40.48463821411133,138.03060913085938,111.98011016845703,169.8000030517578,169.89999389648438,269.20001220703125,982.7100219726562,133.61000061035156,37.5,51.099998474121094,61.72999954223633,132.4199981689453,161.27000427246094,53.43000030517578,135.4499969482422,410.5400085449219,37.97999954223633,151.58999633789062,198.47999572753906,777.2899780273438,216.97999572753906,126.55999755859375,93.20999908447266,122.94999694824219,87.13300323486328,26.579999923706055,160.9600067138672,173.6199951171875,54.040000915527344,222.1999969482422,142.7899932861328,456.0,43.720001220703125,180.88999938964844,57.790000915527344,48.72999954223633,41.75,142.75999450683594,120.55000305175781,171.97000122070312,171.66000366210938,270.2099914550781,996.2000122070312,134.25,37.58000183105469,51.29999923706055,62.31999969482422,134.02000427246094,162.5,53.810001373291016,136.67999267578125,412.5299987792969,38.86000061035156,153.0399932861328,198.97999572753906,785.2000122070312,219.74000549316406,127.91999816894531,93.4000015258789,129.6999969482422,88.83000183105469,26.81999969482422,161.47999572753906,174.38999938964844,55.650001525878906,224.11000061035156,146.0,457.20001220703125,44.0099983215332,183.3800048828125,57.97999954223633,49.20500183105469,41.81999969482422,143.11000061035156,121.73999786376953,168.39999389648438,166.82000732421875,267.55999755859375,980.1300048828125,131.5749969482422,37.130001068115234,50.86000061035156,61.65999984741211,132.17999267578125,160.3300018310547,52.959999084472656,134.9499969482422,407.54998779296875,37.90999984741211,151.55999755859375,197.6199951171875,773.3499755859375,216.60000610351562,125.87999725341797,92.19999694824219,122.61000061035156,86.73200225830078,26.520000457763672,157.57000732421875,172.36000061035156,53.959999084472656,221.30999755859375,142.75999450683594,453.5899963378906,43.060001373291016,180.75,57.310001373291016,48.64500045776367,41.560001373291016,142.5399932861328,120.20999908447266,169.2100067138672,168.1999969482422,269.4800109863281,989.8499755859375,133.36500549316406,37.20000076293945,51.279998779296875,61.66999816894531,133.75,161.64999389648438,53.4900016784668,136.05999755859375,409.1000061035156,38.63999938964844,151.99000549316406,197.6199951171875,785.02001953125,218.57000732421875,127.63999938964844,93.0,129.05999755859375,88.69999694824219,26.600000381469727,158.19000244140625,172.92999267578125,55.439998626708984,222.94000244140625,145.24000549316406,455.9700012207031,43.290000915527344,183.02999877929688,57.380001068115234,49.064998626708984,41.58000183105469,143.11000061035156,121.08000183105469,4745000,43997500,1830800,929000,17139000,29470300,12258500,10708300,4481900,7253200,7183100,3837600,1181900,56967800,5935400,8001000,1664200,2478400,6282500,4601900,27955800,283220000,24431400,1950000,4812000,8975900,1866900,16307400,4532300,6159500,2539200,15308800,34034600,35165700,9128200,17513900
2024-04-09,157.5249786376953,170.77999877929688,252.47518920898438,970.9508666992188,130.7374725341797,36.010562896728516,46.842041015625,57.81785202026367,123.34889221191406,147.2458038330078,51.09434127807617,127.52806854248047,393.68927001953125,37.934303283691406,143.55650329589844,189.0055694580078,745.5388793945312,202.56834411621094,118.74888610839844,88.20320892333984,121.77581787109375,85.30584716796875,23.1135196685791,149.0437774658203,168.18057250976562,51.20719909667969,221.7052459716797,141.63963317871094,440.074462890625,40.264671325683594,165.50738525390625,54.70668029785156,45.72551727294922,40.25190353393555,138.52371215820312,112.56531524658203,170.13999938964844,170.77999877929688,270.3599853515625,989.8300170898438,133.4080047607422,37.72999954223633,51.599998474121094,61.65999984741211,132.25,162.0,54.13999938964844,137.05999755859375,410.7099914550781,38.33000183105469,152.2899932861328,197.14999389648438,757.239990234375,212.1199951171875,126.70999908447266,94.08000183105469,122.62999725341797,85.35399627685547,26.780000686645508,161.39999389648438,175.57000732421875,54.16999816894531,224.58999633789062,145.39999389648438,459.7200012207031,43.939998626708984,176.25999450683594,57.58000183105469,48.744998931884766,41.5099983215332,143.27000427246094,121.18000030517578,170.5500030517578,171.60000610351562,271.2900085449219,1000.2000122070312,135.947998046875,37.77000045776367,51.68000030517578,62.09000015258789,133.1999969482422,162.52999877929688,54.209999084472656,137.22000122070312,413.2200012207031,38.58000183105469,152.52999877929688,198.8800048828125,777.8200073242188,218.0,127.0,94.13999938964844,126.13999938964844,87.63500213623047,27.420000076293945,162.13999938964844,175.99000549316406,54.61000061035156,225.3000030517578,148.1699981689453,459.760009765625,44.02000045776367,182.10000610351562,57.9900016784668,49.06999969482422,41.880001068115234,143.35000610351562,121.6500015258789,167.39999389648438,167.2899932861328,268.5799865722656,969.3599853515625,130.86399841308594,37.20000076293945,51.06999969482422,60.90999984741211,131.00999450683594,160.4600067138672,53.25,135.2899932861328,407.04998779296875,37.33000183105469,150.94000244140625,194.91000366210938,750.6500244140625,210.0800018310547,125.51000213623047,92.83000183105469,121.2699966430664,83.02200317382812,26.649999618530273,159.35000610351562,173.3699951171875,53.869998931884766,220.75999450683594,142.9499969482422,452.4599914550781,43.40999984741211,176.11000061035156,56.869998931884766,48.38999938964844,41.18000030517578,142.27999877929688,120.33999633789062,169.72999572753906,170.2100067138672,270.19000244140625,993.739990234375,135.73699951171875,37.5099983215332,51.130001068115234,61.75,132.7899932861328,161.85000610351562,53.56999969482422,136.5800018310547,411.510009765625,38.04999923706055,151.5500030517578,198.07000732421875,777.6400146484375,216.97999572753906,126.58000183105469,93.61000061035156,124.88999938964844,87.44200134277344,26.770000457763672,161.25999450683594,175.27000427246094,54.5,224.44000244140625,146.25999450683594,454.2799987792969,43.81999969482422,182.0,57.70000076293945,48.939998626708984,41.77000045776367,143.07000732421875,121.0,5933200,42886100,1792600,717500,17986000,30967300,9487300,10301200,3756000,6576200,7885300,2807400,1247200,78671700,6135300,7351500,2464100,3052300,4696600,4951600,19212900,501700000,45127800,1306800,5028500,6685700,3170100,18443400,3521200,5701800,3502100,10643800,35322800,51953600,10534400,14132300
2024-04-10,156.49725341796875,167.13999938964844,248.82386779785156,956.0211791992188,129.5898895263672,34.97978210449219,45.65283203125,56.43007278442383,123.88050842285156,147.85476684570312,51.44352722167969,128.35617065429688,384.151611328125,36.81597137451172,141.5863800048828,187.39495849609375,750.2056274414062,201.7088623046875,118.786376953125,85.92499542236328,121.34880828857422,86.98991394042969,22.71649932861328,143.1614532470703,163.6688232421875,51.235565185546875,217.6579132080078,142.4384307861328,430.81768798828125,38.514434814453125,164.9815673828125,54.09861373901367,45.86622619628906,39.65069580078125,136.8993377685547,113.5127944946289,169.02999877929688,167.13999938964844,266.45001220703125,974.6099853515625,132.23699951171875,36.650001525878906,50.290000915527344,60.18000030517578,132.82000732421875,162.6699981689453,54.5099983215332,137.9499969482422,400.760009765625,37.20000076293945,150.1999969482422,195.47000122070312,761.97998046875,211.22000122070312,126.75,91.6500015258789,122.19999694824219,87.03900146484375,26.31999969482422,155.02999877929688,170.86000061035156,54.20000076293945,220.49000549316406,146.22000122070312,450.04998779296875,42.029998779296875,175.6999969482422,56.939998626708984,48.89500045776367,40.88999938964844,141.58999633789062,122.19999694824219,169.9600067138672,169.77999877929688,268.3800048828125,983.47998046875,133.5749969482422,37.22999954223633,51.290000915527344,61.310001373291016,133.67999267578125,162.77000427246094,54.54999923706055,138.41000366210938,405.45001220703125,38.220001220703125,151.82000732421875,197.07000732421875,765.260009765625,215.24000549316406,127.0,92.88999938964844,124.4800033569336,87.4000015258789,26.59000015258789,158.89999389648438,173.7100067138672,54.52000045776367,223.42999267578125,148.42999267578125,458.739990234375,43.040000915527344,177.6999969482422,57.29999923706055,49.07500076293945,41.27000045776367,142.24000549316406,122.47000122070312,167.36000061035156,164.0,264.6300048828125,962.8099975585938,131.54800415039062,36.54999923706055,50.279998779296875,59.970001220703125,131.75999450683594,161.00999450683594,53.540000915527344,136.1699981689453,397.2900085449219,37.02000045776367,149.75999450683594,194.17999267578125,746.8300170898438,210.57000732421875,125.05000305175781,91.18000030517578,119.93000030517578,83.70899963378906,26.15999984741211,154.1300048828125,170.07000732421875,53.29999923706055,219.22999572753906,145.25999450683594,449.7799987792969,41.869998931884766,173.6300048828125,56.41999816894531,48.400001525878906,40.7599983215332,141.10000610351562,120.7300033569336,168.58999633789062,166.7100067138672,267.9599914550781,962.8099975585938,132.3000030517578,37.18000030517578,51.040000915527344,60.52000045776367,132.47999572753906,162.2100067138672,54.0099983215332,136.44000244140625,404.010009765625,38.02000045776367,151.52999877929688,195.5500030517578,751.280029296875,211.8300018310547,125.86000061035156,92.2699966430664,120.0,83.9260025024414,26.520000457763672,158.89999389648438,172.4199981689453,53.880001068115234,220.83999633789062,146.6300048828125,455.489990234375,43.0099983215332,175.24000549316406,56.790000915527344,48.61000061035156,41.11000061035156,141.83999633789062,121.22000122070312,3231700,59600000,1949500,722800,17467000,37610700,11492800,18088000,4402400,7525800,7984200,3397400,1903300,51108400,6809500,7681400,1700300,2663900,5787700,5994200,22242300,431929000,44541600,1827100,6177400,8179200,3610500,18861300,4493500,7584400,3472200,16475200,39199600,59492800,13052700,17409200
2024-04-11,155.09922790527344,170.5,252.13897705078125,973.2559814453125,135.47862243652344,34.69345474243164,44.59071731567383,56.927040100097656,123.97379302978516,147.1457977294922,50.86783981323242,127.72345733642578,381.007568359375,37.24153137207031,140.25723266601562,187.35659790039062,747.8525390625,202.71157836914062,118.22407531738281,81.41545104980469,126.621826171875,90.56488800048828,22.733760833740234,142.28421020507812,167.7590789794922,51.04650115966797,222.57395935058594,143.39306640625,422.8436584472656,38.41363525390625,166.2398223876953,53.861087799072266,45.833396911621094,39.36948776245117,136.33856201171875,113.13194274902344,167.52000427246094,170.5,270.0,992.1799926757812,138.24600219726562,36.349998474121094,49.119998931884766,60.709999084472656,132.9199981689453,161.88999938964844,53.900001525878906,137.27000427246094,397.4800109863281,37.630001068115234,148.7899932861328,195.42999267578125,759.5900268554688,212.27000427246094,126.1500015258789,86.83999633789062,127.51000213623047,90.61599731445312,26.34000015258789,154.0800018310547,175.1300048828125,54.0,225.47000122070312,147.1999969482422,441.7200012207031,41.91999816894531,177.0399932861328,56.689998626708984,48.86000061035156,40.599998474121094,141.00999450683594,121.79000091552734,169.3699951171875,170.9499969482422,273.0,992.1900024414062,139.18699645996094,36.75,50.58000183105469,60.88999938964844,133.19000244140625,163.6199951171875,54.93000030517578,137.72000122070312,401.4700012207031,37.66999816894531,150.8699951171875,196.57000732421875,763.3300170898438,213.83999633789062,127.13999938964844,91.80000305175781,127.55999755859375,90.73899841308594,26.450000762939453,155.42999267578125,175.6300048828125,54.369998931884766,225.8699951171875,147.55999755859375,450.7699890136719,42.20000076293945,177.32000732421875,57.0,49.06999969482422,40.93000030517578,142.0500030517578,122.69000244140625,167.22999572753906,166.5500030517578,268.45001220703125,963.3300170898438,132.36500549316406,36.04999923706055,49.11000061035156,59.5,130.64999389648438,159.8000030517578,53.27000045776367,135.0399932861328,394.8399963378906,37.08000183105469,148.38999938964844,193.24000549316406,750.6699829101562,209.0500030517578,125.45999908447266,85.01000213623047,122.08000183105469,86.9260025024414,26.1299991607666,151.80999755859375,170.5,53.150001525878906,220.05999755859375,144.1300048828125,441.4800109863281,41.209999084472656,174.4499969482422,55.630001068115234,48.16999816894531,40.349998474121094,140.60000610351562,120.33999633789062,169.1999969482422,167.5500030517578,270.2200012207031,981.5499877929688,133.26800537109375,36.75,50.459999084472656,60.349998474121094,132.5399932861328,163.6199951171875,54.4900016784668,137.35000610351562,400.4800109863281,37.43000030517578,150.8000030517578,196.0,759.780029296875,212.1300048828125,126.55000305175781,91.72000122070312,122.9000015258789,87.41999816894531,26.350000381469727,155.42999267578125,171.6699981689453,54.29999923706055,221.8800048828125,147.1999969482422,450.3900146484375,42.20000076293945,176.14999389648438,56.97999954223633,49.04999923706055,40.869998931884766,142.02000427246094,122.69000244140625,3307000,48994500,2169600,964700,31713000,38604000,11781000,18181900,4328800,7682500,7527400,3430200,2176200,41909100,8374400,10137700,1594800,2208700,6187200,24631800,21745300,431637000,32814500,1361800,6262600,7522300,2455300,11818800,5844100,6829700,2414400,18995600,39204600,56870800,8153900,17555900
2024-04-12,151.65089416503906,163.27999877929688,249.5989532470703,943.4948120117188,131.71644592285156,34.158973693847656,43.82817077636719,55.96122741699219,122.36953735351562,144.48269653320312,50.41484451293945,125.88115692138672,373.3486633300781,35.321556091308594,139.06005859375,175.23878479003906,740.0254516601562,199.36920166015625,117.83984375,80.80606079101562,121.66658020019531,88.13626861572266,22.319473266601562,140.51181030273438,164.08067321777344,49.1558952331543,215.26898193359375,138.83412170410156,420.43133544921875,38.102081298828125,162.9533233642578,53.65207290649414,45.0876350402832,38.84585952758789,134.30813598632812,111.81289672851562,162.27999877929688,163.27999877929688,267.2799987792969,961.8400268554688,134.40699768066406,35.790000915527344,48.279998779296875,59.68000030517578,131.1999969482422,158.9600067138672,53.41999816894531,135.2899932861328,389.489990234375,35.689998626708984,147.52000427246094,182.7899932861328,751.6400146484375,208.77000427246094,125.73999786376953,86.19000244140625,122.5199966430664,88.18599700927734,25.860000610351562,150.6300048828125,171.2899932861328,52.0,218.07000732421875,142.52000427246094,439.20001220703125,41.58000183105469,173.5399932861328,56.470001220703125,48.064998626708984,40.060001373291016,138.91000366210938,120.37000274658203,164.4499969482422,165.6999969482422,269.29998779296875,972.1500244140625,136.6510009765625,36.09000015258789,49.09000015258789,62.599998474121094,135.17999267578125,163.8699951171875,55.09000015258789,139.6699981689453,394.0899963378906,36.70000076293945,149.07000732421875,188.92999267578125,763.5,214.0,127.11000061035156,86.80999755859375,125.98999786376953,90.17500305175781,26.31999969482422,152.0,173.38999938964844,54.630001068115234,221.75999450683594,146.50999450683594,442.239990234375,41.72999954223633,178.38999938964844,57.0,49.48500061035156,40.5,140.2899932861328,123.75,160.0,161.82000732421875,266.1700134277344,956.5,133.66200256347656,35.529998779296875,48.2599983215332,58.75,130.38999938964844,158.0399932861328,53.2599983215332,134.67999267578125,387.1199951171875,35.599998474121094,147.14999389648438,182.5399932861328,749.7899780273438,207.64999389648438,125.0999984741211,85.12000274658203,121.83000183105469,87.52999877929688,25.829999923706055,149.69000244140625,170.9600067138672,51.869998931884766,217.63999938964844,142.14999389648438,436.3800048828125,41.18000030517578,172.3800048828125,55.34000015258789,47.834999084472656,39.90999984741211,138.4600067138672,119.66999816894531,164.4499969482422,164.52999877929688,268.7699890136719,969.8200073242188,135.2010040283203,35.810001373291016,49.040000915527344,62.290000915527344,134.27999877929688,162.2899932861328,54.470001220703125,138.5,392.8399963378906,36.689998626708984,148.05999755859375,188.32000732421875,759.5700073242188,213.86000061035156,127.04000091552734,85.80000305175781,125.25,89.6989974975586,26.25,150.1699981689453,172.27999877929688,54.099998474121094,221.49000549316406,145.0,440.3399963378906,41.209999084472656,177.69000244140625,55.970001220703125,49.16999816894531,40.33000183105469,140.27999877929688,122.94999694824219,7029400,63519600,2140100,1031000,27823000,47126100,12459200,28561900,4955300,11071000,9808700,2656100,2815800,80254800,7100200,31532300,2495000,2086700,7370000,12789800,24808200,426805000,43034100,1487400,8216700,13006300,3210400,12024000,6045700,6742500,2452400,27876700,46572400,81234800,13799400,21556200
2024-04-15,151.08087158203125,160.32000732421875,247.94602966308594,936.6085815429688,128.4452667236328,34.311683654785156,44.03696060180664,54.91101837158203,121.48348236083984,143.23744201660156,49.71647644042969,124.01700592041016,384.2666320800781,35.935157775878906,139.1260528564453,175.3346710205078,739.1688842773438,197.697998046875,118.26156616210938,81.55608367919922,120.52459716796875,85.95248413085938,22.36263084411621,139.51368713378906,162.6917266845703,48.84394073486328,212.54443359375,136.5156707763672,426.5865478515625,37.97378158569336,160.25839233398438,54.12711715698242,44.66551208496094,38.65191650390625,134.03741455078125,111.17194366455078,161.6699981689453,160.32000732421875,265.510009765625,954.8200073242188,131.06900024414062,35.95000076293945,48.5099983215332,58.560001373291016,130.25,157.58999633789062,52.68000030517578,132.38999938964844,400.8800048828125,36.310001373291016,147.58999633789062,182.88999938964844,750.77001953125,207.02000427246094,126.19000244140625,86.98999786376953,121.37000274658203,86.0009994506836,25.90999984741211,149.55999755859375,169.83999633789062,51.66999816894531,215.30999755859375,140.13999938964844,445.6300048828125,41.439998626708984,170.6699981689453,56.970001220703125,47.6150016784668,39.86000061035156,138.6300048828125,119.68000030517578,164.6999969482422,164.44000244140625,270.92999267578125,988.719970703125,137.0,36.7599983215332,49.099998474121094,60.90999984741211,132.61000061035156,160.49000549316406,54.040000915527344,135.1699981689453,412.8699951171875,36.70000076293945,149.49000549316406,187.4600067138672,768.0,210.8000030517578,127.81999969482422,89.12999725341797,124.77999877929688,90.61299896240234,26.170000076293945,154.4199981689453,174.3800048828125,52.90999984741211,221.86000061035156,145.47999572753906,448.3500061035156,42.84000015258789,174.94000244140625,57.97999954223633,48.525001525878906,40.7400016784668,140.6300048828125,121.69000244140625,161.5,158.75999450683594,264.3500061035156,951.0999755859375,130.60000610351562,35.7599983215332,48.119998931884766,58.189998626708984,130.02999877929688,157.36000061035156,52.4900016784668,132.3000030517578,398.69000244140625,35.88999938964844,147.3699951171875,182.1999969482422,749.52001953125,206.17999267578125,125.87000274658203,85.48999786376953,120.61000061035156,85.92900085449219,25.75,149.30999755859375,168.5800018310547,51.45000076293945,214.24000549316406,139.8800048828125,441.989990234375,41.099998474121094,169.88999938964844,56.7400016784668,47.55500030517578,39.7400016784668,138.41000366210938,119.44999694824219,164.52000427246094,164.42999267578125,269.92999267578125,985.4199829101562,137.0,36.33000183105469,48.36000061035156,60.18000030517578,132.1300048828125,159.94000244140625,53.65999984741211,133.97000122070312,407.0,36.040000915527344,148.3699951171875,184.5,760.0700073242188,210.5500030517578,126.69000244140625,87.80000305175781,123.62999725341797,89.0979995727539,25.90999984741211,152.36000061035156,174.27000427246094,52.70000076293945,221.0500030517578,145.02000427246094,442.0,42.060001373291016,174.0800018310547,57.61000061035156,48.29499816894531,40.58000183105469,140.1199951171875,121.08999633789062,5433700,61461200,1740000,1077500,24370000,44392000,11943600,19242300,4219300,7236900,7850700,2979200,6177000,50751600,8502300,14766600,2358600,2587000,6241000,9553900,17732600,443077000,35660200,2159800,6570600,9480000,3170800,13458800,5376800,10232800,2413500,19407500,48690800,71800600,10383600,15029500
2024-04-16,151.8938751220703,163.4600067138672,248.0674285888672,958.2870483398438,130.24549865722656,33.09955596923828,43.81001281738281,53.466976165771484,120.81194305419922,142.04673767089844,49.24460220336914,124.55097961425781,380.4131774902344,35.88566970825195,136.16610717773438,173.33099365234375,735.2011108398438,194.68028259277344,117.20256042480469,83.57178497314453,120.92179870605469,87.36569213867188,22.17275047302246,136.69654846191406,161.48475646972656,48.59815979003906,214.1534881591797,136.18446350097656,448.8525695800781,37.57059097290039,158.680908203125,53.59505844116211,44.276222229003906,38.390098571777344,134.0857696533203,110.25233459472656,162.5399932861328,163.4600067138672,265.6400146484375,976.9199829101562,132.906005859375,34.68000030517578,48.2599983215332,57.02000045776367,129.52999877929688,156.27999877929688,52.18000030517578,132.9600067138672,396.8599853515625,36.2599983215332,144.4499969482422,180.8000030517578,746.739990234375,203.86000061035156,125.05999755859375,89.13999938964844,121.7699966430664,87.41500091552734,25.690000534057617,146.5399932861328,168.5800018310547,51.40999984741211,216.94000244140625,139.8000030517578,468.8900146484375,41.0,168.99000549316406,56.40999984741211,47.20000076293945,39.59000015258789,138.67999267578125,118.69000244140625,163.74000549316406,164.8800048828125,267.510009765625,978.6099853515625,133.6320037841797,36.16999816894531,48.599998474121094,58.54999923706055,130.8000030517578,157.80999755859375,52.70000076293945,133.02999877929688,404.9700012207031,36.5099983215332,146.25,183.16000366210938,753.1400146484375,207.67999267578125,126.80000305175781,91.0999984741211,122.55000305175781,88.11799621582031,25.989999771118164,148.0,169.57000732421875,51.70000076293945,218.0,140.5399932861328,479.75,41.27000045776367,171.22999572753906,56.959999084472656,47.744998931884766,39.97999954223633,139.8300018310547,120.22000122070312,162.0800018310547,161.6699981689453,263.80999755859375,957.2000122070312,131.10000610351562,34.150001525878906,48.2400016784668,56.7400016784668,128.5,155.4199981689453,51.54999923706055,130.6300048828125,395.17999267578125,35.7599983215332,143.38999938964844,179.64999389648438,743.0,201.66000366210938,125.02999877929688,88.0,118.36000061035156,86.06400299072266,25.68000030517578,143.52000427246094,167.4499969482422,50.689998626708984,214.50999450683594,137.05999755859375,465.6000061035156,40.38999938964844,166.57000732421875,55.65999984741211,46.8650016784668,39.529998779296875,138.58999633789062,117.91999816894531,162.17999267578125,162.27999877929688,266.8299865722656,958.2999877929688,131.53799438476562,36.099998474121094,48.45000076293945,58.18000030517578,130.0,157.3000030517578,52.369998931884766,132.38999938964844,404.45001220703125,36.27000045776367,145.00999450683594,182.89999389648438,751.6799926757812,207.35000610351562,126.55999755859375,90.70999908447266,119.52999877929688,86.43299865722656,25.81999969482422,147.17999267578125,169.5,51.5,215.39999389648438,137.88999938964844,476.7699890136719,41.25,170.60000610351562,56.900001525878906,47.525001525878906,39.88999938964844,139.8300018310547,119.55999755859375,4881300,55302100,2017600,1506500,18923000,95566100,11931300,23211400,3878600,5541900,6991400,3483700,3459700,30607500,12774900,16451800,2569800,1599800,5587300,18291600,17452400,370453000,28885300,3350300,6390100,10349000,2452300,14218200,11816500,9549800,2126300,25620000,36497600,66751300,10170500,18082200
2024-04-17,153.49188232421875,154.02000427246094,246.601318359375,890.299072265625,125.69544982910156,33.62448501586914,43.42874526977539,54.54531478881836,119.69271087646484,142.1558074951172,48.76328659057617,124.0263900756836,387.1710510253906,35.31166076660156,136.46778869628906,172.64073181152344,739.1688842773438,193.3433380126953,117.49309539794922,84.45307159423828,115.51971435546875,83.98759460449219,21.93971824645996,137.35887145996094,157.404052734375,48.030982971191406,207.6580047607422,135.4344024658203,458.5209655761719,36.21438217163086,157.07521057128906,54.326629638671875,44.14958190917969,38.48706817626953,133.8537139892578,110.19657897949219,164.25,154.02000427246094,264.07000732421875,907.6099853515625,128.26300048828125,35.22999954223633,47.84000015258789,58.16999816894531,128.3300018310547,156.39999389648438,51.66999816894531,132.39999389648438,403.9100036621094,35.68000030517578,144.77000427246094,180.0800018310547,750.77001953125,202.4600067138672,125.37000274658203,90.08000183105469,116.33000183105469,84.03500366210938,25.420000076293945,147.25,164.32000732421875,50.810001373291016,210.36000061035156,139.02999877929688,478.989990234375,39.52000045776367,167.27999877929688,57.18000030517578,47.064998626708984,39.689998626708984,138.44000244140625,118.62999725341797,164.74000549316406,164.4499969482422,268.7699890136719,942.8300170898438,134.6999969482422,35.75,48.54999923706055,58.88999938964844,130.13999938964844,157.7100067138672,52.650001525878906,134.44000244140625,407.1199951171875,36.130001068115234,145.41000366210938,182.4199981689453,771.8300170898438,205.61000061035156,126.19000244140625,91.44000244140625,124.41999816894531,88.7750015258789,25.690000534057617,149.4600067138672,170.19000244140625,51.959999084472656,217.44000244140625,142.57000732421875,488.0,39.970001220703125,170.2899932861328,57.630001068115234,47.56999969482422,39.95000076293945,139.6199951171875,119.3499984741211,163.22999572753906,153.8800048828125,263.3900146484375,895.8400268554688,128.14199829101562,34.75,47.70000076293945,57.36000061035156,127.55000305175781,155.63999938964844,51.439998626708984,131.1999969482422,401.17999267578125,35.369998931884766,143.5399932861328,179.1999969482422,744.8800048828125,201.4199981689453,124.70999908447266,89.66999816894531,116.19999694824219,83.94999694824219,25.260000228881836,145.77999877929688,163.77000427246094,50.75,209.89999389648438,137.36000061035156,474.5899963378906,38.790000915527344,166.5399932861328,56.650001525878906,46.72999954223633,39.529998779296875,138.22000122070312,117.12000274658203,164.14999389648438,163.97000122070312,267.5400085449219,942.8099975585938,134.31100463867188,34.88999938964844,48.439998626708984,57.4900016784668,129.1199951171875,155.99000549316406,52.040000915527344,132.75,402.3999938964844,36.099998474121094,145.0,181.3699951171875,759.2000122070312,204.97999572753906,125.66999816894531,90.12999725341797,122.0199966430664,88.33999633789062,25.690000534057617,149.05999755859375,169.22000122070312,51.540000915527344,217.10000610351562,141.1300048828125,478.6000061035156,39.5,169.27000427246094,56.880001068115234,47.099998474121094,39.77000045776367,139.49000549316406,118.55000305175781,4792200,75909000,2175100,3774100,24718000,65951400,11763100,15971600,3869700,6733900,6183100,2642900,4373800,41173300,9378100,9017100,3069400,1816800,6122800,9544600,25546500,495400000,43828900,1897100,8082000,7821600,4798600,18823200,8759800,14178500,2469700,18867700,27421000,41561900,8480100,14538600
2024-04-18,153.87506103515625,155.0800018310547,245.36859130859375,872.0734252929688,123.37877655029297,34.1398811340332,43.8463249206543,54.685970306396484,119.20770263671875,143.21925354003906,48.53679656982422,123.42684936523438,386.4042053222656,34.67826843261719,137.38214111328125,173.76242065429688,734.42333984375,186.23834228515625,117.36188507080078,84.62184143066406,111.15035247802734,84.62324523925781,21.9138240814209,137.95587158203125,154.64527893066406,48.153865814208984,203.97593688964844,128.84922790527344,472.10455322265625,36.141075134277344,152.5774383544922,55.80879592895508,44.01356506347656,38.62282180786133,133.8440704345703,110.09440612792969,164.66000366210938,155.0800018310547,262.75,889.030029296875,125.89900207519531,35.77000045776367,48.29999923706055,58.31999969482422,127.80999755859375,157.57000732421875,51.43000030517578,131.75999450683594,403.1099853515625,35.040000915527344,145.74000549316406,181.25,745.9500122070312,195.02000427246094,125.2300033569336,90.26000213623047,111.93000030517578,84.6709976196289,25.389999389648438,147.88999938964844,161.44000244140625,50.939998626708984,206.6300048828125,132.27000427246094,493.17999267578125,39.439998626708984,162.49000549316406,58.7400016784668,46.91999816894531,39.83000183105469,138.42999267578125,118.5199966430664,167.44000244140625,156.9600067138672,265.9200134277344,903.5999755859375,129.26499938964844,35.9900016784668,48.40999984741211,58.970001220703125,129.22000122070312,158.0399932861328,52.150001525878906,133.1300048828125,407.8599853515625,35.65999984741211,145.8000030517578,183.36000061035156,752.2000122070312,203.05999755859375,125.5199966430664,91.11000061035156,117.62000274658203,86.19000244140625,25.459999084472656,149.1199951171875,164.10000610351562,51.77000045776367,210.22999572753906,135.1300048828125,502.0,40.150001525878906,168.0,59.130001068115234,47.36000061035156,40.18000030517578,139.25,119.72000122070312,164.42999267578125,152.32000732421875,262.5799865722656,886.4000244140625,125.5459976196289,35.18000030517578,47.619998931884766,57.93000030517578,127.25,156.38999938964844,51.22999954223633,130.99000549316406,402.4100036621094,34.77000045776367,143.1300048828125,179.97000122070312,743.77001953125,193.74000549316406,124.5,89.73999786376953,111.4800033569336,82.4020004272461,25.229999542236328,146.88999938964844,159.86000061035156,50.79999923706055,205.97000122070312,130.3000030517578,485.9700012207031,39.189998626708984,160.99000549316406,57.220001220703125,46.755001068115234,39.7400016784668,138.2100067138672,117.97000122070312,164.9600067138672,155.50999450683594,265.6400146484375,901.1199951171875,128.8000030517578,35.540000915527344,47.93000030517578,58.4900016784668,128.72999572753906,157.13999938964844,51.939998626708984,133.02999877929688,405.489990234375,35.41999816894531,144.97999572753906,181.10000610351562,749.4199829101562,203.05999755859375,125.5199966430664,90.66000366210938,116.0,84.97000122070312,25.350000381469727,147.36000061035156,162.36000061035156,51.189998626708984,208.86000061035156,132.88999938964844,486.1300048828125,39.40999984741211,167.83999633789062,57.630001068115234,47.224998474121094,39.869998931884766,138.52999877929688,119.0,4480100,52669800,2082700,1653700,24888000,44506200,10917600,12272500,3588200,4979200,5168200,2035800,2776300,42334400,9887700,9557700,1717300,2713600,5992700,6752000,32146900,447260000,35788400,1352900,9209400,8422100,5372700,39306100,8880400,9878700,3115000,24468500,25555600,48893400,8105800,13821400
2024-04-19,155.51043701171875,146.63999938964844,251.1397705078125,843.1459350585938,118.05943298339844,35.28520202636719,44.41823959350586,55.45487594604492,120.67205047607422,145.42791748046875,48.91429138183594,124.7476806640625,387.2573547363281,33.84693908691406,139.42771911621094,178.1244354248047,715.0868530273438,187.537109375,117.8773193359375,84.9968490600586,106.02629089355469,76.15702056884766,22.440309524536133,142.0696258544922,150.99560546875,47.12348175048828,195.84176635742188,124.39738464355469,479.7148132324219,37.06658935546875,153.89199829101562,57.33844757080078,44.54357147216797,39.15615463256836,134.34683227539062,111.35771179199219,166.41000366210938,146.63999938964844,268.92999267578125,859.5399780273438,120.47100067138672,36.970001220703125,48.93000030517578,59.13999938964844,129.3800048828125,160.0,51.83000183105469,133.1699981689453,404.0,34.20000076293945,147.91000366210938,185.8000030517578,726.3099975585938,196.3800048828125,125.77999877929688,90.66000366210938,106.7699966430664,76.19999694824219,26.0,152.3000030517578,157.6300048828125,49.849998474121094,198.38999938964844,127.69999694824219,501.1300048828125,40.45000076293945,163.88999938964844,60.349998474121094,47.48500061035156,40.380001068115234,138.9499969482422,119.87999725341797,166.60000610351562,154.25,269.3800048828125,896.2100219726562,126.0,37.119998931884766,49.04999923706055,59.439998626708984,130.50999450683594,160.75,52.439998626708984,134.33999633789062,408.0,35.130001068115234,148.1300048828125,185.8800048828125,750.010009765625,198.5800018310547,126.12000274658203,91.62000274658203,110.87999725341797,84.3239974975586,26.0,152.6999969482422,161.38999938964844,50.77000045776367,206.1199951171875,131.5500030517578,507.29998779296875,40.459999084472656,165.5500030517578,60.849998474121094,47.80500030517578,40.459999084472656,139.33999633789062,120.93000030517578,163.25,145.2899932861328,260.67999267578125,855.5900268554688,119.75599670410156,36.060001373291016,48.119998931884766,58.22999954223633,127.80999755859375,158.14999389648438,51.41999816894531,131.74000549316406,403.010009765625,34.18000030517578,144.5399932861328,181.41000366210938,722.0700073242188,195.02999877929688,124.88999938964844,90.36000061035156,105.72000122070312,75.60600280761719,25.350000381469727,148.66000366210938,156.33999633789062,49.02000045776367,197.42999267578125,126.63999938964844,495.55999755859375,39.40999984741211,162.22000122070312,58.86000061035156,46.939998626708984,39.970001220703125,138.4499969482422,118.94999694824219,165.02000427246094,151.58999633789062,264.6300048828125,887.4400024414062,125.89900207519531,36.099998474121094,48.209999084472656,58.22999954223633,128.13999938964844,158.75,51.529998779296875,131.7899932861328,404.05999755859375,35.130001068115234,146.14999389648438,182.39999389648438,749.1599731445312,196.32000732421875,125.6500015258789,90.36000061035156,109.66000366210938,83.1500015258789,25.389999389648438,148.99000549316406,161.2899932861328,49.65999984741211,204.8000030517578,129.3699951171875,497.0,39.459999084472656,163.0,59.0,47.0099983215332,40.04999923706055,139.14999389648438,119.16000366210938,5532400,71618200,3380100,2486800,44797000,56273700,10303900,13410100,3984800,7734700,5075400,2489300,2805500,59070300,9750800,13402300,3505500,1748700,8404300,8143000,33787500,875198000,38372800,2370100,10292200,16841600,6406600,28284000,6618600,12061800,2437500,34334300,35451400,55513600,9668400,21572400
2024-04-22,156.8934783935547,148.63999938964844,253.9226531982422,855.4172973632812,119.99488067626953,36.010562896728516,44.60886764526367,57.15209197998047,120.62539672851562,147.17306518554688,49.197410583496094,125.43151092529297,400.0540771484375,34.054771423339844,140.56829833984375,181.58529663085938,720.0292358398438,189.32289123535156,118.96443939208984,86.33750915527344,108.35992431640625,79.47315216064453,22.664710998535156,145.45579528808594,153.43829345703125,46.80207824707031,199.0697784423828,126.39435577392578,470.2378845214844,37.61640930175781,155.7794189453125,58.05101776123047,44.8343620300293,39.63130187988281,134.85923767089844,111.98938751220703,167.88999938964844,148.63999938964844,271.9100036621094,872.0499877929688,122.44599914550781,37.72999954223633,49.13999938964844,60.95000076293945,129.3300018310547,161.9199981689453,52.130001068115234,133.89999389648438,417.3500061035156,34.40999984741211,149.1199951171875,189.41000366210938,731.3300170898438,198.25,126.94000244140625,92.08999633789062,109.12000274658203,79.51799774169922,26.260000228881836,155.92999267578125,160.17999267578125,49.5099983215332,201.66000366210938,129.75,491.2300109863281,41.04999923706055,165.89999389648438,61.099998474121094,47.79499816894531,40.869998931884766,139.47999572753906,120.55999755859375,169.58999633789062,149.88999938964844,273.1400146484375,880.0,123.31999969482422,37.90999984741211,49.560001373291016,61.060001373291016,130.39999389648438,162.6999969482422,52.54999923706055,135.11000061035156,417.9800109863281,34.56999969482422,150.27000427246094,190.1300048828125,737.8800048828125,199.3699951171875,128.0800018310547,92.66000366210938,110.2300033569336,80.072998046875,26.5,156.07000732421875,161.63999938964844,50.04999923706055,203.11000061035156,130.66000366210938,499.4200134277344,41.369998931884766,167.3000030517578,61.4900016784668,48.119998931884766,41.099998474121094,140.58999633789062,121.56999969482422,166.9199981689453,145.6300048828125,269.8399963378906,862.4600219726562,120.05400085449219,36.869998931884766,48.869998931884766,59.20000076293945,126.94000244140625,158.44000244140625,51.11000061035156,131.6699981689453,404.57000732421875,34.08000183105469,147.3000030517578,185.97999572753906,725.4199829101562,194.3000030517578,126.22000122070312,90.70999908447266,106.62999725341797,76.4000015258789,25.93000030517578,152.24000549316406,157.16000366210938,48.70000076293945,198.02000427246094,125.77999877929688,490.6400146484375,40.2400016784668,162.36000061035156,60.34000015258789,46.86000061035156,40.43000030517578,138.92999267578125,118.43000030517578,167.67999267578125,148.14999389648438,269.8399963378906,870.0,122.44999694824219,37.0,49.0,59.439998626708984,128.61000061035156,159.9499969482422,51.560001373291016,132.88999938964844,406.94000244140625,34.41999816894531,148.50999450683594,185.99000549316406,729.739990234375,196.25,126.70999908447266,91.11000061035156,107.5999984741211,78.10399627685547,26.0,152.75999450683594,158.0399932861328,49.369998931884766,200.44000244140625,126.75,497.7799987792969,40.68000030517578,163.88999938964844,60.400001525878906,47.23500061035156,40.599998474121094,139.3800048828125,119.26000213623047,5580700,49397000,2165800,1143900,25162000,43867100,7929500,14513100,4194900,6779200,6363300,2576800,4165600,39909900,10118700,11529700,2354100,1437200,7805800,7294400,19820900,596341000,35678700,2212300,7848700,10880000,4493800,18556800,4697700,8630700,2130000,21753400,30244400,50701200,8531300,16340700
2024-04-23,158.43540954589844,152.27000427246094,255.44483947753906,884.3743286132812,122.41838073730469,36.621395111083984,44.47270584106445,58.76490783691406,121.10107421875,148.01841735839844,49.61266326904297,126.27461242675781,406.4284973144531,33.92611312866211,140.98306274414062,184.20252990722656,734.1674194335938,190.6598663330078,118.908203125,87.9031982421875,111.6766586303711,82.37651062011719,22.71649932861328,147.02294921875,154.55908203125,46.83988952636719,203.2257080078125,129.9792022705078,465.4036865234375,37.5431022644043,157.31935119628906,57.899009704589844,45.082950592041016,39.8834228515625,136.6189727783203,112.42597198486328,169.5399932861328,152.27000427246094,273.5400085449219,901.5700073242188,124.91899871826172,38.369998931884766,48.9900016784668,62.66999816894531,129.83999633789062,162.85000610351562,52.56999969482422,134.8000030517578,424.0,34.279998779296875,149.55999755859375,192.13999938964844,745.6900024414062,199.64999389648438,126.87999725341797,93.76000213623047,112.45999908447266,82.4229965209961,26.31999969482422,157.61000061035156,161.35000610351562,49.54999923706055,205.8699951171875,133.42999267578125,486.17999267578125,40.970001220703125,167.5399932861328,60.939998626708984,48.060001373291016,41.130001068115234,141.3000030517578,121.02999877929688,170.3699951171875,153.5,274.4800109863281,908.0599975585938,125.79000091552734,38.41999816894531,49.470001220703125,62.77000045776367,130.19000244140625,162.85000610351562,52.709999084472656,135.2899932861328,425.3500061035156,34.599998474121094,150.49000549316406,192.22999572753906,746.1599731445312,199.7899932861328,128.10000610351562,94.05000305175781,112.88999938964844,82.76899719238281,26.469999313354492,158.36000061035156,162.25999450683594,49.84000015258789,206.86000061035156,133.7100067138672,494.30999755859375,41.2599983215332,167.6199951171875,61.7599983215332,48.060001373291016,41.22999954223633,141.55999755859375,121.05999755859375,168.22000122070312,150.35000610351562,271.04998779296875,875.0,122.802001953125,37.83000183105469,48.959999084472656,61.02000045776367,127.7300033569336,160.60000610351562,51.619998931884766,132.27999877929688,416.20001220703125,34.18000030517578,148.1999969482422,190.52000427246094,731.4400024414062,194.8000030517578,126.73999786376953,92.16000366210938,108.91000366210938,80.26399993896484,26.190000534057617,155.86000061035156,159.67999267578125,48.93000030517578,202.5,130.66000366210938,484.9700012207031,40.810001373291016,163.47000122070312,60.810001373291016,47.345001220703125,40.95000076293945,140.17999267578125,119.44999694824219,168.58999633789062,151.64999389648438,272.1400146484375,879.2999877929688,122.81700134277344,37.939998626708984,49.15999984741211,61.08000183105469,128.6300048828125,161.30999755859375,51.970001220703125,134.02000427246094,417.7099914550781,34.34000015258789,149.86000061035156,191.1300048828125,741.2000122070312,196.8000030517578,128.10000610351562,92.16000366210938,109.70999908447266,80.76899719238281,26.329999923706055,156.5,160.9600067138672,49.25,203.0500030517578,131.36000061035156,491.0,41.130001068115234,164.6999969482422,61.16999816894531,47.57500076293945,41.060001373291016,140.82000732421875,120.0,4084100,46051900,2493300,991300,22025000,39180300,9153300,17427800,3773600,5597600,4173200,2055300,2662300,46834000,10110400,9144400,2042000,1703100,7744000,6393900,17887500,438559000,24297800,2137000,6616700,11136300,3645400,12573800,3646700,7079900,1969300,21731200,28657400,36488600,8615500,13929800
2024-04-24,156.80938720703125,151.74000549316406,254.9498748779297,875.3006591796875,123.16610717773438,36.573673248291016,44.35469055175781,58.57737731933594,120.5787582397461,148.67282104492188,49.169105529785156,127.02400207519531,405.50830078125,34.14384078979492,140.01211547851562,185.10369873046875,720.8857421875,190.1728515625,119.02066802978516,87.98756408691406,111.00138854980469,79.63206481933594,22.673343658447266,147.44271850585938,156.74313354492188,46.42395782470703,205.86138916015625,129.5310821533203,466.4757995605469,38.12957763671875,156.81228637695312,57.57596969604492,45.11578369140625,39.87372970581055,136.19354248046875,112.44454956054688,167.8000030517578,151.74000549316406,273.010009765625,892.3200073242188,125.68199920654297,38.31999969482422,48.86000061035156,62.470001220703125,129.27999877929688,163.57000732421875,52.099998474121094,135.60000610351562,423.0400085449219,34.5,148.52999877929688,193.0800018310547,732.2000122070312,199.13999938964844,127.0,93.8499984741211,111.77999877929688,79.677001953125,26.270000457763672,158.05999755859375,163.6300048828125,49.11000061035156,208.5399932861328,132.97000122070312,487.29998779296875,41.61000061035156,167.0,60.599998474121094,48.095001220703125,41.119998931884766,140.86000061035156,121.05000305175781,169.11000061035156,157.66000366210938,274.8599853515625,915.0,128.56199645996094,38.4900016784668,49.04999923706055,62.72999954223633,129.69000244140625,163.83999633789062,52.40999984741211,135.69000244140625,424.5799865722656,35.18000030517578,148.99000549316406,193.22999572753906,752.6400146484375,199.4600067138672,127.58999633789062,94.06999969482422,113.94999694824219,84.08200073242188,26.34000015258789,158.3300018310547,165.92999267578125,49.709999084472656,212.5,136.2899932861328,488.8599853515625,41.72999954223633,167.58999633789062,60.95000076293945,48.150001525878906,41.18000030517578,141.14999389648438,121.26000213623047,166.74000549316406,150.6300048828125,269.6499938964844,881.969970703125,124.49600219726562,38.0,48.54999923706055,61.84000015258789,128.2899932861328,161.4499969482422,51.7599983215332,133.25999450683594,419.6099853515625,34.34000015258789,146.86000061035156,190.1699981689453,728.7899780273438,195.02999877929688,125.3499984741211,93.02999877929688,109.2300033569336,79.18299865722656,26.040000915527344,155.8000030517578,162.0,48.619998931884766,206.74000549316406,131.5399932861328,480.7099914550781,40.43000030517578,165.05999755859375,60.04999923706055,47.529998779296875,40.90999984741211,140.22000122070312,119.38999938964844,168.52000427246094,156.55999755859375,270.6300048828125,913.0499877929688,126.38999938964844,38.02000045776367,49.0,62.130001068115234,129.3699951171875,161.8800048828125,52.20000076293945,134.25999450683594,421.5,34.86000061035156,148.13999938964844,190.52999877929688,752.6400146484375,198.82000732421875,126.81999969482422,93.11000061035156,112.72000122070312,83.94999694824219,26.25,156.1699981689453,163.8699951171875,49.2400016784668,211.3800048828125,136.08999633789062,483.7799987792969,40.529998779296875,166.16000366210938,60.599998474121094,47.7599983215332,41.02000045776367,140.99000549316406,120.30000305175781,4074700,43412600,2467100,860600,20108000,28670600,16057100,10123000,3846600,7610300,6470200,1968200,1575900,53261100,9756300,6964900,2133400,1473300,7128300,5100900,20505900,512208000,24547800,1320900,6130500,10180400,4077600,15558000,3724400,6550300,2350800,19731600,21303800,33957500,7378600,12101200
2024-04-25,156.332763671875,153.75999450683594,251.56004333496094,885.2963256835938,126.85084533691406,36.18235778808594,40.57828140258789,57.93974304199219,121.35291290283203,150.22708129882812,49.65041732788086,126.79917907714844,402.6421813964844,34.74754333496094,138.4002227783203,185.3817138671875,713.6690673828125,190.52615356445312,122.50694274902344,86.77816009521484,110.80279541015625,82.58540344238281,21.80162239074707,145.80096435546875,156.42697143554688,46.73590850830078,209.68170166015625,133.0477294921875,472.7555236816406,37.561431884765625,156.93438720703125,56.93940353393555,45.322147369384766,39.64099884033203,135.28466796875,112.70465850830078,167.2899932861328,153.75999450683594,269.3800048828125,902.510009765625,129.44200134277344,37.90999984741211,44.70000076293945,61.790000915527344,130.11000061035156,165.27999877929688,52.61000061035156,135.36000061035156,420.04998779296875,35.11000061035156,146.82000732421875,193.3699951171875,724.8699951171875,199.50999450683594,130.72000122070312,92.55999755859375,111.58000183105469,82.63200378417969,25.260000228881836,156.3000030517578,163.3000030517578,49.439998626708984,212.41000366210938,136.5800018310547,493.8599853515625,40.9900016784668,167.1300048828125,59.93000030517578,48.314998626708984,40.880001068115234,139.9199981689453,121.33000183105469,169.2899932861328,155.13999938964844,274.3500061035156,911.0599975585938,130.80299377441406,38.27000045776367,47.5,62.43000030517578,130.63999938964844,165.60000610351562,52.650001525878906,136.32000732421875,423.6099853515625,35.29999923706055,149.5800018310547,193.94000244140625,727.989990234375,200.38999938964844,132.8000030517578,93.6500015258789,113.05999755859375,83.322998046875,26.43000030517578,158.0,164.6300048828125,49.630001068115234,213.8300018310547,137.83999633789062,497.1300048828125,41.7400016784668,168.5,60.959999084472656,48.459999084472656,41.029998779296875,141.0,121.76000213623047,165.57000732421875,146.75,267.239990234375,871.0,125.69999694824219,37.380001068115234,44.369998931884766,61.099998474121094,128.3000030517578,162.6699981689453,51.43000030517578,133.74000549316406,414.8500061035156,34.5,146.3300018310547,191.17999267578125,718.2999877929688,196.4600067138672,128.75999450683594,91.6500015258789,108.06999969482422,78.2229995727539,25.25,154.4499969482422,161.72999572753906,48.65999984741211,206.92999267578125,128.86000061035156,487.5299987792969,40.380001068115234,162.1300048828125,59.599998474121094,47.625,40.529998779296875,139.1999969482422,119.4000015258789,167.66000366210938,149.14999389648438,273.45001220703125,875.0,127.24500274658203,37.93000030517578,47.38999938964844,61.84000015258789,129.6999969482422,163.6999969482422,52.040000915527344,135.7100067138672,420.989990234375,34.560001373291016,149.3699951171875,192.25,725.0,198.14999389648438,129.69000244140625,93.0,109.37000274658203,78.86799621582031,26.270000457763672,157.3699951171875,164.0800018310547,49.279998779296875,208.0399932861328,130.0,488.9599914550781,41.34000015258789,164.92999267578125,60.61000061035156,48.040000915527344,40.91999816894531,140.77000427246094,121.02999877929688,5503700,41471400,1794000,1114200,30410000,41116000,45069000,13339100,3666400,9702600,6392000,3444400,1970100,66549400,7642700,9802300,2608800,1295200,12750100,6770600,18342800,424641000,47661400,1220300,6230700,7966900,3902900,18034300,4329700,6602200,3299400,24002500,26500200,50365700,9693300,16041000
2024-04-26,149.16514587402344,157.39999389648438,252.12033081054688,903.317138671875,131.71644592285156,36.10600662231445,40.71444320678711,58.75553512573242,121.47417449951172,150.781494140625,49.744789123535156,127.11766815185547,409.85052490234375,31.55088996887207,137.75921630859375,185.49676513671875,722.1756591796875,189.45660400390625,122.95680236816406,87.03129577636719,114.04007720947266,87.6855239868164,21.922454833984375,145.62371826171875,158.6876678466797,46.509033203125,214.114013671875,134.72325134277344,474.1818542480469,37.6805534362793,155.68548583984375,56.92040252685547,44.90471267700195,39.58282470703125,135.32334899902344,109.57421875,159.6199951171875,157.39999389648438,269.9800109863281,918.969970703125,134.40699768066406,37.83000183105469,44.849998474121094,62.65999984741211,130.24000549316406,165.88999938964844,52.709999084472656,135.6999969482422,427.57000732421875,31.8799991607666,146.13999938964844,193.49000549316406,733.510009765625,198.38999938964844,131.1999969482422,92.83000183105469,114.83999633789062,87.73500061035156,25.399999618530273,156.11000061035156,165.66000366210938,49.20000076293945,216.89999389648438,138.3000030517578,495.3500061035156,41.119998931884766,165.8000030517578,59.90999984741211,47.869998931884766,40.81999969482422,139.9600067138672,117.95999908447266,167.4600067138672,158.6300048828125,271.67999267578125,926.3900146484375,135.58299255371094,38.310001373291016,45.369998931884766,63.22999954223633,130.77000427246094,166.97999572753906,52.88999938964844,136.38999938964844,428.5299987792969,32.2400016784668,147.17999267578125,194.8699951171875,737.4500122070312,198.85000610351562,131.91000366210938,93.30999755859375,115.05999755859375,88.33100128173828,25.540000915527344,157.6699981689453,166.52000427246094,49.650001525878906,217.82000732421875,138.74000549316406,497.2300109863281,41.54999923706055,166.9499969482422,60.43000030517578,48.060001373291016,41.04999923706055,140.3300018310547,119.0999984741211,157.64999389648438,153.42999267578125,265.7200012207031,911.5499877929688,130.31300354003906,37.779998779296875,44.34000015258789,61.5099983215332,128.86000061035156,163.3000030517578,52.11000061035156,134.36000061035156,419.6400146484375,30.639999389648438,145.9499969482422,193.05999755859375,721.0,195.8699951171875,130.1300048828125,92.4000015258789,111.5999984741211,83.38700103759766,25.200000762939453,155.36000061035156,162.50999450683594,48.9900016784668,211.66000366210938,135.9499969482422,491.3999938964844,40.86000061035156,164.30999755859375,59.380001068115234,47.380001068115234,40.720001220703125,139.3000030517578,116.22000122070312,167.08999633789062,154.24000549316406,265.7200012207031,912.27001953125,131.0,37.93000030517578,44.68000030517578,61.5099983215332,129.4600067138672,165.22999572753906,52.43000030517578,135.1199951171875,420.2300109863281,31.780000686645508,146.6999969482422,193.57000732421875,723.47998046875,197.5399932861328,130.1300048828125,92.5,112.0,83.81800079345703,25.329999923706055,156.07000732421875,162.89999389648438,49.33000183105469,212.14999389648438,136.80999755859375,492.0,41.0,165.19000244140625,59.779998779296875,47.880001068115234,40.810001373291016,139.39999389648438,119.0,10721700,42510700,2436900,865100,24100000,28668700,21281900,16364100,4823100,9736400,4618400,1841100,2322700,119742500,6183000,6413700,2009200,1954100,7758200,4606100,20630700,551011000,46526500,979200,7141300,8250900,3812600,9453400,2727000,4512200,2065200,18785900,32366600,35796900,6013800,27289500
2024-04-29,150.9407196044922,160.1999969482422,258.0969543457031,894.2738037109375,131.18235778808594,35.83876037597656,40.52381134033203,58.38045883178711,121.45550537109375,151.1814422607422,50.09397506713867,127.63289642333984,412.9562683105469,31.036258697509766,138.4002227783203,185.29542541503906,725.8085327148438,191.48114013671875,121.94462585449219,87.154296875,113.56342315673828,87.70751953125,22.12959861755371,145.31588745117188,162.0786895751953,46.518489837646484,215.74281311035156,134.9180908203125,468.1319580078125,37.836334228515625,157.29115295410156,56.815895080566406,45.20958709716797,39.524635314941406,135.7777862548828,111.13478088378906,161.52000427246094,160.1999969482422,276.3800048828125,909.77001953125,133.86199951171875,37.54999923706055,44.63999938964844,62.2599983215332,130.22000122070312,166.3300018310547,53.08000183105469,136.25,430.80999755859375,31.360000610351562,146.82000732421875,193.27999877929688,737.2000122070312,200.50999450683594,130.1199951171875,92.11000061035156,114.36000061035156,87.75700378417969,25.639999389648438,155.77999877929688,169.1999969482422,49.209999084472656,218.5500030517578,138.5,489.0299987792969,41.290000915527344,167.50999450683594,59.79999923706055,48.19499969482422,40.7599983215332,140.42999267578125,119.63999938964844,161.5500030517578,160.77000427246094,276.8599853515625,913.25,135.29800415039062,38.060001373291016,45.380001068115234,63.36000061035156,130.44000244140625,167.11000061035156,53.20000076293945,136.5,433.3299865722656,31.90999984741211,147.22000122070312,194.25999450683594,740.5800170898438,201.36000061035156,132.1999969482422,92.80999755859375,114.75,87.99199676513672,25.850000381469727,157.14999389648438,169.27000427246094,49.400001525878906,218.75999450683594,138.64999389648438,497.3500061035156,41.5099983215332,168.85000610351562,60.29999923706055,48.29999923706055,40.9900016784668,140.8300018310547,120.05000305175781,158.55999755859375,156.25999450683594,268.989990234375,901.0800170898438,132.57000732421875,37.45000076293945,44.529998779296875,61.959999084472656,128.8000030517578,164.69000244140625,52.5,135.13999938964844,427.20001220703125,31.06999969482422,145.99000549316406,192.42999267578125,729.6099853515625,197.67999267578125,129.3300018310547,91.33000183105469,112.11000061035156,85.26599884033203,25.540000915527344,155.47999572753906,165.1999969482422,48.61000061035156,214.97000122070312,135.91000366210938,487.7699890136719,41.08000183105469,164.72000122070312,59.36000061035156,47.70000076293945,40.61000061035156,139.72999572753906,117.76000213623047,159.58999633789062,159.0800018310547,269.17999267578125,911.8499755859375,134.4080047607422,37.84000015258789,45.09000015258789,62.7400016784668,129.75,165.91000366210938,52.5,135.16000366210938,427.57000732421875,31.860000610351562,146.13999938964844,193.47999572753906,735.75,198.0,131.72000122070312,91.33000183105469,113.80999755859375,87.59500122070312,25.579999923706055,156.1300048828125,165.1999969482422,49.04999923706055,216.52000427246094,138.0,495.7099914550781,41.220001220703125,164.85000610351562,59.86000061035156,47.72999954223633,40.810001373291016,140.1300048828125,117.76000213623047,6219000,43478200,2678900,650800,13372000,26438800,16416300,10857100,3609400,6364000,4809100,2786500,2453000,58533300,6149600,5387800,2665600,2013800,6788000,4416100,14419100,388971000,39995300,1388100,6623900,8941700,3247300,9997100,2192100,4647200,2081800,15338400,22236400,36596100,6388600,17309900
2024-04-30,151.9873504638672,158.3800048828125,255.8184051513672,857.6090698242188,127.42415618896484,35.3233757019043,39.88835144042969,57.50841522216797,117.16510772705078,146.58226013183594,48.30086135864258,123.77347564697266,409.0261535644531,30.155445098876953,136.29808044433594,183.8190460205078,769.0303344726562,173.5372314453125,121.10118865966797,85.9526138305664,112.17317199707031,86.35327911376953,22.11233901977539,142.96514892578125,158.8696746826172,44.88311004638672,211.2414093017578,133.7880859375,463.02972412109375,37.23154067993164,150.1172637939453,56.35984802246094,43.86347579956055,39.13676452636719,135.68109130859375,109.86217498779297,162.63999938964844,158.3800048828125,273.94000244140625,872.469970703125,130.02699279785156,37.0099983215332,43.939998626708984,61.33000183105469,125.62000274658203,161.27000427246094,51.18000030517578,132.1300048828125,426.7099914550781,30.469999313354492,144.58999633789062,191.74000549316406,781.0999755859375,181.72000122070312,129.22000122070312,90.83999633789062,112.95999908447266,86.4020004272461,25.6200008392334,153.25999450683594,165.85000610351562,47.47999954223633,213.99000549316406,137.33999633789062,483.70001220703125,40.630001068115234,159.8699951171875,59.31999969482422,46.7599983215332,40.36000061035156,140.3300018310547,118.2699966430664,163.0500030517578,162.2899932861328,276.1199951171875,907.1799926757812,134.8350067138672,37.66999816894531,44.7599983215332,62.34000015258789,129.85000610351562,166.1199951171875,52.86000061035156,135.99000549316406,431.3900146484375,31.18000030517578,146.8800048828125,194.99000549316406,795.5,196.97999572753906,130.9199981689453,91.83000183105469,116.27999877929688,88.81900024414062,25.829999923706055,155.52000427246094,169.24000549316406,49.349998474121094,220.0,139.6999969482422,489.7099914550781,41.2599983215332,166.92999267578125,59.9900016784668,48.084999084472656,40.7599983215332,141.1999969482422,120.19999694824219,159.69000244140625,158.35000610351562,272.3500061035156,871.219970703125,129.90499877929688,36.97999954223633,43.93000030517578,61.290000915527344,125.43000030517578,160.9499969482422,51.13999938964844,132.0399932861328,426.0,30.420000076293945,144.52999877929688,191.63999938964844,767.6599731445312,181.39999389648438,128.97999572753906,90.55000305175781,112.93000030517578,86.30000305175781,25.59000015258789,152.94000244140625,165.80999755859375,47.43000030517578,213.92999267578125,137.25999450683594,482.5899963378906,40.58000183105469,159.72999572753906,59.29999923706055,46.7400016784668,40.36000061035156,140.22999572753906,117.9800033569336,161.27000427246094,160.6300048828125,276.1099853515625,896.0999755859375,132.88800048828125,37.349998474121094,44.400001525878906,61.90999984741211,129.80999755859375,165.97000122070312,52.75,135.69000244140625,428.5,31.040000915527344,146.8800048828125,192.80999755859375,775.0,194.49000549316406,130.9199981689453,91.5999984741211,114.18000030517578,87.23999786376953,25.649999618530273,154.75,169.22999572753906,48.93000030517578,217.60000610351562,137.94000244140625,488.9599914550781,41.04999923706055,166.13999938964844,59.599998474121094,48.0,40.66999816894531,140.89999389648438,119.11000061035156,5484800,60742800,2477300,1093000,22113000,30283800,17716000,11163400,6296800,8457300,7539300,3554500,1829900,72346400,8817700,8153700,7437100,5782100,6945000,5860000,14845600,363709000,38017700,1632900,6914200,14143700,3583500,10980600,3367500,8861600,4144100,18007700,35399000,34481600,9677700,21083300
2024-05-01,151.1276092529297,144.27000427246094,259.0213928222656,838.3134765625,121.79806518554688,35.266109466552734,40.13345718383789,57.527164459228516,115.97124481201172,145.09165954589844,47.56473922729492,121.73133087158203,409.25628662109375,30.05647850036621,142.5101776123047,183.93409729003906,764.7474365234375,170.91107177734375,120.70758819580078,86.6149673461914,108.93586730957031,82.99415588378906,23.458751678466797,143.6367950439453,157.20289611816406,44.58060836791992,204.10423278808594,131.45013427734375,463.422119140625,37.61640930175781,146.16407775878906,56.54987335205078,43.16462326049805,39.13676452636719,135.92279052734375,107.78141784667969,161.72000122070312,144.27000427246094,277.3699951171875,852.8400268554688,124.28600311279297,36.95000076293945,44.209999084472656,61.349998474121094,124.33999633789062,159.6300048828125,50.400001525878906,129.9499969482422,426.95001220703125,30.3700008392334,151.17999267578125,191.86000061035156,776.75,178.97000122070312,128.8000030517578,91.54000091552734,109.69999694824219,83.04100036621094,27.18000030517578,153.97999572753906,164.11000061035156,47.15999984741211,206.75999450683594,134.94000244140625,484.1099853515625,41.04999923706055,155.66000366210938,59.52000045776367,46.01499938964844,40.36000061035156,140.5800018310547,116.02999877929688,163.69000244140625,151.3699951171875,279.8399963378906,880.5900268554688,129.23699951171875,37.5099983215332,44.470001220703125,62.27000045776367,125.7300033569336,161.4499969482422,51.150001525878906,131.77999877929688,433.42999267578125,31.040000915527344,151.85000610351562,194.4600067138672,782.6099853515625,184.05999755859375,129.92999267578125,92.4800033569336,113.7300033569336,86.0,27.450000762939453,156.72000122070312,169.63999938964844,47.779998779296875,213.83999633789062,139.42999267578125,489.19000244140625,41.810001373291016,162.47999572753906,60.150001525878906,46.845001220703125,40.849998474121094,141.83999633789062,118.47000122070312,161.13999938964844,142.13999938964844,273.3800048828125,849.1400146484375,124.13500213623047,36.77000045776367,43.72999954223633,60.880001068115234,123.41999816894531,158.89999389648438,49.779998779296875,128.8699951171875,425.19000244140625,30.020000457763672,147.6199951171875,190.7899932861328,768.25,176.8699951171875,127.80000305175781,90.7300033569336,108.75,81.25499725341797,26.020000457763672,152.89999389648438,163.7899932861328,46.91999816894531,205.58999633789062,133.2100067138672,477.07000732421875,40.529998779296875,154.57000732421875,59.33000183105469,45.76499938964844,40.279998779296875,139.5500030517578,115.66000366210938,162.08999633789062,148.11000061035156,274.17999267578125,871.1099853515625,127.83300018310547,37.209999084472656,43.970001220703125,61.47999954223633,125.08000183105469,160.77999877929688,50.959999084472656,131.0399932861328,426.69000244140625,30.170000076293945,148.74000549316406,192.27000427246094,774.760009765625,181.10000610351562,128.61000061035156,91.27999877929688,110.5199966430664,85.0770034790039,26.329999923706055,153.24000549316406,164.50999450683594,47.400001525878906,210.00999450683594,137.4199981689453,479.260009765625,40.59000015258789,160.35000610351562,59.58000183105469,46.69499969482422,40.33000183105469,139.7100067138672,118.27999877929688,5176400,89413200,2323700,1458200,30958000,32272000,13246100,14086600,5423500,7713700,8501200,3408100,2310100,60654800,14470900,7445300,2802100,3856500,5895700,4713600,16686200,559863000,97388900,1436600,13113600,11217900,7023200,12561800,2729200,6359400,3979500,16365400,50943800,54717600,10710200,27777700
2024-05-02,150.27720642089844,146.16000366210938,259.9739685058594,855.45654296875,121.37764739990234,35.199302673339844,39.67049026489258,57.705318450927734,114.02192687988281,146.09146118164062,47.50811004638672,123.4643325805664,414.6433410644531,30.195032119750977,141.3224639892578,183.7423553466797,744.2294921875,174.7118377685547,120.20149993896484,87.66524505615234,111.54756927490234,85.76859283447266,23.907562255859375,145.22259521484375,172.5198974609375,44.97764205932617,208.6945343017578,132.70681762695312,471.9035339355469,37.5431022644043,147.74159240722656,56.844398498535156,43.4132080078125,39.23373031616211,135.8261260986328,107.97648620605469,160.80999755859375,146.16000366210938,278.3900146484375,870.280029296875,123.85700225830078,36.880001068115234,43.70000076293945,61.540000915527344,122.25,160.72999572753906,50.34000015258789,131.8000030517578,432.57000732421875,30.510000228881836,149.9199981689453,191.66000366210938,755.9099731445312,182.9499969482422,128.25999450683594,92.6500015258789,112.33000183105469,85.81700134277344,27.700000762939453,155.67999267578125,180.10000610351562,47.58000183105469,211.41000366210938,136.22999572753906,492.9700012207031,40.970001220703125,157.33999633789062,59.83000183105469,46.279998779296875,40.459999084472656,140.47999572753906,116.23999786376953,162.44000244140625,147.6199951171875,278.6300048828125,878.0,126.44499969482422,37.4900016784668,44.41999816894531,62.189998626708984,125.19999694824219,161.77999877929688,52.25,132.32000732421875,433.6499938964844,30.670000076293945,152.3300018310547,193.5,777.3400268554688,183.80999755859375,129.69000244140625,92.91999816894531,112.41000366210938,86.23699951171875,27.940000534057617,156.08999633789062,181.69000244140625,48.0,212.16000366210938,136.74000549316406,493.69000244140625,41.68000030517578,158.35000610351562,60.150001525878906,46.595001220703125,40.70000076293945,141.44000244140625,117.26000213623047,158.1199951171875,141.16000366210938,274.8999938964844,862.3499755859375,122.33100128173828,36.650001525878906,43.33000183105469,60.97999954223633,121.66000366210938,159.88999938964844,50.040000915527344,130.32000732421875,428.1700134277344,30.190000534057617,149.13999938964844,189.52000427246094,754.2899780273438,179.0500030517578,127.98999786376953,91.5999984741211,109.43000030517578,83.19999694824219,27.1200008392334,153.92999267578125,175.2899932861328,47.2599983215332,206.52000427246094,133.22000122070312,483.94000244140625,40.599998474121094,155.3000030517578,59.31999969482422,46.060001373291016,40.16999816894531,139.72000122070312,115.9000015258789,162.1699981689453,145.50999450683594,277.69000244140625,875.0,125.62799835205078,37.369998931884766,44.36000061035156,62.189998626708984,124.72000122070312,160.41000366210938,51.119998931884766,131.3300018310547,431.20001220703125,30.59000015258789,152.0399932861328,193.07000732421875,777.3400268554688,179.58999633789062,129.05999755859375,92.54000091552734,111.73999786376953,84.4489974975586,27.209999084472656,155.80999755859375,175.47000122070312,47.560001373291016,210.3000030517578,135.60000610351562,484.2799987792969,41.61000061035156,156.49000549316406,60.119998931884766,46.32500076293945,40.63999938964844,141.33999633789062,116.26000213623047,5904300,50034700,3177500,876800,29480000,34860300,15962600,11292500,7685900,8597100,13274100,4181400,2087500,50899400,8459800,6501700,3205600,2682700,7422500,4449200,15439200,377898000,69649000,1172900,25894800,8933600,3955500,9261900,3561400,6760700,2416100,15329500,34616800,37085100,8425500,25513600
2024-05-03,153.06202697753906,150.60000610351562,290.6976013183594,886.2723388671875,125.25249481201172,35.55243682861328,39.93375015258789,58.18769836425781,114.0032730102539,145.65516662597656,47.69686508178711,121.7968978881836,420.0208435058594,30.581005096435547,140.70970153808594,182.63986206054688,723.6129760742188,174.32986450195312,119.49862670898438,88.60197448730469,113.90104675292969,88.7389144897461,24.002498626708984,145.72634887695312,172.0792694091797,45.053260803222656,213.39340209960938,137.89894104003906,471.4057922363281,37.9463005065918,147.27210998535156,56.94890213012695,43.417903900146484,39.32099914550781,136.16455078125,107.75355529785156,163.7899932861328,150.60000610351562,311.2900085449219,901.6300048828125,127.81099700927734,37.25,43.9900016784668,61.52000045776367,122.2300033569336,160.25,50.540000915527344,130.02000427246094,438.17999267578125,30.899999618530273,149.27000427246094,190.50999450683594,734.969970703125,182.5500030517578,127.51000213623047,93.63999938964844,114.69999694824219,88.78900146484375,27.809999465942383,156.22000122070312,179.63999938964844,47.65999984741211,216.1699981689453,141.55999755859375,492.45001220703125,41.40999984741211,156.83999633789062,59.939998626708984,46.28499984741211,40.54999923706055,140.8300018310547,116.0,164.25,150.7899932861328,322.6000061035156,904.9600219726562,128.38800048828125,37.529998779296875,44.33000183105469,62.150001525878906,122.68000030517578,160.66000366210938,51.29999923706055,132.44000244140625,442.29998779296875,31.059999465942383,149.88999938964844,192.52999877929688,745.0,184.55999755859375,128.47999572753906,94.41999816894531,115.4800033569336,89.28099822998047,27.90999984741211,158.25,183.19000244140625,47.970001220703125,217.41000366210938,142.11000061035156,492.7900085449219,41.83000183105469,158.88999938964844,60.2599983215332,46.369998931884766,40.790000915527344,141.22999572753906,116.06999969482422,160.74000549316406,147.24000549316406,308.67999267578125,888.6699829101562,124.71399688720703,37.08000183105469,43.689998626708984,61.40999984741211,120.87999725341797,157.0399932861328,50.15999984741211,128.25,434.9200134277344,30.700000762939453,147.82000732421875,188.4600067138672,730.3400268554688,180.1199951171875,127.18000030517578,93.27999877929688,113.44999694824219,87.04000091552734,27.520000457763672,156.1199951171875,177.8000030517578,47.130001068115234,214.47999572753906,138.75999450683594,485.7799987792969,41.2400016784668,154.7899932861328,59.119998931884766,45.67499923706055,40.349998474121094,140.10000610351562,114.12999725341797,161.16000366210938,148.75,313.3900146484375,894.5900268554688,125.9000015258789,37.25,43.900001525878906,61.5099983215332,122.51000213623047,160.66000366210938,51.11000061035156,130.9199981689453,435.0,30.979999542236328,149.88999938964844,192.0,743.0,183.75999450683594,128.00999450683594,93.33999633789062,115.02999877929688,87.78900146484375,27.860000610351562,157.36000061035156,182.24000549316406,47.970001220703125,215.85000610351562,138.89999389648438,490.8599853515625,41.54999923706055,157.86000061035156,60.029998779296875,46.31999969482422,40.70000076293945,141.08999633789062,116.0,5849900,49361100,9644700,1038000,24898000,34082700,12104500,11048900,5020700,11664500,8953800,5660800,2406300,36794800,6532700,8922800,4595100,1868600,6221900,5043500,15564400,398341000,60568900,1141500,10043900,11007400,3467100,13264300,2487600,5091200,2356700,17298500,38087800,45012600,8539300,28023300
2024-05-06,152.07144165039062,155.77999877929688,279.66888427734375,901.302001953125,128.40806579589844,35.972381591796875,39.852046966552734,59.40782165527344,115.23443603515625,147.5184783935547,47.99886703491211,122.2278060913086,425.2833557128906,30.774776458740234,140.0592803955078,184.0683135986328,754.8331298828125,174.5495147705078,119.55487060546875,89.69010925292969,119.29322814941406,92.08802032470703,24.304582595825195,145.9221954345703,174.19625854492188,45.33685302734375,217.82571411132812,139.1361083984375,473.2532653808594,38.321998596191406,148.5491180419922,57.18642807006836,43.76029586791992,39.82524108886719,136.71563720703125,108.45023345947266,162.72999572753906,155.77999877929688,299.4800109863281,916.9199829101562,131.031005859375,37.689998626708984,43.900001525878906,62.810001373291016,123.55000305175781,162.3000030517578,50.86000061035156,130.47999572753906,443.6700134277344,30.969999313354492,148.5800018310547,192.0,766.6799926757812,182.77999877929688,127.56999969482422,94.79000091552734,120.12999725341797,92.13999938964844,28.15999984741211,156.42999267578125,181.85000610351562,47.959999084472656,220.66000366210938,142.8300018310547,494.3800048828125,41.81999969482422,158.1999969482422,60.189998626708984,46.650001525878906,41.06999969482422,141.39999389648438,116.75,164.6300048828125,156.64999389648438,312.7300109863281,918.3599853515625,131.07699584960938,37.790000915527344,44.619998931884766,62.939998626708984,125.22000122070312,164.02000427246094,51.459999084472656,132.13999938964844,444.3800048828125,31.200000762939453,150.0500030517578,192.1999969482422,766.989990234375,184.77000427246094,127.7300033569336,94.91000366210938,121.37000274658203,92.22000122070312,28.329999923706055,158.1999969482422,182.39999389648438,48.54999923706055,220.67999267578125,142.8300018310547,494.8699951171875,41.939998626708984,160.22000122070312,60.880001068115234,47.119998931884766,41.06999969482422,141.44000244140625,118.33999633789062,161.0,151.25999450683594,297.5199890136719,905.030029296875,127.50700378417969,37.36000061035156,43.779998779296875,61.720001220703125,123.0199966430664,160.72999572753906,50.65999984741211,130.24000549316406,439.67999267578125,30.729999542236328,147.91000366210938,189.82000732421875,736.0,182.41000366210938,126.76000213623047,93.69999694824219,118.0199966430664,89.05500030517578,27.959999084472656,156.0,180.39999389648438,47.810001373291016,217.16000366210938,139.80999755859375,492.0,41.41999816894531,157.83999633789062,59.84000015258789,46.43000030517578,40.77000045776367,140.63999938964844,116.4000015258789,164.41000366210938,153.10000610351562,310.8800048828125,909.2000122070312,128.6219940185547,37.65999984741211,44.15999984741211,62.060001373291016,123.08000183105469,160.72999572753906,50.86000061035156,130.67999267578125,441.75,31.1200008392334,149.8699951171875,191.72999572753906,738.0399780273438,184.0500030517578,127.18000030517578,94.55999755859375,119.77999877929688,89.38999938964844,27.979999542236328,158.0,181.91000366210938,48.08000183105469,218.00999450683594,140.47000122070312,492.4800109863281,41.7599983215332,158.14999389648438,60.470001220703125,46.43000030517578,40.86000061035156,140.9499969482422,116.66999816894531,5834600,44624500,4717600,642000,16287000,28422300,9127700,13386700,4848600,8430300,5858800,3690900,1914300,36185600,5042800,7911100,3398300,1906300,6552000,5105100,22538700,376203000,59899700,1189200,6980100,9857700,2441500,8601600,2029500,6430200,2128400,16240100,33445600,42335600,5605100,31401300
2024-05-07,151.90322875976562,154.42999267578125,280.4346008300781,892.7501831054688,127.70244598388672,36.11554718017578,39.97913360595703,58.641700744628906,115.22509765625,147.85476684570312,48.11210632324219,122.02171325683594,425.4079284667969,30.486604690551758,140.1912384033203,183.82862854003906,765.751708984375,172.7732696533203,122.18830871582031,90.63629913330078,118.379638671875,90.5029296875,23.96797752380371,145.66102600097656,172.56777954101562,45.535369873046875,215.9007568359375,137.4605712890625,479.5520935058594,38.102081298828125,147.11245727539062,57.25293731689453,43.718074798583984,39.96099853515625,137.84690856933594,107.9114761352539,162.5500030517578,154.42999267578125,300.29998779296875,908.219970703125,130.31100463867188,37.84000015258789,44.040000915527344,62.0,123.54000091552734,162.6699981689453,50.97999954223633,130.25999450683594,443.79998779296875,30.68000030517578,148.72000122070312,191.75,777.77001953125,180.9199981689453,130.3800048828125,95.79000091552734,119.20999908447266,90.55400085449219,27.770000457763672,156.14999389648438,180.14999389648438,48.16999816894531,218.7100067138672,141.11000061035156,500.9599914550781,41.58000183105469,156.6699981689453,60.2599983215332,46.60499954223633,41.209999084472656,142.57000732421875,116.16999816894531,163.99000549316406,157.6999969482422,302.9100036621094,926.3800048828125,131.8990020751953,38.150001525878906,44.2599983215332,63.15999984741211,124.94000244140625,163.14999389648438,51.279998779296875,131.50999450683594,447.4200134277344,31.450000762939453,149.72999572753906,192.92999267578125,779.0900268554688,184.24000549316406,130.42999267578125,95.93000030517578,121.41000366210938,91.78099822998047,28.489999771118164,157.3699951171875,184.30999755859375,48.439998626708984,221.57000732421875,142.2899932861328,501.6499938964844,42.08000183105469,159.14999389648438,60.61000061035156,46.95000076293945,41.290000915527344,142.6999969482422,117.58000183105469,161.88999938964844,153.66000366210938,298.510009765625,907.6400146484375,129.67599487304688,37.70000076293945,43.84000015258789,61.970001220703125,123.06999969482422,162.02000427246094,50.81999969482422,130.17999267578125,442.8699951171875,30.610000610351562,148.4499969482422,191.64999389648438,762.1099853515625,180.3300018310547,127.06999969482422,94.70999908447266,119.18000030517578,89.01100158691406,27.399999618530273,155.60000610351562,179.22000122070312,47.790000915527344,218.7100067138672,140.50999450683594,495.0400085449219,41.40999984741211,156.5399932861328,60.060001373291016,46.59000015258789,41.099998474121094,141.6999969482422,115.93000030517578,163.36000061035156,156.32000732421875,301.75,924.8300170898438,131.6439971923828,37.70000076293945,43.97999954223633,62.81999969482422,123.66000366210938,162.30999755859375,50.900001525878906,130.60000610351562,445.1700134277344,31.09000015258789,149.3800048828125,191.6999969482422,768.9000244140625,182.9600067138672,127.0999984741211,94.91999816894531,120.1500015258789,91.0979995727539,28.290000915527344,157.0399932861328,182.4499969482422,47.939998626708984,220.97999572753906,141.8699951171875,496.0,42.0,158.50999450683594,60.279998779296875,46.71500015258789,41.16999816894531,141.72000122070312,117.27999877929688,5301700,37374900,2452100,655000,12413000,29119500,11026900,10158200,5902000,6869900,5103000,3263600,2058200,44683400,7333500,7688800,2879400,1706600,6682300,7418000,12508300,437342000,65606400,1092300,8011100,8587000,2859500,8682900,3752100,8732100,2267900,16268200,20942200,42601200,7720600,30122000
2024-05-08,149.9407958984375,153.6199951171875,286.9808654785156,895.94482421875,129.88389587402344,35.99147033691406,39.643253326416016,59.35107421875,114.77740478515625,147.7366180419922,47.71573257446289,121.61891174316406,428.4274597167969,29.81089210510254,140.40805053710938,187.56753540039062,763.0244750976562,172.78280639648438,121.41046142578125,90.4943618774414,118.48886108398438,90.36100769042969,24.399518966674805,146.6498260498047,172.95095825195312,45.2423210144043,216.10806274414062,139.8861846923828,481.7059631347656,38.202877044677734,147.4880828857422,58.174530029296875,43.66648864746094,40.1064567565918,137.3731231689453,107.89289093017578,160.4499969482422,153.6199951171875,307.30999755859375,911.469970703125,132.53700256347656,37.709999084472656,43.66999816894531,62.75,123.05999755859375,162.5399932861328,50.560001373291016,129.8300018310547,446.95001220703125,30.0,148.9499969482422,195.64999389648438,775.0,180.92999267578125,129.5500030517578,95.63999938964844,119.31999969482422,90.41200256347656,28.270000457763672,157.2100067138672,180.5500030517578,47.86000061035156,218.9199981689453,143.60000610351562,503.2099914550781,41.689998626708984,157.07000732421875,61.22999954223633,46.54999923706055,41.36000061035156,142.0800018310547,116.1500015258789,162.89999389648438,155.3300018310547,307.57000732421875,916.72998046875,133.79100036621094,37.81999969482422,44.220001220703125,62.95000076293945,123.97000122070312,163.0800018310547,51.06999969482422,131.16000366210938,448.0199890136719,30.149999618530273,149.72999572753906,196.64999389648438,781.3499755859375,182.75,131.50999450683594,96.05000305175781,120.47000122070312,91.19400024414062,28.34000015258789,157.89999389648438,180.7899932861328,48.18000030517578,219.1300048828125,144.25999450683594,507.0,41.790000915527344,158.92999267578125,61.43000030517578,46.775001525878906,41.43000030517578,142.8800048828125,116.94999694824219,159.8699951171875,152.52000427246094,298.8900146484375,903.3200073242188,128.8489990234375,37.52000045776367,43.560001373291016,61.5099983215332,122.69999694824219,161.5399932861328,50.29999923706055,128.92999267578125,442.04998779296875,29.729999542236328,148.6999969482422,191.0,772.2000122070312,179.4199981689453,129.3300018310547,95.0999984741211,118.22000122070312,89.41999816894531,27.520000457763672,155.0500030517578,176.6199951171875,47.58000183105469,216.3699951171875,140.8000030517578,500.0799865722656,41.060001373291016,155.1999969482422,60.099998474121094,46.26499938964844,41.060001373291016,141.89999389648438,115.41000366210938,162.13999938964844,153.39999389648438,300.1199951171875,904.4400024414062,129.35000610351562,37.70000076293945,44.0,61.63999938964844,122.83000183105469,161.9499969482422,50.40999984741211,129.27000427246094,442.79998779296875,30.0,149.1199951171875,191.0,779.0999755859375,180.17999267578125,130.5800018310547,95.43000030517578,118.30000305175781,89.48300170898438,27.700000762939453,155.2899932861328,176.72999572753906,47.650001525878906,216.60000610351562,141.11000061035156,504.1700134277344,41.22999954223633,156.10000610351562,60.150001525878906,46.334999084472656,41.16999816894531,142.86000061035156,115.70999908447266,5906700,28728000,2859600,555700,13918000,32803300,11928300,9755200,4200200,6706400,5146700,2805300,2006700,63734600,7735100,9227600,2089800,1844600,6659100,4662600,10867900,325721000,39087800,1254400,6242600,6453400,3212000,10202300,3078900,8906000,2776400,18718400,19811800,28390900,5461100,18957200
2024-05-09,149.89405822753906,152.38999938964844,292.1637268066406,897.9796142578125,127.95331573486328,36.535499572753906,40.61458969116211,59.89020538330078,115.085205078125,150.3815460205078,47.98941421508789,122.302734375,436.6805725097656,29.90032386779785,141.25643920898438,189.34109497070312,759.6277465820312,174.69276428222656,122.0477294921875,92.83147430419922,116.98939514160156,88.69692993164062,24.688636779785156,146.5658721923828,172.94139099121094,45.828407287597656,215.29859924316406,139.09715270996094,485.3627014160156,38.065425872802734,149.17825317382812,58.5567626953125,44.25276565551758,40.40705871582031,138.55271911621094,110.02010345458984,160.39999389648438,152.38999938964844,312.8599853515625,913.5399780273438,130.56700134277344,38.279998779296875,44.7400016784668,63.31999969482422,123.38999938964844,165.4499969482422,50.849998474121094,130.55999755859375,455.55999755859375,30.09000015258789,149.85000610351562,197.5,771.5499877929688,182.92999267578125,130.22999572753906,98.11000061035156,117.80999755859375,88.74700164794922,28.18000030517578,157.1199951171875,180.5399932861328,48.47999954223633,218.10000610351562,142.7899932861328,507.0299987792969,41.540000915527344,158.8699951171875,61.279998779296875,47.17499923706055,41.66999816894531,143.3000030517578,118.44000244140625,161.32000732421875,154.08999633789062,314.6000061035156,918.1699829101562,132.16099548339844,38.41999816894531,44.810001373291016,63.43000030517578,124.2300033569336,165.50999450683594,51.20000076293945,131.05999755859375,456.42999267578125,30.389999389648438,150.10000610351562,197.58999633789062,784.0,183.82000732421875,130.5,98.26000213623047,119.62999725341797,91.0719985961914,28.25,157.75999450683594,181.7100067138672,48.630001068115234,219.33999633789062,143.35000610351562,507.9700012207031,41.869998931884766,159.30999755859375,61.369998931884766,47.17499923706055,41.66999816894531,143.3800048828125,118.52999877929688,160.02000427246094,150.61000061035156,306.32000732421875,907.3800048828125,130.1999969482422,37.459999084472656,43.5,62.290000915527344,122.6500015258789,162.72999572753906,50.58000183105469,129.74000549316406,446.3399963378906,29.809999465942383,148.88999938964844,195.10000610351562,769.2000122070312,180.5399932861328,128.94000244140625,95.58999633789062,117.44000244140625,88.23100280761719,27.31999969482422,155.36000061035156,179.44000244140625,47.95000076293945,217.05999755859375,141.1300048828125,502.1400146484375,41.2599983215332,156.94000244140625,60.47999954223633,46.599998474121094,41.25,142.22999572753906,116.19000244140625,160.80999755859375,153.1300048828125,309.5299987792969,914.7000122070312,131.7830047607422,37.529998779296875,43.560001373291016,62.380001068115234,122.98999786376953,163.02000427246094,50.689998626708984,130.17999267578125,446.3399963378906,29.93000030517578,148.97999572753906,195.1699981689453,777.0,181.3800048828125,128.94000244140625,95.58999633789062,119.31999969482422,90.52899932861328,27.760000228881836,155.89999389648438,181.0,48.040000915527344,218.92999267578125,142.94000244140625,502.1400146484375,41.5099983215332,156.9499969482422,60.7400016784668,46.599998474121094,41.2599983215332,142.25,116.19999694824219,3570000,33018000,2921300,756000,12170000,26855400,10776300,11563000,5430500,6683300,4437900,3663100,2710200,45003400,6546200,7977300,2522100,1295900,9216700,6766700,11524800,378013000,47831100,1558800,5513500,6367600,1874300,8012700,2342900,6414400,1676900,14224300,22489400,31594800,6821800,17564000
2024-05-10,150.22113037109375,151.9199981689453,289.6329650878906,914.4442138671875,130.6120147705078,36.69774627685547,40.7961540222168,60.08882141113281,114.42816162109375,150.71788024902344,47.30048751831055,121.87185668945312,435.88494873046875,29.66183853149414,141.31301879882812,190.5586395263672,748.2562255859375,171.47450256347656,121.8884048461914,92.9923324584961,120.3954849243164,89.82730865478516,24.539697647094727,146.99497985839844,174.4165496826172,45.84732437133789,217.41111755371094,145.39979553222656,490.8957214355469,38.349491119384766,146.6054229736328,59.139652252197266,44.00887680053711,40.56221008300781,138.8330841064453,109.57421875,160.75,151.9199981689453,310.1499938964844,930.2899780273438,133.27999877929688,38.45000076293945,44.939998626708984,63.529998779296875,121.91000366210938,165.82000732421875,50.119998931884766,130.10000610351562,454.7300109863281,29.850000381469727,149.91000366210938,198.77000427246094,760.0,179.55999755859375,130.05999755859375,98.27999877929688,121.23999786376953,89.87799835205078,28.010000228881836,157.5800018310547,182.0800018310547,48.5,220.24000549316406,149.25999450683594,512.8099975585938,41.849998474121094,156.1300048828125,61.88999938964844,46.915000915527344,41.83000183105469,143.58999633789062,117.95999908447266,161.44000244140625,156.3699951171875,314.8900146484375,939.0,134.39999389648438,38.779998779296875,44.970001220703125,63.91999816894531,123.9800033569336,166.4199981689453,51.20000076293945,131.57000732421875,458.75,30.459999084472656,150.08999633789062,199.33999633789062,777.4199829101562,184.72000122070312,130.8800048828125,98.98999786376953,121.8499984741211,91.4010009765625,28.280000686645508,158.52999877929688,183.5500030517578,48.83000183105469,222.4199981689453,150.5,513.5800170898438,41.90999984741211,160.3699951171875,61.970001220703125,47.43000030517578,41.90999984741211,144.08999633789062,118.66000366210938,160.35000610351562,151.30999755859375,309.82000732421875,925.0,131.531005859375,38.33000183105469,44.29999923706055,63.119998931884766,121.56999969482422,165.02000427246094,50.0099983215332,129.7899932861328,454.32000732421875,29.84000015258789,149.19000244140625,198.27000427246094,760.0,178.6199951171875,129.9499969482422,97.62999725341797,119.18000030517578,89.22699737548828,27.920000076293945,157.22999572753906,181.24000549316406,48.130001068115234,219.27000427246094,146.92999267578125,507.0,41.61000061035156,155.5,61.459999084472656,46.790000915527344,41.77000045776367,143.38999938964844,117.58000183105469,160.7100067138672,154.2899932861328,312.8900146484375,925.0,131.531005859375,38.47999954223633,44.75,63.58000183105469,123.04000091552734,166.0399932861328,51.060001373291016,130.80999755859375,456.5199890136719,30.329999923706055,150.0,198.5399932861328,774.02001953125,183.6999969482422,130.82000732421875,98.73999786376953,120.04000091552734,90.30500030517578,28.239999771118164,157.83999633789062,182.0,48.77000045776367,220.49000549316406,147.22000122070312,509.0,41.70000076293945,159.7899932861328,61.459999084472656,47.275001525878906,41.81999969482422,143.49000549316406,118.54000091552734,3509500,37652800,2611800,814100,16300000,27359100,8699600,9548700,4515900,5490900,5061400,2821100,1823900,42931300,5710600,7529800,2082300,1584300,5722600,6118400,13922400,335325000,25849800,985000,4702500,9206600,3079200,23671400,2784600,4867500,2036200,14428200,20568400,34306800,6324900,13648100
2024-05-13,150.71640014648438,150.55999755859375,288.04547119140625,901.616455078125,131.07357788085938,36.468685150146484,40.905086517333984,59.96586608886719,114.12779998779297,149.54537963867188,47.09286880493164,121.21610260009766,434.7634582519531,30.317676544189453,142.54788208007812,190.520263671875,745.9917602539062,169.85104370117188,121.16679382324219,93.25726318359375,122.14324951171875,90.34800720214844,24.916423797607422,147.43341064453125,176.45692443847656,46.08365249633789,217.86521911621094,142.62350463867188,489.8714294433594,38.01960754394531,146.41761779785156,58.53764724731445,43.8916130065918,40.39736557006836,138.69773864746094,109.52777862548828,161.27999877929688,150.55999755859375,308.45001220703125,917.239990234375,133.75100708007812,38.209999084472656,45.060001373291016,63.400001525878906,121.58999633789062,164.52999877929688,49.900001525878906,129.39999389648438,453.55999755859375,30.510000228881836,151.22000122070312,198.72999572753906,757.7000122070312,177.86000061035156,129.2899932861328,98.55999755859375,123.0,90.39900207519531,28.440000534057617,158.0500030517578,184.2100067138672,48.75,220.6999969482422,146.41000366210938,511.739990234375,41.4900016784668,155.92999267578125,61.2599983215332,46.790000915527344,41.65999984741211,143.4499969482422,117.91000366210938,162.57000732421875,153.3300018310547,312.1499938964844,929.0,135.83900451660156,38.779998779296875,45.31999969482422,63.95000076293945,122.55999755859375,166.91000366210938,50.439998626708984,130.64999389648438,457.20001220703125,31.1299991607666,152.0,199.85000610351562,763.5499877929688,180.25,129.7100067138672,98.97000122070312,124.11000061035156,90.99800109863281,28.649999618530273,158.8000030517578,184.72999572753906,48.95000076293945,222.0800018310547,148.44000244140625,514.6699829101562,42.22999954223633,157.4600067138672,62.16999816894531,47.20000076293945,42.02000045776367,144.00999450683594,119.04000091552734,160.8000030517578,150.39999389648438,307.05999755859375,914.260009765625,133.01100158691406,38.18000030517578,44.83000183105469,63.369998931884766,121.2699966430664,162.97999572753906,49.619998931884766,129.33999633789062,453.32000732421875,30.0,149.7100067138672,198.0399932861328,750.530029296875,177.3000030517578,128.02000427246094,98.41999816894531,121.6500015258789,88.52899932861328,28.170000076293945,157.6300048828125,182.89999389648438,48.54999923706055,220.3300018310547,146.3000030517578,507.30999755859375,41.4900016784668,155.49000549316406,61.209999084472656,46.59000015258789,41.65999984741211,143.19000244140625,117.12000274658203,161.27999877929688,151.27999877929688,312.1499938964844,927.6799926757812,134.8000030517578,38.619998931884766,44.880001068115234,63.619998931884766,121.87000274658203,166.47999572753906,50.2400016784668,130.47000122070312,456.2699890136719,30.030000686645508,150.0399932861328,198.8000030517578,763.5,180.07000732421875,129.50999450683594,98.75,122.93000030517578,90.47799682617188,28.190000534057617,158.50999450683594,183.17999267578125,48.7400016784668,221.1999969482422,148.02000427246094,512.0499877929688,42.0,156.8800048828125,61.959999084472656,47.025001525878906,41.95000076293945,143.8800048828125,118.41999816894531,3505900,27859200,1558500,745700,18507000,24060600,12642400,6617900,6421200,6848300,6733600,3006000,1579600,51459100,5628500,7049200,1848900,1681000,7109700,5379000,16643200,289680000,39609800,1359500,6384800,6555800,1843200,8278700,2454500,4846400,1510400,15203500,20978000,29570100,5351500,15060600
2024-05-14,151.00611877441406,153.16000366210938,290.8096618652344,899.4442749023438,135.24049377441406,36.73592758178711,40.58735275268555,60.145572662353516,113.61156463623047,148.70913696289062,47.02680206298828,121.24421691894531,439.4700012207031,30.854272842407227,142.69869995117188,193.18545532226562,752.1746826171875,166.65191650390625,120.57638549804688,94.03314971923828,123.94063568115234,91.30447387695312,24.863853454589844,148.69268798828125,181.01657104492188,45.960758209228516,221.48806762695312,148.0202178955078,491.91998291015625,38.44112777709961,146.41761779785156,59.139652252197266,43.94789505004883,40.600990295410156,139.2875213623047,110.19266510009766,161.58999633789062,153.16000366210938,311.4100036621094,915.030029296875,138.0030059814453,38.4900016784668,44.709999084472656,63.59000015258789,121.04000091552734,163.61000061035156,49.83000183105469,129.42999267578125,458.4700012207031,31.049999237060547,151.3800048828125,201.50999450683594,763.97998046875,174.50999450683594,128.66000366210938,99.37999725341797,124.80999755859375,91.35600280761719,28.3799991607666,159.39999389648438,188.97000122070312,48.619998931884766,224.3699951171875,151.9499969482422,513.8800048828125,41.95000076293945,155.92999267578125,61.88999938964844,46.849998474121094,41.869998931884766,144.05999755859375,117.66999816894531,162.25,153.49000549316406,312.3999938964844,916.3800048828125,138.19900512695312,38.790000915527344,45.720001220703125,63.970001220703125,122.16999816894531,165.1999969482422,50.130001068115234,130.17999267578125,461.7699890136719,31.110000610351562,152.2100067138672,201.5800018310547,764.5,175.58999633789062,129.1999969482422,100.18000030517578,125.04000091552734,91.6510009765625,28.68000030517578,159.80999755859375,189.2899932861328,49.0,224.55999755859375,152.00999450683594,516.1699829101562,42.290000915527344,155.97000122070312,61.9900016784668,46.8849983215332,41.900001525878906,144.1300048828125,117.73999786376953,159.72000122070312,148.77999877929688,307.4700012207031,905.8800048828125,132.5800018310547,38.369998931884766,44.529998779296875,63.22999954223633,120.43000030517578,163.02000427246094,49.540000915527344,128.6999969482422,454.010009765625,30.610000610351562,150.6999969482422,198.16000366210938,751.52001953125,169.13999938964844,128.02999877929688,98.7699966430664,121.66999816894531,88.93399810791016,28.190000534057617,158.2100067138672,184.49000549316406,48.0099983215332,220.32000732421875,146.25,507.29998779296875,41.630001068115234,153.64999389648438,61.02000045776367,46.5099983215332,41.65999984741211,143.11000061035156,116.4800033569336,161.64999389648438,150.42999267578125,308.7300109863281,912.9000244140625,133.23399353027344,38.400001525878906,45.380001068115234,63.5099983215332,121.52999877929688,164.33999633789062,50.0,129.42999267578125,454.8399963378906,30.6200008392334,151.85000610351562,199.0,751.52001953125,175.3300018310547,129.1999969482422,99.0,122.98999786376953,89.5989990234375,28.549999237060547,159.0,184.50999450683594,48.900001525878906,220.52999877929688,146.49000549316406,514.5800170898438,41.650001525878906,155.10000610351562,61.560001373291016,46.70000076293945,41.81999969482422,143.64999389648438,116.79000091552734,4025000,31938300,1631100,592000,19420000,27594800,14536500,8322500,6144700,4924000,4435500,2342300,2412900,47759900,8254200,8596200,1956200,4660900,6154300,6216600,13887700,296507000,23530900,1127900,7713400,8404900,2149400,12316500,2949700,5627900,2436800,14499600,24911600,30638300,6198700,15079100
2024-05-15,153.06202697753906,159.6699981689453,297.9349670410156,921.452880859375,140.74208068847656,37.136783599853516,40.44211196899414,60.76036071777344,113.29241180419922,148.20018005371094,46.913551330566406,120.92570495605469,446.7742004394531,31.072887420654297,143.91473388671875,193.7606658935547,776.1795043945312,165.65882873535156,123.45347595214844,95.11182403564453,126.91973114013672,94.57661437988281,25.249343872070312,150.50241088867188,186.41920471191406,45.667720794677734,227.70713806152344,151.55636596679688,495.4331359863281,38.68854522705078,148.08900451660156,59.56966018676758,44.0463981628418,40.9015998840332,141.35662841796875,111.0448226928711,163.7899932861328,159.6699981689453,319.0400085449219,937.4199829101562,143.61700439453125,38.90999984741211,44.54999923706055,64.23999786376953,120.69999694824219,163.0500030517578,49.709999084472656,129.08999633789062,466.0899963378906,31.270000457763672,152.6699981689453,202.11000061035156,787.02001953125,172.64999389648438,131.72999572753906,100.5199966430664,127.80999755859375,94.62999725341797,28.81999969482422,161.33999633789062,194.61000061035156,48.310001373291016,230.6699981689453,155.5800018310547,517.5499877929688,42.220001220703125,157.7100067138672,62.34000015258789,46.95500183105469,42.18000030517578,146.1999969482422,118.58000183105469,164.4199981689453,159.69000244140625,321.44000244140625,937.4199829101562,143.89500427246094,39.2400016784668,45.16999816894531,64.38999938964844,121.91000366210938,163.8000030517578,49.810001373291016,129.42999267578125,466.19000244140625,31.399999618530273,152.9499969482422,202.69000244140625,787.6599731445312,173.64999389648438,131.97000122070312,100.9800033569336,127.94999694824219,94.86199951171875,28.989999771118164,161.8800048828125,196.0800018310547,48.66999816894531,230.82000732421875,156.0,522.5900268554688,42.61000061035156,158.08999633789062,62.54999923706055,47.040000915527344,42.220001220703125,146.36000061035156,118.83999633789062,161.8699951171875,154.6999969482422,312.8699951171875,910.6500244140625,136.9980010986328,38.779998779296875,44.47999954223633,63.599998474121094,118.66000366210938,160.1699981689453,48.689998626708984,126.54000091552734,460.95001220703125,30.809999465942383,151.3000030517578,199.77000427246094,763.0999755859375,170.11000061035156,128.72000122070312,99.98999786376953,125.44000244140625,91.5989990234375,28.479999542236328,160.22000122070312,190.0,47.400001525878906,225.5,152.72999572753906,514.8300170898438,41.95000076293945,153.3800048828125,61.869998931884766,46.060001373291016,41.959999084472656,144.63999938964844,116.08000183105469,162.30999755859375,155.58999633789062,314.82000732421875,918.6500244140625,138.0,38.79999923706055,45.0,63.630001068115234,120.66999816894531,163.1300048828125,49.619998931884766,129.0,461.5899963378906,31.3799991607666,151.82000732421875,202.00999450683594,764.1500244140625,173.1999969482422,128.8800048828125,100.04000091552734,126.2300033569336,92.47200012207031,28.489999771118164,160.91000366210938,190.00999450683594,48.66999816894531,226.75,153.36000061035156,514.8300170898438,42.459999084472656,155.3800048828125,62.20000076293945,46.75,41.970001220703125,144.6999969482422,117.61000061035156,5261300,43195900,3466000,883000,32757000,34084400,14179400,9461300,6138600,7603100,5742200,2561400,2217700,36992900,5548000,8370000,3038300,2546600,7237100,6938500,14265100,417735000,38376300,1313300,11349100,6939700,3106200,14027100,2981200,7752700,2799100,17489600,38792200,36138300,8433700,18244300
2024-05-16,153.58534240722656,162.6199951171875,295.98809814453125,903.8773193359375,138.38621520996094,37.43265914916992,40.042686462402344,60.6657829284668,112.47581481933594,147.89718627929688,46.469993591308594,119.82971954345703,445.26922607421875,31.828094482421875,145.43240356445312,194.1057891845703,760.4985961914062,167.69297790527344,122.65689086914062,94.22240447998047,126.99917602539062,94.30577850341797,25.33695411682129,150.08262634277344,185.13558959960938,45.771697998046875,226.59165954589844,148.29299926757812,498.9941711425781,38.166221618652344,148.83084106445312,58.346534729003906,43.9244499206543,40.9015998840332,141.19227600097656,110.37995910644531,164.35000610351562,162.6199951171875,314.7200012207031,919.5399780273438,141.21299743652344,39.220001220703125,44.11000061035156,64.13999938964844,119.83000183105469,161.08999633789062,49.2400016784668,127.91999816894531,464.5199890136719,32.029998779296875,154.27999877929688,202.47000122070312,771.1199951171875,174.77000427246094,130.8800048828125,99.58000183105469,127.88999938964844,94.35900115966797,28.920000076293945,160.88999938964844,193.27000427246094,48.41999816894531,229.5399932861328,152.22999572753906,521.27001953125,41.650001525878906,158.5,61.060001373291016,46.82500076293945,42.18000030517578,146.02999877929688,117.87000274658203,164.92999267578125,168.05999755859375,316.1400146484375,938.8099975585938,144.5399932861328,39.36000061035156,44.529998779296875,64.47000122070312,121.38999938964844,162.0,50.06999969482422,129.6300048828125,468.25,32.2599983215332,154.3800048828125,204.47999572753906,786.47998046875,175.67999267578125,131.77999877929688,100.41000366210938,130.1300048828125,95.81900024414062,29.030000686645508,161.49000549316406,195.6300048828125,48.65999984741211,232.44000244140625,155.05999755859375,528.1599731445312,42.2599983215332,158.97999572753906,62.47999954223633,47.189998626708984,42.380001068115234,146.44000244140625,119.30000305175781,162.17999267578125,159.89999389648438,310.760009765625,918.9400024414062,140.50599670410156,38.709999084472656,43.68000030517578,63.43000030517578,119.5999984741211,160.47999572753906,49.209999084472656,127.88999938964844,462.2799987792969,31.520000457763672,152.3300018310547,201.99000549316406,770.1400146484375,172.0,130.7899932861328,99.44999694824219,127.05000305175781,94.10299682617188,28.670000076293945,160.0399932861328,192.77999877929688,47.970001220703125,229.4600067138672,152.2100067138672,519.510009765625,41.59000015258789,155.97000122070312,60.970001220703125,46.70000076293945,42.15999984741211,145.6199951171875,117.54000091552734,163.4499969482422,160.9199981689453,314.6300048828125,936.5,142.60000610351562,38.91999816894531,44.470001220703125,64.0999984741211,120.3499984741211,161.52999877929688,49.93000030517578,128.77999877929688,464.3699951171875,31.6299991607666,153.0,202.22000122070312,784.7100219726562,172.1999969482422,131.3699951171875,100.1500015258789,127.93000030517578,94.91000366210938,28.8700008392334,161.32000732421875,195.0,47.97999954223633,230.6199951171875,154.10000610351562,520.0,42.06999969482422,156.33999633789062,62.45000076293945,46.849998474121094,42.220001220703125,145.88999938964844,118.54000091552734,4642000,76726700,2367800,811100,28395000,32554200,15765700,11682200,5002900,6409400,5312500,2615400,2070300,47752800,7591000,8497900,2299700,2788100,5518100,4339300,15874700,323952000,40077800,1521900,8173400,7625100,2878400,13394100,3655800,9488700,2597600,21104100,24580200,36032700,6740800,15745200
2024-05-17,155.51976013183594,164.47000122070312,293.87200927734375,909.2149047851562,136.7359161376953,37.499473571777344,39.97005844116211,60.59957504272461,114.24043273925781,149.3477783203125,46.82861328125,121.72196197509766,448.3366394042969,31.629356384277344,145.77174377441406,196.3299560546875,759.3938598632812,172.39456176757812,122.94742584228516,94.82796478271484,124.41728210449219,92.42684173583984,25.091644287109375,149.5789031982422,185.7007598876953,45.93239974975586,225.30838012695312,147.75718688964844,502.2105407714844,37.96462631225586,155.92962646484375,58.36565017700195,44.538875579833984,41.20220184326172,141.46299743652344,112.0374755859375,166.4199981689453,164.47000122070312,312.4700012207031,924.969970703125,139.5290069580078,39.290000915527344,44.029998779296875,64.06999969482422,121.70999908447266,162.6699981689453,49.619998931884766,129.94000244140625,467.7200012207031,31.829999923706055,154.63999938964844,204.7899932861328,770.0,179.6699981689453,131.19000244140625,100.22000122070312,125.29000091552734,92.47899627685547,28.639999389648438,160.35000610351562,193.86000061035156,48.59000015258789,228.24000549316406,151.67999267578125,524.6300048828125,41.43000030517578,166.05999755859375,61.08000183105469,47.47999954223633,42.4900016784668,146.30999755859375,119.63999938964844,166.49000549316406,169.72000122070312,315.2799987792969,930.969970703125,141.9530029296875,39.4900016784668,44.29999923706055,64.55000305175781,121.98999786376953,162.97000122070312,49.790000915527344,130.25999450683594,468.6600036621094,32.11000061035156,154.86000061035156,205.0500030517578,774.8699951171875,181.0500030517578,131.32000732421875,100.30000305175781,129.02999877929688,94.73999786376953,28.90999984741211,162.07000732421875,195.44000244140625,48.77000045776367,231.39999389648438,154.0,525.8499755859375,41.959999084472656,166.22999572753906,61.630001068115234,47.55500030517578,42.4900016784668,146.33999633789062,119.83000183105469,164.49000549316406,162.32000732421875,310.3699951171875,916.2100219726562,138.17799377441406,39.15999984741211,43.72999954223633,63.900001525878906,120.05999755859375,161.19000244140625,49.09000015258789,128.10000610351562,464.25,31.59000015258789,153.7100067138672,202.80999755859375,767.0999755859375,175.83999633789062,129.80999755859375,99.30000305175781,124.86000061035156,91.80599975585938,28.510000228881836,160.27999877929688,191.8699951171875,48.290000915527344,226.4199981689453,150.83999633789062,520.010009765625,41.310001373291016,158.5399932861328,60.88999938964844,46.89500045776367,42.20000076293945,145.44000244140625,117.95999908447266,165.38999938964844,168.42999267578125,315.2799987792969,920.7999877929688,141.24200439453125,39.45000076293945,44.29999923706055,64.37999725341797,120.9000015258789,161.75,49.41999816894531,128.77999877929688,466.3800048828125,32.060001373291016,154.86000061035156,203.80999755859375,772.8900146484375,176.05999755859375,130.69000244140625,99.9000015258789,128.36000061035156,94.36900329589844,28.899999618530273,162.07000732421875,192.89999389648438,48.70000076293945,231.0,154.0,522.9400024414062,41.959999084472656,159.27000427246094,61.40999984741211,46.90999984741211,42.25,146.0,118.30000305175781,5152200,65944400,1974200,703700,18174000,25537300,15788000,8418400,4450300,5497900,4691700,2340100,1655900,41449800,6521800,9260500,1670300,3142700,8281600,4690800,13774700,359691000,26106400,1075100,5799700,5534400,1806100,7711200,2657200,11360600,4098500,15795800,29001600,29813200,7071600,15104500
2024-05-20,153.78160095214844,166.3300018310547,295.81884765625,923.4384765625,138.57241821289062,37.0508918762207,39.361839294433594,59.738868713378906,113.47075653076172,147.94309997558594,47.20611572265625,121.64703369140625,443.7547607421875,31.897653579711914,143.74766540527344,187.50042724609375,772.3923950195312,168.9499053955078,122.7599868774414,94.93204498291016,128.1014404296875,94.72654724121094,24.995271682739258,146.58453369140625,189.4365997314453,45.59209442138672,230.2638702392578,149.57887268066406,495.1268005371094,37.469791412353516,153.78872680664062,58.002532958984375,44.248077392578125,40.63978958129883,141.1632537841797,111.12911224365234,164.55999755859375,166.3300018310547,314.5400085449219,939.4400024414062,141.4029998779297,38.81999969482422,43.36000061035156,63.15999984741211,120.88999938964844,161.13999938964844,50.02000045776367,129.86000061035156,462.94000244140625,32.099998474121094,151.27000427246094,195.5800018310547,783.1799926757812,176.0800018310547,130.99000549316406,100.33000183105469,129.0,94.77999877929688,28.530000686645508,157.13999938964844,197.75999450683594,48.22999954223633,233.25999450683594,153.5500030517578,517.22998046875,40.88999938964844,163.77999877929688,60.70000076293945,47.16999816894531,41.90999984741211,146.0,118.66999816894531,166.4199981689453,168.49000549316406,315.80999755859375,946.719970703125,141.69400024414062,39.470001220703125,44.04999923706055,64.25,122.11000061035156,163.0,50.06999969482422,130.5800018310547,471.4800109863281,32.41999816894531,153.38999938964844,205.8800048828125,784.3300170898438,180.42999267578125,131.74000549316406,100.88999938964844,131.02000427246094,95.19999694824219,28.709999084472656,160.6300048828125,199.99000549316406,48.66999816894531,234.72000122070312,154.24000549316406,524.6300048828125,41.63999938964844,166.8699951171875,61.790000915527344,47.60499954223633,42.459999084472656,146.36000061035156,119.88999938964844,164.41000366210938,164.47000122070312,312.6199951171875,925.780029296875,139.3159942626953,38.790000915527344,43.310001373291016,62.91999816894531,120.48999786376953,161.07000732421875,49.56999969482422,129.14999389648438,462.6000061035156,31.760000228881836,151.25999450683594,195.39999389648438,766.1199951171875,175.1999969482422,130.64999389648438,99.37999725341797,126.63999938964844,93.44000244140625,28.459999084472656,156.91000366210938,193.27999877929688,47.880001068115234,228.85000610351562,150.82000732421875,516.5399780273438,40.849998474121094,162.5399932861328,60.59000015258789,47.05500030517578,41.88999938964844,145.69000244140625,118.55000305175781,166.00999450683594,165.5500030517578,314.4100036621094,925.780029296875,139.60000610351562,39.2599983215332,44.0,64.06999969482422,121.75,162.72000122070312,49.63999938964844,130.22999572753906,468.20001220703125,31.850000381469727,153.10000610351562,204.38999938964844,766.9000244140625,179.72000122070312,130.80999755859375,100.05000305175781,127.12999725341797,93.75,28.65999984741211,160.32000732421875,194.0,48.599998474121094,229.27000427246094,151.6699981689453,524.6300048828125,41.43000030517578,166.0,60.97999954223633,47.5,42.400001525878906,146.16000366210938,119.7300033569336,3058700,45618000,1394600,669300,27170000,28369800,10376900,11792100,2814700,4913800,4826000,1933600,2591500,31989000,7742300,17373300,2188800,2454700,4860400,5690200,19123200,318764000,22423300,1428100,8879700,6877400,2555300,9261200,2476200,9935500,3089100,15029000,20134600,35719600,3890000,11551300
2024-05-21,152.25836181640625,164.66000366210938,296.11041259765625,909.5097045898438,137.1190948486328,37.84305953979492,38.372344970703125,61.233280181884766,113.02021789550781,146.86892700195312,46.97017288208008,120.74773406982422,450.9151916503906,31.5399227142334,143.71917724609375,191.27767944335938,792.1070556640625,169.4296875,122.54443359375,96.0674819946289,126.61190032958984,95.33219146728516,25.021556854248047,147.89979553222656,192.39659118652344,45.6488037109375,229.5235137939453,149.69577026367188,501.17669677734375,37.735538482666016,152.48353576660156,58.728759765625,44.032325744628906,40.9015998840332,141.4049835205078,110.36121368408203,162.92999267578125,164.66000366210938,314.8500061035156,925.27001953125,139.9199981689453,39.650001525878906,42.27000045776367,64.73999786376953,120.41000366210938,159.97000122070312,49.77000045776367,128.89999389648438,470.4100036621094,31.739999771118164,151.24000549316406,199.52000427246094,803.1699829101562,176.5800018310547,130.75999450683594,101.52999877929688,127.5,95.38600158691406,28.559999465942383,158.5500030517578,200.85000610351562,48.290000915527344,232.50999450683594,153.6699981689453,523.5499877929688,41.18000030517578,162.38999938964844,61.459999084472656,46.939998626708984,42.18000030517578,146.25,117.8499984741211,165.7100067138672,165.8300018310547,316.6700134277344,933.5800170898438,140.93899536132812,39.75,43.43000030517578,64.87999725341797,121.7300033569336,161.4600067138672,50.2400016784668,130.35000610351562,471.30999755859375,32.2400016784668,152.58999633789062,199.89999389648438,816.6099853515625,178.92999267578125,132.7899932861328,103.25,128.82000732421875,95.4000015258789,28.670000076293945,158.66000366210938,201.97999572753906,49.119998931884766,232.88999938964844,153.99000549316406,524.719970703125,41.220001220703125,164.58999633789062,61.70000076293945,47.435001373291016,42.220001220703125,146.8800048828125,119.44999694824219,162.5,163.10000610351562,311.8999938964844,915.3400268554688,139.3459930419922,38.77000045776367,42.25,63.20000076293945,120.29000091552734,159.74000549316406,49.65999984741211,128.72999572753906,462.20001220703125,31.6200008392334,150.7899932861328,196.60000610351562,791.3900146484375,175.61000061035156,130.47999572753906,100.1500015258789,123.27999877929688,93.18000030517578,28.31999969482422,157.0,195.75999450683594,48.20000076293945,230.07000732421875,151.9499969482422,515.9199829101562,40.83000183105469,162.1699981689453,60.779998779296875,46.904998779296875,41.970001220703125,145.8800048828125,117.77999877929688,165.3699951171875,164.0,314.1099853515625,920.9400024414062,139.8679962158203,38.77000045776367,43.13999938964844,63.2599983215332,120.69000244140625,160.5800018310547,49.79999923706055,129.44000244140625,462.2300109863281,31.979999542236328,151.77999877929688,197.0,792.4600219726562,175.61000061035156,131.67999267578125,100.30999755859375,124.19999694824219,93.5989990234375,28.469999313354492,157.2899932861328,196.00999450683594,48.2400016784668,230.17999267578125,152.3000030517578,518.3200073242188,40.880001068115234,163.22000122070312,60.81999969482422,47.04999923706055,41.9900016784668,146.25999450683594,118.4000015258789,3645200,30005500,1705900,746400,15333000,31799200,17576800,11197200,2756700,4783300,3800400,2211000,2762600,42975400,5492400,14420800,4334500,2345200,6254700,8337100,15717800,328946000,28119900,1168000,11498800,6926500,2178700,7919400,2521900,6315200,2206800,18422100,22467600,33413400,4048900,14495000
2024-05-22,149.15582275390625,165.52000427246094,290.99420166015625,906.619873046875,136.43702697753906,37.94804763793945,38.43589401245117,60.36310958862305,110.93647003173828,144.6654815673828,46.054744720458984,118.0779800415039,443.2179870605469,31.221940994262695,145.86676025390625,190.11764526367188,791.8506469726562,168.89236450195312,122.86307525634766,95.31998443603516,125.40038299560547,94.89644622802734,25.93270492553711,145.98751831054688,194.38902282714844,43.937801361083984,232.21844482421875,152.11160278320312,499.0707092285156,37.359825134277344,152.11732482910156,58.22231674194336,43.188079833984375,40.66887283325195,141.65635681152344,108.14183044433594,159.61000061035156,165.52000427246094,309.4100036621094,922.3300170898438,139.2239990234375,39.7599983215332,42.34000015258789,63.81999969482422,118.19000244140625,157.57000732421875,48.79999923706055,126.05000305175781,462.3800048828125,31.420000076293945,153.5,198.30999755859375,802.9099731445312,176.02000427246094,131.10000610351562,100.73999786376953,126.27999877929688,94.94999694824219,29.600000381469727,156.5,202.92999267578125,46.47999954223633,235.24000549316406,156.14999389648438,521.3499755859375,40.77000045776367,162.0,60.93000030517578,46.040000915527344,41.939998626708984,146.50999450683594,115.4800033569336,161.94000244140625,169.80999755859375,315.0,933.5,140.5,39.810001373291016,42.9900016784668,64.9800033569336,119.72000122070312,159.52000427246094,49.38999938964844,128.4499969482422,470.3299865722656,32.06999969482422,154.0800018310547,200.94000244140625,804.8800048828125,177.89999389648438,131.60000610351562,102.5199966430664,127.87000274658203,96.0199966430664,29.6299991607666,158.5500030517578,204.83999633789062,48.290000915527344,235.85000610351562,157.22999572753906,526.280029296875,41.22999954223633,164.1999969482422,61.45000076293945,46.77000045776367,42.27000045776367,146.9499969482422,117.45999908447266,159.17999267578125,163.86000061035156,308.5199890136719,913.489990234375,138.4219970703125,39.34000015258789,41.90999984741211,63.63999938964844,117.38999938964844,156.52000427246094,48.45000076293945,125.62000274658203,459.75,31.100000381469727,150.32000732421875,197.69000244140625,795.25,174.0800018310547,130.14999389648438,100.16999816894531,125.23999786376953,93.2490005493164,28.420000076293945,155.77000427246094,201.6999969482422,46.25,232.80999755859375,154.5399932861328,520.6500244140625,40.599998474121094,159.0,60.5099983215332,45.85499954223633,41.849998474121094,145.77000427246094,114.95999908447266,161.57000732421875,167.41000366210938,314.70001220703125,931.2100219726562,139.6009979248047,39.40999984741211,42.220001220703125,64.29000091552734,119.5199966430664,159.52000427246094,49.310001373291016,128.4499969482422,467.3599853515625,31.90999984741211,150.83999633789062,199.0,801.0,175.6199951171875,130.1699981689453,101.27999877929688,127.79000091552734,95.45899963378906,28.469999313354492,157.61000061035156,202.92999267578125,48.220001220703125,234.6699981689453,155.8800048828125,522.8200073242188,40.81999969482422,161.77000427246094,61.29999923706055,46.75,42.09000015258789,145.86000061035156,117.45999908447266,6904900,47426700,2849100,668600,21002000,42837600,16786000,8855300,4468100,6260500,5115300,3617600,2729500,36706400,6609800,9425300,1767500,2250000,4407500,5194300,11190100,548648000,46987500,1141400,11170100,11801400,3488500,13455200,2299100,5802000,2510000,10340500,34868000,38661100,6831200,17879300
2024-05-23,147.89422607421875,160.42999267578125,288.25738525390625,918.3367919921875,136.5399169921875,37.38493728637695,37.709659576416016,59.6064567565918,110.42961120605469,144.0870819091797,45.51681137084961,116.18575286865234,439.1632080078125,29.8903865814209,142.2557373046875,188.78504943847656,797.3142700195312,169.41050720214844,122.85369873046875,93.597900390625,125.39046478271484,103.74047088623047,25.135452270507812,142.50808715820312,193.26828002929688,43.786556243896484,230.91542053222656,153.02728271484375,494.743896484375,36.67256164550781,152.6431427001953,57.027870178222656,42.79409408569336,40.1064567565918,140.109375,106.29701232910156,158.25999450683594,160.42999267578125,306.5,934.25,139.32899475097656,39.16999816894531,41.540000915527344,63.02000045776367,117.6500015258789,156.94000244140625,48.22999954223633,124.02999877929688,458.1499938964844,30.079999923706055,149.6999969482422,196.9199981689453,808.4500122070312,176.55999755859375,131.08999633789062,98.91999816894531,126.2699966430664,103.79900360107422,28.690000534057617,152.77000427246094,201.75999450683594,46.31999969482422,233.9199981689453,157.08999633789062,516.8300170898438,40.02000045776367,162.55999755859375,59.68000030517578,45.619998931884766,41.36000061035156,144.91000366210938,113.51000213623047,160.0399932861328,173.13999938964844,311.989990234375,969.489990234375,142.89999389648438,39.84000015258789,42.27000045776367,64.02999877929688,119.43000030517578,158.60000610351562,49.34000015258789,127.30000305175781,464.30999755859375,31.56999969482422,152.83999633789062,198.3000030517578,820.6099853515625,177.92999267578125,131.9199981689453,100.55999755859375,131.9499969482422,106.31999969482422,29.43000030517578,156.49000549316406,207.9499969482422,47.150001525878906,240.9199981689453,160.77999877929688,520.22998046875,40.849998474121094,164.25,60.779998779296875,46.43000030517578,41.939998626708984,146.27999877929688,117.51000213623047,157.75999450683594,158.27000427246094,304.3800048828125,927.4099731445312,137.8000030517578,38.939998626708984,41.459999084472656,62.5,117.19999694824219,156.3300018310547,48.130001068115234,123.87999725341797,457.4100036621094,29.8700008392334,149.3800048828125,196.07000732421875,802.1599731445312,175.64999389648438,130.30999755859375,98.4800033569336,124.66000366210938,101.5199966430664,28.670000076293945,152.66000366210938,199.4199981689453,46.040000915527344,232.16000366210938,155.8699951171875,515.22998046875,39.7599983215332,161.7899932861328,59.36000061035156,45.540000915527344,41.20000076293945,144.80999755859375,113.36000061035156,159.02999877929688,170.17999267578125,308.4700012207031,967.5800170898438,142.84300231933594,39.77000045776367,41.91999816894531,63.79999923706055,118.83000183105469,157.9199981689453,49.16999816894531,126.66000366210938,464.2300109863281,31.450000762939453,152.75,197.80999755859375,810.0,177.8800048828125,130.89999389648438,100.37999725341797,131.77000427246094,102.02799987792969,29.43000030517578,156.41000366210938,205.8800048828125,46.619998931884766,240.8300018310547,159.17999267578125,518.3200073242188,40.79999923706055,163.52000427246094,60.75,46.27000045776367,41.900001525878906,146.27000427246094,115.5999984741211,5672900,91888800,2139700,1357200,31039000,39033900,12438000,11535000,3757200,6718400,4533400,3373600,2254500,62014500,8000400,8069400,3025800,2740700,6830900,5594500,20747400,835065000,42031300,1704500,14475100,8766100,4704800,20873000,3055400,7452400,2251400,13056100,26931400,51768500,5155900,15979800
2024-05-24,146.77281188964844,166.36000061035156,287.63665771484375,939.9325561523438,137.96580505371094,37.89078140258789,37.43732452392578,60.13611602783203,110.05416107177734,144.8307342529297,45.441314697265625,115.47379302978516,442.067626953125,30.526351928710938,139.6614990234375,192.4185028076172,796.308349609375,170.60028076171875,121.35423278808594,93.64521789550781,128.58802795410156,106.4089584350586,25.301908493041992,143.89797973632812,201.50631713867188,43.71092987060547,235.4958038330078,155.86204528808594,486.4540100097656,37.13990783691406,152.5116729736328,57.534305572509766,42.855064392089844,40.348873138427734,139.6356201171875,106.21271514892578,157.05999755859375,166.36000061035156,305.8399963378906,956.219970703125,140.78399658203125,39.70000076293945,41.2400016784668,63.58000183105469,117.25,157.75,48.150001525878906,123.2699966430664,461.17999267578125,30.719999313354492,146.97000122070312,200.7100067138672,807.4299926757812,177.8000030517578,129.49000549316406,98.97000122070312,129.49000549316406,106.46900177001953,28.8799991607666,154.25999450683594,210.36000061035156,46.2400016784668,238.55999755859375,160.0,508.1700134277344,40.529998779296875,162.4199981689453,60.209999084472656,45.685001373291016,41.61000061035156,144.4199981689453,113.41999816894531,158.77999877929688,167.66000366210938,307.5,958.5700073242188,141.35800170898438,39.779998779296875,41.68000030517578,63.970001220703125,118.58999633789062,158.97000122070312,48.68000030517578,125.58000183105469,465.25,31.020000457763672,149.80999755859375,200.75999450683594,810.1199951171875,178.9199981689453,131.4499969482422,99.91000366210938,130.39999389648438,106.4749984741211,28.989999771118164,154.30999755859375,211.3000030517578,46.869998931884766,239.35000610351562,160.66000366210938,517.1400146484375,40.540000915527344,164.5,60.38999938964844,46.095001220703125,41.619998931884766,145.3300018310547,115.08000183105469,156.36000061035156,160.25,303.8999938964844,933.72998046875,139.20199584960938,39.06999969482422,41.06999969482422,63.27000045776367,116.86000061035156,157.3000030517578,48.02000045776367,122.9800033569336,459.1000061035156,30.1299991607666,146.75999450683594,197.55999755859375,804.1500244140625,176.2100067138672,129.16000366210938,98.80999755859375,126.5999984741211,103.0,28.549999237060547,152.52999877929688,203.55999755859375,46.119998931884766,235.0,156.7100067138672,507.5199890136719,40.040000915527344,161.25999450683594,59.869998931884766,45.55500030517578,41.439998626708984,144.3300018310547,113.04000091552734,158.36000061035156,161.41000366210938,306.4200134277344,938.260009765625,139.97900390625,39.15999984741211,41.40999984741211,63.33000183105469,118.38999938964844,158.0800018310547,48.47999954223633,124.62999725341797,459.8399963378906,30.290000915527344,149.52999877929688,197.75,808.0,177.39999389648438,131.4499969482422,99.44999694824219,127.81999969482422,104.4489974975586,28.670000076293945,153.2899932861328,203.88999938964844,46.59000015258789,236.0399932861328,157.1999969482422,516.1099853515625,40.150001525878906,163.8800048828125,60.040000915527344,45.974998474121094,41.439998626708984,145.10000610351562,114.83999633789062,3691700,54868600,2425800,684900,16730000,22166300,17425600,9424600,2851100,4477700,4039100,3730900,1932200,42434500,9520600,7356200,1778100,1806000,5983800,3550500,14048900,429494000,22589100,1486400,13809900,6801000,2450100,11908200,2527800,6155900,1794500,9913000,19041400,23477300,3949500,12212900
2024-05-28,145.1654815673828,171.61000061035156,282.32293701171875,974.9557495117188,138.41757202148438,37.52810287475586,36.7564811706543,59.06733322143555,111.65921020507812,146.01507568359375,46.1585578918457,117.890625,440.75445556640625,30.86421012878418,137.2003173828125,191.2584686279297,796.7324829101562,171.90521240234375,118.1678466796875,93.3613510131836,131.74588012695312,113.8367691040039,24.793766021728516,142.10696411132812,204.11183166503906,43.985069274902344,239.4740447998047,155.28729248046875,482.15582275390625,36.44347381591797,153.59156799316406,56.83674621582031,43.29594802856445,39.90281677246094,137.94357299804688,107.56121826171875,155.33999633789062,171.61000061035156,300.19000244140625,991.8499755859375,141.2449951171875,39.31999969482422,40.4900016784668,62.45000076293945,118.95999908447266,159.0399932861328,48.90999984741211,125.8499984741211,459.80999755859375,31.059999465942383,144.3800048828125,199.5,807.8599853515625,179.16000366210938,126.08999633789062,98.66999816894531,132.6699981689453,113.9010009765625,28.299999237060547,152.33999633789062,213.0800018310547,46.529998779296875,242.58999633789062,159.41000366210938,503.67999267578125,39.77000045776367,163.57000732421875,59.47999954223633,46.154998779296875,41.150001525878906,142.6699981689453,114.86000061035156,156.35000610351562,174.5500030517578,303.510009765625,992.8800048828125,141.71800231933594,39.7400016784668,41.33000183105469,63.56999969482422,119.2300033569336,159.4199981689453,48.970001220703125,126.0999984741211,463.69000244140625,31.3700008392334,146.7899932861328,200.41000366210938,809.0,180.63999938964844,129.0800018310547,99.45999908447266,133.3000030517578,114.93900299072266,28.8799991607666,154.72999572753906,217.42999267578125,47.22999954223633,243.6300048828125,160.3800048828125,506.6499938964844,40.709999084472656,165.1199951171875,60.18000030517578,46.275001525878906,41.52000045776367,144.10000610351562,115.11000061035156,153.9499969482422,164.9600067138672,298.30999755859375,965.25,139.25399780273438,39.11000061035156,40.380001068115234,62.349998474121094,117.7300033569336,157.9499969482422,48.349998474121094,123.66000366210938,458.9100036621094,30.65999984741211,144.14999389648438,198.66000366210938,788.25,177.94000244140625,125.73999786376953,98.4000015258789,129.27000427246094,109.88300323486328,28.1299991607666,152.27000427246094,211.3000030517578,46.31999969482422,238.85000610351562,157.60000610351562,501.8999938964844,39.650001525878906,162.69000244140625,59.189998626708984,45.72999954223633,41.0,142.07000732421875,113.06999969482422,156.35000610351562,169.4199981689453,303.1099853515625,972.7999877929688,141.0,39.650001525878906,41.220001220703125,63.22999954223633,117.83000183105469,158.1199951171875,48.369998931884766,123.9000015258789,459.94000244140625,30.940000534057617,146.7899932861328,199.86000061035156,809.0,177.94000244140625,128.83999633789062,98.43000030517578,131.75999450683594,110.24400329589844,28.799999237060547,154.3300018310547,217.22999572753906,46.540000915527344,241.35000610351562,159.67999267578125,506.6499938964844,40.61000061035156,163.25,59.970001220703125,45.845001220703125,41.52000045776367,144.10000610351562,113.5199966430664,5533500,66495400,2636700,1184000,22919000,31217900,14674500,8404400,3830700,6928300,5336400,3800000,1930800,36799100,10499800,6910200,2483500,2381000,10263400,5541600,14143000,652728000,32371200,1224000,12485400,10387400,2824200,13964400,2912800,7657200,1912700,11276300,28904200,31004900,8375100,13978300
2024-05-29,144.65150451660156,165.13999938964844,278.73028564453125,941.5643310546875,136.28317260742188,36.9554443359375,36.538604736328125,58.651153564453125,108.1769027709961,144.05032348632812,44.535316467285156,114.20919036865234,438.223876953125,29.94007110595703,137.25732421875,189.92591857910156,800.3517456054688,165.47650146484375,117.98978424072266,92.03667449951172,130.66346740722656,114.7602310180664,24.37323760986328,141.0062255859375,199.49468994140625,43.14375305175781,234.52838134765625,150.34841918945312,464.0060729980469,35.7745246887207,146.19224548339844,56.139190673828125,42.53144073486328,39.58282470703125,136.87034606933594,106.40937805175781,154.7899932861328,165.13999938964844,296.3699951171875,957.8800048828125,139.06700134277344,38.720001220703125,40.25,62.0099983215332,115.25,156.89999389648438,47.189998626708984,121.91999816894531,457.1700134277344,30.1299991607666,144.44000244140625,198.11000061035156,811.530029296875,172.4600067138672,125.9000015258789,97.2699966430664,131.5800018310547,114.82499694824219,27.81999969482422,151.16000366210938,208.25999450683594,45.63999938964844,237.5800018310547,154.33999633789062,484.7200012207031,39.040000915527344,155.69000244140625,58.75,45.34000015258789,40.81999969482422,141.55999755859375,113.62999725341797,156.3800048828125,168.47999572753906,299.05999755859375,965.5,139.91000366210938,38.900001525878906,40.70000076293945,62.18000030517578,117.66000366210938,158.49000549316406,48.720001220703125,126.0,458.739990234375,30.670000076293945,145.4199981689453,198.99000549316406,815.6099853515625,178.99000549316406,126.44999694824219,97.69999694824219,133.10000610351562,115.49199676513672,28.170000076293945,152.3000030517578,210.66000366210938,46.41999816894531,239.17999267578125,156.8800048828125,493.8999938964844,39.15999984741211,162.47999572753906,58.939998626708984,46.064998626708984,40.95000076293945,141.72999572753906,114.55000305175781,153.67999267578125,162.91000366210938,295.80999755859375,955.9400024414062,138.3000030517578,38.560001373291016,39.939998626708984,61.20000076293945,113.80999755859375,156.44000244140625,46.560001373291016,121.18000030517578,451.6499938964844,30.110000610351562,143.7100067138672,196.88999938964844,802.0900268554688,172.3300018310547,125.27999877929688,96.47000122070312,129.89999389648438,110.9010009765625,27.690000534057617,149.1300048828125,206.6999969482422,45.40999984741211,237.25999450683594,153.2100067138672,473.2699890136719,38.63999938964844,154.91000366210938,58.41999816894531,45.1349983215332,40.70000076293945,140.9499969482422,112.80999755859375,154.88999938964844,167.4600067138672,299.0400085449219,961.5499877929688,139.91000366210938,38.84000015258789,40.279998779296875,61.560001373291016,117.5999984741211,158.02000427246094,48.65999984741211,125.97000122070312,454.8399963378906,30.469999313354492,143.82000732421875,198.0,803.0,178.8000030517578,126.13999938964844,97.37000274658203,130.0,113.05000305175781,28.15999984741211,150.11000061035156,208.64999389648438,46.0,238.1300048828125,156.75,492.3399963378906,39.15999984741211,162.47999572753906,58.869998931884766,46.025001525878906,40.81999969482422,141.4499969482422,114.52999877929688,4254500,56537500,2475900,902000,26861000,26677500,16492500,7224200,14290900,5909600,10321600,5506300,2315700,35848600,8263800,6120000,2380000,2624400,8527800,4679600,11242500,557442000,24241700,1832900,12552500,13138900,2061100,15780000,7521600,6229500,3774100,12835000,30053600,40620200,6838200,13902000
2024-05-30,146.07192993164062,166.75,283.0846862792969,949.6640014648438,133.6774139404297,36.86955261230469,36.538604736328125,58.57549285888672,106.60938262939453,145.2989501953125,44.912818908691406,114.518310546875,434.1832580566406,29.99969482421875,138.0555419921875,191.09552001953125,803.8331909179688,165.0447540283203,116.70586395263672,91.99884033203125,125.41033172607422,110.43768310546875,24.706159591674805,143.580810546875,196.98431396484375,43.09648513793945,232.89956665039062,149.00411987304688,461.0672607421875,36.086097717285156,142.67503356933594,56.57874298095703,42.653385162353516,39.7961540222168,136.93804931640625,106.74649810791016,156.30999755859375,166.75,301.0,966.1199951171875,136.4080047607422,38.630001068115234,40.25,61.93000030517578,113.58000183105469,158.25999450683594,47.59000015258789,122.25,450.2300109863281,30.190000534057617,145.27999877929688,199.3300018310547,815.0599975585938,172.00999450683594,124.52999877929688,97.2300033569336,126.29000091552734,110.5,28.200000762939453,153.9199981689453,204.8000030517578,45.59000015258789,235.92999267578125,152.9600067138672,481.6499938964844,39.380001068115234,150.89999389648438,59.209999084472656,45.470001220703125,41.040000915527344,141.6300048828125,113.98999786376953,156.42999267578125,168.75,303.57000732421875,969.1500244140625,138.2779998779297,39.119998931884766,40.599998474121094,62.47999954223633,116.37999725341797,158.4600067138672,47.689998626708984,123.23999786376953,455.8599853515625,30.5,145.61000061035156,199.85000610351562,819.989990234375,175.32000732421875,127.8499984741211,97.80999755859375,131.6699981689453,115.81900024414062,28.200000762939453,154.7899932861328,209.3699951171875,46.18000030517578,238.3300018310547,154.0500030517578,486.0299987792969,39.54999923706055,156.02999877929688,59.38999938964844,45.6349983215332,41.130001068115234,142.13999938964844,114.12999725341797,153.5800018310547,163.8000030517578,295.489990234375,952.7999877929688,135.56399536132812,37.59000015258789,39.90999984741211,61.61000061035156,112.93000030517578,156.80999755859375,47.189998626708984,121.37999725341797,447.6000061035156,30.059999465942383,144.02000427246094,198.39999389648438,806.1099853515625,171.0,122.69999694824219,96.58999633789062,125.69999694824219,109.66300201416016,27.790000915527344,151.63999938964844,203.82000732421875,45.45000076293945,234.69000244140625,151.88999938964844,478.0,38.7599983215332,150.60000610351562,58.599998474121094,45.224998474121094,40.7599983215332,140.67999267578125,112.95999908447266,154.64999389648438,167.89999389648438,297.17999267578125,957.0,137.89999389648438,38.72999954223633,40.13999938964844,62.099998474121094,115.69999694824219,156.85000610351562,47.189998626708984,121.91999816894531,453.0,30.209999084472656,144.6199951171875,198.55999755859375,812.7899780273438,172.0,125.9800033569336,97.69000244140625,130.3000030517578,114.6500015258789,27.90999984741211,152.50999450683594,208.0,45.599998474121094,237.64999389648438,153.58999633789062,482.32000732421875,39.400001525878906,154.0,58.81999969482422,45.2400016784668,40.86000061035156,140.99000549316406,113.2699966430664,4311100,46367000,2727100,846500,21717000,50989100,16111400,10061500,9914300,6369600,6067500,3004400,2135000,33351000,8490300,6829100,1984600,2569900,13000300,4548800,12639700,484553000,23298600,2865700,12245300,14337100,1536800,9687800,5169700,6229100,3969200,13580800,22731400,32769300,7395500,14683700
2024-05-31,150.67904663085938,166.89999389648438,287.6460876464844,943.9922485351562,130.1955108642578,38.167572021484375,37.301151275634766,58.934913635253906,109.3314208984375,149.0081024169922,46.319000244140625,116.67285919189453,440.24896240234375,30.655534744262695,139.3764190673828,194.25918579101562,809.04052734375,169.4584503173828,117.65240478515625,92.57599639892578,124.12931060791016,109.57115936279297,25.10916519165039,146.81773376464844,196.262939453125,43.38007736206055,231.00421142578125,147.13375854492188,474.20098876953125,37.158226013183594,148.5749053955078,57.257198333740234,43.71338653564453,40.377967834472656,138.93943786621094,109.8087158203125,161.24000549316406,166.89999389648438,305.8500061035156,960.3499755859375,132.85499572753906,39.9900016784668,41.09000015258789,62.310001373291016,116.4800033569336,162.3000030517578,49.08000183105469,124.55000305175781,456.5199890136719,30.850000381469727,146.6699981689453,202.6300048828125,820.3400268554688,176.61000061035156,125.54000091552734,97.83999633789062,125.0,109.63300323486328,28.65999984741211,157.38999938964844,204.0500030517578,45.88999938964844,234.00999450683594,151.0399932861328,495.3699951171875,40.54999923706055,157.13999938964844,59.91999816894531,46.599998474121094,41.63999938964844,143.6999969482422,117.26000213623047,161.63999938964844,169.5,305.8999938964844,980.0,136.2550048828125,40.08000183105469,41.15999984741211,62.38999938964844,116.54000091552734,162.5800018310547,49.08000183105469,124.73999786376953,456.7699890136719,30.959999084472656,147.47999572753906,203.3000030517578,826.2100219726562,177.52999877929688,126.61000061035156,97.95999908447266,127.31999969482422,112.71700286865234,28.75,157.6199951171875,209.0500030517578,46.029998779296875,237.36000061035156,152.5,498.4100036621094,40.599998474121094,157.33999633789062,59.9900016784668,46.6349983215332,41.68000030517578,143.77999877929688,117.48999786376953,156.1999969482422,160.07000732421875,299.5,932.9299926757812,130.7259979248047,38.65999984741211,40.130001068115234,61.439998626708984,113.7699966430664,158.50999450683594,47.650001525878906,122.54000091552734,448.1199951171875,29.940000534057617,145.19000244140625,198.35000610351562,811.0999755859375,172.1699981689453,124.55000305175781,96.4000015258789,121.01000213623047,106.94000244140625,28.239999771118164,153.6699981689453,198.7100067138672,45.459999084472656,227.5,147.80999755859375,482.4100036621094,39.529998779296875,151.1999969482422,58.970001220703125,45.505001068115234,41.0,141.91000366210938,113.98999786376953,156.64999389648438,166.64999389648438,302.010009765625,971.8099975585938,136.13600158691406,38.70000076293945,40.25,62.0,113.86000061035156,158.6300048828125,47.7400016784668,122.54000091552734,449.760009765625,30.219999313354492,145.57000732421875,199.3000030517578,818.7999877929688,172.4199981689453,125.12999725341797,97.33000183105469,126.3499984741211,112.5199966430664,28.34000015258789,154.3000030517578,208.0,45.65999984741211,236.77999877929688,151.47999572753906,482.4100036621094,39.650001525878906,151.47999572753906,59.27000045776367,45.54999923706055,41.119998931884766,142.0800018310547,114.12000274658203,15664400,64331900,4488900,1040400,73091000,58188400,29396300,17351600,13830200,10334200,15249200,4082400,2638300,95797500,14621200,14417900,4472100,3935600,18150500,7155500,24153800,613263000,78290100,2894500,15064900,41723600,2991000,13782600,6694800,9153500,4902500,25386600,32503000,38664000,7945900,29037400
2024-06-03,149.6977996826172,163.5500030517578,289.12261962890625,949.0348510742188,129.5438232421875,38.06258010864258,37.91844940185547,58.5660285949707,106.881591796875,144.5644989013672,44.43149948120117,112.07337188720703,438.7638854980469,30.099063873291016,140.39320373535156,193.4826202392578,819.81005859375,167.67379760742188,120.3514404296875,92.16914367675781,127.2772216796875,114.93514251708984,25.678634643554688,144.59762573242188,198.0519256591797,41.65961837768555,231.37936401367188,150.94264221191406,476.1824951171875,36.406822204589844,145.54931640625,56.70296859741211,42.56896209716797,40.1258430480957,139.91600036621094,107.17726135253906,160.19000244140625,163.5500030517578,307.4200134277344,965.47998046875,132.19000244140625,39.880001068115234,41.77000045776367,61.91999816894531,113.87000274658203,157.4600067138672,47.08000183105469,119.63999938964844,454.9800109863281,30.290000915527344,147.74000549316406,201.82000732421875,831.260009765625,174.75,128.4199981689453,97.41000366210938,128.1699981689453,115.0,29.309999465942383,155.00999450683594,205.91000366210938,44.06999969482422,234.38999938964844,154.9499969482422,497.44000244140625,39.72999954223633,153.94000244140625,59.34000015258789,45.380001068115234,41.380001068115234,144.7100067138672,114.44999694824219,163.19000244140625,171.0800018310547,311.4800109863281,972.260009765625,135.3000030517578,40.189998626708984,42.38999938964844,63.0,116.43000030517578,161.67999267578125,48.84000015258789,124.4000015258789,458.8699951171875,31.06999969482422,148.89999389648438,202.4199981689453,838.280029296875,176.5399932861328,128.9499969482422,98.16000366210938,128.83999633789062,115.0,29.530000686645508,158.35000610351562,210.97999572753906,46.150001525878906,237.9499969482422,157.14999389648438,498.67999267578125,40.79999923706055,157.17999267578125,60.20000076293945,46.459999084472656,41.68000030517578,145.13999938964844,116.36000061035156,158.8300018310547,160.91000366210938,303.8500061035156,948.3900146484375,130.2530059814453,39.36000061035156,41.130001068115234,61.31999969482422,112.95999908447266,156.4600067138672,46.93000030517578,118.4000015258789,450.20001220703125,30.049999237060547,146.77000427246094,199.19000244140625,818.5,172.86000061035156,125.7699966430664,96.52999877929688,125.1500015258789,112.00299835205078,28.639999389648438,153.2899932861328,202.41000366210938,43.810001373291016,230.1999969482422,152.4600067138672,493.07000732421875,39.310001373291016,152.22999572753906,58.599998474121094,45.04499816894531,41.02000045776367,143.35000610351562,113.76000213623047,160.0,170.82000732421875,306.7900085449219,969.3400268554688,135.27000427246094,40.040000915527344,41.15999984741211,62.91999816894531,116.26000213623047,161.49000549316406,48.790000915527344,124.19999694824219,458.8699951171875,31.030000686645508,147.25,202.30999755859375,823.8300170898438,176.3699951171875,125.7699966430664,98.16000366210938,128.1300048828125,113.62100219726562,28.65999984741211,158.0,209.55999755859375,46.150001525878906,237.8000030517578,155.1199951171875,494.1300048828125,40.7599983215332,157.0500030517578,60.20000076293945,46.44499969482422,41.630001068115234,143.60000610351562,116.30000305175781,4467800,59157600,2447400,752800,26278000,31898600,13678700,11373900,7129500,9009900,8211700,3239500,1930700,35544900,7329200,6444300,2537200,2513900,7702500,5671200,16134300,438392000,38177200,1450700,12419500,15482100,1815900,12924400,2795100,6361800,2887600,13206500,40796600,37855000,10303300,19589300
2024-06-04,151.52008056640625,159.99000549316406,289.0755615234375,934.61474609375,130.41798400878906,37.871700286865234,37.90029525756836,57.724239349365234,105.37977600097656,143.3433837890625,44.025699615478516,112.22327423095703,439.0724792480469,29.8407039642334,140.4502410888672,190.93252563476562,821.121826171875,168.16311645507812,120.62324523925781,91.38379669189453,125.75788879394531,116.37133026123047,25.836334228515625,143.80470275878906,196.57069396972656,41.03571319580078,229.57286071777344,148.5267791748047,483.88848876953125,35.70122146606445,146.91082763671875,56.09141540527344,42.16090393066406,39.94160079956055,140.3220977783203,105.51038360595703,162.13999938964844,159.99000549316406,307.3699951171875,950.8099975585938,133.08200073242188,39.68000030517578,41.75,61.029998779296875,112.2699966430664,156.1300048828125,46.650001525878906,119.80000305175781,455.29998779296875,30.030000686645508,147.8000030517578,199.16000366210938,832.5900268554688,175.25999450683594,128.7100067138672,96.58000183105469,126.63999938964844,116.43699645996094,29.489999771118164,154.16000366210938,204.3699951171875,43.40999984741211,232.55999755859375,152.47000122070312,505.489990234375,38.959999084472656,155.3800048828125,58.70000076293945,44.94499969482422,41.189998626708984,145.1300048828125,112.66999816894531,162.80999755859375,164.8300018310547,310.9200134277344,963.7100219726562,133.19900512695312,40.13999938964844,42.08000183105469,62.029998779296875,113.0,156.35000610351562,46.709999084472656,120.04000091552734,457.7099914550781,30.75,148.30999755859375,201.97999572753906,835.469970703125,175.94000244140625,129.36000061035156,97.55000305175781,127.86000061035156,116.5999984741211,29.729999542236328,155.38999938964844,206.22999572753906,43.86000061035156,234.36000061035156,153.7899932861328,508.2699890136719,39.869998931884766,156.63999938964844,59.47999954223633,44.98500061035156,41.5,145.52999877929688,113.08999633789062,159.77000427246094,158.8699951171875,307.04998779296875,943.0,130.7010040283203,39.41999816894531,41.38999938964844,60.7599983215332,111.30000305175781,154.11000061035156,45.900001525878906,117.4000015258789,449.2099914550781,29.940000534057617,146.19000244140625,198.27999877929688,825.3099975585938,171.4199981689453,126.87999725341797,95.66999816894531,125.41999816894531,114.04499816894531,29.170000076293945,153.0399932861328,201.66000366210938,42.959999084472656,230.7899932861328,150.99000549316406,494.5899963378906,38.900001525878906,151.75999450683594,58.34000015258789,44.349998474121094,41.0,144.0399932861328,110.91999816894531,160.19000244140625,162.83999633789062,308.0,962.239990234375,132.0399932861328,39.619998931884766,41.75,61.02000045776367,112.80000305175781,155.72000122070312,46.54999923706055,118.44999694824219,450.5,30.75,147.47999572753906,200.16000366210938,834.0,173.17999267578125,127.1500015258789,96.25,127.3499984741211,115.71600341796875,29.299999237060547,153.3300018310547,205.91000366210938,43.75,234.0,153.39999389648438,498.55999755859375,39.349998474121094,152.5800018310547,58.81999969482422,44.90999984741211,41.15999984741211,144.5800018310547,113.0,4215500,48157200,1830200,765400,23048000,26974200,12230000,10424200,7683600,6360500,7669700,4499200,1835000,51027200,8876400,6848300,1748300,2319000,6440100,5409600,12995500,403324000,46309500,2098900,6629100,15700900,2246900,10066700,3178400,9953400,2997200,12520700,34721400,27586400,6964200,19412200
2024-06-05,154.60394287109375,166.1699981689453,289.0850524902344,1023.602783203125,138.4802703857422,38.13893127441406,37.43732452392578,58.42416000366211,105.34223937988281,142.28758239746094,43.997379302978516,112.70100402832031,445.22509765625,30.585975646972656,138.7112274169922,189.1110076904297,820.30322265625,166.87741088867188,121.31673431396484,91.45950317382812,132.7786407470703,122.3709487915039,25.888898849487305,144.21514892578125,203.8133544921875,41.09755325317383,239.61224365234375,158.70652770996094,481.6197814941406,35.811187744140625,145.6438751220703,56.072303771972656,42.15621566772461,40.0579719543457,140.96022033691406,105.93179321289062,165.44000244140625,166.1699981689453,307.3800048828125,1041.3399658203125,141.3090057373047,39.959999084472656,41.2400016784668,61.77000045776367,112.2300033569336,154.97999572753906,46.619998931884766,120.30999755859375,461.67999267578125,30.780000686645508,145.97000122070312,197.25999450683594,831.760009765625,173.9199981689453,129.4499969482422,96.66000366210938,133.7100067138672,122.44000244140625,29.549999237060547,154.60000610351562,211.89999389648438,43.20000076293945,242.72999572753906,162.9199981689453,503.1199951171875,39.08000183105469,154.0399932861328,58.68000030517578,44.939998626708984,41.310001373291016,145.7899932861328,113.12000274658203,165.97999572753906,167.1199951171875,310.30999755859375,1041.56005859375,141.43499755859375,39.9900016784668,41.68000030517578,61.86000061035156,112.44999694824219,157.02000427246094,46.880001068115234,120.3499984741211,463.0199890136719,30.84000015258789,147.99000549316406,199.82000732421875,838.4500122070312,176.91000366210938,129.94000244140625,97.61000061035156,133.8699951171875,122.4489974975586,29.6200008392334,155.22000122070312,212.5,43.720001220703125,242.88999938964844,163.72999572753906,509.1000061035156,39.099998474121094,156.4499969482422,58.91999816894531,45.06999969482422,41.36000061035156,145.9499969482422,113.19000244140625,162.16000366210938,161.3800048828125,306.3999938964844,1008.9000244140625,134.0540008544922,39.52000045776367,40.91999816894531,60.93000030517578,111.30000305175781,154.52999877929688,46.33000183105469,119.0,457.5,30.010000228881836,145.85000610351562,196.9199981689453,817.6199951171875,173.5,128.07000732421875,96.5,127.6500015258789,117.46800231933594,29.170000076293945,153.5,205.3699951171875,42.779998779296875,235.86000061035156,157.9499969482422,498.79998779296875,38.31999969482422,152.8800048828125,58.130001068115234,44.665000915527344,41.0099983215332,144.49000549316406,111.4800033569336,162.89999389648438,162.07000732421875,307.79998779296875,1019.3499755859375,134.60000610351562,39.81999969482422,41.68000030517578,61.279998779296875,112.05999755859375,156.16000366210938,46.7599983215332,119.87999725341797,457.54998779296875,30.270000457763672,147.97000122070312,199.75999450683594,830.489990234375,176.16000366210938,128.47999572753906,96.83999633789062,128.8000030517578,118.37100219726562,29.559999465942383,154.89999389648438,206.92999267578125,43.619998931884766,236.6999969482422,158.58999633789062,508.70001220703125,39.06999969482422,156.4499969482422,58.86000061035156,45.0,41.31999969482422,145.3000030517578,112.88999938964844,5100500,60507500,1748600,2586500,32947000,34140300,12401200,8780700,5119100,7058500,5293700,3406600,1678900,44161700,5891300,8351600,2169000,2148500,5009400,4499700,22301800,528402000,27346700,1219100,11626300,10660500,3749400,23192600,2464400,12487800,1939200,11199100,21040200,23817300,5373400,14863500
2024-06-06,157.5289306640625,166.77999877929688,287.49560546875,1034.6807861328125,137.3219451904297,37.89078140258789,37.11051940917969,58.58494186401367,105.31407928466797,143.15977478027344,44.12949752807617,113.5440902709961,441.7726745605469,30.22824478149414,139.1388397216797,188.7754669189453,825.7569580078125,168.6140899658203,122.31951904296875,91.63927459716797,129.16400146484375,120.92976379394531,25.231822967529297,144.56028747558594,201.4472198486328,41.53516387939453,237.64779663085938,157.87850952148438,480.4710388183594,35.75621032714844,147.27957153320312,55.16451644897461,42.37665939331055,40.03858184814453,141.42433166503906,106.727783203125,168.57000732421875,166.77999877929688,305.69000244140625,1052.6099853515625,140.1269989013672,39.70000076293945,40.880001068115234,61.939998626708984,112.19999694824219,155.92999267578125,46.7599983215332,121.20999908447266,458.1000061035156,30.420000076293945,146.4199981689453,196.91000366210938,837.2899780273438,175.72999572753906,130.52000427246094,96.8499984741211,130.07000732421875,120.99800109863281,28.799999237060547,154.97000122070312,209.44000244140625,43.65999984741211,240.74000549316406,162.07000732421875,501.9200134277344,39.02000045776367,155.77000427246094,57.72999954223633,45.17499923706055,41.290000915527344,146.27000427246094,113.97000122070312,168.8800048828125,169.50999450683594,310.010009765625,1054.43994140625,142.2689971923828,40.0,41.290000915527344,62.04999923706055,112.4000015258789,156.02000427246094,46.88999938964844,121.29000091552734,464.5199890136719,30.59000015258789,147.0,198.02000427246094,846.969970703125,176.83999633789062,130.92999267578125,97.44999694824219,134.1300048828125,125.58699798583984,29.540000915527344,155.7899932861328,212.24000549316406,43.75,242.97000122070312,164.6999969482422,504.70001220703125,39.36000061035156,156.16000366210938,59.0,45.189998626708984,41.5,146.5800018310547,114.04000091552734,164.35000610351562,163.86000061035156,304.30999755859375,1032.989990234375,138.82400512695312,39.41999816894531,40.70000076293945,61.25,111.54000091552734,153.38999938964844,46.31999969482422,119.5999984741211,457.010009765625,30.15999984741211,144.66000366210938,195.3300018310547,831.8800048828125,173.16000366210938,128.89999389648438,96.26000213623047,129.17999267578125,118.31999969482422,28.790000915527344,154.1999969482422,208.7899932861328,42.77000045776367,238.94000244140625,160.36000061035156,497.2799987792969,38.75,152.99000549316406,57.5,44.6150016784668,41.130001068115234,145.17999267578125,112.11000061035156,165.49000549316406,165.4600067138672,306.9200134277344,1048.0,142.18699645996094,39.90999984741211,40.86000061035156,61.79999923706055,111.7699966430664,154.5,46.540000915527344,120.30000305175781,461.82000732421875,30.549999237060547,145.5,197.25999450683594,834.8800048828125,173.47000122070312,129.16000366210938,96.4800033569336,133.83999633789062,124.0479965209961,29.360000610351562,154.55999755859375,211.89999389648438,43.06999969482422,242.97000122070312,164.52000427246094,503.6499938964844,39.08000183105469,153.86000061035156,58.779998779296875,44.78499984741211,41.380001068115234,145.67999267578125,112.75,5186700,47153700,1927900,1370700,20172000,38676400,10282800,8537900,5355200,5215100,4095100,3399700,1598000,34248100,5016300,7640300,2109000,2229100,8088500,4741200,15505000,664696000,35360400,1290600,7597200,10522200,2261300,14819100,2419600,6331800,1981000,18587400,25506600,39040200,5425800,13154100
2024-06-07,158.32325744628906,167.8699951171875,286.86541748046875,1010.9028930664062,137.8481903076172,38.19805908203125,37.65519332885742,58.43361282348633,105.12635803222656,143.29751586914062,44.15781784057617,112.58859252929688,438.69635009765625,30.546226501464844,139.76602172851562,191.6898651123047,838.2821655273438,168.00962829589844,122.4600830078125,91.91365814208984,130.02792358398438,120.81981658935547,25.039077758789062,145.4091796875,198.73486328125,42.3818473815918,236.93704223632812,160.1385040283203,469.720947265625,35.75621032714844,146.0126190185547,55.76652526855469,42.20780944824219,40.222816467285156,141.5790252685547,105.58529663085938,169.4199981689453,167.8699951171875,305.0199890136719,1028.4200439453125,140.66400146484375,39.779998779296875,41.47999954223633,61.779998779296875,112.0,156.0800018310547,46.790000915527344,120.19000244140625,454.9100036621094,30.739999771118164,147.0800018310547,199.9499969482422,849.989990234375,175.10000610351562,130.6699981689453,97.13999938964844,130.94000244140625,120.88800048828125,28.579999923706055,155.8800048828125,206.6199951171875,44.54999923706055,240.02000427246094,164.38999938964844,490.69000244140625,39.02000045776367,154.42999267578125,58.36000061035156,44.994998931884766,41.47999954223633,146.42999267578125,112.75,170.33999633789062,169.4499969482422,307.9599914550781,1043.739990234375,142.5,39.959999084472656,41.58000183105469,62.59000015258789,112.79000091552734,157.69000244140625,47.16999816894531,122.08999633789062,461.1600036621094,30.780000686645508,148.3000030517578,200.9199981689453,856.8099975585938,178.1699981689453,131.3699951171875,97.68000030517578,132.5399932861328,121.69200134277344,29.049999237060547,156.6999969482422,209.8000030517578,44.720001220703125,241.5500030517578,166.1199951171875,502.8599853515625,39.369998931884766,156.58999633789062,58.68000030517578,45.52000045776367,41.709999084472656,147.16000366210938,114.9000015258789,167.7899932861328,165.86000061035156,304.4800109863281,1026.52001953125,139.70199584960938,39.279998779296875,40.77000045776367,61.58000183105469,111.1500015258789,155.1300048828125,46.25,120.05000305175781,454.5,30.209999084472656,146.33999633789062,197.00999450683594,837.010009765625,174.25,130.2100067138672,95.93000030517578,129.6199951171875,118.02200317382812,28.549999237060547,153.75,204.88999938964844,43.36000061035156,238.35000610351562,161.9600067138672,490.4200134277344,38.70000076293945,153.0,57.56999969482422,44.775001525878906,41.220001220703125,145.9600067138672,112.66999816894531,169.0,166.58999633789062,306.7200012207031,1040.25,140.7779998779297,39.279998779296875,40.849998474121094,61.599998474121094,111.97000122070312,155.7100067138672,46.45000076293945,121.0,455.44000244140625,30.25,146.67999267578125,197.42999267578125,837.760009765625,175.42999267578125,130.35000610351562,96.12000274658203,130.2100067138672,119.7699966430664,28.75,153.75,209.72999572753906,43.43000030517578,240.83999633789062,163.57000732421875,502.0400085449219,38.709999084472656,155.22999572753906,57.56999969482422,45.09000015258789,41.29999923706055,146.1300048828125,113.79000091552734,3781700,44796000,1925000,936200,17859000,25928700,13665500,8260800,4375700,5887700,6467600,2494300,1736100,34085500,5111600,6964500,2468800,1908800,4945600,4018400,12139500,412386000,27526200,698800,5714400,15023100,2052600,14023300,3416300,8218100,1979600,14466700,20089800,42273300,5222300,13289200
2024-06-10,159.29515075683594,160.33999633789062,286.58331298828125,1023.9664916992188,141.16346740722656,38.09243392944336,38.644683837890625,58.10257339477539,106.34656524658203,143.90345764160156,44.4692497253418,113.9000473022461,437.38482666015625,30.71515464782715,139.81353759765625,191.36392211914062,853.08544921875,167.28036499023438,123.22856903076172,91.20402526855469,133.8809051513672,121.72130584716797,24.592266082763672,142.43344116210938,201.3606719970703,42.79092025756836,240.35260009765625,163.8109893798828,473.84674072265625,35.508792877197266,146.1638946533203,55.35563278198242,42.52674865722656,40.06766128540039,142.10113525390625,105.89434051513672,170.4600067138672,160.33999633789062,304.7200012207031,1041.7099609375,144.0469970703125,39.66999816894531,42.56999969482422,61.43000030517578,113.30000305175781,156.74000549316406,47.119998931884766,121.58999633789062,453.54998779296875,30.90999984741211,147.1300048828125,199.61000061035156,865.0,174.33999633789062,131.49000549316406,96.38999938964844,134.82000732421875,121.79000091552734,28.06999969482422,152.69000244140625,209.35000610351562,44.97999954223633,243.47999572753906,168.16000366210938,495.0,38.75,154.58999633789062,57.93000030517578,45.334999084472656,41.31999969482422,146.97000122070312,113.08000183105469,170.75,165.5500030517578,305.5299987792969,1046.1199951171875,144.90499877929688,39.84000015258789,42.720001220703125,61.65999984741211,114.0,158.1999969482422,47.459999084472656,122.2699966430664,455.3599853515625,30.950000762939453,147.55999755859375,200.83999633789062,871.6300048828125,176.11000061035156,131.67999267578125,96.83000183105469,135.6699981689453,123.0999984741211,28.350000381469727,154.5,210.5800018310547,45.29999923706055,244.1699981689453,169.83999633789062,495.3900146484375,39.08000183105469,156.08999633789062,58.130001068115234,45.60499954223633,41.369998931884766,147.00999450683594,114.22000122070312,167.69000244140625,159.61000061035156,300.8900146484375,1013.9199829101562,140.91299438476562,39.209999084472656,41.36000061035156,60.7400016784668,111.97000122070312,156.32000732421875,46.529998779296875,119.75,450.29998779296875,30.290000915527344,145.60000610351562,198.44000244140625,849.3900146484375,172.89999389648438,129.64999389648438,95.41000366210938,129.7100067138672,117.01000213623047,27.6299991607666,150.97999572753906,204.55999755859375,43.939998626708984,237.8300018310547,162.4199981689453,486.19000244140625,38.29999923706055,152.67999267578125,57.369998931884766,44.994998931884766,41.04999923706055,145.6699981689453,112.69999694824219,169.0,162.47999572753906,304.54998779296875,1016.1400146484375,140.97999572753906,39.58000183105469,41.400001525878906,61.25,112.37999725341797,156.41000366210938,46.849998474121094,120.5999984741211,452.3299865722656,30.549999237060547,146.52999877929688,199.24000549316406,853.97998046875,175.0,130.6300048828125,96.62000274658203,129.7100067138672,120.37000274658203,28.350000381469727,154.14999389648438,205.2899932861328,44.54999923706055,238.16000366210938,164.0,491.0,38.650001525878906,154.0399932861328,57.900001525878906,45.165000915527344,41.29999923706055,146.1999969482422,113.05999755859375,4247500,67444600,1992800,1039500,31042000,37176200,13459200,9302300,5307300,7074700,6607300,1717500,1698600,37396500,5749900,6070800,3417500,2526000,6033700,4566000,14652100,313434100,36977900,1783400,6465100,12966600,1824300,12418900,3332800,10631400,2285300,12787500,22543800,31615200,5396700,15239700
2024-06-11,156.71591186523438,158.9600067138672,282.8025817871094,1018.363525390625,143.17831420898438,37.31464767456055,39.05318832397461,55.936614990234375,106.65631866455078,143.67393493652344,44.62968826293945,114.31222534179688,428.4355773925781,30.7250919342041,139.46192932128906,186.33082580566406,853.89404296875,167.39552307128906,123.55660247802734,90.2956771850586,134.12918090820312,120.85173797607422,24.557220458984375,140.1573486328125,200.56234741210938,42.77189636230469,240.55027770996094,161.4243927001953,475.0146179199219,35.23388671875,145.22784423828125,54.5911865234375,42.44232177734375,39.61191177368164,141.5113525390625,105.04215240478516,167.6999969482422,158.9600067138672,300.70001220703125,1036.010009765625,146.10299682617188,38.86000061035156,43.02000045776367,59.13999938964844,113.62999725341797,156.49000549316406,47.290000915527344,122.02999877929688,444.2699890136719,30.920000076293945,146.75999450683594,194.36000061035156,865.8200073242188,174.4600067138672,131.83999633789062,95.43000030517578,135.07000732421875,120.91000366210938,28.030000686645508,150.25,208.52000427246094,44.959999084472656,243.3699951171875,165.7100067138672,496.2200012207031,38.45000076293945,153.60000610351562,57.130001068115234,45.244998931884766,40.849998474121094,146.36000061035156,112.16999816894531,170.63999938964844,161.5399932861328,302.5799865722656,1038.9100341796875,146.50100708007812,39.349998474121094,43.04999923706055,60.790000915527344,113.6500015258789,156.75,47.33000183105469,122.05000305175781,451.8599853515625,31.030000686645508,147.16000366210938,197.94000244140625,882.1400146484375,175.1699981689453,132.1699981689453,96.45999908447266,135.85000610351562,122.87000274658203,28.329999923706055,151.39999389648438,209.4499969482422,45.08000183105469,243.7100067138672,168.41000366210938,497.7799987792969,38.81999969482422,153.8699951171875,57.75,45.29499816894531,41.13999938964844,146.86000061035156,112.66999816894531,167.4199981689453,156.9199981689453,299.79998779296875,1019.6900024414062,141.6230010986328,38.459999084472656,41.880001068115234,58.900001525878906,112.6500015258789,154.47999572753906,46.470001220703125,119.79000091552734,443.3800048828125,30.530000686645508,145.44000244140625,193.60000610351562,852.22998046875,171.27000427246094,129.74000549316406,94.7300033569336,131.77999877929688,118.73999786376953,27.889999389648438,148.0800018310547,204.77999877929688,44.27000045776367,239.5,163.7899932861328,490.2900085449219,37.810001373291016,151.0399932861328,56.5099983215332,44.720001220703125,40.650001525878906,145.72999572753906,111.30999755859375,170.25,160.5,302.2900085449219,1027.489990234375,143.82000732421875,39.33000183105469,42.529998779296875,60.77000045776367,113.19000244140625,156.1699981689453,46.84000015258789,120.69000244140625,451.0400085449219,30.770000457763672,146.80999755859375,197.91000366210938,882.1400146484375,173.25,131.0,96.45999908447266,135.32000732421875,121.7699966430664,27.950000762939453,151.39999389648438,207.14999389648438,44.58000183105469,241.89999389648438,168.17999267578125,490.8599853515625,38.689998626708984,153.19000244140625,57.75,45.1349983215332,41.119998931884766,146.86000061035156,112.48999786376953,3790200,40497100,1740200,789500,34844000,44629000,12637100,16966800,4181900,5132000,4211100,2063500,1938200,25326900,5661200,9235300,4109100,2097800,11453200,5330000,14125000,222551200,29573500,2732300,8197500,8300300,1662100,11508600,4599700,12501000,2083400,19197800,18591200,54584900,5194000,12462400
2024-06-12,155.2113800048828,160.24000549316406,283.15997314453125,1050.6539306640625,146.5572967529297,37.842777252197266,38.49943542480469,56.759490966796875,105.30469512939453,141.58981323242188,44.21444320678711,113.28180694580078,432.7077331542969,30.56610107421875,138.1790771484375,183.6177215576172,855.3536376953125,161.9263458251953,122.01960754394531,90.50382995605469,139.76959228515625,125.13966369628906,24.233060836791992,142.38681030273438,207.170166015625,42.534061431884766,247.330810546875,168.50636291503906,471.999267578125,35.99446105957031,140.29237365722656,54.753623962402344,41.987361907958984,39.573123931884766,141.2115936279297,103.88095092773438,166.08999633789062,160.24000549316406,301.0799865722656,1068.8599853515625,149.55099487304688,39.40999984741211,42.40999984741211,60.0099983215332,112.19000244140625,154.22000122070312,46.849998474121094,120.93000030517578,448.70001220703125,30.760000228881836,145.41000366210938,191.52999877929688,867.2999877929688,168.75999450683594,130.1999969482422,95.6500015258789,140.75,125.19999694824219,27.65999984741211,152.63999938964844,215.38999938964844,44.709999084472656,250.22999572753906,172.97999572753906,493.07000732421875,39.279998779296875,148.3800048828125,57.29999923706055,44.7599983215332,40.810001373291016,146.0500030517578,110.93000030517578,168.5399932861328,162.24000549316406,303.5400085449219,1077.219970703125,150.5800018310547,39.880001068115234,43.189998626708984,61.209999084472656,114.97000122070312,157.6300048828125,47.849998474121094,123.2300033569336,457.6400146484375,31.479999542236328,147.2100067138672,196.72000122070312,872.0,176.32000732421875,132.7100067138672,97.88999938964844,141.7100067138672,126.87999725341797,28.229999542236328,154.2899932861328,215.6199951171875,45.5,251.16000366210938,176.05999755859375,500.0,40.11000061035156,155.72000122070312,58.45000076293945,45.6349983215332,41.31999969482422,147.0399932861328,113.30000305175781,165.02999877929688,158.6199951171875,299.42999267578125,1055.6300048828125,147.63999938964844,39.099998474121094,42.220001220703125,59.900001525878906,111.55999755859375,152.39999389648438,46.560001373291016,120.1500015258789,446.19000244140625,30.389999389648438,144.77999877929688,191.30999755859375,853.8499755859375,168.13999938964844,130.16000366210938,95.5999984741211,136.8300018310547,122.56999969482422,27.559999465942383,152.02000427246094,210.8800048828125,44.66999816894531,247.1699981689453,171.5399932861328,487.4200134277344,39.130001068115234,147.4499969482422,57.15999984741211,44.53499984741211,40.75,145.6699981689453,110.54000091552734,167.8800048828125,160.32000732421875,301.2900085449219,1059.1500244140625,150.0,39.79999923706055,43.09000015258789,60.90999984741211,114.5,157.49000549316406,47.790000915527344,123.0999984741211,455.6000061035156,31.459999084472656,147.05999755859375,196.0,872.0,175.89999389648438,132.6999969482422,97.31999969482422,138.50999450683594,123.05999755859375,28.170000076293945,153.13999938964844,212.5,45.41999816894531,247.6999969482422,173.36000061035156,500.0,39.61000061035156,154.60000610351562,58.279998779296875,45.619998931884766,41.27000045776367,146.99000549316406,113.30000305175781,4725600,48325800,1640100,978400,56697000,38964700,9433200,15398500,8650100,10017400,5105200,2129600,1733000,51323900,6180500,12751300,2594600,3080300,5822000,5435700,16973600,299595000,32507900,1669500,9502800,8142100,3101600,20309500,4048200,10299900,3793300,16929800,32560600,46399800,6522700,13606800
2024-06-13,155.65060424804688,159.89999389648438,280.7335510253906,1034.779052734375,164.5380096435547,37.69873809814453,37.65519332885742,56.96757125854492,104.08448028564453,140.32284545898438,43.185760498046875,111.56752014160156,430.4415283203125,30.26799201965332,138.21707153320312,185.65972900390625,871.1629028320312,163.60545349121094,121.24176788330078,90.0875015258789,142.1429443359375,129.5475311279297,24.224300384521484,141.55657958984375,209.497802734375,41.6778678894043,250.01927185058594,168.9695587158203,476.0484313964844,35.97612762451172,141.65390014648438,54.7249641418457,41.60276412963867,39.54402542114258,141.09555053710938,103.0475082397461,166.55999755859375,159.89999389648438,298.5,1052.7099609375,167.8990020751953,39.2599983215332,41.47999954223633,60.22999954223633,110.88999938964844,152.83999633789062,45.7599983215332,119.0999984741211,446.3500061035156,30.459999084472656,145.4499969482422,193.66000366210938,883.3300170898438,170.50999450683594,129.3699951171875,95.20999908447266,143.13999938964844,129.61000061035156,27.649999618530273,151.75,217.80999755859375,43.810001373291016,252.9499969482422,172.91000366210938,497.29998779296875,39.2599983215332,149.82000732421875,57.27000045776367,44.349998474121094,40.779998779296875,145.92999267578125,110.04000091552734,166.89999389648438,162.66000366210938,299.3399963378906,1061.0,173.5850067138672,39.349998474121094,42.63999938964844,60.369998931884766,112.16999816894531,154.08999633789062,46.70000076293945,120.83000183105469,448.32000732421875,30.579999923706055,146.0,194.5800018310547,885.0599975585938,172.10000610351562,130.1199951171875,95.55000305175781,144.22000122070312,129.8000030517578,27.719999313354492,152.66000366210938,218.36000061035156,44.68000030517578,254.0800018310547,174.07000732421875,502.0,39.5,151.38999938964844,57.619998931884766,44.76499938964844,40.81999969482422,146.1699981689453,110.86000061035156,165.0,157.30999755859375,295.29998779296875,1038.739990234375,165.2519989013672,38.93000030517578,41.06999969482422,59.150001525878906,110.08999633789062,152.22999572753906,45.66999816894531,118.12999725341797,442.1499938964844,30.139999389648438,143.8800048828125,190.8800048828125,861.5,167.9499969482422,128.58999633789062,94.61000061035156,140.25999450683594,127.16000366210938,27.200000762939453,150.3699951171875,213.00999450683594,43.43000030517578,249.50999450683594,170.50999450683594,484.3800048828125,38.7400016784668,147.25,56.689998626708984,44.125,40.5,144.5800018310547,109.72000122070312,166.0,160.39999389648438,296.9599914550781,1053.72998046875,171.0,39.290000915527344,42.459999084472656,59.75,112.0,153.77000427246094,46.619998931884766,120.51000213623047,446.7300109863281,30.3799991607666,145.07000732421875,192.32000732421875,869.030029296875,169.27000427246094,130.02000427246094,95.5,142.7899932861328,129.38999938964844,27.5,152.3300018310547,216.36000061035156,44.439998626708984,252.05999755859375,172.9499969482422,490.2799987792969,39.18000030517578,148.3800048828125,57.45000076293945,44.63999938964844,40.810001373291016,145.50999450683594,110.83999633789062,3690800,44442500,1732700,1106300,89061000,40018700,17023700,9358200,5939300,6163000,7572700,2253800,1849100,33787200,6840400,8587800,2243400,3284100,5004200,3955900,16312900,260704500,33945200,918300,10102800,12180200,3469400,15591800,4951700,5935900,2669100,15963700,28495600,39497900,4720600,14466900
2024-06-14,157.54762268066406,159.6300048828125,280.8464050292969,1010.3917236328125,170.0308380126953,37.67953109741211,37.40100860595703,56.11632537841797,102.6765365600586,140.07498168945312,43.32841491699219,110.76191711425781,430.54754638671875,30.258056640625,138.3026123046875,185.77479553222656,866.3499755859375,163.1833038330078,121.3448486328125,90.36190795898438,140.37535095214844,131.8164520263672,24.119165420532227,140.94090270996094,207.11244201660156,40.907283782958984,249.11984252929688,168.5786590576172,475.8761901855469,35.58210372924805,141.8902587890625,54.849185943603516,41.29320526123047,39.417972564697266,141.0472412109375,102.17660522460938,168.58999633789062,159.6300048828125,298.6199951171875,1027.9000244140625,173.50399780273438,39.2400016784668,41.20000076293945,59.33000183105469,109.38999938964844,152.57000732421875,45.560001373291016,118.23999786376953,446.4599914550781,30.450000762939453,145.5399932861328,193.77999877929688,878.4500122070312,170.07000732421875,129.47999572753906,95.5,141.36000061035156,131.8800048828125,27.530000686645508,151.08999633789062,215.3300018310547,43.0,252.0399932861328,172.50999450683594,497.1199951171875,38.83000183105469,150.07000732421875,57.400001525878906,44.02000045776367,40.650001525878906,145.8800048828125,109.11000061035156,169.24000549316406,161.33999633789062,299.739990234375,1031.0,174.7239990234375,39.47999954223633,41.86000061035156,59.83000183105469,111.18000030517578,153.2899932861328,45.75,119.70999908447266,448.2300109863281,30.559999465942383,145.97000122070312,194.86000061035156,884.6099853515625,171.1699981689453,129.8699951171875,95.5199966430664,142.49000549316406,132.83999633789062,28.219999313354492,151.4600067138672,218.0500030517578,43.459999084472656,252.77999877929688,173.63999938964844,497.8500061035156,39.09000015258789,150.91000366210938,57.61000061035156,44.349998474121094,40.72999954223633,145.9199981689453,110.20999908447266,166.0,157.61000061035156,295.8999938964844,1016.5999755859375,168.2100067138672,38.90999984741211,40.75,58.65999984741211,109.12000274658203,151.97000122070312,45.0,117.16999816894531,439.1499938964844,30.209999084472656,144.47999572753906,191.4199981689453,876.0,168.72000122070312,128.64999389648438,93.98999786376953,139.64999389648438,128.32000732421875,27.43000030517578,149.0500030517578,213.64999389648438,42.61000061035156,249.72999572753906,170.36000061035156,491.7300109863281,38.470001220703125,148.0,56.619998931884766,43.834999084472656,40.369998931884766,145.02999877929688,108.58999633789062,166.47000122070312,158.5,297.6099853515625,1021.4600219726562,168.68600463867188,39.099998474121094,41.40999984741211,59.439998626708984,111.18000030517578,153.1300048828125,45.75,119.70999908447266,441.989990234375,30.290000915527344,145.13999938964844,191.4499969482422,882.3300170898438,169.4600067138672,129.16000366210938,94.38999938964844,141.8000030517578,129.9600067138672,27.75,150.07000732421875,217.63999938964844,43.459999084472656,250.8000030517578,172.0,496.8299865722656,38.7599983215332,148.6699981689453,56.9900016784668,44.29999923706055,40.5,145.6300048828125,110.0199966430664,4377600,34054000,1713600,1047200,69705000,32347900,14271100,10511000,5690400,6159100,6809800,2850300,1559100,28125900,4075300,6874000,2023300,2934000,7338500,3406600,14028500,309320400,29461900,887900,6438200,12740300,2567600,9192500,3188400,5121900,2641800,15375400,25811400,29083000,4109600,13313400
2024-06-17,158.5662384033203,158.39999389648438,285.2290344238281,1034.543212890625,179.22596740722656,37.93879699707031,37.19221878051758,56.80678176879883,102.81732940673828,140.64419555664062,43.518611907958984,111.54881286621094,434.13494873046875,30.784713745117188,138.6922149658203,186.92520141601562,872.8197021484375,164.7760772705078,120.20409393310547,91.81905364990234,146.80029296875,130.9168701171875,23.63730812072754,142.5174102783203,213.73948669433594,41.50662612915039,253.05372619628906,173.2008819580078,470.3101501464844,35.82035446166992,142.8735809326172,55.65185546875,41.40107727050781,39.76706314086914,140.9021759033203,101.47425842285156,169.67999267578125,158.39999389648438,303.2799987792969,1052.469970703125,182.88699340820312,39.5099983215332,40.970001220703125,60.060001373291016,109.54000091552734,153.19000244140625,45.7599983215332,119.08000183105469,450.17999267578125,30.979999542236328,145.9499969482422,194.97999572753906,885.010009765625,171.72999572753906,127.5,97.04000091552734,147.8300018310547,130.97999572753906,26.979999542236328,152.77999877929688,222.22000122070312,43.630001068115234,256.0199890136719,177.24000549316406,489.2300109863281,39.09000015258789,151.11000061035156,58.2400016784668,44.1349983215332,41.0099983215332,145.72999572753906,108.36000061035156,170.39999389648438,159.22999572753906,303.9700012207031,1054.3800048828125,184.3000030517578,39.529998779296875,41.34000015258789,60.529998779296875,109.9000015258789,153.92999267578125,45.810001373291016,119.58999633789062,450.7799987792969,31.0,146.42999267578125,195.5800018310547,892.2000122070312,172.22999572753906,128.94000244140625,97.19000244140625,148.75,133.72999572753906,27.479999542236328,152.8699951171875,222.6699981689453,43.849998474121094,256.5,178.6699981689453,493.1199951171875,39.13999938964844,151.80999755859375,58.25,44.334999084472656,41.02000045776367,145.9600067138672,109.45999908447266,167.36000061035156,154.13999938964844,296.55999755859375,1032.6700439453125,177.85800170898438,38.97999954223633,40.439998626708984,58.849998474121094,108.4800033569336,151.92999267578125,45.150001525878906,117.23999786376953,443.3900146484375,30.18000030517578,144.74000549316406,192.63999938964844,876.8599853515625,169.0399932861328,127.37000274658203,94.68000030517578,142.13999938964844,129.5800018310547,26.8700008392334,150.02000427246094,213.39999389648438,43.0099983215332,250.6199951171875,173.47999572753906,488.70001220703125,38.47999954223633,148.75,57.06999969482422,43.79999923706055,40.47999954223633,144.9600067138672,108.18000030517578,168.39999389648438,158.0,298.489990234375,1044.18994140625,180.0,39.09000015258789,41.06999969482422,59.220001220703125,108.9000015258789,152.5,45.5,118.23999786376953,445.1000061035156,30.34000015258789,145.02000427246094,193.47999572753906,878.0,169.47999572753906,128.2100067138672,95.01000213623047,145.5800018310547,132.99000549316406,27.450000762939453,150.6699981689453,217.08999633789062,43.099998474121094,253.72999572753906,177.83999633789062,491.3299865722656,38.70000076293945,150.14999389648438,57.209999084472656,43.959999084472656,40.54999923706055,145.25999450683594,109.16999816894531,4076000,44507700,1875900,844400,87528000,26135400,18782500,15527500,5754200,6321400,5577700,2388700,1531600,36235300,6666600,8725400,2532200,3006500,8524000,4874100,23909000,288504400,32194600,974000,12109100,11065500,3057900,18593700,2407200,5697600,1804000,18361100,29547800,36076900,4542800,21147900
2024-06-18,160.13619995117188,154.6300048828125,287.7777404785156,1043.301513671875,176.64373779296875,38.39971160888672,37.046966552734375,57.4877815246582,102.6953125,140.77272033691406,43.414005279541016,111.9422378540039,441.1265869140625,30.436920166015625,138.40713500976562,188.8617706298828,879.180908203125,165.4669189453125,120.66604614257812,92.3205337524414,152.38111877441406,135.5146484375,24.014036178588867,144.10317993164062,218.4236602783203,42.27720260620117,256.2759704589844,175.5950164794922,462.44647216796875,36.00362014770508,141.76734924316406,56.42586135864258,41.574623107910156,40.01918029785156,141.08590698242188,102.42945098876953,171.36000061035156,154.6300048828125,305.989990234375,1061.3800048828125,180.2519989013672,39.9900016784668,40.810001373291016,60.779998779296875,109.41000366210938,153.3300018310547,45.650001525878906,119.5,457.42999267578125,30.6299991607666,145.64999389648438,197.0,891.4600219726562,172.4499969482422,127.98999786376953,97.56999969482422,153.4499969482422,135.5800018310547,27.40999984741211,154.47999572753906,227.08999633789062,44.439998626708984,259.2799987792969,179.69000244140625,481.04998779296875,39.290000915527344,149.94000244140625,59.04999923706055,44.31999969482422,41.27000045776367,145.9199981689453,109.37999725341797,173.00999450683594,157.24000549316406,306.54998779296875,1069.4200439453125,185.16200256347656,40.02000045776367,41.2400016784668,61.630001068115234,111.19999694824219,155.9499969482422,46.470001220703125,121.1500015258789,457.69000244140625,31.469999313354492,146.38999938964844,197.9600067138672,894.8699951171875,175.5,128.72999572753906,97.69000244140625,157.5399932861328,136.3300018310547,27.459999084472656,154.8800048828125,230.6300048828125,45.189998626708984,260.6499938964844,184.86000061035156,491.6600036621094,39.40999984741211,155.08999633789062,59.04999923706055,44.880001068115234,41.27000045776367,146.39999389648438,110.72000122070312,169.8699951171875,153.33999633789062,302.0199890136719,1042.0,178.50100708007812,39.459999084472656,40.09000015258789,60.09000015258789,109.01000213623047,152.83999633789062,45.59000015258789,118.7699966430664,448.510009765625,30.5,145.25999450683594,194.1300048828125,884.0,171.10000610351562,127.08999633789062,96.80999755859375,151.50999450683594,130.69000244140625,26.950000762939453,152.0,226.0,43.810001373291016,256.489990234375,178.99000549316406,479.0400085449219,38.86000061035156,149.1300048828125,57.900001525878906,44.209999084472656,40.91999816894531,145.60000610351562,108.80000305175781,170.44000244140625,156.99000549316406,302.75,1042.199951171875,183.95899963378906,39.560001373291016,41.02000045776367,60.369998931884766,110.06999969482422,153.5500030517578,45.84000015258789,119.77999877929688,449.57000732421875,30.989999771118164,145.9600067138672,194.60000610351562,887.0,173.25,128.27000427246094,97.0199966430664,151.74000549316406,131.13999938964844,26.979999542236328,152.58999633789062,226.82000732421875,44.279998779296875,257.0,180.02000427246094,490.7099914550781,39.0,152.27000427246094,58.209999084472656,44.41999816894531,40.959999084472656,145.88999938964844,109.02999877929688,4250900,51852000,2166200,1025300,86797000,30804500,18747200,15768100,5690200,6942900,5011700,2032400,1798400,33294700,6156600,9023000,2437000,2557800,6532400,4558400,42192600,294335100,29817800,1420200,22037500,13068900,3071500,27155100,3692700,6308900,2552000,15547400,29285800,38900300,4872600,17762900
2024-06-20,160.8557586669922,161.77999877929688,291.44561767578125,1032.8426513671875,169.98377990722656,38.39971160888672,37.25576400756836,57.33644485473633,104.49746704101562,143.81163024902344,43.73735427856445,114.27476501464844,441.7244567871094,30.426984786987305,140.4312286376953,190.4627685546875,873.7862548828125,166.6279296875,122.24992370605469,92.1975326538086,143.18565368652344,130.71697998046875,24.303152084350586,142.89053344726562,207.2471160888672,43.24756622314453,249.31753540039062,171.38327026367188,465.7822570800781,35.99446105957031,144.15943908691406,56.33985900878906,42.339134216308594,40.23250961303711,141.5500030517578,104.63948059082031,172.1300048828125,161.77999877929688,309.8900146484375,1050.739990234375,173.45599365234375,39.9900016784668,41.040000915527344,60.619998931884766,111.33000183105469,156.63999938964844,45.9900016784668,121.98999786376953,458.04998779296875,30.6200008392334,147.77999877929688,198.6699981689453,885.989990234375,173.66000366210938,129.6699981689453,97.44000244140625,144.19000244140625,130.77999877929688,27.739999771118164,153.17999267578125,215.47000122070312,45.459999084472656,252.24000549316406,175.3800048828125,484.5199890136719,39.279998779296875,152.47000122070312,58.959999084472656,45.1349983215332,41.4900016784668,146.39999389648438,111.73999786376953,172.80999755859375,166.82000732421875,310.29998779296875,1063.1500244140625,180.47500610351562,40.310001373291016,41.189998626708984,61.02000045776367,111.8499984741211,157.41000366210938,46.290000915527344,122.08000183105469,460.4100036621094,31.110000610351562,148.0800018310547,199.4499969482422,905.4500122070312,177.2100067138672,130.42999267578125,98.02999877929688,157.41000366210938,140.75999450683594,27.959999084472656,153.9600067138672,225.89999389648438,45.81999969482422,260.1199951171875,183.1699981689453,485.9200134277344,39.34000015258789,153.55999755859375,59.20000076293945,45.3650016784668,41.599998474121094,146.58999633789062,112.62000274658203,170.02000427246094,155.5,303.54998779296875,1045.02001953125,172.2220001220703,39.75,39.630001068115234,60.349998474121094,109.26000213623047,153.25,45.40999984741211,119.26000213623047,455.239990234375,30.450000762939453,145.00999450683594,196.11000061035156,870.1300048828125,172.5,126.75,97.11000061035156,142.91000366210938,129.52000427246094,27.149999618530273,152.3699951171875,212.83999633789062,44.34000015258789,250.82000732421875,173.5,478.1099853515625,38.869998931884766,149.7100067138672,58.59000015258789,44.310001373291016,41.13999938964844,145.27000427246094,109.58999633789062,171.17999267578125,155.82000732421875,304.8299865722656,1058.22998046875,180.3459930419922,39.779998779296875,40.54999923706055,60.41999816894531,109.5999984741211,153.7100067138672,45.63999938964844,119.76000213623047,458.0,30.559999465942383,145.27000427246094,196.38999938964844,893.0,172.88999938964844,127.38999938964844,97.63999938964844,157.00999450683594,139.8000030517578,27.200000762939453,153.00999450683594,224.1999969482422,44.439998626708984,259.6600036621094,182.5800018310547,480.0400085449219,39.11000061035156,151.0,58.7400016784668,44.45000076293945,41.18000030517578,145.47000122070312,109.91000366210938,5847500,93245700,2890200,1150300,68157000,29383300,18639600,9519200,5442400,8336000,5368200,2469000,2080600,43826300,8749700,8731100,3360000,3176700,10348400,3956800,41285000,517768400,29693400,1299900,18701200,14612900,3921500,28403200,5258100,6710900,3204000,11985500,34073800,42869100,6653600,17433200
2024-06-21,159.22972106933594,161.22999572753906,289.8185729980469,1018.9434204101562,162.54278564453125,37.919593811035156,38.063697814941406,56.74057388305664,104.5068588256836,142.56298828125,43.575679779052734,114.33096313476562,434.13494873046875,30.894020080566406,141.3529815673828,188.190673828125,871.705322265625,165.6780242919922,123.23982238769531,90.98640441894531,138.5680389404297,126.50898742675781,24.303152084350586,142.90919494628906,204.41929626464844,43.437828063964844,246.8860321044922,169.99562072753906,463.9269104003906,36.379329681396484,142.0226287841797,55.5180778503418,42.09524154663086,40.07736587524414,141.94644165039062,103.72174835205078,170.38999938964844,161.22999572753906,308.1600036621094,1036.5999755859375,165.86300659179688,39.4900016784668,41.93000030517578,59.9900016784668,111.33999633789062,155.27999877929688,45.81999969482422,122.05000305175781,450.17999267578125,31.09000015258789,148.75,196.3000030517578,883.8800048828125,172.6699981689453,130.72000122070312,96.16000366210938,139.5399932861328,126.56999969482422,27.739999771118164,153.1999969482422,212.52999877929688,45.65999984741211,249.77999877929688,173.9600067138672,482.5899963378906,39.70000076293945,150.2100067138672,58.099998474121094,44.875,41.33000183105469,146.80999755859375,110.76000213623047,172.92999267578125,163.1999969482422,313.44000244140625,1039.0,171.39999389648438,39.90999984741211,41.95000076293945,60.2599983215332,112.26000213623047,157.6699981689453,46.290000915527344,122.95999908447266,458.79998779296875,31.360000610351562,149.0800018310547,197.1699981689453,891.969970703125,175.49000549316406,131.1999969482422,97.36000061035156,142.60000610351562,130.6300048828125,27.889999389648438,153.36000061035156,215.47000122070312,46.0,252.69000244140625,177.47999572753906,488.29998779296875,39.849998474121094,153.67999267578125,58.459999084472656,45.380001068115234,41.43000030517578,147.1199951171875,112.69999694824219,169.58999633789062,157.88999938964844,307.2900085449219,1023.2100219726562,165.14199829101562,39.369998931884766,41.06999969482422,59.34000015258789,110.7300033569336,155.22000122070312,45.599998474121094,121.26000213623047,449.8999938964844,30.670000076293945,147.3699951171875,194.22000122070312,879.7999877929688,172.36000061035156,129.08999633789062,95.88999938964844,135.6999969482422,124.30000305175781,27.559999465942383,151.1300048828125,209.41000366210938,45.459999084472656,246.94000244140625,172.2100067138672,480.5899963378906,38.720001220703125,149.5800018310547,57.31999969482422,44.810001373291016,41.09000015258789,146.24000549316406,110.76000213623047,172.6999969482422,161.75,313.1300048828125,1038.1800537109375,169.5659942626953,39.849998474121094,41.2599983215332,60.20000076293945,111.83000183105469,156.8000030517578,46.27000045776367,122.83999633789062,458.67999267578125,30.850000381469727,147.88999938964844,196.7100067138672,885.6599731445312,174.92999267578125,130.1699981689453,97.31999969482422,137.64999389648438,127.12000274658203,27.770000457763672,153.19000244140625,211.75999450683594,45.66999816894531,250.13999938964844,172.7100067138672,484.44000244140625,39.04999923706055,153.5,58.29999923706055,45.255001068115234,41.38999938964844,146.58999633789062,111.9000015258789,12228100,61293900,6596800,1626000,99289000,72244900,35828400,18976200,27096700,21289800,12610300,7884300,3780800,90795200,15172300,20972100,3445900,7308200,17170800,10785300,49893500,649445800,52487000,2598300,22286500,26455400,3156800,20175600,6368600,15555300,7128100,62732600,39972600,42530600,8535400,52212500
2024-06-24,161.42581176757812,160.25,299.2139892578125,984.9426879882812,156.52915954589844,38.42852020263672,38.33603286743164,58.01744842529297,108.10181427001953,146.2629852294922,45.30653381347656,117.37541198730469,445.6204833984375,30.37729835510254,141.70458984375,190.66409301757812,877.8495483398438,166.944580078125,125.35167694091797,91.87581634521484,138.0417022705078,118.05307006835938,24.846336364746094,144.49496459960938,193.1754150390625,45.169254302978516,239.838623046875,163.9857635498047,471.0310974121094,37.158226013183594,142.51429748535156,56.387630462646484,43.15666580200195,40.489166259765625,142.7744140625,106.80268859863281,172.74000549316406,160.25,318.1499938964844,1002.010009765625,159.2209930419922,40.02000045776367,42.22999954223633,61.34000015258789,115.16999816894531,159.30999755859375,47.63999938964844,125.30000305175781,462.0899963378906,30.56999969482422,149.1199951171875,198.8800048828125,890.1099853515625,173.99000549316406,132.9600067138672,97.0999984741211,139.00999450683594,118.11000061035156,28.360000610351562,154.89999389648438,200.83999633789062,47.47999954223633,242.64999389648438,167.80999755859375,489.9800109863281,40.54999923706055,150.72999572753906,59.0099983215332,45.63999938964844,41.59000015258789,147.08999633789062,114.05000305175781,173.41000366210938,163.39999389648438,318.3399963378906,1034.7099609375,166.10000610351562,40.34000015258789,42.349998474121094,61.779998779296875,115.98999786376953,159.5399932861328,47.9900016784668,125.93000030517578,463.5199890136719,31.420000076293945,149.72000122070312,199.22999572753906,903.5800170898438,174.61000061035156,133.30999755859375,97.66000366210938,142.8300018310547,124.45999908447266,28.40999984741211,156.85000610351562,207.02999877929688,47.66999816894531,249.0399932861328,171.4199981689453,490.8900146484375,40.81999969482422,152.3300018310547,59.459999084472656,45.814998626708984,41.849998474121094,147.61000061035156,114.52999877929688,170.6999969482422,158.19000244140625,307.9200134277344,1002.010009765625,159.0659942626953,39.650001525878906,41.810001373291016,59.84000015258789,111.91000366210938,156.19000244140625,46.0099983215332,122.5,450.0,30.530000686645508,148.1699981689453,197.10000610351562,882.9400024414062,172.5500030517578,130.92999267578125,96.18000030517578,137.88999938964844,118.04000091552734,27.729999542236328,152.9499969482422,200.24000549316406,45.869998931884766,242.52000427246094,167.1199951171875,484.5,39.709999084472656,149.7899932861328,58.27000045776367,44.689998626708984,41.2400016784668,146.4499969482422,111.63999938964844,171.1300048828125,159.75,310.0,1033.1700439453125,164.2050018310547,39.77000045776367,42.0,60.099998474121094,112.25,156.27000427246094,46.060001373291016,122.62000274658203,451.25,31.139999389648438,149.0,197.80999755859375,889.97998046875,172.77000427246094,131.27000427246094,96.7300033569336,142.44000244140625,123.23999786376953,27.950000762939453,154.0500030517578,206.91000366210938,45.939998626708984,247.52999877929688,170.42999267578125,488.8599853515625,39.88999938964844,150.05999755859375,58.4900016784668,44.76499938964844,41.34000015258789,146.8300018310547,111.63999938964844,6249900,45954100,3389300,1027000,58575000,31064900,14845100,13290500,8802700,7971600,8375900,2784300,1882200,40611800,6914700,9785900,2878200,2327800,8553800,8418200,32410100,476060900,35414100,1445500,16087700,19090400,3958300,19741700,5139800,9549100,2851300,16198300,31188200,45252000,6446100,16266700
2024-06-25,159.56614685058594,160.25,300.3049011230469,1005.9093017578125,155.40647888183594,37.813968658447266,38.299720764160156,58.244449615478516,107.93285369873047,145.4825897216797,45.04975128173828,117.60961151123047,441.07830810546875,30.546226501464844,139.8705596923828,189.8875274658203,892.1497802734375,168.09596252441406,125.3139419555664,92.53816223144531,140.13702392578125,126.02924346923828,24.522174835205078,141.69650268554688,194.4546661376953,45.20730972290039,243.52542114257812,168.66661071777344,465.7630310058594,36.67256164550781,145.407470703125,54.6580696105957,43.25594711303711,40.18737030029297,142.327880859375,107.10235595703125,170.75,160.25,319.30999755859375,1023.3400268554688,158.07899475097656,39.380001068115234,42.189998626708984,61.58000183105469,114.98999786376953,158.4600067138672,47.369998931884766,125.55000305175781,457.3800048828125,30.739999771118164,147.19000244140625,198.07000732421875,904.6099853515625,175.19000244140625,132.9199981689453,97.80000305175781,141.1199951171875,126.08999633789062,27.989999771118164,151.89999389648438,202.1699981689453,47.52000045776367,246.3800048828125,172.60000610351562,484.5,40.02000045776367,153.7899932861328,57.20000076293945,45.744998931884766,41.279998779296875,146.6300048828125,114.37000274658203,173.41000366210938,161.0,326.1199951171875,1023.489990234375,160.60400390625,40.06999969482422,42.369998931884766,61.83000183105469,115.05999755859375,159.36000061035156,47.56999969482422,125.68000030517578,464.0799865722656,30.829999923706055,149.1999969482422,200.07000732421875,909.4199829101562,175.49000549316406,134.6300048828125,98.33999633789062,141.1300048828125,126.5,28.450000762939453,155.44000244140625,203.14999389648438,47.63999938964844,246.52000427246094,172.63999938964844,490.6400146484375,40.59000015258789,154.22999572753906,59.0,45.75,41.63999938964844,147.47000122070312,114.55000305175781,170.6199951171875,156.4499969482422,318.3999938964844,1002.6400146484375,156.39999389648438,39.349998474121094,41.58000183105469,60.86000061035156,113.66000366210938,157.6699981689453,47.0099983215332,123.91999816894531,456.75,30.290000915527344,146.94000244140625,197.74000549316406,891.5,171.55999755859375,132.60000610351562,96.68000030517578,137.75,119.31999969482422,27.93000030517578,151.83999633789062,199.1699981689453,46.90999984741211,241.7899932861328,169.00999450683594,480.6000061035156,39.66999816894531,148.33999633789062,57.18000030517578,45.349998474121094,41.15999984741211,146.27999877929688,113.45999908447266,172.10000610351562,160.72999572753906,319.2300109863281,1005.1599731445312,160.01300048828125,39.779998779296875,42.02000045776367,61.20000076293945,114.70999908447266,159.1199951171875,47.560001373291016,124.94000244140625,459.4599914550781,30.700000762939453,149.17999267578125,198.08999633789062,891.77001953125,173.77000427246094,133.1199951171875,96.79000091552734,140.07000732421875,121.19999694824219,28.399999618530273,154.22000122070312,203.13999938964844,46.97999954223633,244.60000610351562,169.9499969482422,490.6400146484375,40.380001068115234,150.47000122070312,58.77000045776367,45.599998474121094,41.5099983215332,147.25999450683594,114.11000061035156,4844600,40572300,3150600,621600,53329000,30596000,16082600,11643100,4956400,5985400,6852700,1947600,1555900,29323600,5912500,6862500,2830100,2146300,6750600,7439700,31160600,414192600,24721600,1419600,11974900,14237000,2551800,13346800,2916100,6893100,4849300,26726900,27666600,32845400,5171600,14188900
2024-06-26,159.93994140625,157.5399932861328,294.2012023925781,999.2840576171875,156.508544921875,37.44908142089844,38.58113479614258,57.932315826416016,106.63755798339844,143.17813110351562,44.43159484863281,116.7009506225586,439.61248779296875,30.347488403320312,139.5189666748047,189.27398681640625,888.845947265625,167.2420196533203,123.9751968383789,91.67711639404297,141.36837768554688,126.33908081054688,24.022794723510742,141.61256408691406,189.7993927001953,43.98008728027344,242.57652282714844,168.14869689941406,465.3208923339844,36.388492584228516,145.2089385986328,54.47651672363281,42.83043670654297,39.93424987792969,141.82313537597656,107.13981628417969,171.14999389648438,157.5399932861328,312.82000732421875,1016.5999755859375,159.1999969482422,39.0,42.5,61.25,113.61000061035156,155.9499969482422,46.720001220703125,124.58000183105469,455.8599853515625,30.540000915527344,146.82000732421875,197.42999267578125,901.260009765625,174.3000030517578,131.5,96.88999938964844,142.36000061035156,126.4000015258789,27.420000076293945,151.80999755859375,197.3300018310547,46.22999954223633,245.4199981689453,172.07000732421875,484.0400085449219,39.709999084472656,153.5800018310547,57.0099983215332,45.29499816894531,41.02000045776367,146.11000061035156,114.41000366210938,172.35000610351562,160.74000549316406,317.489990234375,1023.5999755859375,161.8179931640625,39.349998474121094,43.040000915527344,61.40999984741211,115.19999694824219,158.4600067138672,47.40999984741211,126.1500015258789,457.92999267578125,30.68000030517578,147.19000244140625,197.94000244140625,906.3499755859375,176.2899932861328,133.42999267578125,97.68000030517578,144.07000732421875,128.1199951171875,27.93000030517578,152.58999633789062,201.14999389648438,47.459999084472656,247.66000366210938,173.69000244140625,487.44000244140625,40.0099983215332,155.32000732421875,57.79999923706055,45.79499816894531,41.11000061035156,146.6300048828125,114.81999969482422,170.14999389648438,156.0,311.7200012207031,1003.9000244140625,157.35899353027344,38.470001220703125,41.709999084472656,60.560001373291016,112.76000213623047,155.7899932861328,46.380001068115234,123.87000274658203,452.45001220703125,30.270000457763672,145.77999877929688,196.27999877929688,897.8400268554688,172.8000030517578,131.49000549316406,96.08000183105469,139.5399932861328,122.5999984741211,27.06999969482422,150.27999877929688,195.6999969482422,46.209999084472656,242.7100067138672,170.1999969482422,481.4700012207031,39.349998474121094,152.19000244140625,56.83000183105469,45.08000183105469,40.81999969482422,145.77000427246094,113.13999938964844,170.2899932861328,160.60000610351562,317.17999267578125,1014.0,159.76199340820312,39.16999816894531,42.11000061035156,61.22999954223633,115.19999694824219,158.4600067138672,47.36000061035156,126.0199966430664,455.4100036621094,30.639999389648438,146.1999969482422,197.4499969482422,904.0,175.88999938964844,133.3800048828125,97.37999725341797,143.0399932861328,126.12999725341797,27.90999984741211,150.97999572753906,200.30999755859375,47.349998474121094,246.2100067138672,172.1199951171875,484.5,39.709999084472656,154.2899932861328,57.220001220703125,45.79499816894531,41.09000015258789,146.3699951171875,114.38999938964844,5576100,36973400,2800200,885100,46479000,44310200,19824600,12409300,5366500,8637800,5120900,2297400,2131700,30743000,5267800,7758600,2232100,1704100,8492100,6514200,55490300,362975900,30745800,1842300,10023800,13501700,1933800,11901500,3153100,7854700,3843100,30425700,23127400,37978500,4572700,15771800
2024-06-27,157.9214324951172,159.47000122070312,295.0194091796875,1010.4998168945312,155.9835662841797,37.68914031982422,37.68242263793945,58.21607208251953,106.97545623779297,143.5178680419922,44.70738983154297,116.67285919189453,430.06536865234375,30.397172927856445,138.54969787597656,190.9420928955078,896.518798828125,165.90829467773438,122.3913345336914,90.61737823486328,131.3089599609375,123.93024444580078,24.355714797973633,141.7244873046875,187.70257568359375,44.722129821777344,241.3311309814453,167.71871948242188,467.6280212402344,36.36100387573242,145.6438751220703,54.86829376220703,42.92972946166992,39.88557434082031,141.59017944335938,107.59867858886719,168.99000549316406,159.47000122070312,313.69000244140625,1028.010009765625,158.66600036621094,39.25,41.5099983215332,61.54999923706055,113.97000122070312,156.32000732421875,47.0099983215332,124.55000305175781,445.9599914550781,30.59000015258789,145.8000030517578,199.1699981689453,909.0399780273438,172.91000366210938,129.82000732421875,95.7699966430664,132.22999572753906,123.98999786376953,27.799999237060547,151.92999267578125,195.14999389648438,47.0099983215332,244.16000366210938,171.6300048828125,486.44000244140625,39.68000030517578,154.0399932861328,57.41999816894531,45.400001525878906,40.970001220703125,145.8699951171875,114.9000015258789,171.55999755859375,160.61000061035156,316.7900085449219,1041.7099609375,160.56199645996094,39.349998474121094,42.5,61.93000030517578,114.33000183105469,156.94000244140625,47.209999084472656,125.5,449.7799987792969,30.65999984741211,147.36000061035156,199.86000061035156,909.5700073242188,177.27999877929688,132.2899932861328,96.33999633789062,137.38999938964844,126.41000366210938,27.829999923706055,152.38999938964844,198.57000732421875,47.040000915527344,246.75,175.47999572753906,488.9800109863281,39.709999084472656,157.1199951171875,57.470001220703125,45.584999084472656,41.02000045776367,146.27999877929688,114.98999786376953,167.75,156.80999755859375,310.7200012207031,1024.6400146484375,157.10000610351562,38.34000015258789,41.47999954223633,60.959999084472656,113.11000061035156,155.63999938964844,46.7400016784668,123.66999816894531,442.79998779296875,30.290000915527344,144.83999633789062,196.89999389648438,899.719970703125,172.13999938964844,126.77999877929688,95.16999816894531,131.0800018310547,122.91999816894531,27.06999969482422,150.60000610351562,193.83999633789062,46.38999938964844,242.6999969482422,171.14999389648438,482.04998779296875,38.869998931884766,153.52999877929688,56.33000183105469,45.14500045776367,40.720001220703125,145.02999877929688,114.11000061035156,171.2899932861328,157.17999267578125,311.7300109863281,1029.43994140625,159.1999969482422,38.70000076293945,42.43000030517578,61.5,114.0,156.6999969482422,47.130001068115234,125.5,449.7799987792969,30.420000076293945,146.8000030517578,197.44000244140625,903.530029296875,175.7100067138672,131.99000549316406,96.08000183105469,135.7899932861328,124.0999984741211,27.3700008392334,151.1300048828125,196.8699951171875,46.47999954223633,244.94000244140625,173.7899932861328,485.04998779296875,39.220001220703125,155.0800018310547,56.40999984741211,45.53499984741211,40.900001525878906,146.22000122070312,114.98999786376953,5382000,34018200,2082200,784300,31649000,29464200,17435000,11285100,3846500,5568700,3620100,1726700,2835200,30184300,5739200,7913500,1948100,1648700,11927600,5437800,68172700,252571700,28399600,1008800,11936600,9948000,2363600,10864600,2991900,6874500,2540100,13832200,15631600,25466100,4637900,16812700
2024-06-28,160.2857208251953,162.2100067138672,293.85321044921875,1005.3096313476562,157.83865356445312,38.18846130371094,37.70058059692383,60.02261734008789,107.36028289794922,143.60964965820312,45.078285217285156,117.90937042236328,436.19866943359375,30.774776458740234,138.8917999267578,193.90444946289062,892.9091186523438,166.4552001953125,116.71581268310547,91.96097564697266,130.6138153076172,123.48046875,24.513416290283203,145.03602600097656,191.57876586914062,44.88385772705078,243.7725067138672,169.8490447998047,489.56549072265625,36.83418273925781,148.2156219482422,56.75074768066406,43.0952033996582,40.02186965942383,141.47372436523438,107.80469512939453,171.52000427246094,162.2100067138672,312.45001220703125,1022.72998046875,160.55299377441406,39.77000045776367,41.529998779296875,63.459999084472656,114.37999725341797,156.4199981689453,47.400001525878906,125.87000274658203,452.32000732421875,30.969999313354492,146.16000366210938,202.25999450683594,905.3800048828125,173.47999572753906,123.80000305175781,97.19000244140625,131.52999877929688,123.54000091552734,27.979999542236328,155.47999572753906,199.17999267578125,47.18000030517578,246.6300048828125,173.80999755859375,509.260009765625,39.70000076293945,156.75999450683594,59.38999938964844,45.57500076293945,41.11000061035156,145.75,115.12000274658203,171.82000732421875,166.4499969482422,316.67999267578125,1048.81005859375,163.92300415039062,40.060001373291016,42.47999954223633,63.58000183105469,115.56999969482422,158.5800018310547,47.619998931884766,126.06999969482422,457.3399963378906,31.309999465942383,147.07000732421875,202.60000610351562,915.5399780273438,174.9600067138672,130.97000122070312,97.31999969482422,135.4199981689453,127.70999908447266,28.1200008392334,155.85000610351562,203.94000244140625,47.619998931884766,251.4600067138672,176.82000732421875,509.3999938964844,40.08000183105469,157.19000244140625,59.45000076293945,45.90999984741211,41.369998931884766,147.02000427246094,116.54000091552734,169.0500030517578,159.41000366210938,310.5899963378906,1015.4500122070312,158.60000610351562,39.31999969482422,41.40999984741211,61.810001373291016,113.63999938964844,156.1699981689453,46.939998626708984,124.80000305175781,449.5299987792969,30.719999313354492,145.64999389648438,199.3000030517578,905.3800048828125,172.02000427246094,120.87000274658203,96.16000366210938,130.75,122.75,27.639999389648438,152.83999633789062,195.61000061035156,46.84000015258789,244.6699981689453,172.80999755859375,489.4100036621094,39.31999969482422,153.60000610351562,58.09000015258789,45.40999984741211,40.939998626708984,145.10000610351562,114.68000030517578,169.99000549316406,160.22999572753906,313.70001220703125,1028.0,159.58799743652344,39.7400016784668,41.709999084472656,62.029998779296875,115.4000015258789,157.52000427246094,47.5,125.58999633789062,450.1000061035156,30.75,146.0399932861328,200.00999450683594,911.3099975585938,174.9600067138672,129.5399932861328,96.73999786376953,132.82000732421875,124.58000183105469,27.780000686645508,153.0800018310547,196.0,47.25,245.85000610351562,172.80999755859375,496.3699951171875,39.540000915527344,155.9199981689453,58.09000015258789,45.75,41.060001373291016,146.41000366210938,115.86000061035156,24463400,56204600,3518100,837600,69377000,52028200,20542700,20053200,7191800,11283400,7931400,4029400,3839700,41467700,10495700,15307600,3375400,3656300,57055500,9058800,38140600,315516700,33189200,2706200,15547500,14139900,3851300,11216100,22734200,12212200,3898900,31074500,25670000,44045100,7656800,24565900
2024-07-01,159.21102905273438,157.69000244140625,292.4989318847656,1015.8864135742188,161.30604553222656,38.41891098022461,37.49177932739258,59.994239807128906,107.34152221679688,143.7014923095703,45.392120361328125,118.5369873046875,447.1345520019531,30.645597457885742,139.1578826904297,196.9626922607422,901.775390625,167.712158203125,120.5811996459961,93.82499694824219,130.60391235351562,124.24010467529297,24.72368049621582,145.65170288085938,192.39633178710938,44.31305694580078,243.7626190185547,168.4027557373047,475.5204772949219,36.40739059448242,149.369140625,57.89741897583008,43.11884307861328,40.10948944091797,140.67776489257812,107.65484619140625,170.3699951171875,157.69000244140625,311.010009765625,1033.489990234375,164.0800018310547,40.0099983215332,41.29999923706055,63.43000030517578,114.36000061035156,156.52000427246094,47.72999954223633,126.54000091552734,463.6600036621094,30.84000015258789,146.44000244140625,205.4499969482422,914.3699951171875,174.7899932861328,127.9000015258789,99.16000366210938,131.52000427246094,124.30000305175781,28.219999313354492,156.13999938964844,200.02999877929688,46.58000183105469,246.6199951171875,172.3300018310547,494.6499938964844,39.2400016784668,157.97999572753906,60.59000015258789,45.599998474121094,41.20000076293945,144.92999267578125,114.95999908447266,173.8800048828125,161.50999450683594,319.0,1038.1099853515625,164.875,40.34000015258789,42.27000045776367,64.30000305175781,115.45999908447266,158.6999969482422,48.029998779296875,127.88999938964844,464.0199890136719,31.020000457763672,148.6999969482422,207.08999633789062,916.8300170898438,175.5800018310547,129.19000244140625,99.37999725341797,132.0800018310547,124.83999633789062,28.6299991607666,157.72000122070312,200.6699981689453,47.47999954223633,246.91000366210938,175.3000030517578,508.9100036621094,39.95000076293945,159.47000122070312,60.61000061035156,46.09000015258789,41.54999923706055,147.49000549316406,116.73999786376953,169.5399932861328,153.63999938964844,310.2300109863281,1015.7999877929688,159.35000610351562,39.66999816894531,41.13999938964844,62.9900016784668,113.6500015258789,155.97999572753906,47.130001068115234,125.47000122070312,454.010009765625,30.610000610351562,145.6199951171875,202.66000366210938,904.3099975585938,171.6999969482422,125.0999984741211,97.44000244140625,127.2699966430664,118.83000183105469,27.940000534057617,155.4600067138672,196.0800018310547,46.47999954223633,241.97000122070312,170.4499969482422,492.8900146484375,39.06999969482422,155.5399932861328,59.56999969482422,45.33000183105469,41.029998779296875,144.64999389648438,114.52999877929688,171.27000427246094,161.25,313.3399963378906,1035.550048828125,160.82000732421875,39.90999984741211,41.650001525878906,63.650001525878906,115.04000091552734,157.16000366210938,47.70000076293945,127.69999694824219,454.510009765625,30.90999984741211,146.07000732421875,202.83999633789062,911.77001953125,175.0,125.37999725341797,97.5199966430664,130.5,123.47000122070312,27.950000762939453,155.94000244140625,199.47000122070312,47.47999954223633,246.49000549316406,174.24000549316406,506.75,39.810001373291016,158.35000610351562,59.61000061035156,45.939998626708984,41.279998779296875,146.0399932861328,115.70999908447266,5194500,50436700,1769400,791000,47623000,26770500,18268400,15334400,3925100,5584100,4481200,2496100,1850500,32401800,5144400,10205800,2546100,1705200,11533000,7420600,24749000,284885500,26209000,1583400,6800600,8464000,2330400,10717000,4523100,8068900,2205500,14470200,24563200,36131100,6562000,11972900
2024-07-02,155.0898895263672,164.30999755859375,292.273193359375,1030.041259765625,162.9458465576172,39.30232620239258,36.720157623291016,61.176536560058594,107.11624908447266,143.9126434326172,45.43016815185547,118.6400375366211,449.0150146484375,30.874147415161133,138.7682647705078,200.20306396484375,894.2208251953125,167.08847045898438,120.4114990234375,94.28862762451172,131.66644287109375,122.61088562011719,24.38199806213379,148.17031860351562,192.5213623046875,44.417701721191406,247.1924285888672,171.69598388671875,478.9716796875,37.08470153808594,149.35023498535156,58.26053237915039,43.08574295043945,40.576786041259766,140.16331481933594,106.92443084716797,165.9600067138672,164.30999755859375,310.7699890136719,1047.8900146484375,165.7480010986328,40.93000030517578,40.45000076293945,64.68000030517578,114.12000274658203,156.75,47.77000045776367,126.6500015258789,465.6099853515625,31.06999969482422,146.02999877929688,208.8300018310547,906.7100219726562,174.13999938964844,127.72000122070312,99.6500015258789,132.58999633789062,122.66999816894531,27.829999923706055,158.83999633789062,200.16000366210938,46.689998626708984,250.08999633789062,175.6999969482422,498.239990234375,39.970001220703125,157.9600067138672,60.970001220703125,45.564998626708984,41.68000030517578,144.39999389648438,114.18000030517578,168.6300048828125,164.5800018310547,312.42999267578125,1047.989990234375,165.9199981689453,40.959999084472656,41.349998474121094,64.70999908447266,115.61000061035156,157.72000122070312,48.40999984741211,128.85000610351562,466.2699890136719,31.309999465942383,147.14999389648438,208.86000061035156,912.0,177.94000244140625,128.24000549316406,99.80000305175781,132.7100067138672,123.41000366210938,28.280000686645508,158.89999389648438,200.47999572753906,47.27000045776367,250.1699981689453,176.7100067138672,498.4700012207031,40.060001373291016,162.05999755859375,61.18000030517578,46.04999923706055,41.68000030517578,144.6199951171875,115.94000244140625,165.4499969482422,156.6999969482422,307.6400146484375,1025.8599853515625,162.1999969482422,39.959999084472656,40.40999984741211,63.279998779296875,113.33000183105469,155.4499969482422,47.54999923706055,126.08000183105469,459.6000061035156,30.59000015258789,145.74000549316406,204.77000427246094,878.5,173.50999450683594,126.66000366210938,98.62000274658203,129.4199981689453,121.02999877929688,27.690000534057617,155.4499969482422,197.08999633789062,46.150001525878906,245.0,171.02999877929688,493.3900146484375,39.04999923706055,157.32000732421875,60.13999938964844,45.275001525878906,41.099998474121094,143.58999633789062,113.48999786376953,168.6300048828125,157.0399932861328,310.25,1026.77001953125,164.0800018310547,40.0,41.2599983215332,63.290000915527344,115.37999725341797,157.67999267578125,48.150001525878906,127.80000305175781,461.510009765625,30.860000610351562,146.42999267578125,205.2899932861328,902.7100219726562,177.41000366210938,128.2100067138672,98.97000122070312,129.91000366210938,121.12999725341797,28.219999313354492,155.52000427246094,198.25,47.02000045776367,245.1999969482422,171.1300048828125,494.260009765625,39.130001068115234,159.9499969482422,60.4900016784668,46.040000915527344,41.119998931884766,144.41000366210938,115.9000015258789,5965500,57838600,1542700,748700,32539000,35626100,18280200,10965600,3836700,7216800,4783000,2274700,1491800,35999300,5492000,7802900,4584600,2531500,5645400,5570900,20776000,218374000,21989800,1326000,5632900,7927800,1617400,10655500,3312000,9381300,2927900,9543700,25226800,27033100,7536100,13326700
2024-07-03,153.10874938964844,163.89999389648438,290.9659729003906,1053.16064453125,169.99856567382812,39.273521423339844,36.36612319946289,60.96845245361328,107.7263412475586,143.8759002685547,45.75350570678711,118.75244140625,451.24273681640625,31.033138275146484,138.4451446533203,200.06883239746094,885.7294311523438,167.90406799316406,118.64851379394531,94.80903625488281,135.86697387695312,128.21817016601562,24.26810646057129,147.1908416748047,196.0321044921875,45.007530212402344,251.31410217285156,178.3312225341797,470.944580078125,36.65789794921875,149.8607940673828,57.964317321777344,43.274864196777344,40.45022201538086,139.09561157226562,107.46757507324219,163.83999633789062,163.89999389648438,309.3800048828125,1071.4100341796875,172.9219970703125,40.900001525878906,40.060001373291016,64.45999908447266,114.7699966430664,156.7100067138672,48.11000061035156,126.7699966430664,467.9200134277344,31.229999542236328,145.69000244140625,208.69000244140625,898.0999755859375,174.99000549316406,125.8499984741211,100.19999694824219,136.82000732421875,128.27999877929688,27.700000762939453,157.7899932861328,203.80999755859375,47.310001373291016,254.25999450683594,182.49000549316406,489.8900146484375,39.5099983215332,158.5,60.65999984741211,45.76499938964844,41.54999923706055,143.3000030517578,114.76000213623047,167.10000610351562,165.25999450683594,312.5400085449219,1074.300048828125,172.9219970703125,41.20000076293945,40.65999984741211,65.22000122070312,115.66000366210938,157.74000549316406,48.439998626708984,127.38999938964844,469.8900146484375,31.34000015258789,146.64999389648438,210.3800048828125,918.5,175.0,127.94000244140625,100.5999984741211,136.82000732421875,128.27999877929688,28.049999237060547,159.1199951171875,204.86000061035156,47.540000915527344,255.5800018310547,182.49000549316406,498.0799865722656,40.279998779296875,159.10000610351562,61.13999938964844,45.974998474121094,41.7599983215332,144.6699981689453,115.66000366210938,163.52000427246094,162.50999450683594,306.1099853515625,1055.4100341796875,166.4459991455078,40.75,40.029998779296875,64.41000366210938,113.69999694824219,156.55999755859375,47.81999969482422,126.1500015258789,465.82000732421875,30.90999984741211,144.74000549316406,207.64999389648438,884.0,171.6999969482422,125.30000305175781,99.5,132.42999267578125,121.36000061035156,27.6200008392334,157.57000732421875,200.44000244140625,46.90999984741211,249.3800048828125,177.8800048828125,486.5199890136719,39.5099983215332,156.27000427246094,60.15999984741211,45.525001525878906,41.529998779296875,142.72999572753906,114.2699966430664,166.08999633789062,164.1999969482422,311.489990234375,1058.3900146484375,167.0,41.02000045776367,40.41999816894531,64.68000030517578,114.05000305175781,156.94000244140625,47.97999954223633,126.5,469.0400085449219,31.1200008392334,146.1999969482422,209.5500030517578,911.0,173.69000244140625,127.69000244140625,99.93000030517578,132.66000366210938,121.66000366210938,27.920000076293945,159.1199951171875,202.67999267578125,47.02000045776367,250.72000122070312,177.99000549316406,497.1199951171875,39.97999954223633,157.9600067138672,61.0,45.60499954223633,41.720001220703125,144.66000366210938,114.2699966430664,3527600,26980900,1000700,779800,39954000,17100700,9131500,6574100,2326200,3264200,3338400,1814100,993900,24065700,3246200,5560900,3078400,1344600,4002100,3112000,14507100,215749000,15180100,914100,4996200,6655500,1392200,11808700,2239200,3715500,1479900,6698800,16280000,21113200,7654000,7732900
2024-07-05,156.29541015625,171.89999389648438,292.3766784667969,1056.1781005859375,167.4513397216797,38.803009033203125,36.550445556640625,60.56174850463867,105.6426010131836,141.67247009277344,44.726409912109375,117.03819274902344,448.1856384277344,31.818159103393555,139.19586181640625,197.41783142089844,901.9725952148438,163.82618713378906,119.21417999267578,94.23185729980469,130.683349609375,125.76935577392578,24.574739456176758,145.99684143066406,197.89804077148438,43.894466400146484,251.80833435058594,179.79702758789062,469.1373291015625,36.221832275390625,144.45254516601562,56.97052001953125,42.59877014160156,40.440486907958984,140.17303466796875,106.16590881347656,167.25,171.89999389648438,310.8800048828125,1074.47998046875,170.33099365234375,40.40999984741211,39.65999984741211,64.02999877929688,112.55000305175781,154.30999755859375,47.029998779296875,124.94000244140625,464.75,32.02000045776367,146.47999572753906,204.7899932861328,914.5700073242188,170.74000549316406,126.44999694824219,99.58999633789062,131.60000610351562,125.83000183105469,28.049999237060547,156.50999450683594,205.75,46.13999938964844,254.75999450683594,183.99000549316406,488.010009765625,39.040000915527344,152.77999877929688,59.619998931884766,45.04999923706055,41.540000915527344,144.41000366210938,113.37000274658203,167.30999755859375,174.0399932861328,313.4100036621094,1082.7900390625,176.5469970703125,40.959999084472656,39.75,64.55999755859375,114.72000122070312,156.5500030517578,48.099998474121094,127.08999633789062,467.5799865722656,32.34000015258789,146.5500030517578,207.3699951171875,916.4600219726562,174.52000427246094,126.5999984741211,100.11000061035156,137.1300048828125,128.85000610351562,28.09000015258789,158.30999755859375,206.75,47.34000015258789,256.8299865722656,185.0800018310547,489.6700134277344,39.560001373291016,158.49000549316406,60.65999984741211,45.709999084472656,41.63999938964844,144.49000549316406,114.62999725341797,163.6300048828125,165.67999267578125,308.57000732421875,1069.3399658203125,169.60000610351562,40.290000915527344,39.349998474121094,63.75,112.13999938964844,153.67999267578125,46.810001373291016,124.44999694824219,460.1300048828125,31.309999465942383,144.5,204.52000427246094,896.9000244140625,169.69000244140625,124.91000366210938,98.91000366210938,130.91000366210938,125.68000030517578,27.670000076293945,155.89999389648438,203.97999572753906,45.959999084472656,253.27999877929688,182.3000030517578,484.5,38.88999938964844,152.07000732421875,59.11000061035156,44.849998474121094,41.29999923706055,142.8800048828125,112.69000244140625,164.72000122070312,165.97000122070312,311.0299987792969,1079.75,175.55599975585938,40.93000030517578,39.7400016784668,64.5,114.52999877929688,156.5500030517578,47.970001220703125,126.55000305175781,467.4700012207031,31.399999618530273,145.77000427246094,206.99000549316406,898.4299926757812,174.1300048828125,126.52999877929688,100.0999984741211,136.82000732421875,127.37999725341797,27.760000228881836,158.10000610351562,205.85000610351562,47.18000030517578,256.2799987792969,184.13999938964844,489.0,39.52000045776367,157.50999450683594,60.5,45.67499923706055,41.63999938964844,143.61000061035156,114.61000061035156,5978300,61857100,1274400,771100,45240000,23489000,12824400,7226200,4188300,6183100,6394700,3354600,1593800,45309400,4888500,8093100,2880900,1587400,6786700,3633200,30104600,214176700,17268700,975100,6375200,7917100,1823900,11372900,3499000,5656000,2416400,11436300,23450400,21421100,4846900,12631000
2024-07-08,155.61322021484375,178.69000244140625,292.92218017578125,1059.0389404296875,171.63441467285156,39.00465393066406,36.854576110839844,61.233280181884766,105.34223937988281,141.6907958984375,44.241390228271484,117.6845474243164,448.253173828125,33.77574157714844,138.24557495117188,197.78416442871094,905.3553466796875,160.68856811523438,118.58250427246094,95.17803955078125,129.89320373535156,128.13819885253906,24.4696102142334,148.1050567626953,199.9563751220703,43.989601135253906,256.5823669433594,182.37689208984375,470.4158630371094,36.611507415771484,139.89527893066406,56.387630462646484,42.33873748779297,40.33340072631836,140.01771545410156,105.05152893066406,166.52000427246094,178.69000244140625,311.4599914550781,1077.3900146484375,174.58599853515625,40.619998931884766,39.9900016784668,64.73999786376953,112.2300033569336,154.3300018310547,46.52000045776367,125.62999725341797,464.82000732421875,33.9900016784668,145.47999572753906,205.1699981689453,918.0,167.47000122070312,125.77999877929688,100.58999633789062,130.69000244140625,128.1999969482422,27.93000030517578,158.77000427246094,207.88999938964844,46.2400016784668,259.5899963378906,186.6300048828125,489.3399963378906,39.459999084472656,147.9600067138672,59.0099983215332,44.775001525878906,41.43000030517578,144.25,112.18000030517578,167.72000122070312,178.9499969482422,315.4800109863281,1087.7900390625,175.69000244140625,41.040000915527344,40.11000061035156,64.87000274658203,112.63999938964844,155.27999877929688,46.790000915527344,125.66000366210938,474.8599853515625,34.09000015258789,147.22000122070312,206.89999389648438,928.6099853515625,171.77999877929688,127.45999908447266,101.2699966430664,133.27000427246094,130.77000427246094,28.1200008392334,159.94000244140625,210.44000244140625,46.349998474121094,259.8999938964844,192.8000030517578,493.8800048828125,39.52000045776367,153.0,60.40999984741211,45.189998626708984,41.849998474121094,144.97000122070312,113.55000305175781,165.6199951171875,173.22000122070312,310.6099853515625,1075.8299560546875,170.5,40.43000030517578,39.5,64.22000122070312,111.31999969482422,153.32000732421875,45.52000045776367,123.91000366210938,464.0400085449219,32.81999969482422,145.25,203.97000122070312,912.0,166.74000549316406,125.33000183105469,99.83000183105469,130.08999633789062,127.04000091552734,27.790000915527344,157.57000732421875,206.14999389648438,45.779998779296875,256.69000244140625,185.1300048828125,486.1700134277344,39.04999923706055,147.8300018310547,58.65999984741211,44.599998474121094,41.380001068115234,143.8800048828125,111.41999816894531,166.5399932861328,174.89999389648438,311.3599853515625,1083.1500244140625,170.5,40.599998474121094,39.63999938964844,64.30000305175781,111.97000122070312,153.32000732421875,46.59000015258789,124.04000091552734,467.6499938964844,33.029998779296875,146.39999389648438,205.0399932861328,917.8900146484375,169.33999633789062,126.80000305175781,99.83000183105469,131.2899932861328,127.48999786376953,28.049999237060547,158.8699951171875,207.24000549316406,46.0099983215332,256.7099914550781,190.0,489.19000244140625,39.150001525878906,152.0,59.970001220703125,44.724998474121094,41.599998474121094,144.57000732421875,112.38999938964844,3500200,60223400,1167200,881900,36398000,26728500,13372700,10349000,4199600,4990700,11872600,2632000,2214300,82315900,5260200,8707000,2364600,1897400,5743400,3884400,20500700,237677300,25694400,1261500,6920400,5470400,2295500,22582400,3450600,5295000,2493700,12480000,19595000,27779300,4001500,13350500
2024-07-09,157.04298400878906,177.10000610351562,297.1072998046875,1041.915283203125,170.400634765625,39.77284240722656,37.65635299682617,62.945247650146484,104.3660659790039,140.45138549804688,43.80392074584961,117.72200775146484,455.9776611328125,34.3719596862793,139.7375030517578,200.1555938720703,919.6555786132812,156.3228302001953,118.82763671875,97.0893783569336,130.34043884277344,131.3166961669922,24.285625457763672,150.66099548339844,199.2157745361328,43.00021743774414,256.4637756347656,180.31495666503906,473.0787048339844,36.991912841796875,138.3257598876953,57.21897888183594,41.96522521972656,40.644935607910156,140.69717407226562,103.89033508300781,168.0500030517578,177.10000610351562,315.9100036621094,1059.969970703125,173.33099365234375,41.41999816894531,40.86000061035156,66.55000305175781,111.19000244140625,152.97999572753906,46.060001373291016,125.66999816894531,472.8299865722656,34.59000015258789,147.0500030517578,207.6300048828125,932.5,162.9199981689453,126.04000091552734,102.61000061035156,131.13999938964844,131.3800048828125,27.719999313354492,161.50999450683594,207.1199951171875,45.20000076293945,259.4700012207031,184.52000427246094,492.1099853515625,39.869998931884766,146.3000030517578,59.880001068115234,44.380001068115234,41.75,144.9499969482422,110.94000244140625,168.52999877929688,180.41000366210938,316.0799865722656,1081.52001953125,177.09800720214844,41.83000183105469,40.900001525878906,66.76000213623047,112.63999938964844,154.75999450683594,46.90999984741211,126.93000030517578,479.29998779296875,35.220001220703125,147.1300048828125,209.75999450683594,935.0,166.60000610351562,126.0999984741211,102.9000015258789,135.2100067138672,133.82000732421875,27.940000534057617,162.07000732421875,208.5500030517578,45.93000030517578,262.0799865722656,188.44000244140625,495.3999938964844,40.060001373291016,148.85000610351562,60.41999816894531,44.869998931884766,42.02000045776367,145.02999877929688,112.54000091552734,164.86000061035156,174.6999969482422,307.6300048828125,1059.3499755859375,170.55599975585938,40.599998474121094,39.709999084472656,64.73999786376953,110.66000366210938,152.35000610351562,45.880001068115234,123.81999969482422,461.5799865722656,33.720001220703125,145.17999267578125,205.4499969482422,920.780029296875,162.82000732421875,123.69999694824219,99.9800033569336,130.8800048828125,128.64999389648438,27.299999237060547,157.72000122070312,204.66000366210938,45.15999984741211,257.1300048828125,182.5,486.0899963378906,39.06999969482422,143.75,58.91999816894531,44.20000076293945,41.41999816894531,143.6999969482422,110.62000274658203,167.02000427246094,177.97000122070312,311.6199951171875,1079.699951171875,175.656005859375,40.7599983215332,39.810001373291016,64.80000305175781,110.91000366210938,153.0,46.099998474121094,123.87999725341797,465.6000061035156,35.02000045776367,145.6699981689453,205.6300048828125,929.0499877929688,164.0,125.23999786376953,100.5999984741211,131.75,130.35000610351562,27.8799991607666,158.0399932861328,206.47999572753906,45.88999938964844,260.75,188.08999633789062,488.3299865722656,39.18000030517578,144.3800048828125,59.08000183105469,44.33000183105469,41.470001220703125,144.55999755859375,111.11000061035156,4224600,43395600,1852500,925400,37802000,34697200,16368900,16904300,3460400,5301600,6198100,2859700,4525100,97546900,5890400,9058900,2416000,3709900,6339000,7113600,21850900,285366600,36867800,1878900,5272600,6740300,2374700,19935200,3056800,8003000,3027100,12233800,19086600,33140000,8336700,11727000
2024-07-10,157.12710571289062,183.9600067138672,302.5245056152344,1080.2314453125,171.51939392089844,40.08011245727539,37.895973205566406,63.35194396972656,105.62383270263672,142.42532348632812,43.6612663269043,118.23723602294922,461.8217468261719,34.65019226074219,141.99917602539062,200.3194580078125,926.8353881835938,155.61276245117188,120.01554107666016,97.89363098144531,135.55844116210938,134.84500122070312,24.837574005126953,153.26356506347656,200.8316650390625,43.076324462890625,262.41400146484375,186.6961669921875,481.5576477050781,37.85477828979492,137.00205993652344,57.06608581542969,42.2489013671875,40.800697326660156,142.02699279785156,104.80804443359375,168.13999938964844,183.9600067138672,321.6700134277344,1098.949951171875,174.468994140625,41.7400016784668,41.119998931884766,66.9800033569336,112.52999877929688,155.1300048828125,45.90999984741211,126.22000122070312,478.8900146484375,34.869998931884766,149.42999267578125,207.8000030517578,939.780029296875,162.17999267578125,127.30000305175781,103.45999908447266,136.38999938964844,134.91000366210938,28.350000381469727,164.3000030517578,208.8000030517578,45.279998779296875,265.489990234375,191.0500030517578,500.92999267578125,40.79999923706055,144.89999389648438,59.720001220703125,44.68000030517578,41.90999984741211,146.32000732421875,111.91999816894531,168.4499969482422,187.27999877929688,322.8800048828125,1100.5799560546875,176.6490020751953,41.7599983215332,41.16999816894531,66.98999786376953,112.62999725341797,155.44000244140625,46.15999984741211,126.33999633789062,479.8599853515625,34.970001220703125,149.47000122070312,207.97000122070312,945.6900024414062,163.8000030517578,127.4800033569336,103.51000213623047,136.5,135.10000610351562,28.40999984741211,164.4600067138672,209.24000549316406,45.29999923706055,266.0,191.4199981689453,501.5,40.83000183105469,146.83999633789062,59.9900016784668,44.69499969482422,41.91999816894531,146.33999633789062,111.95999908447266,166.11000061035156,177.8000030517578,314.6400146484375,1065.0,172.63600158691406,41.06999969482422,40.439998626708984,66.22000122070312,110.4800033569336,152.3000030517578,45.650001525878906,124.94000244140625,469.8500061035156,34.130001068115234,146.67999267578125,205.5800018310547,933.0,161.24000549316406,125.83000183105469,102.05999755859375,132.6999969482422,132.4199981689453,27.799999237060547,161.19000244140625,206.55999755859375,44.779998779296875,260.5799865722656,186.6999969482422,490.1199951171875,39.810001373291016,144.0800018310547,59.380001068115234,44.19499969482422,41.529998779296875,144.7899932861328,110.41999816894531,167.4499969482422,179.99000549316406,317.05999755859375,1069.18994140625,174.60000610351562,41.279998779296875,40.869998931884766,66.26000213623047,110.79000091552734,152.5,46.099998474121094,125.63999938964844,472.510009765625,34.439998626708984,147.25999450683594,206.13999938964844,936.5700073242188,162.00999450683594,125.87999725341797,102.51000213623047,133.10000610351562,134.02999877929688,27.829999923706055,161.25,208.74000549316406,45.099998474121094,261.8699951171875,188.27999877929688,490.94000244140625,40.0,145.5800018310547,59.540000915527344,44.33000183105469,41.54999923706055,145.11000061035156,110.91999816894531,3887800,90247000,2192100,925400,41074000,25333400,9672700,9817100,3867700,5416600,5700700,1835300,1946000,52256200,6093200,8328500,2683300,2457500,4588500,5619000,22460200,248978600,29873600,2218900,5159400,8538300,3075800,19293500,3189800,9598500,2640100,12097200,19320800,28445400,5342300,10004100
2024-07-11,158.7811737060547,181.94000244140625,305.74090576171875,1044.40234375,167.7108917236328,40.147335052490234,37.55497741699219,62.15074157714844,106.99422454833984,142.54464721679688,44.14628982543945,120.06390380859375,462.14959716796875,33.2888298034668,142.2557373046875,199.9820556640625,921.2730102539062,157.63734436035156,121.58998107910156,99.0101547241211,129.4359893798828,127.3386001586914,25.10916519165039,156.99488830566406,192.2232208251953,43.942039489746094,253.78517150878906,180.29542541503906,484.85498046875,38.90320587158203,138.64720153808594,57.486534118652344,42.6885986328125,41.12196731567383,143.02676391601562,106.05352020263672,169.91000366210938,181.94000244140625,325.0899963378906,1062.5,170.59500122070312,41.810001373291016,40.75,65.70999908447266,113.98999786376953,155.25999450683594,46.41999816894531,128.1699981689453,479.2300109863281,33.5,149.6999969482422,207.4499969482422,934.1400146484375,164.2899932861328,128.97000122070312,104.63999938964844,130.22999572753906,127.4000015258789,28.65999984741211,168.3000030517578,199.85000610351562,46.189998626708984,256.760009765625,184.5,504.3599853515625,41.93000030517578,146.63999938964844,60.15999984741211,45.14500045776367,42.2400016784668,147.35000610351562,113.25,170.35000610351562,187.11000061035156,327.989990234375,1110.0899658203125,176.48699951171875,41.900001525878906,41.65999984741211,66.5,114.37999725341797,156.67999267578125,46.540000915527344,128.52999877929688,483.1600036621094,35.150001525878906,150.5800018310547,208.10000610351562,942.8800048828125,165.9499969482422,129.1199951171875,105.29000091552734,136.42999267578125,136.14999389648438,29.229999542236328,169.11000061035156,210.1300048828125,46.310001373291016,267.239990234375,193.47000122070312,508.7300109863281,42.11000061035156,147.69000244140625,60.709999084472656,45.2400016784668,42.310001373291016,147.74000549316406,113.31999969482422,167.35000610351562,177.25,320.17999267578125,1061.56005859375,166.85000610351562,41.38999938964844,40.689998626708984,65.30999755859375,111.95999908447266,154.22000122070312,45.4900016784668,125.5999984741211,476.2699890136719,33.310001373291016,148.63999938964844,205.3800048828125,918.6199951171875,161.13999938964844,127.58999633789062,103.94000244140625,130.07000732421875,127.05000305175781,28.420000076293945,165.36000061035156,199.77000427246094,45.150001525878906,255.97000122070312,183.00999450683594,497.70001220703125,41.16999816894531,143.5399932861328,59.279998779296875,44.40999984741211,41.81999969482422,146.14999389648438,110.93000030517578,167.52000427246094,184.07000732421875,322.0,1109.97998046875,176.46600341796875,41.77000045776367,41.25,66.19000244140625,112.52999877929688,155.0,45.95000076293945,125.9800033569336,480.0,35.029998779296875,149.5800018310547,206.2100067138672,934.0900268554688,161.63999938964844,127.61000061035156,104.25,136.36000061035156,135.75,28.780000686645508,165.80999755859375,210.02000427246094,45.380001068115234,267.1499938964844,193.08999633789062,497.70001220703125,41.22999954223633,144.35000610351562,59.400001525878906,44.564998626708984,41.95000076293945,146.3300018310547,111.43000030517578,3689500,59231400,2254000,1151400,51026000,33824600,17883000,20112300,5839100,8322500,6879200,2402800,2251400,55213700,6350400,10658100,2855100,2212400,7048800,7761000,25401500,374782700,47322600,3299000,8602200,6239400,4689600,21584200,3535100,9239000,2137000,16852800,22684800,45836600,7690700,13082700
2024-07-12,159.12692260742188,181.61000061035156,311.1392517089844,1066.774658203125,167.1918182373047,39.936073303222656,37.28771209716797,61.02519607543945,106.19638061523438,142.8476104736328,44.20335006713867,120.79456329345703,462.77642822265625,34.27259063720703,142.42678833007812,197.5624542236328,935.336669921875,158.7599639892578,120.44921875,98.48974609375,132.73574829101562,129.177734375,25.33695411682129,157.23741149902344,194.70477294921875,44.16083526611328,256.8788757324219,183.08047485351562,491.74774169921875,39.060935974121094,139.85743713378906,54.02739715576172,42.79734420776367,41.25825500488281,143.9197540283203,106.07225799560547,170.27999877929688,181.61000061035156,330.8299865722656,1085.260009765625,170.06700134277344,41.59000015258789,40.459999084472656,64.5199966430664,113.13999938964844,155.58999633789062,46.47999954223633,128.9499969482422,479.8800048828125,34.4900016784668,149.8800048828125,204.94000244140625,948.4000244140625,165.4600067138672,127.76000213623047,104.08999633789062,133.5500030517578,129.24000549316406,28.920000076293945,168.55999755859375,202.42999267578125,46.41999816894531,259.8900146484375,187.35000610351562,511.5299987792969,42.099998474121094,147.9199981689453,56.540000915527344,45.2599983215332,42.380001068115234,148.27000427246094,113.2699966430664,171.6300048828125,186.99000549316406,333.8500061035156,1100.6199951171875,172.59100341796875,41.91999816894531,41.13999938964844,66.69000244140625,114.5999984741211,156.44000244140625,46.880001068115234,129.47000122070312,483.44000244140625,35.47999954223633,150.8800048828125,207.4499969482422,950.7899780273438,165.6699981689453,129.92999267578125,105.81999969482422,134.42999267578125,131.9199981689453,29.139999389648438,169.67999267578125,206.0800018310547,46.7599983215332,264.4200134277344,190.3800048828125,514.5700073242188,42.45000076293945,148.22000122070312,56.91999816894531,45.46500015258789,42.560001373291016,148.88999938964844,114.1500015258789,169.89999389648438,179.69000244140625,326.010009765625,1066.300048828125,169.13099670410156,41.09000015258789,40.349998474121094,63.349998474121094,112.8499984741211,154.55999755859375,46.220001220703125,127.75,478.1000061035156,33.77000045776367,149.24000549316406,202.10000610351562,936.030029296875,162.11000061035156,127.31999969482422,103.97000122070312,130.72000122070312,127.22000122070312,28.790000915527344,167.1699981689453,200.25,46.15999984741211,256.55999755859375,182.75,503.42999267578125,41.65999984741211,145.11000061035156,55.599998474121094,44.92499923706055,42.08000183105469,147.74000549316406,112.62999725341797,170.6300048828125,182.02000427246094,327.82000732421875,1072.760009765625,171.10299682617188,41.4900016784668,41.06999969482422,66.61000061035156,114.4000015258789,156.16000366210938,46.790000915527344,129.35000610351562,480.92999267578125,33.77000045776367,150.0,204.0,937.0,165.3800048828125,129.39999389648438,105.0,131.75,128.25999450683594,28.899999618530273,167.5,201.66000366210938,46.7599983215332,257.8399963378906,183.07000732421875,506.9200134277344,41.97999954223633,148.0,56.20000076293945,45.400001525878906,42.189998626708984,147.85000610351562,113.98999786376953,4133500,50827400,2191300,1053800,30453000,31856600,16677500,30125400,4505900,6446300,4954300,2032100,2727800,62792600,5336400,15443400,2315100,2256500,7022300,7060600,20726900,252680500,28397000,2435900,7217200,6584000,2929500,19220300,3570600,8322000,2311200,53042800,18117200,39041200,6614600,11684900
2024-07-15,158.4667510986328,179.8300018310547,310.49969482421875,1045.512939453125,168.52195739746094,40.224143981933594,37.00202560424805,61.61161422729492,107.53863525390625,145.0969696044922,45.696449279785156,124.26057434082031,474.6862487792969,34.242774963378906,141.81861877441406,202.48846435546875,937.3682861328125,159.9593505859375,120.78860473632812,99.5968017578125,130.07208251953125,128.3780975341797,25.494651794433594,159.17745971679688,200.2353057861328,45.625892639160156,257.16552734375,180.99900817871094,495.439208984375,39.29289245605469,140.64222717285156,55.16451644897461,43.445072174072266,41.861846923828125,143.41502380371094,107.88896942138672,168.02999877929688,179.8300018310547,330.1499938964844,1063.6300048828125,171.4199981689453,41.88999938964844,40.150001525878906,65.13999938964844,114.56999969482422,158.0399932861328,48.04999923706055,132.64999389648438,492.2300109863281,34.459999084472656,149.24000549316406,210.0500030517578,950.4600219726562,166.7100067138672,128.1199951171875,105.26000213623047,130.8699951171875,128.44000244140625,29.100000381469727,169.02000427246094,208.17999267578125,47.959999084472656,260.17999267578125,185.22000122070312,515.3699951171875,42.349998474121094,148.75,57.72999954223633,45.94499969482422,43.0,147.75,115.20999908447266,170.3699951171875,185.5,332.80999755859375,1098.72998046875,173.50999450683594,42.22999954223633,40.650001525878906,65.55000305175781,115.19999694824219,159.52000427246094,48.66999816894531,134.32000732421875,493.0,35.22999954223633,150.25,211.61000061035156,966.0999755859375,168.66000366210938,128.33999633789062,106.52999877929688,135.35000610351562,131.38999938964844,29.270000457763672,170.91000366210938,209.24000549316406,48.68000030517578,263.6300048828125,190.05999755859375,530.8300170898438,42.93000030517578,150.0500030517578,58.2400016784668,46.36000061035156,43.040000915527344,148.97999572753906,116.16000366210938,167.4199981689453,178.5399932861328,327.8699951171875,1060.3699951171875,169.25999450683594,41.70000076293945,39.91999816894531,63.880001068115234,113.0199966430664,156.3699951171875,46.68000030517578,129.64999389648438,476.30999755859375,34.310001373291016,148.8699951171875,206.72000122070312,948.0900268554688,166.07000732421875,127.19999694824219,103.23999786376953,130.02999877929688,127.18000030517578,28.829999923706055,167.75,202.7899932861328,46.56999969482422,258.5899963378906,184.0800018310547,513.7999877929688,42.31999969482422,147.50999450683594,57.040000915527344,45.404998779296875,42.5,147.52999877929688,113.58000183105469,168.91000366210938,184.4499969482422,331.8800048828125,1097.43994140625,170.0,41.849998474121094,40.630001068115234,64.68000030517578,114.01000213623047,156.9499969482422,46.95000076293945,130.25,480.25,34.70000076293945,150.0800018310547,207.19000244140625,956.2000122070312,166.82000732421875,128.0,103.94000244140625,133.91000366210938,130.55999755859375,29.030000686645508,168.75,203.0,46.790000915527344,261.3500061035156,188.67999267578125,524.239990234375,42.599998474121094,148.58999633789062,57.04999923706055,45.58000183105469,42.529998779296875,148.83999633789062,114.2699966430664,2395100,42202700,1688800,1365600,22999200,36648100,17858100,16656600,5118100,5661200,8391700,3532200,3568200,39847900,6711400,10719700,2358700,2198800,6918500,10093900,20416000,208326200,30534400,2719200,7463700,11441800,3202200,15683100,5128000,10435600,2442100,27277300,30792000,46561200,5804100,13032500
2024-07-16,159.5701904296875,177.5500030517578,313.311767578125,1049.9952392578125,166.5164337158203,42.37507247924805,37.969703674316406,63.62623596191406,108.12059020996094,144.84909057617188,45.87714385986328,123.20205688476562,485.0917053222656,34.12353515625,143.50059509277344,205.92996215820312,928.6302490234375,160.88046264648438,118.26197814941406,100.5051498413086,126.71269226074219,126.29911041259766,25.845096588134766,166.67391967773438,201.6395721435547,46.34890365600586,258.7568664550781,181.80030822753906,527.6436767578125,40.16503143310547,140.7178497314453,57.5629768371582,43.638916015625,42.3388786315918,145.46315002441406,108.6662368774414,169.1999969482422,177.5500030517578,333.1400146484375,1068.18994140625,169.3800048828125,44.130001068115234,41.20000076293945,67.2699966430664,115.19000244140625,157.77000427246094,48.2400016784668,131.52000427246094,503.0199890136719,34.34000015258789,151.00999450683594,213.6199951171875,941.5999755859375,167.6699981689453,125.44000244140625,106.22000122070312,127.48999786376953,126.36000061035156,29.5,176.97999572753906,209.63999938964844,48.720001220703125,261.7900085449219,186.0399932861328,548.8699951171875,43.290000915527344,148.8300018310547,60.2400016784668,46.150001525878906,43.4900016784668,149.86000061035156,116.04000091552734,169.85000610351562,179.75,335.9100036621094,1077.050048828125,172.80999755859375,44.400001525878906,41.27000045776367,67.5199966430664,115.41999816894531,158.30999755859375,48.54999923706055,133.07000732421875,506.5899963378906,34.45000076293945,151.0800018310547,213.74000549316406,956.3900146484375,167.99000549316406,129.02999877929688,109.11000061035156,130.97000122070312,129.0399932861328,29.559999465942383,177.8300018310547,211.08999633789062,48.95000076293945,262.1400146484375,189.58999633789062,549.9199829101562,43.439998626708984,149.33999633789062,60.619998931884766,46.19499969482422,43.5099983215332,149.88999938964844,116.3499984741211,167.25999450683594,174.52999877929688,328.0,1060.739990234375,166.39999389648438,42.220001220703125,40.09000015258789,64.69999694824219,113.1500015258789,156.14999389648438,47.470001220703125,131.1999969482422,491.989990234375,33.84000015258789,149.16000366210938,208.0800018310547,938.3800048828125,163.77999877929688,125.19999694824219,102.80999755859375,127.23999786376953,124.58000183105469,29.1200008392334,168.75,206.6199951171875,47.439998626708984,257.5899963378906,185.02000427246094,527.1300048828125,42.349998474121094,145.89999389648438,57.529998779296875,45.51499938964844,42.95000076293945,148.30999755859375,113.70999908447266,168.60000610351562,179.69000244140625,330.4599914550781,1074.52001953125,172.39999389648438,42.52000045776367,40.150001525878906,65.0,113.72000122070312,157.00999450683594,47.689998626708984,132.33999633789062,494.0,34.36000061035156,149.69000244140625,210.0,955.75,165.52999877929688,127.87000274658203,104.12999725341797,130.4199981689453,128.44000244140625,29.200000762939453,168.75,210.0,47.5099983215332,261.5299987792969,188.27000427246094,533.9000244140625,42.58000183105469,147.85000610351562,58.040000915527344,45.75,43.029998779296875,148.63999938964844,114.3499984741211,3829500,40633100,1879400,1197600,22244900,75953300,13739600,21170200,4633700,6924200,6136800,2925300,3981700,28409900,6469600,11557000,2111800,2271600,8194400,16716400,21312600,214769500,26912100,5412700,5998500,8220200,2595100,16663300,11062000,12869800,2483300,25577300,24129400,52243100,7602500,13614100
2024-07-17,165.29469299316406,159.42999267578125,315.69122314453125,916.18408203125,153.34298706054688,42.231040954589844,39.766815185546875,63.94783401489258,108.95596313476562,148.02572631835938,46.26706314086914,124.87163543701172,484.2815856933594,34.242774963378906,148.7936248779297,209.06295776367188,893.1163330078125,158.8559112548828,118.68623352050781,101.20533752441406,118.77141571044922,117.93313598632812,26.309431076049805,169.2449493408203,184.28807067871094,46.52014923095703,240.35260009765625,167.2985076904297,551.1096801757812,41.99282455444336,141.871337890625,58.20320129394531,44.07389450073242,42.66014099121094,146.12318420410156,110.16455841064453,175.27000427246094,159.42999267578125,335.6700134277344,932.0599975585938,155.97999572753906,43.97999954223633,43.150001525878906,67.61000061035156,116.08000183105469,161.22999572753906,48.650001525878906,132.3800048828125,502.17999267578125,34.459999084472656,156.5800018310547,216.8699951171875,905.5900268554688,165.55999755859375,125.88999938964844,106.95999908447266,119.5,117.98999786376953,30.030000686645508,179.7100067138672,191.60000610351562,48.900001525878906,243.1699981689453,171.1999969482422,573.280029296875,45.2599983215332,150.0500030517578,60.90999984741211,46.61000061035156,43.81999969482422,150.5399932861328,117.63999938964844,175.74000549316406,169.8000030517578,336.6099853515625,979.989990234375,162.83999633789062,44.439998626708984,43.52000045776367,67.80999755859375,117.4000015258789,161.47999572753906,49.349998474121094,133.11000061035156,509.4800109863281,37.15999984741211,157.49000549316406,217.55999755859375,925.0,172.47999572753906,126.69000244140625,107.70999908447266,123.02999877929688,121.8499984741211,30.299999237060547,180.86000061035156,200.0,49.2599983215332,253.66000366210938,176.5800018310547,573.6099853515625,45.65999984741211,154.27000427246094,61.0,46.90999984741211,43.900001525878906,151.3300018310547,118.18000030517578,169.50999450683594,159.3699951171875,328.6000061035156,928.7000122070312,155.61000061035156,43.650001525878906,41.20000076293945,66.62000274658203,115.52999877929688,158.2899932861328,48.43000030517578,130.7100067138672,499.42999267578125,34.400001525878906,151.4199981689453,213.27000427246094,902.6400146484375,164.1699981689453,124.55999755859375,104.52999877929688,119.2300033569336,116.72000122070312,29.309999465942383,176.55999755859375,190.55999755859375,48.560001373291016,242.77999877929688,170.50999450683594,551.2999877929688,43.79999923706055,149.3300018310547,59.88999938964844,46.244998931884766,43.369998931884766,148.63999938964844,116.55000305175781,169.50999450683594,169.8000030517578,330.0,978.5800170898438,162.30999755859375,43.650001525878906,41.20000076293945,66.83999633789062,115.75,158.5,48.43000030517578,130.72000122070312,503.0,36.08000183105469,151.5500030517578,213.8000030517578,910.010009765625,168.0,125.47000122070312,105.08999633789062,122.58000183105469,121.3499984741211,29.420000076293945,177.39999389648438,199.72999572753906,48.75,252.75,175.22000122070312,554.0,43.97999954223633,150.14999389648438,60.15999984741211,46.255001068115234,43.439998626708984,148.8300018310547,116.73999786376953,6983200,76954200,1933200,5188400,43343400,65713600,18639200,17215300,6484000,7296600,7723900,2413500,3908900,112304200,13801400,11572500,4200600,3218600,7628000,11412000,31414100,390086200,45395000,2562500,16156200,8453300,9101600,45052600,10330800,21306500,4185200,17371100,29435400,54773300,10395500,13602800
2024-07-18,161.39976501464844,155.77000427246094,311.27093505859375,908.408935546875,157.8062286376953,41.29961395263672,39.0663948059082,61.375152587890625,109.45343780517578,148.7051239013672,46.086368560791016,124.73015594482422,468.8808288574219,34.65019226074219,147.69129943847656,202.4209747314453,837.2071533203125,157.85804748535156,117.14006805419922,99.17100524902344,116.73389434814453,121.03163146972656,26.029077529907227,165.81690979003906,184.1533966064453,46.34890365600586,241.0741424560547,167.9532470703125,542.5155029296875,41.204185485839844,139.72509765625,56.607418060302734,44.15426254272461,42.144168853759766,142.8035125732422,111.2508544921875,171.13999938964844,155.77000427246094,330.9700012207031,924.1500244140625,160.52000427246094,43.0099983215332,42.38999938964844,64.88999938964844,116.61000061035156,161.97000122070312,48.459999084472656,132.22999572753906,486.2099914550781,34.869998931884766,155.4199981689453,209.97999572753906,848.9000244140625,164.52000427246094,124.25,104.80999755859375,117.44999694824219,121.08999633789062,29.709999084472656,176.07000732421875,191.4600067138672,48.720001220703125,243.89999389648438,171.8699951171875,564.3400268554688,44.40999984741211,147.77999877929688,59.2400016784668,46.69499969482422,43.290000915527344,147.1199951171875,118.80000305175781,176.67999267578125,163.41000366210938,338.9800109863281,957.2100219726562,161.50999450683594,44.2400016784668,44.2400016784668,67.75,118.4000015258789,164.27999877929688,49.08000183105469,134.74000549316406,503.69000244140625,36.29999923706055,157.07000732421875,216.63999938964844,909.8699951171875,168.25,125.5999984741211,107.62999725341797,121.63999938964844,122.4000015258789,30.690000534057617,180.97000122070312,193.89999389648438,49.34000015258789,247.52000427246094,178.69000244140625,581.5,45.630001068115234,152.10000610351562,60.81999969482422,47.255001068115234,44.11000061035156,150.55999755859375,119.91999816894531,170.72000122070312,153.1999969482422,330.6700134277344,911.0,153.89999389648438,42.93000030517578,42.369998931884766,64.83999633789062,115.3499984741211,160.24000549316406,48.27000045776367,131.38999938964844,484.2200012207031,34.529998779296875,154.6199951171875,209.24000549316406,836.6599731445312,164.02999877929688,122.37000274658203,104.33000183105469,114.08999633789062,116.55999755859375,29.6299991607666,174.97999572753906,186.9499969482422,48.58000183105469,239.64999389648438,164.50999450683594,561.4199829101562,44.369998931884766,147.69000244140625,58.9900016784668,46.39500045776367,43.189998626708984,146.86000061035156,117.44000244140625,174.4499969482422,163.41000366210938,334.20001220703125,953.5,158.88999938964844,43.619998931884766,42.439998626708984,67.55000305175781,116.30000305175781,161.22999572753906,48.380001068115234,131.72999572753906,499.5199890136719,34.959999084472656,155.60000610351562,215.6300048828125,907.030029296875,167.0,125.30000305175781,106.52999877929688,120.5,121.8499984741211,29.90999984741211,178.4600067138672,193.77999877929688,48.77000045776367,247.41000366210938,175.5,564.5,44.790000915527344,151.02000427246094,60.619998931884766,46.560001373291016,43.66999816894531,149.5800018310547,117.94999694824219,5957800,69420300,2228400,2242200,37973500,48549200,19434500,15796200,5957100,6577700,4782600,2155600,3320200,84188600,10166200,12415100,7649600,3014600,9501400,9130700,30404900,320979500,47279700,2183800,9960600,10758700,5274000,52903600,6834800,17219300,2327700,17739000,32867600,58731300,11033400,13033600
2024-07-19,162.51260375976562,151.5800018310547,311.5718994140625,880.119140625,154.68983459472656,41.19398498535156,39.296791076660156,61.61161422729492,107.33212280273438,146.11607360839844,45.40163803100586,121.91917419433594,467.64642333984375,32.7721061706543,146.99758911132812,202.2281951904297,845.6591186523438,158.47210693359375,118.57308197021484,96.59734344482422,113.56336212158203,117.87316131591797,26.256860733032227,165.2895050048828,179.103759765625,47.25266647338867,233.70059204101562,161.9922637939453,543.4671020507812,41.52891540527344,140.24508666992188,56.597862243652344,43.6720085144043,41.71581268310547,143.531494140625,108.69432830810547,172.32000732421875,151.5800018310547,331.2900085449219,895.3699951171875,157.35000610351562,42.900001525878906,42.63999938964844,65.13999938964844,114.3499984741211,159.14999389648438,47.7400016784668,129.25,484.92999267578125,32.97999954223633,154.69000244140625,209.77999877929688,857.469970703125,165.16000366210938,125.7699966430664,102.08999633789062,114.26000213623047,117.93000030517578,29.969999313354492,175.50999450683594,186.2100067138672,49.66999816894531,236.44000244140625,165.77000427246094,565.3300170898438,44.7599983215332,148.3300018310547,59.22999954223633,46.185001373291016,42.849998474121094,147.8699951171875,116.06999969482422,173.85000610351562,155.80999755859375,333.9800109863281,920.3400268554688,163.9499969482422,43.560001373291016,42.83000183105469,65.9800033569336,117.31999969482422,162.6999969482422,48.400001525878906,132.42999267578125,492.6000061035156,34.58000183105469,156.50999450683594,212.35000610351562,880.2100219726562,166.8800048828125,126.98999786376953,104.72000122070312,117.20999908447266,121.5999984741211,30.0,177.92999267578125,193.08999633789062,50.939998626708984,243.6999969482422,170.52000427246094,569.9000244140625,44.970001220703125,149.32000732421875,59.77000045776367,46.939998626708984,43.36000061035156,148.5800018310547,118.87999725341797,171.22000122070312,150.6199951171875,328.42999267578125,891.6599731445312,157.1199951171875,42.689998626708984,41.61000061035156,64.55000305175781,114.2300033569336,158.41000366210938,47.529998779296875,128.60000610351562,483.19000244140625,32.849998474121094,154.1199951171875,208.9199981689453,853.0,164.00999450683594,125.18000030517578,101.7300033569336,113.8499984741211,117.37000274658203,29.549999237060547,174.1999969482422,185.75999450683594,48.349998474121094,236.0399932861328,165.22000122070312,561.5399780273438,44.2599983215332,146.6300048828125,59.11000061035156,46.064998626708984,42.79999923706055,147.27999877929688,115.87000274658203,173.6699981689453,154.86000061035156,333.6499938964844,915.22998046875,161.83999633789062,42.86000061035156,42.630001068115234,64.93000030517578,117.16000366210938,162.47999572753906,48.400001525878906,132.39999389648438,489.1199951171875,34.56999969482422,156.50999450683594,211.1999969482422,867.6599731445312,165.63999938964844,125.30000305175781,104.70999908447266,116.69000244140625,120.3499984741211,29.940000534057617,176.6699981689453,191.69000244140625,49.47999954223633,243.55999755859375,169.1699981689453,567.1199951171875,44.7400016784668,148.74000549316406,59.29999923706055,46.619998931884766,43.27000045776367,147.86000061035156,118.58999633789062,4293600,47513100,1848700,2133600,26309500,43903000,12839900,8583100,7559100,6427700,4995500,3215700,2032700,69628700,7398000,8095900,3782200,3037100,6848800,12555900,18038900,217223800,30021200,1601100,9195700,17681000,4983500,22585300,4290400,11842300,1582400,12362800,26500200,47220000,5985700,16157700
2024-07-22,163.72918701171875,155.8699951171875,315.9733581542969,925.2273559570312,158.3370819091797,40.61784744262695,39.32444381713867,61.006282806396484,105.42671966552734,144.1329803466797,44.5076789855957,119.72132110595703,469.6812744140625,33.15964889526367,146.56996154785156,202.71018981933594,854.0418701171875,159.18214416503906,118.49767303466797,96.92851257324219,114.57713317871094,123.48046875,25.93270492553711,166.83401489257812,187.52943420410156,47.03386688232422,243.3870391845703,165.49066162109375,536.9301147460938,41.78871154785156,140.89752197265625,56.51185989379883,43.39779281616211,41.949459075927734,144.3565673828125,107.94515991210938,173.61000061035156,155.8699951171875,335.9700012207031,941.260009765625,161.05999755859375,42.29999923706055,42.66999816894531,64.5,112.31999969482422,156.99000549316406,46.79999923706055,126.91999816894531,487.0400085449219,33.369998931884766,154.24000549316406,210.27999877929688,865.969970703125,165.89999389648438,125.69000244140625,102.44000244140625,115.27999877929688,123.54000091552734,29.600000381469727,177.14999389648438,194.97000122070312,49.439998626708984,246.24000549316406,169.35000610351562,558.530029296875,45.040000915527344,149.02000427246094,59.13999938964844,45.89500045776367,43.09000015258789,148.72000122070312,115.2699966430664,174.72999572753906,156.6999969482422,337.0899963378906,942.5700073242188,162.99000549316406,42.869998931884766,42.97999954223633,65.6500015258789,113.66999816894531,158.97999572753906,47.5099983215332,128.94000244140625,489.4700012207031,33.40999984741211,155.11000061035156,212.1699981689453,874.4199829101562,167.69000244140625,126.48999786376953,103.2300033569336,115.58000183105469,124.06999969482422,30.229999542236328,177.22999572753906,195.5,50.52000045776367,246.44000244140625,170.8800048828125,564.25,45.220001220703125,149.6699981689453,59.38999938964844,46.15999984741211,43.16999816894531,148.99000549316406,115.94000244140625,172.0,152.5399932861328,332.4700012207031,922.010009765625,157.89999389648438,41.959999084472656,42.369998931884766,64.1500015258789,112.0999984741211,156.85000610351562,46.459999084472656,126.83999633789062,482.3800048828125,32.7599983215332,153.58999633789062,209.7100067138672,856.8200073242188,164.1199951171875,125.02999877929688,101.94999694824219,113.63999938964844,119.86000061035156,29.3799991607666,173.00999450683594,189.0500030517578,49.22999954223633,239.5,166.17999267578125,557.0800170898438,43.959999084472656,146.1199951171875,58.540000915527344,45.6349983215332,42.75,147.8800048828125,114.58000183105469,173.32000732421875,154.22999572753906,333.2300109863281,928.1900024414062,160.22999572753906,42.63999938964844,42.43000030517578,65.13999938964844,113.5999984741211,158.22000122070312,47.5,128.6300048828125,484.55999755859375,33.279998779296875,154.77000427246094,210.4600067138672,864.7999877929688,165.10000610351562,125.94999694824219,102.47000122070312,115.36000061035156,120.3499984741211,30.110000610351562,175.19000244140625,191.0,49.34000015258789,241.52000427246094,166.61000061035156,563.0499877929688,44.630001068115234,147.5,59.2599983215332,45.939998626708984,42.95000076293945,148.6199951171875,115.18000030517578,4066900,43912500,1733700,1926800,28813300,42838300,10115500,9925100,5172800,5577300,5634900,2088100,1792500,48503700,6840600,7663200,2904500,2620900,4341800,8931200,23837800,258068900,46483200,1995200,7590000,11212800,4941700,21037200,3377300,12327600,2435400,13638600,21527600,29071100,5190200,12065900
2024-07-23,163.29537963867188,154.0,313.4057922363281,916.9212646484375,161.00128173828125,40.723472595214844,39.610137939453125,61.15761947631836,104.02816772460938,141.470458984375,43.70882034301758,117.81590270996094,474.60906982421875,32.7422981262207,144.77395629882812,202.75840759277344,866.1923217773438,157.33029174804688,117.26262664794922,97.93148803710938,113.55342102050781,122.53089904785156,25.845096588134766,168.2184295654297,185.97128295898438,46.662841796875,239.7595672607422,165.949951171875,533.2482299804688,42.26189041137695,138.86468505859375,57.01830291748047,42.707515716552734,42.02733612060547,144.26922607421875,106.203369140625,173.14999389648438,154.0,333.239990234375,932.8099975585938,163.77000427246094,42.40999984741211,42.97999954223633,64.66000366210938,110.83000183105469,154.08999633789062,45.959999084472656,124.9000015258789,492.1499938964844,32.95000076293945,152.35000610351562,210.3300018310547,878.2899780273438,163.97000122070312,124.37999725341797,103.5,114.25,122.58999633789062,29.5,178.6199951171875,193.35000610351562,49.04999923706055,242.57000732421875,169.82000732421875,554.7000122070312,45.54999923706055,146.8699951171875,59.66999816894531,45.165000915527344,43.16999816894531,148.6300048828125,113.41000366210938,174.58999633789062,157.0500030517578,337.0400085449219,940.4099731445312,165.3300018310547,42.779998779296875,43.08000183105469,65.04000091552734,112.05000305175781,156.60000610351562,46.65999984741211,126.18000030517578,495.80999755859375,33.22999954223633,153.5,211.47999572753906,887.719970703125,166.30999755859375,125.62000274658203,104.16999816894531,116.33999633789062,124.69000244140625,29.639999389648438,179.60000610351562,196.24000549316406,49.93000030517578,245.0800018310547,171.5399932861328,558.8400268554688,45.68000030517578,149.4199981689453,59.90999984741211,45.80500030517578,43.38999938964844,149.4199981689453,115.16999816894531,172.77000427246094,153.8000030517578,331.30999755859375,929.1799926757812,159.89999389648438,42.150001525878906,41.900001525878906,64.27999877929688,110.06999969482422,153.83999633789062,45.77000045776367,124.12000274658203,486.2799987792969,32.83000183105469,151.57000732421875,209.35000610351562,864.0800170898438,163.5500030517578,124.18000030517578,102.18000030517578,113.83000183105469,122.0999984741211,29.329999923706055,175.7100067138672,192.14999389648438,48.65999984741211,241.83999633789062,167.97000122070312,552.8099975585938,44.68000030517578,146.4199981689453,59.040000915527344,45.11000061035156,43.099998474121094,148.47000122070312,113.16999816894531,173.32000732421875,154.9499969482422,334.3599853515625,935.3800048828125,160.39999389648438,42.220001220703125,42.439998626708984,64.51000213623047,111.8499984741211,156.35000610351562,46.540000915527344,125.88999938964844,487.0799865722656,32.959999084472656,153.30999755859375,211.02000427246094,870.0,165.89999389648438,124.98999786376953,102.44999694824219,115.12999725341797,122.77999877929688,29.6200008392334,176.50999450683594,194.1999969482422,49.290000915527344,242.88999938964844,169.4199981689453,558.7899780273438,44.84000015258789,148.89999389648438,59.20000076293945,45.76499938964844,43.20000076293945,149.3300018310547,114.80999755859375,2933800,31950600,1458200,1056200,21570200,36705100,17688600,6961200,5714300,6238700,6678400,3676600,2020500,29466400,6261900,5557300,2087700,2018200,4285400,7400600,14707700,173911000,25528300,1401200,5796700,10099000,2418700,11690700,2785600,8131500,1793700,10927800,33103800,23800400,3553300,11251700
2024-07-24,166.1812286376953,144.6300048828125,315.634765625,857.8843383789062,148.7814178466797,40.5122184753418,41.15842056274414,60.21178436279297,104.28157806396484,142.3702392578125,43.34743118286133,118.00455474853516,469.3533630371094,31.50017547607422,148.508544921875,201.08103942871094,848.035888671875,160.76535034179688,118.71450805664062,96.48381805419922,109.60761260986328,114.19493865966797,26.265623092651367,167.0694580078125,174.15989685058594,45.69248580932617,227.00901794433594,156.15830993652344,538.1029663085938,41.53820037841797,140.70838928222656,56.798526763916016,42.71223831176758,41.452964782714844,145.47283935546875,107.70169067382812,176.2100067138672,144.6300048828125,335.6099853515625,872.75,151.33999633789062,42.189998626708984,44.65999984741211,63.65999984741211,111.0999984741211,155.07000732421875,45.58000183105469,125.0999984741211,486.70001220703125,31.700000762939453,156.27999877929688,208.58999633789062,859.8800048828125,167.5500030517578,125.91999816894531,101.97000122070312,110.27999877929688,114.25,29.979999542236328,177.39999389648438,181.07000732421875,48.029998779296875,229.6699981689453,159.8000030517578,559.75,44.77000045776367,148.82000732421875,59.439998626708984,45.16999816894531,42.58000183105469,149.8699951171875,115.01000213623047,176.60000610351562,153.67999267578125,337.17999267578125,919.6699829101562,161.41000366210938,42.75,44.779998779296875,64.66999816894531,112.41999816894531,155.6999969482422,46.630001068115234,126.63999938964844,495.989990234375,32.79999923706055,156.41000366210938,212.02999877929688,878.3400268554688,167.72999572753906,126.16999816894531,104.0,114.04000091552734,119.94999694824219,29.989999771118164,180.64999389648438,189.61000061035156,49.18000030517578,239.88999938964844,165.4499969482422,561.1300048828125,45.84000015258789,149.60000610351562,60.209999084472656,45.57500076293945,43.130001068115234,150.05999755859375,115.19999694824219,172.9499969482422,144.52999877929688,330.3399963378906,870.760009765625,151.10000610351562,42.06999969482422,43.25,63.560001373291016,110.51000213623047,153.4199981689453,45.560001373291016,124.63999938964844,485.82000732421875,31.65999984741211,152.3300018310547,208.07000732421875,854.27001953125,163.72000122070312,124.68000030517578,101.75,110.0,113.44000244140625,29.309999465942383,176.4600067138672,180.69000244140625,47.86000061035156,229.35000610351562,159.58999633789062,553.02001953125,44.709999084472656,145.08999633789062,59.369998931884766,44.86000061035156,42.58000183105469,148.2100067138672,113.06999969482422,173.1999969482422,152.72000122070312,333.25,918.1599731445312,160.35000610351562,42.279998779296875,43.25,64.4000015258789,111.72000122070312,154.69000244140625,46.310001373291016,125.91000366210938,489.260009765625,32.529998779296875,152.75999450683594,209.5500030517578,872.5,164.0500030517578,124.97000122070312,102.86000061035156,111.47000122070312,119.16999816894531,29.510000228881836,179.49000549316406,189.33999633789062,49.099998474121094,239.25999450683594,165.08999633789062,560.0,45.59000015258789,147.19000244140625,59.77000045776367,45.28499984741211,43.040000915527344,148.7100067138672,113.7699966430664,6117700,49203100,2459300,1912000,37162600,36567200,20392800,11591100,4808000,5971700,5279000,2209700,1598600,62216700,7168200,7119000,2726100,2534900,6338500,7967400,25261000,327776900,29579400,2710400,13295300,8552900,5738900,19536600,3156200,8059400,3770300,10777100,29328600,47786900,6870400,14925200
2024-07-25,171.80198669433594,138.32000732421875,314.4027404785156,847.9367065429688,146.736572265625,40.022499084472656,41.7205924987793,60.883331298828125,104.21588134765625,144.63792419433594,44.01314163208008,119.83452606201172,474.1847839355469,30.90395736694336,151.70144653320312,201.15817260742188,809.8788452148438,164.5553741455078,118.64851379394531,97.98826599121094,106.79487609863281,112.22589874267578,26.440845489501953,169.51805114746094,168.69667053222656,45.88275909423828,221.94834899902344,156.62738037109375,538.03564453125,41.83510208129883,148.4425506591797,57.046974182128906,43.449798583984375,41.608726501464844,144.7448272705078,109.96791076660156,182.1699981689453,138.32000732421875,334.29998779296875,862.6300048828125,149.25999450683594,41.68000030517578,45.27000045776367,64.37000274658203,111.02999877929688,157.5399932861328,46.279998779296875,127.04000091552734,491.7099914550781,31.100000381469727,159.63999938964844,208.6699981689453,821.1900024414062,171.5,125.8499984741211,103.55999755859375,107.44999694824219,112.27999877929688,30.18000030517578,180.0,175.38999938964844,48.22999954223633,224.5500030517578,160.27999877929688,559.6799926757812,45.09000015258789,157.0,59.70000076293945,45.95000076293945,42.7400016784668,149.1199951171875,117.43000030517578,186.11000061035156,144.75,346.8500061035156,886.3699951171875,153.5500030517578,42.29999923706055,45.970001220703125,65.6500015258789,112.04000091552734,158.25999450683594,46.650001525878906,128.05999755859375,496.1099853515625,31.989999771118164,160.5800018310547,210.19000244140625,851.6199951171875,172.57000732421875,127.8499984741211,104.19000244140625,110.69999694824219,116.62999725341797,30.93000030517578,182.50999450683594,180.24000549316406,48.900001525878906,232.05999755859375,163.39999389648438,569.8900146484375,45.720001220703125,158.83999633789062,60.72999954223633,46.095001220703125,43.369998931884766,151.52999877929688,118.02999877929688,171.8000030517578,136.80999755859375,333.0199890136719,850.1799926757812,145.52000427246094,41.65999984741211,44.4900016784668,63.34000015258789,110.44999694824219,154.6199951171875,45.4900016784668,125.30000305175781,483.2300109863281,30.950000762939453,156.0,208.0500030517578,806.3800048828125,165.8300018310547,125.70999908447266,101.8499984741211,105.04000091552734,106.30000305175781,29.969999313354492,177.5500030517578,173.27000427246094,47.689998626708984,220.6300048828125,152.11000061035156,558.5800170898438,44.599998474121094,144.5,59.45000076293945,44.98500061035156,42.650001525878906,148.9600067138672,114.55999755859375,177.0,144.07000732421875,335.989990234375,873.0,151.25999450683594,42.02000045776367,44.790000915527344,63.810001373291016,111.0,155.3699951171875,45.630001068115234,125.45999908447266,486.04998779296875,31.3700008392334,156.47999572753906,208.64999389648438,847.0,167.75999450683594,126.02999877929688,102.08000183105469,106.80000305175781,113.04000091552734,29.969999313354492,178.2100067138672,179.6199951171875,47.72999954223633,227.7100067138672,158.16000366210938,562.0,44.77000045776367,147.22999572753906,59.560001373291016,45.20000076293945,42.65999984741211,149.4199981689453,115.16999816894531,9442200,60578500,2435700,2075900,30872100,41593900,22050100,12819700,5492100,5432100,4900400,2258400,1489700,49774000,10019600,6403800,5468000,2366500,7357100,5582300,29068400,460067000,42296200,1843300,12700100,9608000,8437600,25731800,3102900,9489900,4181800,14119600,36437400,44862000,11472800,17021700
2024-07-26,174.62185668945312,139.99000549316406,314.91998291015625,873.258056640625,149.0665283203125,40.01289749145508,46.49444580078125,61.649444580078125,104.05632019042969,144.91336059570312,44.0702018737793,119.93828582763672,481.2438659667969,31.152381896972656,152.65171813964844,204.59963989257812,793.537109375,165.65882873535156,118.09227752685547,98.5843734741211,108.74292755126953,113.00550842285156,27.338199615478516,170.6575927734375,173.17881774902344,46.45355987548828,226.7124786376953,158.24952697753906,547.687255859375,42.17838668823242,150.44699096679688,57.70630645751953,43.586910247802734,42.26099395751953,145.56021118164062,109.87425994873047,185.16000366210938,139.99000549316406,334.8500061035156,888.3900146484375,151.6300048828125,41.66999816894531,50.45000076293945,65.18000030517578,110.86000061035156,157.83999633789062,46.34000015258789,127.1500015258789,499.0299987792969,31.350000381469727,160.63999938964844,212.24000549316406,804.6199951171875,172.64999389648438,125.26000213623047,104.19000244140625,109.41000366210938,113.05999755859375,30.770000457763672,181.2100067138672,180.0500030517578,48.83000183105469,229.3699951171875,161.94000244140625,569.719970703125,45.459999084472656,159.1199951171875,60.38999938964844,46.095001220703125,43.40999984741211,149.9600067138672,117.33000183105469,186.85000610351562,141.2899932861328,338.94000244140625,895.5700073242188,153.5800018310547,41.959999084472656,50.61000061035156,65.6500015258789,111.54000091552734,159.0399932861328,46.560001373291016,127.7699966430664,504.0,31.559999465942383,161.5800018310547,213.16000366210938,822.010009765625,173.10000610351562,128.72999572753906,105.88999938964844,110.62999725341797,116.19999694824219,30.8799991607666,182.4199981689453,181.3000030517578,49.310001373291016,231.2100067138672,164.58999633789062,579.1300048828125,45.65999984741211,160.16000366210938,60.45000076293945,46.290000915527344,43.540000915527344,150.92999267578125,118.02999877929688,182.11000061035156,138.27000427246094,333.2799987792969,882.22998046875,149.9199981689453,41.40999984741211,47.72999954223633,64.44000244140625,109.93000030517578,157.05999755859375,45.779998779296875,125.51000213623047,495.6499938964844,31.020000457763672,159.47000122070312,208.6199951171875,801.2999877929688,170.00999450683594,125.05000305175781,104.04000091552734,107.77999877929688,111.58000183105469,30.010000228881836,180.0500030517578,177.57000732421875,48.15999984741211,226.91000366210938,159.19000244140625,560.0,45.060001373291016,154.88999938964844,59.56999969482422,45.665000915527344,42.95000076293945,149.00999450683594,116.47000122070312,183.4499969482422,140.32000732421875,334.55999755859375,893.9199829101562,153.5,41.58000183105469,48.27000045776367,64.55000305175781,111.1500015258789,157.72999572753906,46.13999938964844,126.80000305175781,495.7200012207031,31.43000030517578,159.75,209.24000549316406,811.8699951171875,172.08999633789062,127.23999786376953,104.86000061035156,110.0,116.19000244140625,30.149999618530273,180.47999572753906,179.00999450683594,48.790000915527344,229.6699981689453,164.3000030517578,560.0,45.189998626708984,157.75999450683594,59.849998474121094,45.83000183105469,42.970001220703125,149.10000610351562,116.7699966430664,6948800,49435800,1515500,1681600,20839900,52049300,36636400,9661300,5198800,5232500,4327200,2214300,2249700,38352500,8356900,8027800,4173900,1789300,6467000,6599600,18547900,293399100,35657100,1824100,6567800,8231500,3805500,13089200,3201900,5681700,3151500,12538900,23730800,32636300,6028800,11252500
2024-07-29,171.58511352539062,139.75,312.71929931640625,857.307373046875,147.6803436279297,39.45595932006836,45.139705657958984,60.817115783691406,102.42311096191406,143.77491760253906,43.45204162597656,118.08000946044922,475.1588134765625,30.63566017150879,150.6751251220703,203.25967407226562,796.6633911132812,164.99676513671875,120.46807098388672,96.96637725830078,107.19244384765625,111.53622436523438,27.293777465820312,170.45980834960938,171.82264709472656,45.530757904052734,226.238037109375,156.363525390625,544.8322143554688,42.09488296508789,148.86801147460938,56.941856384277344,43.21339797973633,42.202579498291016,145.64756774902344,108.72242736816406,181.94000244140625,139.75,332.510009765625,870.5499877929688,150.22000122070312,41.09000015258789,48.97999954223633,64.30000305175781,109.12000274658203,156.60000610351562,45.689998626708984,125.18000030517578,492.7200012207031,30.829999923706055,158.55999755859375,210.85000610351562,807.7899780273438,171.9600067138672,127.77999877929688,102.4800033569336,107.8499984741211,111.58999633789062,30.719999313354492,181.0,178.63999938964844,47.86000061035156,228.88999938964844,160.00999450683594,566.75,45.369998931884766,157.4499969482422,59.59000015258789,45.70000076293945,43.349998474121094,150.0500030517578,116.0999984741211,186.1300048828125,144.58999633789062,334.8399963378906,898.0,155.0,41.880001068115234,51.189998626708984,65.33999633789062,111.29000091552734,158.25,46.560001373291016,127.9800033569336,502.0,31.469999313354492,160.0,213.61000061035156,824.77001953125,173.9600067138672,127.98999786376953,104.56999969482422,111.02999877929688,116.27999877929688,30.93000030517578,181.8300018310547,182.63999938964844,48.810001373291016,234.8300018310547,163.22999572753906,571.3499755859375,45.689998626708984,160.69000244140625,60.83000183105469,46.1349983215332,43.540000915527344,150.55999755859375,117.38999938964844,180.52999877929688,138.75,331.29998779296875,869.02001953125,149.14999389648438,40.97999954223633,48.970001220703125,64.13999938964844,108.37999725341797,154.86000061035156,45.150001525878906,123.87000274658203,491.05999755859375,30.790000915527344,158.0500030517578,210.5500030517578,804.0,169.74000549316406,124.91999816894531,102.33000183105469,107.13999938964844,111.30000305175781,30.440000534057617,180.1999969482422,177.85000610351562,47.65999984741211,228.02999877929688,158.6300048828125,561.760009765625,45.130001068115234,155.1300048828125,59.349998474121094,45.27000045776367,43.130001068115234,149.25999450683594,115.37999725341797,184.0399932861328,141.19000244140625,334.0799865722656,886.989990234375,152.02000427246094,41.779998779296875,49.91999816894531,65.30000305175781,111.23999786376953,158.25,46.5,127.5,500.4200134277344,31.420000076293945,159.97000122070312,212.64999389648438,814.010009765625,172.5500030517578,125.77999877929688,104.47000122070312,110.54000091552734,113.69000244140625,30.690000534057617,181.36000061035156,181.5,48.18000030517578,231.60000610351562,162.67999267578125,565.7100219726562,45.599998474121094,159.13999938964844,60.7400016784668,46.099998474121094,43.5099983215332,149.97999572753906,117.31999969482422,5458500,47447200,1611200,1231500,16625800,37133100,22280200,7901900,4629500,5072000,5309200,2343600,1599500,32342200,5625000,6533600,2473700,1744400,9139500,5183400,13517700,248152100,41713700,1782400,6051600,9104400,2926800,12663100,2965000,5011200,2721300,8986200,27156600,35195700,8227200,8861800
2024-07-30,176.14964294433594,138.44000244140625,313.4434509277344,847.1541748046875,141.0936279296875,39.63840866088867,45.2042121887207,62.30208206176758,103.16462707519531,146.5016632080078,43.908531188964844,118.99500274658203,487.6472473144531,29.94007110595703,153.30740356445312,207.4434356689453,779.3255004882812,171.07044982910156,108.65507507324219,98.17750549316406,101.9346923828125,103.68001556396484,27.889049530029297,171.38275146484375,160.5691375732422,45.29292678833008,218.02435302734375,151.01817321777344,554.0416870117188,42.18766784667969,154.56935119628906,57.34319305419922,43.88477325439453,42.68934631347656,145.77371215820312,110.660888671875,186.77999877929688,138.44000244140625,333.2799987792969,860.239990234375,143.52000427246094,41.279998779296875,49.04999923706055,65.87000274658203,109.91000366210938,159.57000732421875,46.16999816894531,126.1500015258789,505.6700134277344,30.1299991607666,161.3300018310547,215.19000244140625,790.2100219726562,178.2899932861328,115.25,103.76000213623047,102.55999755859375,103.7300033569336,31.389999389648438,181.97999572753906,166.94000244140625,47.61000061035156,220.5800018310547,154.5399932861328,576.3300170898438,45.470001220703125,163.47999572753906,60.0099983215332,46.40999984741211,43.849998474121094,150.17999267578125,118.16999816894531,187.7100067138672,141.6999969482422,338.57000732421875,893.9400024414062,153.47000122070312,41.88999938964844,49.310001373291016,66.2300033569336,110.2699966430664,160.08999633789062,46.310001373291016,126.80999755859375,509.4700012207031,30.90999984741211,161.5500030517578,215.7899932861328,821.9000244140625,179.47000122070312,123.94000244140625,104.12000274658203,109.25,111.98999786376953,31.540000915527344,182.83999633789062,179.39999389648438,47.95000076293945,230.55999755859375,161.14999389648438,579.4299926757812,45.880001068115234,164.63999938964844,60.72999954223633,46.55500030517578,44.0,151.11000061035156,118.5999984741211,182.60000610351562,134.0500030517578,331.6700134277344,856.0,143.35000610351562,40.810001373291016,47.849998474121094,65.01000213623047,108.94000244140625,156.44000244140625,45.52000045776367,125.11000061035156,498.29998779296875,30.010000228881836,158.36000061035156,212.9600067138672,775.8099975585938,171.9600067138672,113.91000366210938,102.77999877929688,102.16999816894531,102.54000091552734,29.780000686645508,180.8000030517578,166.77000427246094,47.150001525878906,219.82000732421875,152.5500030517578,565.989990234375,45.220001220703125,157.77999877929688,59.88999938964844,45.63999938964844,43.599998474121094,149.11000061035156,116.2300033569336,183.58999633789062,139.8800048828125,333.0,892.5,153.27999877929688,41.04999923706055,49.060001373291016,65.01000213623047,109.16999816894531,156.4600067138672,45.630001068115234,125.11000061035156,498.30999755859375,30.850000381469727,158.5399932861328,213.22999572753906,815.1799926757812,172.22000122070312,123.4800033569336,103.55999755859375,109.0,111.5199966430664,31.010000228881836,182.0,179.33999633789062,47.540000915527344,230.0,160.44000244140625,566.9000244140625,45.58000183105469,158.22000122070312,60.459999084472656,45.69499969482422,43.619998931884766,150.0500030517578,116.36000061035156,6032200,68801700,1584000,1682100,31102300,44163200,19296500,13554300,9794200,5740900,5228300,2306500,2642500,48256600,6545700,8850700,3848600,2357800,35509400,6225500,23915100,486833300,89857500,1639800,15338900,9880400,8083500,22018000,4139100,8211000,2954400,11503900,25673200,31418700,7269400,12483900
2024-07-31,174.77273559570312,144.47999572753906,312.681640625,922.4511108398438,157.9635009765625,38.70698928833008,43.8310432434082,61.365699768066406,104.37544250488281,147.32798767089844,44.726409912109375,119.60813903808594,490.887451171875,30.546226501464844,150.00047302246094,205.1394805908203,793.19189453125,169.85186767578125,106.65638732910156,98.53553009033203,109.15043640136719,116.96360778808594,27.133848190307617,170.5540313720703,174.04446411132812,45.9398307800293,232.65286254882812,162.02157592773438,553.878173828125,41.6402587890625,152.9052734375,56.70296859741211,44.069156646728516,42.58226013183594,145.23989868164062,111.05420684814453,185.32000732421875,144.47999572753906,332.4700012207031,936.7000122070312,160.67999267578125,40.310001373291016,47.560001373291016,64.87999725341797,111.19999694824219,160.47000122070312,47.029998779296875,126.80000305175781,509.0299987792969,30.739999771118164,157.85000610351562,212.8000030517578,804.27001953125,177.02000427246094,113.12999725341797,103.20999908447266,109.81999969482422,117.0199966430664,30.540000915527344,181.10000610351562,180.9499969482422,48.290000915527344,235.3800048828125,165.8000030517578,576.1599731445312,44.880001068115234,161.72000122070312,59.34000015258789,46.60499954223633,43.7400016784668,149.6300048828125,118.58999633789062,187.5,153.60000610351562,336.4100036621094,942.239990234375,161.3300018310547,41.380001068115234,49.11000061035156,66.02999877929688,112.4000015258789,161.69000244140625,47.33000183105469,128.57000732421875,517.260009765625,30.8700008392334,160.35000610351562,216.38999938964844,811.1400146484375,183.30999755859375,117.83999633789062,104.31999969482422,111.33999633789062,118.33999633789062,31.260000228881836,182.7899932861328,181.0800018310547,48.56999969482422,235.60000610351562,166.64999389648438,580.9000244140625,45.54999923706055,167.77999877929688,60.119998931884766,47.06999969482422,44.11000061035156,150.66000366210938,119.76000213623047,183.4499969482422,140.02999877929688,330.57000732421875,917.0399780273438,151.0,40.220001220703125,47.369998931884766,64.83000183105469,111.0999984741211,160.0500030517578,46.810001373291016,126.45999908447266,504.8599853515625,30.280000686645508,157.74000549316406,212.6699981689453,792.0900268554688,176.94000244140625,112.22000122070312,102.25,107.75,110.87999725341797,30.469999313354492,180.3699951171875,173.41000366210938,47.939998626708984,228.97000122070312,162.07000732421875,562.3200073242188,44.7599983215332,161.61000061035156,59.20000076293945,46.56999969482422,43.709999084472656,149.0500030517578,118.55999755859375,186.38999938964844,150.72999572753906,331.54998779296875,925.52001953125,151.47000122070312,41.22999954223633,48.75,65.91000366210938,111.61000061035156,161.69000244140625,46.88999938964844,128.14999389648438,504.8599853515625,30.540000915527344,159.85000610351562,214.77999877929688,800.1699829101562,180.94000244140625,116.0,103.08000183105469,109.8499984741211,112.9000015258789,31.200000762939453,181.5,175.5800018310547,48.130001068115234,230.72000122070312,163.77000427246094,565.4400024414062,45.5099983215332,166.0,59.81999969482422,47.040000915527344,43.95000076293945,150.1199951171875,119.63999938964844,6473900,114306800,2120500,2406800,45827500,50851600,17727600,15046500,7554600,6209200,6693300,3197300,2658900,56110600,8293200,9071600,2961700,1852900,22733000,5444600,26503600,473174200,40978700,1863300,19222200,6599800,7494100,19860400,4713200,8859200,2725100,11535800,36173800,38694800,8417800,15137700
2024-08-01,178.9128875732422,132.5399932861328,315.5595397949219,870.2672119140625,144.5344696044922,37.929195404052734,44.393211364746094,59.85236358642578,101.73789978027344,140.12086486816406,42.8529052734375,116.1274185180664,482.2950744628906,28.866878509521484,152.7657470703125,200.47373962402344,820.9738159179688,166.16734313964844,107.30690002441406,97.15118408203125,100.8910903930664,109.15736389160156,27.231582641601562,165.74156188964844,157.7413330078125,44.38916015625,215.88934326171875,154.57521057128906,550.619384765625,40.3413200378418,148.90774536132812,54.352298736572266,42.90135955810547,41.97866439819336,146.72500610351562,109.51840209960938,189.7100067138672,132.5399932861328,335.5299987792969,883.7100219726562,147.02000427246094,39.5,48.16999816894531,63.279998779296875,108.38999938964844,152.6199951171875,45.060001373291016,123.11000061035156,500.1199951171875,29.049999237060547,160.75999450683594,207.9600067138672,832.4400024414062,173.17999267578125,113.81999969482422,101.76000213623047,101.51000213623047,109.20999908447266,30.649999618530273,175.99000549316406,164.0,46.65999984741211,218.4199981689453,158.17999267578125,572.77001953125,43.47999954223633,156.4499969482422,56.880001068115234,45.369998931884766,43.119998931884766,151.16000366210938,116.94999694824219,190.97000122070312,147.2899932861328,340.8900146484375,927.760009765625,158.91000366210938,40.45000076293945,48.5099983215332,65.22000122070312,112.68000030517578,159.5,47.439998626708984,128.00999450683594,514.02001953125,30.709999084472656,160.80999755859375,213.8300018310547,840.8900146484375,179.4600067138672,114.47000122070312,103.98999786376953,107.86000061035156,120.16000366210938,30.809999465942383,181.86000061035156,176.97000122070312,48.33000183105469,233.2100067138672,167.6699981689453,587.5,44.91999816894531,163.6199951171875,59.34000015258789,46.73500061035156,43.959999084472656,151.3300018310547,119.48999786376953,186.77000427246094,130.24000549316406,333.4599914550781,871.8099975585938,146.1699981689453,38.97999954223633,47.220001220703125,61.95000076293945,107.91999816894531,152.02999877929688,44.52000045776367,122.58999633789062,494.67999267578125,28.889999389648438,157.7100067138672,206.3800048828125,820.1799926757812,171.97999572753906,111.41000366210938,101.19000244140625,99.94999694824219,106.80999755859375,29.90999984741211,175.27999877929688,161.3300018310547,46.25,215.58999633789062,156.83999633789062,567.0999755859375,43.31999969482422,155.3300018310547,56.52000045776367,45.1349983215332,42.93000030517578,149.49000549316406,116.36000061035156,187.77000427246094,145.0,336.0899963378906,923.0399780273438,157.5,40.439998626708984,47.79999923706055,65.08000183105469,112.44999694824219,158.7100067138672,47.119998931884766,127.12000274658203,510.0,30.43000030517578,158.47999572753906,213.1999969482422,833.6199951171875,177.33999633789062,113.12999725341797,103.75,107.18000030517578,117.52999877929688,30.719999313354492,181.3300018310547,171.75999450683594,48.279998779296875,231.39999389648438,163.47999572753906,577.2000122070312,44.91999816894531,161.11000061035156,59.2599983215332,46.5,43.900001525878906,150.39999389648438,118.3499984741211,6595500,94731900,2387700,1808500,40320000,60107800,12064400,18052700,9704600,16689900,11131100,3083400,4006800,107672500,7213400,10918600,4060700,1363300,14117500,5678100,31643700,523462300,39753100,2237900,24795000,8952100,8576300,21095600,3680800,11219500,2412500,17752700,42558400,47060900,10357700,15051500
2024-08-02,178.5167694091797,132.5,314.11114501953125,797.038330078125,141.38853454589844,36.085548400878906,44.946170806884766,55.57719802856445,99.27869415283203,136.38418579101562,40.694095611572266,115.94819641113281,453.8657531738281,21.3445987701416,155.9776611328125,191.97120666503906,793.3792114257812,157.97314453125,108.60792541503906,91.50885772705078,92.13481140136719,107.21830749511719,27.036121368408203,160.10040283203125,153.23031616210938,42.74335479736328,204.4138641357422,146.44483947753906,567.0196533203125,39.29289245605469,141.39810180664062,50.893157958984375,41.795021057128906,40.94672775268555,146.4337921142578,109.45286560058594,189.2899932861328,132.5,333.989990234375,809.3499755859375,143.82000732421875,37.58000183105469,48.77000045776367,58.7599983215332,105.7699966430664,148.5500030517578,42.790000915527344,122.91999816894531,470.6400146484375,21.479999542236328,164.13999938964844,199.13999938964844,804.4600219726562,164.63999938964844,115.19999694824219,95.8499984741211,92.69999694824219,107.2699966430664,30.43000030517578,170.0,159.30999755859375,44.93000030517578,206.80999755859375,149.86000061035156,589.8300170898438,42.349998474121094,148.55999755859375,53.2599983215332,44.20000076293945,42.060001373291016,150.86000061035156,116.87999725341797,193.91000366210938,137.10000610351562,338.3500061035156,828.5900268554688,145.35000610351562,38.529998779296875,49.540000915527344,60.599998474121094,108.08000183105469,152.0399932861328,44.720001220703125,126.04000091552734,494.4599914550781,21.979999542236328,164.85000610351562,204.6699981689453,820.1900024414062,171.58999633789062,117.30000305175781,99.0199966430664,97.69000244140625,108.72000122070312,31.31999969482422,173.82000732421875,164.25999450683594,46.0099983215332,211.4499969482422,153.86000061035156,591.5399780273438,42.75,154.14999389648438,55.56999969482422,45.095001220703125,42.779998779296875,151.77000427246094,118.87000274658203,186.4600067138672,131.3300018310547,325.7300109863281,795.8900146484375,139.60000610351562,37.18000030517578,48.310001373291016,58.400001525878906,103.9800033569336,147.02000427246094,42.06999969482422,120.0,467.2099914550781,20.420000076293945,161.0,196.88999938964844,787.02001953125,164.0800018310547,114.36000061035156,95.04000091552734,91.06999969482422,101.37000274658203,30.010000228881836,169.08999633789062,157.52999877929688,44.560001373291016,204.2100067138672,146.88999938964844,575.25,41.959999084472656,148.14999389648438,52.79999923706055,43.755001068115234,41.79999923706055,148.6199951171875,115.41999816894531,190.97999572753906,133.5,337.4200134277344,824.2000122070312,141.92999267578125,38.0,49.119998931884766,59.66999816894531,107.72000122070312,151.1300048828125,44.63999938964844,124.68000030517578,491.1000061035156,21.940000534057617,161.89999389648438,203.8800048828125,816.6699829101562,171.1699981689453,115.16000366210938,99.0,97.16000366210938,103.76000213623047,30.8799991607666,173.82000732421875,160.52000427246094,45.97999954223633,209.05999755859375,151.25,582.3300170898438,42.65999984741211,154.14999389648438,55.18000030517578,44.849998474121094,42.630001068115234,151.38999938964844,115.97000122070312,6303900,78562000,2106200,3624100,33745800,76728000,15601500,30289300,7445100,13278600,12250300,6668900,6115500,300895900,11280400,18041700,3515900,2599700,16562300,11120700,36039400,482027500,42364700,2917000,16618900,11848400,13105400,31095300,5094000,8485500,3457700,27642600,45836200,78599800,15742100,20403800
2024-08-05,173.8673858642578,134.82000732421875,305.8631591796875,807.8709716796875,139.677978515625,35.19253158569336,43.85869216918945,53.676876068115234,98.15235137939453,132.81275939941406,39.4482536315918,116.13684844970703,442.6598815917969,19.983234405517578,153.23138427734375,187.8838653564453,764.5814819335938,155.488037109375,105.88330078125,87.90006256103516,89.86870574951172,100.40158081054688,26.42307472229004,156.163818359375,151.92222595214844,41.63981246948242,200.80616760253906,144.57835388183594,547.9180908203125,37.85477828979492,140.5224609375,49.80382537841797,40.873069763183594,39.75901412963867,142.5220489501953,107.4769287109375,184.36000061035156,134.82000732421875,325.2200012207031,820.3499755859375,142.0800018310547,36.650001525878906,47.59000015258789,56.209999084472656,104.56999969482422,144.66000366210938,41.47999954223633,123.12000274658203,459.0199890136719,20.110000610351562,161.25,194.89999389648438,775.260009765625,162.0500030517578,112.30999755859375,92.06999969482422,90.41999816894531,100.44999694824219,29.739999771118164,165.82000732421875,157.9499969482422,43.77000045776367,203.16000366210938,147.9499969482422,569.9600219726562,40.79999923706055,147.63999938964844,52.119998931884766,43.224998474121094,40.84000015258789,146.8300018310547,114.7699966430664,189.2899932861328,139.13999938964844,333.3399963378906,838.8800048828125,145.4199981689453,36.959999084472656,48.7400016784668,56.900001525878906,105.30999755859375,145.77000427246094,42.15999984741211,124.44999694824219,463.17999267578125,20.389999389648438,165.77999877929688,196.1699981689453,792.9400024414062,162.7100067138672,115.12000274658203,93.37000274658203,92.25,103.41000366210938,30.010000228881836,166.80999755859375,162.82000732421875,44.29999923706055,208.67999267578125,150.0,586.8200073242188,41.400001525878906,148.38999938964844,52.400001525878906,43.59000015258789,41.22999954223633,148.7899932861328,116.02999877929688,183.0399932861328,121.83000183105469,321.4100036621094,767.4099731445312,128.5,35.13999938964844,47.209999084472656,53.5099983215332,102.2699966430664,143.41000366210938,40.869998931884766,119.77999877929688,437.3699951171875,19.290000915527344,160.5800018310547,190.89999389648438,747.5499877929688,157.5,111.33999633789062,90.94000244140625,84.91000366210938,90.69000244140625,28.850000381469727,162.14999389648438,151.38999938964844,43.31999969482422,192.8699951171875,133.57000732421875,566.760009765625,40.40999984741211,141.44000244140625,50.150001525878906,42.73500061035156,40.65999984741211,146.19000244140625,113.25,187.4499969482422,122.16000366210938,332.7200012207031,775.0,129.61000061035156,35.650001525878906,47.880001068115234,54.08000183105469,104.0,145.52000427246094,41.439998626708984,120.58999633789062,447.5899963378906,20.200000762939453,163.7899932861328,194.0500030517578,758.0,159.14999389648438,114.94999694824219,92.6500015258789,87.62999725341797,92.05999755859375,29.09000015258789,166.13999938964844,153.27000427246094,43.47999954223633,193.08999633789062,133.86000061035156,582.1199951171875,41.130001068115234,144.44000244140625,51.29999923706055,43.25,41.13999938964844,148.5,115.54000091552734,6459300,76089400,2974900,2815600,41309300,76075200,17895000,27977300,8475000,13037200,12221600,5001600,4177200,147385700,12032200,13927000,4661800,2702300,13334000,9659500,36977600,552842400,37838000,3319100,12733900,13010800,9247100,31193100,4587400,10994200,2684900,28594000,50039200,107913600,17575600,18025900
2024-08-06,175.1405487060547,130.17999267578125,309.37115478515625,830.186279296875,141.4868621826172,35.451786041259766,43.60064697265625,54.0111083984375,99.3068618774414,131.4998779296875,39.923763275146484,115.33507537841797,453.4607238769531,19.704999923706055,151.0647430419922,193.12802124023438,782.2546997070312,163.97010803222656,104.78968811035156,88.7593002319336,88.45736694335938,104.19976043701172,26.049917221069336,159.24337768554688,152.66282653808594,41.28782272338867,202.62484741210938,151.8488006591797,546.370361328125,38.66197967529297,141.6741485595703,50.03316116333008,41.123653411865234,40.401546478271484,143.18206787109375,106.90570068359375,185.7100067138672,130.17999267578125,328.95001220703125,843.010009765625,143.9199981689453,36.91999816894531,47.310001373291016,56.560001373291016,105.80000305175781,143.22999572753906,41.97999954223633,122.2699966430664,470.2200012207031,19.829999923706055,158.97000122070312,200.33999633789062,793.1799926757812,170.88999938964844,111.1500015258789,92.97000122070312,89.0,104.25,29.31999969482422,169.08999633789062,158.72000122070312,43.400001525878906,205.0,155.38999938964844,568.3499755859375,41.66999816894531,148.85000610351562,52.36000061035156,43.4900016784668,41.5,147.50999450683594,114.16000366210938,187.82000732421875,136.44000244140625,332.9800109863281,860.010009765625,148.91000366210938,37.310001373291016,48.06999969482422,57.65999984741211,106.44999694824219,145.08999633789062,42.43000030517578,124.27999877929688,475.25,20.6299991607666,161.47999572753906,202.60000610351562,806.27001953125,173.6300048828125,113.08000183105469,93.83999633789062,90.86000061035156,107.70999908447266,30.049999237060547,170.13999938964844,163.6300048828125,44.16999816894531,210.47999572753906,157.7100067138672,577.52001953125,42.060001373291016,151.85000610351562,52.959999084472656,43.97999954223633,41.9900016784668,149.3800048828125,115.62999725341797,183.0800018310547,129.10000610351562,323.5199890136719,835.530029296875,140.25,36.540000915527344,47.119998931884766,56.09000015258789,104.11000061035156,143.1199951171875,41.33000183105469,122.16000366210938,457.42999267578125,19.75,158.94000244140625,194.0,785.0,164.02000427246094,110.91999816894531,91.5199966430664,87.1500015258789,100.55000305175781,29.25,165.14999389648438,156.5,43.33000183105469,201.74000549316406,147.72000122070312,562.530029296875,40.52000045776367,147.8000030517578,52.04999923706055,43.21500015258789,40.90999984741211,146.9499969482422,113.62999725341797,185.42999267578125,135.14999389648438,325.2300109863281,840.3599853515625,141.72999572753906,36.650001525878906,47.88999938964844,56.38999938964844,104.56999969482422,144.49000549316406,41.540000915527344,122.47000122070312,461.010009765625,20.31999969482422,161.0500030517578,195.39999389648438,789.1400146484375,165.33999633789062,112.30000305175781,92.19999694824219,89.19999694824219,103.83999633789062,29.729999542236328,165.94000244140625,158.4199981689453,43.79999923706055,205.05999755859375,150.44000244140625,568.2100219726562,40.7400016784668,148.2100067138672,52.279998779296875,43.3849983215332,41.02000045776367,147.4199981689453,114.44999694824219,4273200,64455600,2436500,1995700,24751300,40614100,15663000,16643100,8424900,9692700,8326700,3807700,2209300,106670400,7607100,10605800,3437600,2467900,9761900,6068300,26460000,409012100,29031800,2114900,9301000,8364000,6602300,24528100,3216500,9184800,2457000,18723500,31418600,57668900,13335600,13647800
2024-08-07,176.8380889892578,128.6699981689453,293.9002990722656,823.6276245117188,133.96620178222656,35.816680908203125,42.854148864746094,53.58138656616211,100.36751556396484,130.74703979492188,41.05547332763672,116.13684844970703,456.15130615234375,18.989999771118164,150.99822998046875,193.18585205078125,761.5045166015625,162.49244689941406,106.0530014038086,87.9382553100586,86.27078247070312,98.8623275756836,25.632339477539062,157.0396728515625,150.1620635986328,40.77409362792969,196.98101806640625,151.5067596435547,544.1881103515625,38.40218734741211,141.12210083007812,49.966270446777344,41.289127349853516,40.45022201538086,141.72608947753906,108.3291244506836,187.50999450683594,128.6699981689453,312.5,836.3499755859375,136.27000427246094,37.29999923706055,46.5,56.11000061035156,106.93000030517578,142.41000366210938,43.16999816894531,123.12000274658203,473.010009765625,18.989999771118164,158.89999389648438,200.39999389648438,772.1400146484375,169.35000610351562,112.48999786376953,92.11000061035156,86.80000305175781,98.91000366210938,28.850000381469727,166.75,156.1199951171875,42.86000061035156,199.2899932861328,155.0399932861328,566.0800170898438,41.38999938964844,148.27000427246094,52.290000915527344,43.665000915527344,41.54999923706055,146.00999450683594,115.68000030517578,189.58999633789062,136.24000549316406,323.0,878.3900146484375,150.10000610351562,38.59000015258789,48.4900016784668,58.45000076293945,108.44000244140625,145.72999572753906,44.45000076293945,125.37999725341797,488.54998779296875,20.25,160.6199951171875,205.75,786.5800170898438,173.27999877929688,112.55000305175781,95.33000183105469,93.58000183105469,108.80000305175781,29.809999465942383,172.72999572753906,164.32000732421875,44.41999816894531,213.17999267578125,162.64999389648438,571.6500244140625,42.7400016784668,151.22000122070312,53.4900016784668,44.470001220703125,42.36000061035156,148.1199951171875,117.12000274658203,185.97999572753906,128.3699951171875,306.5899963378906,834.6300048828125,135.8300018310547,37.27000045776367,46.400001525878906,55.869998931884766,106.44000244140625,142.27999877929688,43.13999938964844,122.93000030517578,472.57000732421875,18.950000762939453,158.19000244140625,200.1999969482422,763.02001953125,168.57000732421875,110.72000122070312,92.01000213623047,86.58000183105469,98.69000244140625,28.739999771118164,166.6300048828125,155.5,42.810001373291016,198.85000610351562,154.52000427246094,557.030029296875,41.33000183105469,147.88999938964844,52.150001525878906,43.63999938964844,41.4900016784668,145.5399932861328,115.26000213623047,187.89999389648438,133.75,320.989990234375,877.0,148.25,38.099998474121094,47.43000030517578,58.16999816894531,107.25,144.5800018310547,43.52000045776367,124.11000061035156,479.3900146484375,19.920000076293945,158.8699951171875,203.50999450683594,778.2999877929688,172.88999938964844,111.68000030517578,94.61000061035156,93.37999725341797,107.80999755859375,29.6299991607666,171.6999969482422,163.5800018310547,43.9900016784668,211.5,161.5500030517578,566.6099853515625,42.38999938964844,150.6199951171875,53.150001525878906,44.02000045776367,41.959999084472656,147.41000366210938,115.44999694824219,6351000,54676500,4618400,1521600,29749800,44952400,16891900,19221200,7735400,8867900,11873900,2726800,2587600,97972300,5993000,9204400,4407700,1753400,9756500,7215700,29483800,411440400,32866100,1729100,9266900,9259000,5292500,22379000,4320700,6841000,2148900,18407500,26126000,43912600,11485000,13660700
2024-08-08,179.56361389160156,136.32000732421875,305.36468505859375,863.3145141601562,143.27610778808594,36.69049072265625,43.17670822143555,55.38621139526367,101.62525939941406,132.6566925048828,42.900455474853516,119.59870147705078,468.4565124511719,20.489999771118164,152.25259399414062,196.71409606933594,833.6666259765625,167.0980682373047,107.40117645263672,90.3441162109375,91.50865173339844,104.91941833496094,25.55237579345703,160.3640899658203,158.65509033203125,41.56370544433594,210.5717010498047,160.80006408691406,544.3419189453125,38.745487213134766,144.3010711669922,50.415382385253906,42.17798614501953,41.10248947143555,144.861328125,110.39867401123047,190.39999389648438,136.32000732421875,324.69000244140625,876.6500244140625,145.74000549316406,38.209999084472656,46.849998474121094,58.0,108.2699966430664,144.49000549316406,45.11000061035156,126.79000091552734,485.7699890136719,20.489999771118164,160.22000122070312,204.05999755859375,845.3099975585938,174.14999389648438,113.91999816894531,94.62999725341797,92.06999969482422,104.97000122070312,28.760000228881836,170.27999877929688,164.9499969482422,43.689998626708984,213.0399932861328,164.5500030517578,566.239990234375,41.7599983215332,151.61000061035156,52.7599983215332,44.60499954223633,42.220001220703125,149.24000549316406,117.88999938964844,190.7100067138672,136.47999572753906,325.1199951171875,878.6300048828125,146.27000427246094,38.41999816894531,47.150001525878906,58.36000061035156,108.63999938964844,144.82000732421875,45.209999084472656,126.94000244140625,487.7300109863281,20.549999237060547,160.6999969482422,204.91000366210938,877.780029296875,174.8800048828125,114.2300033569336,95.04000091552734,92.8499984741211,105.5,29.010000228881836,170.58999633789062,165.58999633789062,43.75,213.25999450683594,164.75,572.4500122070312,42.20000076293945,152.41000366210938,53.31999969482422,44.665000915527344,42.27000045776367,149.3699951171875,118.11000061035156,186.9199981689453,128.94000244140625,312.7900085449219,849.260009765625,138.39999389648438,37.65999984741211,46.220001220703125,56.810001373291016,106.91999816894531,142.7100067138672,43.599998474121094,123.44000244140625,477.1600036621094,18.84000015258789,158.02999877929688,201.7899932861328,825.239990234375,169.72000122070312,112.56999969482422,92.77999877929688,88.02999877929688,97.5199966430664,28.540000915527344,168.32000732421875,157.8699951171875,42.90999984741211,201.24000549316406,155.5399932861328,564.3699951171875,41.540000915527344,148.8699951171875,52.650001525878906,43.790000915527344,41.7599983215332,147.6199951171875,115.7300033569336,186.9199981689453,131.97000122070312,314.0,860.969970703125,141.1999969482422,37.81999969482422,46.56999969482422,56.849998474121094,107.23999786376953,143.07000732421875,43.77000045776367,123.44000244140625,477.8699951171875,19.100000381469727,158.57000732421875,202.47000122070312,875.0,170.0,112.91999816894531,93.48999786376953,88.4800033569336,102.0,28.93000030517578,168.38999938964844,160.74000549316406,42.97999954223633,205.47000122070312,159.27000427246094,564.3699951171875,41.790000915527344,149.0,52.970001220703125,43.790000915527344,41.81999969482422,148.2899932861328,116.08000183105469,5744600,49037500,2746700,1447700,27583200,36557800,15216900,17933300,5392900,7531100,8819700,2667200,1936400,96836800,5094800,7761200,9434900,2373100,8278200,6592300,24760700,391910000,32094400,1497300,9590900,6697400,6243200,18889600,2860800,6364500,2042100,16176000,21596800,41260500,11479100,13851000
2024-08-09,179.12034606933594,134.27000427246094,303.295654296875,847.45947265625,145.7534942626953,36.757713317871094,43.05690383911133,55.233421325683594,101.94440460205078,133.11573791503906,42.71975326538086,119.35343933105469,472.7864685058594,19.709999084472656,152.6326904296875,198.39146423339844,879.3978881835938,168.71005249023438,107.9951400756836,90.43004608154297,92.51249694824219,104.69951629638672,25.365798950195312,160.0250244140625,158.20301818847656,41.43051528930664,209.3262939453125,163.31150817871094,537.151123046875,39.033103942871094,143.796630859375,50.8005256652832,42.272544860839844,41.2777214050293,145.57962036132812,111.29766845703125,189.92999267578125,134.27000427246094,322.489990234375,860.5499877929688,148.25999450683594,38.279998779296875,46.720001220703125,57.84000015258789,108.61000061035156,144.99000549316406,44.91999816894531,126.52999877929688,490.260009765625,19.709999084472656,160.6199951171875,205.8000030517578,891.6799926757812,175.8300018310547,114.55000305175781,94.72000122070312,93.08000183105469,104.75,28.549999237060547,169.9199981689453,164.47999572753906,43.54999923706055,211.77999877929688,167.1199951171875,558.760009765625,42.06999969482422,151.0800018310547,52.7599983215332,44.70500183105469,42.400001525878906,149.97999572753906,118.8499984741211,191.00999450683594,135.5,325.0400085449219,865.2999877929688,149.5500030517578,38.45000076293945,47.68000030517578,58.459999084472656,109.0999984741211,146.11000061035156,45.189998626708984,127.16000366210938,492.0,20.149999618530273,160.92999267578125,206.47000122070312,908.489990234375,176.41000366210938,114.72000122070312,95.12000274658203,94.52999877929688,106.5999984741211,28.75,170.52000427246094,165.88999938964844,43.810001373291016,213.67999267578125,167.8000030517578,565.9299926757812,42.13999938964844,151.94000244140625,52.83000183105469,44.89500045776367,42.5099983215332,150.36000061035156,119.30999755859375,188.10000610351562,132.44000244140625,319.3299865722656,848.5399780273438,144.11000061035156,37.90999984741211,46.5,57.45000076293945,107.08999633789062,143.19000244140625,44.29999923706055,125.30000305175781,482.20001220703125,19.5,159.33999633789062,202.89999389648438,860.0,173.33999633789062,112.87000274658203,94.0199966430664,91.44999694824219,103.43000030517578,28.450000762939453,169.39999389648438,161.97999572753906,43.31999969482422,208.75,163.24000549316406,557.6300048828125,41.61000061035156,149.5,52.06999969482422,44.255001068115234,42.040000915527344,149.17999267578125,117.36000061035156,190.77999877929688,134.69000244140625,323.75,855.22998046875,144.1999969482422,38.15999984741211,46.84000015258789,58.029998779296875,108.2699966430664,144.2100067138672,45.0099983215332,126.80000305175781,485.0199890136719,20.079999923706055,160.1199951171875,203.47000122070312,860.0,173.6999969482422,113.77999877929688,94.29000091552734,91.79000091552734,105.63999938964844,28.649999618530273,170.11000061035156,164.07000732421875,43.47999954223633,211.49000549316406,166.32000732421875,564.5399780273438,41.61000061035156,151.5800018310547,52.29999923706055,44.540000915527344,42.209999084472656,149.5,117.88999938964844,3206500,40583000,1786400,950500,18438700,26411200,14083500,11421000,5776200,7653100,6233400,3070700,1622700,76394500,4579200,5540200,6587600,2321900,5914100,3542600,21627200,290844200,25795600,710500,4824600,5418000,3454500,20519400,2976700,6486600,1568100,11669000,22345600,23838800,8550400,12151900
2024-08-12,179.35614013671875,136.77000427246094,300.9538879394531,839.886474609375,146.10739135742188,36.65208435058594,43.37024688720703,55.233421325683594,104.02433013916016,133.14328002929688,43.10968017578125,121.46639251708984,468.19610595703125,19.360000610351562,151.92950439453125,198.7674560546875,872.1984252929688,169.23776245117188,106.98635864257812,90.54459381103516,94.06297302246094,108.96746063232422,25.27695083618164,157.29393005371094,156.6737060546875,41.763492584228516,210.5321502685547,163.80987548828125,543.4285888671875,38.476417541503906,144.18685913085938,50.126522064208984,42.48057174682617,41.06354522705078,145.02633666992188,111.43814086914062,190.17999267578125,136.77000427246094,320.0,852.8599853515625,148.6199951171875,38.16999816894531,47.060001373291016,57.84000015258789,110.02999877929688,145.02000427246094,45.33000183105469,128.77000427246094,485.5,19.360000610351562,159.8800048828125,206.19000244140625,884.3800048828125,176.3800048828125,113.4800033569336,94.83999633789062,94.63999938964844,109.0199966430664,28.450000762939453,167.02000427246094,162.88999938964844,43.900001525878906,213.0,167.6300048828125,565.2899780273438,41.470001220703125,151.49000549316406,52.060001373291016,44.92499923706055,42.18000030517578,149.41000366210938,119.0,190.57000732421875,137.99000549316406,323.8999938964844,866.969970703125,151.1300048828125,38.72999954223633,47.470001220703125,58.68000030517578,110.2300033569336,146.74000549316406,45.47999954223633,128.8300018310547,492.8699951171875,19.969999313354492,161.6999969482422,207.13999938964844,904.719970703125,178.36000061035156,114.70999908447266,95.22000122070312,96.52999877929688,111.06999969482422,28.610000610351562,171.94000244140625,163.38999938964844,44.130001068115234,215.5500030517578,169.52999877929688,569.0,42.650001525878906,153.58999633789062,53.470001220703125,45.21500015258789,42.59000015258789,150.33999633789062,120.16999816894531,187.6999969482422,133.22999572753906,317.92999267578125,852.8200073242188,146.3699951171875,38.0099983215332,46.47999954223633,57.72999954223633,108.27999877929688,139.69000244140625,44.97999954223633,126.93000030517578,483.75,19.0,158.7100067138672,203.66000366210938,883.0,175.13999938964844,113.11000061035156,93.54000091552734,92.62999725341797,106.26000213623047,28.31999969482422,166.8000030517578,157.4199981689453,43.5,210.3000030517578,165.5399932861328,561.0499877929688,41.31999969482422,150.5500030517578,51.68000030517578,43.75,42.09000015258789,148.97999572753906,118.0199966430664,190.0800018310547,134.44000244140625,323.8999938964844,861.75,148.0800018310547,38.5,46.77000045776367,58.29999923706055,108.44999694824219,145.83999633789062,45.119998931884766,127.19999694824219,490.260009765625,19.8700008392334,160.97000122070312,206.41000366210938,904.2100219726562,177.10000610351562,114.70999908447266,94.9000015258789,93.0999984741211,106.31999969482422,28.579999923706055,170.6300048828125,160.55999755859375,43.84000015258789,212.10000610351562,166.0,562.3200073242188,42.2400016784668,152.08999633789062,52.90999984741211,44.96500015258789,42.47999954223633,150.33999633789062,119.55000305175781,4808300,39724300,1828700,1151200,17778500,33040600,11942000,15123500,5906900,8442200,4920600,2931800,1839300,54677600,7605400,6936000,4206100,2970500,6536000,4196300,18886600,325559900,21141600,1772300,8548000,6599200,4365200,14727300,2532400,7619900,1610400,18090100,28785800,20509300,5044300,13228900
2024-08-13,180.3463592529297,141.1300048828125,304.1985168457031,856.263427734375,153.5199432373047,36.9305534362793,45.21343231201172,55.52945327758789,102.42655181884766,132.34451293945312,42.4534797668457,119.19308471679688,474.4066162109375,20.469999313354492,150.5136260986328,200.45445251464844,895.5423583984375,168.63330078125,107.84427642822266,92.32990264892578,96.84590148925781,116.08402252197266,25.632339477539062,158.4146270751953,163.00259399414062,41.63981246948242,219.0819549560547,168.41253662109375,552.0325317382812,39.33927917480469,140.4272918701172,50.906436920166016,42.06924057006836,41.4042854309082,146.78321838378906,110.37059020996094,191.22999572753906,141.1300048828125,323.45001220703125,869.489990234375,156.16000366210938,38.459999084472656,49.060001373291016,58.150001525878906,108.33999633789062,144.14999389648438,44.63999938964844,126.36000061035156,491.94000244140625,20.469999313354492,158.38999938964844,207.94000244140625,908.0499877929688,175.75,114.38999938964844,96.70999908447266,97.44000244140625,116.13999938964844,28.850000381469727,168.2100067138672,169.47000122070312,43.77000045776367,221.64999389648438,172.33999633789062,574.239990234375,42.400001525878906,147.5399932861328,52.869998931884766,44.4900016784668,42.529998779296875,151.22000122070312,117.86000061035156,191.94000244140625,141.19000244140625,324.0,872.6699829101562,156.3800048828125,38.47999954223633,49.15999984741211,58.290000915527344,109.37999725341797,144.5500030517578,45.040000915527344,127.80000305175781,493.2699890136719,20.479999542236328,160.3699951171875,208.08999633789062,914.6900024414062,175.88999938964844,114.87000274658203,96.80000305175781,97.77999877929688,116.2300033569336,28.950000762939453,168.3699951171875,169.55999755859375,43.970001220703125,221.97999572753906,172.4499969482422,575.72998046875,42.41999816894531,150.55999755859375,52.959999084472656,44.625,42.560001373291016,151.3699951171875,118.51000213623047,189.3800048828125,137.52000427246094,319.1700134277344,856.3200073242188,149.80999755859375,38.119998931884766,47.47999954223633,57.77000045776367,107.86000061035156,143.0500030517578,44.34000015258789,126.0,486.4700012207031,19.469999313354492,156.44000244140625,205.39999389648438,890.3300170898438,173.1300048828125,112.83999633789062,94.94999694824219,94.91000366210938,111.58000183105469,28.309999465942383,166.4199981689453,163.27999877929688,43.38999938964844,214.6699981689453,166.33999633789062,569.0,41.43000030517578,147.27999877929688,51.810001373291016,44.27000045776367,42.119998931884766,149.8300018310547,117.5,190.55999755859375,138.1199951171875,321.7799987792969,860.7999877929688,151.5500030517578,38.369998931884766,47.47999954223633,58.22999954223633,108.98999786376953,144.0800018310547,44.7599983215332,127.37999725341797,490.2900085449219,19.479999542236328,160.27000427246094,207.72999572753906,894.0800170898438,174.47999572753906,113.56999969482422,95.7699966430664,96.62000274658203,112.44000244140625,28.549999237060547,168.3699951171875,164.3000030517578,43.599998474121094,215.99000549316406,168.0,569.989990234375,41.81999969482422,150.0,52.36000061035156,44.584999084472656,42.43000030517578,150.0,118.27999877929688,3477300,42218000,1632800,1526600,22053600,21553500,19858200,7478500,5866800,7794800,6873000,2975900,1243700,77511300,9711400,6387800,3506800,2087300,9040300,5941500,23565500,312646700,34620700,1567000,11102100,5253400,4525400,15243500,2369400,7457100,2530900,12268600,31386400,24922000,4815700,11585100
2024-08-14,182.01564025878906,140.75,303.52142333984375,866.2000732421875,155.02406311035156,37.266632080078125,44.61439895629883,56.608524322509766,103.36251831054688,132.82192993164062,42.31082534790039,119.36286926269531,480.9256896972656,19.920000076293945,150.59912109375,202.671630859375,918.8468017578125,171.79965209960938,107.08063507080078,94.93626403808594,99.79780578613281,118.02310180664062,25.65899085998535,158.56529235839844,160.77113342285156,41.64932632446289,218.52842712402344,166.0965576171875,557.2525024414062,39.28361511230469,140.69378662109375,51.6671028137207,42.315093994140625,41.9105224609375,147.307373046875,111.3913345336914,193.0,140.75,322.7300109863281,879.5800170898438,157.69000244140625,38.810001373291016,48.40999984741211,59.279998779296875,109.33000183105469,144.6699981689453,44.4900016784668,126.54000091552734,498.70001220703125,19.920000076293945,158.47999572753906,210.24000549316406,931.6799926757812,179.0500030517578,113.58000183105469,99.44000244140625,100.41000366210938,118.08000183105469,28.8799991607666,168.3699951171875,167.14999389648438,43.779998779296875,221.08999633789062,169.97000122070312,579.6699829101562,42.34000015258789,147.82000732421875,53.65999984741211,44.75,43.04999923706055,151.75999450683594,118.94999694824219,193.35000610351562,143.25,324.3599853515625,890.3900146484375,160.25,38.91999816894531,49.290000915527344,59.529998779296875,109.83999633789062,145.24000549316406,44.84000015258789,127.0999984741211,499.3500061035156,20.5,159.5500030517578,210.75999450683594,934.3800048828125,179.6199951171875,113.93000030517578,100.58999633789062,101.94999694824219,118.5999984741211,29.18000030517578,169.1999969482422,171.25999450683594,44.06999969482422,224.5399932861328,172.50999450683594,581.1199951171875,42.4900016784668,149.32000732421875,53.779998779296875,44.95000076293945,43.130001068115234,151.97999572753906,119.9000015258789,190.47000122070312,137.63999938964844,319.55999755859375,870.4600219726562,154.72000122070312,38.43000030517578,48.11000061035156,58.279998779296875,108.2300033569336,143.42999267578125,44.16999816894531,125.87999725341797,488.3999938964844,19.790000915527344,157.39999389648438,207.1199951171875,903.7899780273438,175.85000610351562,111.51000213623047,97.51000213623047,98.06999969482422,114.06999969482422,28.670000076293945,167.0,164.72000122070312,43.5,217.49000549316406,167.19000244140625,573.27001953125,42.04999923706055,147.10000610351562,52.720001220703125,44.400001525878906,42.599998474121094,150.6699981689453,117.62999725341797,191.0,143.0,320.42999267578125,887.5900268554688,158.02000427246094,38.52000045776367,49.060001373291016,58.369998931884766,108.51000213623047,144.38999938964844,44.79999923706055,126.61000061035156,492.8999938964844,20.489999771118164,157.8300018310547,207.74000549316406,910.0,176.6199951171875,113.66000366210938,97.76000213623047,101.0,118.52999877929688,28.799999237060547,168.30999755859375,170.63999938964844,44.0,223.64999389648438,171.8800048828125,575.239990234375,42.439998626708984,148.27000427246094,53.029998779296875,44.57500076293945,42.630001068115234,151.02999877929688,118.0999984741211,4153400,35506400,1656100,887700,20184200,25658900,10667200,12419500,6388000,5874200,5709600,2025700,1545600,56758200,5141200,6999800,3562900,2968900,11029400,10161700,22459000,339246400,23677700,1764400,7208200,6305300,3769900,11510300,2344400,8036100,2672600,13217200,21657600,30673000,4837300,12194500
2024-08-15,182.39285278320312,147.36000061035156,306.0230712890625,914.1295166015625,163.32138061523438,37.477882385253906,45.25951385498047,57.79264831542969,105.15884399414062,134.7775115966797,43.214290618896484,120.85325622558594,481.2342224121094,20.690000534057617,151.17880249023438,203.93447875976562,920.0320434570312,173.4308319091797,106.82608795166016,96.08192443847656,106.29792022705078,122.80079650878906,25.507951736450195,161.81442260742188,166.72488403320312,42.84800338745117,229.0352783203125,169.99562072753906,557.1948852539062,39.719688415527344,142.10243225097656,52.543304443359375,42.820980072021484,42.29993438720703,148.2295379638672,112.08043670654297,193.39999389648438,147.36000061035156,325.3900146484375,928.25,166.1300048828125,39.029998779296875,49.11000061035156,60.52000045776367,111.2300033569336,146.8000030517578,45.439998626708984,128.1199951171875,499.0199890136719,20.690000534057617,159.08999633789062,211.5500030517578,931.5800170898438,180.75,113.30999755859375,100.63999938964844,106.94999694824219,122.86000061035156,28.709999084472656,171.82000732421875,173.33999633789062,45.040000915527344,231.72000122070312,173.9600067138672,579.6099853515625,42.810001373291016,149.3000030517578,54.56999969482422,45.28499984741211,43.45000076293945,152.7100067138672,118.7300033569336,194.99000549316406,147.9600067138672,327.1600036621094,930.8099975585938,166.6699981689453,39.68000030517578,49.529998779296875,61.0099983215332,111.37000274658203,147.52000427246094,45.54999923706055,128.4199981689453,506.9100036621094,21.059999465942383,159.5,213.88999938964844,937.9600219726562,182.0,114.5,101.20999908447266,108.05000305175781,123.23999786376953,29.010000228881836,173.1300048828125,174.63999938964844,45.119998931884766,232.6199951171875,175.44000244140625,583.3400268554688,43.310001373291016,150.92999267578125,55.16999816894531,45.43000030517578,43.689998626708984,152.9499969482422,119.62999725341797,191.2899932861328,141.80999755859375,321.94000244140625,896.2999877929688,160.33999633789062,38.970001220703125,48.470001220703125,60.099998474121094,109.68000030517578,145.47999572753906,44.7400016784668,126.47000122070312,498.260009765625,20.229999542236328,157.83999633789062,211.10000610351562,920.0,179.0,112.56999969482422,100.1500015258789,102.75,117.47000122070312,28.520000457763672,171.25,170.61000061035156,44.34000015258789,225.0399932861328,170.82000732421875,573.510009765625,42.720001220703125,148.52000427246094,54.43000030517578,44.96500015258789,43.310001373291016,151.75,118.12000274658203,194.49000549316406,143.0,323.8800048828125,900.3900146484375,161.1999969482422,39.43000030517578,49.29999923706055,60.34000015258789,109.68000030517578,145.58999633789062,44.7400016784668,126.56999969482422,505.0,20.31999969482422,158.3699951171875,213.0,936.0,180.52000427246094,114.16999816894531,100.80000305175781,103.51000213623047,118.76000213623047,28.93000030517578,171.89999389648438,171.75,44.470001220703125,226.07000732421875,172.42999267578125,579.6699829101562,43.04999923706055,148.99000549316406,54.5,45.005001068115234,43.459999084472656,152.4600067138672,118.25,4719900,43582400,1886800,1459000,27945000,37379800,13140600,14159000,6307000,6304200,5403700,2037700,1732300,84814900,7237800,7001000,3080000,2391300,9685100,5885100,29128000,318086700,28676800,1838100,10752100,7940000,4332100,15393500,2751800,6512700,1917700,16549400,18335200,33329000,5886800,11579400
2024-08-16,182.86441040039062,148.55999755859375,304.4131774902344,904.6854858398438,162.91830444335938,37.77555465698242,45.48991012573242,58.63299560546875,105.11155700683594,135.20901489257812,42.88143539428711,120.79666900634766,486.2874755859375,20.8700008392334,151.46385192871094,206.26736450195312,910.6892700195312,172.7399444580078,107.16547393798828,96.84568786621094,107.33157348632812,124.51995849609375,25.1436767578125,162.9257049560547,165.60914611816406,42.60065841674805,228.5509490966797,170.56240844726562,555.3395385742188,40.0722541809082,142.5973663330078,53.275081634521484,42.77370834350586,42.6114616394043,148.3848114013672,111.55179595947266,193.89999389648438,148.55999755859375,321.44000244140625,918.6599731445312,165.72000122070312,39.34000015258789,49.36000061035156,61.400001525878906,111.18000030517578,147.27000427246094,45.09000015258789,128.05999755859375,504.260009765625,20.8700008392334,159.38999938964844,213.97000122070312,922.1199951171875,180.02999877929688,113.66999816894531,101.44000244140625,107.98999786376953,124.58000183105469,28.299999237060547,173.0,172.17999267578125,44.779998779296875,231.22999572753906,174.5399932861328,577.6799926757812,43.189998626708984,149.82000732421875,55.33000183105469,45.23500061035156,43.77000045776367,152.8699951171875,118.16999816894531,194.25,149.3699951171875,324.82000732421875,922.4600219726562,166.08999633789062,39.41999816894531,50.04999923706055,61.52000045776367,111.37999725341797,147.6199951171875,45.41999816894531,128.42999267578125,504.9100036621094,20.899999618530273,159.94000244140625,214.08999633789062,936.2999877929688,182.36000061035156,113.72000122070312,101.5,109.47000122070312,125.0,28.649999618530273,174.0,173.3800048828125,45.040000915527344,232.22000122070312,175.0,581.6500244140625,43.33000183105469,151.0399932861328,55.43000030517578,45.345001220703125,43.77000045776367,153.1199951171875,118.4800033569336,192.27000427246094,145.1999969482422,320.5,913.030029296875,162.67999267578125,38.9900016784668,49.0099983215332,60.33000183105469,109.86000061035156,145.63999938964844,44.81999969482422,127.30999755859375,497.0,20.40999984741211,158.17999267578125,211.58999633789062,919.3900146484375,179.25999450683594,112.62000274658203,100.45999908447266,105.3499984741211,121.18000030517578,27.850000381469727,171.8000030517578,170.6300048828125,44.54999923706055,228.02999877929688,172.25,574.0999755859375,42.810001373291016,147.66000366210938,54.61000061035156,44.970001220703125,43.400001525878906,152.22999572753906,117.66000366210938,193.8800048828125,145.6999969482422,323.6499938964844,916.1599731445312,164.47000122070312,39.0,49.11000061035156,60.33000183105469,110.31999969482422,146.0500030517578,44.970001220703125,127.61000061035156,497.04998779296875,20.530000686645508,159.13999938964844,211.69000244140625,928.3900146484375,179.66000366210938,113.61000061035156,100.62999725341797,106.83000183105469,121.94000244140625,28.649999618530273,171.8000030517578,172.2899932861328,44.56999969482422,229.58999633789062,173.38999938964844,580.9199829101562,42.810001373291016,148.49000549316406,54.779998779296875,45.005001068115234,43.400001525878906,152.66000366210938,117.98999786376953,3674900,31123900,1442500,804200,19296900,26886600,14161800,9939700,3819100,6874400,4917900,2339800,1587000,48582700,5012800,7931200,2364900,2452400,10102300,4159700,18383300,302589900,50332900,1365500,5435700,6013000,3966100,10710000,2728900,5369500,2005500,19173900,17753000,25338900,4562500,10056000
2024-08-19,185.66539001464844,155.27999877929688,310.5971984863281,918.955078125,164.8746795654297,38.09243392944336,45.43461608886719,59.234596252441406,105.6409912109375,136.3137969970703,42.976539611816406,120.96646118164062,486.6925354003906,21.520000457763672,151.69195556640625,207.69407653808594,910.3832397460938,171.65570068359375,107.87256622314453,97.14163970947266,107.96768188476562,129.93736267089844,25.587913513183594,164.33834838867188,167.6097869873047,43.15243148803711,232.43540954589844,171.45166015625,556.39697265625,40.50832748413086,141.0745086669922,54.353485107421875,43.062110900878906,42.84510803222656,149.2875213623047,111.89164733886719,196.8699951171875,155.27999877929688,327.9700012207031,933.1500244140625,167.7100067138672,39.66999816894531,49.29999923706055,62.029998779296875,111.73999786376953,146.8300018310547,45.189998626708984,128.24000549316406,504.67999267578125,21.520000457763672,159.6300048828125,215.4499969482422,921.8099975585938,178.89999389648438,114.41999816894531,101.75,108.62999725341797,130.0,28.799999237060547,174.5,174.25999450683594,45.36000061035156,235.16000366210938,175.4499969482422,578.780029296875,43.65999984741211,148.22000122070312,56.45000076293945,45.540000915527344,44.0099983215332,153.8000030517578,118.52999877929688,197.17999267578125,155.3699951171875,328.17999267578125,933.7100219726562,167.8300018310547,39.7400016784668,49.9900016784668,62.04999923706055,112.75,147.72999572753906,45.540000915527344,129.80999755859375,507.7799987792969,21.860000610351562,160.2899932861328,215.52999877929688,926.0,180.44000244140625,114.5999984741211,102.04000091552734,108.72000122070312,130.0,28.889999389648438,174.80999755859375,174.32000732421875,45.779998779296875,235.1999969482422,175.4499969482422,583.2999877929688,43.66999816894531,150.5500030517578,56.459999084472656,45.92499923706055,44.02000045776367,153.94000244140625,120.5,193.35000610351562,147.72000122070312,321.4100036621094,909.4500122070312,160.4199981689453,39.45000076293945,49.20000076293945,61.349998474121094,111.12000274658203,145.88999938964844,45.04999923706055,127.8499984741211,501.8599853515625,20.84000015258789,159.1300048828125,213.82000732421875,916.5,178.0,113.30999755859375,101.30000305175781,104.76000213623047,123.41999816894531,28.280000686645508,173.14999389648438,168.74000549316406,45.0099983215332,227.66000366210938,171.10000610351562,577.0700073242188,43.25,147.7899932861328,55.2599983215332,45.310001373291016,43.779998779296875,152.7899932861328,118.16999816894531,193.39999389648438,148.42999267578125,321.4599914550781,917.1400146484375,164.86000061035156,39.47999954223633,49.380001068115234,61.5,111.22000122070312,146.00999450683594,45.2599983215332,128.07000732421875,505.0,20.889999389648438,159.4600067138672,214.0,922.1199951171875,180.44000244140625,113.66000366210938,101.5199966430664,107.25,124.27999877929688,28.350000381469727,173.47000122070312,171.57000732421875,45.13999938964844,230.3300018310547,174.75999450683594,578.0800170898438,43.25,149.99000549316406,55.349998474121094,45.310001373291016,43.779998779296875,152.8800048828125,118.4000015258789,4309300,60766900,1214200,1024600,20441700,27268900,9067400,8882500,4335600,5967400,5064500,1985300,1027900,65956300,4408400,6090800,2374600,2076600,6177500,4070500,15744600,318333600,26382500,971500,6708100,8046500,2197800,11511000,1847900,4575400,2637900,12792900,21762600,24458600,4729600,12417500
2024-08-20,184.98635864257812,156.39999389648438,311.1464538574219,912.0911254882812,163.1444091796875,37.15140151977539,45.139705657958984,58.54704284667969,103.8541488647461,134.32704162597656,41.88286590576172,118.14604949951172,479.6141357421875,20.989999771118164,152.1956024169922,206.79757690429688,938.194091796875,164.6609344482422,108.5513687133789,96.215576171875,107.33157348632812,127.18866729736328,25.676761627197266,163.4813232421875,165.5418243408203,41.88715744018555,229.3614501953125,168.11935424804688,558.1947021484375,40.582550048828125,134.45004272460938,54.06462478637695,41.927398681640625,42.70881652832031,149.88934326171875,108.1628646850586,196.14999389648438,156.39999389648438,328.54998779296875,926.1799926757812,165.9499969482422,38.689998626708984,48.97999954223633,61.310001373291016,109.8499984741211,144.69000244140625,44.040000915527344,125.25,497.3399963378906,20.989999771118164,160.16000366210938,214.52000427246094,949.969970703125,171.61000061035156,115.13999938964844,100.77999877929688,107.98999786376953,127.25,28.899999618530273,173.58999633789062,172.11000061035156,44.029998779296875,232.0500030517578,172.0399932861328,580.6500244140625,43.7400016784668,141.25999450683594,56.150001525878906,44.34000015258789,43.869998931884766,154.4199981689453,114.58000183105469,197.47999572753906,162.0399932861328,330.5,936.3800048828125,168.3699951171875,39.2400016784668,49.61000061035156,61.70000076293945,111.80999755859375,146.50999450683594,45.0,128.55999755859375,504.1600036621094,21.229999542236328,160.92999267578125,216.0,967.0,178.42999267578125,115.30000305175781,101.62999725341797,109.19000244140625,129.8800048828125,29.190000534057617,174.4499969482422,175.42999267578125,45.34000015258789,235.5500030517578,175.39999389648438,583.8099975585938,43.95000076293945,147.9499969482422,56.720001220703125,45.47999954223633,44.0,155.2100067138672,118.6500015258789,194.1300048828125,154.50999450683594,326.6199951171875,917.3499755859375,164.14999389648438,38.34000015258789,48.93000030517578,61.09000015258789,108.8499984741211,144.55999755859375,43.79999923706055,124.6500015258789,496.5,20.81999969482422,159.6699981689453,213.67999267578125,930.510009765625,171.5500030517578,114.55000305175781,100.5999984741211,106.16000366210938,125.88999938964844,28.799999237060547,173.13999938964844,171.14999389648438,44.0099983215332,230.27000427246094,169.85000610351562,575.5,43.38999938964844,141.14999389648438,55.91999816894531,44.31999969482422,43.779998779296875,154.0500030517578,114.51000213623047,197.1199951171875,156.49000549316406,328.1199951171875,935.97998046875,167.0500030517578,39.119998931884766,49.27000045776367,61.59000015258789,111.56999969482422,146.3300018310547,44.9900016784668,128.2899932861328,503.8699951171875,21.209999084472656,160.0,215.0,932.0999755859375,178.36000061035156,114.76000213623047,101.25,108.33000183105469,128.39999389648438,28.799999237060547,173.69000244140625,173.86000061035156,45.220001220703125,233.9499969482422,175.39999389648438,579.8499755859375,43.47999954223633,147.9499969482422,56.029998779296875,45.439998626708984,43.959999084472656,154.2100067138672,118.6500015258789,3631800,76851200,1352600,921300,19417500,44440800,8780200,8661300,6783300,7497600,6267700,2867300,2122700,84161300,7275100,5640000,4961500,2701000,5392300,3396900,16075500,300087400,21301300,1323800,6222400,7409000,2587700,13555500,1677500,6587400,4084300,12533500,33866400,19620400,4878300,15632000
2024-08-21,185.3447265625,157.80999755859375,311.7147216796875,929.2559814453125,162.977294921875,37.20901870727539,44.64204406738281,57.80219268798828,103.63670349121094,134.9119415283203,41.69266128540039,117.891357421875,478.7654724121094,21.40999984741211,153.40243530273438,206.87466430664062,940.1693115234375,165.80343627929688,109.39044189453125,96.12965393066406,107.66950988769531,128.4380645751953,25.79226303100586,163.27415466308594,167.57130432128906,42.04888916015625,232.61334228515625,167.53305053710938,555.7144165039062,40.545433044433594,136.9342041015625,53.400245666503906,41.99831771850586,42.64067459106445,150.14170837402344,107.47373962402344,196.52999877929688,157.80999755859375,329.1499938964844,943.6099853515625,165.77999877929688,38.75,48.439998626708984,60.529998779296875,109.62000274658203,145.32000732421875,43.84000015258789,124.9800033569336,496.4599914550781,21.40999984741211,161.42999267578125,214.60000610351562,951.969970703125,171.97000122070312,116.02999877929688,100.69000244140625,108.33000183105469,128.5,29.030000686645508,173.3699951171875,174.22000122070312,44.20000076293945,235.33999633789062,171.44000244140625,578.0700073242188,43.70000076293945,143.8699951171875,55.459999084472656,44.415000915527344,43.79999923706055,154.67999267578125,113.8499984741211,197.33999633789062,158.64999389648438,330.989990234375,945.0499877929688,166.47000122070312,38.9900016784668,49.16999816894531,61.45000076293945,111.19000244140625,146.63999938964844,44.63999938964844,126.86000061035156,500.7799987792969,21.440000534057617,161.47999572753906,215.0,956.5,174.49000549316406,116.5999984741211,101.2300033569336,108.4000015258789,129.35000610351562,29.170000076293945,174.35000610351562,174.8699951171875,44.68000030517578,236.50999450683594,173.0800018310547,583.3900146484375,43.9900016784668,145.4199981689453,56.45000076293945,44.845001220703125,43.9900016784668,155.0800018310547,115.56999969482422,195.6699981689453,155.07000732421875,327.9100036621094,931.6699829101562,162.8800048828125,38.38999938964844,48.15999984741211,59.880001068115234,108.9000015258789,144.5500030517578,43.61000061035156,124.93000030517578,494.0299987792969,21.06999969482422,160.30999755859375,212.83999633789062,939.1699829101562,171.0,114.55000305175781,99.95999908447266,106.20999908447266,126.66000366210938,28.93000030517578,172.19000244140625,172.0800018310547,44.11000061035156,232.63999938964844,169.91000366210938,577.4299926757812,43.279998779296875,141.52000427246094,55.20000076293945,44.290000915527344,43.56999969482422,154.13999938964844,113.76000213623047,196.44000244140625,156.1199951171875,329.54998779296875,933.719970703125,165.1199951171875,38.869998931884766,48.779998779296875,61.400001525878906,110.80999755859375,145.42999267578125,44.5099983215332,126.2300033569336,499.5,21.06999969482422,160.39999389648438,214.42999267578125,955.6199951171875,171.55999755859375,114.77999877929688,101.0999984741211,108.16000366210938,127.31999969482422,28.979999542236328,174.10000610351562,172.99000549316406,44.540000915527344,233.2100067138672,170.36000061035156,581.510009765625,43.849998474121094,142.22999572753906,56.439998626708984,44.619998931884766,43.939998626708984,154.74000549316406,115.01000213623047,4250400,42791200,1138200,646500,16097700,33751100,7780500,14414900,4011900,5985000,5366600,2668800,917100,57028900,5019400,5202300,2617000,2088100,8144100,3576000,13658900,257883600,16729700,1082900,6309500,5529900,1832200,9434800,2844300,4262100,2696200,13691700,22737800,19914100,5530100,11752400
2024-08-22,185.19381713867188,151.6999969482422,307.3394775390625,893.9022216796875,159.59544372558594,37.67953109741211,43.8863410949707,57.69715118408203,103.96759033203125,135.29258728027344,41.53097915649414,118.11775207519531,480.0094909667969,20.100000381469727,154.2766876220703,208.8316192626953,942.3419189453125,165.62026977539062,109.88067626953125,96.00553894042969,103.62432861328125,123.68036651611328,25.570144653320312,164.73385620117188,162.55050659179688,41.972782135009766,224.66648864746094,162.64698791503906,556.3392333984375,41.00006103515625,136.51541137695312,53.88167953491211,42.10706329345703,42.88404846191406,150.23878479003906,108.30445861816406,196.3699951171875,151.6999969482422,324.5299987792969,907.7100219726562,162.33999633789062,39.2400016784668,47.619998931884766,60.41999816894531,109.97000122070312,145.72999572753906,43.66999816894531,125.22000122070312,497.75,20.100000381469727,162.35000610351562,216.6300048828125,954.1699829101562,171.77999877929688,116.55000305175781,100.55999755859375,104.26000213623047,123.73999786376953,28.780000686645508,174.9199981689453,169.0,44.119998931884766,227.3000030517578,166.44000244140625,578.719970703125,44.189998626708984,143.42999267578125,55.959999084472656,44.529998779296875,44.04999923706055,154.77999877929688,114.7300033569336,197.5399932861328,159.83999633789062,329.5,943.989990234375,172.4199981689453,39.290000915527344,48.61000061035156,60.75,110.5199966430664,146.3300018310547,44.08000183105469,126.43000030517578,499.70001220703125,21.399999618530273,162.49000549316406,216.8000030517578,972.530029296875,173.1699981689453,116.72000122070312,100.9800033569336,111.0,130.75,29.1299991607666,175.72999572753906,174.58999633789062,44.439998626708984,237.5,173.27999877929688,582.9500122070312,44.22999954223633,144.94000244140625,56.369998931884766,44.72999954223633,44.04999923706055,155.35000610351562,115.01000213623047,195.35000610351562,151.00999450683594,323.1199951171875,904.5900268554688,161.49000549316406,38.56999969482422,46.88999938964844,60.11000061035156,109.41000366210938,145.1300048828125,43.540000915527344,124.94999694824219,494.7900085449219,20.040000915527344,160.7899932861328,214.33999633789062,948.1400146484375,171.0399932861328,115.22000122070312,99.9000015258789,103.95999908447266,123.0999984741211,28.540000915527344,173.2100067138672,168.3800048828125,43.97999954223633,226.6199951171875,166.05999755859375,570.6199951171875,43.689998626708984,142.89999389648438,55.65999984741211,44.35499954223633,43.810001373291016,153.99000549316406,113.63999938964844,197.00999450683594,158.8699951171875,329.5,943.0,170.83999633789062,38.779998779296875,48.56999969482422,60.75,109.5999984741211,145.35000610351562,43.95000076293945,125.0,497.0,21.389999389648438,162.0,214.5800018310547,951.97998046875,172.00999450683594,116.30000305175781,100.76000213623047,108.94999694824219,130.02000427246094,29.020000457763672,173.55999755859375,174.3000030517578,44.25,236.6999969482422,172.0,579.25,43.689998626708984,144.08999633789062,55.70000076293945,44.44499969482422,43.849998474121094,155.1999969482422,113.77999877929688,3676700,45737300,2172000,1092600,30044500,35421600,9946800,7848500,3644500,4027000,4173600,2216200,943800,81444700,6552100,5247100,3183700,2178700,8201200,2777300,17967000,376189100,20241500,1531400,6743500,7164300,2969600,13546100,2282000,4836900,1176800,15683000,19595400,24738700,4951800,10609500
2024-08-23,186.3066864013672,154.97999572753906,311.38330078125,893.458984375,163.5474853515625,38.18846130371094,44.33791732788086,59.33964157104492,105.31954956054688,137.0471954345703,42.51054000854492,119.70245361328125,491.26361083984375,20.540000915527344,155.96815490722656,210.45115661621094,940.9296875,169.02366638183594,109.92782592773438,97.27530670166016,102.22291564941406,129.30763244628906,25.676761627197266,167.72869873046875,166.8787841796875,42.924110412597656,230.6859130859375,167.376708984375,561.9053955078125,42.11343765258789,138.83779907226562,54.59419250488281,42.73588180541992,43.253997802734375,150.8891143798828,109.80540466308594,197.5500030517578,154.97999572753906,328.79998779296875,907.260009765625,166.36000061035156,39.77000045776367,48.11000061035156,62.13999938964844,111.4000015258789,147.6199951171875,44.70000076293945,126.9000015258789,509.4200134277344,20.540000915527344,164.1300048828125,218.30999755859375,952.739990234375,175.30999755859375,116.5999984741211,101.88999938964844,102.8499984741211,129.3699951171875,28.899999618530273,178.10000610351562,173.5,45.119998931884766,233.38999938964844,171.27999877929688,584.510009765625,45.38999938964844,145.8699951171875,56.70000076293945,45.19499969482422,44.43000030517578,155.4499969482422,116.31999969482422,197.97999572753906,156.39999389648438,331.2900085449219,922.1300048828125,168.27999877929688,40.16999816894531,48.2400016784668,62.459999084472656,111.48999786376953,148.08999633789062,44.77000045776367,127.2699966430664,512.4400024414062,20.93000030517578,164.22000122070312,219.19000244140625,960.5,175.52999877929688,116.80999755859375,102.58000183105469,104.41000366210938,129.60000610351562,28.940000534057617,180.19000244140625,174.6199951171875,45.29999923706055,235.0,173.2899932861328,585.2100219726562,45.599998474121094,146.3000030517578,57.400001525878906,45.27000045776367,44.540000915527344,155.55999755859375,116.72000122070312,196.22999572753906,151.8300018310547,325.3800048828125,903.1300048828125,163.4600067138672,39.27000045776367,47.380001068115234,60.7400016784668,110.2699966430664,146.32000732421875,43.95000076293945,125.5,499.8500061035156,20.260000228881836,161.6999969482422,216.5,943.1099853515625,172.64999389648438,115.91999816894531,100.81999969482422,100.30999755859375,125.22000122070312,28.639999389648438,175.75,170.6300048828125,44.38999938964844,229.6999969482422,167.9199981689453,578.4500122070312,44.34000015258789,143.44000244140625,56.31999969482422,44.685001373291016,44.09000015258789,154.63999938964844,115.02999877929688,197.25,153.60000610351562,326.2699890136719,912.9099731445312,165.02999877929688,39.27000045776367,47.66999816894531,60.869998931884766,110.83000183105469,146.52999877929688,44.0,126.25,502.75,20.31999969482422,162.5,217.60000610351562,955.4400024414062,173.10000610351562,116.80000305175781,100.94000244140625,103.04000091552734,125.86000061035156,28.81999969482422,176.14999389648438,171.75999450683594,44.5,230.9199981689453,169.0,581.0,44.5099983215332,144.3800048828125,56.41999816894531,44.7400016784668,44.18000030517578,155.19000244140625,115.02999877929688,4720300,43694600,1771100,1395900,18848000,45616600,8328400,13299700,4024200,4824100,4314300,1995800,1751800,73398400,7093400,7214000,2063300,1996000,8368200,3814800,25465100,323230300,21885300,1753000,6823600,6244500,3452900,12189100,2376400,5094500,1524000,17074400,20734600,32762500,4069400,10381400
2024-08-26,186.2029571533203,149.99000549316406,309.4702453613281,869.873291015625,156.9214324951172,38.33249282836914,44.45772933959961,59.00541687011719,107.36164855957031,137.86416625976562,42.928985595703125,122.6832275390625,489.76885986328125,20.1299991607666,156.42428588867188,211.28016662597656,938.7471313476562,166.9893341064453,109.61670684814453,97.69537353515625,98.30696105957031,126.39905548095703,25.694530487060547,167.7381134033203,163.02183532714844,43.3807487487793,224.89381408691406,165.2170867919922,564.424072265625,42.32684326171875,136.1918182373047,54.61345291137695,43.11884307861328,43.39028549194336,150.81146240234375,112.15594482421875,197.44000244140625,149.99000549316406,326.7799987792969,883.3099975585938,159.6199951171875,39.91999816894531,48.2400016784668,61.790000915527344,113.55999755859375,148.5,45.13999938964844,130.05999755859375,507.8699951171875,20.1299991607666,164.61000061035156,219.1699981689453,950.530029296875,173.1999969482422,116.2699966430664,102.33000183105469,98.91000366210938,126.45999908447266,28.920000076293945,178.11000061035156,169.49000549316406,45.599998474121094,227.52999877929688,169.07000732421875,587.1300048828125,45.619998931884766,143.08999633789062,56.720001220703125,45.599998474121094,44.56999969482422,155.3699951171875,118.80999755859375,197.97000122070312,158.27999877929688,330.260009765625,904.6400146484375,165.6999969482422,40.20000076293945,48.4900016784668,62.599998474121094,115.02999877929688,150.08999633789062,46.040000915527344,131.17999267578125,513.5,20.559999465942383,165.7100067138672,219.67999267578125,955.0,177.57000732421875,117.9000015258789,103.05000305175781,102.19000244140625,131.25999450683594,29.049999237060547,179.9600067138672,172.3800048828125,46.15999984741211,233.2100067138672,171.0500030517578,592.0900268554688,45.83000183105469,147.36000061035156,57.150001525878906,46.0,44.810001373291016,156.0800018310547,118.94000244140625,196.07000732421875,148.91000366210938,325.5,882.4500122070312,158.66000366210938,39.65999984741211,47.97999954223633,61.56999969482422,112.94000244140625,147.5500030517578,45.0099983215332,128.83999633789062,505.32000732421875,19.950000762939453,163.5399932861328,218.0500030517578,942.77001953125,172.82000732421875,116.16000366210938,101.9800033569336,97.61000061035156,124.37000274658203,28.770000457763672,177.6999969482422,168.52999877929688,45.2400016784668,226.6999969482422,167.82000732421875,585.739990234375,45.41999816894531,142.64999389648438,56.540000915527344,45.26499938964844,44.470001220703125,155.22000122070312,116.91999816894531,197.55999755859375,154.6999969482422,328.4100036621094,903.5399780273438,164.9600067138672,40.0,48.16999816894531,62.36000061035156,113.0199966430664,148.97000122070312,45.5,129.5,512.3400268554688,20.530000686645508,164.1699981689453,219.00999450683594,949.2000122070312,176.6999969482422,116.7300033569336,103.04000091552734,100.66999816894531,129.57000732421875,28.920000076293945,179.2899932861328,171.97000122070312,46.0,232.47000122070312,170.3800048828125,588.0499877929688,45.75,146.61000061035156,57.02000045776367,45.69499969482422,44.58000183105469,155.60000610351562,117.76000213623047,4182300,49893300,1769900,1251500,18521200,44659500,4949600,9384200,6253900,5780300,5334100,2270000,1084200,58534800,6870600,5105200,2166000,1903200,6518700,2679000,26752300,331964700,16506000,1009700,7437600,6222100,2148200,9611300,1800000,5849800,2752200,9478800,19514800,23716300,4433600,13671000
2024-08-27,184.76943969726562,150.5,309.6122741699219,876.3433227539062,158.66151428222656,38.09243392944336,44.34713363647461,58.90037155151367,106.29332733154297,136.4251708984375,42.462982177734375,121.26830291748047,489.1805419921875,20.06999969482422,156.02215576171875,212.25379943847656,942.648193359375,163.7980194091797,109.83354187011719,97.45670318603516,97.26334381103516,128.23817443847656,25.605684280395508,168.71754455566406,167.2923583984375,42.84800338745117,227.38462829589844,166.663330078125,564.6355590820312,42.428897857666016,134.13592529296875,54.1705322265625,42.71696853637695,43.61419677734375,151.04443359375,111.08924102783203,195.9199981689453,150.5,326.92999267578125,889.8800048828125,161.38999938964844,39.66999816894531,48.119998931884766,61.68000030517578,112.43000030517578,146.9499969482422,44.650001525878906,128.55999755859375,507.260009765625,20.06999969482422,162.9499969482422,220.17999267578125,954.47998046875,169.88999938964844,116.5,102.08000183105469,97.86000061035156,128.3000030517578,28.81999969482422,179.14999389648438,173.92999267578125,45.040000915527344,230.0500030517578,170.5500030517578,587.3499755859375,45.72999954223633,140.92999267578125,56.2599983215332,45.17499923706055,44.79999923706055,155.61000061035156,117.68000030517578,198.3000030517578,151.6999969482422,329.8299865722656,895.760009765625,162.02999877929688,40.130001068115234,48.790000915527344,62.18000030517578,113.66000366210938,149.5500030517578,45.2599983215332,130.85000610351562,511.4800109863281,20.260000228881836,164.0399932861328,220.4199981689453,972.47998046875,172.89999389648438,116.62000274658203,102.8499984741211,98.48999786376953,129.1999969482422,29.040000915527344,179.27000427246094,174.44000244140625,45.540000915527344,230.80999755859375,170.5800018310547,592.3400268554688,45.779998779296875,142.75,56.91999816894531,45.724998474121094,44.81999969482422,156.0399932861328,119.41000366210938,195.17999267578125,148.44000244140625,325.5799865722656,874.47998046875,155.8300018310547,39.61000061035156,47.810001373291016,61.459999084472656,112.05999755859375,146.74000549316406,44.59000015258789,128.33999633789062,506.5899963378906,19.84000015258789,162.16000366210938,219.19000244140625,949.9500122070312,169.7899932861328,115.25,102.04000091552734,96.66999816894531,123.87999725341797,28.559999465942383,177.36000061035156,168.27000427246094,44.779998779296875,223.80999755859375,165.0399932861328,583.780029296875,45.45000076293945,140.4499969482422,56.15999984741211,45.095001220703125,44.58000183105469,155.05999755859375,117.4000015258789,197.99000549316406,150.1300048828125,328.4200134277344,880.0,157.60000610351562,40.0,48.36000061035156,61.90999984741211,113.66000366210938,148.6699981689453,45.060001373291016,130.49000549316406,507.8399963378906,20.1299991607666,163.5,219.50999450683594,952.5,172.75,116.2699966430664,102.45999908447266,97.08999633789062,125.05000305175781,28.979999542236328,178.02000427246094,169.1699981689453,45.45000076293945,225.8800048828125,166.4199981689453,589.469970703125,45.599998474121094,142.75,56.709999084472656,45.599998474121094,44.65999984741211,155.52000427246094,118.95999908447266,2504500,35102700,1444300,661600,16683100,32323900,6918500,7294800,3521700,5100000,3767300,2150800,977900,43862000,4388700,5185200,2912900,1657100,5502600,2537200,17234600,303134600,16184600,1335700,6498800,5199400,2024700,9186000,1581900,5458000,2030300,7638500,16627200,21583500,3785400,9991600
2024-08-28,184.27903747558594,146.36000061035156,312.0367126464844,874.619873046875,155.5057830810547,38.36130142211914,45.21343231201172,58.80487823486328,106.02860260009766,135.54322814941406,42.40592575073242,121.41923522949219,485.390625,19.610000610351562,156.950927734375,213.32383728027344,937.1768188476562,163.83657836914062,110.68203735351562,97.57125091552734,94.28164672851562,125.5494613647461,25.543489456176758,171.19439697265625,165.29177856445312,41.61127471923828,223.28269958496094,165.34410095214844,565.779541015625,42.800025939941406,134.2501678466797,54.95045852661133,42.442745208740234,43.72128677368164,151.21914672851562,109.99420166015625,195.39999389648438,146.36000061035156,329.489990234375,888.1300048828125,158.17999267578125,39.95000076293945,49.060001373291016,61.58000183105469,112.1500015258789,146.0,44.59000015258789,128.72000122070312,503.3299865722656,19.610000610351562,163.9199981689453,221.2899932861328,948.9400024414062,169.92999267578125,117.4000015258789,102.19999694824219,94.86000061035156,125.61000061035156,28.75,181.77999877929688,171.85000610351562,43.7400016784668,225.89999389648438,169.1999969482422,588.5399780273438,46.130001068115234,141.0500030517578,57.06999969482422,44.8849983215332,44.90999984741211,155.7899932861328,116.5199966430664,196.22999572753906,150.42999267578125,330.510009765625,897.4600219726562,162.27999877929688,40.27000045776367,49.91999816894531,61.9900016784668,112.19999694824219,147.13999938964844,44.869998931884766,129.25999450683594,508.3699951171875,20.110000610351562,165.0,222.2100067138672,958.3400268554688,171.9499969482422,118.0199966430664,102.69999694824219,97.68000030517578,128.3300018310547,29.079999923706055,183.25999450683594,175.72000122070312,44.15999984741211,230.6999969482422,172.47000122070312,592.8400268554688,46.38999938964844,142.74000549316406,57.36000061035156,45.165000915527344,45.15999984741211,156.44000244140625,117.58000183105469,194.02999877929688,144.72000122070312,325.3900146484375,880.4199829101562,156.25,39.33000183105469,48.029998779296875,61.150001525878906,110.63999938964844,145.47999572753906,44.25,127.16999816894531,498.4700012207031,19.510000228881836,162.7100067138672,219.19000244140625,943.260009765625,168.0800018310547,116.23999786376953,101.41999816894531,92.69999694824219,122.63999938964844,28.639999389648438,178.5800018310547,169.6300048828125,43.5099983215332,223.6199951171875,166.1999969482422,583.8699951171875,45.56999969482422,139.4199981689453,56.029998779296875,44.685001373291016,44.63999938964844,155.05999755859375,116.26000213623047,195.52000427246094,149.39999389648438,325.94000244140625,890.7000122070312,160.0800018310547,39.34000015258789,48.119998931884766,61.349998474121094,112.04000091552734,146.44000244140625,44.290000915527344,127.58999633789062,506.6000061035156,19.979999542236328,163.0,219.25,954.1500244140625,169.0,116.5999984741211,101.88999938964844,97.36000061035156,128.1199951171875,28.780000686645508,178.5800018310547,174.3800048828125,43.959999084472656,229.08999633789062,171.32000732421875,589.010009765625,45.56999969482422,140.05999755859375,56.060001373291016,44.900001525878906,44.68000030517578,155.50999450683594,117.0,3910200,34075800,1444200,727300,18063600,40700500,8399700,7692900,4506400,5614400,3651200,1726100,1568100,50144900,5187000,6506400,1701800,2143100,5403200,2836800,25564300,448101100,19874100,1577600,6534600,9866400,3480000,10581400,1657000,6213900,2139700,11905200,17049000,24726200,5150100,10742900
2024-08-29,184.07156372070312,145.49000549316406,313.4761962890625,874.206298828125,154.2769012451172,38.572547912597656,45.821685791015625,59.09135437011719,108.12743377685547,136.86151123046875,42.795841217041016,122.60777282714844,491.9193420410156,20.1299991607666,157.2477264404297,214.2107391357422,928.5452270507812,164.8393096923828,110.73860931396484,97.9531478881836,94.9873046875,117.5333251953125,25.516836166381836,172.38104248046875,163.02183532714844,42.02985763549805,222.6402130126953,165.2952423095703,568.6923828125,43.171146392822266,134.97349548339844,55.220054626464844,42.995914459228516,44.11070251464844,151.53945922851562,111.51404571533203,195.17999267578125,145.49000549316406,331.010009765625,887.7100219726562,156.92999267578125,40.16999816894531,49.720001220703125,61.880001068115234,114.37000274658203,147.4199981689453,45.0,129.97999572753906,510.1000061035156,20.1299991607666,164.22999572753906,222.2100067138672,940.2000122070312,170.97000122070312,117.45999908447266,102.5999984741211,95.56999969482422,117.58999633789062,28.719999313354492,183.0399932861328,169.49000549316406,44.18000030517578,225.25,169.14999389648438,591.5700073242188,46.529998779296875,141.80999755859375,57.349998474121094,45.470001220703125,45.310001373291016,156.1199951171875,118.12999725341797,196.44000244140625,149.49000549316406,334.2699890136719,914.530029296875,163.1999969482422,40.34000015258789,49.77000045776367,62.220001220703125,115.13999938964844,148.17999267578125,45.34000015258789,130.5399932861328,513.239990234375,20.600000381469727,164.72000122070312,222.97999572753906,957.52001953125,171.52999877929688,118.4000015258789,102.91999816894531,97.9800033569336,124.43000030517578,28.889999389648438,184.55999755859375,176.36000061035156,44.41999816894531,231.02000427246094,175.4199981689453,592.6099853515625,46.77000045776367,142.69000244140625,57.77000045776367,45.63999938964844,45.459999084472656,156.8300018310547,118.79000091552734,193.85000610351562,144.47000122070312,329.25,882.989990234375,155.41000366210938,39.529998779296875,48.7599983215332,61.16999816894531,112.06999969482422,145.44000244140625,44.5099983215332,129.10000610351562,501.1400146484375,19.75,163.36000061035156,218.94000244140625,936.0,167.27999877929688,116.79000091552734,101.27999877929688,94.98999786376953,116.70999908447266,28.530000686645508,180.1199951171875,168.92999267578125,43.40999984741211,224.2100067138672,167.50999450683594,584.3699951171875,45.5099983215332,139.22000122070312,56.5099983215332,44.724998474121094,44.75,155.4600067138672,116.3499984741211,196.0,146.58999633789062,331.6700134277344,906.0599975585938,158.49000549316406,40.04999923706055,49.27000045776367,62.0099983215332,112.9800033569336,146.4600067138672,44.939998626708984,129.3699951171875,506.0,19.760000228881836,164.6300048828125,222.14999389648438,955.0,169.39999389648438,117.93000030517578,102.91999816894531,96.55999755859375,121.36000061035156,28.8700008392334,182.7100067138672,173.4199981689453,44.2400016784668,227.10000610351562,168.64999389648438,590.6799926757812,46.369998931884766,141.99000549316406,57.310001373291016,45.150001525878906,45.060001373291016,156.41000366210938,117.19999694824219,4538300,31602100,1294300,1173800,23519300,34810800,7536000,8368000,5270200,4466700,4365500,3152000,1566300,64529700,7390100,6416100,1762800,2338700,7202500,3325600,18984300,453023300,19229800,1034000,12514200,8000800,4084600,13213200,1953200,7064700,2275000,9283300,22498800,33726600,4339200,10753900
2024-08-30,185.1372528076172,148.55999755859375,316.14678955078125,890.1204223632812,160.06735229492188,39.12948226928711,46.033653259277344,59.817108154296875,107.5791015625,137.3535614013672,42.586612701416016,121.51358032226562,494.97503662109375,22.040000915527344,158.80844116210938,216.70751953125,948.1195678710938,170.76876831054688,111.67196655273438,98.91739654541016,95.6532211303711,119.31246948242188,25.774492263793945,174.3116455078125,168.61012268066406,41.84910583496094,228.46197509765625,167.78712463378906,567.3753051757812,43.820613861083984,139.6563262939453,56.2984619140625,43.15666580200195,44.52932357788086,152.58778381347656,111.33468627929688,196.30999755859375,148.55999755859375,333.8299865722656,903.8699951171875,162.82000732421875,40.75,49.95000076293945,62.63999938964844,113.79000091552734,147.9499969482422,44.779998779296875,128.82000732421875,510.25,22.040000915527344,165.86000061035156,224.8000030517578,960.02001953125,177.1199951171875,118.44999694824219,103.61000061035156,96.23999786376953,119.37000274658203,29.010000228881836,185.08999633789062,175.3000030517578,43.9900016784668,231.13999938964844,171.6999969482422,590.2000122070312,47.22999954223633,146.72999572753906,58.470001220703125,45.63999938964844,45.7400016784668,157.1999969482422,117.94000244140625,196.5,148.99000549316406,335.6600036621094,906.9299926757812,163.24000549316406,40.86000061035156,50.2400016784668,62.70000076293945,114.04000091552734,148.0800018310547,44.84000015258789,129.30999755859375,511.19000244140625,22.1200008392334,165.97999572753906,225.47999572753906,961.0,177.47999572753906,118.75,103.80999755859375,98.41000366210938,121.75,29.049999237060547,185.57000732421875,175.4600067138672,44.040000915527344,231.75,172.22999572753906,593.260009765625,47.310001373291016,147.05999755859375,58.58000183105469,45.654998779296875,45.779998779296875,157.27999877929688,118.0199966430664,194.1699981689453,145.25,330.30999755859375,888.9400024414062,158.7100067138672,40.130001068115234,49.68000030517578,61.65999984741211,112.41000366210938,145.6999969482422,44.380001068115234,127.5999984741211,505.1700134277344,21.0,163.80999755859375,221.92999267578125,940.510009765625,169.9600067138672,117.1500015258789,102.0999984741211,94.98999786376953,117.22000122070312,28.670000076293945,183.1699981689453,170.8000030517578,43.38999938964844,227.27999877929688,168.75,586.5900268554688,46.599998474121094,140.77999877929688,57.380001068115234,44.904998779296875,45.22999954223633,155.5500030517578,116.29000091552734,195.25,147.52000427246094,331.95001220703125,900.0499877929688,161.1199951171875,40.16999816894531,49.720001220703125,61.95000076293945,113.12000274658203,146.22000122070312,44.540000915527344,128.42999267578125,507.8299865722656,21.25,164.1199951171875,222.5,945.0,170.33999633789062,117.2699966430664,102.91000366210938,96.91999816894531,119.52999877929688,28.719999313354492,183.1699981689453,172.2899932861328,43.81999969482422,230.55999755859375,170.05999755859375,590.0,46.66999816894531,141.0500030517578,57.45000076293945,45.0099983215332,45.439998626708984,156.22999572753906,116.79000091552734,3820800,31169100,2173400,991200,25158500,49098200,9594800,10806500,5559500,6414800,5832500,2820200,1838900,177785400,7971000,8574100,2555100,3460900,8876500,4951400,18819400,333751600,37137600,1978300,11110800,10174700,3249700,9481400,2944700,14262600,3359500,20377300,28085000,28967700,7020600,13284700
2024-09-03,186.43870544433594,136.94000244140625,313.0026550292969,832.5301513671875,150.20689392089844,39.08147048950195,46.558963775634766,58.690284729003906,103.8541488647461,134.29920959472656,40.91282272338867,116.61792755126953,472.8673095703125,20.100000381469727,160.05319213867188,212.36947631835938,944.6727905273438,167.58709716796875,109.90897369384766,94.77395629882812,88.03993225097656,107.94795227050781,25.1436767578125,173.75599670410156,157.01036071777344,40.231842041015625,211.02635192871094,156.8325958251953,575.5274047851562,43.041259765625,134.5547332763672,56.20216751098633,42.08342742919922,44.19832229614258,152.2965545654297,109.00302124023438,197.69000244140625,136.94000244140625,330.510009765625,845.3900146484375,152.7899932861328,40.70000076293945,50.52000045776367,61.459999084472656,109.8499984741211,144.66000366210938,43.02000045776367,123.62999725341797,487.4599914550781,20.100000381469727,167.16000366210938,220.3000030517578,956.530029296875,173.82000732421875,116.58000183105469,99.2699966430664,88.58000183105469,108.0,28.299999237060547,184.5,163.24000549316406,42.290000915527344,213.5,160.49000549316406,598.6799926757812,46.38999938964844,141.3699951171875,58.369998931884766,44.505001068115234,45.400001525878906,156.89999389648438,115.47000122070312,199.9499969482422,146.49000549316406,333.1400146484375,892.72998046875,160.74000549316406,40.900001525878906,50.7400016784668,62.38999938964844,111.91000366210938,145.77000427246094,44.08000183105469,127.2699966430664,509.70001220703125,21.690000534057617,167.80999755859375,224.10000610351562,969.6500244140625,175.64999389648438,118.83999633789062,103.26000213623047,93.87999725341797,116.20999908447266,28.920000076293945,185.83999633789062,172.16000366210938,43.189998626708984,226.8300018310547,168.67999267578125,600.6599731445312,47.310001373291016,144.6199951171875,58.95000076293945,44.96500015258789,45.880001068115234,157.83999633789062,116.08999633789062,196.10000610351562,136.10000610351562,329.1000061035156,841.6500244140625,151.3800048828125,40.22999954223633,49.650001525878906,60.970001220703125,109.20999908447266,144.27999877929688,42.810001373291016,123.56999969482422,485.3999938964844,19.989999771118164,164.77000427246094,219.24000549316406,951.5800170898438,172.8000030517578,116.41999816894531,98.45999908447266,88.30999755859375,107.29000091552734,28.139999389648438,183.4499969482422,162.0,42.0,212.27999877929688,159.8000030517578,591.8200073242188,46.209999084472656,140.6699981689453,57.900001525878906,44.224998474121094,45.189998626708984,156.47000122070312,114.04000091552734,196.13999938964844,146.41000366210938,331.8900146484375,892.5999755859375,160.3800048828125,40.58000183105469,49.709999084472656,62.040000915527344,111.9000015258789,145.5500030517578,43.959999084472656,127.02999877929688,507.4700012207031,21.540000915527344,165.24000549316406,222.3000030517578,957.77001953125,174.52999877929688,118.26000213623047,102.8499984741211,93.62999725341797,116.01000213623047,28.649999618530273,184.19000244140625,171.88999938964844,43.15999984741211,226.8000030517578,168.0,592.52001953125,47.279998779296875,144.50999450683594,58.619998931884766,44.89500045776367,45.5,156.8800048828125,115.83999633789062,4872400,42172700,2120500,1870800,37179100,48489300,10942500,11055200,6369900,7944700,6389000,3830700,2373600,115305500,6956500,8956100,2529400,3523700,7640300,6634000,28897200,477155100,44499600,1572300,11620300,12685000,7214300,18464400,3175500,7980300,3236300,15933600,38194200,39893900,7674900,15725100
2024-09-04,185.7974090576172,140.8699951171875,313.12579345703125,799.135986328125,151.51441955566406,38.88942337036133,46.04286575317383,58.21281814575195,102.63455200195312,131.89471435546875,40.17102813720703,115.81613159179688,475.95208740234375,19.43000030517578,160.24465942382812,211.43441772460938,934.5794067382812,165.59132385253906,109.17359924316406,95.61410522460938,88.74559783935547,106.15882110595703,25.223642349243164,171.74061584472656,159.02056884765625,39.566341400146484,211.71824645996094,157.20391845703125,580.8146362304688,42.735076904296875,132.8986053466797,55.96146011352539,41.501888275146484,44.24699783325195,152.03453063964844,107.67198181152344,197.00999450683594,140.8699951171875,330.6400146484375,811.47998046875,154.1199951171875,40.5,49.959999084472656,60.959999084472656,108.55999755859375,142.07000732421875,42.2400016784668,122.77999877929688,490.6400146484375,19.43000030517578,167.36000061035156,219.3300018310547,946.3099975585938,171.75,115.80000305175781,100.1500015258789,89.29000091552734,106.20999908447266,28.389999389648438,182.36000061035156,165.3300018310547,41.31999969482422,214.1999969482422,160.8699951171875,604.1799926757812,46.060001373291016,139.6300048828125,58.119998931884766,43.88999938964844,45.45000076293945,156.6300048828125,114.05999755859375,199.8800048828125,143.3699951171875,331.1000061035156,822.719970703125,157.7899932861328,40.95000076293945,50.75,62.06999969482422,111.19000244140625,145.52999877929688,43.470001220703125,125.31999969482422,496.20001220703125,20.049999237060547,168.85000610351562,222.07000732421875,954.0,176.77999877929688,116.7300033569336,101.31999969482422,90.7300033569336,113.2699966430664,28.540000915527344,185.22999572753906,168.24000549316406,42.38999938964844,217.49000549316406,163.8800048828125,607.9400024414062,46.810001373291016,142.69000244140625,59.0,44.834999084472656,45.77000045776367,159.63999938964844,116.1500015258789,196.44000244140625,138.50999450683594,327.6000061035156,799.22998046875,149.14999389648438,40.279998779296875,49.54999923706055,60.40999984741211,108.44000244140625,141.6699981689453,42.099998474121094,122.44999694824219,486.70001220703125,19.280000686645508,166.0399932861328,217.2100067138672,938.010009765625,171.24000549316406,114.47000122070312,99.68000030517578,87.80999755859375,104.12000274658203,28.200000762939453,181.0800018310547,162.6300048828125,41.27000045776367,210.52000427246094,158.9499969482422,597.8800048828125,45.88999938964844,138.58999633789062,57.720001220703125,43.80500030517578,45.220001220703125,155.86000061035156,113.9800033569336,198.67999267578125,140.50999450683594,329.92999267578125,805.0,150.3000030517578,40.65999984741211,50.720001220703125,61.56999969482422,110.33000183105469,144.63999938964844,43.20000076293945,123.98999786376953,486.70001220703125,19.760000228881836,167.80999755859375,221.0399932861328,949.75,174.13999938964844,116.66000366210938,99.73999786376953,88.36000061035156,105.41000366210938,28.290000915527344,184.5,163.0,42.040000915527344,211.11000061035156,159.3000030517578,600.0,46.349998474121094,141.3800048828125,58.4900016784668,44.54999923706055,45.47999954223633,156.69000244140625,115.29000091552734,4214300,42130600,1622100,2350900,20324100,39629600,7036200,11436800,6251500,9820700,6316400,2732400,1509400,85871900,6939100,7389500,1891700,2471300,7693400,4212500,16356500,372470300,23510500,1621600,6737000,10048600,4435800,11317400,2935000,5999600,2558300,10985800,30114000,32006100,8235500,12620600
2024-09-05,181.8836212158203,139.44000244140625,307.1784362792969,783.4973754882812,150.23641967773438,38.54374313354492,45.89541244506836,57.8976936340332,101.58513641357422,130.83636474609375,40.01886749267578,114.6559066772461,473.2746887207031,19.399999618530273,157.9754180908203,209.79559326171875,901.4354858398438,162.4193115234375,111.80394744873047,95.05083465576172,88.84498596191406,107.15833282470703,25.330257415771484,170.41273498535156,158.26649475097656,39.470584869384766,210.58157348632812,159.96942138671875,572.460693359375,42.25261306762695,128.9867401123047,54.74825668334961,41.18038558959961,43.76023483276367,149.94757080078125,106.83183288574219,192.86000061035156,139.44000244140625,324.3599853515625,795.5999755859375,152.82000732421875,40.13999938964844,49.79999923706055,60.630001068115234,107.44999694824219,140.92999267578125,42.08000183105469,121.55000305175781,487.8800048828125,19.399999618530273,164.99000549316406,217.6300048828125,912.75,168.4600067138672,118.58999633789062,99.55999755859375,89.38999938964844,107.20999908447266,28.510000228881836,180.9499969482422,163.6999969482422,41.220001220703125,213.0500030517578,163.6999969482422,595.489990234375,45.540000915527344,135.52000427246094,56.86000061035156,43.54999923706055,44.95000076293945,154.47999572753906,113.16999816894531,197.1300048828125,141.7100067138672,331.8599853515625,808.0499877929688,156.36000061035156,40.939998626708984,50.2400016784668,61.790000915527344,109.38999938964844,143.1699981689453,42.7400016784668,123.80999755859375,495.7699890136719,19.899999618530273,167.3699951171875,220.8000030517578,943.0,172.86000061035156,120.06999969482422,101.30000305175781,90.69999694824219,109.6500015258789,28.799999237060547,184.27000427246094,165.8000030517578,41.79999923706055,216.3800048828125,164.58999633789062,606.0,46.540000915527344,140.99000549316406,58.68000030517578,44.2400016784668,45.65999984741211,156.5500030517578,115.27999877929688,192.16000366210938,137.8300018310547,321.9100036621094,790.5,150.11000061035156,40.0099983215332,49.22999954223633,60.34000015258789,107.29000091552734,140.60000610351562,41.93000030517578,121.02999877929688,483.07000732421875,19.239999771118164,164.8300018310547,216.02999877929688,906.1699829101562,168.08999633789062,116.3499984741211,99.12000274658203,87.76000213623047,104.76000213623047,28.350000381469727,179.72000122070312,161.85000610351562,40.959999084472656,210.86000061035156,161.0500030517578,589.6699829101562,45.41999816894531,135.22999572753906,56.540000915527344,43.5099983215332,44.75,153.72999572753906,113.06999969482422,196.9600067138672,138.1999969482422,330.8999938964844,795.6900024414062,150.57000732421875,40.79999923706055,50.08000183105469,61.61000061035156,109.22000122070312,143.1699981689453,42.650001525878906,123.66999816894531,493.5799865722656,19.280000686645508,167.1999969482422,220.14999389648438,941.1599731445312,172.66000366210938,116.61000061035156,101.0,88.0999984741211,104.98999786376953,28.43000030517578,183.8000030517578,163.0800018310547,41.689998626708984,211.1999969482422,161.5399932861328,604.1900024414062,46.540000915527344,139.86000061035156,58.619998931884766,44.20500183105469,45.63999938964844,156.4600067138672,115.06999969482422,5902800,25023000,1977400,1672000,31548500,34214500,9947800,10243900,5582400,9371100,5320900,3124900,1828300,65388800,4600400,8067900,3201100,2879200,12009700,4462400,13890700,306850700,25927200,1231000,5600000,10621900,3988300,10260600,2144800,5971200,3299700,18301000,24991200,39523500,7245600,17200800
2024-09-06,182.39285278320312,134.35000610351562,303.5796813964844,741.3386840820312,134.68385314941406,37.46126937866211,44.881656646728516,56.42709732055664,100.23320007324219,128.63607788085938,39.31511688232422,113.52395629882812,465.2522277832031,18.889999389648438,157.391357421875,204.8117218017578,891.5198974609375,160.04751586914062,111.09686279296875,92.21534729003906,85.85333251953125,102.78044891357422,25.374685287475586,166.41021728515625,152.9393768310547,38.89604568481445,201.5672607421875,153.24623107910156,573.7969360351562,41.278404235839844,127.72086334228516,51.994476318359375,40.6650390625,43.117706298828125,149.43312072753906,106.33151245117188,193.39999389648438,134.35000610351562,320.55999755859375,752.7899780273438,137.0,38.7599983215332,48.70000076293945,59.09000015258789,106.0199966430664,138.55999755859375,41.34000015258789,120.3499984741211,479.6099853515625,18.889999389648438,164.3800048828125,212.4600067138672,902.7100219726562,166.0,117.83999633789062,96.58999633789062,86.37999725341797,102.83000183105469,28.559999465942383,176.6999969482422,158.19000244140625,40.619998931884766,203.92999267578125,156.82000732421875,596.8800048828125,44.4900016784668,134.19000244140625,54.0,43.005001068115234,44.290000915527344,153.9499969482422,112.63999938964844,194.74000549316406,139.1300048828125,326.9700012207031,792.9400024414062,143.5,39.880001068115234,50.029998779296875,61.08000183105469,108.62000274658203,142.11000061035156,42.380001068115234,122.45999908447266,495.4100036621094,19.489999771118164,165.94000244140625,218.74000549316406,927.9000244140625,170.10000610351562,120.30000305175781,100.80000305175781,89.6500015258789,108.1500015258789,28.770000457763672,182.11000061035156,163.19000244140625,41.630001068115234,211.61000061035156,165.41000366210938,600.6099853515625,45.939998626708984,137.0,56.779998779296875,43.90999984741211,45.20000076293945,155.66000366210938,114.18000030517578,192.8300018310547,132.11000061035156,319.0,750.8699951171875,136.60000610351562,38.560001373291016,48.529998779296875,58.79999923706055,105.72000122070312,137.8699951171875,41.08000183105469,119.93000030517578,477.05999755859375,18.639999389648438,164.1199951171875,211.08999633789062,893.0,164.8000030517578,117.6500015258789,96.13999938964844,85.26000213623047,100.94999694824219,28.280000686645508,175.57000732421875,157.1300048828125,40.369998931884766,202.86000061035156,156.00999450683594,592.260009765625,44.33000183105469,132.67999267578125,53.689998626708984,42.83000183105469,44.189998626708984,153.6300048828125,111.7300033569336,193.47000122070312,138.6999969482422,324.70001220703125,792.7999877929688,143.25,39.77000045776367,49.790000915527344,60.70000076293945,107.7300033569336,141.07000732421875,42.099998474121094,122.0,486.6000061035156,19.440000534057617,165.17999267578125,217.60000610351562,917.760009765625,168.9499969482422,119.0999984741211,99.69999694824219,89.37000274658203,108.04000091552734,28.559999465942383,180.7100067138672,162.74000549316406,41.20000076293945,211.4499969482422,164.88999938964844,595.8699951171875,45.61000061035156,136.08999633789062,56.68000030517578,43.64500045776367,44.95000076293945,155.02000427246094,113.58999633789062,4312600,39993500,2242400,3286800,76634600,47007600,11146400,14094000,5229900,7836400,6226400,3144100,1995600,92686500,6016900,7777000,3440000,2242400,8577300,9246800,23587100,413638100,31214500,1679500,10703000,9864100,5596300,14964400,2926400,7635400,3462000,21853800,35912000,51331300,7651800,13467700
2024-09-09,185.24099731445312,138.14999389648438,308.6558532714844,738.4138793945312,138.43927001953125,38.14748001098633,44.69733810424805,56.8568115234375,99.83612823486328,130.25144958496094,39.37217712402344,113.66545867919922,473.9440612792969,19.06999969482422,159.5265350341797,209.005126953125,897.010986328125,157.39613342285156,108.80592346191406,93.73333740234375,85.74401092529297,106.41869354248047,26.1298828125,171.97605895996094,155.43373107910156,38.6949577331543,205.55055236816406,159.0703887939453,571.12451171875,41.99282455444336,127.69232177734375,52.562557220458984,40.95817565917969,43.76023483276367,150.48146057128906,108.56878662109375,196.4199981689453,138.14999389648438,325.9200134277344,749.8200073242188,140.82000732421875,39.470001220703125,48.5,59.540000915527344,105.5999984741211,140.3000030517578,41.400001525878906,120.5,488.57000732421875,19.06999969482422,166.61000061035156,216.80999755859375,908.27001953125,163.25,115.41000366210938,98.18000030517578,86.2699966430664,106.47000122070312,29.40999984741211,182.61000061035156,160.77000427246094,40.40999984741211,207.9600067138672,162.77999877929688,594.0999755859375,45.2599983215332,134.16000366210938,54.59000015258789,43.314998626708984,44.95000076293945,155.02999877929688,115.01000213623047,196.61000061035156,138.4499969482422,327.80999755859375,764.280029296875,141.58999633789062,39.709999084472656,49.130001068115234,60.66999816894531,106.66999816894531,142.02000427246094,41.849998474121094,121.56999969482422,494.2799987792969,19.540000915527344,167.41000366210938,218.14999389648438,915.4299926757812,167.7100067138672,116.9000015258789,99.0199966430664,87.95999908447266,106.55000305175781,29.59000015258789,183.3699951171875,162.3699951171875,41.16999816894531,208.67999267578125,163.10000610351562,599.47998046875,45.439998626708984,135.9499969482422,55.08000183105469,43.71500015258789,45.20000076293945,155.52000427246094,116.1500015258789,193.94000244140625,134.86000061035156,320.1000061035156,738.1500244140625,134.89999389648438,39.099998474121094,47.54999923706055,58.16999816894531,105.54000091552734,138.5399932861328,41.279998779296875,120.4800033569336,483.3900146484375,18.950000762939453,164.47000122070312,214.17999267578125,895.9199829101562,162.67999267578125,112.41000366210938,97.5999984741211,85.01000213623047,103.69000244140625,28.450000762939453,177.57000732421875,158.57000732421875,40.349998474121094,204.55999755859375,160.25,575.27001953125,44.77000045776367,133.63999938964844,54.43000030517578,43.06999969482422,44.650001525878906,153.75,112.66000366210938,194.97000122070312,136.10000610351562,322.5199890136719,764.0800170898438,139.11000061035156,39.25,48.720001220703125,59.90999984741211,106.05000305175781,138.63999938964844,41.5,120.86000061035156,485.5299987792969,19.0,164.83999633789062,215.19000244140625,912.5700073242188,167.22000122070312,113.1500015258789,97.76000213623047,87.8499984741211,104.87999725341797,28.540000915527344,178.47999572753906,161.08999633789062,40.79999923706055,207.24000549316406,160.75999450683594,598.3200073242188,44.93000030517578,134.86000061035156,54.72999954223633,43.1349983215332,44.709999084472656,154.33999633789062,112.87000274658203,3606900,27194500,1707800,2539900,39516700,37610200,9433300,19811700,6477000,9892300,7694700,4999300,1714200,64244100,7538200,8935100,2405900,3642700,14880200,5281500,20526400,273912000,36558400,2900700,7494900,11082500,4078600,10339000,3411400,7146200,2931000,17134800,32824400,41010900,6169200,21645300
2024-09-10,188.00424194335938,142.83999633789062,311.50634765625,739.9501342773438,145.704345703125,37.963844299316406,45.41618728637695,55.338462829589844,98.32345581054688,128.32972717285156,38.25947952270508,112.22223663330078,453.1458740234375,18.979999542236328,160.26380920410156,198.1601104736328,890.0780639648438,157.6757049560547,108.7304916381836,92.24398803710938,86.32047271728516,108.04788970947266,26.42307472229004,168.36911010742188,156.31350708007812,37.90976333618164,207.71519470214844,158.72836303710938,575.86376953125,41.7794303894043,129.52926635742188,51.946327209472656,40.25370788574219,43.312408447265625,151.1706085205078,104.61344146728516,199.35000610351562,142.83999633789062,328.92999267578125,751.3800048828125,148.2100067138672,39.279998779296875,49.279998779296875,57.95000076293945,104.0,138.22999572753906,40.22999954223633,118.97000122070312,467.1300048828125,18.979999542236328,167.3800048828125,205.55999755859375,901.25,163.5399932861328,115.33000183105469,96.62000274658203,86.8499984741211,108.0999984741211,29.739999771118164,178.77999877929688,161.67999267578125,39.59000015258789,210.14999389648438,162.42999267578125,599.030029296875,45.029998779296875,136.08999633789062,53.95000076293945,42.56999969482422,44.4900016784668,155.74000549316406,110.81999969482422,199.47000122070312,143.0800018310547,329.2300109863281,752.0,149.86000061035156,39.84000015258789,49.31999969482422,59.88999938964844,105.73999786376953,141.0800018310547,41.43000030517578,120.80999755859375,489.20001220703125,19.110000610351562,168.4600067138672,218.63999938964844,915.1099853515625,164.89999389648438,116.08999633789062,98.43000030517578,87.19000244140625,109.4000015258789,29.760000228881836,183.57000732421875,162.05999755859375,40.47999954223633,210.3800048828125,162.88999938964844,604.7999877929688,45.400001525878906,136.22999572753906,56.099998474121094,43.435001373291016,45.13999938964844,155.85000610351562,115.4000015258789,192.91000366210938,137.25,322.3900146484375,734.25,141.0399932861328,38.33000183105469,47.970001220703125,56.689998626708984,103.23999786376953,137.08999633789062,40.099998474121094,117.95999908447266,461.57000732421875,18.510000228881836,166.75,200.61000061035156,895.0,160.1699981689453,113.33000183105469,94.88999938964844,84.87000274658203,104.94999694824219,29.190000534057617,175.9499969482422,157.67999267578125,39.119998931884766,204.9600067138672,157.69000244140625,591.1500244140625,44.02000045776367,132.27000427246094,53.380001068115234,42.20500183105469,43.97999954223633,154.66000366210938,110.16999816894531,196.1199951171875,139.05999755859375,327.0,749.9099731445312,141.22000122070312,39.84000015258789,48.5,59.88999938964844,105.55000305175781,140.89999389648438,41.400001525878906,120.43000030517578,489.1300048828125,19.030000686645508,167.5,218.60000610351562,914.1099853515625,163.97000122070312,115.20999908447266,98.4000015258789,86.97000122070312,107.80999755859375,29.420000076293945,183.35000610351562,160.0,40.47999954223633,208.33999633789062,162.88999938964844,595.2100219726562,45.400001525878906,134.8300018310547,56.0,43.380001068115234,45.099998474121094,155.24000549316406,115.0999984741211,6333300,37217500,1408400,1524000,36067500,53983900,8624500,22482300,5611500,8202500,7926400,3928900,3583100,55621300,6559600,28406900,1930400,2800400,12734500,7798600,17019000,268283700,32378800,2628500,7918100,10782700,2390600,11910800,2863500,7000600,3028600,24650000,49326800,59115000,7337200,20913400
2024-09-11,183.51513671875,149.86000061035156,312.500732421875,787.9683837890625,155.5942840576172,37.69322967529297,44.7802848815918,54.71775436401367,96.97151947021484,128.0048065185547,37.974178314208984,111.21292877197266,457.0649719238281,19.639999389648438,157.8126678466797,199.76998901367188,909.4747314453125,152.92250061035156,108.14598083496094,92.63542175292969,90.09730529785156,116.85366821289062,26.351999282836914,166.80577087402344,161.03155517578125,37.89060592651367,217.36209106445312,166.35061645507812,566.9426879882812,41.51963806152344,126.4930648803711,51.73450469970703,39.88019943237305,43.10796356201172,150.72409057617188,103.5750503540039,194.58999633789062,149.86000061035156,329.9800109863281,800.1400146484375,158.27000427246094,39.0,48.59000015258789,57.29999923706055,102.56999969482422,137.8800048828125,39.93000030517578,117.9000015258789,471.1700134277344,19.639999389648438,164.82000732421875,207.22999572753906,920.8900146484375,158.61000061035156,114.70999908447266,97.02999877929688,90.6500015258789,116.91000366210938,29.65999984741211,177.1199951171875,166.55999755859375,39.56999969482422,219.91000366210938,170.22999572753906,589.75,44.75,132.89999389648438,53.72999954223633,42.17499923706055,44.279998779296875,155.27999877929688,109.72000122070312,197.67999267578125,150.16000366210938,330.6499938964844,801.5999755859375,158.8699951171875,39.029998779296875,49.189998626708984,57.59000015258789,104.04000091552734,138.47999572753906,40.2599983215332,118.94999694824219,471.8900146484375,19.690000534057617,166.7899932861328,207.6999969482422,921.5399780273438,163.58999633789062,115.88999938964844,97.13999938964844,90.83000183105469,117.19000244140625,29.700000762939453,177.5,166.89999389648438,39.77000045776367,220.33999633789062,170.3800048828125,591.4000244140625,44.79999923706055,136.14999389648438,53.86000061035156,42.584999084472656,44.349998474121094,155.4600067138672,110.94999694824219,193.4199981689453,140.7100067138672,320.29998779296875,758.72998046875,145.0399932861328,38.0099983215332,48.25,56.18000030517578,101.30000305175781,135.3699951171875,39.02000045776367,115.77999877929688,457.4800109863281,18.520000457763672,164.08999633789062,201.8300018310547,897.2000122070312,157.22000122070312,114.2699966430664,94.08999633789062,86.08000183105469,107.41999816894531,29.139999389648438,172.88999938964844,159.25,38.65999984741211,207.1699981689453,161.4199981689453,578.969970703125,43.58000183105469,130.3699951171875,52.43000030517578,41.5099983215332,43.380001068115234,152.85000610351562,107.7699966430664,197.67999267578125,145.32000732421875,327.80999755859375,770.030029296875,148.38999938964844,38.9900016784668,49.11000061035156,57.59000015258789,103.80000305175781,138.2100067138672,40.25,118.58999633789062,463.9800109863281,19.010000228881836,166.7899932861328,205.25,902.1500244140625,163.17999267578125,114.94000244140625,95.48999786376953,88.19999694824219,109.38999938964844,29.68000030517578,176.97000122070312,162.36000061035156,39.560001373291016,211.58999633789062,163.8000030517578,589.1400146484375,44.63999938964844,136.14999389648438,53.720001220703125,42.564998626708984,44.31999969482422,155.17999267578125,110.77999877929688,4909300,50935400,1711000,2559100,39700800,41190000,8425400,16569400,6803100,9534000,10260800,3419100,2426500,71403100,5920200,13658700,2721100,3379400,7836600,6764100,20879600,441422400,31943100,1886300,8275400,15568300,6521400,15059500,3563600,8448600,4960900,17322000,48125800,59397500,6636500,19571900
2024-09-12,182.9775848388672,150.77000427246094,312.5765075683594,787.9979248046875,161.77792358398438,37.4806022644043,44.45772933959961,54.74640655517578,97.28349304199219,129.23956298828125,38.05025863647461,111.5147705078125,459.86846923828125,19.360000610351562,157.6403045654297,199.16265869140625,923.4293823242188,155.69923400878906,108.65507507324219,92.26307678222656,86.67828369140625,119.0927734375,25.90776252746582,167.25784301757812,159.5039825439453,38.110843658447266,216.40333557128906,168.14158630371094,565.6641845703125,40.684608459472656,127.65424346923828,49.654720306396484,40.239524841308594,43.205322265625,151.26768493652344,105.00048065185547,194.02000427246094,150.77000427246094,330.05999755859375,800.1699829101562,164.55999755859375,38.779998779296875,48.2400016784668,57.33000183105469,102.9000015258789,139.2100067138672,40.0099983215332,118.22000122070312,474.05999755859375,19.360000610351562,164.63999938964844,206.60000610351562,935.02001953125,161.49000549316406,115.25,96.63999938964844,87.20999908447266,119.13999938964844,29.15999984741211,177.60000610351562,164.97999572753906,39.79999923706055,218.94000244140625,171.42999267578125,588.4199829101562,43.849998474121094,134.1199951171875,51.56999969482422,42.55500030517578,44.380001068115234,155.83999633789062,111.2300033569336,195.07000732421875,151.5399932861328,332.3800048828125,808.6900024414062,166.32000732421875,39.33000183105469,48.56999969482422,57.86000061035156,103.68000030517578,139.47000122070312,40.45000076293945,118.66000366210938,474.3399963378906,19.540000915527344,165.10000610351562,208.77999877929688,937.6199951171875,161.8800048828125,115.51000213623047,97.69000244140625,88.02999877929688,120.79000091552734,29.709999084472656,178.61000061035156,166.30999755859375,40.220001220703125,220.97000122070312,172.14999389648438,590.510009765625,45.970001220703125,134.32000732421875,54.34000015258789,42.720001220703125,44.52000045776367,155.97999572753906,111.33000183105469,191.27000427246094,147.64999389648438,326.4100036621094,793.719970703125,156.8300018310547,38.529998779296875,47.7599983215332,56.83000183105469,102.1500015258789,137.4199981689453,39.380001068115234,116.58000183105469,465.3999938964844,19.040000915527344,162.7100067138672,204.88999938964844,918.6300048828125,158.5800018310547,114.04000091552734,95.68000030517578,84.12000274658203,115.37999725341797,28.760000228881836,175.19000244140625,162.89999389648438,39.369998931884766,215.6300048828125,169.0,583.2100219726562,43.4900016784668,132.1199951171875,50.220001220703125,42.025001525878906,44.0,153.7899932861328,109.76000213623047,194.77999877929688,148.42999267578125,330.2200012207031,801.3900146484375,158.10000610351562,39.04999923706055,48.380001068115234,57.369998931884766,102.72000122070312,138.22999572753906,39.95000076293945,117.5,471.29998779296875,19.43000030517578,164.1999969482422,207.64999389648438,924.3099975585938,158.61000061035156,114.47000122070312,97.37000274658203,87.0999984741211,116.83999633789062,29.579999923706055,177.52000427246094,165.8800048828125,39.75,218.6999969482422,170.60000610351562,588.530029296875,45.380001068115234,132.77999877929688,53.72999954223633,42.34000015258789,44.36000061035156,155.24000549316406,109.9000015258789,4165200,29233700,1590000,1318700,43530700,39921600,5575300,12937800,6775900,6591500,8037000,4709200,1480500,51520600,4540900,9054400,2510800,2370200,8330900,4751200,30900000,366052700,32511800,1939000,6039200,15404400,4739100,13399900,3395800,14746700,2507200,42594200,31762000,37732700,4838100,15919500
2024-09-13,183.1567840576172,152.30999755859375,314.83990478515625,803.941650390625,164.85501098632812,37.35496139526367,45.27794647216797,55.071083068847656,97.85073852539062,130.5392608642578,37.93486785888672,112.59956359863281,464.6508483886719,19.65999984741211,158.48289489746094,196.9647674560547,912.2596435546875,157.71429443359375,109.23016357421875,93.80016326904297,90.66383361816406,119.05278015136719,26.005495071411133,166.9187774658203,162.1627197265625,38.26405715942383,220.26806640625,169.19105529785156,571.3359375,41.399024963378906,127.78749084472656,50.81978225708008,40.46646499633789,43.331878662109375,151.57830810546875,104.92495727539062,194.2100067138672,152.30999755859375,332.45001220703125,816.3599853515625,167.69000244140625,38.650001525878906,49.130001068115234,57.66999816894531,103.5,140.61000061035156,39.45000076293945,119.37000274658203,478.989990234375,19.65999984741211,165.52000427246094,204.32000732421875,923.7100219726562,163.5800018310547,115.86000061035156,98.25,91.22000122070312,119.0999984741211,29.270000457763672,177.24000549316406,167.72999572753906,39.959999084472656,222.85000610351562,172.5,594.3200073242188,44.619998931884766,134.25999450683594,52.779998779296875,42.79499816894531,44.5099983215332,156.16000366210938,111.1500015258789,194.58999633789062,153.02999877929688,334.45001220703125,818.6199951171875,168.0800018310547,39.09000015258789,49.150001525878906,58.279998779296875,104.37000274658203,141.52999877929688,40.09000015258789,120.05000305175781,482.1000061035156,19.799999237060547,165.75,207.85000610351562,942.3499755859375,165.80999755859375,116.7699966430664,98.73999786376953,91.47000122070312,119.95999908447266,29.31999969482422,180.0,168.3000030517578,40.5,223.4499969482422,174.77000427246094,597.6799926757812,44.7400016784668,136.30999755859375,53.040000915527344,43.1150016784668,44.689998626708984,156.63999938964844,112.47000122070312,191.80999755859375,150.6999969482422,327.1499938964844,803.8699951171875,164.0399932861328,38.439998626708984,48.20000076293945,57.43000030517578,103.05000305175781,139.7100067138672,39.36000061035156,118.5,475.5,19.489999771118164,163.82000732421875,203.02000427246094,922.0999755859375,161.97000122070312,115.0,96.8499984741211,87.87000274658203,117.5999984741211,28.989999771118164,176.22999572753906,165.44000244140625,39.5099983215332,220.32000732421875,171.4499969482422,587.22998046875,44.11000061035156,134.08999633789062,51.75,42.66999816894531,44.40999984741211,155.6999969482422,110.93000030517578,193.86000061035156,152.32000732421875,327.9599914550781,804.1199951171875,166.74000549316406,38.880001068115234,48.25,57.709999084472656,103.31999969482422,139.8699951171875,39.779998779296875,118.61000061035156,475.989990234375,19.489999771118164,164.74000549316406,206.86000061035156,937.010009765625,162.72999572753906,116.08999633789062,96.87000274658203,88.08999633789062,119.08000183105469,29.15999984741211,178.10000610351562,165.80999755859375,40.11000061035156,220.85000610351562,172.24000549316406,591.0800170898438,44.15999984741211,135.0,51.86000061035156,42.77000045776367,44.5099983215332,155.91000366210938,111.47000122070312,2718100,25117200,1397000,1069200,29850000,31887300,9412800,10379400,5441600,5900700,8673500,4428300,1794500,44236300,3693400,10226700,2045400,2563100,6709600,5354800,21267200,238358300,19987700,1745200,4049900,17481700,5268000,8787800,2241900,8757300,2130200,24762000,26195400,32912300,4358500,10035400
2024-09-16,184.5902557373047,152.0800018310547,317.5010986328125,790.8242797851562,161.24703979492188,37.78988265991211,46.07051467895508,55.758636474609375,99.78885650634766,131.91326904296875,38.11756896972656,114.76909637451172,470.63616943359375,20.90999984741211,159.89039611816406,200.37730407714844,912.0916748046875,155.23643493652344,111.95404815673828,95.55681610107422,86.6484603881836,116.73370361328125,26.716270446777344,170.3844757080078,161.0798797607422,38.685386657714844,217.3324737548828,165.836669921875,568.3645629882812,41.46397399902344,127.30206298828125,51.792274475097656,40.9298095703125,43.89652633666992,152.62661743164062,106.39759063720703,195.72999572753906,152.0800018310547,335.260009765625,803.0399780273438,164.02000427246094,39.099998474121094,49.9900016784668,58.38999938964844,105.55000305175781,142.08999633789062,39.63999938964844,121.66999816894531,485.1600036621094,20.90999984741211,166.99000549316406,207.86000061035156,923.5399780273438,161.00999450683594,117.95999908447266,100.08999633789062,87.18000030517578,116.77999877929688,30.06999969482422,180.9199981689453,166.61000061035156,40.400001525878906,219.8800048828125,169.0800018310547,589.1400146484375,44.689998626708984,133.75,53.790000915527344,43.28499984741211,45.09000015258789,157.24000549316406,112.70999908447266,196.16000366210938,154.44000244140625,337.55999755859375,809.22998046875,165.5,39.209999084472656,50.25,58.790000915527344,105.69000244140625,143.1699981689453,40.18000030517578,121.76000213623047,487.3800048828125,21.06999969482422,167.25,208.2100067138672,932.6099853515625,166.08999633789062,118.37000274658203,100.19000244140625,88.23999786376953,118.18000030517578,30.139999389648438,181.02000427246094,167.33999633789062,41.15999984741211,221.0,170.55999755859375,598.7899780273438,45.130001068115234,137.10000610351562,53.93000030517578,43.55500030517578,45.099998474121094,157.58999633789062,113.08999633789062,194.4600067138672,150.91000366210938,332.9200134277344,792.1400146484375,160.41000366210938,38.790000915527344,49.2599983215332,57.93000030517578,104.44999694824219,141.07000732421875,39.38999938964844,120.20999908447266,479.489990234375,19.760000228881836,165.77999877929688,205.58999633789062,920.4299926757812,159.0500030517578,115.80000305175781,98.76000213623047,85.91999816894531,114.36000061035156,29.440000534057617,178.22999572753906,163.7899932861328,40.029998779296875,217.0399932861328,166.77000427246094,587.760009765625,44.31999969482422,133.1699981689453,52.810001373291016,42.959999084472656,44.70000076293945,156.6699981689453,111.69000244140625,195.82000732421875,151.6999969482422,335.8399963378906,808.9600219726562,165.19000244140625,38.810001373291016,49.5,57.93000030517578,104.95999908447266,141.69000244140625,39.75,121.2300033569336,481.42999267578125,20.030000686645508,166.36000061035156,205.8300018310547,931.1300048828125,164.8300018310547,115.80000305175781,99.1500015258789,87.23999786376953,116.79000091552734,29.56999969482422,178.22999572753906,164.92999267578125,40.79999923706055,219.6699981689453,169.91000366210938,595.0,44.849998474121094,135.5,52.810001373291016,43.154998779296875,44.70000076293945,156.97999572753906,112.05000305175781,3235700,27677800,2360600,1150100,26126900,26336400,11823400,9912700,9325300,6864300,7139000,4484600,1500300,149337000,5187800,8634900,1760300,2151900,7846100,4467200,26494300,248772300,29224600,1187600,6510000,24556100,2469800,12194300,2548600,9524500,2244500,18066200,26875000,37063700,4711900,11729000
2024-09-17,182.4400177001953,150.82000732421875,315.17138671875,793.4340209960938,159.72325134277344,38.22480010986328,45.609718322753906,56.618080139160156,102.37928771972656,133.13873291015625,38.90607452392578,116.20288848876953,470.8592834472656,21.469999313354492,159.9669952392578,201.71730041503906,894.9469604492188,157.99386596679688,112.26725006103516,95.31815338134766,88.18901824951172,115.54417419433594,26.50303840637207,170.9213104248047,163.1005096435547,39.73869705200195,217.59930419921875,164.13986206054688,557.578857421875,41.45469665527344,129.2532501220703,52.48552322387695,41.482975006103516,44.13017272949219,151.05410766601562,107.78526306152344,193.4499969482422,150.82000732421875,332.79998779296875,805.6900024414062,162.47000122070312,39.54999923706055,49.4900016784668,59.290000915527344,108.29000091552734,143.41000366210938,40.459999084472656,123.19000244140625,485.3900146484375,21.469999313354492,167.07000732421875,209.25,906.1799926757812,163.8699951171875,118.29000091552734,99.83999633789062,88.7300033569336,115.58999633789062,29.829999923706055,181.49000549316406,168.6999969482422,41.5,220.14999389648438,167.35000610351562,577.9600219726562,44.68000030517578,135.8000030517578,54.5099983215332,43.869998931884766,45.33000183105469,155.6199951171875,114.18000030517578,196.0800018310547,154.0399932861328,334.5799865722656,811.77001953125,166.02000427246094,39.79999923706055,50.40999984741211,59.40999984741211,108.5,144.13999938964844,40.560001373291016,123.33000183105469,489.7300109863281,22.579999923706055,167.72000122070312,209.92999267578125,921.5,163.97000122070312,119.13999938964844,100.81999969482422,89.56999969482422,118.80000305175781,30.139999389648438,182.8800048828125,169.5,41.68000030517578,223.1699981689453,170.24000549316406,586.719970703125,45.279998779296875,135.91000366210938,55.06999969482422,43.900001525878906,45.47999954223633,157.08999633789062,114.37000274658203,191.82000732421875,149.22999572753906,331.0799865722656,796.5399780273438,160.6999969482422,39.209999084472656,48.849998474121094,58.7599983215332,105.30000305175781,141.74000549316406,39.40999984741211,121.41999816894531,481.79998779296875,21.239999771118164,165.92999267578125,207.66000366210938,902.2999877929688,161.0,117.7300033569336,99.44000244140625,87.54000091552734,114.83000183105469,29.600000381469727,180.72999572753906,166.0800018310547,40.439998626708984,218.22999572753906,166.36000061035156,576.3900146484375,44.529998779296875,134.13999938964844,53.970001220703125,43.20500183105469,45.13999938964844,155.07000732421875,112.12000274658203,194.8000030517578,153.5500030517578,334.5799865722656,808.7000122070312,165.49000549316406,39.279998779296875,50.09000015258789,58.86000061035156,105.51000213623047,141.8000030517578,39.54999923706055,121.58999633789062,488.0,21.709999084472656,166.24000549316406,207.72999572753906,921.5,161.5399932861328,118.97000122070312,100.68000030517578,88.05999755859375,118.16999816894531,30.049999237060547,181.52000427246094,168.8800048828125,40.529998779296875,222.64999389648438,169.35000610351562,586.010009765625,44.97999954223633,134.61000061035156,53.970001220703125,43.29999923706055,45.189998626708984,157.0500030517578,112.31999969482422,3534100,29889000,2014000,734600,19844300,27769400,7549200,10630400,8661300,7338800,7490700,4010200,1444900,196249800,5066500,7573300,2248000,1520200,7914900,4748600,17744800,231925900,27055300,2024600,5828000,18400300,2304100,8629100,3416000,6286600,2395000,15885200,25034600,27893300,6280000,12202600
2024-09-18,181.95904541015625,148.2899932861328,315.2850036621094,775.8555297851562,158.93675231933594,38.29245376586914,45.840118408203125,57.200584411621094,102.69129180908203,133.64935302734375,38.81953430175781,117.32539367675781,470.073486328125,20.770000457763672,159.0861053466797,200.05918884277344,893.7518310546875,158.7651824951172,112.59942626953125,94.80260467529297,86.81742095947266,113.32505798339844,26.431961059570312,171.93841552734375,162.7137908935547,39.66209411621094,215.19747924804688,164.07119750976562,560.1740112304688,41.91860580444336,130.07179260253906,52.244815826416016,41.563350677490234,43.99387741088867,150.8017578125,108.1628646850586,192.94000244140625,148.2899932861328,332.9200134277344,787.8400268554688,161.6699981689453,39.619998931884766,49.7400016784668,59.900001525878906,108.62000274658203,143.9600067138672,40.369998931884766,124.37999725341797,484.5799865722656,20.770000457763672,166.14999389648438,207.52999877929688,904.969970703125,164.6699981689453,118.63999938964844,99.30000305175781,87.3499984741211,113.37000274658203,29.75,182.57000732421875,168.3000030517578,41.41999816894531,217.72000122070312,167.27999877929688,580.6500244140625,45.18000030517578,136.66000366210938,54.2599983215332,43.95500183105469,45.189998626708984,155.36000061035156,114.58000183105469,195.5800018310547,152.82000732421875,339.0,810.9099731445312,167.47000122070312,40.119998931884766,50.18000030517578,60.880001068115234,109.93000030517578,145.60000610351562,41.099998474121094,125.16000366210938,492.989990234375,21.739999771118164,168.35000610351562,211.33999633789062,915.5,167.02000427246094,119.37999725341797,101.01000213623047,89.19999694824219,117.69999694824219,30.139999389648438,185.5,172.4199981689453,42.09000015258789,224.2100067138672,171.60000610351562,584.52001953125,45.810001373291016,138.3300018310547,55.189998626708984,44.494998931884766,45.689998626708984,156.97999572753906,115.62999725341797,191.77999877929688,148.00999450683594,331.0,786.3699951171875,161.36000061035156,39.41999816894531,48.779998779296875,59.290000915527344,107.51000213623047,143.19000244140625,40.060001373291016,122.52999877929688,481.7699890136719,20.719999313354492,165.74000549316406,206.6999969482422,903.4600219726562,162.27000427246094,117.87000274658203,99.23999786376953,86.70999908447266,113.22000122070312,29.729999542236328,180.64999389648438,167.6999969482422,41.18000030517578,217.5,167.0,572.3099975585938,44.61000061035156,134.66000366210938,54.099998474121094,43.744998931884766,45.09000015258789,154.75999450683594,113.80999755859375,193.1300048828125,150.89999389648438,333.92999267578125,800.0900268554688,163.77000427246094,39.619998931884766,49.40999984741211,59.75,107.5199966430664,143.32000732421875,40.18000030517578,122.61000061035156,485.3999938964844,21.360000610351562,166.6300048828125,209.00999450683594,906.3099975585938,164.58999633789062,118.19999694824219,100.12000274658203,87.98999786376953,115.88999938964844,30.0,181.85000610351562,169.52000427246094,41.52000045776367,221.17999267578125,168.4600067138672,576.8599853515625,44.7400016784668,136.0,54.459999084472656,43.80500030517578,45.349998474121094,155.49000549316406,114.11000061035156,3236800,26320100,1366600,1249000,26557600,42527800,7771500,13638700,7424100,6180300,5996600,3965800,1699500,118727900,4722800,8259900,1777000,2688300,11135600,5195900,20130600,310318900,25812800,1458100,5877600,12663600,4671900,9116000,2988300,11035300,2725500,20109000,28209600,41783900,7148900,12569900
2024-09-19,182.60035705566406,156.74000549316406,318.1545104980469,815.5621948242188,165.1309051513672,39.50056838989258,45.176570892333984,60.17998504638672,104.51594543457031,134.60557556152344,39.396488189697266,118.098876953125,488.7471923828125,21.139999389648438,157.8126678466797,202.90298461914062,903.697021484375,160.3849639892578,111.2612075805664,96.1678466796875,88.70584106445312,117.82327270507812,26.351999282836914,176.2987823486328,168.1472625732422,40.935646057128906,224.36009216308594,172.8397216796875,556.72021484375,43.115478515625,132.00392150878906,53.727622985839844,42.059783935546875,44.48064041137695,151.34532165527344,109.50333404541016,193.6199951171875,156.74000549316406,335.95001220703125,828.1599731445312,167.4199981689453,40.869998931884766,49.02000045776367,63.02000045776367,110.55000305175781,144.99000549316406,40.970001220703125,125.19999694824219,503.8299865722656,21.139999389648438,164.82000732421875,210.47999572753906,915.0399780273438,166.35000610351562,117.2300033569336,100.7300033569336,89.25,117.87000274658203,29.65999984741211,187.1999969482422,173.9199981689453,42.75,226.99000549316406,176.22000122070312,577.0700073242188,46.470001220703125,138.69000244140625,55.79999923706055,44.47999954223633,45.689998626708984,155.9199981689453,116.0,194.16000366210938,159.25,338.70001220703125,839.6500244140625,170.0,41.04999923706055,50.040000915527344,63.16999816894531,111.3499984741211,146.77999877929688,41.43000030517578,126.81999969482422,506.4100036621094,21.690000534057617,166.3699951171875,211.91000366210938,916.8099975585938,168.0500030517578,119.19999694824219,101.43000030517578,90.38999938964844,119.66000366210938,30.350000381469727,187.77999877929688,176.8000030517578,43.27000045776367,230.05999755859375,177.77999877929688,584.8300170898438,46.619998931884766,140.6999969482422,56.0099983215332,44.97999954223633,45.810001373291016,156.75999450683594,117.58000183105469,191.9600067138672,152.77000427246094,334.6099853515625,822.219970703125,165.66000366210938,40.0099983215332,48.95000076293945,60.599998474121094,109.37000274658203,144.92999267578125,40.779998779296875,124.76000213623047,493.4599914550781,21.030000686645508,164.4199981689453,207.33999633789062,903.8599853515625,164.80999755859375,116.29000091552734,99.5199966430664,87.58000183105469,117.25,29.520000457763672,183.82000732421875,172.49000549316406,42.029998779296875,224.16000366210938,172.6300048828125,574.5800170898438,45.599998474121094,136.91000366210938,54.650001525878906,44.23500061035156,45.34000015258789,155.50999450683594,115.19000244140625,193.42999267578125,153.80999755859375,337.0299987792969,832.6699829101562,167.67999267578125,40.040000915527344,49.88999938964844,60.91999816894531,110.5,145.80999755859375,41.130001068115234,126.66999816894531,494.739990234375,21.280000686645508,166.22999572753906,209.77999877929688,912.8499755859375,166.5500030517578,118.9000015258789,101.22000122070312,89.3499984741211,117.3499984741211,29.889999389648438,185.08999633789062,174.4199981689453,42.70000076293945,225.97000122070312,174.3800048828125,583.719970703125,46.279998779296875,138.58999633789062,55.0099983215332,44.70000076293945,45.650001525878906,156.75999450683594,116.16000366210938,3929300,44500000,1626100,1644300,32453100,57977800,8841400,21860600,7990700,7247400,6471500,4358100,3060700,99829200,4956100,11635200,2446500,2132100,9963000,9091900,25208900,293506400,22653200,2140300,10900000,17113300,4624700,15855000,2945700,9002000,2538200,21399000,37806800,46457700,6717400,12660600
2024-09-20,182.45889282226562,155.9499969482422,319.5087890625,783.182373046875,168.76058959960938,38.92067337036133,45.53599548339844,59.33964157104492,103.8730697631836,135.24612426757812,39.22340774536133,118.8818130493164,483.5089111328125,21.84000015258789,157.1807098388672,203.49102783203125,910.067138671875,158.4952392578125,111.20426940917969,97.82903289794922,90.34578704833984,115.95401763916016,26.138763427734375,175.5076904296875,163.31321716308594,40.61008071899414,221.0785369873047,170.74075317382812,554.7232055664062,42.688682556152344,127.97784423828125,54.199424743652344,41.96522521972656,44.451438903808594,150.72409057617188,108.81421661376953,193.47000122070312,155.9499969482422,337.3800048828125,795.280029296875,171.10000610351562,40.27000045776367,49.40999984741211,62.13999938964844,109.87000274658203,145.67999267578125,40.790000915527344,126.02999877929688,498.42999267578125,21.84000015258789,164.16000366210938,211.08999633789062,921.489990234375,164.38999938964844,117.16999816894531,102.47000122070312,90.9000015258789,116.0,29.420000076293945,186.36000061035156,168.9199981689453,42.40999984741211,223.6699981689453,174.0800018310547,575.0,46.0099983215332,134.4600067138672,56.290000915527344,44.380001068115234,45.65999984741211,155.27999877929688,115.2699966430664,193.82000732421875,157.4499969482422,338.9700012207031,810.1900024414062,172.02000427246094,40.72999954223633,49.529998779296875,62.650001525878906,111.73999786376953,145.91000366210938,40.88999938964844,126.16000366210938,502.04998779296875,23.139999389648438,164.8699951171875,211.4199981689453,939.8599853515625,164.97999572753906,117.5,102.52999877929688,90.97000122070312,118.62000274658203,29.549999237060547,187.16000366210938,173.07000732421875,42.88999938964844,225.57000732421875,176.02000427246094,578.8400268554688,46.369998931884766,137.02000427246094,56.290000915527344,44.48500061035156,45.65999984741211,155.97999572753906,115.51000213623047,192.1300048828125,152.47000122070312,334.2699890136719,789.6599731445312,166.47000122070312,40.2400016784668,49.0,61.68000030517578,109.7300033569336,143.44000244140625,40.20000076293945,123.94999694824219,495.4800109863281,20.350000381469727,163.5500030517578,209.5,913.2000122070312,160.86000061035156,116.41000366210938,100.19000244140625,88.33000183105469,115.38999938964844,29.229999542236328,185.5500030517578,164.3000030517578,42.0,220.44000244140625,173.64999389648438,569.6500244140625,45.84000015258789,132.89999389648438,54.880001068115234,43.88999938964844,45.34000015258789,154.89999389648438,114.25,193.0,156.0,335.1499938964844,809.5599975585938,167.17999267578125,40.619998931884766,49.290000915527344,62.52000045776367,111.16000366210938,145.22999572753906,40.790000915527344,125.05000305175781,500.19000244140625,20.889999389648438,164.3000030517578,209.92999267578125,921.989990234375,164.8800048828125,117.2699966430664,100.87000274658203,88.4000015258789,117.05999755859375,29.540000915527344,185.92999267578125,172.69000244140625,42.88999938964844,224.7100067138672,174.8699951171875,571.7000122070312,46.290000915527344,136.66000366210938,55.349998474121094,44.29499816894531,45.59000015258789,155.41000366210938,115.45999908447266,11661200,40248200,4068200,2748600,91758500,70725000,27106500,18331800,33515100,23162900,12847500,9400800,4452600,260377900,11839000,20885000,9921800,7789900,21200900,14513400,28711000,382462400,56877400,2651600,27546400,22881600,4550800,18429800,5398700,11026200,7363200,45276000,27961600,48699200,8541600,36206200
2024-09-23,182.79840087890625,156.75,317.8324890136719,791.27734375,170.57545471191406,38.534080505371094,46.08894729614258,59.75981140136719,103.70288848876953,136.97291564941406,39.54072952270508,120.48538970947266,482.5194396972656,22.559999465942383,156.28067016601562,203.8284149169922,907.1339721679688,158.33135986328125,109.74267578125,97.82903289794922,92.99951171875,116.21391296386719,26.041032791137695,174.3116455078125,160.4514617919922,41.079288482666016,221.93844604492188,171.40769958496094,553.1892700195312,42.54951477050781,128.6631317138672,53.06324768066406,42.483394622802734,44.397701263427734,150.4288787841797,110.78716278076172,193.8300018310547,156.75,335.6099853515625,803.5,172.94000244140625,39.869998931884766,50.0099983215332,62.58000183105469,109.69000244140625,147.5399932861328,41.119998931884766,127.7300033569336,497.4100036621094,22.559999465942383,163.22000122070312,211.44000244140625,918.52001953125,164.22000122070312,115.62999725341797,102.47000122070312,93.56999969482422,116.26000213623047,29.309999465942383,185.08999633789062,165.9600067138672,42.900001525878906,224.5399932861328,174.75999450683594,573.4099731445312,45.86000061035156,135.17999267578125,55.11000061035156,44.560001373291016,45.439998626708984,154.39999389648438,117.36000061035156,194.3000030517578,157.19000244140625,339.1700134277344,807.6099853515625,173.32000732421875,40.439998626708984,50.22999954223633,62.869998931884766,110.94000244140625,148.4199981689453,41.4900016784668,128.4600067138672,501.3999938964844,22.81999969482422,164.5,211.8000030517578,922.0,166.42999267578125,118.16000366210938,102.52999877929688,94.80000305175781,116.98999786376953,29.469999313354492,187.77000427246094,169.97999572753906,43.209999084472656,225.5500030517578,175.39999389648438,579.4299926757812,46.29999923706055,135.8800048828125,56.52000045776367,44.779998779296875,45.66999816894531,155.2100067138672,117.79000091552734,192.1999969482422,154.97000122070312,333.3599853515625,798.010009765625,168.35000610351562,39.75,49.47999954223633,62.16999816894531,107.48999786376953,145.9499969482422,40.529998779296875,125.25,495.2200012207031,22.030000686645508,162.72000122070312,209.99000549316406,909.4500122070312,162.41000366210938,115.5199966430664,101.30999755859375,92.58000183105469,114.86000061035156,29.18000030517578,184.85000610351562,165.35000610351562,42.380001068115234,222.9499969482422,173.6999969482422,572.0,45.7599983215332,132.30999755859375,54.900001525878906,43.95000076293945,45.36000061035156,154.1199951171875,115.12000274658203,193.6999969482422,156.4499969482422,339.0,807.6099853515625,172.0,40.209999084472656,49.560001373291016,62.220001220703125,110.0999984741211,146.25,40.790000915527344,125.70999908447266,498.2099914550781,22.43000030517578,164.39999389648438,211.0,921.0,162.5,117.19999694824219,101.69000244140625,92.68000030517578,116.55000305175781,29.43000030517578,186.60000610351562,168.4199981689453,42.54999923706055,224.75,174.83999633789062,576.489990234375,46.13999938964844,133.17999267578125,56.2599983215332,44.099998474121094,45.4900016784668,155.19000244140625,115.33000183105469,3178000,21728500,1677500,965600,29431100,31714800,12226500,11508200,8197600,6960600,7209800,3174900,953200,184439100,4671600,7223500,2292000,6479400,6665300,3962400,23394100,206228500,23126200,1545500,9810000,12921100,2454200,5794200,2386100,5205600,2817500,14759300,26630200,31615300,6416400,16066300
2024-09-24,182.49659729003906,158.32000732421875,313.39093017578125,801.6176147460938,172.44947814941406,38.12815475463867,46.94602584838867,58.60434341430664,102.9654541015625,136.8893585205078,39.4349479675293,120.64573669433594,483.11114501953125,22.809999465942383,155.859375,203.97303771972656,912.9706420898438,156.6248016357422,109.1067886352539,97.93405151367188,93.4268798828125,120.82209014892578,26.2098445892334,173.8690185546875,161.40858459472656,41.155887603759766,224.62693786621094,178.4794158935547,554.9065551757812,42.34539794921875,126.41691589355469,52.14853286743164,42.37852096557617,44.02642059326172,150.1268768310547,110.49452209472656,193.50999450683594,158.32000732421875,330.9200134277344,814.0,174.83999633789062,39.45000076293945,50.939998626708984,61.369998931884766,108.91000366210938,147.4499969482422,41.0099983215332,127.9000015258789,498.0199890136719,22.809999465942383,162.77999877929688,211.58999633789062,924.4299926757812,162.4499969482422,114.95999908447266,102.58000183105469,94.0,120.87000274658203,29.5,184.6199951171875,166.9499969482422,42.97999954223633,227.25999450683594,181.97000122070312,575.1900024414062,45.63999938964844,132.82000732421875,54.15999984741211,44.45000076293945,45.060001373291016,154.08999633789062,117.05000305175781,195.2100067138672,159.63999938964844,335.4100036621094,816.5,175.99000549316406,39.97999954223633,51.09000015258789,62.900001525878906,111.47000122070312,149.10000610351562,41.880001068115234,129.72999572753906,499.55999755859375,23.110000610351562,163.49000549316406,212.9499969482422,925.6799926757812,166.6199951171875,116.26000213623047,102.87999725341797,95.0,121.80000305175781,29.59000015258789,186.3300018310547,169.36000061035156,44.040000915527344,228.6300048828125,182.77999877929688,577.3099975585938,45.97999954223633,137.1999969482422,55.189998626708984,45.06999969482422,45.29999923706055,154.38999938964844,118.16000366210938,191.58999633789062,154.5800018310547,330.5,801.0,171.67999267578125,39.25,49.810001373291016,61.119998931884766,108.77999877929688,146.91000366210938,40.91999816894531,127.19000244140625,494.1000061035156,22.290000915527344,161.5500030517578,210.3699951171875,909.2000122070312,162.13999938964844,114.31999969482422,101.94999694824219,92.76000213623047,115.37999725341797,29.149999618530273,183.3300018310547,165.97999572753906,42.95000076293945,223.97000122070312,177.0500030517578,566.0,45.279998779296875,132.5399932861328,53.790000915527344,44.3849983215332,44.900001525878906,153.36000061035156,116.83000183105469,192.9499969482422,157.4600067138672,333.1499938964844,809.5499877929688,172.80999755859375,39.849998474121094,50.0099983215332,62.68000030517578,111.33999633789062,148.8800048828125,41.849998474121094,129.39999389648438,497.5899963378906,22.530000686645508,162.7899932861328,211.14999389648438,922.1199951171875,166.19000244140625,115.8499984741211,102.7699966430664,94.7300033569336,116.5199966430664,29.25,185.8800048828125,167.4199981689453,43.84000015258789,226.5500030517578,179.5,570.8200073242188,45.86000061035156,137.11000061035156,55.119998931884766,45.06999969482422,45.29999923706055,154.3300018310547,117.83999633789062,4286500,27531200,2101000,881200,34223400,32534900,16463200,12046200,7787400,6014200,6905000,2110300,1035400,113082500,6041600,7323200,2767400,4663300,9840400,4749700,23043200,354966800,21446200,1404200,9666800,12006200,4314700,14576100,3188500,6197600,3062700,16365600,34627400,40341400,5341600,11984900
2024-09-25,180.37466430664062,162.02000427246094,296.28759765625,805.7340087890625,173.12017822265625,37.93485641479492,46.033653259277344,57.65895462036133,99.95903015136719,133.65863037109375,38.27142333984375,117.49518585205078,476.4371337890625,23.540000915527344,153.77207946777344,202.62344360351562,913.09912109375,155.86312866210938,108.88850402832031,97.70491790771484,95.18609619140625,123.4610366821289,25.703414916992188,171.18496704101562,162.68478393554688,40.03554153442383,226.17462158203125,178.85214233398438,555.987060546875,41.51963806152344,126.40739440917969,51.618953704833984,41.549068450927734,43.76260757446289,148.66546630859375,108.34222412109375,191.25999450683594,162.02000427246094,312.8599853515625,818.1799926757812,175.52000427246094,39.25,49.95000076293945,60.380001068115234,105.7300033569336,143.97000122070312,39.79999923706055,124.55999755859375,491.1400146484375,23.540000915527344,160.60000610351562,210.19000244140625,924.5599975585938,161.66000366210938,114.7300033569336,102.33999633789062,95.7699966430664,123.51000213623047,28.93000030517578,181.77000427246094,168.27000427246094,41.810001373291016,228.27000427246094,182.35000610351562,576.3099975585938,44.75,132.80999755859375,53.61000061035156,43.58000183105469,44.790000915527344,152.58999633789062,114.7699966430664,194.57000732421875,162.9499969482422,329.5,827.2100219726562,177.13999938964844,39.40999984741211,51.369998931884766,61.290000915527344,108.81999969482422,147.41000366210938,40.88999938964844,127.9800033569336,502.0,24.059999465942383,163.32000732421875,212.24000549316406,939.2999877929688,165.69000244140625,116.0199966430664,102.80999755859375,96.18000030517578,124.94000244140625,29.709999084472656,184.47000122070312,168.58999633789062,43.0099983215332,229.77000427246094,183.82000732421875,581.1099853515625,45.68000030517578,135.4600067138672,54.33000183105469,44.470001220703125,45.13999938964844,154.77999877929688,117.05000305175781,190.9600067138672,158.17999267578125,312.1600036621094,814.0,173.75999450683594,38.939998626708984,49.11000061035156,60.11000061035156,105.69000244140625,143.5,39.77000045776367,124.45999908447266,490.3999938964844,22.729999542236328,160.36000061035156,208.61000061035156,921.1900024414062,161.27999877929688,114.62000274658203,101.72000122070312,93.93000030517578,121.61000061035156,28.90999984741211,181.38999938964844,165.75999450683594,41.65999984741211,225.85000610351562,181.2100067138672,573.0800170898438,44.70000076293945,132.41000366210938,53.40999984741211,43.4900016784668,44.650001525878906,152.52999877929688,114.04000091552734,194.0,158.5,329.0,816.3499755859375,174.64999389648438,39.25,51.25,61.119998931884766,108.5,146.9499969482422,40.72999954223633,127.47000122070312,498.5,22.799999237060547,163.0,211.67999267578125,931.7899780273438,162.0500030517578,115.30000305175781,102.75,94.16000366210938,122.0199966430664,29.600000381469727,184.47000122070312,166.27999877929688,42.79999923706055,225.97999572753906,181.52000427246094,577.8699951171875,45.68000030517578,133.08999633789062,54.279998779296875,44.334999084472656,45.08000183105469,154.55999755859375,116.48999786376953,5589300,35233300,4249500,878200,16613800,28866000,15321900,12763800,6561400,7888400,8386600,3031700,1763900,117013400,5420000,8976500,1805100,2320600,7902300,3825100,54762900,284692900,30712700,1209700,5095500,12552400,2191200,8280900,2658800,6848400,3008500,10555700,27633600,32546900,5940100,13816000
2024-09-26,180.97824096679688,167.49000549316406,302.1970520019531,839.4728393554688,175.655029296875,38.19580841064453,46.19032669067383,58.92901611328125,96.72570037841797,131.8204345703125,36.41554641723633,113.54283142089844,482.0440979003906,23.920000076293945,154.52847290039062,202.2281951904297,898.0480346679688,157.5792999267578,107.33200073242188,99.86256408691406,109.2100601196289,123.99082946777344,25.738956451416016,172.64471435546875,166.9290771484375,39.422698974609375,234.25970458984375,183.24620056152344,554.5399780273438,42.029937744140625,130.03372192382812,54.295711517333984,40.73391342163086,43.98733139038086,149.16233825683594,106.48255157470703,191.89999389648438,167.49000549316406,319.1000061035156,852.4400024414062,178.08999633789062,39.52000045776367,50.119998931884766,61.709999084472656,102.30999755859375,141.99000549316406,37.869998931884766,120.37000274658203,496.9200134277344,23.920000076293945,161.38999938964844,209.77999877929688,909.3200073242188,163.44000244140625,113.08999633789062,104.5999984741211,109.87999725341797,124.04000091552734,28.969999313354492,183.32000732421875,172.66000366210938,41.16999816894531,236.42999267578125,186.8300018310547,574.8099975585938,45.29999923706055,136.6199951171875,56.38999938964844,42.724998474121094,45.02000045776367,153.10000610351562,112.80000305175781,192.8699951171875,168.67999267578125,319.7799987792969,862.0,180.25,39.720001220703125,50.54999923706055,62.0,104.22000122070312,143.22000122070312,39.400001525878906,123.0,498.3999938964844,24.420000076293945,161.5399932861328,211.6999969482422,921.8499755859375,168.57000732421875,114.0,104.79000091552734,114.80000305175781,127.66999816894531,29.010000228881836,184.30999755859375,175.75,41.5099983215332,238.3800048828125,189.3300018310547,576.5999755859375,45.43000030517578,140.24000549316406,57.11000061035156,43.290000915527344,45.11000061035156,153.2899932861328,113.4800033569336,189.6199951171875,164.0500030517578,313.3699951171875,839.7000122070312,175.0,39.11000061035156,49.720001220703125,60.86000061035156,102.16999816894531,140.6300048828125,37.77000045776367,119.9000015258789,492.4800109863281,23.25,160.02000427246094,209.00999450683594,905.2999877929688,160.39999389648438,112.93000030517578,102.97000122070312,107.52999877929688,121.80000305175781,28.309999465942383,182.08999633789062,166.77999877929688,40.529998779296875,230.2899932861328,183.8000030517578,570.9099731445312,44.2400016784668,133.10000610351562,53.31999969482422,42.584999084472656,44.77000045776367,152.22999572753906,111.13999938964844,190.10000610351562,167.05999755859375,313.67999267578125,860.3300170898438,178.5,39.38999938964844,49.81999969482422,61.04999923706055,103.0,140.89999389648438,39.20000076293945,121.77999877929688,494.0,24.280000686645508,160.24000549316406,211.1300048828125,920.260009765625,160.7100067138672,113.87999725341797,103.06999969482422,113.0999984741211,126.80000305175781,28.479999542236328,183.72999572753906,174.91000366210938,41.08000183105469,237.72000122070312,188.5,575.0,45.029998779296875,133.25999450683594,54.040000915527344,42.71500015258789,44.91999816894531,152.49000549316406,111.13999938964844,6215700,38044900,2555700,1566400,24340000,39601400,8622900,12844500,9524000,8046200,16997600,4907300,1378100,95416900,6122000,7807500,2693000,7205700,11132100,5183000,107965900,302582900,32310400,1445500,8475000,20933300,5537400,15103400,2751900,9679400,6296800,34463400,46896400,31445200,6172900,16887900
2024-09-27,183.70376586914062,164.35000610351562,305.5779724121094,828.7385864257812,170.328857421875,38.07982635498047,46.91838836669922,59.08180618286133,99.004150390625,135.0697784423828,37.463680267333984,115.49542236328125,483.5865173339844,23.90999984741211,154.5380401611328,202.92227172851562,866.9088134765625,157.78176879882812,107.90145111083984,99.3947525024414,106.84457397460938,121.35187530517578,25.845571517944336,172.40928649902344,164.4830322265625,40.49517059326172,230.5441131591797,174.55613708496094,561.3316650390625,42.19694519042969,129.41505432128906,53.82391357421875,41.56337356567383,44.114349365234375,149.08441162109375,109.3333969116211,194.7899932861328,164.35000610351562,322.6700134277344,841.5399780273438,172.69000244140625,39.400001525878906,50.90999984741211,61.869998931884766,104.72000122070312,145.49000549316406,38.959999084472656,122.44000244140625,498.510009765625,23.90999984741211,161.39999389648438,210.5,877.7899780273438,163.64999389648438,113.69000244140625,104.11000061035156,107.5,121.4000015258789,29.09000015258789,183.07000732421875,170.1300048828125,42.290000915527344,232.67999267578125,177.97000122070312,581.8499755859375,45.47999954223633,135.97000122070312,55.900001525878906,43.595001220703125,45.150001525878906,153.02000427246094,115.81999969482422,196.1300048828125,168.72999572753906,327.9800109863281,854.1500244140625,178.47000122070312,39.900001525878906,52.15999984741211,62.61000061035156,104.83999633789062,145.77000427246094,39.060001373291016,122.66000366210938,505.3999938964844,24.65999984741211,163.42999267578125,212.44000244140625,901.2100219726562,164.94000244140625,114.33999633789062,105.13999938964844,110.97000122070312,124.02999877929688,29.229999542236328,184.72000122070312,173.4499969482422,42.31999969482422,237.17999267578125,185.94000244140625,586.7100219726562,45.95000076293945,138.1300048828125,56.619998931884766,43.65999984741211,45.439998626708984,154.1999969482422,116.08999633789062,190.27000427246094,163.74000549316406,320.5199890136719,838.2000122070312,171.75999450683594,39.349998474121094,50.709999084472656,61.790000915527344,102.5999984741211,142.83999633789062,38.209999084472656,120.76000213623047,495.8599853515625,23.700000762939453,161.33999633789062,209.3300018310547,875.6099853515625,162.13999938964844,113.0,104.0199966430664,107.02999877929688,119.26000213623047,28.920000076293945,182.33999633789062,169.8300018310547,41.599998474121094,231.47000122070312,177.39999389648438,576.5900268554688,45.220001220703125,135.3300018310547,55.79999923706055,42.93000030517578,45.04999923706055,153.00999450683594,113.25,192.60000610351562,167.47999572753906,322.70001220703125,852.4500122070312,178.1699981689453,39.650001525878906,51.540000915527344,62.0099983215332,102.62999725341797,142.97999572753906,38.290000915527344,121.19999694824219,498.9700012207031,24.15999984741211,162.0,210.64999389648438,893.6199951171875,164.0,113.16999816894531,104.93000030517578,110.5,123.97000122070312,29.020000457763672,183.74000549316406,173.0,41.70000076293945,237.14999389648438,185.83999633789062,577.6799926757812,45.52000045776367,137.0,56.619998931884766,42.95500183105469,45.119998931884766,153.3000030517578,113.76000213623047,4891900,27876000,2432600,1038400,20580900,27861100,23035300,8144600,5489500,8049200,8631700,3273000,1420100,85883300,7553800,7032500,4377300,1557500,11920100,3113300,42960200,271009200,25013000,925700,5880700,14875800,2303600,17908400,2986200,6884700,2935800,13530400,30489600,23226100,7312500,15964000
2024-09-30,186.2406463623047,164.0800018310547,305.142333984375,820.57470703125,170.14146423339844,38.35044479370117,47.68331527709961,59.778907775878906,99.5335922241211,136.72230529785156,37.6175422668457,115.95763397216797,480.2882385253906,23.459999084472656,155.16998291015625,203.26931762695312,874.9578247070312,157.0683135986328,107.77806854248047,99.51887512207031,103.07769012451172,121.3918685913086,25.71230125427246,174.08563232421875,164.40570068359375,40.16960144042969,228.4733123779297,170.33860778808594,564.0618896484375,42.900543212890625,128.52035522460938,54.391998291015625,41.854156494140625,44.280452728271484,150.05868530273438,110.65499877929688,197.47999572753906,164.0800018310547,322.2099914550781,833.25,172.5,39.68000030517578,51.7400016784668,62.599998474121094,105.27999877929688,147.27000427246094,39.119998931884766,122.93000030517578,495.1099853515625,23.459999084472656,162.05999755859375,210.86000061035156,885.9400024414062,162.91000366210938,113.55999755859375,104.23999786376953,103.70999908447266,121.44000244140625,28.940000534057617,184.85000610351562,170.0500030517578,41.95000076293945,230.58999633789062,173.6699981689453,584.6799926757812,45.72999954223633,135.02999877929688,56.4900016784668,43.900001525878906,45.31999969482422,154.02000427246094,117.22000122070312,197.6199951171875,165.0800018310547,323.2300109863281,842.1599731445312,172.9199981689453,39.790000915527344,51.939998626708984,62.63999938964844,105.58000183105469,147.47999572753906,39.5099983215332,123.6500015258789,496.5199890136719,23.950000762939453,162.17999267578125,210.9600067138672,887.4299926757812,164.1999969482422,114.01000213623047,104.4000015258789,106.75,121.5,29.190000534057617,185.32000732421875,172.22999572753906,42.470001220703125,232.11000061035156,176.82000732421875,586.4199829101562,45.779998779296875,136.6699981689453,56.52000045776367,43.97999954223633,45.34000015258789,154.05999755859375,117.38999938964844,194.3699951171875,162.17999267578125,318.7900085449219,819.7000122070312,169.6300048828125,39.02000045776367,51.040000915527344,61.2400016784668,103.87000274658203,144.27999877929688,38.66999816894531,121.4800033569336,488.8999938964844,23.09000015258789,160.67999267578125,205.25999450683594,858.8099975585938,161.25,112.69999694824219,103.12000274658203,102.26000213623047,118.1500015258789,28.780000686645508,181.6699981689453,167.75,41.560001373291016,227.3000030517578,171.92999267578125,578.739990234375,44.869998931884766,134.1999969482422,55.47999954223633,43.26499938964844,44.84000015258789,152.5800018310547,114.95999908447266,194.85000610351562,163.10000610351562,321.32000732421875,836.5499877929688,171.8699951171875,39.22999954223633,51.5099983215332,61.68000030517578,104.4000015258789,145.3699951171875,38.90999984741211,122.27999877929688,494.8900146484375,23.739999771118164,161.57000732421875,206.30999755859375,864.52001953125,163.25,113.61000061035156,103.73999786376953,106.08000183105469,118.30999755859375,29.110000610351562,182.75,171.3699951171875,41.970001220703125,229.7899932861328,174.27000427246094,583.5,45.27000045776367,135.6199951171875,55.65999984741211,43.51499938964844,45.040000915527344,152.80999755859375,115.45999908447266,4550200,21881600,1966900,994700,16902000,35055200,14085200,11316400,6584000,7491700,10931400,3566600,1602500,66308200,6010000,8663800,3244600,2312900,10936900,3378600,39544700,226553700,27464700,1493300,8099700,12219600,2693300,13540200,3009700,7028300,2623400,16284200,22806600,23593400,7233800,13247600
2024-10-01,185.75025939941406,159.75,303.3524475097656,809.840576171875,165.1802215576172,37.90585708618164,48.752357482910156,59.02450942993164,103.40034484863281,138.97824096679688,38.23296356201172,119.7590560913086,475.4962158203125,22.690000534057617,155.10299682617188,199.58682250976562,873.5159301757812,159.8739776611328,108.89798736572266,99.69072723388672,99.69841003417969,116.95362091064453,25.472414016723633,169.41444396972656,160.2774200439453,41.3090934753418,222.07261657714844,168.76931762695312,562.7305297851562,41.70912170410156,130.8427276611328,53.33285140991211,42.807552337646484,44.045955657958984,149.26951599121094,113.21321868896484,196.9600067138672,159.75,320.32000732421875,822.3499755859375,167.47000122070312,39.220001220703125,52.900001525878906,61.810001373291016,109.37000274658203,149.6999969482422,39.7599983215332,126.95999908447266,490.1700134277344,22.690000534057617,161.99000549316406,207.0399932861328,884.47998046875,165.82000732421875,114.73999786376953,104.41999816894531,100.30999755859375,117.0,28.670000076293945,179.88999938964844,165.77999877929688,43.13999938964844,224.1300048828125,172.07000732421875,583.2999877929688,44.459999084472656,137.47000122070312,55.38999938964844,44.900001525878906,45.08000183105469,153.2100067138672,119.93000030517578,198.97000122070312,165.39999389648438,322.20001220703125,841.27001953125,172.25,39.560001373291016,52.970001220703125,62.349998474121094,109.68000030517578,150.52000427246094,40.150001525878906,127.25,494.5799865722656,23.719999313354492,162.75,209.08999633789062,891.27001953125,166.8800048828125,114.79000091552734,105.19000244140625,104.19999694824219,122.44000244140625,29.079999923706055,183.7100067138672,170.2899932861328,43.59000015258789,231.1999969482422,175.99000549316406,588.7000122070312,45.41999816894531,137.97999572753906,56.029998779296875,45.08000183105469,45.310001373291016,154.35000610351562,120.5999984741211,196.4199981689453,158.0800018310547,316.9200134277344,811.9000244140625,165.8000030517578,38.939998626708984,51.61000061035156,61.0099983215332,104.0999984741211,145.4499969482422,38.650001525878906,120.55000305175781,484.6099853515625,22.260000228881836,161.17999267578125,206.19000244140625,878.8699951171875,160.61000061035156,113.11000061035156,103.05999755859375,98.94000244140625,115.79000091552734,28.530000686645508,178.38999938964844,164.0800018310547,41.7400016784668,222.3300018310547,170.77999877929688,580.77001953125,44.31999969482422,133.14999389648438,55.20000076293945,43.45000076293945,44.779998779296875,152.6300048828125,115.93000030517578,197.64999389648438,164.47999572753906,322.04998779296875,839.6799926757812,172.16000366210938,39.5099983215332,51.95000076293945,62.220001220703125,104.54000091552734,146.35000610351562,38.7599983215332,120.80999755859375,494.5799865722656,23.459999084472656,162.42999267578125,208.89999389648438,888.8300170898438,160.6999969482422,113.95999908447266,104.18000030517578,103.4000015258789,121.7699966430664,29.049999237060547,183.49000549316406,169.8000030517578,41.75,230.5,175.30999755859375,585.0,45.380001068115234,133.3300018310547,56.0,43.505001068115234,45.20000076293945,154.13999938964844,116.04000091552734,3924600,31831900,2097400,1244100,23770400,26291200,17436200,13550100,8067600,9489100,12618700,3539900,1528600,86344400,4408000,8540100,2455200,2556600,7715500,5437400,34309800,302094500,30725100,1664900,8277600,14716500,3926500,11850200,2648400,6272800,3227000,11069400,66114200,32703000,10560200,23235900
2024-10-02,185.61822509765625,159.77999877929688,302.7937316894531,819.5309448242188,168.32662963867188,37.915523529052734,49.54492950439453,59.234596252441406,104.33631134033203,140.13870239257812,38.944541931152344,121.05136108398438,477.2616271972656,22.389999389648438,154.3178253173828,199.82781982421875,880.0242309570312,159.44973754882812,106.37342071533203,99.78618621826172,99.24121856689453,118.8028793334961,25.419105529785156,168.9530029296875,162.73313903808594,42.075138092041016,225.0648651123047,172.42776489257812,571.4227294921875,41.51211166381836,129.1390380859375,53.24618911743164,43.246116638183594,44.094810485839844,148.9674835205078,114.71417236328125,196.82000732421875,159.77999877929688,319.7300109863281,832.1900024414062,170.66000366210938,39.22999954223633,53.7599983215332,62.029998779296875,110.36000061035156,150.9499969482422,40.5,128.3300018310547,491.989990234375,22.389999389648438,161.1699981689453,207.2899932861328,891.0700073242188,165.3800048828125,112.08000183105469,104.5199966430664,99.8499984741211,118.8499984741211,28.610000610351562,179.39999389648438,168.32000732421875,43.939998626708984,227.14999389648438,175.8000030517578,592.3099975585938,44.25,135.67999267578125,55.29999923706055,45.36000061035156,45.130001068115234,152.89999389648438,121.5199966430664,197.0,163.10000610351562,320.6700134277344,839.27001953125,172.83999633789062,39.540000915527344,54.540000915527344,62.529998779296875,111.63999938964844,152.27999877929688,40.72999954223633,129.35000610351562,494.8599853515625,23.06999969482422,162.1199951171875,208.9499969482422,893.3499755859375,166.8699951171875,114.5999984741211,105.4000015258789,102.12000274658203,119.37999725341797,28.770000457763672,182.07000732421875,169.75,44.18000030517578,229.64999389648438,176.97000122070312,604.52001953125,44.90999984741211,138.22999572753906,55.810001373291016,45.64500045776367,45.22999954223633,153.3800048828125,122.81999969482422,194.4499969482422,158.6699981689453,316.17999267578125,816.5,167.02000427246094,39.04999923706055,52.40999984741211,61.310001373291016,108.58999633789062,149.25999450683594,39.900001525878906,126.52999877929688,487.95001220703125,22.350000381469727,160.64999389648438,205.69000244140625,878.7000122070312,162.44000244140625,111.9800033569336,103.91000366210938,99.33000183105469,115.13999938964844,28.3799991607666,178.75,165.14999389648438,43.290000915527344,223.25999450683594,170.7899932861328,584.25,44.0099983215332,134.00999450683594,54.91999816894531,44.85499954223633,44.83000183105469,151.8699951171875,120.19999694824219,195.66000366210938,159.30999755859375,317.6300048828125,820.7999877929688,167.5500030517578,39.25,52.83000183105469,61.70000076293945,111.27999877929688,151.67999267578125,40.5,129.2100067138672,491.1700134277344,22.670000076293945,161.50999450683594,207.0800018310547,880.0,166.38999938964844,114.55000305175781,104.83000183105469,100.58999633789062,116.44000244140625,28.600000381469727,179.5500030517578,166.14999389648438,43.459999084472656,224.57000732421875,172.9600067138672,604.260009765625,44.470001220703125,138.13999938964844,55.33000183105469,45.529998779296875,45.060001373291016,153.02000427246094,121.93000030517578,2946900,24630400,2614400,898400,14317800,23302700,22198300,7380800,7559900,8105400,8133200,2636700,1445100,59033900,4684400,5810900,1751600,2847000,9041800,3293600,26334900,221845900,24957200,1394000,4484600,14614600,1762100,11164400,3667000,6114300,3024700,9007200,41925200,37709400,7158400,17129700
2024-10-03,184.32618713378906,162.85000610351562,300.6628723144531,819.7474975585938,169.539794921875,37.93485641479492,49.95043182373047,58.54704284667969,106.28387451171875,140.41722106933594,40.185001373291016,123.37181091308594,471.5479736328125,22.260000228881836,153.67633056640625,197.84197998046875,874.5726928710938,168.5705108642578,104.57015991210938,99.83391571044922,101.19920349121094,122.80130004882812,25.179218292236328,168.00181579589844,163.31321716308594,42.984825134277344,225.8674774169922,176.03717041015625,571.8472900390625,41.25881576538086,137.08648681640625,52.93807601928711,44.00883102416992,43.86030960083008,147.62295532226562,115.71481323242188,195.4499969482422,162.85000610351562,317.4800109863281,832.4099731445312,171.88999938964844,39.25,54.20000076293945,61.310001373291016,112.41999816894531,151.25,41.790000915527344,130.7899932861328,486.1000061035156,22.260000228881836,160.5,205.22999572753906,885.5499877929688,174.83999633789062,110.18000030517578,104.56999969482422,101.81999969482422,122.8499984741211,28.34000015258789,178.38999938964844,168.9199981689453,44.88999938964844,227.9600067138672,179.47999572753906,592.75,43.97999954223633,144.02999877929688,54.97999954223633,46.15999984741211,44.88999938964844,151.52000427246094,122.58000183105469,197.0500030517578,166.7899932861328,319.7300109863281,837.510009765625,174.94000244140625,39.27000045776367,54.290000915527344,61.65999984741211,112.51000213623047,152.1699981689453,41.90999984741211,131.0399932861328,490.510009765625,22.729999542236328,161.44000244140625,206.49000549316406,892.0,175.6300048828125,112.08000183105469,104.69999694824219,102.52999877929688,124.36000061035156,28.520000457763672,179.4499969482422,169.52999877929688,44.939998626708984,230.8300018310547,180.7899932861328,593.22998046875,44.11000061035156,144.7899932861328,55.209999084472656,46.220001220703125,45.04999923706055,152.66000366210938,123.16999816894531,194.74000549316406,159.39999389648438,315.4599914550781,823.7899780273438,169.19000244140625,38.72999954223633,53.40999984741211,60.93000030517578,109.98999786376953,150.02000427246094,40.400001525878906,127.56999969482422,484.20001220703125,21.649999618530273,160.22000122070312,204.33999633789062,880.8800048828125,164.47000122070312,109.83000183105469,103.16000366210938,99.4000015258789,120.33999633789062,28.260000228881836,176.92999267578125,165.66000366210938,43.540000915527344,225.2100067138672,175.1199951171875,584.3699951171875,43.439998626708984,135.32000732421875,54.40999984741211,45.17499923706055,44.66999816894531,151.24000549316406,120.93000030517578,196.8699951171875,159.7100067138672,317.1099853515625,825.9099731445312,169.6199951171875,38.97999954223633,53.849998474121094,61.5,110.69999694824219,151.30999755859375,40.52000045776367,128.66000366210938,489.92999267578125,22.139999389648438,160.77999877929688,206.1699981689453,889.5399780273438,165.7899932861328,111.81999969482422,103.58000183105469,99.47000122070312,120.91999816894531,28.5,178.3699951171875,165.9499969482422,43.939998626708984,225.36000061035156,175.8000030517578,590.6099853515625,44.040000915527344,135.83999633789062,55.08000183105469,45.52000045776367,44.959999084472656,152.52000427246094,121.9000015258789,3453800,29598800,1525300,651900,13072300,26030200,15398400,7939800,7397400,6553300,11722800,2606300,1290600,49565900,4791200,7251300,1974700,3325800,10280600,4587200,22176700,277118000,25678900,1706100,6260200,13775400,2110700,12555000,2645800,4513200,5224700,8135300,44726000,23545700,5551000,16524300
2024-10-04,183.23220825195312,170.89999389648438,302.7274169921875,820.3285522460938,174.224853515625,38.76603317260742,50.285919189453125,59.817108154296875,108.28816223144531,139.94374084472656,40.790802001953125,125.56965637207031,480.33673095703125,22.59000015258789,153.47523498535156,204.8641357421875,876.16259765625,165.8130645751953,104.18103790283203,102.99400329589844,101.62657928466797,124.87046813964844,25.392452239990234,171.64646911621094,163.29388427734375,43.53063201904297,228.9588165283203,177.68496704101562,570.3519287109375,41.93427276611328,135.55409240722656,54.84454345703125,44.41879653930664,44.60288619995117,147.73988342285156,117.83879852294922,194.2899932861328,170.89999389648438,319.6600036621094,833.0,176.63999938964844,40.11000061035156,53.959999084472656,62.63999938964844,114.54000091552734,150.74000549316406,42.41999816894531,133.1199951171875,495.1600036621094,22.59000015258789,160.2899932861328,211.22000122070312,887.1599731445312,171.97999572753906,109.7699966430664,107.87999725341797,102.25,124.91999816894531,28.579999923706055,182.25999450683594,168.89999389648438,45.459999084472656,231.0800018310547,181.16000366210938,591.2000122070312,44.70000076293945,142.4199981689453,56.959999084472656,46.59000015258789,45.650001525878906,151.63999938964844,124.83000183105469,195.63999938964844,171.2100067138672,320.739990234375,839.3400268554688,176.89999389648438,40.25,54.0099983215332,62.93000030517578,114.62999725341797,152.5,42.540000915527344,133.25999450683594,496.30999755859375,22.90999984741211,160.5,211.6699981689453,888.969970703125,177.63999938964844,110.30000305175781,108.08000183105469,104.23999786376953,125.04000091552734,28.59000015258789,182.89999389648438,172.8000030517578,45.709999084472656,232.8800048828125,181.22999572753906,596.1300048828125,44.95000076293945,146.1300048828125,57.130001068115234,46.73500061035156,45.689998626708984,152.02000427246094,125.19000244140625,193.0500030517578,164.4199981689453,316.42999267578125,825.9600219726562,172.60000610351562,39.619998931884766,53.29999923706055,61.810001373291016,112.05000305175781,150.13999938964844,41.86000061035156,131.02999877929688,486.0,22.299999237060547,158.77999877929688,206.91000366210938,876.8900146484375,170.27999877929688,109.38999938964844,106.62000274658203,101.4000015258789,121.83000183105469,28.239999771118164,179.94000244140625,166.47999572753906,44.900001525878906,228.38999938964844,177.5500030517578,588.4400024414062,44.16999816894531,139.9600067138672,55.97999954223633,46.125,45.150001525878906,150.8800048828125,122.43000030517578,195.10000610351562,166.52999877929688,318.7200012207031,836.0499877929688,176.3000030517578,39.93000030517578,53.400001525878906,62.470001220703125,113.56999969482422,152.47999572753906,42.400001525878906,132.0,495.6400146484375,22.700000762939453,159.6300048828125,209.3000030517578,885.9099731445312,176.7100067138672,109.48999786376953,107.61000061035156,103.6500015258789,124.94000244140625,28.290000915527344,181.35000610351562,172.5500030517578,45.529998779296875,232.49000549316406,179.6999969482422,592.1300048828125,44.720001220703125,145.1999969482422,55.9900016784668,46.54999923706055,45.33000183105469,151.75,123.19999694824219,4749700,44556500,1467800,862500,17921400,34209900,12826500,10097900,7585100,7892400,10288300,2720100,1721600,49845500,5331100,10211700,1970500,2241600,9704700,5608900,21911200,243678100,28769000,1103800,6586500,11294700,2685000,9993800,2462600,5438000,2916400,14582800,35945600,40432000,6590100,19752300
2024-10-07,182.59091186523438,170.97000122070312,300.63446044921875,804.818115234375,172.68618774414062,38.621063232421875,49.801326751708984,59.778907775878906,108.45832061767578,140.29652404785156,40.97350311279297,126.62614440917969,479.8128967285156,22.3799991607666,152.74754333496094,204.5828399658203,887.263427734375,167.0568389892578,103.06111145019531,102.76487731933594,102.3977279663086,127.66937255859375,25.943302154541016,171.61817932128906,161.39894104003906,43.655113220214844,228.3345947265625,180.97068786621094,562.9813232421875,41.718505859375,137.0388946533203,55.037113189697266,44.576107025146484,44.05572509765625,147.0871124267578,118.34855651855469,193.61000061035156,170.97000122070312,317.45001220703125,817.25,175.0800018310547,39.959999084472656,53.439998626708984,62.599998474121094,114.72000122070312,151.1199951171875,42.61000061035156,134.24000549316406,494.6199951171875,22.3799991607666,159.52999877929688,210.92999267578125,898.4000244140625,173.27000427246094,108.58999633789062,107.63999938964844,102.91000366210938,127.72000122070312,29.200000762939453,182.22999572753906,166.94000244140625,45.59000015258789,230.4499969482422,184.50999450683594,583.5599975585938,44.470001220703125,143.97999572753906,57.15999984741211,46.755001068115234,45.09000015258789,150.97000122070312,125.37000274658203,195.08999633789062,172.41000366210938,320.2099914550781,823.0,178.30999755859375,40.439998626708984,54.41999816894531,63.029998779296875,116.08000183105469,152.75,43.029998779296875,135.5,499.010009765625,22.649999618530273,160.86000061035156,213.3300018310547,905.280029296875,174.4600067138672,110.9800033569336,108.91999816894531,104.58999633789062,130.63999938964844,29.84000015258789,183.25,168.72000122070312,46.15999984741211,232.25999450683594,185.0,592.4400024414062,44.689998626708984,144.99000549316406,57.630001068115234,47.10499954223633,45.66999816894531,152.11000061035156,126.33999633789062,192.83999633789062,168.2100067138672,315.9200134277344,811.010009765625,173.86000061035156,39.709999084472656,53.40999984741211,62.06999969482422,114.44000244140625,150.69000244140625,42.310001373291016,133.1199951171875,490.7900085449219,22.020000457763672,159.22000122070312,209.69000244140625,889.5700073242188,170.9199981689453,108.18000030517578,107.2699966430664,100.80999755859375,124.94999694824219,29.110000610351562,180.4199981689453,165.74000549316406,45.380001068115234,228.77999877929688,180.92999267578125,583.3300170898438,44.029998779296875,141.77000427246094,56.79999923706055,46.599998474121094,44.900001525878906,150.69000244140625,124.86000061035156,194.4199981689453,171.0800018310547,320.0799865722656,811.719970703125,174.82000732421875,40.209999084472656,54.0,62.4900016784668,114.94000244140625,151.5,42.41999816894531,133.25,494.6300048828125,22.399999618530273,160.25,211.02999877929688,890.510009765625,171.22000122070312,109.69999694824219,107.69000244140625,102.16000366210938,124.98999786376953,29.3700008392334,181.97999572753906,167.63999938964844,45.599998474121094,229.60000610351562,181.60000610351562,588.7899780273438,44.58000183105469,142.00999450683594,57.22999954223633,46.755001068115234,45.650001525878906,151.64999389648438,125.25,5033800,38379900,1262300,898200,15588300,27177500,11150600,6954300,4899800,5895900,8362700,2887700,1173300,54928700,4266000,6718900,2915700,2201300,8654800,4439900,21749300,346250200,51426600,1427600,4359300,8963600,2006800,12054200,2591100,5108400,1983100,11177800,32519400,26599300,5922800,15714400
2024-10-08,182.0251007080078,172.8000030517578,300.8522644042969,811.7214965820312,178.25894165039062,38.59206771850586,48.90668869018555,60.390071868896484,104.7522964477539,138.09625244140625,40.07921600341797,122.97564697265625,481.70458984375,23.31999969482422,152.9007568359375,204.40826416015625,902.3934326171875,154.25303649902344,102.99468231201172,102.62167358398438,102.02957153320312,132.83731079101562,25.925533294677734,170.32798767089844,160.81884765625,42.26665496826172,230.583740234375,182.4811553955078,561.0712280273438,41.52149200439453,129.7672119140625,55.17190933227539,43.412960052490234,44.30976104736328,147.8860321044922,115.2050552368164,193.00999450683594,172.8000030517578,317.67999267578125,824.260009765625,180.72999572753906,39.93000030517578,52.47999954223633,63.2400016784668,110.80000305175781,148.75,41.68000030517578,130.3699951171875,496.57000732421875,23.31999969482422,159.69000244140625,210.75,913.719970703125,159.99000549316406,108.5199966430664,107.48999786376953,102.54000091552734,132.88999938964844,29.18000030517578,180.86000061035156,166.33999633789062,44.13999938964844,232.72000122070312,186.0500030517578,581.5800170898438,44.2599983215332,136.33999633789062,57.29999923706055,45.53499984741211,45.349998474121094,151.7899932861328,122.04000091552734,195.0,173.60000610351562,319.95001220703125,830.8300170898438,181.60000610351562,40.150001525878906,53.83000183105469,63.36000061035156,112.91999816894531,149.60000610351562,41.959999084472656,132.58999633789062,498.3399963378906,23.420000076293945,160.25,211.3300018310547,921.969970703125,171.02000427246094,108.75,108.20999908447266,102.94000244140625,133.47999572753906,29.489999771118164,183.39999389648438,167.72000122070312,45.16999816894531,233.5399932861328,186.5399932861328,589.2100219726562,44.72999954223633,142.22000122070312,58.279998779296875,46.20000076293945,45.459999084472656,152.02999877929688,124.0199966430664,192.25,170.0,316.4800109863281,820.0700073242188,174.88999938964844,39.810001373291016,52.459999084472656,62.4900016784668,110.16000366210938,147.72999572753906,41.029998779296875,129.3300018310547,492.7799987792969,22.049999237060547,158.9499969482422,208.3800048828125,902.22998046875,157.14999389648438,107.80999755859375,107.38999938964844,101.26000213623047,129.4199981689453,29.0,180.44000244140625,163.66000366210938,43.970001220703125,228.94000244140625,182.02999877929688,579.5599975585938,44.15999984741211,135.5500030517578,57.27000045776367,45.314998626708984,45.18000030517578,151.24000549316406,121.26000213623047,194.33999633789062,171.75,319.1700134277344,822.5,175.4199981689453,40.04999923706055,53.5,62.900001525878906,112.73999786376953,149.1999969482422,41.84000015258789,132.5,497.0,22.25,159.49000549316406,210.5800018310547,903.0,170.77000427246094,107.97000122070312,107.6500015258789,102.18000030517578,130.25999450683594,29.209999084472656,183.13999938964844,164.86000061035156,44.95000076293945,230.4499969482422,184.9600067138672,588.0599975585938,44.56999969482422,142.02000427246094,58.279998779296875,46.150001525878906,45.2599983215332,151.3699951171875,123.87999725341797,4419000,34730200,1453300,1265900,20774200,26023600,9900300,8245700,5579800,5892700,7402600,2566400,1296700,58650500,4766300,6021800,2200000,5060600,8832400,3679400,18858300,285722500,29126600,1449500,7843500,13404700,2508500,10394200,2231400,4588000,4177700,12073000,39759800,28763000,4726600,14818500
2024-10-09,183.66603088378906,171.02000427246094,305.33172607421875,833.0322875976562,183.4075469970703,38.84335708618164,49.204898834228516,61.230411529541016,104.91301727294922,138.93182373046875,40.34846878051758,123.53218841552734,490.05682373046875,23.459999084472656,153.8199462890625,206.99790954589844,908.3388061523438,156.77908325195312,104.65557098388672,104.10147094726562,101.19374084472656,132.597412109375,26.82288932800293,172.59764099121094,164.570068359375,42.33368682861328,232.991455078125,183.55023193359375,570.3712158203125,42.30951690673828,132.64163208007812,55.40299987792969,43.67514419555664,44.72012710571289,149.39614868164062,115.25225830078125,194.75,171.02000427246094,322.4100036621094,845.9000244140625,185.9499969482422,40.189998626708984,52.79999923706055,64.12000274658203,110.97000122070312,149.64999389648438,41.959999084472656,130.9600067138672,505.17999267578125,23.459999084472656,160.64999389648438,213.4199981689453,919.739990234375,162.61000061035156,110.2699966430664,109.04000091552734,101.69999694824219,132.64999389648438,30.190000534057617,183.27000427246094,170.22000122070312,44.209999084472656,235.14999389648438,187.13999938964844,591.219970703125,45.099998474121094,139.36000061035156,57.540000915527344,45.810001373291016,45.77000045776367,153.33999633789062,122.08999633789062,194.88999938964844,174.0500030517578,322.989990234375,846.1199951171875,186.4199981689453,40.38999938964844,53.150001525878906,64.25,111.5199966430664,150.3699951171875,42.130001068115234,131.35000610351562,506.2699890136719,23.479999542236328,161.22000122070312,214.24000549316406,921.3499755859375,163.42999267578125,110.30000305175781,109.37000274658203,102.29000091552734,134.52000427246094,30.43000030517578,184.0399932861328,170.3000030517578,44.43000030517578,235.47999572753906,188.0,592.7999877929688,45.150001525878906,140.19000244140625,57.72999954223633,45.93000030517578,45.86000061035156,153.4600067138672,122.58000183105469,191.9499969482422,169.5500030517578,314.70001220703125,826.3699951171875,176.4199981689453,39.720001220703125,51.5099983215332,63.040000915527344,109.55000305175781,147.36000061035156,41.119998931884766,129.42999267578125,495.25,23.059999465942383,159.50999450683594,209.3800048828125,912.0,158.39999389648438,108.19999694824219,107.22000122070312,100.31999969482422,131.3800048828125,29.100000381469727,180.5,164.6699981689453,43.630001068115234,230.8800048828125,182.25999450683594,580.6099853515625,44.150001525878906,134.83999633789062,57.06999969482422,45.10499954223633,45.2599983215332,151.57000732421875,120.80000305175781,192.85000610351562,174.0500030517578,316.6600036621094,829.8300170898438,179.24000549316406,39.869998931884766,52.25,63.16999816894531,109.91000366210938,147.50999450683594,41.279998779296875,130.3800048828125,498.20001220703125,23.25,159.9199981689453,209.6999969482422,916.2899780273438,159.0,108.41000366210938,107.22000122070312,102.25,134.11000061035156,29.219999313354492,180.77000427246094,165.9499969482422,43.779998779296875,232.49000549316406,187.8000030517578,582.1599731445312,44.33000183105469,135.52999877929688,57.31999969482422,45.19499969482422,45.349998474121094,151.92999267578125,120.9000015258789,4478900,33890700,1379400,1004900,25504100,27421000,10408200,8636400,4217200,4973500,6264600,2233900,1695900,44759000,6047200,7024000,1820100,2243300,8627800,4445800,18442700,246191600,44244800,1085300,5486500,9980700,2019100,11925000,2207700,6848300,2372300,12415300,31519600,28334300,7840000,11144900
2024-10-10,183.28878784179688,164.17999267578125,304.00592041015625,821.28369140625,183.15110778808594,38.63072967529297,48.83213806152344,60.61925506591797,105.75444793701172,139.83233642578125,41.21390151977539,124.69241333007812,488.64056396484375,23.219999313354492,153.68589782714844,206.4353790283203,899.4010009765625,158.93875122070312,103.82987976074219,103.18495178222656,105.16388702392578,134.75656127929688,26.06768798828125,172.6918182373047,162.92648315429688,42.707130432128906,231.35658264160156,182.21633911132812,576.6226806640625,42.159420013427734,135.83010864257812,55.605201721191406,43.97069549560547,44.58334732055664,148.8408203125,116.24343872070312,194.35000610351562,164.17999267578125,321.010009765625,833.969970703125,185.69000244140625,39.970001220703125,52.400001525878906,63.47999954223633,111.86000061035156,150.6199951171875,42.86000061035156,132.19000244140625,503.7200012207031,23.219999313354492,160.50999450683594,212.83999633789062,910.6900024414062,164.85000610351562,109.4000015258789,108.08000183105469,105.69000244140625,134.80999755859375,29.34000015258789,183.3699951171875,168.52000427246094,44.599998474121094,233.5,185.77999877929688,597.7000122070312,44.939998626708984,142.7100067138672,57.75,46.119998931884766,45.630001068115234,152.77000427246094,123.13999938964844,194.82000732421875,172.00999450683594,322.57000732421875,835.6300048828125,186.30999755859375,40.130001068115234,53.41999816894531,64.11000061035156,112.83000183105469,151.5500030517578,42.9900016784668,132.61000061035156,506.79998779296875,23.530000686645508,161.38999938964844,214.80999755859375,922.0,167.22999572753906,110.83000183105469,109.02999877929688,106.58000183105469,135.0,30.079999923706055,184.42999267578125,168.75,45.119998931884766,234.7899932861328,187.0800018310547,598.9500122070312,45.060001373291016,143.67999267578125,58.38999938964844,46.375,45.86000061035156,153.4600067138672,123.69999694824219,193.27999877929688,162.0,318.75,821.5,182.52999877929688,39.77000045776367,52.33000183105469,63.11000061035156,110.76000213623047,149.85000610351562,41.91999816894531,130.33999633789062,499.5899963378906,22.959999084472656,160.0,211.47000122070312,905.1500244140625,161.9499969482422,109.16999816894531,107.6500015258789,100.8499984741211,131.0,29.280000686645508,182.22999572753906,165.3300018310547,44.25,230.64999389648438,184.39999389648438,592.760009765625,44.5,139.49000549316406,57.349998474121094,45.72999954223633,45.439998626708984,152.39999389648438,122.29000091552734,194.5399932861328,169.75999450683594,320.95001220703125,825.0,183.55999755859375,40.0099983215332,53.029998779296875,64.0,111.63999938964844,150.67999267578125,42.150001525878906,131.8699951171875,506.30999755859375,23.190000534057617,161.36000061035156,214.80999755859375,920.0,162.5800018310547,110.69999694824219,108.44000244140625,101.37000274658203,131.91000366210938,29.889999389648438,182.67999267578125,167.22999572753906,44.58000183105469,231.99000549316406,185.86000061035156,595.1799926757812,44.900001525878906,139.50999450683594,57.720001220703125,46.064998626708984,45.81999969482422,153.33999633789062,123.16000366210938,3562500,75113600,1254600,876300,16318000,26182300,6799500,8708600,3946400,4420900,7454900,1637400,1309000,44874600,4793900,7927100,1682100,1990200,6006700,4065500,27605600,242311300,34347700,1453900,5048000,9707400,1886400,6443800,2143200,5310700,2300900,12744000,26047400,34127400,4385500,10243300
2024-10-11,183.13790893554688,167.88999938964844,310.9570617675781,827.9015502929688,178.99867248535156,40.54438781738281,48.645755767822266,62.77739715576172,104.45921325683594,140.5750274658203,41.310054779052734,124.93766784667969,500.8439025878906,23.559999465942383,154.5955047607422,215.6009979248047,920.506103515625,158.36990356445312,104.14308166503906,105.45716857910156,106.38774871826172,134.74656677246094,25.90776252746582,176.83558654785156,164.33802795410156,42.879493713378906,233.29859924316406,187.1498565673828,576.9603271484375,43.39775085449219,135.47796630859375,58.72487258911133,44.242408752441406,45.44316101074219,149.9320068359375,116.6871337890625,194.19000244140625,167.88999938964844,328.3500061035156,840.6900024414062,181.47999572753906,41.95000076293945,52.20000076293945,65.73999786376953,110.48999786376953,151.4199981689453,42.959999084472656,132.4499969482422,516.2999877929688,23.559999465942383,161.4600067138672,222.2899932861328,932.0599975585938,164.25999450683594,109.7300033569336,110.45999908447266,106.91999816894531,134.8000030517578,29.15999984741211,187.77000427246094,169.97999572753906,44.779998779296875,235.4600067138672,190.80999755859375,598.0499877929688,46.2599983215332,142.33999633789062,60.9900016784668,46.404998779296875,46.5099983215332,153.88999938964844,123.61000061035156,195.24000549316406,169.35000610351562,329.1700134277344,845.0,182.58999633789062,42.16999816894531,52.65999984741211,66.0999984741211,111.69999694824219,152.3300018310547,43.29999923706055,133.57000732421875,517.969970703125,23.81999969482422,162.66000366210938,224.6300048828125,932.239990234375,166.85000610351562,109.91999816894531,111.4800033569336,107.6500015258789,135.77999877929688,29.440000534057617,189.1699981689453,170.42999267578125,44.959999084472656,236.19000244140625,191.49000549316406,601.52001953125,46.58000183105469,144.07000732421875,61.720001220703125,46.56999969482422,46.599998474121094,154.07000732421875,124.02999877929688,193.5800018310547,163.00999450683594,320.1000061035156,828.4099731445312,177.39999389648438,40.400001525878906,52.0,64.0999984741211,110.2699966430664,150.25,42.54999923706055,131.55999755859375,507.79998779296875,22.979999542236328,161.1999969482422,215.16000366210938,911.1799926757812,163.39999389648438,107.9000015258789,109.0,104.98999786376953,133.66000366210938,28.950000762939453,184.7100067138672,166.8699951171875,44.279998779296875,231.6699981689453,188.00999450683594,596.2000122070312,45.34000015258789,141.4199981689453,59.91999816894531,46.01499938964844,45.88999938964844,153.02999877929688,122.94000244140625,195.0,164.19000244140625,322.20001220703125,829.9199829101562,181.13999938964844,40.5,52.58000183105469,64.12000274658203,110.75,150.3800048828125,42.650001525878906,131.67999267578125,508.0,23.049999237060547,162.17999267578125,215.6699981689453,916.0399780273438,164.00999450683594,109.0999984741211,109.0,105.04000091552734,134.00999450683594,29.360000610351562,185.0,168.0,44.31999969482422,231.7899932861328,188.1699981689453,596.489990234375,45.400001525878906,142.10000610351562,59.959999084472656,46.10499954223633,45.91999816894531,153.25,123.0999984741211,2973000,42136200,1567200,964700,23070000,50660700,6041700,15512400,6820300,5051300,5979100,1460800,2409700,43585300,5253500,18320700,2293900,1839400,8578400,5826200,19133900,170209500,29617600,1386800,3801400,8892300,4572900,12163900,1909700,8809000,1632000,37049200,26414600,52850300,9354000,8294800
2024-10-14,184.51480102539062,165.27000427246094,307.4246826171875,859.001220703125,179.8173370361328,40.50572204589844,49.0837516784668,63.03524398803711,103.4948959350586,140.9092559814453,41.223514556884766,124.01325988769531,507.10089111328125,23.440000534057617,154.72955322265625,214.81536865234375,917.9877319335938,156.67300415039062,104.10511016845703,107.19473266601562,107.80068969726562,138.01527404785156,25.836687088012695,177.5419158935547,172.1304931640625,42.802886962890625,237.59877014160156,188.52297973632812,584.0512084960938,44.204532623291016,134.3643798828125,59.85141372680664,44.22334671020508,45.726505279541016,150.76016235351562,117.13080596923828,195.64999389648438,165.27000427246094,324.6199951171875,872.27001953125,182.30999755859375,41.90999984741211,52.66999816894531,66.01000213623047,109.47000122070312,151.77999877929688,42.869998931884766,131.47000122070312,522.75,23.440000534057617,161.60000610351562,221.47999572753906,929.510009765625,162.5,109.69000244140625,112.27999877929688,108.33999633789062,138.07000732421875,29.079999923706055,188.52000427246094,178.0399932861328,44.70000076293945,239.8000030517578,192.2100067138672,605.4000244140625,47.119998931884766,141.1699981689453,62.15999984741211,46.3849983215332,46.79999923706055,154.74000549316406,124.08000183105469,196.33999633789062,168.89999389648438,326.95001220703125,873.25,184.9499969482422,42.18000030517578,52.709999084472656,66.43000030517578,110.43000030517578,151.89999389648438,42.91999816894531,132.05999755859375,523.0700073242188,23.770000457763672,162.13999938964844,223.6999969482422,937.0,163.8699951171875,110.06999969482422,112.44000244140625,108.70999908447266,139.60000610351562,29.170000076293945,189.69000244140625,178.8699951171875,44.720001220703125,240.2899932861328,194.25,608.6300048828125,47.20000076293945,142.17999267578125,63.349998474121094,46.459999084472656,46.849998474121094,155.00999450683594,124.26000213623047,193.66000366210938,165.14999389648438,322.5899963378906,852.1699829101562,180.1300048828125,41.720001220703125,51.939998626708984,65.6500015258789,108.9000015258789,150.17999267578125,42.400001525878906,130.80999755859375,515.510009765625,23.270000457763672,160.89999389648438,218.8800048828125,926.0,162.0500030517578,108.68000030517578,110.55000305175781,106.80000305175781,136.3000030517578,28.850000381469727,186.1300048828125,170.89999389648438,44.220001220703125,236.80999755859375,190.5,597.3800048828125,46.09000015258789,140.58999633789062,60.939998626708984,46.0099983215332,46.459999084472656,153.52999877929688,122.62000274658203,194.24000549316406,167.77000427246094,325.5899963378906,852.52001953125,183.3000030517578,41.959999084472656,52.13999938964844,65.80999755859375,109.69999694824219,150.52000427246094,42.56999969482422,131.3699951171875,517.6500244140625,23.579999923706055,161.39999389648438,223.1999969482422,936.0,163.3300018310547,109.43000030517578,111.05000305175781,107.80999755859375,136.47000122070312,29.15999984741211,187.25999450683594,171.33999633789062,44.38999938964844,236.9600067138672,190.61000061035156,599.1099853515625,46.189998626708984,141.8699951171875,61.27000045776367,46.08000183105469,46.59000015258789,154.05999755859375,123.23999786376953,3623900,31757200,1613300,1769200,17195800,28098900,6890800,14682900,5174000,4214700,5866100,1702100,2174900,35403600,5964000,9048900,1550400,2086100,8130700,7179300,15021900,232347700,23594200,2205800,9933600,7048100,2142500,11714400,2447100,8166700,1379000,30758800,22198600,35850800,4819800,9808100
2024-10-15,182.3854522705078,156.63999938964844,307.8697509765625,719.3187866210938,173.57386779785156,40.72801208496094,49.16762161254883,59.817108154296875,99.46739959716797,137.14930725097656,39.617652893066406,120.06092071533203,506.741943359375,22.65999984741211,157.12327575683594,215.697998046875,901.9984741210938,151.38951110839844,105.85143280029297,107.13744354248047,103.80071258544922,131.54783630371094,26.15653419494629,181.1394500732422,168.31158447265625,41.12716293334961,225.27296447753906,183.54043579101562,536.6729736328125,44.09196853637695,128.15869140625,60.68910217285156,42.79801559448242,45.82421112060547,148.9187774658203,113.60970306396484,191.86000061035156,156.63999938964844,325.0899963378906,730.4299926757812,175.97999572753906,42.13999938964844,52.7599983215332,62.63999938964844,105.20999908447266,147.72999572753906,41.20000076293945,127.27999877929688,522.3800048828125,22.65999984741211,164.10000610351562,222.38999938964844,913.3200073242188,157.02000427246094,111.52999877929688,112.22000122070312,104.31999969482422,131.60000610351562,29.440000534057617,192.33999633789062,174.08999633789062,42.95000076293945,227.36000061035156,187.1300048828125,556.2899780273438,47.0,134.64999389648438,63.029998779296875,44.88999938964844,46.900001525878906,152.85000610351562,120.3499984741211,196.25,164.1300048828125,327.3299865722656,873.6500244140625,181.6999969482422,43.36000061035156,53.38999938964844,67.16000366210938,107.12999725341797,149.9600067138672,41.84000015258789,128.85000610351562,540.510009765625,23.719999313354492,166.75,225.4499969482422,926.52001953125,159.8000030517578,111.58000183105469,116.05999755859375,109.48999786376953,138.57000732421875,29.739999771118164,196.63999938964844,179.8300018310547,43.90999984741211,240.47000122070312,193.6199951171875,569.7000122070312,48.08000183105469,137.61000061035156,63.81999969482422,45.45000076293945,47.38999938964844,154.58999633789062,121.94999694824219,191.22000122070312,155.74000549316406,324.0299987792969,717.5,173.3699951171875,42.04999923706055,51.310001373291016,62.529998779296875,105.12000274658203,147.55999755859375,41.0099983215332,126.77999877929688,515.510009765625,22.469999313354492,159.0,221.82000732421875,907.7999877929688,156.80999755859375,109.88999938964844,112.02999877929688,102.70999908447266,128.74000549316406,29.06999969482422,189.67999267578125,172.75,42.88999938964844,225.72000122070312,184.25,543.0,46.939998626708984,134.38999938964844,62.22999954223633,44.8650016784668,46.84000015258789,152.50999450683594,119.77999877929688,194.72999572753906,163.2100067138672,326.0299987792969,867.219970703125,180.7899932861328,43.22999954223633,51.310001373291016,66.75,106.0,148.8000030517578,41.43000030517578,127.93000030517578,538.7999877929688,23.40999984741211,160.0,223.66000366210938,924.4400024414062,157.94000244140625,109.95999908447266,115.43000030517578,107.86000061035156,137.8699951171875,29.09000015258789,190.5,177.22000122070312,43.56999969482422,239.24000549316406,192.9600067138672,552.02001953125,47.45000076293945,136.5,62.90999984741211,45.150001525878906,47.119998931884766,152.6699981689453,120.81999969482422,6553500,50768000,1956200,9350700,27657500,61490000,10579100,35348100,6395700,6704600,8384900,2949200,4525400,68900600,10548000,9235800,2284200,2557800,9109500,8925200,23419100,377831000,29009900,2972500,12910400,10230900,6421200,21812700,11939400,8595500,3247800,24693400,37839200,42356800,9088600,15771300
2024-10-16,181.0545654296875,156.1300048828125,304.5930480957031,673.1224975585938,174.4023895263672,41.365901947021484,49.736087799072266,61.35455322265625,99.42013549804688,138.07769775390625,39.12724304199219,120.13636779785156,513.9979248046875,22.309999465942383,157.29559326171875,216.910400390625,905.0599365234375,152.23794555664062,104.79793548583984,114.09728240966797,108.69620513916016,135.66619873046875,26.360881805419922,180.37020874023438,165.78823852539062,41.826175689697266,225.27296447753906,183.8837127685547,551.1923828125,46.16522216796875,128.9867401123047,61.51716613769531,43.002994537353516,46.39090347290039,149.3376922607422,113.90234375,190.4600067138672,156.1300048828125,321.6300048828125,683.52001953125,176.82000732421875,42.79999923706055,53.369998931884766,64.25,105.16000366210938,148.72999572753906,40.689998626708984,127.36000061035156,529.8599853515625,22.309999465942383,164.27999877929688,223.63999938964844,916.4199829101562,157.89999389648438,110.41999816894531,119.51000213623047,109.23999786376953,135.72000122070312,29.670000076293945,189.92999267578125,171.47999572753906,43.68000030517578,227.36000061035156,187.47999572753906,571.3400268554688,49.209999084472656,135.52000427246094,63.88999938964844,45.10499954223633,47.47999954223633,153.27999877929688,120.66000366210938,191.0399932861328,158.27999877929688,326.7300109863281,717.47998046875,179.25,43.099998474121094,53.58000183105469,64.44000244140625,106.0,149.02999877929688,41.61000061035156,127.98999786376953,536.219970703125,22.540000915527344,164.99000549316406,223.67999267578125,917.8099975585938,158.8000030517578,111.19999694824219,121.44999694824219,109.62999725341797,136.6199951171875,29.81999969482422,193.85000610351562,174.6699981689453,43.689998626708984,230.1199951171875,190.00999450683594,576.1799926757812,50.11000061035156,136.38999938964844,64.08000183105469,45.255001068115234,47.5,153.61000061035156,121.44000244140625,188.72999572753906,154.9199981689453,321.32000732421875,677.27001953125,175.3300018310547,42.150001525878906,52.5099983215332,63.400001525878906,105.04000091552734,148.2100067138672,40.630001068115234,126.9800033569336,525.97998046875,21.739999771118164,162.63999938964844,221.0399932861328,897.8400268554688,157.00999450683594,109.0199966430664,116.5,105.61000061035156,131.5800018310547,29.43000030517578,189.6199951171875,170.22000122070312,43.11000061035156,226.41000366210938,186.66000366210938,555.1199951171875,48.7400016784668,134.92999267578125,63.119998931884766,44.98500061035156,46.9900016784668,152.24000549316406,120.5999984741211,190.4499969482422,158.07000732421875,326.20001220703125,710.969970703125,178.50999450683594,42.209999084472656,52.630001068115234,63.439998626708984,105.63999938964844,148.35000610351562,41.470001220703125,127.37000274658203,530.0,22.3799991607666,164.0,222.3300018310547,910.030029296875,157.42999267578125,111.0,116.87999725341797,106.0199966430664,133.97999572753906,29.5,192.75999450683594,174.6199951171875,43.38999938964844,230.1199951171875,189.77999877929688,557.010009765625,48.7400016784668,135.55999755859375,63.2400016784668,45.14500045776367,47.08000183105469,152.64999389648438,120.88999938964844,5576000,30575800,1776700,10296200,15285100,42437800,7624300,20208800,4602900,4303700,7566400,1939400,2649000,62151800,5982100,6382500,1645400,1504900,8729200,21458500,20450900,264879700,28414800,2920300,6495700,8692900,3776600,18689200,5103900,27957200,1525600,17412600,19877000,44973700,4510200,8426800
2024-10-17,179.25790405273438,156.25,304.30889892578125,689.942626953125,179.0479736328125,41.172603607177734,49.55903244018555,61.08717346191406,100.35610961914062,140.3708038330078,39.02146911621094,120.69691467285156,513.1636352539062,22.440000534057617,157.47752380371094,217.6669158935547,905.7512817382812,152.63327026367188,104.16205596923828,114.03044128417969,111.49223327636719,136.87570190429688,26.005495071411133,179.297119140625,165.42086791992188,42.12302017211914,227.04652404785156,201.89154052734375,546.069580078125,46.878196716308594,130.06227111816406,61.98896408081055,43.20798110961914,46.517921447753906,148.47059631347656,113.60970306396484,188.57000732421875,156.25,321.3299865722656,700.5999755859375,181.52999877929688,42.599998474121094,53.18000030517578,63.970001220703125,106.1500015258789,151.1999969482422,40.58000183105469,127.04000091552734,529.0,22.440000534057617,164.47000122070312,224.4199981689453,917.1199951171875,158.30999755859375,109.75,119.44000244140625,112.05000305175781,136.92999267578125,29.270000457763672,188.8000030517578,171.10000610351562,43.9900016784668,229.14999389648438,205.83999633789062,566.030029296875,49.970001220703125,136.64999389648438,64.37999725341797,45.31999969482422,47.61000061035156,152.38999938964844,120.3499984741211,191.6199951171875,160.44000244140625,325.9200134277344,703.8800048828125,185.50999450683594,43.0,53.58000183105469,65.16999816894531,106.23999786376953,151.3300018310547,40.90999984741211,127.58999633789062,535.2899780273438,22.81999969482422,165.0,225.85000610351562,930.510009765625,159.77999877929688,110.19000244140625,120.36000061035156,114.13999938964844,140.88999938964844,29.530000686645508,192.92999267578125,175.6199951171875,44.04999923706055,233.8699951171875,212.60000610351562,569.469970703125,50.470001220703125,136.72999572753906,64.72000122070312,45.470001220703125,47.810001373291016,153.02000427246094,121.58000183105469,188.4600067138672,156.1999969482422,320.5,677.1199951171875,180.69000244140625,42.470001220703125,52.83000183105469,63.77000045776367,104.94000244140625,148.97000122070312,39.70000076293945,126.19000244140625,528.22998046875,22.399999618530273,163.6300048828125,223.30999755859375,916.0399780273438,157.25,109.5,118.7300033569336,111.01000213623047,136.8699951171875,29.219999313354492,188.74000549316406,171.02000427246094,43.290000915527344,229.14999389648438,201.97000122070312,558.719970703125,49.099998474121094,134.5,63.5,45.04999923706055,47.58000183105469,152.2899932861328,119.70999908447266,190.5399932861328,160.0,325.9200134277344,692.6400146484375,181.3699951171875,42.83000183105469,53.189998626708984,64.7300033569336,105.31999969482422,149.25999450683594,40.709999084472656,126.83999633789062,531.239990234375,22.719999313354492,164.25999450683594,224.27000427246094,921.0,158.4199981689453,110.13999938964844,119.7699966430664,111.33999633789062,139.33999633789062,29.479999542236328,190.9600067138672,175.6199951171875,43.5,233.3000030517578,203.35000610351562,560.5800170898438,49.869998931884766,135.75,64.48999786376953,45.099998474121094,47.68000030517578,152.77000427246094,120.76000213623047,4419000,29491900,1635600,7209100,25232400,31708600,7948500,13439600,5093400,6593100,21526000,2975600,2123500,43807600,4798000,6470200,2191200,2409000,8541700,9357200,26584800,306435900,23779200,2842900,6093200,14481300,2407800,62274700,5588700,16053100,2317400,15073500,21433400,45823400,5430000,11204900
2024-10-18,179.53358459472656,155.97000122070312,304.6214904785156,712.2579345703125,177.430419921875,40.90198516845703,49.59630584716797,60.01764678955078,99.90229797363281,139.95303344726562,39.0984001159668,120.29788970947266,512.6787109375,22.770000457763672,158.09988403320312,218.58831787109375,906.5906982421875,152.62362670898438,103.16551971435547,115.57707977294922,110.59669494628906,137.94529724121094,25.961071014404297,179.84793090820312,165.24684143066406,40.140872955322266,227.2545928955078,196.9285888671875,549.5232543945312,46.118316650390625,130.4334716796875,61.96971130371094,43.06496810913086,46.52769088745117,149.1915740966797,113.28874969482422,188.86000061035156,155.97000122070312,321.6600036621094,723.260009765625,179.88999938964844,42.31999969482422,53.220001220703125,62.849998474121094,105.66999816894531,150.75,40.65999984741211,126.62000274658203,528.5,22.770000457763672,165.1199951171875,225.3699951171875,917.969970703125,158.3000030517578,108.69999694824219,121.05999755859375,111.1500015258789,138.0,29.219999313354492,189.3800048828125,170.9199981689453,41.91999816894531,229.36000061035156,200.77999877929688,569.6099853515625,49.15999984741211,137.0399932861328,64.36000061035156,45.16999816894531,47.619998931884766,153.1300048828125,120.01000213623047,189.69000244140625,158.00999450683594,322.55999755859375,726.4600219726562,182.7100067138672,42.650001525878906,53.33000183105469,64.12000274658203,106.13999938964844,151.0800018310547,40.689998626708984,127.0,530.77001953125,22.81999969482422,165.2899932861328,225.9199981689453,920.9199829101562,159.22000122070312,109.91999816894531,121.12000274658203,112.9000015258789,138.89999389648438,29.3700008392334,191.49000549316406,172.5800018310547,44.09000015258789,231.30999755859375,205.9499969482422,570.9500122070312,50.150001525878906,137.57000732421875,64.77999877929688,45.3650016784668,47.720001220703125,153.5,120.63999938964844,188.16000366210938,155.55999755859375,319.17999267578125,713.1799926757812,178.67999267578125,42.11000061035156,52.34000015258789,62.72999954223633,104.69999694824219,149.3800048828125,40.08000183105469,125.45999908447266,526.8699951171875,22.5,163.92999267578125,223.10000610351562,905.6199951171875,156.9499969482422,108.55999755859375,119.11000061035156,109.86000061035156,137.27999877929688,29.079999923706055,188.00999450683594,169.4199981689453,41.88999938964844,228.4199981689453,200.75999450683594,563.0399780273438,48.959999084472656,135.52000427246094,63.83000183105469,44.849998474121094,47.349998474121094,152.05999755859375,119.1500015258789,188.97000122070312,157.41000366210938,320.6099853515625,717.6699829101562,182.32000732421875,42.43000030517578,53.2599983215332,64.12000274658203,105.93000030517578,150.82000732421875,40.459999084472656,126.66999816894531,529.3900146484375,22.610000610351562,164.88999938964844,225.0,917.1799926757812,158.1999969482422,109.9000015258789,119.52999877929688,111.75,138.6699981689453,29.299999237060547,190.57000732421875,172.11000061035156,43.9900016784668,231.3000030517578,205.9499969482422,566.8499755859375,50.11000061035156,136.6999969482422,64.41000366210938,45.23500061035156,47.61000061035156,152.5,120.44000244140625,5607900,23823000,1552100,4537800,17835200,30593500,7184500,13841200,4326600,5208200,6942900,2990700,1779200,39971700,5908000,7000500,2286900,2214800,9523000,6852900,16700400,176090200,24244900,1852600,6432700,21355900,1643700,21030800,3687000,10983600,2083400,19234000,24015200,34279600,9823900,12898600
2024-10-21,177.328125,157.89999389648438,299.9620666503906,703.2372436523438,177.529052734375,40.360748291015625,48.571197509765625,59.043609619140625,99.25941467285156,140.07373046875,38.54067611694336,119.43331146240234,502.2990417480469,22.84000015258789,155.90724182128906,216.28965759277344,894.8975219726562,151.28346252441406,100.92566680908203,112.92298126220703,108.53701782226562,143.6530303955078,25.703414916992188,176.29617309570312,163.4002227783203,40.62923049926758,226.8285369873047,198.07615661621094,551.3177490234375,44.955039978027344,128.9677276611328,61.642330169677734,42.936256408691406,46.15641403198242,147.43785095214844,113.35482788085938,186.5399932861328,157.89999389648438,316.739990234375,714.0999755859375,179.99000549316406,41.7599983215332,52.119998931884766,61.83000183105469,104.98999786376953,150.8800048828125,40.08000183105469,125.70999908447266,517.7999877929688,22.84000015258789,162.8300018310547,223.0,906.1300048828125,156.91000366210938,106.33999633789062,118.27999877929688,109.08000183105469,143.7100067138672,28.93000030517578,185.63999938964844,169.00999450683594,42.43000030517578,228.92999267578125,201.9499969482422,571.469970703125,47.91999816894531,135.5,64.0199966430664,45.03499984741211,47.2400016784668,151.3300018310547,120.08000183105469,189.3800048828125,158.0,321.79998779296875,724.8499755859375,181.72000122070312,42.40999984741211,53.29999923706055,62.90999984741211,106.83999633789062,152.47999572753906,41.060001373291016,128.11000061035156,529.8499755859375,22.8799991607666,165.25,225.6999969482422,918.8599853515625,159.0399932861328,109.16999816894531,120.69000244140625,111.13999938964844,143.7100067138672,29.219999313354492,189.80999755859375,170.1699981689453,42.939998626708984,229.5399932861328,203.44000244140625,579.280029296875,49.15999984741211,137.85000610351562,64.69000244140625,45.6150016784668,47.650001525878906,153.13999938964844,121.4800033569336,185.88999938964844,154.14999389648438,315.8699951171875,708.7899780273438,178.25,41.7400016784668,52.099998474121094,61.72999954223633,104.69000244140625,150.49000549316406,39.939998626708984,125.56999969482422,517.0,22.25,162.30999755859375,222.89999389648438,904.5599975585938,156.16000366210938,106.18000030517578,117.87999725341797,107.69000244140625,138.0,28.8799991607666,185.33999633789062,166.07000732421875,42.08000183105469,225.97999572753906,199.66000366210938,568.7000122070312,47.86000061035156,134.80999755859375,63.91999816894531,44.95500183105469,47.150001525878906,151.17999267578125,119.72000122070312,188.7100067138672,155.75999450683594,320.1600036621094,724.0,179.3800048828125,42.25,53.279998779296875,62.790000915527344,106.6500015258789,152.0,40.91999816894531,127.8499984741211,528.0,22.610000610351562,165.10000610351562,225.22000122070312,917.97998046875,158.7899932861328,109.08000183105469,120.37000274658203,111.0999984741211,138.1300048828125,29.219999313354492,188.49000549316406,169.63999938964844,42.08000183105469,228.44000244140625,200.80999755859375,569.6400146484375,49.029998779296875,137.24000549316406,64.4800033569336,45.470001220703125,47.540000915527344,152.72999572753906,120.9800033569336,4496500,25781200,1533200,2184800,13695100,26589500,5353100,12188500,4387000,5074000,6248200,2403000,1752100,39727000,6082700,5870000,1592200,2203800,11444900,7469100,14829400,264554500,23395700,1681200,7297700,13839400,2034300,14820000,3018000,6648300,2341400,15603400,21162000,26207400,4825900,10177800
2024-10-22,179.43849182128906,154.08999633789062,302.7274169921875,709.943603515625,176.92738342285156,40.88265609741211,49.16762161254883,60.69565200805664,99.26886749267578,140.11085510253906,38.6272087097168,118.82526397705078,502.7840270996094,22.399999618530273,156.5009002685547,217.37594604492188,897.880126953125,152.56576538085938,101.21040344238281,112.961181640625,107.28327941894531,143.53309631347656,25.623455047607422,176.9039306640625,167.43182373046875,40.150447845458984,225.98635864257812,194.67269897460938,549.7644653320312,45.058231353759766,129.1676025390625,62.402992248535156,43.03636169433594,46.068477630615234,147.22352600097656,113.94009399414062,188.75999450683594,154.08999633789062,319.6600036621094,720.9099731445312,179.3800048828125,42.29999923706055,52.7599983215332,63.560001373291016,105.0,150.9199981689453,40.16999816894531,125.06999969482422,518.2999877929688,22.399999618530273,163.4499969482422,224.1199951171875,909.1500244140625,158.24000549316406,106.63999938964844,118.31999969482422,107.81999969482422,143.58999633789062,28.84000015258789,186.27999877929688,173.17999267578125,41.93000030517578,228.0800018310547,198.47999572753906,569.8599853515625,48.029998779296875,135.7100067138672,64.80999755859375,45.13999938964844,47.150001525878906,151.11000061035156,120.69999694824219,189.10000610351562,156.74000549316406,321.0799865722656,724.1099853515625,180.69000244140625,42.40999984741211,53.060001373291016,63.689998626708984,105.80999755859375,151.67999267578125,40.439998626708984,126.5199966430664,519.6300048828125,22.81999969482422,163.72999572753906,225.27999877929688,911.1199951171875,158.57000732421875,106.9000015258789,118.61000061035156,108.5199966430664,144.4199981689453,28.989999771118164,186.80999755859375,173.47999572753906,42.7400016784668,228.80999755859375,200.1699981689453,573.0399780273438,48.150001525878906,136.49000549316406,65.20999908447266,45.349998474121094,47.22999954223633,151.38999938964844,121.19000244140625,186.22999572753906,151.91000366210938,313.9800109863281,717.6400146484375,177.41000366210938,41.56999969482422,52.029998779296875,61.29999923706055,104.76000213623047,150.22000122070312,39.95000076293945,124.9800033569336,512.9400024414062,22.170000076293945,161.89999389648438,221.10000610351562,900.2000122070312,156.75,105.70999908447266,117.25,106.37000274658203,141.77999877929688,28.600000381469727,183.86000061035156,168.22999572753906,41.790000915527344,226.27999877929688,197.11000061035156,565.489990234375,47.41999816894531,134.5500030517578,64.0,44.974998474121094,46.779998779296875,150.39999389648438,119.94000244140625,186.32000732421875,156.60000610351562,315.239990234375,723.0,178.66000366210938,41.650001525878906,52.029998779296875,61.59000015258789,105.77999877929688,151.25,40.279998779296875,126.23999786376953,515.6099853515625,22.729999542236328,162.32000732421875,223.02000427246094,901.6799926757812,157.5,105.91000366210938,117.6500015258789,108.23999786376953,142.91000366210938,28.899999618530273,185.8000030517578,169.00999450683594,42.72999954223633,227.67999267578125,199.07000732421875,567.8499755859375,47.7400016784668,136.1999969482422,64.0199966430664,45.20000076293945,47.0,150.52999877929688,120.26000213623047,4210400,34997400,2106500,2067000,12062600,37104400,7122800,14347300,4710800,4416400,5918700,1709500,1588000,50160400,5680300,9586800,1391800,1867200,11576100,4429600,13758100,226311600,29036400,1870900,7313000,11377900,2476400,11165100,2593800,6854200,1966400,26164900,17956400,30018700,5166900,9201400
2024-10-23,178.6019744873047,152.91000366210938,298.2195129394531,697.8406372070312,171.1376495361328,40.921321868896484,49.44720458984375,60.25638198852539,98.80561828613281,139.70236206054688,37.99256134033203,118.50225067138672,501.71697998046875,21.979999542236328,158.80844116210938,216.68731689453125,892.0531616210938,148.2464141845703,100.96363830566406,112.92298126220703,104.5270767211914,139.50466918945312,25.641223907470703,178.73681640625,161.07022094726562,40.34196090698242,223.96507263183594,197.00704956054688,544.728515625,45.52729797363281,126.48355102539062,62.16227722167969,42.812313079833984,46.029396057128906,146.5317840576172,113.5341796875,187.8800048828125,152.91000366210938,314.8999938964844,708.6199951171875,173.50999450683594,42.34000015258789,53.060001373291016,63.099998474121094,104.51000213623047,150.47999572753906,39.5099983215332,124.7300033569336,517.2000122070312,21.979999542236328,165.86000061035156,223.41000366210938,903.25,153.75999450683594,106.37999725341797,118.27999877929688,105.05000305175781,139.55999755859375,28.860000610351562,188.2100067138672,166.60000610351562,42.130001068115234,226.0399932861328,200.86000061035156,564.6400146484375,48.529998779296875,132.88999938964844,64.55999755859375,44.904998779296875,47.11000061035156,150.39999389648438,120.2699966430664,189.27000427246094,153.4499969482422,318.54998779296875,716.3099975585938,178.97999572753906,42.470001220703125,53.11000061035156,63.630001068115234,105.05999755859375,151.0,40.02000045776367,125.16000366210938,520.0,22.43000030517578,166.0,224.8000030517578,907.9500122070312,158.6300048828125,107.36000061035156,118.73999786376953,107.0999984741211,142.42999267578125,29.110000610351562,188.52999877929688,172.63999938964844,42.33000183105469,228.50999450683594,203.1300048828125,574.1400146484375,48.529998779296875,135.69000244140625,65.05000305175781,45.189998626708984,47.220001220703125,150.92999267578125,120.75,187.5,150.52000427246094,313.70001220703125,700.0999755859375,172.57000732421875,42.02000045776367,52.540000915527344,62.619998931884766,103.66000366210938,149.2899932861328,39.20000076293945,123.7300033569336,513.4000244140625,21.579999923706055,162.4199981689453,222.52999877929688,891.72998046875,152.3800048828125,106.19999694824219,117.19999694824219,103.54000091552734,137.4600067138672,28.670000076293945,185.8000030517578,164.3000030517578,41.63999938964844,222.8699951171875,196.22999572753906,560.0,47.779998779296875,131.47999572753906,63.86000061035156,44.64500045776367,46.880001068115234,149.60000610351562,119.4000015258789,188.6999969482422,153.0,316.010009765625,714.0499877929688,177.58999633789062,42.20000076293945,52.79999923706055,63.18000030517578,104.58999633789062,150.36000061035156,39.88999938964844,124.9000015258789,515.7999877929688,22.299999237060547,162.82000732421875,223.66000366210938,905.6199951171875,157.0,106.73999786376953,117.88999938964844,106.55999755859375,142.02999877929688,28.8700008392334,185.85000610351562,169.33999633789062,41.880001068115234,227.64999389648438,196.67999267578125,572.1300048828125,47.810001373291016,135.0,64.7699966430664,45.01499938964844,47.099998474121094,150.6999969482422,119.97000122070312,4266700,26095900,1526300,1681400,19513700,28569400,5833000,8720500,4541300,5248600,7346500,1639700,1263200,45799100,7441600,6180500,2646600,3439000,8271700,5661600,15174700,285930000,22217600,2014400,9788200,11117900,2260000,16535700,2911900,6844500,3382000,18380900,19813200,20697200,4910200,8320300
2024-10-24,180.2845458984375,153.44000244140625,298.9676818847656,699.9972534179688,169.0071563720703,41.22093963623047,49.31673049926758,60.160884857177734,98.67325592041016,139.6745147705078,37.99256134033203,118.22673797607422,508.7984313964844,22.34000015258789,156.71153259277344,218.21006774902344,880.2711181640625,147.39796447753906,100.48909759521484,113.77266693115234,106.31810760498047,140.35433959960938,25.445758819580078,179.4300537109375,162.52041625976562,39.499305725097656,225.21351623535156,194.13327026367188,541.03369140625,45.45224380493164,125.02728271484375,62.99996566772461,42.807552337646484,46.068477630615234,145.5672607421875,112.89226531982422,189.64999389648438,153.44000244140625,315.69000244140625,710.8099975585938,171.35000610351562,42.650001525878906,52.91999816894531,63.0,104.37000274658203,150.4499969482422,39.5099983215332,124.44000244140625,524.5,22.34000015258789,163.6699981689453,224.97999572753906,891.3200073242188,152.8800048828125,105.87999725341797,119.16999816894531,106.8499984741211,140.41000366210938,28.639999389648438,188.94000244140625,168.10000610351562,41.25,227.3000030517578,197.92999267578125,560.8099975585938,48.45000076293945,131.36000061035156,65.43000030517578,44.900001525878906,47.150001525878906,149.41000366210938,119.58999633789062,190.47000122070312,155.19000244140625,317.239990234375,720.0,174.3000030517578,42.65999984741211,53.400001525878906,63.29999923706055,105.16999816894531,151.4499969482422,39.86000061035156,125.48999786376953,525.0,22.3700008392334,165.50999450683594,225.05999755859375,900.0,154.72000122070312,106.62000274658203,119.33999633789062,107.52999877929688,141.35000610351562,28.979999542236328,189.69000244140625,168.94000244140625,42.130001068115234,228.2100067138672,200.5,571.7000122070312,48.72999954223633,134.5800018310547,65.56999969482422,45.1349983215332,47.209999084472656,151.00999450683594,120.44000244140625,188.1699981689453,152.35000610351562,313.6300048828125,706.4500122070312,169.5,41.970001220703125,52.41999816894531,62.38999938964844,103.44999694824219,149.3800048828125,39.2599983215332,123.62999725341797,518.2000122070312,21.969999313354492,163.33999633789062,221.66000366210938,888.280029296875,151.86000061035156,105.26000213623047,117.94000244140625,105.55000305175781,138.4600067138672,28.5,186.9600067138672,165.52999877929688,41.20000076293945,225.5800018310547,197.41000366210938,560.3099975585938,48.20000076293945,129.91000366210938,64.33000183105469,44.599998474121094,46.86000061035156,149.3699951171875,119.12999725341797,188.42999267578125,154.74000549316406,314.42999267578125,719.989990234375,174.25999450683594,42.31999969482422,52.900001525878906,63.0099983215332,105.0,151.1300048828125,39.709999084472656,125.18000030517578,519.0,22.09000015258789,165.0,221.8300018310547,898.3300170898438,154.5,106.05000305175781,118.4000015258789,106.77999877929688,140.82000732421875,28.860000610351562,188.92999267578125,166.61000061035156,41.900001525878906,228.07000732421875,198.9600067138672,564.989990234375,48.470001220703125,132.8000030517578,64.61000061035156,45.0,47.119998931884766,150.39999389648438,120.0,6741800,22877000,1326600,1854700,20485200,28392000,7103100,11420300,3504600,5474300,4223100,1927700,2058200,40554400,5386300,6002200,1797100,1550700,8295900,5611800,13206300,172354900,31473600,1223000,4933400,13897100,2247900,9935800,2590200,7804500,3784600,18393300,17046600,19617500,5066300,9905600
2024-10-25,178.57347106933594,156.22999572753906,300.18939208984375,700.873779296875,170.63461303710938,40.48639678955078,48.384822845458984,58.97676086425781,98.8528823852539,140.0087432861328,37.68484878540039,117.0201416015625,497.254638671875,22.68000030517578,154.0401611328125,215.6204071044922,881.6339721679688,146.89662170410156,98.68584442138672,111.58638763427734,107.37284088134766,141.48388671875,25.27695083618164,176.4671173095703,164.618408203125,39.96851348876953,227.47259521484375,199.5375518798828,544.6513671875,44.78617477416992,126.01716613769531,62.133399963378906,42.79324722290039,45.560401916503906,144.76834106445312,112.7978744506836,187.85000610351562,156.22999572753906,316.9800109863281,711.7000122070312,173.0,41.88999938964844,51.91999816894531,61.7599983215332,104.55999755859375,150.80999755859375,39.189998626708984,123.16999816894531,512.5999755859375,22.68000030517578,160.8800048828125,222.30999755859375,892.7000122070312,152.36000061035156,103.9800033569336,116.87999725341797,107.91000366210938,141.5399932861328,28.450000762939453,185.82000732421875,170.27000427246094,41.7400016784668,229.5800018310547,203.44000244140625,564.5599975585938,47.7400016784668,132.39999389648438,64.52999877929688,44.8849983215332,46.630001068115234,148.58999633789062,119.48999786376953,189.8800048828125,158.91000366210938,319.20001220703125,723.25,176.8000030517578,42.97999954223633,52.900001525878906,63.7400016784668,105.43000030517578,152.1199951171875,40.02000045776367,125.73999786376953,528.7999877929688,23.34000015258789,163.9199981689453,225.6199951171875,900.9600219726562,154.61000061035156,106.48999786376953,120.0,109.87999725341797,144.1300048828125,28.729999542236328,190.63999938964844,173.17999267578125,42.15999984741211,233.07000732421875,205.1999969482422,571.5,48.95000076293945,134.05999755859375,65.94999694824219,45.2599983215332,47.41999816894531,150.0,120.43000030517578,187.1699981689453,155.0500030517578,314.8800048828125,711.22998046875,172.72000122070312,41.790000915527344,51.81999969482422,61.689998626708984,104.25,150.4600067138672,38.86000061035156,122.58000183105469,510.739990234375,22.40999984741211,160.61000061035156,220.8800048828125,889.4500122070312,151.92999267578125,103.86000061035156,116.33000183105469,107.72000122070312,140.8000030517578,28.440000534057617,185.6300048828125,169.80999755859375,41.36000061035156,229.3699951171875,200.0,563.6099853515625,47.689998626708984,131.85000610351562,64.25,44.755001068115234,46.52000045776367,148.4199981689453,119.31999969482422,189.67999267578125,155.39999389648438,318.489990234375,715.989990234375,174.19000244140625,42.91999816894531,52.68000030517578,63.650001525878906,105.05999755859375,151.38999938964844,39.84000015258789,125.27999877929688,528.0499877929688,22.420000076293945,163.67999267578125,225.0,899.72998046875,154.27999877929688,106.48999786376953,120.0,108.33999633789062,140.92999267578125,28.68000030517578,190.27000427246094,170.27999877929688,41.54999923706055,229.4499969482422,200.25,566.1599731445312,48.849998474121094,133.0,65.8499984741211,45.13999938964844,47.34000015258789,149.9199981689453,120.19999694824219,4017400,29758500,1604400,1380100,19977700,27466900,7127400,9697800,3823100,6839900,9322100,3050800,1633200,67503000,6400400,6369700,2228300,1046300,9625500,7271700,12265000,205122100,26091100,1319000,5496600,15345700,2209600,13434900,2513700,6601300,2147800,14855500,19104600,25526500,5314500,10714600
2024-10-28,180.31307983398438,159.9199981689453,300.3692932128906,697.8701782226562,169.6680145263672,41.19193649291992,49.05579376220703,61.268611907958984,97.62384796142578,139.75804138183594,37.1078987121582,115.97505950927734,507.906005859375,22.920000076293945,154.72955322265625,218.7144317626953,884.48828125,145.65289306640625,98.9231185913086,113.73448181152344,105.86040496826172,140.4643096923828,25.641223907470703,180.27528381347656,166.50369262695312,39.633365631103516,227.6112823486328,190.94561767578125,545.3074340820312,45.58358383178711,125.8838882446289,63.173282623291016,42.52153396606445,46.127098083496094,144.98268127441406,112.24092102050781,189.67999267578125,159.9199981689453,317.1700134277344,708.6500244140625,172.02000427246094,42.619998931884766,52.63999938964844,64.16000366210938,103.26000213623047,150.5399932861328,38.59000015258789,122.06999969482422,523.5800170898438,22.920000076293945,161.60000610351562,225.5,895.5900268554688,151.07000732421875,104.2300033569336,119.12999725341797,106.38999938964844,140.52000427246094,28.860000610351562,189.8300018310547,172.22000122070312,41.38999938964844,229.72000122070312,194.67999267578125,565.239990234375,48.59000015258789,132.25999450683594,65.61000061035156,44.599998474121094,47.209999084472656,148.80999755859375,118.9000015258789,190.13999938964844,160.27999877929688,320.1400146484375,711.5,173.97000122070312,42.75,52.7599983215332,64.3499984741211,103.3499984741211,150.6999969482422,38.880001068115234,122.63999938964844,524.5900268554688,23.270000457763672,161.97000122070312,225.63999938964844,898.2100219726562,151.5399932861328,105.0,119.68000030517578,108.18000030517578,143.13999938964844,28.940000534057617,190.1199951171875,173.14999389648438,41.619998931884766,231.30999755859375,199.74000549316406,568.3300170898438,48.689998626708984,132.50999450683594,65.75,44.630001068115234,47.25,149.49000549316406,119.01000213623047,187.52000427246094,157.0399932861328,315.8999938964844,703.989990234375,171.35000610351562,42.0099983215332,51.810001373291016,62.220001220703125,101.5,148.16000366210938,37.970001220703125,119.36000061035156,514.97998046875,22.559999465942383,161.0,222.9499969482422,890.780029296875,148.2899932861328,103.93000030517578,117.51000213623047,106.31999969482422,140.0500030517578,28.559999465942383,186.27000427246094,169.3699951171875,40.400001525878906,228.3699951171875,194.52000427246094,562.8099975585938,47.939998626708984,130.07000732421875,64.80999755859375,43.88999938964844,46.86000061035156,148.6199951171875,116.7699966430664,188.08999633789062,158.5,318.05999755859375,708.3900146484375,173.0,42.06999969482422,51.95000076293945,62.349998474121094,101.80000305175781,148.25,38.18000030517578,119.75,515.4000244140625,22.670000076293945,161.1300048828125,223.35000610351562,894.8699951171875,150.0,104.5999984741211,118.12000274658203,106.77999877929688,143.0,28.600000381469727,187.5,169.4199981689453,40.619998931884766,229.5,199.25999450683594,566.25,48.119998931884766,130.07000732421875,65.0,43.93000030517578,46.869998931884766,149.00999450683594,116.79000091552734,5383700,36010100,1816000,1182800,13195800,24527600,8528500,14637700,4438900,8892000,8475500,2390300,1687100,41915000,4842500,6843000,2084100,3899000,6968900,5994000,12381000,173586700,37922500,1189100,5024600,10589900,1508500,20135300,1826500,5781000,2507700,16158900,24228000,31415900,4923500,11844500
2024-10-29,180.0944366455078,166.25,299.26129150390625,705.8960571289062,176.789306640625,41.104949951171875,48.925331115722656,61.77472686767578,96.73515319824219,137.8827362060547,36.67517852783203,114.47395324707031,508.58502197265625,22.899999618530273,153.2837371826172,216.19264221191406,892.379150390625,140.0705108642578,98.44857025146484,113.89678955078125,107.64148712158203,141.19400024414062,25.28583526611328,178.39491271972656,170.158203125,38.714111328125,233.2094268798828,193.16226196289062,542.3070678710938,45.236480712890625,121.7150650024414,62.87480163574219,41.87321853637695,45.84375,144.58322143554688,110.71163177490234,189.4499969482422,166.25,316.0,715.1400146484375,179.24000549316406,42.529998779296875,52.5,64.69000244140625,102.31999969482422,148.52000427246094,38.13999938964844,120.48999786376953,524.280029296875,22.899999618530273,160.08999633789062,222.89999389648438,903.5800170898438,145.27999877929688,103.7300033569336,119.30000305175781,108.18000030517578,141.25,28.459999084472656,187.85000610351562,176.0,40.43000030517578,235.3699951171875,196.94000244140625,562.1300048828125,48.220001220703125,127.87999725341797,65.30000305175781,43.91999816894531,46.91999816894531,148.39999389648438,117.27999877929688,191.16000366210938,167.50999450683594,319.2099914550781,715.9400024414062,180.22999572753906,42.810001373291016,52.7400016784668,64.93000030517578,103.76000213623047,150.4199981689453,38.689998626708984,122.08000183105469,527.239990234375,23.139999389648438,162.1699981689453,226.75,907.97998046875,150.6699981689453,105.11000061035156,120.08999633789062,108.75,142.25999450683594,29.170000076293945,190.0,176.57000732421875,41.310001373291016,236.4600067138672,198.7899932861328,567.6799926757812,48.70000076293945,131.24000549316406,66.0,44.53499984741211,47.220001220703125,149.32000732421875,119.16999816894531,188.52000427246094,158.94000244140625,314.82000732421875,703.6900024414062,171.2100067138672,42.470001220703125,52.13999938964844,63.83000183105469,102.16000366210938,147.8699951171875,38.06999969482422,120.30999755859375,521.0,22.40999984741211,160.05999755859375,222.80999755859375,898.2100219726562,144.89999389648438,103.69999694824219,118.81999969482422,105.5999984741211,138.89999389648438,28.030000686645508,187.4199981689453,171.25999450683594,40.220001220703125,228.86000061035156,193.60000610351562,560.6599731445312,48.060001373291016,127.08000183105469,65.23999786376953,43.82500076293945,46.880001068115234,148.3300018310547,117.06999969482422,190.49000549316406,161.10000610351562,317.010009765625,707.739990234375,172.44000244140625,42.59000015258789,52.34000015258789,64.06999969482422,102.95999908447266,150.0399932861328,38.5,122.06999969482422,521.1799926757812,22.8700008392334,161.4600067138672,225.2100067138672,898.2100219726562,150.5800018310547,104.31999969482422,118.88999938964844,106.58999633789062,140.2899932861328,29.010000228881836,189.5,172.1999969482422,41.310001373291016,229.9199981689453,194.38999938964844,562.8200073242188,48.41999816894531,130.91000366210938,65.48999786376953,44.5,47.09000015258789,148.7100067138672,118.58000183105469,6131500,71896000,1466500,1445500,23702300,22313500,8371500,13134100,3809400,6014700,6111100,2207100,1281600,83422200,5216900,6580000,3187500,2827800,9296200,4622200,15164600,157593600,102267000,1005800,6427700,15895600,3135000,13779100,2600300,7499700,3901800,13205500,23791600,27930900,7342600,14731000
2024-10-30,191.5493927001953,148.60000610351562,298.8256530761719,674.9909057617188,174.224853515625,40.8923225402832,49.07443618774414,61.593284606933594,97.359130859375,137.44642639160156,36.877105712890625,114.50244903564453,508.70147705078125,22.299999237060547,153.78163146972656,217.6572265625,836.3326416015625,139.56915283203125,99.49256896972656,112.57929229736328,103.56190490722656,139.28475952148438,25.339143753051758,180.64566040039062,162.0563507080078,38.44599533081055,224.9856414794922,190.74942016601562,543.1077880859375,45.66801834106445,122.52408599853516,62.980712890625,41.968563079833984,46.0489387512207,144.31040954589844,110.15469360351562,201.5,148.60000610351562,315.5400085449219,683.8300170898438,176.63999938964844,42.310001373291016,52.65999984741211,64.5,102.9800033569336,148.0500030517578,38.349998474121094,120.5199966430664,524.4000244140625,22.299999237060547,160.61000061035156,224.41000366210938,846.8300170898438,144.75999450683594,104.83000183105469,117.91999816894531,104.08000183105469,139.33999633789062,28.520000457763672,190.22000122070312,167.6199951171875,40.150001525878906,227.07000732421875,194.47999572753906,562.9600219726562,48.68000030517578,128.72999572753906,65.41000366210938,44.02000045776367,47.130001068115234,148.1199951171875,116.69000244140625,202.35000610351562,153.1199951171875,317.8999938964844,695.6199951171875,179.19000244140625,42.900001525878906,53.150001525878906,65.2300033569336,103.43000030517578,149.64999389648438,38.849998474121094,121.47000122070312,530.7899780273438,22.93000030517578,161.27999877929688,226.30999755859375,860.5,146.44000244140625,105.0,119.31999969482422,106.80000305175781,140.3300018310547,28.600000381469727,191.8699951171875,171.74000549316406,40.849998474121094,230.74000549316406,195.4499969482422,570.3099975585938,49.369998931884766,129.74000549316406,66.4000015258789,44.3650016784668,47.43000030517578,148.1699981689453,118.2699966430664,188.5500030517578,148.10000610351562,310.6300048828125,682.6199951171875,175.6199951171875,41.63999938964844,52.290000915527344,64.13999938964844,102.37000274658203,147.66000366210938,38.15999984741211,120.3499984741211,523.0700073242188,22.260000228881836,159.02999877929688,221.5800018310547,769.0,144.27000427246094,102.9000015258789,117.79000091552734,103.63999938964844,136.80999755859375,28.190000534057617,186.77000427246094,167.52999877929688,40.119998931884766,226.97999572753906,192.61000061035156,560.9500122070312,48.220001220703125,127.37999725341797,65.12999725341797,43.904998779296875,46.939998626708984,145.6199951171875,116.4800033569336,191.6199951171875,153.00999450683594,311.95001220703125,693.5499877929688,177.47000122070312,41.709999084472656,52.5,64.19999694824219,102.86000061035156,149.0800018310547,38.41999816894531,121.47000122070312,523.4000244140625,22.420000076293945,159.4499969482422,222.5399932861328,798.5,145.22999572753906,103.45999908447266,118.61000061035156,106.26000213623047,139.5399932861328,28.309999465942383,187.25999450683594,169.9199981689453,40.54999923706055,229.2899932861328,194.3800048828125,561.25,48.220001220703125,128.5,65.12999725341797,44.07500076293945,46.97999954223633,146.13999938964844,117.66000366210938,10396400,87701700,2223600,3085200,17911500,38100500,9654100,11717600,6413100,5784000,6318600,2467000,1441600,50941200,5820500,7110900,18257200,2541100,13897200,5673000,14321800,179418100,47104000,1634800,8819700,12252100,4324400,10007800,2323600,8434500,2523500,16021700,19364200,28704300,9211800,12303700
2024-10-31,193.80233764648438,144.07000732421875,303.2009582519531,663.8565673828125,167.4487762451172,40.418739318847656,51.972679138183594,61.27816390991211,103.56106567382812,138.16128540039062,37.19443893432617,115.87055206298828,502.2892761230469,21.520000457763672,153.06353759765625,215.24212646484375,819.4545288085938,140.25369262695312,97.1103515625,111.86241149902344,99.1539535522461,132.70738220214844,25.1436767578125,178.7937774658203,157.3673553466797,38.369388580322266,216.2565155029297,186.885009765625,544.5934448242188,45.3209114074707,123.50442504882812,62.5089111328125,42.230743408203125,45.41384506225586,143.09255981445312,110.23963165283203,203.8699951171875,144.07000732421875,320.1600036621094,672.5499877929688,169.77000427246094,41.81999969482422,55.77000045776367,64.16999816894531,109.54000091552734,148.82000732421875,38.68000030517578,121.95999908447266,517.7899780273438,21.520000457763672,159.86000061035156,221.9199981689453,829.739990234375,145.47000122070312,102.31999969482422,116.25,99.6500015258789,132.75999450683594,28.299999237060547,188.27000427246094,162.77000427246094,40.06999969482422,218.25999450683594,190.5399932861328,564.5,48.310001373291016,129.75999450683594,64.91999816894531,44.29499816894531,46.47999954223633,146.8699951171875,116.77999877929688,207.32000732421875,148.67999267578125,323.3999938964844,683.0,174.4499969482422,42.54999923706055,56.20000076293945,65.0199966430664,110.6500015258789,149.57000732421875,39.08000183105469,122.56999969482422,525.0,22.25,160.8699951171875,225.69000244140625,853.5,146.6300048828125,103.2300033569336,117.91000366210938,102.48999786376953,137.61000061035156,28.639999389648438,191.83999633789062,167.77999877929688,40.59000015258789,224.99000549316406,192.86000061035156,568.4500122070312,48.81999969482422,131.05999755859375,65.75,44.630001068115234,47.209999084472656,147.92999267578125,118.66999816894531,201.4199981689453,143.3300018310547,315.6499938964844,667.219970703125,167.3800048828125,41.79999923706055,53.560001373291016,64.08999633789062,106.0,147.88999938964844,38.439998626708984,120.55999755859375,514.530029296875,21.469999313354492,159.4600067138672,221.82000732421875,825.239990234375,144.69000244140625,98.5999984741211,115.69999694824219,99.06999969482422,132.11000061035156,28.290000915527344,188.17999267578125,162.0800018310547,40.0099983215332,216.55999755859375,187.66000366210938,560.8800048828125,48.22999954223633,127.75,64.62999725341797,44.18000030517578,46.47999954223633,146.83999633789062,116.68000030517578,201.97000122070312,147.8000030517578,317.69000244140625,682.97998046875,174.4499969482422,42.290000915527344,53.79999923706055,64.55999755859375,106.97000122070312,148.75999450683594,38.68000030517578,121.52999877929688,522.4400024414062,22.149999618530273,159.99000549316406,224.6999969482422,836.510009765625,145.97000122070312,100.93000030517578,117.12999725341797,102.19999694824219,137.60000610351562,28.450000762939453,189.92999267578125,167.6199951171875,40.400001525878906,224.89999389648438,192.86000061035156,560.8800048828125,48.66999816894531,129.33999633789062,65.0999984741211,44.29999923706055,47.06999969482422,147.24000549316406,117.1500015258789,8829300,44386600,2713500,2398300,26086600,28138200,18744000,10042800,11969400,8400900,7033800,2999200,2061700,112485500,8613900,7829900,6582800,2315800,17413100,5374600,19830300,270039600,37909600,1802300,10261200,14264900,6120800,13062700,2490000,6913200,2993600,12963200,31623200,53417100,6701100,20512000
2024-11-01,193.49815368652344,141.86000061035156,302.3106689453125,666.0083618164062,166.61041259765625,40.360748291015625,50.62141036987305,60.83888626098633,101.953857421875,142.10687255859375,36.848262786865234,114.80646514892578,503.8025817871094,23.200000762939453,153.32205200195312,216.23147583007812,808.7784423828125,137.99761962890625,96.69275665283203,112.43976593017578,99.23355102539062,135.34632873535156,24.957101821899414,177.7301483154297,159.78436279296875,38.07254409790039,218.55520629882812,189.24879455566406,547.5455932617188,44.87998580932617,122.03868103027344,62.277828216552734,41.96379470825195,45.57017517089844,143.940185546875,108.51213073730469,203.5500030517578,141.86000061035156,319.2200012207031,674.72998046875,168.9199981689453,41.7599983215332,54.31999969482422,63.709999084472656,107.83999633789062,153.07000732421875,38.31999969482422,120.83999633789062,519.3499755859375,23.200000762939453,160.1300048828125,222.94000244140625,818.9299926757812,143.1300048828125,101.87999725341797,116.8499984741211,99.7300033569336,135.39999389648438,28.09000015258789,187.14999389648438,165.27000427246094,39.7599983215332,220.5800018310547,192.9499969482422,567.5599975585938,47.84000015258789,128.22000122070312,64.68000030517578,44.01499938964844,46.63999938964844,147.74000549316406,114.94999694824219,204.72999572753906,144.5399932861328,321.70001220703125,682.760009765625,171.3300018310547,42.43000030517578,55.900001525878906,64.80999755859375,110.01000213623047,155.92999267578125,39.119998931884766,122.97000122070312,526.6400146484375,23.579999923706055,161.05999755859375,226.14999389648438,833.0,147.47999572753906,102.72000122070312,118.0199966430664,100.61000061035156,137.30999755859375,28.540000915527344,191.3699951171875,166.0800018310547,40.38999938964844,222.75999450683594,198.1699981689453,570.3300170898438,48.959999084472656,131.7899932861328,65.58000183105469,45.05500030517578,47.0,148.47000122070312,119.94999694824219,202.32000732421875,141.32000732421875,316.9100036621094,673.4600219726562,167.5,41.75,54.20000076293945,63.689998626708984,106.68000030517578,151.6999969482422,38.15999984741211,120.33999633789062,517.0399780273438,21.90999984741211,159.8800048828125,222.6999969482422,816.72998046875,142.83999633789062,101.20999908447266,116.30000305175781,99.37000274658203,134.57000732421875,28.049999237060547,187.0,162.77000427246094,39.689998626708984,219.30999755859375,192.5500030517578,563.9000244140625,47.81999969482422,127.66999816894531,64.62000274658203,43.92499923706055,46.52000045776367,147.42999267578125,114.83999633789062,204.3699951171875,144.44000244140625,318.69000244140625,678.5499877929688,168.25999450683594,42.150001525878906,55.880001068115234,64.33000183105469,109.51000213623047,152.47999572753906,38.84000015258789,122.83999633789062,520.0,23.0,160.5800018310547,223.55999755859375,828.0,146.39999389648438,101.77999877929688,116.66999816894531,100.0,134.6999969482422,28.479999542236328,189.5,163.0800018310547,40.15999984741211,220.02000427246094,194.1999969482422,565.1199951171875,48.709999084472656,130.08999633789062,65.22000122070312,44.89500045776367,46.630001068115234,147.44000244140625,119.93000030517578,4493900,39027400,1826700,1801700,17847000,31220000,12894800,11557700,7428000,11728000,6921500,2256100,1625000,173471100,5256400,6923500,5266300,2149600,10180600,4372100,13623400,207127800,46894600,1971500,6498100,12605900,2130100,12691200,2548300,5480400,2169600,13313900,26304600,40139900,6896900,20939300
2024-11-04,190.57025146484375,140.7100067138672,300.12310791015625,662.4844970703125,166.2454833984375,39.945159912109375,51.67446517944336,60.06816864013672,102.9181900024414,142.94239807128906,37.64639663696289,116.79212951660156,496.15850830078125,22.520000457763672,151.51242065429688,213.16656494140625,796.1470947265625,139.74270629882812,96.68327331542969,111.75656127929688,101.22360229492188,135.99606323242188,24.66390609741211,176.590576171875,159.6973419189453,38.60877990722656,217.29684448242188,187.8854522705078,538.1007690429688,44.270198822021484,123.68526458740234,61.33422088623047,42.697914123535156,45.21842956542969,142.99514770507812,111.9671630859375,200.47000122070312,140.7100067138672,316.9100036621094,671.1599731445312,168.5500030517578,41.33000183105469,55.45000076293945,62.349998474121094,108.86000061035156,153.97000122070312,39.150001525878906,122.93000030517578,511.4700012207031,22.520000457763672,158.24000549316406,219.77999877929688,806.1400146484375,144.94000244140625,101.87000274658203,116.13999938964844,101.7300033569336,136.0500030517578,27.760000228881836,185.9499969482422,165.17999267578125,40.31999969482422,219.30999755859375,191.55999755859375,557.77001953125,47.189998626708984,129.9499969482422,63.70000076293945,44.78499984741211,46.279998779296875,146.77000427246094,118.61000061035156,204.24000549316406,143.63999938964844,320.5799865722656,678.4299926757812,172.4499969482422,42.02000045776367,55.77000045776367,63.630001068115234,110.06999969482422,154.4199981689453,39.41999816894531,123.44999694824219,518.0499877929688,23.0,160.27999877929688,223.75999450683594,820.1900024414062,146.3800048828125,102.52999877929688,117.44999694824219,103.79000091552734,138.9600067138672,28.139999389648438,188.3000030517578,167.5,40.599998474121094,222.4600067138672,194.36000061035156,568.5900268554688,47.869998931884766,132.14999389648438,64.6500015258789,44.85499954223633,46.650001525878906,148.08999633789062,118.69999694824219,200.22000122070312,139.72000122070312,314.6099853515625,670.8200073242188,168.4199981689453,41.11000061035156,54.31999969482422,62.22999954223633,108.72000122070312,152.6199951171875,38.5099983215332,121.51000213623047,510.510009765625,22.0,158.07000732421875,219.1699981689453,803.6799926757812,143.39999389648438,100.94999694824219,115.94000244140625,101.0,135.57000732421875,27.729999542236328,185.5399932861328,163.63999938964844,39.86000061035156,218.5,190.60000610351562,555.4199829101562,47.13999938964844,128.2899932861328,63.04999923706055,44.255001068115234,46.029998779296875,146.47999572753906,115.93000030517578,203.7899932861328,141.6999969482422,320.5799865722656,676.0499877929688,169.27999877929688,41.61000061035156,54.33000183105469,62.9900016784668,109.0,154.4199981689453,38.68000030517578,122.02999877929688,518.0,22.959999084472656,159.6999969482422,222.64999389648438,805.0,143.72000122070312,102.0,117.01000213623047,101.5,137.2100067138672,28.100000381469727,187.25999450683594,165.05999755859375,39.90999984741211,219.92999267578125,193.6999969482422,566.739990234375,47.86000061035156,128.55999755859375,64.55999755859375,44.314998626708984,46.61000061035156,147.3800048828125,116.06999969482422,3531800,29117400,2090100,1232500,13621300,31110100,10808200,9419600,5441700,6130000,7877000,1702100,1797800,84616300,4644000,8229600,3918100,2377900,9182600,4366300,15765800,187528200,41347800,1429400,4949800,11103000,1727700,10917300,2656600,7720400,2424100,12607400,25811800,41705600,5985900,14965400
2024-11-05,191.72048950195312,141.66000366210938,302.37701416015625,667.716064453125,171.5222930908203,40.47673034667969,52.14042282104492,61.3398551940918,103.24908447265625,142.42251586914062,37.829097747802734,116.0130615234375,511.18475341796875,23.31999969482422,151.61773681640625,214.82508850097656,796.0680541992188,144.197021484375,96.47447967529297,113.36353302001953,104.96488189697266,139.8545379638672,24.868255615234375,179.297119140625,160.40313720703125,38.829010009765625,219.83334350585938,192.00486755371094,547.0343627929688,44.66422653198242,125.69356536865234,61.69047927856445,42.98392868041992,45.63856506347656,144.04736328125,112.29755401611328,201.67999267578125,141.66000366210938,319.2900085449219,676.4600219726562,173.89999389648438,41.880001068115234,55.95000076293945,63.66999816894531,109.20999908447266,153.41000366210938,39.34000015258789,122.11000061035156,526.9600219726562,23.31999969482422,158.35000610351562,221.49000549316406,806.0599975585938,149.55999755859375,101.6500015258789,117.80999755859375,105.48999786376953,139.91000366210938,27.989999771118164,188.8000030517578,165.91000366210938,40.54999923706055,221.8699951171875,195.75999450683594,567.030029296875,47.61000061035156,132.05999755859375,64.06999969482422,45.084999084472656,46.709999084472656,147.85000610351562,118.95999908447266,202.4199981689453,143.0800018310547,319.5199890136719,685.52001953125,174.39999389648438,42.0099983215332,56.279998779296875,63.7400016784668,110.0199966430664,154.6699981689453,39.59000015258789,123.54000091552734,527.4600219726562,23.579999923706055,158.58999633789062,221.9600067138672,809.2100219726562,152.39999389648438,101.7300033569336,117.9000015258789,105.62000274658203,140.3699951171875,28.0,188.86000061035156,167.58999633789062,40.75,222.07000732421875,198.33999633789062,568.739990234375,47.869998931884766,132.22999572753906,64.5,45.20000076293945,46.72999954223633,147.88999938964844,119.20999908447266,198.35000610351562,140.8000030517578,313.0199890136719,673.469970703125,170.0500030517578,41.380001068115234,54.720001220703125,62.72999954223633,108.58000183105469,152.5500030517578,38.790000915527344,121.51000213623047,512.5999755859375,22.399999618530273,156.35000610351562,220.0,797.489990234375,146.49000549316406,100.5199966430664,116.08999633789062,101.79000091552734,137.3300018310547,27.579999923706055,185.6999969482422,164.25,40.15999984741211,219.13999938964844,193.49000549316406,554.4000244140625,47.220001220703125,129.1999969482422,63.619998931884766,44.80500030517578,46.22999954223633,145.94000244140625,118.01000213623047,200.49000549316406,141.94000244140625,316.1600036621094,673.510009765625,170.0500030517578,41.5099983215332,55.13999938964844,63.0,109.19000244140625,154.52999877929688,39.130001068115234,123.2300033569336,513.0,22.579999923706055,157.6699981689453,220.02999877929688,803.8300170898438,152.36000061035156,101.36000061035156,116.08999633789062,102.0,137.4499969482422,27.739999771118164,186.2100067138672,165.0,40.400001525878906,219.41000366210938,193.5800018310547,558.280029296875,47.290000915527344,132.0,64.0,45.005001068115234,46.31999969482422,146.47999572753906,119.08000183105469,5109300,27067300,1472300,1282000,13441800,30851400,9278000,12649800,6003100,5978900,12281800,3281900,2169900,59153300,6547100,5600700,3733300,4008600,6741400,4798400,12071900,160537400,44175800,1524100,5373200,10810900,2273700,10339200,2608100,4379800,2534500,13447200,20876600,35221800,5035300,10436700
2024-11-06,191.26419067382812,145.10000610351562,304.74456787109375,652.8803100585938,177.09506225585938,43.88844680786133,51.51604080200195,66.50369262695312,107.42781829833984,146.42381286621094,38.482975006103516,120.84891510009766,578.1385498046875,25.049999237060547,151.16770935058594,239.6256561279297,766.755859375,149.68299865722656,95.60131072998047,126.52721405029297,111.27332305908203,145.55227661132812,24.30851936340332,194.65322875976562,167.24810791015625,41.912357330322266,226.2439727783203,189.51361083984375,575.6483764648438,48.08837890625,132.02294921875,69.77851104736328,44.599937438964844,48.413421630859375,144.2324676513672,114.22329711914062,201.1999969482422,145.10000610351562,321.7900085449219,661.4299926757812,179.5500030517578,45.40999984741211,55.279998779296875,69.02999877929688,113.62999725341797,157.72000122070312,40.02000045776367,127.19999694824219,595.97998046875,25.049999237060547,157.8800048828125,247.05999755859375,776.3800048828125,155.25,100.7300033569336,131.49000549316406,111.83000183105469,145.61000061035156,27.360000610351562,204.97000122070312,172.99000549316406,43.77000045776367,228.33999633789062,193.22000122070312,596.6900024414062,51.2599983215332,138.7100067138672,72.47000122070312,46.779998779296875,49.54999923706055,148.0399932861328,121.0,206.14999389648438,145.6300048828125,325.3900146484375,673.0399780273438,180.2100067138672,45.54999923706055,56.79999923706055,70.08999633789062,114.87000274658203,158.61000061035156,40.540000915527344,128.74000549316406,598.6099853515625,25.1200008392334,160.85000610351562,248.0,820.72998046875,156.97000122070312,103.2300033569336,133.52000427246094,112.31999969482422,146.49000549316406,27.989999771118164,205.05999755859375,178.4499969482422,44.33000183105469,229.1699981689453,194.25999450683594,605.5,51.7599983215332,139.8800048828125,74.2699966430664,47.1349983215332,49.68000030517578,150.91000366210938,121.91000366210938,200.85000610351562,141.52000427246094,318.1700134277344,654.77001953125,175.9600067138672,44.0,55.13999938964844,68.29000091552734,111.38999938964844,156.1199951171875,38.290000915527344,124.70999908447266,566.0999755859375,24.049999237060547,157.35000610351562,234.77000427246094,767.6099853515625,152.2899932861328,100.5999984741211,127.66000366210938,107.0,141.9600067138672,27.079999923706055,198.4499969482422,168.6699981689453,41.75,224.30999755859375,188.5,590.8499755859375,50.0,135.5,69.94999694824219,46.025001525878906,48.70000076293945,147.35000610351562,119.30000305175781,205.7899932861328,144.9499969482422,325.0,668.5499877929688,179.6300048828125,44.79999923706055,56.34000015258789,68.4000015258789,112.0,157.10000610351562,39.70000076293945,125.55999755859375,567.2999877929688,24.299999237060547,159.89999389648438,235.0,817.3300170898438,155.0,103.18000030517578,129.50999450683594,108.37999725341797,142.9600067138672,27.93000030517578,200.08999633789062,169.25,42.52000045776367,226.36000061035156,192.0399932861328,603.9000244140625,50.279998779296875,136.85000610351562,73.30000305175781,46.32500076293945,49.040000915527344,150.6699981689453,121.1500015258789,7194800,32911500,2208600,3208600,24300800,110086700,11776000,41957700,7733600,12118900,17787000,3516600,8042800,116760500,8926600,23987800,8257900,3094200,9551300,22798700,20304500,242043900,65749500,3940700,17661900,25379300,3644000,19834900,6591300,17523400,3263000,63689100,50053200,153473400,10685600,20807700
2024-11-07,190.60824584960938,149.82000732421875,304.8581848144531,668.4562377929688,181.29681396484375,43.269893646240234,50.98484802246094,65.61737060546875,106.26496124267578,145.5418701171875,37.3963737487793,120.14586639404297,564.7420043945312,26.229999542236328,150.0666046142578,229.26702880859375,787.5648193359375,148.4778289794922,96.01890563964844,123.59233093261719,112.84545135498047,148.8209991455078,24.397363662719727,192.9818115234375,167.17079162597656,41.404850006103516,230.96026611328125,197.33071899414062,584.0994873046875,46.493568420410156,129.5482940673828,67.22692108154297,44.39495849609375,47.63177490234375,145.27496337890625,114.36489868164062,200.50999450683594,149.82000732421875,321.9100036621094,677.2100219726562,183.80999755859375,44.77000045776367,54.709999084472656,68.11000061035156,112.4000015258789,156.77000427246094,38.88999938964844,126.45999908447266,582.1699829101562,26.229999542236328,156.72999572753906,236.3800048828125,797.4500122070312,154.0,101.16999816894531,128.44000244140625,113.41000366210938,148.8800048828125,27.459999084472656,203.2100067138672,172.91000366210938,43.2400016784668,233.10000610351562,201.19000244140625,605.4500122070312,49.560001373291016,136.11000061035156,69.81999969482422,46.564998626708984,48.75,149.11000061035156,121.1500015258789,202.32000732421875,150.1199951171875,322.9700012207031,679.8400268554688,184.8699951171875,45.22999954223633,55.52000045776367,68.94999694824219,113.98999786376953,158.00999450683594,39.79999923706055,127.5999984741211,595.0,26.3799991607666,158.75,244.57000732421875,802.5499877929688,155.6999969482422,101.69000244140625,131.5500030517578,113.86000061035156,148.92999267578125,27.59000015258789,203.83999633789062,182.10000610351562,43.90999984741211,233.41000366210938,202.00999450683594,607.6400146484375,51.0099983215332,138.8000030517578,71.66999816894531,46.75,49.439998626708984,149.2899932861328,121.5,199.22000122070312,145.66000366210938,318.5400085449219,669.8099975585938,181.7899932861328,44.5099983215332,54.4900016784668,67.76000213623047,111.86000061035156,156.39999389648438,38.790000915527344,124.87000274658203,581.52001953125,25.190000534057617,156.50999450683594,235.22000122070312,778.1900024414062,152.38999938964844,100.8499984741211,128.0800018310547,111.37000274658203,146.1699981689453,27.34000015258789,200.8800048828125,171.6300048828125,42.7400016784668,231.32000732421875,196.25,596.1500244140625,49.34000015258789,135.50999450683594,69.73999786376953,46.209999084472656,48.65999984741211,148.2100067138672,119.61000061035156,201.9499969482422,146.67999267578125,322.0,674.1099853515625,181.99000549316406,45.040000915527344,55.189998626708984,68.19999694824219,113.91000366210938,157.94000244140625,39.79999923706055,127.19999694824219,590.0,25.43000030517578,158.47000122070312,244.5,784.6500244140625,155.1999969482422,101.44000244140625,130.74000549316406,112.55999755859375,146.38999938964844,27.530000686645508,202.8800048828125,180.27000427246094,43.75,231.8300018310547,196.30999755859375,598.6900024414062,50.84000015258789,138.8000030517578,71.63999938964844,46.75,49.439998626708984,148.92999267578125,121.30000305175781,4520200,30326400,2654700,1758300,18970600,48339700,12042200,18582000,5442000,8143200,12981500,2309300,4475600,101489300,7522800,16451100,4557600,1771900,8676100,7780000,13569800,207323300,48484800,3634200,23586300,15426700,3154600,14865200,5254300,9625900,2105900,18681200,26138000,70611400,9381600,12184400
2024-11-08,189.64813232421875,147.9499969482422,308.0496520996094,660.81640625,181.12911987304688,43.61783218383789,50.45365905761719,66.11833190917969,106.23641204833984,145.69039916992188,37.37713623046875,127.42340087890625,571.6197509765625,26.200000762939453,148.86016845703125,229.84896850585938,821.232177734375,148.23678588867188,97.6798095703125,124.64118957519531,111.34297180175781,147.57147216796875,24.108640670776367,193.7035675048828,165.23715209960938,41.34739685058594,229.2362518310547,197.34051513671875,594.0941162109375,47.10334777832031,130.10035705566406,67.82733917236328,44.69051742553711,48.06167984008789,146.31741333007812,114.32714080810547,199.5,147.9499969482422,325.2799987792969,669.469970703125,183.63999938964844,45.130001068115234,54.13999938964844,68.62999725341797,111.58999633789062,156.92999267578125,38.869998931884766,134.1199951171875,589.260009765625,26.200000762939453,155.47000122070312,236.97999572753906,831.5399780273438,153.75,102.91999816894531,129.52999877929688,111.9000015258789,147.6300048828125,26.719999313354492,203.97000122070312,170.91000366210938,43.18000030517578,231.36000061035156,201.1999969482422,615.8099975585938,50.209999084472656,136.69000244140625,70.04000091552734,46.875,49.189998626708984,150.17999267578125,121.11000061035156,201.88999938964844,150.7100067138672,328.25,671.239990234375,185.0500030517578,45.5,54.790000915527344,69.12999725341797,112.0,157.5800018310547,39.189998626708984,134.97999572753906,595.1500244140625,26.43000030517578,157.0800018310547,239.33999633789062,847.27001953125,154.0,103.2300033569336,130.52000427246094,114.30000305175781,149.77000427246094,27.149999618530273,205.1999969482422,173.49000549316406,43.5099983215332,233.19000244140625,206.61000061035156,619.7999877929688,50.36000061035156,136.8000030517578,70.12999725341797,46.94499969482422,49.470001220703125,150.9499969482422,121.41999816894531,199.47999572753906,147.52999877929688,321.2799987792969,661.8900146484375,181.8300018310547,44.95000076293945,53.970001220703125,68.08999633789062,110.55999755859375,155.6699981689453,38.63999938964844,128.1999969482422,581.2999877929688,25.829999923706055,155.41000366210938,235.77999877929688,801.260009765625,151.27999877929688,101.0,127.76000213623047,110.56999969482422,146.25999450683594,26.709999084472656,201.66000366210938,168.75,42.529998779296875,230.13999938964844,200.02000427246094,605.2000122070312,49.349998474121094,134.27999877929688,69.36000061035156,46.3849983215332,48.849998474121094,149.13999938964844,119.66000366210938,201.16000366210938,149.38999938964844,322.4800109863281,670.0,182.99000549316406,45.13999938964844,54.70000076293945,68.72000122070312,111.0999984741211,156.60000610351562,38.81999969482422,131.63999938964844,586.4199829101562,26.0,157.0,239.33999633789062,803.5,153.30999755859375,101.4800033569336,128.97999572753906,112.13999938964844,148.77000427246094,27.110000610351562,203.8000030517578,172.08999633789062,42.9900016784668,231.8300018310547,203.88999938964844,609.0,49.77000045776367,136.0,70.01000213623047,46.56999969482422,49.099998474121094,149.30999755859375,120.9800033569336,4596900,27560300,1978100,1726800,13503200,38331800,9218600,14973300,5314000,6041500,8623300,5335100,2714000,76428000,8926100,9502100,7212900,1718400,9208000,6979300,13045700,175665800,55951300,1888900,10736600,13598100,1769200,13112100,3875800,8615300,1702700,14270900,22336800,60376500,8701100,12836000
2024-11-11,165.81614685058594,147.35000610351562,304.76348876953125,662.6326293945312,176.46383666992188,44.53600311279297,55.746917724609375,67.24551391601562,106.67434692382812,145.2911834716797,37.463680267333984,126.45433807373047,584.3081665039062,25.049999237060547,148.44842529296875,232.08944702148438,822.1210327148438,150.46392822265625,95.60131072998047,128.48060607910156,108.1091537475586,145.20240783691406,23.67555046081543,199.15464782714844,162.7041015625,42.4102897644043,223.4993896484375,190.3276824951172,603.201171875,47.881996154785156,131.3662567138672,70.2677230834961,44.94316101074219,48.74562454223633,145.46006774902344,113.72299194335938,174.42999267578125,147.35000610351562,321.80999755859375,671.3099975585938,178.91000366210938,46.08000183105469,59.81999969482422,69.80000305175781,112.05000305175781,156.5,38.959999084472656,133.10000610351562,602.3400268554688,25.049999237060547,155.0399932861328,239.2899932861328,832.4400024414062,156.05999755859375,100.7300033569336,133.52000427246094,108.6500015258789,145.25999450683594,26.239999771118164,209.7100067138672,168.2899932861328,44.290000915527344,225.57000732421875,194.0500030517578,625.25,51.040000915527344,138.02000427246094,72.55999755859375,47.13999938964844,49.88999938964844,149.3000030517578,120.47000122070312,178.57000732421875,148.57000732421875,327.5799865722656,671.989990234375,183.6300048828125,46.52000045776367,61.08000183105469,70.19999694824219,112.75,157.94000244140625,39.099998474121094,135.08999633789062,607.1500244140625,26.290000915527344,157.5800018310547,242.10000610351562,844.0,156.13999938964844,103.4000015258789,133.99000549316406,111.51000213623047,148.85000610351562,26.829999923706055,210.42999267578125,170.7899932861328,44.439998626708984,229.17999267578125,198.1999969482422,630.72998046875,51.459999084472656,138.1199951171875,73.25,47.29999923706055,50.13999938964844,150.60000610351562,121.62000274658203,172.6999969482422,144.91000366210938,321.6099853515625,661.9400024414062,176.82000732421875,45.58000183105469,59.529998779296875,69.19999694824219,110.94999694824219,155.89999389648438,38.36000061035156,132.38999938964844,596.1699829101562,24.829999923706055,154.91000366210938,239.0,824.6300048828125,152.64999389648438,100.45999908447266,130.5500030517578,106.7699966430664,143.57000732421875,26.219999313354492,206.27999877929688,166.08999633789062,43.20000076293945,222.77999877929688,191.49000549316406,613.9199829101562,50.790000915527344,135.10000610351562,71.0199966430664,46.665000915527344,49.66999816894531,149.0800018310547,120.06999969482422,178.57000732421875,147.3800048828125,325.9100036621094,671.77001953125,183.39999389648438,45.599998474121094,60.720001220703125,69.5,111.5199966430664,157.13999938964844,38.709999084472656,133.47999572753906,598.9000244140625,25.959999084472656,155.6199951171875,240.0,831.2999877929688,153.47000122070312,102.52999877929688,130.5500030517578,110.94999694824219,148.67999267578125,26.719999313354492,206.27999877929688,170.0,43.290000915527344,229.17999267578125,197.9600067138672,616.9000244140625,50.880001068115234,136.61000061035156,71.0199966430664,46.8849983215332,49.68000030517578,149.85000610351562,121.0,20760300,29868100,2457000,1520100,17036700,43293500,27898400,19173100,3820200,7771700,8426700,2987600,2510800,80185300,7146800,9017100,3342800,1992400,10075300,6861300,14479700,182325600,54329300,2578700,7829500,12193700,4250400,16610000,3003200,8192500,1774200,17117800,20909400,63654700,6071900,11969700
2024-11-12,162.64112854003906,143.6300048828125,283.01025390625,660.5301513671875,173.8105926513672,44.32337951660156,55.00138854980469,66.49405670166016,105.33198547363281,144.1678466796875,36.86750030517578,126.48285675048828,574.85009765625,24.15999984741211,146.15048217773438,232.35134887695312,808.7092895507812,149.6444091796875,93.56077575683594,127.3162612915039,103.58180236816406,148.231201171875,23.63043785095215,200.41770935058594,157.98611450195312,42.44858932495117,221.0619659423828,188.0914306640625,592.9943237304688,47.619319915771484,130.41445922851562,70.30646514892578,44.704811096191406,48.59906768798828,143.43356323242188,113.60970306396484,171.08999633789062,143.6300048828125,298.8399963378906,669.1799926757812,176.22000122070312,45.86000061035156,59.02000045776367,69.0199966430664,110.63999938964844,155.2899932861328,38.34000015258789,133.1300048828125,592.5900268554688,24.15999984741211,152.63999938964844,239.55999755859375,818.8599853515625,155.2100067138672,98.58000183105469,132.30999755859375,104.0999984741211,148.2899932861328,26.190000534057617,211.0399932861328,163.41000366210938,44.33000183105469,223.11000061035156,191.77000427246094,614.6699829101562,50.7599983215332,137.02000427246094,72.5999984741211,46.88999938964844,49.7400016784668,147.22000122070312,120.3499984741211,176.6300048828125,147.4499969482422,321.2200012207031,676.5399780273438,179.55999755859375,46.45000076293945,60.619998931884766,69.98999786376953,112.83000183105469,157.47000122070312,39.36000061035156,133.82000732421875,602.0900268554688,24.959999084472656,155.0399932861328,241.4600067138672,833.989990234375,156.42999267578125,100.7699966430664,133.82000732421875,105.08999633789062,149.64999389648438,26.440000534057617,211.39999389648438,167.3300018310547,44.970001220703125,225.14999389648438,194.0,624.47998046875,51.2599983215332,138.14999389648438,73.37000274658203,47.42499923706055,49.939998626708984,149.30999755859375,121.30999755859375,171.02999877929688,141.5500030517578,293.79998779296875,662.8300170898438,173.1999969482422,45.84000015258789,58.810001373291016,68.87000274658203,110.47000122070312,155.1199951171875,38.29999923706055,132.7100067138672,591.469970703125,23.889999389648438,152.3699951171875,238.75999450683594,810.719970703125,154.3800048828125,98.5,131.7100067138672,102.06999969482422,146.00999450683594,25.950000762939453,208.80999755859375,161.86000061035156,44.20000076293945,220.14999389648438,189.72000122070312,613.780029296875,50.380001068115234,136.22000122070312,72.11000061035156,46.84000015258789,49.59000015258789,147.19000244140625,119.83999633789062,176.00999450683594,147.0,319.5899963378906,672.6400146484375,178.89999389648438,46.13999938964844,59.81999969482422,69.52999877929688,112.45999908447266,157.3000030517578,39.09000015258789,133.10000610351562,598.0499877929688,24.65999984741211,154.52999877929688,240.5500030517578,830.2000122070312,155.75999450683594,100.76000213623047,133.19000244140625,105.0,146.77999877929688,26.229999542236328,209.1199951171875,167.0500030517578,44.400001525878906,224.77999877929688,193.8300018310547,619.5800170898438,50.939998626708984,138.0,72.77999877929688,47.275001525878906,49.869998931884766,149.05999755859375,121.12999725341797,10557000,33560300,6680300,1711000,15862000,38155900,15141300,15766500,5175700,5681900,8057400,2757700,2392900,62539700,7181400,6861000,3378600,1785600,12282900,5683300,21859700,198634700,53035200,2207100,8483300,13725800,3259700,11819000,2809400,7564600,1680500,17848200,18500400,58512400,7022300,11972800
2024-11-13,161.93765258789062,139.3000030517578,285.4725036621094,664.7054443359375,171.20668029785156,44.33303451538086,54.43292236328125,66.36882019042969,106.45537567138672,147.35220336914062,37.60792922973633,127.64192962646484,576.4312744140625,24.920000076293945,146.7249755859375,233.9031982421875,801.7467651367188,153.40457153320312,93.48484802246094,127.74928283691406,99.422607421875,146.21200561523438,24.108640670776367,198.76527404785156,155.09535217285156,41.7400016784668,216.36546325683594,183.07945251464844,584.504638671875,48.00394821166992,132.8319854736328,70.47108459472656,45.05280303955078,48.628379821777344,143.05360412597656,114.66697692871094,170.35000610351562,139.3000030517578,301.44000244140625,673.4099731445312,173.5800018310547,45.869998931884766,58.40999984741211,68.88999938964844,111.81999969482422,158.72000122070312,39.11000061035156,134.35000610351562,594.219970703125,24.920000076293945,153.24000549316406,241.16000366210938,811.8099975585938,159.11000061035156,98.5,132.75999450683594,99.91999816894531,146.27000427246094,26.719999313354492,209.3000030517578,160.4199981689453,43.59000015258789,218.3699951171875,186.66000366210938,605.8699951171875,51.16999816894531,139.55999755859375,72.7699966430664,47.255001068115234,49.77000045776367,146.8300018310547,121.47000122070312,172.63999938964844,144.49000549316406,307.42999267578125,673.6799926757812,175.58999633789062,46.47999954223633,59.4900016784668,69.79000091552734,112.45999908447266,159.02000427246094,39.349998474121094,134.75999450683594,603.5499877929688,25.139999389648438,153.50999450683594,244.08999633789062,829.1099853515625,159.1999969482422,99.44999694824219,134.64999389648438,103.33999633789062,149.3300018310547,26.75,214.19000244140625,162.94000244140625,44.5,222.1300048828125,192.47999572753906,613.010009765625,51.68000030517578,139.99000549316406,73.95999908447266,47.45000076293945,50.130001068115234,147.60000610351562,122.05000305175781,169.64999389648438,139.07000732421875,298.9100036621094,656.780029296875,172.60000610351562,45.83000183105469,57.84000015258789,68.80999755859375,109.5,154.52999877929688,37.939998626708984,132.05999755859375,592.6500244140625,24.020000457763672,151.4199981689453,240.30999755859375,811.2899780273438,154.10000610351562,97.9000015258789,132.47000122070312,99.81999969482422,145.89999389648438,25.979999542236328,208.69000244140625,159.75,43.220001220703125,217.97000122070312,186.5,603.0599975585938,50.7599983215332,135.86000061035156,72.66000366210938,46.46500015258789,49.689998626708984,146.67999267578125,118.80000305175781,171.6699981689453,142.86000061035156,306.0,664.6199951171875,174.7100067138672,46.20000076293945,59.209999084472656,69.06999969482422,110.41999816894531,156.07000732421875,38.43000030517578,134.0399932861328,594.6300048828125,24.059999465942383,152.5,240.5800018310547,820.3200073242188,154.39999389648438,98.51000213623047,133.4600067138672,102.80000305175781,149.07000732421875,26.229999542236328,212.11000061035156,162.7899932861328,44.470001220703125,221.5,192.44000244140625,613.0,50.90999984741211,137.82000732421875,72.75,47.029998779296875,49.84000015258789,147.16000366210938,120.56999969482422,8483500,35146600,3725600,2453700,17472500,36903900,11215000,10525300,5961600,8824000,8317600,3578900,1763100,58202000,7161900,11472600,3059300,2448100,8869700,6134800,18416200,191903300,47983100,1653200,7921700,9900400,3057500,13882200,3409400,7130600,2304000,18823000,23676200,31880700,5981200,15127900
2024-11-14,161.2532196044922,138.83999633789062,280.2543640136719,684.0027465820312,168.05044555664062,44.362030029296875,54.51679611206055,65.6559066772461,107.50259399414062,150.21160888671875,37.8675537109375,128.4399871826172,570.9891967773438,25.030000686645508,145.41319274902344,234.59181213378906,776.4837646484375,152.46934509277344,93.35198211669922,127.43172454833984,98.68629455566406,146.70181274414062,23.477052688598633,197.4927520751953,158.5275115966797,41.60593795776367,216.23667907714844,184.8841552734375,572.233154296875,47.19716262817383,133.2698211669922,70.5001449584961,45.22441482543945,48.50135803222656,140.8030242919922,114.74311065673828,169.6300048828125,138.83999633789062,295.92999267578125,692.9600219726562,170.3800048828125,45.900001525878906,58.5,68.1500015258789,112.91999816894531,161.8000030517578,39.380001068115234,135.19000244140625,588.6099853515625,25.030000686645508,151.8699951171875,241.8699951171875,786.22998046875,158.13999938964844,98.36000061035156,132.42999267578125,99.18000030517578,146.75999450683594,26.020000457763672,207.9600067138672,163.97000122070312,43.45000076293945,218.24000549316406,188.5,593.1500244140625,50.310001373291016,140.02000427246094,72.80000305175781,47.435001373291016,49.63999938964844,144.52000427246094,120.55999755859375,171.6199951171875,141.39999389648438,298.4800109863281,712.0,175.57000732421875,46.15999984741211,59.72999954223633,69.30000305175781,113.0199966430664,161.8300018310547,39.630001068115234,135.39999389648438,601.530029296875,25.610000610351562,153.58999633789062,244.2899932861328,809.1900024414062,159.86000061035156,99.4000015258789,134.91000366210938,102.29000091552734,149.0,26.850000381469727,210.39999389648438,164.91000366210938,44.0,221.3699951171875,192.66000366210938,606.0,51.290000915527344,140.9199981689453,73.47000122070312,47.59000015258789,49.9900016784668,146.58999633789062,121.87999725341797,168.58999633789062,138.55999755859375,292.3299865722656,691.530029296875,169.8699951171875,45.72999954223633,58.2599983215332,67.47000122070312,111.3499984741211,159.67999267578125,38.900001525878906,133.25999450683594,586.239990234375,24.93000030517578,150.75999450683594,241.0500030517578,783.510009765625,156.52999877929688,97.94999694824219,131.97999572753906,98.55999755859375,145.5500030517578,25.84000015258789,207.1699981689453,161.8699951171875,43.02000045776367,217.83999633789062,187.5399932861328,588.989990234375,50.2400016784668,137.10000610351562,72.51000213623047,47.1349983215332,49.54999923706055,144.36000061035156,120.33000183105469,170.0,140.33999633789062,297.9100036621094,705.6799926757812,174.77000427246094,45.95000076293945,58.90999984741211,69.30000305175781,112.58999633789062,159.83999633789062,39.470001220703125,135.0,600.0,25.1200008392334,153.17999267578125,242.4199981689453,809.1900024414062,159.16000366210938,99.18000030517578,133.10000610351562,101.29000091552734,147.63999938964844,26.739999771118164,209.3000030517578,162.9499969482422,43.81999969482422,220.5,188.39999389648438,603.47998046875,51.290000915527344,140.0,72.8499984741211,47.56999969482422,49.880001068115234,146.5800018310547,121.66000366210938,8442500,31681400,3515600,3925300,20638900,35733100,11494200,15043500,4389900,10111200,5235700,2545800,1670500,49252100,7716400,10172200,3998800,1863200,8704500,7344200,18459700,194463300,45262200,1482900,7012600,10061400,2523600,11453900,3079200,10345100,2544800,13654800,18011000,38252800,7936700,13041800
2024-11-15,156.84234619140625,134.89999389648438,268.58697509765625,650.1165161132812,162.58619689941406,45.18355178833008,52.39203643798828,66.24358367919922,106.9313735961914,149.85882568359375,36.99251174926758,127.8414306640625,575.7716674804688,24.350000381469727,147.45265197753906,237.9282989501953,738.1705932617188,151.87159729003906,91.40635681152344,129.0001983642578,95.86042785644531,141.9237060546875,22.376283645629883,197.22682189941406,155.17269897460938,41.34739685058594,209.27120971679688,182.44190979003906,571.3455810546875,46.81253433227539,133.403076171875,71.99149322509766,45.157676696777344,48.7260856628418,138.19192504882812,113.55342864990234,164.99000549316406,134.89999389648438,283.6099853515625,658.6300048828125,164.83999633789062,46.75,56.220001220703125,68.76000213623047,112.31999969482422,161.4199981689453,38.470001220703125,134.55999755859375,593.5399780273438,24.350000381469727,154.0,245.30999755859375,746.2000122070312,157.52000427246094,96.30999755859375,134.05999755859375,96.33999633789062,141.97999572753906,24.799999237060547,207.67999267578125,160.5,43.18000030517578,211.2100067138672,186.00999450683594,592.22998046875,49.900001525878906,140.16000366210938,74.33999633789062,47.3650016784668,49.869998931884766,141.83999633789062,119.30999755859375,169.6300048828125,137.35000610351562,291.5,679.8800048828125,169.13999938964844,46.84000015258789,58.36000061035156,68.95999908447266,114.06999969482422,162.3800048828125,39.7400016784668,136.85000610351562,595.1400146484375,24.81999969482422,154.42999267578125,246.4199981689453,777.97998046875,160.00999450683594,97.91999816894531,134.39999389648438,98.19999694824219,145.24000549316406,25.700000762939453,210.0399932861328,164.3300018310547,43.970001220703125,215.6699981689453,188.8000030517578,598.9299926757812,50.650001525878906,142.47999572753906,74.41000366210938,47.845001220703125,50.0099983215332,143.85000610351562,121.23999786376953,164.72000122070312,133.64999389648438,279.6199951171875,657.52001953125,163.42999267578125,45.619998931884766,55.81999969482422,67.88999938964844,111.87999725341797,160.75999450683594,38.34000015258789,134.0500030517578,587.0900268554688,24.229999542236328,150.89999389648438,241.4600067138672,744.2000122070312,156.00999450683594,94.4800033569336,132.5399932861328,95.63999938964844,140.0800018310547,24.479999542236328,206.39999389648438,159.60000610351562,42.86000061035156,210.58999633789062,184.80999755859375,589.9500122070312,49.7400016784668,138.80999755859375,72.88999938964844,47.19499969482422,49.61000061035156,141.57000732421875,119.12999725341797,169.6300048828125,136.57000732421875,291.5,678.3599853515625,168.47000122070312,45.619998931884766,58.15999984741211,68.0,112.68000030517578,161.52000427246094,39.209999084472656,135.00999450683594,593.3599853515625,24.809999465942383,150.89999389648438,241.4600067138672,775.1900024414062,156.00999450683594,97.91999816894531,133.3699951171875,97.55000305175781,144.8699951171875,25.700000762939453,208.1199951171875,163.0,43.36000061035156,214.57000732421875,188.17999267578125,591.9199829101562,50.27000045776367,139.4499969482422,73.0,47.38999938964844,49.63999938964844,143.72000122070312,120.4000015258789,11265400,44217500,5324700,3063200,20836200,40488900,21259200,15372900,4124000,9022800,6725300,2279700,2007700,55104900,11328500,11518800,7334600,2258800,16464500,7281900,18518300,250132900,131074400,2511500,9737000,9632100,4748200,9834800,3423900,13570800,2258600,18837000,28080400,40741500,14246100,19051700
2024-11-18,158.06863403320312,138.92999267578125,266.1050109863281,656.6311645507812,163.40481567382812,45.15455627441406,52.93254470825195,66.47479248046875,108.30230712890625,150.7685546875,37.280982971191406,129.72256469726562,570.3877563476562,24.84000015258789,148.18994140625,237.65673828125,719.3750610351562,154.18553161621094,91.64362335205078,128.73077392578125,97.02461242675781,140.09442138671875,22.430419921875,196.41961669921875,159.03993225097656,41.64424133300781,211.9761505126953,183.8837127685547,568.856689453125,47.478599548339844,137.06747436523438,71.7493896484375,45.75831604003906,48.87263870239258,138.28936767578125,114.50518035888672,166.27999877929688,138.92999267578125,278.760009765625,665.22998046875,165.6699981689453,46.720001220703125,56.79999923706055,69.0,113.76000213623047,160.75999450683594,38.77000045776367,136.5399932861328,587.989990234375,24.84000015258789,154.77000427246094,245.02999877929688,727.2000122070312,159.9199981689453,96.55999755859375,133.77999877929688,97.51000213623047,140.14999389648438,24.860000610351562,206.8300018310547,164.5,43.4900016784668,213.94000244140625,187.47999572753906,589.6500244140625,50.61000061035156,144.00999450683594,74.08999633789062,47.994998931884766,50.02000045776367,141.94000244140625,120.30999755859375,166.74000549316406,140.89999389648438,281.3599853515625,668.8599853515625,166.35000610351562,47.02000045776367,56.84000015258789,69.27999877929688,114.45999908447266,161.52000427246094,39.16999816894531,137.2100067138672,595.0700073242188,25.020000457763672,155.3300018310547,247.92999267578125,734.0,160.19000244140625,97.29000091552734,135.50999450683594,98.06999969482422,141.5500030517578,25.25,208.41000366210938,165.13999938964844,43.939998626708984,214.3300018310547,188.0,594.1400146484375,50.790000915527344,144.19000244140625,74.69999694824219,48.09000015258789,50.11000061035156,142.08999633789062,120.62000274658203,164.8000030517578,137.2100067138672,276.55999755859375,648.0,162.22000122070312,46.4900016784668,55.84000015258789,68.37000274658203,112.75,159.07000732421875,38.5,135.11000061035156,584.719970703125,24.15999984741211,152.3300018310547,242.67999267578125,711.4000244140625,157.25999450683594,95.41999816894531,133.4199981689453,95.52999877929688,137.14999389648438,24.700000762939453,206.41000366210938,162.0,43.18000030517578,210.24000549316406,183.49000549316406,585.3200073242188,49.84000015258789,140.22000122070312,73.72000122070312,47.529998779296875,49.70000076293945,141.30999755859375,119.2699966430664,165.6199951171875,138.19000244140625,279.3800048828125,651.0700073242188,165.66000366210938,46.75,56.18000030517578,68.68000030517578,113.38999938964844,160.55999755859375,38.79999923706055,136.32000732421875,594.7100219726562,24.329999923706055,152.58999633789062,247.75999450683594,733.1900024414062,158.4600067138672,96.55999755859375,134.69000244140625,96.55000305175781,139.5,24.969999313354492,207.6300048828125,162.60000610351562,43.84000015258789,211.14999389648438,184.35000610351562,589.4400024414062,49.959999084472656,140.22999572753906,74.5,47.7400016784668,49.90999984741211,141.47000122070312,119.79000091552734,8336900,38705400,3174600,2010600,17856900,32360300,10679100,11519000,5089000,6075400,6574200,3060700,1848900,59589500,7510600,9051400,9148100,2099400,14139900,6434100,14236400,221205300,64221700,1652500,7814200,6955500,2422300,10681500,2577100,7472000,2465300,18439600,23892600,27141600,7933100,14239700
2024-11-19,158.3443145751953,139.38999938964844,267.2409973144531,653.600830078125,163.08921813964844,44.85493850708008,54.265174865722656,66.08942413330078,107.66443634033203,149.68063354492188,36.454010009765625,128.43048095703125,563.9757690429688,24.200000762939453,146.4951934814453,235.77513122558594,721.8778076171875,153.10568237304688,91.62464141845703,127.2489013671875,97.24351501464844,146.95172119140625,22.64696502685547,194.54876708984375,159.2429656982422,41.270790100097656,212.3824005126953,186.03172302246094,556.6527099609375,47.28159713745117,135.16387939453125,71.11024475097656,45.467533111572266,48.550209045410156,137.57814025878906,112.90623474121094,166.57000732421875,139.38999938964844,279.95001220703125,662.1599731445312,165.35000610351562,46.40999984741211,58.22999954223633,68.5999984741211,113.08999633789062,159.60000610351562,37.90999984741211,135.17999267578125,581.3800048828125,24.200000762939453,153.0,243.08999633789062,729.72998046875,158.8000030517578,96.54000091552734,132.24000549316406,97.7300033569336,147.00999450683594,25.100000381469727,204.86000061035156,164.7100067138672,43.099998474121094,214.35000610351562,189.6699981689453,577.0,50.400001525878906,142.00999450683594,73.43000030517578,47.689998626708984,49.689998626708984,141.2100067138672,118.62999725341797,167.10000610351562,139.75,281.6000061035156,671.4099731445312,166.8000030517578,46.619998931884766,58.650001525878906,68.88999938964844,114.13999938964844,160.42999267578125,38.560001373291016,136.75999450683594,584.760009765625,24.540000915527344,153.99000549316406,245.14999389648438,730.0,161.10000610351562,97.55000305175781,134.08999633789062,98.18000030517578,147.1300048828125,25.110000610351562,206.89999389648438,166.22999572753906,43.4900016784668,214.80999755859375,190.02000427246094,586.8400268554688,50.619998931884766,144.69000244140625,74.16000366210938,47.974998474121094,49.880001068115234,141.61000061035156,119.75,163.80999755859375,137.13999938964844,275.55999755859375,653.469970703125,164.30999755859375,45.95000076293945,56.099998474121094,67.69999694824219,112.25,158.75,37.88999938964844,134.83999633789062,575.510009765625,24.100000381469727,152.0500030517578,241.5500030517578,712.4199829101562,157.9600067138672,95.26000213623047,131.92999267578125,96.51000213623047,140.99000549316406,24.610000610351562,204.36000061035156,162.64999389648438,42.65999984741211,212.47000122070312,188.02000427246094,576.77001953125,49.59000015258789,141.2100067138672,73.12999725341797,47.46500015258789,49.41999816894531,140.25999450683594,118.19999694824219,165.27000427246094,137.41000366210938,277.6700134277344,662.8200073242188,166.66000366210938,45.9900016784668,56.5,68.0,112.62000274658203,159.97999572753906,38.20000076293945,135.3300018310547,579.6599731445312,24.5,153.9499969482422,242.25,716.3099975585938,158.22000122070312,96.7300033569336,133.25999450683594,97.0,141.32000732421875,24.700000762939453,204.5,164.02999877929688,42.720001220703125,213.3300018310547,189.1300048828125,582.719970703125,49.88999938964844,142.1199951171875,73.62000274658203,47.61000061035156,49.619998931884766,140.64999389648438,119.75,5246000,23131400,3210300,1640700,18003400,28534100,13129900,14428200,5100000,4657400,8134100,2903400,2217400,61190900,8233700,6792700,5832500,1637000,13093100,7244800,14160300,227834900,52381200,1841900,6176800,8178400,2363400,9390100,3198300,5066200,2522200,15412900,23796400,27014700,6205800,11584400
2024-11-20,159.47555541992188,137.60000610351562,274.80145263671875,649.9191284179688,161.01792907714844,44.51667404174805,53.93901443481445,65.78113555908203,107.98812866210938,151.30311584472656,36.82902908325195,129.4280548095703,564.5092163085938,24.010000228881836,146.60049438476562,233.5346221923828,745.3029174804688,154.550537109375,92.47882843017578,126.71967315673828,97.88032531738281,145.83216857910156,22.502601623535156,193.68458557128906,149.14947509765625,41.68253707885742,210.7574462890625,184.74684143066406,579.323974609375,47.600563049316406,135.4132080078125,71.25550079345703,45.9251594543457,48.40365219116211,139.2052001953125,114.51469421386719,167.75999450683594,137.60000610351562,287.8699951171875,658.4299926757812,163.25,46.060001373291016,57.880001068115234,68.27999877929688,113.43000030517578,161.3300018310547,38.29999923706055,136.22999572753906,581.9299926757812,24.010000228881836,153.11000061035156,240.77999877929688,753.4099731445312,159.3800048828125,97.44000244140625,131.69000244140625,98.37000274658203,145.88999938964844,24.940000534057617,203.9499969482422,154.27000427246094,43.529998779296875,212.7100067138672,188.36000061035156,600.5,50.7400016784668,141.1999969482422,73.58000183105469,48.16999816894531,49.540000915527344,142.8800048828125,120.31999969482422,167.91000366210938,140.77000427246094,288.4800109863281,658.47998046875,165.5399932861328,46.63999938964844,58.83000183105469,69.48999786376953,113.98999786376953,161.44000244140625,38.790000915527344,136.4600067138672,587.7999877929688,24.209999084472656,153.25,244.61000061035156,757.3699951171875,159.4499969482422,98.83999633789062,133.64999389648438,98.52999877929688,147.55999755859375,25.100000381469727,205.6199951171875,164.1999969482422,43.650001525878906,213.67999267578125,188.85000610351562,602.6400146484375,50.959999084472656,142.07000732421875,73.77999877929688,48.20500183105469,49.91999816894531,143.0800018310547,120.47000122070312,165.64999389648438,135.47999572753906,278.55999755859375,645.4500122070312,160.86000061035156,45.91999816894531,57.66999816894531,68.0,112.63999938964844,159.77999877929688,37.93000030517578,134.66000366210938,576.6199951171875,23.549999237060547,151.80999755859375,238.63999938964844,735.4600219726562,156.61000061035156,96.66000366210938,131.0500030517578,96.52999877929688,142.72999572753906,24.649999618530273,203.47000122070312,152.9499969482422,42.91999816894531,209.64999389648438,184.05999755859375,581.5499877929688,50.290000915527344,139.75999450683594,72.43000030517578,47.71500015258789,49.29999923706055,141.27999877929688,118.63999938964844,166.91000366210938,138.9600067138672,281.1000061035156,656.530029296875,165.5399932861328,46.56999969482422,58.61000061035156,69.13999938964844,112.9000015258789,159.91000366210938,37.95000076293945,134.67999267578125,583.8300170898438,24.06999969482422,153.02999877929688,244.39999389648438,735.7899780273438,158.3300018310547,96.9800033569336,133.16000366210938,97.9800033569336,147.41000366210938,25.06999969482422,205.2100067138672,164.0,43.25,213.07000732421875,188.85000610351562,582.7100219726562,50.599998474121094,141.17999267578125,73.66999816894531,47.8650016784668,49.88999938964844,141.50999450683594,119.16999816894531,7135600,28843100,4759200,1677800,17196700,28021000,11239700,10495600,4092700,6391300,5777500,2063000,1528600,50191500,9061300,9015300,5158900,1606800,12136800,5125600,10490600,309871700,46170800,1606200,14483000,8329600,3995000,10624500,3928600,8071200,2728200,14415400,17917600,33932500,9328800,11360900
2024-11-21,163.24949645996094,137.49000549316406,276.73931884765625,663.4716186523438,161.69850158691406,44.90326690673828,54.265174865722656,66.42662048339844,106.53153228759766,151.58447265625,37.21367263793945,128.7344970703125,578.2647094726562,24.440000534057617,148.88890075683594,237.3948516845703,741.8504638671875,154.4632568359375,94.77560424804688,129.89512634277344,102.24847412109375,146.6118621826172,22.674030303955078,195.39395141601562,150.2999725341797,42.1900520324707,214.0965118408203,187.5716094970703,576.4201049804688,48.21033477783203,135.32688903808594,72.46602630615234,46.29698944091797,49.019203186035156,140.32562255859375,116.0470199584961,171.72999572753906,137.49000549316406,289.8999938964844,672.1599731445312,163.94000244140625,46.459999084472656,58.22999954223633,68.94999694824219,111.9000015258789,161.6300048828125,38.70000076293945,135.5,596.1099853515625,24.440000534057617,155.5,244.75999450683594,749.9199829101562,159.2899932861328,99.86000061035156,134.99000549316406,102.76000213623047,146.6699981689453,25.1299991607666,205.75,155.4600067138672,44.060001373291016,216.0800018310547,191.24000549316406,597.489990234375,51.38999938964844,141.11000061035156,74.83000183105469,48.560001373291016,50.16999816894531,144.02999877929688,121.93000030517578,172.4600067138672,140.27999877929688,291.1099853515625,673.0599975585938,166.33999633789062,47.04999923706055,58.47999954223633,69.47000122070312,115.37999725341797,162.64999389648438,38.9900016784668,137.72000122070312,600.7000122070312,24.770000457763672,156.05999755859375,245.49000549316406,753.0,161.61000061035156,100.4800033569336,135.57000732421875,103.29000091552734,152.88999938964844,25.219999313354492,207.91000366210938,156.94000244140625,44.54999923706055,217.25999450683594,192.3000030517578,604.0,52.08000183105469,143.0,76.04000091552734,48.92499923706055,50.400001525878906,144.22999572753906,122.55000305175781,166.9199981689453,134.92999267578125,284.1400146484375,649.02001953125,160.60000610351562,46.29999923706055,57.470001220703125,68.41000366210938,111.5,161.2899932861328,38.400001525878906,135.19000244140625,584.510009765625,23.829999923706055,152.80999755859375,242.11000061035156,735.0,158.4600067138672,96.94999694824219,133.13999938964844,98.05999755859375,140.6999969482422,24.780000686645508,203.9499969482422,153.58999633789062,43.63999938964844,210.89999389648438,186.74000549316406,596.72998046875,50.79999923706055,140.72000122070312,73.94000244140625,48.27000045776367,49.65999984741211,142.13999938964844,120.2699966430664,168.58999633789062,138.8699951171875,288.17999267578125,653.9199829101562,166.25,46.38999938964844,58.15999984741211,68.80000305175781,114.2699966430664,162.02000427246094,38.54999923706055,136.9199981689453,586.510009765625,24.079999923706055,153.6199951171875,243.22999572753906,746.1199951171875,160.2899932861328,97.72000122070312,133.1999969482422,100.0999984741211,149.35000610351562,24.8700008392334,203.9499969482422,155.16000366210938,43.849998474121094,215.0500030517578,189.41000366210938,600.0,50.849998474121094,142.0800018310547,73.94000244140625,48.38999938964844,49.790000915527344,142.8800048828125,121.08000183105469,6847700,29311400,3553200,2859000,24835300,45336500,7441000,11390300,12535500,7945200,7169000,2875400,2281900,58928400,10141100,8783500,4143200,1505500,15670300,5547400,18915200,400946600,45048400,3183100,10685800,11529000,4245400,18137300,2722900,8218000,1600000,20068200,33541000,50881800,7969600,14675400
2024-11-22,168.21173095703125,138.35000610351562,281.15911865234375,664.1823120117188,161.98452758789062,45.42517852783203,54.86159896850586,67.28404235839844,106.38873291015625,152.2690887451172,37.93486785888672,129.54208374023438,584.735107421875,24.5,148.57293701171875,241.07081604003906,739.9611206054688,153.6778106689453,94.13023376464844,129.60643005371094,102.12907409667969,141.89373779296875,23.143211364746094,199.4965362548828,151.58583068847656,42.35283660888672,214.18568420410156,186.433837890625,570.0335693359375,49.242279052734375,135.1351318359375,73.5603256225586,46.36848831176758,49.56635284423828,140.4522705078125,115.91377258300781,176.9499969482422,138.35000610351562,294.5299987792969,672.8800048828125,164.22999572753906,47.0,58.869998931884766,69.83999633789062,111.75,162.36000061035156,39.45000076293945,136.35000610351562,602.780029296875,24.5,155.1699981689453,248.5500030517578,748.010009765625,158.47999572753906,99.18000030517578,134.69000244140625,102.63999938964844,141.9499969482422,25.649999618530273,210.07000732421875,156.7899932861328,44.22999954223633,216.1699981689453,190.0800018310547,590.8699951171875,52.4900016784668,140.91000366210938,75.95999908447266,48.6349983215332,50.72999954223633,144.16000366210938,121.79000091552734,178.86000061035156,139.1300048828125,295.4800109863281,674.7999877929688,164.91000366210938,47.220001220703125,58.91999816894531,70.19999694824219,112.7300033569336,162.61000061035156,39.650001525878906,136.83999633789062,603.9400024414062,24.68000030517578,157.1199951171875,249.14999389648438,761.280029296875,160.66000366210938,101.79000091552734,135.6699981689453,103.70999908447266,147.16000366210938,25.75,210.7100067138672,156.8800048828125,44.70000076293945,216.6999969482422,193.0,601.260009765625,52.689998626708984,142.4600067138672,76.08000183105469,48.959999084472656,50.779998779296875,145.02000427246094,123.20999908447266,173.5,137.0399932861328,288.7799987792969,666.219970703125,162.39999389648438,46.279998779296875,57.619998931884766,68.44999694824219,111.12999725341797,161.14999389648438,38.61000061035156,134.83999633789062,594.4400024414062,24.139999389648438,154.11000061035156,243.02999877929688,745.0800170898438,158.07000732421875,98.93000030517578,133.9600067138672,101.6500015258789,141.10000610351562,25.100000381469727,205.72000122070312,153.72999572753906,44.040000915527344,214.55999755859375,189.42999267578125,588.6699829101562,51.369998931884766,139.4499969482422,74.55000305175781,48.45000076293945,50.130001068115234,143.94000244140625,121.63999938964844,174.33999633789062,137.35000610351562,290.8399963378906,667.7999877929688,164.3000030517578,46.369998931884766,58.349998474121094,68.91000366210938,112.16999816894531,161.50999450683594,38.650001525878906,135.0,596.219970703125,24.350000381469727,155.89999389648438,243.61000061035156,757.0499877929688,159.33999633789062,100.33000183105469,134.67999267578125,102.36000061035156,145.92999267578125,25.18000030517578,205.97999572753906,154.7899932861328,44.15999984741211,215.6199951171875,192.9499969482422,598.5599975585938,51.369998931884766,140.63999938964844,74.56999969482422,48.494998931884766,50.13999938964844,144.3300018310547,121.81999969482422,11328600,21784700,3053200,1275600,17332500,37996200,7412500,16671600,7516200,7005900,7465200,2545800,1733700,36784700,8266000,7997300,4015500,1421200,14031200,6334100,12063700,236406200,41897000,1675400,5709300,9015500,2672600,8838900,3197900,8301500,2375200,14997400,21555600,42050800,6330300,13323400
2024-11-25,168.3162841796875,141.1300048828125,280.65313720703125,675.6224975585938,162.5664825439453,45.90842056274414,54.77772521972656,68.16075134277344,101.00979614257812,150.3933868408203,36.8001823425293,125.39025115966797,584.9775390625,24.8700008392334,149.156982421875,242.75843811035156,746.8759155273438,151.75779724121094,96.0094223022461,128.6153106689453,103.95991516113281,135.96609497070312,23.612390518188477,201.77572631835938,153.54844665527344,41.89320373535156,216.2763214111328,181.52975463867188,584.466064453125,50.311744689941406,134.0897674560547,74.47061920166016,45.45323181152344,49.88878631591797,141.650634765625,114.18157958984375,177.05999755859375,141.1300048828125,294.0,684.469970703125,164.82000732421875,47.5,58.779998779296875,70.75,106.0999984741211,160.36000061035156,38.27000045776367,131.97999572753906,603.030029296875,24.8700008392334,155.77999877929688,250.2899932861328,755.0,156.5,101.16000366210938,133.66000366210938,104.4800033569336,136.02000427246094,26.170000076293945,212.47000122070312,158.82000732421875,43.75,218.27999877929688,185.0800018310547,605.8300170898438,53.630001068115234,139.82000732421875,76.9000015258789,47.67499923706055,51.060001373291016,145.38999938964844,119.97000122070312,180.19000244140625,142.35000610351562,297.32000732421875,686.7100219726562,167.22999572753906,47.7400016784668,60.68000030517578,71.19000244140625,111.95999908447266,163.1699981689453,39.58000183105469,137.1999969482422,611.2999877929688,25.56999969482422,157.0399932861328,254.30999755859375,755.0,160.0,101.73999786376953,136.24000549316406,106.4000015258789,142.0500030517578,26.450000762939453,214.63999938964844,159.64999389648438,44.970001220703125,220.3000030517578,188.25,609.8400268554688,53.93000030517578,142.52999877929688,77.30999755859375,48.869998931884766,51.25,145.85000610351562,121.87999725341797,176.75,139.0500030517578,293.5,678.0,162.88999938964844,47.15999984741211,58.630001068115234,70.02999877929688,105.54000091552734,159.8300018310547,38.209999084472656,131.6999969482422,598.8300170898438,24.760000228881836,155.13999938964844,249.05999755859375,740.010009765625,156.19000244140625,99.51000213623047,133.5800018310547,103.80999755859375,135.82000732421875,25.739999771118164,211.75,157.22000122070312,43.619998931884766,216.8800048828125,183.7100067138672,595.010009765625,53.15999984741211,139.6199951171875,75.97000122070312,47.560001373291016,50.86000061035156,144.7899932861328,119.61000061035156,177.02000427246094,140.49000549316406,293.54998779296875,685.0,165.39999389648438,47.2599983215332,59.97999954223633,70.44000244140625,111.9000015258789,162.14999389648438,39.459999084472656,136.38999938964844,608.7899780273438,25.040000915527344,155.1699981689453,249.58999633789062,750.0,158.6199951171875,100.08999633789062,135.44000244140625,103.8499984741211,141.99000549316406,25.75,211.97000122070312,158.94000244140625,44.630001068115234,218.97000122070312,188.08999633789062,597.5800170898438,53.2599983215332,141.14999389648438,76.19999694824219,48.625,51.0099983215332,144.80999755859375,121.43000030517578,12465000,30923100,4695700,1511300,26850600,42718600,14119700,19558100,23447400,10702400,11970200,5440300,2940800,91128400,12256200,10295400,5690500,3721200,34659100,8012300,22837900,344941900,57707600,2315000,9189800,14173200,2787700,14380000,5146200,10234400,4237200,28636600,32950600,47492500,6834300,26580300
2024-11-26,172.19480895996094,137.72000122070312,267.2982482910156,663.2839965820312,162.487548828125,46.15003967285156,54.74045181274414,67.19734954833984,101.65717315673828,152.42852783203125,36.261695861816406,125.92229461669922,587.3736572265625,24.049999237060547,149.1376953125,242.44808959960938,780.8265991210938,152.37841796875,96.44599151611328,126.32512664794922,101.29325103759766,136.86570739746094,23.251483917236328,203.4186553955078,151.72119140625,41.63466262817383,213.47227478027344,180.31353759765625,585.3921508789062,50.33988571166992,134.07058715820312,74.90641021728516,45.391258239746094,49.98649215698242,142.41058349609375,112.27808380126953,181.13999938964844,137.72000122070312,280.010009765625,671.969970703125,164.74000549316406,47.75,58.7400016784668,69.75,106.77999877929688,162.52999877929688,37.709999084472656,132.5399932861328,605.5,24.049999237060547,154.52000427246094,249.97000122070312,789.3200073242188,157.13999938964844,101.62000274658203,131.27999877929688,101.80000305175781,136.9199981689453,25.770000457763672,214.1999969482422,156.92999267578125,43.47999954223633,215.4499969482422,183.83999633789062,606.7899780273438,53.65999984741211,139.8000030517578,77.3499984741211,47.61000061035156,51.15999984741211,146.1699981689453,117.97000122070312,181.64999389648438,142.8000030517578,280.3399963378906,681.8499755859375,166.3699951171875,47.84000015258789,59.08000183105469,70.4800033569336,107.3499984741211,162.94000244140625,38.279998779296875,133.0800018310547,607.1900024414062,24.989999771118164,155.25,251.0,807.0,157.9499969482422,101.80000305175781,131.7899932861328,104.72000122070312,139.3000030517578,26.239999771118164,214.80999755859375,161.47000122070312,43.88999938964844,220.58999633789062,185.89999389648438,608.469970703125,53.79999923706055,141.0500030517578,78.12999725341797,47.84000015258789,51.2599983215332,146.3300018310547,119.68000030517578,176.6699981689453,136.6199951171875,257.79998779296875,666.8300170898438,162.69000244140625,47.209999084472656,58.060001373291016,69.33000183105469,104.9000015258789,161.39999389648438,37.279998779296875,131.10000610351562,593.0,23.809999465942383,153.16000366210938,248.33999633789062,773.9500122070312,155.8300018310547,99.69999694824219,128.52999877929688,100.30999755859375,135.6699981689453,25.610000610351562,210.4499969482422,156.08999633789062,43.18000030517578,213.77000427246094,182.3300018310547,598.8800048828125,53.279998779296875,138.66000366210938,76.36000061035156,47.38999938964844,50.7599983215332,144.69000244140625,117.8499984741211,177.08999633789062,142.5500030517578,264.2200012207031,679.5900268554688,164.60000610351562,47.5099983215332,58.84000015258789,70.36000061035156,106.62000274658203,162.30999755859375,38.119998931884766,132.2899932861328,600.1300048828125,24.950000762939453,155.16000366210938,250.49000549316406,785.2000122070312,156.85000610351562,101.4800033569336,130.75,104.0,137.6999969482422,26.15999984741211,211.83999633789062,159.75,43.869998931884766,220.0,185.39999389648438,608.239990234375,53.7599983215332,140.39999389648438,77.5,47.7400016784668,51.08000183105469,145.8300018310547,119.52999877929688,6947500,32092400,17010300,1424100,16308800,30301500,7432800,11605200,12073700,7369500,10083200,3129600,2846500,69613600,5683500,6212100,6622600,2072300,9324100,8817300,19275700,190287700,33001000,1897500,9489900,11192300,2783900,10186600,2693600,5767500,1728600,19139100,24932800,28418400,6018400,14827300
2024-11-27,174.0390167236328,136.24000549316406,267.3555603027344,661.8133544921875,157.4868621826172,46.16937255859375,55.234371185302734,67.59234619140625,102.23789978027344,152.0346221923828,36.38670349121094,126.44483947753906,587.3057250976562,23.649999618530273,149.98704528808594,242.2734832763672,779.7086791992188,150.65234375,97.86962890625,126.25778198242188,97.71117401123047,135.2863311767578,23.305620193481445,204.17837524414062,151.20877075195312,41.80702590942383,210.6088104248047,177.71437072753906,586.9261474609375,50.1710205078125,132.8813934326172,74.77082824707031,45.34358596801758,50.08420181274414,143.17050170898438,111.9830322265625,183.0800018310547,136.24000549316406,280.07000732421875,670.47998046875,159.6699981689453,47.77000045776367,59.27000045776367,70.16000366210938,107.38999938964844,162.11000061035156,37.84000015258789,133.08999633789062,605.4299926757812,23.649999618530273,155.39999389648438,249.7899932861328,788.1900024414062,155.36000061035156,103.12000274658203,131.2100067138672,98.19999694824219,135.33999633789062,25.829999923706055,215.0,156.39999389648438,43.65999984741211,212.55999755859375,181.19000244140625,608.3800048828125,53.47999954223633,138.55999755859375,77.20999908447266,47.560001373291016,51.2599983215332,146.9499969482422,117.66000366210938,184.24000549316406,137.94000244140625,282.69000244140625,672.6900024414062,163.1999969482422,47.97999954223633,59.5099983215332,70.4000015258789,108.98999786376953,164.67999267578125,38.369998931884766,134.61000061035156,612.25,23.93000030517578,156.6300048828125,251.19000244140625,794.8300170898438,158.99000549316406,103.44999694824219,132.42999267578125,101.04000091552734,137.22000122070312,25.950000762939453,216.17999267578125,157.64999389648438,44.29999923706055,214.41000366210938,182.4499969482422,617.4500122070312,53.97999954223633,142.13999938964844,77.79000091552734,47.96500015258789,51.619998931884766,147.75999450683594,118.7300033569336,180.88999938964844,132.9600067138672,278.0,659.6099853515625,157.5399932861328,47.650001525878906,58.779998779296875,69.66000366210938,107.11000061035156,161.61000061035156,37.779998779296875,132.74000549316406,603.280029296875,23.059999465942383,154.60000610351562,248.77000427246094,780.2999877929688,155.0399932861328,101.63999938964844,130.57000732421875,96.63999938964844,131.8000030517578,25.700000762939453,214.0399932861328,154.4600067138672,43.4900016784668,208.88999938964844,178.0500030517578,606.7000122070312,53.220001220703125,138.0800018310547,76.43000030517578,47.5,51.209999084472656,146.30999755859375,117.43000030517578,181.13999938964844,137.1999969482422,279.0,669.760009765625,163.1999969482422,47.81999969482422,58.81999969482422,69.7699966430664,107.36000061035156,162.75999450683594,37.779998779296875,132.75,607.6799926757812,23.829999923706055,154.6300048828125,249.35000610351562,788.1199951171875,157.16000366210938,101.6500015258789,131.49000549316406,100.94000244140625,135.00999450683594,25.760000228881836,214.1999969482422,156.92999267578125,43.599998474121094,214.25,182.0,611.030029296875,53.75,139.9600067138672,77.37000274658203,47.564998626708984,51.22999954223633,146.30999755859375,118.08999633789062,5271500,30175300,6622800,1231800,19722700,23278400,7064900,9736100,6237600,7674500,6298300,2004100,1424500,53992300,4140400,5472300,2714700,1286000,9802200,5507800,17046400,226370900,28242100,1565700,6337900,8297200,3122300,9895200,2269800,4506200,1907000,19793900,15595600,31803700,5952800,11079100
2024-11-29,173.89642333984375,137.17999267578125,270.0284729003906,677.7348022460938,159.86395263671875,45.918087005615234,55.187774658203125,68.27635955810547,103.14231872558594,151.86581420898438,36.49247741699219,126.60635375976562,590.3517456054688,24.049999237060547,149.61061096191406,242.2056121826172,786.7916259765625,151.41842651367188,96.46498107910156,126.64266967773438,97.46240997314453,138.19520568847656,23.648479461669922,203.91246032714844,153.26808166503906,42.075138092041016,213.4227294921875,181.1177978515625,588.6820068359375,49.99278259277344,133.38009643554688,73.76368713378906,45.539031982421875,50.1623649597168,143.6186981201172,112.26856994628906,182.92999267578125,137.17999267578125,282.8699951171875,686.6099853515625,162.0800018310547,47.5099983215332,59.220001220703125,70.87000274658203,108.33999633789062,161.92999267578125,37.95000076293945,133.25999450683594,608.5700073242188,24.049999237060547,155.00999450683594,249.72000122070312,795.3499755859375,156.14999389648438,101.63999938964844,131.61000061035156,97.94999694824219,138.25,26.209999084472656,214.72000122070312,158.52999877929688,43.939998626708984,215.39999389648438,184.66000366210938,610.2000122070312,53.290000915527344,139.0800018310547,76.16999816894531,47.76499938964844,51.34000015258789,147.41000366210938,117.95999908447266,183.5399932861328,138.58999633789062,283.6400146484375,699.6500244140625,162.69000244140625,48.08000183105469,59.540000915527344,71.08999633789062,108.5199966430664,162.75,38.20000076293945,134.6699981689453,612.72998046875,24.280000686645508,155.6699981689453,251.77000427246094,800.3300170898438,156.5500030517578,103.04000091552734,132.72999572753906,98.19999694824219,139.35000610351562,26.229999542236328,216.25999450683594,161.52000427246094,44.08000183105469,218.02000427246094,186.9499969482422,615.780029296875,53.75,139.4499969482422,78.04000091552734,47.845001220703125,51.56999969482422,147.7899932861328,118.5,182.5,135.77999877929688,277.6400146484375,678.5399780273438,159.0800018310547,47.5,58.959999084472656,70.22000122070312,107.36000061035156,160.66000366210938,37.86000061035156,132.52999877929688,607.0599975585938,23.600000381469727,154.1699981689453,249.4499969482422,789.3300170898438,154.22999572753906,101.52999877929688,131.4199981689453,96.0999984741211,136.0500030517578,25.770000457763672,213.6300048828125,157.75,43.650001525878906,214.0800018310547,181.17999267578125,606.6199951171875,53.06999969482422,136.66000366210938,76.13999938964844,47.58000183105469,51.25,146.7100067138672,116.94999694824219,183.13999938964844,136.24000549316406,279.4599914550781,678.8699951171875,159.57000732421875,47.79999923706055,59.33000183105469,70.2699966430664,107.75,162.25,38.0,133.5,609.3099975585938,23.719999313354492,154.88999938964844,249.86000061035156,791.3300170898438,155.72000122070312,102.87999725341797,132.27999877929688,97.23999786376953,136.77999877929688,25.829999923706055,216.00999450683594,158.11000061035156,43.79999923706055,214.1199951171875,181.50999450683594,608.7999877929688,53.599998474121094,138.86000061035156,77.69000244140625,47.665000915527344,51.439998626708984,146.94000244140625,117.44000244140625,2710700,16085700,2232800,1706500,11024000,23262000,4581600,8606500,3918700,5077000,3241000,1837700,1170200,36616800,5687800,5494800,2206900,965500,6081200,4068200,13729400,141863200,22023000,1112900,6112000,4143300,2505300,8045300,2010800,3287900,1554100,9785000,13636400,15178400,3521200,9426500
2024-12-02,172.793701171875,142.05999755859375,265.4750061035156,702.2734985351562,164.2333526611328,45.46384048461914,55.85874557495117,68.77732849121094,101.04786682128906,152.12841796875,36.165531158447266,124.68722534179688,586.5887451171875,23.93000030517578,149.40794372558594,238.8400421142578,791.19384765625,152.64024353027344,95.48741149902344,126.08456420898438,98.05943298339844,138.57504272460938,23.29659652709961,200.7216033935547,157.6187286376953,41.77830123901367,219.03077697753906,190.67095947265625,587.0611572265625,49.50495910644531,134.3966522216797,72.90180969238281,45.05757141113281,49.6640625,143.3653564453125,112.16386413574219,181.77000427246094,142.05999755859375,278.1000061035156,711.469970703125,166.50999450683594,47.040000915527344,59.939998626708984,71.38999938964844,106.13999938964844,162.2100067138672,37.61000061035156,131.24000549316406,601.7100219726562,23.93000030517578,154.8000030517578,246.25,799.7999877929688,157.41000366210938,100.61000061035156,131.02999877929688,98.55000305175781,138.6300048828125,25.81999969482422,211.36000061035156,163.02999877929688,43.630001068115234,221.05999755859375,194.39999389648438,608.52001953125,52.77000045776367,140.13999938964844,75.27999877929688,47.2599983215332,50.83000183105469,147.14999389648438,117.8499984741211,182.6999969482422,142.82000732421875,282.3900146484375,713.6799926757812,168.3800048828125,47.81999969482422,60.06999969482422,71.6500015258789,108.73999786376953,162.9499969482422,38.150001525878906,133.72000122070312,611.9099731445312,25.479999542236328,155.0,250.25,805.3499755859375,157.5800018310547,101.8499984741211,133.0,100.08999633789062,140.4499969482422,26.219999313354492,216.1300048828125,163.3699951171875,43.93000030517578,222.47000122070312,195.2899932861328,614.0,53.5,140.47999572753906,76.94999694824219,47.83000183105469,51.4900016784668,147.3800048828125,118.19999694824219,178.86000061035156,137.8000030517578,276.8900146484375,680.7000122070312,162.75,46.849998474121094,58.91999816894531,70.87999725341797,105.54000091552734,160.11000061035156,37.150001525878906,130.24000549316406,601.2999877929688,23.440000534057617,153.92999267578125,245.02999877929688,795.219970703125,153.5500030517578,100.45999908447266,130.8300018310547,97.52999877929688,137.82000732421875,25.729999542236328,211.1999969482422,158.3800048828125,43.040000915527344,216.52000427246094,188.94000244140625,600.77001953125,52.529998779296875,135.9499969482422,74.80000305175781,46.834999084472656,50.70000076293945,146.38999938964844,116.81999969482422,182.27999877929688,137.9199981689453,282.0799865722656,681.75,162.9499969482422,47.7400016784668,59.400001525878906,71.26000213623047,108.33999633789062,162.2899932861328,37.959999084472656,133.5,608.0,24.84000015258789,154.75,249.5500030517578,798.1099853515625,156.14999389648438,101.7300033569336,132.3000030517578,97.5999984741211,138.8300018310547,26.06999969482422,215.69000244140625,158.3800048828125,43.83000183105469,216.6999969482422,189.33999633789062,614.0,53.5,138.60000610351562,76.94999694824219,47.75,51.41999816894531,147.32000732421875,118.05000305175781,3936600,33102400,4677800,2325900,21472400,35891500,9032100,11932600,5939700,6229600,7837900,2835100,1804100,150497900,6946500,8899700,2895600,2267100,13703100,5512100,16525600,171682800,43866400,1774200,9812700,8511400,3707000,16646900,3364900,5110200,2772400,18274500,22190000,55483600,6220800,12687300
2024-12-03,172.5370330810547,141.97999572753906,265.6849670410156,708.7783203125,165.85092163085938,45.25120544433594,54.69385528564453,68.80622863769531,100.96220397949219,151.85643005371094,36.136688232421875,125.21924591064453,586.949462890625,22.469999313354492,147.0529327392578,237.4530487060547,804.5781860351562,150.77841186523438,96.6642837524414,125.51683807373047,99.34300231933594,140.20440673828125,23.062007904052734,198.4898681640625,157.18365478515625,41.797454833984375,217.79225158691406,195.07484436035156,583.8871459960938,48.876407623291016,131.83607482910156,71.79781341552734,45.05280303955078,49.29277801513672,143.0438690185547,111.99256134033203,181.5,141.97999572753906,278.32000732421875,718.0599975585938,168.14999389648438,46.81999969482422,58.689998626708984,71.41999816894531,106.05000305175781,161.9199981689453,37.58000183105469,131.8000030517578,602.0800170898438,22.469999313354492,152.36000061035156,244.82000732421875,813.3300170898438,155.49000549316406,101.8499984741211,130.44000244140625,99.83999633789062,140.25999450683594,25.559999465942383,209.00999450683594,162.5800018310547,43.650001525878906,219.80999755859375,198.88999938964844,605.22998046875,52.099998474121094,137.47000122070312,74.13999938964844,47.255001068115234,50.45000076293945,146.82000732421875,117.66999816894531,183.50999450683594,143.4499969482422,281.3800048828125,721.3300170898438,168.27000427246094,47.47999954223633,60.09000015258789,72.80000305175781,107.66999816894531,163.1999969482422,37.9900016784668,132.69000244140625,611.4199829101562,23.75,154.8000030517578,249.0399932861328,817.1300048828125,159.10000610351562,102.44999694824219,133.19000244140625,103.68000030517578,140.5399932861328,25.899999618530273,212.6300048828125,163.86000061035156,44.22999954223633,221.05999755859375,199.0,615.75,52.88999938964844,142.10000610351562,75.8499984741211,47.650001525878906,51.130001068115234,147.42999267578125,118.72000122070312,181.47999572753906,141.0800018310547,276.5,700.6199951171875,164.02999877929688,46.650001525878906,58.630001068115234,71.2699966430664,105.70999908447266,161.38999938964844,37.2599983215332,130.22000122070312,600.7999877929688,22.440000534057617,152.30999755859375,244.6300048828125,801.6099853515625,155.2899932861328,100.62000274658203,130.00999450683594,99.62999725341797,137.9499969482422,25.520000457763672,208.2899932861328,161.32000732421875,43.099998474121094,219.02000427246094,192.60000610351562,604.8200073242188,51.83000183105469,137.27000427246094,74.0199966430664,47.04999923706055,50.45000076293945,146.74000549316406,117.26000213623047,182.27999877929688,142.5800018310547,277.0,702.6500244140625,164.47999572753906,47.369998931884766,59.880001068115234,72.19000244140625,107.02999877929688,162.97999572753906,37.91999816894531,132.3800048828125,608.9600219726562,23.68000030517578,154.8000030517578,248.22999572753906,802.9299926757812,158.0,100.75,133.19000244140625,101.12000274658203,138.25999450683594,25.829999923706055,212.3000030517578,161.5,44.20000076293945,219.64999389648438,193.5,610.8499755859375,52.7599983215332,140.6699981689453,75.80999755859375,47.564998626708984,51.130001068115234,147.13999938964844,118.72000122070312,4107600,22665300,5468800,1647200,17024400,38123800,8763400,17544200,5862600,5900100,7316800,2362100,1718100,138160500,8674400,6657700,2782100,2035800,11395600,4791300,23479700,164414000,49064300,1447100,6961400,7429600,1914900,11217700,2329900,6520400,2070300,15047900,17886600,46924300,4236200,11756600
2024-12-04,167.7459259033203,143.99000549316406,265.62774658203125,710.6141967773438,168.2279815673828,44.8162841796875,54.39564514160156,68.88330841064453,98.54405212402344,148.48019409179688,34.8962287902832,123.06258392333984,583.6641235351562,21.959999084472656,145.22877502441406,236.07577514648438,820.9107055664062,145.84263610839844,96.20873260498047,125.08383178710938,102.686279296875,145.08245849609375,22.76426124572754,197.45474243164062,157.9184112548828,41.185546875,220.67556762695312,196.84033203125,589.2510986328125,48.79197692871094,128.57542419433594,70.75194549560547,43.9659309387207,49.10713577270508,142.96591186523438,108.76611328125,176.4600067138672,143.99000549316406,278.260009765625,719.9199829101562,170.55999755859375,46.369998931884766,58.369998931884766,71.5,103.51000213623047,158.32000732421875,36.290000915527344,129.52999877929688,598.7100219726562,21.959999084472656,150.47000122070312,243.39999389648438,829.8400268554688,150.39999389648438,101.37000274658203,129.99000549316406,103.19999694824219,145.13999938964844,25.229999542236328,207.9199981689453,163.33999633789062,42.7400016784668,222.72000122070312,200.69000244140625,610.7899780273438,52.0099983215332,134.07000732421875,73.05999755859375,46.1150016784668,50.2599983215332,146.74000549316406,114.27999877929688,180.4499969482422,144.1199951171875,279.4100036621094,724.9400024414062,175.38999938964844,46.779998779296875,58.790000915527344,71.72000122070312,106.11000061035156,161.83999633789062,37.61000061035156,131.88999938964844,604.280029296875,22.540000915527344,151.55999755859375,245.35000610351562,846.4600219726562,154.89999389648438,102.08999633789062,131.1999969482422,103.41000366210938,145.7899932861328,25.5,209.97000122070312,165.0,43.45000076293945,224.32000732421875,202.60000610351562,622.8300170898438,52.41999816894531,137.4499969482422,74.25,47.23500061035156,50.439998626708984,147.5800018310547,117.55000305175781,175.91000366210938,141.17999267578125,273.8599853515625,716.9299926757812,168.55999755859375,46.130001068115234,57.59000015258789,70.5,102.83000183105469,157.86000061035156,36.040000915527344,128.3800048828125,596.760009765625,21.809999465942383,149.75,242.22999572753906,820.5,149.0800018310547,101.05000305175781,129.63999938964844,99.80000305175781,140.2899932861328,25.18000030517578,206.63999938964844,162.24000549316406,42.31999969482422,221.13999938964844,198.27000427246094,606.969970703125,51.59000015258789,133.2100067138672,72.70999908447266,45.84000015258789,50.09000015258789,146.36000061035156,113.86000061035156,180.10000610351562,142.9600067138672,275.80999755859375,723.7899780273438,173.44000244140625,46.689998626708984,58.56999969482422,71.5,105.94000244140625,161.8300018310547,37.599998474121094,131.63999938964844,603.0,22.530000686645508,151.2899932861328,244.6999969482422,828.0999755859375,154.6199951171875,102.02999877929688,130.19000244140625,100.7699966430664,142.0,25.450000762939453,209.1300048828125,164.47999572753906,43.349998474121094,224.14999389648438,199.85000610351562,611.02001953125,52.22999954223633,137.4499969482422,74.05000305175781,47.23500061035156,50.400001525878906,147.0800018310547,117.5,6125500,25942700,4173900,1529800,32748200,24941300,9533700,12331900,7291000,7862700,13021700,3222500,1617300,104649000,10333100,7346300,3871100,2240800,11315000,6203700,16306200,231224300,42541500,1458300,6721600,10231100,2681200,12761100,4147600,4669900,2509300,14301100,32518000,41017400,5597400,19520600
2024-12-05,167.47023010253906,141.36000061035156,261.8760986328125,702.3031616210938,168.13922119140625,45.42517852783203,54.83364486694336,69.58658599853516,99.429443359375,149.42739868164062,34.57890701293945,123.52811431884766,581.8021240234375,20.799999237060547,144.3118438720703,238.09320068359375,816.7359619140625,145.55174255371094,98.27774047851562,125.40135955810547,100.36788177490234,145.0124969482422,23.188323974609375,198.3189239501953,155.87750244140625,40.491729736328125,216.50421142578125,200.38108825683594,558.55322265625,48.895172119140625,127.59724426269531,71.3329849243164,44.13753890991211,49.25369644165039,141.3680877685547,109.24198913574219,176.1699981689453,141.36000061035156,274.3299865722656,711.5,170.47000122070312,47.0,58.84000015258789,72.2300033569336,104.44000244140625,159.3300018310547,35.959999084472656,130.02000427246094,596.7999877929688,20.799999237060547,149.52000427246094,245.47999572753906,825.6199951171875,150.10000610351562,103.55000305175781,130.32000732421875,100.87000274658203,145.05999755859375,25.700000762939453,208.8300018310547,160.38999938964844,42.02000045776367,218.50999450683594,204.3000030517578,578.969970703125,52.119998931884766,133.0500030517578,73.66000366210938,46.29499816894531,50.40999984741211,145.10000610351562,114.77999877929688,176.72000122070312,143.9499969482422,279.0400085449219,729.219970703125,172.39999389648438,47.2400016784668,59.22999954223633,72.8499984741211,105.87000274658203,160.6699981689453,36.650001525878906,131.85000610351562,606.5599975585938,22.190000534057617,150.3800048828125,247.17999267578125,831.1300048828125,151.5,104.13999938964844,131.86000061035156,104.25,146.5399932861328,25.790000915527344,210.8300018310547,164.4499969482422,43.150001525878906,222.66000366210938,205.6300048828125,608.989990234375,52.58000183105469,134.9600067138672,74.61000061035156,46.599998474121094,50.66999816894531,146.25,115.62000274658203,173.52999877929688,140.3800048828125,273.1499938964844,708.0,169.1999969482422,46.5,58.22999954223633,71.63999938964844,104.01000213623047,158.69000244140625,35.91999816894531,129.63999938964844,596.3499755859375,20.65999984741211,148.9499969482422,244.6199951171875,817.4600219726562,148.1300048828125,101.3499984741211,129.4199981689453,100.61000061035156,143.9499969482422,25.139999389648438,207.72999572753906,159.92999267578125,41.959999084472656,217.88999938964844,200.75,573.8900146484375,51.95000076293945,131.77999877929688,73.0999984741211,46.099998474121094,50.29999923706055,144.8300018310547,114.05999755859375,174.97999572753906,143.67999267578125,277.0,729.1500244140625,170.75,46.560001373291016,58.29999923706055,71.83000183105469,105.08000183105469,159.2899932861328,36.290000915527344,129.8800048828125,600.530029296875,22.040000915527344,150.0,245.38999938964844,827.780029296875,150.9600067138672,101.48999786376953,129.94000244140625,103.87999725341797,145.11000061035156,25.229999542236328,208.2899932861328,162.58999633789062,42.959999084472656,222.3300018310547,201.25,605.6400146484375,52.0099983215332,134.4199981689453,73.4000015258789,46.28499984741211,50.34000015258789,146.08999633789062,114.70999908447266,5444200,29576900,3187000,1801100,18490000,31572100,8116500,14307600,7074700,6358400,10313200,2623900,1672800,167993500,7898100,6572500,2423400,2199100,11062700,4991900,13448900,172621200,43647900,1727000,7279800,8466500,2422000,12483700,5943700,7020200,2525900,17766700,22662400,33599300,8948700,15751200
2024-12-06,167.48924255371094,138.58999633789062,260.2055969238281,699.8157348632812,177.07533264160156,45.43489456176758,55.33687973022461,69.50951385498047,98.2679672241211,145.59161376953125,33.64616012573242,121.42847442626953,584.6096801757812,20.920000076293945,144.10916137695312,239.9166259765625,817.8142700195312,146.3662872314453,97.84114837646484,125.0549545288086,100.6663818359375,142.3933563232422,23.21539306640625,198.1290283203125,155.02227783203125,39.470279693603516,217.81210327148438,199.1256103515625,530.2382202148438,48.95145797729492,126.12993621826172,71.98180389404297,43.389122009277344,49.24393081665039,140.5691680908203,108.09038543701172,176.19000244140625,138.58999633789062,272.5799865722656,708.97998046875,179.52999877929688,46.75,59.380001068115234,72.1500015258789,103.22000122070312,155.24000549316406,34.9900016784668,127.80999755859375,599.6799926757812,20.920000076293945,149.30999755859375,247.36000061035156,826.7100219726562,150.94000244140625,103.08999633789062,129.9600067138672,101.16999816894531,142.44000244140625,25.729999542236328,208.6300048828125,159.50999450683594,40.959999084472656,219.8300018310547,203.02000427246094,549.6199951171875,52.18000030517578,131.52000427246094,74.33000183105469,45.5099983215332,50.400001525878906,144.27999877929688,113.56999969482422,176.74000549316406,142.7899932861328,275.3599853515625,717.2100219726562,180.67999267578125,47.060001373291016,59.529998779296875,72.5999984741211,104.58999633789062,158.8300018310547,35.900001525878906,129.74000549316406,600.0,21.049999237060547,150.0500030517578,247.74000549316406,841.0,151.2100067138672,103.94999694824219,130.57000732421875,102.19000244140625,145.6999969482422,26.100000381469727,209.86000061035156,160.38999938964844,41.900001525878906,220.3800048828125,203.19000244140625,582.1099853515625,52.59000015258789,133.8800048828125,74.72000122070312,46.20500183105469,50.56999969482422,145.4600067138672,114.7699966430664,174.16000366210938,137.39999389648438,271.4800109863281,707.0800170898438,169.3300018310547,46.400001525878906,58.689998626708984,71.70999908447266,102.4000015258789,155.1699981689453,34.7599983215332,126.30999755859375,594.3699951171875,20.65999984741211,148.3800048828125,244.83999633789062,825.6900024414062,149.02000427246094,102.69000244140625,129.17999267578125,100.02999877929688,141.30999755859375,25.59000015258789,207.1300048828125,157.24000549316406,40.84000015258789,218.0,199.92999267578125,544.1400146484375,51.779998779296875,130.44000244140625,73.7300033569336,45.42499923706055,50.2599983215332,144.10000610351562,113.5,176.0,141.47999572753906,275.010009765625,711.739990234375,170.10000610351562,47.060001373291016,58.84000015258789,72.30999755859375,104.44999694824219,158.75,35.88999938964844,129.11000061035156,597.1599731445312,20.950000762939453,149.38999938964844,245.6999969482422,827.6799926757812,150.27000427246094,103.61000061035156,130.52000427246094,100.87999725341797,144.60000610351562,25.739999771118164,209.24000549316406,160.38999938964844,41.75,218.60000610351562,202.0,582.1099853515625,52.2400016784668,133.72000122070312,73.98999786376953,46.20000076293945,50.400001525878906,145.2899932861328,114.54000091552734,4839600,33576800,3970200,1215400,27830800,28931700,7276800,8781100,5365600,9701700,13002500,2927900,1405700,78539100,8389600,5519700,3047100,2684200,11470700,5013200,12381000,188505600,31830700,1485900,9918400,15727500,1822900,9672900,13003600,4683500,1984200,14798100,26206600,23439400,6545200,16171100
2024-12-09,167.85049438476562,130.8699951171875,265.02630615234375,697.3875122070312,176.493408203125,44.61852264404297,54.71249771118164,69.2301254272461,98.21084594726562,147.31723022460938,34.14618682861328,121.46646118164062,579.189453125,20.809999465942383,144.38906860351562,236.47344970703125,794.93310546875,148.34446716308594,98.5055160522461,123.72705078125,102.30817413330078,138.7645263671875,23.54923439025879,194.20687866210938,156.2176513671875,39.67264175415039,216.76181030273438,195.34947204589844,542.9248046875,48.135292053222656,129.03575134277344,70.32583618164062,43.317623138427734,48.56974792480469,140.97836303710938,107.45270538330078,176.57000732421875,130.8699951171875,277.6300048828125,706.52001953125,178.94000244140625,45.90999984741211,58.709999084472656,71.86000061035156,103.16000366210938,157.0800018310547,35.5099983215332,127.8499984741211,594.1199951171875,20.809999465942383,149.60000610351562,243.80999755859375,803.5800170898438,152.97999572753906,103.79000091552734,128.5800018310547,102.81999969482422,138.80999755859375,26.100000381469727,204.5,160.74000549316406,41.16999816894531,218.77000427246094,199.1699981689453,560.6199951171875,51.310001373291016,134.5500030517578,72.62000274658203,45.435001373291016,49.709999084472656,144.6999969482422,112.9000015258789,178.1300048828125,135.77000427246094,280.0,723.2100219726562,180.7899932861328,46.75,59.7599983215332,72.80000305175781,105.05000305175781,160.0800018310547,35.90999984741211,129.5500030517578,603.0,21.059999465942383,150.88999938964844,247.8699951171875,823.7000122070312,155.75,105.06999969482422,130.77000427246094,104.5,139.9499969482422,26.440000534057617,209.16000366210938,162.92999267578125,41.7400016784668,221.5399932861328,203.1300048828125,562.97998046875,52.27000045776367,136.6699981689453,74.55000305175781,46.1349983215332,50.4900016784668,145.08999633789062,114.94000244140625,174.3800048828125,130.0,272.2799987792969,705.6500244140625,176.02000427246094,45.900001525878906,58.70000076293945,71.83999633789062,102.87999725341797,156.82000732421875,34.849998474121094,127.62999725341797,593.719970703125,20.729999542236328,148.44000244140625,243.75999450683594,801.280029296875,151.52000427246094,102.33000183105469,128.3300018310547,100.37000274658203,137.1300048828125,25.579999923706055,204.39999389648438,157.47000122070312,41.119998931884766,217.3800048828125,198.97999572753906,544.6400146484375,51.2599983215332,132.49000549316406,72.41999816894531,45.39500045776367,49.689998626708984,143.9199981689453,112.75,175.58999633789062,135.7100067138672,273.1600036621094,713.25,178.9499969482422,46.560001373291016,59.25,72.30000305175781,104.22000122070312,157.0,35.400001525878906,129.2899932861328,598.989990234375,20.920000076293945,149.2899932861328,247.1300048828125,823.7000122070312,151.88999938964844,102.86000061035156,130.52000427246094,100.6500015258789,138.97000122070312,25.760000228881836,208.0,157.47999572753906,41.5,218.5,200.92999267578125,552.0,52.2400016784668,132.5500030517578,74.30999755859375,45.88999938964844,50.439998626708984,144.4199981689453,114.63999938964844,4394500,57055600,3222100,1267500,20886300,34660900,8653500,11957500,6526500,9404500,11704100,3047000,1633200,68818200,8410300,7076500,3176000,2528000,19162500,7753900,14141900,189308600,37464800,1598800,9481200,10656900,1574800,9699700,7684700,5414900,2730000,15517500,23627800,41998300,6258600,17412600
2024-12-10,166.99493408203125,127.73999786376953,263.2316589355469,696.1536865234375,169.46087646484375,44.4630241394043,54.16266632080078,69.84671020507812,97.44921875,147.24221801757812,33.39614486694336,120.28838348388672,570.327880859375,20.15999984741211,144.03195190429688,235.5520477294922,790.9762573242188,146.48265075683594,95.8575668334961,122.00460052490234,97.61166381835938,135.0257568359375,23.071029663085938,194.14991760253906,152.05807495117188,39.38355255126953,211.6095428466797,188.25816345214844,547.3505859375,48.37919998168945,126.89714813232422,69.77384185791016,43.022064208984375,48.55998229980469,140.39382934570312,107.23380279541016,175.6699981689453,127.73999786376953,275.75,705.27001953125,171.80999755859375,45.75,58.119998931884766,72.5,102.36000061035156,157.0,34.72999954223633,126.61000061035156,585.030029296875,20.15999984741211,149.22999572753906,242.86000061035156,799.5800170898438,151.05999755859375,101.0,126.79000091552734,98.0999984741211,135.07000732421875,25.56999969482422,204.44000244140625,156.4600067138672,40.869998931884766,213.57000732421875,191.94000244140625,565.1900024414062,51.56999969482422,132.32000732421875,72.05000305175781,45.125,49.70000076293945,144.10000610351562,112.66999816894531,176.9199981689453,131.55999755859375,277.8999938964844,718.2999877929688,178.5,46.290000915527344,58.849998474121094,73.37999725341797,104.13999938964844,159.52000427246094,35.7599983215332,129.36000061035156,596.27001953125,20.860000610351562,150.8300018310547,247.9600067138672,814.0,153.7899932861328,103.7699966430664,128.61000061035156,105.0,141.82000732421875,26.110000610351562,206.3699951171875,161.49000549316406,41.599998474121094,219.5800018310547,199.91000366210938,567.75,51.810001373291016,134.97000122070312,73.5,45.7599983215332,49.97999954223633,145.10000610351562,113.87999725341797,173.8300018310547,127.06999969482422,272.3599853515625,700.5700073242188,169.72999572753906,45.59000015258789,57.810001373291016,71.58000183105469,102.0999984741211,156.6999969482422,34.689998626708984,126.0,583.760009765625,19.959999084472656,148.3300018310547,242.22000122070312,797.0,149.77000427246094,100.73999786376953,126.52999877929688,97.2699966430664,133.7899932861328,25.510000228881836,203.30999755859375,156.0399932861328,40.470001220703125,212.19000244140625,190.3699951171875,557.030029296875,50.779998779296875,131.72999572753906,71.9000015258789,45.060001373291016,49.38999938964844,143.6199951171875,111.75,175.52999877929688,131.55999755859375,277.8599853515625,716.6199951171875,177.80999755859375,45.90999984741211,58.779998779296875,72.0,103.62999725341797,159.05999755859375,35.689998626708984,128.77999877929688,590.0,20.829999923706055,149.92999267578125,243.88999938964844,809.27001953125,152.82000732421875,103.7699966430664,127.62999725341797,104.95999908447266,139.00999450683594,26.100000381469727,205.8800048828125,160.77000427246094,41.11000061035156,219.42999267578125,199.10000610351562,562.0,51.54999923706055,134.08999633789062,73.5,45.69499969482422,49.75,144.99000549316406,113.58999633789062,4089600,38907200,2791400,1214700,27762600,35665800,6896500,16833400,5860800,9126200,8887400,3440500,2600800,90004800,9398700,9108300,2695200,3431500,11359400,6551300,23548500,210020900,43280500,2146200,8683600,10075800,2566600,15307900,5360600,6357600,2656300,12277100,23299800,38861800,7200500,20990900
2024-12-11,165.75914001464844,130.14999389648438,260.9979248046875,705.1951904296875,180.6951446533203,44.78374099731445,52.79276657104492,69.32646179199219,97.2873764038086,146.50131225585938,33.424991607666016,121.19094848632812,577.6687622070312,20.1200008392334,141.5321807861328,236.2018585205078,787.4644165039062,147.3650665283203,94.67121124267578,122.77440643310547,101.55194854736328,139.2643585205078,22.76426124572754,193.14324951171875,155.333251953125,40.0484619140625,216.9302520751953,190.86712646484375,516.6898803710938,48.14467239379883,127.82740020751953,69.33805847167969,43.09357452392578,48.65768814086914,138.48423767089844,106.51998138427734,174.3699951171875,130.14999389648438,273.4100036621094,714.4299926757812,183.1999969482422,46.08000183105469,56.650001525878906,71.95999908447266,102.19000244140625,156.2100067138672,34.7599983215332,127.55999755859375,592.5599975585938,20.1200008392334,146.63999938964844,243.52999877929688,796.030029296875,151.97000122070312,99.75,127.58999633789062,102.05999755859375,139.30999755859375,25.229999542236328,203.3800048828125,159.8300018310547,41.560001373291016,218.94000244140625,194.60000610351562,533.530029296875,51.31999969482422,133.2899932861328,71.5999984741211,45.20000076293945,49.79999923706055,142.13999938964844,111.91999816894531,176.0,131.2100067138672,276.2799987792969,718.0,184.8699951171875,46.15999984741211,58.04999923706055,73.26000213623047,102.72000122070312,157.1699981689453,34.93000030517578,128.11000061035156,593.7100219726562,20.25,148.5,244.27000427246094,799.5,153.1699981689453,101.44999694824219,127.94999694824219,102.66000366210938,140.1699981689453,25.510000228881836,206.47000122070312,160.4600067138672,41.790000915527344,220.22999572753906,196.0,558.0999755859375,52.2400016784668,134.38999938964844,72.91999816894531,45.369998931884766,49.91999816894531,143.63999938964844,112.38999938964844,173.83999633789062,126.22000122070312,270.5799865722656,706.489990234375,176.42999267578125,45.470001220703125,56.619998931884766,71.2699966430664,101.69000244140625,155.8000030517578,34.529998779296875,126.08999633789062,586.9000244140625,19.8700008392334,146.3699951171875,242.17999267578125,786.3699951171875,149.61000061035156,99.26000213623047,126.27999877929688,98.30000305175781,135.2100067138672,25.170000076293945,203.16000366210938,156.97000122070312,40.970001220703125,215.39999389648438,193.25999450683594,532.6699829101562,51.25,131.75999450683594,71.44999694824219,44.97999954223633,49.58000183105469,142.10000610351562,111.11000061035156,175.9600067138672,128.52000427246094,276.0,711.8900146484375,180.00999450683594,46.0,58.0,73.0,102.36000061035156,156.86000061035156,34.91999816894531,126.6500015258789,590.1199951171875,20.139999389648438,148.5,244.0,795.25,151.05999755859375,100.69999694824219,127.75,99.5,137.36000061035156,25.3799991607666,206.17999267578125,157.2899932861328,41.099998474121094,216.72999572753906,194.6699981689453,555.6599731445312,52.0,132.60000610351562,72.58999633789062,45.220001220703125,49.900001525878906,143.52000427246094,112.0,9492200,45588100,4493500,1217600,41295200,36790500,10578700,22533600,8195500,13764700,10382700,5778600,2195300,75209300,13446700,7884400,3510900,2796100,21613000,8835400,15248400,184905200,39569400,1697500,7081800,9958300,3233900,9027600,10363000,7842300,2349000,11867400,23147600,35035900,6895000,32392200
2024-12-12,164.63742065429688,130.60000610351562,261.618408203125,703.8823852539062,178.18988037109375,44.78374099731445,52.44794845581055,68.81585693359375,96.06879425048828,145.0945587158203,32.819190979003906,120.25038146972656,576.7424926757812,20.780000686645508,141.14610290527344,234.26205444335938,773.9315185546875,141.8474884033203,96.09484100341797,123.08232879638672,97.7509765625,137.29501342773438,22.890575408935547,192.12710571289062,153.78799438476562,39.605194091796875,215.245849609375,188.38369750976562,499.480712890625,47.93827819824219,124.36534118652344,68.56333923339844,42.745582580566406,48.4427375793457,137.38327026367188,106.42481231689453,173.19000244140625,130.60000610351562,274.05999755859375,713.0999755859375,180.66000366210938,46.08000183105469,56.279998779296875,71.43000030517578,100.91000366210938,154.7100067138672,34.130001068115234,126.56999969482422,591.6099853515625,20.780000686645508,146.24000549316406,241.52999877929688,782.3499755859375,146.27999877929688,101.25,127.91000366210938,98.23999786376953,137.33999633789062,25.3700008392334,202.30999755859375,158.24000549316406,41.099998474121094,217.24000549316406,191.4600067138672,515.760009765625,51.099998474121094,129.67999267578125,70.80000305175781,44.834999084472656,49.58000183105469,141.00999450683594,111.81999969482422,175.91000366210938,132.32000732421875,275.8800048828125,719.8800048828125,182.0,46.470001220703125,57.31999969482422,72.33000183105469,102.62000274658203,156.52999877929688,34.75,127.58000183105469,596.3200073242188,20.899999618530273,147.77000427246094,244.10000610351562,801.8400268554688,151.88999938964844,103.0,128.8300018310547,101.9800033569336,138.44000244140625,25.479999542236328,205.14999389648438,159.4600067138672,41.61000061035156,218.17999267578125,195.4199981689453,534.0,51.810001373291016,132.66000366210938,72.05999755859375,45.20000076293945,49.970001220703125,142.5399932861328,112.37999725341797,171.99000549316406,129.07000732421875,272.1499938964844,710.6300048828125,175.99000549316406,45.91999816894531,55.939998626708984,71.41000366210938,100.87000274658203,154.27000427246094,33.880001068115234,126.33000183105469,588.6099853515625,19.920000076293945,146.00999450683594,241.0399932861328,778.3900146484375,146.17999267578125,100.12000274658203,127.36000061035156,97.76000213623047,135.8000030517578,25.059999465942383,202.13999938964844,156.9199981689453,41.0099983215332,215.4600067138672,191.2899932861328,514.1900024414062,51.06999969482422,129.47999572753906,70.79000091552734,44.790000915527344,49.58000183105469,140.91000366210938,110.77999877929688,174.91000366210938,130.0,273.80999755859375,713.3400268554688,180.92999267578125,46.13999938964844,57.029998779296875,71.86000061035156,102.37999725341797,155.8699951171875,34.70000076293945,127.44999694824219,592.5900268554688,20.020000457763672,147.1999969482422,243.0,796.72998046875,151.64999389648438,101.69000244140625,127.88999938964844,101.4000015258789,137.0800018310547,25.18000030517578,204.2899932861328,158.6699981689453,41.529998779296875,217.38999938964844,194.6300048828125,531.530029296875,51.5099983215332,132.5,71.87999725341797,45.119998931884766,49.93000030517578,142.1699981689453,111.58999633789062,4999500,34267100,3749200,868700,46967200,24017300,12121400,8893000,5908600,7621500,11943700,2169500,1218400,77695000,6176300,6113800,2823800,2723200,9554400,3610500,19334900,159211400,38705100,1618700,5796100,7309700,2680200,7944900,9403800,7596700,2066900,12446700,21746200,23107300,5994200,14543300
2024-12-13,164.8085174560547,126.91000366210938,258.33453369140625,709.2916259765625,221.72637939453125,44.38527297973633,51.981998443603516,68.41123962402344,96.17351531982422,144.3067626953125,32.790157318115234,120.44038391113281,570.7665405273438,20.34000015258789,141.5128631591797,232.71990966796875,780.628662109375,141.14932250976562,96.80664825439453,122.59159088134766,101.9897689819336,134.20602416992188,23.08005142211914,191.35787963867188,154.06983947753906,38.75719451904297,221.25022888183594,197.7605743408203,504.0517272949219,47.87261199951172,123.84747314453125,68.21470642089844,42.531070709228516,48.40365219116211,137.3638153076172,105.49209594726562,173.3699951171875,126.91000366210938,270.6199951171875,718.5800170898438,224.8000030517578,45.66999816894531,55.779998779296875,71.01000213623047,101.0199966430664,153.8699951171875,33.880001068115234,126.7699966430664,585.47998046875,20.34000015258789,146.6199951171875,239.94000244140625,789.1199951171875,145.55999755859375,102.0,127.4000015258789,102.5,134.25,25.579999923706055,201.5,158.52999877929688,40.220001220703125,223.3000030517578,200.99000549316406,520.47998046875,51.029998779296875,129.13999938964844,70.44000244140625,44.61000061035156,49.540000915527344,140.99000549316406,110.83999633789062,174.9199981689453,131.3000030517578,274.07000732421875,724.97998046875,228.6999969482422,46.099998474121094,56.380001068115234,71.91000366210938,102.26000213623047,154.9600067138672,34.25,127.20999908447266,595.0,20.799999237060547,146.92999267578125,242.72000122070312,794.25,146.44000244140625,102.56999969482422,128.80999755859375,103.19999694824219,139.60000610351562,25.65999984741211,203.05999755859375,159.67999267578125,41.15999984741211,224.66000366210938,202.5399932861328,527.530029296875,51.33000183105469,130.47000122070312,71.05000305175781,44.959999084472656,49.79999923706055,141.4499969482422,111.9000015258789,172.38999938964844,124.7699966430664,270.0199890136719,716.219970703125,211.11000061035156,45.380001068115234,55.040000915527344,70.76000213623047,100.58000183105469,153.07000732421875,33.38999938964844,125.31999969482422,585.0800170898438,20.25,145.0399932861328,239.13999938964844,772.989990234375,144.35000610351562,100.52999877929688,126.70999908447266,99.66999816894531,132.5399932861328,25.260000228881836,200.02999877929688,156.6199951171875,40.06999969482422,220.00999450683594,197.27000427246094,510.7200012207031,50.72999954223633,128.58999633789062,70.0199966430664,44.48500061035156,49.43000030517578,140.1300048828125,110.25,173.25,131.3000030517578,272.9599914550781,718.5800170898438,213.89999389648438,46.09000015258789,56.380001068115234,71.70999908447266,101.05000305175781,154.8699951171875,34.0,126.58000183105469,594.0,20.600000381469727,145.66000366210938,242.07000732421875,777.1300048828125,145.97999572753906,101.12999725341797,128.0,100.7699966430664,138.94000244140625,25.34000015258789,203.05999755859375,158.24000549316406,41.13999938964844,222.3000030517578,198.50999450683594,515.6400146484375,51.22999954223633,129.4199981689453,70.8499984741211,44.94499969482422,49.779998779296875,140.8300018310547,111.9000015258789,5471600,67544700,2906300,1455700,121336600,32902300,9406100,9819900,6887800,5816200,10477200,1878800,1215000,55104100,8324900,10392700,3059400,2014600,10118200,6091500,23926000,231514900,29043600,1590500,8886700,10763100,3720600,19477000,8202900,6426800,1718000,16794500,22346000,39160400,7599400,13106100
2024-12-16,163.15444946289062,126.69000244140625,254.40159606933594,713.0424194335938,246.58181762695312,44.19089889526367,52.06586456298828,68.87366485595703,94.79307556152344,140.07705688476562,31.541648864746094,118.39775085449219,571.5952758789062,20.829999923706055,138.83935546875,232.37074279785156,770.6175537109375,134.00262451171875,95.7256088256836,124.16006469726562,107.7210922241211,131.9567413330078,22.782302856445312,190.4366912841797,153.44786071777344,38.429561614990234,225.35223388671875,198.97079467773438,482.7654724121094,48.18219757080078,119.94426727294922,69.70606231689453,41.596736907958984,48.31571578979492,135.72702026367188,103.2364501953125,171.6300048828125,126.69000244140625,266.5,722.3800048828125,250.0,45.470001220703125,55.869998931884766,71.48999786376953,99.56999969482422,149.36000061035156,32.59000015258789,124.62000274658203,586.3300170898438,20.829999923706055,143.85000610351562,239.5800018310547,779.0,138.19000244140625,100.05999755859375,129.02999877929688,108.26000213623047,132.0,25.25,200.52999877929688,157.88999938964844,39.880001068115234,227.44000244140625,202.22000122070312,498.5,51.36000061035156,125.06999969482422,71.9800033569336,43.630001068115234,49.45000076293945,139.30999755859375,108.47000122070312,173.33999633789062,127.76000213623047,272.69000244140625,731.0,251.8800048828125,45.68000030517578,56.970001220703125,71.7699966430664,101.48999786376953,153.88999938964844,33.75,126.87999725341797,588.27001953125,21.100000381469727,147.25,240.6699981689453,799.780029296875,145.00999450683594,102.27999877929688,129.30999755859375,111.12999725341797,134.39999389648438,25.75,201.89999389648438,158.7100067138672,41.02000045776367,228.5800018310547,205.5,521.7000122070312,51.369998931884766,128.80999755859375,72.29000091552734,44.48500061035156,49.630001068115234,141.64999389648438,110.4000015258789,170.52999877929688,123.12000274658203,266.2200012207031,713.3300170898438,230.80999755859375,45.15999984741211,55.68000030517578,70.83000183105469,99.43000030517578,149.25,32.560001373291016,124.19000244140625,578.7000122070312,20.0,143.52000427246094,237.52000427246094,775.25,137.88999938964844,100.05000305175781,127.38999938964844,104.54000091552734,130.4199981689453,25.219999313354492,199.35000610351562,154.02000427246094,39.77000045776367,222.38999938964844,200.8699951171875,496.0799865722656,50.63999938964844,124.68000030517578,69.81999969482422,43.595001220703125,49.36000061035156,139.1999969482422,108.16000366210938,171.6699981689453,126.01000213623047,270.6199951171875,720.0499877929688,231.7899932861328,45.59000015258789,56.77000045776367,71.2699966430664,101.12999725341797,153.88999938964844,33.75,126.19999694824219,588.0,20.170000076293945,146.72999572753906,240.61000061035156,792.0,144.32000732421875,101.25,127.73999786376953,105.61000061035156,134.17999267578125,25.59000015258789,201.89999389648438,158.16000366210938,40.099998474121094,224.00999450683594,203.1999969482422,518.0,51.15999984741211,127.93000030517578,70.47000122070312,44.48500061035156,49.56999969482422,140.8800048828125,110.19999694824219,8157900,42090300,3711100,1542800,111623200,27330400,16470500,11833800,7441800,11961200,15130700,2898600,1713300,73832900,8732400,9032000,3426200,3518500,11701100,5659700,42741200,237951100,40194000,2480000,9951100,14900700,4774000,15139300,8880000,8427100,4422200,24602500,25036200,35242800,9476600,20256100
2024-12-17,166.71925354003906,125.0199966430664,253.87660217285156,725.6869506835938,236.94541931152344,43.78271484375,53.724674224853516,68.5172119140625,93.54591369628906,138.90475463867188,31.13515853881836,117.00115203857422,560.2379760742188,20.440000534057617,141.3101806640625,231.18743896484375,770.24169921875,133.80870056152344,95.7256088256836,122.91873931884766,108.05939483642578,130.3472900390625,23.846982955932617,188.31895446777344,153.47698974609375,37.51411437988281,222.16470336914062,197.43588256835938,470.1951599121094,46.887577056884766,119.77165222167969,68.57300567626953,41.28688430786133,47.97374725341797,135.62957763671875,102.79863739013672,175.3800048828125,125.0199966430664,265.95001220703125,735.1900024414062,240.22999572753906,45.04999923706055,57.650001525878906,71.12000274658203,98.26000213623047,148.11000061035156,32.16999816894531,123.1500015258789,574.6799926757812,20.440000534057617,146.41000366210938,238.36000061035156,778.6199951171875,137.99000549316406,100.05999755859375,127.73999786376953,108.5999984741211,130.38999938964844,26.43000030517578,198.3000030517578,157.9199981689453,38.93000030517578,223.8699951171875,200.66000366210938,485.5199890136719,49.97999954223633,124.88999938964844,70.80999755859375,43.30500030517578,49.099998474121094,139.2100067138672,108.01000213623047,176.5,127.08000183105469,270.260009765625,745.1199951171875,242.47000122070312,45.189998626708984,57.77000045776367,71.3499984741211,99.26000213623047,148.64999389648438,32.369998931884766,124.8499984741211,581.6099853515625,20.770000457763672,146.66000366210938,239.02000427246094,788.0,140.11000061035156,100.80000305175781,128.6999969482422,110.48999786376953,131.58999633789062,26.459999084472656,199.47000122070312,159.97999572753906,39.599998474121094,226.17999267578125,202.39999389648438,495.6000061035156,51.2400016784668,125.44000244140625,71.54000091552734,43.3849983215332,49.27000045776367,140.24000549316406,108.16999816894531,170.2100067138672,123.1500015258789,264.80999755859375,732.6799926757812,233.8000030517578,44.619998931884766,56.04999923706055,70.80000305175781,96.75,146.91000366210938,31.850000381469727,121.7699966430664,572.2899780273438,20.290000915527344,143.7100067138672,236.6300048828125,772.4299926757812,136.42999267578125,99.36000061035156,127.18000030517578,107.68000030517578,126.86000061035156,25.860000610351562,197.1199951171875,156.49000549316406,38.70000076293945,222.55999755859375,197.47000122070312,475.82000732421875,49.68000030517578,122.91000366210938,70.37999725341797,42.900001525878906,48.93000030517578,138.60000610351562,106.79000091552734,170.5800018310547,124.44999694824219,265.4599914550781,740.0,240.64999389648438,45.189998626708984,56.09000015258789,70.9000015258789,98.7699966430664,148.0,32.18000030517578,123.94000244140625,580.8400268554688,20.639999389648438,143.83999633789062,238.64999389648438,777.8599853515625,137.1699981689453,99.9000015258789,128.10000610351562,109.75,129.08999633789062,25.899999618530273,199.1999969482422,156.49000549316406,39.380001068115234,224.83999633789062,201.0,487.0,50.97999954223633,124.5,71.05000305175781,43.29999923706055,49.2599983215332,138.6999969482422,107.23999786376953,7664700,43314900,4742500,1753300,70382100,33054600,14984500,12639000,8737800,11909300,14450800,3820100,2314100,51767200,10343000,8083600,3924800,4076500,13975100,7141400,35811500,259410300,71440300,2400600,7187400,18705300,2397300,11169400,14132700,6774100,3710800,15595900,32011600,46103300,10280100,17554000
2024-12-18,164.47581481933594,121.41000366210938,247.03207397460938,710.1898803710938,220.5625,42.27632141113281,52.96982192993164,65.62700653076172,91.25154113769531,135.12522888183594,30.099580764770508,113.65689086914062,536.4219970703125,19.299999237060547,139.70799255371094,223.4378662109375,756.4813842773438,130.96746826171875,94.0801010131836,116.47162628173828,103.38279724121094,128.86778259277344,23.359756469726562,182.29808044433594,148.74398803710938,35.97230911254883,213.94776916503906,192.41781616210938,483.9469299316406,44.66422653198242,116.75074768066406,66.5877685546875,40.06653594970703,46.5374641418457,133.78819274902344,101.28536224365234,173.02000427246094,121.41000366210938,258.7799987792969,719.489990234375,223.6199951171875,43.5,56.84000015258789,68.12000274658203,95.8499984741211,144.0800018310547,31.100000381469727,119.62999725341797,550.25,19.299999237060547,144.75,230.3699951171875,764.7100219726562,135.05999755859375,98.33999633789062,121.04000091552734,103.9000015258789,128.91000366210938,25.889999389648438,191.9600067138672,153.0500030517578,37.33000183105469,215.58999633789062,195.55999755859375,499.7200012207031,47.61000061035156,121.73999786376953,68.76000213623047,42.025001525878906,47.630001068115234,137.32000732421875,106.41999816894531,176.5,127.75,267.19000244140625,757.1900024414062,239.85000610351562,45.43000030517578,58.54999923706055,71.47000122070312,98.51000213623047,148.6699981689453,32.36000061035156,123.77999877929688,579.469970703125,20.579999923706055,146.74000549316406,239.07000732421875,779.0,138.2899932861328,101.5,128.38999938964844,112.04000091552734,136.6999969482422,26.520000457763672,200.36000061035156,161.16000366210938,39.209999084472656,227.16000366210938,205.24000549316406,506.5400085449219,50.25,125.87000274658203,71.5,43.38999938964844,49.29999923706055,140.0399932861328,108.83000183105469,172.82000732421875,120.43000030517578,258.67999267578125,715.47998046875,219.22000122070312,43.349998474121094,56.77000045776367,67.91999816894531,95.75,143.97999572753906,31.06999969482422,119.54000091552734,544.489990234375,19.209999084472656,144.6699981689453,229.52999877929688,762.5,134.16000366210938,98.2699966430664,120.29000091552734,102.7300033569336,128.27999877929688,25.860000610351562,191.2899932861328,152.32000732421875,37.279998779296875,213.9499969482422,193.9600067138672,486.0,47.56999969482422,121.44000244140625,68.61000061035156,42.025001525878906,47.59000015258789,137.22999572753906,106.30999755859375,176.02999877929688,125.43000030517578,265.17999267578125,748.510009765625,239.41000366210938,45.13999938964844,57.349998474121094,71.18000030517578,98.0,147.75999450683594,32.099998474121094,123.1500015258789,577.489990234375,20.479999542236328,145.67999267578125,239.0,775.0,137.52000427246094,100.19000244140625,128.16000366210938,110.25,133.86000061035156,26.190000534057617,198.94000244140625,158.25,38.970001220703125,225.35000610351562,203.0,488.42999267578125,50.119998931884766,124.41000366210938,70.61000061035156,43.185001373291016,49.189998626708984,139.1199951171875,107.56999969482422,5471600,49724400,4093600,2257000,53960100,41771900,14111900,18028000,8466500,10174500,13828400,4506900,3271600,86041200,9336100,11322400,3354200,3959500,11993400,7858800,63024300,277444500,47575100,3539000,10295200,15657400,4426000,14721100,10147600,8970100,4263700,21201200,39241200,72399500,14448100,17114500
2024-12-19,163.04989624023438,118.87999725341797,249.33267211914062,701.0791625976562,215.33497619628906,42.159690856933594,52.46658706665039,65.916015625,90.61368560791016,132.37730407714844,29.538238525390625,112.31729125976562,540.06787109375,19.059999465942383,138.57876586914062,225.94996643066406,749.3884887695312,127.66079711914062,95.208984375,115.9520034790039,86.65647888183594,130.63717651367188,23.251483917236328,180.46519470214844,146.16856384277344,35.56758117675781,210.3553466796875,191.51260375976562,473.80743408203125,44.47659683227539,114.05591583251953,66.67493438720703,39.718544006347656,46.70356369018555,132.77493286132812,100.41926574707031,171.52000427246094,118.87999725341797,261.19000244140625,710.260009765625,218.32000732421875,43.380001068115234,56.29999923706055,68.41999816894531,95.18000030517578,141.14999389648438,30.520000457763672,118.22000122070312,553.989990234375,19.059999465942383,143.5800018310547,232.9600067138672,757.5399780273438,131.64999389648438,99.5199966430664,120.5,87.08999633789062,130.67999267578125,25.770000457763672,190.02999877929688,150.39999389648438,36.90999984741211,211.97000122070312,194.63999938964844,489.25,47.40999984741211,118.93000030517578,68.8499984741211,41.65999984741211,47.79999923706055,136.27999877929688,105.51000213623047,173.8800048828125,123.37999725341797,261.80999755859375,720.8300170898438,228.0500030517578,44.47999954223633,57.189998626708984,69.83999633789062,96.98999786376953,144.75999450683594,31.65999984741211,121.08000183105469,567.0,19.690000534057617,145.22000122070312,236.36000061035156,772.969970703125,136.80999755859375,99.94000244140625,124.94000244140625,91.0,134.02999877929688,26.09000015258789,195.5800018310547,155.47000122070312,37.86000061035156,216.55999755859375,198.57000732421875,503.6499938964844,48.54999923706055,123.0,70.69000244140625,42.60499954223633,48.529998779296875,137.8000030517578,107.66999816894531,170.33999633789062,118.44999694824219,253.3000030517578,708.780029296875,217.5800018310547,43.310001373291016,56.11000061035156,68.31999969482422,95.0999984741211,140.9499969482422,30.489999771118164,118.12999725341797,553.5999755859375,19.030000686645508,143.3699951171875,232.27000427246094,752.4000244140625,130.7100067138672,97.81999969482422,120.30000305175781,84.61000061035156,129.5500030517578,25.579999923706055,189.67999267578125,150.05999755859375,36.52000045776367,211.4499969482422,193.9499969482422,486.239990234375,47.18000030517578,117.13999938964844,68.66999816894531,41.630001068115234,47.790000915527344,135.9499969482422,105.20999908447266,172.92999267578125,122.16000366210938,258.0,717.75,227.91000366210938,43.970001220703125,56.849998474121094,69.20999908447266,96.98999786376953,144.57000732421875,31.450000762939453,120.69000244140625,561.4400024414062,19.530000686645508,144.13999938964844,232.27000427246094,765.0999755859375,135.8300018310547,98.55999755859375,124.77999877929688,90.08000183105469,131.75999450683594,25.700000762939453,194.2899932861328,154.02999877929688,37.7400016784668,216.08999633789062,198.39999389648438,500.1400146484375,48.27000045776367,123.0,69.4000015258789,42.470001220703125,48.16999816894531,137.05999755859375,107.38999938964844,6110500,46160700,4725800,1620800,40845200,38583600,11487900,13464300,9951200,16544300,15241500,3589700,2753300,69117800,9516700,11790800,4032600,3895700,12110800,8632400,91396800,209719200,50324700,1886500,8414800,16159200,3255700,10553400,7418100,9802900,5060200,16444600,49981400,63641000,11929300,20565600
2024-12-20,166.9093780517578,119.20999908447266,251.4232635498047,696.5584106445312,217.77120971679688,42.92747116088867,53.42646026611328,66.65785217285156,90.55656433105469,133.9716796875,29.780197143554688,113.09634399414062,551.87353515625,19.520000457763672,139.437744140625,230.4503173828125,759.4985961914062,129.33839416503906,93.80266571044922,118.78105163574219,89.67138671875,134.65586853027344,23.78382110595703,183.0577850341797,148.58851623535156,35.49049377441406,213.18362426757812,194.04132080078125,484.34405517578125,44.955039978027344,113.7298355102539,68.11785888671875,40.10943603515625,47.39727783203125,134.45069885253906,100.76190185546875,175.5800018310547,119.20999908447266,263.3800048828125,705.6799926757812,220.7899932861328,44.16999816894531,57.33000183105469,69.19000244140625,95.12000274658203,142.85000610351562,30.770000457763672,119.04000091552734,566.0999755859375,19.520000457763672,144.47000122070312,237.60000610351562,767.760009765625,133.3800048828125,98.05000305175781,123.44000244140625,90.12000274658203,134.6999969482422,26.360000610351562,192.75999450683594,152.88999938964844,36.83000183105469,214.82000732421875,197.2100067138672,500.1300048828125,47.91999816894531,118.58999633789062,70.33999633789062,42.06999969482422,48.5099983215332,138.0,105.87000274658203,176.8000030517578,121.86000061035156,269.6099853515625,720.4000244140625,230.2899932861328,44.400001525878906,57.33000183105469,70.26000213623047,96.37999725341797,142.85000610351562,31.1299991607666,119.91999816894531,572.9000244140625,19.760000228881836,145.47000122070312,239.2100067138672,811.3499755859375,133.4199981689453,99.68000030517578,124.54000091552734,90.25,135.27999877929688,26.489999771118164,193.4199981689453,154.57000732421875,37.380001068115234,217.77999877929688,198.0800018310547,502.6400146484375,48.56999969482422,119.41999816894531,71.04000091552734,42.21500015258789,48.88999938964844,139.2899932861328,106.13999938964844,170.66000366210938,117.9000015258789,262.2099914550781,696.280029296875,218.91000366210938,43.099998474121094,56.08000183105469,68.02999877929688,94.2300033569336,140.5500030517578,30.389999389648438,117.51000213623047,553.3800048828125,18.899999618530273,142.75,231.58999633789062,766.6099853515625,130.5399932861328,97.9000015258789,120.52999877929688,83.54000091552734,128.22000122070312,25.700000762939453,189.0,149.42999267578125,36.619998931884766,210.3000030517578,191.97999572753906,488.7300109863281,47.220001220703125,117.29000091552734,68.7699966430664,41.54499816894531,47.599998474121094,137.0500030517578,104.83999633789062,171.7899932861328,118.0,269.0,700.1500244140625,220.36000061035156,43.20000076293945,56.220001220703125,68.29000091552734,94.76000213623047,140.82000732421875,30.450000762939453,117.62000274658203,554.9400024414062,18.969999313354492,143.0500030517578,231.9199981689453,811.3499755859375,132.0,98.83000183105469,121.19999694824219,85.41000366210938,129.80999755859375,25.700000762939453,189.2899932861328,149.5800018310547,36.83000183105469,210.80999755859375,192.60000610351562,489.2900085449219,47.279998779296875,119.0999984741211,69.16999816894531,41.654998779296875,47.70000076293945,137.49000549316406,105.44999694824219,18950900,53591200,13687600,2701800,131910400,74222200,48212100,27720100,29542200,32209200,34647800,10044400,4515900,108453700,17702800,32348400,9942300,11493700,29289700,14884000,49578400,306528600,116340100,3961400,17347100,36468300,4681100,16170100,10956900,20225000,7606100,50113400,35704800,56066100,12098400,40141200
2024-12-23,169.58059692382812,124.5999984741211,252.01512145996094,711.7197265625,229.7871856689453,42.65534210205078,53.65943908691406,67.21660614013672,91.75611114501953,134.08421325683594,29.983440399169922,113.86589813232422,556.4360961914062,20.200000762939453,140.20989990234375,231.21653747558594,787.711669921875,129.9202117919922,95.06549072265625,119.75291442871094,89.27338409423828,139.62425231933594,24.0996150970459,183.39967346191406,153.78799438476562,35.90484619140625,219.6341094970703,204.02821350097656,490.3580322265625,45.330291748046875,113.78738403320312,68.3115463256836,40.34497833251953,47.51110076904297,135.79345703125,101.17115783691406,178.38999938964844,124.5999984741211,264.0,721.0399780273438,232.35000610351562,43.88999938964844,57.58000183105469,69.7699966430664,96.37999725341797,142.97000122070312,30.979999542236328,119.8499984741211,570.780029296875,20.200000762939453,145.27000427246094,238.38999938964844,796.280029296875,133.97999572753906,99.37000274658203,124.44999694824219,89.72000122070312,139.6699981689453,26.709999084472656,193.1199951171875,158.24000549316406,37.2599983215332,221.32000732421875,207.36000061035156,506.3399963378906,48.31999969482422,118.6500015258789,70.54000091552734,41.96500015258789,48.41999816894531,138.75,106.30000305175781,178.64999389648438,126.33999633789062,264.79998779296875,722.0499877929688,233.39999389648438,44.11000061035156,57.65999984741211,69.87999725341797,96.87999725341797,143.35000610351562,31.09000015258789,120.23999786376953,571.6400146484375,20.229999542236328,145.3300018310547,238.6199951171875,799.3599853515625,134.5399932861328,99.58999633789062,124.66999816894531,91.0999984741211,139.7899932861328,26.75,193.3000030517578,158.69000244140625,37.380001068115234,221.60000610351562,208.0500030517578,508.7799987792969,48.36000061035156,119.37000274658203,70.69000244140625,42.10499954223633,48.459999084472656,138.9499969482422,106.5999984741211,174.6300048828125,120.47000122070312,260.8699951171875,707.0800170898438,225.1300048828125,42.779998779296875,56.79999923706055,68.87000274658203,94.58000183105469,141.5399932861328,30.520000457763672,118.08999633789062,561.7999877929688,19.520000457763672,143.4499969482422,234.8800048828125,773.0700073242188,131.8800048828125,98.19999694824219,122.79000091552734,88.4000015258789,135.1199951171875,26.190000534057617,190.36000061035156,154.5500030517578,36.650001525878906,216.47000122070312,200.91000366210938,499.04998779296875,47.470001220703125,116.83999633789062,69.62000274658203,41.375,47.869998931884766,136.99000549316406,104.91999816894531,175.2899932861328,120.70999908447266,263.1099853515625,707.0999755859375,226.69000244140625,43.900001525878906,57.25,69.36000061035156,95.43000030517578,142.47999572753906,30.709999084472656,118.66000366210938,565.0,19.579999923706055,144.6300048828125,236.07000732421875,785.1699829101562,133.60000610351562,99.08999633789062,123.0999984741211,90.0,136.27999877929688,26.360000610351562,191.25,155.66000366210938,36.77000045776367,216.47000122070312,201.0,500.760009765625,47.540000915527344,119.02999877929688,69.72000122070312,41.654998779296875,48.060001373291016,137.60000610351562,105.30999755859375,6945600,47777900,3025700,1232600,40643800,35374800,9431500,8248000,7892300,8156500,11098900,2554600,1519500,57988400,8720800,8611500,3622300,3509000,8460500,5074100,26041500,176053500,35350400,1493600,8863200,10833900,3044300,17847000,4286000,4600700,2832600,11817000,34445400,43033300,8050500,12285100
2024-12-24,171.11111450195312,126.29000091552734,252.48281860351562,710.406982421875,237.03634643554688,43.131561279296875,53.827178955078125,68.401611328125,92.45108795166016,134.900146484375,30.235076904296875,114.7969741821289,568.1441040039062,20.399999618530273,140.76968383789062,235.01858520507812,787.1082153320312,131.24867248535156,95.14202117919922,122.264404296875,88.83558654785156,140.174072265625,24.126684188842773,184.31134033203125,154.87648010253906,36.35776138305664,221.89675903320312,203.0147705078125,490.1255798339844,45.808738708496094,113.96958923339844,69.32837677001953,40.68627166748047,48.07040023803711,136.351318359375,101.26631927490234,180.0,126.29000091552734,264.489990234375,719.7100219726562,239.67999267578125,44.380001068115234,57.7599983215332,71.0,97.11000061035156,143.83999633789062,31.239999771118164,120.83000183105469,582.7899780273438,20.399999618530273,145.85000610351562,242.30999755859375,795.6699829101562,135.35000610351562,99.44999694824219,127.05999755859375,89.27999877929688,140.22000122070312,26.739999771118164,194.0800018310547,159.36000061035156,37.72999954223633,223.60000610351562,206.3300018310547,506.1000061035156,48.83000183105469,118.83999633789062,71.58999633789062,42.31999969482422,48.9900016784668,139.32000732421875,106.4000015258789,180.1699981689453,127.51000213623047,264.54998779296875,720.2000122070312,240.22999572753906,44.41999816894531,57.77000045776367,71.20999908447266,97.19000244140625,144.0399932861328,31.280000686645508,120.9800033569336,582.7899780273438,20.399999618530273,145.85000610351562,242.49000549316406,797.75,135.35000610351562,99.63999938964844,127.22000122070312,89.69999694824219,141.89999389648438,26.770000457763672,194.25,159.39999389648438,37.77000045776367,223.67999267578125,207.1999969482422,506.1000061035156,48.83000183105469,119.5999984741211,71.58999633789062,42.400001525878906,49.0099983215332,139.32000732421875,107.19000244140625,177.83999633789062,124.66000366210938,261.3599853515625,715.0,234.8000030517578,43.93000030517578,57.0099983215332,69.94000244140625,95.8499984741211,142.25999450683594,30.559999465942383,119.0999984741211,571.3599853515625,19.959999084472656,144.3300018310547,239.07000732421875,787.0999755859375,132.72000122070312,98.80000305175781,124.58999633789062,88.2300033569336,138.64999389648438,26.3799991607666,191.94000244140625,157.5399932861328,36.88999938964844,221.35000610351562,204.5500030517578,500.5899963378906,48.22999954223633,117.05999755859375,70.54000091552734,41.810001373291016,48.43000030517578,138.0399932861328,105.69999694824219,178.41000366210938,127.51000213623047,262.4800109863281,716.3900146484375,240.1199951171875,43.93000030517578,57.40999984741211,70.0999984741211,96.5,143.10000610351562,30.989999771118164,120.16000366210938,574.2000122070312,20.219999313354492,145.0,239.42999267578125,791.3699951171875,133.82000732421875,99.22000122070312,125.06999969482422,89.58000183105469,140.0,26.59000015258789,193.5500030517578,158.63999938964844,37.279998779296875,222.77999877929688,205.9199981689453,504.3999938964844,48.439998626708984,117.98999786376953,70.66999816894531,42.084999084472656,48.52000045776367,138.6300048828125,106.5199966430664,2692800,24829600,1520600,586800,22827200,12054400,3668200,6544900,2677400,3556100,5806600,1325800,913400,29884000,3164100,3729100,1165400,1419500,3713500,2902800,13021300,105157000,19716400,724300,2839600,4555400,1252300,7634500,1824400,2393800,1170100,4442700,15024200,18350500,3139300,7807000
2024-12-26,170.35060119628906,125.05999755859375,251.2322998046875,706.606689453125,242.6536865234375,43.296783447265625,54.050838470458984,68.73878479003906,92.24164581298828,135.03143310546875,30.1092586517334,114.39794921875,566.6233520507812,20.440000534057617,140.5090789794922,235.8236083984375,785.5947265625,131.28749084472656,95.5438461303711,123.19780731201172,89.37287902832031,139.8841552734375,23.964275360107422,184.96664428710938,154.06983947753906,36.35776138305664,221.82725524902344,199.7973175048828,495.01617431640625,45.97759246826172,114.7751693725586,69.49300384521484,40.65262222290039,48.18815231323242,136.6253662109375,101.35197448730469,179.1999969482422,125.05999755859375,263.17999267578125,715.8599853515625,245.36000061035156,44.54999923706055,58.0,71.3499984741211,96.88999938964844,143.97999572753906,31.110000610351562,120.41000366210938,581.22998046875,20.440000534057617,145.5800018310547,243.13999938964844,794.1400146484375,135.38999938964844,99.87000274658203,128.02999877929688,89.81999969482422,139.92999267578125,26.559999465942383,194.77000427246094,158.52999877929688,37.72999954223633,223.52999877929688,203.05999755859375,511.1499938964844,49.0099983215332,119.68000030517578,71.76000213623047,42.28499984741211,49.11000061035156,139.60000610351562,106.48999786376953,180.35000610351562,127.30000305175781,264.7300109863281,720.5,247.27999877929688,44.58000183105469,58.06999969482422,71.47000122070312,97.1500015258789,144.30999755859375,31.299999237060547,120.9800033569336,582.5900268554688,20.670000076293945,146.3699951171875,243.25999450683594,803.9099731445312,135.80999755859375,99.94000244140625,128.1699981689453,90.62999725341797,140.85000610351562,26.719999313354492,194.89999389648438,159.55999755859375,37.869998931884766,224.9499969482422,208.16000366210938,512.219970703125,49.130001068115234,119.93000030517578,71.83999633789062,42.36000061035156,49.130001068115234,139.72000122070312,107.02999877929688,178.6300048828125,125.05000305175781,261.760009765625,711.1099853515625,237.60000610351562,44.11000061035156,57.5099983215332,70.51000213623047,96.23999786376953,142.89999389648438,30.899999618530273,120.19000244140625,577.5,20.079999923706055,145.08999633789062,240.7899932861328,791.5,134.00999450683594,98.91999816894531,126.48999786376953,88.0999984741211,137.72999572753906,26.479999542236328,192.17999267578125,157.35000610351562,37.25,221.69000244140625,202.88999938964844,504.7300109863281,48.33000183105469,117.5999984741211,71.11000061035156,42.025001525878906,48.7400016784668,138.67999267578125,105.94000244140625,179.02000427246094,125.5199966430664,262.2099914550781,714.2100219726562,240.0,44.209999084472656,57.65999984741211,70.54000091552734,97.12999725341797,143.6699981689453,31.239999771118164,120.9000015258789,578.1500244140625,20.229999542236328,145.50999450683594,241.42999267578125,794.1199951171875,135.47000122070312,99.08999633789062,126.52999877929688,88.5,139.6999969482422,26.639999389648438,193.47999572753906,157.39999389648438,37.7400016784668,221.97999572753906,205.5,505.6499938964844,48.65999984741211,119.0,71.43000030517578,42.334999084472656,48.77000045776367,138.8300018310547,106.5199966430664,2759300,24998200,1637300,734000,28459000,16077400,4688800,6341700,4325600,4492600,9002200,2104000,1092000,39846200,4656300,4451800,1274200,1566500,4760300,3013500,14468200,116205600,31406000,746600,3846900,8145400,1303500,8044900,3387000,3448200,1884400,6964300,15386400,20805600,4720300,9652400
2024-12-27,169.2193603515625,125.19000244140625,250.72637939453125,704.3660888671875,239.08349609375,43.092689514160156,53.75262451171875,68.401611328125,92.27020263671875,135.05020141601562,30.19636344909668,114.3884506225586,561.7002563476562,20.299999237060547,139.99754333496094,233.9128875732422,774.74267578125,131.55899047851562,95.3812026977539,121.9757308959961,88.18880462646484,136.96511840820312,24.01841163635254,183.55162048339844,152.8161163330078,36.425209045410156,219.95169067382812,198.39028930664062,493.892822265625,45.489768981933594,114.67926788330078,68.86353302001953,40.6478157043457,47.83490753173828,135.9892120361328,101.34246826171875,178.00999450683594,125.19000244140625,262.6499938964844,713.5900268554688,241.75,44.34000015258789,57.68000030517578,71.0,96.91999816894531,144.0,31.200000762939453,120.4000015258789,576.1799926757812,20.299999237060547,145.0500030517578,241.1699981689453,783.1699829101562,135.6699981689453,99.69999694824219,126.76000213623047,88.62999725341797,137.00999450683594,26.6200008392334,193.27999877929688,157.24000549316406,37.79999923706055,221.63999938964844,201.6300048828125,509.989990234375,48.4900016784668,119.58000183105469,71.11000061035156,42.279998779296875,48.75,138.9499969482422,106.4800033569336,179.66000366210938,126.18000030517578,263.5,717.5,245.77999877929688,44.779998779296875,58.380001068115234,71.52999877929688,97.9800033569336,145.7100067138672,31.59000015258789,121.72000122070312,581.9600219726562,20.610000610351562,146.60000610351562,243.38999938964844,793.2999877929688,137.0,100.3499984741211,127.86000061035156,89.48999786376953,139.02000427246094,26.850000381469727,195.52999877929688,157.75,38.310001373291016,222.72000122070312,204.5,513.1799926757812,49.2599983215332,120.91000366210938,71.73999786376953,42.7400016784668,49.16999816894531,139.80999755859375,107.98999786376953,177.2899932861328,122.26000213623047,260.510009765625,708.5900268554688,236.35000610351562,44.060001373291016,57.52000045776367,70.54000091552734,96.47000122070312,143.38999938964844,30.989999771118164,119.83999633789062,571.3499755859375,20.09000015258789,144.67999267578125,240.0399932861328,779.219970703125,133.94000244140625,99.23999786376953,125.81999969482422,87.58000183105469,134.7100067138672,26.420000076293945,192.2100067138672,155.52000427246094,37.5,218.85000610351562,199.0500030517578,507.79998779296875,48.2400016784668,118.08999633789062,70.62999725341797,42.06999969482422,48.4900016784668,138.36000061035156,105.7699966430664,177.9199981689453,124.37000274658203,261.1000061035156,717.489990234375,245.63999938964844,44.2400016784668,57.650001525878906,70.86000061035156,97.0,144.2899932861328,31.09000015258789,120.0999984741211,577.0,20.209999084472656,144.8699951171875,242.72000122070312,790.0,135.19000244140625,99.5,127.05000305175781,89.0,138.5500030517578,26.43000030517578,193.6199951171875,157.19000244140625,37.63999938964844,222.19000244140625,204.5,509.4200134277344,48.7400016784668,119.5199966430664,71.18000030517578,42.25,48.849998474121094,138.8300018310547,106.30000305175781,2745400,32924000,2157400,942300,29282200,17972500,6607700,7743100,5889700,5296500,9097600,2048400,1486000,48260800,5588300,5730200,2096500,1770100,6173600,3088100,19422600,170582600,35218300,886400,7232500,9493700,1933000,10664400,3471800,4956900,1697800,7219500,20369800,33852400,5948000,11943900
2024-12-30,167.49874877929688,122.44000244140625,247.52845764160156,687.1515502929688,232.98155212402344,42.67478942871094,52.2429313659668,67.81393432617188,92.43204498291016,134.17800903320312,30.941593170166016,114.55945587158203,559.1364135742188,19.81999969482422,138.34710693359375,232.1185760498047,765.5131225585938,131.49110412597656,94.10881042480469,121.00386047363281,84.99562072753906,137.4449462890625,23.83795928955078,182.83935546875,150.23097229003906,36.43484878540039,215.62489318847656,197.1702117919922,491.77191162109375,45.26462173461914,114.68885803222656,68.1856460571289,40.64301681518555,47.37372970581055,134.31564331054688,100.65721130371094,176.1999969482422,122.44000244140625,259.29998779296875,696.1500244140625,235.5800018310547,43.90999984741211,56.060001373291016,70.38999938964844,97.08999633789062,143.07000732421875,31.969999313354492,120.58000183105469,573.5499877929688,19.81999969482422,143.33999633789062,239.32000732421875,773.8400268554688,135.60000610351562,98.37000274658203,125.75,85.30999755859375,137.49000549316406,26.420000076293945,192.52999877929688,154.5800018310547,37.810001373291016,217.27999877929688,200.38999938964844,507.79998779296875,48.25,119.58999633789062,70.41000366210938,42.275001525878906,48.279998779296875,137.24000549316406,105.76000213623047,177.33999633789062,124.0999984741211,261.55999755859375,702.8099975585938,238.77000427246094,44.13999938964844,57.599998474121094,70.83000183105469,97.5999984741211,143.97999572753906,32.22999954223633,121.31999969482422,576.02001953125,20.110000610351562,144.8800048828125,240.83999633789062,779.760009765625,137.16000366210938,99.56999969482422,126.16000366210938,87.05000305175781,140.27000427246094,26.579999923706055,193.32000732421875,156.1300048828125,37.93000030517578,219.30999755859375,201.97000122070312,509.7300109863281,48.59000015258789,121.13999938964844,70.80000305175781,42.51499938964844,48.5,138.14999389648438,106.55999755859375,175.50999450683594,122.3499984741211,258.5,694.469970703125,231.6199951171875,43.54999923706055,56.04999923706055,69.79000091552734,96.13999938964844,142.35000610351562,31.110000610351562,119.4800033569336,565.0999755859375,19.729999542236328,142.9499969482422,237.11000061035156,771.0,134.52000427246094,98.2699966430664,124.0199966430664,84.58000183105469,134.02000427246094,26.239999771118164,190.11000061035156,153.8000030517578,37.2400016784668,215.6699981689453,198.47999572753906,500.6600036621094,47.65999984741211,118.0,69.7699966430664,41.92499923706055,47.86000061035156,136.72999572753906,105.51000213623047,177.02000427246094,123.55999755859375,260.8299865722656,700.0,234.6999969482422,43.88999938964844,57.529998779296875,70.18000030517578,97.25,143.7899932861328,31.260000228881836,120.70999908447266,567.27001953125,20.010000228881836,144.83999633789062,238.77000427246094,777.9199829101562,135.57000732421875,99.56999969482422,124.55000305175781,86.98999786376953,134.8300018310547,26.479999542236328,191.8000030517578,155.22999572753906,37.63999938964844,217.83999633789062,199.83999633789062,506.8599853515625,48.119998931884766,119.81999969482422,70.41000366210938,42.28499984741211,48.25,138.14999389648438,106.30000305175781,3405700,30501600,3039300,1202600,27316800,16109800,6593700,6664400,5238800,6194800,12334300,3197100,1265900,59608100,6268700,5723800,1719100,2010900,6848700,2637900,22022900,167734700,32859100,1026900,5356000,10995000,2566900,11235200,5408600,4868400,2890200,8443800,23545400,34819800,6890300,11080800
2024-12-31,168.9246826171875,120.79000091552734,248.80763244628906,684.1212158203125,229.2827911376953,42.71365737915039,52.70888900756836,67.81393432617188,94.4122543334961,135.83799743652344,31.67714500427246,116.45958709716797,558.2297973632812,20.049999237060547,139.58251953125,232.49684143066406,763.6929931640625,135.27293395996094,95.17073822021484,120.97499084472656,83.84986114501953,134.2460174560547,23.937210083007812,183.14324951171875,149.29795837402344,36.94557189941406,213.84854125976562,194.3168182373047,489.8931884765625,45.3404541015625,117.56590270996094,68.0210189819336,41.17658615112305,47.42279052734375,134.63861083984375,102.37986755371094,177.6999969482422,120.79000091552734,260.6400146484375,693.0800170898438,231.83999633789062,43.95000076293945,56.560001373291016,70.38999938964844,99.16999816894531,144.83999633789062,32.72999954223633,122.58000183105469,572.6199951171875,20.049999237060547,144.6199951171875,239.7100067138672,772.0,139.5,99.4800033569336,125.72000122070312,84.16000366210938,134.2899932861328,26.530000686645508,192.85000610351562,153.6199951171875,38.34000015258789,215.49000549316406,197.49000549316406,505.8599853515625,47.83000183105469,122.58999633789062,70.23999786376953,42.83000183105469,48.33000183105469,137.57000732421875,107.56999969482422,177.83999633789062,123.55000305175781,261.5400085449219,702.97998046875,237.4600067138672,44.22999954223633,56.959999084472656,70.95999908447266,99.30000305175781,145.33999633789062,32.779998779296875,122.81999969482422,576.9199829101562,20.399999618530273,144.6699981689453,241.44000244140625,773.9099731445312,139.75,99.52999877929688,126.83000183105469,86.4000015258789,138.07000732421875,26.649999618530273,194.13999938964844,155.83999633789062,38.58000183105469,218.82000732421875,201.77999877929688,511.0,48.310001373291016,122.98999786376953,70.91999816894531,42.95000076293945,48.56999969482422,138.1199951171875,107.9000015258789,175.9199981689453,120.13999938964844,258.8500061035156,687.4299926757812,231.30999755859375,43.709999084472656,55.93000030517578,70.1500015258789,97.0999984741211,143.32000732421875,31.889999389648438,120.55000305175781,570.4000244140625,19.8799991607666,143.30999755859375,239.02999877929688,764.2999877929688,135.6999969482422,98.43000030517578,125.19999694824219,84.08999633789062,133.8300018310547,26.360000610351562,192.16000366210938,153.2100067138672,37.849998474121094,214.63999938964844,197.36000061035156,503.3399963378906,47.619998931884766,119.5,70.05999755859375,42.290000915527344,48.15999984741211,136.7899932861328,105.77999877929688,176.35000610351562,123.0999984741211,260.75,701.3900146484375,235.8800048828125,44.040000915527344,56.06999969482422,70.55000305175781,97.30000305175781,143.52000427246094,31.950000762939453,120.88999938964844,575.0700073242188,19.989999771118164,143.75999450683594,240.0500030517578,771.0,135.85000610351562,98.5,126.33000183105469,85.44000244140625,138.02999877929688,26.399999618530273,193.33999633789062,154.72000122070312,37.869998931884766,217.92999267578125,200.7899932861328,509.3500061035156,47.959999084472656,119.8499984741211,70.52999877929688,42.375,48.400001525878906,137.5800018310547,106.16999816894531,3326400,30203400,1966200,965000,17927700,16110400,7345200,6393000,5556400,6137800,10409800,3302500,1055800,49846700,5811400,4871000,2327000,2179400,6598200,2970000,18691500,155659200,27085500,1011500,4423300,7817100,1354500,6427900,4214000,4521400,2689900,7031500,21165000,25170500,6626900,12387800
2025-01-02,170.57876586914062,120.62999725341797,247.5093536376953,691.3662719726562,229.42124938964844,43.044097900390625,52.92322540283203,67.38038635253906,95.27860260009766,137.59176635742188,32.325599670410156,118.48324584960938,560.5206909179688,20.219999313354492,139.00343322753906,232.778076171875,769.6976318359375,137.20263671875,94.87415313720703,120.07046508789062,87.0081787109375,138.26467895507812,24.009389877319336,181.75674438476562,149.31741333007812,37.003387451171875,215.1684112548828,198.34109497070312,488.5858154296875,45.368892669677734,118.10296630859375,67.97260284423828,41.65728759765625,47.30504608154297,134.67776489257812,102.13241577148438,179.44000244140625,120.62999725341797,259.2799987792969,700.4199829101562,231.97999572753906,44.290000915527344,56.790000915527344,69.94000244140625,100.08000183105469,146.7100067138672,33.400001525878906,124.70999908447266,574.969970703125,20.219999313354492,144.02000427246094,240.0,778.0700073242188,141.49000549316406,99.16999816894531,124.77999877929688,87.33000183105469,138.30999755859375,26.610000610351562,191.38999938964844,153.63999938964844,38.400001525878906,216.82000732421875,201.5800018310547,504.510009765625,47.86000061035156,123.1500015258789,70.19000244140625,43.33000183105469,48.209999084472656,137.61000061035156,107.30999755859375,179.77999877929688,123.13999938964844,263.5799865722656,711.9600219726562,239.5,44.59000015258789,57.380001068115234,71.16000366210938,101.27999877929688,148.07000732421875,33.93000030517578,125.61000061035156,584.3099975585938,20.43000030517578,145.77000427246094,243.27999877929688,787.0,142.41000366210938,100.3499984741211,127.27999877929688,87.6500015258789,138.8800048828125,26.860000610351562,194.39999389648438,157.50999450683594,39.43000030517578,220.22000122070312,203.77000427246094,512.1099853515625,48.29999923706055,125.18000030517578,71.20999908447266,43.650001525878906,48.77000045776367,138.77000427246094,109.0,177.89999389648438,119.44000244140625,258.30999755859375,696.3400268554688,230.24000549316406,43.79999923706055,56.52000045776367,69.6500015258789,99.5199966430664,145.47999572753906,33.150001525878906,123.55000305175781,569.739990234375,20.0,143.77999877929688,239.4499969482422,771.77001953125,139.5500030517578,98.83000183105469,124.20999908447266,84.73999786376953,134.6300048828125,26.559999465942383,189.5800018310547,152.7899932861328,38.25,214.9600067138672,196.69000244140625,503.2900085449219,47.540000915527344,122.36000061035156,69.76000213623047,43.040000915527344,47.939998626708984,137.1199951171875,106.87999725341797,178.66000366210938,122.29000091552734,262.17999267578125,705.3400268554688,236.16000366210938,44.13999938964844,56.93000030517578,70.94000244140625,100.0,145.47999572753906,33.369998931884766,124.0,579.3099975585938,20.229999542236328,145.22999572753906,240.9199981689453,780.5900268554688,140.5,100.27999877929688,126.51000213623047,84.9800033569336,136.0,26.75,192.80999755859375,155.00999450683594,38.86000061035156,217.67999267578125,197.0,508.0,48.18000030517578,123.30000305175781,70.4800033569336,43.18000030517578,48.58000183105469,138.25999450683594,108.27999877929688,4092000,34256200,2357400,1115100,31525800,25610600,9092000,9827400,5080600,7170300,10072200,2920200,2219000,46438500,6051300,9220900,1938900,2586800,6153300,5014300,18860000,198247200,32899200,1750500,5009100,11557000,2409100,10951400,4234900,6227800,2106800,8303300,34887000,35879100,8973000,12685400
2025-01-03,172.27085876464844,125.37000274658203,249.361328125,705.1260986328125,229.98497009277344,43.549468994140625,53.300106048583984,68.401611328125,96.2401351928711,138.66091918945312,32.83854675292969,120.25038146972656,565.551025390625,20.559999465942383,139.16751098632812,235.9593963623047,773.5655517578125,138.41477966308594,94.84544372558594,121.18668365478516,89.538818359375,144.4226837158203,23.991344451904297,185.78334045410156,153.3895263671875,37.18647766113281,220.77536010742188,205.25814819335938,496.8077697753906,46.31684494018555,119.16747283935547,69.05722045898438,42.04664993286133,47.67790985107422,135.99900817871094,102.65587615966797,181.22000122070312,125.37000274658203,261.2200012207031,714.3599853515625,232.5500030517578,44.810001373291016,56.56999969482422,71.0,101.08999633789062,147.85000610351562,33.93000030517578,126.56999969482422,580.1300048828125,20.559999465942383,144.19000244140625,243.27999877929688,781.97998046875,142.74000549316406,99.13999938964844,125.94000244140625,89.87000274658203,144.47000122070312,26.59000015258789,195.6300048828125,157.8300018310547,38.59000015258789,222.47000122070312,208.61000061035156,513.0,48.86000061035156,124.26000213623047,71.30999755859375,43.73500061035156,48.59000015258789,138.9600067138672,107.86000061035156,181.57000732421875,125.55999755859375,262.0799865722656,717.5700073242188,236.49000549316406,44.849998474121094,56.79999923706055,71.08999633789062,101.4000015258789,148.5,34.029998779296875,126.94000244140625,582.1400146484375,20.670000076293945,144.57000732421875,244.8800048828125,785.8400268554688,143.00999450683594,99.75,126.0,90.19999694824219,144.89999389648438,26.84000015258789,195.69000244140625,158.44000244140625,38.7400016784668,223.0399932861328,208.8000030517578,516.2899780273438,48.88999938964844,124.44999694824219,71.41999816894531,43.880001068115234,48.619998931884766,139.35000610351562,108.48999786376953,178.8000030517578,121.41999816894531,259.7900085449219,702.5800170898438,229.0,44.150001525878906,56.310001373291016,69.8499984741211,100.29000091552734,147.3000030517578,33.349998474121094,125.22000122070312,571.72998046875,20.059999465942383,143.6199951171875,240.25999450683594,775.530029296875,140.83999633789062,98.69000244140625,124.08000183105469,87.51000213623047,139.72999572753906,26.520000457763672,190.5,154.49000549316406,38.029998779296875,217.9600067138672,203.6999969482422,505.3800048828125,47.83000183105469,122.19000244140625,69.73999786376953,43.40999984741211,48.08000183105469,137.74000549316406,107.45999908447266,179.66000366210938,121.6500015258789,260.0,703.1599731445312,233.58999633789062,44.75,56.34000015258789,70.87999725341797,100.62000274658203,147.5399932861328,33.689998626708984,125.62000274658203,581.0,20.389999389648438,144.07000732421875,243.88999938964844,778.1699829101562,141.8800048828125,99.33999633789062,125.6500015258789,87.94999694824219,140.00999450683594,26.700000762939453,192.14999389648438,155.4199981689453,38.68000030517578,218.25,204.10000610351562,506.3500061035156,48.02000045776367,123.19999694824219,70.3499984741211,43.584999084472656,48.4900016784668,137.88999938964844,108.0,4380200,36785300,2979700,1062900,24973200,23455700,9533500,11342900,5758200,5809000,8817900,3012000,1422600,48983900,5878800,9491100,1799100,2531100,6070300,3988400,17484600,229322500,33417000,1358100,5885800,10312700,2623200,10261900,3019500,6418900,1932500,9152800,22120800,25198100,8288700,14237900
2025-01-06,171.2061767578125,129.5500030517578,246.85069274902344,758.576171875,233.8024139404297,44.12287139892578,53.40374755859375,70.07792663574219,95.19292449951172,138.10757446289062,32.664337158203125,120.07936096191406,568.7291259765625,19.8700008392334,138.65597534179688,234.8090057373047,756.8671264648438,136.27171325683594,95.40032196044922,123.78477478027344,98.89421081542969,149.38104248046875,24.26202392578125,185.745361328125,155.3527069091797,37.35029602050781,227.1663055419922,216.4749755859375,497.4566955566406,46.19361114501953,117.11517333984375,69.75447082519531,41.8543701171875,47.53072738647461,136.05772399902344,102.54166412353516,180.10000610351562,129.5500030517578,258.5899963378906,768.510009765625,236.41000366210938,45.400001525878906,56.68000030517578,72.73999786376953,99.98999786376953,147.25999450683594,33.75,126.38999938964844,583.3900146484375,19.8700008392334,143.66000366210938,240.85000610351562,765.0999755859375,140.52999877929688,99.72000122070312,128.63999938964844,99.26000213623047,149.42999267578125,26.889999389648438,195.58999633789062,159.85000610351562,38.7599983215332,228.91000366210938,220.00999450683594,513.6699829101562,48.72999954223633,122.12000274658203,72.02999877929688,43.53499984741211,48.439998626708984,139.02000427246094,107.73999786376953,181.97999572753906,130.72999572753906,261.19000244140625,781.0900268554688,241.75,46.150001525878906,57.029998779296875,73.98999786376953,102.1500015258789,150.3300018310547,34.869998931884766,128.50999450683594,593.6500244140625,20.979999542236328,144.82000732421875,245.69000244140625,784.77001953125,144.50999450683594,100.33000183105469,129.9499969482422,101.5199966430664,152.16000366210938,27.25,199.22999572753906,165.6699981689453,39.529998779296875,231.8000030517578,222.1999969482422,520.2999877929688,49.66999816894531,125.0,73.25,44.28499984741211,49.02000045776367,140.0399932861328,109.77999877929688,179.25999450683594,127.36000061035156,257.04998779296875,749.6500244140625,233.3000030517578,45.099998474121094,55.939998626708984,71.87999725341797,99.63999938964844,146.8699951171875,33.68000030517578,126.08999633789062,579.8200073242188,19.780000686645508,142.92999267578125,240.5800018310547,763.3499755859375,139.7100067138672,98.41999816894531,127.62999725341797,95.4800033569336,147.82000732421875,26.559999465942383,194.4600067138672,159.3300018310547,38.619998931884766,227.25999450683594,215.69000244140625,509.82000732421875,48.650001525878906,121.58000183105469,71.52999877929688,43.42499923706055,48.349998474121094,138.55999755859375,107.5199966430664,180.77999877929688,129.07000732421875,259.04998779296875,751.0599975585938,236.5,45.15999984741211,56.310001373291016,72.2300033569336,101.55000305175781,148.39999389648438,34.16999816894531,127.0,584.97998046875,20.829999923706055,143.50999450683594,243.6999969482422,783.719970703125,142.32000732421875,98.7699966430664,127.62999725341797,95.56999969482422,148.58999633789062,26.709999084472656,197.6999969482422,159.3300018310547,38.900001525878906,227.25999450683594,218.77000427246094,513.0,49.209999084472656,123.97000122070312,71.93000030517578,43.935001373291016,48.79999923706055,138.89999389648438,108.23999786376953,6302100,48020200,4668200,2761100,34028400,30518500,9459600,19199700,5935500,5888700,12626900,2678500,2257000,83271000,7910500,9917800,3991100,3757600,10111100,6665200,42903300,265377400,43951000,2634100,9599800,8366600,4176500,24339900,4444800,7261800,2187500,15565600,22835200,54289900,8653300,15623700
2025-01-07,170.664306640625,127.33000183105469,250.1631317138672,747.78759765625,226.11810302734375,44.78374099731445,53.837162017822266,70.98352813720703,96.79232025146484,140.29278564453125,33.574100494384766,121.19094848632812,565.5413208007812,20.010000228881836,141.1364288330078,237.07080078125,764.9689331054688,137.36749267578125,96.64400482177734,122.0912094116211,101.5344467163086,140.09408569335938,24.47857093811035,184.96664428710938,156.0038604736328,37.9381103515625,224.070068359375,208.02297973632812,498.01837158203125,46.1651725769043,118.90853118896484,69.32837677001953,42.272579193115234,47.42279052734375,136.7330322265625,103.50293731689453,179.52999877929688,127.33000183105469,262.05999755859375,757.5800170898438,228.63999938964844,46.08000183105469,57.13999938964844,73.68000030517578,101.66999816894531,149.58999633789062,34.689998626708984,127.55999755859375,580.1199951171875,20.010000228881836,146.22999572753906,243.1699981689453,773.2899780273438,141.66000366210938,101.0199966430664,126.87999725341797,101.91000366210938,140.13999938964844,27.1299991607666,194.77000427246094,160.52000427246094,39.369998931884766,225.7899932861328,211.4199981689453,514.25,48.70000076293945,123.98999786376953,71.58999633789062,43.970001220703125,48.33000183105469,139.7100067138672,108.75,182.1699981689453,131.7100067138672,265.2099914550781,778.3900146484375,239.5,46.650001525878906,57.66999816894531,74.29000091552734,102.48999786376953,150.5,35.099998474121094,128.60000610351562,588.280029296875,20.34000015258789,147.17999267578125,245.25999450683594,783.9600219726562,143.02999877929688,102.97000122070312,129.66000366210938,106.73999786376953,153.1300048828125,27.56999969482422,197.3699951171875,163.4499969482422,39.689998626708984,231.88999938964844,221.47999572753906,519.5,49.459999084472656,126.43000030517578,73.12999725341797,44.30500030517578,48.7599983215332,140.92999267578125,110.05999755859375,178.38999938964844,126.8499984741211,259.3500061035156,753.489990234375,227.60000610351562,45.650001525878906,56.52000045776367,72.73999786376953,99.91000366210938,147.6300048828125,34.0,126.43000030517578,568.4000244140625,19.899999618530273,143.58999633789062,240.89999389648438,761.6199951171875,140.50999450683594,100.05000305175781,125.45999908447266,101.16000366210938,140.00999450683594,26.940000534057617,193.55999755859375,159.25,38.7599983215332,224.55999755859375,211.32000732421875,511.2200012207031,48.470001220703125,122.27999877929688,71.51000213623047,43.59000015258789,48.119998931884766,139.36000061035156,108.27999877929688,179.6300048828125,130.50999450683594,260.2200012207031,775.0,239.5,46.279998779296875,56.68000030517578,73.9000015258789,100.5,148.50999450683594,34.040000915527344,126.9800033569336,587.1099853515625,20.020000457763672,143.75999450683594,242.13999938964844,764.9000244140625,141.6999969482422,100.12999725341797,129.64999389648438,103.41000366210938,153.02999877929688,27.010000228881836,195.9199981689453,162.0,39.189998626708984,231.6999969482422,221.24000549316406,518.8499755859375,49.310001373291016,122.56999969482422,72.97000122070312,43.85499954223633,48.650001525878906,139.36000061035156,108.94000244140625,5905200,39220400,3173700,1490200,25928600,41111200,10814600,18309400,5074700,7736000,11021700,2766800,2021900,61726100,8422000,8753400,3576100,3064900,10890900,7268800,53570000,351782200,35030000,2727100,7666000,9350100,3694800,17010000,3914500,6014300,2776200,13522000,25035800,57682700,12639700,12625900
2025-01-08,169.6851806640625,121.83999633789062,252.21551513671875,734.3631591796875,226.78070068359375,44.91008377075195,53.5262336730957,70.57888793945312,96.7447280883789,140.95864868164062,34.01930236816406,122.04601287841797,565.44384765625,19.8799991607666,137.31439208984375,237.03179931640625,778.7491455078125,138.01718139648438,95.52468872070312,123.03422546386719,99.04366302490234,140.06411743164062,24.234960556030273,184.88113403320312,154.60433959960938,37.39847946166992,221.83718872070312,203.7920684814453,507.9642028808594,45.994544982910156,120.05935668945312,69.30899810791016,42.31584167480469,47.57979202270508,137.43765258789062,101.77075958251953,178.5,121.83999633789062,264.2099914550781,743.97998046875,229.30999755859375,46.209999084472656,56.810001373291016,73.26000213623047,101.62000274658203,150.3000030517578,35.150001525878906,128.4600067138672,580.02001953125,19.8799991607666,142.27000427246094,243.1300048828125,787.219970703125,142.3300018310547,99.8499984741211,127.86000061035156,99.41000366210938,140.11000061035156,26.860000610351562,194.67999267578125,159.0800018310547,38.810001373291016,223.5399932861328,207.1199951171875,524.52001953125,48.52000045776367,125.19000244140625,71.56999969482422,44.01499938964844,48.4900016784668,140.42999267578125,106.93000030517578,179.24000549316406,125.30000305175781,264.25,753.3300170898438,232.47000122070312,46.2599983215332,57.04999923706055,73.47000122070312,102.44999694824219,151.17999267578125,35.20000076293945,128.88999938964844,581.2000122070312,20.1200008392334,145.58999633789062,244.25,792.5599975585938,142.75999450683594,100.7699966430664,128.0,103.4800033569336,143.9499969482422,27.139999389648438,195.41000366210938,160.19000244140625,39.130001068115234,225.4600067138672,210.3000030517578,524.6699829101562,48.689998626708984,125.37000274658203,72.08000183105469,44.03499984741211,48.5,140.63999938964844,107.70999908447266,176.17999267578125,120.12000274658203,259.82000732421875,737.0,226.05999755859375,45.689998626708984,56.04999923706055,72.69000244140625,100.75,148.02999877929688,34.36000061035156,126.91000366210938,572.6699829101562,19.709999084472656,141.44000244140625,240.5,770.6699829101562,138.94000244140625,98.05000305175781,125.76000213623047,98.30000305175781,137.55999755859375,26.229999542236328,191.25,156.94000244140625,38.40999984741211,221.11000061035156,205.9199981689453,509.510009765625,47.88999938964844,121.80000305175781,71.05999755859375,43.54499816894531,48.02000045776367,138.69000244140625,106.01000213623047,179.1999969482422,124.51000213623047,261.9700012207031,753.0,229.6999969482422,45.900001525878906,56.97999954223633,73.44999694824219,101.0,148.0399932861328,34.459999084472656,127.73999786376953,581.0399780273438,19.829999923706055,145.49000549316406,242.75,773.8300170898438,140.0,100.69999694824219,126.91000366210938,102.81999969482422,142.5800018310547,27.049999237060547,194.66000366210938,160.0500030517578,38.720001220703125,225.0500030517578,209.97000122070312,514.5,48.65999984741211,122.19999694824219,71.51000213623047,43.70000076293945,48.34000015258789,139.97000122070312,107.30999755859375,4488500,46723100,2421500,1185400,18756500,40246000,11995900,13742800,5119900,7640900,10936900,3052800,1513400,47897100,11175600,8675300,3478400,2691900,8654700,5744500,33516900,227349900,35430700,1659700,7731900,11319700,3141400,13262700,4141700,5955500,2259000,16544700,28483800,36422000,7827400,17858100
2025-01-10,166.5196075439453,116.04000091552734,250.32545471191406,729.45751953125,221.8358612060547,43.84103012084961,52.602882385253906,68.7869644165039,97.03032684326172,143.6221160888672,34.83228302001953,124.8487319946289,545.9269409179688,19.149999618530273,137.1116943359375,233.8535614013672,791.292724609375,137.95899963378906,94.95068359375,118.79066467285156,98.97391510009766,135.86549377441406,24.108640670776367,179.50604248046875,152.5634307861328,37.21538543701172,216.53787231445312,205.02198791503906,504.2550964355469,44.91387939453125,121.93902587890625,67.74986267089844,42.488887786865234,46.43174743652344,136.66448974609375,101.39956665039062,175.1699981689453,116.04000091552734,262.2300109863281,739.010009765625,224.30999755859375,45.11000061035156,55.83000183105469,71.4000015258789,101.91999816894531,153.13999938964844,35.9900016784668,131.41000366210938,560.0,19.149999618530273,142.05999755859375,239.8699951171875,799.9000244140625,142.27000427246094,99.25,123.44999694824219,99.33999633789062,135.91000366210938,26.719999313354492,189.02000427246094,156.97999572753906,38.619998931884766,218.1999969482422,208.3699951171875,520.6900024414062,47.380001068115234,127.1500015258789,69.95999908447266,44.19499969482422,47.31999969482422,139.63999938964844,106.54000091552734,177.5399932861328,118.70999908447266,264.7900085449219,751.2999877929688,227.8300018310547,46.04999923706055,56.52000045776367,72.45999908447266,104.44000244140625,154.33999633789062,36.880001068115234,134.83999633789062,576.25,19.65999984741211,143.6699981689453,243.80999755859375,800.0,145.30999755859375,100.41000366210938,126.5,100.77999877929688,139.9199981689453,27.049999237060547,193.50999450683594,158.27999877929688,39.689998626708984,220.8800048828125,209.97999572753906,535.4500122070312,48.09000015258789,130.2100067138672,70.93000030517578,45.099998474121094,48.13999938964844,140.9499969482422,110.0999984741211,173.3300018310547,114.44999694824219,260.54998779296875,735.4000244140625,221.25,44.7400016784668,55.630001068115234,71.0199966430664,101.19000244140625,150.8699951171875,35.650001525878906,130.0500030517578,558.010009765625,18.90999984741211,140.67999267578125,238.74000549316406,784.8599853515625,140.91000366210938,98.80999755859375,123.29000091552734,96.87000274658203,134.22000122070312,26.690000534057617,188.61000061035156,155.5500030517578,38.5099983215332,216.77999877929688,203.22999572753906,518.469970703125,47.04999923706055,125.91000366210938,69.33999633789062,43.959999084472656,47.150001525878906,139.35000610351562,105.77999877929688,176.86000061035156,118.18000030517578,260.7900085449219,751.0,227.3000030517578,46.0,56.36000061035156,72.45999908447266,103.5,153.41000366210938,36.25,131.27999877929688,576.25,19.65999984741211,141.0,243.08999633789062,791.9299926757812,144.25999450683594,99.20999908447266,126.30999755859375,98.12000274658203,137.4499969482422,26.8700008392334,192.8800048828125,157.6999969482422,39.56999969482422,220.74000549316406,207.60000610351562,526.6400146484375,47.88999938964844,128.22000122070312,70.9000015258789,44.584999084472656,48.099998474121094,139.9499969482422,108.69999694824219,5372200,59415600,2721800,1515800,23864000,40741300,9681300,13217700,7013200,11074700,14356700,4882800,2817900,71244600,8821500,10256800,3973100,3593100,11328500,6873800,20512600,207602500,32836900,2253200,6236800,15273600,4038000,17265200,5467500,8528500,3031000,14466600,34075800,53128700,10343700,19304500
2025-01-13,168.0120849609375,117.31999969482422,257.9241027832031,718.0073852539062,222.80506896972656,43.79243087768555,52.16004943847656,70.10682678222656,99.2295150756836,145.6947479248047,35.587188720703125,127.77494049072266,548.8028564453125,19.200000762939453,139.437744140625,238.08473205566406,788.8988037109375,142.30325317382812,96.60575866699219,119.31027221679688,94.70968627929688,133.1863555908203,24.180822372436523,182.74440002441406,152.709228515625,38.40065002441406,215.87298583984375,198.1246337890625,524.0596313476562,45.87130355834961,127.88494110107422,68.3018569946289,43.38298797607422,46.76537322998047,138.44570922851562,104.01688385009766,176.74000549316406,117.31999969482422,270.19000244140625,727.4099731445312,225.2899932861328,45.060001373291016,55.36000061035156,72.7699966430664,104.2300033569336,155.35000610351562,36.77000045776367,134.49000549316406,562.9500122070312,19.200000762939453,144.47000122070312,244.2100067138672,797.47998046875,146.75,100.9800033569336,123.98999786376953,95.05999755859375,133.22999572753906,26.799999237060547,192.42999267578125,157.1300048828125,39.849998474121094,217.52999877929688,201.36000061035156,541.1400146484375,48.38999938964844,133.35000610351562,70.52999877929688,45.125,47.65999984741211,141.4600067138672,109.29000091552734,177.97999572753906,117.4800033569336,270.489990234375,729.0,229.25999450683594,45.34000015258789,55.790000915527344,73.0,105.0999984741211,157.35000610351562,37.52000045776367,135.9199981689453,566.1900024414062,19.25,145.07000732421875,244.5399932861328,805.3400268554688,151.25999450683594,101.16000366210938,124.30000305175781,96.0,133.49000549316406,26.809999465942383,192.7100067138672,157.3699951171875,40.029998779296875,217.83999633789062,203.58999633789062,547.4000244140625,48.40999984741211,136.38999938964844,70.61000061035156,45.38999938964844,47.68000030517578,141.82000732421875,109.62999725341797,174.33999633789062,114.41000366210938,261.2799987792969,717.5900268554688,219.50999450683594,44.689998626708984,54.810001373291016,70.9800033569336,102.0199966430664,154.0,36.349998474121094,131.6699981689453,556.760009765625,18.729999542236328,142.30999755859375,239.0,783.6099853515625,142.77999877929688,98.98999786376953,122.44999694824219,92.87999725341797,129.50999450683594,26.360000610351562,189.3000030517578,154.8000030517578,38.779998779296875,213.66000366210938,200.0500030517578,533.1400146484375,47.40999984741211,127.9000015258789,69.55999755859375,44.39500045776367,47.040000915527344,139.6699981689453,107.12999725341797,175.16000366210938,115.27999877929688,262.1099853515625,721.2000122070312,219.99000549316406,45.099998474121094,55.68000030517578,70.9800033569336,102.0199966430664,154.10000610351562,36.38999938964844,131.91000366210938,557.8800048828125,18.920000076293945,142.97999572753906,239.6699981689453,794.4000244140625,143.35000610351562,99.45999908447266,122.44999694824219,95.83999633789062,129.99000549316406,26.649999618530273,189.32000732421875,155.22000122070312,38.810001373291016,213.85000610351562,200.52000427246094,535.0399780273438,47.540000915527344,127.9000015258789,69.9000015258789,44.39500045776367,47.08000183105469,139.7899932861328,107.12999725341797,4734100,39128900,3365900,1321800,23772100,34353600,7120700,16720600,7342100,11774100,12201100,5523500,1871200,50669000,10376400,10005300,3683800,3673300,8168100,5433000,22699100,204808900,28359600,1855600,5714700,15964000,2310000,16612400,6472500,9164700,5190300,10439800,48896200,36002800,9422200,17073400
2025-01-14,166.88084411621094,116.08999633789062,254.97439575195312,726.7726440429688,222.22154235839844,44.49217987060547,52.51808547973633,70.81011199951172,99.84832000732422,147.1484375,35.98400115966797,128.9910125732422,557.1671752929688,19.200000762939453,139.70799255371094,241.262939453125,736.8944091796875,144.892333984375,95.33336639404297,119.91651153564453,97.00122833251953,131.7168426513672,23.828935623168945,185.85931396484375,155.04168701171875,38.419921875,217.29209899902344,198.21316528320312,526.5775146484375,46.506431579589844,128.5658416748047,68.9410171508789,43.849266052246094,47.34429168701172,137.01683044433594,104.42613220214844,175.5500030517578,116.08999633789062,267.1000061035156,736.2899780273438,224.6999969482422,45.779998779296875,55.7400016784668,73.5,104.87999725341797,156.89999389648438,37.18000030517578,135.77000427246094,571.530029296875,19.200000762939453,144.75,247.47000122070312,744.9099731445312,149.4199981689453,99.6500015258789,124.62000274658203,97.36000061035156,131.75999450683594,26.40999984741211,195.7100067138672,159.52999877929688,39.869998931884766,218.9600067138672,201.4499969482422,543.739990234375,49.060001373291016,134.05999755859375,71.19000244140625,45.61000061035156,48.25,140.0,109.72000122070312,176.77999877929688,118.66000366210938,271.6099853515625,739.52001953125,230.25999450683594,45.91999816894531,55.97999954223633,73.98999786376953,104.94999694824219,156.91000366210938,37.38999938964844,135.97999572753906,573.5900268554688,19.520000457763672,144.80999755859375,247.72000122070312,784.22998046875,150.13999938964844,101.48999786376953,125.4000015258789,97.41000366210938,136.3800048828125,26.8700008392334,196.47999572753906,161.00999450683594,40.13999938964844,220.75,206.25999450683594,544.5499877929688,49.349998474121094,134.52999877929688,71.45999908447266,45.650001525878906,48.290000915527344,141.27000427246094,109.76000213623047,174.08999633789062,114.5,264.9100036621094,728.0599975585938,223.10000610351562,45.22999954223633,55.459999084472656,73.13999938964844,103.1500015258789,154.4600067138672,36.529998779296875,133.6999969482422,565.2000122070312,18.81999969482422,142.86000061035156,242.19000244140625,729.0,144.85000610351562,99.01000213623047,123.69000244140625,95.37999725341797,130.0500030517578,26.270000457763672,192.83999633789062,156.55999755859375,39.220001220703125,216.1199951171875,198.5,536.5499877929688,48.68000030517578,130.17999267578125,70.29000091552734,44.97999954223633,47.7400016784668,138.8800048828125,107.83000183105469,176.61000061035156,118.0,271.6099853515625,737.5399780273438,226.57000732421875,45.599998474121094,55.5,73.31999969482422,103.37999725341797,155.2100067138672,36.619998931884766,133.72000122070312,569.6599731445312,19.360000610351562,144.5,242.66000366210938,784.22998046875,146.4199981689453,101.26000213623047,125.4000015258789,97.05000305175781,136.0500030517578,26.809999465942383,194.17999267578125,160.13999938964844,39.58000183105469,219.35000610351562,205.19000244140625,539.6500244140625,48.810001373291016,132.02000427246094,71.45999908447266,45.04499816894531,47.849998474121094,141.27000427246094,108.79000091552734,4779100,37005300,2942300,1022600,18143100,36379000,7409900,19576000,4808100,6830200,9395600,3223800,2221900,47147500,8681700,12407400,10373000,2510800,10927400,8999900,18613400,195590500,25856900,1733400,6476500,12119700,1492800,14182900,3978300,8753200,2957500,21909800,31173000,39353300,10277800,11191200
2025-01-15,164.42433166503906,119.95999908447266,256.7308349609375,716.911865234375,225.48513793945312,45.775047302246094,52.678260803222656,75.4055404663086,100.4195327758789,148.48956298828125,37.193790435791016,130.21661376953125,590.6929321289062,19.719999313354492,139.92034912109375,246.02056884765625,738.7047119140625,147.34568786621094,95.75430297851562,125.62268829345703,102.80973052978516,136.1953887939453,23.65750503540039,191.9202423095703,159.78440856933594,39.161922454833984,221.5097198486328,203.4772186279297,526.2676391601562,48.25066375732422,132.25804138183594,73.55062866210938,44.49821090698242,48.55120086669922,137.57467651367188,106.12976837158203,171.35000610351562,119.95999908447266,268.94000244140625,726.2999877929688,228.0,47.099998474121094,55.90999984741211,78.2699966430664,105.4800033569336,158.3300018310547,38.43000030517578,137.05999755859375,605.9199829101562,19.719999313354492,144.97000122070312,252.35000610351562,746.739990234375,151.9499969482422,100.08999633789062,130.5500030517578,103.19000244140625,136.24000549316406,26.219999313354492,200.44000244140625,164.41000366210938,40.63999938964844,223.2100067138672,206.8000030517578,543.4199829101562,50.900001525878906,137.91000366210938,75.94999694824219,46.28499984741211,49.47999954223633,140.57000732421875,111.51000213623047,174.4600067138672,120.41999816894531,272.82000732421875,744.469970703125,230.33999633789062,47.459999084472656,56.7400016784668,79.25,105.87000274658203,158.69000244140625,38.72999954223633,137.22000122070312,609.4099731445312,19.770000457763672,146.0500030517578,253.6699981689453,754.5999755859375,153.1300048828125,100.81999969482422,131.44000244140625,103.93000030517578,136.4499969482422,26.649999618530273,200.6199951171875,165.4499969482422,40.90999984741211,224.64999389648438,209.0399932861328,546.2899780273438,51.119998931884766,138.67999267578125,76.81999969482422,46.404998779296875,49.61000061035156,141.24000549316406,111.7300033569336,168.72000122070312,117.45999908447266,268.5799865722656,725.1900024414062,225.5800018310547,46.84000015258789,55.65999984741211,75.86000061035156,104.44000244140625,156.3800048828125,37.369998931884766,135.07000732421875,593.0,19.170000076293945,144.25999450683594,243.67999267578125,735.27001953125,150.44000244140625,99.61000061035156,128.4600067138672,99.3499984741211,131.2899932861328,26.209999084472656,197.75,162.08999633789062,40.0,221.6699981689453,199.35000610351562,534.3300170898438,50.2400016784668,134.6999969482422,73.6500015258789,45.70000076293945,49.0099983215332,139.77000427246094,109.47000122070312,173.52000427246094,117.55000305175781,269.3299865722656,739.4600219726562,228.5500030517578,47.119998931884766,56.130001068115234,76.19999694824219,105.0199966430664,156.8800048828125,37.689998626708984,135.9199981689453,598.0,19.399999618530273,145.30999755859375,250.39999389648438,749.0,151.3699951171875,100.0999984741211,129.7100067138672,99.44000244140625,133.64999389648438,26.520000457763672,199.38999938964844,162.10000610351562,40.0,222.47999572753906,202.49000549316406,537.0999755859375,50.45000076293945,135.22000122070312,75.36000061035156,45.88999938964844,49.279998779296875,140.38999938964844,110.05000305175781,8048700,38185800,3737500,1864400,21745600,57154800,8458400,44903000,4566900,7900000,15331700,2529900,5119800,56306000,7434600,18448500,5736900,2456300,9170300,11349500,27568100,185217300,35949700,3431200,9284000,11877400,2900200,18286500,4103900,13935600,4326500,33482900,34657800,61176900,11388400,14521100
2025-01-16,166.67933654785156,118.44000244140625,257.19854736328125,740.5818481445312,226.87962341308594,45.32798767089844,53.121089935302734,75.63675689697266,100.54330444335938,149.4742889404297,37.18410873413086,131.1571807861328,597.5852661132812,19.670000076293945,142.62281799316406,247.89239501953125,749.4478759765625,147.10325622558594,96.3378677368164,130.6841583251953,102.22190856933594,133.52626037597656,23.9011173248291,188.18601989746094,156.88821411132812,39.595550537109375,221.83718872070312,211.33883666992188,494.473876953125,45.53004455566406,133.658203125,73.55062866210938,44.82027816772461,48.8750114440918,138.12274169921875,105.94894409179688,173.6999969482422,118.44000244140625,269.42999267578125,750.280029296875,229.41000366210938,46.63999938964844,56.380001068115234,78.51000213623047,105.61000061035156,159.3800048828125,38.41999816894531,138.0500030517578,612.989990234375,19.670000076293945,147.77000427246094,254.27000427246094,757.5999755859375,151.6999969482422,100.69999694824219,135.80999755859375,102.5999984741211,133.57000732421875,26.489999771118164,196.5399932861328,161.42999267578125,41.09000015258789,223.5399932861328,214.7899932861328,510.5899963378906,48.029998779296875,139.3699951171875,75.94999694824219,46.619998931884766,49.810001373291016,141.1300048828125,111.31999969482422,173.9600067138672,121.08999633789062,270.30999755859375,771.5599975585938,238.60000610351562,47.5099983215332,56.41999816894531,78.76000213623047,106.16999816894531,159.89999389648438,38.63999938964844,138.17999267578125,616.8400268554688,19.950000762939453,148.07000732421875,257.0400085449219,765.510009765625,152.9600067138672,100.9000015258789,136.14999389648438,104.80000305175781,138.75,26.56999969482422,196.99000549316406,165.83999633789062,41.220001220703125,227.7899932861328,221.9499969482422,539.8400268554688,49.209999084472656,140.10000610351562,76.44000244140625,46.665000915527344,49.849998474121094,141.33999633789062,111.69000244140625,170.52000427246094,118.25,267.1499938964844,748.4600219726562,229.2100067138672,45.81999969482422,55.08000183105469,77.76000213623047,105.08999633789062,158.02999877929688,37.91999816894531,136.1999969482422,606.0,19.399999618530273,144.05999755859375,252.3300018310547,746.4000244140625,150.72000122070312,99.94999694824219,131.89999389648438,101.87000274658203,133.49000549316406,25.959999084472656,183.44000244140625,161.27999877929688,40.33000183105469,223.52999877929688,213.1699981689453,510.0,47.20000076293945,136.36000061035156,74.69000244140625,46.07500076293945,49.459999084472656,139.5800018310547,110.55000305175781,171.4499969482422,120.23999786376953,268.9200134277344,758.7999877929688,235.22000122070312,47.0,55.84000015258789,77.83000183105469,105.19000244140625,158.02999877929688,38.029998779296875,136.27999877929688,609.989990234375,19.75,144.32000732421875,254.0,747.5,151.0,100.44000244140625,132.35000610351562,104.31999969482422,138.63999938964844,26.06999969482422,185.5,165.35000610351562,40.45000076293945,227.25,218.88999938964844,530.3499755859375,47.88999938964844,136.88999938964844,75.8499984741211,46.130001068115234,49.459999084472656,140.1300048828125,111.19000244140625,5236000,29414100,2684500,2407600,23471900,56339300,9061000,21463100,5273500,5578900,8471200,2730500,3224500,44898100,8964000,15292300,3070300,1862200,7749600,16235700,16243800,209235600,29981100,5065800,7188900,16148800,3029500,38539600,9059900,19043000,3212400,22897900,25230600,33830400,8512100,10366600
2025-01-17,164.6258544921875,121.45999908447266,259.7569274902344,746.5537109375,234.821044921875,45.2210807800293,53.036293029785156,77.0625991821289,100.77178192138672,151.43441772460938,36.72922897338867,130.6835479736328,610.2098388671875,21.489999771118164,141.9085693359375,252.6597442626953,717.9108276367188,148.07293701171875,93.67830657958984,132.6664276123047,105.36029052734375,137.66490173339844,23.729686737060547,190.10101318359375,159.93019104003906,41.9949951171875,227.99000549316406,208.1016845703125,493.67010498046875,45.84286880493164,135.26937866210938,74.64494323730469,45.1663818359375,49.28712463378906,137.1929931640625,106.90068817138672,171.55999755859375,121.45999908447266,272.1099853515625,756.3300170898438,237.44000244140625,46.529998779296875,56.290000915527344,79.98999786376953,105.8499984741211,161.47000122070312,37.95000076293945,136.5800018310547,625.9400024414062,21.489999771118164,147.02999877929688,259.1600036621094,725.719970703125,152.6999969482422,97.91999816894531,137.8699951171875,105.75,137.7100067138672,26.299999237060547,198.5399932861328,164.55999755859375,43.58000183105469,229.74000549316406,211.5,509.760009765625,48.36000061035156,141.0500030517578,77.08000183105469,46.97999954223633,50.22999954223633,140.17999267578125,112.31999969482422,173.99000549316406,122.73999786376953,276.9700012207031,769.2000122070312,238.10000610351562,46.880001068115234,56.619998931884766,80.44999694824219,106.1500015258789,161.77000427246094,38.630001068115234,137.86000061035156,627.0,21.6200008392334,148.3800048828125,260.6199951171875,755.280029296875,153.5399932861328,100.47000122070312,138.0800018310547,105.87999725341797,138.5,26.559999465942383,202.1999969482422,165.61000061035156,44.5,230.32000732421875,215.67999267578125,521.8200073242188,48.779998779296875,141.58999633789062,77.25,47.14500045776367,50.31999969482422,141.39999389648438,112.87000274658203,171.27000427246094,120.55000305175781,269.7799987792969,751.5,232.66000366210938,46.08000183105469,55.54999923706055,78.16000366210938,105.16999816894531,158.8000030517578,37.720001220703125,136.10000610351562,613.0,20.790000915527344,146.61000061035156,252.13999938964844,725.010009765625,149.9499969482422,97.91999816894531,134.52999877929688,102.5,135.4600067138672,26.219999313354492,196.7899932861328,163.10000610351562,41.61000061035156,227.36000061035156,211.05999755859375,502.79998779296875,47.40999984741211,138.27999877929688,75.5,46.45500183105469,49.72999954223633,140.17999267578125,110.81999969482422,172.8800048828125,120.77999877929688,276.9700012207031,767.9099731445312,237.0800018310547,46.61000061035156,56.0,78.55000305175781,105.80000305175781,159.1300048828125,38.189998626708984,136.85000610351562,617.7999877929688,21.260000228881836,147.44000244140625,254.13999938964844,747.8300170898438,151.5,100.47000122070312,136.16000366210938,104.63999938964844,136.69000244140625,26.399999618530273,198.0,165.3800048828125,42.150001525878906,228.5800018310547,215.1699981689453,505.6199951171875,48.779998779296875,139.35000610351562,75.9800033569336,46.619998931884766,49.90999984741211,140.94000244140625,111.02999877929688,7852500,35765900,3244000,1933600,31196600,44486100,10911600,22084800,8559300,9260400,9359800,2839000,3425200,166483900,10773100,17678100,5560100,2486500,16182000,12481500,18908900,201188800,35380300,4465700,8097500,30731300,3785500,21606100,7495700,14835700,2531300,20673700,23899600,43693100,7668100,19298500
2025-01-21,165.63340759277344,122.27999877929688,262.3343505859375,753.137451171875,237.6593780517578,45.3474235534668,53.74294662475586,78.68110656738281,99.27711486816406,148.4051513671875,35.54847717285156,130.1668701171875,618.7886352539062,21.770000457763672,142.98956298828125,256.4326477050781,734.3619384765625,146.2499237060547,92.07107543945312,132.117919921875,108.97691345214844,140.78387451171875,24.03645896911621,190.1201629638672,162.56394958496094,42.14917755126953,230.67935180664062,215.18601989746094,508.4193115234375,46.75290298461914,133.81166076660156,75.39061737060547,44.935646057128906,49.69924545288086,139.4635467529297,106.0916976928711,172.61000061035156,122.27999877929688,274.80999755859375,763.0,240.30999755859375,46.65999984741211,57.040000915527344,81.66999816894531,104.27999877929688,158.24000549316406,36.72999954223633,136.0399932861328,634.739990234375,21.770000457763672,148.14999389648438,263.0299987792969,742.3499755859375,150.82000732421875,96.23999786376953,137.3000030517578,109.37999725341797,140.8300018310547,26.639999389648438,198.55999755859375,167.27000427246094,43.7400016784668,232.4499969482422,218.6999969482422,524.989990234375,49.31999969482422,139.52999877929688,77.8499984741211,46.7400016784668,50.650001525878906,142.5,111.47000122070312,175.66000366210938,123.75,276.5,767.72998046875,242.75,47.150001525878906,57.68000030517578,81.8499984741211,105.7300033569336,161.39999389648438,37.650001525878906,136.44000244140625,635.4299926757812,22.40999984741211,148.86000061035156,264.25,743.280029296875,152.69000244140625,98.2699966430664,137.6199951171875,110.23999786376953,141.8300018310547,26.639999389648438,200.6300048828125,168.67999267578125,44.65999984741211,234.5800018310547,220.14999389648438,525.0,49.40999984741211,140.99000549316406,78.29000091552734,47.0,50.709999084472656,142.50999450683594,112.18000030517578,171.22000122070312,121.12000274658203,270.2799987792969,755.489990234375,237.39999389648438,46.540000915527344,56.54999923706055,79.91999816894531,104.04000091552734,157.49000549316406,36.41999816894531,134.2100067138672,609.0,21.75,147.0500030517578,259.5,726.530029296875,149.47000122070312,95.76000213623047,135.2899932861328,105.2300033569336,137.08999633789062,26.389999389648438,197.1999969482422,165.35000610351562,43.349998474121094,229.8000030517578,212.0500030517578,512.8200073242188,48.33000183105469,138.75999450683594,77.33000183105469,46.494998931884766,50.38999938964844,140.89999389648438,111.12999725341797,172.16000366210938,122.38999938964844,272.1400146484375,763.0,241.5,46.619998931884766,56.630001068115234,80.43000030517578,105.0,161.14999389648438,37.5,134.92999267578125,616.8099975585938,22.030000686645508,147.55999755859375,260.07000732421875,731.27001953125,152.25,98.08000183105469,136.44000244140625,105.43000030517578,139.16000366210938,26.450000762939453,199.3800048828125,166.0,43.95000076293945,231.80999755859375,214.4600067138672,514.0499877929688,48.65999984741211,140.11000061035156,77.69000244140625,46.86000061035156,50.400001525878906,140.9199981689453,112.05000305175781,7548500,31578800,3928500,1332000,30903200,52089100,9113200,21297400,7144700,10131400,13092100,3706200,5076700,96262200,11111700,13712100,5122800,2669400,17756100,11213300,23533600,197749000,39745600,3111100,7380500,22986900,3201500,19061300,5682100,11643900,2663600,21057700,49302000,33267500,7257800,20416300
2025-01-22,162.36123657226562,123.75,261.02655029296875,756.7994995117188,238.25277709960938,44.50189971923828,53.7900505065918,78.70037841796875,98.11564636230469,146.68890380859375,35.28716278076172,128.23410034179688,616.8291625976562,21.860000610351562,140.20989990234375,256.2474060058594,745.8667602539062,143.13720703125,91.53533172607422,130.86700439453125,108.82747650146484,147.02183532714844,23.468029022216797,187.9562225341797,165.4503936767578,40.11591720581055,234.01373291015625,219.61370849609375,503.315673828125,46.098819732666016,129.54403686523438,75.09040832519531,44.11845779418945,49.463748931884766,139.15037536621094,104.24529266357422,169.1999969482422,123.75,273.44000244140625,766.7100219726562,240.91000366210938,45.790000915527344,57.09000015258789,81.69000244140625,103.05999755859375,156.41000366210938,36.459999084472656,134.02000427246094,632.72998046875,21.860000610351562,145.27000427246094,262.8399963378906,753.97998046875,147.61000061035156,95.68000030517578,136.0,109.2300033569336,147.07000732421875,26.010000228881836,196.3000030517578,170.24000549316406,41.630001068115234,235.80999755859375,223.1999969482422,519.719970703125,48.630001068115234,135.0800018310547,77.54000091552734,45.88999938964844,50.40999984741211,142.17999267578125,109.52999877929688,170.8699951171875,125.6500015258789,275.0199890136719,784.8200073242188,246.99000549316406,46.72999954223633,57.38999938964844,82.27999877929688,104.98999786376953,158.44000244140625,37.20000076293945,136.1999969482422,635.5999755859375,22.290000915527344,145.47000122070312,263.3800048828125,760.3699951171875,150.58999633789062,97.0,138.3800048828125,110.66999816894531,147.7899932861328,26.600000381469727,197.7899932861328,172.08999633789062,43.45000076293945,238.33999633789062,225.42999267578125,524.4400024414062,49.09000015258789,138.97999572753906,77.80999755859375,46.650001525878906,50.65999984741211,142.6300048828125,111.56999969482422,168.05999755859375,121.91000366210938,272.07000732421875,765.8900146484375,240.69000244140625,45.7599983215332,55.95000076293945,81.2300033569336,102.91999816894531,156.27000427246094,36.43000030517578,133.83999633789062,629.7100219726562,21.56999969482422,142.11000061035156,260.25,739.0499877929688,147.4199981689453,95.1500015258789,135.82000732421875,107.76000213623047,143.6699981689453,25.969999313354492,195.3699951171875,168.19000244140625,41.459999084472656,234.32000732421875,219.30999755859375,516.0,47.939998626708984,134.61000061035156,76.86000061035156,45.86000061035156,50.209999084472656,141.1300048828125,109.4000015258789,170.3000030517578,123.08000183105469,272.6600036621094,777.75,246.75,46.599998474121094,56.4900016784668,81.47000122070312,104.27999877929688,157.67999267578125,36.709999084472656,135.80999755859375,633.4400024414062,21.729999542236328,144.0,262.8999938964844,745.5800170898438,149.32000732421875,95.95999908447266,137.25999450683594,109.16999816894531,144.66000366210938,26.510000228881836,197.47000122070312,168.32000732421875,43.380001068115234,234.8300018310547,221.9499969482422,521.6599731445312,48.9900016784668,138.67999267578125,77.56999969482422,46.595001220703125,50.650001525878906,141.8000030517578,111.19999694824219,9465000,35023800,3518300,1699900,29610500,40296200,8439800,14725700,4839100,7232200,7971600,3376500,2835700,60972600,16834700,9021900,3737800,3310100,13070900,7177500,20004300,237651400,41890400,2879900,7281700,23719200,3461100,17294500,3756100,9541100,4038200,11669500,35880200,37226400,8189900,15718000
2025-01-23,163.77182006835938,123.04000091552734,265.26495361328125,736.593994140625,237.6297149658203,45.08502197265625,55.721553802490234,78.9797592163086,99.00102233886719,146.31375122070312,35.27748489379883,128.19581604003906,623.4290161132812,21.56999969482422,141.5321807861328,259.2794494628906,758.3510131835938,149.6341552734375,92.44417572021484,132.5990447998047,104.45365142822266,147.17178344726562,23.856006622314453,189.24884033203125,169.45448303222656,40.50136947631836,233.57708740234375,221.01087951660156,513.048583984375,45.90922546386719,134.94329833984375,74.98388671875,44.320350646972656,49.74829864501953,141.00990295410156,104.83539581298828,170.6699981689453,123.04000091552734,277.8800048828125,746.239990234375,240.27999877929688,46.38999938964844,59.13999938964844,81.9800033569336,103.98999786376953,156.00999450683594,36.45000076293945,133.97999572753906,639.5,21.56999969482422,146.63999938964844,265.95001220703125,766.5999755859375,154.30999755859375,96.62999725341797,137.8000030517578,104.83999633789062,147.22000122070312,26.440000534057617,197.64999389648438,174.36000061035156,42.029998779296875,235.3699951171875,224.6199951171875,529.77001953125,48.43000030517578,140.7100067138672,77.43000030517578,46.099998474121094,50.70000076293945,144.0800018310547,110.1500015258789,170.69000244140625,123.70999908447266,278.0,747.75,240.39999389648438,46.88999938964844,59.25,82.7699966430664,105.4800033569336,157.94000244140625,37.220001220703125,135.55999755859375,645.5399780273438,21.75,147.91000366210938,266.8599853515625,766.5999755859375,154.42999267578125,97.16000366210938,138.1999969482422,106.18000030517578,147.22999572753906,26.479999542236328,198.67999267578125,174.3800048828125,42.16999816894531,235.3800048828125,224.6999969482422,531.47998046875,48.95000076293945,140.97000122070312,78.30000305175781,46.40999984741211,50.790000915527344,144.10000610351562,111.13999938964844,168.47999572753906,120.62999725341797,272.32000732421875,736.0,236.1199951171875,46.04999923706055,57.02000045776367,81.80000305175781,103.62999725341797,155.6199951171875,36.310001373291016,133.19000244140625,634.489990234375,21.350000381469727,144.80999755859375,263.80999755859375,744.25,148.7100067138672,95.22000122070312,135.97000122070312,103.3499984741211,143.72000122070312,25.850000381469727,194.07000732421875,169.3800048828125,41.59000015258789,231.17999267578125,219.41000366210938,519.3200073242188,48.150001525878906,135.60000610351562,77.02999877929688,45.775001525878906,50.47999954223633,141.8699951171875,109.61000061035156,170.4600067138672,121.43000030517578,273.44000244140625,740.010009765625,238.41000366210938,46.04999923706055,57.13999938964844,82.0,104.11000061035156,157.6300048828125,36.70000076293945,134.8300018310547,634.9199829101562,21.690000534057617,145.44000244140625,264.69000244140625,747.6599731445312,148.8000030517578,96.11000061035156,135.97000122070312,104.79000091552734,145.0500030517578,26.010000228881836,195.7100067138672,170.3800048828125,42.130001068115234,232.02999877929688,220.10000610351562,527.8699951171875,48.7400016784668,136.0,77.70999908447266,46.2400016784668,50.4900016784668,142.57000732421875,110.30999755859375,7116200,24921100,2496000,1751100,17653900,35324100,14504300,14435200,5734200,5979800,6550300,3003200,2582700,55778200,10506400,10749700,3127200,2949600,11522800,6911000,22677600,155915500,40987000,2716400,7172300,19071500,2567100,8986800,4580800,8138800,3884700,12981800,29359200,32048800,8032900,13726800
2025-01-24,163.41677856445312,122.83999633789062,262.9166564941406,722.7849731445312,242.00096130371094,45.211360931396484,56.22092056274414,78.4980697631836,96.94465637207031,145.9761199951172,34.80324172973633,126.12905883789062,620.8943481445312,20.829999923706055,141.7058868408203,258.1972961425781,776.9585571289062,147.0159912109375,91.41097259521484,132.61830139160156,102.80973052978516,142.57327270507812,23.929380416870117,191.04891967773438,167.26776123046875,40.7133674621582,228.8831329345703,218.31491088867188,515.7020874023438,46.51591491699219,133.9075469970703,74.87735748291016,43.89252853393555,49.89548873901367,141.2349853515625,103.41728973388672,170.3000030517578,122.83999633789062,275.4200134277344,732.25,244.6999969482422,46.52000045776367,59.66999816894531,81.4800033569336,101.83000183105469,155.64999389648438,35.959999084472656,131.82000732421875,636.9000244140625,20.829999923706055,146.82000732421875,264.8399963378906,785.4099731445312,151.61000061035156,95.55000305175781,137.82000732421875,103.19000244140625,142.6199951171875,26.09000015258789,199.52999877929688,172.11000061035156,42.25,230.63999938964844,221.8800048828125,532.510009765625,49.06999969482422,139.6300048828125,77.31999969482422,45.654998779296875,50.849998474121094,144.30999755859375,108.66000366210938,171.11000061035156,125.25,277.3599853515625,750.0,249.58999633789062,46.86000061035156,60.0,82.12000274658203,104.75,157.47000122070312,36.75,134.83999633789062,640.5999755859375,21.40999984741211,147.6300048828125,267.1000061035156,789.2899780273438,155.72000122070312,97.0999984741211,139.0399932861328,105.72000122070312,148.97000122070312,26.200000762939453,201.38999938964844,175.1999969482422,42.619998931884766,235.47999572753906,226.39999389648438,534.6300048828125,49.380001068115234,142.4199981689453,77.6500015258789,46.35499954223633,50.900001525878906,144.61000061035156,110.70999908447266,169.25,122.2300033569336,273.5,729.2999877929688,241.91000366210938,46.150001525878906,59.099998474121094,81.33999633789062,101.7300033569336,155.27000427246094,35.7599983215332,131.47000122070312,628.9600219726562,20.75,146.3800048828125,263.010009765625,760.489990234375,151.17999267578125,95.41000366210938,136.47000122070312,102.72000122070312,141.8800048828125,25.959999084472656,196.1699981689453,171.94000244140625,41.720001220703125,229.7100067138672,220.9600067138672,524.510009765625,48.16999816894531,139.1699981689453,77.0,45.599998474121094,50.47999954223633,143.27000427246094,108.41000366210938,169.32000732421875,124.55000305175781,276.260009765625,749.3599853515625,244.6999969482422,46.22999954223633,59.11000061035156,81.48999786376953,104.51000213623047,156.4600067138672,36.72999954223633,134.52000427246094,630.0,21.360000610351562,146.80999755859375,263.69000244140625,761.9500122070312,153.8699951171875,96.79000091552734,136.47000122070312,105.5,148.3699951171875,26.020000457763672,196.1699981689453,175.10000610351562,42.20000076293945,235.47999572753906,226.22000122070312,528.1099853515625,48.16999816894531,140.63999938964844,77.0,46.165000915527344,50.529998779296875,143.44000244140625,110.23999786376953,5584900,31570300,2008600,1505700,25387800,24655100,12677500,16025200,5962100,8003800,7202300,3178800,3183500,66300600,9887300,7666300,4170600,4319400,12244800,6475500,19743800,234657600,31300200,2083100,5825800,19431100,2229900,13183800,3671200,8259500,2837300,10393200,29156800,39088700,8127900,14235900
2025-01-27,169.75001525878906,115.01000213623047,270.1047668457031,681.2291259765625,199.9005126953125,45.76533126831055,57.0971565246582,78.10306549072266,97.76338958740234,147.45791625976562,34.193511962890625,126.26302337646484,617.365478515625,20.290000915527344,147.56446838378906,259.18194580078125,799.4737548828125,147.9759979248047,93.69744110107422,131.49246215820312,90.77424621582031,118.38121032714844,24.635616302490234,194.26611328125,166.3639373779297,40.992820739746094,210.93092346191406,189.22003173828125,526.364501953125,46.961456298828125,135.51870727539062,75.4777603149414,43.43586730957031,50.44497299194336,144.40597534179688,104.85443115234375,176.89999389648438,115.01000213623047,282.95001220703125,690.1500244140625,202.1300048828125,47.09000015258789,60.599998474121094,81.06999969482422,102.69000244140625,157.22999572753906,35.33000183105469,131.9600067138672,633.280029296875,20.290000915527344,152.88999938964844,265.8500061035156,808.1699829101562,152.60000610351562,97.94000244140625,136.64999389648438,91.11000061035156,118.41999816894531,26.860000610351562,202.88999938964844,171.17999267578125,42.540000915527344,212.5500030517578,192.30999755859375,543.52001953125,49.540000915527344,141.30999755859375,77.94000244140625,45.18000030517578,51.40999984741211,147.5500030517578,110.16999816894531,177.4499969482422,118.08000183105469,283.2300109863281,690.5999755859375,218.42999267578125,47.13999938964844,61.099998474121094,81.41000366210938,103.70999908447266,157.88999938964844,36.470001220703125,134.69000244140625,635.7100219726562,21.059999465942383,153.4499969482422,265.9700012207031,809.25,154.85000610351562,98.62000274658203,136.75999450683594,96.0999984741211,128.39999389648438,26.969999313354492,202.92999267578125,172.1999969482422,42.779998779296875,219.61000061035156,207.0,551.9099731445312,49.720001220703125,143.22999572753906,78.04000091552734,45.58000183105469,51.439998626708984,147.5800018310547,110.44999694824219,172.58999633789062,112.80000305175781,276.17999267578125,671.9400024414062,196.22999572753906,46.380001068115234,59.869998931884766,80.22000122070312,101.4000015258789,155.52000427246094,35.130001068115234,130.8699951171875,624.4600219726562,20.139999389648438,148.0,262.260009765625,778.7100219726562,150.89999389648438,95.9800033569336,134.1199951171875,88.36000061035156,116.69999694824219,26.18000030517578,199.92999267578125,167.27999877929688,42.0,209.74000549316406,187.6699981689453,539.97998046875,49.02000045776367,139.1699981689453,76.88999938964844,44.8650016784668,50.619998931884766,144.97000122070312,108.38999938964844,172.66000366210938,117.80000305175781,277.3699951171875,672.7899780273438,213.39999389648438,46.54999923706055,60.61000061035156,80.75,102.45999908447266,156.3300018310547,36.0,132.02999877929688,625.0,20.809999465942383,148.4499969482422,264.1700134277344,778.7100219726562,153.11000061035156,96.62999725341797,135.25999450683594,94.86000061035156,124.80000305175781,26.239999771118164,200.22000122070312,172.10000610351562,42.189998626708984,219.0,197.0399932861328,539.97998046875,49.25,140.67999267578125,77.4000015258789,45.5,50.7599983215332,145.10000610351562,109.01000213623047,6985200,61067900,3493200,4947800,90569400,44260000,10882600,12782800,6831000,7141000,9972000,3187300,3351700,83582100,15152300,7522300,3915200,2291800,15093400,6460700,50696200,818830900,50648600,1841800,15632600,15306200,16943600,68667500,4263000,5987300,2945700,10637100,31993400,61707400,12311300,15926700
2025-01-28,167.74449157714844,114.16999816894531,267.5751037597656,674.5169677734375,205.0728302001953,45.522361755371094,55.36351776123047,77.0144271850586,96.51622772216797,146.50131225585938,33.75798797607422,124.62683868408203,621.7717895507812,19.799999237060547,145.1418914794922,260.4396057128906,796.3279418945312,146.07537841796875,93.22865295410156,133.3111114501953,87.9247817993164,128.94775390625,24.53472328186035,193.14585876464844,166.72352600097656,39.817195892333984,211.87367248535156,199.1479034423828,525.3572998046875,45.918701171875,132.4690399169922,75.41966247558594,43.02246856689453,50.35666275024414,143.39791870117188,102.82718658447266,174.80999755859375,114.16999816894531,280.29998779296875,683.3499755859375,207.36000061035156,46.84000015258789,58.7599983215332,79.94000244140625,101.37999725341797,156.2100067138672,34.880001068115234,130.25,637.7999877929688,19.799999237060547,150.3800048828125,267.1400146484375,804.989990234375,150.63999938964844,97.44999694824219,138.5399932861328,88.25,128.99000549316406,26.75,201.72000122070312,171.5500030517578,41.31999969482422,213.5,202.39999389648438,542.47998046875,48.439998626708984,138.1300048828125,77.87999725341797,44.75,51.31999969482422,146.52000427246094,108.04000091552734,177.16000366210938,116.1500015258789,283.5,693.4500122070312,209.9499969482422,47.439998626708984,60.59000015258789,81.4000015258789,103.33000183105469,158.9199981689453,35.68000030517578,133.1999969482422,639.0800170898438,20.34000015258789,152.97000122070312,267.3299865722656,816.1500244140625,153.0500030517578,98.87999725341797,138.83999633789062,93.44999694824219,129.0,26.860000610351562,203.5800018310547,173.49000549316406,42.779998779296875,214.77000427246094,202.83999633789062,546.5,49.7599983215332,142.00999450683594,78.1500015258789,45.474998474121094,51.54999923706055,147.74000549316406,110.87000274658203,173.72999572753906,112.94999694824219,279.9700012207031,666.5999755859375,198.88999938964844,46.709999084472656,58.7400016784668,79.4800033569336,100.73999786376953,155.17999267578125,34.54999923706055,129.55999755859375,631.8099975585938,19.739999771118164,150.3000030517578,264.8299865722656,800.1099853515625,149.1999969482422,96.58999633789062,135.63999938964844,88.04000091552734,116.25,26.489999771118164,199.25999450683594,169.80999755859375,40.939998626708984,208.97999572753906,192.4600067138672,537.8400268554688,47.959999084472656,136.92999267578125,77.16999816894531,44.525001525878906,51.11000061035156,146.47999572753906,107.79000091552734,176.8000030517578,115.18000030517578,280.1300048828125,678.7999877929688,208.00999450683594,47.08000183105469,60.279998779296875,81.22000122070312,102.88999938964844,157.7100067138672,35.68000030517578,132.4199981689453,632.2000122070312,20.34000015258789,152.66000366210938,265.8500061035156,807.239990234375,152.60000610351562,97.3499984741211,136.07000732421875,92.61000061035156,121.80999755859375,26.780000686645508,202.64999389648438,170.22000122070312,42.54999923706055,213.6199951171875,195.64999389648438,543.010009765625,49.599998474121094,141.83999633789062,77.87000274658203,45.314998626708984,51.349998474121094,147.5399932861328,110.41000366210938,5603700,40554800,2735500,2811900,50316000,27156600,9232600,16521700,4742100,6425400,6961200,2386500,2338000,73411400,10320600,7375400,2808800,2204700,12840900,5885100,34793600,579666400,40589600,1922400,8720200,16077500,9118300,31738800,3162700,12309600,2855400,11562000,37401800,39885300,9686400,15862000
2025-01-29,168.17630004882812,117.3499984741211,268.8924255371094,703.4383544921875,204.073974609375,45.43489456176758,55.636756896972656,77.67916870117188,96.6875991821289,146.0136260986328,33.94187545776367,124.6076889038086,621.3623046875,19.75,145.8850555419922,259.8935852050781,795.4277954101562,146.8026580810547,94.02271270751953,133.47470092773438,88.68199157714844,123.65947723388672,24.41548728942871,193.58628845214844,166.8790283203125,39.45100784301758,212.7469940185547,199.0790557861328,521.1155395507812,45.17930603027344,133.76370239257812,75.8941879272461,43.11860656738281,50.317413330078125,142.55624389648438,103.42679595947266,175.25999450683594,117.3499984741211,281.67999267578125,712.6500244140625,206.35000610351562,46.75,59.04999923706055,80.62999725341797,101.55999755859375,155.69000244140625,35.06999969482422,130.22999572753906,637.3800048828125,19.75,151.14999389648438,266.5799865722656,804.0800170898438,151.38999938964844,98.27999877929688,138.7100067138672,89.01000213623047,123.69999694824219,26.6200008392334,202.17999267578125,171.7100067138672,40.939998626708984,214.3800048828125,202.3300018310547,538.0999755859375,47.65999984741211,139.47999572753906,78.37000274658203,44.849998474121094,51.279998779296875,145.66000366210938,108.66999816894531,176.9199981689453,118.5199966430664,283.0400085449219,728.4600219726562,211.4499969482422,47.38999938964844,59.7400016784668,81.5999984741211,101.9000015258789,156.5800018310547,35.22999954223633,130.7899932861328,649.0,20.079999923706055,151.8800048828125,270.67999267578125,809.1199951171875,153.08999633789062,99.1500015258789,141.47999572753906,90.44999694824219,126.88999938964844,27.06999969482422,205.4600067138672,173.49000549316406,41.79999923706055,216.17999267578125,206.4499969482422,543.47998046875,49.18000030517578,141.52000427246094,78.9800033569336,45.08000183105469,51.7400016784668,146.5800018310547,108.77999877929688,174.3000030517578,114.95999908447266,279.30999755859375,704.5999755859375,202.77000427246094,46.63999938964844,58.810001373291016,79.87999725341797,100.3499984741211,154.80999755859375,34.470001220703125,129.3800048828125,636.4099731445312,19.65999984741211,150.0,265.6099853515625,799.0,150.07000732421875,97.38999938964844,138.17999267578125,87.76000213623047,120.05000305175781,26.56999969482422,201.6300048828125,170.22000122070312,40.66999816894531,212.14999389648438,199.75,534.010009765625,47.54999923706055,137.5800018310547,77.61000061035156,44.57500076293945,51.16999816894531,145.3000030517578,107.47000122070312,174.5,115.7699966430664,280.0299987792969,727.1599731445312,208.83999633789062,46.75,59.08000183105469,79.87999725341797,101.1500015258789,155.72000122070312,34.849998474121094,129.91000366210938,637.0,19.8700008392334,150.5,267.2099914550781,806.989990234375,150.5,97.41999816894531,138.47000122070312,89.87999725341797,126.5,26.799999237060547,201.72000122070312,171.5500030517578,41.31999969482422,215.55999755859375,204.49000549316406,541.72998046875,48.349998474121094,138.3000030517578,77.75,44.63999938964844,51.18000030517578,146.08999633789062,107.70999908447266,3748300,40199100,2454900,4971500,32533700,23681500,6780900,10573000,4130600,5630600,7126600,1852900,1918900,86506800,7156400,7684900,1827600,1785400,10225500,5719800,25342800,467120600,34418200,2096700,5118900,12734700,2430800,15199500,2737600,15331400,2585800,9175400,20681800,43612200,8159100,12345500
2025-01-30,168.55055236816406,118.86000061035156,271.1262512207031,727.463623046875,213.28126525878906,45.40573501586914,55.721553802490234,78.86416625976562,96.59239196777344,146.60447692871094,33.92251968383789,124.17713165283203,629.4732666015625,20.010000228881836,147.54518127441406,261.5022888183594,814.3717041015625,145.4159698486328,94.66368865966797,134.65829467773438,92.15913391113281,124.60917663574219,24.681472778320312,193.48097229003906,167.0928192138672,39.52810287475586,217.0737762451172,204.80552673339844,528.3497314453125,45.50160598754883,130.93084716796875,76.32996368408203,43.339725494384766,50.7982177734375,144.20040893554688,104.28336334228516,175.64999389648438,118.86000061035156,284.0199890136719,736.989990234375,215.66000366210938,46.720001220703125,59.13999938964844,81.86000061035156,101.45999908447266,156.32000732421875,35.04999923706055,129.77999877929688,645.7000122070312,20.010000228881836,152.8699951171875,268.2300109863281,823.22998046875,149.9600067138672,98.94999694824219,139.94000244140625,92.5,124.6500015258789,26.90999984741211,202.07000732421875,171.92999267578125,41.02000045776367,218.74000549316406,208.14999389648438,545.5700073242188,48.0,135.4199981689453,78.81999969482422,45.08000183105469,51.77000045776367,147.33999633789062,109.56999969482422,176.1199951171875,120.44000244140625,285.69000244140625,745.5900268554688,221.9600067138672,47.16999816894531,59.349998474121094,82.62000274658203,102.2699966430664,157.4499969482422,35.400001525878906,131.27000427246094,649.52001953125,20.100000381469727,154.13999938964844,269.70001220703125,824.6199951171875,155.0399932861328,99.41000366210938,140.49000549316406,93.16000366210938,125.0,27.010000228881836,204.74000549316406,173.5399932861328,41.380001068115234,219.99000549316406,209.6199951171875,547.1099853515625,48.459999084472656,143.88999938964844,79.23999786376953,45.314998626708984,52.040000915527344,147.75,109.8499984741211,173.97999572753906,117.08999633789062,281.6400146484375,730.5800170898438,213.6999969482422,46.400001525878906,58.58000183105469,80.98999786376953,100.94000244140625,155.52000427246094,34.7599983215332,129.10000610351562,641.0,19.43000030517578,151.36000061035156,266.6199951171875,805.0,148.35000610351562,98.2300033569336,138.88999938964844,90.30000305175781,118.0999984741211,26.579999923706055,200.3800048828125,170.97000122070312,40.689998626708984,215.75999450683594,205.4199981689453,535.0,47.70000076293945,134.00999450683594,78.08000183105469,44.79999923706055,51.43000030517578,146.24000549316406,108.69999694824219,176.00999450683594,118.52999877929688,285.0,740.0999755859375,218.57000732421875,47.11000061035156,59.290000915527344,81.29000091552734,102.0,156.55999755859375,35.36000061035156,130.85000610351562,644.489990234375,19.719999313354492,151.91000366210938,268.6300048828125,808.4099731445312,154.82000732421875,99.41000366210938,139.80999755859375,90.66000366210938,123.0999984741211,26.65999984741211,204.22000122070312,172.33999633789062,41.02000045776367,217.00999450683594,206.57000732421875,539.469970703125,48.20000076293945,143.88999938964844,79.1500015258789,45.125,51.75,146.25,109.23999786376953,5209200,29788400,2556100,2745600,42449500,31199900,8128600,10775500,4046900,6931900,6101900,2025200,1812800,108167000,8911000,8753500,2643000,2084400,10164700,4545700,22497100,392925500,32289600,1705400,6010600,10171100,4653800,13539000,2924700,6683500,3763400,11276000,39092600,64250500,7705200,14346300
2025-01-31,176.46707153320312,115.94999694824219,272.4626770019531,729.7536010742188,218.8293914794922,44.99755096435547,55.542537689208984,78.44988250732422,94.08857727050781,139.91763305664062,33.00307083129883,120.35938262939453,624.3064575195312,19.43000030517578,146.85025024414062,260.5955810546875,802.3524169921875,141.29476928710938,94.53931427001953,134.09161376953125,90.90376281738281,120.03067016601562,24.32377052307129,192.4085693359375,168.06468200683594,38.81501007080078,216.46841430664062,205.95672607421875,525.3670043945312,45.293060302734375,128.59104919433594,76.31060028076172,42.12836837768555,50.503849029541016,143.7404327392578,101.67559051513672,183.89999389648438,115.94999694824219,285.4200134277344,739.3099975585938,221.27000427246094,46.29999923706055,58.95000076293945,81.43000030517578,98.83000183105469,149.19000244140625,34.099998474121094,125.79000091552734,640.4000244140625,19.43000030517578,152.14999389648438,267.29998779296875,811.0800170898438,145.7100067138672,98.81999969482422,138.42999267578125,91.23999786376953,120.06999969482422,26.520000457763672,200.9499969482422,172.92999267578125,40.279998779296875,218.1300048828125,209.32000732421875,542.489990234375,47.779998779296875,133.0,78.80000305175781,43.81999969482422,51.470001220703125,146.8699951171875,106.83000183105469,191.77000427246094,119.56999969482422,286.69000244140625,754.5999755859375,226.8000030517578,46.83000183105469,60.22999954223633,82.33999633789062,101.33999633789062,154.3699951171875,35.029998779296875,129.69000244140625,650.0,20.329999923706055,153.17999267578125,270.82000732421875,827.3499755859375,150.17999267578125,100.05999755859375,139.75999450683594,94.2699966430664,127.8499984741211,27.010000228881836,203.05999755859375,176.7899932861328,41.290000915527344,224.2899932861328,215.0,549.1599731445312,48.349998474121094,137.60000610351562,79.29000091552734,45.05500030517578,51.970001220703125,148.58999633789062,110.55000305175781,183.6699981689453,115.33000183105469,281.9800109863281,737.77001953125,216.3000030517578,46.15999984741211,58.66999816894531,81.06999969482422,98.55999755859375,148.64999389648438,33.790000915527344,125.25,637.4400024414062,19.3799991607666,152.05999755859375,266.9599914550781,811.030029296875,145.22999572753906,98.58000183105469,137.77000427246094,91.13999938964844,119.19000244140625,26.420000076293945,199.41000366210938,172.2899932861328,39.849998474121094,217.47000122070312,208.1999969482422,541.4099731445312,47.66999816894531,132.7899932861328,78.30999755859375,43.71500015258789,51.439998626708984,146.82000732421875,106.0999984741211,187.3000030517578,119.13999938964844,282.17999267578125,748.0900268554688,219.66000366210938,46.70000076293945,59.18000030517578,81.69000244140625,101.33000183105469,153.75999450683594,35.0,129.52999877929688,650.0,20.100000381469727,152.6199951171875,269.2300109863281,823.0,150.17999267578125,99.0999984741211,139.13999938964844,91.6500015258789,123.77999877929688,26.959999084472656,202.11000061035156,172.50999450683594,41.18000030517578,219.99000549316406,209.92999267578125,543.239990234375,48.0,136.8800048828125,78.69000244140625,44.95500183105469,51.83000183105469,147.5800018310547,110.55000305175781,11926500,40463400,3799900,2125700,41104700,30388900,11342000,12818300,6264900,16726800,8387800,3427700,1995100,117081700,8457800,7193800,2561600,2721000,11420200,5502700,20492100,388161100,37307000,2739800,7800500,13105300,3867800,15746900,4120500,11182500,3433800,14980600,44537400,40424200,9211800,20376500
2025-02-03,182.4548797607422,114.2699966430664,275.7560119628906,721.6102294921875,215.3284149169922,44.91008377075195,56.484737396240234,77.22760009765625,93.75536346435547,140.0583038330078,32.664337158203125,120.94304656982422,616.478271484375,19.3799991607666,146.57997131347656,260.11785888671875,801.7094116210938,142.54568481445312,95.46730041503906,132.86143493652344,89.58863067626953,116.62178802490234,24.030269622802734,189.23927307128906,165.4503936767578,38.699378967285156,212.56834411621094,196.58969116210938,530.8773803710938,44.43042755126953,131.66563415527344,75.67144775390625,42.39274978637695,50.29779052734375,144.29830932617188,101.92301940917969,190.13999938964844,114.2699966430664,288.8699951171875,731.0599975585938,217.72999572753906,46.209999084472656,59.95000076293945,79.61000061035156,98.4800033569336,149.33999633789062,33.75,126.4000015258789,632.3699951171875,19.3799991607666,151.8699951171875,266.80999755859375,810.4299926757812,147.0,99.79000091552734,137.16000366210938,89.91999816894531,116.66000366210938,26.200000762939453,197.63999938964844,170.24000549316406,40.15999984741211,214.1999969482422,199.8000030517578,548.1799926757812,46.869998931884766,136.17999267578125,78.13999938964844,44.095001220703125,51.2599983215332,147.44000244140625,107.08999633789062,191.66000366210938,115.16000366210938,289.5799865722656,735.4500122070312,220.94000244140625,46.47999954223633,60.310001373291016,79.91000366210938,98.94000244140625,150.86000061035156,34.189998626708984,127.01000213623047,638.47998046875,19.75,152.47000122070312,268.1700134277344,817.9600219726562,148.60000610351562,100.1500015258789,138.0,91.4000015258789,118.56999969482422,26.469999313354492,198.75999450683594,172.5800018310547,40.91999816894531,216.85000610351562,204.99000549316406,553.9099731445312,47.439998626708984,137.75,78.51000213623047,44.275001525878906,51.400001525878906,148.16000366210938,107.30000305175781,182.14999389648438,112.9800033569336,283.3999938964844,717.9199829101562,213.50999450683594,45.11000061035156,58.54999923706055,76.88999938964844,97.04000091552734,147.8000030517578,33.38999938964844,124.45999908447266,622.47998046875,18.780000686645508,150.77999877929688,261.70001220703125,801.75,143.11000061035156,98.0,133.91000366210938,88.0199966430664,113.01000213623047,26.149999618530273,194.3000030517578,168.05999755859375,39.560001373291016,210.9600067138672,197.97999572753906,541.0700073242188,46.54999923706055,131.4199981689453,77.0199966430664,43.415000915527344,50.40999984741211,145.94000244140625,105.31999969482422,183.17999267578125,113.87999725341797,286.9100036621094,719.1300048828125,215.4600067138672,45.41999816894531,58.790000915527344,78.5,98.75,149.0,34.18000030517578,126.30000305175781,626.0,18.969999313354492,152.0,261.8299865722656,804.27001953125,145.14999389648438,98.12999725341797,135.80999755859375,88.6500015258789,114.75,26.299999237060547,197.19000244140625,168.8800048828125,40.130001068115234,212.38999938964844,199.6300048828125,542.0,46.84000015258789,133.72999572753906,77.2300033569336,43.814998626708984,50.75,145.97999572753906,106.63999938964844,9830000,34586100,4473500,1647200,24507300,36497700,13978200,20998500,5948600,7605000,9706600,2871700,2102600,77523100,6687500,8381400,2808800,3175800,13363900,5307000,18607900,371235700,49626200,1474500,7447100,12507600,3646800,17719800,4083600,10881000,4174300,12395200,39816400,77416200,13001500,14623200
2025-02-04,182.27255249023438,119.5,275.89923095703125,721.9557495117188,219.97659301757812,45.396018981933594,55.70270919799805,76.13141632080078,95.7546157836914,143.6971435546875,33.312782287597656,122.58878326416016,618.2427368164062,19.290000915527344,148.14356994628906,261.21954345703125,817.1810913085938,152.1553955078125,86.80933380126953,132.483642578125,90.3259048461914,118.61112976074219,23.727598190307617,190.52230834960938,168.1715850830078,39.720829010009766,214.75160217285156,200.77139282226562,528.2335815429688,44.98023986816406,138.24989318847656,76.95942687988281,43.28204345703125,50.1800422668457,143.9068145751953,104.65454864501953,189.9499969482422,119.5,289.0199890136719,731.4099731445312,222.42999267578125,46.709999084472656,59.119998931884766,78.4800033569336,100.58000183105469,153.22000122070312,34.41999816894531,128.1199951171875,634.1799926757812,19.290000915527344,153.49000549316406,267.94000244140625,826.0700073242188,156.91000366210938,90.73999786376953,136.77000427246094,90.66000366210938,118.6500015258789,25.8700008392334,198.97999572753906,173.0399932861328,41.220001220703125,216.39999389648438,204.0500030517578,545.4500122070312,47.45000076293945,142.99000549316406,79.47000122070312,45.02000045776367,51.13999938964844,147.0399932861328,109.95999908447266,191.14999389648438,119.8499984741211,290.4800109863281,742.6900024414062,223.02999877929688,47.130001068115234,59.849998474121094,80.23999786376953,100.80000305175781,153.38999938964844,34.599998474121094,129.32000732421875,637.6699829101562,19.530000686645508,154.17999267578125,269.8399963378906,829.0399780273438,157.4499969482422,91.2300033569336,137.8800048828125,91.44999694824219,121.19999694824219,26.920000076293945,200.27999877929688,173.7899932861328,41.5,217.27000427246094,205.75,548.8099975585938,47.83000183105469,144.1300048828125,79.8499984741211,45.1150016784668,51.38999938964844,147.1999969482422,110.27999877929688,187.0500030517578,114.79000091552734,284.5199890136719,729.280029296875,215.3000030517578,46.27000045776367,58.72999954223633,78.36000061035156,97.52999877929688,148.72000122070312,33.209999084472656,124.62999725341797,629.0900268554688,19.020000457763672,150.9499969482422,266.8299865722656,805.9400024414062,145.0,87.33000183105469,136.2899932861328,88.80000305175781,116.69999694824219,25.600000381469727,197.8000030517578,168.5,39.630001068115234,213.42999267578125,202.0800018310547,541.510009765625,46.97999954223633,137.39999389648438,78.44000244140625,43.814998626708984,51.0,145.58999633789062,106.52999877929688,187.6300048828125,115.44999694824219,285.5799865722656,736.9000244140625,219.35000610351562,46.349998474121094,58.869998931884766,80.11000061035156,97.69999694824219,148.72000122070312,33.33000183105469,125.0,632.0,19.100000381469727,151.36000061035156,269.8399963378906,811.0499877929688,147.02000427246094,89.0,137.72999572753906,89.05000305175781,116.95999908447266,26.100000381469727,198.05999755859375,168.5,39.7400016784668,213.72000122070312,204.07000732421875,545.2000122070312,47.150001525878906,138.3800048828125,79.83999633789062,43.88999938964844,51.31999969482422,145.82000732421875,106.70999908447266,7377800,69412100,3262400,1497000,23768500,32894000,11718500,13417700,5310900,8458100,7057200,2161900,1743400,54098200,9645000,5626000,4299700,5832700,50837600,5997300,12827500,256550000,68748300,1536300,5457900,12752000,3742300,12692900,2869900,10381200,4523300,14665200,40279800,41742700,11762000,14835700
2025-02-05,183.9998016357422,112.01000213623047,293.83624267578125,732.9912109375,229.44105529785156,45.78476333618164,56.25860595703125,77.08209228515625,95.4023666381836,143.4814453125,33.04179000854492,122.18692016601562,629.2294921875,19.649999618530273,149.30177307128906,263.6470642089844,833.1177978515625,152.54327392578125,85.7856674194336,134.57594299316406,93.25505828857422,124.78911590576172,24.250396728515625,190.43614196777344,170.91224670410156,39.59953689575195,218.90965270996094,205.21878051757812,522.7716064453125,44.91387939453125,135.881103515625,77.5211181640625,43.37337875366211,50.70990753173828,145.28677368164062,104.57840728759766,191.75,112.01000213623047,307.80999755859375,742.5900268554688,232.0,47.11000061035156,59.709999084472656,79.45999908447266,100.20999908447266,152.99000549316406,34.13999938964844,127.69999694824219,645.4500122070312,19.649999618530273,154.69000244140625,270.42999267578125,842.1799926757812,157.30999755859375,89.66999816894531,138.92999267578125,93.5999984741211,124.83000183105469,26.440000534057617,198.88999938964844,175.86000061035156,40.810001373291016,220.58999633789062,208.57000732421875,539.8099975585938,47.380001068115234,140.5399932861328,80.05000305175781,45.1150016784668,51.68000030517578,148.4499969482422,109.87999725341797,193.3800048828125,112.08999633789062,308.2200012207031,743.2100219726562,237.92999267578125,47.130001068115234,60.36000061035156,79.5999984741211,100.87999725341797,153.8000030517578,34.369998931884766,128.75999450683594,646.4099731445312,19.770000457763672,154.72999572753906,270.6400146484375,846.9000244140625,158.47999572753906,90.73999786376953,139.22000122070312,93.6500015258789,125.0,26.690000534057617,200.57000732421875,177.0,41.130001068115234,221.0399932861328,210.47999572753906,540.7000122070312,48.20000076293945,143.38999938964844,80.3499984741211,45.18000030517578,51.689998626708984,148.72000122070312,110.01000213623047,189.9199981689453,106.5,289.5199890136719,722.4000244140625,227.5,46.63999938964844,59.22999954223633,78.20999908447266,99.4000015258789,152.2899932861328,33.77000045776367,126.9000015258789,635.530029296875,18.90999984741211,153.30999755859375,268.3299865722656,831.0599975585938,154.75999450683594,88.0,136.50999450683594,90.22000122070312,120.76000213623047,25.700000762939453,197.49000549316406,169.89999389648438,40.20000076293945,214.47999572753906,203.8300018310547,521.9099731445312,47.290000915527344,140.4499969482422,79.18000030517578,44.755001068115234,51.13999938964844,147.10000610351562,109.0999984741211,190.52000427246094,107.61000061035156,290.69000244140625,729.239990234375,233.94000244140625,46.97999954223633,59.63999938964844,79.04000091552734,100.52999877929688,152.99000549316406,34.25,127.80000305175781,638.0,19.190000534057617,153.82000732421875,268.9100036621094,835.1500244140625,155.80999755859375,90.38999938964844,137.47000122070312,90.38999938964844,121.76000213623047,25.950000762939453,200.17999267578125,173.0,40.86000061035156,215.8300018310547,206.0,530.72998046875,47.81999969482422,142.39999389648438,79.66000366210938,45.005001068115234,51.36000061035156,147.39999389648438,109.73999786376953,6449600,110385200,5890600,1249700,29196000,27696600,12600800,10736100,6961100,6533700,7592800,1913400,1908200,66059200,8947000,5704400,4578900,3314000,21670600,5871200,15660000,262230800,50426800,2057700,15197800,15186000,2200500,10997800,4621600,10811100,2624700,17931000,21772000,34758600,10042300,13364400
2025-02-06,185.17047119140625,110.16000366210938,284.2615966796875,729.575927734375,228.80810546875,46.39704895019531,54.100975036621094,79.8662109375,95.14532470703125,142.45919799804688,32.344947814941406,121.2109603881836,641.6785278320312,19.3799991607666,148.16285705566406,269.95477294921875,861.00439453125,147.32626342773438,84.23584747314453,136.65855407714844,94.19160461425781,128.6378631591797,23.69091033935547,193.82566833496094,164.55625915527344,38.86207962036133,218.6219024658203,207.1177520751953,513.3099365234375,45.2551383972168,129.83828735351562,78.84782409667969,42.575416564941406,51.131832122802734,143.985107421875,103.19837188720703,192.97000122070312,110.16000366210938,297.7799987792969,739.1300048828125,231.36000061035156,47.7400016784668,57.41999816894531,82.33000183105469,99.94000244140625,151.89999389648438,33.41999816894531,126.68000030517578,658.219970703125,19.3799991607666,153.50999450683594,276.8999938964844,870.3699951171875,151.92999267578125,88.05000305175781,141.0800018310547,94.54000091552734,128.67999267578125,25.829999923706055,202.42999267578125,169.32000732421875,40.04999923706055,220.3000030517578,210.5,530.0399780273438,47.7400016784668,134.2899932861328,81.41999816894531,44.28499984741211,52.11000061035156,147.1199951171875,108.43000030517578,194.49000549316406,112.55999755859375,309.489990234375,742.4099731445312,234.8000030517578,47.97999954223633,59.380001068115234,82.5,101.0999984741211,155.25999450683594,34.61000061035156,128.74000549316406,658.8499755859375,19.700000762939453,154.83999633789062,276.9800109863281,887.739990234375,158.99000549316406,89.56999969482422,141.39999389648438,96.61000061035156,128.77000427246094,26.469999313354492,202.50999450683594,169.49000549316406,41.27000045776367,220.6999969482422,211.17999267578125,539.0999755859375,48.06999969482422,142.05999755859375,81.5,45.43000030517578,52.130001068115234,148.4600067138672,111.05000305175781,190.55999755859375,109.0199966430664,297.1199951171875,735.010009765625,228.55999755859375,47.16999816894531,56.90999984741211,79.93000030517578,98.5999984741211,151.05999755859375,33.02000045776367,125.2699966430664,648.9400024414062,19.219999313354492,153.3800048828125,271.19000244140625,835.6099853515625,150.7899932861328,87.83999633789062,140.0,93.58000183105469,125.20999908447266,25.780000686645508,199.11000061035156,165.39999389648438,39.720001220703125,217.8800048828125,207.0,525.27001953125,47.38999938964844,133.4499969482422,79.91000366210938,44.04499816894531,51.7599983215332,146.89999389648438,107.98999786376953,191.89999389648438,110.93000030517578,309.489990234375,737.6900024414062,234.5,47.439998626708984,57.369998931884766,80.23999786376953,98.88999938964844,154.22000122070312,34.4900016784668,128.3300018310547,650.0,19.510000228881836,154.7899932861328,272.45001220703125,839.52001953125,158.0,89.41000366210938,140.00999450683594,94.87999725341797,127.41999816894531,26.420000076293945,201.39999389648438,167.83999633789062,41.09000015258789,219.0500030517578,210.05999755859375,537.8900146484375,47.93000030517578,141.6699981689453,80.5,45.31999969482422,51.97999954223633,148.14999389648438,110.7699966430664,4586400,50426600,4624500,1120200,21169500,39793400,25072300,19545700,8543400,6420500,8907100,2772200,2439200,45553800,7418100,7264400,7138500,2389000,19509700,4576600,16141100,251483600,45182000,1593700,16293500,13112700,3111700,8491400,3926800,9101100,4068300,16988900,41309600,34355900,12422100,13411400
2025-02-07,182.89627075195312,107.55999755859375,280.21405029296875,718.293701171875,222.38967895507812,46.06660842895508,53.56391906738281,79.27444458007812,93.64112854003906,143.1344451904297,32.08363723754883,121.03874206542969,639.4169921875,19.100000381469727,147.7864532470703,268.88238525390625,868.8590087890625,145.5711212158203,83.49920654296875,135.59304809570312,91.9598617553711,129.7974395751953,23.608362197875977,192.1883544921875,163.2345428466797,38.968814849853516,215.21800231933594,202.8081512451172,510.3949890136719,44.77168273925781,128.66839599609375,78.50721740722656,42.57061004638672,50.84728240966797,143.309814453125,103.63617706298828,190.60000610351562,107.55999755859375,293.5400085449219,727.7000122070312,224.8699951171875,47.400001525878906,56.849998474121094,81.72000122070312,98.36000061035156,152.6199951171875,33.150001525878906,126.5,655.9000244140625,19.100000381469727,153.1199951171875,275.79998779296875,878.3099975585938,150.1199951171875,87.27999877929688,139.97999572753906,92.30000305175781,129.83999633789062,25.739999771118164,200.72000122070312,167.9600067138672,40.15999984741211,216.8699951171875,206.1199951171875,527.030029296875,47.22999954223633,133.0800018310547,80.66999816894531,44.279998779296875,51.81999969482422,146.42999267578125,108.88999938964844,193.86000061035156,109.91999816894531,299.6099853515625,742.3200073242188,235.64999389648438,47.970001220703125,57.709999084472656,82.91000366210938,100.44999694824219,153.80999755859375,33.72999954223633,127.75,663.8699951171875,19.360000610351562,154.49000549316406,278.54998779296875,889.3599853515625,152.69000244140625,88.5999984741211,142.02999877929688,95.93000030517578,130.3699951171875,25.959999084472656,202.75,171.3000030517578,40.66999816894531,222.0800018310547,213.17999267578125,532.3900146484375,48.0,135.42999267578125,81.30000305175781,44.685001373291016,52.2599983215332,147.9199981689453,109.7300033569336,190.44000244140625,106.79000091552734,292.5799865722656,723.75,224.11000061035156,47.380001068115234,56.189998626708984,81.3499984741211,98.2699966430664,151.9199981689453,33.119998931884766,126.33999633789062,653.1599731445312,19.030000686645508,152.8000030517578,274.7099914550781,869.6199951171875,150.02999877929688,87.12000274658203,139.82000732421875,91.58999633789062,125.0,25.530000686645508,199.94000244140625,166.05999755859375,39.9900016784668,215.38999938964844,205.72000122070312,525.3900146484375,46.88999938964844,132.99000549316406,79.08999633789062,44.220001220703125,51.779998779296875,146.32000732421875,108.31999969482422,193.16000366210938,109.12999725341797,299.1600036621094,739.0499877929688,235.0,47.84000015258789,57.459999084472656,82.43000030517578,100.05999755859375,152.47999572753906,33.540000915527344,126.87000274658203,659.4000244140625,19.350000381469727,153.52999877929688,277.2699890136719,876.530029296875,152.60000610351562,87.5199966430664,142.02000427246094,95.58999633789062,129.22000122070312,25.860000610351562,202.61000061035156,169.8300018310547,40.189998626708984,220.80999755859375,213.00999450683594,529.2000122070312,47.810001373291016,135.2100067138672,81.2699966430664,44.45000076293945,52.16999816894531,147.3300018310547,108.77999877929688,3805900,46082500,3388300,1312400,22117500,26504700,14340200,10310300,12121700,4724900,5509800,2006100,2616700,58277900,6204900,6857900,4426100,2377500,15815000,3529000,15602800,228186300,36512800,1270900,7841700,11776400,3297400,11616200,3349100,8115000,2085300,17951400,22568400,40601400,11199700,10051600
2025-02-10,182.64678955078125,110.4800033569336,281.40728759765625,734.4619750976562,232.447509765625,45.35714340209961,52.320220947265625,78.3140869140625,94.70738983154297,146.0886688232422,33.157928466796875,124.9234390258789,634.181884765625,19.770000457763672,148.86746215820312,264.2417907714844,859.5304565429688,149.12022399902344,82.65733337402344,133.0067138671875,95.57648468017578,133.52626037597656,23.727598190307617,188.89456176757812,166.5388641357422,39.9876708984375,218.02645874023438,204.60873413085938,516.5348510742188,44.439903259277344,132.27476501464844,76.97930145263672,43.507972717285156,50.44497299194336,143.18258666992188,105.6158218383789,190.33999633789062,110.4800033569336,294.7900085449219,744.0800170898438,235.0399932861328,46.66999816894531,55.529998779296875,80.7300033569336,99.4800033569336,155.77000427246094,34.2599983215332,130.55999755859375,650.530029296875,19.770000457763672,154.24000549316406,271.0400085449219,868.8800048828125,153.77999877929688,86.4000015258789,137.30999755859375,95.93000030517578,133.57000732421875,25.8700008392334,197.27999877929688,171.36000061035156,41.209999084472656,219.6999969482422,207.9499969482422,533.3699951171875,46.880001068115234,136.80999755859375,79.0999984741211,45.255001068115234,51.40999984741211,146.3000030517578,110.97000122070312,191.4600067138672,111.4000015258789,296.8800048828125,745.5599975585938,235.82000732421875,47.560001373291016,56.869998931884766,81.81999969482422,99.61000061035156,155.8000030517578,34.470001220703125,130.82000732421875,662.489990234375,20.079999923706055,154.3699951171875,276.17999267578125,880.0,155.6699981689453,87.9800033569336,140.30999755859375,96.26000213623047,135.0,26.1200008392334,200.9499969482422,171.8000030517578,41.369998931884766,220.25,209.97999572753906,534.1599731445312,47.31999969482422,137.41000366210938,80.56999969482422,45.33000183105469,51.97999954223633,146.64999389648438,111.02999877929688,189.08999633789062,108.1500015258789,290.6700134277344,735.8800048828125,227.1199951171875,46.400001525878906,54.599998474121094,80.06999969482422,97.81999969482422,154.05999755859375,33.47999954223633,126.61000061035156,644.25,19.239999771118164,152.2899932861328,269.5899963378906,859.3699951171875,151.39999389648438,86.2699966430664,135.61000061035156,93.16999816894531,129.9600067138672,25.510000228881836,196.55999755859375,169.0,40.599998474121094,218.4199981689453,206.52999877929688,523.3800048828125,46.47999954223633,133.91000366210938,78.25,44.67499923706055,51.189998626708984,145.4600067138672,109.87999725341797,191.4600067138672,108.44000244140625,296.8800048828125,736.719970703125,227.42999267578125,47.47999954223633,56.79999923706055,81.62999725341797,99.61000061035156,154.2899932861328,33.540000915527344,127.44000244140625,659.02001953125,19.25,153.61000061035156,276.1499938964844,877.72998046875,151.67999267578125,87.19999694824219,140.25,93.19000244140625,130.08999633789062,25.780000686645508,200.72000122070312,169.72999572753906,40.599998474121094,218.4499969482422,208.0,527.6699829101562,47.279998779296875,134.1300048828125,80.45999908447266,44.67499923706055,51.90999984741211,146.60000610351562,110.01000213623047,3685700,34905400,2375600,985700,23901600,26725200,16656800,10681600,10338500,5653800,8701700,2723200,2351600,73007300,6936200,8627400,3065600,2221100,21212100,5517700,16217900,216989100,39632700,1453200,6237700,9388100,2698600,9296500,3143100,8459800,2533300,18357400,25871400,37921500,7374300,12142200
2025-02-11,184.07656860351562,111.0999984741211,283.19244384765625,744.8184204101562,232.447509765625,45.47377395629883,52.70652389526367,78.68270874023438,96.83039093017578,147.65487670898438,33.990264892578125,126.5787582397461,630.9745483398438,20.969999313354492,150.6916046142578,268.0926818847656,855.6922607421875,150.59417724609375,82.791259765625,133.47166442871094,93.73330688476562,132.75650024414062,23.415756225585938,190.75213623046875,167.15115356445312,40.54076385498047,218.2249298095703,205.3860626220703,517.0674438476562,45.112945556640625,132.35211181640625,77.50482940673828,43.858882904052734,50.572532653808594,142.9183349609375,106.28205871582031,191.8300018310547,111.0999984741211,296.6600036621094,752.97998046875,235.0399932861328,46.790000915527344,55.939998626708984,81.11000061035156,101.70999908447266,157.44000244140625,35.119998931884766,132.2899932861328,647.239990234375,20.969999313354492,156.1300048828125,274.989990234375,865.0,155.3000030517578,86.54000091552734,137.7899932861328,94.08000183105469,132.8000030517578,25.530000686645508,199.22000122070312,171.99000549316406,41.779998779296875,219.89999389648438,208.74000549316406,533.9199829101562,47.59000015258789,136.88999938964844,79.63999938964844,45.619998931884766,51.540000915527344,146.02999877929688,111.66999816894531,191.92999267578125,113.06999969482422,297.95001220703125,753.489990234375,237.88999938964844,46.93000030517578,56.310001373291016,81.52999877929688,102.61000061035156,158.7100067138672,35.40999984741211,133.63999938964844,649.0399780273438,21.8799991607666,156.38999938964844,276.2200012207031,874.1900024414062,157.02999877929688,86.98999786376953,138.2100067138672,95.83999633789062,134.47999572753906,25.90999984741211,199.50999450683594,172.6999969482422,42.189998626708984,221.1699981689453,209.83999633789062,547.5399780273438,47.68000030517578,139.4199981689453,79.97000122070312,45.92499923706055,51.63999938964844,146.32000732421875,112.51000213623047,188.25999450683594,108.94000244140625,288.3599853515625,743.8800048828125,229.97000122070312,46.279998779296875,55.099998474121094,80.22000122070312,99.19999694824219,156.1199951171875,34.34000015258789,130.9199981689453,643.5999755859375,19.860000610351562,153.94000244140625,269.6600036621094,860.5,152.13999938964844,85.7300033569336,135.44000244140625,93.55999755859375,131.02000427246094,25.459999084472656,195.82000732421875,169.11000061035156,41.04999923706055,217.88999938964844,201.0,528.27001953125,46.459999084472656,135.1999969482422,77.80999755859375,45.18000030517578,51.02000045776367,145.44000244140625,110.81999969482422,189.8000030517578,108.9800033569336,290.55999755859375,744.6699829101562,232.47999572753906,46.54999923706055,55.400001525878906,80.45999908447266,99.52999877929688,156.35000610351562,34.43000030517578,131.27000427246094,646.780029296875,19.8700008392334,154.11000061035156,270.260009765625,867.030029296875,155.27000427246094,86.05999755859375,136.80999755859375,94.25,132.5800018310547,25.829999923706055,196.91000366210938,169.64999389648438,41.279998779296875,217.88999938964844,205.1300048828125,535.0,46.689998626708984,137.55999755859375,78.7699966430664,45.470001220703125,51.33000183105469,145.8800048828125,111.5999984741211,3977000,35033800,3506900,1096700,18476200,20314900,8724200,9993800,8063700,6011800,9504100,2381300,2711400,150960700,7554500,7196400,1944200,3666900,20922300,5096800,12124000,178902400,36593300,1422000,6588100,11266700,1549700,9224500,2631900,7744900,3231400,16682800,26226800,45162900,6634900,12713100
2025-02-12,185.1992950439453,111.72000122070312,281.6650695800781,747.973876953125,233.74305725097656,44.91008377075195,52.904380798339844,78.83792114257812,93.67920684814453,145.27273559570312,32.877262115478516,123.27770233154297,632.6903686523438,22.479999542236328,149.85191345214844,268.54119873046875,863.576416015625,144.68870544433594,81.95893859863281,132.81298828125,91.34214782714844,131.09706115722656,23.360721588134766,187.27639770507812,165.4989471435547,40.220550537109375,218.46310424804688,203.06398010253906,510.7532958984375,45.01815414428711,126.57035827636719,77.12528228759766,42.80134582519531,50.39591979980469,142.71282958984375,103.08438110351562,193.0,111.72000122070312,295.05999755859375,756.1699829101562,236.35000610351562,46.209999084472656,56.150001525878906,81.2699966430664,98.4000015258789,154.89999389648438,33.970001220703125,128.83999633789062,649.0,22.479999542236328,155.25999450683594,275.45001220703125,872.969970703125,149.2100067138672,85.66999816894531,137.11000061035156,91.68000030517578,131.13999938964844,25.469999313354492,195.58999633789062,170.2899932861328,41.45000076293945,220.13999938964844,206.3800048828125,527.4000244140625,47.4900016784668,130.91000366210938,79.25,44.52000045776367,51.36000061035156,145.82000732421875,107.3499984741211,194.3699951171875,111.83999633789062,296.20001220703125,756.7899780273438,236.47999572753906,46.58000183105469,56.540000915527344,81.29000091552734,101.70999908447266,157.47000122070312,35.22999954223633,133.77999877929688,650.469970703125,22.559999465942383,155.66000366210938,276.45001220703125,877.780029296875,155.11000061035156,86.66999816894531,137.27999877929688,92.63999938964844,132.24000549316406,25.6200008392334,197.63999938964844,170.92999267578125,41.720001220703125,220.22000122070312,207.07000732421875,542.3499755859375,47.619998931884766,135.9499969482422,79.72000122070312,45.55500030517578,51.380001068115234,146.61000061035156,110.2300033569336,190.38999938964844,109.05999755859375,292.6300048828125,733.5599975585938,230.0,45.939998626708984,55.45000076293945,80.01000213623047,98.33000183105469,154.57000732421875,33.81999969482422,128.64999389648438,639.1099853515625,20.93000030517578,154.27000427246094,273.25,856.1099853515625,149.16000366210938,85.61000061035156,135.60000610351562,87.3499984741211,129.0800018310547,25.170000076293945,194.50999450683594,168.24000549316406,41.15999984741211,215.9499969482422,203.00999450683594,525.510009765625,46.9900016784668,130.64999389648438,78.83000183105469,44.439998626708984,50.91999816894531,145.3699951171875,107.18000030517578,190.5,109.5199966430664,293.82000732421875,738.3499755859375,230.36000061035156,46.56999969482422,55.66999816894531,80.16999816894531,101.0,156.75,34.849998474121094,132.0800018310547,643.760009765625,21.979999542236328,155.27000427246094,274.0799865722656,856.9299926757812,154.0399932861328,86.06999969482422,136.0800018310547,89.5999984741211,130.02000427246094,25.479999542236328,197.2899932861328,169.5500030517578,41.529998779296875,216.44000244140625,204.89999389648438,539.8499755859375,47.150001525878906,135.1999969482422,79.19999694824219,45.244998931884766,51.279998779296875,145.67999267578125,110.05000305175781,4525000,25319700,2629900,1077800,16397300,29777100,8502900,10448100,7585800,6693500,8741000,3133000,2295800,162631200,7746000,6683900,2533400,2510500,14785300,4688900,22874700,160278600,31671600,1774500,5505700,14649100,2017500,7373700,3859200,6180100,3131700,13440500,38798800,45473100,7572200,18244100
2025-02-13,185.63108825683594,111.80999755859375,283.4883117675781,768.5682983398438,233.19912719726562,45.02671432495117,52.73478698730469,79.6430892944336,92.25115966796875,146.19183349609375,33.11921691894531,123.44994354248047,632.6416625976562,24.1299991607666,151.7725830078125,269.3893737792969,862.4783935546875,149.4208221435547,80.76309204101562,132.55145263671875,95.30748748779297,135.24566650390625,23.516645431518555,187.12319946289062,167.306640625,40.83186721801758,221.1425323486328,198.58709716796875,514.4139404296875,44.92335510253906,126.64768981933594,76.73600006103516,43.1234130859375,50.72953414916992,143.27069091796875,103.8333740234375,193.4499969482422,111.80999755859375,296.9700012207031,776.989990234375,235.8000030517578,46.33000183105469,55.970001220703125,82.0999984741211,96.9000015258789,155.8800048828125,34.220001220703125,129.02000427246094,648.9500122070312,24.1299991607666,157.25,276.32000732421875,871.8599853515625,154.08999633789062,84.41999816894531,136.83999633789062,95.66000366210938,135.2899932861328,25.639999389648438,195.42999267578125,172.14999389648438,42.08000183105469,222.83999633789062,201.8300018310547,531.1799926757812,47.38999938964844,130.99000549316406,78.8499984741211,44.85499954223633,51.70000076293945,146.38999938964844,108.12999725341797,194.27999877929688,114.5999984741211,298.3500061035156,776.989990234375,236.9499969482422,46.56999969482422,56.2599983215332,82.12999725341797,98.01000213623047,156.4199981689453,34.220001220703125,129.1300048828125,652.0,24.829999923706055,158.1300048828125,276.9700012207031,883.5,156.11000061035156,85.69999694824219,138.10000610351562,96.06999969482422,136.5,25.739999771118164,196.42999267578125,172.36000061035156,42.2599983215332,222.99000549316406,202.3000030517578,534.3300170898438,47.560001373291016,133.08999633789062,79.66000366210938,44.95500183105469,51.77000045776367,146.7100067138672,108.41000366210938,191.42999267578125,110.4000015258789,293.54998779296875,752.75,230.72999572753906,45.970001220703125,55.630001068115234,80.77999877929688,96.41000366210938,153.32000732421875,33.540000915527344,127.51000213623047,640.510009765625,22.790000915527344,154.7899932861328,273.80999755859375,867.7999877929688,146.8800048828125,84.30999755859375,136.35000610351562,92.0199966430664,131.1699981689453,25.329999923706055,194.1199951171875,169.47000122070312,41.439998626708984,219.88999938964844,199.22999572753906,527.0999755859375,46.849998474121094,128.3000030517578,78.61000061035156,44.15999984741211,51.279998779296875,145.16000366210938,106.5199966430664,194.27999877929688,112.0,297.54998779296875,754.77001953125,236.05999755859375,46.52000045776367,56.25,81.4000015258789,97.81999969482422,154.77999877929688,33.95000076293945,128.6999969482422,651.8300170898438,22.84000015258789,155.25999450683594,275.5,877.0700073242188,149.0,85.58999633789062,137.97000122070312,92.05999755859375,131.55999755859375,25.489999771118164,195.72000122070312,170.19000244140625,41.5,219.9499969482422,201.8800048828125,530.9000244140625,47.470001220703125,130.91000366210938,79.43000030517578,44.45000076293945,51.5,146.11000061035156,107.1500015258789,4108900,40911800,2061700,1674100,20962000,26815400,8917200,11108400,9329100,7836400,7229400,1950100,2031800,248661300,10704700,8398700,2472900,3179100,20415100,4699800,16579900,197430000,30612500,1883500,6362200,12099000,2546800,15580900,2835100,6352200,3453900,10093400,31550400,36372200,6293100,15460000
2025-02-14,185.0745391845703,113.0999984741211,280.1875915527344,743.404052734375,230.46957397460938,45.63898468017578,50.78444290161133,82.07797241210938,92.38552856445312,147.30128479003906,33.52570724487305,123.7274169921875,643.9500122070312,23.600000381469727,150.71092224121094,269.6525573730469,836.624755859375,151.3311309814453,79.41417694091797,134.59532165527344,99.15324401855469,138.8045196533203,23.415756225585938,185.66783142089844,167.3843994140625,40.51165008544922,221.3708038330078,200.62380981445312,506.986083984375,45.26462173461914,130.82447814941406,77.8357162475586,43.29646301269531,50.82765579223633,141.7145538330078,103.93900299072266,192.8699951171875,113.0999984741211,291.1600036621094,751.5499877929688,233.0399932861328,46.959999084472656,53.900001525878906,84.61000061035156,96.26000213623047,155.33999633789062,34.63999938964844,129.30999755859375,660.5499877929688,23.600000381469727,156.14999389648438,276.5899963378906,844.27001953125,156.05999755859375,83.01000213623047,138.9499969482422,99.5199966430664,138.85000610351562,25.530000686645508,193.91000366210938,172.22999572753906,41.75,223.07000732421875,203.89999389648438,523.510009765625,47.75,135.30999755859375,79.9800033569336,45.03499984741211,51.79999923706055,144.8000030517578,108.23999786376953,195.17999267578125,114.62999725341797,295.1600036621094,778.3599853515625,235.74000549316406,47.09000015258789,56.029998779296875,84.66999816894531,98.45999908447266,157.4499969482422,35.20000076293945,131.94000244140625,663.260009765625,25.190000534057617,157.47000122070312,279.2300109863281,873.5,158.4499969482422,84.77999877929688,139.5800018310547,100.69999694824219,139.25,25.829999923706055,198.08999633789062,172.82000732421875,42.61000061035156,223.77000427246094,206.25,533.2000122070312,48.04999923706055,135.6699981689453,80.33999633789062,45.665000915527344,52.02000045776367,146.6999969482422,110.2300033569336,192.77999877929688,111.69999694824219,290.45001220703125,748.6799926757812,228.89999389648438,46.47999954223633,53.65999984741211,82.2300033569336,96.23999786376953,154.8800048828125,34.43000030517578,129.22999572753906,650.3200073242188,22.860000610351562,156.05999755859375,276.45001220703125,841.489990234375,154.57000732421875,82.08999633789062,136.4499969482422,98.0,135.5,25.469999313354492,193.5,171.0399932861328,41.70000076293945,221.9199981689453,197.4600067138672,522.9099731445312,47.5,130.75,78.88999938964844,45.025001525878906,51.75,144.8000030517578,108.0999984741211,193.9499969482422,112.6500015258789,294.75,778.219970703125,234.52999877929688,46.47999954223633,56.029998779296875,82.41000366210938,96.91000366210938,155.0800018310547,34.459999084472656,129.4199981689453,650.3200073242188,24.360000610351562,157.2899932861328,277.3699951171875,869.0999755859375,154.57000732421875,84.41999816894531,136.4499969482422,98.41000366210938,136.47999572753906,25.729999542236328,196.13999938964844,172.60000610351562,42.2599983215332,222.82000732421875,199.97999572753906,529.0,47.560001373291016,131.60000610351562,79.2300033569336,45.025001525878906,51.77000045776367,146.5,108.5199966430664,3976900,32477200,2189300,2047300,16988800,25960500,13227200,16035000,7960800,5828800,9066800,2220600,2246000,230254100,6411800,5688600,3222300,2411800,26779000,5044500,21284500,195479600,33214600,2362000,4691300,12225100,1566200,23220300,3705300,5398900,3512800,17521300,25885800,29574300,5299200,15733500
2025-02-18,188.3179168701172,114.27999877929688,281.7657775878906,736.1533813476562,226.00930786132812,45.2210807800293,51.2838020324707,82.09737396240234,93.52763366699219,148.078857421875,33.75798797607422,125.28705596923828,655.2975463867188,27.389999389648438,150.7887420654297,272.9283142089844,849.4376220703125,154.2111358642578,79.68203735351562,136.3001708984375,106.3964614868164,139.35433959960938,23.443269729614258,188.16690063476562,168.75469970703125,41.38496017456055,225.03268432617188,199.48245239257812,484.9250793457031,45.44472885131836,133.6090087890625,78.61426544189453,43.887725830078125,51.19070816040039,141.44052124023438,105.76351165771484,196.25,114.27999877929688,292.79998779296875,744.219970703125,228.52999877929688,46.529998779296875,54.43000030517578,84.62999725341797,97.44999694824219,156.16000366210938,34.880001068115234,130.94000244140625,672.1900024414062,27.389999389648438,154.99000549316406,279.95001220703125,857.2000122070312,159.02999877929688,83.29000091552734,140.7100067138672,106.79000091552734,139.39999389648438,25.559999465942383,196.52000427246094,173.63999938964844,42.650001525878906,226.75999450683594,202.74000549316406,500.7300109863281,47.939998626708984,138.19000244140625,80.77999877929688,45.650001525878906,52.16999816894531,144.52000427246094,110.13999938964844,197.02000427246094,115.55000305175781,293.3299865722656,758.9299926757812,232.1999969482422,46.650001525878906,54.59000015258789,84.73999786376953,97.62999725341797,157.30999755859375,35.5,132.0500030517578,672.1900024414062,27.549999237060547,155.4499969482422,279.9700012207031,862.72998046875,160.4499969482422,83.58999633789062,140.77999877929688,107.87999725341797,143.44000244140625,25.739999771118164,196.86000061035156,173.72000122070312,43.060001373291016,227.47000122070312,205.85000610351562,516.0,48.0,139.8699951171875,80.94999694824219,45.95000076293945,52.20000076293945,144.88999938964844,110.98999786376953,190.6699981689453,113.44999694824219,289.0,738.5999755859375,224.3000030517578,46.15999984741211,53.540000915527344,83.55000305175781,95.29000091552734,154.77999877929688,34.369998931884766,128.25999450683594,661.02001953125,24.489999771118164,153.24000549316406,276.0199890136719,851.3599853515625,155.9499969482422,81.04000091552734,138.88999938964844,102.05000305175781,137.92999267578125,25.420000076293945,193.13999938964844,171.24000549316406,41.54999923706055,223.47000122070312,200.52000427246094,497.0,47.560001373291016,135.22999572753906,79.48999786376953,44.9900016784668,51.75,143.83999633789062,108.31999969482422,192.0,114.05000305175781,291.760009765625,757.4400024414062,230.10000610351562,46.560001373291016,53.720001220703125,83.94000244140625,96.23999786376953,155.33999633789062,34.9900016784668,130.42999267578125,662.5900268554688,24.600000381469727,154.13999938964844,276.760009765625,856.4199829101562,156.14999389648438,81.12999725341797,139.41000366210938,102.63999938964844,141.27000427246094,25.610000610351562,194.0,173.25999450683594,42.029998779296875,224.6999969482422,204.75999450683594,510.94000244140625,47.880001068115234,135.60000610351562,79.98999786376953,45.25,51.880001068115234,143.9199981689453,108.62999725341797,6065500,31720300,2162200,1715400,26080500,37824100,10918500,17907000,11777700,5981500,10239900,2393100,2350100,284292200,9670700,7919800,4289400,2859100,25897800,3797000,29641900,219176600,40499700,2261700,7292600,14315700,3605000,14988100,8759300,5459800,2826800,15318300,29574800,33496800,11366800,20060300
2025-02-19,189.37347412109375,114.69000244140625,283.1803894042969,736.7272338867188,226.2071075439453,44.71570587158203,51.8020133972168,81.42801666259766,95.56230926513672,149.09349060058594,36.36145782470703,128.72206115722656,651.359130859375,25.719999313354492,153.61013793945312,272.245849609375,859.1984252929688,152.76773071289062,81.8919677734375,136.28079223632812,103.97541809082031,139.1844024658203,23.745941162109375,185.95506286621094,170.29026794433594,40.928897857666016,228.77395629882812,197.72120666503906,494.90966796875,44.66740798950195,132.60348510742188,78.19578552246094,44.233821868896484,51.21033477783203,143.28045654296875,105.91715240478516,197.35000610351562,114.69000244140625,294.2699890136719,744.7999877929688,228.72999572753906,46.0099983215332,54.97999954223633,83.94000244140625,99.56999969482422,157.22999572753906,37.56999969482422,134.52999877929688,668.1500244140625,25.719999313354492,157.88999938964844,279.25,867.0499877929688,156.63999938964844,85.5999984741211,140.69000244140625,104.36000061035156,139.22999572753906,25.889999389648438,194.2100067138672,175.22000122070312,42.18000030517578,230.52999877929688,200.9499969482422,511.0400085449219,47.119998931884766,137.14999389648438,80.3499984741211,46.0099983215332,52.189998626708984,146.39999389648438,110.30000305175781,198.11000061035156,116.11000061035156,295.9700012207031,752.8699951171875,229.07000732421875,46.060001373291016,54.97999954223633,84.2300033569336,100.29000091552734,158.36000061035156,38.63999938964844,134.8800048828125,671.0399780273438,26.329999923706055,158.3000030517578,280.25,881.3300170898438,159.47000122070312,85.62999725341797,140.92999267578125,107.19000244140625,141.36000061035156,25.920000076293945,195.3699951171875,176.5,42.81999969482422,231.6199951171875,202.60000610351562,511.8599853515625,47.599998474121094,138.57000732421875,80.6500015258789,46.439998626708984,52.25,146.44000244140625,112.12999725341797,196.00999450683594,113.13999938964844,291.79998779296875,741.6900024414062,224.39999389648438,45.41999816894531,54.119998931884766,83.44999694824219,98.16000366210938,156.0,36.20000076293945,131.77999877929688,663.280029296875,25.459999084472656,154.75,277.2200012207031,857.1799926757812,156.3300018310547,82.8499984741211,139.25999450683594,103.62000274658203,137.22000122070312,25.5,192.66000366210938,173.35000610351562,42.04999923706055,226.25999450683594,200.02000427246094,498.1499938964844,46.04999923706055,135.92999267578125,79.97000122070312,45.814998626708984,51.900001525878906,144.5,110.05999755859375,196.7899932861328,114.25,292.0,743.9600219726562,227.85000610351562,45.880001068115234,54.40999984741211,84.05999755859375,98.3499984741211,156.52000427246094,36.20000076293945,132.0,669.0800170898438,25.979999542236328,155.0,278.3800048828125,857.1799926757812,157.75,83.23999786376953,140.00999450683594,105.76000213623047,139.50999450683594,25.56999969482422,194.39999389648438,173.99000549316406,42.45000076293945,227.14999389648438,202.00999450683594,501.3299865722656,47.47999954223633,138.00999450683594,80.31999969482422,45.84000015258789,52.040000915527344,144.52999877929688,110.76000213623047,4888700,28807700,2806900,1457900,16375500,38967800,10770900,9710800,7515100,4945800,21954200,2306000,1953600,151881700,7974700,7007200,3205500,2549700,17435100,3623100,17875900,167536000,37292400,1615600,6849600,12752500,2635700,13163100,4380300,10999200,3461200,13917400,24531200,31748500,6295900,10964700
2025-02-20,192.7607879638672,114.16999816894531,286.7024230957031,735.0357055664062,224.2390594482422,44.02568435668945,52.5651969909668,78.90583038330078,97.89450073242188,150.57273864746094,37.309932708740234,129.81283569335938,626.1196899414062,26.09000015258789,155.35159301757812,260.1081237792969,865.21337890625,154.35745239257812,83.88188171386719,130.12979125976562,102.79976654052734,140.06411743164062,23.755115509033203,183.73367309570312,168.81301879882812,41.33644104003906,229.30984497070312,196.8848876953125,486.561767578125,44.326148986816406,134.52752685546875,76.52190399169922,44.637611389160156,50.425350189208984,144.08297729492188,107.54959869384766,200.8800048828125,114.16999816894531,297.92999267578125,743.0900268554688,226.74000549316406,45.29999923706055,55.790000915527344,81.33999633789062,102.0,158.7899932861328,38.54999923706055,135.6699981689453,642.260009765625,26.09000015258789,159.67999267578125,266.79998779296875,873.1199951171875,158.27000427246094,87.68000030517578,134.33999633789062,103.18000030517578,140.11000061035156,25.899999618530273,191.88999938964844,173.6999969482422,42.599998474121094,231.07000732421875,200.10000610351562,502.4200134277344,46.7599983215332,139.13999938964844,78.62999725341797,46.43000030517578,51.38999938964844,147.22000122070312,112.0,201.36000061035156,116.55000305175781,298.1300048828125,755.510009765625,228.97999572753906,46.189998626708984,55.81999969482422,84.05999755859375,102.08999633789062,158.9499969482422,38.880001068115234,135.8699951171875,670.280029296875,26.1200008392334,159.9499969482422,278.739990234375,880.3200073242188,159.0399932861328,87.69999694824219,141.07000732421875,104.8499984741211,140.66000366210938,26.079999923706055,195.02999877929688,176.38999938964844,42.91999816894531,233.44000244140625,200.33999633789062,508.42999267578125,47.2400016784668,139.8800048828125,80.27999877929688,46.5099983215332,52.150001525878906,147.3000030517578,112.41999816894531,196.8300018310547,113.11000061035156,293.92999267578125,740.4199829101562,222.75,45.040000915527344,54.79999923706055,80.94000244140625,99.19999694824219,157.07000732421875,37.709999084472656,133.91000366210938,631.6599731445312,24.479999542236328,156.9499969482422,265.739990234375,864.0,155.0,85.9000015258789,132.42999267578125,102.33999633789062,136.7899932861328,25.75,190.52999877929688,172.89999389648438,41.97999954223633,228.75,197.61000061035156,500.239990234375,46.150001525878906,135.4499969482422,78.0199966430664,45.720001220703125,51.040000915527344,146.10000610351562,109.94999694824219,198.0,115.01000213623047,294.6700134277344,751.3499755859375,228.64999389648438,45.900001525878906,55.02000045776367,83.83999633789062,99.75,157.5,38.04999923706055,134.52999877929688,668.030029296875,25.559999465942383,156.9499969482422,278.67999267578125,866.8400268554688,156.14999389648438,85.9000015258789,140.25,103.9800033569336,140.02999877929688,25.860000610351562,194.3800048828125,176.0,42.11000061035156,232.0,200.27999877929688,505.19000244140625,47.099998474121094,136.42999267578125,80.11000061035156,45.915000915527344,52.11000061035156,146.19000244140625,110.56999969482422,5067000,27219600,2319000,1185900,16104000,40001100,8953500,15160300,6309200,6256200,11384100,2837300,3929000,144939600,7224000,13846700,2990300,2464500,14851500,8860800,14488000,143903600,37139000,1770600,6316400,9999100,2642300,10639300,4144300,6909100,2538900,14807100,28332200,47078900,6264800,16325800
2025-02-21,193.9122772216797,110.83999633789062,291.591064453125,729.219482421875,216.2481689453125,43.549468994140625,52.602882385253906,77.26640319824219,93.99791717529297,148.79953002929688,36.28403091430664,127.33464813232422,609.8783569335938,24.8700008392334,157.9005889892578,257.6123046875,865.7683715820312,149.93943786621094,85.62303924560547,127.56285858154297,98.47575378417969,134.38595581054688,24.12198829650879,180.05690002441406,160.77569580078125,40.501953125,222.2738494873047,195.0547637939453,451.69805908203125,43.48246765136719,130.27337646484375,75.42220306396484,43.70986557006836,49.79736328125,143.309814453125,106.29166412353516,202.0800018310547,110.83999633789062,303.010009765625,737.2100219726562,218.66000366210938,44.810001373291016,55.83000183105469,79.6500015258789,97.94000244140625,156.9199981689453,37.4900016784668,133.0800018310547,625.5999755859375,24.8700008392334,162.3000030517578,264.239990234375,873.6799926757812,153.74000549316406,89.5,131.69000244140625,98.83999633789062,134.42999267578125,26.299999237060547,188.0500030517578,165.42999267578125,41.7400016784668,223.97999572753906,198.24000549316406,466.4200134277344,45.869998931884766,134.74000549316406,77.5,45.46500015258789,50.75,146.42999267578125,110.69000244140625,203.97999572753906,115.76000213623047,305.3299865722656,745.7100219726562,227.75,45.5099983215332,56.060001373291016,81.91000366210938,101.56999969482422,158.9499969482422,38.650001525878906,135.13999938964844,647.5,26.290000915527344,163.50999450683594,269.20001220703125,894.4000244140625,158.3800048828125,89.52999877929688,135.60000610351562,103.66000366210938,141.4600067138672,26.56999969482422,192.52999877929688,175.42999267578125,42.470001220703125,231.85000610351562,202.69000244140625,469.70001220703125,46.93000030517578,138.5500030517578,79.44999694824219,46.275001525878906,51.5,147.13999938964844,111.8499984741211,200.02000427246094,110.43000030517578,297.19000244140625,733.2000122070312,215.6300048828125,44.540000915527344,54.849998474121094,79.61000061035156,97.79000091552734,156.82000732421875,37.349998474121094,132.5399932861328,623.4299926757812,24.84000015258789,159.27999877929688,262.8399963378906,873.4299926757812,153.49000549316406,87.01000213623047,130.91000366210938,97.75,134.02999877929688,25.850000381469727,187.47999572753906,165.2100067138672,41.599998474121094,223.1300048828125,196.00999450683594,438.5,45.7400016784668,134.5800018310547,77.33000183105469,45.439998626708984,50.650001525878906,145.33999633789062,110.55999755859375,200.32000732421875,114.8499984741211,299.2300109863281,744.1500244140625,225.64999389648438,45.25,55.43000030517578,81.80000305175781,101.05000305175781,158.1300048828125,38.25,134.7100067138672,644.75,25.959999084472656,159.8800048828125,268.32000732421875,880.6199951171875,157.32000732421875,88.0,135.17999267578125,103.63999938964844,140.0399932861328,25.889999389648438,192.4499969482422,174.97999572753906,42.29999923706055,231.75999450683594,201.3300018310547,439.54998779296875,46.79999923706055,138.1699981689453,78.91000366210938,46.150001525878906,51.40999984741211,145.47999572753906,111.31999969482422,5889400,41353700,3261400,1472300,24883600,43485900,11105500,14907800,8562200,6689800,11546100,3456800,3000800,111630900,12546900,12835600,3940400,1996200,15678900,6704100,18650800,228217600,54611500,1991900,12531900,13671600,2947000,13757300,19864900,9327000,2938900,18205400,31276600,51789900,8647000,14710000
2025-02-24,195.83143615722656,108.11000061035156,298.04815673828125,727.9829711914062,205.6365203857422,43.209312438964844,54.53438949584961,76.18962097167969,94.84249877929688,149.71932983398438,36.10982131958008,127.86091613769531,610.4048461914062,24.270000457763672,159.3015594482422,254.7850799560547,873.41845703125,148.92510986328125,87.31636810302734,125.89675903320312,95.05840301513672,130.23733520507812,24.443002700805664,179.01324462890625,156.56752014160156,40.298179626464844,217.05392456054688,188.57064819335938,446.95269775390625,43.23601150512695,130.582763671875,75.14971923828125,43.719478607177734,50.01323699951172,144.47445678710938,106.8486099243164,204.0800018310547,108.11000061035156,309.7200012207031,735.9600219726562,207.92999267578125,44.459999084472656,57.880001068115234,78.54000091552734,98.81999969482422,157.88999938964844,37.310001373291016,133.6300048828125,626.1400146484375,24.270000457763672,163.74000549316406,261.3399963378906,881.4000244140625,152.6999969482422,91.2699966430664,129.97000122070312,95.41000366210938,130.27999877929688,26.649999618530273,186.9600067138672,161.10000610351562,41.529998779296875,218.72000122070312,191.64999389648438,461.5199890136719,45.61000061035156,135.05999755859375,77.22000122070312,45.474998474121094,50.970001220703125,147.6199951171875,111.2699966430664,205.5,111.5999984741211,313.75,750.8800048828125,219.47999572753906,45.38999938964844,58.0,80.69000244140625,99.3499984741211,158.3300018310547,37.65999984741211,133.91000366210938,637.2999877929688,24.799999237060547,164.8699951171875,267.0,893.1099853515625,154.88999938964844,91.8499984741211,132.97000122070312,100.69999694824219,138.58999633789062,26.739999771118164,189.1999969482422,166.58999633789062,42.0,225.33999633789062,198.7899932861328,468.0,46.189998626708984,135.99000549316406,78.5199966430664,45.720001220703125,51.40999984741211,148.22000122070312,111.86000061035156,201.27999877929688,107.9800033569336,304.3999938964844,734.7000122070312,207.5399932861328,44.439998626708984,55.95000076293945,77.06999969482422,97.88999938964844,156.75,36.900001525878906,132.32000732421875,614.7999877929688,23.6200008392334,162.0500030517578,258.6099853515625,870.02001953125,150.58999633789062,88.93000030517578,128.89999389648438,95.27999877929688,130.0800018310547,25.8799991607666,186.1999969482422,160.99000549316406,41.47999954223633,218.5399932861328,191.4600067138672,457.0,45.41999816894531,133.4199981689453,76.41000366210938,45.23500061035156,50.68000030517578,146.27000427246094,110.31999969482422,201.8300018310547,111.48999786376953,305.2799987792969,746.1300048828125,218.60000610351562,45.029998779296875,55.970001220703125,80.22000122070312,98.05999755859375,157.08999633789062,37.59000015258789,133.14999389648438,633.510009765625,24.549999237060547,162.67999267578125,265.489990234375,879.2899780273438,153.74000549316406,89.70999908447266,132.75999450683594,100.22000122070312,136.55999755859375,26.399999618530273,188.82000732421875,165.91000366210938,41.939998626708984,224.97000122070312,196.8800048828125,466.67999267578125,46.08000183105469,134.77000427246094,77.97000122070312,45.54499816894531,50.9900016784668,146.58999633789062,110.93000030517578,6305000,29072200,4286600,1471200,33050400,35512200,13215800,12830000,6277700,5925000,7804300,2233300,3274100,91358100,10201900,10372800,3017100,3688700,19452300,7784500,14883700,251381100,43823300,2738800,9827800,12990200,3372800,15114300,6919300,8069300,2920600,12989700,26295200,56673900,7559400,13153500
2025-02-25,195.8889923095703,103.95999908447266,303.7354431152344,722.2755737304688,200.3059844970703,42.70393753051758,54.845306396484375,75.80158233642578,93.17252349853516,148.3253936767578,34.7258186340332,125.65065002441406,599.45703125,22.989999771118164,161.5878448486328,250.94387817382812,893.6337280273438,146.86727905273438,87.46942901611328,125.5383529663086,92.87647247314453,126.5885238647461,24.525548934936523,178.5440673828125,156.68414306640625,39.793601989746094,212.57827758789062,186.32728576660156,455.5330505371094,43.52039337158203,129.2292022705078,73.9624252319336,43.08976745605469,50.003421783447266,145.7174072265625,105.36981201171875,204.13999938964844,103.95999908447266,315.6300048828125,730.1900024414062,202.5399932861328,43.939998626708984,58.209999084472656,78.13999938964844,97.08000183105469,156.4199981689453,35.880001068115234,131.32000732421875,614.9099731445312,22.989999771118164,166.08999633789062,257.3999938964844,901.7999877929688,150.58999633789062,91.43000030517578,129.60000610351562,93.22000122070312,126.62999725341797,26.739999771118164,186.47000122070312,161.22000122070312,41.0099983215332,214.2100067138672,189.3699951171875,470.3800048828125,45.90999984741211,133.66000366210938,76.0,44.81999969482422,50.959999084472656,148.88999938964844,109.7300033569336,206.00999450683594,108.63999938964844,318.29998779296875,738.97998046875,208.63999938964844,44.84000015258789,59.939998626708984,79.56999969482422,99.76000213623047,158.99000549316406,37.2400016784668,134.49000549316406,631.3200073242188,24.280000686645508,166.42999267578125,263.0,912.0,154.66000366210938,93.05999755859375,131.2899932861328,95.93000030517578,130.1999969482422,27.030000686645508,189.32000732421875,163.3300018310547,41.95000076293945,219.22000122070312,193.52999877929688,470.760009765625,46.20000076293945,137.05999755859375,78.04000091552734,45.67499923706055,51.40999984741211,149.08999633789062,112.12999725341797,202.35000610351562,103.62000274658203,310.29998779296875,726.2100219726562,200.9199981689453,43.349998474121094,58.16999816894531,76.45999908447266,96.87999725341797,155.4600067138672,35.779998779296875,130.89999389648438,606.0,22.770000457763672,163.94000244140625,253.35000610351562,890.739990234375,149.30999755859375,90.44000244140625,126.37999725341797,92.76000213623047,124.44000244140625,26.540000915527344,185.10000610351562,159.44000244140625,40.630001068115234,213.5800018310547,187.47000122070312,450.07000732421875,45.369998931884766,133.33999633789062,74.93000030517578,44.45500183105469,50.310001373291016,147.41000366210938,108.88999938964844,205.17999267578125,107.88999938964844,311.79998779296875,732.1900024414062,207.0,44.529998779296875,58.29999923706055,79.18000030517578,99.27999877929688,157.99000549316406,37.2400016784668,133.32000732421875,628.530029296875,24.209999084472656,164.10000610351562,262.2300109863281,890.739990234375,153.1300048828125,91.75,131.02999877929688,95.5,129.97999572753906,26.719999313354492,188.32000732421875,161.66000366210938,41.439998626708984,218.4499969482422,190.64999389648438,460.7699890136719,45.9900016784668,135.55999755859375,77.87000274658203,45.46500015258789,51.27000045776367,147.89999389648438,111.30000305175781,7746800,39169200,4365700,1691200,33100800,38119000,15344100,14501400,5822000,6810900,10935600,2367100,2885900,88886500,12303700,9608400,5111300,2435600,18417300,7458500,18608200,271428700,43560100,1720600,8244900,14474100,3514200,20581000,9101000,12635700,2767400,15683000,26608600,50132800,11981300,14497000
2025-02-26,194.8046875,104.73999786376953,294.83404541015625,738.8341064453125,210.5912628173828,42.70393753051758,54.06328582763672,76.70376586914062,92.26075744628906,147.11163330078125,34.31932830810547,124.23452758789062,602.2451782226562,23.520000457763672,158.65945434570312,252.29901123046875,906.72412109375,142.683349609375,85.50823211669922,126.94290924072266,97.34992218017578,131.23699951171875,24.232051849365234,179.07066345214844,157.5393829345703,39.39575958251953,216.27984619140625,191.49293518066406,448.9573669433594,43.36872100830078,125.84522247314453,74.40034484863281,42.84461212158203,49.89548873901367,144.6702117919922,105.11053466796875,203.00999450683594,104.73999786376953,306.3800048828125,746.9299926757812,212.94000244140625,43.939998626708984,57.380001068115234,79.06999969482422,96.12999725341797,155.13999938964844,35.459999084472656,129.83999633789062,617.77001953125,23.520000457763672,163.0800018310547,258.7900085449219,915.010009765625,146.3000030517578,89.37999725341797,131.0500030517578,97.70999908447266,131.27999877929688,26.420000076293945,187.02000427246094,162.10000610351562,40.599998474121094,217.94000244140625,194.6199951171875,463.5899963378906,45.75,130.16000366210938,76.44999694824219,44.564998626708984,50.849998474121094,147.82000732421875,109.45999908447266,203.8300018310547,105.80000305175781,313.6300048828125,753.77001953125,213.5399932861328,44.54999923706055,58.41999816894531,80.08999633789062,97.4000015258789,156.69000244140625,36.209999084472656,131.7100067138672,623.1300048828125,23.81999969482422,165.1300048828125,260.9100036621094,922.4299926757812,151.24000549316406,91.37000274658203,132.24000549316406,99.72000122070312,133.72999572753906,26.780000686645508,188.88999938964844,164.13999938964844,41.2400016784668,219.8000030517578,196.0800018310547,473.04998779296875,46.540000915527344,133.85000610351562,77.7699966430664,44.994998931884766,51.31999969482422,148.9499969482422,109.87000274658203,201.42999267578125,103.98999786376953,305.54998779296875,738.9099731445312,206.0,43.86000061035156,57.220001220703125,78.47000122070312,95.2300033569336,154.39999389648438,35.279998779296875,128.60000610351562,615.2000122070312,23.209999084472656,162.55999755859375,256.92999267578125,896.5999755859375,144.9600067138672,88.86000061035156,130.14999389648438,95.5,128.49000549316406,26.350000381469727,186.41000366210938,160.92999267578125,40.2400016784668,215.5800018310547,191.08999633789062,458.20001220703125,45.61000061035156,128.5500030517578,76.2699966430664,44.36000061035156,50.75,147.35000610351562,108.5199966430664,203.58999633789062,104.94999694824219,311.95001220703125,743.8200073242188,206.91000366210938,44.040000915527344,58.15999984741211,78.80000305175781,97.30000305175781,156.6199951171875,35.83000183105469,131.05999755859375,616.6699829101562,23.25,165.0800018310547,257.1600036621094,898.3699951171875,151.24000549316406,91.30000305175781,130.41000366210938,96.0,129.99000549316406,26.68000030517578,187.11000061035156,161.8300018310547,41.16999816894531,216.9499969482422,191.08999633789062,464.6499938964844,46.189998626708984,133.6300048828125,76.3499984741211,44.875,50.970001220703125,148.30999755859375,109.73999786376953,4766700,29178200,2786900,1401400,21368300,32251700,7273100,13115000,6292400,6005200,8136300,2523900,2001200,67449300,11396400,5943600,3032800,2281600,13534200,5493600,21335200,322553800,30103300,1324900,9161900,11607300,2562600,14112300,5108400,9056100,4532200,13466800,24305600,31250500,6566800,10446400
2025-02-27,196.73345947265625,99.51000213623047,294.2951354980469,690.1376342773438,195.61825561523438,42.87887191772461,55.40120315551758,76.5097427368164,93.45085906982422,148.5624542236328,34.7258186340332,124.97128295898438,592.7206420898438,23.09000015258789,159.2918243408203,252.55245971679688,896.9632568359375,144.32180786132812,86.65625762939453,125.18965148925781,91.48162841796875,120.11064910888672,23.938552856445312,180.5452117919922,150.09490966796875,39.69656753540039,203.6865234375,178.1802978515625,453.7705078125,43.871131896972656,125.3327865600586,74.56580352783203,43.075347900390625,50.17023468017578,144.08297729492188,105.77311706542969,205.02000427246094,99.51000213623047,305.82000732421875,697.7000122070312,197.8000030517578,44.119998931884766,58.79999923706055,78.87000274658203,97.37000274658203,156.6699981689453,35.880001068115234,130.61000061035156,608.0,23.09000015258789,163.72999572753906,259.04998779296875,905.1599731445312,147.97999572753906,90.58000183105469,129.24000549316406,91.81999969482422,120.1500015258789,26.100000381469727,188.55999755859375,154.44000244140625,40.90999984741211,205.25,181.08999633789062,468.55999755859375,46.279998779296875,129.6300048828125,76.62000274658203,44.80500030517578,51.130001068115234,147.22000122070312,110.1500015258789,206.8000030517578,105.76000213623047,311.0,744.7999877929688,219.25,44.779998779296875,58.81999969482422,80.37000274658203,98.98999786376953,158.2899932861328,36.689998626708984,132.08999633789062,625.22998046875,24.399999618530273,163.9499969482422,263.6400146484375,925.5,149.66000366210938,90.97000122070312,132.8699951171875,99.88999938964844,135.00999450683594,26.5,190.83999633789062,163.25,41.63999938964844,219.5,194.77000427246094,475.3999938964844,46.77000045776367,132.10000610351562,77.91999816894531,45.35499954223633,51.79999923706055,148.91000366210938,111.29000091552734,202.25,99.5,303.1000061035156,696.9099731445312,197.39999389648438,43.939998626708984,56.959999084472656,78.66000366210938,96.30999755859375,154.80999755859375,35.38999938964844,129.75999450683594,607.3099975585938,23.06999969482422,161.72999572753906,257.8599853515625,904.0599975585938,145.89999389648438,89.25,128.80999755859375,91.48999786376953,120.01000213623047,26.010000228881836,187.49000549316406,154.10000610351562,40.4900016784668,204.9199981689453,181.0800018310547,465.0199890136719,45.81999969482422,129.44000244140625,76.37999725341797,44.4900016784668,50.9900016784668,147.16000366210938,109.27999877929688,203.05999755859375,105.08000183105469,305.29998779296875,743.4199829101562,217.27999877929688,44.09000015258789,57.34000015258789,79.55999755859375,97.19999694824219,155.69000244140625,35.70000076293945,131.02000427246094,617.5399780273438,23.700000762939453,162.30999755859375,260.17999267578125,915.719970703125,147.11000061035156,89.3499984741211,131.8000030517578,97.83999633789062,135.0,26.290000915527344,187.77999877929688,162.33999633789062,40.86000061035156,219.17999267578125,194.69000244140625,466.1700134277344,45.81999969482422,130.99000549316406,76.98999786376953,44.875,51.029998779296875,147.5500030517578,110.01000213623047,5696900,47263700,3249100,2342800,27572900,28477700,9812100,8485900,6306300,7517200,7400600,2704800,2396300,97871900,8364600,8204400,3085400,2422000,10717500,5538700,22386300,443175800,28268300,1337900,10807200,15135900,4349100,24219200,4216800,6315400,2392000,13744400,30048000,44378600,7377000,15293200
2025-02-28,200.5813751220703,99.86000061035156,296.45068359375,701.3943481445312,197.23028564453125,44.80317687988281,56.17380905151367,77.55742645263672,95.15921020507812,150.41156005859375,35.05488967895508,121.4597396850586,609.65966796875,23.729999542236328,160.54685974121094,258.01202392578125,912.293212890625,146.46742248535156,88.25390625,128.9383544921875,93.28495788574219,124.87907409667969,24.241222381591797,183.76239013671875,152.7480926513672,40.424320220947266,206.931640625,177.62933349609375,459.9684753417969,44.458866119384766,126.39629364013672,76.22022247314453,43.74351501464844,51.20051956176758,145.7565460205078,106.90621948242188,209.02999877929688,99.86000061035156,308.05999755859375,709.0800170898438,199.42999267578125,46.099998474121094,59.619998931884766,79.94999694824219,99.1500015258789,158.6199951171875,36.220001220703125,126.94000244140625,622.2899780273438,23.729999542236328,165.02000427246094,264.6499938964844,920.6300048828125,150.17999267578125,92.25,133.11000061035156,93.62999725341797,124.91999816894531,26.43000030517578,191.9199981689453,157.1699981689453,41.65999984741211,208.52000427246094,180.52999877929688,474.9599914550781,46.900001525878906,130.72999572753906,78.31999969482422,45.5,52.18000030517578,148.92999267578125,111.33000183105469,209.60000610351562,101.80000305175781,308.6199951171875,713.5,201.19000244140625,46.20000076293945,59.7400016784668,79.97000122070312,99.19000244140625,158.6699981689453,36.279998779296875,128.82000732421875,623.6500244140625,24.440000534057617,165.94000244140625,264.80999755859375,921.219970703125,150.3699951171875,92.3499984741211,133.41000366210938,94.45999908447266,125.08999633789062,26.489999771118164,192.22999572753906,157.30999755859375,41.709999084472656,210.0500030517578,182.16000366210938,476.3599853515625,46.939998626708984,131.25,78.41999816894531,45.53499984741211,52.2599983215332,149.16000366210938,111.58000183105469,204.41000366210938,98.69000244140625,303.5199890136719,697.510009765625,193.14999389648438,44.20000076293945,57.91999816894531,77.61000061035156,96.08999633789062,154.9199981689453,35.209999084472656,124.36000061035156,604.010009765625,22.639999389648438,162.6999969482422,257.8900146484375,892.6099853515625,145.8699951171875,90.70999908447266,128.99000549316406,89.87000274658203,116.4000015258789,25.90999984741211,188.67999267578125,153.39999389648438,40.29999923706055,203.1199951171875,175.52000427246094,464.4800109863281,46.08000183105469,127.66000366210938,76.58999633789062,44.380001068115234,51.16999816894531,146.49000549316406,109.33999633789062,205.1199951171875,99.55999755859375,308.510009765625,706.8200073242188,195.75999450683594,44.31999969482422,58.970001220703125,79.22000122070312,97.12999725341797,156.6999969482422,35.52000045776367,128.10000610351562,607.7899780273438,23.020000457763672,164.30999755859375,260.7300109863281,901.8400268554688,147.14999389648438,90.70999908447266,129.89999389648438,91.0,118.0199966430664,26.059999465942383,190.17999267578125,155.10000610351562,40.81999969482422,205.3699951171875,179.30999755859375,467.0,46.45000076293945,129.02999877929688,77.04000091552734,44.65999984741211,51.38999938964844,147.4600067138672,110.11000061035156,13136400,45194600,3173000,1773400,39747200,62621100,20219700,21233600,9002600,8828500,9073100,6868700,3337200,104133800,12037200,10467100,4071100,3007800,15482100,7424200,23359100,389091100,51531700,2358000,10149500,17747800,3722100,27929400,6146300,10100600,3847700,24698800,26627200,63537100,8453700,18821700
2025-03-03,202.93234252929688,98.2300033569336,299.0682067871094,692.2742919921875,185.3032989501953,44.27836990356445,56.40935516357422,74.8606185913086,88.90164184570312,145.167724609375,33.303104400634766,115.33602905273438,592.9754028320312,22.739999771118164,162.74560546875,254.08314514160156,921.3009033203125,142.2152099609375,89.11492919921875,125.08309173583984,90.20634460449219,114.02263641357422,24.076129913330078,181.43568420410156,149.29795837402344,38.63890075683594,199.6177520751953,170.1907958984375,452.30816650390625,43.833221435546875,124.14354705810547,74.96479797363281,42.21489334106445,50.76878356933594,146.3927001953125,103.47808837890625,211.47999572753906,98.2300033569336,310.7799987792969,699.8599853515625,187.3699951171875,45.560001373291016,59.869998931884766,77.16999816894531,92.62999725341797,153.08999633789062,34.40999984741211,120.54000091552734,605.260009765625,22.739999771118164,167.27999877929688,260.6199951171875,929.719970703125,145.82000732421875,93.1500015258789,129.1300048828125,90.54000091552734,114.05999755859375,26.25,189.49000549316406,153.6199951171875,39.81999969482422,201.14999389648438,172.97000122070312,467.04998779296875,46.2400016784668,128.39999389648438,77.02999877929688,43.90999984741211,51.7400016784668,149.5800018310547,107.76000213623047,212.3000030517578,102.33999633789062,312.4800109863281,732.3499755859375,204.05999755859375,46.959999084472656,59.91999816894531,80.43000030517578,99.76000213623047,160.08999633789062,36.63999938964844,126.97000122070312,628.780029296875,25.040000915527344,167.3300018310547,266.32000732421875,935.6300048828125,152.75,93.20999908447266,133.99000549316406,96.19999694824219,123.69999694824219,26.899999618530273,194.27000427246094,160.0800018310547,42.15999984741211,211.64999389648438,181.57000732421875,477.2699890136719,47.369998931884766,132.8000030517578,78.9800033569336,45.935001373291016,52.63999938964844,150.32000732421875,112.16000366210938,208.91000366210938,97.08999633789062,307.3399963378906,692.47998046875,184.52999877929688,45.220001220703125,59.0099983215332,76.25,91.55999755859375,151.75999450683594,33.84000015258789,119.37000274658203,598.3200073242188,22.520000457763672,164.83999633789062,257.82000732421875,910.0,144.5500030517578,91.77999877929688,127.7300033569336,89.38999938964844,112.27999877929688,25.969999313354492,187.88999938964844,152.52000427246094,39.47999954223633,199.32000732421875,171.07000732421875,465.2099914550781,45.77000045776367,126.25,76.31999969482422,43.505001068115234,51.369998931884766,148.9600067138672,106.51000213623047,209.97999572753906,101.5199966430664,307.3399963378906,722.0499877929688,204.0,46.209999084472656,59.75,80.0,99.75,159.4600067138672,36.4900016784668,126.93000030517578,622.4000244140625,25.0,164.9600067138672,264.0,912.7999877929688,151.22999572753906,91.77999877929688,133.3300018310547,95.80999755859375,123.51000213623047,26.3700008392334,192.35000610351562,158.99000549316406,41.97999954223633,211.50999450683594,181.14999389648438,474.3699951171875,47.11000061035156,131.75999450683594,78.86000061035156,45.67499923706055,52.31999969482422,149.02000427246094,111.69999694824219,7016400,38958000,2970700,2284100,37435600,46946000,11214100,20121100,12640200,9059800,13946000,7432300,3152300,141348700,9191500,9058300,3979800,2714500,13636100,5969400,20281800,411381400,54048600,1338000,9601900,18379000,5067800,37403000,5700200,9676000,3871000,18013400,49501800,76100100,9459300,18706900
2025-03-04,199.36270141601562,100.75,300.42510986328125,700.5436401367188,185.41209411621094,41.46966552734375,56.00421142578125,70.18486785888672,86.99174499511719,144.13412475585938,33.14825439453125,116.83824920654297,569.344970703125,21.329999923706055,160.93600463867188,243.97323608398438,902.8098754882812,139.0943145751953,88.55047607421875,117.90530395507812,90.8639144897461,115.95201110839844,23.617534637451172,172.77992248535156,150.1143341064453,37.92084884643555,200.72923278808594,177.10784912109375,459.6295471191406,42.288055419921875,123.3797378540039,71.33480834960938,41.80630111694336,48.982940673828125,145.03231811523438,103.26683044433594,207.75999450683594,100.75,312.19000244140625,708.219970703125,187.47999572753906,42.66999816894531,59.439998626708984,72.3499984741211,90.63999938964844,152.0,34.25,122.11000061035156,581.1400146484375,21.329999923706055,165.4199981689453,250.25,911.0599975585938,142.6199951171875,92.55999755859375,121.72000122070312,91.19999694824219,115.98999786376953,25.75,180.4499969482422,154.4600067138672,39.08000183105469,202.27000427246094,180.0,474.6099853515625,44.61000061035156,127.61000061035156,73.30000305175781,43.48500061035156,49.91999816894531,148.19000244140625,107.54000091552734,215.66000366210938,103.18000030517578,319.82000732421875,721.2999877929688,193.9499969482422,44.84000015258789,60.689998626708984,74.86000061035156,92.11000061035156,154.14999389648438,34.970001220703125,123.87000274658203,600.0,22.6299991607666,169.99000549316406,257.2300109863281,929.1599731445312,144.77999877929688,95.36000061035156,126.56999969482422,93.58999633789062,119.30999755859375,26.309999465942383,187.91000366210938,157.1999969482422,39.72999954223633,207.6199951171875,183.60000610351562,479.2099914550781,45.75,129.97000122070312,75.6500015258789,44.189998626708984,51.279998779296875,150.07000732421875,108.95999908447266,207.6699981689453,95.88999938964844,312.1000061035156,692.6900024414062,180.47999572753906,42.029998779296875,59.290000915527344,70.62999725341797,88.47000122070312,150.0500030517578,33.099998474121094,117.7300033569336,567.5700073242188,20.760000228881836,165.32000732421875,245.9499969482422,902.7899780273438,139.4499969482422,92.31999969482422,119.25,86.80000305175781,110.11000061035156,25.670000076293945,178.80999755859375,151.35000610351562,38.16999816894531,196.6999969482422,174.17999267578125,466.4599914550781,44.18000030517578,124.88999938964844,71.33999633789062,42.71500015258789,49.63999938964844,147.97000122070312,105.94000244140625,214.47000122070312,96.0,316.5299987792969,698.27001953125,189.22000122070312,44.72999954223633,59.959999084472656,74.54000091552734,91.05999755859375,151.2100067138672,33.79999923706055,119.13999938964844,595.97998046875,22.540000915527344,168.0800018310547,255.27999877929688,922.239990234375,143.57000732421875,93.56999969482422,126.47000122070312,90.19999694824219,110.6500015258789,26.25,187.0500030517578,155.27000427246094,39.20000076293945,200.8000030517578,175.05999755859375,469.75,45.5,126.87000274658203,75.47000122070312,43.26499938964844,51.220001220703125,149.7899932861328,106.36000061035156,7554000,54156900,3820000,2044700,37910500,78278100,16502200,33983900,14000500,8826300,14139100,6657600,4061000,152182200,11999700,13465600,3343500,3297900,15073000,12996500,23611500,398163300,51315000,2832900,8956800,18236200,5487900,29395200,5864100,10798400,4290500,28858200,50677000,99342400,10804700,19394900
2025-03-05,202.9899139404297,101.66999816894531,304.6400451660156,731.73193359375,189.46688842773438,41.10035705566406,56.362247467041016,70.77660369873047,85.30256652832031,143.00570678710938,32.57722854614258,116.5894775390625,581.0327758789062,20.809999465942383,160.64413452148438,245.2211151123047,921.3009033203125,131.7797088623047,89.1531982421875,119.87169647216797,93.99234771728516,117.26158142089844,23.79180145263672,172.799072265625,154.0309600830078,38.260467529296875,205.0560302734375,181.31907653808594,460.956298828125,42.34493637084961,117.72366333007812,72.1717529296875,41.1958122253418,49.26749801635742,146.49057006835938,101.2502670288086,211.5399932861328,101.66999816894531,316.57000732421875,739.75,191.5800018310547,42.290000915527344,59.81999969482422,72.95999908447266,88.87999725341797,150.80999755859375,33.65999984741211,121.8499984741211,593.0700073242188,20.809999465942383,165.1199951171875,251.52999877929688,929.719970703125,135.1199951171875,93.19000244140625,123.75,94.33999633789062,117.30000305175781,25.940000534057617,180.47000122070312,158.49000549316406,39.43000030517578,206.6300048828125,184.27999877929688,475.9800109863281,44.66999816894531,121.76000213623047,74.16000366210938,42.849998474121094,50.209999084472656,149.67999267578125,105.44000244140625,212.17999267578125,101.83999633789062,318.94000244140625,740.5499877929688,194.0800018310547,42.72999954223633,60.2599983215332,73.52999877929688,89.4000015258789,151.3699951171875,33.86000061035156,122.26000213623047,597.1199951171875,21.360000610351562,166.4600067138672,253.0500030517578,930.489990234375,140.97000122070312,93.44999694824219,124.37999725341797,95.05000305175781,118.27999877929688,26.18000030517578,182.11000061035156,159.14999389648438,39.599998474121094,207.2899932861328,184.74000549316406,479.0799865722656,45.0,126.43000030517578,74.62999725341797,43.07500076293945,50.45000076293945,149.91000366210938,106.33000183105469,206.0,98.87000274658203,310.1400146484375,719.2999877929688,187.10000610351562,41.709999084472656,59.380001068115234,71.69999694824219,86.80999755859375,147.74000549316406,32.709999084472656,118.87999725341797,576.780029296875,20.18000030517578,163.52999877929688,247.8300018310547,901.6400146484375,132.7899932861328,90.5,121.44000244140625,90.43000030517578,114.51000213623047,25.65999984741211,178.3000030517578,153.02999877929688,38.279998779296875,200.57000732421875,180.72000122070312,471.010009765625,43.880001068115234,119.66000366210938,72.44000244140625,42.01499938964844,49.560001373291016,147.24000549316406,103.66999816894531,207.07000732421875,100.36000061035156,310.6300048828125,731.6199951171875,191.86000061035156,42.650001525878906,59.43000030517578,72.5999984741211,88.83000183105469,150.14999389648438,33.599998474121094,120.0,582.0900268554688,21.329999923706055,164.50999450683594,251.25,904.7999877929688,140.0500030517578,91.08000183105469,122.0,92.1500015258789,117.58000183105469,25.700000762939453,180.7899932861328,155.0399932861328,38.70000076293945,204.5399932861328,183.0,471.07000732421875,44.58000183105469,125.95999908447266,73.20999908447266,42.85499954223633,49.939998626708984,147.52000427246094,105.83999633789062,5752800,27855500,2629000,1754300,25644500,52588900,9707000,17214200,12081100,9288300,14135300,5336500,2600600,127219300,8744800,7861400,3109500,4744900,13117100,7291900,14010300,284337900,37062400,2320200,6786900,13651100,3312100,17334000,3637100,8956600,6232100,20422000,56510800,75561700,7597700,24822200
2025-03-06,202.2318572998047,98.8499984741211,305.8429260253906,707.0919189453125,177.47067260742188,40.293704986572266,56.701438903808594,68.46783447265625,85.03385162353516,145.0349578857422,32.78047180175781,116.91480255126953,556.1482543945312,20.75,161.33489990234375,240.3562469482422,904.4945068359375,134.15939331054688,89.92810821533203,115.62895965576172,88.9410171508789,110.53378295898438,24.066957473754883,171.37242126464844,152.4675750732422,38.58067321777344,196.53143310546875,173.0244903564453,472.3257751464844,42.07003402709961,121.82311248779297,70.70223999023438,41.3207893371582,48.45307922363281,146.0893096923828,103.34364318847656,210.75,98.8499984741211,317.82000732421875,714.8400268554688,179.4499969482422,41.459999084472656,60.18000030517578,70.58000183105469,88.5999984741211,152.9499969482422,33.869998931884766,122.19000244140625,567.6699829101562,20.75,165.8300018310547,246.5399932861328,912.760009765625,137.55999755859375,94.0,119.37000274658203,89.2699966430664,110.56999969482422,26.239999771118164,178.97999572753906,156.0399932861328,39.7599983215332,198.0399932861328,175.85000610351562,487.7200012207031,44.380001068115234,126.0,72.6500015258789,42.97999954223633,49.380001068115234,149.27000427246094,107.62000274658203,211.97999572753906,101.08000183105469,318.67999267578125,731.1699829101562,186.8300018310547,41.88999938964844,60.70000076293945,72.38999938964844,89.63999938964844,153.3300018310547,34.16999816894531,123.5,586.7100219726562,21.1299991607666,165.8699951171875,249.36000061035156,931.3800048828125,138.1300048828125,94.05000305175781,123.12999725341797,93.29000091552734,115.3499984741211,26.459999084472656,179.9600067138672,157.8800048828125,39.970001220703125,203.72000122070312,181.5500030517578,488.1199951171875,44.81999969482422,126.0999984741211,73.88999938964844,43.244998931884766,49.959999084472656,149.47999572753906,108.11000061035156,208.5,98.2699966430664,312.5,711.0,177.61000061035156,40.959999084472656,59.029998779296875,70.04000091552734,87.91999816894531,149.47000122070312,33.11000061035156,120.62999725341797,564.6199951171875,20.0,163.50999450683594,243.85000610351562,898.280029296875,133.72999572753906,91.77999877929688,118.5999984741211,89.02999877929688,110.22000122070312,25.899999618530273,176.47999572753906,154.08999633789062,39.0099983215332,197.3300018310547,175.7899932861328,472.0,43.84000015258789,120.69000244140625,71.62999725341797,42.310001373291016,49.060001373291016,147.92999267578125,104.36000061035156,211.4499969482422,99.05000305175781,316.4200134277344,718.8499755859375,181.0399932861328,41.59000015258789,59.939998626708984,71.80999755859375,88.80000305175781,150.50999450683594,33.5,122.20999908447266,580.5900268554688,20.260000228881836,165.0,248.11000061035156,920.4199829101562,134.1199951171875,93.12999725341797,120.80000305175781,90.93000030517578,113.52999877929688,25.93000030517578,178.27000427246094,154.11000061035156,39.02000045776367,199.5800018310547,178.5800018310547,476.0,44.209999084472656,121.5,73.79000091552734,42.64500045776367,49.619998931884766,149.0,105.43000030517578,4346000,28985000,3076500,1427900,56864100,58103500,10682400,18550800,8679000,7314700,8651600,3956800,4332300,96466400,8037900,9983200,3273100,2462900,11300200,8611500,18708100,321181900,46998300,2016600,7808100,12348300,5088700,17864300,4964000,9879700,4179300,19460400,47104200,55477700,7122200,17150200
2025-03-07,205.62876892089844,100.30999755859375,312.61761474609375,724.283447265625,192.8096160888672,40.48930740356445,57.558837890625,68.3514175415039,86.98214721679688,148.24954223632812,33.59345245361328,119.85226440429688,548.3106689453125,20.639999389648438,162.1715850830078,236.20314025878906,861.70556640625,134.149658203125,90.5499496459961,115.55146789550781,92.61742401123047,112.6530990600586,24.51637840270996,172.12884521484375,157.52899169921875,40.14292526245117,202.2971954345703,174.2544403076172,477.9039306640625,42.392333984375,122.64494323730469,69.1451416015625,42.02742385864258,48.197959899902344,146.09910583496094,104.6880111694336,214.2899932861328,100.30999755859375,324.8599853515625,732.219970703125,194.9600067138672,41.400001525878906,61.09000015258789,70.45999908447266,90.62999725341797,156.33999633789062,34.709999084472656,125.26000213623047,559.6699829101562,20.639999389648438,166.69000244140625,242.27999877929688,869.5800170898438,137.5500030517578,94.6500015258789,119.29000091552734,92.95999908447266,112.69000244140625,26.729999542236328,179.77000427246094,161.22000122070312,41.369998931884766,203.85000610351562,177.10000610351562,493.4800109863281,44.720001220703125,126.8499984741211,71.05000305175781,43.71500015258789,49.119998931884766,149.27999877929688,109.0199966430664,214.99000549316406,100.6500015258789,328.19000244140625,734.0,195.47999572753906,41.72999954223633,63.11000061035156,70.73999786376953,91.06999969482422,157.4499969482422,35.209999084472656,125.68000030517578,568.1699829101562,21.200000762939453,168.4600067138672,246.72000122070312,908.0,141.16000366210938,97.37000274658203,119.48999786376953,93.33999633789062,113.4800033569336,26.889999389648438,180.61000061035156,161.82000732421875,41.869998931884766,204.5399932861328,178.47000122070312,499.9200134277344,44.790000915527344,129.6999969482422,72.25,44.029998779296875,49.33000183105469,150.27999877929688,110.4000015258789,209.0,96.38999938964844,317.7799987792969,715.5,181.55999755859375,40.61000061035156,60.27000045776367,68.06999969482422,89.38999938964844,153.7100067138672,34.09000015258789,122.68000030517578,544.9099731445312,20.110000610351562,164.6999969482422,239.4199981689453,861.3900146484375,136.91000366210938,93.8499984741211,115.44999694824219,89.48999786376953,107.55999755859375,26.18000030517578,175.6699981689453,155.22000122070312,39.86000061035156,196.47999572753906,171.02000427246094,483.3699951171875,43.58000183105469,125.0,68.0999984741211,43.17499923706055,48.25,148.4499969482422,108.30000305175781,211.11000061035156,98.87999725341797,318.95001220703125,726.1599731445312,187.72999572753906,41.310001373291016,60.45000076293945,70.18000030517578,89.38999938964844,153.9499969482422,34.189998626708984,122.98999786376953,568.1699829101562,20.270000457763672,165.1300048828125,245.22999572753906,905.3900146484375,137.8699951171875,94.26000213623047,118.7300033569336,90.29000091552734,111.25,26.399999618530273,178.8300018310547,155.22000122070312,39.939998626708984,198.8000030517578,175.7899932861328,483.8299865722656,44.380001068115234,125.08000183105469,72.25,43.17499923706055,49.20000076293945,148.66000366210938,108.41000366210938,6806100,33254400,3944900,1426400,74528900,50651400,18538200,18212900,8603700,8562600,10540900,4767200,4069600,81099600,9637600,20498700,4818100,2832500,24100900,8513500,19133900,341755500,54337700,1853500,8727600,19615800,3713300,21012700,5434100,10793200,3107600,21256900,44849200,87351400,8532400,19625000
2025-03-10,207.9029998779297,96.62999725341797,315.02337646484375,675.705810546875,182.41551208496094,38.9538459777832,59.46207809448242,65.39269256591797,89.16077423095703,149.4158935546875,33.10953903198242,120.45506286621094,520.869140625,19.93000030517578,163.15420532226562,226.39544677734375,822.2461547851562,132.8915252685547,91.1048355102539,108.18965148925781,86.75910186767578,106.9449691772461,24.4338321685791,167.1881561279297,151.4318389892578,39.91974639892578,192.9390106201172,167.90806579589844,467.04998779296875,40.164649963378906,122.59658813476562,64.98961639404297,42.339881896972656,47.11861038208008,144.52340698242188,107.3575439453125,216.66000366210938,96.62999725341797,327.3599853515625,683.1099853515625,184.4499969482422,39.83000183105469,63.11000061035156,67.41000366210938,92.9000015258789,157.57000732421875,34.209999084472656,125.88999938964844,531.6599731445312,19.93000030517578,167.6999969482422,232.22000122070312,829.760009765625,136.25999450683594,95.2300033569336,111.69000244140625,87.08000183105469,106.9800033569336,26.639999389648438,174.61000061035156,154.97999572753906,41.13999938964844,194.4199981689453,170.64999389648438,480.2200012207031,42.369998931884766,126.80000305175781,66.77999877929688,44.040000915527344,48.02000045776367,147.6699981689453,111.80000305175781,218.66000366210938,101.29000091552734,335.8800048828125,699.0,191.97999572753906,40.619998931884766,63.15999984741211,68.7300033569336,94.02999877929688,160.3699951171875,34.97999954223633,128.80999755859375,546.469970703125,20.510000228881836,169.89999389648438,237.50999450683594,863.1900024414062,140.14999389648438,97.0,116.27999877929688,91.37000274658203,111.8499984741211,27.239999771118164,177.99000549316406,159.25999450683594,42.16999816894531,200.27999877929688,174.88999938964844,497.8500061035156,44.29999923706055,131.1199951171875,69.55000305175781,44.64500045776367,48.61000061035156,149.91000366210938,112.56999969482422,209.1999969482422,95.83000183105469,322.7699890136719,676.0,180.42999267578125,39.18000030517578,60.720001220703125,66.05000305175781,90.6500015258789,156.1699981689453,33.529998779296875,124.95999908447266,523.1300048828125,19.649999618530273,167.0500030517578,228.6999969482422,825.780029296875,135.7100067138672,94.69000244140625,109.22000122070312,85.76000213623047,105.45999908447266,26.540000915527344,172.25999450683594,152.61000061035156,40.880001068115234,191.55999755859375,167.91000366210938,477.7099914550781,41.97999954223633,126.01000213623047,65.5199966430664,43.630001068115234,47.459999084472656,147.33999633789062,109.08000183105469,209.99000549316406,98.56999969482422,324.1300048828125,697.97998046875,189.60000610351562,40.400001525878906,60.95000076293945,68.48999786376953,91.44999694824219,157.19000244140625,34.70000076293945,126.77999877929688,542.2999877929688,20.239999771118164,167.47999572753906,236.2100067138672,853.9099731445312,138.5399932861328,94.69000244140625,116.0,89.58999633789062,109.9000015258789,26.639999389648438,176.0,157.35000610351562,41.220001220703125,198.82000732421875,172.47000122070312,492.2799987792969,43.79999923706055,128.61000061035156,69.55000305175781,43.95500183105469,48.290000915527344,148.1199951171875,109.27999877929688,8604000,38733200,4120700,2321500,44217100,77498400,20295700,22378400,12086700,11750300,10579000,3172800,5272100,82760600,17559000,18887200,5962900,2799300,20897600,16765700,21897900,366487400,53013500,2931700,10139900,18761500,5410800,18265100,5108900,18143800,3844100,27582900,40045400,78221400,13577800,22749100
2025-03-11,204.95706176757812,96.76000213623047,306.87261962890625,682.7288818359375,187.99330139160156,38.738677978515625,57.95456314086914,65.4800033569336,91.56974792480469,146.1064910888672,33.303104400634766,119.11549377441406,520.643798828125,19.780000686645508,161.3640899658203,223.39271545410156,816.5977172851562,131.38961791992188,90.62648010253906,108.52867889404297,88.72183990478516,108.72437286376953,23.83765983581543,162.83154296875,149.59490966796875,38.89119338989258,190.6565399169922,168.2229461669922,472.71038818359375,39.39680862426758,118.95156860351562,65.47620391845703,42.003387451171875,46.716304779052734,142.9477081298828,104.82246398925781,213.58999633789062,96.76000213623047,318.8900146484375,690.2100219726562,190.08999633789062,39.61000061035156,61.5099983215332,67.5,95.41000366210938,154.0800018310547,34.40999984741211,124.48999786376953,531.4299926757812,19.780000686645508,165.86000061035156,229.13999938964844,824.0599975585938,134.72000122070312,94.7300033569336,112.04000091552734,89.05000305175781,108.76000213623047,25.989999771118164,170.05999755859375,153.10000610351562,40.08000183105469,192.1199951171875,170.97000122070312,486.0400085449219,41.560001373291016,123.02999877929688,67.27999877929688,43.689998626708984,47.61000061035156,146.05999755859375,109.16000366210938,216.66000366210938,98.16000366210938,329.1000061035156,702.0,195.6199951171875,40.65999984741211,63.33000183105469,68.47000122070312,96.13999938964844,158.83999633789062,35.18000030517578,127.43000030517578,539.989990234375,20.059999465942383,167.3000030517578,233.32000732421875,832.3499755859375,138.27000427246094,95.37999725341797,113.51000213623047,91.0999984741211,112.23999786376953,26.6200008392334,176.22999572753906,156.22999572753906,41.459999084472656,196.30999755859375,173.3300018310547,486.7699890136719,42.709999084472656,128.47000122070312,68.01000213623047,44.40999984741211,48.08000183105469,147.88999938964844,112.0999984741211,212.41000366210938,94.7300033569336,318.4200134277344,681.260009765625,185.35000610351562,39.27000045776367,61.22999954223633,66.16999816894531,92.9000015258789,153.7899932861328,34.02000045776367,124.27999877929688,524.2000122070312,19.290000915527344,165.0500030517578,226.69000244140625,811.6400146484375,133.72999572753906,93.58000183105469,110.33999633789062,86.06999969482422,104.7699966430664,25.8700008392334,169.8300018310547,150.86000061035156,40.02000045776367,189.11000061035156,168.10000610351562,477.1400146484375,41.400001525878906,122.68000030517578,65.79000091552734,43.45500183105469,47.279998779296875,145.2899932861328,108.79000091552734,216.66000366210938,96.79000091552734,328.79998779296875,698.8200073242188,188.0500030517578,39.70000076293945,62.79999923706055,67.29000091552734,92.9000015258789,158.42999267578125,34.599998474121094,126.94000244140625,532.469970703125,19.969999313354492,167.1999969482422,231.75,827.2000122070312,137.52000427246094,94.9800033569336,111.70999908447266,87.9000015258789,106.98999786376953,26.56999969482422,173.94000244140625,154.85000610351562,41.38999938964844,194.52000427246094,170.64999389648438,482.5,42.400001525878906,128.4600067138672,66.83000183105469,44.220001220703125,47.95000076293945,147.67999267578125,111.91999816894531,7144500,34078300,3080100,1616800,42153200,50608400,14637900,21269200,14544100,10466300,8721900,4408900,4190500,80789000,9890300,18143000,3796500,2750600,21734800,13490400,21962100,354865700,44841400,2453500,8692900,16397400,3776600,16561100,4101000,17587400,3604800,24310700,30230200,72972200,9411600,19904700
2025-03-12,203.48890686035156,100.79000091552734,300.723388671875,695.7462158203125,192.08763122558594,39.032081604003906,56.35282897949219,65.9165267944336,93.81555938720703,144.76947021484375,33.632171630859375,118.9050064086914,524.8370361328125,20.68000030517578,158.43568420410156,222.1837921142578,814.4175415039062,133.73025512695312,89.30625915527344,110.42725372314453,95.28755187988281,115.71273040771484,23.580848693847656,163.7411651611328,149.30178833007812,38.86207962036133,194.5863800048828,174.3232879638672,467.9155578613281,39.51056671142578,121.03028869628906,67.08197021484375,42.1956672668457,46.78499221801758,141.51881408691406,104.79364013671875,212.05999755859375,100.79000091552734,312.5,703.3699951171875,194.22999572753906,39.90999984741211,59.810001373291016,67.94999694824219,97.75,152.6699981689453,34.75,124.2699966430664,535.7100219726562,20.68000030517578,162.85000610351562,227.89999389648438,821.8599853515625,137.1199951171875,93.3499984741211,114.0,95.63999938964844,115.73999786376953,25.709999084472656,171.00999450683594,152.8000030517578,40.04999923706055,196.0800018310547,177.1699981689453,481.1099853515625,41.68000030517578,125.18000030517578,68.93000030517578,43.88999938964844,47.68000030517578,144.60000610351562,109.12999725341797,213.8699951171875,101.72000122070312,316.0199890136719,708.2999877929688,199.97999572753906,40.5,60.81999969482422,69.11000061035156,97.79000091552734,154.7899932861328,35.279998779296875,126.0,545.0,21.170000076293945,164.2100067138672,234.32000732421875,834.6500244140625,138.49000549316406,94.4000015258789,115.5999984741211,96.98999786376953,116.76000213623047,25.969999313354492,173.0800018310547,155.86000061035156,40.630001068115234,198.69000244140625,178.1300048828125,487.6000061035156,42.209999084472656,126.66999816894531,69.48999786376953,44.29499816894531,48.189998626708984,145.99000549316406,110.12999725341797,209.30999755859375,98.16999816894531,308.6400146484375,696.739990234375,192.4499969482422,39.20000076293945,59.52000045776367,66.87000274658203,95.01000213623047,152.22000122070312,34.279998779296875,123.13999938964844,528.5900268554688,20.209999084472656,162.22999572753906,227.25999450683594,813.260009765625,133.75,92.86000061035156,112.55000305175781,92.23999786376953,112.87999725341797,25.5,169.10000610351562,151.9199981689453,39.72999954223633,194.32000732421875,174.75999450683594,478.82000732421875,41.02000045776367,122.01000213623047,67.69999694824219,43.55500030517578,47.220001220703125,144.1199951171875,108.41999816894531,212.0,99.05000305175781,311.3900146484375,704.1400146484375,196.22000122070312,40.310001373291016,60.720001220703125,68.79000091552734,95.18000030517578,153.63999938964844,34.540000915527344,124.05000305175781,544.0,20.790000915527344,163.72999572753906,234.0,814.9500122070312,133.75,94.06999969482422,115.0,92.47000122070312,114.12000274658203,25.940000534057617,172.0800018310547,154.2100067138672,40.209999084472656,196.6999969482422,175.60000610351562,483.1400146484375,42.119998931884766,122.45999908447266,68.80000305175781,43.720001220703125,48.119998931884766,145.72999572753906,109.05000305175781,6139800,34241300,3182200,1306300,30409700,42290700,10812400,16131100,10147300,9710200,7621600,3428400,3078100,128671100,8010700,16054000,3014800,2425900,11896000,7925500,23584700,323857500,37331000,2389100,7117400,10562200,3143000,14737600,3680800,13661400,3453900,18462300,32240400,60700100,7141100,14051500
2025-03-13,202.99951171875,98.11000061035156,300.858154296875,687.0613403320312,189.24929809570312,38.797359466552734,56.795658111572266,65.21807861328125,92.318359375,145.66079711914062,32.70304870605469,115.86229705810547,514.158203125,23.700000762939453,158.57188415527344,219.54177856445312,794.390625,133.6327667236328,90.60736083984375,108.17996978759766,94.53034973144531,115.55277252197266,23.47995948791504,161.66342163085938,148.46145629882812,38.745635986328125,193.6138458251953,168.8329620361328,468.3143310546875,38.79011917114258,121.62975311279297,66.62456512451172,41.907249450683594,46.529869079589844,140.76522827148438,104.35192108154297,211.5500030517578,98.11000061035156,312.6400146484375,694.5900268554688,191.36000061035156,39.66999816894531,60.279998779296875,67.2300033569336,96.19000244140625,153.61000061035156,33.790000915527344,121.08999633789062,524.8099975585938,23.700000762939453,162.99000549316406,225.19000244140625,801.6500244140625,137.02000427246094,94.70999908447266,111.68000030517578,94.87999725341797,115.58000183105469,25.600000381469727,168.83999633789062,151.94000244140625,39.93000030517578,195.10000610351562,171.58999633789062,481.5199890136719,40.91999816894531,125.80000305175781,68.45999908447266,43.59000015258789,47.41999816894531,143.8300018310547,108.66999816894531,213.8000030517578,100.06999969482422,316.75,705.2999877929688,196.32000732421875,40.189998626708984,60.7599983215332,69.13999938964844,99.37000274658203,154.42999267578125,34.58000183105469,124.58000183105469,538.1400146484375,24.530000686645508,164.5399932861328,229.5,821.1099853515625,140.0,96.33999633789062,114.8499984741211,98.12000274658203,117.76000213623047,26.06999969482422,172.88999938964844,155.6300048828125,40.630001068115234,199.24000549316406,173.88999938964844,484.05999755859375,41.970001220703125,127.98999786376953,69.72000122070312,44.3650016784668,48.08000183105469,145.07000732421875,110.81999969482422,210.67999267578125,97.2699966430664,311.989990234375,688.260009765625,189.47000122070312,39.33000183105469,59.790000915527344,66.7300033569336,96.13999938964844,151.9199981689453,33.41999816894531,120.08000183105469,520.0599975585938,23.1299991607666,162.66000366210938,224.22999572753906,795.3800048828125,135.7100067138672,93.4000015258789,111.2300033569336,94.0,113.79000091552734,25.530000686645508,168.44000244140625,150.4199981689453,39.619998931884766,193.17999267578125,170.5,475.0,40.810001373291016,124.47000122070312,68.30999755859375,43.32500076293945,47.279998779296875,143.49000549316406,107.62999725341797,212.0,99.72000122070312,313.6600036621094,697.8400268554688,193.14999389648438,39.970001220703125,59.9900016784668,68.4000015258789,97.0,152.25999450683594,34.38999938964844,123.12999725341797,535.6699829101562,23.5,163.42999267578125,229.3000030517578,818.239990234375,137.27999877929688,93.4000015258789,114.0,94.25,117.02999877929688,25.760000228881836,172.16000366210938,152.60000610351562,40.08000183105469,196.07000732421875,173.88999938964844,479.45001220703125,41.93000030517578,125.48999786376953,69.62999725341797,43.73500061035156,47.79999923706055,144.66000366210938,108.33000183105469,5559500,28575200,2062700,1399500,27236100,37766100,8990400,17125200,11354700,9022800,9821100,3549600,2529100,243261000,5286700,16467900,3566300,1885300,16570100,7435500,18824700,299033100,36717900,2054300,5861700,13912800,2504200,14381600,2876600,9565400,3296200,17471500,30742000,49986300,8041600,17767800
2025-03-14,203.21063232421875,100.97000122070312,301.8878173828125,706.260986328125,193.3831787109375,39.99052429199219,55.59906768798828,66.72169494628906,94.96725463867188,148.8943328857422,33.67780303955078,118.57011413574219,530.4212646484375,24.049999237060547,158.39675903320312,226.6099395751953,806.1134643554688,137.66065979003906,90.47341918945312,111.72525787353516,100.4185791015625,121.6413345336914,23.59001922607422,165.63702392578125,152.99522399902344,39.88093566894531,199.58798217773438,171.29278564453125,475.248779296875,39.832862854003906,124.85901641845703,68.95048522949219,43.1474494934082,47.60921859741211,141.84176635742188,107.45357513427734,211.77000427246094,100.97000122070312,313.7099914550781,714.0,195.5399932861328,40.88999938964844,59.0099983215332,68.77999877929688,98.94999694824219,157.02000427246094,34.54999923706055,123.91999816894531,541.4099731445312,24.049999237060547,162.80999755859375,232.44000244140625,813.47998046875,141.14999389648438,94.56999969482422,115.33999633789062,100.79000091552734,121.66999816894531,25.719999313354492,172.99000549316406,156.5800018310547,41.099998474121094,201.1199951171875,174.08999633789062,488.6499938964844,42.02000045776367,129.13999938964844,70.8499984741211,44.880001068115234,48.52000045776367,144.92999267578125,111.9000015258789,212.82000732421875,101.22000122070312,314.510009765625,720.030029296875,197.5,41.02000045776367,59.9900016784668,69.0,99.63999938964844,157.24000549316406,34.58000183105469,124.16999816894531,543.5700073242188,24.3700008392334,163.14999389648438,233.13999938964844,815.2100219726562,141.64999389648438,94.87999725341797,115.7699966430664,102.77999877929688,121.87999725341797,25.760000228881836,173.14999389648438,156.9499969482422,41.43000030517578,201.7100067138672,174.3699951171875,489.45001220703125,42.099998474121094,130.0399932861328,71.06999969482422,44.939998626708984,48.599998474121094,145.14999389648438,112.18000030517578,208.2899932861328,99.58000183105469,310.29998779296875,705.3599853515625,193.1999969482422,40.16999816894531,58.720001220703125,67.58000183105469,96.22000122070312,153.00999450683594,33.439998626708984,120.25,526.7000122070312,23.520000457763672,161.10000610351562,227.5800018310547,800.0,137.02000427246094,93.44999694824219,112.54000091552734,98.75,118.1500015258789,25.5,170.05999755859375,153.5399932861328,40.29999923706055,198.32000732421875,171.92999267578125,478.239990234375,41.130001068115234,124.80999755859375,69.25,43.630001068115234,47.619998931884766,143.41000366210938,108.30999755859375,209.77999877929688,99.63999938964844,312.2300109863281,707.6799926757812,196.1999969482422,40.2599983215332,59.84000015258789,67.97000122070312,96.94000244140625,153.99000549316406,33.61000061035156,121.0,533.989990234375,23.68000030517578,162.1199951171875,228.1199951171875,803.1099853515625,137.3300018310547,94.27999877929688,113.98999786376953,98.75,118.61000061035156,25.6200008392334,171.14999389648438,153.55999755859375,40.400001525878906,198.5,172.64999389648438,481.0,41.31999969482422,125.12000274658203,69.45999908447266,43.83000183105469,47.869998931884766,143.92999267578125,108.94000244140625,4511600,24715300,2396800,1367500,25900900,35979900,11905700,12727300,7625800,6671500,8375800,3266800,2808100,116901600,6235800,11962100,3102300,1708300,12681100,6879400,24623600,277593500,30298300,2312000,5309400,13049400,3696800,11449400,3915900,12739900,2833100,15762300,32023200,49535700,6761200,15890100
2025-03-17,205.801513671875,104.58999633789062,305.2174377441406,722.4140625,192.3546600341797,40.52842330932617,56.522422790527344,67.84696960449219,95.36075592041016,150.50637817382812,34.223663330078125,118.24479675292969,540.1497802734375,25.690000534057617,158.42596435546875,228.0625762939453,817.2913208007812,142.54681396484375,91.4673080444336,114.26314544677734,102.73002624511719,119.50183868408203,23.892690658569336,166.60411071777344,154.3338623046875,40.20114517211914,202.88270568847656,173.4082489013672,485.33441162109375,39.984535217285156,128.54269409179688,68.94076538085938,43.834842681884766,48.16852569580078,143.642578125,109.23966979980469,214.47000122070312,104.58999633789062,317.1700134277344,730.3300170898438,194.5,41.439998626708984,59.9900016784668,69.94000244140625,99.36000061035156,158.72000122070312,35.11000061035156,123.58000183105469,551.3400268554688,25.690000534057617,162.83999633789062,233.92999267578125,824.760009765625,146.16000366210938,94.79000091552734,117.95999908447266,103.11000061035156,119.52999877929688,26.049999237060547,174.0,157.9499969482422,41.43000030517578,204.44000244140625,176.24000549316406,499.0199890136719,42.18000030517578,132.9499969482422,70.83999633789062,45.595001220703125,49.09000015258789,146.77000427246094,113.76000213623047,215.5,106.1500015258789,318.6600036621094,734.5499877929688,196.72000122070312,41.77000045776367,60.130001068115234,70.36000061035156,100.5199966430664,159.4499969482422,35.380001068115234,124.70999908447266,557.1599731445312,26.149999618530273,163.5,235.6699981689453,829.0,147.10000610351562,95.30000305175781,119.30000305175781,104.44999694824219,122.88999938964844,26.149999618530273,174.5800018310547,158.72000122070312,41.70000076293945,206.25999450683594,177.16000366210938,500.6099853515625,42.5,133.67999267578125,71.55999755859375,45.80500030517578,49.33000183105469,147.11000061035156,114.5,209.52000427246094,102.5999984741211,311.7900085449219,717.2100219726562,187.5,40.59000015258789,58.36000061035156,68.68000030517578,99.0199966430664,156.75999450683594,34.630001068115234,123.30999755859375,540.0,24.3700008392334,161.72999572753906,230.4600067138672,814.5700073242188,141.64999389648438,93.08000183105469,114.83999633789062,100.95999908447266,118.02999877929688,25.59000015258789,171.5500030517578,155.44000244140625,41.029998779296875,200.2100067138672,173.82000732421875,485.95001220703125,41.68000030517578,129.1699981689453,70.08000183105469,44.845001220703125,48.31999969482422,144.72000122070312,111.7300033569336,212.22000122070312,102.5999984741211,314.6400146484375,718.0499877929688,188.0500030517578,40.91999816894531,59.15999984741211,68.88999938964844,99.25,157.22000122070312,34.630001068115234,123.80000305175781,541.22998046875,24.420000076293945,162.41000366210938,231.17999267578125,816.9500122070312,141.69000244140625,93.6500015258789,114.97000122070312,101.05999755859375,122.73999786376953,25.739999771118164,172.6199951171875,155.60000610351562,41.099998474121094,200.30999755859375,173.9499969482422,487.510009765625,41.97999954223633,129.77999877929688,70.47000122070312,44.845001220703125,48.33000183105469,144.72000122070312,111.80000305175781,5075400,43689500,2292900,1423300,26830600,37242800,9666800,12531700,8031100,7615200,7567000,3695800,2695600,160723600,6669800,9586000,2546600,2324000,12237900,8374900,17095100,255501500,32676900,2572900,5781000,11825600,2743100,9678100,5152300,9851300,3484000,11185000,29761600,43570500,6017300,19908800
2025-03-18,205.20655822753906,103.51000213623047,306.6416320800781,723.1854858398438,186.58897399902344,40.73380661010742,56.437625885009766,68.11860656738281,96.4836654663086,152.48822021484375,34.47710037231445,117.27839660644531,540.5808715820312,25.920000076293945,159.7977294921875,229.07647705078125,815.061767578125,142.39076232910156,91.39976501464844,114.408447265625,101.34514617919922,115.4028091430664,24.131160736083984,165.98171997070312,152.71185302734375,39.91004180908203,200.19090270996094,171.01194763183594,489.9833068847656,40.07933044433594,127.65322875976562,69.2035140991211,43.90694808959961,48.10964584350586,143.71107482910156,109.12443542480469,213.85000610351562,103.51000213623047,318.6499938964844,731.1099853515625,188.6699981689453,41.650001525878906,59.900001525878906,70.22000122070312,100.52999877929688,160.80999755859375,35.369998931884766,122.56999969482422,551.780029296875,25.920000076293945,164.25,234.97000122070312,822.510009765625,146.0,94.72000122070312,118.11000061035156,101.72000122070312,115.43000030517578,26.309999465942383,173.35000610351562,156.2899932861328,41.130001068115234,201.47000122070312,173.1300048828125,503.79998779296875,42.279998779296875,132.02999877929688,71.11000061035156,45.66999816894531,49.029998779296875,146.83999633789062,113.63999938964844,215.17999267578125,104.55000305175781,319.30999755859375,734.1900024414062,192.88999938964844,41.83000183105469,60.2599983215332,70.48999786376953,100.93000030517578,161.08999633789062,35.90999984741211,124.75,553.75,26.40999984741211,164.86000061035156,236.1699981689453,836.2899780273438,148.72000122070312,95.41000366210938,119.20999908447266,103.30999755859375,119.0199966430664,26.399999618530273,174.6999969482422,159.72999572753906,41.7599983215332,203.0500030517578,174.5800018310547,505.9700012207031,42.540000915527344,135.9199981689453,71.4800033569336,45.95500183105469,49.290000915527344,147.05999755859375,114.54000091552734,212.27000427246094,102.97000122070312,315.17999267578125,719.989990234375,186.89999389648438,41.290000915527344,59.540000915527344,69.58999633789062,98.7300033569336,158.82000732421875,34.81999969482422,122.0,546.6500244140625,25.389999389648438,162.97000122070312,233.52000427246094,812.6199951171875,144.69000244140625,93.83999633789062,117.27999877929688,100.29000091552734,114.54000091552734,26.100000381469727,171.7100067138672,155.9199981689453,40.79999923706055,200.17999267578125,170.42999267578125,497.82000732421875,42.08000183105469,130.94000244140625,70.38999938964844,45.310001373291016,48.849998474121094,146.0399932861328,112.56999969482422,214.47000122070312,103.8499984741211,317.55999755859375,729.9000244140625,190.44000244140625,41.720001220703125,59.880001068115234,69.97000122070312,100.45999908447266,159.74000549316406,35.65999984741211,124.70999908447266,550.2899780273438,25.549999237060547,163.44000244140625,234.32000732421875,833.4199829101562,147.64999389648438,95.2300033569336,118.27999877929688,101.9000015258789,118.0,26.209999084472656,174.27999877929688,157.9499969482422,41.599998474121094,202.11000061035156,174.3800048828125,502.239990234375,42.36000061035156,134.0800018310547,71.01000213623047,45.849998474121094,49.130001068115234,146.82000732421875,114.08999633789062,5088200,27152800,2549300,1007300,24951000,37644500,9967900,12289900,7861500,9289500,7292700,3028500,2641000,132488800,7348800,10344900,2354900,2797800,8670100,7234900,18434100,299686900,32958700,4219500,6898400,14406400,2470800,9986000,3617600,13725500,3139900,11102100,30806600,32714200,5528000,15998700
2025-03-19,203.67123413085938,106.2300033569336,303.8509216308594,726.9443359375,193.41285705566406,41.28148651123047,56.60721969604492,69.3021011352539,97.25146484375,155.56056213378906,35.13993835449219,119.54608154296875,546.0280151367188,24.1200008392334,158.57188415527344,233.11264038085938,829.4304809570312,145.87249755859375,90.72429656982422,116.09391784667969,101.68389129638672,117.4923095703125,24.039440155029297,166.4413299560547,154.63674926757812,39.86153030395508,201.8204803466797,171.63421630859375,489.3997802734375,40.45851516723633,129.4031982421875,70.80928039550781,44.623191833496094,48.6395149230957,143.78936767578125,110.82410430908203,212.25,106.2300033569336,315.75,734.9099731445312,195.57000732421875,42.209999084472656,60.08000183105469,71.44000244140625,101.33000183105469,164.0500030517578,36.04999923706055,124.94000244140625,557.3400268554688,24.1200008392334,162.99000549316406,239.11000061035156,837.010009765625,149.57000732421875,94.0199966430664,119.8499984741211,102.05999755859375,117.5199966430664,26.209999084472656,173.8300018310547,158.25999450683594,41.08000183105469,203.11000061035156,173.75999450683594,503.20001220703125,42.68000030517578,133.83999633789062,72.76000213623047,46.415000915527344,49.56999969482422,146.9199981689453,115.41000366210938,214.5,107.9000015258789,318.9200134277344,746.75,198.27000427246094,42.70000076293945,60.54999923706055,72.18000030517578,102.66000366210938,164.5399932861328,36.45000076293945,125.51000213623047,563.0,25.229999542236328,164.36000061035156,242.3300018310547,842.1300048828125,150.61000061035156,95.43000030517578,121.25,103.5999984741211,120.44999694824219,26.5,175.72000122070312,160.50999450683594,41.66999816894531,206.42999267578125,175.72999572753906,506.3500061035156,42.91999816894531,134.97000122070312,73.83000183105469,46.619998931884766,49.83000183105469,147.30999755859375,115.81999969482422,210.77999877929688,101.95999908447266,313.3999938964844,725.0599975585938,186.89999389648438,41.29999923706055,59.459999084472656,69.66999816894531,100.2699966430664,160.89999389648438,35.25,122.73999786376953,544.5999755859375,24.030000686645508,162.2100067138672,234.88999938964844,819.5,145.75,93.63999938964844,116.2300033569336,100.48999786376953,115.68000030517578,26.079999923706055,172.38999938964844,155.05999755859375,40.939998626708984,200.0,171.74000549316406,500.05999755859375,42.16999816894531,131.75999450683594,70.83000183105469,45.720001220703125,48.86000061035156,145.89999389648438,113.83000183105469,214.02999877929688,104.41999816894531,317.510009765625,729.1099853515625,189.33999633789062,41.720001220703125,59.86000061035156,70.36000061035156,100.5,160.97000122070312,35.279998779296875,122.73999786376953,549.0,24.899999618530273,163.97000122070312,235.74000549316406,821.719970703125,146.50999450683594,95.25,117.2300033569336,100.81999969482422,117.2699966430664,26.329999923706055,173.39999389648438,156.42999267578125,41.369998931884766,201.5,173.0,505.0400085449219,42.279998779296875,132.1300048828125,71.13999938964844,45.72999954223633,49.060001373291016,146.9499969482422,114.19999694824219,5412900,32287500,1834300,1080500,37962700,42471100,8304200,14400600,8784600,11503900,10658200,3479300,2769800,135491400,5936400,10120600,3790500,3591400,11355900,8430800,16633100,273426200,42522700,3026200,5871000,19553700,2330800,10678500,3317600,12043400,3968300,14453200,31742600,44290700,6156200,17315000
2025-03-20,203.39295959472656,107.13999938964844,303.167724609375,726.1035766601562,189.008544921875,41.54555130004883,56.92756652832031,69.67071533203125,98.1920166015625,156.2432861328125,35.217918395996094,118.93370819091797,551.2595825195312,23.959999084472656,158.60107421875,233.01515197753906,834.9401245117188,148.19366455078125,91.40941619873047,116.6944808959961,102.62042236328125,118.50206756591797,24.021099090576172,166.03916931152344,154.3338623046875,40.05559539794922,200.21078491210938,175.29884338378906,497.277587890625,40.392154693603516,130.3603973388672,70.57571411132812,44.78662872314453,48.70820236206055,143.87745666503906,111.29463195800781,211.9600067138672,107.13999938964844,315.0400085449219,734.0599975585938,190.5399932861328,42.47999954223633,60.41999816894531,71.81999969482422,102.30999755859375,164.77000427246094,36.130001068115234,124.30000305175781,562.6799926757812,23.959999084472656,163.02000427246094,239.00999450683594,842.5700073242188,151.9499969482422,94.7300033569336,120.47000122070312,103.0,118.52999877929688,26.190000534057617,173.41000366210938,157.9499969482422,41.279998779296875,201.49000549316406,177.47000122070312,511.29998779296875,42.61000061035156,134.8300018310547,72.5199966430664,46.584999084472656,49.63999938964844,147.00999450683594,115.9000015258789,213.4199981689453,108.26000213623047,315.989990234375,735.4000244140625,193.83999633789062,42.720001220703125,61.06999969482422,72.9800033569336,102.62999725341797,165.30999755859375,36.34000015258789,125.48999786376953,568.4400024414062,24.309999465942383,163.1999969482422,241.75999450683594,854.3900146484375,152.0800018310547,95.16000366210938,121.80999755859375,104.69000244140625,120.19999694824219,26.299999237060547,175.17999267578125,159.1199951171875,41.779998779296875,203.72000122070312,178.6699981689453,514.3900146484375,43.09000015258789,135.63999938964844,73.37000274658203,46.7400016784668,49.97999954223633,147.63999938964844,116.47000122070312,211.11000061035156,105.12000274658203,312.239990234375,724.22998046875,188.94000244140625,41.650001525878906,59.779998779296875,70.54000091552734,100.83999633789062,162.41000366210938,35.54999923706055,123.0,552.0,23.729999542236328,161.92999267578125,236.1999969482422,832.4600219726562,147.67999267578125,93.68000030517578,118.81999969482422,101.3499984741211,116.47000122070312,26.020000457763672,172.0,156.52000427246094,40.599998474121094,200.36000061035156,174.5500030517578,503.510009765625,42.20000076293945,131.5399932861328,71.77999877929688,45.96500015258789,49.20000076293945,146.50999450683594,114.20999908447266,213.00999450683594,105.12000274658203,314.17999267578125,725.010009765625,191.52000427246094,41.7599983215332,59.86000061035156,70.9800033569336,101.1500015258789,163.1300048828125,35.75,123.94999694824219,553.0999755859375,23.770000457763672,163.0,236.55999755859375,839.030029296875,148.02999877929688,94.0,118.81999969482422,101.58000183105469,116.55000305175781,26.25,172.30999755859375,158.0,40.7599983215332,200.52000427246094,174.85000610351562,505.25,42.2599983215332,132.16000366210938,71.83999633789062,46.15999984741211,49.290000915527344,146.94000244140625,114.72000122070312,5836100,26871800,2049700,1282400,31430000,41018100,12197400,15315600,11577800,9545900,6915800,4074900,2531300,68937600,7485900,8328500,4402700,3638800,12970200,7026000,29204400,248829700,35378900,2994500,5089300,12753100,2265900,12209700,4965400,9203000,2858100,12388300,33163600,46326000,8033800,16230800
2025-03-21,201.52175903320312,106.44000244140625,304.1300354003906,708.4569091796875,190.11956787109375,41.535770416259766,57.53999710083008,69.825927734375,97.81771087646484,156.2243194580078,35.2374153137207,119.76615142822266,553.669677734375,24.260000228881836,159.1945343017578,235.56942749023438,829.9853515625,146.2528533935547,89.84620666503906,116.37483215332031,94.3709487915039,117.6722640991211,24.10364532470703,166.23065185546875,153.22972106933594,39.774200439453125,198.1141815185547,174.56787109375,502.67535400390625,40.61018371582031,127.15045166015625,70.57571411132812,44.47417068481445,48.531578063964844,143.4761962890625,110.91053009033203,210.00999450683594,106.44000244140625,316.0400085449219,716.219970703125,191.66000366210938,42.470001220703125,61.06999969482422,71.9800033569336,101.91999816894531,164.75,36.150001525878906,125.16999816894531,565.1400146484375,24.260000228881836,163.6300048828125,241.6300048828125,837.5700073242188,149.9600067138672,93.11000061035156,120.13999938964844,94.72000122070312,117.69999694824219,26.280000686645508,173.61000061035156,156.82000732421875,40.9900016784668,199.3800048828125,176.72999572753906,516.8499755859375,42.84000015258789,131.50999450683594,72.5199966430664,46.2599983215332,49.459999084472656,146.60000610351562,115.5,212.8800048828125,107.25,316.489990234375,721.3599853515625,192.07000732421875,42.65999984741211,61.34000015258789,72.25,102.95999908447266,164.88999938964844,36.279998779296875,125.16999816894531,567.0,24.700000762939453,164.1300048828125,242.3000030517578,850.4299926757812,152.0500030517578,94.68000030517578,120.87999725341797,98.5,117.98999786376953,26.520000457763672,173.67999267578125,157.4199981689453,41.540000915527344,200.13999938964844,177.1999969482422,519.0,43.0099983215332,134.69000244140625,72.77999877929688,46.540000915527344,49.63999938964844,146.86000061035156,115.98999786376953,208.74000549316406,104.33000183105469,311.1600036621094,711.2100219726562,187.3699951171875,41.88999938964844,59.84000015258789,70.7699966430664,101.33999633789062,163.11000061035156,35.77000045776367,122.98999786376953,551.2100219726562,23.489999771118164,162.47999572753906,236.5,825.3200073242188,147.83999633789062,93.06999969482422,118.30000305175781,93.69999694824219,115.41999816894531,26.010000228881836,170.85000610351562,153.55999755859375,40.7599983215332,196.3699951171875,173.7899932861328,505.0899963378906,42.119998931884766,130.92999267578125,71.1500015258789,45.970001220703125,49.029998779296875,145.72999572753906,114.3499984741211,211.72999572753906,105.33000183105469,311.82000732421875,711.7899780273438,188.2100067138672,42.15999984741211,60.22999954223633,71.27999877929688,102.41000366210938,164.49000549316406,35.970001220703125,123.54000091552734,555.3300170898438,23.600000381469727,163.0,237.80999755859375,837.7999877929688,151.08999633789062,94.58000183105469,119.3499984741211,98.19999694824219,116.94000244140625,26.1299991607666,172.0,154.97999572753906,40.97999954223633,197.94000244140625,174.91000366210938,511.67999267578125,42.349998474121094,134.08999633789062,71.95999908447266,46.43000030517578,49.38999938964844,146.5800018310547,115.5,16657700,30767900,9995000,1967200,43086500,65011000,25865100,21724000,55090400,21625500,12728200,9750400,3565600,94110700,17047100,19326900,5963800,6814000,68435800,10989900,63239600,266498500,349996500,5500400,10949300,73470100,2873400,9993200,10244900,69001600,6736500,32647100,36975600,53382800,7635300,41102800
2025-03-24,200.71571350097656,113.8499984741211,302.5325012207031,719.950927734375,189.7128448486328,42.1225700378418,57.521148681640625,71.82427978515625,98.07685852050781,156.48036193847656,36.0269660949707,122.7323226928711,568.3260498046875,24.219999313354492,158.86373901367188,241.83815002441406,857.06787109375,145.00448608398438,89.07423400878906,120.3753890991211,96.582763671875,121.38140106201172,23.975236892700195,169.03611755371094,156.41510009765625,40.463138580322266,203.99658203125,178.94369506835938,502.33502197265625,41.482303619384766,127.57584381103516,72.28852844238281,44.98090362548828,49.387367248535156,144.5716552734375,111.19860076904297,209.1699981689453,113.8499984741211,314.3800048828125,727.8400268554688,191.25,43.06999969482422,61.04999923706055,74.04000091552734,102.19000244140625,165.02000427246094,36.959999084472656,128.27000427246094,580.0999755859375,24.219999313354492,163.2899932861328,248.05999755859375,864.9000244140625,148.67999267578125,92.30999755859375,124.2699966430664,96.94000244140625,121.41000366210938,26.139999389648438,176.5399932861328,160.0800018310547,41.70000076293945,205.3000030517578,181.16000366210938,516.5,43.7599983215332,131.9499969482422,74.27999877929688,46.42499923706055,50.150001525878906,147.14999389648438,115.80000305175781,211.02000427246094,114.8499984741211,317.5799865722656,731.9500122070312,196.69000244140625,43.150001525878906,61.25,74.3499984741211,102.93000030517578,166.42999267578125,37.20000076293945,129.19000244140625,582.719970703125,24.989999771118164,164.38999938964844,248.69000244140625,866.8699951171875,153.4499969482422,93.11000061035156,124.81999969482422,98.41999816894531,122.22000122070312,26.219999313354492,177.0500030517578,161.0,41.79999923706055,206.66000366210938,182.92999267578125,518.25,43.86000061035156,134.27000427246094,74.52999877929688,46.70000076293945,50.27000045776367,147.38999938964844,116.91000366210938,207.5,109.4000015258789,313.42999267578125,726.3400268554688,190.6699981689453,42.75,59.970001220703125,72.66999816894531,101.56999969482422,164.32000732421875,36.119998931884766,124.95999908447266,573.0499877929688,24.1299991607666,162.5,244.41000366210938,837.760009765625,147.55999755859375,91.55999755859375,122.0,95.33000183105469,119.33999633789062,25.889999389648438,174.77000427246094,158.8000030517578,41.130001068115234,203.3300018310547,179.67999267578125,511.1199951171875,43.11000061035156,130.5399932861328,73.33999633789062,46.03499984741211,49.65999984741211,146.11000061035156,115.58000183105469,209.38999938964844,109.7300033569336,315.0,728.030029296875,194.3000030517578,42.93000030517578,60.790000915527344,73.26000213623047,102.02999877929688,164.69000244140625,36.25,125.25,575.0,24.719999313354492,162.83999633789062,245.47999572753906,845.3200073242188,151.13999938964844,92.9000015258789,122.30999755859375,96.0999984741211,119.87999725341797,26.100000381469727,175.02000427246094,160.0,41.31999969482422,203.57000732421875,179.99000549316406,515.0800170898438,43.220001220703125,131.2899932861328,73.63999938964844,46.11000061035156,49.790000915527344,146.4199981689453,115.68000030517578,7393800,53342000,2439400,1104400,33180300,30646100,11976800,15310600,6768300,8068000,5722200,3236200,1877700,69169000,8046400,9422700,3102400,3087300,16950100,6184400,35406600,228452500,37944400,2924400,6033400,10438900,3947000,11440000,3840900,8235200,4497100,10688900,23824600,43158200,6500600,14207500
2025-03-25,193.2021942138672,114.80999755859375,295.2959289550781,718.8629150390625,186.7468719482422,42.32794952392578,55.7686653137207,72.24142456054688,98.42236328125,157.3527374267578,36.036712646484375,121.8807373046875,574.0475463867188,24.200000762939453,156.65528869628906,244.83114624023438,844.6314697265625,145.40435791015625,84.78987884521484,121.2762451171875,93.83293914794922,120.66156768798828,23.434097290039062,169.36167907714844,156.48348999023438,41.02593231201172,202.8936309814453,178.68685913085938,499.3492126464844,41.425418853759766,127.62419891357422,72.24960327148438,45.165000915527344,49.663108825683594,142.724609375,111.95720672607422,201.33999633789062,114.80999755859375,306.8599853515625,726.739990234375,188.25999450683594,43.279998779296875,59.189998626708984,74.47000122070312,102.55000305175781,165.94000244140625,36.970001220703125,127.37999725341797,585.9400024414062,24.200000762939453,161.02000427246094,251.1300048828125,852.3499755859375,149.08999633789062,87.87000274658203,125.19999694824219,94.18000030517578,120.69000244140625,25.549999237060547,176.8800048828125,160.14999389648438,42.279998779296875,204.19000244140625,180.89999389648438,513.4299926757812,43.70000076293945,132.0,74.23999786376953,46.6150016784668,50.43000030517578,145.27000427246094,116.58999633789062,209.25999450683594,114.94999694824219,314.2200012207031,735.0,191.60000610351562,43.529998779296875,61.4900016784668,74.80000305175781,103.3499984741211,167.82000732421875,37.77000045776367,129.55999755859375,586.8900146484375,24.75,164.19000244140625,251.82000732421875,874.9199829101562,151.36000061035156,92.30999755859375,126.05000305175781,96.37999725341797,121.29000091552734,26.200000762939453,177.99000549316406,161.47000122070312,42.38999938964844,205.7100067138672,182.50999450683594,519.0,44.029998779296875,134.0,74.66000366210938,47.02000045776367,50.5099983215332,147.58999633789062,117.63999938964844,199.3800048828125,112.70999908447266,303.510009765625,725.4199829101562,187.67999267578125,43.040000915527344,59.18000030517578,73.72000122070312,101.41999816894531,165.11000061035156,36.83000183105469,127.06999969482422,578.2100219726562,24.110000610351562,160.55999755859375,247.6199951171875,847.9199829101562,148.41000366210938,87.08000183105469,124.1500015258789,93.25,118.91999816894531,25.510000228881836,176.3000030517578,159.4199981689453,41.90999984741211,203.55999755859375,179.8000030517578,511.5299987792969,43.4900016784668,131.0,73.83000183105469,46.474998474121094,50.08000183105469,144.35000610351562,115.95999908447266,209.22000122070312,113.2699966430664,313.9800109863281,732.0599975585938,190.88999938964844,43.349998474121094,61.209999084472656,74.3499984741211,102.58000183105469,166.0800018310547,37.2599983215332,128.39999389648438,584.6900024414062,24.18000030517578,163.52000427246094,249.30999755859375,869.5499877929688,149.5800018310547,92.30999755859375,124.9000015258789,96.18000030517578,120.55000305175781,26.15999984741211,176.7100067138672,159.8800048828125,42.0,205.0500030517578,182.47000122070312,518.280029296875,43.779998779296875,132.6699981689453,74.47000122070312,46.630001068115234,50.33000183105469,147.5,116.43000030517578,10089100,29077500,2565300,1244300,23417300,25445300,10969100,10922200,6556500,7869200,5934100,3337200,1875500,51743300,7456200,9287700,2670600,3562000,20640200,4326300,22191700,167447200,47607600,2035900,3978200,12757600,1419100,8718800,3015100,7377800,3103600,9499100,22292000,24873700,6502000,12081800
2025-03-26,193.16380310058594,110.19000244140625,294.18927001953125,698.1102905273438,177.82911682128906,41.87807083129883,55.787506103515625,71.04822540283203,99.04619598388672,159.27769470214844,36.52409362792969,123.60301971435547,562.2714233398438,23.420000076293945,157.3363037109375,244.73367309570312,819.2733154296875,146.10658264160156,85.02146911621094,118.3702621459961,91.79048156738281,113.73320007324219,23.122257232666016,169.3999786376953,154.76377868652344,41.16177749633789,197.20994567871094,171.37742614746094,503.9884338378906,41.491783142089844,130.06068420410156,71.50025177001953,45.43144226074219,49.515384674072266,142.20388793945312,113.57044982910156,201.3000030517578,110.19000244140625,305.7099914550781,705.760009765625,179.27000427246094,42.81999969482422,59.209999084472656,73.23999786376953,103.19999694824219,167.97000122070312,37.470001220703125,129.17999267578125,573.9199829101562,23.420000076293945,161.72000122070312,251.02999877929688,826.760009765625,149.80999755859375,88.11000061035156,122.19999694824219,92.12999725341797,113.76000213623047,25.209999084472656,176.9199981689453,158.38999938964844,42.41999816894531,198.47000122070312,173.5,518.2000122070312,43.77000045776367,134.52000427246094,73.47000122070312,46.88999938964844,50.279998779296875,144.74000549316406,118.2699966430664,203.1199951171875,115.9000015258789,309.0899963378906,719.989990234375,188.05999755859375,43.720001220703125,59.689998626708984,75.05999755859375,104.87000274658203,168.9600067138672,37.849998474121094,130.52000427246094,592.6400146484375,24.420000076293945,162.49000549316406,254.6699981689453,851.4099731445312,153.88999938964844,89.31999969482422,126.33999633789062,96.63999938964844,118.83999633789062,25.649999618530273,179.67999267578125,160.80999755859375,43.349998474121094,204.05999755859375,179.5500030517578,522.9500122070312,44.459999084472656,137.4600067138672,75.37999725341797,47.40999984741211,50.90999984741211,145.97000122070312,119.18000030517578,196.49000549316406,108.68000030517578,304.3500061035156,702.239990234375,177.5800018310547,42.72999954223633,58.529998779296875,73.05999755859375,102.61000061035156,167.25,37.20000076293945,128.3000030517578,571.0,23.25,160.63999938964844,249.77999877929688,826.4000244140625,149.35000610351562,87.30999755859375,121.61000061035156,90.97000122070312,112.70999908447266,25.1299991607666,176.19000244140625,156.85000610351562,42.33000183105469,196.44000244140625,171.47000122070312,512.8499755859375,43.58000183105469,133.11000061035156,73.12000274658203,46.775001525878906,50.09000015258789,144.38999938964844,117.68000030517578,203.1199951171875,114.11000061035156,306.44000244140625,715.9000244140625,186.66000366210938,43.459999084472656,59.31999969482422,74.81999969482422,103.6500015258789,167.3699951171875,37.41999816894531,128.75,588.3900146484375,24.25,161.2100067138672,252.60000610351562,845.6900024414062,150.9199981689453,88.23999786376953,125.7699966430664,96.0,118.7300033569336,25.520000457763672,177.77000427246094,159.4499969482422,42.7400016784668,203.22000122070312,179.22999572753906,515.2000122070312,43.91999816894531,133.75999450683594,74.38999938964844,47.04999923706055,50.58000183105469,145.3800048828125,117.68000030517578,6742900,39824000,2375200,1266500,30578500,30012100,11579500,12345800,7168400,10076100,7504800,2716700,1944200,59496700,7223500,12779300,2562100,1980900,13808800,5084600,27107200,293463300,49487400,1847000,5960300,11744300,3595300,14612400,3253800,9585400,2639800,10848100,25564600,39729200,8758600,14110800
2025-03-27,194.5264129638672,106.6500015258789,294.24700927734375,683.144287109375,170.60763549804688,41.62378692626953,55.49542236328125,69.69982147216797,98.6814956665039,158.0260009765625,35.9489860534668,121.25880432128906,547.575927734375,23.6200008392334,158.70809936523438,241.89663696289062,814.2293090820312,143.7073974609375,84.52934265136719,115.27054595947266,90.82406616210938,111.40375518798828,22.938819885253906,167.53285217285156,154.35340881347656,40.85126876831055,193.32476806640625,166.1817626953125,501.57635498046875,40.979881286621094,128.8134307861328,70.34214782714844,44.990596771240234,49.416908264160156,142.42987060546875,113.20555877685547,202.72000122070312,106.6500015258789,305.7699890136719,690.6300048828125,171.99000549316406,42.560001373291016,58.900001525878906,71.8499984741211,102.81999969482422,166.64999389648438,36.880001068115234,126.7300033569336,558.9199829101562,23.6200008392334,163.1300048828125,248.1199951171875,821.6699829101562,147.35000610351562,87.5999984741211,119.0,91.16000366210938,111.43000030517578,25.010000228881836,174.97000122070312,157.97000122070312,42.099998474121094,194.55999755859375,168.24000549316406,515.719970703125,43.22999954223633,133.22999572753906,72.27999877929688,46.435001373291016,50.18000030517578,144.97000122070312,117.88999938964844,203.67999267578125,107.62000274658203,307.57000732421875,702.47998046875,178.3800048828125,43.09000015258789,59.560001373291016,72.98999786376953,103.83999633789062,168.22000122070312,37.4900016784668,129.05999755859375,566.0,23.760000228881836,164.07000732421875,250.63999938964844,826.77001953125,149.6999969482422,88.55999755859375,119.83999633789062,92.20999908447266,114.44999694824219,25.229999542236328,177.19000244140625,159.25,42.83000183105469,197.0399932861328,171.61000061035156,521.0800170898438,43.900001525878906,134.7899932861328,73.56999969482422,46.92499923706055,50.45000076293945,145.4199981689453,119.06999969482422,201.3000030517578,105.55000305175781,304.2900085449219,689.0,170.4600067138672,42.52000045776367,58.77000045776367,71.76000213623047,102.2300033569336,165.85000610351562,36.689998626708984,126.43000030517578,552.5499877929688,22.860000610351562,161.32000732421875,247.17999267578125,815.2899780273438,146.8300018310547,87.37999725341797,117.54000091552734,89.61000061035156,110.66000366210938,24.829999923706055,174.52000427246094,155.75,41.93000030517578,193.3800048828125,167.5500030517578,512.9500122070312,43.130001068115234,130.74000549316406,72.22000122070312,46.25,49.790000915527344,144.4600067138672,117.26000213623047,202.02000427246094,106.11000061035156,306.2200012207031,698.489990234375,177.66000366210938,42.81999969482422,59.18000030517578,72.98999786376953,102.9000015258789,167.25,37.290000915527344,128.9199981689453,565.0,23.290000915527344,162.35000610351562,249.52999877929688,822.8200073242188,149.0500030517578,88.5,118.93000030517578,91.08999633789062,111.3499984741211,25.200000762939453,177.07000732421875,158.2100067138672,42.380001068115234,195.8699951171875,171.38999938964844,516.2899780273438,43.7400016784668,133.14999389648438,73.56999969482422,46.75,50.189998626708984,144.52000427246094,118.0999984741211,4995300,32773700,1736900,1285500,32151700,25619200,8751200,13155800,4712000,6862700,5118700,2367000,2100900,57720600,6752500,8022500,2128200,1579100,12931900,8239400,15658700,236902100,51302000,2324400,6102000,23868500,3545900,17559100,2822200,8171600,2405200,10457600,19147800,32299800,6264300,12740800
2025-03-28,196.99252319335938,103.22000122070312,295.382568359375,667.268310546875,167.76071166992188,40.34260559082031,56.55068588256836,68.22531127929688,98.2496109008789,157.49496459960938,35.83201217651367,121.12484741210938,532.0966186523438,22.709999084472656,159.27236938476562,236.7588348388672,815.061767578125,140.53775024414062,86.10221099853516,111.715576171875,88.11408233642578,109.6441650390625,23.122257232666016,164.57420349121094,149.2235870361328,40.63779830932617,187.48208618164062,163.2283172607422,501.8876037597656,40.06037139892578,127.1214370727539,68.7947769165039,44.777442932128906,48.46166229248047,141.9877471923828,113.05191802978516,205.2899932861328,103.22000122070312,306.95001220703125,674.5800170898438,169.1199951171875,41.25,60.02000045776367,70.33000183105469,102.37000274658203,166.08999633789062,36.7599983215332,126.58999633789062,543.1199951171875,22.709999084472656,163.7100067138672,242.85000610351562,822.510009765625,144.10000610351562,89.2300033569336,115.33000183105469,88.44000244140625,109.66999816894531,25.209999084472656,171.8800048828125,152.72000122070312,41.880001068115234,188.67999267578125,165.25,516.0399780273438,42.2599983215332,131.47999572753906,70.69000244140625,46.21500015258789,49.209999084472656,144.52000427246094,117.7300033569336,206.02000427246094,106.51000213623047,308.1700134277344,687.4400024414062,173.3000030517578,42.619998931884766,60.11000061035156,72.19999694824219,103.26000213623047,167.1300048828125,36.9900016784668,126.94999694824219,560.5,23.579999923706055,164.52000427246094,249.50999450683594,829.780029296875,147.5399932861328,90.13999938964844,119.43000030517578,90.88999938964844,112.87000274658203,25.219999313354492,176.0500030517578,157.63999938964844,42.54999923706055,194.24000549316406,168.6300048828125,520.97998046875,43.43000030517578,134.82000732421875,72.55000305175781,46.584999084472656,50.29999923706055,145.24000549316406,118.45999908447266,201.58999633789062,102.4800033569336,304.7099914550781,672.0499877929688,166.47000122070312,40.9900016784668,58.22999954223633,69.68000030517578,101.61000061035156,165.3000030517578,36.459999084472656,125.0,537.7100219726562,22.559999465942383,162.91000366210938,241.11000061035156,817.4299926757812,143.3699951171875,87.66999816894531,114.62999725341797,87.5999984741211,109.06999969482422,24.809999465942383,170.86000061035156,151.55999755859375,41.4900016784668,187.44000244140625,164.05999755859375,515.0499877929688,42.150001525878906,130.83999633789062,69.94999694824219,45.98500061035156,49.02000045776367,144.4499969482422,117.23999786376953,202.72999572753906,105.52999877929688,307.44000244140625,685.1300048828125,171.92999267578125,42.439998626708984,59.400001525878906,71.58999633789062,102.44000244140625,166.6999969482422,36.790000915527344,126.54000091552734,555.9500122070312,23.350000381469727,163.58999633789062,246.94000244140625,820.0,147.0,88.19999694824219,118.70999908447266,90.47000122070312,111.48999786376953,25.030000686645508,174.77999877929688,156.9199981689453,42.150001525878906,193.2899932861328,168.0399932861328,516.8699951171875,43.15999984741211,132.89999389648438,72.2699966430664,46.40999984741211,50.029998779296875,144.85000610351562,118.0999984741211,6478100,31069100,1768400,1393000,30391500,34253000,10791600,13630700,3745400,4923000,4324400,2354300,2773100,58365300,5760300,11978400,2124700,1689100,12393500,7349400,17118000,229872500,32352500,1947400,8918000,12888600,4122300,16332000,2379100,7154100,1932300,13555200,22248800,45365400,6210500,10233400
2025-03-31,201.0515594482422,102.73999786376953,299.8091735839844,655.4478149414062,166.08428955078125,40.812049865722656,57.464622497558594,68.86555480957031,100.7929458618164,158.63287353515625,36.45585632324219,122.70361328125,535.2022094726562,22.709999084472656,161.34461975097656,239.1473846435547,818.430908203125,142.0884246826172,86.6136245727539,113.0135726928711,86.68251037597656,108.35446166992188,23.241487503051758,168.29885864257812,150.09323120117188,40.5601692199707,186.975341796875,163.9691619873047,509.3861389160156,40.501651763916016,127.69190979003906,69.86528778076172,45.27157211303711,49.05253601074219,143.45162963867188,114.20423889160156,209.52000427246094,102.73999786376953,311.54998779296875,662.6300048828125,167.42999267578125,41.72999954223633,60.9900016784668,70.98999786376953,105.0199966430664,167.2899932861328,37.400001525878906,128.24000549316406,546.2899780273438,22.709999084472656,165.83999633789062,245.3000030517578,825.9099731445312,145.69000244140625,89.76000213623047,116.66999816894531,86.88999938964844,108.37999725341797,25.34000015258789,175.77000427246094,153.61000061035156,41.79999923706055,188.1699981689453,166.0,523.75,42.220001220703125,132.07000732421875,71.79000091552734,46.724998474121094,49.810001373291016,146.00999450683594,118.93000030517578,210.80999755859375,102.81999969482422,315.0,665.1599731445312,167.94000244140625,41.900001525878906,61.63999938964844,71.19999694824219,105.45999908447266,168.9199981689453,37.650001525878906,129.63999938964844,547.3900146484375,22.75,166.6300048828125,245.86000061035156,828.010009765625,146.5,90.2699966430664,117.02999877929688,87.08999633789062,110.95999908447266,25.43000030517578,176.47999572753906,153.85000610351562,42.18000030517578,188.3000030517578,166.1300048828125,528.1199951171875,42.34000015258789,133.69000244140625,72.06999969482422,47.0,50.060001373291016,146.6199951171875,119.91000366210938,204.42999267578125,98.80000305175781,305.54998779296875,652.8800048828125,160.6199951171875,40.599998474121094,59.369998931884766,68.41000366210938,102.01000213623047,166.1300048828125,36.540000915527344,126.4800033569336,528.5900268554688,21.75,164.22999572753906,237.36000061035156,789.4000244140625,142.49000549316406,88.37000274658203,112.18000030517578,84.0999984741211,103.6500015258789,24.610000610351562,171.14999389648438,147.8800048828125,41.27000045776367,182.1199951171875,159.72999572753906,518.5900268554688,41.15999984741211,130.0,69.55999755859375,46.04999923706055,48.58000183105469,143.47999572753906,117.79000091552734,204.42999267578125,100.23999786376953,307.5799865722656,660.260009765625,164.49000549316406,40.779998779296875,59.79999923706055,69.5,102.22000122070312,166.19000244140625,36.560001373291016,126.61000061035156,533.8200073242188,22.3799991607666,164.3699951171875,239.41000366210938,808.97998046875,143.25999450683594,89.25,113.70999908447266,86.0,105.12999725341797,24.799999237060547,172.67999267578125,150.80999755859375,41.36000061035156,184.6999969482422,160.36000061035156,519.1799926757812,41.38999938964844,131.2100067138672,69.9000015258789,46.1150016784668,48.720001220703125,143.7899932861328,117.79000091552734,11093700,30865300,3336200,1685000,35656400,36390000,11615900,15568400,7905800,10675300,7085000,3149100,2455100,65832000,12481400,13603000,3737000,2483400,15003000,7616600,21089500,299212700,53498100,3595700,8613600,13596500,3843000,19408300,5238700,10548400,2766700,14855300,28813800,38042300,8085600,21652300
2025-04-01,197.93295288085938,102.77999877929688,295.35369873046875,660.106689453125,167.16554260253906,40.57732391357422,56.107852935791016,68.42903137207031,101.14805603027344,159.7897491455078,36.62156677246094,123.71784973144531,537.3184204101562,22.049999237060547,149.0959014892578,237.54852294921875,797.9381713867188,143.0051727294922,84.06617736816406,112.11272430419922,88.4981689453125,110.12405395507812,22.507741928100586,167.21688842773438,149.5460205078125,40.948307037353516,187.07472229003906,166.5768585205078,508.7734680175781,40.069969177246094,129.3065185546875,69.39815521240234,45.53801727294922,48.993446350097656,140.8284149169922,114.30986785888672,206.27000427246094,102.77999877929688,306.9200134277344,667.3400268554688,168.52000427246094,41.4900016784668,59.54999923706055,70.54000091552734,105.38999938964844,168.50999450683594,37.56999969482422,129.3000030517578,548.4500122070312,22.049999237060547,153.25,243.66000366210938,805.22998046875,146.6300048828125,87.12000274658203,115.73999786376953,88.70999908447266,110.1500015258789,24.540000915527344,174.63999938964844,153.0500030517578,42.20000076293945,188.27000427246094,168.63999938964844,523.1199951171875,41.77000045776367,133.74000549316406,71.30999755859375,47.0,49.75,143.33999633789062,119.04000091552734,212.14999389648438,102.83000183105469,312.6199951171875,670.6400146484375,168.7100067138672,41.70000076293945,61.099998474121094,70.87999725341797,105.70999908447266,168.60000610351562,37.599998474121094,129.5,551.9600219726562,22.6200008392334,161.80999755859375,245.69000244140625,820.6599731445312,146.9499969482422,89.75,116.87999725341797,88.88999938964844,110.19999694824219,25.350000381469727,176.14999389648438,153.32000732421875,42.45000076293945,188.33999633789062,168.8699951171875,528.1699829101562,42.0099983215332,134.00999450683594,71.62999725341797,47.04499816894531,49.970001220703125,145.47999572753906,119.27999877929688,205.60000610351562,100.93000030517578,305.0,656.3499755859375,163.4199981689453,40.970001220703125,59.2400016784668,69.27999877929688,104.0199966430664,166.16000366210938,36.81999969482422,127.30999755859375,533.239990234375,21.65999984741211,153.1300048828125,240.8800048828125,797.0,142.0399932861328,86.61000061035156,113.54000091552734,86.25,106.47000122070312,24.520000457763672,172.47000122070312,150.25999450683594,41.43000030517578,183.8000030517578,165.05999755859375,520.9500122070312,41.34000015258789,129.02999877929688,70.11000061035156,46.244998931884766,49.20000076293945,142.89999389648438,117.93000030517578,210.52000427246094,102.16000366210938,310.5799865722656,664.5700073242188,166.3699951171875,41.31999969482422,60.77000045776367,70.37999725341797,104.91000366210938,167.2899932861328,37.5,127.76000213623047,543.25,22.559999465942383,160.72999572753906,242.6199951171875,818.5999755859375,145.77000427246094,89.75,115.98999786376953,88.52999877929688,108.5199966430664,25.290000915527344,174.16000366210938,152.38999938964844,41.779998779296875,187.4499969482422,166.38999938964844,525.739990234375,41.86000061035156,132.07000732421875,70.83999633789062,46.75,49.619998931884766,145.47999572753906,119.22000122070312,7853200,23523200,3042300,1212600,20472400,25578500,9623800,10957100,6809500,6378600,5573500,1926700,1869600,64060400,23303100,8054700,2987700,1898800,13922100,6651000,15337100,222614000,54444200,2165700,5708900,13547400,3108800,9180000,2962500,9514200,2366400,10661000,27121200,37959100,9906100,12425400
2025-04-02,196.89659118652344,102.95999908447266,294.1796569824219,661.7586059570312,170.70684814453125,40.929405212402344,56.154964447021484,69.6125259399414,101.8294677734375,157.85531616210938,36.96272659301758,124.35892486572266,551.6710205078125,21.979999542236328,151.14869689941406,239.65435791015625,810.810546875,144.2437744140625,83.56439208984375,115.53208923339844,88.388427734375,110.39398193359375,22.654491424560547,169.48614501953125,150.5524444580078,40.938602447509766,188.27700805664062,168.30545043945312,508.8512878417969,41.25950241088867,129.19049072265625,70.32269287109375,45.60099792480469,49.39720916748047,141.7716064453125,113.95455169677734,205.19000244140625,102.95999908447266,305.70001220703125,669.010009765625,172.08999633789062,41.849998474121094,59.599998474121094,71.76000213623047,106.0999984741211,166.47000122070312,37.91999816894531,129.97000122070312,563.0999755859375,21.979999542236328,155.36000061035156,245.82000732421875,818.219970703125,147.89999389648438,86.5999984741211,119.2699966430664,88.5999984741211,110.41999816894531,24.700000762939453,177.00999450683594,154.0800018310547,42.189998626708984,189.47999572753906,170.38999938964844,523.2000122070312,43.0099983215332,133.6199951171875,72.26000213623047,47.064998626708984,50.15999984741211,144.3000030517578,118.66999816894531,207.22000122070312,104.19000244140625,306.760009765625,676.3900146484375,173.42999267578125,41.970001220703125,60.2400016784668,71.95999908447266,106.19999694824219,167.97999572753906,37.959999084472656,130.41000366210938,567.3200073242188,22.3799991607666,155.7899932861328,247.25,819.8499755859375,148.1300048828125,87.06999969482422,120.3499984741211,89.93000030517578,111.9800033569336,24.739999771118164,177.4199981689453,155.4600067138672,42.43000030517578,192.02000427246094,171.75,525.0,43.06999969482422,134.02000427246094,72.47000122070312,47.10499954223633,50.33000183105469,144.39999389648438,118.83999633789062,200.33999633789062,100.76000213623047,300.1000061035156,660.8300170898438,165.5,40.81999969482422,59.15999984741211,69.5999984741211,104.23999786376953,165.85000610351562,37.040000915527344,128.27999877929688,539.0800170898438,21.700000762939453,153.4499969482422,241.4600067138672,795.0399780273438,144.27000427246094,85.31999969482422,113.87999725341797,86.69999694824219,106.79000091552734,24.309999465942383,173.27000427246094,150.3699951171875,41.20000076293945,184.72999572753906,166.35000610351562,516.7999877929688,41.27000045776367,131.55999755859375,70.22000122070312,46.4900016784668,49.27000045776367,142.19000244140625,117.66000366210938,207.22000122070312,101.5199966430664,305.4100036621094,664.3900146484375,166.0800018310547,40.880001068115234,59.810001373291016,69.66999816894531,104.4000015258789,167.39999389648438,37.040000915527344,128.27999877929688,539.7999877929688,21.889999389648438,154.00999450683594,241.60000610351562,795.0399780273438,144.85000610351562,86.87999725341797,113.97000122070312,87.12999725341797,107.29000091552734,24.5,173.47999572753906,150.7899932861328,41.619998931884766,185.38999938964844,166.85000610351562,522.9500122070312,41.27000045776367,132.1300048828125,70.55999755859375,46.599998474121094,49.349998474121094,142.77000427246094,118.38999938964844,9262800,20794000,1912500,1119000,19523700,28216100,8310000,9731700,6527500,7044900,5355500,1827400,2560700,58878800,10356900,7758800,2683800,1654500,10590800,8415300,14520400,220601200,41965000,2117600,5377200,16509300,2784800,10072700,2378900,10427100,2411500,8854100,33960600,41792100,6392700,12614600
2025-04-03,193.49005126953125,93.80000305175781,298.17327880859375,616.4649658203125,152.7721405029297,36.40125274658203,54.47785186767578,61.163169860839844,91.41618347167969,148.04090881347656,32.32289123535156,114.71409606933594,500.85382080078125,22.43000030517578,155.48782348632812,222.95399475097656,781.9443969726562,125.41114044189453,83.36175537109375,104.54749298095703,74.1624755859375,101.7760238647461,22.278444290161133,154.43431091308594,136.2280731201172,38.046993255615234,169.2783966064453,155.45462036132812,525.6184692382812,37.21125411987305,110.50128936767578,63.909366607666016,42.020931243896484,46.96476745605469,140.62208557128906,107.96250915527344,201.63999938964844,93.80000305175781,309.8500061035156,623.219970703125,154.00999450683594,37.220001220703125,57.81999969482422,63.04999923706055,95.25,156.1199951171875,33.15999984741211,119.88999938964844,511.2300109863281,22.43000030517578,159.82000732421875,228.69000244140625,789.0900268554688,128.58999633789062,86.38999938964844,107.93000030517578,74.33999633789062,101.80000305175781,24.290000915527344,161.2899932861328,139.4199981689453,39.209999084472656,170.36000061035156,157.3800048828125,540.4400024414062,38.790000915527344,114.29000091552734,65.66999816894531,43.369998931884766,47.689998626708984,143.1300048828125,112.43000030517578,210.69000244140625,99.44999694824219,314.8999938964844,650.969970703125,163.42999267578125,38.84000015258789,60.79999923706055,66.80000305175781,101.44000244140625,161.35000610351562,35.90999984741211,125.29000091552734,529.989990234375,23.899999618530273,160.64999389648438,235.13999938964844,818.7899780273438,140.67999267578125,88.9000015258789,111.38999938964844,83.3499984741211,105.62999725341797,24.8700008392334,170.5,147.39999389648438,40.29999923706055,181.13999938964844,161.8000030517578,548.5,41.220001220703125,127.0999984741211,68.72000122070312,45.16999816894531,48.650001525878906,145.19000244140625,115.44999694824219,201.24000549316406,93.63999938964844,306.70001220703125,622.8200073242188,153.6999969482422,37.02000045776367,57.65999984741211,62.900001525878906,95.12000274658203,155.8000030517578,33.040000915527344,119.47000122070312,509.55999755859375,20.860000610351562,157.47999572753906,227.3000030517578,787.0599975585938,127.69000244140625,86.26000213623047,106.87999725341797,74.20999908447266,101.5999984741211,24.280000686645508,160.82000732421875,138.55999755859375,39.040000915527344,169.99000549316406,157.2100067138672,529.2899780273438,38.709999084472656,114.0199966430664,65.41000366210938,43.35499954223633,47.599998474121094,143.0500030517578,112.2300033569336,210.3000030517578,97.79000091552734,311.17999267578125,649.530029296875,160.5399932861328,38.630001068115234,60.599998474121094,66.16999816894531,100.33000183105469,160.1199951171875,35.40999984741211,122.73999786376953,525.4299926757812,21.399999618530273,158.75,234.27000427246094,810.510009765625,140.0,88.7300033569336,110.11000061035156,82.91999816894531,103.51000213623047,24.739999771118164,168.5,147.0,39.90999984741211,179.75,160.05999755859375,529.989990234375,41.150001525878906,126.41000366210938,67.77999877929688,44.82500076293945,48.20000076293945,143.75999450683594,114.37000274658203,7593100,50472500,3280300,2877100,44354900,115497900,13246900,39469500,13870900,15501000,16227400,5530300,5193900,242972100,13249300,17188500,2675100,5076200,12684100,15186100,44839500,338769400,53501800,3408300,16465000,40728800,9982600,28370500,6457900,16695400,9514600,25880300,75657800,101160600,10990600,21204600
2025-04-04,179.40341186523438,85.76000213623047,283.2958984375,598.9864501953125,145.11419677734375,33.633506774902344,52.66827392578125,56.39040756225586,82.81681823730469,135.86538696289062,28.570085525512695,105.77732849121094,461.25421142578125,19.850000381469727,149.08616638183594,206.26849365234375,731.5250854492188,118.07705688476562,78.61421966552734,96.70133972167969,64.56546020507812,94.28778076171875,21.067760467529297,146.5924530029297,124.54190063476562,33.748390197753906,156.62924194335938,145.00404357910156,510.6504821777344,35.33102798461914,101.21953582763672,59.34511184692383,38.15504837036133,43.52784729003906,132.90965270996094,100.1939697265625,186.9600067138672,85.76000213623047,294.3900146484375,605.5499877929688,146.2899932861328,34.38999938964844,55.29999923706055,58.130001068115234,86.29000091552734,143.27999877929688,29.309999465942383,110.55000305175781,470.80999755859375,19.850000381469727,153.24000549316406,210.27999877929688,738.2100219726562,121.06999969482422,81.47000122070312,99.83000183105469,64.72000122070312,94.30999755859375,22.969999313354492,153.10000610351562,127.45999908447266,34.779998779296875,157.6300048828125,146.8000030517578,525.0499877929688,36.83000183105469,104.69000244140625,60.97999954223633,39.380001068115234,44.20000076293945,135.27999877929688,104.33999633789062,200.0,91.08000183105469,312.1099853515625,626.3800048828125,152.8000030517578,35.790000915527344,57.16999816894531,60.41999816894531,92.6500015258789,152.4600067138672,32.290000915527344,116.61000061035156,492.0,22.200000762939453,159.82000732421875,217.6999969482422,768.27001953125,126.0,86.2699966430664,103.69999694824219,71.33999633789062,100.12999725341797,24.100000381469727,155.94000244140625,135.86000061035156,37.77000045776367,165.77000427246094,151.30999755859375,551.739990234375,37.689998626708984,111.30000305175781,63.56999969482422,42.29499816894531,46.40999984741211,141.7100067138672,110.83000183105469,186.1699981689453,83.66999816894531,293.7200012207031,597.6900024414062,139.1699981689453,33.66999816894531,54.720001220703125,56.310001373291016,85.55000305175781,142.75,29.059999465942383,109.19999694824219,460.0,19.700000762939453,152.92999267578125,208.92999267578125,734.7000122070312,115.97000122070312,81.08000183105469,97.30999755859375,63.86000061035156,92.11000061035156,22.950000762939453,149.0,126.68000030517578,34.040000915527344,154.61000061035156,144.83999633789062,524.8400268554688,35.7400016784668,102.5999984741211,59.709999084472656,39.380001068115234,44.09000015258789,135.22999572753906,103.83000183105469,200.0,90.0999984741211,312.1099853515625,621.9500122070312,148.1699981689453,35.290000915527344,56.81999969482422,60.25,92.0999984741211,151.75999450683594,32.0,115.58000183105469,487.0,21.700000762939453,159.16000366210938,215.30999755859375,762.1099853515625,124.66000366210938,86.12000274658203,101.54000091552734,70.6500015258789,98.91000366210938,23.940000534057617,155.27000427246094,134.33999633789062,37.40999984741211,163.9199981689453,150.88999938964844,540.6400146484375,37.369998931884766,109.72000122070312,62.75,41.82500076293945,46.06999969482422,141.13999938964844,109.87000274658203,13505200,65847000,5253100,4017000,72302200,107761200,14657900,51730500,15158400,20374700,23073700,8834600,8105200,175014700,16601700,27170700,5299400,5833200,22965700,18876900,50737700,532273800,80002600,4147400,19018600,49175000,13988400,36085100,9919000,19859300,7528900,31050800,100752000,128135300,21341100,30841300
2025-04-07,179.0099639892578,83.63999938964844,278.7729797363281,609.1649780273438,152.90110778808594,34.797332763671875,52.563507080078125,57.0888557434082,82.22177124023438,132.89735412597656,27.88775634765625,104.32294464111328,456.06182861328125,19.56999969482422,146.53720092773438,210.34913635253906,717.1762084960938,118.6524658203125,78.33438873291016,97.7571792602539,68.20674133300781,97.61699676513672,20.755916595458984,146.3147735595703,126.75016021728516,32.15703582763672,160.24612426757812,144.3817596435547,510.3101501464844,35.30224609375,103.13389587402344,60.503204345703125,37.90797805786133,43.41952133178711,132.11383056640625,98.849609375,186.5500030517578,83.63999938964844,289.69000244140625,615.8400268554688,154.13999938964844,35.58000183105469,55.189998626708984,58.849998474121094,85.66999816894531,140.14999389648438,28.610000610351562,109.02999877929688,465.510009765625,19.56999969482422,150.6199951171875,214.44000244140625,723.72998046875,121.66000366210938,81.18000030517578,100.91999816894531,68.37000274658203,97.63999938964844,22.6299991607666,152.80999755859375,129.72000122070312,33.13999938964844,161.27000427246094,146.1699981689453,524.7000122070312,36.79999923706055,106.66999816894531,62.16999816894531,39.125,44.09000015258789,134.47000122070312,102.94000244140625,188.1999969482422,89.0,296.94000244140625,652.8499755859375,160.42999267578125,36.630001068115234,55.29999923706055,61.33000183105469,89.41999816894531,146.19000244140625,30.15999984741211,113.56999969482422,489.9800109863281,20.670000076293945,152.7100067138672,222.0500030517578,748.0,128.41000366210938,83.20999908447266,104.33999633789062,72.45999908447266,101.75,23.15999984741211,158.32000732421875,137.1999969482422,35.119998931884766,170.4199981689453,153.75,529.2000122070312,38.33000183105469,110.6500015258789,64.33000183105469,40.790000915527344,45.650001525878906,137.3699951171875,105.80000305175781,176.27999877929688,77.75,281.70001220703125,578.510009765625,138.10000610351562,33.540000915527344,52.689998626708984,55.5099983215332,81.72000122070312,137.2899932861328,27.139999389648438,105.2699966430664,439.3800048828125,18.559999465942383,147.39999389648438,202.16000366210938,677.0900268554688,115.0999984741211,79.30000305175781,94.33000183105469,61.540000915527344,86.62000274658203,21.75,146.89999389648438,120.80000305175781,31.860000610351562,148.30999755859375,134.25,503.5899963378906,35.18000030517578,99.0,58.41999816894531,37.4900016784668,42.209999084472656,129.66000366210938,98.45999908447266,181.02999877929688,80.68000030517578,287.69000244140625,586.5,144.49000549316406,34.970001220703125,53.900001525878906,56.15999984741211,84.01000213623047,138.72999572753906,28.040000915527344,107.27999877929688,446.8999938964844,19.139999389648438,151.27999877929688,205.77000427246094,697.9299926757812,118.08999633789062,81.01000213623047,96.2699966430664,63.939998626708984,87.45999908447266,22.139999389648438,150.6300048828125,124.58999633789062,33.040000915527344,152.02999877929688,134.50999450683594,513.4000244140625,35.79999923706055,100.9000015258789,60.689998626708984,38.10499954223633,42.84000015258789,131.7100067138672,100.38999938964844,12581100,70515400,4923000,4179100,68503500,137329100,16820500,37487700,12870200,17817000,19139800,8269500,6353800,142491200,18083000,22914400,6274400,4922800,26582000,20721400,50181800,611041300,86106100,5195200,17938300,36020400,18686500,46388300,7356700,21816400,6630900,41305800,113906800,179993200,29940300,35068500
2025-04-08,168.56971740722656,78.20999908447266,269.6983947753906,588.9168090820312,154.77590942382812,34.25942611694336,50.54439926147461,57.01125717163086,79.33293914794922,129.84397888183594,26.123449325561523,100.42864990234375,452.8385925292969,18.1299991607666,145.9340057373047,212.73275756835938,719.6635131835938,115.61934661865234,76.18255615234375,97.16629791259766,65.38349914550781,96.27731323242188,20.031341552734375,143.3944091796875,121.80601501464844,31.00233268737793,153.8768310546875,139.64048767089844,537.911865234375,34.91852569580078,101.69329071044922,60.41562271118164,37.031131744384766,43.25210189819336,130.64993286132812,96.76583099365234,175.6699981689453,78.20999908447266,280.260009765625,595.3699951171875,156.02999877929688,35.029998779296875,53.06999969482422,58.77000045776367,82.66000366210938,136.92999267578125,26.799999237060547,104.95999908447266,462.2200012207031,18.1299991607666,150.0,216.8699951171875,726.239990234375,118.55000305175781,78.94999694824219,100.30999755859375,65.54000091552734,96.30000305175781,21.84000015258789,149.75999450683594,124.66000366210938,31.950000762939453,154.86000061035156,141.3699951171875,553.0800170898438,36.400001525878906,105.18000030517578,62.08000183105469,38.220001220703125,43.91999816894531,132.97999572753906,100.7699966430664,188.38999938964844,88.93000030517578,294.010009765625,637.9000244140625,169.77999877929688,37.33000183105469,55.77000045776367,62.65999984741211,88.27999877929688,144.49000549316406,29.68000030517578,112.01000213623047,491.9200134277344,20.389999389648438,153.58999633789062,227.83999633789062,763.5,126.12999725341797,83.2699966430664,106.94000244140625,72.97000122070312,105.8499984741211,22.989999771118164,159.10000610351562,135.2899932861328,34.63999938964844,169.85000610351562,152.61000061035156,585.010009765625,38.599998474121094,109.91999816894531,65.62999725341797,40.540000915527344,46.220001220703125,139.44000244140625,105.5999984741211,172.32000732421875,76.4800033569336,277.510009765625,582.8900146484375,153.08999633789062,34.33000183105469,52.15999984741211,57.56999969482422,81.2699966430664,134.8699951171875,26.40999984741211,103.45999908447266,452.8299865722656,17.670000076293945,148.0,213.25,713.280029296875,116.31999969482422,77.54000091552734,98.2699966430664,63.52000045776367,94.45999908447266,21.440000534057617,147.0399932861328,121.73999786376953,31.520000457763672,151.11000061035156,138.97999572753906,547.4600219726562,35.72999954223633,103.66000366210938,60.880001068115234,37.61000061035156,43.2400016784668,131.27999877929688,99.01000213623047,187.60000610351562,86.1500015258789,289.25,632.02001953125,167.6199951171875,36.86000061035156,55.16999816894531,61.2400016784668,87.1500015258789,144.14999389648438,29.420000076293945,110.76000213623047,488.25,20.059999465942383,153.58999633789062,223.52000427246094,754.97998046875,124.08000183105469,83.20999908447266,105.22000122070312,71.5999984741211,103.80999755859375,22.899999618530273,157.89999389648438,131.1300048828125,34.43000030517578,167.63999938964844,151.97999572753906,582.1699829101562,37.939998626708984,109.5199966430664,64.69000244140625,40.33000183105469,45.79999923706055,139.42999267578125,105.45999908447266,12517100,69910200,4097200,2585200,58888200,79116300,16335100,30272300,11509800,12904400,17713000,5531800,4240900,163982700,12018400,19485700,4115200,4459700,20571600,10710100,40822100,476243400,72406000,5210900,14965900,31416000,11023300,30479700,11762300,18709400,5350700,27374200,90538400,98804200,20860400,27147800
2025-04-09,172.57118225097656,96.83999633789062,280.1202392578125,679.8109130859375,183.661865234375,36.33279037475586,51.18251419067383,62.230255126953125,87.82672119140625,138.4730682373047,30.28565216064453,109.12622833251953,506.37939453125,21.530000686645508,146.87770080566406,229.86949157714844,746.884765625,128.1711883544922,79.03880310058594,108.19932556152344,77.6840591430664,114.30307006835938,20.62750816345215,153.4193878173828,140.3026123046875,34.91279602050781,182.4542236328125,156.80784606933594,562.6346435546875,37.70049285888672,112.05792999267578,64.55167388916016,39.8990592956543,46.51176452636719,136.3286590576172,101.5959701538086,179.83999633789062,96.83999633789062,291.0899963378906,687.260009765625,185.14999389648438,37.150001525878906,53.7400016784668,64.1500015258789,91.51000213623047,146.02999877929688,31.06999969482422,114.05000305175781,516.8699951171875,21.530000686645508,150.97000122070312,234.33999633789062,753.7100219726562,131.4199981689453,81.91000366210938,111.69999694824219,77.87000274658203,114.33000183105469,22.489999771118164,160.22999572753906,143.58999633789062,35.97999954223633,183.6199951171875,158.75,578.5,39.29999923706055,115.9000015258789,66.33000183105469,41.18000030517578,47.22999954223633,138.75999450683594,105.80000305175781,180.60000610351562,97.91000366210938,291.5,692.2899780273438,187.3300018310547,37.849998474121094,54.04999923706055,65.75,92.47000122070312,147.47000122070312,31.540000915527344,115.68000030517578,522.0,21.729999542236328,153.19000244140625,237.47999572753906,754.8300170898438,133.10000610351562,81.98999786376953,113.9000015258789,78.55999755859375,115.0999984741211,22.540000915527344,162.1999969482422,144.86000061035156,36.47999954223633,185.55999755859375,160.6199951171875,589.4000244140625,39.849998474121094,117.38999938964844,67.19000244140625,41.60499954223633,47.61000061035156,139.24000549316406,106.58000183105469,164.38999938964844,78.87000274658203,267.3999938964844,606.8699951171875,157.50999450683594,33.06999969482422,49.91999816894531,56.06999969482422,79.87999725341797,133.8800048828125,25.889999389648438,102.54000091552734,447.1099853515625,17.979999542236328,141.5,211.0,689.0,115.41999816894531,76.0,97.88999938964844,63.70000076293945,97.52999877929688,20.920000076293945,145.1199951171875,124.19000244140625,31.110000610351562,154.94000244140625,137.89999389648438,554.4600219726562,35.4900016784668,101.66000366210938,59.43000030517578,37.244998931884766,43.06999969482422,129.67999267578125,98.12999725341797,168.3000030517578,79.22000122070312,268.9100036621094,618.02001953125,160.5,34.04999923706055,51.20000076293945,56.7599983215332,81.11000061035156,135.02000427246094,26.049999237060547,102.54000091552734,451.3599853515625,18.06999969482422,142.1999969482422,212.5,704.4000244140625,115.62999725341797,76.76000213623047,98.19999694824219,66.19999694824219,98.88999938964844,21.110000610351562,146.8300018310547,125.16000366210938,31.290000915527344,156.10000610351562,140.1999969482422,560.1400146484375,35.81999969482422,103.77999877929688,60.63999938964844,37.474998474121094,43.2400016784668,130.1300048828125,99.37000274658203,18977800,97827400,6055700,3866700,72708300,161173500,24323900,49437900,17841900,16846800,21581300,9991600,7024100,224183500,18773700,24022400,6619000,5604400,22928300,16919500,63132600,612918300,95954400,5593800,21242600,45400900,23539500,45612500,12691900,22911600,7800100,42744800,118962400,177242900,39444700,30063300
2025-04-10,167.1591339111328,88.69999694824219,270.8050231933594,642.509521484375,170.9151611328125,35.0613899230957,48.05860900878906,59.746864318847656,79.93756866455078,127.99490356445312,27.049467086791992,100.09376525878906,479.8587646484375,19.8799991607666,144.65951538085938,222.77743530273438,714.3817138671875,118.52566528320312,74.83162689208984,103.23980712890625,69.88272857666016,107.5446548461914,19.80204200744629,145.69241333007812,131.322998046875,31.574832916259766,167.5395050048828,149.28109741210938,578.0986328125,35.73392868041992,105.39633178710938,61.41800308227539,37.29273223876953,45.21183776855469,132.5264892578125,95.9592056274414,174.1999969482422,88.69999694824219,281.4100036621094,649.5499877929688,172.3000030517578,35.849998474121094,50.459999084472656,61.59000015258789,83.29000091552734,134.97999572753906,27.75,104.61000061035156,489.79998779296875,19.8799991607666,148.69000244140625,227.11000061035156,720.9099731445312,121.52999877929688,77.55000305175781,106.58000183105469,70.05000305175781,107.56999969482422,21.59000015258789,152.16000366210938,134.39999389648438,32.540000915527344,168.61000061035156,151.1300048828125,594.4000244140625,37.25,109.01000213623047,63.11000061035156,38.4900016784668,45.90999984741211,134.88999938964844,99.93000030517578,178.0,92.94999694824219,288.5199890136719,661.6599731445312,176.9499969482422,36.400001525878906,53.41999816894531,62.5,88.6500015258789,143.6300048828125,30.059999465942383,111.83999633789062,503.1000061035156,20.81999969482422,151.1999969482422,230.35000610351562,741.9500122070312,130.1999969482422,81.12000274658203,108.87000274658203,73.05000305175781,110.86000061035156,22.270000457763672,157.72999572753906,139.05999755859375,34.849998474121094,175.64999389648438,156.0,601.8800048828125,38.47999954223633,112.4800033569336,65.0,40.11000061035156,46.599998474121094,137.74000549316406,103.77999877929688,164.97000122070312,85.05999755859375,269.6700134277344,627.6300048828125,166.39999389648438,34.630001068115234,48.81999969482422,59.08000183105469,80.80000305175781,133.4499969482422,27.1299991607666,102.5199966430664,474.0,19.15999984741211,145.1300048828125,220.10000610351562,691.77001953125,118.6500015258789,75.95999908447266,103.41000366210938,67.5,99.1500015258789,21.09000015258789,147.67999267578125,129.2899932861328,31.8799991607666,162.38999938964844,146.91000366210938,580.0,36.36000061035156,105.87000274658203,61.4900016784668,37.7400016784668,44.540000915527344,131.3300018310547,97.80000305175781,177.75,91.0,287.9800109863281,656.1699829101562,175.3000030517578,36.31999969482422,53.33000183105469,62.09000015258789,88.5,143.22000122070312,29.809999465942383,110.0,503.1000061035156,20.68000030517578,150.3699951171875,230.0,738.9000244140625,127.06999969482422,80.61000061035156,108.7699966430664,72.5,109.37000274658203,22.260000228881836,156.83999633789062,137.00999450683594,34.779998779296875,174.55999755859375,155.5,580.239990234375,38.459999084472656,111.80999755859375,64.94999694824219,40.11000061035156,46.529998779296875,137.6999969482422,103.70999908447266,13970000,65210600,4679100,2989900,51212200,90451800,23973300,25912800,15621900,20991200,16787200,8314500,5374500,129064900,13830500,18896400,4182700,3970500,19466900,10956700,44882300,437812400,72960700,4240100,14898800,37839000,14499000,24503500,8646000,20954100,4861600,29026000,79046600,93318200,21957400,33999300
2025-04-11,167.97479248046875,93.4000015258789,275.2027893066406,661.560791015625,180.47767639160156,35.1591911315918,48.29671096801758,59.79536437988281,82.91280364990234,128.6112823486328,27.517349243164062,103.8541030883789,484.4046325683594,19.739999771118164,147.6171112060547,231.69400024414062,725.7775268554688,120.37870788574219,76.40448760986328,104.73153686523438,69.38391876220703,110.90386199951172,20.09554100036621,145.52964782714844,136.06198120117188,32.95271301269531,171.1663360595703,155.1582794189453,583.029541015625,36.3191032409668,107.03030395507812,60.83408737182617,38.21802520751953,45.96028518676758,134.47177124023438,99.0416488647461,175.0500030517578,93.4000015258789,285.9800109863281,668.8099975585938,181.94000244140625,35.95000076293945,50.709999084472656,61.63999938964844,86.38999938964844,135.6300048828125,28.229999542236328,108.54000091552734,494.44000244140625,19.739999771118164,151.72999572753906,236.1999969482422,732.4099731445312,123.43000030517578,79.18000030517578,108.12000274658203,69.55000305175781,110.93000030517578,21.90999984741211,151.99000549316406,139.25,33.959999084472656,172.25999450683594,157.0800018310547,599.469970703125,37.86000061035156,110.69999694824219,62.5099983215332,39.44499969482422,46.66999816894531,136.8699951171875,103.13999938964844,176.97000122070312,94.76000213623047,287.8999938964844,672.0,182.66000366210938,36.22999954223633,51.0099983215332,62.310001373291016,86.9800033569336,137.1199951171875,28.43000030517578,109.62000274658203,498.5199890136719,19.799999237060547,152.35000610351562,238.5800018310547,735.8400268554688,123.80000305175781,79.44000244140625,109.19999694824219,70.16999816894531,111.55000305175781,22.0,153.9600067138672,140.64999389648438,34.0099983215332,173.11000061035156,158.00999450683594,606.3599853515625,37.970001220703125,112.06999969482422,63.619998931884766,39.7400016784668,46.970001220703125,137.75999450683594,103.93000030517578,169.3300018310547,90.5,277.1000061035156,651.3900146484375,173.30999755859375,34.810001373291016,49.290000915527344,59.91999816894531,82.45999908447266,132.0399932861328,26.760000228881836,103.5199966430664,478.5799865722656,18.18000030517578,148.19000244140625,225.0,711.97998046875,117.73999786376953,76.3499984741211,102.88999938964844,66.83000183105469,107.4800033569336,21.280000686645508,148.2100067138672,131.11000061035156,32.099998474121094,164.4199981689453,153.25,586.530029296875,36.47999954223633,106.11000061035156,59.650001525878906,37.90999984741211,45.369998931884766,133.64999389648438,98.79000091552734,173.80999755859375,90.51000213623047,282.5,656.0599975585938,173.6199951171875,35.20000076293945,50.470001220703125,60.880001068115234,83.30000305175781,135.00999450683594,27.799999237060547,105.83999633789062,487.0,19.25,149.3300018310547,226.30999755859375,722.8900146484375,120.73999786376953,77.87000274658203,102.88999938964844,69.04000091552734,108.5,21.59000015258789,150.6300048828125,134.0,32.529998779296875,166.97999572753906,156.0,588.9199829101562,37.0,109.0,61.540000915527344,38.66999816894531,45.599998474121094,135.14999389648438,100.30000305175781,9047700,57892600,3467100,2163600,33964100,63671900,13411300,24776000,9233400,17224400,12107700,4992100,3770200,128425800,9943900,20284500,3603400,2901200,16194400,10573200,30807800,313417300,55078100,3850200,10955300,20884400,9890900,19632200,6121500,18556300,3777200,33867000,41916800,63647400,10755600,22884600
2025-04-14,171.861083984375,94.5,282.8435974121094,665.5767822265625,176.92645263671875,35.86334991455078,48.896728515625,61.328086853027344,82.97037506103516,128.31729125976562,28.00472640991211,102.99295806884766,493.7509765625,20.309999465942383,150.17579650878906,230.2422332763672,747.5189208984375,121.76359558105469,76.39484405517578,105.69050598144531,70.85040283203125,110.68391418457031,20.28815269470215,148.7180938720703,136.00335693359375,32.91389465332031,172.29910278320312,153.93345642089844,570.9598999023438,36.645259857177734,106.67256927490234,61.40827178955078,38.35367202758789,46.4329833984375,136.11251831054688,99.28172302246094,179.10000610351562,94.5,293.9200134277344,672.8699951171875,178.36000061035156,36.66999816894531,51.34000015258789,63.220001220703125,86.44999694824219,135.32000732421875,28.729999542236328,107.63999938964844,503.9800109863281,20.309999465942383,154.36000061035156,234.72000122070312,754.3499755859375,124.8499984741211,79.16999816894531,109.11000061035156,71.0199966430664,110.70999908447266,22.1200008392334,155.32000732421875,139.19000244140625,33.91999816894531,173.39999389648438,155.83999633789062,587.0599975585938,38.20000076293945,110.33000183105469,63.099998474121094,39.584999084472656,47.150001525878906,138.5399932861328,103.38999938964844,180.19000244140625,97.37000274658203,295.17999267578125,680.030029296875,186.0,36.9900016784668,51.599998474121094,64.43000030517578,88.62000274658203,138.5399932861328,29.239999771118164,111.5,512.0,21.049999237060547,154.6699981689453,239.77999877929688,759.5599975585938,127.44999694824219,80.0199966430664,111.5,74.77999877929688,114.29000091552734,22.229999542236328,156.5500030517578,143.11000061035156,34.70000076293945,177.5500030517578,158.58999633789062,595.6300048828125,38.779998779296875,114.0999984741211,64.01000213623047,40.380001068115234,47.619998931884766,139.0399932861328,105.08999633789062,176.1999969482422,93.44999694824219,285.2099914550781,662.72998046875,175.82000732421875,36.27000045776367,50.54999923706055,62.70000076293945,85.58999633789062,134.10000610351562,28.09000015258789,106.12000274658203,497.1499938964844,19.979999542236328,151.1699981689453,233.6300048828125,734.52001953125,123.29000091552734,78.36000061035156,108.55000305175781,69.97000122070312,109.06999969482422,21.8700008392334,153.25,136.8300018310547,33.45000076293945,170.7899932861328,154.02999877929688,579.2899780273438,37.77000045776367,108.08000183105469,62.400001525878906,39.189998626708984,46.869998931884766,136.9600067138672,102.72000122070312,177.44000244140625,97.11000061035156,286.7699890136719,676.4400024414062,185.0800018310547,36.4900016784668,51.529998779296875,63.349998474121094,88.5999984741211,138.47999572753906,29.239999771118164,111.16000366210938,510.0,20.59000015258789,151.58999633789062,237.10000610351562,750.4500122070312,126.98999786376953,80.0199966430664,110.4800033569336,74.66999816894531,114.11000061035156,22.079999923706055,154.08999633789062,142.75,34.70000076293945,177.5500030517578,158.3000030517578,595.0,38.5099983215332,114.01000213623047,63.15999984741211,40.380001068115234,47.349998474121094,138.2100067138672,105.02999877929688,7164400,36003000,2492700,1574000,25748300,46830600,14310300,20385900,6537200,9628200,10647600,4030300,4392600,101964400,10685300,13017800,3461200,2709500,15796700,8224500,32634700,264705000,61900900,3488800,6930300,15477100,5657400,17509400,4839300,12809900,3132800,28057800,32748200,52008900,7437200,18020000
2025-04-15,171.22190856933594,95.29000091552734,284.1715393066406,675.7552490234375,177.51168823242188,37.15431594848633,47.62049865722656,62.404869079589844,82.26976013183594,127.5776596069336,27.809776306152344,102.8398666381836,497.5816345214844,19.850000381469727,149.45587158203125,228.68258666992188,750.3233032226562,119.20838165283203,75.6421890258789,106.97882843017578,70.870361328125,112.1735610961914,20.58165168762207,148.7851104736328,135.42686462402344,32.758644104003906,173.00460815429688,155.40521240234375,567.5850830078125,37.057762145996094,103.98472595214844,62.809661865234375,38.2955436706543,46.5511589050293,135.2774200439453,99.00325012207031,176.8000030517578,95.29000091552734,295.29998779296875,683.1599731445312,178.9499969482422,37.9900016784668,50.0,64.33000183105469,85.72000122070312,134.5399932861328,28.530000686645508,107.4800033569336,507.8900146484375,19.850000381469727,153.6199951171875,233.1300048828125,757.1799926757812,122.2300033569336,78.38999938964844,110.44000244140625,71.04000091552734,112.19999694824219,22.440000534057617,155.38999938964844,138.60000610351562,33.7599983215332,174.11000061035156,157.3300018310547,583.5900268554688,38.630001068115234,107.55000305175781,64.54000091552734,39.525001525878906,47.27000045776367,137.69000244140625,103.0999984741211,180.5,96.8499984741211,296.1700134277344,687.530029296875,182.25999450683594,38.75,51.5,66.29000091552734,87.70999908447266,136.6300048828125,29.479999542236328,109.0999984741211,518.6500244140625,20.469999313354492,156.3000030517578,238.64999389648438,765.3099975585938,125.79000091552734,79.95999908447266,112.1500015258789,72.80000305175781,113.62000274658203,22.93000030517578,159.5800018310547,140.83999633789062,34.369998931884766,176.6300048828125,158.25,592.8599853515625,39.380001068115234,110.7699966430664,65.41999816894531,40.2599983215332,47.900001525878906,139.0399932861328,105.41000366210938,176.30999755859375,94.62000274658203,292.1400146484375,676.6900024414062,178.0800018310547,37.79999923706055,49.66999816894531,63.84000015258789,85.47000122070312,134.25,28.360000610351562,107.16999816894531,507.0,19.809999465942383,152.10000610351562,232.82000732421875,751.489990234375,121.69000244140625,77.72000122070312,110.05999755859375,70.55000305175781,110.5,22.1299991607666,152.50999450683594,138.02999877929688,33.61000061035156,173.25,156.0500030517578,582.010009765625,38.2400016784668,107.38999938964844,63.29999923706055,39.505001068115234,47.22999954223633,137.2899932861328,103.0,177.6999969482422,94.66000366210938,294.30999755859375,679.3800048828125,179.72999572753906,37.79999923706055,51.220001220703125,64.19000244140625,86.5999984741211,134.32000732421875,28.549999237060547,107.73999786376953,507.4100036621094,20.200000762939453,155.6999969482422,236.10000610351562,755.5700073242188,124.04000091552734,79.55000305175781,110.08999633789062,71.12000274658203,110.97000122070312,22.170000076293945,152.50999450683594,139.4600067138672,33.84000015258789,174.32000732421875,156.49000549316406,592.239990234375,38.2400016784668,109.58999633789062,63.439998626708984,39.54999923706055,47.41999816894531,139.0,103.63999938964844,8078500,28116500,2593600,2105600,17242400,84677800,15684400,24738400,5739600,9334800,12112600,3192300,2501200,64056900,10847700,10912900,2458100,2416100,16042500,6003800,19132700,228966900,51814700,3621100,6346800,11618900,3201100,14306600,3871300,11717300,3107100,20903300,22167000,41840100,6239000,13164900
2025-04-16,166.26344299316406,88.29000091552734,271.98870849609375,628.048095703125,173.20657348632812,36.50883865356445,47.01095962524414,60.24159622192383,82.8840103149414,128.35523986816406,28.560335159301758,104.5151596069336,488.9210205078125,19.229999542236328,149.73802185058594,225.229736328125,728.2450561523438,121.00289154052734,73.77983093261719,104.47967529296875,69.1644515991211,104.46538543701172,20.21477699279785,146.60833740234375,132.63233947753906,33.137081146240234,166.32725524902344,149.81448364257812,568.995361328125,36.28072738647461,103.57865142822266,62.26467514038086,38.61042785644531,45.822410583496094,133.9019317626953,100.04993438720703,171.67999267578125,88.29000091552734,282.6400146484375,634.9299926757812,174.61000061035156,37.33000183105469,49.36000061035156,62.099998474121094,86.36000061035156,135.36000061035156,29.299999237060547,108.23999786376953,499.04998779296875,19.229999542236328,153.91000366210938,229.61000061035156,734.9000244140625,124.06999969482422,76.45999908447266,107.86000061035156,69.33000183105469,104.48999786376953,22.040000915527344,151.5399932861328,135.74000549316406,34.150001525878906,167.38999938964844,151.6699981689453,585.0399780273438,37.81999969482422,107.12999725341797,63.97999954223633,39.849998474121094,46.529998779296875,136.2899932861328,104.19000244140625,176.85000610351562,90.47000122070312,294.75,653.1300048828125,176.0800018310547,38.15999984741211,50.400001525878906,63.81999969482422,88.36000061035156,137.5500030517578,29.860000610351562,110.16000366210938,509.45001220703125,19.43000030517578,155.6300048828125,233.5800018310547,756.2999877929688,127.87000274658203,78.69000244140625,110.31999969482422,70.44999694824219,106.79000091552734,22.68000030517578,154.92999267578125,137.30999755859375,34.709999084472656,169.5800018310547,153.5399932861328,594.8099975585938,39.150001525878906,110.58000183105469,64.9800033569336,40.525001525878906,47.34000015258789,138.6199951171875,105.58999633789062,169.75,85.30000305175781,281.0299987792969,624.1699829101562,166.9199981689453,36.970001220703125,48.84000015258789,61.29999923706055,86.01000213623047,134.8000030517578,28.610000610351562,106.62999725341797,492.69000244140625,18.719999313354492,152.24000549316406,227.92999267578125,730.3400268554688,122.72000122070312,75.93000030517578,106.6500015258789,67.16999816894531,100.44999694824219,21.950000762939453,149.75,131.7899932861328,33.790000915527344,161.8300018310547,148.49000549316406,582.9600219726562,37.43000030517578,106.25,63.369998931884766,39.66999816894531,46.18000030517578,135.63999938964844,103.69999694824219,176.52999877929688,87.61000061035156,294.739990234375,647.0,170.42999267578125,37.86000061035156,50.099998474121094,63.060001373291016,86.37999725341797,135.39999389648438,28.6200008392334,107.1500015258789,501.7200012207031,19.34000015258789,155.3699951171875,232.0,755.6400146484375,123.66999816894531,78.47000122070312,109.58000183105469,67.93000030517578,104.55000305175781,22.489999771118164,152.0800018310547,133.67999267578125,34.0,166.3300018310547,150.60000610351562,585.3200073242188,38.220001220703125,107.47000122070312,63.88999938964844,39.77000045776367,47.16999816894531,138.1199951171875,103.94999694824219,9459300,62109000,2656300,4028300,34638600,52872700,14991000,21922600,6093300,8637200,10498300,4270700,2765600,89469700,7986900,9322300,3302600,2897300,16551300,6520100,28475000,397016900,37641200,2875400,10417200,13107900,10205000,23806100,4192100,17381600,4040600,17351000,27331400,47934300,8150700,13607000
2025-04-17,167.53213500976562,87.5,266.84027099609375,633.2213134765625,169.61569213867188,36.58707809448242,46.88714599609375,61.3571891784668,85.3985595703125,130.73533630371094,29.544841766357422,106.69739532470703,499.1491394042969,18.93000030517578,153.20150756835938,227.534912109375,832.3536987304688,124.56266021728516,75.26585388183594,105.75830841064453,68.6357192993164,101.46607971191406,20.306495666503906,147.37265014648438,133.53128051757812,34.068607330322266,165.4925994873047,149.8836212158203,441.65606689453125,36.645259857177734,106.4115219116211,62.97510528564453,39.4824333190918,45.940589904785156,133.115966796875,102.67144775390625,172.99000549316406,87.5,277.2900085449219,640.1599731445312,170.99000549316406,37.40999984741211,49.22999954223633,63.25,88.9800033569336,137.8699951171875,30.309999465942383,110.5,509.489990234375,18.93000030517578,157.47000122070312,231.9600067138672,839.9600219726562,127.72000122070312,78.0,109.18000030517578,68.80000305175781,101.48999786376953,22.139999389648438,152.3300018310547,136.66000366210938,35.11000061035156,166.5500030517578,151.74000549316406,454.1099853515625,38.20000076293945,110.05999755859375,64.70999908447266,40.75,46.650001525878906,135.49000549316406,106.91999816894531,175.1999969482422,89.02999877929688,278.67999267578125,647.6599731445312,176.25,37.869998931884766,50.09000015258789,63.779998779296875,90.4800033569336,140.24000549316406,30.809999465942383,112.68000030517578,514.8300170898438,19.100000381469727,159.44000244140625,234.33999633789062,858.0,128.92999267578125,78.75,110.75,70.4800033569336,104.47000122070312,22.549999237060547,153.82000732421875,138.14999389648438,35.459999084472656,168.75,157.5,489.7900085449219,38.68000030517578,111.16999816894531,65.70999908447266,41.380001068115234,47.209999084472656,136.57000732421875,108.55000305175781,171.91000366210938,86.5199966430664,268.5,636.9299926757812,169.9199981689453,37.2400016784668,49.060001373291016,61.84000015258789,87.69000244140625,136.4499969482422,29.690000534057617,108.80999755859375,499.1199951171875,18.559999465942383,154.16000366210938,230.5500030517578,821.8400268554688,125.5999984741211,76.87999725341797,108.1500015258789,67.0,100.05000305175781,22.100000381469727,151.6699981689453,135.7100067138672,34.130001068115234,164.80999755859375,151.4499969482422,447.1000061035156,37.79999923706055,108.41999816894531,64.06999969482422,40.154998779296875,46.43000030517578,135.10000610351562,104.45999908447266,172.57000732421875,88.83999633789062,277.0400085449219,644.3599853515625,176.25,37.5099983215332,49.18000030517578,62.18000030517578,87.80999755859375,136.69000244140625,29.690000534057617,109.68000030517578,503.239990234375,18.90999984741211,154.16000366210938,230.8000030517578,840.7999877929688,125.5999984741211,76.88999938964844,108.5199966430664,70.44000244140625,104.44999694824219,22.149999618530273,152.30999755859375,137.3800048828125,34.54999923706055,168.57000732421875,156.0500030517578,481.95001220703125,37.939998626708984,108.48999786376953,64.37999725341797,40.17499923706055,46.5,135.33999633789062,104.69000244140625,8998100,34801400,4371800,1439900,22501800,47144400,14244100,14656300,7804400,8434400,10351200,5905400,2593500,85646700,10981100,9557900,10853400,2387700,21416500,5233100,20694100,292517500,54073700,3564400,7135900,15923000,4921000,27239900,29120200,12538500,2662800,18961800,47908800,61866600,9662800,17916500
2025-04-21,164.79141235351562,85.55999755859375,263.3663330078125,617.9190063476562,164.87411499023438,36.107852935791016,46.61094284057617,60.813941955566406,84.02611541748047,126.80957794189453,28.735794067382812,105.35523223876953,491.1841125488281,18.84000015258789,152.66641235351562,224.62155151367188,810.6123657226562,123.58736419677734,75.12110900878906,102.96858215332031,66.58063507080078,96.88717651367188,20.21477699279785,145.24423217773438,133.02317810058594,33.593135833740234,162.60108947753906,146.0510711669922,413.6653137207031,36.271141052246094,105.2319564819336,62.29387283325195,38.4505615234375,44.9557991027832,130.2471466064453,101.1638412475586,170.16000366210938,85.55999755859375,273.67999267578125,624.6900024414062,166.2100067138672,36.91999816894531,48.939998626708984,62.689998626708984,87.55000305175781,133.72999572753906,29.479999542236328,109.11000061035156,501.3599853515625,18.84000015258789,156.9199981689453,228.99000549316406,818.02001953125,126.72000122070312,77.8499984741211,106.30000305175781,66.73999786376953,96.91000366210938,22.040000915527344,150.1300048828125,136.13999938964844,34.619998931884766,163.63999938964844,147.86000061035156,425.3299865722656,37.810001373291016,108.83999633789062,64.01000213623047,39.685001373291016,45.650001525878906,132.57000732421875,105.3499984741211,174.1699981689453,86.13999938964844,278.25,633.6599731445312,168.0,37.279998779296875,49.66999816894531,63.13999938964844,87.86000061035156,136.2899932861328,29.75,109.31999969482422,509.2699890136719,18.989999771118164,158.22999572753906,231.80999755859375,843.9099731445312,127.08000183105469,78.19000244140625,108.33000183105469,68.0,99.44000244140625,22.170000076293945,151.97999572753906,136.5500030517578,34.720001220703125,163.89999389648438,150.27999877929688,453.5,38.08000183105469,108.9800033569336,65.16000366210938,40.20500183105469,46.54999923706055,135.36000061035156,105.62999725341797,168.5399932861328,83.75,270.3599853515625,614.0599975585938,161.61000061035156,36.4900016784668,48.15999984741211,61.95000076293945,86.33000183105469,132.3300018310547,29.059999465942383,107.41000366210938,494.67999267578125,18.25,155.49000549316406,226.33999633789062,807.0,124.0,76.98999786376953,104.77999877929688,65.6500015258789,95.04000091552734,21.8700008392334,148.27999877929688,133.36000061035156,34.0,160.25999450683594,145.83999633789062,424.80999755859375,37.2400016784668,106.83000183105469,63.400001525878906,39.244998931884766,45.13999938964844,131.55999755859375,104.12000274658203,173.47000122070312,86.0199966430664,277.2900085449219,632.0,166.99000549316406,37.06999969482422,49.349998474121094,62.75,87.26000213623047,136.02000427246094,29.610000610351562,108.58000183105469,505.3999938964844,18.93000030517578,157.9600067138672,230.6300048828125,841.510009765625,125.27999877929688,78.08000183105469,108.13999938964844,67.76000213623047,98.7699966430664,22.1299991607666,150.5,134.72999572753906,34.720001220703125,163.13999938964844,149.99000549316406,449.760009765625,37.90999984741211,108.16999816894531,64.19999694824219,40.10499954223633,46.40999984741211,135.19000244140625,105.61000061035156,7364600,33855400,1803600,1555100,23469800,34928300,10338700,15136000,6213500,9967500,6515400,3001800,2859300,72409900,6285400,8716200,3326600,2425100,11010000,7784500,19826100,288501100,32021000,2860500,8128300,10698700,4769700,15170500,13029900,11261300,2274900,17859100,31012000,43082300,6456000,16926500
2025-04-22,168.2971954345703,86.26000213623047,267.908447265625,631.7672729492188,168.21701049804688,37.477054595947266,47.449066162109375,62.6182861328125,86.14715576171875,130.19483947753906,30.412372589111328,107.48916625976562,509.4360046386719,19.510000228881836,153.47390747070312,231.0956573486328,820.046142578125,128.14193725585938,76.20185852050781,106.92070007324219,70.0423355102539,98.86669921875,20.66419792175293,149.4236297607422,135.56365966796875,33.58343505859375,165.76089477539062,149.54776000976562,415.4645690917969,37.41270446777344,108.73194885253906,64.4543685913086,39.429141998291016,46.442832946777344,132.69349670410156,103.99663543701172,173.77999877929688,86.26000213623047,278.3999938964844,638.6900024414062,169.5800018310547,38.31999969482422,49.81999969482422,64.55000305175781,89.76000213623047,137.3000030517578,31.200000762939453,111.31999969482422,519.989990234375,19.510000228881836,157.75,235.58999633789062,827.5399780273438,131.38999938964844,78.97000122070312,110.37999725341797,70.20999908447266,98.88999938964844,22.530000686645508,154.4499969482422,138.74000549316406,34.61000061035156,166.82000732421875,151.39999389648438,427.17999267578125,39.0,112.45999908447266,66.2300033569336,40.69499969482422,47.15999984741211,135.05999755859375,108.30000305175781,174.66000366210938,87.16999816894531,278.7300109863281,645.6099853515625,170.52000427246094,38.4900016784668,50.060001373291016,64.97000122070312,90.47000122070312,138.24000549316406,31.549999237060547,112.45999908447266,521.0,19.739999771118164,158.72000122070312,235.99000549316406,832.0,132.17999267578125,79.04000091552734,110.69999694824219,70.4000015258789,99.80999755859375,22.549999237060547,154.72000122070312,139.10000610351562,34.970001220703125,168.02000427246094,152.60000610351562,431.5,39.06999969482422,113.76000213623047,66.41000366210938,40.994998931884766,47.279998779296875,135.27999877929688,108.94000244140625,170.91000366210938,85.16999816894531,274.489990234375,631.0,165.22000122070312,37.400001525878906,48.880001068115234,63.5099983215332,87.81999969482422,134.94000244140625,30.440000534057617,110.20999908447266,508.92999267578125,19.040000915527344,156.25999450683594,231.3699951171875,814.0,128.2100067138672,77.66000366210938,107.97000122070312,67.44000244140625,97.27999877929688,22.149999618530273,151.10000610351562,136.49000549316406,33.83000183105469,164.6199951171875,147.44000244140625,417.1199951171875,38.15999984741211,109.83000183105469,64.70999908447266,40.025001525878906,46.20000076293945,133.13999938964844,106.13999938964844,171.0800018310547,86.12000274658203,275.70001220703125,638.8099975585938,167.42999267578125,37.56999969482422,49.310001373291016,63.52000045776367,88.88999938964844,135.25999450683594,30.670000076293945,110.8499984741211,510.2300109863281,19.059999465942383,157.5500030517578,231.97999572753906,821.8800048828125,129.39999389648438,78.02999877929688,108.0199966430664,67.54000091552734,98.77999877929688,22.18000030517578,151.61000061035156,136.75,34.83000183105469,165.22999572753906,148.0,424.6400146484375,38.2599983215332,111.23999786376953,64.70999908447266,40.20000076293945,46.34000015258789,133.63999938964844,106.13999938964844,6191900,35236700,2081000,1967000,18504900,42288900,13376000,13252300,5556800,7984700,14186000,2947600,2514600,83365600,7136300,10701400,3086500,1736200,12918200,6571300,20351200,241004800,36052600,2124200,8228000,18894100,4996000,12668600,10156900,8311400,3264600,17536600,22097400,38154800,8012500,13147000
2025-04-23,171.4640350341797,90.38999938964844,267.42730712890625,650.8482055664062,175.48809814453125,37.89760208129883,46.220458984375,64.31591796875,86.31031799316406,129.60691833496094,30.29540252685547,107.73056030273438,518.5668334960938,20.59000015258789,151.16815185546875,236.28472900390625,821.9091186523438,130.98001098632812,75.97991943359375,108.79022216796875,72.75585174560547,102.68579864501953,20.535789489746094,152.2873077392578,137.24429321289062,33.020633697509766,171.97122192382812,155.87936401367188,416.22320556640625,37.901947021484375,110.70433807373047,66.11851501464844,39.35647964477539,46.99431610107422,133.35174560546875,103.10358428955078,177.0500030517578,90.38999938964844,277.8999938964844,657.97998046875,176.91000366210938,38.75,48.529998779296875,66.30000305175781,89.93000030517578,136.67999267578125,31.079999923706055,111.56999969482422,529.3099975585938,20.59000015258789,155.3800048828125,240.8800048828125,829.4199829101562,134.3000030517578,78.73999786376953,112.30999755859375,72.93000030517578,102.70999908447266,22.389999389648438,157.41000366210938,140.4600067138672,34.029998779296875,173.07000732421875,157.80999755859375,427.9599914550781,39.5099983215332,114.5,67.94000244140625,40.619998931884766,47.720001220703125,135.72999572753906,107.37000274658203,178.14999389648438,93.73999786376953,283.6000061035156,666.489990234375,180.4499969482422,40.130001068115234,49.33000183105469,68.81999969482422,91.66999816894531,138.5500030517578,32.31999969482422,113.66999816894531,551.7899780273438,21.030000686645508,157.10000610351562,246.7899932861328,846.010009765625,136.6199951171875,80.19999694824219,116.61000061035156,75.4000015258789,104.80000305175781,23.059999465942383,162.05999755859375,143.8800048828125,35.59000015258789,177.13999938964844,160.3800048828125,438.8500061035156,41.150001525878906,116.55999755859375,69.5,41.4900016784668,48.72999954223633,137.92999267578125,109.30000305175781,174.39999389648438,90.12000274658203,276.4200134277344,654.7899780273438,175.82000732421875,38.66999816894531,47.540000915527344,66.16000366210938,89.08000183105469,135.14999389648438,30.700000762939453,110.02999877929688,528.260009765625,20.309999465942383,154.3300018310547,240.0,818.6400146484375,132.0,78.0,111.93000030517578,72.5,102.0199966430664,22.239999771118164,156.97000122070312,139.77999877929688,33.79999923706055,172.35000610351562,156.0,423.75,39.31999969482422,113.5199966430664,67.44000244140625,40.369998931884766,47.560001373291016,135.1300048828125,106.47000122070312,175.0,91.87999725341797,279.9100036621094,664.25,177.77999877929688,39.40999984741211,47.630001068115234,66.47000122070312,90.77999877929688,137.2100067138672,31.739999771118164,112.5,533.6300048828125,20.719999313354492,156.49000549316406,240.22000122070312,836.9600219726562,134.36000061035156,78.5,113.25,73.69000244140625,104.5199966430664,22.780000686645508,157.6999969482422,142.5800018310547,35.130001068115234,175.25,159.3699951171875,427.07000732421875,40.0,115.22000122070312,67.44000244140625,41.04999923706055,48.040000915527344,136.5399932861328,108.80999755859375,7119700,41102600,2679500,1849700,24380500,54428400,24036600,17243900,7699600,10002000,9338000,3037900,3048100,97188100,9099400,14126800,2714600,2996300,17935700,9243800,26385500,247526000,50781000,3145600,9073500,17255900,7323800,17667900,8345700,12753700,3652900,20678800,43216200,50290900,9503200,14235700
2025-04-24,174.6792755126953,94.47000122070312,269.294189453125,667.6837768554688,186.6377716064453,38.7093391418457,46.37284469604492,66.12025451660156,88.10505676269531,131.87326049804688,30.675556182861328,109.55552673339844,534.3009033203125,21.489999771118164,150.73036193847656,239.97299194335938,851.9447021484375,134.139892578125,77.04135131835938,111.97711181640625,77.23512268066406,106.40492248535156,20.89349365234375,154.55116271972656,143.83975219726562,33.89393997192383,181.86798095703125,162.17141723632812,412.6149597167969,38.41997146606445,109.60212707519531,67.69507598876953,39.98625564575195,47.516258239746094,134.982666015625,104.31351470947266,180.3699951171875,94.47000122070312,279.8399963378906,675.0,188.14999389648438,39.58000183105469,48.689998626708984,68.16000366210938,91.80000305175781,139.07000732421875,31.469999313354492,113.45999908447266,545.3699951171875,21.489999771118164,154.92999267578125,244.63999938964844,859.72998046875,137.5399932861328,79.83999633789062,115.5999984741211,77.41999816894531,106.43000030517578,22.780000686645508,159.75,147.2100067138672,34.93000030517578,183.02999877929688,164.17999267578125,424.25,40.04999923706055,113.36000061035156,69.55999755859375,41.27000045776367,48.25,137.38999938964844,108.62999725341797,181.49000549316406,94.75,282.260009765625,678.3200073242188,188.57000732421875,39.70000076293945,48.84000015258789,68.33999633789062,92.20999908447266,139.39999389648438,31.65999984741211,113.79000091552734,546.8400268554688,21.549999237060547,155.89999389648438,245.47000122070312,862.25,138.25999450683594,79.97000122070312,115.9000015258789,77.58999633789062,106.54000091552734,22.860000610351562,160.10000610351562,147.82000732421875,35.09000015258789,183.55999755859375,164.5500030517578,429.8999938964844,40.20000076293945,116.0,69.8499984741211,41.38999938964844,48.34000015258789,137.5399932861328,108.87999725341797,176.11000061035156,90.37000274658203,274.4200134277344,662.5599975585938,178.3000030517578,38.599998474121094,46.93000030517578,65.77999877929688,90.13999938964844,137.22000122070312,30.950000762939453,111.63999938964844,523.4199829101562,20.8799991607666,153.44000244140625,237.5800018310547,829.2100219726562,134.0399932861328,76.02999877929688,111.23999786376953,73.5999984741211,103.11000061035156,22.229999542236328,156.14999389648438,141.99000549316406,34.04999923706055,176.5399932861328,157.38999938964844,423.6499938964844,39.2599983215332,110.0,67.5,40.64500045776367,47.36000061035156,135.1199951171875,106.95999908447266,177.61000061035156,91.58999633789062,278.4700012207031,666.530029296875,179.69000244140625,38.65999984741211,47.939998626708984,66.26000213623047,90.75,137.9199981689453,31.489999771118164,112.83000183105469,527.0999755859375,21.040000915527344,155.8000030517578,239.74000549316406,836.0,135.27000427246094,78.27999877929688,111.87000274658203,74.56999969482422,103.4800033569336,22.399999618530273,157.13999938964844,142.77999877929688,34.31999969482422,177.8000030517578,157.77999877929688,427.57000732421875,39.29999923706055,116.0,67.69999694824219,41.0,47.54999923706055,135.9499969482422,107.97000122070312,8789400,33681900,2260500,1770700,27576900,42457100,20579300,13672300,6520300,7745800,6477000,2075400,2223600,117086200,8310400,9055200,2939500,3061400,18471500,6640700,23875600,220815000,35009600,1382400,8810600,15197200,6873400,18761100,7629100,9478300,4783000,18420900,21219000,26817900,5433000,9849600
2025-04-25,180.1897430419922,96.6500015258789,270.2565002441406,669.9290771484375,190.76431274414062,38.816917419433594,45.620445251464844,66.38217163085938,88.02827453613281,131.5508270263672,30.55858612060547,109.17893981933594,533.80126953125,20.049999237060547,150.38986206054688,238.90380859375,876.530029296875,134.04238891601562,79.83970642089844,112.374267578125,79.58948516845703,110.98385620117188,21.021900177001953,153.3031463623047,145.15884399414062,33.4961051940918,183.6366729736328,163.08018493652344,407.1588439941406,38.295257568359375,110.09522247314453,67.86051177978516,39.91358947753906,47.28975296020508,135.631103515625,104.25589752197266,186.05999755859375,96.6500015258789,280.8399963378906,677.27001953125,192.30999755859375,39.689998626708984,47.900001525878906,68.43000030517578,91.72000122070312,138.72999572753906,31.350000381469727,113.06999969482422,544.8599853515625,20.049999237060547,154.5800018310547,243.5500030517578,884.5399780273438,137.44000244140625,82.73999786376953,116.01000213623047,79.77999877929688,111.01000213623047,22.920000076293945,158.4600067138672,148.55999755859375,34.52000045776367,184.80999755859375,165.10000610351562,418.6400146484375,39.91999816894531,113.87000274658203,69.7300033569336,41.19499969482422,48.02000045776367,138.0500030517578,108.56999969482422,188.6999969482422,97.0999984741211,282.19000244140625,681.75,193.3699951171875,39.790000915527344,48.95000076293945,68.70999908447266,92.01000213623047,139.0500030517578,31.520000457763672,113.52999877929688,549.0900268554688,20.18000030517578,154.89999389648438,245.6199951171875,885.5800170898438,137.6699981689453,83.27999877929688,117.0999984741211,80.30000305175781,111.91999816894531,23.110000610351562,159.61000061035156,149.1999969482422,35.529998779296875,186.1199951171875,165.91000366210938,423.55999755859375,40.130001068115234,114.31999969482422,70.19000244140625,41.22999954223633,48.22999954223633,138.1999969482422,108.76000213623047,179.99000549316406,92.8499984741211,276.44000244140625,664.5900268554688,186.88999938964844,39.31999969482422,46.959999084472656,67.76000213623047,90.61000061035156,137.25,31.020000457763672,111.80000305175781,541.219970703125,19.34000015258789,152.4499969482422,241.75,851.0700073242188,135.7899932861328,78.05999755859375,114.97000122070312,76.9000015258789,105.7300033569336,22.479999542236328,157.33999633789062,146.0800018310547,33.630001068115234,180.66000366210938,161.16000366210938,412.0199890136719,39.650001525878906,112.0,69.0,40.7400016784668,47.70000076293945,135.8800048828125,107.41999816894531,187.1199951171875,93.27999877929688,279.4700012207031,666.9000244140625,186.9199981689453,39.540000915527344,48.869998931884766,67.86000061035156,90.6500015258789,138.3300018310547,31.09000015258789,112.29000091552734,544.5999755859375,19.729999542236328,154.32000732421875,244.64999389648438,859.6599731445312,136.3699951171875,80.16999816894531,115.70999908447266,77.55000305175781,106.8499984741211,22.770000457763672,158.4499969482422,146.0800018310547,34.290000915527344,181.1999969482422,163.92999267578125,423.55999755859375,39.7599983215332,112.3499984741211,69.06999969482422,40.900001525878906,48.0099983215332,137.58999633789062,108.13999938964844,10482100,28575300,1994600,1280900,21242300,32694200,16298800,12253400,4736600,6878500,5181500,2093400,1612700,147711200,8643600,8588600,3398900,1681100,28378000,5013200,19746200,251064700,35847700,1125100,5145600,23936500,4224900,14654800,9263800,6432700,2865100,17775900,17664800,28113000,6438400,11245800
2025-04-28,186.27162170410156,96.38999938964844,272.4217529296875,667.5289306640625,190.9230499267578,38.90494155883789,46.15378952026367,66.23665618896484,89.18955993652344,132.84994506835938,30.753536224365234,110.21212005615234,535.3099975585938,20.510000228881836,151.1389923095703,238.58009338378906,869.3456420898438,134.1789093017578,80.27393341064453,112.19991302490234,78.37240600585938,108.70439147949219,21.141136169433594,154.4544219970703,144.24034118652344,33.08856201171875,183.30877685546875,161.40097045898438,408.4815368652344,38.544681549072266,110.94605255126953,67.56856536865234,40.1945686340332,47.43747329711914,136.17147827148438,104.31351470947266,192.33999633789062,96.38999938964844,283.0899963378906,672.760009765625,192.47000122070312,39.779998779296875,48.459999084472656,68.27999877929688,92.93000030517578,140.10000610351562,31.549999237060547,114.13999938964844,546.4000244140625,20.510000228881836,155.35000610351562,243.22000122070312,877.2899780273438,137.5800018310547,83.19000244140625,115.83000183105469,78.55999755859375,108.7300033569336,23.049999237060547,159.64999389648438,147.6199951171875,34.099998474121094,184.47999572753906,163.39999389648438,420.0,40.18000030517578,114.75,69.43000030517578,41.48500061035156,48.16999816894531,138.60000610351562,108.62999725341797,193.1199951171875,97.48999786376953,284.1000061035156,674.4400024414062,193.10000610351562,40.08000183105469,48.86000061035156,69.4000015258789,93.33999633789062,140.4600067138672,31.799999237060547,114.55000305175781,554.5,21.079999923706055,155.80999755859375,246.83999633789062,882.25,138.3800048828125,83.68000030517578,117.9000015258789,79.61000061035156,110.37000274658203,23.290000915527344,160.75,149.3000030517578,34.65999984741211,185.75999450683594,165.32000732421875,424.1199951171875,40.38999938964844,116.18000030517578,70.55999755859375,41.599998474121094,48.56999969482422,139.0399932861328,109.25,187.63999938964844,94.2699966430664,280.0,661.0800170898438,187.67999267578125,39.459999084472656,47.91999816894531,67.7699966430664,91.62000274658203,138.67999267578125,31.260000228881836,112.69999694824219,542.469970703125,20.049999237060547,153.82000732421875,240.83999633789062,864.4099731445312,135.99000549316406,82.4000015258789,113.83000183105469,76.91999816894531,106.0199966430664,22.899999618530273,158.1199951171875,145.44000244140625,33.709999084472656,180.44000244140625,160.5,415.54998779296875,39.779998779296875,113.68000030517578,68.66999816894531,41.095001220703125,47.83000183105469,137.39999389648438,107.68000030517578,188.0,95.58000183105469,280.6300048828125,672.1699829101562,190.52999877929688,39.79999923706055,48.310001373291016,68.66000366210938,91.62000274658203,138.97000122070312,31.360000610351562,112.87999725341797,544.8599853515625,20.1200008392334,155.5,244.55999755859375,870.4400024414062,137.4499969482422,83.0,115.87999725341797,78.7699966430664,109.69000244140625,23.030000686645508,158.8800048828125,148.17999267578125,34.4900016784668,183.88999938964844,165.0,419.75,40.04999923706055,114.0,69.80999755859375,41.150001525878906,48.220001220703125,138.24000549316406,108.75,10408000,30456700,2082400,1007600,16385800,37428000,18574700,14304800,4667600,6715500,5045800,1908400,1459700,96624400,5815200,7394300,3457600,1868400,14241000,4171200,16882400,207708500,55888900,1917500,5743500,13252800,2875400,11415600,6614300,5264900,2601000,16694100,16436800,33922800,5803300,13890900
2025-04-29,187.40469360351562,96.05999755859375,277.6855773925781,660.9306030273438,189.63348388671875,39.110321044921875,46.877620697021484,66.8187026977539,88.18182373046875,132.0913543701172,30.509849548339844,109.04376220703125,537.7788696289062,20.34000015258789,151.68380737304688,239.95338439941406,877.18408203125,134.89085388183594,81.74064636230469,112.56798553466797,76.69641876220703,108.99430847167969,21.819854736328125,155.37350463867188,143.51730346679688,33.0982666015625,181.3512725830078,162.46775817871094,398.00689697265625,38.851654052734375,111.69051361083984,69.19378662109375,40.078304290771484,47.92987060546875,136.8395538330078,104.05424499511719,193.50999450683594,96.05999755859375,288.55999755859375,666.1099853515625,191.1699981689453,39.9900016784668,49.220001220703125,68.87999725341797,91.87999725341797,139.3000030517578,31.299999237060547,112.93000030517578,548.9199829101562,20.34000015258789,155.91000366210938,244.6199951171875,885.2000122070312,138.30999755859375,84.70999908447266,116.20999908447266,76.87999725341797,109.0199966430664,23.790000915527344,160.60000610351562,146.8800048828125,34.11000061035156,182.50999450683594,164.47999572753906,409.2300109863281,40.5,115.5199966430664,71.0999984741211,41.3650016784668,48.66999816894531,139.27999877929688,108.36000061035156,195.5399932861328,97.18000030517578,289.8999938964844,673.6300048828125,193.25,40.13999938964844,49.47999954223633,69.11000061035156,92.61000061035156,140.00999450683594,31.440000534057617,114.04000091552734,550.8800048828125,20.850000381469727,157.02000427246094,245.25,892.469970703125,138.66000366210938,85.69000244140625,116.47000122070312,78.19000244140625,110.19999694824219,24.1200008392334,161.3699951171875,148.25999450683594,34.290000915527344,184.5399932861328,166.0,421.75,40.56999969482422,116.13999938964844,71.33999633789062,41.51499938964844,48.7599983215332,139.97000122070312,108.83000183105469,190.5800018310547,95.33000183105469,279.05999755859375,663.0,190.10000610351562,39.47999954223633,48.150001525878906,67.97000122070312,90.38999938964844,138.57000732421875,30.790000915527344,112.0,541.2999877929688,20.219999313354492,154.2899932861328,241.69000244140625,874.030029296875,135.8800048828125,82.75,114.2300033569336,76.47000122070312,107.44000244140625,22.459999084472656,158.3699951171875,145.52000427246094,33.25,181.25,163.5,409.1000061035156,39.7599983215332,113.25,68.94999694824219,40.939998626708984,47.959999084472656,137.72999572753906,107.5199966430664,192.58999633789062,95.76000213623047,281.1199951171875,665.6099853515625,191.72000122070312,39.630001068115234,48.33000183105469,68.02999877929688,91.0,138.69000244140625,31.0,113.19000244140625,543.7899780273438,20.309999465942383,155.4499969482422,242.19000244140625,877.7000122070312,136.2899932861328,83.77999877929688,115.37999725341797,77.94000244140625,107.66999816894531,22.829999923706055,158.69000244140625,146.66000366210938,33.790000915527344,182.24000549316406,164.3800048828125,421.19000244140625,39.95000076293945,113.25,68.94999694824219,41.02000045776367,48.18000030517578,138.4199981689453,107.73999786376953,6671400,20700600,2147700,1104000,14630000,33792500,19932800,8862800,4828800,7343800,4949100,2323700,1695600,70031900,5246700,7216800,2454400,1747600,18802900,4689800,17098000,170444300,98540200,1643000,6692000,14629600,3527000,9830100,9909100,8390000,1428500,24563600,19843400,42475300,7811900,9483100
2025-04-30,188.94454956054688,97.3499984741211,279.9566650390625,662.8853149414062,190.9230499267578,39.002742767333984,47.81098556518555,66.33366394042969,85.53292083740234,129.0189971923828,29.642314910888672,106.53324127197266,536.4367065429688,20.100000381469727,152.0729522705078,239.95338439941406,890.8095703125,134.01312255859375,82.21346282958984,112.6998062133789,76.76624298095703,108.89433288574219,22.38850975036621,155.4605712890625,145.06112670898438,32.26377487182617,182.67282104492188,164.6507110595703,400.1562805175781,38.69816589355469,112.24162292480469,69.10620880126953,38.99798583984375,48.018497467041016,138.0087127685547,101.4327163696289,195.10000610351562,97.3499984741211,290.9200134277344,668.0800170898438,192.47000122070312,39.880001068115234,50.20000076293945,68.37999725341797,89.12000274658203,136.05999755859375,30.40999984741211,110.33000183105469,547.5499877929688,20.100000381469727,156.30999755859375,244.6199951171875,898.9500122070312,137.41000366210938,85.19999694824219,115.41999816894531,76.94999694824219,108.91999816894531,24.40999984741211,160.69000244140625,148.4600067138672,33.25,183.83999633789062,166.69000244140625,411.44000244140625,40.34000015258789,116.08999633789062,71.01000213623047,40.25,48.7599983215332,140.47000122070312,105.62999725341797,195.77999877929688,97.55000305175781,292.0,669.5,193.1999969482422,40.0,50.349998474121094,68.66000366210938,90.75,138.14999389648438,30.989999771118164,112.0,549.52001953125,20.18000030517578,158.1999969482422,245.22000122070312,902.5,138.0,85.83000183105469,115.81999969482422,77.1500015258789,108.91999816894531,24.440000534057617,161.0800018310547,148.85000610351562,33.619998931884766,184.3800048828125,166.9199981689453,413.260009765625,40.470001220703125,116.69000244140625,71.41000366210938,40.7599983215332,48.93000030517578,140.7899932861328,107.41999816894531,191.00999450683594,91.87000274658203,286.0899963378906,651.4600219726562,184.02000427246094,38.81999969482422,49.150001525878906,66.72000122070312,88.06999969482422,134.13999938964844,29.950000762939453,108.54000091552734,531.4500122070312,19.549999237060547,155.02000427246094,238.42999267578125,882.1199951171875,133.0,83.79000091552734,112.02999877929688,73.5,104.08000183105469,23.979999542236328,156.6999969482422,143.8800048828125,32.630001068115234,176.77000427246094,161.75,401.0,39.279998779296875,112.2300033569336,69.33000183105469,39.755001068115234,47.5,138.25999450683594,104.1500015258789,194.49000549316406,92.80999755859375,289.44000244140625,657.5900268554688,185.89999389648438,39.36000061035156,50.189998626708984,67.51000213623047,90.7300033569336,138.0,30.760000228881836,112.0,535.760009765625,19.709999084472656,158.1999969482422,241.2100067138672,888.2000122070312,135.64999389648438,85.2699966430664,113.11000061035156,73.62000274658203,104.47000122070312,24.200000762939453,157.88999938964844,145.1999969482422,33.439998626708984,178.0,163.5399932861328,409.0299987792969,39.72999954223633,113.19000244140625,69.66999816894531,40.70000076293945,48.150001525878906,139.5500030517578,107.41999816894531,8400700,29730700,2612300,1042100,22768900,40994600,15951600,15756500,8415300,13858000,7573400,5383300,2438300,68297300,9598200,12991700,4374100,2549300,13825100,6502400,19779300,235044600,53941700,2113600,10851900,21855700,3580500,10073000,9192800,10563200,3854300,23953000,37814200,33759900,6827800,20379300
2025-05-01,187.24008178710938,96.6500015258789,273.0857238769531,661.535888671875,195.74398803710938,39.28636169433594,47.249061584472656,66.10084533691406,87.00133514404297,129.2086639404297,30.373380661010742,107.83677673339844,542.5892333984375,19.979999542236328,150.27310180664062,242.18006896972656,786.908935546875,134.31546020507812,80.34146881103516,114.00823974609375,77.58428955078125,111.58370208740234,21.948257446289062,155.7508087158203,132.11448669433594,32.73924255371094,182.42440795898438,170.60694885253906,389.6913757324219,38.851654052734375,111.07173156738281,69.88475036621094,39.1433219909668,48.00865173339844,134.24581909179688,101.5767593383789,193.33999633789062,96.6500015258789,283.7799987792969,666.719970703125,197.3300018310547,40.16999816894531,49.61000061035156,68.13999938964844,90.6500015258789,136.25999450683594,31.15999984741211,111.68000030517578,553.8300170898438,19.979999542236328,154.4600067138672,246.88999938964844,794.0999755859375,137.72000122070312,83.26000213623047,116.76000213623047,77.7699966430664,111.61000061035156,23.93000030517578,160.99000549316406,135.2100067138672,33.7400016784668,183.58999633789062,172.72000122070312,400.67999267578125,40.5,114.87999725341797,71.80999755859375,40.400001525878906,48.75,136.63999938964844,105.77999877929688,195.82000732421875,100.0999984741211,287.8800048828125,675.1500244140625,201.39999389648438,40.439998626708984,50.18000030517578,68.9000015258789,91.37999725341797,137.9499969482422,31.770000457763672,113.30000305175781,558.3499755859375,20.649999618530273,155.08999633789062,248.4499969482422,850.9299926757812,141.38999938964844,84.58000183105469,117.81999969482422,79.88999938964844,114.94000244140625,24.329999923706055,162.5800018310547,138.9600067138672,34.2400016784668,187.35000610351562,174.77999877929688,411.989990234375,40.90999984741211,118.94000244140625,72.47000122070312,40.93000030517578,49.06999969482422,139.11000061035156,106.91999816894531,189.8000030517578,96.44999694824219,282.07000732421875,662.4600219726562,196.24000549316406,39.58000183105469,48.689998626708984,67.88999938964844,88.25,135.1199951171875,30.270000457763672,109.2699966430664,545.5,19.940000534057617,153.36000061035156,242.1699981689453,792.0700073242188,136.8000030517578,83.16999816894531,114.66999816894531,77.63999938964844,111.30000305175781,23.799999237060547,158.9199981689453,134.8699951171875,33.11000061035156,183.47000122070312,170.9499969482422,399.8599853515625,39.9900016784668,114.30000305175781,70.43000030517578,39.91999816894531,48.439998626708984,136.47000122070312,104.9800033569336,192.8800048828125,99.2699966430664,287.0400085449219,675.1500244140625,198.13999938964844,39.81999969482422,49.56999969482422,68.20999908447266,88.43000030517578,135.4199981689453,30.31999969482422,109.54000091552734,548.0999755859375,20.219999313354492,155.0,242.83999633789062,844.0,138.2899932861328,84.51000213623047,115.54000091552734,79.4000015258789,113.08000183105469,24.299999237060547,159.92999267578125,138.7899932861328,33.20000076293945,186.0,172.8000030517578,411.32000732421875,40.15999984741211,116.61000061035156,70.76000213623047,39.91999816894531,48.58000183105469,138.80999755859375,105.0999984741211,5823600,29591500,2942700,1066300,24939700,33569100,17163100,9682300,8027600,10199800,8236100,4603700,2583000,72607500,7325800,8689600,12601100,2053400,10036400,7743600,15349200,236121500,46891700,1996700,22836600,18079800,3997600,22670600,9316800,7192000,3995900,19672500,36314400,34420200,10363200,18610300
2025-05-02,192.2082061767578,98.80000305175781,270.6221923828125,684.9622802734375,202.0032501220703,40.166561126708984,48.16337203979492,68.47753143310547,87.73075866699219,131.33274841308594,30.64631462097168,107.04499053955078,554.610107421875,20.6200008392334,151.8881072998047,247.69285583496094,816.16162109375,138.05075073242188,80.2642822265625,117.3866958618164,80.52725219726562,114.47303009033203,22.195899963378906,160.15272521972656,136.60914611816406,33.69987869262695,188.8235321044922,177.08668518066406,388.9522399902344,39.78217697143555,114.98748779296875,71.82140350341797,39.71497344970703,49.003292083740234,136.1027069091797,101.98966979980469,198.47000122070312,98.80000305175781,281.2200012207031,690.3300170898438,203.63999938964844,41.06999969482422,50.56999969482422,70.58999633789062,91.41000366210938,138.5,31.440000534057617,110.86000061035156,566.0999755859375,20.6200008392334,156.1199951171875,252.50999450683594,823.6199951171875,141.5500030517578,83.18000030517578,120.22000122070312,80.72000122070312,114.5,24.200000762939453,165.5399932861328,139.80999755859375,34.72999954223633,190.02999877929688,179.27999877929688,399.9200134277344,41.470001220703125,118.93000030517578,73.80000305175781,40.9900016784668,49.7599983215332,138.52999877929688,106.20999908447266,198.97999572753906,99.87999725341797,291.6099853515625,695.0,205.67999267578125,41.22999954223633,50.650001525878906,70.83000183105469,92.44000244140625,139.77999877929688,31.860000610351562,112.13999938964844,569.780029296875,20.780000686645508,156.72000122070312,253.6199951171875,831.530029296875,142.1699981689453,84.70999908447266,120.51000213623047,81.66999816894531,115.4000015258789,24.299999237060547,165.89999389648438,141.41000366210938,34.7599983215332,191.8699951171875,180.64999389648438,402.0,41.599998474121094,119.41999816894531,74.16000366210938,41.19499969482422,49.939998626708984,139.00999450683594,109.0,194.6300048828125,98.30000305175781,275.20001220703125,685.5999755859375,201.0800018310547,40.70000076293945,49.68000030517578,69.36000061035156,89.69999694824219,135.2899932861328,30.979999542236328,108.01000213623047,559.7000122070312,20.209999084472656,155.0399932861328,249.4600067138672,807.5900268554688,137.3000030517578,82.94999694824219,118.45999908447266,79.0999984741211,113.37000274658203,23.969999313354492,163.11000061035156,137.2899932861328,33.810001373291016,187.8300018310547,177.13999938964844,393.1099853515625,40.75,114.76000213623047,72.87000274658203,40.15999984741211,49.33000183105469,137.5500030517578,104.55000305175781,195.1699981689453,98.4000015258789,291.5,686.3200073242188,203.89999389648438,40.90999984741211,50.11000061035156,69.58000183105469,91.76000213623047,137.8800048828125,31.65999984741211,111.12000274658203,561.5800170898438,20.260000228881836,156.07000732421875,251.25999450683594,825.1199951171875,139.85000610351562,84.19000244140625,119.30000305175781,79.58000183105469,114.18000030517578,24.280000686645508,163.16000366210938,137.85000610351562,34.209999084472656,187.9499969482422,179.8000030517578,399.9599914550781,40.83000183105469,116.54000091552734,73.0,40.88999938964844,49.4900016784668,138.7899932861328,107.72000122070312,6424800,29957900,4537000,1215500,17766800,41613000,14167200,13291200,6895400,12393200,6604300,6415000,2883000,63298500,5974500,7165000,6059400,1944500,11755600,6894400,18899700,190194800,41685800,1764800,13185600,13305000,4581400,21691200,11392900,9089500,2600500,18347400,32038800,35032100,9777000,16581900
2025-05-05,189.8839569091797,100.58999633789062,269.50592041015625,678.0465087890625,199.1067352294922,40.2154655456543,47.677650451660156,68.68287658691406,84.08369445800781,128.48797607421875,29.847015380859375,104.7855224609375,548.202880859375,20.270000457763672,150.7984619140625,247.74192810058594,814.021240234375,139.78675842285156,79.93618774414062,116.78128814697266,80.22795867919922,113.79318237304688,21.89322853088379,160.30751037597656,136.24765014648438,32.758644104003906,187.372802734375,174.24192810058594,393.7080993652344,39.7725830078125,115.38388061523438,71.87005615234375,38.99798583984375,48.68815994262695,135.7195281982422,99.16648864746094,196.07000732421875,100.58999633789062,280.05999755859375,683.3599853515625,200.72000122070312,41.119998931884766,50.060001373291016,70.23999786376953,87.61000061035156,135.5,30.6200008392334,108.5199966430664,559.5599975585938,20.270000457763672,155.0,252.55999755859375,821.4600219726562,143.3300018310547,82.83999633789062,119.5999984741211,80.41999816894531,113.81999969482422,23.8700008392334,165.6999969482422,139.44000244140625,33.7599983215332,188.57000732421875,176.39999389648438,404.80999755859375,41.459999084472656,119.33999633789062,73.8499984741211,40.25,49.439998626708984,138.13999938964844,103.2699966430664,198.5,102.05000305175781,281.9700012207031,690.4199829101562,203.22999572753906,41.4900016784668,50.599998474121094,70.94000244140625,89.80999755859375,137.0,31.219999313354492,109.25,566.5599975585938,20.579999923706055,156.7899932861328,255.16000366210938,829.6400146484375,144.67999267578125,83.58000183105469,120.87000274658203,81.1500015258789,114.66999816894531,24.25,167.36000061035156,140.77000427246094,34.310001373291016,190.4600067138672,180.0800018310547,409.70001220703125,42.02000045776367,120.97000122070312,74.88999938964844,40.529998779296875,49.83000183105469,138.67999267578125,104.66000366210938,195.02999877929688,98.76000213623047,276.0899963378906,682.72998046875,200.0,40.619998931884766,49.34000015258789,69.23999786376953,87.55000305175781,135.17999267578125,30.450000762939453,107.0199966430664,557.5,20.239999771118164,154.72999572753906,250.58999633789062,812.030029296875,140.36000061035156,81.91000366210938,118.38999938964844,79.05000305175781,112.66000366210938,23.850000381469727,163.32000732421875,138.2899932861328,33.720001220703125,187.92999267578125,176.25,397.5899963378906,40.939998626708984,117.25,73.04000091552734,40.025001525878906,49.099998474121094,137.5800018310547,103.06999969482422,198.47000122070312,99.0,281.57000732421875,685.0,200.25,40.849998474121094,50.470001220703125,69.27999877929688,89.80999755859375,136.77000427246094,30.799999237060547,108.86000061035156,558.3599853515625,20.389999389648438,156.6699981689453,251.17999267578125,817.0,141.22999572753906,83.2300033569336,118.73999786376953,79.41000366210938,112.91000366210938,24.200000762939453,163.3699951171875,138.3000030517578,33.90999984741211,188.19000244140625,179.0,399.1199951171875,41.0,118.06999969482422,73.3499984741211,40.474998474121094,49.34000015258789,138.25,104.6500015258789,5121500,41268900,2781400,903700,14025400,32829200,12394600,10318500,9275000,9665000,9983400,5226300,2197200,44237000,5464100,5450700,2889600,3427400,8688000,6540300,12513600,133163200,40811800,2761200,7165300,17270700,3323200,14618900,8157200,5230500,3776800,16070400,29530200,24139900,5479700,19624000
2025-05-06,181.245361328125,98.62000274658203,260.2484436035156,674.7026977539062,198.48178100585938,39.94162368774414,45.30614471435547,67.92994689941406,84.10289764404297,128.5828399658203,29.817773818969727,104.9786376953125,538.2098388671875,19.940000534057617,150.2828369140625,244.49505615234375,768.1008911132812,140.97659301757812,76.26939392089844,115.54122924804688,80.31776428222656,113.51325988769531,20.985212326049805,158.20814514160156,136.69708251953125,32.583988189697266,185.58424377441406,170.17233276367188,383.6905822753906,39.3121223449707,113.1214599609375,71.5099868774414,39.00767135620117,48.41241455078125,131.97628784179688,100.54927062988281,187.14999389648438,98.62000274658203,270.44000244140625,679.989990234375,200.08999633789062,40.84000015258789,47.56999969482422,69.47000122070312,87.62999725341797,135.60000610351562,30.59000015258789,108.72000122070312,549.3599853515625,19.940000534057617,154.47000122070312,249.25,775.1199951171875,144.5500030517578,79.04000091552734,118.33000183105469,80.51000213623047,113.54000091552734,22.8799991607666,163.52999877929688,139.89999389648438,33.58000183105469,186.77000427246094,172.27999877929688,394.510009765625,40.97999954223633,117.0,73.4800033569336,40.2599983215332,49.15999984741211,134.3300018310547,104.70999908447266,195.82000732421875,100.06999969482422,277.6099853515625,686.3699951171875,201.91000366210938,41.27000045776367,49.79999923706055,70.2699966430664,89.56999969482422,137.30999755859375,31.239999771118164,110.2300033569336,557.4400024414062,20.1200008392334,155.89999389648438,252.64999389648438,818.4199829101562,146.35000610351562,82.4800033569336,119.1500015258789,81.22000122070312,114.73999786376953,23.889999389648438,165.63999938964844,140.8000030517578,34.31999969482422,188.25,174.74000549316406,404.7200012207031,41.400001525878906,120.75,74.19000244140625,40.61000061035156,49.560001373291016,137.19000244140625,105.9800033569336,185.74000549316406,97.44000244140625,268.80999755859375,675.5,195.94000244140625,40.560001373291016,47.400001525878906,69.16999816894531,87.58000183105469,135.0399932861328,30.520000457763672,107.88999938964844,547.0599975585938,19.770000457763672,153.69000244140625,249.0,770.3499755859375,141.91000366210938,78.29000091552734,117.20999908447266,78.54000091552734,110.81999969482422,22.850000381469727,163.4499969482422,137.4600067138672,33.43000030517578,184.27000427246094,170.58999633789062,393.4200134277344,40.88999938964844,116.97000122070312,72.55999755859375,40.03499984741211,48.970001220703125,133.97000122070312,103.4800033569336,195.5,98.41000366210938,277.0899963378906,676.3099975585938,196.44000244140625,40.650001525878906,49.7400016784668,69.44999694824219,88.5199966430664,136.35000610351562,30.93000030517578,109.48999786376953,549.5999755859375,19.920000076293945,154.82000732421875,250.0,816.8900146484375,144.72000122070312,82.47000122070312,117.80999755859375,79.04000091552734,111.4800033569336,23.829999923706055,164.2899932861328,137.82000732421875,34.099998474121094,185.25999450683594,172.60000610351562,402.79998779296875,40.97999954223633,120.18000030517578,73.13999938964844,40.43000030517578,49.0,137.1300048828125,103.88999938964844,9392000,54264300,3253400,765100,16348800,29541800,18517500,7744300,8902400,9916200,9491100,4505000,2902500,51330800,8644200,6369900,5982000,3304000,16991100,5739600,13173800,158525600,60872600,1880000,6957900,17481500,2844600,14565600,7858600,5271100,3051600,18095100,22995400,28949100,11625900,16303400
2025-05-07,182.1557159423828,100.36000061035156,265.4449462890625,694.9441528320312,203.16384887695312,40.02964782714844,45.35376739501953,68.6926498413086,84.17967224121094,128.76296997070312,29.525344848632812,104.25444793701172,540.7179565429688,20.309999465942383,153.0361328125,244.63238525390625,769.6864013671875,141.11314392089844,76.34659576416016,116.29307556152344,82.42271423339844,117.03242492675781,20.902666091918945,158.64349365234375,140.99636840820312,32.50635528564453,188.83346557617188,172.40467834472656,380.3351745605469,39.61909866333008,113.07311248779297,71.21802520751953,39.02220916748047,48.6980094909668,132.98825073242188,100.4532470703125,188.08999633789062,100.36000061035156,275.8399963378906,700.3900146484375,204.80999755859375,40.93000030517578,47.619998931884766,70.25,87.70999908447266,135.7899932861328,30.290000915527344,107.97000122070312,551.9199829101562,20.309999465942383,157.3000030517578,249.38999938964844,776.719970703125,144.69000244140625,79.12000274658203,119.0999984741211,82.62000274658203,117.05999755859375,22.790000915527344,163.97999572753906,144.3000030517578,33.5,190.0399932861328,174.5399932861328,391.05999755859375,41.29999923706055,116.94999694824219,73.18000030517578,40.275001525878906,49.45000076293945,135.36000061035156,104.61000061035156,190.17999267578125,103.41999816894531,276.67999267578125,701.9600219726562,206.22999572753906,41.34000015258789,48.189998626708984,70.69000244140625,88.31999969482422,136.3000030517578,30.81999969482422,109.33999633789062,555.3800048828125,20.3700008392334,157.94000244140625,252.4499969482422,784.3400268554688,146.0399932861328,79.9000015258789,120.0,82.87000274658203,117.68000030517578,23.09000015258789,165.7899932861328,144.6999969482422,33.7400016784668,190.5800018310547,175.97999572753906,395.5199890136719,41.68000030517578,117.97000122070312,74.30000305175781,40.47999954223633,49.720001220703125,135.75,105.29000091552734,186.75,96.87999725341797,270.44000244140625,683.4600219726562,198.42999267578125,40.86000061035156,47.279998779296875,69.6500015258789,86.87999725341797,134.6199951171875,29.700000762939453,107.05999755859375,547.739990234375,19.81999969482422,154.5,248.8300018310547,772.260009765625,142.72999572753906,78.76000213623047,118.19999694824219,80.19999694824219,112.27999877929688,22.719999313354492,163.30999755859375,140.25,33.22999954223633,184.80999755859375,171.3699951171875,385.70001220703125,41.130001068115234,115.6500015258789,72.9800033569336,39.970001220703125,49.2599983215332,134.39999389648438,104.06999969482422,188.1699981689453,100.75,272.0299987792969,685.780029296875,199.2899932861328,41.040000915527344,47.779998779296875,69.75,88.19999694824219,136.07000732421875,30.40999984741211,109.33999633789062,550.2100219726562,19.969999313354492,154.74000549316406,249.85000610351562,780.5,145.19000244140625,79.62000274658203,118.33000183105469,80.98999786376953,113.05000305175781,22.989999771118164,164.97999572753906,140.3800048828125,33.560001373291016,186.5800018310547,174.10000610351562,395.3500061035156,41.25,117.0,73.5999984741211,40.349998474121094,49.31999969482422,134.75,104.98999786376953,5771700,86474400,2363400,1041400,20253700,30925900,15921800,11619200,9200900,8422100,13900500,4013500,1954900,61002600,7853100,8724100,3807800,3135200,12216900,4680600,14889700,206758800,48270500,2094400,10196400,12123400,3001100,9682500,8517200,8325800,2500000,14310300,22446200,30070100,6417500,12332200
2025-05-08,179.7248992919922,101.69999694824219,261.7977294921875,702.5247192382812,206.10006713867188,40.68490219116211,44.648983001708984,70.05184173583984,85.24500274658203,129.9482879638672,31.123945236206055,105.9345703125,554.21826171875,21.0,151.44058227539062,248.63455200195312,744.6452026367188,146.2626190185547,74.9281234741211,119.00755310058594,84.94667053222656,117.34235382080078,21.067760467529297,161.3040008544922,141.778076171875,33.302040100097656,190.5226593017578,173.0763702392578,374.9762878417969,40.42490768432617,117.69466400146484,71.34452819824219,39.53572463989258,49.10177230834961,131.78961181640625,101.85523223876953,185.5800018310547,101.69999694824219,272.04998779296875,708.030029296875,207.77000427246094,41.599998474121094,46.880001068115234,71.63999938964844,88.81999969482422,137.0399932861328,31.93000030517578,109.70999908447266,565.7000122070312,21.0,155.66000366210938,253.47000122070312,751.4500122070312,149.97000122070312,77.6500015258789,121.87999725341797,85.1500015258789,117.37000274658203,22.969999313354492,166.72999572753906,145.10000610351562,34.31999969482422,191.74000549316406,175.22000122070312,385.54998779296875,42.13999938964844,121.7300033569336,73.30999755859375,40.80500030517578,49.86000061035156,134.13999938964844,106.06999969482422,186.66000366210938,105.44000244140625,274.7799987792969,716.8099975585938,211.16000366210938,42.150001525878906,47.400001525878906,72.23999786376953,92.26000213623047,138.88999938964844,32.290000915527344,112.12000274658203,572.1599731445312,21.239999771118164,157.02999877929688,255.8800048828125,769.97998046875,151.75,78.80000305175781,123.26000213623047,86.20999908447266,118.68000030517578,23.09000015258789,168.24000549316406,147.5,34.9900016784668,195.0399932861328,177.4499969482422,390.9200134277344,42.349998474121094,122.94999694824219,73.98999786376953,41.36000061035156,50.369998931884766,135.3300018310547,107.38999938964844,181.63999938964844,101.55999755859375,266.0199890136719,705.7000122070312,203.69000244140625,41.25,46.52000045776367,70.94999694824219,88.69000244140625,136.47000122070312,30.75,108.61000061035156,558.2100219726562,20.639999389648438,154.77999877929688,251.5500030517578,739.0800170898438,145.27999877929688,76.93000030517578,119.98999786376953,83.36000061035156,115.8499984741211,22.510000228881836,165.32000732421875,143.88999938964844,33.90999984741211,190.47000122070312,173.66000366210938,385.3699951171875,41.5,117.70999908447266,72.62999725341797,40.58000183105469,49.72999954223633,133.69000244140625,105.33999633789062,184.1300048828125,101.91999816894531,269.45001220703125,711.1199951171875,208.0,41.290000915527344,47.0,71.0,89.36000061035156,136.69000244140625,30.8700008392334,109.04000091552734,558.8200073242188,21.010000228881836,155.82000732421875,251.57000732421875,765.0,145.27999877929688,78.5,119.98999786376953,84.25,118.25,22.81999969482422,165.32000732421875,145.63999938964844,34.0,192.50999450683594,175.33999633789062,390.0,41.779998779296875,118.02999877929688,73.69000244140625,40.64500045776367,49.84000015258789,134.41000366210938,105.33999633789062,8816700,54231400,3618000,1040500,18460900,41861700,23404000,12698400,15884200,8669300,10247500,6135400,1994600,71651700,7606100,8320100,6162000,2643800,15059100,6449300,17580500,198428100,55669800,1409900,8489100,14025400,3457700,10343000,7218300,8840400,3289400,19957500,30565800,31294200,10558100,19196500
2025-05-09,178.77581787109375,102.83999633789062,255.84100341796875,700.7188720703125,206.526611328125,40.8707275390625,44.23944854736328,69.86605072021484,85.02425384521484,131.32327270507812,31.708797454833984,107.29605865478516,555.5899047851562,21.420000076293945,150.03961181640625,248.2519989013672,727.9180297851562,147.15988159179688,73.30701446533203,118.83180236816406,85.65497589111328,116.62252044677734,20.824743270874023,161.0234375,141.85621643066406,33.525211334228516,192.7086944580078,174.36045837402344,370.20098876953125,40.30978775024414,118.8548812866211,70.8944091796875,39.93296813964844,49.10177230834961,130.35519409179688,103.04595947265625,184.60000610351562,102.83999633789062,265.8599853515625,706.2100219726562,208.1999969482422,41.790000915527344,46.45000076293945,71.44999694824219,88.58999633789062,138.49000549316406,32.529998779296875,111.12000274658203,567.0999755859375,21.420000076293945,154.22000122070312,253.0800018310547,734.5700073242188,150.88999938964844,75.97000122070312,121.69999694824219,85.86000061035156,116.6500015258789,22.280000686645508,166.44000244140625,145.17999267578125,34.54999923706055,193.94000244140625,176.52000427246094,380.6400146484375,42.02000045776367,122.93000030517578,72.44999694824219,41.21500015258789,49.86000061035156,132.67999267578125,107.30999755859375,189.77000427246094,103.54000091552734,273.4800109863281,710.510009765625,209.9600067138672,41.97999954223633,47.119998931884766,72.26000213623047,91.06999969482422,139.3699951171875,32.790000915527344,111.1500015258789,572.0999755859375,21.450000762939453,156.05999755859375,255.50999450683594,762.010009765625,152.32000732421875,78.44999694824219,123.2300033569336,86.2699966430664,118.2300033569336,22.600000381469727,167.49000549316406,146.97999572753906,34.97999954223633,195.6300048828125,180.4600067138672,386.54998779296875,42.279998779296875,123.72000122070312,73.23999786376953,41.41999816894531,50.040000915527344,134.77000427246094,107.75,184.22999572753906,101.5999984741211,265.6600036621094,703.9000244140625,206.52000427246094,41.689998626708984,46.31999969482422,71.29000091552734,88.30000305175781,137.6999969482422,32.040000915527344,109.5199966430664,565.780029296875,20.829999923706055,153.80999755859375,252.33999633789062,733.0,149.64999389648438,75.81999969482422,121.47000122070312,84.68000030517578,115.20999908447266,22.260000228881836,166.02000427246094,144.60000610351562,34.349998474121094,192.27999877929688,176.47000122070312,378.5400085449219,41.81999969482422,121.41000366210938,72.02999877929688,40.880001068115234,49.720001220703125,132.6199951171875,106.37999725341797,185.75,102.58999633789062,270.6600036621094,709.2100219726562,209.3300018310547,41.72999954223633,46.900001525878906,72.04000091552734,90.88999938964844,138.89999389648438,32.540000915527344,110.4800033569336,570.25,21.200000762939453,155.4199981689453,254.5,752.010009765625,151.7899932861328,77.95999908447266,122.48999786376953,85.56999969482422,117.3499984741211,22.510000228881836,166.7899932861328,145.66000366210938,34.7599983215332,194.47999572753906,179.8000030517578,385.6700134277344,42.13999938964844,123.23999786376953,73.13999938964844,41.29999923706055,49.959999084472656,134.30999755859375,107.13999938964844,7806100,31704300,3328900,884000,13289200,27222800,14915400,8941900,7569300,5965700,6843400,4079900,1522500,51768600,6520400,5087600,4072600,1567500,15614500,4240100,13017600,132972200,39059800,1671300,6217100,7407200,2808500,11582800,8381100,6997700,2167300,11136900,19993200,22075000,7555200,10992100
2025-05-12,184.07325744628906,108.12000274658203,264.4056091308594,744.3668212890625,219.799072265625,42.406192779541016,45.887115478515625,73.24935150146484,88.55612182617188,134.29127502441406,32.70304489135742,110.13487243652344,579.3379516601562,22.18000030517578,149.96177673339844,255.08901977539062,748.7279052734375,154.23062133789062,77.61067199707031,124.06547546386719,92.06962585449219,122.97102355957031,21.58183479309082,169.30487060546875,148.63731384277344,34.786651611328125,206.55026245117188,184.69247436523438,368.36279296875,42.21879959106445,126.16427612304688,73.2722396850586,40.97452926635742,50.096412658691406,133.57772827148438,104.82246398925781,190.07000732421875,108.12000274658203,274.760009765625,750.2000122070312,221.5800018310547,43.36000061035156,48.18000030517578,74.91000366210938,92.2699966430664,141.6199951171875,33.54999923706055,114.05999755859375,591.3400268554688,22.18000030517578,154.13999938964844,260.04998779296875,755.5700073242188,158.13999938964844,80.43000030517578,127.05999755859375,92.29000091552734,123.0,23.09000015258789,175.0,152.1199951171875,35.849998474121094,207.8699951171875,186.97999572753906,378.75,44.0099983215332,130.49000549316406,74.87999725341797,42.290000915527344,50.869998931884766,135.9600067138672,109.16000366210938,192.69000244140625,110.66999816894531,276.0899963378906,750.52001953125,221.8000030517578,43.959999084472656,48.41999816894531,75.6500015258789,94.22000122070312,143.7100067138672,34.650001525878906,117.16999816894531,603.3699951171875,22.670000076293945,155.36000061035156,263.6000061035156,765.3300170898438,161.38999938964844,81.2699966430664,129.1999969482422,94.19999694824219,123.0,23.149999618530273,176.24000549316406,154.36000061035156,36.869998931884766,209.38999938964844,189.1699981689453,387.2099914550781,44.36000061035156,131.7899932861328,75.25,42.935001373291016,51.20000076293945,136.1300048828125,110.44000244140625,180.0,106.9800033569336,262.989990234375,729.3800048828125,215.8800048828125,42.939998626708984,45.5,74.29000091552734,92.08999633789062,140.57000732421875,33.349998474121094,113.95999908447266,588.0800170898438,21.8799991607666,151.17999267578125,258.70001220703125,722.1799926757812,156.2100067138672,75.83000183105469,126.44000244140625,91.94999694824219,120.27999877929688,22.18000030517578,172.69000244140625,149.8300018310547,35.65999984741211,204.99000549316406,184.61000061035156,376.8399963378906,43.720001220703125,128.49000549316406,74.06999969482422,41.97999954223633,50.54999923706055,132.63999938964844,108.31999969482422,180.0,110.41999816894531,266.4700012207031,730.4199829101562,219.49000549316406,43.31999969482422,46.20000076293945,74.5999984741211,93.38999938964844,142.4499969482422,34.20000076293945,116.05000305175781,596.260009765625,22.18000030517578,152.02000427246094,262.8999938964844,727.8699951171875,158.9600067138672,75.91999816894531,127.41999816894531,92.80999755859375,121.97000122070312,22.229999542236328,173.38999938964844,154.0800018310547,35.959999084472656,206.8000030517578,187.27999877929688,381.0,43.90999984741211,128.49000549316406,74.98999786376953,42.7400016784668,51.11000061035156,132.8800048828125,110.2699966430664,12792700,50543400,4216800,2571500,25437700,44875100,25598900,18464100,8799600,8028200,8035600,3983600,3527700,94578700,9023800,9603900,9176100,3419100,21761100,9162100,27765300,225023300,77480900,3439900,11414600,12104300,10675600,22064900,11004800,12301800,4135300,20425500,32610000,44274100,15211100,14244600
2025-05-13,182.0685577392578,112.45999908447266,260.2580871582031,757.9602661132812,230.55194091796875,43.30595016479492,44.37278366088867,73.89472198486328,90.37965393066406,134.98350524902344,33.42436599731445,112.63574981689453,591.5548095703125,22.559999465942383,144.41629028320312,257.9925537109375,739.3040161132812,158.814453125,73.9438705444336,126.301513671875,96.69853973388672,129.89938354492188,21.376205444335938,171.75253295898438,147.87518310546875,35.0389404296875,212.40286254882812,191.61672973632812,302.84039306640625,42.56414794921875,130.63113403320312,74.35840606689453,41.55101776123047,50.30322265625,129.5594024658203,105.11053466796875,188.0,112.45999908447266,270.45001220703125,763.9000244140625,232.4199981689453,44.279998779296875,46.59000015258789,75.56999969482422,94.16999816894531,142.35000610351562,34.290000915527344,116.6500015258789,603.8099975585938,22.559999465942383,148.44000244140625,263.010009765625,746.0599975585938,162.83999633789062,76.62999725341797,129.35000610351562,96.93000030517578,129.92999267578125,22.8700008392334,177.52999877929688,151.33999633789062,36.11000061035156,213.75999450683594,193.99000549316406,311.3800048828125,44.369998931884766,135.11000061035156,75.98999786376953,42.8849983215332,51.08000183105469,131.8699951171875,109.45999908447266,189.75999450683594,113.12999725341797,273.9200134277344,764.8699951171875,235.27999877929688,44.4900016784668,47.630001068115234,76.2699966430664,95.08000183105469,143.22999572753906,34.599998474121094,117.7699966430664,607.7100219726562,22.8799991607666,151.6999969482422,263.6700134277344,759.5,164.86000061035156,78.55000305175781,130.11000061035156,97.41000366210938,131.22000122070312,22.979999542236328,178.17999267578125,153.2899932861328,36.439998626708984,214.82000732421875,194.27999877929688,342.0,44.5,136.72000122070312,76.58000183105469,43.224998474121094,51.31999969482422,133.94000244140625,110.51000213623047,185.41000366210938,109.0,268.5299987792969,744.5399780273438,222.0,43.41999816894531,46.5099983215332,75.02999877929688,92.29000091552734,140.9199981689453,33.599998474121094,113.97000122070312,593.0599975585938,22.299999237060547,148.0800018310547,260.3900146484375,740.8499755859375,157.7100067138672,76.55999755859375,127.2300033569336,92.55000305175781,124.47000122070312,22.489999771118164,174.5399932861328,150.9600067138672,35.7599983215332,208.41000366210938,187.72000122070312,309.1000061035156,43.810001373291016,131.7100067138672,74.97000122070312,42.33000183105469,50.90999984741211,131.8300018310547,109.0199966430664,189.02999877929688,109.5999984741211,273.8299865722656,745.260009765625,222.0,43.41999816894531,47.29999923706055,75.12999725341797,92.7300033569336,141.52999877929688,33.75,114.62999725341797,593.2999877929688,22.360000610351562,151.6999969482422,261.0299987792969,755.5499877929688,159.24000549316406,76.94999694824219,127.76000213623047,92.55000305175781,124.9800033569336,22.899999618530273,175.64999389648438,152.00999450683594,36.060001373291016,208.6999969482422,187.72000122070312,335.739990234375,44.0,132.6999969482422,75.44000244140625,42.5,51.0,133.94000244140625,109.31999969482422,7523800,55659500,2660700,1815600,28790500,43232500,16888200,12397800,8293600,8536800,7415700,4112800,2765800,76850400,10549600,8589000,4523900,4014500,23353200,6086700,28009100,330430100,41193200,2515400,10160900,9218200,5693600,19996000,59478300,10139300,3391900,13635100,29031600,33986100,17817000,13350800
2025-05-14,171.8417205810547,117.72000122070312,252.3959503173828,762.9312133789062,230.2543487548828,43.755836486816406,42.020328521728516,73.62093353271484,88.84405517578125,134.3386993408203,33.102699279785156,111.61222076416016,599.1866455078125,21.520000457763672,142.39266967773438,260.5724182128906,709.0802001953125,159.47764587402344,70.89463806152344,127.9516830444336,95.09237670898438,135.30810546875,20.581724166870117,172.0621337890625,149.47763061523438,34.9419059753418,213.42633056640625,192.37730407714844,299.5628662109375,42.42984390258789,129.8673095703125,74.64217376708984,41.299110412597656,50.16534423828125,126.51371765136719,104.16946411132812,177.44000244140625,117.72000122070312,262.2799987792969,768.9099731445312,232.1199951171875,44.7400016784668,44.119998931884766,75.29000091552734,92.56999969482422,141.6699981689453,33.959999084472656,115.58999633789062,611.5999755859375,21.520000457763672,146.36000061035156,265.6400146484375,715.5599975585938,163.52000427246094,73.47000122070312,131.0399932861328,95.31999969482422,135.33999633789062,22.020000457763672,177.85000610351562,152.97999572753906,36.0099983215332,214.7899932861328,194.75999450683594,308.010009765625,44.22999954223633,134.32000732421875,76.27999877929688,42.625,50.939998626708984,128.77000427246094,108.4800033569336,187.64999389648438,122.5199966430664,270.3399963378906,773.7000122070312,233.5,44.91999816894531,46.86000061035156,75.86000061035156,93.81999969482422,142.22999572753906,34.20000076293945,116.19999694824219,615.0,22.459999084472656,148.82000732421875,266.6400146484375,759.5,164.5399932861328,77.45999908447266,131.57000732421875,97.6500015258789,135.44000244140625,22.899999618530273,178.5,153.27000427246094,36.34000015258789,216.6999969482422,196.22000122070312,322.94000244140625,44.349998474121094,135.8300018310547,76.48999786376953,42.790000915527344,51.16999816894531,132.5500030517578,108.86000061035156,176.60000610351562,116.58999633789062,261.42999267578125,764.27001953125,228.35000610351562,44.130001068115234,44.0,74.97000122070312,92.37000274658203,140.72999572753906,33.7400016784668,114.5999984741211,602.5,21.459999084472656,146.1199951171875,262.2900085449219,714.030029296875,161.16000366210938,73.31999969482422,129.1300048828125,94.31999969482422,131.67999267578125,21.969999313354492,176.32000732421875,150.42999267578125,35.650001525878906,213.2100067138672,193.22999572753906,307.1099853515625,44.0,132.91000366210938,75.83000183105469,42.459999084472656,50.790000915527344,128.67999267578125,107.93000030517578,186.52000427246094,119.83000183105469,269.8399963378906,765.0,230.22999572753906,44.189998626708984,46.709999084472656,75.62999725341797,93.01000213623047,141.75999450683594,34.04999923706055,115.27999877929688,603.7999877929688,22.350000381469727,148.6699981689453,263.0,749.239990234375,161.36000061035156,77.45999908447266,129.36000061035156,96.30000305175781,133.1999969482422,22.860000610351562,177.0399932861328,151.92999267578125,35.70000076293945,215.2100067138672,195.27999877929688,321.45001220703125,44.220001220703125,132.91000366210938,76.23999786376953,42.599998474121094,51.11000061035156,132.27999877929688,108.86000061035156,12212000,86743700,3933000,1156100,19751400,42419500,21973700,11372000,7605200,6453600,6172200,3878500,2874400,91584800,10216000,8643100,7558500,2291200,23721800,6273400,28044400,281180800,59394000,1990200,6971200,10519500,4162800,12359000,40029600,5877300,2931300,14067100,21332600,38764200,19579500,15494900
2025-05-15,175.9479522705078,114.98999786376953,261.4513244628906,752.4633178710938,230.77017211914062,43.403751373291016,43.629905700683594,74.27606964111328,89.21835327148438,134.89816284179688,32.55683898925781,111.87293243408203,603.3994140625,21.549999237060547,145.5545654296875,262.3870849609375,726.6495971679688,161.20387268066406,72.17802429199219,129.38702392578125,95.22207641601562,134.79823303222656,21.123842239379883,173.61973571777344,149.11611938476562,34.6605110168457,212.0550994873047,191.8439178466797,266.8259582519531,42.765602111816406,130.8824920654297,73.96699523925781,41.4735107421875,50.500179290771484,128.17410278320312,105.22579956054688,181.67999267578125,114.98999786376953,271.69000244140625,758.3599853515625,232.63999938964844,44.380001068115234,45.810001373291016,75.95999908447266,92.95999908447266,142.25999450683594,33.400001525878906,115.86000061035156,615.9000244140625,21.549999237060547,149.61000061035156,267.489990234375,733.2899780273438,165.2899932861328,74.80000305175781,132.50999450683594,95.44999694824219,134.8300018310547,22.600000381469727,179.4600067138672,152.61000061035156,35.720001220703125,213.41000366210938,194.22000122070312,274.3500061035156,44.58000183105469,135.3699951171875,75.58999633789062,42.80500030517578,51.279998779296875,130.4600067138672,108.58000183105469,182.11000061035156,117.5,271.69000244140625,767.0,234.4600067138672,44.97999954223633,45.849998474121094,76.16999816894531,93.08000183105469,142.4600067138672,33.5099983215332,115.9800033569336,619.2100219726562,21.6299991607666,149.64999389648438,269.5199890136719,738.6799926757812,165.52000427246094,74.80999755859375,133.02999877929688,95.61000061035156,136.3000030517578,22.600000381469727,180.07000732421875,153.38999938964844,35.75,215.0,194.49000549316406,276.6499938964844,44.689998626708984,135.52000427246094,76.5199966430664,42.83000183105469,51.36000061035156,130.5399932861328,108.6500015258789,176.57000732421875,114.01000213623047,264.1499938964844,755.2100219726562,228.07000732421875,44.0099983215332,44.41999816894531,74.47000122070312,90.7300033569336,139.50999450683594,32.939998626708984,113.12000274658203,609.72998046875,21.190000534057617,147.3300018310547,264.760009765625,712.2100219726562,160.8800048828125,73.30999755859375,130.02000427246094,92.16999816894531,132.66000366210938,22.09000015258789,177.3000030517578,150.17999267578125,34.9900016784668,210.91000366210938,191.6300048828125,248.8800048828125,44.220001220703125,132.0,75.31999969482422,41.97999954223633,50.83000183105469,127.3499984741211,105.97000122070312,178.02000427246094,117.0199966430664,265.29998779296875,763.6699829101562,230.16000366210938,44.599998474121094,44.70000076293945,74.58999633789062,90.91000366210938,140.0,33.20000076293945,113.91000366210938,609.72998046875,21.229999542236328,148.0,266.9700012207031,725.7000122070312,161.02000427246094,73.7699966430664,130.25999450683594,94.01000213623047,134.2899932861328,22.200000762939453,177.77999877929688,151.7100067138672,35.470001220703125,212.69000244140625,193.10000610351562,274.8999938964844,44.22999954223633,132.4600067138672,76.05999755859375,42.084999084472656,50.869998931884766,128.47000122070312,106.48999786376953,12073300,43843200,3995100,1511000,18803700,47379400,27844400,12627700,6696200,7545400,7155400,3243800,2428100,66705500,7945800,9214600,5212900,2300000,15274800,7209300,24196100,226632600,51800100,2728900,6941200,11998600,4216900,10241800,121849200,6533800,2243800,15303900,29721600,34742500,18792700,15004300
2025-05-16,178.214111328125,117.16999816894531,264.46087646484375,742.2830200195312,226.77256774902344,43.70693588256836,44.525169372558594,74.04139709472656,88.7096939086914,134.74644470214844,32.42036819458008,111.52531433105469,606.4658203125,21.65999984741211,147.22793579101562,262.45574951171875,752.06982421875,160.0628204345703,73.39385223388672,129.06480407714844,97.7659912109375,135.36810302734375,21.338815689086914,173.5810089111328,149.0086212158203,34.70902633666992,211.77687072753906,191.8439178466797,283.90435791015625,43.091758728027344,131.240234375,74.5443344116211,41.4105339050293,50.80546569824219,130.7580108642578,104.84786224365234,184.02000427246094,117.16999816894531,272.4100036621094,748.0999755859375,228.61000061035156,44.689998626708984,46.75,75.72000122070312,92.43000030517578,142.10000610351562,33.2599983215332,115.5,619.030029296875,21.65999984741211,151.3300018310547,267.55999755859375,757.3900146484375,164.1199951171875,76.05999755859375,132.17999267578125,98.0,135.39999389648438,22.829999923706055,179.4199981689453,152.5,35.77000045776367,213.1300048828125,194.22000122070312,291.9100036621094,44.91999816894531,135.74000549316406,76.18000030517578,42.7400016784668,51.59000015258789,133.08999633789062,108.19000244140625,184.07000732421875,118.23999786376953,272.5400085449219,753.4500122070312,232.63999938964844,44.790000915527344,46.79999923706055,75.88999938964844,93.62000274658203,143.0,33.709999084472656,116.70999908447266,620.7899780273438,21.760000228881836,151.5,268.4599914550781,758.8699951171875,165.6999969482422,76.16999816894531,132.97999572753906,98.19000244140625,136.35000610351562,22.850000381469727,180.33999633789062,153.05999755859375,35.810001373291016,213.55999755859375,195.0800018310547,294.489990234375,45.0,136.07000732421875,76.3499984741211,42.92499923706055,51.66999816894531,133.13999938964844,108.88999938964844,180.52000427246094,116.01000213623047,267.7300109863281,742.2100219726562,226.38999938964844,43.65999984741211,45.79999923706055,75.12000274658203,91.51000213623047,140.6999969482422,32.869998931884766,114.87000274658203,613.5599975585938,21.350000381469727,149.22000122070312,264.7099914550781,738.0,162.83999633789062,74.37000274658203,131.7899932861328,95.69999694824219,133.4600067138672,22.450000762939453,178.66000366210938,151.3000030517578,35.15999984741211,210.67999267578125,192.57000732421875,269.1400146484375,44.29999923706055,134.08999633789062,75.37000274658203,42.30500030517578,51.15999984741211,130.30999755859375,107.44999694824219,181.3000030517578,118.06999969482422,270.6600036621094,752.8800048828125,232.32000732421875,44.34000015258789,45.9900016784668,75.37999725341797,93.56999969482422,142.6999969482422,33.619998931884766,116.51000213623047,616.9500122070312,21.530000686645508,149.6699981689453,267.5,740.0,165.6999969482422,74.98999786376953,132.27999877929688,95.9000015258789,136.22000122070312,22.649999618530273,179.13999938964844,152.8699951171875,35.66999816894531,213.55999755859375,194.52999877929688,279.2900085449219,44.61000061035156,135.7100067138672,75.55999755859375,42.900001525878906,51.27000045776367,130.6999969482422,108.6500015258789,6152800,43419700,2589300,1095100,23094600,49488100,12116100,14008700,6696200,8200100,6046000,3406000,2021800,55795100,8051200,8932900,4645100,2836100,15021800,6303800,22609300,226542500,37786800,2215700,6668000,12627000,2521500,9146700,71094300,7369200,2253000,13864600,21725800,53401000,12901800,14042500
2025-05-19,179.85081481933594,114.73999786376953,267.80047607421875,743.3051147460938,228.77633666992188,43.78517532348633,44.97280502319336,74.44229888916016,87.50947570800781,132.92283630371094,31.86475944519043,110.02865600585938,599.8724365234375,21.3799991607666,148.35650634765625,259.826904296875,749.8058471679688,158.258544921875,74.5228500366211,127.75638580322266,98.4144287109375,135.53805541992188,21.49771499633789,172.826416015625,150.18115234375,34.068607330322266,210.5050048828125,191.13270568847656,307.2267150878906,42.96705627441406,129.87698364257812,74.42689514160156,40.872798919677734,50.83501052856445,132.0155792236328,103.18098449707031,185.7100067138672,114.73999786376953,275.8500061035156,749.1300048828125,230.6300048828125,44.77000045776367,47.220001220703125,76.12999725341797,90.41000366210938,138.49000549316406,32.689998626708984,113.94999694824219,612.2999877929688,21.3799991607666,152.49000549316406,264.8800048828125,755.1099853515625,162.27000427246094,77.2300033569336,130.83999633789062,98.6500015258789,135.57000732421875,23.0,178.63999938964844,153.6999969482422,35.11000061035156,211.85000610351562,193.5,315.8900146484375,44.790000915527344,134.3300018310547,76.05999755859375,42.185001373291016,51.619998931884766,134.3699951171875,106.47000122070312,185.8000030517578,115.52999877929688,276.0,750.0,231.25,45.13999938964844,47.27000045776367,76.31999969482422,91.9000015258789,139.52000427246094,32.880001068115234,114.62999725341797,619.3800048828125,21.559999465942383,152.66000366210938,268.32000732421875,758.719970703125,164.0399932861328,77.25,132.1300048828125,99.0199966430664,135.8699951171875,23.030000686645508,179.7100067138672,153.82000732421875,35.470001220703125,212.38999938964844,193.5,316.2900085449219,44.869998931884766,134.99000549316406,76.41000366210938,42.43000030517578,51.77000045776367,134.44000244140625,107.56999969482422,182.50999450683594,114.05999755859375,272.0,737.27001953125,221.60000610351562,44.11000061035156,46.38999938964844,74.79000091552734,90.0,137.1199951171875,32.38999938964844,112.69000244140625,598.3400268554688,21.049999237060547,151.0500030517578,261.92999267578125,747.5599975585938,160.6999969482422,75.69000244140625,129.07000732421875,95.69999694824219,132.38999938964844,22.639999389648438,177.08999633789062,150.11000061035156,34.779998779296875,208.1699981689453,188.80999755859375,297.25,44.310001373291016,132.89999389648438,75.43000030517578,41.875,51.2400016784668,132.64999389648438,105.72000122070312,184.22000122070312,115.0199966430664,272.5799865722656,739.72998046875,221.85000610351562,44.11000061035156,46.599998474121094,75.0,91.75,139.47000122070312,32.75,114.25,609.1900024414062,21.18000030517578,151.88999938964844,265.54998779296875,753.0,162.9600067138672,75.95999908447266,130.3000030517578,95.70999908447266,132.38999938964844,22.739999771118164,177.67999267578125,150.5500030517578,35.380001068115234,208.22000122070312,189.0,304.7699890136719,44.400001525878906,134.02000427246094,75.5999984741211,42.3849983215332,51.31999969482422,133.02000427246094,107.56999969482422,5216700,37737400,2189400,977900,15355500,37915700,10079100,12691700,7190100,7713600,5264600,2864000,2842100,64279100,12639900,12145000,4062700,1987500,11682600,7703500,14380100,193154600,31513700,1530200,7241100,10077300,5334700,10144400,62524700,5717500,2282800,12720500,24787000,26348400,11645200,16802700
2025-05-20,179.01792907714844,113.51000213623047,266.9850158691406,742.93798828125,229.81788635253906,43.70693588256836,45.59186935424805,74.21739959716797,86.81257629394531,131.7518768310547,31.35788345336914,108.70580291748047,594.2098388671875,21.270000457763672,149.49478149414062,260.6116027832031,741.7628173828125,157.53683471679688,75.23690032958984,126.08670806884766,97.86573791503906,134.34835815429688,21.983749389648438,171.7041473388672,150.2984161376953,33.54461669921875,210.19696044921875,191.0833282470703,312.7606506347656,42.60251998901367,128.91168212890625,73.89849090576172,40.49492263793945,50.559268951416016,132.33981323242188,101.70793151855469,184.85000610351562,113.51000213623047,275.010009765625,748.760009765625,231.67999267578125,44.689998626708984,47.869998931884766,75.9000015258789,89.69000244140625,137.27000427246094,32.16999816894531,112.58000183105469,606.52001953125,21.270000457763672,153.66000366210938,265.67999267578125,747.010009765625,161.52999877929688,77.97000122070312,129.1300048828125,98.0999984741211,134.3800048828125,23.520000457763672,177.47999572753906,153.82000732421875,34.56999969482422,211.5399932861328,193.4499969482422,321.5799865722656,44.40999984741211,132.2100067138672,75.5199966430664,41.79499816894531,51.34000015258789,134.6999969482422,104.94999694824219,186.0,114.51000213623047,276.8999938964844,748.97998046875,231.77000427246094,44.90999984741211,48.2599983215332,76.05000305175781,90.43000030517578,138.75,32.7400016784668,114.31999969482422,611.5499877929688,21.40999984741211,154.0399932861328,266.6600036621094,763.5,163.33999633789062,79.18000030517578,130.38999938964844,98.62999725341797,134.5800018310547,23.700000762939453,178.6199951171875,153.88999938964844,35.06999969482422,211.6199951171875,193.72999572753906,324.6400146484375,44.720001220703125,133.50999450683594,75.87000274658203,42.25,51.52000045776367,135.08999633789062,106.72000122070312,183.63999938964844,112.08000183105469,274.2799987792969,741.2999877929688,226.33999633789062,44.40999984741211,47.470001220703125,75.41999816894531,89.22000122070312,137.02999877929688,32.130001068115234,112.43000030517578,603.010009765625,21.1200008392334,152.1199951171875,262.29998779296875,743.0,161.13999938964844,77.41999816894531,128.1199951171875,96.97000122070312,132.6199951171875,23.15999984741211,176.8800048828125,151.92999267578125,34.400001525878906,209.41000366210938,190.80999755859375,312.5799865722656,44.2599983215332,131.77999877929688,75.06999969482422,41.755001068115234,51.11000061035156,134.19000244140625,104.77999877929688,184.86000061035156,114.3499984741211,275.9100036621094,745.6300048828125,226.49000549316406,44.59000015258789,47.4900016784668,75.8499984741211,90.16000366210938,138.2899932861328,32.709999084472656,114.06999969482422,607.75,21.329999923706055,152.3300018310547,262.5199890136719,756.0,162.14999389648438,77.55000305175781,129.8699951171875,97.91999816894531,134.2899932861328,23.170000076293945,177.9199981689453,153.0399932861328,35.06999969482422,210.0399932861328,191.8000030517578,320.9200134277344,44.66999816894531,132.52000427246094,75.4800033569336,42.154998779296875,51.380001068115234,134.39999389648438,106.38999938964844,5505100,29030800,2188300,777200,11787200,33424300,12595000,8930900,5313200,6503900,6277300,2336500,1601600,48497400,7351500,8436300,3873500,1431700,13262400,5220100,12331300,161514200,57047500,1084300,5269500,13192100,2968000,7054100,41487000,6605400,1908600,10655600,22782200,26903000,11644500,12429300
2025-05-21,176.0641632080078,112.05999755859375,263.4220886230469,731.4380493164062,227.88356018066406,42.29861068725586,44.76327133178711,71.79237365722656,84.35406494140625,130.110595703125,30.704801559448242,107.54710388183594,581.4148559570312,20.690000534057617,149.02780151367188,256.06011962890625,719.8577270507812,153.69207763671875,74.2816162109375,122.34696197509766,95.61113739013672,131.76895141601562,21.53510284423828,166.66372680664062,147.8458709716797,32.86538314819336,206.35153198242188,189.4140167236328,294.6708068847656,41.14438247680664,124.61168670654297,71.61853790283203,39.74888229370117,49.52523422241211,129.2744598388672,100.4577865600586,181.8000030517578,112.05999755859375,271.3399963378906,737.1699829101562,229.72999572753906,43.25,47.0,73.41999816894531,87.1500015258789,135.55999755859375,31.5,111.37999725341797,593.4600219726562,20.690000534057617,153.17999267578125,261.0400085449219,724.9500122070312,156.6999969482422,76.9800033569336,125.30000305175781,95.83999633789062,131.8000030517578,23.040000915527344,172.27000427246094,151.30999755859375,33.869998931884766,207.6699981689453,191.75999450683594,302.9800109863281,42.88999938964844,127.80000305175781,73.19000244140625,41.025001525878906,50.290000915527344,131.5800018310547,103.66000366210938,184.80999755859375,116.0999984741211,275.5899963378906,755.7899780273438,236.5,44.4900016784668,47.880001068115234,75.41999816894531,89.55999755859375,137.1300048828125,32.2400016784668,113.18000030517578,609.8699951171875,21.6299991607666,154.42999267578125,265.6499938964844,750.52001953125,159.75999450683594,78.0999984741211,128.63999938964844,98.81999969482422,137.39999389648438,23.479999542236328,176.27999877929688,156.1300048828125,34.619998931884766,213.89999389648438,195.27000427246094,309.9599914550781,44.130001068115234,131.19000244140625,75.12999725341797,41.625,51.16999816894531,134.13999938964844,104.97000122070312,181.5399932861328,111.08999633789062,270.510009765625,735.489990234375,227.8300018310547,43.150001525878906,46.93000030517578,73.19999694824219,87.04000091552734,135.49000549316406,31.5,111.1500015258789,592.0,20.59000015258789,153.0,260.7300109863281,723.969970703125,156.6300048828125,76.87000274658203,125.06999969482422,95.26000213623047,130.58999633789062,23.040000915527344,172.2100067138672,150.8300018310547,33.849998474121094,206.35000610351562,190.52999877929688,300.07000732421875,42.86000061035156,127.69999694824219,73.08999633789062,41.02000045776367,50.25,131.52000427246094,103.63999938964844,183.92999267578125,113.8499984741211,274.17999267578125,749.010009765625,228.38999938964844,44.369998931884766,47.70000076293945,74.9800033569336,89.55999755859375,136.6199951171875,32.0,112.86000061035156,601.7999877929688,21.190000534057617,153.19000244140625,264.3500061035156,747.0499877929688,158.9499969482422,77.7699966430664,128.08999633789062,97.16000366210938,133.05999755859375,23.469999313354492,175.63999938964844,153.5800018310547,34.33000183105469,209.75,193.10000610351562,301.0,44.06999969482422,130.92999267578125,74.94000244140625,41.54499816894531,51.02000045776367,133.55999755859375,104.52999877929688,5140900,43594600,2559700,1058700,17642900,55594100,11963200,17143800,8639100,9073200,8370400,3198500,2635900,62904700,7032200,7464000,4060000,2832200,11879500,6371600,15764300,270608700,42984700,1759400,9684500,12564500,5007700,7375700,45506900,6298600,4223600,17711300,25698400,40022000,16635900,16716100
2025-05-22,176.7808074951172,110.70999908447266,263.9656982421875,734.940673828125,228.67713928222656,42.35729217529297,44.79184341430664,71.79237365722656,83.36677551269531,129.85145568847656,30.3538875579834,106.97740936279297,586.0880737304688,20.549999237060547,148.47325134277344,255.69720458984375,710.1762084960938,155.84005737304688,75.11145782470703,123.28433990478516,94.60354614257812,132.7987060546875,21.53510284423828,167.36029052734375,143.99607849121094,32.74894332885742,204.4437255859375,193.78981018066406,288.5338439941406,41.365020751953125,125.50873565673828,71.81422424316406,39.5938606262207,49.46614456176758,128.2625274658203,99.78910064697266,182.5399932861328,110.70999908447266,271.8999938964844,740.7000122070312,230.52999877929688,43.310001373291016,47.029998779296875,73.41999816894531,86.12999725341797,135.2899932861328,31.139999389648438,110.79000091552734,598.22998046875,20.549999237060547,152.61000061035156,260.6700134277344,715.2000122070312,158.88999938964844,77.83999633789062,126.26000213623047,94.83000183105469,132.8300018310547,23.040000915527344,172.99000549316406,147.3699951171875,33.75,205.75,196.19000244140625,296.6700134277344,43.119998931884766,128.72000122070312,73.38999938964844,40.8650016784668,50.22999954223633,130.5500030517578,102.97000122070312,183.55999755859375,112.63999938964844,272.44000244140625,747.2100219726562,233.69000244140625,43.56999969482422,47.27000045776367,73.91000366210938,86.56999969482422,135.99000549316406,31.3700008392334,111.44000244140625,602.2000122070312,20.899999618530273,153.32000732421875,262.29998779296875,722.1900024414062,160.5800018310547,78.36000061035156,127.06999969482422,97.22000122070312,134.25,23.15999984741211,174.0399932861328,151.5800018310547,33.959999084472656,209.47000122070312,196.8300018310547,305.6700134277344,43.459999084472656,129.8000030517578,73.88999938964844,41.099998474121094,50.52000045776367,131.24000549316406,103.47000122070312,180.25,110.61000061035156,269.1000061035156,734.1500244140625,227.42999267578125,42.959999084472656,46.470001220703125,72.91999816894531,84.86000061035156,133.77000427246094,30.6200008392334,108.6500015258789,592.510009765625,20.510000228881836,151.3699951171875,258.8699951171875,711.5499877929688,154.64999389648438,76.68000030517578,124.61000061035156,94.37000274658203,131.5500030517578,22.809999465942383,171.49000549316406,147.22000122070312,33.18000030517578,205.5800018310547,191.33999633789062,292.5,42.630001068115234,125.62999725341797,72.4800033569336,40.36000061035156,49.970001220703125,129.97999572753906,101.88999938964844,181.41000366210938,111.9000015258789,271.3399963378906,736.3200073242188,228.33999633789062,43.18000030517578,46.900001525878906,73.22000122070312,86.37999725341797,134.99000549316406,31.170000076293945,110.41000366210938,592.5499877929688,20.729999542236328,152.64999389648438,259.44000244140625,717.0999755859375,156.0,76.72000122070312,124.61000061035156,95.41000366210938,132.22999572753906,23.040000915527344,171.9199981689453,151.38999938964844,33.58000183105469,207.52999877929688,191.33999633789062,293.8900146484375,42.88999938964844,126.97000122070312,73.13999938964844,40.810001373291016,50.18000030517578,130.6300048828125,103.05999755859375,4689200,29252000,1919800,863500,14340200,29026200,11036200,12067800,6587200,8877600,6814200,3050900,1939600,56077500,7535300,6514100,4249900,2365400,11800000,5689200,13245200,187344000,38602800,1837100,9539100,11507700,5397300,11825000,27159600,6608900,3097200,9717000,23732200,33662800,12722600,13417400
2025-05-23,177.47808837890625,110.30999755859375,263.73272705078125,726.7944946289062,226.88168334960938,42.24971008300781,44.62040710449219,71.46968841552734,82.45693969726562,131.0511932373047,30.373380661010742,106.3884048461914,586.3917846679688,20.049999237060547,148.79429626464844,255.73643493652344,708.6967163085938,156.0558319091797,74.86058044433594,123.09880828857422,93.14704132080078,131.25906372070312,21.79681396484375,166.22837829589844,142.05165100097656,32.66161346435547,201.2739715576172,189.63131713867188,287.4640197753906,41.19234085083008,125.34297943115234,71.26625061035156,39.71981430053711,49.288883209228516,128.05618286132812,99.84724426269531,183.25999450683594,110.30999755859375,271.6600036621094,732.489990234375,228.72000122070312,43.20000076293945,46.849998474121094,73.08999633789062,85.19000244140625,136.5399932861328,31.15999984741211,110.18000030517578,598.5399780273438,20.049999237060547,152.94000244140625,260.7099914550781,713.7100219726562,159.11000061035156,77.58000183105469,126.06999969482422,93.37000274658203,131.2899932861328,23.31999969482422,171.82000732421875,145.3800048828125,33.65999984741211,202.55999755859375,191.97999572753906,295.57000732421875,42.939998626708984,128.5500030517578,72.83000183105469,40.994998931884766,50.04999923706055,130.33999633789062,103.02999877929688,184.1199951171875,111.0199966430664,272.5199890136719,735.989990234375,230.64999389648438,43.43000030517578,47.15999984741211,73.4000015258789,85.72000122070312,136.7899932861328,31.239999771118164,110.5999984741211,601.9600219726562,20.270000457763672,153.47999572753906,261.989990234375,719.6400146484375,160.10000610351562,77.9000015258789,126.56999969482422,93.83999633789062,132.67999267578125,23.389999389648438,172.6300048828125,146.49000549316406,33.7599983215332,203.66000366210938,192.8000030517578,299.70001220703125,43.11000061035156,129.1300048828125,73.19000244140625,41.099998474121094,50.290000915527344,130.60000610351562,103.47000122070312,181.72000122070312,107.66999816894531,269.1300048828125,722.52001953125,226.17999267578125,42.349998474121094,46.4900016784668,71.6500015258789,84.7699966430664,134.05999755859375,30.610000610351562,109.30999755859375,582.5,19.940000534057617,152.2100067138672,256.0,709.0,157.44000244140625,77.08000183105469,123.87999725341797,90.93000030517578,129.16000366210938,22.8799991607666,169.32000732421875,141.77000427246094,33.099998474121094,199.92999267578125,190.02999877929688,291.6400146484375,42.209999084472656,126.5,71.9000015258789,40.4900016784668,49.56999969482422,129.5500030517578,102.06999969482422,182.3699951171875,108.08999633789062,269.4800109863281,724.5999755859375,226.94000244140625,42.47999954223633,46.93000030517578,71.6500015258789,85.04000091552734,134.38999938964844,30.65999984741211,109.30999755859375,585.0,20.15999984741211,153.0,256.80999755859375,710.0,157.44000244140625,77.55000305175781,124.0999984741211,92.26000213623047,130.0,22.950000762939453,169.75,143.4199981689453,33.119998931884766,200.47000122070312,192.02000427246094,296.1000061035156,42.220001220703125,126.73999786376953,71.9000015258789,40.505001068115234,49.59000015258789,129.92999267578125,102.5999984741211,4027000,30867300,2532000,1525200,15385600,34875100,8401400,9851900,6789600,7025900,7037600,1993300,1530600,68206100,6727300,6671800,2635700,1576800,10902200,3361400,16545000,198821300,35405400,1641600,8994600,10467800,9527500,9403100,16873600,5798500,2053000,9260900,23511000,33645600,9127100,12061600
2025-05-27,179.86048889160156,114.55999755859375,271.29541015625,750.905517578125,233.7559814453125,43.24727249145508,44.65850830078125,73.79692840576172,82.8053970336914,132.28936767578125,30.55858612060547,107.40226745605469,603.2328491210938,20.549999237060547,150.37408447265625,260.22906494140625,720.1257934570312,159.2140350341797,74.8702163696289,126.16481018066406,96.14984130859375,135.4680633544922,22.067873001098633,170.50453186035156,145.2272491455078,32.92360305786133,207.96124267578125,195.26156616210938,286.9096374511719,41.95978927612305,127.44908142089844,72.4013442993164,40.06376647949219,50.15550231933594,129.84429931640625,100.32210540771484,185.72000122070312,114.55999755859375,279.45001220703125,756.7899780273438,235.64999389648438,44.220001220703125,46.88999938964844,75.47000122070312,85.55000305175781,137.8300018310547,31.350000381469727,111.2300033569336,615.72998046875,20.549999237060547,153.25,265.2900085449219,725.219970703125,162.3300018310547,77.58999633789062,129.2100067138672,96.37999725341797,135.5,23.610000610351562,176.24000549316406,148.6300048828125,33.93000030517578,209.2899932861328,197.67999267578125,295.0,43.7400016784668,130.7100067138672,73.98999786376953,41.349998474121094,50.93000030517578,132.16000366210938,103.5199966430664,185.99000549316406,115.4000015258789,279.6300048828125,761.2100219726562,236.47999572753906,44.220001220703125,47.36000061035156,75.55000305175781,85.79000091552734,137.97000122070312,31.5,111.48999786376953,617.6699829101562,20.670000076293945,154.0399932861328,265.29998779296875,731.3099975585938,163.1999969482422,78.19999694824219,129.52999877929688,96.69999694824219,135.66000366210938,23.65999984741211,176.25999450683594,149.35000610351562,34.099998474121094,210.22999572753906,198.30999755859375,299.95001220703125,43.75,131.55999755859375,74.08999633789062,41.415000915527344,50.959999084472656,132.38999938964844,103.86000061035156,183.89999389648438,112.2699966430664,273.1199951171875,749.9500122070312,231.1300048828125,43.29999923706055,46.790000915527344,73.48999786376953,84.55999755859375,136.41000366210938,30.90999984741211,109.43000030517578,604.9500122070312,20.18000030517578,151.92999267578125,261.989990234375,714.3300170898438,158.9499969482422,77.05000305175781,126.81999969482422,94.19000244140625,133.30999755859375,23.3700008392334,172.7100067138672,146.42999267578125,33.47999954223633,205.27000427246094,193.6999969482422,289.1300048828125,43.029998779296875,128.35000610351562,73.05000305175781,40.974998474121094,50.2599983215332,131.16000366210938,102.9000015258789,184.27000427246094,113.18000030517578,273.70001220703125,751.3699951171875,232.8699951171875,43.790000915527344,47.22999954223633,74.16000366210938,85.6500015258789,137.3800048828125,31.5,110.61000061035156,605.9000244140625,20.440000534057617,152.52000427246094,262.0400085449219,717.030029296875,160.27000427246094,78.0199966430664,127.54000091552734,95.18000030517578,134.14999389648438,23.549999237060547,174.1300048828125,147.5500030517578,33.970001220703125,206.9600067138672,194.10000610351562,299.5,43.54999923706055,129.10000610351562,73.61000061035156,41.279998779296875,50.439998626708984,131.42999267578125,103.48999786376953,5726700,37885000,2917100,1385100,17941700,36322000,12954500,12148500,7227100,8348900,7347700,2475100,2364700,69504600,6990700,7506600,3792700,2480000,11884500,5472400,17612600,192953600,36155400,1755900,9788800,17574800,6057600,12228200,20144600,6500400,2426400,11014100,19028000,38636400,12304000,13043600
2025-05-28,177.31346130371094,112.86000061035156,270.27606201171875,740.7055053710938,237.50559997558594,43.09079360961914,44.73469924926758,73.36668395996094,81.86650848388672,130.55210876464844,30.080957412719727,106.64910125732422,596.0908203125,20.3700008392334,149.56947326660156,258.46337890625,714.3367919921875,155.5654296875,73.5,124.50487518310547,95.95033264160156,134.7782440185547,21.665956497192383,168.30841064453125,144.2208251953125,32.583988189697266,206.91790771484375,193.7404327392578,289.934326171875,41.470542907714844,123.76339721679688,72.14692687988281,39.55509948730469,49.820674896240234,129.1762237548828,98.9556655883789,183.08999633789062,112.86000061035156,278.3999938964844,746.510009765625,239.42999267578125,44.060001373291016,46.970001220703125,75.02999877929688,84.58000183105469,136.02000427246094,30.860000610351562,110.44999694824219,608.4400024414062,20.3700008392334,152.42999267578125,263.489990234375,719.3900146484375,158.61000061035156,76.16999816894531,127.51000213623047,96.18000030517578,134.80999755859375,23.18000030517578,173.97000122070312,147.60000610351562,33.58000183105469,208.24000549316406,196.13999938964844,298.1099853515625,43.22999954223633,126.93000030517578,73.7300033569336,40.82500076293945,50.59000015258789,131.47999572753906,102.11000061035156,186.10000610351562,114.94999694824219,281.3399963378906,756.3900146484375,240.99000549316406,44.439998626708984,47.20000076293945,75.75,86.61000061035156,138.7899932861328,31.790000915527344,112.69999694824219,618.6300048828125,20.639999389648438,153.63999938964844,266.7200012207031,729.989990234375,163.27000427246094,77.72000122070312,129.4199981689453,97.20999908447266,137.25,23.639999389648438,176.9199981689453,149.49000549316406,34.36000061035156,210.4600067138672,198.07000732421875,303.7799987792969,43.869998931884766,131.7899932861328,74.36000061035156,41.67499923706055,51.02000045776367,132.5800018310547,104.43000030517578,182.3699951171875,112.66000366210938,276.6199951171875,744.8099975585938,234.42999267578125,43.959999084472656,46.099998474121094,74.79000091552734,84.27999877929688,135.66000366210938,30.829999923706055,110.06999969482422,607.3099975585938,20.329999923706055,151.92999267578125,262.8999938964844,714.739990234375,158.3300018310547,75.58999633789062,127.2699966430664,95.5999984741211,134.7899932861328,23.110000610351562,173.83999633789062,147.36000061035156,33.470001220703125,207.75,195.47999572753906,293.2799987792969,43.15999984741211,126.5,73.33000183105469,40.720001220703125,50.5099983215332,131.1300048828125,101.79000091552734,185.35000610351562,114.91999816894531,279.0199890136719,752.1400146484375,237.14999389648438,44.209999084472656,46.900001525878906,75.56999969482422,86.5199966430664,138.77999877929688,31.65999984741211,112.69999694824219,617.280029296875,20.56999969482422,153.27999877929688,266.239990234375,725.219970703125,163.25999450683594,77.43000030517578,129.2100067138672,96.69999694824219,136.02999877929688,23.610000610351562,176.19000244140625,148.82000732421875,34.31999969482422,209.83999633789062,196.08999633789062,294.0,43.7400016784668,131.67999267578125,74.19999694824219,41.54999923706055,50.88999938964844,132.11000061035156,104.29000091552734,4787800,27483700,3863800,1244000,20443000,35673800,12427700,9993200,6793000,6876300,6989200,2260600,2001900,46096500,8459300,5535400,2948800,1513600,12293200,4050900,10500300,304021100,36737200,1591500,7032300,11032000,6769200,17787600,16114200,4800100,3125200,8711100,29552600,31730200,11087500,14292400
2025-05-29,179.7636260986328,113.02999877929688,275.2660827636719,741.2611694335938,240.02517700195312,43.26683807373047,45.572818756103516,73.85559844970703,82.85379028320312,132.3661346435547,30.32464599609375,106.09872436523438,592.5834350585938,20.25,150.69789123535156,259.3266296386719,717.4944458007812,156.85028076171875,73.72193908691406,125.13955688476562,96.56885528564453,139.15721130371094,21.91832160949707,169.40162658691406,144.94386291503906,32.6810188293457,207.76251220703125,194.73806762695312,289.9927062988281,41.97896957397461,125.93777465820312,72.9101791381836,39.850608825683594,50.076717376708984,130.0408172607422,99.51775360107422,185.6199951171875,113.02999877929688,283.5400085449219,747.0700073242188,241.97000122070312,44.2400016784668,47.849998474121094,75.52999877929688,85.5999984741211,137.91000366210938,31.110000610351562,109.87999725341797,604.8599853515625,20.25,153.5800018310547,264.3699951171875,722.5700073242188,159.9199981689453,76.4000015258789,128.16000366210938,96.80000305175781,139.19000244140625,23.450000762939453,175.10000610351562,148.33999633789062,33.68000030517578,209.08999633789062,197.14999389648438,298.1700134277344,43.7599983215332,129.16000366210938,74.51000213623047,41.130001068115234,50.849998474121094,132.36000061035156,102.69000244140625,186.75,115.54000091552734,283.82000732421875,759.5499877929688,246.07000732421875,44.459999084472656,47.849998474121094,75.72000122070312,85.61000061035156,137.94000244140625,31.15999984741211,111.02999877929688,610.0,20.600000381469727,154.0399932861328,265.4100036621094,727.3300170898438,160.07000732421875,77.0,128.39999389648438,99.62999725341797,143.49000549316406,23.450000762939453,175.1999969482422,150.5,33.880001068115234,213.1699981689453,199.8000030517578,303.3800048828125,43.779998779296875,129.3800048828125,75.08000183105469,41.130001068115234,50.86000061035156,132.75999450683594,102.8499984741211,182.69000244140625,112.12999725341797,278.3999938964844,744.8400268554688,237.39999389648438,43.900001525878906,46.88999938964844,74.68000030517578,84.33999633789062,136.10000610351562,30.56999969482422,109.37000274658203,598.2999877929688,20.100000381469727,151.55999755859375,262.5299987792969,716.9600219726562,156.36000061035156,75.69000244140625,126.93000030517578,96.11000061035156,137.91000366210938,23.15999984741211,173.57000732421875,147.24000549316406,33.33000183105469,207.75,196.0800018310547,295.0,43.18000030517578,125.61000061035156,73.33000183105469,40.630001068115234,50.36000061035156,131.2899932861328,101.75,183.4600067138672,115.48999786376953,279.2200012207031,757.8300170898438,245.91000366210938,44.369998931884766,47.0,75.5999984741211,84.80000305175781,136.5,31.0,110.45999908447266,608.52001953125,20.540000915527344,151.75,264.79998779296875,719.22998046875,158.0,75.69000244140625,128.10000610351562,98.58999633789062,142.25,23.329999923706055,175.08999633789062,149.86000061035156,33.81999969482422,213.02999877929688,199.4600067138672,296.79998779296875,43.54999923706055,126.88999938964844,74.41000366210938,40.88999938964844,50.7599983215332,131.67999267578125,102.27999877929688,4925900,30501400,2801900,1166000,20743700,28545100,10490600,11879200,6999800,7554300,8889600,3421100,1736100,66372200,6810600,5081200,2785500,1961200,10785200,4337500,14628700,369241900,26091400,1457500,5980700,9902900,8600400,14609900,16221100,6372800,2567600,14016600,23792800,34098400,10670300,13825300
2025-05-30,180.23817443847656,110.7300033569336,279.7706604003906,731.041259765625,240.12437438964844,43.15925598144531,45.982357025146484,73.65026092529297,82.61180114746094,131.2047882080078,29.49610137939453,104.83380126953125,591.1952514648438,19.549999237060547,152.29730224609375,258.9636535644531,732.4883422851562,157.65455627441406,74.14651489257812,125.01261901855469,94.23443603515625,135.09817504882812,21.95570945739746,168.15359497070312,141.87576293945312,32.0697021484375,203.6388702392578,190.95492553710938,293.630126953125,41.815895080566406,125.75251007080078,73.17438507080078,39.49696350097656,50.1850471496582,130.31590270996094,99.13980865478516,186.11000061035156,110.7300033569336,288.17999267578125,736.77001953125,242.07000732421875,44.130001068115234,48.279998779296875,75.31999969482422,85.3499984741211,136.6999969482422,30.260000228881836,108.56999969482422,600.4500122070312,19.549999237060547,155.2100067138672,264.0,737.6699829101562,160.74000549316406,76.83999633789062,128.02999877929688,94.45999908447266,135.1300048828125,23.489999771118164,173.80999755859375,145.1999969482422,33.04999923706055,204.94000244140625,193.32000732421875,301.9100036621094,43.59000015258789,128.97000122070312,74.77999877929688,40.76499938964844,50.959999084472656,132.63999938964844,102.30000305175781,186.69000244140625,112.11000061035156,288.80999755859375,745.9600219726562,243.1699981689453,44.29999923706055,48.349998474121094,75.5199966430664,86.05000305175781,137.4499969482422,30.84000015258789,109.51000213623047,603.5999755859375,20.260000228881836,155.7100067138672,265.3299865722656,745.9000244140625,161.3000030517578,77.55999755859375,128.3300018310547,96.61000061035156,139.6199951171875,23.6200008392334,175.27000427246094,148.02000427246094,33.5,207.8699951171875,195.91000366210938,305.6400146484375,43.779998779296875,130.36000061035156,74.80000305175781,40.97999954223633,51.04999923706055,133.33999633789062,102.38999938964844,183.00999450683594,108.62000274658203,281.0400085449219,723.0,234.89999389648438,43.720001220703125,47.29999923706055,74.4800033569336,84.54000091552734,135.2100067138672,30.239999771118164,107.45999908447266,593.8300170898438,19.309999465942383,153.22000122070312,262.7300109863281,717.1099853515625,159.1300048828125,75.58999633789062,126.3499984741211,92.22000122070312,132.9199981689453,23.15999984741211,172.9499969482422,143.47999572753906,32.84000015258789,201.1199951171875,190.55999755859375,295.8399963378906,43.20000076293945,128.14999389648438,73.7300033569336,40.439998626708984,50.459999084472656,130.8800048828125,101.19000244140625,185.0,111.58000183105469,282.6099853515625,745.010009765625,241.22000122070312,44.189998626708984,47.869998931884766,75.30999755859375,84.94999694824219,136.8800048828125,30.75,108.5,600.0,20.260000228881836,153.89999389648438,263.45001220703125,725.0,159.77999877929688,76.94000244140625,127.61000061035156,96.04000091552734,138.72000122070312,23.479999542236328,174.9199981689453,148.0,33.400001525878906,207.82000732421875,195.77000427246094,297.9700012207031,43.56999969482422,129.11000061035156,74.19999694824219,40.814998626708984,50.68000030517578,132.07000732421875,102.16000366210938,11609000,36088500,5439200,1785400,27088600,66537500,20759300,12512200,20170600,12858900,18145600,5536300,2129500,114281900,15529700,10977700,6106200,4475400,20641500,6436100,23758200,333170900,56618600,4161400,13755600,20668300,10781000,11998300,16309300,9784900,3870500,17042000,31038600,37953200,11651300,28645800
2025-06-02,181.0904083251953,114.62999725341797,280.0522155761719,740.725341796875,246.7110137939453,43.110355377197266,46.468082427978516,74.11962127685547,83.93785858154297,132.2989501953125,30.3538875579834,107.50847625732422,589.4918212890625,19.739999771118164,152.48373413085938,259.611083984375,741.8720092773438,155.70274353027344,73.57718658447266,125.37389373779297,97.945556640625,137.34764099121094,21.92766761779785,168.27935791015625,143.2730255126953,32.351104736328125,206.70924377441406,192.45631408691406,296.3630676269531,41.84467315673828,125.09921264648438,73.11567687988281,40.01532745361328,50.20473861694336,130.39450073242188,99.86663055419922,186.99000549316406,114.62999725341797,288.4700012207031,746.530029296875,248.7100067138672,44.08000183105469,48.790000915527344,75.80000305175781,86.72000122070312,137.83999633789062,31.139999389648438,111.33999633789062,598.719970703125,19.739999771118164,155.39999389648438,264.6600036621094,747.1199951171875,158.75,76.25,128.39999389648438,98.18000030517578,137.3800048828125,23.459999084472656,173.94000244140625,146.6300048828125,33.34000015258789,208.02999877929688,194.83999633789062,304.7200012207031,43.619998931884766,128.3000030517578,74.72000122070312,41.29999923706055,50.97999954223633,132.72000122070312,103.05000305175781,186.99000549316406,114.86000061035156,289.45001220703125,746.9500122070312,250.0,44.150001525878906,48.869998931884766,75.9000015258789,87.55999755859375,138.69000244140625,31.25,111.80999755859375,599.1699829101562,19.81999969482422,155.5399932861328,265.0299987792969,747.3699951171875,163.91000366210938,77.0199966430664,128.47000122070312,99.23999786376953,138.1199951171875,23.559999465942383,174.22999572753906,147.2100067138672,33.83000183105469,208.8300018310547,195.16000366210938,313.54998779296875,43.63999938964844,131.2100067138672,74.75,41.584999084472656,51.0,132.77999877929688,103.8499984741211,183.16000366210938,111.01000213623047,284.7699890136719,732.6599731445312,243.19000244140625,43.36000061035156,47.81999969482422,74.30000305175781,85.86000061035156,136.42999267578125,30.75,109.69999694824219,592.1699829101562,19.3700008392334,152.3000030517578,261.8999938964844,730.7000122070312,156.02000427246094,75.4000015258789,126.36000061035156,94.4000015258789,135.39999389648438,23.219999313354492,170.49000549316406,144.47999572753906,32.90999984741211,204.2899932861328,192.1999969482422,300.9700012207031,42.779998779296875,125.0999984741211,73.2699966430664,40.82500076293945,50.290000915527344,131.11000061035156,102.22000122070312,185.72999572753906,111.05999755859375,285.6400146484375,733.2899780273438,243.25,43.880001068115234,48.5,75.16000366210938,87.05000305175781,138.49000549316406,31.18000030517578,111.11000061035156,598.5999755859375,19.479999542236328,154.47999572753906,263.0199890136719,732.5,163.91000366210938,77.0199966430664,127.4800033569336,94.58000183105469,135.49000549316406,23.540000915527344,173.14999389648438,144.8000030517578,33.7400016784668,204.4199981689453,193.0399932861328,303.1199951171875,43.310001373291016,131.2100067138672,74.26000213623047,41.529998779296875,50.61000061035156,132.3000030517578,103.75,4435600,34078400,2394000,812600,19197000,28582600,13505600,9073400,8634400,9076600,10156900,4151400,1221200,67885500,6669300,6011200,2946900,2960500,11271800,3607900,16850300,197663100,30443900,2227600,6419500,12681500,6034900,7447400,19074400,6159500,2824500,11237500,32031000,30142300,11845000,17290500
2025-06-03,181.34222412109375,117.30999755859375,281.1201477050781,741.4397583007812,254.78561401367188,43.667816162109375,45.801395416259766,74.83343505859375,85.08967590332031,133.94020080566406,31.201923370361328,108.93755340576172,594.5231323242188,20.290000915527344,151.52212524414062,261.1903381347656,745.5062866210938,158.86094665527344,74.43599700927734,125.64729309082031,102.0058364868164,141.1867218017578,21.824853897094727,170.57223510742188,145.53013610839844,33.0982666015625,212.26376342773438,195.19244384765625,292.95904541015625,42.57373809814453,127.68310546875,74.02570343017578,40.49008560180664,50.30322265625,130.69908142089844,100.59346771240234,187.25,117.30999755859375,289.57000732421875,747.25,256.8500061035156,44.650001525878906,48.09000015258789,76.52999877929688,87.91000366210938,139.5500030517578,32.0099983215332,112.81999969482422,603.8300170898438,20.290000915527344,154.4199981689453,266.2699890136719,750.780029296875,161.97000122070312,77.13999938964844,128.67999267578125,102.25,141.22000122070312,23.350000381469727,176.30999755859375,148.94000244140625,34.11000061035156,213.6199951171875,197.61000061035156,301.2200012207031,44.380001068115234,130.9499969482422,75.6500015258789,41.790000915527344,51.08000183105469,133.02999877929688,103.80000305175781,188.72999572753906,117.68000030517578,291.760009765625,748.5499877929688,257.8800048828125,44.72999954223633,48.93000030517578,76.73999786376953,88.5999984741211,140.58999633789062,32.29999923706055,113.88999938964844,606.3200073242188,20.40999984741211,155.66000366210938,266.5799865722656,757.0,163.74000549316406,77.19000244140625,129.17999267578125,102.93000030517578,142.0,23.540000915527344,176.91000366210938,149.77999877929688,34.369998931884766,214.13999938964844,198.1699981689453,305.7200012207031,44.47999954223633,132.05999755859375,75.83000183105469,42.04999923706055,51.130001068115234,133.52000427246094,104.66000366210938,184.82000732421875,113.27999877929688,283.0400085449219,732.2000122070312,249.39999389648438,43.939998626708984,47.650001525878906,75.44000244140625,85.37999725341797,136.60000610351562,30.799999237060547,110.16999816894531,593.72998046875,19.399999618530273,154.0800018310547,262.8800048828125,741.4600219726562,157.8300018310547,75.44000244140625,127.12999725341797,96.95999908447266,137.9499969482422,23.059999465942383,172.85000610351562,145.50999450683594,32.83000183105469,206.7100067138672,193.63999938964844,300.010009765625,43.5,127.08000183105469,74.37000274658203,40.939998626708984,50.40999984741211,131.72999572753906,102.20999908447266,186.89999389648438,114.5,285.5199890136719,732.6599731445312,250.0800018310547,44.0099983215332,48.4900016784668,75.62999725341797,86.66000366210938,137.64999389648438,31.139999389648438,111.36000061035156,600.0,19.75,154.8000030517578,263.7300109863281,746.25,159.1199951171875,76.0,128.1199951171875,98.36000061035156,138.77999877929688,23.3799991607666,173.38999938964844,146.7100067138672,33.400001525878906,208.14999389648438,194.35000610351562,303.1000061035156,43.58000183105469,128.3800048828125,74.72000122070312,41.33000183105469,50.81999969482422,132.3699951171875,102.9000015258789,5335600,37161500,2320400,1085100,30380200,31320200,12432700,9802600,5642900,9001300,6774400,3279200,1730300,80401900,8209800,6998400,3056500,2004700,18139200,4145600,22757600,225578800,37887100,1976200,6164100,16171900,8905100,9548300,12805700,10105600,2310700,13193500,30352600,33705400,14304300,19194300
2025-06-04,181.4293670654297,118.58000183105469,278.63482666015625,737.0045166015625,258.9815673828125,43.384193420410156,45.66806411743164,74.7063217163086,83.19255828857422,131.84783935546875,30.76328468322754,106.95809173583984,589.9743041992188,20.25,150.3446502685547,259.1794738769531,760.4605102539062,153.93728637695312,75.5263900756836,125.13955688476562,103.00344848632812,141.88656616210938,21.862241744995117,169.16943359375,145.6376190185547,32.52583312988281,215.423583984375,199.923828125,292.14208984375,42.11328125,123.38312530517578,73.7614974975586,39.70043182373047,50.01763153076172,130.95448303222656,99.13980865478516,187.33999633789062,118.58000183105469,287.010009765625,742.780029296875,261.0799865722656,44.36000061035156,47.95000076293945,76.4000015258789,85.94999694824219,137.3699951171875,31.559999465942383,110.7699966430664,599.2100219726562,20.25,153.22000122070312,264.2200012207031,765.8400268554688,156.9499969482422,78.2699966430664,128.16000366210938,103.25,141.9199981689453,23.389999389648438,174.86000061035156,149.0500030517578,33.2400016784668,216.8000030517578,202.39999389648438,300.3800048828125,43.900001525878906,126.54000091552734,75.37999725341797,40.974998474121094,50.790000915527344,133.2899932861328,102.30000305175781,190.17999267578125,119.30000305175781,293.2099914550781,752.77001953125,265.42999267578125,45.09000015258789,48.849998474121094,77.58000183105469,88.87000274658203,140.6300048828125,32.4900016784668,114.52999877929688,606.3300170898438,20.5,154.92999267578125,267.1199951171875,772.6199951171875,162.7899932861328,79.13999938964844,129.4199981689453,103.91000366210938,142.38999938964844,23.540000915527344,177.64999389648438,150.0500030517578,34.209999084472656,217.6199951171875,204.02999877929688,307.6400146484375,44.72999954223633,131.8300018310547,78.80000305175781,42.095001220703125,51.209999084472656,134.3300018310547,104.91999816894531,187.27000427246094,115.7300033569336,286.8900146484375,740.4099731445312,257.5899963378906,44.34000015258789,47.95000076293945,76.3499984741211,85.80000305175781,137.3300018310547,31.479999542236328,110.7699966430664,598.719970703125,20.010000228881836,153.1300048828125,264.17999267578125,756.0,156.80999755859375,77.33000183105469,128.16000366210938,101.69999694824219,139.5399932861328,23.350000381469727,174.83999633789062,147.3800048828125,33.130001068115234,213.5399932861328,200.3800048828125,300.20001220703125,43.86000061035156,125.5,75.37999725341797,40.92499923706055,50.779998779296875,133.2899932861328,102.30000305175781,188.41000366210938,117.41000366210938,290.19000244140625,751.1799926757812,258.05999755859375,44.599998474121094,48.16999816894531,76.5,87.94999694824219,139.4199981689453,32.0099983215332,112.95999908447266,605.47998046875,20.34000015258789,154.92999267578125,265.9200134277344,756.3900146484375,161.41000366210938,77.47000122070312,128.83999633789062,102.37999725341797,142.19000244140625,23.40999984741211,176.27000427246094,150.0,33.880001068115234,215.38999938964844,201.3800048828125,303.5400085449219,44.47999954223633,130.38999938964844,77.69999694824219,41.77000045776367,51.150001525878906,133.42999267578125,103.91999816894531,4382200,31025000,2338300,1160000,31536000,30591700,11203100,10119600,7268000,8735600,8118100,3333900,1294900,71166500,6983900,5915700,3135900,2582200,13009300,3123200,14595900,167120800,24500100,1306200,7143800,13545100,7339500,13531100,11255600,6980500,4458400,29578000,44939200,24600500,9986100,15648500
2025-06-05,181.55526733398438,115.69000244140625,278.7221984863281,741.9457397460938,257.8408508300781,43.403751373291016,45.563297271728516,74.97032928466797,82.61180114746094,131.39674377441406,30.626819610595703,107.20914459228516,596.54150390625,19.989999771118164,150.77639770507812,256.95281982421875,760.3016357421875,155.17311096191406,74.899169921875,127.54156494140625,106.03618621826172,139.95703125,21.60987663269043,169.01463317871094,145.04782104492188,32.36927032470703,214.51934814453125,200.8523406982422,287.7265930175781,41.90222930908203,123.71463012695312,73.29180908203125,39.66168212890625,49.879764556884766,130.77767944335938,98.684326171875,187.47000122070312,115.69000244140625,287.1000061035156,747.760009765625,259.92999267578125,44.380001068115234,47.84000015258789,76.66999816894531,85.3499984741211,136.89999389648438,31.420000076293945,111.02999877929688,605.8800048828125,19.989999771118164,153.66000366210938,261.95001220703125,765.6799926757812,158.2100067138672,77.62000274658203,130.6199951171875,106.29000091552734,139.99000549316406,23.1200008392334,174.6999969482422,147.55999755859375,33.08000183105469,215.88999938964844,203.33999633789062,295.8399963378906,43.68000030517578,126.87999725341797,74.9000015258789,40.935001373291016,50.650001525878906,133.11000061035156,101.83000183105469,188.60000610351562,119.23999786376953,291.3599853515625,756.4600219726562,264.8900146484375,44.58000183105469,48.599998474121094,77.2699966430664,86.83999633789062,138.2899932861328,31.899999618530273,112.08000183105469,609.719970703125,20.549999237060547,154.08999633789062,264.739990234375,770.0,159.17999267578125,78.55000305175781,131.0500030517578,109.02999877929688,144.0,23.440000534057617,175.41000366210938,150.0800018310547,33.52000045776367,220.27999877929688,205.75999450683594,302.4200134277344,44.150001525878906,128.10000610351562,75.76000213623047,41.29999923706055,50.880001068115234,133.91000366210938,103.05000305175781,185.0500030517578,114.70999908447266,284.989990234375,744.0,259.05999755859375,44.0099983215332,47.72999954223633,75.66000366210938,85.2300033569336,136.6999969482422,31.31999969482422,110.43000030517578,592.9000244140625,19.850000381469727,152.63999938964844,260.30999755859375,753.0499877929688,155.92999267578125,77.25,127.33999633789062,105.52999877929688,138.8300018310547,23.079999923706055,173.1699981689453,147.0,33.040000915527344,214.41000366210938,202.27999877929688,294.1099853515625,43.4900016784668,125.7699966430664,74.18000030517578,40.83000183105469,50.45000076293945,132.57000732421875,101.7300033569336,187.5,118.94999694824219,286.3299865722656,754.1300048828125,262.95001220703125,44.45000076293945,48.04999923706055,76.61000061035156,86.83999633789062,138.14999389648438,31.889999389648438,111.91999816894531,600.0,20.270000457763672,153.67999267578125,264.739990234375,769.5,157.6999969482422,78.41000366210938,128.3699951171875,106.30000305175781,142.1699981689453,23.440000534057617,174.6999969482422,148.8000030517578,33.459999084472656,218.47000122070312,204.8800048828125,300.3800048828125,44.150001525878906,127.26000213623047,75.61000061035156,41.279998779296875,50.79999923706055,133.6199951171875,102.9800033569336,4417900,34091000,2522400,1506500,41970900,32020900,12786000,14760500,5110200,6342600,4918500,2697500,2086700,72458400,5295400,8173800,3636400,1532900,13983700,6193300,28833700,231397900,33173600,1552200,5605500,11545800,10941600,12214300,13529000,6079100,1845400,20138400,27655000,42014400,13705000,13924800
2025-06-06,183.8408203125,116.19000244140625,281.85791015625,747.1648559570312,244.9453125,44.239952087402344,46.106170654296875,76.52508544921875,84.42181396484375,134.5736846923828,31.474855422973633,110.12522888183594,604.536376953125,20.059999465942383,152.12069702148438,260.6606750488281,764.4721069335938,157.04644775390625,76.20185852050781,128.71328735351562,108.30076599121094,141.6865997314453,21.824853897094727,172.81674194335938,146.69923400878906,33.142295837402344,215.96014404296875,202.66983032226562,294.90423583984375,42.94786834716797,125.14797973632812,74.69110107421875,40.4077262878418,50.500179290771484,132.02542114257812,101.04894256591797,189.8300018310547,116.19000244140625,290.3299865722656,753.02001953125,246.92999267578125,44.970001220703125,48.40999984741211,78.26000213623047,87.22000122070312,140.2100067138672,32.290000915527344,114.05000305175781,614.0,20.059999465942383,155.02999877929688,265.7300109863281,769.8800048828125,160.1199951171875,78.97000122070312,131.82000732421875,108.55999755859375,141.72000122070312,23.350000381469727,178.6300048828125,149.24000549316406,33.869998931884766,217.33999633789062,205.17999267578125,303.2200012207031,44.77000045776367,128.35000610351562,76.33000183105469,41.70500183105469,51.279998779296875,134.3800048828125,104.2699966430664,190.49000549316406,118.37999725341797,293.57000732421875,762.0999755859375,255.32000732421875,45.16999816894531,48.68000030517578,78.41000366210938,87.79000091552734,140.61000061035156,32.43000030517578,114.69999694824219,621.3800048828125,20.440000534057617,156.02999877929688,266.6499938964844,772.5999755859375,161.55999755859375,79.48999786376953,133.57000732421875,111.05000305175781,143.27000427246094,23.579999923706055,178.8000030517578,150.58999633789062,34.060001373291016,220.22999572753906,206.2899932861328,304.3900146484375,44.83000183105469,130.44000244140625,76.76000213623047,41.83000183105469,51.439998626708984,134.83999633789062,104.5,188.3000030517578,115.87999725341797,289.010009765625,752.7999877929688,246.1300048828125,44.63999938964844,48.09000015258789,77.4800033569336,86.7300033569336,138.08999633789062,31.81999969482422,112.69000244140625,610.0,20.030000686645508,154.0,264.260009765625,765.2000122070312,158.55999755859375,78.20999908447266,130.82000732421875,108.04000091552734,141.50999450683594,23.25,176.0,149.0500030517578,33.380001068115234,217.2100067138672,203.22999572753906,297.1499938964844,44.2599983215332,127.83999633789062,75.83000183105469,41.30500030517578,51.04999923706055,133.7899932861328,102.68000030517578,188.49000549316406,117.69000244140625,289.79998779296875,756.0599975585938,251.13999938964844,44.689998626708984,48.099998474121094,77.70999908447266,86.75,138.08999633789062,31.860000610351562,112.69000244140625,613.0,20.170000076293945,154.0,264.3299865722656,768.47998046875,159.1199951171875,78.30000305175781,132.0800018310547,108.08000183105469,142.50999450683594,23.270000457763672,177.6300048828125,149.8000030517578,33.4900016784668,218.0,203.5800018310547,297.2300109863281,44.40999984741211,128.11000061035156,76.1500015258789,41.30500030517578,51.16999816894531,133.80999755859375,102.76000213623047,3607800,27042100,1996100,1345100,41146700,37013000,9319900,11515200,6042100,6563500,5820700,3055900,1675900,70072800,5391500,7738100,2069900,1351700,9863100,5004400,20710100,153986200,30426200,1326800,5794700,10410100,7582100,8532000,12589000,7647700,2607400,10988000,28556800,34982800,9153500,15487800
2025-06-09,183.19195556640625,121.7300033569336,281.5181884765625,764.2113647460938,242.31661987304688,44.14157485961914,46.668094635009766,76.43706512451172,85.21550750732422,135.1015625,31.825767517089844,110.39559173583984,604.0637817382812,20.479999542236328,152.31692504882812,261.6513977050781,768.2752075195312,157.19357299804688,76.54923248291016,128.84024047851562,110.68505859375,142.59640502929688,22.404356002807617,172.92315673828125,152.76419067382812,33.386924743652344,221.04763793945312,204.46755981445312,294.87506103515625,43.04379653930664,125.06021118164062,74.81830596923828,40.48523712158203,50.22443389892578,131.79945373535156,101.7273178100586,189.16000366210938,121.7300033569336,289.9800109863281,770.2000122070312,244.27999877929688,44.869998931884766,49.0,78.16999816894531,88.04000091552734,140.75999450683594,32.650001525878906,114.33000183105469,613.52001953125,20.479999542236328,155.22999572753906,266.739990234375,773.7100219726562,160.27000427246094,79.33000183105469,131.9499969482422,110.94999694824219,142.6300048828125,23.969999313354492,178.74000549316406,155.41000366210938,34.119998931884766,222.4600067138672,207.0,303.19000244140625,44.869998931884766,128.25999450683594,76.45999908447266,41.78499984741211,51.0,134.14999389648438,104.97000122070312,191.7899932861328,122.37000274658203,291.6600036621094,782.2000122070312,248.1699981689453,45.400001525878906,49.369998931884766,78.91000366210938,88.80999755859375,142.13999938964844,33.0,115.27999877929688,619.0999755859375,20.959999084472656,155.99000549316406,267.8999938964844,779.2899780273438,162.3300018310547,80.41000366210938,132.89999389648438,112.52999877929688,145.0,24.139999389648438,180.4199981689453,156.1199951171875,34.52000045776367,224.41000366210938,209.27000427246094,307.3999938964844,45.25,130.22999572753906,76.69999694824219,42.220001220703125,51.36000061035156,134.80999755859375,105.8499984741211,189.00999450683594,119.04000091552734,287.5400085449219,757.0599975585938,241.11000061035156,44.779998779296875,48.54999923706055,78.11000061035156,87.0199966430664,139.69000244140625,32.290000915527344,113.18000030517578,611.010009765625,20.219999313354492,154.4499969482422,263.3500061035156,767.5900268554688,159.74000549316406,78.66999816894531,131.11000061035156,108.58000183105469,141.94000244140625,23.420000076293945,178.47000122070312,151.1699981689453,33.90999984741211,219.1300048828125,205.8699951171875,301.1400146484375,44.7599983215332,128.02000427246094,75.93000030517578,41.540000915527344,50.689998626708984,133.38999938964844,103.83000183105469,190.50999450683594,119.18000030517578,290.4700012207031,757.0599975585938,245.0500030517578,45.11000061035156,48.560001373291016,78.5999984741211,87.80000305175781,140.5500030517578,32.5099983215332,114.19999694824219,614.75,20.219999313354492,154.85000610351562,266.0,771.9500122070312,161.7899932861328,79.61000061035156,132.22999572753906,109.51000213623047,143.19000244140625,23.440000534057617,179.35000610351562,151.80999755859375,34.119998931884766,219.3300018310547,206.39999389648438,305.0400085449219,45.0,129.39999389648438,76.55000305175781,41.869998931884766,51.34000015258789,134.35000610351562,104.33000183105469,4661500,55437700,1967100,1769400,25334100,32414000,9863500,9288000,6212600,7159500,5322300,3647600,1610700,92893900,5319000,8285000,2262200,1895800,18305800,4838600,20159700,185114500,42542600,1227300,10589400,12437700,7712000,11472300,12170300,5605000,2615600,13453200,28680400,28322100,9976600,17087300
2025-06-10,183.52122497558594,123.23999786376953,284.8674621582031,778.866455078125,242.66380310058594,44.35800552368164,47.59193420410156,76.30017852783203,88.25476837158203,137.58746337890625,32.625064849853516,113.82341003417969,605.3929443359375,22.079999923706055,153.5140380859375,263.4759521484375,801.52001953125,159.51808166503906,78.49842071533203,128.71328735351562,113.86743927001953,143.92608642578125,22.71280288696289,173.57135009765625,156.42086791992188,34.7568473815918,225.87680053710938,209.86077880859375,295.45855712890625,43.39873504638672,128.63865661621094,73.83000183105469,41.207061767578125,50.28352737426758,133.30262756347656,103.9078140258789,189.5,123.23999786376953,293.42999267578125,784.969970703125,244.6300048828125,45.09000015258789,49.970001220703125,78.02999877929688,91.18000030517578,143.35000610351562,33.470001220703125,117.87999725341797,614.8699951171875,22.079999923706055,156.4499969482422,268.6000061035156,807.1900024414062,162.63999938964844,81.3499984741211,131.82000732421875,114.13999938964844,143.9600067138672,24.299999237060547,179.41000366210938,159.1300048828125,35.52000045776367,227.32000732421875,212.4600067138672,303.7900085449219,45.2400016784668,131.92999267578125,75.44999694824219,42.529998779296875,51.060001373291016,135.67999267578125,107.22000122070312,191.8800048828125,124.08999633789062,295.6400146484375,788.2899780273438,246.27999877929688,45.20000076293945,50.630001068115234,78.31999969482422,91.69000244140625,144.94000244140625,33.90999984741211,119.5199966430664,616.5499877929688,22.440000534057617,157.44000244140625,268.8999938964844,808.6300048828125,164.55999755859375,81.87999725341797,132.4600067138672,114.91999816894531,144.2899932861328,24.420000076293945,180.67999267578125,159.50999450683594,35.779998779296875,228.0800018310547,213.22999572753906,305.1199951171875,45.40999984741211,133.36000061035156,76.3499984741211,42.80500030517578,51.08000183105469,136.08999633789062,107.6500015258789,188.8000030517578,120.80000305175781,289.7900085449219,776.489990234375,241.39999389648438,44.75,49.119998931884766,77.5199966430664,89.08000183105469,141.91000366210938,32.9900016784668,116.0,609.3099975585938,20.280000686645508,155.02000427246094,265.8500061035156,777.0,161.49000549316406,79.33000183105469,131.14999389648438,111.2300033569336,141.52999877929688,23.959999084472656,178.3300018310547,155.07000732421875,34.349998474121094,222.99000549316406,209.9600067138672,300.5899963378906,44.81999969482422,129.64999389648438,75.12999725341797,42.209999084472656,50.880001068115234,134.25,105.93000030517578,189.0399932861328,121.11000061035156,290.0,779.1099853515625,244.22000122070312,44.79999923706055,49.209999084472656,77.83000183105469,89.33000183105469,142.22000122070312,32.9900016784668,116.33999633789062,613.0,20.5,155.42999267578125,265.8800048828125,777.0900268554688,161.9199981689453,79.33999633789062,131.60000610351562,111.52999877929688,142.69000244140625,23.969999313354492,178.49000549316406,156.19000244140625,34.540000915527344,223.5399932861328,211.61000061035156,303.79998779296875,44.9900016784668,129.9600067138672,76.16000366210938,42.22999954223633,50.9900016784668,134.27000427246094,106.08000183105469,4087500,41691900,2441500,1715500,25491300,32229100,11365600,10942400,9687600,9841500,6319400,4952200,1376400,171457000,6791600,7538100,4744400,1976000,13254100,3816900,22949400,155881900,40439200,1252700,9068400,15648900,7676200,14514000,11384100,5792500,2150600,14892900,46092200,27728600,11488000,17634800
2025-06-11,185.45811462402344,121.13999938964844,283.29473876953125,777.9932861328125,250.87725830078125,44.003849029541016,47.772884368896484,76.64241790771484,90.35514831542969,138.95997619628906,33.599822998046875,115.79322052001953,614.5496215820312,20.68000030517578,152.34637451171875,263.0345153808594,802.9300537109375,161.4993133544922,77.50453186035156,128.7035369873047,115.75292205810547,142.80625915527344,22.881044387817383,171.95571899414062,156.764892578125,34.92319107055664,225.12159729003906,211.48069763183594,302.04290771484375,42.40106964111328,130.71551513671875,73.3211669921875,41.80293655395508,50.22443389892578,133.37139892578125,105.9332504272461,191.5,121.13999938964844,291.80999755859375,784.0900268554688,252.91000366210938,44.72999954223633,50.15999984741211,78.37999725341797,93.3499984741211,144.77999877929688,34.470001220703125,119.91999816894531,624.1699829101562,20.68000030517578,155.25999450683594,268.1499938964844,808.6099853515625,164.66000366210938,80.31999969482422,131.80999755859375,116.02999877929688,142.8300018310547,24.479999542236328,177.74000549316406,159.47999572753906,35.689998626708984,226.55999755859375,214.10000610351562,310.55999755859375,44.20000076293945,134.05999755859375,74.93000030517578,43.14500045776367,51.0,135.75,109.30999755859375,192.72000122070312,124.47000122070312,294.6700134277344,797.25,254.77000427246094,45.40999984741211,50.7599983215332,78.91999816894531,93.81999969482422,145.1199951171875,34.709999084472656,120.58000183105469,629.8400268554688,21.829999923706055,156.60000610351562,269.6199951171875,820.719970703125,166.0,81.68000030517578,133.4499969482422,117.26000213623047,144.99000549316406,24.690000534057617,180.11000061035156,162.13999938964844,35.95000076293945,229.8000030517578,217.42999267578125,311.5799865722656,45.11000061035156,134.58999633789062,75.72000122070312,43.21500015258789,51.34000015258789,136.57000732421875,109.38999938964844,189.05999755859375,119.87999725341797,291.1499938964844,780.6900024414062,243.8000030517578,44.54999923706055,49.86000061035156,77.86000061035156,91.13999938964844,142.61000061035156,33.439998626708984,117.16999816894531,614.5900268554688,20.3799991607666,154.72999572753906,265.7900085449219,805.030029296875,162.55999755859375,79.9800033569336,131.4199981689453,114.7300033569336,141.8699951171875,24.31999969482422,177.16000366210938,157.6999969482422,35.150001525878906,224.27000427246094,212.9499969482422,302.2300109863281,44.130001068115234,131.0,74.56999969482422,42.400001525878906,50.810001373291016,135.33999633789062,106.45999908447266,189.33999633789062,124.44000244140625,293.2099914550781,790.0499877929688,246.36000061035156,45.20000076293945,50.04999923706055,78.19999694824219,91.81999969482422,144.19000244140625,33.77000045776367,118.94999694824219,617.1799926757812,21.780000686645508,156.3000030517578,268.67999267578125,809.6500244140625,164.44000244140625,81.3499984741211,132.02999877929688,115.5999984741211,144.61000061035156,24.329999923706055,179.82000732421875,160.0,35.650001525878906,228.89999389648438,215.0,302.67999267578125,45.08000183105469,133.5,75.54000091552734,42.81999969482422,51.11000061035156,135.7100067138672,107.76000213623047,3908000,32261900,1828300,1365900,24599000,47873500,11024600,9030500,8738500,9256700,8716400,3893000,2063600,146784500,6016000,7434100,3125400,2019200,11803300,5810200,21614100,167694000,38558700,2552900,8859900,14446000,10405600,13326400,14711400,13017700,2400700,16442400,48996600,39368400,13644000,22648200
2025-06-12,186.34910583496094,118.5,288.6148376464844,780.0968627929688,254.01185607910156,43.895633697509766,48.27766418457031,76.4957504272461,91.65216064453125,139.142333984375,33.463356018066406,116.44015502929688,615.4751586914062,20.770000457763672,153.7200927734375,263.1227722167969,806.3260498046875,161.90142822265625,78.95195007324219,128.81094360351562,115.9025650024414,144.9759063720703,23.217531204223633,171.95571899414062,155.99818420410156,34.86448287963867,225.4296417236328,213.57249450683594,309.7651672363281,42.36268997192383,130.16949462890625,72.4209213256836,41.94826889038086,50.22443389892578,134.41282653808594,106.34028625488281,192.4199981689453,118.5,297.2900085449219,786.2100219726562,256.07000732421875,44.619998931884766,50.689998626708984,78.2300033569336,94.69000244140625,144.97000122070312,34.33000183105469,120.58999633789062,625.1099853515625,20.770000457763672,156.66000366210938,268.239990234375,812.030029296875,165.07000732421875,81.81999969482422,131.9199981689453,116.18000030517578,145.0,24.84000015258789,177.74000549316406,158.6999969482422,35.630001068115234,226.8699951171875,215.42999267578125,318.5,44.15999984741211,133.5,74.01000213623047,43.29499816894531,51.0,136.80999755859375,109.7300033569336,193.58999633789062,122.25,297.44000244140625,789.5700073242188,257.8900146484375,44.650001525878906,50.7400016784668,78.26000213623047,94.76000213623047,145.1999969482422,34.36000061035156,120.76000213623047,626.010009765625,20.979999542236328,156.67999267578125,268.2900085449219,818.5599975585938,165.16000366210938,82.11000061035156,132.0,116.4800033569336,145.0,24.8799991607666,178.38999938964844,159.61000061035156,35.70000076293945,228.0,215.8800048828125,318.79998779296875,44.16999816894531,133.5800018310547,74.5199966430664,43.310001373291016,51.0099983215332,136.83999633789062,110.19000244140625,187.41000366210938,118.02999877929688,292.67999267578125,782.3400268554688,249.5,44.02000045776367,49.95000076293945,77.33999633789062,92.12999725341797,143.42999267578125,33.66999816894531,118.45999908447266,615.7999877929688,20.40999984741211,155.1699981689453,265.1400146484375,806.3499755859375,161.66000366210938,80.06999969482422,129.8000030517578,113.5199966430664,141.85000610351562,24.530000686645508,175.1300048828125,157.9499969482422,34.91999816894531,224.60000610351562,211.91000366210938,308.510009765625,43.599998474121094,131.27999877929688,73.16999816894531,42.630001068115234,50.5,135.49000549316406,108.22000122070312,192.1999969482422,120.62000274658203,294.2099914550781,785.4400024414062,250.19000244140625,44.400001525878906,50.15999984741211,77.80000305175781,92.69999694824219,144.5,34.31999969482422,119.26000213623047,621.0,20.5,156.24000549316406,266.8599853515625,810.3300170898438,162.6999969482422,80.19000244140625,130.66000366210938,114.11000061035156,141.97000122070312,24.530000686645508,177.27000427246094,159.0,35.25,224.94000244140625,212.9199981689453,311.3999938964844,44.0099983215332,132.75999450683594,74.33000183105469,42.94499969482422,50.70000076293945,135.75999450683594,108.91999816894531,5781400,44718400,2159700,999600,20410900,30165400,9620400,6739700,7862300,6999400,6149500,3318600,1634700,78175900,7075500,6618000,2271100,1726000,13169200,4258700,17076500,162365000,42465400,1647400,5689400,10046700,5149200,9796100,15957200,9552800,2124600,14522500,34028200,25500900,9809500,17469400
2025-06-13,185.05137634277344,116.16000366210938,286.6052551269531,755.082763671875,246.70111083984375,43.374237060546875,47.38240051269531,74.66720581054688,93.8493423461914,140.04454040527344,34.46460723876953,120.96876525878906,604.0834350585938,20.139999389648438,154.15185546875,259.8955383300781,813.6045532226562,162.960693359375,78.84580993652344,126.43821716308594,115.3239517211914,141.94639587402344,22.9371280670166,167.7279052734375,152.0859375,35.52008819580078,219.55715942382812,209.27984619140625,304.93145751953125,41.240318298339844,130.76426696777344,70.80635833740234,42.67978286743164,49.200252532958984,133.74476623535156,108.65644836425781,191.0800018310547,116.16000366210938,295.2200012207031,761.0,248.6999969482422,44.09000015258789,49.75,76.36000061035156,96.95999908447266,145.91000366210938,35.11000061035156,125.27999877929688,613.5399780273438,20.139999389648438,157.10000610351562,264.95001220703125,819.3599853515625,166.14999389648438,81.70999908447266,129.49000549316406,115.5999984741211,141.97000122070312,24.540000915527344,173.3699951171875,154.72000122070312,36.29999923706055,220.9600067138672,211.10000610351562,313.5299987792969,42.9900016784668,134.11000061035156,72.36000061035156,44.04999923706055,49.959999084472656,136.1300048828125,112.12000274658203,193.47000122070312,117.87999725341797,299.489990234375,772.9299926757812,254.0,44.459999084472656,50.459999084472656,77.2300033569336,98.25,147.60000610351562,35.599998474121094,125.87999725341797,620.1199951171875,20.600000381469727,157.6699981689453,267.0199890136719,825.0,166.72000122070312,82.44000244140625,131.07000732421875,117.0999984741211,143.5800018310547,24.950000762939453,176.22999572753906,157.1699981689453,36.439998626708984,224.5800018310547,213.25999450683594,317.4200134277344,43.810001373291016,134.13999938964844,73.79000091552734,44.28499984741211,50.459999084472656,137.3300018310547,112.52999877929688,190.2899932861328,115.05999755859375,294.07000732421875,759.8699951171875,248.35000610351562,43.65999984741211,49.650001525878906,76.11000061035156,95.45999908447266,144.5399932861328,34.650001525878906,122.5,609.5900268554688,20.100000381469727,155.97000122070312,262.7099914550781,808.0999755859375,163.86000061035156,81.44999694824219,128.80999755859375,113.66000366210938,140.85000610351562,24.459999084472656,172.72999572753906,154.44000244140625,35.56999969482422,220.3000030517578,209.39999389648438,311.9100036621094,42.849998474121094,131.9600067138672,71.93000030517578,43.474998474121094,49.810001373291016,135.67999267578125,110.68000030517578,191.55999755859375,116.05000305175781,294.7300109863281,766.8900146484375,250.66000366210938,44.0,50.2400016784668,77.04000091552734,96.52999877929688,147.0800018310547,35.2599983215332,125.23999786376953,616.0499877929688,20.329999923706055,155.97000122070312,265.0799865722656,810.3400268554688,164.63999938964844,81.6500015258789,130.19000244140625,113.80000305175781,142.47999572753906,24.790000915527344,175.5800018310547,156.33999633789062,36.209999084472656,221.99000549316406,210.11000061035156,315.8999938964844,43.70000076293945,132.02999877929688,72.91999816894531,44.10499954223633,50.349998474121094,136.05999755859375,112.3499984741211,4965700,39702700,2191200,1742900,19028400,43281700,9499400,11987200,16849700,14148000,12706100,7915200,1674800,87655900,6587500,7098300,2754600,2705100,14550500,4367500,17453000,180820600,46368400,1727600,8446400,15387400,10484600,10152500,13762400,9468800,3758300,21168300,84194800,54921900,13722800,28540200
2025-06-16,184.8383026123047,126.38999938964844,286.9353332519531,769.2022094726562,250.07376098632812,43.68904113769531,46.344268798828125,76.33929443359375,91.95221710205078,140.1597137451172,33.983612060546875,118.94103240966797,618.1729125976562,20.739999771118164,152.30712890625,265.2023010253906,801.9072265625,163.57861328125,78.90428161621094,127.81497955322266,119.5538330078125,144.66595458984375,22.806270599365234,169.4403076171875,154.1993408203125,35.138465881347656,226.49111938476562,213.8203582763672,301.3465576171875,41.393802642822266,134.32321166992188,71.57939147949219,42.55382537841797,49.76158142089844,133.3321075439453,109.00532531738281,190.86000061035156,126.38999938964844,295.55999755859375,775.22998046875,252.10000610351562,44.40999984741211,48.65999984741211,78.06999969482422,95.0,146.02999877929688,34.619998931884766,123.18000030517578,627.8499755859375,20.739999771118164,155.22000122070312,270.3599853515625,807.5800170898438,166.77999877929688,80.95999908447266,130.89999389648438,119.83999633789062,144.69000244140625,24.399999618530273,175.13999938964844,156.8699951171875,35.90999984741211,227.44000244140625,215.67999267578125,307.6600036621094,43.150001525878906,137.75999450683594,73.1500015258789,43.91999816894531,50.529998779296875,135.7100067138672,112.4800033569336,191.66000366210938,128.13999938964844,298.7699890136719,779.1900024414062,255.19000244140625,44.88999938964844,49.439998626708984,78.30000305175781,96.91999816894531,146.8699951171875,35.189998626708984,124.87000274658203,632.27001953125,20.93000030517578,156.5,271.7300109863281,825.0,167.77000427246094,81.3499984741211,132.8000030517578,120.95999908447266,146.17999267578125,24.59000015258789,176.55999755859375,158.4499969482422,36.40999984741211,228.5800018310547,217.60000610351562,313.2699890136719,43.61000061035156,138.4499969482422,73.72000122070312,44.375,50.880001068115234,136.8300018310547,113.16000366210938,188.92999267578125,117.77999877929688,292.4599914550781,765.97998046875,249.57000732421875,44.349998474121094,48.25,76.94999694824219,94.01000213623047,143.74000549316406,34.27000045776367,121.66000366210938,618.0,20.299999237060547,154.4499969482422,266.8500061035156,805.760009765625,163.6199951171875,79.70999908447266,130.2899932861328,117.31999969482422,143.1999969482422,24.280000686645508,174.1199951171875,155.63999938964844,35.58000183105469,223.24000549316406,212.72999572753906,304.7900085449219,43.099998474121094,133.97999572753906,72.93000030517578,43.59000015258789,50.310001373291016,135.0800018310547,111.12999725341797,190.89999389648438,118.63999938964844,296.30999755859375,766.3699951171875,250.35000610351562,44.63999938964844,49.33000183105469,77.12999725341797,96.12000274658203,145.72999572753906,34.400001525878906,123.38999938964844,619.0,20.40999984741211,156.4199981689453,267.0,821.6799926757812,164.61000061035156,80.87999725341797,130.2899932861328,117.80999755859375,143.35000610351562,24.5,175.2100067138672,157.02999877929688,36.13999938964844,223.58999633789062,213.0,313.0,43.560001373291016,135.0,73.4000015258789,43.93000030517578,50.31999969482422,136.4199981689453,111.81999969482422,4203900,100968500,2047600,1454500,20363000,34103600,14974400,10396600,10330400,10105100,9279000,5142500,1870400,86745100,7024000,8566000,2821800,2885800,12569400,6240500,21374100,183133700,35102100,1260100,8686300,16121500,5772500,10932900,14240100,14247900,3427800,16231500,69406600,35632400,14171000,22986100
2025-06-17,179.62806701660156,127.0999984741211,281.5860900878906,753.95166015625,247.36570739746094,43.511962890625,44.98232650756836,75.64503479003906,92.43617248535156,142.8663787841797,34.071956634521484,120.35078430175781,615.0123901367188,20.799999237060547,149.52041625976562,264.3783264160156,785.6820678710938,166.81524658203125,76.2923355102539,127.02406311035156,120.0526351928711,144.09603881835938,22.432397842407227,167.56344604492188,151.83035278320312,35.30481719970703,224.69862365722656,212.0557098388672,302.53173828125,40.9525260925293,138.23316955566406,70.94334411621094,42.95107650756836,49.47599792480469,131.13136291503906,110.4783706665039,185.47999572753906,127.0999984741211,290.04998779296875,759.8599853515625,249.3699951171875,44.22999954223633,47.22999954223633,77.36000061035156,95.5,148.85000610351562,34.709999084472656,124.63999938964844,624.6400146484375,20.799999237060547,152.3800048828125,269.5199890136719,791.239990234375,170.0800018310547,78.27999877929688,130.08999633789062,120.33999633789062,144.1199951171875,24.0,173.1999969482422,154.4600067138672,36.08000183105469,225.63999938964844,213.89999389648438,308.8699951171875,42.689998626708984,141.77000427246094,72.5,44.33000183105469,50.2400016784668,133.47000122070312,114.0,190.61000061035156,130.6999969482422,295.79998779296875,773.2100219726562,253.9600067138672,44.66999816894531,48.560001373291016,77.98999786376953,96.75,149.97999572753906,35.47999954223633,125.95999908447266,631.6699829101562,21.479999542236328,155.27999877929688,270.5899963378906,805.1599731445312,171.33999633789062,80.69999694824219,131.1699981689453,123.51000213623047,145.22000122070312,24.31999969482422,174.99000549316406,157.5800018310547,36.599998474121094,229.63999938964844,215.94000244140625,309.95001220703125,43.16999816894531,142.92999267578125,73.20999908447266,44.65999984741211,50.47999954223633,135.41000366210938,114.93000030517578,185.02999877929688,126.58000183105469,289.6300048828125,758.2100219726562,247.9199981689453,44.060001373291016,47.15999984741211,77.11000061035156,94.83000183105469,146.5,34.58000183105469,123.63999938964844,623.0,20.6200008392334,152.10000610351562,267.79998779296875,788.9400024414062,166.25,78.19000244140625,129.66000366210938,119.3499984741211,143.77999877929688,23.90999984741211,172.8800048828125,154.38999938964844,35.849998474121094,225.47999572753906,213.5,305.5199890136719,42.61000061035156,137.82000732421875,72.30000305175781,44.0099983215332,50.09000015258789,133.2899932861328,113.11000061035156,189.16000366210938,127.93000030517578,294.4100036621094,766.780029296875,250.9499969482422,44.27000045776367,48.400001525878906,77.5,95.93000030517578,147.3300018310547,35.08000183105469,124.58999633789062,624.7000122070312,20.6299991607666,154.97000122070312,268.1700134277344,805.1599731445312,168.36000061035156,80.27999877929688,129.83999633789062,119.5999984741211,144.49000549316406,24.270000457763672,173.5399932861328,156.64999389648438,36.220001220703125,226.4499969482422,213.88999938964844,307.45001220703125,42.970001220703125,139.38999938964844,72.77999877929688,44.28499984741211,50.27000045776367,135.10000610351562,113.94999694824219,4733900,86623900,2515100,1422800,22014300,27489600,12453800,8078600,9468100,11330300,10043300,4563500,1479300,87512200,6407100,6739300,2875600,3850800,14040600,4767700,20837700,139108000,40408800,1422200,7146900,16172900,7290000,8389700,11593900,10921100,4292500,14156800,67884200,31130700,13506000,19451700
2025-06-18,179.6377410888672,126.79000091552734,281.1783752441406,755.7178344726562,249.24050903320312,44.3284912109375,44.61088562011719,76.61308288574219,90.79071807861328,142.23289489746094,33.414276123046875,119.52037811279297,625.448974609375,21.489999771118164,147.90138244628906,268.7336730957031,779.5156860351562,164.20632934570312,77.27668762207031,129.3968048095703,121.52909851074219,145.455810546875,22.320234298706055,169.5660858154297,151.01449584960938,35.07975387573242,225.61477661132812,211.65914916992188,300.89599609375,41.508914947509766,135.9418182373047,73.13523864746094,42.67009353637695,49.456295013427734,130.9053955078125,109.69339752197266,185.49000549316406,126.79000091552734,289.6300048828125,761.6400146484375,251.25999450683594,45.060001373291016,46.84000015258789,78.3499984741211,93.80000305175781,148.19000244140625,34.040000915527344,123.77999877929688,635.239990234375,21.489999771118164,150.72999572753906,273.9599914550781,785.030029296875,167.4199981689453,79.29000091552734,132.52000427246094,121.81999969482422,145.47999572753906,23.8799991607666,175.27000427246094,153.6300048828125,35.849998474121094,226.55999755859375,213.5,307.20001220703125,43.27000045776367,139.4199981689453,74.73999786376953,44.040000915527344,50.220001220703125,133.24000549316406,113.19000244140625,187.1199951171875,129.2100067138672,291.8699951171875,768.0,255.63999938964844,45.20000076293945,47.369998931884766,78.97000122070312,96.1500015258789,150.1699981689453,35.41999816894531,126.7300033569336,639.8800048828125,21.600000381469727,152.64999389648438,277.7200012207031,790.6300048828125,171.33999633789062,80.30999755859375,132.9600067138672,122.9800033569336,145.64999389648438,24.079999923706055,176.85000610351562,156.10000610351562,36.439998626708984,229.19000244140625,215.1699981689453,311.7900085449219,43.41999816894531,142.52999877929688,75.13999938964844,44.71500015258789,50.77000045776367,134.1199951171875,115.23999786376953,183.6999969482422,125.7699966430664,286.6000061035156,754.239990234375,249.41000366210938,44.209999084472656,46.38999938964844,77.26000213623047,93.30999755859375,147.6999969482422,33.88999938964844,123.13999938964844,623.6500244140625,20.65999984741211,150.7100067138672,269.7200012207031,779.4400024414062,167.27999877929688,77.0999984741211,129.92999267578125,120.18000030517578,143.1199951171875,23.770000457763672,172.88999938964844,153.14999389648438,35.81999969482422,225.10000610351562,212.88999938964844,306.2300109863281,42.54999923706055,139.27999877929688,72.56999969482422,43.939998626708984,50.150001525878906,132.49000549316406,112.94000244140625,185.25,128.00999450683594,290.7900085449219,764.72998046875,250.88999938964844,44.2599983215332,47.310001373291016,77.4000015258789,95.5199966430664,149.44000244140625,35.0,125.0,624.510009765625,20.809999465942383,152.57000732421875,270.0,789.9500122070312,169.52999877929688,78.05000305175781,130.02000427246094,120.45999908447266,144.00999450683594,23.959999084472656,173.14999389648438,155.0,36.099998474121094,226.85000610351562,214.6999969482422,307.54998779296875,42.560001373291016,141.25999450683594,72.6500015258789,44.4900016784668,50.220001220703125,133.47999572753906,114.61000061035156,3573200,49627100,2026800,1372500,30435500,37684700,15864200,14866100,9116000,9841900,11401800,4553000,2423100,94200600,8325200,9586400,2442900,2593700,23803400,6170400,20180000,161494100,37076200,1858900,6708700,17588600,6657600,6932000,12205600,12696500,2872700,23498300,70473000,45728200,12185300,17968900
2025-06-20,179.4537353515625,128.24000549316406,280.8870849609375,750.6476440429688,248.5644073486328,44.761348724365234,44.62993240356445,76.71086883544922,91.65216064453125,143.53822326660156,33.6596794128418,121.00739288330078,630.9232788085938,21.079999923706055,146.97900390625,269.7538146972656,757.372314453125,165.87367248535156,77.05252838134766,129.58233642578125,123.30485534667969,143.8260955810547,22.404356002807617,171.61708068847656,148.74383544921875,35.06997299194336,224.1708526611328,207.70355224609375,295.8125,41.52810287475586,137.5798797607422,73.78108215332031,43.106101989746094,49.59416961669922,130.276611328125,111.15673828125,185.3000030517578,128.24000549316406,289.3299865722656,756.530029296875,249.99000549316406,45.5,46.86000061035156,78.44999694824219,94.69000244140625,149.5500030517578,34.290000915527344,125.31999969482422,640.7999877929688,21.079999923706055,149.7899932861328,275.0,762.72998046875,169.1199951171875,79.05999755859375,132.7100067138672,123.5999984741211,143.85000610351562,23.969999313354492,177.38999938964844,151.32000732421875,35.84000015258789,225.11000061035156,209.50999450683594,302.010009765625,43.290000915527344,141.10000610351562,75.4000015258789,44.4900016784668,50.36000061035156,132.60000610351562,114.69999694824219,187.10000610351562,132.80999755859375,294.54998779296875,769.010009765625,253.52000427246094,45.650001525878906,47.400001525878906,79.2699966430664,95.18000030517578,149.89999389648438,34.38999938964844,125.95999908447266,642.6400146484375,21.889999389648438,151.39999389648438,277.29998779296875,786.0,169.92999267578125,79.91999816894531,133.3699951171875,124.16000366210938,146.1999969482422,24.09000015258789,178.5800018310547,155.1199951171875,36.06999969482422,229.0800018310547,215.5,309.5899963378906,43.54999923706055,141.97999572753906,75.77999877929688,44.6150016784668,50.58000183105469,133.8000030517578,115.04000091552734,184.16000366210938,127.55000305175781,288.5400085449219,736.25,244.1699981689453,45.27000045776367,46.720001220703125,78.33000183105469,93.69000244140625,147.89999389648438,33.7599983215332,123.80000305175781,636.6900024414062,20.8799991607666,149.0399932861328,273.80999755859375,755.5599975585938,167.1699981689453,78.5999984741211,131.91000366210938,120.37999725341797,142.64999389648438,23.770000457763672,176.25,150.6300048828125,35.4900016784668,222.16000366210938,208.14999389648438,301.5899963378906,43.18000030517578,139.0,75.06999969482422,44.084999084472656,50.220001220703125,132.41000366210938,113.18000030517578,186.08999633789062,129.0,292.1700134277344,768.3699951171875,253.2100067138672,45.310001373291016,46.91999816894531,78.87999725341797,94.3499984741211,148.52000427246094,34.119998931884766,123.98999786376953,638.8300170898438,21.700000762939453,151.25999450683594,275.57000732421875,786.0,167.6199951171875,79.25,133.35000610351562,122.7699966430664,145.4499969482422,24.0,176.86000061035156,154.22999572753906,35.939998626708984,228.7899932861328,215.1999969482422,309.5,43.349998474121094,140.08999633789062,75.23999786376953,44.21500015258789,50.369998931884766,133.6999969482422,113.44999694824219,12158100,79931000,6801300,2303900,42134900,64591600,47287200,17336500,16026400,23705900,15001600,11229400,4115400,133472800,22605500,13969700,6210600,6556500,34052300,8904400,29290400,242956200,63098100,5431300,15501900,30021000,8202300,16992000,16177900,22312700,5438600,27677500,56744800,44456100,13744900,36273300
2025-06-23,177.96231079101562,129.5800018310547,264.489990234375,773.6572265625,252.32284545898438,45.548362731933594,44.687076568603516,77.60070037841797,88.76776123046875,140.9563446044922,32.22652053833008,117.79197692871094,636.9096069335938,21.190000534057617,148.48031616210938,272.9614562988281,765.226806640625,163.41188049316406,78.12459564208984,130.84193420410156,121.78848266601562,144.1460418701172,22.460437774658203,174.8677520751953,150.53282165527344,33.00530242919922,225.5649871826172,208.506591796875,294.5097961425781,42.2955436706543,133.64068603515625,75.35651397705078,42.016014099121094,50.218692779541016,130.4641571044922,108.2881851196289,183.75999450683594,129.5800018310547,272.44000244140625,779.719970703125,253.77000427246094,46.29999923706055,46.91999816894531,79.36000061035156,91.70999908447266,146.86000061035156,32.83000183105469,121.98999786376953,646.8800048828125,21.190000534057617,151.32000732421875,278.2699890136719,770.6400146484375,166.61000061035156,80.16000366210938,134.0,122.08000183105469,144.1699981689453,24.030000686645508,180.75,153.13999938964844,33.72999954223633,226.50999450683594,210.32000732421875,300.67999267578125,44.09000015258789,137.05999755859375,77.01000213623047,43.01499938964844,50.81999969482422,132.16000366210938,111.73999786376953,185.8000030517578,133.25,290.6600036621094,780.75,254.2100067138672,46.369998931884766,47.18000030517578,79.44999694824219,96.30999755859375,152.14999389648438,35.0,127.80999755859375,647.4199829101562,21.579999923706055,151.42999267578125,278.54998779296875,793.2100219726562,170.7100067138672,80.22000122070312,134.10000610351562,124.51000213623047,144.77999877929688,24.09000015258789,180.89999389648438,153.52000427246094,36.16999816894531,227.88999938964844,210.58999633789062,302.4700012207031,44.119998931884766,142.47999572753906,77.02999877929688,44.71500015258789,50.84000015258789,132.74000549316406,116.94999694824219,182.3000030517578,126.81999969482422,267.8299865722656,759.8099975585938,246.4600067138672,45.11000061035156,46.31999969482422,77.51000213623047,91.1500015258789,146.32000732421875,32.720001220703125,121.5199966430664,630.010009765625,20.729999542236328,149.74000549316406,272.1099853515625,763.8300170898438,165.72999572753906,78.98999786376953,130.89999389648438,119.80999755859375,142.02999877929688,23.770000457763672,176.1699981689453,149.67999267578125,33.619998931884766,221.86000061035156,206.1999969482422,295.5199890136719,42.93000030517578,136.11000061035156,74.81999969482422,42.83000183105469,49.84000015258789,130.97999572753906,111.16000366210938,184.49000549316406,130.47000122070312,290.0799865722656,761.260009765625,249.11000061035156,45.400001525878906,46.88999938964844,78.37000274658203,96.25,152.1199951171875,34.869998931884766,126.86000061035156,639.260009765625,21.06999969482422,149.74000549316406,275.05999755859375,770.530029296875,170.5800018310547,79.23999786376953,132.05999755859375,123.66999816894531,142.5,23.8700008392334,176.61000061035156,151.22999572753906,36.15999984741211,225.02000427246094,206.6300048828125,301.8999938964844,43.18000030517578,142.22999572753906,75.12999725341797,44.685001373291016,50.20000076293945,132.05999755859375,116.69999694824219,5157900,65152900,5764900,1302800,19747000,42683600,9508300,12007200,9749700,10540600,15657400,5080000,2020800,81461000,7397900,8094600,3951500,3356800,18553800,5232400,23399200,154308900,31959100,1853000,6860700,25846100,7115100,7535500,12274700,12500800,3229200,17375700,105688200,43022700,14181600,26631100
2025-06-24,179.69586181640625,138.42999267578125,269.3926086425781,807.03564453125,262.26580810546875,45.90251922607422,44.79184341430664,79.34123992919922,86.5221939086914,137.7794189453125,31.755342483520508,116.52706909179688,651.9048461914062,22.549999237060547,149.33396911621094,275.8944091796875,772.6145629882812,162.1171875,78.28052520751953,132.69711303710938,127.60456085205078,147.8754119873047,22.722148895263672,176.09642028808594,153.05908203125,32.78024673461914,234.11917114257812,218.1923370361328,299.3484191894531,42.72722625732422,132.4608612060547,76.43289184570312,41.469024658203125,50.96969985961914,132.06338500976562,104.99320983886719,185.5500030517578,138.42999267578125,277.489990234375,813.3599853515625,263.7699890136719,46.65999984741211,47.029998779296875,81.13999938964844,89.38999938964844,143.5500030517578,32.349998474121094,120.68000030517578,662.1099853515625,22.549999237060547,152.19000244140625,281.260009765625,778.0800170898438,165.2899932861328,80.31999969482422,135.89999389648438,127.91000366210938,147.89999389648438,24.309999465942383,182.02000427246094,155.7100067138672,33.5,235.10000610351562,220.08999633789062,305.6199951171875,44.540000915527344,135.85000610351562,78.11000061035156,42.45500183105469,51.58000183105469,133.77999877929688,108.33999633789062,186.13999938964844,138.7899932861328,280.010009765625,813.4600219726562,265.8699951171875,47.189998626708984,47.400001525878906,81.44999694824219,91.6500015258789,146.38999938964844,32.849998474121094,122.2699966430664,663.77001953125,22.690000534057617,152.72000122070312,282.7099914550781,784.4400024414062,167.27000427246094,81.45999908447266,136.67999267578125,128.10000610351562,147.9600067138672,24.399999618530273,184.30999755859375,156.3000030517578,33.97999954223633,235.36000061035156,220.3699951171875,305.82000732421875,44.95000076293945,137.44000244140625,78.75,42.900001525878906,51.77000045776367,134.0800018310547,110.94000244140625,183.19000244140625,132.92999267578125,269.010009765625,786.1099853515625,258.7699890136719,46.56999969482422,46.709999084472656,79.87999725341797,89.04000091552734,143.16000366210938,32.099998474121094,119.80000305175781,653.239990234375,21.329999923706055,150.97999572753906,279.510009765625,763.02001953125,163.39999389648438,79.08999633789062,135.00999450683594,124.95999908447266,145.5,24.110000610351562,181.00999450683594,154.14999389648438,33.060001373291016,230.4600067138672,213.8800048828125,299.3299865722656,44.43000030517578,134.75,77.72000122070312,42.29499816894531,51.279998779296875,132.0,107.91000366210938,184.52000427246094,133.42999267578125,273.1300048828125,786.1099853515625,258.7699890136719,46.75,47.08000183105469,80.0,90.23999786376953,144.5399932861328,32.130001068115234,120.87999725341797,654.4500122070312,21.34000015258789,151.5,280.2099914550781,772.8900146484375,164.60000610351562,80.37000274658203,135.67999267578125,125.11000061035156,145.55999755859375,24.139999389648438,182.4600067138672,154.72999572753906,33.27000045776367,230.57000732421875,214.38999938964844,301.45001220703125,44.52000045776367,135.92999267578125,77.72000122070312,42.38999938964844,51.31999969482422,132.50999450683594,109.25,4074400,78572000,3686900,2039600,32764900,45437600,14585000,18393000,11016200,10778400,8636300,3980900,2307800,130368700,9544200,9267900,2788500,2875800,15906400,5599900,26420600,187566100,34404200,1683400,7692700,24521000,7017500,14814700,8781400,10996900,2973200,16342300,65358800,41225000,11272900,24828300
2025-06-25,179.5408935546875,143.39999389648438,272.1691589355469,808.9010620117188,263.14080810546875,46.08943176269531,44.45849609375,80.79820251464844,86.14471435546875,137.4722900390625,31.53938865661621,115.6966552734375,659.5452270507812,22.200000762939453,149.42230224609375,278.6409912109375,786.7345581054688,162.50953674316406,77.64703369140625,134.47425842285156,126.94613647460938,154.28436279296875,22.6754150390625,176.57044982910156,153.27532958984375,32.467124938964844,236.22036743164062,220.81948852539062,295.8222961425781,42.99583435058594,132.3341064453125,77.37227630615234,41.2883186340332,50.80171203613281,132.1818389892578,105.02228546142578,185.38999938964844,143.39999389648438,280.3500061035156,815.239990234375,264.6499938964844,46.849998474121094,46.68000030517578,82.62999725341797,89.0,143.22999572753906,32.130001068115234,119.81999969482422,669.8699951171875,22.200000762939453,152.27999877929688,284.05999755859375,792.2999877929688,165.69000244140625,79.66999816894531,137.72000122070312,127.25,154.30999755859375,24.260000228881836,182.50999450683594,155.92999267578125,33.18000030517578,237.2100067138672,222.74000549316406,302.0199890136719,44.81999969482422,135.72000122070312,79.06999969482422,42.27000045776367,51.40999984741211,133.89999389648438,108.37000274658203,187.08999633789062,144.17999267578125,280.5400085449219,819.5399780273438,269.8699951171875,46.97999954223633,47.0,82.70999908447266,90.0199966430664,144.1999969482422,32.5099983215332,121.18000030517578,670.1199951171875,22.770000457763672,153.07000732421875,284.2799987792969,798.9500122070312,167.19000244140625,80.12000274658203,137.88999938964844,127.5,154.4499969482422,24.3700008392334,182.63999938964844,156.52999877929688,33.720001220703125,237.24000549316406,223.5,304.3800048828125,44.90999984741211,137.5,79.30999755859375,42.560001373291016,51.599998474121094,134.2899932861328,109.23999786376953,184.63999938964844,139.4600067138672,273.1300048828125,806.219970703125,263.42999267578125,46.459999084472656,46.470001220703125,81.08000183105469,88.80000305175781,142.50999450683594,32.04999923706055,119.2699966430664,660.7899780273438,22.1299991607666,150.72999572753906,280.9100036621094,773.5999755859375,164.5,79.16000366210938,135.41000366210938,125.62000274658203,149.25999450683594,24.06999969482422,180.4499969482422,154.58999633789062,33.04999923706055,234.8000030517578,220.8000030517578,299.79998779296875,44.33000183105469,134.66000366210938,77.98999786376953,42.130001068115234,51.29999923706055,132.77000427246094,107.69999694824219,185.3000030517578,140.94000244140625,275.79998779296875,816.75,266.0,46.58000183105469,47.0,81.13999938964844,89.30999755859375,143.41000366210938,32.25,120.23999786376953,664.5999755859375,22.579999923706055,151.3800048828125,281.5,779.0,165.1300048828125,79.63999938964844,136.1199951171875,126.61000061035156,149.27000427246094,24.209999084472656,181.52999877929688,156.10000610351562,33.4900016784668,236.66000366210938,220.8000030517578,304.3800048828125,44.40999984741211,135.5800018310547,78.27999877929688,42.404998779296875,51.59000015258789,133.52000427246094,108.11000061035156,4471100,74607200,2740300,1400100,18894200,33532400,9013100,13221900,8380800,7386100,6371600,2799000,1566400,64975100,7153700,6826900,3023100,2006900,12753200,5736400,39407000,269146500,25603300,2403300,5280100,13448800,5252500,9168400,8722100,8481800,2327800,13954500,43723000,33123900,11996400,17483200
2025-06-26,180.89674377441406,143.67999267578125,270.96533203125,791.884521484375,268.62933349609375,46.68952941894531,44.429931640625,82.49964141845703,87.97407531738281,138.63363647460938,31.882951736450195,116.9615707397461,676.5687255859375,22.5,149.1573486328125,283.2414855957031,789.5347900390625,164.3043975830078,76.82836151123047,136.45640563964844,125.69912719726562,154.99423217773438,22.656721115112305,179.4728240966797,155.4968719482422,33.10315704345703,238.0725860595703,222.0785369873047,296.4100036621094,43.763267517089844,133.55291748046875,78.2431640625,41.87926483154297,51.177215576171875,132.49774169921875,106.59223937988281,186.7899932861328,143.67999267578125,279.1099853515625,798.0900268554688,270.1700134277344,47.459999084472656,46.650001525878906,84.37000274658203,90.88999938964844,144.44000244140625,32.47999954223633,121.12999725341797,687.1599731445312,22.5,152.00999450683594,288.75,795.1199951171875,167.52000427246094,78.83000183105469,139.75,126.0,155.02000427246094,24.239999771118164,185.50999450683594,158.19000244140625,33.83000183105469,239.07000732421875,224.00999450683594,302.6199951171875,45.619998931884766,136.97000122070312,79.95999908447266,42.875,51.790000915527344,134.22000122070312,109.98999786376953,188.99000549316406,146.0,286.1700134277344,800.8800048828125,271.6700134277344,47.58000183105469,47.06999969482422,84.79000091552734,90.91000366210938,145.0800018310547,32.79999923706055,121.16000366210938,689.3300170898438,22.6200008392334,153.22000122070312,289.4100036621094,798.7999877929688,168.80999755859375,80.25,140.1999969482422,129.85000610351562,156.72000122070312,24.43000030517578,185.8699951171875,158.4199981689453,33.869998931884766,239.64999389648438,225.22000122070312,306.7099914550781,45.68000030517578,137.89999389648438,80.0999984741211,42.959999084472656,51.83000183105469,135.16000366210938,110.44000244140625,185.7899932861328,141.91000366210938,277.75,786.5,264.1300048828125,46.900001525878906,46.470001220703125,82.66999816894531,89.20999908447266,143.39999389648438,32.189998626708984,119.45999908447266,670.510009765625,22.209999084472656,151.52999877929688,284.4700012207031,788.25,165.77000427246094,78.37000274658203,137.83999633789062,123.79000091552734,154.0,24.15999984741211,182.97999572753906,155.91000366210938,33.16999816894531,237.17999267578125,222.6999969482422,301.2900085449219,44.939998626708984,134.5399932861328,79.19000244140625,42.2599983215332,51.40999984741211,133.75,108.55000305175781,186.52999877929688,145.97000122070312,280.0,799.760009765625,265.0799865722656,46.95000076293945,46.900001525878906,82.66999816894531,89.27999877929688,143.6999969482422,32.20000076293945,120.0,670.6199951171875,22.399999618530273,152.6999969482422,284.70001220703125,793.9500122070312,166.64999389648438,79.83999633789062,138.00999450683594,129.52999877929688,155.97999572753906,24.31999969482422,183.44000244140625,156.5,33.27000045776367,239.0399932861328,224.97999572753906,302.57000732421875,45.0,136.0800018310547,79.44000244140625,42.3650016784668,51.439998626708984,134.17999267578125,108.94000244140625,5734000,58180100,2998200,1705800,23569600,40127000,7325600,18600500,6545000,7415700,6190200,2705300,2849500,63229300,7156900,8942100,3118200,1711300,13760100,6013200,62678100,198145700,31835300,2843400,6278200,14211000,4350100,7982200,6532700,13437100,2743700,18214800,33565600,37866000,13177700,18304800
2025-06-27,176.5580596923828,143.80999755859375,269.04315185546875,789.7611083984375,267.81402587890625,46.35505294799805,44.144203186035156,82.5093994140625,87.27717590332031,138.00975036621094,31.657180786132812,116.64293670654297,680.1624755859375,22.690000534057617,149.5498504638672,281.6327819824219,770.0029907226562,164.19651794433594,77.09150695800781,137.37425231933594,124.46208953857422,157.72378540039062,22.609989166259766,179.70501708984375,155.8408966064453,33.27928924560547,237.86346435546875,226.59922790527344,302.7668151855469,43.8975715637207,131.32980346679688,77.79303741455078,41.65949630737305,51.325435638427734,132.21145629882812,106.00108337402344,182.30999755859375,143.80999755859375,277.1300048828125,795.9500122070312,269.3500061035156,47.119998931884766,46.349998474121094,84.37999725341797,90.16999816894531,143.7899932861328,32.25,120.80000305175781,690.8099975585938,22.690000534057617,152.41000366210938,287.1099853515625,775.4500122070312,167.41000366210938,79.0999984741211,140.69000244140625,124.76000213623047,157.75,24.190000534057617,185.75,158.5399932861328,34.0099983215332,238.86000061035156,228.57000732421875,309.1099853515625,45.7599983215332,134.69000244140625,79.5,42.650001525878906,51.939998626708984,133.92999267578125,109.37999725341797,188.0,147.75,281.32000732421875,805.489990234375,271.8500061035156,47.66999816894531,46.95000076293945,84.56999969482422,90.94999694824219,144.6699981689453,32.5099983215332,121.13999938964844,694.2000122070312,23.3799991607666,153.3300018310547,288.70001220703125,802.5,167.83999633789062,79.54000091552734,141.89999389648438,127.54000091552734,158.7100067138672,24.420000076293945,187.4199981689453,161.10000610351562,34.15999984741211,241.22999572753906,228.8800048828125,310.45001220703125,46.25,136.4600067138672,80.1500015258789,42.849998474121094,52.22999954223633,135.1300048828125,110.0999984741211,181.72999572753906,141.6300048828125,275.70001220703125,788.4500122070312,266.8800048828125,46.90999984741211,46.18000030517578,83.80999755859375,89.80000305175781,142.57000732421875,32.0,119.88999938964844,685.3900146484375,22.420000076293945,151.00999450683594,285.0400085449219,774.6400146484375,164.5,78.13999938964844,139.10000610351562,123.38999938964844,155.25999450683594,24.079999923706055,184.85000610351562,157.57000732421875,33.709999084472656,236.3699951171875,224.02999877929688,302.20001220703125,45.529998779296875,133.27000427246094,78.95999908447266,42.39500045776367,51.70000076293945,133.6999969482422,108.37000274658203,187.89999389648438,144.17999267578125,278.57000732421875,802.9400024414062,270.29998779296875,47.45000076293945,46.83000183105469,84.48999786376953,90.9000015258789,144.5500030517578,32.400001525878906,121.0,691.0,22.709999084472656,152.00999450683594,285.80999755859375,795.7999877929688,166.16000366210938,79.05999755859375,140.25,125.13999938964844,156.0399932861328,24.350000381469727,185.50999450683594,158.64999389648438,34.0,239.30999755859375,224.3000030517578,302.95001220703125,45.63999938964844,136.13999938964844,80.0,42.849998474121094,51.75,134.32000732421875,109.94000244140625,29264700,61937900,2894500,1201000,27477600,56705000,21865000,21872400,7555700,9213500,6351900,4187900,3650500,95542400,10010800,17868600,4115100,8636600,60202500,7249300,36888600,263234500,39528800,2772400,22100300,17166000,4520500,13133000,15304400,15796400,8049500,21324200,35411800,38954100,13818500,22002100
2025-06-30,179.7636260986328,141.89999389648438,271.06243896484375,795.1587524414062,274.07806396484375,46.55180358886719,44.087059020996094,83.2330093383789,86.86096954345703,137.43386840820312,31.225269317626953,115.49388885498047,696.8413696289062,22.399999618530273,149.8834686279297,284.3793640136719,774.0543823242188,162.9214630126953,77.14998626708984,137.54026794433594,122.9556884765625,157.96376037597656,22.656721115112305,180.35321044921875,156.5486297607422,33.07379913330078,237.70413208007812,224.5371551513672,305.568115234375,43.88787078857422,131.0665283203125,78.39973449707031,41.4201774597168,51.75035095214844,133.0604248046875,104.46990203857422,185.6199951171875,141.89999389648438,279.2099914550781,801.3900146484375,275.6499938964844,47.31999969482422,46.290000915527344,85.12000274658203,89.73999786376953,143.19000244140625,31.809999465942383,119.61000061035156,707.75,22.399999618530273,152.75,289.9100036621094,779.530029296875,166.11000061035156,79.16000366210938,140.86000061035156,123.25,157.99000549316406,24.239999771118164,186.4199981689453,159.25999450683594,33.79999923706055,238.6999969482422,226.49000549316406,311.9700012207031,45.25,134.4199981689453,80.12000274658203,42.404998779296875,52.369998931884766,134.7899932861328,107.80000305175781,186.25,146.0,280.0400085449219,802.4400024414062,277.7099914550781,47.619998931884766,46.72999954223633,85.44000244140625,90.19000244140625,144.10000610351562,32.150001525878906,120.4000015258789,714.2999877929688,22.969999313354492,152.97000122070312,292.6499938964844,785.0,168.08999633789062,79.38999938964844,141.85000610351562,125.08000183105469,158.66000366210938,24.3799991607666,187.72999572753906,159.86000061035156,34.20000076293945,240.1699981689453,228.14999389648438,312.3800048828125,45.70000076293945,135.69000244140625,81.0999984741211,42.66999816894531,52.439998626708984,134.9499969482422,108.83999633789062,181.75,141.00999450683594,276.5799865722656,794.0399780273438,272.1300048828125,47.029998779296875,46.16999816894531,84.61000061035156,89.0999984741211,142.39999389648438,31.719999313354492,118.8499984741211,702.9500122070312,22.270000457763672,151.52000427246094,288.9200134277344,774.0,165.6199951171875,78.37999725341797,139.5500030517578,121.8499984741211,155.9600067138672,24.1200008392334,185.7899932861328,157.8000030517578,33.720001220703125,237.55999755859375,224.8000030517578,306.3399963378906,45.150001525878906,133.75,79.91000366210938,42.279998779296875,52.13999938964844,133.8000030517578,107.72000122070312,182.42999267578125,144.0,278.8500061035156,796.47998046875,274.7300109863281,47.619998931884766,46.40999984741211,84.9000015258789,89.51000213623047,143.0399932861328,32.119998931884766,120.0,714.27001953125,22.969999313354492,152.16000366210938,290.3999938964844,778.5399780273438,166.72000122070312,79.25,141.50999450683594,124.9000015258789,158.39999389648438,24.209999084472656,186.83999633789062,158.38999938964844,33.900001525878906,240.1699981689453,227.44000244140625,309.0,45.400001525878906,134.07000732421875,80.4800033569336,42.48500061035156,52.18000030517578,133.89999389648438,108.63999938964844,6482600,42972500,2963500,1080400,24708400,47921200,17511800,18035200,6518900,6980300,5835000,3491200,3976400,77102400,9039300,12689200,3041500,1660900,13895200,8034400,22799700,194580300,44730900,2306800,7988200,13101500,4925300,9279800,10074100,13621100,2413500,21685800,26247600,42472900,12407700,19199000
2025-07-01,183.9957733154297,136.11000061035156,282.0423583984375,784.3236083984375,263.2302551269531,47.36833190917969,45.249000549316406,84.35751342773438,89.03878784179688,139.7182159423828,32.049827575683594,117.01951599121094,695.5712890625,22.850000381469727,152.9939727783203,284.86981201171875,770.4498901367188,166.687744140625,79.73269653320312,137.74530029296875,120.601318359375,153.2745361328125,23.404468536376953,186.25469970703125,156.68624877929688,34.443721771240234,236.62864685058594,222.7427520751953,319.44732666015625,45.09054946899414,134.5669708251953,79.74031066894531,41.737632751464844,52.036922454833984,134.95579528808594,105.86541748046875,189.99000549316406,136.11000061035156,290.5199890136719,790.469970703125,264.739990234375,48.150001525878906,47.5099983215332,86.2699966430664,91.98999786376953,145.57000732421875,32.650001525878906,121.19000244140625,706.4600219726562,22.850000381469727,155.9199981689453,290.4100036621094,775.9000244140625,169.9499969482422,81.80999755859375,141.07000732421875,120.88999938964844,153.3000030517578,25.040000915527344,192.52000427246094,159.39999389648438,35.20000076293945,237.6199951171875,224.67999267578125,326.1400146484375,46.4900016784668,138.00999450683594,81.48999786376953,42.72999954223633,52.65999984741211,136.7100067138672,109.23999786376953,191.75999450683594,140.22999572753906,293.9800109863281,795.5,274.5,48.41999816894531,48.2599983215332,86.4800033569336,92.33000183105469,146.27000427246094,32.9900016784668,121.63999938964844,713.010009765625,23.15999984741211,157.75,291.1300048828125,790.0,171.47999572753906,83.06999969482422,141.61000061035156,123.98999786376953,157.1999969482422,25.350000381469727,193.22000122070312,161.64999389648438,35.77000045776367,239.17999267578125,228.60000610351562,326.54998779296875,46.58000183105469,139.6300048828125,81.51000213623047,42.93000030517578,52.77000045776367,137.75999450683594,109.63999938964844,184.38999938964844,135.1199951171875,278.9800109863281,782.5399780273438,262.6600036621094,46.939998626708984,46.16999816894531,84.7699966430664,89.19999694824219,142.50999450683594,31.489999771118164,118.08000183105469,700.6099853515625,22.280000686645508,152.80999755859375,286.5899963378906,773.0,165.6199951171875,78.5999984741211,139.47000122070312,119.08000183105469,151.49000549316406,24.260000228881836,186.00999450683594,157.97999572753906,33.45000076293945,234.0800018310547,221.17999267578125,311.0799865722656,44.90999984741211,134.25,79.91000366210938,42.08000183105469,52.209999084472656,134.4600067138672,107.1500015258789,185.00999450683594,138.77000427246094,280.010009765625,788.0499877929688,274.3999938964844,47.02000045776367,46.2599983215332,85.0,89.86000061035156,143.33999633789062,31.81999969482422,119.97000122070312,708.0,22.329999923706055,153.0,290.8900146484375,779.530029296875,166.36000061035156,78.95999908447266,140.5500030517578,122.3499984741211,156.2899932861328,24.280000686645508,186.0399932861328,158.22000122070312,33.79999923706055,236.6999969482422,227.42999267578125,311.9700012207031,44.970001220703125,134.86000061035156,80.05000305175781,42.470001220703125,52.2400016784668,134.5800018310547,108.12999725341797,5937600,55257200,3502700,1065800,28847600,48540900,21112400,17088900,11895200,8508200,7286900,3680300,3301000,79094900,10896700,9338300,2734000,1949300,21800800,6166700,24825800,213143600,59259900,3601900,8942300,18964600,10892900,9990200,17865500,16514400,3578300,20967100,40772800,33844800,21204300,15536900
2025-07-02,184.73178100585938,138.52000427246094,288.18768310546875,793.3727416992188,268.3608703613281,47.91923904418945,45.36328887939453,84.83665466308594,91.41018676757812,142.0313262939453,32.79585647583008,118.65135192871094,704.85595703125,21.8799991607666,152.64073181152344,286.4295349121094,773.80615234375,171.11117553710938,80.29796600341797,139.49310302734375,121.44929504394531,157.22386169433594,23.666179656982422,189.3408966064453,159.55654907226562,35.138465881347656,241.12979125976562,231.58584594726562,301.24859619140625,46.06044387817383,138.51593017578125,80.59163665771484,42.45556640625,51.99739456176758,133.6231231689453,107.6195068359375,190.75,138.52000427246094,296.8500061035156,799.5900268554688,269.8999938964844,48.709999084472656,47.630001068115234,86.76000213623047,94.44000244140625,147.97999572753906,33.40999984741211,122.87999725341797,715.8900146484375,21.8799991607666,155.55999755859375,292.0,779.280029296875,174.4600067138672,82.38999938964844,142.86000061035156,121.73999786376953,157.25,25.31999969482422,195.7100067138672,162.32000732421875,35.90999984741211,242.13999938964844,233.60000610351562,307.55999755859375,47.4900016784668,142.05999755859375,82.36000061035156,43.46500015258789,52.619998931884766,135.36000061035156,111.05000305175781,192.58999633789062,139.77999877929688,297.9100036621094,800.5,272.0,48.72999954223633,48.220001220703125,86.93000030517578,94.4800033569336,148.00999450683594,33.470001220703125,123.26000213623047,718.72998046875,22.770000457763672,156.3000030517578,292.82000732421875,779.8400268554688,174.4600067138672,82.80999755859375,142.8800048828125,123.0,157.60000610351562,25.360000610351562,196.14999389648438,162.7899932861328,35.90999984741211,243.1199951171875,233.82000732421875,322.4200134277344,47.5099983215332,142.47999572753906,82.4000015258789,43.53499984741211,52.7599983215332,136.2899932861328,111.36000061035156,189.52999877929688,135.22000122070312,289.5,772.8599853515625,262.7300109863281,48.060001373291016,47.36000061035156,85.45999908447266,91.91000366210938,145.47000122070312,32.529998779296875,120.66999816894531,705.0800170898438,21.520000457763672,155.07000732421875,289.70001220703125,768.0,170.17999267578125,81.88999938964844,140.97999572753906,118.05999755859375,152.97000122070312,25.030000686645508,192.5500030517578,158.8000030517578,34.869998931884766,237.0,224.0,306.42999267578125,46.56999969482422,137.91000366210938,81.25,42.6150016784668,52.34000015258789,135.24000549316406,108.83000183105469,189.6999969482422,135.52999877929688,291.0299987792969,776.239990234375,263.989990234375,48.36000061035156,47.59000015258789,86.48999786376953,93.12000274658203,147.00999450683594,33.209999084472656,123.19999694824219,708.7999877929688,22.530000686645508,156.0,292.0400085449219,776.5,171.47000122070312,82.05999755859375,141.6199951171875,120.5,152.97999572753906,25.1299991607666,193.75,159.67999267578125,35.77000045776367,237.08999633789062,224.47999572753906,320.739990234375,46.70000076293945,139.7100067138672,81.91999816894531,43.09000015258789,52.75,136.02999877929688,110.0,4658200,39228000,2287000,1383000,17582100,48003600,12299100,13420200,9436000,8228700,6849400,3460500,2906500,138245300,5544000,8158700,1978300,1556900,16052700,5494500,29303800,171224100,36772100,2769100,8916400,16153400,5979000,12012500,18177200,15421800,3528100,15195100,42468800,40791100,13720400,11892200
2025-07-03,183.30816650390625,137.91000366210938,289.537109375,788.3223876953125,273.6107482910156,48.13566970825195,45.27643966674805,86.7531967163086,90.674560546875,142.4056396484375,32.619163513183594,118.91206359863281,712.52587890625,22.489999771118164,153.08230590820312,291.75201416015625,775.1863403320312,172.670654296875,78.87503814697266,140.74295043945312,121.99798583984375,159.3135223388672,23.722259521484375,190.17291259765625,159.44842529296875,34.884056091308594,242.3247833251953,232.77549743652344,302.2182922363281,46.48720169067383,140.9730682373047,81.80500030517578,42.50440216064453,52.56064987182617,133.7613067626953,108.73397064208984,189.27999877929688,137.91000366210938,298.239990234375,794.5,275.17999267578125,48.93000030517578,46.91999816894531,88.72000122070312,93.68000030517578,148.3699951171875,33.22999954223633,123.1500015258789,723.6799926757812,22.489999771118164,156.00999450683594,296.0,780.6699829101562,176.0500030517578,80.93000030517578,144.13999938964844,122.29000091552734,159.33999633789062,25.3799991607666,196.57000732421875,162.2100067138672,35.650001525878906,243.33999633789062,234.8000030517578,308.54998779296875,47.93000030517578,144.5800018310547,83.5999984741211,43.51499938964844,53.189998626708984,135.5,112.19999694824219,191.47000122070312,139.5,298.989990234375,798.530029296875,275.79998779296875,49.310001373291016,47.27000045776367,88.80000305175781,94.7699966430664,148.97999572753906,33.529998779296875,123.70999908447266,726.0,22.6299991607666,156.27999877929688,296.3999938964844,783.5499877929688,176.8699951171875,82.5999984741211,144.55999755859375,123.62999725341797,160.97999572753906,25.520000457763672,197.33999633789062,163.9600067138672,36.0,244.1999969482422,237.5800018310547,312.25,48.060001373291016,145.83999633789062,83.94999694824219,43.654998779296875,53.27000045776367,135.89999389648438,112.47000122070312,188.8699951171875,137.32000732421875,295.510009765625,786.6099853515625,270.1199951171875,48.810001373291016,46.70000076293945,86.8499984741211,93.55000305175781,147.36000061035156,33.099998474121094,122.0,713.4000244140625,21.989999771118164,154.8800048828125,291.2099914550781,773.0,173.0,80.69999694824219,142.6699981689453,121.83000183105469,157.77000427246094,25.219999313354492,194.9600067138672,162.08999633789062,35.4900016784668,242.6999969482422,233.27000427246094,308.2300109863281,47.52000045776367,141.0500030517578,82.5,43.30500030517578,52.70000076293945,135.1699981689453,110.62000274658203,191.14999389648438,139.11000061035156,297.0,786.969970703125,270.7300109863281,48.95000076293945,47.209999084472656,87.12999725341797,93.94999694824219,147.83999633789062,33.38999938964844,122.87000274658203,715.9099731445312,22.149999618530273,155.42999267578125,292.1499938964844,780.4600219726562,173.27999877929688,82.55000305175781,143.36000061035156,122.33000183105469,158.3699951171875,25.350000381469727,195.52999877929688,163.0399932861328,36.0,243.14999389648438,233.8699951171875,309.8399963378906,47.68000030517578,141.58999633789062,82.63999938964844,43.404998779296875,52.75,135.5500030517578,110.86000061035156,3706200,28646000,1518500,910700,10592700,21620300,7024100,13229900,4331500,5173300,2849200,1437200,1502000,61176000,3482500,6541600,1450800,1135900,7734500,3974700,13247900,143716100,27104600,1863500,4280800,7240700,3069400,7779600,6161100,7036300,2224600,11237300,22266200,25904800,7282700,11223600
2025-07-07,181.71023559570312,134.8000030517578,284.4014587402344,778.9855346679688,272.6164245605469,47.870052337646484,44.861507415771484,85.65802001953125,89.58082580566406,141.47463989257812,32.07927322387695,115.49388885498047,699.9723510742188,22.0,152.35618591308594,287.77984619140625,767.441162109375,173.06298828125,78.84580993652344,140.3523712158203,119.74625396728516,158.21371459960938,23.591402053833008,189.86331176757812,155.3985595703125,34.199092864990234,237.78379821777344,227.19403076171875,297.47760009765625,46.341712951660156,140.15403747558594,80.57206726074219,42.09415817260742,52.05668258666992,132.6359405517578,107.67765045166016,187.6300048828125,134.8000030517578,292.95001220703125,785.0900268554688,274.17999267578125,48.65999984741211,46.4900016784668,87.5999984741211,92.55000305175781,147.39999389648438,32.68000030517578,119.61000061035156,710.9299926757812,22.0,155.27000427246094,291.9700012207031,772.8699951171875,176.4499969482422,80.9000015258789,143.74000549316406,119.91999816894531,158.24000549316406,25.239999771118164,196.25,158.08999633789062,34.95000076293945,238.77999877929688,229.1699981689453,303.7099914550781,47.779998779296875,143.74000549316406,82.33999633789062,43.095001220703125,52.68000030517578,134.36000061035156,111.11000061035156,191.38999938964844,137.44000244140625,298.0,793.489990234375,277.55999755859375,49.209999084472656,46.91999816894531,88.83000183105469,93.72000122070312,148.1699981689453,33.380001068115234,122.68000030517578,723.969970703125,22.389999389648438,156.35000610351562,296.0400085449219,781.1500244140625,177.5,81.54000091552734,145.16000366210938,121.51000213623047,159.30999755859375,25.530000686645508,197.3300018310547,161.49000549316406,35.66999816894531,242.1300048828125,232.5500030517578,308.6099853515625,48.38999938964844,145.25999450683594,83.58999633789062,43.47999954223633,53.25,135.4499969482422,112.05000305175781,186.8300018310547,133.5,291.3800048828125,783.7999877929688,272.6600036621094,48.369998931884766,46.33000183105469,87.13999938964844,91.23999786376953,145.5800018310547,32.130001068115234,118.06999969482422,706.3400268554688,21.860000610351562,154.88999938964844,290.0799865722656,762.030029296875,174.4199981689453,80.1500015258789,142.5,118.91000366210938,157.33999633789062,25.139999389648438,194.6999969482422,157.57000732421875,34.5099983215332,237.75,227.44000244140625,301.20001220703125,47.459999084472656,142.72999572753906,81.5,42.650001525878906,52.41999816894531,133.64999389648438,110.22000122070312,189.44000244140625,136.55999755859375,297.8800048828125,785.4600219726562,275.1300048828125,48.7400016784668,46.86000061035156,88.12999725341797,93.3499984741211,147.39999389648438,32.97999954223633,122.18000030517578,721.7000122070312,22.209999084472656,156.02000427246094,295.25,780.6799926757812,174.9600067138672,80.94999694824219,144.11000061035156,121.18000030517578,158.1999969482422,25.360000610351562,196.11000061035156,161.11000061035156,35.41999816894531,241.2899932861328,231.6300048828125,308.0,48.11000061035156,143.63999938964844,82.97000122070312,43.25,53.130001068115234,135.4499969482422,111.54000091552734,11049100,37395000,2144500,1363700,16760600,35567900,10687100,12407300,6287100,9460900,7526100,3692400,2863700,80725200,6270900,8825700,2576900,1692400,15777400,5991600,19148400,140139000,34905900,3796000,7187400,9710100,4859200,13817500,9031200,14353700,2537500,18156000,35673000,34049000,14052300,15415900
2025-07-08,183.78271484375,137.82000732421875,288.33331298828125,787.9254150390625,270.2500305175781,46.38456726074219,45.39223861694336,83.67303466796875,92.71687316894531,147.07989501953125,34.27809524536133,119.68453979492188,686.5327758789062,23.59000015258789,152.8664093017578,278.72174072265625,772.1974487304688,176.47618103027344,79.30387115478516,137.80389404296875,124.2397232055664,159.97341918945312,23.946584701538086,191.55636596679688,156.7353973388672,35.75493621826172,242.3247833251953,225.8953399658203,301.3857421875,46.22532653808594,144.96102905273438,79.8381576538086,43.22721862792969,51.59224319458008,133.2381134033203,110.66250610351562,189.77000427246094,137.82000732421875,297.0,794.0999755859375,271.79998779296875,47.150001525878906,47.040000915527344,85.56999969482422,95.79000091552734,153.24000549316406,34.91999816894531,123.94999694824219,697.280029296875,23.59000015258789,155.7899932861328,282.7799987792969,777.6599731445312,179.92999267578125,81.37000274658203,141.1300048828125,124.41999816894531,160.0,25.6200008392334,198.0,159.4499969482422,36.540000915527344,243.33999633789062,227.86000061035156,307.70001220703125,47.65999984741211,148.6699981689453,81.58999633789062,44.255001068115234,52.209999084472656,134.97000122070312,114.19000244140625,193.0,139.14999389648438,298.67999267578125,798.3900146484375,276.3500061035156,47.790000915527344,47.81999969482422,87.79000091552734,96.91999816894531,153.24000549316406,35.189998626708984,125.08000183105469,711.1900024414062,23.790000915527344,156.75999450683594,289.70001220703125,792.6900024414062,180.55999755859375,82.37999725341797,144.05999755859375,125.44999694824219,160.22000122070312,25.959999084472656,198.58999633789062,161.8300018310547,36.709999084472656,245.39999389648438,230.3300018310547,308.29998779296875,47.93000030517578,148.97000122070312,82.41999816894531,44.415000915527344,52.599998474121094,136.22000122070312,114.45999908447266,186.6699981689453,135.91000366210938,291.25,778.72998046875,271.1499938964844,46.7599983215332,46.47999954223633,85.4800033569336,92.5199966430664,147.25999450683594,32.720001220703125,119.22000122070312,693.77001953125,22.1299991607666,154.2100067138672,280.30999755859375,768.7999877929688,176.47000122070312,80.33999633789062,141.02000427246094,121.94999694824219,158.38999938964844,25.209999084472656,196.25,158.61000061035156,34.939998626708984,240.11000061035156,227.5399932861328,303.79998779296875,47.4900016784668,143.77999877929688,81.02999877929688,43.03499984741211,52.18000030517578,134.00999450683594,110.8499984741211,186.7899932861328,137.32000732421875,291.9599914550781,782.6599731445312,276.3500061035156,47.5,46.650001525878906,87.61000061035156,92.55000305175781,147.32000732421875,32.90999984741211,119.72000122070312,710.719970703125,22.18000030517578,154.47999572753906,289.2699890136719,774.8499755859375,176.7100067138672,80.94000244140625,143.61000061035156,122.44999694824219,159.3300018310547,25.239999771118164,197.36000061035156,159.47000122070312,34.97999954223633,241.05999755859375,229.77999877929688,304.2300109863281,47.790000915527344,144.8699951171875,82.30000305175781,43.04499816894531,52.560001373291016,134.25999450683594,110.88999938964844,7106900,36124600,1534100,1327800,14869400,88086500,9837200,18075600,12934700,14082100,16160900,3753400,3100700,119545500,6438200,15440900,3301800,2426300,12752900,6620400,26238200,138133000,51275800,4452100,6879100,13525700,7276200,8854400,9613800,13523600,7593600,18303400,47472400,53715000,19485900,17913400
2025-07-09,184.6058807373047,138.41000366210938,287.8673095703125,793.6109008789062,276.31524658203125,46.079593658447266,45.99052047729492,83.8881607055664,91.49729919433594,146.86874389648438,33.954166412353516,117.69541931152344,685.8239135742188,23.440000534057617,153.34722900390625,279.0962829589844,781.3923950195312,175.828857421875,81.5844497680664,138.21397399902344,122.0628890991211,162.85293579101562,23.8905029296875,189.7568817138672,156.63711547851562,35.47116470336914,243.1015167236328,229.8410186767578,296.6940612792969,45.876163482666016,145.35105895996094,80.03387451171875,43.00743865966797,51.779998779296875,133.75144958496094,110.28455352783203,190.6199951171875,138.41000366210938,296.5199890136719,799.8300170898438,277.8999938964844,46.84000015258789,47.65999984741211,85.79000091552734,94.52999877929688,153.02000427246094,34.59000015258789,121.88999938964844,696.5599975585938,23.440000534057617,156.27999877929688,283.1600036621094,786.9199829101562,179.27000427246094,83.70999908447266,141.5500030517578,122.23999786376953,162.8800048828125,25.559999465942383,196.13999938964844,159.35000610351562,36.25,244.1199951171875,231.83999633789062,302.9100036621094,47.29999923706055,149.07000732421875,81.79000091552734,44.029998779296875,52.400001525878906,135.49000549316406,113.80000305175781,191.08999633789062,140.64999389648438,301.6600036621094,800.9000244140625,279.45001220703125,47.45000076293945,47.779998779296875,86.63999938964844,95.79000091552734,153.9600067138672,35.029998779296875,123.94000244140625,704.3400268554688,23.530000686645508,156.69000244140625,287.20001220703125,794.0,180.77000427246094,84.4800033569336,142.94000244140625,126.1500015258789,164.4199981689453,25.84000015258789,200.9499969482422,161.47999572753906,36.599998474121094,246.52999877929688,233.27000427246094,303.6000061035156,48.11000061035156,150.36000061035156,82.5199966430664,44.31999969482422,52.5,135.9199981689453,114.2699966430664,188.32000732421875,137.58999633789062,291.7699890136719,792.469970703125,272.7200012207031,46.709999084472656,47.099998474121094,85.58999633789062,94.4000015258789,152.47999572753906,34.22999954223633,121.5199966430664,694.7100219726562,23.1299991607666,155.07000732421875,282.4800109863281,781.989990234375,178.02999877929688,81.88999938964844,140.89999389648438,121.27999877929688,161.16000366210938,25.34000015258789,196.02999877929688,158.25,35.9900016784668,241.8800048828125,230.24000549316406,298.75,47.13999938964844,147.86000061035156,81.45999908447266,43.900001525878906,52.13999938964844,134.4199981689453,113.2699966430664,188.5,138.69000244140625,298.510009765625,792.9099731445312,272.9599914550781,47.15999984741211,47.20000076293945,86.63999938964844,95.22000122070312,152.94000244140625,34.75,122.9800033569336,704.3400268554688,23.290000915527344,155.7899932861328,287.17999267578125,783.7999877929688,179.92999267578125,82.37999725341797,142.89999389648438,124.81999969482422,161.22000122070312,25.690000534057617,200.0,159.39999389648438,36.290000915527344,244.00999450683594,230.4499969482422,303.19000244140625,47.97999954223633,148.82000732421875,82.43000030517578,44.14500045776367,52.47999954223633,135.25,113.91999816894531,5594100,37013100,2098000,1334300,20133000,46227900,11949000,9929400,5351500,9495900,6306200,2245700,1763400,70247700,6147400,11273800,2703100,1976200,18394600,4837000,20464000,183656400,38362200,3730500,4190100,11430600,4415300,9475300,12816700,9179400,3304000,16135400,28672400,36634900,13963900,10652100
2025-07-10,188.8477020263672,144.16000366210938,291.60498046875,795.8533325195312,273.8294982910156,46.20748519897461,46.82040023803711,85.1495590209961,92.31034851074219,147.9724884033203,33.325927734375,117.54093170166016,698.1902465820312,23.81999969482422,154.73077392578125,284.05413818359375,785.09619140625,178.76144409179688,81.88658142089844,139.71768188476562,122.93162536621094,164.07273864746094,24.096134185791016,191.50799560546875,156.38153076171875,35.862571716308594,245.52139282226562,227.77894592285156,293.36383056640625,46.13803482055664,150.94786071777344,80.59163665771484,43.33466339111328,52.08633041381836,134.57078552246094,111.379638671875,195.0,144.16000366210938,300.3699951171875,802.0900268554688,275.3999938964844,46.970001220703125,48.52000045776367,87.08000183105469,95.37000274658203,154.1699981689453,33.95000076293945,121.7300033569336,709.1199951171875,23.81999969482422,157.69000244140625,288.19000244140625,790.6500244140625,182.25999450683594,84.0199966430664,143.08999633789062,123.11000061035156,164.10000610351562,25.780000686645508,197.9499969482422,159.08999633789062,36.650001525878906,246.5500030517578,229.75999450683594,299.510009765625,47.56999969482422,154.80999755859375,82.36000061035156,44.3650016784668,52.709999084472656,136.32000732421875,114.93000030517578,197.5,145.82000732421875,302.3800048828125,811.0999755859375,281.17999267578125,47.220001220703125,48.61000061035156,87.08000183105469,95.54000091552734,155.27999877929688,34.59000015258789,122.27999877929688,710.3800048828125,24.040000915527344,159.24000549316406,288.30999755859375,799.489990234375,183.10000610351562,85.0,143.16000366210938,124.3499984741211,164.5,26.049999237060547,199.02000427246094,160.2899932861328,36.97999954223633,247.52000427246094,233.0500030517578,304.92999267578125,47.880001068115234,155.1199951171875,82.73999786376953,44.38999938964844,52.7599983215332,137.6300048828125,115.2699966430664,189.55999755859375,141.85000610351562,295.1700134277344,798.0,272.70001220703125,46.779998779296875,46.97999954223633,85.76000213623047,93.19999694824219,151.67999267578125,33.70000076293945,119.81999969482422,696.4500122070312,23.479999542236328,155.82000732421875,283.0,786.4299926757812,177.5800018310547,83.16999816894531,141.32000732421875,122.0199966430664,161.61000061035156,25.540000915527344,195.99000549316406,157.7899932861328,35.70000076293945,244.27000427246094,227.77000427246094,296.6000061035156,47.189998626708984,147.82000732421875,81.61000061035156,43.6150016784668,52.279998779296875,135.0,113.06999969482422,190.5,143.0,296.19000244140625,808.9299926757812,279.7900085449219,46.900001525878906,47.45000076293945,85.83000183105469,94.0999984741211,152.7899932861328,34.20000076293945,121.12999725341797,696.739990234375,23.6299991607666,156.10000610351562,283.0,789.6699829101562,179.1300048828125,83.63999938964844,141.75999450683594,124.27999877929688,164.32000732421875,25.579999923706055,196.60000610351562,158.99000549316406,36.029998779296875,246.4199981689453,232.77999877929688,303.05999755859375,47.310001373291016,149.13999938964844,81.61000061035156,43.93000030517578,52.279998779296875,135.50999450683594,113.70999908447266,6049400,61101500,1925800,1498900,17891600,44225000,14727300,9586100,4065100,8395100,7752400,2703500,1733500,54599800,6732900,8410900,3130400,3765800,14725600,5622800,15378400,167704100,39499200,3802800,5674400,11649200,4868500,13124700,11355600,8606300,3762700,14348100,28823800,27992600,17668300,14901700
2025-07-11,186.37814331054688,146.4199981689453,286.6537780761719,795.694580078125,272.8153076171875,45.971378326416016,45.218544006347656,84.80732727050781,92.54264831542969,149.06666564941406,33.34556198120117,118.80585479736328,694.0845947265625,23.43000030517578,153.95558166503906,282.7431640625,787.4396362304688,176.40753173828125,81.24333953857422,138.92678833007812,124.34957122802734,164.89259338378906,23.97462272644043,190.60826110839844,154.77928161621094,36.508392333984375,245.14297485351562,228.41343688964844,297.8596496582031,45.72098159790039,149.2317657470703,80.77755737304688,43.53001403808594,51.54283905029297,133.45529174804688,111.86418914794922,192.4499969482422,146.4199981689453,295.2699890136719,801.9299926757812,274.3800048828125,46.72999954223633,46.86000061035156,86.7300033569336,95.61000061035156,155.30999755859375,33.970001220703125,123.04000091552734,704.9500122070312,23.43000030517578,156.89999389648438,286.8599853515625,793.010009765625,179.86000061035156,83.36000061035156,142.27999877929688,124.52999877929688,164.9199981689453,25.649999618530273,197.02000427246094,157.4600067138672,37.310001373291016,246.1699981689453,230.39999389648438,304.1000061035156,47.13999938964844,153.0500030517578,82.55000305175781,44.564998626708984,52.15999984741211,135.19000244140625,115.43000030517578,194.0,147.39999389648438,299.9100036621094,803.1900024414062,276.4700012207031,46.810001373291016,47.79999923706055,86.95999908447266,96.19000244140625,155.88999938964844,34.31999969482422,123.56999969482422,706.0,23.65999984741211,157.17999267578125,287.3800048828125,795.72998046875,182.08999633789062,84.12999725341797,142.4499969482422,124.80999755859375,167.88999938964844,25.719999313354492,198.1199951171875,159.1699981689453,38.150001525878906,247.07000732421875,232.27000427246094,304.1199951171875,47.38999938964844,154.5,82.68000030517578,44.720001220703125,52.40999984741211,135.8800048828125,115.76000213623047,191.16000366210938,141.60000610351562,294.0,796.52001953125,271.8900146484375,46.25,46.720001220703125,85.62000274658203,94.66000366210938,153.57000732421875,33.619998931884766,121.11000061035156,700.22998046875,23.15999984741211,155.17999267578125,283.6499938964844,777.2000122070312,179.25999450683594,82.26000213623047,141.1199951171875,121.23999786376953,163.47000122070312,25.420000076293945,195.13999938964844,157.14999389648438,36.34000015258789,244.05999755859375,229.39999389648438,298.0,46.7599983215332,152.1999969482422,81.43000030517578,44.154998779296875,52.08000183105469,134.35000610351562,114.51000213623047,193.88999938964844,142.60000610351562,298.2300109863281,797.0700073242188,274.1400146484375,46.63999938964844,47.75,85.91999816894531,94.69999694824219,154.2899932861328,33.7599983215332,121.86000061035156,703.5900268554688,23.559999465942383,157.08999633789062,285.5199890136719,786.3499755859375,181.75,84.0199966430664,141.86000061035156,122.12999725341797,163.72000122070312,25.649999618530273,197.0,159.0,36.45000076293945,245.00999450683594,231.0,300.0199890136719,47.0,153.25999450683594,81.75,44.290000915527344,52.36000061035156,135.8800048828125,114.8499984741211,4991000,50049200,1619800,932400,14274700,31653000,13716400,10256000,4903400,8333200,5724400,2215900,1681800,49367900,7872000,7384700,2852500,4388200,9717400,3647500,15820600,193633300,34864400,2642900,5907700,11335200,2649600,8817800,9808200,11510200,3055000,12583100,30171600,30289900,14246600,11683900
2025-07-14,185.4774932861328,146.24000549316406,288.3624267578125,800.4572143554688,274.0283508300781,46.30586242675781,45.681732177734375,85.56024932861328,91.14884185791016,145.5537872314453,32.589717864990234,118.3809814453125,702.3058471679688,23.299999237060547,153.87710571289062,284.55682373046875,793.7252197265625,172.25872802734375,81.54547119140625,140.57696533203125,118.43814849853516,164.04273986816406,23.6942195892334,190.96621704101562,151.6632537841797,35.441810607910156,242.812744140625,226.69834899902344,294.4118347167969,45.64338684082031,145.1560516357422,81.63866424560547,43.051395416259766,51.92822265625,133.29734802246094,110.40083312988281,191.52000427246094,146.24000549316406,297.0299987792969,806.72998046875,275.6000061035156,47.06999969482422,47.34000015258789,87.5,94.16999816894531,151.64999389648438,33.20000076293945,122.5999984741211,713.2999877929688,23.299999237060547,156.82000732421875,288.70001220703125,799.3400268554688,175.6300048828125,83.66999816894531,143.97000122070312,118.61000061035156,164.07000732421875,25.350000381469727,197.38999938964844,154.2899932861328,36.220001220703125,243.8300018310547,228.6699981689453,300.5799865722656,47.060001373291016,148.8699951171875,83.43000030517578,44.07500076293945,52.54999923706055,135.02999877929688,113.91999816894531,192.6699981689453,147.5800018310547,297.1400146484375,812.77001953125,278.3599853515625,47.06999969482422,47.970001220703125,87.52999877929688,95.66000366210938,154.89999389648438,33.810001373291016,123.0,713.4299926757812,23.399999618530273,157.47000122070312,289.29998779296875,800.8800048828125,178.60000610351562,84.30000305175781,144.0500030517578,120.44000244140625,165.49000549316406,25.6299991607666,198.07000732421875,156.5,37.119998931884766,244.74000549316406,229.85000610351562,304.0400085449219,47.2599983215332,151.91000366210938,83.5199966430664,44.47999954223633,52.58000183105469,135.30999755859375,115.2300033569336,190.0399932861328,141.89999389648438,292.8399963378906,789.8699951171875,269.5799865722656,46.54999923706055,46.880001068115234,86.22000122070312,93.80999755859375,151.13999938964844,33.06999969482422,121.16999816894531,702.1300048828125,22.8799991607666,155.52000427246094,285.260009765625,787.3599853515625,173.99000549316406,83.11000061035156,142.0,117.0199966430664,162.02000427246094,25.34000015258789,195.97999572753906,153.47999572753906,35.959999084472656,240.35000610351562,226.30999755859375,299.0,46.790000915527344,148.5,82.12000274658203,43.84000015258789,52.02000045776367,134.39999389648438,113.22000122070312,191.72000122070312,145.08999633789062,293.8599853515625,797.6199951171875,274.1300048828125,46.810001373291016,46.880001068115234,86.4800033569336,94.95999908447266,154.89999389648438,33.77000045776367,122.61000061035156,704.739990234375,23.239999771118164,156.8699951171875,287.07000732421875,790.0,177.88999938964844,83.43000030517578,142.4499969482422,120.37999725341797,165.3699951171875,25.579999923706055,197.60000610351562,156.4199981689453,37.02000045776367,244.14999389648438,229.3300018310547,301.6400146484375,47.2599983215332,151.91000366210938,82.19999694824219,44.47999954223633,52.150001525878906,134.64999389648438,115.2300033569336,4072800,44718600,1202300,1456900,11934200,36381200,10867500,13450800,5504200,10706300,6961300,3074500,1909300,48420500,10185600,9079900,2401400,2732200,10368700,5376100,32117700,136975800,25918000,2142100,7382600,12686400,5522600,10673500,10681400,13464200,2626800,20194200,33441600,27636500,11095400,13220300
2025-07-15,182.06842041015625,155.61000061035156,283.974365234375,816.62060546875,279.337890625,45.40079879760742,44.80360412597656,88.7088623046875,89.58082580566406,144.6324005126953,31.578649520874023,115.59043884277344,691.6821899414062,22.920000076293945,152.258056640625,282.4376525878906,766.3289184570312,172.24888610839844,79.45005798339844,138.2530517578125,119.93597412109375,170.671630859375,23.002553939819336,187.50192260742188,151.67308044433594,34.3165168762207,245.2325897216797,234.90695190429688,285.7238464355469,44.31462860107422,145.08778381347656,77.16678619384766,42.43114471435547,51.038875579833984,130.89852905273438,109.42204284667969,186.38999938964844,155.61000061035156,292.510009765625,823.02001953125,280.94000244140625,46.150001525878906,46.43000030517578,90.72000122070312,92.55000305175781,150.69000244140625,32.16999816894531,119.70999908447266,702.510009765625,22.920000076293945,155.1699981689453,286.54998779296875,771.75,175.6199951171875,81.5199966430664,141.58999633789062,120.11000061035156,170.6999969482422,24.610000610351562,192.13999938964844,154.3000030517578,35.06999969482422,246.25999450683594,236.9499969482422,291.7099914550781,45.689998626708984,148.8000030517578,78.86000061035156,43.439998626708984,51.650001525878906,132.60000610351562,112.91000366210938,190.6699981689453,158.67999267578125,297.5299987792969,826.5599975585938,283.3599853515625,47.0099983215332,47.4900016784668,91.80000305175781,94.55999755859375,152.30999755859375,33.349998474121094,122.81999969482422,714.6900024414062,23.780000686645508,157.19000244140625,291.95001220703125,805.4199829101562,177.27999877929688,84.36000061035156,144.0,121.38999938964844,172.39999389648438,25.440000534057617,196.30999755859375,156.7100067138672,36.220001220703125,249.9600067138672,237.7100067138672,300.67999267578125,47.08000183105469,150.44000244140625,81.08000183105469,44.18000030517578,52.45000076293945,135.47000122070312,114.05999755859375,185.00999450683594,153.55999755859375,291.94000244140625,814.2100219726562,277.8500061035156,45.95000076293945,46.18000030517578,88.12000274658203,92.47000122070312,150.25,32.150001525878906,119.66999816894531,700.0399780273438,22.899999618530273,154.8000030517578,285.4800109863281,764.3800048828125,174.55999755859375,81.30000305175781,141.5500030517578,119.12000274658203,169.1999969482422,24.530000686645508,191.97000122070312,154.1199951171875,34.91999816894531,246.10000610351562,233.85000610351562,291.0299987792969,45.63999938964844,147.82000732421875,77.72000122070312,43.3849983215332,51.650001525878906,132.47000122070312,112.5999984741211,190.2100067138672,153.75,297.19000244140625,822.97998046875,279.80999755859375,46.880001068115234,47.150001525878906,88.6500015258789,94.2699966430664,151.60000610351562,33.31999969482422,122.58999633789062,713.2999877929688,23.56999969482422,156.36000061035156,288.0,801.6699829101562,175.86000061035156,83.77999877929688,143.2899932861328,120.94000244140625,171.19000244140625,25.34000015258789,195.4600067138672,156.2899932861328,36.150001525878906,248.7899932861328,234.4600067138672,299.7099914550781,46.86000061035156,149.1300048828125,80.75,43.9900016784668,52.34000015258789,135.22999572753906,113.66000366210938,6729200,93370100,1592700,2099600,17918400,55145000,14878700,39270900,4152400,7346300,6964000,2993300,1981200,66099400,6873200,12526100,4174100,1784900,10827000,7392200,24958900,230627400,54458000,3458200,6467300,17351500,6042100,14270100,16019000,15895100,2568400,53938000,33859000,47704600,17095600,10959300
2025-07-16,186.16127014160156,160.0800018310547,290.29437255859375,748.5836791992188,279.2086486816406,45.28274154663086,45.51768493652344,88.02437591552734,88.57418060302734,143.89332580566406,31.166372299194336,114.71176147460938,697.8948974609375,22.690000534057617,161.6876983642578,281.7181396484375,784.252197265625,169.06129455566406,80.33695983886719,136.49546813964844,116.26129913330078,171.34152221679688,23.002553939819336,189.24868774414062,151.44700622558594,33.84682846069336,244.5653839111328,235.51170349121094,286.48785400390625,44.304927825927734,139.61773681640625,78.1942367553711,42.06485366821289,51.39461135864258,132.52735900878906,108.76304626464844,190.5800018310547,160.0800018310547,299.0199890136719,754.4500122070312,280.80999755859375,46.029998779296875,47.16999816894531,90.0199966430664,91.51000213623047,149.9199981689453,31.75,118.80000305175781,708.8200073242188,22.690000534057617,164.77999877929688,285.82000732421875,789.7999877929688,172.3699951171875,82.43000030517578,139.7899932861328,116.43000030517578,171.3699951171875,24.610000610351562,193.92999267578125,154.07000732421875,34.59000015258789,245.58999633789062,237.55999755859375,292.489990234375,45.68000030517578,143.19000244140625,79.91000366210938,43.064998626708984,52.0099983215332,134.25,112.2300033569336,191.38999938964844,160.36000061035156,299.3399963378906,760.9000244140625,281.510009765625,46.560001373291016,47.41999816894531,91.62000274658203,93.0,151.47999572753906,32.33000183105469,120.08999633789062,709.780029296875,23.1299991607666,166.1199951171875,290.7300109863281,796.0399780273438,177.14999389648438,82.63999938964844,140.0,119.08999633789062,171.75,24.959999084472656,197.07000732421875,154.5,35.189998626708984,245.6699981689453,238.30999755859375,295.989990234375,46.189998626708984,149.02999877929688,80.08000183105469,43.630001068115234,52.060001373291016,134.4199981689453,113.5,186.5,152.85000610351562,292.3299865722656,730.5999755859375,275.6700134277344,45.0099983215332,46.650001525878906,88.2300033569336,91.0999984741211,149.22000122070312,31.450000762939453,117.69999694824219,691.2999877929688,22.25,159.8000030517578,283.010009765625,772.1599731445312,171.47999572753906,81.45999908447266,135.25999450683594,114.80999755859375,168.89999389648438,24.530000686645508,191.50999450683594,151.5399932861328,34.29999923706055,239.22000122070312,234.14999389648438,290.75,44.970001220703125,142.9199981689453,78.20999908447266,42.90999984741211,51.33000183105469,133.0,112.0999984741211,186.9199981689453,155.30999755859375,292.510009765625,754.3599853515625,280.1099853515625,46.25,46.77000045776367,91.4800033569336,92.41000366210938,150.75999450683594,32.18000030517578,119.70999908447266,708.5,22.989999771118164,160.3000030517578,288.3999938964844,773.5,176.39999389648438,81.45999908447266,139.5,119.02999877929688,171.05999755859375,24.68000030517578,196.88999938964844,154.3000030517578,35.0,244.27999877929688,236.39999389648438,292.54998779296875,45.959999084472656,147.8000030517578,78.88999938964844,43.380001068115234,51.93000030517578,133.13999938964844,112.87999725341797,6202600,59492800,1881000,10789600,15031000,61296600,13250500,23321000,3773700,7923400,11508900,3682400,3323200,58865900,22134800,9979800,3255400,2585000,11517800,10610800,30614800,158831500,44218200,3764000,7106700,19849600,8348900,15092800,9714000,21086500,4002900,30567500,35501600,46726500,14142100,11158900
2025-07-17,186.96224975585938,160.41000366210938,289.5468444824219,739.117919921875,284.81646728515625,46.25667190551758,46.37651062011719,91.02632141113281,89.83247375488281,145.29466247558594,32.17743682861328,115.30078125,694.9608764648438,22.799999237060547,159.92149353027344,285.73956298828125,756.1509399414062,170.82675170898438,79.45005798339844,137.5792999267578,113.09590148925781,172.97125244140625,22.97451400756836,191.2589874267578,150.01185607910156,33.925106048583984,245.50148010253906,243.48239135742188,282.1585998535156,43.84907913208008,141.06082153320312,77.99854278564453,42.323699951171875,51.888694763183594,131.01698303222656,108.21066284179688,191.39999389648438,160.41000366210938,298.25,744.9099731445312,286.45001220703125,47.02000045776367,48.060001373291016,93.08999633789062,92.80999755859375,151.3800048828125,32.779998779296875,118.43000030517578,705.8400268554688,22.799999237060547,162.97999572753906,289.8999938964844,761.5,174.1699981689453,81.5199966430664,140.89999389648438,113.26000213623047,173.0,24.579999923706055,195.99000549316406,152.61000061035156,34.66999816894531,246.52999877929688,245.60000610351562,288.07000732421875,45.209999084472656,144.6699981689453,79.70999908447266,43.33000183105469,52.5099983215332,132.72000122070312,111.66000366210938,192.1199951171875,161.9600067138672,299.95001220703125,756.8499755859375,288.2799987792969,47.220001220703125,48.36000061035156,93.19999694824219,92.97000122070312,151.83999633789062,32.81999969482422,118.62000274658203,717.4500122070312,23.049999237060547,164.6999969482422,290.29998779296875,790.0,174.67999267578125,82.66000366210938,141.69000244140625,114.19999694824219,174.16000366210938,24.780000686645508,196.6699981689453,153.52999877929688,34.849998474121094,247.1300048828125,248.27999877929688,293.0,45.599998474121094,145.3300018310547,80.6500015258789,43.39500045776367,52.599998474121094,133.67999267578125,112.2300033569336,188.25999450683594,158.67999267578125,296.2799987792969,742.0,279.9100036621094,45.439998626708984,46.810001373291016,89.87999725341797,90.7699966430664,148.60000610351562,31.6299991607666,117.19000244140625,704.280029296875,22.59000015258789,162.3000030517578,283.44000244140625,760.02001953125,172.42999267578125,81.33999633789062,139.1300048828125,110.94999694824219,170.8300018310547,24.450000762939453,193.0500030517578,151.8000030517578,34.16999816894531,243.91000366210938,241.38999938964844,283.8299865722656,43.91999816894531,143.61000061035156,79.0999984741211,42.7400016784668,51.810001373291016,132.27999877929688,111.08999633789062,189.0,161.80999755859375,297.5899963378906,746.8200073242188,281.1400146484375,45.63999938964844,46.810001373291016,90.12999725341797,91.0999984741211,149.16000366210938,31.719999313354492,117.22000122070312,706.280029296875,22.65999984741211,163.17999267578125,283.44000244140625,786.7899780273438,172.86000061035156,81.9800033569336,139.25999450683594,113.93000030517578,172.02000427246094,24.489999771118164,193.0500030517578,153.0,34.47999954223633,245.5399932861328,245.7899932861328,292.3299865722656,44.150001525878906,144.0,79.45999908447266,42.845001220703125,51.869998931884766,133.2899932861328,111.48999786376953,4853100,50605100,1725600,4078500,17231100,56480700,16472000,23949200,4899400,8359600,6668800,2795600,2046100,49384000,11295700,8509500,4107300,1619700,8984800,7695800,34702400,160841100,47393900,3097000,7018600,70887000,4801100,27395700,14792700,25242800,2418800,21837600,36085600,48213900,15740900,13151400
2025-07-18,184.8718719482422,156.99000549316406,286.1586608886719,728.8682861328125,281.7242126464844,46.55180358886719,45.701026916503906,91.37834167480469,88.70001983642578,144.00852966308594,32.246150970458984,114.57059478759766,697.3435668945312,23.100000381469727,160.62799072265625,287.08990478515625,766.2891845703125,170.86598205566406,77.92967224121094,137.5109405517578,114.22425842285156,172.38136291503906,22.87169647216797,191.77618408203125,152.16458129882812,32.60411071777344,245.7006378173828,238.32720947265625,276.84979248046875,44.31462860107422,142.50389099121094,78.90855407714844,41.98182678222656,51.91834259033203,130.1482696533203,104.44082641601562,189.25999450683594,156.99000549316406,294.760009765625,734.5800170898438,283.3399963378906,47.31999969482422,47.36000061035156,93.44999694824219,91.63999938964844,150.0399932861328,32.849998474121094,117.68000030517578,708.260009765625,23.100000381469727,163.6999969482422,291.2699890136719,771.7100219726562,174.2100067138672,79.95999908447266,140.8300018310547,114.38999938964844,172.41000366210938,24.469999313354492,196.52000427246094,154.8000030517578,33.31999969482422,246.72999572753906,240.39999389648438,282.6499938964844,45.689998626708984,146.14999389648438,80.63999938964844,42.97999954223633,52.540000915527344,131.83999633789062,107.7699966430664,192.33999633789062,160.8300018310547,301.0,752.0900268554688,287.5299987792969,47.380001068115234,48.2400016784668,93.80000305175781,93.75,155.91000366210938,33.630001068115234,119.68000030517578,710.2899780273438,23.59000015258789,165.10000610351562,292.5,775.9600219726562,178.3300018310547,81.91999816894531,141.75,114.80000305175781,174.25,24.780000686645508,196.7899932861328,155.42999267578125,35.11000061035156,248.3699951171875,245.97000122070312,288.07000732421875,45.91999816894531,148.75,80.7699966430664,43.875,52.650001525878906,133.24000549316406,111.7300033569336,188.57000732421875,155.80999755859375,293.75,734.3300170898438,281.0,46.900001525878906,47.2599983215332,92.73999786376953,90.91999816894531,146.52999877929688,32.72999954223633,117.43000030517578,698.3900146484375,22.899999618530273,163.36000061035156,288.2300109863281,760.5,174.2100067138672,79.86000061035156,140.1999969482422,113.27999877929688,171.25999450683594,24.389999389648438,193.94000244140625,152.72999572753906,33.16999816894531,244.8800048828125,238.69000244140625,280.80999755859375,45.08000183105469,145.49000549316406,78.87999725341797,42.810001373291016,52.43000030517578,131.66000366210938,107.33999633789062,191.50999450683594,159.58999633789062,300.92999267578125,752.0800170898438,287.1099853515625,47.0099983215332,48.13999938964844,93.1500015258789,93.37000274658203,155.02000427246094,33.15999984741211,118.98999786376953,707.0599975585938,23.219999313354492,163.92999267578125,289.5199890136719,763.8599853515625,176.64999389648438,81.69999694824219,141.4499969482422,114.23999786376953,173.63999938964844,24.709999084472656,196.33999633789062,153.0399932861328,34.29999923706055,247.9499969482422,245.30999755859375,287.8900146484375,45.41999816894531,147.44000244140625,79.8499984741211,43.67499923706055,52.58000183105469,133.07000732421875,111.11000061035156,5332000,48859800,1967700,2567200,15012400,48314200,10717000,16603700,7968000,45782600,7130200,5901900,1925200,60195600,9792600,12217000,3357700,2623700,11823600,5572300,19349900,146456400,36309400,2548200,7433900,35376400,3758500,16252000,14979700,15539700,3417800,21236000,60975600,29791300,13245500,32366600
2025-07-21,180.5641326904297,157.0,287.2362976074219,714.0841064453125,286.5664367675781,46.709205627441406,45.05449676513672,90.59608459472656,88.08055114746094,143.66297912597656,31.755342483520508,113.41203308105469,695.1183471679688,23.260000228881836,161.27560424804688,286.7942199707031,756.8262329101562,171.52313232421875,77.29617309570312,137.15943908691406,113.0659408569336,171.35153198242188,22.6754150390625,191.29800415039062,156.26358032226562,32.81938552856445,245.9197235107422,236.79058837890625,276.3502502441406,44.401920318603516,142.6306610107422,78.55628967285156,41.54716110229492,51.77011489868164,129.40789794921875,104.71217346191406,184.85000610351562,157.0,295.8699951171875,719.6799926757812,288.2099914550781,47.47999954223633,46.689998626708984,92.6500015258789,91.0,149.67999267578125,32.349998474121094,116.48999786376953,706.0,23.260000228881836,164.36000061035156,290.9700012207031,762.1799926757812,174.8800048828125,79.30999755859375,140.47000122070312,113.2300033569336,171.3800048828125,24.260000228881836,196.02999877929688,158.97000122070312,33.540000915527344,246.9499969482422,238.85000610351562,282.1400146484375,45.779998779296875,146.27999877929688,80.27999877929688,42.53499984741211,52.38999938964844,131.08999633789062,108.05000305175781,189.89999389648438,160.33999633789062,297.0899963378906,732.9000244140625,290.5400085449219,48.040000915527344,47.38999938964844,94.08000183105469,92.1500015258789,151.6699981689453,33.02000045776367,118.13999938964844,712.760009765625,23.829999923706055,164.9199981689453,294.17999267578125,772.0,176.47000122070312,80.30999755859375,142.52000427246094,115.91999816894531,173.3800048828125,24.649999618530273,198.5500030517578,159.92999267578125,34.279998779296875,250.19000244140625,242.33999633789062,286.5,46.5,147.5,81.45999908447266,43.084999084472656,52.939998626708984,132.32000732421875,108.7699966430664,184.6300048828125,156.9199981689453,293.6000061035156,719.3200073242188,283.6300048828125,47.20000076293945,46.56999969482422,92.52999877929688,90.9000015258789,149.1300048828125,32.29999923706055,116.48999786376953,704.3499755859375,23.15999984741211,162.77999877929688,290.5799865722656,760.5,173.9499969482422,78.94999694824219,140.17999267578125,112.66999816894531,171.0,24.260000228881836,195.9600067138672,154.91000366210938,33.459999084472656,246.9499969482422,238.7100067138672,281.20001220703125,45.75,144.77000427246094,80.16999816894531,42.45000076293945,52.369998931884766,131.02999877929688,107.44000244140625,189.6199951171875,157.6199951171875,294.75,731.0,283.9599914550781,47.540000915527344,47.38999938964844,93.58999633789062,91.73999786376953,151.1999969482422,32.900001525878906,118.0199966430664,709.1400146484375,23.399999618530273,163.77000427246094,291.0,768.1699829101562,174.99000549316406,80.16000366210938,141.24000549316406,113.58999633789062,172.75,24.59000015258789,197.05999755859375,154.9199981689453,33.650001525878906,247.36000061035156,240.1199951171875,284.6400146484375,45.779998779296875,145.42999267578125,80.75,43.0099983215332,52.56999969482422,131.91000366210938,107.5999984741211,4954800,39021100,2025100,2650300,17726800,32199700,9999300,11894500,4436500,17982200,4939700,3248000,2006500,61658000,8254000,7898100,3058000,1458100,11620800,5853400,22189800,123126100,33663400,1825200,7662300,22403000,4672600,11971800,10319200,10538100,2129200,14506600,30434400,36871400,9468700,17010400
2025-07-22,182.771728515625,154.72000122070312,296.76971435546875,699.9944458007812,277.0013122558594,46.99449920654297,46.33790588378906,91.91615295410156,89.99702453613281,144.00852966308594,32.206886291503906,114.8139877319336,689.614501953125,23.239999771118164,164.77859497070312,287.2475891113281,770.9860229492188,171.8860321044922,79.53777313232422,136.73956298828125,109.06175231933594,167.00225830078125,23.497934341430664,192.02989196777344,155.30026245117188,33.61198425292969,242.52395629882812,232.5772247314453,279.2789001464844,44.77048110961914,141.48983764648438,80.61119842529297,41.742515563964844,52.05668258666992,131.81658935546875,105.1870346069336,187.11000061035156,154.72000122070312,305.69000244140625,705.47998046875,278.5899963378906,47.77000045776367,48.02000045776367,94.0,92.9800033569336,150.0399932861328,32.810001373291016,117.93000030517578,700.4099731445312,23.239999771118164,167.92999267578125,291.42999267578125,776.4400024414062,175.25,81.61000061035156,140.0399932861328,109.22000122070312,167.02999877929688,25.139999389648438,196.77999877929688,157.99000549316406,34.349998474121094,243.5399932861328,234.60000610351562,285.1300048828125,46.15999984741211,145.11000061035156,82.37999725341797,42.73500061035156,52.68000030517578,133.52999877929688,108.54000091552734,188.1999969482422,156.22999572753906,306.79998779296875,719.0599975585938,288.0,48.16999816894531,48.13999938964844,94.4800033569336,93.30000305175781,150.94000244140625,33.040000915527344,118.41000366210938,706.489990234375,23.540000915527344,168.05999755859375,293.6300048828125,778.2899780273438,176.8699951171875,81.7699966430664,140.88999938964844,113.0,171.38999938964844,25.139999389648438,199.0,159.0399932861328,34.45000076293945,246.5,238.0,287.1099853515625,46.61000061035156,147.4600067138672,82.58999633789062,42.970001220703125,52.75,133.80999755859375,109.44000244140625,184.89999389648438,149.33999633789062,295.8599853515625,701.1900024414062,276.42999267578125,47.459999084472656,46.849998474121094,92.72000122070312,91.1500015258789,148.47999572753906,32.45000076293945,116.33999633789062,691.8800048828125,23.079999923706055,164.7100067138672,289.17999267578125,762.5,174.44000244140625,79.87000274658203,138.92999267578125,108.12999725341797,164.5800018310547,24.34000015258789,195.5800018310547,156.1699981689453,33.36000061035156,240.69000244140625,231.75999450683594,282.0,45.810001373291016,144.6300048828125,80.27999877929688,42.44499969482422,52.470001220703125,131.30999755859375,107.61000061035156,184.94000244140625,156.1999969482422,296.4599914550781,718.3099975585938,287.6499938964844,47.599998474121094,46.90999984741211,93.56999969482422,91.25,149.25999450683594,32.470001220703125,116.70999908447266,703.6599731445312,23.34000015258789,165.0,291.5,763.3400268554688,174.80999755859375,79.87000274658203,140.8000030517578,112.86000061035156,171.33999633789062,24.3700008392334,195.88999938964844,158.9600067138672,33.63999938964844,246.0399932861328,237.8300018310547,282.6300048828125,45.81999969482422,144.6300048828125,80.27999877929688,42.48500061035156,52.5,131.30999755859375,107.9800033569336,4432100,49028000,2520800,3425100,16564800,34749400,9605500,15282600,5545500,26196500,6161300,2200000,1978900,53969800,9288000,6717500,2496600,1431300,10571000,5257200,27917600,193114300,48091600,2106900,6951600,20793800,6871000,11919500,14600300,10511800,2818300,22437000,32444000,32289100,16681900,13970900
2025-07-23,186.1319580078125,158.64999389648438,300.19671630859375,711.3555297851562,282.07220458984375,47.358489990234375,47.264278411865234,93.86203002929688,91.99093627929688,146.96470642089844,32.62898635864258,115.7388916015625,706.4608154296875,23.489999771118164,165.92665100097656,292.5011291503906,793.2783203125,174.13204956054688,81.84760284423828,138.85842895507812,109.67086791992188,170.75161743164062,23.70356559753418,192.9862518310547,157.15809631347656,34.385009765625,241.0501251220703,238.25782775878906,286.5074768066406,44.896568298339844,143.85922241210938,81.90286254882812,42.39695739746094,52.47171401977539,134.5214385986328,106.53408813476562,190.5500030517578,158.64999389648438,309.2200012207031,716.9299926757812,283.69000244140625,48.13999938964844,48.97999954223633,95.98999786376953,95.04000091552734,153.1199951171875,33.2400016784668,118.87999725341797,717.52001953125,23.489999771118164,169.10000610351562,296.760009765625,798.8900146484375,177.5399932861328,83.9800033569336,142.2100067138672,109.83000183105469,170.77999877929688,25.360000610351562,197.75999450683594,159.8800048828125,35.13999938964844,242.05999755859375,240.3300018310547,292.510009765625,46.290000915527344,147.5399932861328,83.69999694824219,43.404998779296875,53.099998474121094,136.27000427246094,109.93000030517578,190.8000030517578,159.4499969482422,309.489990234375,719.969970703125,284.0,48.310001373291016,49.119998931884766,95.98999786376953,95.27999877929688,153.13999938964844,33.529998779296875,119.05000305175781,719.010009765625,23.6200008392334,169.1199951171875,296.989990234375,800.0900268554688,177.75,84.13999938964844,142.6300048828125,110.29000091552734,171.25999450683594,25.530000686645508,198.08999633789062,160.0399932861328,35.529998779296875,242.39999389648438,240.5,292.6400146484375,46.650001525878906,147.6999969482422,83.93000030517578,43.43000030517578,53.099998474121094,136.32000732421875,110.0,186.77000427246094,156.0,305.989990234375,708.1300048828125,273.0,47.810001373291016,48.36000061035156,94.4800033569336,93.1500015258789,150.47000122070312,32.7400016784668,117.27999877929688,701.5,22.920000076293945,166.58999633789062,292.54998779296875,777.0800170898438,175.02000427246094,82.41000366210938,139.92999267578125,108.87999725341797,167.97000122070312,25.25,195.36000061035156,156.92999267578125,34.58000183105469,239.05999755859375,236.3800048828125,284.95001220703125,46.119998931884766,144.97999572753906,82.61000061035156,42.79999923706055,52.560001373291016,134.8000030517578,108.8499984741211,187.0500030517578,156.32000732421875,307.80999755859375,715.2100219726562,276.7799987792969,48.0099983215332,48.86000061035156,94.5,93.54000091552734,150.91000366210938,32.9900016784668,118.31999969482422,702.0,23.260000228881836,168.60000610351562,292.8399963378906,780.0,175.75999450683594,82.62000274658203,140.77999877929688,109.44000244140625,169.52999877929688,25.3799991607666,197.5500030517578,158.58999633789062,34.79999923706055,241.72000122070312,238.52000427246094,287.5,46.52000045776367,145.6699981689453,83.0,42.90999984741211,52.79999923706055,135.25999450683594,108.93000030517578,4344500,41510900,1782700,3379400,20556200,31380100,10834300,22339800,6921500,13162800,6605300,2798100,2395700,68711700,10617600,7083500,2683600,1798200,11542100,6612900,17810000,154082200,42073300,2059000,7296200,22471100,5952600,9885400,13111100,10145800,2949400,19379200,28046000,32111300,16624000,12002700
2025-07-24,186.4054718017578,162.1199951171875,299.5462341308594,719.442138671875,287.0635986328125,47.60443115234375,47.22568130493164,93.27532958984375,92.55233001708984,149.56578063964844,32.6878776550293,115.9043960571289,708.09521484375,22.6299991607666,166.3780059814453,292.2940979003906,799.7723999023438,168.02163696289062,81.97429656982422,139.14158630371094,111.568115234375,173.7111358642578,23.6942195892334,191.4151153564453,156.1357879638672,34.48286437988281,240.5522003173828,239.51687622070312,272.8633117675781,44.673492431640625,136.83883666992188,82.0692138671875,42.69976043701172,52.44207000732422,134.01797485351562,107.3675308227539,190.8300018310547,162.1199951171875,308.54998779296875,725.0800170898438,288.7099914550781,48.38999938964844,48.939998626708984,95.38999938964844,95.62000274658203,155.8300018310547,33.29999923706055,119.05000305175781,719.1799926757812,22.6299991607666,169.55999755859375,296.54998779296875,805.4299926757812,171.30999755859375,84.11000061035156,142.5,111.7300033569336,173.74000549316406,25.350000381469727,196.14999389648438,158.83999633789062,35.2400016784668,241.55999755859375,241.60000610351562,278.5799865722656,46.060001373291016,140.33999633789062,83.87000274658203,43.71500015258789,53.06999969482422,135.75999450683594,110.79000091552734,192.24000549316406,163.92999267578125,311.2799987792969,726.6300048828125,291.20001220703125,49.0,49.279998779296875,96.91000366210938,95.79000091552734,156.0,33.630001068115234,119.69999694824219,725.77001953125,23.579999923706055,169.99000549316406,299.5899963378906,810.1400146484375,176.57000732421875,84.51000213623047,143.72000122070312,112.7300033569336,173.8300018310547,25.540000915527344,198.67999267578125,159.08999633789062,35.400001525878906,242.08999633789062,241.9499969482422,289.2099914550781,46.70000076293945,145.00999450683594,84.83000183105469,43.77000045776367,53.439998626708984,136.92999267578125,110.94999694824219,189.99000549316406,158.36000061035156,307.3500061035156,718.3599853515625,283.5,48.209999084472656,48.709999084472656,95.30000305175781,94.30000305175781,152.1999969482422,32.72999954223633,118.08000183105469,714.72998046875,22.600000381469727,168.8800048828125,296.20001220703125,797.6500244140625,170.1199951171875,83.5199966430664,141.85000610351562,110.25,171.3000030517578,25.260000228881836,196.14999389648438,156.7899932861328,34.709999084472656,239.4600067138672,238.02999877929688,278.2200012207031,46.04999923706055,139.61000061035156,83.12000274658203,43.095001220703125,53.0099983215332,135.5399932861328,109.12999725341797,190.75999450683594,159.1199951171875,309.2300109863281,723.010009765625,289.7900085449219,48.4900016784668,49.02000045776367,96.29000091552734,94.4000015258789,152.69000244140625,33.02000045776367,118.77999877929688,718.9299926757812,23.489999771118164,169.5,297.4200134277344,801.3599853515625,174.99000549316406,84.19999694824219,142.47000122070312,111.05999755859375,172.44000244140625,25.389999389648438,197.77000427246094,158.35000610351562,34.939998626708984,241.58999633789062,240.2100067138672,283.1000061035156,46.2400016784668,144.60000610351562,83.83999633789062,43.290000915527344,53.119998931884766,136.1300048828125,109.66000366210938,3462700,48440100,1531200,2037100,16413800,42967600,6860600,15644400,5047900,15701000,9729100,2452100,1974700,131963300,6636900,7001200,2786400,2607300,8016700,3817900,20293100,128984600,25672400,2139300,5014800,15592100,4166800,9081900,22585200,9025600,6183700,19031200,24022200,32371900,11054800,15647200
2025-07-25,185.86822509765625,166.47000122070312,297.6337585449219,705.7196655273438,288.5251770019531,47.66345977783203,46.733551025390625,93.94026184082031,91.90381622314453,148.61557006835938,32.334495544433594,115.26183319091797,717.744140625,20.700000762939453,165.14166259765625,294.33441162109375,806.9814453125,168.2766571044922,82.5590591430664,139.6395721435547,111.09880065917969,173.47117614746094,23.570613861083984,191.31752014160156,155.70327758789062,34.70792007446289,240.5322723388672,243.48239135742188,275.29241943359375,44.92566680908203,138.42819213867188,82.50955963134766,42.5385856628418,52.80768966674805,134.72872924804688,106.98957824707031,190.27999877929688,166.47000122070312,306.5799865722656,711.25,290.17999267578125,48.45000076293945,48.43000030517578,96.06999969482422,94.94999694824219,154.83999633789062,32.939998626708984,118.38999938964844,728.97998046875,20.700000762939453,168.3000030517578,298.6199951171875,812.6900024414062,171.57000732421875,84.70999908447266,143.00999450683594,111.26000213623047,173.5,24.790000915527344,196.0500030517578,158.39999389648438,35.470001220703125,241.5399932861328,245.60000610351562,281.05999755859375,46.31999969482422,141.97000122070312,84.31999969482422,43.54999923706055,53.439998626708984,136.47999572753906,110.4000015258789,191.39999389648438,167.17999267578125,309.0299987792969,713.1500244140625,292.5899963378906,48.54999923706055,49.2400016784668,96.19000244140625,96.01000213623047,156.1999969482422,33.459999084472656,119.33000183105469,729.8900146484375,21.049999237060547,169.8800048828125,298.8999938964844,815.1900024414062,173.22999572753906,85.22000122070312,143.3800048828125,111.5,174.72000122070312,24.969999313354492,196.6999969482422,159.1999969482422,35.630001068115234,241.6699981689453,246.24000549316406,286.1400146484375,46.36000061035156,143.2899932861328,84.45999908447266,43.834999084472656,53.4900016784668,136.6999969482422,110.9800033569336,188.52999877929688,162.36000061035156,304.45001220703125,706.5999755859375,287.2699890136719,47.939998626708984,47.290000915527344,94.43000030517578,94.73999786376953,153.9600067138672,32.849998474121094,117.86000061035156,718.3499755859375,20.360000610351562,167.44000244140625,295.9599914550781,802.3699951171875,170.33999633789062,83.83999633789062,142.0500030517578,108.83000183105469,172.9600067138672,24.6200008392334,193.69000244140625,157.41000366210938,35.11000061035156,239.10000610351562,240.94000244140625,279.94000244140625,45.5099983215332,140.0800018310547,83.2300033569336,43.32500076293945,52.9900016784668,135.74000549316406,109.69999694824219,191.39999389648438,163.50999450683594,308.5799865722656,709.1400146484375,288.07000732421875,48.38999938964844,49.08000183105469,95.38999938964844,95.69999694824219,155.8300018310547,33.33000183105469,119.05999755859375,720.760009765625,20.68000030517578,169.75,296.70001220703125,809.0,172.07000732421875,84.16000366210938,142.9199981689453,110.98999786376953,173.61000061035156,24.969999313354492,196.3300018310547,158.89999389648438,35.40999984741211,240.10000610351562,241.32000732421875,281.0,46.130001068115234,141.8800048828125,84.12000274658203,43.7599983215332,53.099998474121094,136.25,110.7300033569336,3786800,53432300,1451300,2312100,12476200,24461200,11922000,13543400,4501800,7875500,5664200,1785300,1851400,245077700,6254900,5918500,2976900,1287700,10058800,3463000,16372300,122316800,35643400,1817300,4808200,11467800,3511400,11593400,16486600,8082200,2792200,14072400,20143200,28964700,9539900,10548900
2025-07-28,184.1490478515625,173.66000366210938,292.4981384277344,724.3139038085938,292.6217041015625,47.44702911376953,45.84577560424805,93.4317855834961,93.90740966796875,149.99766540527344,33.463356018066406,118.43569946289062,712.496337890625,20.68000030517578,163.10069274902344,293.9992980957031,802.43359375,171.44467163085938,81.9255599975586,139.20018005371094,111.08881378173828,176.7206268310547,23.11422348022461,189.2877197265625,158.3081817626953,35.22653579711914,244.7247314453125,240.65695190429688,276.3306579589844,44.70258712768555,141.1388397216797,81.2863998413086,43.0220947265625,52.44207000732422,133.5540008544922,107.99744415283203,188.52000427246094,173.66000366210938,301.2900085449219,729.989990234375,294.29998779296875,48.22999954223633,47.5099983215332,95.55000305175781,97.0199966430664,156.27999877929688,34.09000015258789,121.6500015258789,723.6500244140625,20.68000030517578,166.22000122070312,298.2799987792969,808.1099853515625,174.8000030517578,84.05999755859375,142.55999755859375,111.25,176.75,24.309999465942383,193.97000122070312,161.0500030517578,36.0,245.75,242.75,282.1199951171875,46.09000015258789,144.75,83.06999969482422,44.04499816894531,53.06999969482422,135.2899932861328,111.44000244140625,191.2100067138672,174.6999969482422,306.0,735.4099731445312,295.45001220703125,48.540000915527344,48.459999084472656,96.19999694824219,97.31999969482422,156.5500030517578,34.119998931884766,121.72000122070312,732.52001953125,21.290000915527344,167.94000244140625,299.42999267578125,820.219970703125,174.9600067138672,84.97000122070312,143.13999938964844,112.0,177.0,24.729999542236328,196.5,161.9600067138672,36.189998626708984,246.0,243.9499969482422,285.0,46.36000061035156,144.97000122070312,84.5,44.119998931884766,53.439998626708984,136.38999938964844,112.11000061035156,187.63999938964844,168.6699981689453,300.1000061035156,728.489990234375,290.5899963378906,48.08000183105469,47.34000015258789,95.06999969482422,95.69000244140625,154.9499969482422,33.29999923706055,119.44999694824219,722.1699829101562,20.649999618530273,165.0500030517578,296.82000732421875,802.5,171.8699951171875,83.87000274658203,142.02000427246094,109.86000061035156,173.97000122070312,24.239999771118164,193.05999755859375,159.16000366210938,35.560001373291016,243.91000366210938,241.0500030517578,279.69000244140625,45.84000015258789,142.72999572753906,82.70999908447266,43.775001525878906,52.959999084472656,134.92999267578125,110.83999633789062,191.2100067138672,169.0800018310547,305.82000732421875,735.1500244140625,292.4599914550781,48.45000076293945,48.439998626708984,96.06999969482422,95.69000244140625,155.39999389648438,33.34000015258789,119.73999786376953,728.0,20.81999969482422,167.86000061035156,297.6600036621094,812.6500244140625,172.6999969482422,84.47000122070312,143.0399932861328,111.72000122070312,174.02000427246094,24.68000030517578,196.02999877929688,159.75999450683594,35.650001525878906,244.2100067138672,243.0,283.5,46.25,142.8699951171875,84.31999969482422,43.84000015258789,53.380001068115234,136.13999938964844,111.0,3776900,68267800,1948000,2253900,13683400,20590400,7445600,19370700,4632400,8755400,7174600,2795000,1464800,86105600,8014600,5840400,2587700,1100100,12882000,3729300,12932300,140023500,31096600,1484000,9627300,13367900,6433000,11892200,15779400,6597600,2205700,10627100,23705200,29119300,9780300,12353000
2025-07-29,186.78643798828125,177.44000244140625,294.7018737792969,714.711669921875,295.72393798828125,47.17157745361328,45.218544006347656,92.38551330566406,94.8462905883789,150.71751403808594,33.59096908569336,119.89605712890625,720.6979370117188,20.40999984741211,164.95521545410156,292.7771301269531,757.5908203125,172.06256103515625,80.53187561035156,140.17660522460938,111.79777526855469,175.48085021972656,23.104717254638672,188.7022247314453,159.32064819335938,34.86448287963867,245.16290283203125,239.2491912841797,255.71263122558594,44.70258712768555,141.11932373046875,80.87540435791016,43.442108154296875,52.17526626586914,132.7050323486328,109.3929672241211,191.22000122070312,177.44000244140625,303.55999755859375,718.489990234375,297.4200134277344,47.95000076293945,46.86000061035156,94.4800033569336,97.98999786376953,157.02999877929688,34.220001220703125,123.1500015258789,731.97998046875,20.40999984741211,168.11000061035156,297.0400085449219,762.9500122070312,175.42999267578125,82.62999725341797,143.55999755859375,111.95999908447266,175.50999450683594,24.299999237060547,193.3699951171875,162.0800018310547,35.630001068115234,246.19000244140625,241.3300018310547,261.07000732421875,46.09000015258789,144.72999572753906,82.6500015258789,44.474998474121094,52.79999923706055,134.42999267578125,112.87999725341797,192.49000549316406,182.30999755859375,304.07000732421875,726.9199829101562,302.19000244140625,48.5099983215332,47.18000030517578,96.11000061035156,98.06999969482422,157.2100067138672,34.33000183105469,123.22000122070312,734.1300048828125,20.850000381469727,168.77999877929688,301.2900085449219,779.489990234375,175.5,82.88999938964844,144.0500030517578,113.54000091552734,179.3800048828125,24.329999923706055,195.50999450683594,163.60000610351562,35.959999084472656,249.52999877929688,243.97000122070312,272.9100036621094,46.369998931884766,145.3300018310547,83.69999694824219,44.4900016784668,53.29999923706055,135.10000610351562,113.0,187.86000061035156,174.67999267578125,297.7799987792969,715.7000122070312,294.8699951171875,47.88999938964844,46.369998931884766,94.36000061035156,96.6500015258789,155.4499969482422,33.709999084472656,120.86000061035156,722.4199829101562,20.34000015258789,166.3699951171875,296.20001220703125,755.1799926757812,172.99000549316406,76.66000366210938,142.10000610351562,110.66999816894531,175.02000427246094,23.93000030517578,192.8699951171875,161.13999938964844,35.209999084472656,244.5,239.82000732421875,260.54998779296875,45.939998626708984,141.52999877929688,82.19999694824219,43.970001220703125,52.68000030517578,132.94000244140625,111.41000366210938,189.14999389648438,175.2100067138672,301.1199951171875,722.72998046875,297.5,48.38999938964844,47.16999816894531,96.0,97.30999755859375,156.67999267578125,34.18000030517578,122.0,726.8499755859375,20.690000534057617,166.6699981689453,300.0,774.5,175.25,79.8499984741211,143.5,112.05000305175781,177.9600067138672,24.309999465942383,195.22999572753906,162.0399932861328,35.79999923706055,247.2899932861328,241.5,265.70001220703125,46.29999923706055,144.94000244140625,83.62999725341797,44.1150016784668,53.25,133.89999389648438,111.9000015258789,6715500,108154800,1406500,2292900,19210800,26216500,11423400,13169900,5157700,6446000,6184100,2916200,2136000,100831500,7663400,7635700,7100700,1296100,27826400,5158700,16653300,154077500,38499800,1236600,9460900,14315300,5299700,9411500,41706000,10034100,3245700,12478200,24552000,37883200,14967600,15928000
2025-07-30,184.92071533203125,179.50999450683594,292.5757751464844,717.6561889648438,300.8942565917969,47.18141174316406,44.36936950683594,93.68601989746094,93.56863403320312,147.38702392578125,33.13941955566406,118.03652954101562,719.4868774414062,20.34000015258789,164.1211700439453,295.3299255371094,754.740966796875,167.5018310546875,79.67422485351562,141.5240936279297,114.5737533569336,179.24021911621094,22.638816833496094,187.9020233154297,156.35205078125,33.435848236083984,246.91554260253906,240.8155975341797,260.58062744140625,44.49890899658203,135.89303588867188,80.02408599853516,42.82185745239258,52.076446533203125,132.46812438964844,108.44324493408203,189.30999755859375,179.50999450683594,301.3699951171875,721.4500122070312,302.6199951171875,47.959999084472656,45.97999954223633,95.80999755859375,96.66999816894531,153.55999755859375,33.7599983215332,121.23999786376953,730.75,20.34000015258789,167.25999450683594,299.6300048828125,760.0800170898438,170.77999877929688,81.75,144.94000244140625,114.73999786376953,179.27000427246094,23.809999465942383,192.5500030517578,159.05999755859375,34.16999816894531,247.9499969482422,242.91000366210938,266.0400085449219,45.880001068115234,139.3699951171875,81.77999877929688,43.84000015258789,52.70000076293945,134.19000244140625,111.9000015258789,192.6999969482422,180.3699951171875,305.57000732421875,724.02001953125,303.260009765625,48.5,47.2599983215332,95.98999786376953,97.44999694824219,156.30999755859375,34.15999984741211,122.86000061035156,737.8800048828125,20.6200008392334,168.61000061035156,300.6099853515625,778.0999755859375,174.02000427246094,83.58000183105469,145.47999572753906,114.88999938964844,179.88999938964844,24.399999618530273,195.25999450683594,163.27000427246094,35.5099983215332,249.5,244.57000732421875,266.6300048828125,46.58000183105469,143.5800018310547,83.08999633789062,44.224998474121094,53.029998779296875,135.19000244140625,112.61000061035156,188.00999450683594,173.8000030517578,299.6600036621094,715.5,295.79998779296875,47.7400016784668,45.810001373291016,94.58000183105469,95.87000274658203,152.6999969482422,33.5099983215332,120.6500015258789,723.1799926757812,20.079999923706055,166.77999877929688,297.3800048828125,758.4099731445312,169.4499969482422,81.5199966430664,143.27999877929688,112.41000366210938,176.0399932861328,23.799999237060547,191.4199981689453,158.0,33.91999816894531,245.8699951171875,241.22000122070312,258.1199951171875,45.650001525878906,138.07000732421875,81.30999755859375,43.564998626708984,52.439998626708984,133.63999938964844,111.26000213623047,191.77000427246094,175.61000061035156,304.3299865722656,716.8900146484375,297.1499938964844,48.2599983215332,47.0,94.9000015258789,97.38999938964844,156.13999938964844,33.939998626708984,122.2300033569336,731.1400146484375,20.43000030517578,167.6999969482422,297.4200134277344,774.0,173.80999755859375,82.91000366210938,143.8300018310547,112.5999984741211,176.50999450683594,24.31999969482422,195.02000427246094,163.0,35.43000030517578,248.36000061035156,242.1199951171875,264.79998779296875,46.290000915527344,142.91000366210938,82.98999786376953,44.20000076293945,52.779998779296875,134.8800048828125,112.41000366210938,5008400,64820300,1550400,1407000,16738900,32265900,14148800,13998000,6607600,9191700,6439900,2691400,1816200,67420300,6189200,8061700,4338700,1494600,13055200,5236800,16378800,174312200,35649500,1546200,14382500,17945400,5300500,6823800,22371800,11488700,4629600,15579100,26552400,37260100,11634600,12996900
2025-07-31,184.63743591308594,176.30999755859375,286.48876953125,691.0567626953125,292.025146484375,46.50261688232422,41.79289627075195,91.62278747558594,92.28130340576172,145.544189453125,32.609352111816406,116.84876251220703,712.4373168945312,19.799999237060547,161.64846801757812,291.9885559082031,734.8715209960938,166.92315673828125,76.13639831542969,140.06893920898438,108.98186492919922,177.84043884277344,22.144399642944336,185.6770477294922,144.26144409179688,33.07379913330078,239.02859497070312,239.5366973876953,244.43882751464844,43.60660171508789,134.9788360595703,78.8987808227539,42.59231185913086,51.75035095214844,128.75636291503906,108.19127655029297,189.02000427246094,176.30999755859375,295.1000061035156,694.7100219726562,293.70001220703125,47.27000045776367,43.310001373291016,93.69999694824219,95.33999633789062,151.63999938964844,33.220001220703125,120.0199966430664,723.5900268554688,19.799999237060547,164.74000549316406,296.239990234375,740.0700073242188,170.19000244140625,78.12000274658203,142.4600067138672,109.13999938964844,177.8699951171875,23.290000915527344,190.27000427246094,146.75999450683594,33.79999923706055,240.02999877929688,241.6199951171875,249.55999755859375,44.959999084472656,137.30999755859375,80.62999725341797,43.60499954223633,52.369998931884766,130.42999267578125,111.63999938964844,198.8300018310547,182.5,302.9599914550781,707.5399780273438,306.95001220703125,48.029998779296875,45.5099983215332,96.1500015258789,96.94999694824219,153.92999267578125,34.040000915527344,122.63999938964844,734.0399780273438,20.229999542236328,167.07000732421875,300.9800109863281,766.4500122070312,171.9199981689453,81.48999786376953,144.6999969482422,112.2699966430664,183.3000030517578,23.84000015258789,192.8699951171875,156.8000030517578,34.380001068115234,245.2899932861328,247.41000366210938,261.3999938964844,45.90999984741211,138.72000122070312,81.93000030517578,44.11000061035156,52.9900016784668,133.7899932861328,112.5,187.6199951171875,173.0,293.6300048828125,691.2100219726562,290.2300109863281,47.189998626708984,42.959999084472656,93.55000305175781,95.0999984741211,151.13999938964844,33.06999969482422,119.76000213623047,720.4400024414062,19.65999984741211,164.22999572753906,295.5,735.4400024414062,169.1699981689453,77.8499984741211,142.0,106.94000244140625,175.92999267578125,23.139999389648438,189.82000732421875,145.5800018310547,33.689998626708984,237.66000366210938,239.8000030517578,247.75,44.83000183105469,136.47999572753906,80.33000183105469,43.380001068115234,52.27000045776367,129.97999572753906,110.36000061035156,197.05999755859375,182.02000427246094,298.44000244140625,706.4000244140625,302.79998779296875,47.7599983215332,44.16999816894531,95.47000122070312,95.26000213623047,152.0,33.41999816894531,120.29000091552734,726.5900268554688,20.170000076293945,165.92999267578125,299.1400146484375,747.2999877929688,170.3300018310547,80.80000305175781,143.1999969482422,112.19000244140625,182.89999389648438,23.600000381469727,192.08999633789062,153.11000061035156,33.97999954223633,245.0399932861328,245.97999572753906,261.3999938964844,45.709999084472656,137.30999755859375,81.3499984741211,43.380001068115234,52.47999954223633,133.02000427246094,110.36000061035156,10347900,71765300,2252700,2892200,25488500,40016300,44531300,14638800,5648100,10237100,5467900,2657200,2358100,90665200,11036200,14749700,5810300,1340600,19813300,5523700,29224300,221685400,62768300,1669300,24440100,13121200,9419300,13490700,29606900,11817100,3565500,14813900,24960800,46179400,26441600,17233700
2025-08-01,190.69369506835938,171.6999969482422,288.216796875,686.1924438476562,286.9940185546875,44.91875076293945,42.680667877197266,89.79425811767578,89.78408813476562,145.31385803222656,31.549203872680664,113.51912689208984,698.6333618164062,19.309999465942383,164.1898651123047,285.2171936035156,756.9751586914062,162.35260009765625,77.27668762207031,136.7554931640625,104.72803497314453,173.69113159179688,22.334558486938477,181.3930206298828,145.66709899902344,32.33991241455078,236.250244140625,233.1819610595703,232.89077758789062,42.617305755615234,130.9189453125,76.10997009277344,41.80112075805664,50.791831970214844,129.4473876953125,106.25305938720703,195.22000122070312,171.6999969482422,296.8800048828125,689.8200073242188,288.6400146484375,45.65999984741211,44.22999954223633,91.83000183105469,92.76000213623047,151.39999389648438,32.13999938964844,116.5999984741211,709.5700073242188,19.309999465942383,167.3300018310547,289.3699951171875,762.3300170898438,165.52999877929688,79.29000091552734,139.08999633789062,104.87999725341797,173.72000122070312,23.489999771118164,185.8800048828125,148.19000244140625,33.04999923706055,237.24000549316406,235.2100067138672,237.77000427246094,43.939998626708984,133.17999267578125,77.77999877929688,42.79499816894531,51.400001525878906,131.1300048828125,109.63999938964844,197.05999755859375,174.39999389648438,298.5199890136719,693.4299926757812,292.6400146484375,46.40999984741211,44.459999084472656,92.02999877929688,95.48999786376953,154.64999389648438,33.029998779296875,119.9000015258789,714.52001953125,19.549999237060547,167.6199951171875,291.79998779296875,768.0,168.0,79.87000274658203,139.57000732421875,106.5,176.5399932861328,23.520000457763672,187.97000122070312,149.1699981689453,33.61000061035156,239.61000061035156,237.19000244140625,251.49000549316406,44.54999923706055,136.27999877929688,79.3499984741211,43.595001220703125,51.7599983215332,131.39999389648438,112.54000091552734,189.7899932861328,166.82000732421875,292.5899963378906,683.47998046875,281.6099853515625,45.31999969482422,43.56999969482422,87.94000244140625,92.37999725341797,150.35000610351562,31.729999542236328,115.93000030517578,694.0499877929688,18.969999313354492,164.7899932861328,284.239990234375,745.989990234375,164.77999877929688,77.52999877929688,136.1699981689453,103.37999725341797,170.88999938964844,23.110000610351562,183.83999633789062,145.7899932861328,32.36000061035156,232.3300018310547,231.83999633789062,234.60000610351562,43.459999084472656,132.49000549316406,77.4000015258789,42.560001373291016,51.04999923706055,129.86000061035156,108.86000061035156,189.9199981689453,170.16000366210938,297.05999755859375,690.0,286.5400085449219,46.36000061035156,43.61000061035156,91.8499984741211,94.94000244140625,152.5399932861328,32.810001373291016,119.45999908447266,710.510009765625,19.5,165.47999572753906,290.3999938964844,746.8200073242188,167.8000030517578,78.0199966430664,139.27000427246094,105.48999786376953,174.08999633789062,23.299999237060547,187.4499969482422,146.4600067138672,33.61000061035156,235.50999450683594,235.6199951171875,250.61000061035156,44.31999969482422,135.16000366210938,79.19000244140625,43.439998626708984,51.720001220703125,130.6999969482422,112.0,8082000,75396100,2410900,1627100,21428100,52310400,18629500,17725600,6349200,10706500,8893000,2689000,2999100,86496100,8927800,12007100,4859500,1385300,11900300,6678500,24003300,204529000,51332700,2639400,12706700,17071400,8549000,13549800,39989200,9632900,2250300,16071300,42329400,63060800,20736200,19652000
2025-08-04,192.61801147460938,176.77999877929688,293.129150390625,695.6822509765625,296.022216796875,45.10566711425781,43.809688568115234,90.63087463378906,89.8711929321289,144.96832275390625,31.35287857055664,113.91829681396484,714.8396606445312,19.5,167.83023071289062,290.0369873046875,763.5982666015625,164.7359619140625,77.83221435546875,138.98739624023438,107.61385345458984,179.9700927734375,22.372591018676758,184.5060272216797,144.99867248535156,32.1735725402832,239.3970489501953,236.9392852783203,236.03488159179688,43.08285903930664,132.7473602294922,75.91426849365234,41.70833206176758,51.29579544067383,131.30325317382812,104.05318450927734,197.19000244140625,176.77999877929688,301.94000244140625,699.3599853515625,297.7200012207031,45.849998474121094,45.400001525878906,92.08000183105469,92.8499984741211,151.0399932861328,31.940000534057617,117.01000213623047,726.030029296875,19.5,171.0399932861328,294.260009765625,769.0,167.9600067138672,79.86000061035156,141.36000061035156,107.7699966430664,180.0,23.530000686645508,189.07000732421875,147.50999450683594,32.880001068115234,240.39999389648438,239.0,240.97999572753906,44.41999816894531,135.0399932861328,77.58000183105469,42.70000076293945,51.90999984741211,133.00999450683594,107.37000274658203,197.3699951171875,177.86000061035156,302.3299865722656,699.4500122070312,298.4800109863281,46.11000061035156,45.5099983215332,92.81999969482422,93.87000274658203,152.0800018310547,32.279998779296875,117.56999969482422,726.7899780273438,19.59000015258789,171.19000244140625,294.32000732421875,774.47998046875,168.77999877929688,79.98999786376953,141.77999877929688,107.87999725341797,180.1999969482422,23.68000030517578,189.27000427246094,150.7899932861328,33.20000076293945,240.86000061035156,239.0,242.25,44.5,135.66000366210938,78.52999877929688,43.040000915527344,51.90999984741211,133.07000732421875,109.91999816894531,193.72000122070312,173.55999755859375,296.29998779296875,692.9000244140625,291.3999938964844,45.63999938964844,43.880001068115234,91.52999877929688,92.0999984741211,149.82000732421875,31.68000030517578,115.8499984741211,715.2000122070312,19.350000381469727,166.63999938964844,290.260009765625,752.5700073242188,165.75999450683594,78.43000030517578,139.7100067138672,105.45999908447266,174.52000427246094,23.399999618530273,186.55999755859375,147.07000732421875,32.540000915527344,237.77000427246094,236.38999938964844,236.9499969482422,43.9900016784668,132.6699981689453,76.91000366210938,42.47999954223633,51.4900016784668,131.36000061035156,107.08999633789062,194.80999755859375,174.61000061035156,297.29998779296875,695.5800170898438,292.20001220703125,45.959999084472656,44.06999969482422,91.75,92.25,151.25,31.899999618530273,115.93000030517578,715.2000122070312,19.520000457763672,167.02999877929688,290.260009765625,759.969970703125,166.39999389648438,79.05999755859375,140.17999267578125,106.0199966430664,175.16000366210938,23.440000534057617,186.60000610351562,148.50999450683594,32.88999938964844,238.75999450683594,237.91000366210938,238.24000549316406,44.06999969482422,133.60000610351562,78.5199966430664,42.720001220703125,51.599998474121094,131.38999938964844,109.22000122070312,4217500,52951000,2316200,1025600,17164600,31038900,14662800,11611400,9384500,10116600,7853600,2300500,1753700,69249400,12679100,6649500,3353400,2068400,13380700,3851500,14780600,148174600,57010700,1588500,8150200,11901700,6189500,6450700,17427900,6515800,2920300,13892100,26509600,40053100,11331000,19129500
2025-08-05,193.9464874267578,174.30999755859375,291.32342529296875,686.0034790039062,291.2595520019531,44.820377349853516,44.243919372558594,90.0796890258789,90.2099609375,146.88790893554688,31.71607780456543,114.66795349121094,709.7984619140625,20.190000534057617,167.53587341308594,287.1884460449219,760.5697021484375,165.67752075195312,78.73860168457031,138.10250854492188,108.9019775390625,178.23037719726562,23.532581329345703,184.42796325683594,144.21231079101562,32.78024673461914,237.7340087890625,230.46559143066406,245.84927368164062,43.21864700317383,134.50697326660156,76.2861099243164,41.762054443359375,51.088279724121094,130.7998046875,103.92720031738281,198.5500030517578,174.30999755859375,300.0799865722656,689.6300048828125,292.92999267578125,45.560001373291016,45.849998474121094,91.5199966430664,93.19999694824219,153.0399932861328,32.310001373291016,117.77999877929688,720.9099731445312,20.190000534057617,170.74000549316406,291.3699951171875,765.9500122070312,168.9199981689453,80.79000091552734,140.4600067138672,109.05999755859375,178.25999450683594,24.75,188.99000549316406,146.7100067138672,33.5,238.72999572753906,232.47000122070312,251.0,44.560001373291016,136.8300018310547,77.95999908447266,42.755001068115234,51.70000076293945,132.5,107.23999786376953,199.88999938964844,177.99000549316406,302.1000061035156,695.6300048828125,301.20001220703125,46.0,45.900001525878906,92.72000122070312,93.51000213623047,153.10000610351562,32.439998626708984,118.06999969482422,729.4000244140625,20.540000915527344,171.55999755859375,295.7900085449219,769.9400024414062,170.08999633789062,81.12999725341797,142.7100067138672,110.63999938964844,180.25999450683594,24.889999389648438,190.5,148.64999389648438,33.619998931884766,242.4499969482422,238.6300048828125,252.07000732421875,44.709999084472656,137.25,78.3499984741211,42.814998626708984,52.09000015258789,132.9499969482422,107.81999969482422,196.47999572753906,171.8000030517578,297.0199890136719,684.239990234375,291.45001220703125,44.75,45.04999923706055,89.68000030517578,91.95999908447266,149.89999389648438,31.649999618530273,116.30000305175781,714.5499877929688,19.68000030517578,169.64999389648438,287.239990234375,759.52001953125,165.49000549316406,79.56999969482422,139.41000366210938,106.83000183105469,175.89999389648438,24.270000457763672,186.66000366210938,145.6699981689453,32.70000076293945,235.8800048828125,230.1699981689453,240.0500030517578,43.83000183105469,133.92999267578125,76.16000366210938,42.17499923706055,51.36000061035156,132.0399932861328,106.06999969482422,197.5500030517578,177.57000732421875,300.7300109863281,694.719970703125,297.80999755859375,45.95000076293945,45.619998931884766,92.33000183105469,93.1500015258789,151.02999877929688,32.040000915527344,117.22000122070312,728.0,19.700000762939453,170.5399932861328,294.69000244140625,765.5700073242188,169.47000122070312,79.9000015258789,141.66000366210938,109.30000305175781,179.6199951171875,24.270000457763672,189.72999572753906,148.52000427246094,33.0,241.75999450683594,238.3300018310547,241.16000366210938,44.599998474121094,135.0,78.33999633789062,42.689998626708984,52.04999923706055,132.4499969482422,107.22000122070312,4153400,88808500,2664100,1261200,18477500,36798300,11936900,19836100,7716200,8604100,9814200,3035000,1977300,97338200,7934400,7182300,3615200,1923300,9984300,5331100,17836000,156407600,113955100,1497500,7794500,12204500,5149700,11868900,23795900,8020600,2178400,15765100,31413600,33551000,14319200,21314300
2025-08-06,191.74864196777344,163.1199951171875,276.36309814453125,687.3264770507812,299.94970703125,44.682647705078125,43.250003814697266,90.77851104736328,90.12285614013672,146.6383819580078,31.853506088256836,113.50938415527344,713.5695190429688,20.40999984741211,167.388671875,287.16876220703125,741.1272583007812,159.32191467285156,77.4228744506836,138.92840576171875,108.62238311767578,179.3901824951172,22.75291633605957,184.00833129882812,143.35711669921875,32.153995513916016,235.94151306152344,229.3750762939453,240.73638916015625,43.102256774902344,131.19419860839844,75.9436264038086,41.376224517822266,51.335323333740234,128.83534240722656,103.2197494506836,196.3000030517578,163.1199951171875,284.6700134277344,690.9600219726562,301.6700134277344,45.41999816894531,44.81999969482422,92.2300033569336,93.11000061035156,152.77999877929688,32.45000076293945,116.58999633789062,724.739990234375,20.40999984741211,170.58999633789062,291.3500061035156,746.3699951171875,162.44000244140625,79.44000244140625,141.3000030517578,108.77999877929688,179.4199981689453,23.93000030517578,188.55999755859375,145.83999633789062,32.86000061035156,236.92999267578125,231.3699951171875,245.77999877929688,44.439998626708984,133.4600067138672,77.61000061035156,42.36000061035156,51.95000076293945,130.50999450683594,106.51000213623047,198.0500030517578,166.17999267578125,298.5400085449219,692.4299926757812,302.80999755859375,45.939998626708984,45.90999984741211,92.62999725341797,95.69999694824219,155.16000366210938,33.86000061035156,119.94000244140625,728.2999877929688,20.479999542236328,172.17999267578125,293.2900085449219,763.0,170.3000030517578,81.31999969482422,141.85000610351562,108.95999908447266,179.89999389648438,24.709999084472656,190.1699981689453,146.7100067138672,34.099998474121094,237.4600067138672,232.1999969482422,253.16000366210938,44.7599983215332,138.16000366210938,78.81999969482422,43.275001525878906,52.029998779296875,132.0500030517578,109.05000305175781,194.6699981689453,157.8000030517578,281.6499938964844,685.4400024414062,291.8999938964844,45.38999938964844,44.7400016784668,91.61000061035156,92.58000183105469,152.22000122070312,32.13999938964844,116.08000183105469,722.0,19.8700008392334,169.67999267578125,290.1600036621094,740.1900024414062,160.85000610351562,79.2699966430664,140.50999450683594,106.75,176.25,23.860000610351562,188.5399932861328,144.11000061035156,32.65999984741211,233.6699981689453,228.82000732421875,245.30999755859375,44.40999984741211,132.86000061035156,77.55999755859375,42.23500061035156,51.65999984741211,130.35000610351562,106.37000274658203,197.22999572753906,165.0500030517578,295.510009765625,687.6500244140625,292.8999938964844,45.709999084472656,45.709999084472656,91.87999725341797,94.58999633789062,154.47999572753906,33.0,118.95999908447266,724.5,20.1200008392334,169.91000366210938,292.29998779296875,756.5599975585938,169.6699981689453,80.29000091552734,141.14999389648438,107.9000015258789,176.3300018310547,24.68000030517578,189.25999450683594,146.64999389648438,33.790000915527344,236.55999755859375,231.02999877929688,250.63999938964844,44.70000076293945,138.05999755859375,77.91000366210938,43.025001525878906,51.810001373291016,131.94000244140625,108.30999755859375,4057200,133641800,4576000,1218700,17392100,27916800,11324200,13153600,7078500,7840900,15777800,3050400,1477100,67074200,8957200,6330200,4752100,2755500,13028700,3765800,13021900,137192300,65689200,1335800,8475700,11467900,4966500,9457200,12946400,5854700,2764100,14157000,38249400,34198700,14342800,15321800
2025-08-07,194.24928283691406,172.39999389648438,276.3922424316406,709.369873046875,302.02777099609375,44.190765380859375,43.771087646484375,89.79425811767578,89.62921905517578,147.00311279296875,31.794605255126953,112.90577697753906,708.6465454101562,19.770000457763672,168.31103515625,282.8220520019531,636.3583984375,158.40975952148438,78.32926940917969,138.55477905273438,111.70791625976562,180.73995971679688,23.038158416748047,182.60308837890625,143.41607666015625,32.08550262451172,239.835205078125,240.52806091308594,239.64918518066406,42.76279067993164,130.3389434814453,75.39564514160156,41.215057373046875,50.76218032836914,127.35457611083984,102.67704772949219,198.86000061035156,172.39999389648438,284.70001220703125,713.1199951171875,303.760009765625,44.91999816894531,45.36000061035156,91.2300033569336,92.5999984741211,153.16000366210938,32.38999938964844,115.97000122070312,719.739990234375,19.770000457763672,171.52999877929688,286.94000244140625,640.8599853515625,161.50999450683594,80.37000274658203,140.9199981689453,111.87000274658203,180.77000427246094,24.229999542236328,187.1199951171875,145.89999389648438,32.790000915527344,240.83999633789062,242.6199951171875,244.6699981689453,44.09000015258789,132.58999633789062,77.05000305175781,42.19499969482422,51.369998931884766,129.00999450683594,105.94999694824219,199.8300018310547,175.75,289.25,716.9000244140625,310.3399963378906,45.7599983215332,45.95000076293945,93.25,95.13999938964844,155.14999389648438,33.66999816894531,119.20999908447266,732.9400024414062,20.440000534057617,171.6199951171875,293.4599914550781,678.2899780273438,165.0,80.81999969482422,142.7100067138672,115.27999877929688,183.8800048828125,24.469999313354492,190.1199951171875,148.32000732421875,33.65999984741211,243.3699951171875,247.83999633789062,248.75,44.880001068115234,135.75,78.30000305175781,43.084999084472656,52.25,130.24000549316406,108.05999755859375,196.5,166.6999969482422,281.69000244140625,706.6199951171875,299.8800048828125,44.779998779296875,44.75,91.0999984741211,91.18000030517578,152.8300018310547,32.279998779296875,115.73999786376953,717.6099853515625,19.600000381469727,169.9199981689453,286.4100036621094,633.2000122070312,161.44000244140625,78.6500015258789,140.60000610351562,110.79000091552734,178.8000030517578,23.940000534057617,186.47999572753906,144.80999755859375,32.709999084472656,238.88999938964844,240.8000030517578,239.5,43.959999084472656,132.08999633789062,76.77999877929688,42.13999938964844,51.220001220703125,127.95999908447266,105.88999938964844,197.0500030517578,166.83999633789062,287.3500061035156,714.02001953125,306.1700134277344,45.709999084472656,44.97999954223633,93.23999786376953,92.04000091552734,153.7899932861328,33.09000015258789,117.16000366210938,730.6199951171875,20.0,171.1699981689453,292.94000244140625,675.6599731445312,164.27000427246094,79.6500015258789,142.22999572753906,114.13999938964844,181.57000732421875,24.170000076293945,190.11000061035156,148.32000732421875,33.290000915527344,242.0399932861328,244.47000122070312,246.4199981689453,44.869998931884766,135.0,78.27999877929688,42.61000061035156,52.18000030517578,129.77000427246094,107.13999938964844,4683300,95448300,2588800,1723800,16319400,30609900,11841800,12964000,10307300,6510400,10939100,4400400,1400400,131382800,9315900,8057100,26101600,1587800,10830100,3728600,18986500,151878400,45494400,1280700,6753500,11213300,6073400,17691000,11369900,5412500,2060100,13105600,35042000,43119400,24421900,13468300
2025-08-08,193.45806884765625,172.75999450683594,279.8192138671875,718.5215454101562,303.23089599609375,45.26306915283203,44.34041976928711,91.27064514160156,90.89718627929688,148.77871704101562,32.668243408203125,113.20758056640625,710.153076171875,19.950000762939453,170.0772705078125,284.6159362792969,621.2552490234375,157.75262451171875,78.6411361694336,140.77684020996094,118.71773529052734,182.6696319580078,23.37094497680664,185.15985107421875,145.04782104492188,32.163780212402344,241.85675048828125,239.74488830566406,245.7415313720703,43.509613037109375,131.02708435058594,76.62599182128906,41.478790283203125,51.23650360107422,128.4898223876953,103.50079345703125,198.0500030517578,172.75999450683594,288.2300109863281,722.3200073242188,304.9700012207031,46.0099983215332,45.95000076293945,92.7300033569336,93.91000366210938,155.00999450683594,33.279998779296875,116.27999877929688,721.27001953125,19.950000762939453,173.3300018310547,288.760009765625,625.6500244140625,160.83999633789062,80.69000244140625,143.17999267578125,118.88999938964844,182.6999969482422,24.579999923706055,189.74000549316406,147.55999755859375,32.869998931884766,242.8699951171875,241.8300018310547,250.88999938964844,44.86000061035156,133.2899932861328,77.8499984741211,42.46500015258789,51.849998474121094,130.16000366210938,106.80000305175781,200.3300018310547,176.47999572753906,288.489990234375,723.5,307.8699951171875,46.29999923706055,46.09000015258789,93.29000091552734,94.93000030517578,155.75,33.540000915527344,117.63999938964844,728.0,20.020000457763672,173.9600067138672,291.2300109863281,656.1799926757812,163.16000366210938,81.16999816894531,143.92999267578125,119.33000183105469,183.3000030517578,24.610000610351562,189.99000549316406,148.02000427246094,33.220001220703125,243.17999267578125,243.16000366210938,251.0800018310547,44.939998626708984,134.8699951171875,78.18000030517578,42.85499954223633,51.970001220703125,130.44000244140625,107.51000213623047,197.13999938964844,170.52000427246094,283.489990234375,710.4500122070312,302.54998779296875,44.97999954223633,45.290000915527344,91.33999633789062,91.69999694824219,153.5,32.36000061035156,113.36000061035156,718.6500244140625,19.610000610351562,170.38999938964844,284.7099914550781,623.780029296875,160.2899932861328,80.11000061035156,141.27999877929688,111.66999816894531,180.39999389648438,24.15999984741211,187.0800018310547,145.69000244140625,32.59000015258789,240.2899932861328,238.97000122070312,244.3699951171875,44.150001525878906,132.5,76.3499984741211,42.18000030517578,51.5,129.22999572753906,105.94999694824219,199.0800018310547,174.0399932861328,283.489990234375,712.4099731445312,304.04998779296875,45.150001525878906,45.41999816894531,91.97000122070312,93.55999755859375,153.99000549316406,32.650001525878906,116.29000091552734,725.8599853515625,20.0,171.02000427246094,288.9800109863281,655.0,162.22000122070312,80.11000061035156,141.6199951171875,112.16999816894531,181.5500030517578,24.290000915527344,188.33999633789062,146.35000610351562,33.04999923706055,241.00999450683594,243.16000366210938,244.7899932861328,44.5,133.55999755859375,77.11000061035156,42.39500045776367,51.66999816894531,129.22999572753906,106.5,4101700,68866700,1803300,1042900,12458700,37131600,9988000,10772600,8765300,6332800,9269100,3969100,1275400,75415000,7686800,6634100,14125100,1278200,6882900,3943500,28962200,123396700,36377000,1020100,5028700,10217200,5301300,10552500,10185700,6067000,2165600,14123000,40736200,39484400,13747100,14417700
2025-08-11,194.03439331054688,172.27999877929688,276.77081298828125,717.5169067382812,302.1669921875,45.41063690185547,44.32112121582031,90.85726165771484,90.52937316894531,147.28143310546875,32.26578140258789,113.7527847290039,708.154296875,20.649999618530273,170.55809020996094,285.4044189453125,630.7579956054688,155.54580688476562,77.99789428710938,141.465087890625,123.5407485961914,182.0297393798828,23.37094497680664,183.9790496826172,145.45086669921875,31.674522399902344,241.39866638183594,240.0026397705078,247.191162109375,43.21864700317383,129.53289794921875,76.37007904052734,41.14668655395508,51.216739654541016,128.6181640625,102.56075286865234,198.63999938964844,172.27999877929688,285.0899963378906,721.3099975585938,303.8999938964844,46.15999984741211,45.93000030517578,92.30999755859375,93.52999877929688,153.4499969482422,32.869998931884766,116.83999633789062,719.239990234375,20.649999618530273,173.82000732421875,289.55999755859375,635.219970703125,158.58999633789062,80.02999877929688,143.8800048828125,123.72000122070312,182.05999755859375,24.579999923706055,188.52999877929688,147.97000122070312,32.369998931884766,242.41000366210938,242.08999633789062,252.3699951171875,44.560001373291016,131.77000427246094,77.58999633789062,42.125,51.83000183105469,130.2899932861328,105.83000183105469,199.42999267578125,178.82000732421875,291.739990234375,731.8599853515625,308.30999755859375,46.52000045776367,46.369998931884766,93.16999816894531,95.5,155.92999267578125,33.56999969482422,117.86000061035156,723.8400268554688,21.600000381469727,174.60000610351562,291.32000732421875,654.4400024414062,162.8300018310547,81.63999938964844,144.19000244140625,127.27999877929688,183.83999633789062,24.920000076293945,190.47999572753906,151.05999755859375,33.119998931884766,246.50999450683594,245.35000610351562,258.3999938964844,45.06999969482422,134.61000061035156,78.08999633789062,42.73500061035156,52.029998779296875,131.32000732421875,107.52999877929688,196.88999938964844,169.3800048828125,284.7200012207031,719.52001953125,301.2900085449219,45.810001373291016,45.70000076293945,90.80000305175781,92.87000274658203,152.99000549316406,32.54999923706055,115.05000305175781,715.739990234375,20.440000534057617,173.0500030517578,288.7799987792969,625.9000244140625,158.0800018310547,79.62999725341797,142.66000366210938,121.6500015258789,180.25,24.530000686645508,187.86000061035156,147.7100067138672,32.150001525878906,241.9499969482422,241.5399932861328,252.13999938964844,44.34000015258789,130.77999877929688,77.2300033569336,42.04999923706055,51.720001220703125,130.13999938964844,105.52999877929688,198.17999267578125,170.0399932861328,289.739990234375,724.0,305.04998779296875,46.060001373291016,46.040000915527344,93.02999877929688,94.61000061035156,155.33999633789062,33.27000045776367,116.9000015258789,722.2000122070312,20.450000762939453,173.39999389648438,289.3999938964844,629.4199829101562,162.47000122070312,80.95999908447266,143.57000732421875,124.97000122070312,182.0500030517578,24.600000381469727,190.10000610351562,148.57000732421875,33.09000015258789,243.77999877929688,242.0399932861328,253.8699951171875,44.83000183105469,133.97000122070312,78.01000213623047,42.54999923706055,51.959999084472656,130.2899932861328,107.11000061035156,6067800,70651000,1856800,1179700,12396400,35559400,8664200,12133300,6491400,6169700,8541400,3043100,1273500,175545600,7256800,5510100,11294200,1784200,8210700,4024700,35065800,138323200,38115700,1571700,6215900,10020000,4127900,8272900,11779500,7201900,2122300,14408100,28828800,29351200,14474000,13570700
2025-08-12,194.03439331054688,174.9499969482422,276.6640930175781,737.88916015625,311.0460205078125,46.7288818359375,44.919403076171875,94.2332763671875,91.55536651611328,148.2316436767578,32.70751190185547,114.89187622070312,731.9221801757812,21.809999465942383,169.53759765625,288.6472473144531,634.9384765625,156.0558319091797,78.26103973388672,144.81785583496094,127.56490325927734,183.1295623779297,23.437501907348633,186.61387634277344,151.11277770996094,32.232276916503906,249.1163330078125,242.18365478515625,256.202392578125,44.39221954345703,131.11557006835938,78.2303695678711,41.346927642822266,51.83928680419922,129.50662231445312,102.85148620605469,198.63999938964844,174.9499969482422,284.9800109863281,741.7899780273438,312.8299865722656,47.5,46.54999923706055,95.73999786376953,94.58999633789062,154.44000244140625,33.31999969482422,118.01000213623047,743.3800048828125,21.809999465942383,172.77999877929688,292.8500061035156,639.4299926757812,159.11000061035156,80.30000305175781,147.2899932861328,127.75,183.16000366210938,24.649999618530273,191.22999572753906,153.72999572753906,32.939998626708984,250.16000366210938,244.2899932861328,261.57000732421875,45.77000045776367,133.3800048828125,79.4800033569336,42.33000183105469,52.459999084472656,131.19000244140625,106.12999725341797,200.02000427246094,175.16000366210938,286.260009765625,743.3499755859375,313.44000244140625,47.65999984741211,46.79999923706055,95.76000213623047,96.77999877929688,156.0500030517578,33.7400016784668,119.93000030517578,748.1400146484375,21.860000610351562,174.75999450683594,294.75,646.1799926757812,161.6199951171875,80.94000244140625,148.22999572753906,128.5500030517578,184.47999572753906,24.770000457763672,191.8800048828125,153.89999389648438,33.2400016784668,250.3800048828125,244.77000427246094,262.8800048828125,45.79999923706055,135.22999572753906,79.55999755859375,42.70000076293945,52.54999923706055,131.22999572753906,107.27999877929688,197.0500030517578,168.5,282.6000061035156,723.47998046875,304.6700134277344,46.36000061035156,45.9900016784668,93.01000213623047,93.52999877929688,153.36000061035156,32.7400016784668,116.66999816894531,724.3499755859375,20.760000228881836,171.80999755859375,290.3399963378906,629.4000244140625,158.5500030517578,79.66999816894531,144.82000732421875,123.04000091552734,179.4600067138672,24.469999313354492,189.82000732421875,148.57000732421875,32.470001220703125,242.7100067138672,241.6999969482422,253.6699981689453,44.86000061035156,131.52000427246094,78.1500015258789,42.084999084472656,52.040000915527344,130.1300048828125,105.77999877929688,198.08999633789062,173.32000732421875,285.4800109863281,725.530029296875,306.6300048828125,46.47999954223633,46.09000015258789,93.22000122070312,94.38999938964844,154.08999633789062,32.97999954223633,117.06999969482422,725.280029296875,21.200000762939453,174.0,291.5,639.5,160.0,80.47000122070312,145.07000732421875,124.69999694824219,182.9600067138672,24.65999984741211,189.8699951171875,148.7899932861328,32.47999954223633,244.24000549316406,243.72000122070312,254.02000427246094,44.97999954223633,132.64999389648438,78.22000122070312,42.209999084472656,52.04999923706055,130.33999633789062,106.33999633789062,3049800,52243500,2200300,1461800,17609600,35481200,10290800,21046400,7524800,6641600,5763000,2902100,2418100,134153600,7916700,8570900,6897400,2291800,7852700,7111600,25961200,145485700,34402700,1679200,9304100,10286500,10091500,7295800,12171800,8836600,1815000,14365200,34522600,37510000,17219500,14109400
2025-08-13,196.7987823486328,184.4199981689453,280.8870849609375,751.5966796875,307.327392578125,46.473106384277344,46.17386245727539,93.16043853759766,92.8039779663086,149.60414123535156,33.00199508666992,116.31329345703125,733.2120361328125,22.219999313354492,171.1468048095703,286.36053466796875,655.8505249023438,158.62554931640625,80.60984802246094,145.27996826171875,124.08993530273438,181.559814453125,23.922414779663086,188.7314910888672,153.92408752441406,32.82917404174805,252.82081604003906,239.35824584960938,266.23223876953125,45.20693588256836,133.83851623535156,76.66536712646484,41.82554244995117,52.13573455810547,131.57965087890625,104.27606964111328,201.47000122070312,184.4199981689453,289.3299865722656,755.5700073242188,309.0899963378906,47.2400016784668,47.849998474121094,94.6500015258789,95.87999725341797,155.8699951171875,33.619998931884766,119.47000122070312,744.6900024414062,22.219999313354492,174.4199981689453,290.5299987792969,660.489990234375,161.72999572753906,82.70999908447266,147.75999450683594,124.2699966430664,181.58999633789062,25.15999984741211,193.39999389648438,156.58999633789062,33.54999923706055,253.8800048828125,241.44000244140625,271.80999755859375,46.61000061035156,136.14999389648438,77.88999938964844,42.81999969482422,52.7599983215332,133.2899932861328,107.5999984741211,201.72000122070312,186.64999389648438,289.5799865722656,756.2000122070312,317.3500061035156,47.7599983215332,47.869998931884766,96.19999694824219,95.87999725341797,156.00999450683594,33.619998931884766,119.47000122070312,748.9099731445312,22.299999237060547,174.5399932861328,294.54998779296875,661.75,161.8300018310547,82.83999633789062,149.0800018310547,128.60000610351562,183.97000122070312,25.200000762939453,193.67999267578125,157.11000061035156,33.54999923706055,254.10000610351562,246.42999267578125,272.19000244140625,46.70000076293945,136.27999877929688,79.72000122070312,42.82500076293945,52.90999984741211,133.3699951171875,107.5999984741211,199.2100067138672,179.3800048828125,284.69000244140625,747.5399780273438,304.75,46.9900016784668,46.349998474121094,94.58000183105469,94.26000213623047,154.1999969482422,32.95000076293945,117.4800033569336,732.6199951171875,21.360000610351562,172.6999969482422,287.1600036621094,644.5,158.0,80.19999694824219,145.38999938964844,123.3499984741211,179.35000610351562,24.739999771118164,190.75,153.6300048828125,32.81999969482422,251.0399932861328,239.94000244140625,262.8900146484375,45.619998931884766,133.05999755859375,77.0999984741211,42.209999084472656,52.4900016784668,131.64999389648438,105.73999786376953,199.75999450683594,179.91000366210938,285.32000732421875,750.6300048828125,316.75,47.68000030517578,46.7400016784668,96.0,94.4000015258789,154.57000732421875,33.2400016784668,118.0,745.780029296875,21.6200008392334,173.0,293.95001220703125,650.4000244140625,159.0,80.75,148.14999389648438,127.58000183105469,182.6199951171875,24.75,192.0,153.97000122070312,32.9900016784668,252.1300048828125,246.42999267578125,264.3900146484375,45.810001373291016,133.38999938964844,79.68000030517578,42.36000061035156,52.65999984741211,131.82000732421875,106.0,3558500,108305100,1784900,2011900,17371200,29465100,10114400,16605000,7263300,6581900,5817600,2951200,1862600,86024400,5878700,8420400,6310000,2072000,11043800,5542000,18438200,179871700,40176500,1506100,7103300,10370400,6022400,7971900,19480300,10438100,2093200,14415100,25601200,41154900,15069900,17958700
2025-08-14,199.93434143066406,180.9499969482422,281.81915283203125,751.2385864257812,309.4552001953125,46.93547439575195,46.1352653503418,93.95767974853516,92.58136749267578,148.92269897460938,33.22776794433594,116.62483978271484,735.683349609375,23.860000610351562,171.441162109375,289.93841552734375,679.622314453125,159.2042236328125,80.65857696533203,146.0173797607422,125.10845947265625,181.98974609375,23.874874114990234,189.87326049804688,155.3985595703125,32.506263732910156,253.07972717285156,238.9220428466797,265.9187927246094,45.42031478881836,133.51412963867188,78.1614761352539,41.78647232055664,52.38277816772461,132.24105834960938,104.0628662109375,204.67999267578125,180.9499969482422,290.2900085449219,755.2100219726562,311.2300109863281,47.709999084472656,47.810001373291016,95.45999908447266,95.6500015258789,155.16000366210938,33.849998474121094,119.79000091552734,747.2000122070312,23.860000610351562,174.72000122070312,294.1600036621094,684.4299926757812,162.32000732421875,82.76000213623047,148.50999450683594,125.29000091552734,182.02000427246094,25.110000610351562,194.57000732421875,158.08999633789062,33.220001220703125,254.13999938964844,241.0,271.489990234375,46.83000183105469,135.82000732421875,79.41000366210938,42.779998779296875,53.0099983215332,133.9600067138672,107.37999725341797,205.05999755859375,185.44000244140625,291.5400085449219,757.0,314.1700134277344,47.72999954223633,47.97999954223633,95.48999786376953,95.77999877929688,155.6999969482422,33.900001525878906,120.02999877929688,748.1599731445312,24.200000762939453,175.72000122070312,294.20001220703125,685.47998046875,162.5800018310547,83.4000015258789,148.66000366210938,125.73999786376953,183.02000427246094,25.18000030517578,194.74000549316406,158.64999389648438,33.45000076293945,255.05999755859375,241.3800048828125,273.8500061035156,46.869998931884766,136.4499969482422,79.58000183105469,42.845001220703125,53.04999923706055,134.10000610351562,107.58999633789062,200.86000061035156,179.55999755859375,287.4100036621094,744.5599975585938,307.0,46.88999938964844,47.0099983215332,94.2300033569336,94.29000091552734,154.10000610351562,33.029998779296875,118.23999786376953,737.0,21.899999618530273,172.72000122070312,289.6400146484375,655.0999755859375,159.00999450683594,81.5999984741211,146.1699981689453,121.4000015258789,179.4600067138672,24.81999969482422,191.16000366210938,154.89999389648438,32.65999984741211,250.0500030517578,236.82000732421875,267.0,45.97999954223633,133.3300018310547,77.70999908447266,42.32500076293945,52.529998779296875,132.41000366210938,106.44000244140625,201.8000030517578,179.8300018310547,288.8800048828125,747.280029296875,307.010009765625,47.09000015258789,47.43000030517578,94.45999908447266,95.5999984741211,155.6999969482422,33.43000030517578,118.77999877929688,742.719970703125,21.989999771118164,174.30999755859375,290.5799865722656,662.0,160.66000366210938,82.01000213623047,147.0,123.19999694824219,179.75,25.09000015258789,192.5500030517578,154.89999389648438,33.369998931884766,250.36000061035156,237.97000122070312,272.1000061035156,46.27000045776367,134.8800048828125,78.27999877929688,42.790000915527344,52.709999084472656,133.05999755859375,107.55000305175781,4635400,66308800,1932300,1577400,15717600,21073800,9410200,13288800,10057700,7337300,4720500,2246700,1371200,188052500,8241700,6322400,8395900,1373000,10217600,4188600,12235900,129554000,32514000,1086600,6294800,16284400,5315700,11040500,25011100,6181100,1906000,16051500,24944600,35841500,15464000,13683500
2025-08-15,201.8977508544922,177.50999450683594,287.81878662109375,738.2572021484375,304.5930480957031,46.17797088623047,46.74319839477539,92.21553802490234,92.27163696289062,150.25685119628906,33.070709228515625,115.84597778320312,719.4573364257812,24.559999465942383,173.3251495361328,286.32110595703125,697.833740234375,159.22381591796875,82.0717544555664,142.20252990722656,120.69486999511719,180.42001342773438,23.903396606445312,186.6529083251953,155.1626434326172,32.28120803833008,247.2840118408203,236.82032775878906,297.7714538574219,44.54740524291992,134.4774932861328,75.88777923583984,41.78647232055664,51.83928680419922,134.46221923828125,104.16068267822266,206.69000244140625,177.50999450683594,296.4700012207031,742.1599731445312,306.3399963378906,46.939998626708984,48.439998626708984,93.69000244140625,95.33000183105469,156.5500030517578,33.689998626708984,118.98999786376953,730.719970703125,24.559999465942383,176.63999938964844,290.489990234375,701.22998046875,162.33999633789062,84.20999908447266,144.6300048828125,120.87000274658203,180.4499969482422,25.139999389648438,191.27000427246094,157.85000610351562,32.9900016784668,248.32000732421875,238.8800048828125,304.010009765625,45.93000030517578,136.8000030517578,77.0999984741211,42.779998779296875,52.459999084472656,136.2100067138672,106.48999786376953,206.83999633789062,180.13999938964844,296.989990234375,747.1500244140625,311.5,47.81999969482422,48.630001068115234,95.5,96.43000030517578,158.5399932861328,34.09000015258789,120.7699966430664,749.0499877929688,25.649999618530273,177.27000427246094,295.5,706.7899780273438,163.47000122070312,84.73999786376953,148.80999755859375,123.37999725341797,181.89999389648438,25.299999237060547,195.85000610351562,159.25999450683594,33.349998474121094,252.27000427246094,240.8000030517578,310.29998779296875,47.09000015258789,137.35000610351562,79.6500015258789,43.26499938964844,53.15999984741211,136.60000610351562,107.55999755859375,204.32000732421875,176.25,290.5799865722656,736.6599731445312,299.760009765625,46.900001525878906,47.93000030517578,93.58999633789062,94.7300033569336,155.2899932861328,33.59000015258789,118.94000244140625,729.1799926757812,24.110000610351562,174.9600067138672,289.82000732421875,685.7999877929688,161.52999877929688,83.36000061035156,144.4600067138672,119.44000244140625,178.0399932861328,24.969999313354492,191.1199951171875,156.69000244140625,32.93000030517578,247.6199951171875,237.25999450683594,294.7099914550781,45.93000030517578,135.00999450683594,77.01000213623047,42.64500045776367,52.41999816894531,135.17999267578125,105.94999694824219,205.91000366210938,180.05999755859375,292.0299987792969,738.5,311.0299987792969,47.75,48.29999923706055,95.45999908447266,95.44999694824219,155.47999572753906,33.79999923706055,119.81999969482422,749.0,25.010000228881836,175.57000732421875,294.8399963378906,694.2000122070312,162.47999572753906,83.72000122070312,148.6300048828125,123.16999816894531,181.8800048828125,25.219999313354492,195.85000610351562,158.0399932861328,33.099998474121094,252.19000244140625,240.3300018310547,301.7099914550781,46.959999084472656,135.47000122070312,79.54000091552734,42.79999923706055,53.130001068115234,135.47999572753906,106.19000244140625,4430900,51543100,2168300,1635100,22806900,26276900,11208000,12000400,6564700,11617000,5365600,2944400,1645900,310161100,9477600,7340500,8224600,1831400,10481400,4986000,18986700,156602200,31844800,1300400,7583700,10421900,6840100,8155500,68198500,8995400,2037300,15380400,27297800,46108500,13929600,19271900
2025-08-18,201.78054809570312,176.13999938964844,284.08111572265625,743.6188354492188,304.0163879394531,47.142059326171875,46.501953125,92.73719787597656,91.7348861694336,149.07627868652344,32.93328094482422,114.61927795410156,719.6937255859375,23.65999984741211,172.9424591064453,287.34619140625,694.6690673828125,159.5474853515625,82.08150482177734,142.34999084472656,123.3709945678711,181.979736328125,23.836841583251953,187.3750457763672,156.19476318359375,32.58454132080078,248.01095581054688,239.32852172851562,302.1595153808594,44.72198486328125,134.48731994628906,76.22244262695312,41.53739929199219,51.878814697265625,134.1463165283203,104.38565826416016,206.57000732421875,176.13999938964844,292.6199951171875,747.5499877929688,305.760009765625,47.91999816894531,48.189998626708984,94.22000122070312,94.0,155.32000732421875,33.54999923706055,117.7300033569336,730.9600219726562,23.65999984741211,176.25,291.5299987792969,698.0499877929688,162.6699981689453,84.22000122070312,144.77999877929688,123.55000305175781,182.00999450683594,25.06999969482422,192.00999450683594,158.89999389648438,33.29999923706055,249.0500030517578,241.41000366210938,308.489990234375,46.11000061035156,136.80999755859375,77.44000244140625,42.525001525878906,52.5,135.88999938964844,106.72000122070312,208.33999633789062,178.8000030517578,298.1400146484375,748.0,306.1700134277344,48.040000915527344,48.709999084472656,94.36000061035156,94.5999984741211,156.49000549316406,33.81999969482422,118.52999877929688,731.6099853515625,24.899999618530273,177.57000732421875,291.8999938964844,707.75,162.9499969482422,85.1500015258789,145.05999755859375,123.68000030517578,182.94000244140625,25.229999542236328,192.19000244140625,159.75,33.56999969482422,249.33999633789062,242.86000061035156,316.3999938964844,46.15999984741211,137.0500030517578,77.5999984741211,42.724998474121094,52.560001373291016,137.19000244140625,107.2300033569336,205.9600067138672,174.36000061035156,292.29998779296875,739.4400024414062,299.0,46.790000915527344,48.08000183105469,93.33000183105469,93.33999633789062,154.75,33.150001525878906,117.23999786376953,723.8699951171875,23.209999084472656,176.10000610351562,288.4100036621094,693.5,160.8699951171875,84.08000183105469,143.82000732421875,120.66000366210938,180.58999633789062,25.010000228881836,190.3800048828125,157.24000549316406,32.77000045776367,247.47999572753906,239.99000549316406,307.4200134277344,45.720001220703125,135.02000427246094,76.91000366210938,42.279998779296875,52.290000915527344,135.82000732421875,105.66999816894531,206.60000610351562,176.75999450683594,296.92999267578125,739.6699829101562,302.70001220703125,46.91999816894531,48.38999938964844,93.3499984741211,94.45999908447266,156.1300048828125,33.529998779296875,118.36000061035156,729.5,24.0,176.5,290.0,695.02001953125,161.3699951171875,84.26000213623047,144.11000061035156,121.3499984741211,180.60000610351562,25.139999389648438,191.0,157.77999877929688,33.0099983215332,247.5399932861328,239.99000549316406,313.17999267578125,45.810001373291016,135.6699981689453,76.98999786376953,42.55500030517578,52.38999938964844,136.52999877929688,106.0999984741211,6083500,35937500,1743800,1086400,14724700,43125100,7866300,8780700,4849500,8174300,5380200,2743200,1157800,212515600,9284000,5386900,4997300,1487800,8273600,3548700,12208800,132008000,35623300,1349100,4774400,9148300,4978200,6919800,39600500,5892900,1869700,11660900,26428400,25405100,12572000,13040000
2025-08-19,201.4093475341797,166.5500030517578,286.92559814453125,739.6995239257812,293.2282409667969,47.299468994140625,46.64670181274414,92.2647476196289,91.50067138671875,147.51377868652344,32.962730407714844,114.22010040283203,710.2612915039062,25.309999465942383,174.46337890625,286.4886779785156,699.80419921875,161.2246856689453,82.77347564697266,141.6519012451172,121.87316131591797,175.61080932617188,24.074542999267578,188.33140563964844,153.5898895263672,32.62368392944336,244.12721252441406,230.693603515625,297.9967346191406,44.81897735595703,135.5883026123047,76.31101989746094,41.55204391479492,51.977630615234375,135.00514221191406,105.07034301757812,206.19000244140625,166.5500030517578,295.54998779296875,743.6099853515625,294.9100036621094,48.08000183105469,48.34000015258789,93.73999786376953,93.76000213623047,152.0,33.58000183105469,117.31999969482422,721.3800048828125,25.309999465942383,177.8000030517578,290.6600036621094,703.2100219726562,164.3800048828125,84.93000030517578,144.07000732421875,122.05000305175781,175.63999938964844,25.31999969482422,192.99000549316406,156.25,33.34000015258789,245.14999389648438,232.6999969482422,304.239990234375,46.209999084472656,137.92999267578125,77.52999877929688,42.540000915527344,52.599998474121094,136.75999450683594,107.41999816894531,207.8000030517578,173.1699981689453,296.989990234375,755.6900024414062,302.8999938964844,48.119998931884766,48.849998474121094,94.3499984741211,94.55999755859375,153.94000244140625,34.11000061035156,118.55000305175781,730.0,26.530000686645508,178.17999267578125,292.4800109863281,714.27001953125,165.35000610351562,85.80000305175781,144.97000122070312,124.23999786376953,182.5,25.43000030517578,194.0800018310547,159.42999267578125,33.72999954223633,250.0399932861328,240.1699981689453,310.5,46.56999969482422,139.88999938964844,77.7699966430664,42.790000915527344,52.869998931884766,137.22000122070312,107.45999908447266,205.10000610351562,166.10000610351562,292.1099853515625,741.7100219726562,292.3900146484375,47.630001068115234,48.16999816894531,93.43000030517578,93.19000244140625,151.85000610351562,33.349998474121094,116.56999969482422,717.72998046875,24.940000534057617,175.97999572753906,289.5299987792969,698.5499877929688,161.8000030517578,84.37999725341797,143.4199981689453,121.30999755859375,175.49000549316406,25.100000381469727,191.55999755859375,156.0500030517578,33.09000015258789,244.72000122070312,232.5800018310547,299.2099914550781,45.90999984741211,136.8699951171875,77.02999877929688,42.29499816894531,52.45000076293945,135.77999877929688,106.1500015258789,206.52999877929688,173.10000610351562,292.4100036621094,751.5399780273438,302.4200134277344,47.81999969482422,48.400001525878906,93.97000122070312,93.54000091552734,153.4600067138672,33.380001068115234,117.04000091552734,729.1599731445312,24.940000534057617,176.0399932861328,290.8299865722656,706.6099853515625,162.36000061035156,84.37999725341797,144.49000549316406,122.94000244140625,182.42999267578125,25.139999389648438,191.8800048828125,159.07000732421875,33.31999969482422,249.07000732421875,240.02000427246094,308.8999938964844,46.04999923706055,137.27000427246094,77.16000366210938,42.404998779296875,52.45000076293945,135.8699951171875,106.19999694824219,3975500,64455000,1858500,1121300,20149600,33783400,9083800,11504400,5412100,8567500,6284600,2425700,1856400,297659200,9274200,6031500,5941000,2155200,14307700,4257700,11491200,185229200,29170500,1701200,6396500,10834500,3508000,14594700,22348600,5597400,1540200,10118500,25693800,24870800,13578200,16113600
2025-08-20,204.3007049560547,165.1999969482422,287.79937744140625,745.5486450195312,289.50958251953125,47.56508255004883,46.56949996948242,91.70372009277344,92.60343170166016,148.69776916503906,33.159053802490234,115.23262786865234,709.5720825195312,23.540000915527344,175.48385620117188,288.0459899902344,702.0233154296875,163.5424041748047,82.51033782958984,141.70106506347656,117.04017639160156,175.370849609375,24.131591796875,190.29287719726562,152.79367065429688,32.64325714111328,242.72312927246094,226.62896728515625,293.6870422363281,45.01295852661133,138.12449645996094,76.93111419677734,41.898799896240234,52.24443435668945,135.7356414794922,106.15606689453125,209.14999389648438,165.1999969482422,296.45001220703125,749.489990234375,291.1700134277344,48.349998474121094,48.2599983215332,93.16999816894531,94.88999938964844,153.22000122070312,33.779998779296875,118.36000061035156,720.6799926757812,23.540000915527344,178.83999633789062,292.239990234375,705.4400024414062,165.82000732421875,84.66000366210938,144.1199951171875,117.20999908447266,175.39999389648438,25.3799991607666,195.0,155.44000244140625,33.36000061035156,243.74000549316406,228.60000610351562,299.8399963378906,46.40999984741211,140.50999450683594,78.16000366210938,42.89500045776367,52.869998931884766,137.5,108.52999877929688,211.69000244140625,166.64999389648438,301.4700012207031,753.4400024414062,295.489990234375,48.5,49.58000183105469,93.75,95.19999694824219,153.49000549316406,34.0,118.80999755859375,722.25,24.93000030517578,180.61000061035156,293.3299865722656,705.7999877929688,166.66000366210938,86.25,144.7100067138672,118.91000366210938,176.0,25.690000534057617,195.5500030517578,156.63999938964844,33.63999938964844,244.63999938964844,229.02999877929688,307.20001220703125,46.529998779296875,141.22000122070312,78.4800033569336,43.06999969482422,53.0099983215332,138.2100067138672,109.33000183105469,206.64999389648438,158.25,295.79998779296875,738.1799926757812,281.8699951171875,47.869998931884766,48.2400016784668,90.68000030517578,93.94999694824219,151.92999267578125,33.34000015258789,117.02999877929688,705.5499877929688,23.329999923706055,178.0,287.2699890136719,685.1500244140625,163.3699951171875,84.55000305175781,141.02999877929688,113.45999908447266,168.8000030517578,25.34000015258789,192.74000549316406,153.4600067138672,32.970001220703125,237.10000610351562,223.6999969482422,295.70001220703125,45.959999084472656,138.0,76.58999633789062,42.56999969482422,52.5099983215332,137.00999450683594,107.68000030517578,206.64999389648438,164.10000610351562,296.25,750.7999877929688,295.4599914550781,48.16999816894531,48.5,93.52999877929688,94.0,152.4199981689453,33.61000061035156,117.73999786376953,721.2000122070312,24.899999618530273,178.5,290.80999755859375,701.52001953125,163.9499969482422,85.30999755859375,143.82000732421875,118.69999694824219,175.1699981689453,25.389999389648438,193.57000732421875,156.38999938964844,33.220001220703125,244.63999938964844,228.13999938964844,306.3999938964844,46.29999923706055,138.30999755859375,77.47000122070312,42.61000061035156,52.63999938964844,137.00999450683594,107.87999725341797,5782100,60233200,1723700,1368400,23600500,30822200,9803200,13447400,6133300,8076300,8273900,2527500,1872700,161149400,9030000,7374200,4139400,1540100,8904700,4619300,25795000,215142700,38111000,2008800,7151700,9917500,9423100,17165200,16679000,7720200,2082900,12101900,27967200,39138800,14607000,18959700
2025-08-21,204.64260864257812,163.7100067138672,287.1294860839844,731.5327758789062,287.9485168457031,47.47654342651367,46.733551025390625,91.13285064697266,92.49608612060547,150.9590301513672,33.267032623291016,115.37866973876953,704.9149780273438,23.5,175.57217407226562,287.28704833984375,706.382080078125,162.6744842529297,83.89427185058594,141.62240600585938,115.62223052978516,174.95091247558594,24.47388458251953,189.3170166015625,151.5059814453125,33.083587646484375,241.348876953125,225.3699188232422,297.1250305175781,44.78017807006836,137.90823364257812,76.60630798339844,42.18695068359375,52.076446533203125,135.2815399169922,106.84075927734375,209.5,163.7100067138672,295.760009765625,735.4000244140625,289.6000061035156,48.2599983215332,48.43000030517578,92.58999633789062,94.77999877929688,155.5500030517578,33.88999938964844,118.51000213623047,715.9500122070312,23.5,178.92999267578125,291.4700012207031,709.8200073242188,164.94000244140625,86.08000183105469,144.0399932861328,115.79000091552734,174.97999572753906,25.739999771118164,194.0,154.1300048828125,33.810001373291016,242.36000061035156,227.3300018310547,303.3500061035156,46.16999816894531,140.2899932861328,77.83000183105469,43.189998626708984,52.70000076293945,137.0399932861328,109.2300033569336,212.4499969482422,165.8800048828125,299.8999938964844,741.5,292.3900146484375,48.4900016784668,48.91999816894531,92.86000061035156,95.37000274658203,155.6699981689453,34.060001373291016,118.81999969482422,719.219970703125,23.56999969482422,180.0800018310547,292.7699890136719,718.4000244140625,166.0800018310547,87.31999969482422,144.4499969482422,117.7300033569336,176.89999389648438,25.889999389648438,195.16000366210938,155.1999969482422,33.970001220703125,244.1199951171875,230.3300018310547,306.57000732421875,46.38999938964844,140.47999572753906,78.06999969482422,43.28499984741211,52.79999923706055,138.4600067138672,109.56999969482422,208.8699951171875,162.25999450683594,294.489990234375,732.1099853515625,286.1700134277344,47.810001373291016,48.06999969482422,91.45999908447266,93.80999755859375,152.72999572753906,33.310001373291016,117.3499984741211,712.969970703125,22.780000686645508,178.16000366210938,289.4700012207031,705.2000122070312,163.10000610351562,84.5999984741211,142.89999389648438,115.61000061035156,173.80999755859375,25.3700008392334,193.07000732421875,153.0500030517578,33.150001525878906,241.0,226.25999450683594,297.79998779296875,45.86000061035156,137.8800048828125,77.08000183105469,42.70500183105469,52.349998474121094,136.94000244140625,107.95999908447266,209.13999938964844,165.86000061035156,295.8999938964844,739.3599853515625,290.05999755859375,48.27000045776367,48.2599983215332,92.8499984741211,94.76000213623047,152.82000732421875,33.619998931884766,118.12999725341797,716.5399780273438,23.530000686645508,178.5500030517578,291.94000244140625,705.2000122070312,165.00999450683594,84.87999725341797,143.41000366210938,117.0,174.85000610351562,25.40999984741211,194.2899932861328,154.82000732421875,33.36000061035156,242.47000122070312,228.14999389648438,302.2900085449219,46.220001220703125,139.99000549316406,77.87999725341797,42.81999969482422,52.720001220703125,137.2100067138672,108.41999816894531,5323900,37880500,1843700,952700,14946300,28713200,8782200,17635200,5342100,7533600,5312500,1853000,1162000,97718300,8859600,6624000,3617300,1299700,13889000,3269400,13174900,140040900,37068100,1405500,4997300,11130100,4581100,7449100,13359000,4976000,2394300,9102700,22088000,29037000,13218900,12194900
2025-08-22,205.71710205078125,167.75999450683594,287.4622497558594,750.9203491210938,292.32342529296875,48.67673873901367,46.24140930175781,93.76083374023438,94.4478988647461,153.51136779785156,34.51368713378906,117.90996551513672,730.4552001953125,24.799999237060547,175.9254150390625,291.9885559082031,708.2330932617188,168.53289794921875,85.15152740478516,145.53562927246094,117.50949096679688,177.96043395996094,24.606998443603516,196.82138061523438,155.31991577148438,34.844913482666016,248.05079650878906,230.98109436035156,301.1114807128906,46.82666015625,142.90199279785156,77.85633850097656,43.046512603759766,52.936153411865234,136.3970489501953,108.84590911865234,210.60000610351562,167.75999450683594,293.7200012207031,754.8900146484375,294.0,49.47999954223633,47.91999816894531,95.26000213623047,96.77999877929688,158.17999267578125,35.15999984741211,121.11000061035156,741.8900146484375,24.799999237060547,179.2899932861328,296.239990234375,711.6799926757812,170.8800048828125,87.37000274658203,148.02000427246094,117.68000030517578,177.99000549316406,25.8799991607666,201.69000244140625,158.00999450683594,35.61000061035156,249.08999633789062,232.99000549316406,307.4200134277344,48.279998779296875,145.3699951171875,79.0999984741211,44.06999969482422,53.56999969482422,138.1699981689453,111.27999877929688,211.47000122070312,168.52999877929688,297.8900146484375,761.5700073242188,300.0899963378906,49.65999984741211,49.11000061035156,95.62000274658203,97.4000015258789,158.7899932861328,35.279998779296875,121.41000366210938,744.8400268554688,25.229999542236328,181.16000366210938,297.1600036621094,719.4600219726562,171.0800018310547,87.83999633789062,148.89999389648438,120.69999694824219,178.58999633789062,26.110000610351562,202.07000732421875,159.88999938964844,35.70000076293945,251.99000549316406,234.4499969482422,310.67999267578125,48.36000061035156,145.6999969482422,79.30999755859375,44.17499923706055,53.68000030517578,139.02000427246094,111.41000366210938,207.1199951171875,161.8000030517578,293.3500061035156,740.3699951171875,289.010009765625,48.459999084472656,47.720001220703125,92.83999633789062,95.18000030517578,155.32000732421875,34.029998779296875,118.80000305175781,718.5800170898438,23.649999618530273,177.47000122070312,290.1300048828125,709.4299926757812,165.0800018310547,86.76000213623047,144.6699981689453,116.51000213623047,171.1999969482422,25.760000228881836,194.72000122070312,154.55999755859375,33.939998626708984,242.44000244140625,226.1699981689453,304.5799865722656,46.38999938964844,140.1300048828125,78.12999725341797,43.26499938964844,52.95000076293945,137.8000030517578,109.5999984741211,210.83999633789062,162.1699981689453,295.489990234375,741.6799926757812,291.75,48.52000045776367,48.84000015258789,92.95999908447266,95.2300033569336,155.32000732421875,34.08000183105469,119.04000091552734,720.1400146484375,23.649999618530273,180.0399932861328,293.20001220703125,715.0399780273438,165.7100067138672,87.5,144.82000732421875,117.6500015258789,172.61000061035156,25.899999618530273,195.02000427246094,154.8300018310547,34.0,243.1199951171875,228.0,306.1000061035156,46.5,140.97000122070312,78.33999633789062,43.334999084472656,52.970001220703125,137.8000030517578,109.5999984741211,5516900,43998600,1644000,1456000,16301300,45078900,11609100,20124400,6338400,9084300,8412600,2245900,1948600,200266800,9524000,8552800,3222700,1734000,11977400,6759600,17038300,172789400,34560500,1835600,7711500,16024900,6527700,10299500,14930000,12679300,2106400,11282600,30936400,47249800,11898600,13586700
2025-08-25,202.73780822753906,163.36000061035156,282.3240966796875,750.4925537109375,292.5521545410156,48.67673873901367,45.48873519897461,93.50492858886719,95.81416320800781,153.53079223632812,35.11247253417969,118.22151184082031,727.4029541015625,24.549999237060547,175.0619354248047,290.6678161621094,691.9622802734375,169.81503295898438,83.14382934570312,145.1718292236328,116.2513198852539,179.78012084960938,23.903396606445312,195.8552703857422,153.75698852539062,34.884056091308594,247.47320556640625,233.5586700439453,298.60400390625,46.71027374267578,144.61245727539062,78.92920684814453,43.158843994140625,52.62982177734375,134.4523162841797,109.29583740234375,207.5500030517578,163.36000061035156,288.4700012207031,754.4600219726562,294.2300109863281,49.47999954223633,47.13999938964844,95.0,98.18000030517578,158.1999969482422,35.77000045776367,121.43000030517578,738.7899780273438,24.549999237060547,178.41000366210938,294.8999938964844,695.3300170898438,172.17999267578125,85.30999755859375,147.64999389648438,116.41999816894531,179.80999755859375,25.139999389648438,200.6999969482422,156.4199981689453,35.650001525878906,248.50999450683594,235.58999633789062,304.8599853515625,48.15999984741211,147.11000061035156,80.19000244140625,44.185001373291016,53.2599983215332,136.1999969482422,111.73999786376953,211.3000030517578,165.58999633789062,294.6000061035156,758.260009765625,298.3999938964844,49.65999984741211,48.150001525878906,95.44999694824219,98.22000122070312,158.32000732421875,35.810001373291016,121.62999725341797,746.5,25.8799991607666,180.25999450683594,297.3500061035156,713.5,172.8000030517578,87.38999938964844,148.61000061035156,118.08000183105469,181.91000366210938,25.889999389648438,201.47000122070312,158.0500030517578,35.83000183105469,249.6300048828125,237.27999877929688,308.8699951171875,48.27000045776367,147.88999938964844,80.5,44.2400016784668,53.58000183105469,138.25999450683594,111.91999816894531,207.0500030517578,161.72000122070312,287.55999755859375,752.0900268554688,291.7099914550781,49.209999084472656,46.939998626708984,94.87999725341797,96.19999694824219,157.1699981689453,34.900001525878906,119.69999694824219,738.3300170898438,24.440000534057617,178.2899932861328,294.1400146484375,694.22998046875,170.30999755859375,84.94999694824219,147.57000732421875,116.0999984741211,176.57000732421875,25.110000610351562,200.16000366210938,155.39999389648438,35.29999923706055,247.27000427246094,232.25,302.7300109863281,47.97999954223633,144.3000030517578,78.87000274658203,43.814998626708984,53.2400016784668,136.10000610351562,110.54000091552734,210.3000030517578,165.5500030517578,292.6099853515625,754.75,292.80999755859375,49.38999938964844,47.970001220703125,95.2300033569336,96.79000091552734,157.89999389648438,35.13999938964844,120.5999984741211,741.8900146484375,25.5,179.52000427246094,296.239990234375,711.0,170.72000122070312,87.20999908447266,147.97999572753906,117.68000030517578,178.35000610351562,25.8799991607666,201.3000030517578,157.61000061035156,35.599998474121094,248.85000610351562,234.3000030517578,308.489990234375,48.099998474121094,145.0,78.87999725341797,43.959999084472656,53.470001220703125,138.13999938964844,110.9000015258789,2796200,36134700,1734300,731100,15124700,34715700,10859700,8647000,6850800,7030000,6681300,2092800,1381200,156825600,6229100,5856300,2898100,1476900,9417700,2596500,8674800,163012800,32684200,1275000,4653000,8184200,3654200,7655000,8917100,7520800,2040300,12017000,23412800,24756500,10681000,9744900
2025-08-26,203.52903747558594,166.6199951171875,283.410400390625,759.1866455078125,296.310546875,49.43423843383789,45.5562858581543,94.21359252929688,94.71139526367188,152.71559143066406,34.582401275634766,118.0949478149414,737.4063720703125,24.350000381469727,174.44911193847656,294.28515625,732.4652099609375,171.1267547607422,82.83194732666016,146.4696807861328,116.33120727539062,181.7397918701172,23.6942195892334,198.5486602783203,156.4601593017578,34.5611457824707,249.803466796875,236.6616973876953,294.2649230957031,47.107933044433594,144.45516967773438,80.22844696044922,43.09047317504883,53.03496551513672,135.29141235351562,109.05130767822266,208.36000061035156,166.6199951171875,289.5799865722656,763.2000122070312,298.010009765625,50.25,47.209999084472656,95.72000122070312,97.05000305175781,157.36000061035156,35.22999954223633,121.30000305175781,748.9500122070312,24.350000381469727,176.49000549316406,298.57000732421875,736.030029296875,173.50999450683594,84.98999786376953,148.97000122070312,116.5,181.77000427246094,24.920000076293945,203.4600067138672,159.1699981689453,35.31999969482422,250.85000610351562,238.72000122070312,300.42999267578125,48.56999969482422,146.9499969482422,81.51000213623047,44.1150016784668,53.66999816894531,137.0500030517578,111.48999786376953,208.5800018310547,169.77000427246094,289.8900146484375,763.5,300.25,50.2599983215332,47.400001525878906,95.73999786376953,98.0,160.0,35.58000183105469,121.73999786376953,749.1599731445312,24.739999771118164,177.16000366210938,298.739990234375,736.1799926757812,173.57000732421875,85.58999633789062,149.02999877929688,118.36000061035156,182.38999938964844,25.239999771118164,203.74000549316406,159.9600067138672,35.59000015258789,251.61000061035156,238.8300018310547,308.9599914550781,48.619998931884766,147.2100067138672,81.62999725341797,44.154998779296875,53.689998626708984,137.1699981689453,111.80999755859375,206.57000732421875,164.91000366210938,286.5299987792969,755.9099731445312,293.989990234375,49.25,46.9900016784668,94.02999877929688,96.37999725341797,156.5500030517578,34.90999984741211,120.2699966430664,733.8599853515625,24.100000381469727,175.77000427246094,293.5,713.0999755859375,170.22999572753906,84.66999816894531,146.3000030517578,115.80999755859375,178.80999755859375,24.8700008392334,200.00999450683594,157.41000366210938,35.0099983215332,249.50999450683594,235.72999572753906,294.20001220703125,47.939998626708984,145.13999938964844,79.77999877929688,43.70500183105469,53.099998474121094,136.33999633789062,110.36000061035156,207.52000427246094,168.64999389648438,287.7699890136719,758.77001953125,294.3500061035156,49.25,47.20000076293945,94.68000030517578,97.58999633789062,157.50999450683594,35.40999984741211,120.58999633789062,737.7100219726562,24.579999923706055,176.75,294.1600036621094,716.239990234375,170.99000549316406,85.55999755859375,147.32000732421875,116.08999633789062,180.05999755859375,25.139999389648438,200.24000549316406,157.66000366210938,35.4900016784668,249.57000732421875,236.3699951171875,304.30999755859375,47.939998626708984,146.63999938964844,79.81999969482422,44.0099983215332,53.099998474121094,136.58999633789062,111.37000274658203,3702900,52138600,1750400,860100,25689100,40609300,12198300,11031100,7052100,10270000,7114800,3191300,1511600,78558200,9145000,6714700,7695600,3153900,14062700,4453800,12584300,168688200,43938700,1730700,9173000,16438200,3762000,9793100,16303200,9280600,2591800,14936600,22855600,27907000,11397500,18143900
2025-08-27,203.2359619140625,167.1300048828125,281.8347473144531,765.9508666992188,298.53778076171875,49.562129974365234,45.961570739746094,95.34549713134766,95.54090118408203,154.5401153564453,34.90633773803711,119.63319396972656,738.115234375,24.850000381469727,174.74562072753906,294.9849548339844,730.6141357421875,175.4466094970703,81.93531036376953,146.87278747558594,117.57939910888672,181.56982421875,23.836841583251953,201.0663604736328,157.04995727539062,35.20695877075195,250.29139709472656,237.22677612304688,297.6441650390625,47.29220962524414,148.2103271484375,81.202880859375,43.573974609375,53.1436653137207,135.2124481201172,110.28375244140625,208.05999755859375,167.1300048828125,287.9700012207031,770.0,300.25,50.380001068115234,47.630001068115234,96.87000274658203,97.9000015258789,159.24000549316406,35.560001373291016,122.87999725341797,749.6699829101562,24.850000381469727,176.7899932861328,299.2799987792969,734.1699829101562,177.88999938964844,84.06999969482422,149.3800048828125,117.75,181.60000610351562,25.06999969482422,206.0399932861328,159.77000427246094,35.97999954223633,251.33999633789062,239.2899932861328,303.8800048828125,48.7599983215332,150.77000427246094,82.5,44.61000061035156,53.779998779296875,136.97000122070312,112.75,210.4199981689453,167.67999267578125,290.25,770.5800170898438,301.17999267578125,50.630001068115234,47.84000015258789,97.44999694824219,98.62999725341797,159.99000549316406,35.9900016784668,123.4800033569336,753.0,24.989999771118164,177.69000244140625,301.07000732421875,746.5900268554688,178.5500030517578,85.4800033569336,150.1199951171875,118.7300033569336,182.49000549316406,25.170000076293945,206.61000061035156,159.97000122070312,36.220001220703125,251.66000366210938,239.39999389648438,305.9700012207031,49.0,151.47000122070312,83.20999908447266,44.77000045776367,53.939998626708984,137.7100067138672,112.9800033569336,207.80999755859375,164.64999389648438,286.6499938964844,757.7899780273438,293.7799987792969,49.9900016784668,47.189998626708984,95.08999633789062,96.7699966430664,157.2100067138672,35.099998474121094,120.88999938964844,745.02001953125,24.049999237060547,176.16000366210938,297.0400085449219,731.5499877929688,173.05999755859375,83.87999725341797,148.02999877929688,116.44000244140625,179.10000610351562,24.850000381469727,202.10000610351562,157.8000030517578,35.220001220703125,248.82000732421875,235.44000244140625,300.5,48.380001068115234,146.75999450683594,81.23999786376953,44.0,53.5099983215332,136.72999572753906,111.41999816894531,208.82000732421875,166.0399932861328,288.8399963378906,760.0,297.5299987792969,50.029998779296875,47.29999923706055,95.1500015258789,97.0999984741211,157.39999389648438,35.099998474121094,120.88999938964844,745.969970703125,24.190000534057617,176.97000122070312,297.25,736.9600219726562,173.25,85.06999969482422,148.3699951171875,116.8499984741211,181.97999572753906,25.010000228881836,203.0399932861328,158.36000061035156,35.27000045776367,249.8800048828125,236.8699951171875,300.5400085449219,48.5,146.75999450683594,81.26000213623047,44.04999923706055,53.540000915527344,136.99000549316406,111.41999816894531,3459100,37031000,1400800,1140700,13830300,42428200,8562300,11315600,5759500,7483000,7925300,2195000,1534800,90934400,5951100,6056500,4326200,1820500,10588100,3329200,15349300,235518900,31840300,1762600,4549900,13565700,4195400,9516400,9982800,9492900,2149300,15567700,26877400,39530100,8321700,15262600
2025-08-28,203.09922790527344,168.5800018310547,279.5250244140625,759.4451904296875,306.8898620605469,49.67034149169922,45.23784255981445,95.29627990722656,96.07765197753906,154.6177520751953,35.220455169677734,121.05461120605469,739.6412963867188,24.93000030517578,173.421142578125,296.7492980957031,728.4149169921875,176.83724975585938,81.09715270996094,147.65936279296875,121.82323455810547,180.1400604248047,23.38996124267578,200.65650939941406,158.0624237060547,35.69622039794922,251.49635314941406,236.215576171875,296.0867614746094,47.20492172241211,148.59371948242188,80.6910629272461,43.90607452392578,53.21284103393555,134.6793670654297,110.8706283569336,207.9199981689453,168.5800018310547,285.6099853515625,763.4600219726562,308.6499938964844,50.4900016784668,46.880001068115234,96.81999969482422,98.44999694824219,159.32000732421875,35.880001068115234,124.33999633789062,751.219970703125,24.93000030517578,175.4499969482422,301.07000732421875,731.9600219726562,179.3000030517578,83.20999908447266,150.17999267578125,122.0,180.1699981689453,24.600000381469727,205.6199951171875,160.8000030517578,36.47999954223633,252.5500030517578,238.27000427246094,302.2900085449219,48.66999816894531,151.16000366210938,81.9800033569336,44.95000076293945,53.849998474121094,136.42999267578125,113.3499984741211,208.00999450683594,170.99000549316406,287.2300109863281,773.1699829101562,311.0,50.63999938964844,47.650001525878906,97.48999786376953,98.66000366210938,159.52000427246094,35.970001220703125,124.55000305175781,753.3300170898438,25.139999389648438,176.49000549316406,301.239990234375,738.5900268554688,179.3300018310547,84.25,150.38999938964844,122.56999969482422,184.47000122070312,25.06999969482422,207.16000366210938,161.22000122070312,36.529998779296875,254.32000732421875,240.66000366210938,304.4700012207031,48.97999954223633,151.85000610351562,83.12999725341797,45.01499938964844,53.90999984741211,136.85000610351562,113.6500015258789,205.49000549316406,166.64999389648438,284.8699951171875,760.8699951171875,302.3299865722656,50.279998779296875,46.650001525878906,96.54000091552734,96.83000183105469,157.85000610351562,35.25,122.04000091552734,746.989990234375,24.610000610351562,174.6300048828125,298.70001220703125,726.3400268554688,175.4600067138672,82.6500015258789,149.17999267578125,118.7300033569336,176.41000366210938,24.510000228881836,204.75,159.02999877929688,35.70000076293945,250.89999389648438,236.0,299.3999938964844,48.380001068115234,149.52000427246094,81.91999816894531,44.33000183105469,53.70000076293945,135.75999450683594,112.06999969482422,207.64999389648438,168.5,287.2300109863281,770.0,302.92999267578125,50.54999923706055,47.630001068115234,97.37000274658203,98.06999969482422,159.00999450683594,35.72999954223633,122.97000122070312,750.989990234375,24.959999084472656,176.3699951171875,300.0199890136719,735.7999877929688,178.3800048828125,84.25,149.83999633789062,118.87999725341797,180.82000732421875,25.06999969482422,207.16000366210938,159.91000366210938,35.959999084472656,252.32000732421875,236.3000030517578,304.25,48.970001220703125,150.83999633789062,82.87999725341797,44.625,53.88999938964844,136.8300018310547,112.87000274658203,4523100,36285200,1886700,985400,18907100,32949400,7872000,10878900,4241000,6502000,5125700,1937900,1411200,60035100,6424700,6410500,3117000,1844100,14485300,3898100,17295500,281787800,44306800,1924800,8156300,18279500,5060200,8466200,11235000,10464800,2092900,13963200,24086200,28837300,9165700,14189800
2025-08-29,205.521728515625,162.6300048828125,281.58026123046875,738.7147827148438,295.6941223144531,49.91628646850586,45.5273323059082,95.05021667480469,96.58512115478516,155.8599853515625,35.43640899658203,121.52193450927734,737.6913452148438,24.350000381469727,175.12123107910156,297.09423828125,729.0318603515625,177.2416229248047,81.98403930664062,147.95431518554688,118.83757019042969,174.1510467529297,23.542089462280273,202.43260192871094,157.99362182617188,36.04848861694336,244.29652404785156,228.87937927246094,303.5111999511719,47.360107421875,149.42926025390625,80.8879165649414,44.145389556884766,53.3511848449707,135.66653442382812,111.7900619506836,210.39999389648438,162.6300048828125,287.7099914550781,742.6199951171875,297.3900146484375,50.7400016784668,47.18000030517578,96.56999969482422,98.97000122070312,160.60000610351562,36.099998474121094,124.81999969482422,745.25,24.350000381469727,177.1699981689453,301.4200134277344,732.5800170898438,179.7100067138672,84.12000274658203,150.47999572753906,119.01000213623047,174.17999267578125,24.760000228881836,207.44000244140625,160.72999572753906,36.84000015258789,245.32000732421875,230.8699951171875,309.8699951171875,48.83000183105469,152.00999450683594,82.18000030517578,45.19499969482422,53.9900016784668,137.42999267578125,114.29000091552734,211.0,168.57000732421875,288.29998779296875,753.5999755859375,307.010009765625,50.91999816894531,47.36000061035156,96.98999786376953,99.31999969482422,161.10000610351562,36.279998779296875,125.63999938964844,748.9199829101562,24.969999313354492,177.41000366210938,302.95001220703125,737.4199829101562,181.42999267578125,84.23999786376953,150.75,122.7699966430664,178.14999389648438,24.8799991607666,208.33999633789062,161.60000610351562,37.04999923706055,248.94000244140625,235.9499969482422,310.0,49.060001373291016,153.25,82.80999755859375,45.310001373291016,54.13999938964844,137.47000122070312,114.79000091552734,207.89999389648438,161.89999389648438,285.1600036621094,739.7899780273438,293.6600036621094,50.5099983215332,46.81999969482422,96.05000305175781,98.05999755859375,159.4499969482422,35.79999923706055,124.05000305175781,738.9000244140625,24.280000686645508,175.4499969482422,299.7300109863281,728.5,178.19000244140625,83.27999877929688,149.1300048828125,118.05999755859375,173.14999389648438,24.510000228881836,205.60000610351562,159.39999389648438,36.5099983215332,244.1699981689453,230.5800018310547,300.9100036621094,48.58000183105469,150.10000610351562,81.80000305175781,44.90999984741211,53.79999923706055,136.3699951171875,113.58000183105469,208.0,166.80999755859375,285.79998779296875,753.0,307.010009765625,50.5099983215332,46.9900016784668,96.6500015258789,98.29000091552734,159.6999969482422,35.810001373291016,124.2699966430664,746.7100219726562,24.760000228881836,175.97000122070312,302.0400085449219,732.3200073242188,179.77999877929688,83.41999816894531,149.88999938964844,122.5999984741211,178.11000061035156,24.68000030517578,205.60000610351562,159.52999877929688,36.5099983215332,248.94000244140625,235.83999633789062,302.29998779296875,48.720001220703125,151.8300018310547,81.97000122070312,44.970001220703125,53.900001525878906,136.5399932861328,113.72000122070312,4264700,37516800,1302700,1317800,21610700,32496500,10687000,8362600,4594300,6934800,6146300,1738000,1467000,63734400,6942300,6796400,2551200,1753800,10872900,3629400,16774000,243257900,37030000,2045600,9949100,11887800,8672600,15526000,12065400,12069900,2242700,12041200,23745000,36062400,9655700,14597900
2025-09-02,207.00648498535156,162.32000732421875,280.80712890625,722.032958984375,296.5392761230469,49.60147476196289,45.74927520751953,93.28838348388672,96.6046371459961,157.05364990234375,35.750526428222656,122.76811218261719,723.4373779296875,24.209999084472656,176.00094604492188,295.39892578125,731.6292114257812,177.67555236816406,83.30950927734375,146.3516845703125,118.30834197998047,170.75161743164062,23.75126838684082,200.46133422851562,156.07681274414062,35.128684997558594,241.81690979003906,226.42076110839844,302.4631652832031,47.05944061279297,151.6607208251953,80.49420166015625,44.20887756347656,52.95591354370117,135.7948760986328,112.18132019042969,211.9199981689453,162.32000732421875,286.9200134277344,725.8499755859375,298.239990234375,50.41999816894531,47.40999984741211,94.77999877929688,98.98999786376953,161.8300018310547,36.41999816894531,126.0999984741211,730.8499755859375,24.209999084472656,178.05999755859375,299.70001220703125,735.1900024414062,180.14999389648438,85.4800033569336,148.85000610351562,118.4800033569336,170.77999877929688,24.979999542236328,205.4199981689453,158.77999877929688,35.900001525878906,242.8300018310547,228.38999938964844,308.79998779296875,48.52000045776367,154.27999877929688,81.77999877929688,45.2599983215332,53.59000015258789,137.55999755859375,114.69000244140625,212.16000366210938,162.38999938964844,288.739990234375,727.2000122070312,298.7099914550781,50.470001220703125,47.86000061035156,95.0199966430664,99.6500015258789,161.86000061035156,36.56999969482422,126.12000274658203,736.3900146484375,24.239999771118164,179.1999969482422,300.4599914550781,737.1400146484375,180.24000549316406,85.5,149.07000732421875,118.55999755859375,172.3800048828125,25.06999969482422,205.7100067138672,158.94000244140625,36.7599983215332,242.92999267578125,229.33999633789062,312.8900146484375,48.54999923706055,154.3000030517578,81.81999969482422,45.34000015258789,53.70000076293945,137.74000549316406,115.23999786376953,208.99000549316406,156.6199951171875,284.7099914550781,716.2000122070312,287.1700134277344,49.66999816894531,47.040000915527344,92.95999908447266,97.79000091552734,159.3800048828125,35.66999816894531,123.54000091552734,721.1599731445312,23.68000030517578,176.88999938964844,294.5,723.6400146484375,177.89999389648438,84.33999633789062,145.66000366210938,114.25,167.22000122070312,24.709999084472656,202.6999969482422,154.60000610351562,35.65999984741211,238.14999389648438,225.6300048828125,307.29998779296875,47.95000076293945,151.25,80.44000244140625,44.73500061035156,53.119998931884766,136.4600067138672,113.33000183105469,210.13999938964844,158.4199981689453,287.489990234375,717.2100219726562,289.3399963378906,50.220001220703125,47.29999923706055,95.0199966430664,99.0999984741211,160.47999572753906,36.0,124.4800033569336,736.3900146484375,23.8799991607666,177.47000122070312,300.260009765625,727.989990234375,178.86000061035156,84.5,148.55999755859375,115.86000061035156,170.0,24.729999542236328,205.7100067138672,157.82000732421875,36.68000030517578,238.6699981689453,226.14999389648438,308.30999755859375,48.34000015258789,152.33999633789062,81.70999908447266,45.07500076293945,53.70000076293945,136.88999938964844,114.18000030517578,4335500,38656100,1948200,1867400,19693000,52719800,9510300,15128800,5192300,8947300,6044800,2224900,2296400,57661800,9049000,7221900,3222500,2245600,11642700,5330200,13771900,231164900,44725000,1647400,7520300,20356300,6659200,13974900,10957100,7053600,3217100,13326000,25964400,38733100,13325300,15206700
2025-09-03,206.9478759765625,162.1300048828125,277.8025207519531,732.9453125,300.66558837890625,49.24732208251953,45.83612823486328,93.5344467163086,92.36922454833984,153.39492797851562,34.435157775878906,117.39396667480469,723.1503295898438,24.0,175.94163513183594,295.211669921875,734.2564697265625,176.54136657714844,82.04251861572266,146.03704833984375,118.54798126220703,170.59165954589844,23.570613861083984,200.05148315429688,154.60235595703125,34.5220832824707,240.6717071533203,229.3948974609375,301.56207275390625,47.07884216308594,152.74205017089844,79.24417877197266,43.21745300292969,52.866981506347656,135.15322875976562,109.46212768554688,211.86000061035156,162.1300048828125,283.8500061035156,736.8200073242188,302.3900146484375,50.060001373291016,47.5,95.02999877929688,94.6500015258789,158.05999755859375,35.08000183105469,120.58000183105469,730.5599975585938,24.0,178.0,299.510009765625,737.8300170898438,179.0,84.18000030517578,148.52999877929688,118.72000122070312,170.6199951171875,24.790000915527344,205.0,157.27999877929688,35.0,241.67999267578125,231.38999938964844,307.8800048828125,48.540000915527344,155.3800048828125,80.51000213623047,44.244998931884766,53.5,136.91000366210938,111.91000366210938,213.4199981689453,164.75,286.92999267578125,738.2999877929688,304.45001220703125,50.56999969482422,48.5099983215332,95.23999786376953,98.27999877929688,161.85000610351562,36.20000076293945,125.77999877929688,732.02001953125,24.09000015258789,178.2899932861328,300.57000732421875,737.8300170898438,183.5,85.80999755859375,149.5500030517578,119.44000244140625,172.41000366210938,25.1200008392334,205.74000549316406,159.57000732421875,35.7599983215332,243.4199981689453,232.4499969482422,309.5899963378906,48.939998626708984,159.25999450683594,82.01000213623047,45.275001525878906,53.599998474121094,137.75999450683594,114.43000030517578,211.47999572753906,160.5800018310547,280.3800048828125,729.5599975585938,296.3999938964844,49.70000076293945,47.29999923706055,93.4000015258789,94.33999633789062,157.02000427246094,34.91999816894531,119.93000030517578,722.2999877929688,23.719999313354492,176.52999877929688,296.3800048828125,729.02001953125,177.35000610351562,84.06999969482422,146.94000244140625,117.30000305175781,168.8800048828125,24.719999313354492,202.92999267578125,156.05999755859375,34.90999984741211,239.22999572753906,228.60000610351562,303.70001220703125,48.02000045776367,154.19000244140625,80.0199966430664,44.095001220703125,53.130001068115234,136.24000549316406,111.45999908447266,212.4199981689453,161.80999755859375,284.0799865722656,732.219970703125,302.2900085449219,50.400001525878906,47.31999969482422,94.88999938964844,97.62999725341797,160.0,35.83000183105469,124.91000366210938,728.5599975585938,24.09000015258789,177.6699981689453,300.57000732421875,732.02001953125,180.0,85.37000274658203,148.80999755859375,119.36000061035156,171.05999755859375,24.8799991607666,204.39999389648438,159.39999389648438,35.33000183105469,243.22999572753906,231.52000427246094,308.1099853515625,48.47999954223633,155.8300018310547,81.7300033569336,44.900001525878906,53.5,137.11000061035156,113.97000122070312,3973500,30752800,2604100,1330300,18529400,38344200,8379900,14158800,9793500,9556100,6913500,2658300,1485600,47822900,7111700,6316900,2222500,1751400,12714400,4338900,14101300,164424900,30957600,1827800,6336400,16567600,5473300,7198500,9654600,8335500,3080300,11174000,36018200,36420100,12586000,14920100
2025-09-04,208.0614471435547,161.7899932861328,274.1324157714844,749.4679565429688,304.35443115234375,49.7982292175293,45.05449676513672,95.55219268798828,93.46222686767578,153.03585815429688,34.925968170166016,118.38701629638672,741.3043212890625,24.610000610351562,176.69285583496094,299.4598083496094,739.3118286132812,176.52162170410156,81.91582489013672,148.00347900390625,124.03003692626953,171.63148498535156,23.332914352416992,202.35452270507812,157.8843994140625,35.518287658691406,243.15130615234375,233.1819610595703,304.0107421875,47.68986892700195,152.75189208984375,80.54341888427734,43.50559997558594,53.42035675048828,135.66653442382812,109.94140625,213.0,161.7899932861328,280.1000061035156,753.4299926757812,306.1000061035156,50.619998931884766,46.689998626708984,97.08000183105469,95.7699966430664,157.69000244140625,35.58000183105469,121.5999984741211,748.9000244140625,24.610000610351562,178.75999450683594,303.82000732421875,742.9099731445312,178.97999572753906,84.05000305175781,150.52999877929688,124.20999908447266,171.66000366210938,24.540000915527344,207.36000061035156,159.7100067138672,36.0099983215332,244.1699981689453,235.2100067138672,310.3800048828125,49.16999816894531,155.38999938964844,81.83000183105469,44.540000915527344,54.060001373291016,137.42999267578125,112.4000015258789,214.19000244140625,162.0500030517578,284.760009765625,756.9000244140625,308.7799987792969,50.83000183105469,47.689998626708984,97.1500015258789,96.16999816894531,159.64999389648438,35.630001068115234,122.26000213623047,748.9099731445312,24.639999389648438,178.89999389648438,304.42999267578125,747.0,180.1300048828125,84.41000366210938,150.75,124.41000366210938,171.86000061035156,24.780000686645508,207.4600067138672,159.86000061035156,36.02000045776367,244.52000427246094,235.30999755859375,311.9100036621094,49.20000076293945,157.14999389648438,82.12999725341797,44.724998474121094,54.08000183105469,137.47000122070312,113.12999725341797,211.66000366210938,157.7899932861328,278.75,735.4299926757812,302.25,50.119998931884766,46.310001373291016,95.30000305175781,93.9800033569336,157.5,34.66999816894531,119.80000305175781,731.1699829101562,23.75,177.5500030517578,298.2799987792969,735.3300170898438,178.16000366210938,83.0,148.67999267578125,118.5199966430664,169.41000366210938,24.350000381469727,205.19000244140625,154.47000122070312,34.54999923706055,238.75,230.3000030517578,304.1000061035156,48.41999816894531,154.75,80.22000122070312,44.060001373291016,53.56999969482422,136.0800018310547,111.37999725341797,212.25,159.94000244140625,284.760009765625,737.0499877929688,305.05999755859375,50.2400016784668,47.599998474121094,95.30000305175781,94.55000305175781,158.05999755859375,34.93000030517578,120.37999725341797,733.75,23.850000381469727,178.0,300.0,736.3200073242188,179.66000366210938,84.19999694824219,149.02999877929688,118.8499984741211,170.57000732421875,24.780000686645508,206.24000549316406,156.1999969482422,35.0,240.05999755859375,231.35000610351562,306.1000061035156,48.7599983215332,155.57000732421875,80.75,44.25,53.689998626708984,136.8000030517578,112.11000061035156,3531600,32103500,2622000,1532700,31220800,34796900,10633100,12900100,5612700,7243000,4615700,1689700,1778200,59056500,7854800,6605800,2423400,1494000,12554800,3955000,18589100,141670100,41695500,1203300,7781200,12427600,11842200,6241900,7725700,5564600,2611300,10822300,25895400,32730000,11778600,12864400
2025-09-05,207.63165283203125,151.13999938964844,277.5970153808594,777.5892944335938,332.9802551269531,49.23436737060547,45.48873519897461,93.89862823486328,90.7101821899414,149.12478637695312,34.12104034423828,114.8139877319336,730.7227783203125,24.489999771118164,176.3666534423828,290.1552734375,723.6878662109375,177.80377197265625,82.5590591430664,145.60443115234375,131.1796417236328,166.9922637939453,23.656185150146484,199.46595764160156,158.01290893554688,35.33088302612305,246.01931762695312,241.31126403808594,308.91796875,47.33100891113281,154.1084747314453,77.71853637695312,42.66556930541992,52.44207000732422,136.13050842285156,106.84075927734375,212.55999755859375,151.13999938964844,283.6400146484375,781.7000122070312,334.8900146484375,49.77000045776367,47.13999938964844,95.4000015258789,92.94999694824219,153.66000366210938,34.7599983215332,117.93000030517578,738.2100219726562,24.489999771118164,178.42999267578125,294.3800048828125,727.2100219726562,180.27999877929688,84.70999908447266,148.08999633789062,131.3699951171875,167.02000427246094,24.8799991607666,204.39999389648438,159.83999633789062,35.81999969482422,247.0500030517578,243.41000366210938,315.3900146484375,48.79999923706055,156.77000427246094,78.95999908447266,43.68000030517578,53.06999969482422,137.89999389648438,109.2300033569336,214.33999633789062,157.13999938964844,285.2900085449219,783.0999755859375,356.3399963378906,50.790000915527344,47.16999816894531,97.9800033569336,94.87000274658203,156.72000122070312,35.529998779296875,120.56999969482422,757.3499755859375,24.709999084472656,179.50999450683594,305.1499938964844,744.7000122070312,180.47999572753906,85.2699966430664,151.86000061035156,131.41000366210938,169.02999877929688,24.889999389648438,208.8000030517578,163.49000549316406,36.29999923706055,248.5,244.5500030517578,317.94000244140625,49.4900016784668,157.52000427246094,82.0199966430664,44.31999969482422,54.25,138.3800048828125,111.77999877929688,211.0,150.17999267578125,279.0,766.239990234375,331.4200134277344,49.22999954223633,46.5,94.1500015258789,92.12999725341797,153.49000549316406,34.34000015258789,117.04000091552734,727.1500244140625,24.170000076293945,176.55999755859375,294.30999755859375,722.5700073242188,177.0500030517578,83.25,146.2899932861328,125.66000366210938,164.07000732421875,24.510000228881836,203.74000549316406,159.14999389648438,35.43000030517578,244.1300048828125,237.89999389648438,308.20001220703125,48.36000061035156,153.1999969482422,78.69999694824219,43.459999084472656,52.869998931884766,137.0500030517578,109.0199966430664,212.5500030517578,157.1199951171875,279.79998779296875,774.8800048828125,355.7799987792969,50.439998626708984,46.720001220703125,97.37000274658203,94.12999725341797,156.05999755859375,35.040000915527344,119.91000366210938,752.1900024414062,24.600000381469727,178.0,303.6499938964844,744.7000122070312,178.5,83.79000091552734,151.1199951171875,127.7699966430664,168.02999877929688,24.56999969482422,207.75999450683594,160.0800018310547,35.61000061035156,247.85000610351562,240.24000549316406,310.44000244140625,49.349998474121094,154.36000061035156,81.63999938964844,44.17499923706055,54.11000061035156,137.27999877929688,111.5999984741211,4465400,78256000,2299400,1887300,78401600,40063300,8227300,17020800,8510300,11011700,8729200,3711200,1822800,55975300,9733800,9837700,3958200,1696300,13231100,5697300,28416000,224441400,34613200,1273000,7954200,13436400,17105500,14056600,14126700,8041000,2599300,20661400,48182200,58377100,14664000,16826700
2025-09-08,204.9258575439453,151.41000366210938,274.22052001953125,792.062744140625,343.6788635253906,48.92770004272461,45.08345031738281,94.3612289428711,89.19754028320312,149.4547576904297,33.87563705444336,114.54138946533203,734.3258056640625,24.479999542236328,176.0701446533203,288.70635986328125,735.0625,178.70127868652344,81.95480346679688,146.2926788330078,131.26953125,168.2820281982422,23.342418670654297,198.85118103027344,158.40834045410156,35.29142761230469,247.81179809570312,245.0586700439453,313.6781921386719,47.18552780151367,154.68844604492188,77.89571380615234,42.56789779663086,52.481597900390625,136.08116149902344,107.44718170166016,209.7899932861328,151.41000366210938,280.19000244140625,796.25,345.6499938964844,49.459999084472656,46.720001220703125,95.87000274658203,91.4000015258789,154.0,34.5099983215332,117.6500015258789,741.8499755859375,24.479999542236328,178.1300048828125,292.9100036621094,738.6400146484375,181.19000244140625,84.08999633789062,148.7899932861328,131.4600067138672,168.30999755859375,24.549999237060547,203.77000427246094,160.24000549316406,35.779998779296875,248.85000610351562,247.19000244140625,320.25,48.650001525878906,157.36000061035156,79.13999938964844,43.58000183105469,53.11000061035156,137.85000610351562,109.8499984741211,212.0,152.63999938964844,282.42999267578125,798.7000122070312,354.1700134277344,49.90999984741211,46.810001373291016,95.97000122070312,93.2300033569336,155.02999877929688,35.04999923706055,118.41999816894531,743.5399780273438,24.739999771118164,179.4499969482422,296.4599914550781,742.7000122070312,181.24000549316406,84.31999969482422,149.1999969482422,132.25999450683594,170.9600067138672,24.969999313354492,205.63999938964844,160.2899932861328,36.34000015258789,249.9199981689453,247.8800048828125,321.6499938964844,48.84000015258789,157.5500030517578,79.79000091552734,44.01499938964844,53.16999816894531,137.8699951171875,110.05000305175781,207.61000061035156,149.22000122070312,277.32000732421875,786.75,341.25,48.880001068115234,45.849998474121094,94.63999938964844,90.51000213623047,152.8800048828125,34.130001068115234,116.05999755859375,733.5700073242188,24.1200008392334,176.6999969482422,291.44000244140625,719.219970703125,176.88999938964844,82.81999969482422,147.25,128.39999389648438,167.35000610351562,24.309999465942383,201.1300048828125,158.00999450683594,35.40999984741211,247.55999755859375,241.6199951171875,313.79998779296875,48.029998779296875,153.6199951171875,78.55999755859375,43.19499969482422,52.84000015258789,136.3699951171875,108.3499984741211,210.99000549316406,151.8000030517578,281.04998779296875,789.6500244140625,342.75,49.79999923706055,46.650001525878906,95.86000061035156,93.02999877929688,153.91000366210938,35.04999923706055,117.8499984741211,739.4199829101562,24.479999542236328,177.36000061035156,294.8900146484375,729.7100219726562,179.92999267578125,84.16000366210938,148.32000732421875,130.5500030517578,167.5500030517578,24.899999618530273,204.2100067138672,160.2899932861328,36.11000061035156,248.41000366210938,241.99000549316406,319.7099914550781,48.84000015258789,156.8699951171875,78.98999786376953,43.82500076293945,53.09000015258789,137.4600067138672,109.7300033569336,5525500,41849000,2452900,1284500,43535600,48033100,10005600,11398800,9750600,9462000,8061000,2550500,1400100,51122100,8382500,8188500,4534600,2006800,13111200,3820800,19492600,163769100,49242900,1772800,7019700,27242300,10290500,12986600,18438600,8543600,2458900,17107000,34931800,49490900,15753300,15440500
2025-09-09,205.54127502441406,155.82000732421875,274.0052185058594,800.8961181640625,334.7501220703125,49.7487678527832,45.575584411621094,95.80809020996094,89.64645385742188,150.27967834472656,33.67931365966797,114.21037292480469,756.1719970703125,24.440000534057617,174.91368103027344,293.5754699707031,746.9745483398438,180.6639404296875,82.46160125732422,149.6651153564453,135.04405212402344,170.7316131591797,23.494548797607422,195.57228088378906,156.84640502929688,35.29142761230469,248.0209197998047,248.75650024414062,340.7804260253906,47.88385009765625,159.08255004882812,79.49024200439453,42.77301788330078,52.70887756347656,136.81166076660156,108.22969055175781,210.4199981689453,155.82000732421875,279.9700012207031,805.1300048828125,336.6700134277344,50.290000915527344,47.22999954223633,97.33999633789062,91.86000061035156,154.85000610351562,34.310001373291016,117.30999755859375,763.9199829101562,24.440000534057617,176.9600067138672,297.8500061035156,750.6099853515625,183.17999267578125,84.61000061035156,152.22000122070312,135.24000549316406,170.75999450683594,24.709999084472656,200.41000366210938,158.66000366210938,35.779998779296875,249.05999755859375,250.9199981689453,347.9200134277344,49.369998931884766,161.8300018310547,80.76000213623047,43.790000915527344,53.34000015258789,138.58999633789062,110.6500015258789,210.72000122070312,156.66000366210938,282.0799865722656,805.8400268554688,350.9800109863281,50.560001373291016,47.52000045776367,98.13999938964844,93.66000366210938,156.99000549316406,35.279998779296875,119.75,765.6199951171875,24.809999465942383,178.08999633789062,299.0,752.8400268554688,186.27999877929688,84.80000305175781,152.82000732421875,138.0,170.97999572753906,24.790000915527344,204.9499969482422,161.60000610351562,36.56999969482422,249.67999267578125,254.72999572753906,351.7099914550781,49.9900016784668,163.02000427246094,81.45999908447266,44.40999984741211,53.59000015258789,138.97000122070312,112.51000213623047,209.1199951171875,151.92999267578125,278.7799987792969,793.1199951171875,335.8299865722656,49.459999084472656,46.72999954223633,95.44999694824219,91.44999694824219,154.60000610351562,34.310001373291016,117.26000213623047,738.5399780273438,24.270000457763672,176.4499969482422,292.30999755859375,733.8699951171875,178.47999572753906,84.12999725341797,148.35000610351562,131.55999755859375,166.74000549316406,24.510000228881836,198.83999633789062,157.57000732421875,35.77000045776367,247.22999572753906,246.92999267578125,327.1600036621094,48.560001373291016,157.13999938964844,79.0,43.76499938964844,52.959999084472656,137.72000122070312,110.52999877929688,209.52999877929688,151.99000549316406,279.5,795.2000122070312,349.54998779296875,49.5,46.7400016784668,95.5,92.30999755859375,154.91000366210938,34.720001220703125,118.37999725341797,740.1300048828125,24.530000686645508,178.0,292.6000061035156,734.1799926757812,182.38999938964844,84.18000030517578,148.4199981689453,131.75999450683594,169.08999633789062,24.549999237060547,203.77000427246094,160.3699951171875,36.029998779296875,249.11000061035156,246.92999267578125,332.5,48.65999984741211,158.60000610351562,79.30999755859375,43.814998626708984,52.97999954223633,138.05999755859375,110.52999877929688,3097100,42802500,1733000,1324100,26972300,40060100,7891000,18101600,5838300,7769200,5073600,2359000,2611300,42146200,6005700,7848200,2986900,2307700,9767500,6673200,20705000,157548400,32751300,1856100,6126000,12029500,9305200,13443400,46408900,17261800,3869200,17157300,41193400,38884500,12249600,14899500
2025-09-10,206.73297119140625,159.5399932861328,272.5762939453125,788.9691162109375,367.46246337890625,49.590492248535156,45.49838638305664,95.6407699584961,92.04717254638672,153.1328887939453,34.86707305908203,117.0824203491211,761.7745971679688,24.770000457763672,173.7572021484375,296.22686767578125,750.9651489257812,179.19439697265625,81.89633178710938,151.53321838378906,139.79714965820312,177.300537109375,23.361434936523438,197.01654052734375,157.13308715820312,35.66624069213867,252.39260864257812,258.1944274902344,339.6637878417969,47.718971252441406,155.80909729003906,79.03746795654297,43.5202522277832,52.531005859375,135.5678253173828,110.03922271728516,211.63999938964844,159.5399932861328,278.510009765625,793.1400146484375,369.57000732421875,50.130001068115234,47.150001525878906,97.16999816894531,94.31999969482422,157.7899932861328,35.52000045776367,120.26000213623047,769.5800170898438,24.770000457763672,175.7899932861328,300.5400085449219,754.6199951171875,181.69000244140625,84.02999877929688,154.1199951171875,140.0,177.3300018310547,24.56999969482422,201.88999938964844,158.9499969482422,36.15999984741211,253.4499969482422,260.44000244140625,346.7799987792969,49.20000076293945,158.5,80.30000305175781,44.55500030517578,53.15999984741211,137.3300018310547,112.5,212.27000427246094,164.52999877929688,280.30999755859375,809.5999755859375,372.9700012207031,50.630001068115234,47.439998626708984,98.37999725341797,94.33000183105469,157.9199981689453,35.52000045776367,120.29000091552734,774.469970703125,24.8700008392334,176.61000061035156,301.5400085449219,755.7999877929688,184.77999877929688,84.56999969482422,154.52999877929688,142.24000549316406,179.2899932861328,24.649999618530273,202.55999755859375,159.2100067138672,36.369998931884766,254.2100067138672,264.5799865722656,348.57000732421875,49.7400016784668,162.7100067138672,81.23999786376953,44.58000183105469,53.400001525878906,138.50999450683594,112.55999755859375,208.44000244140625,158.0,275.1600036621094,791.02001953125,350.54998779296875,49.970001220703125,46.779998779296875,96.51000213623047,91.69000244140625,155.0,34.20000076293945,117.37999725341797,761.6300048828125,24.280000686645508,174.3300018310547,295.3999938964844,742.489990234375,177.4199981689453,83.54000091552734,151.4199981689453,138.33999633789062,175.47000122070312,24.450000762939453,200.4199981689453,156.61000061035156,35.16999816894531,251.86000061035156,257.75,341.3999938964844,48.93000030517578,153.60000610351562,79.91000366210938,43.790000915527344,52.93000030517578,136.80999755859375,110.83999633789062,210.22999572753906,163.5399932861328,280.0,806.8200073242188,351.5199890136719,50.369998931884766,47.0,97.5,91.86000061035156,155.0500030517578,34.36000061035156,117.75,761.8599853515625,24.420000076293945,176.3000030517578,296.70001220703125,748.0900268554688,183.0,84.2699966430664,152.89999389648438,140.02000427246094,176.63999938964844,24.639999389648438,200.97000122070312,158.6199951171875,35.720001220703125,253.02999877929688,258.8699951171875,345.55999755859375,49.5099983215332,161.22999572753906,80.66000366210938,43.88999938964844,53.16999816894531,138.50999450683594,111.16000366210938,4520600,52465300,2150700,1634300,51086800,31706300,8513400,12238300,4353800,7440800,8043200,2128100,1996200,61600700,6891600,7787300,2477400,1800200,13073300,4945600,25791300,226852000,32975900,1290600,8256900,20429100,13398400,18822400,17804300,9988700,4199400,16460200,29932800,32915900,13588300,15837600
2025-09-11,215.11402893066406,155.6699981689453,276.7064208984375,799.9312133789062,357.57916259765625,50.203819274902344,45.874725341796875,97.26480102539062,91.86174774169922,153.57933044433594,34.641300201416016,116.82928466796875,776.7709350585938,24.610000610351562,176.43585205078125,301.1748352050781,752.6171264648438,179.805908203125,82.9878921508789,153.85360717773438,150.3518524169922,177.1505584716797,23.637170791625977,197.85580444335938,159.663818359375,35.53801727294922,254.12535095214844,256.6776123046875,346.3536376953125,47.835357666015625,154.91452026367188,79.9725341796875,43.53001403808594,53.390708923339844,137.9271697998047,109.68709564208984,220.22000122070312,155.6699981689453,282.7300109863281,804.1599731445312,359.6300048828125,50.75,47.540000915527344,98.81999969482422,94.12999725341797,158.25,35.290000915527344,120.0,784.72998046875,24.610000610351562,178.5,305.55999755859375,756.280029296875,182.30999755859375,85.1500015258789,156.47999572753906,150.57000732421875,177.1699981689453,24.860000610351562,202.75,161.50999450683594,36.029998779296875,255.19000244140625,258.9100036621094,353.6099853515625,49.31999969482422,157.58999633789062,81.25,44.564998626708984,54.029998779296875,139.72000122070312,112.13999938964844,221.77000427246094,160.2100067138672,282.8999938964844,809.1500244140625,374.2300109863281,50.959999084472656,48.189998626708984,99.04000091552734,94.16000366210938,158.9199981689453,35.349998474121094,120.4000015258789,793.1699829101562,24.93000030517578,178.85000610351562,305.7300109863281,761.1300048828125,183.74000549316406,85.55000305175781,157.75999450683594,156.25999450683594,180.27999877929688,24.860000610351562,203.52999877929688,162.07000732421875,36.560001373291016,256.510009765625,261.6400146484375,360.9800109863281,49.540000915527344,160.39999389648438,81.38999938964844,44.65999984741211,54.06999969482422,140.0,112.7699966430664,216.75,154.99000549316406,278.0,798.510009765625,358.760009765625,49.9900016784668,47.220001220703125,96.88999938964844,92.68000030517578,156.00999450683594,34.77000045776367,118.54000091552734,771.3499755859375,24.56999969482422,175.6300048828125,300.7900085449219,750.3699951171875,180.66000366210938,84.0,154.0800018310547,147.61000061035156,176.47999572753906,24.540000915527344,201.14999389648438,157.9600067138672,35.77000045776367,254.6199951171875,258.2300109863281,345.8399963378906,49.04999923706055,157.0500030517578,79.77999877929688,44.064998626708984,53.18000030517578,137.88999938964844,110.87000274658203,220.35000610351562,158.6199951171875,278.5199890136719,799.6900024414062,371.17999267578125,50.13999938964844,47.380001068115234,97.3499984741211,92.83000183105469,156.5,35.0,119.08000183105469,772.0,24.760000228881836,175.75,301.239990234375,752.47998046875,182.27999877929688,84.33999633789062,154.38999938964844,147.72000122070312,179.67999267578125,24.600000381469727,201.61000061035156,159.19000244140625,36.029998779296875,254.80999755859375,260.3500061035156,349.0,49.29999923706055,158.0800018310547,80.19999694824219,44.20000076293945,53.189998626708984,138.0399932861328,111.4000015258789,7647700,48817700,2233100,1297800,29430900,28055200,9875800,13426500,4721000,6417400,6242900,2283100,2075700,55536900,5792500,7942500,2197500,1265800,9667200,7399500,52446400,151159300,36784100,1271000,8360200,15317600,10286200,10005000,18943500,8636500,2621100,17785800,25176800,36635400,16470800,11534500
2025-09-12,213.2776336669922,158.57000732421875,270.50146484375,809.590087890625,357.8177795410156,50.035648345947266,44.5816650390625,97.87504577636719,90.20272064208984,152.4729766845703,34.130859375,115.03791809082031,772.1483154296875,24.079999923706055,176.00094604492188,302.5054626464844,751.7313842773438,177.80377197265625,80.70730590820312,153.76513671875,157.002197265625,177.80047607421875,22.69586753845215,197.1043701171875,159.98016357421875,35.08429718017578,254.57347106933594,257.0939636230469,345.27618408203125,47.65108108520508,154.05931091308594,80.17922973632812,43.27117156982422,53.16343307495117,136.3378143310547,109.7066650390625,218.33999633789062,158.57000732421875,276.3900146484375,813.8699951171875,359.8699951171875,50.58000183105469,46.20000076293945,99.44000244140625,92.43000030517578,157.11000061035156,34.77000045776367,118.16000366210938,780.0599975585938,24.079999923706055,178.05999755859375,306.9100036621094,755.3900146484375,180.27999877929688,82.80999755859375,156.38999938964844,157.22999572753906,177.82000732421875,23.8700008392334,201.97999572753906,161.8300018310547,35.56999969482422,255.63999938964844,259.3299865722656,352.510009765625,49.130001068115234,156.72000122070312,81.45999908447266,44.29999923706055,53.79999923706055,138.11000061035156,112.16000366210938,220.3800048828125,160.41000366210938,282.94000244140625,815.780029296875,364.3900146484375,50.93000030517578,47.900001525878906,99.69999694824219,95.06999969482422,159.77999877929688,35.790000915527344,121.0199966430664,787.030029296875,24.6299991607666,178.8000030517578,307.54998779296875,761.5999755859375,183.5399932861328,85.18000030517578,156.8699951171875,158.27999877929688,178.60000610351562,24.84000015258789,203.0399932861328,162.3300018310547,36.529998779296875,256.3999938964844,260.95001220703125,362.30999755859375,49.380001068115234,159.27999877929688,81.63999938964844,44.95000076293945,54.06999969482422,139.80999755859375,113.22000122070312,218.22999572753906,154.9199981689453,276.07000732421875,806.2999877929688,357.1600036621094,50.459999084472656,46.189998626708984,98.44000244140625,92.41999816894531,157.10000610351562,34.77000045776367,117.97000122070312,776.260009765625,24.049999237060547,176.72000122070312,303.70001220703125,748.0,179.8300018310547,82.80000305175781,155.6199951171875,153.2100067138672,176.4499969482422,23.84000015258789,201.58999633789062,159.5800018310547,35.41999816894531,254.16000366210938,258.3800048828125,352.4599914550781,48.79999923706055,156.35000610351562,80.79000091552734,44.290000915527344,53.709999084472656,138.10000610351562,111.87999725341797,219.1199951171875,157.0,281.0400085449219,808.52001953125,362.9100036621094,50.70000076293945,47.41999816894531,98.77999877929688,94.76000213623047,158.85000610351562,35.560001373291016,120.7699966430664,783.5,24.610000610351562,177.7100067138672,305.0,760.1699829101562,183.0,84.62000274658203,156.0399932861328,153.5500030517578,177.77000427246094,24.809999465942383,202.75,161.3300018310547,36.2599983215332,255.80999755859375,260.8500061035156,355.8999938964844,49.349998474121094,158.6300048828125,81.0999984741211,44.75,53.959999084472656,139.22999572753906,112.86000061035156,4418800,42232800,2143700,1019700,31949800,27851100,11896400,9502900,5170400,5546300,7123800,1967200,1099400,52672800,7220200,6846700,2198300,1500300,9939500,4341600,32288300,124911000,81378200,1015300,5430600,13476900,7144200,8496600,14016200,8103200,1642600,10498300,22297800,25705900,11345400,11105700
2025-09-15,212.5645751953125,161.16000366210938,268.5538635253906,862.7391357421875,362.01373291015625,50.0455436706543,44.72640609741211,98.21954345703125,90.1051254272461,152.6670684814453,33.37964630126953,114.43429565429688,778.7803344726562,24.770000457763672,175.34857177734375,304.4668884277344,744.5663452148438,177.46844482421875,79.74275207519531,154.0109405517578,157.5414276123047,177.73048400878906,22.79094886779785,197.57281494140625,159.37713623046875,34.295223236083984,256.7244567871094,259.1263122558594,342.9007873535156,47.8062629699707,154.89488220214844,80.1300277709961,43.124656677246094,53.04485321044922,135.17294311523438,109.89250183105469,217.61000061035156,161.16000366210938,274.3999938964844,867.2999877929688,364.0899963378906,50.59000015258789,46.349998474121094,99.79000091552734,92.33000183105469,157.30999755859375,33.77000045776367,117.54000091552734,786.760009765625,24.770000457763672,177.39999389648438,308.8999938964844,748.1900024414062,179.94000244140625,81.0199966430664,156.63999938964844,157.77000427246094,177.75,23.969999313354492,202.4600067138672,161.22000122070312,34.77000045776367,257.79998779296875,261.3800048828125,347.8900146484375,49.290000915527344,157.57000732421875,81.41000366210938,44.150001525878906,53.68000030517578,136.92999267578125,112.3499984741211,219.60000610351562,162.3000030517578,277.239990234375,868.719970703125,365.5,51.09000015258789,46.72999954223633,100.16999816894531,93.05000305175781,158.32000732421875,34.599998474121094,118.27999877929688,792.3800048828125,25.459999084472656,178.99000549316406,309.95001220703125,756.3400268554688,181.94000244140625,82.75,158.47999572753906,160.33999633789062,178.85000610351562,24.1200008392334,205.1300048828125,162.67999267578125,36.29999923706055,257.8399963378906,262.79998779296875,351.7099914550781,49.56999969482422,159.4199981689453,81.81999969482422,44.5,54.09000015258789,138.5399932861328,112.45999908447266,214.30999755859375,157.60000610351562,271.6099853515625,833.9199829101562,356.3399963378906,50.459999084472656,46.0,99.4000015258789,91.69000244140625,156.5,33.72999954223633,116.81999969482422,781.4400024414062,24.219999313354492,176.92999267578125,307.1700134277344,742.1099853515625,178.8800048828125,80.91999816894531,155.8800048828125,156.5500030517578,174.50999450683594,23.68000030517578,201.88999938964844,160.2100067138672,34.75,254.52999877929688,258.75,342.5299987792969,49.0099983215332,155.8000030517578,81.12999725341797,44.07500076293945,53.619998931884766,136.66000366210938,111.31999969482422,219.60000610351562,160.00999450683594,276.07000732421875,834.9299926757812,359.8699951171875,50.849998474121094,46.31999969482422,99.80000305175781,92.69999694824219,157.3800048828125,34.59000015258789,118.0,782.9500122070312,24.329999923706055,177.75999450683594,307.1700134277344,753.0700073242188,180.11000061035156,82.11000061035156,157.35000610351562,156.9600067138672,175.6699981689453,23.989999771118164,202.25,161.39999389648438,35.79999923706055,255.1999969482422,260.0,351.260009765625,49.15999984741211,157.10000610351562,81.61000061035156,44.3849983215332,53.88999938964844,138.25999450683594,112.18000030517578,5162100,36808700,2563100,2702300,21792200,29043600,9669100,10620100,4932100,5030500,9102200,2179700,1292000,83951600,4768100,7122000,2790900,1765400,10229800,4829900,20101400,147061600,50760200,1464300,5604800,14218500,7239200,8147700,11035900,7729900,2080800,9563200,23287800,31922000,11233800,12880500
2025-09-16,211.24586486816406,160.4600067138672,267.261962890625,873.8006591796875,357.94708251953125,50.11478805541992,44.71675491333008,99.05615997314453,92.26187133789062,154.83123779296875,34.565773010253906,117.64708709716797,777.5628051757812,25.270000457763672,174.41946411132812,304.75274658203125,761.0062866210938,180.4765625,79.8116455078125,153.19485473632812,158.58990478515625,174.86080932617188,22.72439193725586,196.08949279785156,162.2637481689453,34.75880813598633,258.0426940917969,260.62005615234375,334.9070739746094,46.933353424072266,159.8787841796875,80.1103286743164,43.84746551513672,52.926273345947266,135.17294311523438,112.17153930664062,216.25999450683594,160.4600067138672,273.0799865722656,878.4199829101562,360.0,50.65999984741211,46.34000015258789,100.63999938964844,94.54000091552734,159.5399932861328,34.970001220703125,120.83999633789062,785.530029296875,25.270000457763672,176.4600067138672,309.19000244140625,764.7100219726562,182.99000549316406,81.08999633789062,155.80999755859375,158.82000732421875,174.8800048828125,23.899999618530273,200.94000244140625,164.13999938964844,35.2400016784668,258.5799865722656,262.05999755859375,339.7799987792969,48.38999938964844,162.63999938964844,81.38999938964844,44.88999938964844,53.560001373291016,136.92999267578125,114.68000030517578,218.7100067138672,161.9499969482422,277.5899963378906,881.4600219726562,365.69000244140625,50.880001068115234,46.84000015258789,100.8499984741211,95.0999984741211,160.10000610351562,35.130001068115234,121.37999725341797,790.010009765625,25.34000015258789,177.6199951171875,310.8999938964844,770.3800048828125,184.52999877929688,81.4800033569336,157.5,159.55999755859375,177.5,24.219999313354492,203.13999938964844,165.0,35.560001373291016,259.04998779296875,266.44000244140625,349.0400085449219,49.470001220703125,163.33999633789062,81.61000061035156,45.029998779296875,53.66999816894531,137.38999938964844,115.31999969482422,215.83999633789062,159.22000122070312,271.7300109863281,867.5700073242188,356.989990234375,50.209999084472656,46.040000915527344,99.20999908447266,92.6500015258789,158.1199951171875,33.88999938964844,118.33999633789062,779.6900024414062,24.690000534057617,175.64999389648438,307.1300048828125,744.5399780273438,180.0,80.54000091552734,155.22000122070312,157.1699981689453,174.3800048828125,23.8700008392334,198.67999267578125,161.5,34.619998931884766,256.5799865722656,260.6099853515625,338.32000732421875,48.029998779296875,158.64999389648438,80.08000183105469,44.334999084472656,53.27000045776367,136.5399932861328,112.77999877929688,218.3300018310547,161.3699951171875,275.8900146484375,879.9400024414062,365.42999267578125,50.63999938964844,46.04999923706055,99.86000061035156,93.08000183105469,158.25,33.939998626708984,118.93000030517578,789.530029296875,24.81999969482422,177.57000732421875,310.0,745.4099731445312,181.27999877929688,81.01000213623047,157.0800018310547,157.97999572753906,177.0,23.959999084472656,202.58999633789062,161.82000732421875,34.900001525878906,258.2900085449219,265.9200134277344,347.5,49.470001220703125,159.3699951171875,81.55999755859375,44.345001220703125,53.61000061035156,136.66000366210938,112.95999908447266,4251000,27946500,2157400,1832400,21306500,31624400,9050600,12350700,7860400,8011000,8053700,2717700,1529500,60336600,7959300,10525600,3881300,2250000,10065900,7539500,16911600,140737800,57010800,1187400,7997500,20804800,7543300,10381900,12695800,13158800,2920600,10705900,41593000,28482500,12443800,17208000
2025-09-17,215.6903533935547,159.16000366210938,268.85723876953125,867.6830444335938,344.1959228515625,50.846824645996094,44.53341293334961,100.15853881835938,91.5592269897461,155.36500549316406,35.00068664550781,116.67351531982422,786.1646728515625,24.899999618530273,175.15089416503906,307.2760009765625,756.448486328125,182.14334106445312,79.8608627319336,154.76800537109375,159.75820922851562,170.27130126953125,22.86701202392578,198.85118103027344,163.37094116210938,34.31494903564453,257.9928283691406,261.3460693359375,336.7108154296875,48.11663055419922,160.89129638671875,81.18319702148438,43.95003128051758,53.44012451171875,135.4394989013672,112.76819610595703,220.80999755859375,159.16000366210938,274.7099914550781,872.27001953125,346.1700134277344,51.400001525878906,46.150001525878906,101.76000213623047,93.81999969482422,160.08999633789062,35.40999984741211,119.83999633789062,794.219970703125,24.899999618530273,177.1999969482422,311.75,760.1300048828125,184.67999267578125,81.13999938964844,157.41000366210938,159.99000549316406,170.2899932861328,24.049999237060547,203.77000427246094,165.25999450683594,34.790000915527344,258.5299987792969,262.7900085449219,341.6099853515625,49.61000061035156,163.6699981689453,82.4800033569336,44.994998931884766,54.08000183105469,137.1999969482422,115.29000091552734,221.5500030517578,161.6300048828125,277.79998779296875,877.6300048828125,359.92999267578125,51.630001068115234,46.79999923706055,102.20999908447266,95.19999694824219,160.6699981689453,35.88999938964844,121.20999908447266,798.5700073242188,25.260000228881836,178.50999450683594,312.9100036621094,776.9600219726562,186.0800018310547,82.25,157.97000122070312,160.58999633789062,173.1999969482422,24.389999389648438,205.83999633789062,166.3699951171875,35.66999816894531,260.739990234375,264.80999755859375,343.0,50.16999816894531,165.64999389648438,82.72000122070312,45.310001373291016,54.33000183105469,138.2899932861328,115.48999786376953,217.3000030517578,155.75999450683594,273.0,861.1799926757812,341.5,50.790000915527344,46.0099983215332,100.41000366210938,93.13999938964844,158.61000061035156,34.34000015258789,118.73999786376953,785.22998046875,24.450000762939453,176.58999633789062,308.7699890136719,756.3400268554688,182.05999755859375,80.80000305175781,155.64999389648438,155.25999450683594,168.41000366210938,23.899999618530273,201.10000610351562,163.22999572753906,34.47999954223633,254.8300018310547,259.7300109863281,337.69000244140625,48.56999969482422,161.6999969482422,80.54000091552734,44.6349983215332,53.650001525878906,136.83999633789062,114.05000305175781,219.10000610351562,159.27999877929688,274.1400146484375,868.22998046875,358.8500061035156,50.86000061035156,46.2400016784668,100.48999786376953,94.0199966430664,159.1999969482422,34.720001220703125,119.94000244140625,788.8599853515625,25.079999923706055,176.7100067138672,310.3900146484375,761.489990234375,182.82000732421875,80.9800033569336,156.63999938964844,157.41000366210938,172.63999938964844,23.979999542236328,201.4600067138672,164.67999267578125,35.02000045776367,257.94000244140625,264.3399963378906,337.69000244140625,48.599998474121094,162.02000427246094,81.22000122070312,44.83000183105469,53.66999816894531,137.1300048828125,114.52999877929688,5258400,41823800,1748800,1553300,45197100,38337900,14352600,14371600,7072700,5736800,7499500,2851200,1945300,63093700,6714900,8657800,3471200,1885800,12642100,4604200,18843600,211843800,46351600,1387600,6057800,20414600,6566900,10422000,8467700,12828100,2892200,14746100,26044800,47976100,12501500,13302000
2025-09-18,216.843017578125,157.9199981689453,269.953369140625,922.9209594726562,343.380615234375,51.5689697265625,44.002681732177734,100.79830932617188,91.2274169921875,154.15191650390625,34.605308532714844,115.19368743896484,796.15234375,30.56999969482422,172.14605712890625,308.7347717285156,759.23486328125,182.488525390625,80.24471282958984,156.5673065185547,168.64529418945312,176.2206573486328,22.962095260620117,201.2908172607422,166.20816040039062,34.26563262939453,267.0140075683594,267.1639099121094,330.0182189941406,48.69856643676758,161.06825256347656,82.1871566772461,43.81328201293945,53.48952865600586,135.70602416992188,111.43794250488281,221.99000549316406,157.9199981689453,275.8299865722656,927.7999877929688,345.3500061035156,52.130001068115234,45.599998474121094,102.41000366210938,93.4800033569336,158.83999633789062,35.0099983215332,118.31999969482422,804.3099975585938,30.56999969482422,174.16000366210938,313.2300109863281,762.9299926757812,185.02999877929688,81.52999877929688,159.24000549316406,168.88999938964844,176.24000549316406,24.149999618530273,206.27000427246094,168.1300048828125,34.7400016784668,267.57000732421875,268.6400146484375,334.82000732421875,50.209999084472656,163.85000610351562,83.5,44.85499954223633,54.130001068115234,137.47000122070312,113.93000030517578,222.07000732421875,158.77000427246094,276.5,938.6799926757812,350.70001220703125,52.189998626708984,46.31999969482422,102.69999694824219,94.4000015258789,160.2899932861328,35.599998474121094,120.13999938964844,807.280029296875,32.380001068115234,177.02000427246094,313.44000244140625,772.5399780273438,186.0,81.69000244140625,160.13999938964844,170.4499969482422,177.10000610351562,24.239999771118164,206.52999877929688,168.86000061035156,35.09000015258789,268.9800109863281,270.5400085449219,344.92999267578125,50.36000061035156,164.35000610351562,83.5199966430664,45.125,54.5,137.94000244140625,115.3499984741211,219.9199981689453,149.85000610351562,273.9700012207031,916.030029296875,343.7900085449219,51.29999923706055,45.52000045776367,101.69000244140625,92.91000366210938,158.08999633789062,34.72999954223633,117.73999786376953,792.4000244140625,30.15999984741211,173.8699951171875,309.6099853515625,759.010009765625,182.02999877929688,80.81999969482422,157.49000549316406,162.60000610351562,172.9600067138672,23.959999084472656,203.39999389648438,166.22999572753906,34.15999984741211,264.1400146484375,257.9800109863281,334.1199951171875,49.40999984741211,160.35000610351562,81.94000244140625,44.51499938964844,53.9900016784668,136.88999938964844,113.4000015258789,221.07000732421875,150.9600067138672,274.70001220703125,928.6699829101562,350.0,51.4900016784668,46.099998474121094,101.97000122070312,93.5999984741211,160.02999877929688,35.599998474121094,120.0,795.5700073242188,31.780000686645508,176.60000610351562,311.7900085449219,761.3800048828125,186.0,81.22000122070312,157.89999389648438,162.99000549316406,173.97999572753906,24.049999237060547,203.9199981689453,166.8800048828125,35.0099983215332,265.05999755859375,258.0,343.5299987792969,49.66999816894531,164.35000610351562,82.56999969482422,45.03499984741211,54.11000061035156,137.1999969482422,115.16999816894531,4445600,84549500,3322500,3176100,24663900,35246900,18963900,11677600,4416600,6244200,6103000,2911400,1501600,523908000,8200900,8050700,3464000,1570600,10458900,4323700,28212800,191763300,34419000,1125200,10421200,18765500,12601600,16917300,11255600,12345900,2492500,13021100,28713000,36609100,11472900,14628700
2025-09-19,217.31187438964844,157.38999938964844,279.32928466796875,927.2481079101562,342.9729309082031,51.68767547607422,43.44300079345703,101.06405639648438,89.70500183105469,151.5995330810547,33.567447662353516,112.93498229980469,796.8353271484375,29.579999923706055,174.152587890625,310.26251220703125,748.347900390625,182.9126434326172,80.22502899169922,157.22604370117188,162.49420166015625,176.6505889892578,22.847997665405273,200.55894470214844,164.9427947998047,33.95986557006836,265.30755615234375,263.41461181640625,331.86138916015625,48.89254379272461,159.859130859375,83.3092269897461,43.23209762573242,53.60810852050781,135.52833557128906,110.35222625732422,222.47000122070312,157.38999938964844,285.4100036621094,932.1500244140625,344.94000244140625,52.25,45.02000045776367,102.68000030517578,91.91999816894531,156.2100067138672,33.959999084472656,116.0,805.0,29.579999923706055,176.19000244140625,314.7799987792969,751.989990234375,185.4600067138672,81.51000213623047,159.91000366210938,162.72999572753906,176.6699981689453,24.030000686645508,205.52000427246094,166.85000610351562,34.43000030517578,265.8599853515625,264.8699951171875,336.69000244140625,50.40999984741211,162.6199951171875,84.63999938964844,44.2599983215332,54.25,137.2899932861328,112.81999969482422,223.49000549316406,159.83999633789062,286.1499938964844,938.6500244140625,346.2699890136719,52.65999984741211,45.93000030517578,103.12999725341797,93.83000183105469,159.0,34.810001373291016,118.41999816894531,809.6599731445312,30.6299991607666,177.16000366210938,315.79998779296875,765.0,185.72999572753906,82.4000015258789,161.08999633789062,163.6999969482422,178.0800018310547,24.25,206.7100067138672,169.5800018310547,34.560001373291016,267.3999938964844,266.57000732421875,340.9599914550781,50.52000045776367,163.72999572753906,84.93000030517578,44.849998474121094,54.40999984741211,137.89999389648438,113.9800033569336,221.58999633789062,155.89999389648438,277.3699951171875,925.8699951171875,336.42999267578125,51.7599983215332,45.0,101.87000274658203,91.37000274658203,155.5500030517578,33.91999816894531,115.5,797.3699951171875,29.329999923706055,173.3300018310547,309.1199951171875,749.2000122070312,182.86000061035156,81.0,158.1199951171875,159.3800048828125,175.17999267578125,23.81999969482422,204.0,166.2899932861328,34.0099983215332,263.6000061035156,262.80999755859375,333.8399963378906,50.029998779296875,161.10000610351562,82.93000030517578,44.10499954223633,53.91999816894531,137.17999267578125,112.63999938964844,222.4199981689453,157.3800048828125,278.6400146484375,926.0700073242188,344.6499938964844,52.150001525878906,45.68000030517578,102.54000091552734,93.79000091552734,159.0,34.790000915527344,118.41999816894531,804.0900268554688,30.3799991607666,174.69000244140625,313.6000061035156,765.0,185.3000030517578,81.80999755859375,159.5500030517578,162.75,175.77000427246094,24.25,206.7100067138672,169.1699981689453,34.38999938964844,267.29998779296875,266.3699951171875,336.5,50.439998626708984,163.42999267578125,83.83000183105469,44.814998626708984,54.2599983215332,137.82000732421875,113.9000015258789,14415100,55448100,8735100,2410200,41240100,98970700,28356200,24745700,15284100,16734000,13572300,6830300,3789800,225702900,25621000,23568600,7349500,6246900,25627800,14902000,37309900,237182100,86577600,3001300,19444400,33104800,5839100,17640200,13656800,20595300,8119400,36482400,29979200,46731400,11280900,38746500
2025-09-22,217.42909240722656,159.7899932861328,279.9067077636719,952.7632446289062,337.4351806640625,51.36122512817383,43.40439987182617,101.8613052368164,89.79283905029297,151.44424438476562,33.330223083496094,112.3605728149414,797.3896484375,28.760000228881836,172.1954803466797,307.9560852050781,751.2935791015625,184.67803955078125,79.13253021240234,158.0126190185547,164.3814697265625,183.58984375,22.857507705688477,198.21685791015625,167.77996826171875,33.456825256347656,269.2693176269531,271.1319885253906,336.4052734375,48.000244140625,163.61427307128906,83.8210678100586,43.182350158691406,53.53672409057617,135.49363708496094,109.56971740722656,222.58999633789062,159.7899932861328,286.0,957.7999877929688,338.7900085449219,51.91999816894531,44.97999954223633,103.48999786376953,92.01000213623047,156.0500030517578,33.720001220703125,115.41000366210938,805.5599975585938,28.760000228881836,174.2100067138672,312.44000244140625,754.9500122070312,187.25,80.4000015258789,160.7100067138672,164.6199951171875,183.61000061035156,24.040000915527344,203.1199951171875,169.72000122070312,33.91999816894531,269.8299865722656,272.6300048828125,341.29998779296875,49.4900016784668,166.44000244140625,85.16000366210938,43.834999084472656,54.0,136.6300048828125,112.0199966430664,225.16000366210938,162.67999267578125,287.20001220703125,964.5399780273438,346.6700134277344,52.349998474121094,45.540000915527344,103.80999755859375,92.83000183105469,157.1199951171875,33.9900016784668,116.2300033569336,806.030029296875,30.100000381469727,176.63999938964844,313.70001220703125,762.0399780273438,188.6999969482422,81.94000244140625,161.02999877929688,167.25999450683594,184.5500030517578,24.799999237060547,205.4499969482422,170.22000122070312,34.220001220703125,270.6600036621094,276.3599853515625,342.4800109863281,50.06999969482422,167.0800018310547,85.27999877929688,44.04999923706055,54.060001373291016,137.25999450683594,112.80000305175781,221.42999267578125,157.4199981689453,281.7099914550781,953.5900268554688,337.94000244140625,51.7599983215332,44.959999084472656,101.69999694824219,91.08000183105469,155.14999389648438,33.58000183105469,114.98999786376953,797.5399780273438,28.729999542236328,174.1199951171875,309.55999755859375,746.27001953125,185.25,80.26000213623047,157.8300018310547,161.58999633789062,174.7100067138672,24.030000686645508,202.5500030517578,165.9199981689453,33.43000030517578,266.5799865722656,265.45001220703125,332.6000061035156,49.2400016784668,161.92999267578125,83.73999786376953,43.55500030517578,53.63999938964844,135.88999938964844,111.55999755859375,222.4600067138672,157.4199981689453,284.1300048828125,960.9199829101562,342.42999267578125,51.7599983215332,45.029998779296875,101.76000213623047,91.5,155.6199951171875,33.81999969482422,115.66999816894531,801.1400146484375,29.670000076293945,176.08999633789062,309.79998779296875,748.5599975585938,185.5800018310547,81.76000213623047,159.3300018310547,164.3800048828125,175.3000030517578,24.280000686645508,204.1199951171875,166.85000610351562,33.59000015258789,266.6499938964844,266.5400085449219,334.4599914550781,49.939998626708984,162.6300048828125,83.87999725341797,43.72999954223633,53.70000076293945,136.19000244140625,112.44999694824219,5990700,46505500,3050500,1885000,28660000,27468000,11546000,11474500,5798800,5244000,6826400,2930000,1151000,130314500,7193900,7520200,2527400,1783100,11986400,4421200,25851200,269637000,67863300,1216700,6196600,19114000,5721400,15630300,8903700,7669900,2613000,14545000,22502400,32393000,9732700,15611500
2025-09-23,217.44863891601562,160.89999389648438,280.699462890625,958.4431762695312,337.5845642089844,51.14359664916992,43.336849212646484,101.37902069091797,91.2176513671875,152.7738037109375,34.08143615722656,112.61370086669922,798.1419677734375,29.34000015258789,174.53805541992188,308.25177001953125,743.3621215820312,188.2483367919922,78.699462890625,158.061767578125,166.16888427734375,178.410400390625,22.943077087402344,198.99754333496094,167.59214782714844,34.019046783447266,268.9499816894531,281.1566162109375,342.7036437988281,47.86445236206055,167.49722290039062,83.04348754882812,43.926109313964844,53.29878234863281,135.80105590820312,111.45750427246094,222.61000061035156,160.89999389648438,286.80999755859375,963.510009765625,338.94000244140625,51.70000076293945,44.90999984741211,103.0,93.47000122070312,157.4199981689453,34.47999954223633,115.66999816894531,806.3200073242188,29.34000015258789,176.5800018310547,312.739990234375,746.97998046875,190.8699951171875,79.95999908447266,160.75999450683594,166.41000366210938,178.42999267578125,24.1299991607666,203.9199981689453,169.52999877929688,34.4900016784668,269.510009765625,282.7099914550781,347.69000244140625,49.349998474121094,170.38999938964844,84.37000274658203,44.59000015258789,53.7599983215332,136.94000244140625,113.94999694824219,224.39999389648438,163.38999938964844,287.260009765625,977.47998046875,345.2200012207031,52.880001068115234,45.59000015258789,105.58999633789062,95.52999877929688,159.8300018310547,35.4900016784668,119.11000061035156,825.25,30.200000762939453,176.97000122070312,316.30999755859375,753.0,192.61000061035156,81.11000061035156,163.97999572753906,168.99000549316406,182.4199981689453,24.360000610351562,206.7899932861328,170.85000610351562,35.20000076293945,272.1300048828125,286.0,352.70001220703125,50.220001220703125,172.02999877929688,86.66000366210938,45.06999969482422,54.4900016784668,137.35000610351562,114.75,221.92999267578125,159.2100067138672,283.9599914550781,956.0,337.0199890136719,51.52000045776367,44.709999084472656,102.41000366210938,92.5999984741211,156.99000549316406,33.9900016784668,115.5,802.0,28.81999969482422,174.8300018310547,310.5799865722656,743.1699829101562,187.1699981689453,79.66999816894531,159.60000610351562,165.22999572753906,176.2100067138672,24.049999237060547,203.11000061035156,168.3000030517578,33.70000076293945,267.9100036621094,280.0,339.9599914550781,49.099998474121094,166.6999969482422,83.66999816894531,44.0099983215332,53.630001068115234,136.14999389648438,112.4800033569336,222.00999450683594,160.52000427246094,283.9599914550781,964.4099731445312,340.239990234375,52.0,44.91999816894531,103.52999877929688,92.5999984741211,157.1199951171875,34.09000015258789,116.1500015258789,807.0999755859375,28.989999771118164,174.88999938964844,311.82000732421875,750.5700073242188,187.74000549316406,80.08999633789062,160.5800018310547,165.67999267578125,181.97000122070312,24.100000381469727,204.0,169.82000732421875,33.790000915527344,270.7900085449219,282.3999938964844,341.0,49.459999084472656,166.6999969482422,85.1500015258789,44.0099983215332,53.95000076293945,136.25999450683594,112.72000122070312,4629900,39448300,2342000,1664800,21944100,28278200,16358100,15747900,8241900,7181400,8409100,3838100,1758800,126317900,8350400,8584400,2910100,1787500,13145300,5335900,43316500,192559600,38955200,1310700,5468400,26182700,6068300,17830300,12504100,9970900,4022400,14818500,44214800,28698900,9903000,25369100
2025-09-24,214.88937377929688,160.8800048828125,273.27117919921875,941.9603271484375,337.9530944824219,51.14359664916992,42.61311721801758,100.0502700805664,93.32560729980469,154.4818572998047,34.80299758911133,113.61648559570312,784.3928833007812,31.219999313354492,174.6468048095703,308.92205810546875,738.2569580078125,190.44769287109375,78.4140396118164,155.23011779785156,161.47569274902344,176.9505615234375,22.905046463012695,199.1536865234375,171.56619262695312,34.13740539550781,268.5408630371094,279.1676025390625,346.7645568847656,47.6995735168457,167.9297637939453,82.78756713867188,44.497474670410156,53.15007019042969,135.25563049316406,112.05415344238281,219.99000549316406,160.8800048828125,279.2200012207031,946.9400024414062,339.30999755859375,51.70000076293945,44.15999984741211,101.6500015258789,95.62999725341797,159.17999267578125,35.209999084472656,116.69999694824219,792.4299926757812,31.219999313354492,176.69000244140625,313.4200134277344,741.8499755859375,193.10000610351562,79.66999816894531,157.8800048828125,161.7100067138672,176.97000122070312,24.09000015258789,204.0800018310547,173.5500030517578,34.61000061035156,269.1000061035156,280.7099914550781,351.80999755859375,49.18000030517578,170.8300018310547,84.11000061035156,45.16999816894531,53.61000061035156,136.38999938964844,114.55999755859375,222.24000549316406,165.10000610351562,286.70001220703125,953.5999755859375,340.0799865722656,52.25,44.86000061035156,104.06999969482422,96.6500015258789,160.49000549316406,35.70000076293945,118.62999725341797,812.8400268554688,31.700000762939453,176.9499969482422,316.5799865722656,746.9400024414062,194.9199981689453,80.11000061035156,161.47000122070312,166.0,179.77999877929688,24.18000030517578,205.97000122070312,174.44000244140625,35.15999984741211,269.760009765625,281.2099914550781,354.5,49.630001068115234,173.75999450683594,85.37000274658203,45.59000015258789,53.959999084472656,137.05999755859375,115.76000213623047,218.5399932861328,158.42999267578125,278.0,940.9500122070312,333.80999755859375,51.459999084472656,44.04999923706055,101.62000274658203,94.0,158.25,34.869998931884766,116.02999877929688,792.3400268554688,29.229999542236328,175.74000549316406,311.6700134277344,736.1599731445312,191.0,79.33000183105469,157.83999633789062,158.3000030517578,175.39999389648438,23.979999542236328,202.58999633789062,168.6699981689453,34.54999923706055,265.6099853515625,276.7200012207031,347.8399963378906,48.91999816894531,170.8000030517578,83.66000366210938,44.85499954223633,53.5,136.16000366210938,114.47000122070312,222.0,162.97999572753906,285.4700012207031,949.719970703125,339.760009765625,51.849998474121094,44.75,103.38999938964844,94.48999786376953,158.32000732421875,34.9900016784668,116.66000366210938,809.5499877929688,29.3799991607666,176.13999938964844,314.04998779296875,745.989990234375,191.50999450683594,79.9000015258789,161.10000610351562,165.0800018310547,179.77000427246094,24.170000076293945,203.99000549316406,169.0500030517578,34.810001373291016,268.739990234375,280.30999755859375,350.20001220703125,49.279998779296875,170.99000549316406,84.6500015258789,44.904998779296875,53.83000183105469,136.82000732421875,114.56999969482422,5074500,38464100,2374200,1400700,19677300,27010400,19374200,12272400,7935600,6285200,5455300,3793300,1402500,164458500,6676800,7310500,2243000,1526600,11804200,5195200,57096400,143564100,39669400,1782700,9213700,14604500,7825500,10231000,9016300,6621100,3523400,9478700,35406200,23893400,7471600,14756100
2025-09-25,213.47299194335938,161.27000427246094,265.4024353027344,944.556640625,334.75592041015625,51.29197692871094,41.8893928527832,100.5030288696289,94.47716522216797,155.97640991210938,35.34663772583008,114.20063781738281,786.69921875,33.9900016784668,175.6747589111328,308.9516296386719,711.1290283203125,193.7418212890625,76.37666320800781,156.28216552734375,156.602783203125,177.67050170898438,22.43914794921875,197.84603881835938,167.7404327392578,34.117679595947266,267.6826171875,275.1398620605469,340.60418701171875,47.55408477783203,171.4587860107422,82.99427032470703,44.89645004272461,53.01127243041992,133.01443481445312,113.06163024902344,218.5399932861328,161.27000427246094,271.17999267578125,949.5499877929688,336.1000061035156,51.849998474121094,43.40999984741211,102.11000061035156,96.80999755859375,160.72000122070312,35.7599983215332,117.30000305175781,794.760009765625,33.9900016784668,177.72999572753906,313.45001220703125,714.5900268554688,196.44000244140625,77.5999984741211,158.9499969482422,156.8300018310547,177.69000244140625,23.600000381469727,202.74000549316406,169.67999267578125,34.59000015258789,268.239990234375,276.6600036621094,345.55999755859375,49.029998779296875,174.4199981689453,84.31999969482422,45.57500076293945,53.470001220703125,134.1300048828125,115.58999633789062,222.25999450683594,161.6300048828125,281.04998779296875,952.6599731445312,338.05999755859375,52.33000183105469,44.459999084472656,102.26000213623047,97.06999969482422,161.00999450683594,35.849998474121094,118.11000061035156,798.1799926757812,34.25,178.39999389648438,315.6499938964844,740.0,196.6999969482422,79.87999725341797,159.25,158.9499969482422,180.25999450683594,24.149999618530273,204.22000122070312,171.97000122070312,34.79999923706055,268.94000244140625,277.1400146484375,350.19000244140625,49.33000183105469,176.02000427246094,84.66000366210938,45.619998931884766,53.709999084472656,136.17999267578125,115.9000015258789,218.02999877929688,154.77999877929688,270.6400146484375,937.1199951171875,327.29998779296875,51.439998626708984,43.189998626708984,100.1500015258789,95.19999694824219,159.35000610351562,35.029998779296875,116.12000274658203,782.010009765625,31.209999084472656,175.91000366210938,311.79998779296875,712.0499877929688,192.0800018310547,77.58000183105469,156.6300048828125,154.64999389648438,173.1300048828125,23.579999923706055,202.14999389648438,167.94000244140625,34.220001220703125,261.79998779296875,270.19000244140625,343.6000061035156,48.810001373291016,170.3699951171875,83.55999755859375,45.040000915527344,53.2400016784668,133.72999572753906,114.41000366210938,220.10000610351562,157.13999938964844,279.0,938.2000122070312,332.989990234375,51.47999954223633,44.18000030517578,101.02999877929688,95.19999694824219,159.44000244140625,35.06999969482422,116.61000061035156,786.0,31.610000610351562,177.1999969482422,314.1199951171875,737.6699829101562,193.10000610351562,79.77999877929688,157.38999938964844,157.38999938964844,174.47999572753906,24.09000015258789,203.1199951171875,171.2100067138672,34.41999816894531,264.5799865722656,273.1199951171875,348.8999938964844,49.040000915527344,171.08999633789062,83.69000244140625,45.165000915527344,53.470001220703125,136.1300048828125,114.63999938964844,6666000,36809900,2802700,1272600,21678200,22957900,21345600,11232900,8076300,6311000,6065400,3810000,1413100,295709300,8475000,7083200,5136400,1811300,14923800,5351100,32209200,191586700,56738300,1043000,8093700,11619300,11157800,11863400,8104900,7199000,4094100,8514900,31887200,24757500,14099700,15012600
2025-09-26,215.4949951171875,159.4600067138672,267.16412353515625,946.5162353515625,333.19219970703125,51.64810562133789,42.574520111083984,101.79241180419922,96.10693359375,155.4329376220703,36.56242370605469,114.21037292480469,794.37060546875,35.5,177.6318817138672,311.5241394042969,721.03076171875,195.96092224121094,77.321533203125,157.4226837158203,157.04212951660156,178.17044067382812,22.591279983520508,198.41204833984375,167.2659149169922,35.03498077392578,268.2713928222656,271.85797119140625,339.1453857421875,47.951744079589844,172.64825439453125,83.67342376708984,45.3101921081543,53.397926330566406,134.37303161621094,114.6559829711914,220.61000061035156,159.4600067138672,272.9800109863281,951.52001953125,334.5299987792969,52.209999084472656,44.119998931884766,103.41999816894531,98.4800033569336,160.16000366210938,36.9900016784668,117.30999755859375,802.510009765625,35.5,179.7100067138672,316.05999755859375,724.5399780273438,198.69000244140625,78.55999755859375,160.11000061035156,157.27000427246094,178.19000244140625,23.760000228881836,203.32000732421875,169.1999969482422,35.52000045776367,268.8299865722656,273.3599853515625,344.0799865722656,49.439998626708984,175.6300048828125,85.01000213623047,45.994998931884766,53.86000061035156,135.5,117.22000122070312,221.47999572753906,162.11000061035156,275.5,955.219970703125,339.0799865722656,52.619998931884766,44.13999938964844,104.31999969482422,99.6500015258789,161.3000030517578,37.2599983215332,119.19999694824219,809.5,36.29999923706055,179.91000366210938,317.80999755859375,729.0,201.61000061035156,78.95999908447266,161.80999755859375,158.9199981689453,179.77000427246094,23.809999465942383,205.64999389648438,170.92999267578125,35.91999816894531,269.4200134277344,275.5,349.9700012207031,49.720001220703125,178.42999267578125,85.63999938964844,46.45500183105469,54.099998474121094,135.6199951171875,118.36000061035156,217.6699981689453,157.0500030517578,269.7699890136719,942.75,330.5799865722656,51.97999954223633,43.25,102.51000213623047,96.86000061035156,159.50999450683594,35.790000915527344,116.68000030517578,795.1300048828125,34.4900016784668,177.32000732421875,313.70001220703125,717.0800170898438,197.07000732421875,77.69000244140625,159.32000732421875,155.17999267578125,174.92999267578125,23.610000610351562,202.6199951171875,168.1300048828125,34.7599983215332,265.739990234375,270.6199951171875,341.29998779296875,49.06999969482422,174.0800018310547,84.55999755859375,45.63999938964844,53.63999938964844,134.63999938964844,115.91999816894531,220.6300048828125,160.52000427246094,274.3399963378906,946.239990234375,337.42999267578125,52.11000061035156,43.959999084472656,102.51000213623047,97.05999755859375,160.57000732421875,35.869998931884766,116.68000030517578,797.1599731445312,35.02000045776367,178.60000610351562,314.8999938964844,724.1199951171875,198.0,78.76000213623047,159.55999755859375,158.52000427246094,178.1699981689453,23.729999542236328,204.10000610351562,169.67999267578125,34.7599983215332,268.5299987792969,273.8900146484375,347.92999267578125,49.400001525878906,174.8300018310547,84.69000244140625,45.650001525878906,53.709999084472656,135.14999389648438,115.95999908447266,4185600,30316900,1812200,955200,15464700,20025800,14999600,11296300,6812900,7015200,9215500,4251700,1376200,268583300,8634400,7258100,3559700,2042700,12205400,5326800,24045000,148573700,33374500,1008200,4846000,14594600,7244300,10451900,6774700,8309500,3032400,8502600,40161600,30686100,10071000,18568900
2025-09-29,217.9858856201172,161.36000061035156,268.1330261230469,957.5479125976562,326.5887145996094,51.8558464050293,42.60346984863281,101.53650665283203,93.5403060913086,151.49276733398438,35.10941696166992,110.3550033569336,795.9642944335938,34.47999954223633,179.519775390625,311.1594543457031,722.9912719726562,193.7714080810547,77.34122467041016,158.455078125,163.66250610351562,181.83004760742188,22.676851272583008,196.97752380371094,163.41050720214844,34.63058090209961,268.3711853027344,271.7287292480469,340.2296447753906,47.515289306640625,169.21751403808594,83.31907653808594,44.47777557373047,53.665611267089844,134.7696990966797,111.72160339355469,223.16000366210938,161.36000061035156,273.9700012207031,962.6099853515625,327.8999938964844,52.41999816894531,44.150001525878906,103.16000366210938,95.8499984741211,156.10000610351562,35.52000045776367,113.3499984741211,804.1199951171875,34.47999954223633,181.6199951171875,315.69000244140625,726.510009765625,196.47000122070312,78.58000183105469,161.16000366210938,163.89999389648438,181.85000610351562,23.850000381469727,201.85000610351562,165.3000030517578,35.11000061035156,268.92999267578125,273.2300109863281,345.17999267578125,48.9900016784668,172.13999938964844,84.6500015258789,45.150001525878906,54.130001068115234,135.89999389648438,114.22000122070312,223.24000549316406,164.3000030517578,274.5199890136719,972.0700073242188,341.04998779296875,52.54999923706055,44.68000030517578,104.38999938964844,97.38999938964844,159.1300048828125,36.81999969482422,116.55999755859375,808.8400268554688,35.04999923706055,181.8699951171875,318.010009765625,727.8599853515625,198.44000244140625,78.80000305175781,161.32000732421875,165.8000030517578,184.0,23.860000610351562,204.0500030517578,169.83999633789062,35.34000015258789,272.79998779296875,279.8699951171875,345.54998779296875,49.5099983215332,175.0,85.19000244140625,45.7400016784668,54.150001525878906,135.97000122070312,116.5,219.7899932861328,159.89999389648438,270.6700134277344,962.3699951171875,327.54998779296875,52.11000061035156,43.790000915527344,102.87999725341797,94.66000366210938,155.55999755859375,35.34000015258789,113.18000030517578,797.989990234375,33.72999954223633,179.8000030517578,313.6600036621094,716.0800170898438,194.5,78.02999877929688,159.72000122070312,159.97000122070312,180.32000732421875,23.639999389648438,200.1999969482422,164.75999450683594,34.68000030517578,268.8699951171875,273.2300109863281,341.45001220703125,48.52000045776367,170.13999938964844,84.04000091552734,44.915000915527344,53.7400016784668,134.74000549316406,113.66999816894531,220.75,160.1199951171875,273.1000061035156,963.72998046875,336.0,52.36000061035156,44.0,104.1500015258789,97.19999694824219,159.1300048828125,36.810001373291016,116.16000366210938,807.7999877929688,34.52000045776367,179.8300018310547,317.05999755859375,725.5499877929688,198.3300018310547,78.5999984741211,160.69000244140625,160.0,180.42999267578125,23.790000915527344,203.9199981689453,169.1999969482422,35.33000183105469,271.7200012207031,276.489990234375,343.9800109863281,49.41999816894531,175.0,84.69999694824219,45.67499923706055,54.040000915527344,135.67999267578125,116.05999755859375,4958400,39828800,1769100,1213800,21336000,23701000,20722400,10748700,8700500,8315100,9375300,5446800,1059000,152605900,8597100,6462400,3309200,1402100,12739000,4186000,26506500,193063500,39184300,1635900,7523100,14983000,5954900,8046200,6878900,9379500,2604700,9833700,37674400,20713800,7735700,19189300
2025-09-30,226.17156982421875,161.7899932861328,276.18768310546875,962.9991455078125,328.5906677246094,51.03478240966797,43.52019500732422,99.90262603759766,92.3106689453125,150.7066650390625,34.65473556518555,109.15750122070312,788.2730102539062,33.54999923706055,183.2758331298828,310.9031677246094,759.3045043945312,190.0926513671875,82.60688018798828,156.2919921875,167.07757568359375,186.55950927734375,24.226673126220703,196.07972717285156,164.45838928222656,33.90068435668945,270.556640625,277.75543212890625,340.347900390625,47.3780517578125,167.36941528320312,82.50212097167969,44.004920959472656,53.407840728759766,138.01251220703125,110.28375244140625,231.5399932861328,161.7899932861328,282.20001220703125,968.0900268554688,329.9100036621094,51.59000015258789,45.099998474121094,101.5,94.58999633789062,155.2899932861328,35.060001373291016,112.12000274658203,796.3499755859375,33.54999923706055,185.4199981689453,315.42999267578125,763.0,192.74000549316406,83.93000030517578,158.9600067138672,167.32000732421875,186.5800018310547,25.479999542236328,200.92999267578125,166.36000061035156,34.369998931884766,271.1199951171875,279.2900085449219,345.29998779296875,48.33000183105469,170.25999450683594,83.81999969482422,44.66999816894531,53.869998931884766,139.1699981689453,112.75,232.35000610351562,162.27999877929688,284.82000732421875,975.6400146484375,331.04998779296875,52.56999969482422,45.529998779296875,103.62000274658203,95.06999969482422,155.72999572753906,35.36000061035156,112.61000061035156,809.6199951171875,34.2400016784668,185.99000549316406,317.4100036621094,766.3499755859375,195.63999938964844,84.0,162.22999572753906,168.9499969482422,187.35000610351562,25.6299991607666,202.7899932861328,166.83999633789062,34.79999923706055,271.45001220703125,279.489990234375,349.32000732421875,48.720001220703125,172.0800018310547,85.12000274658203,44.849998474121094,54.2400016784668,139.5,113.48999786376953,222.57000732421875,159.3300018310547,274.0199890136719,963.0700073242188,324.6099853515625,51.02000045776367,44.119998931884766,99.13999938964844,93.55000305175781,153.92999267578125,34.52000045776367,111.0199966430664,786.4500122070312,33.02000045776367,181.07000732421875,310.1099853515625,725.3099975585938,191.2899932861328,78.4000015258789,156.83999633789062,163.9600067138672,181.47999572753906,23.809999465942383,197.39999389648438,164.8800048828125,33.41999816894531,267.760009765625,273.8299865722656,342.3299865722656,47.470001220703125,168.75,82.66000366210938,44.31999969482422,53.41999816894531,135.6699981689453,111.94000244140625,223.05999755859375,160.7899932861328,274.1400146484375,968.0399780273438,330.1199951171875,52.47999954223633,44.18000030517578,103.0999984741211,94.61000061035156,154.88999938964844,35.189998626708984,112.05000305175781,805.5,33.93000030517578,181.6999969482422,316.25,726.9600219726562,194.77999877929688,78.41999816894531,161.38999938964844,164.11000061035156,182.0800018310547,23.850000381469727,202.19000244140625,165.63999938964844,34.709999084472656,268.8500061035156,275.32000732421875,343.75,48.52000045776367,170.30999755859375,84.66000366210938,44.755001068115234,54.060001373291016,135.75999450683594,113.3499984741211,9187300,29669300,3508700,1303600,20109500,29945000,35920400,17789100,7318300,7755700,9104900,7130000,2463900,124818400,11569000,11823300,6234300,1532100,21636600,5547100,20092500,236981000,164867300,1516700,5593300,18281900,7091800,8348800,7429700,10181200,2385700,11429000,47544800,32442200,19313500,18076200
2025-10-01,238.71388244628906,164.00999450683594,292.1404113769531,997.994140625,332.0567626953125,50.13457489013672,45.768577575683594,97.15653228759766,93.15969848632812,150.01763916015625,34.91172409057617,108.3299560546875,777.5430297851562,35.939998626708984,183.8985595703125,306.2508850097656,821.4221801757812,189.66854858398438,88.70913696289062,154.25672912597656,181.8860626220703,187.21945190429688,25.8715763092041,193.64984130859375,164.5869140625,34.6108512878418,275.76580810546875,286.88494873046875,343.3049011230469,46.936912536621094,164.82337951660156,79.59851837158203,44.004920959472656,52.93195724487305,142.27674865722656,109.54037475585938,244.3800048828125,164.00999450683594,298.5,1003.27001953125,333.3900146484375,50.68000030517578,47.43000030517578,98.70999908447266,95.45999908447266,154.5800018310547,35.31999969482422,111.2699966430664,785.510009765625,35.939998626708984,186.0500030517578,310.7099914550781,825.4199829101562,192.30999755859375,90.12999725341797,156.88999938964844,182.14999389648438,187.24000549316406,27.209999084472656,198.44000244140625,166.49000549316406,35.09000015258789,276.3399963378906,288.4700012207031,348.29998779296875,47.880001068115234,167.6699981689453,80.87000274658203,44.66999816894531,53.38999938964844,143.47000122070312,111.98999786376953,244.80999755859375,164.17999267578125,301.6600036621094,1005.3599853515625,337.95001220703125,51.68000030517578,48.58000183105469,101.13999938964844,95.94000244140625,155.08999633789062,35.540000915527344,111.94000244140625,796.280029296875,36.060001373291016,186.55999755859375,314.5899963378906,833.2999877929688,193.47999572753906,90.75,158.44000244140625,182.38999938964844,188.13999938964844,27.450000762939453,200.3800048828125,166.77000427246094,35.13999938964844,276.70001220703125,290.4800109863281,348.70001220703125,48.349998474121094,170.00999450683594,83.5999984741211,44.81999969482422,53.7599983215332,143.72999572753906,113.0199966430664,232.0,160.49000549316406,283.0,964.8200073242188,324.5,50.560001373291016,45.63999938964844,98.62000274658203,93.83000183105469,153.19000244140625,34.75,110.44999694824219,783.22998046875,33.5,183.91000366210938,307.4100036621094,763.2999877929688,191.0800018310547,85.19000244140625,155.5500030517578,165.5,183.89999389648438,25.579999923706055,197.89999389648438,164.49000549316406,34.099998474121094,268.8800048828125,277.1700134277344,341.6300048828125,47.81999969482422,166.4499969482422,80.7699966430664,44.400001525878906,53.369998931884766,139.60000610351562,111.29000091552734,233.63999938964844,160.92999267578125,284.45001220703125,965.6099853515625,328.1499938964844,51.29999923706055,46.0,100.94000244140625,94.2699966430664,154.8300018310547,34.880001068115234,111.55000305175781,793.6199951171875,33.529998779296875,186.0,313.9700012207031,763.2999877929688,192.08999633789062,85.19000244140625,157.8800048828125,165.60000610351562,185.24000549316406,25.969999313354492,199.6199951171875,165.8000030517578,34.220001220703125,269.3800048828125,278.44000244140625,343.8999938964844,48.18000030517578,170.00999450683594,83.0999984741211,44.45000076293945,53.61000061035156,139.8000030517578,112.55999755859375,12243100,39895200,4835400,1963800,21122700,27709100,36615400,13793300,4794600,6768400,6187700,4107800,1788900,162649700,13063800,9235200,10124500,1265100,33460900,5467400,41674800,173844900,150879900,1378300,6153000,11264500,9339600,14620100,8825500,9419800,2458600,16961900,27661200,33210100,23657900,16614000
2025-10-02,231.07518005371094,169.72999572753906,291.0638427734375,1024.752685546875,336.82757568359375,49.93672561645508,44.12812423706055,95.80809020996094,91.12982177734375,148.8433380126953,33.923282623291016,107.48294830322266,771.4752197265625,37.29999923706055,183.82936096191406,303.1362609863281,815.879150390625,189.59951782226562,88.09891510009766,152.69342041015625,183.48374938964844,188.8692626953125,25.74797248840332,193.37660217285156,166.919921875,33.64423370361328,281.10467529296875,286.52691650390625,348.6471862792969,46.9663200378418,161.90382385253906,79.23432159423828,43.561622619628906,52.892303466796875,141.9990692138672,108.8556900024414,236.55999755859375,169.72999572753906,297.3999938964844,1030.1700439453125,338.17999267578125,50.47999954223633,45.72999954223633,97.33999633789062,93.37999725341797,153.3699951171875,34.31999969482422,110.4000015258789,779.3800048828125,37.29999923706055,185.97999572753906,307.54998779296875,819.8499755859375,192.24000549316406,89.51000213623047,155.3000030517578,183.75,188.88999938964844,27.079999923706055,198.16000366210938,168.85000610351562,34.11000061035156,281.69000244140625,288.1099853515625,353.7200012207031,47.90999984741211,164.6999969482422,80.5,44.220001220703125,53.349998474121094,143.19000244140625,111.29000091552734,242.6699981689453,171.05999755859375,300.5,1040.22998046875,347.6099853515625,50.849998474121094,47.40999984741211,99.44999694824219,96.13999938964844,156.60000610351562,35.4900016784668,113.31999969482422,791.0,37.56999969482422,186.58999633789062,310.55999755859375,834.4600219726562,192.94000244140625,91.0,157.00999450683594,186.17999267578125,191.0500030517578,27.170000076293945,199.61000061035156,169.5399932861328,35.20000076293945,282.5400085449219,296.7200012207031,355.0799865722656,48.119998931884766,167.61000061035156,81.05000305175781,44.96500015258789,53.47999954223633,143.57000732421875,113.08999633789062,234.52000427246094,166.1199951171875,295.4599914550781,1021.8900146484375,335.25,50.06999969482422,45.65999984741211,96.69999694824219,93.12999725341797,153.32000732421875,34.18000030517578,110.29000091552734,772.4400024414062,35.439998626708984,184.08999633789062,306.1400146484375,812.8099975585938,189.4199981689453,88.22000122070312,153.7100067138672,181.2100067138672,188.05999755859375,26.6200008392334,196.6199951171875,167.17999267578125,34.060001373291016,279.6099853515625,287.0299987792969,344.6499938964844,47.61000061035156,162.36000061035156,80.04000091552734,44.17499923706055,53.060001373291016,142.14999389648438,111.02999877929688,240.88999938964844,168.67999267578125,298.30999755859375,1039.0,347.6099853515625,50.650001525878906,47.09000015258789,99.08000183105469,95.0,153.9600067138672,35.0,111.0999984741211,788.8800048828125,35.7599983215332,184.19000244140625,310.0,814.3599853515625,191.02999877929688,89.94999694824219,156.69000244140625,184.9600067138672,189.60000610351562,26.93000030517578,197.44000244140625,167.75,34.959999084472656,281.5,296.5199890136719,347.2900085449219,47.86000061035156,166.86000061035156,80.69999694824219,44.56999969482422,53.310001373291016,142.14999389648438,111.97000122070312,8107700,55475200,2123200,1689100,19917600,22757200,27612200,14511900,5428600,7562400,7237400,4427500,1553700,149361700,7728100,7600000,4291800,1642800,14575400,5087400,25122200,136805800,69684100,1122300,5499500,10930200,7250000,10198000,8564200,8468600,3916300,11420000,31793600,32443400,15176200,13062600
2025-10-03,228.48663330078125,164.6699981689453,291.5434265136719,1026.7918701171875,337.0168151855469,50.095001220703125,44.46072769165039,96.20179748535156,91.89102935791016,149.01803588867188,34.16051483154297,107.90158081054688,781.9677124023438,36.83000183105469,186.45860290527344,305.5806579589844,835.80224609375,190.4871368408203,87.7839584350586,154.94497680664062,187.67530822753906,187.59939575195312,26.02370834350586,193.6693572998047,167.2461395263672,33.79218292236328,279.3782653808594,290.58453369140625,355.03424072265625,47.1231689453125,157.67681884765625,79.40165710449219,43.793121337890625,53.25912857055664,143.6155242919922,110.78260803222656,233.91000366210938,164.6699981689453,297.8900146484375,1032.219970703125,338.3699951171875,50.63999938964844,45.45000076293945,97.73999786376953,94.16000366210938,153.5500030517578,34.560001373291016,110.83000183105469,789.97998046875,36.83000183105469,188.63999938964844,310.0299987792969,839.8699951171875,193.13999938964844,89.19000244140625,157.58999633789062,187.8300018310547,187.6199951171875,27.3700008392334,198.4600067138672,169.17999267578125,34.2599983215332,279.9599914550781,292.19000244140625,360.20001220703125,48.06999969482422,160.39999389648438,80.66999816894531,44.45500183105469,53.720001220703125,144.82000732421875,113.26000213623047,238.83999633789062,170.67999267578125,301.5400085449219,1039.8499755859375,344.3999938964844,51.130001068115234,46.18000030517578,98.58000183105469,94.70999908447266,154.27999877929688,34.90999984741211,111.4000015258789,794.9199829101562,38.08000183105469,189.77999877929688,311.6600036621094,848.1300048828125,198.75,90.69999694824219,157.8000030517578,191.85000610351562,190.36000061035156,27.690000534057617,200.52000427246094,171.75,34.65999984741211,284.3399963378906,296.05999755859375,368.0,48.45000076293945,168.5,81.69000244140625,44.71500015258789,53.970001220703125,146.13999938964844,113.75,233.7100067138672,163.13999938964844,295.6300048828125,1025.4599609375,335.739990234375,50.54999923706055,44.65999984741211,97.30000305175781,93.4800033569336,152.22999572753906,34.369998931884766,110.18000030517578,777.8599853515625,36.45000076293945,186.91000366210938,308.2099914550781,816.0999755859375,193.13999938964844,88.0999984741211,156.16000366210938,184.9199981689453,185.3800048828125,27.040000915527344,197.4600067138672,168.74000549316406,34.209999084472656,278.4800109863281,290.489990234375,356.6099853515625,47.849998474121094,159.91000366210938,80.44000244140625,44.38999938964844,53.380001068115234,143.55999755859375,111.9000015258789,236.89999389648438,170.67999267578125,297.7200012207031,1031.0,341.5,50.619998931884766,45.20000076293945,97.33999633789062,93.66000366210938,153.5800018310547,34.4900016784668,110.38999938964844,783.0,37.95000076293945,187.05999755859375,308.510009765625,824.9400024414062,195.25,89.62999725341797,156.92999267578125,185.2100067138672,189.19000244140625,27.200000762939453,198.92999267578125,168.85000610351562,34.369998931884766,282.95001220703125,292.8599853515625,357.25,48.029998779296875,165.9499969482422,81.0199966430664,44.44499969482422,53.41999816894531,143.57000732421875,111.9000015258789,6547300,42699100,2518500,1352300,14749100,24565700,17894000,13863600,4321600,7249300,6409400,4788700,1470500,125359300,8675100,6029900,5088500,1968700,12970600,5182100,29399300,137596900,70524000,1137900,5137900,9581400,8629100,10572500,13494800,9291100,4487700,10124900,24048000,32111600,15829200,12950100
2025-10-06,224.85287475585938,203.7100067138672,287.85369873046875,1037.8135986328125,334.1483459472656,49.847694396972656,44.157474517822266,96.50692749023438,92.62295532226562,149.4741668701172,34.506465911865234,107.53162384033203,788.69873046875,36.59000015258789,185.98416137695312,306.2244567871094,840.9570922851562,190.86192321777344,87.40010833740234,155.4365997314453,190.802734375,185.51962280273438,25.12994384765625,190.8979034423828,166.6925506591797,34.117679595947266,287.7608337402344,300.7384033203125,353.6247253417969,46.780067443847656,160.6455535888672,79.42134094238281,44.00984573364258,53.23929977416992,142.9213409423828,111.70204162597656,230.19000244140625,203.7100067138672,294.1199951171875,1043.300048828125,335.489990234375,50.38999938964844,45.13999938964844,98.05000305175781,94.91000366210938,154.02000427246094,34.90999984741211,110.44999694824219,796.780029296875,36.59000015258789,188.16000366210938,309.17999267578125,845.0499877929688,193.52000427246094,88.80000305175781,158.08999633789062,190.9600067138672,185.5399932861328,26.43000030517578,195.6199951171875,168.6199951171875,34.59000015258789,288.3599853515625,302.3999938964844,358.7699890136719,47.720001220703125,163.4199981689453,80.69000244140625,44.67499923706055,53.70000076293945,144.1199951171875,114.19999694824219,232.9499969482422,226.7100067138672,297.6199951171875,1059.0,344.1300048828125,51.31999969482422,45.90999984741211,100.05999755859375,95.41999816894531,154.64999389648438,35.36000061035156,111.51000213623047,802.5,38.68000030517578,189.9199981689453,311.75,856.5700073242188,197.10000610351562,90.30999755859375,158.72999572753906,201.0,187.22999572753906,27.360000610351562,202.0,170.8800048828125,34.84000015258789,292.510009765625,307.29998779296875,362.5199890136719,49.0,165.07000732421875,81.45999908447266,44.93000030517578,54.06999969482422,145.05999755859375,114.7699966430664,227.9199981689453,203.00999450683594,293.0299987792969,1040.0999755859375,334.55999755859375,49.88999938964844,44.869998931884766,97.04000091552734,94.33999633789062,152.9199981689453,34.56999969482422,110.38999938964844,780.0499877929688,36.43000030517578,187.3699951171875,305.1300048828125,838.6599731445312,193.19000244140625,88.55000305175781,155.00999450683594,189.42999267578125,183.3300018310547,26.389999389648438,194.67999267578125,167.72000122070312,34.16999816894531,288.3500061035156,299.94000244140625,357.1099853515625,47.47999954223633,160.8000030517578,79.56999969482422,44.494998931884766,53.29999923706055,143.97000122070312,113.18000030517578,231.7100067138672,226.4499969482422,297.6199951171875,1040.43994140625,335.9200134277344,50.93000030517578,45.349998474121094,99.19999694824219,94.77999877929688,153.97000122070312,34.81999969482422,110.63999938964844,795.0,37.189998626708984,188.0,310.17999267578125,839.9500122070312,193.6199951171875,88.83000183105469,158.0,195.00999450683594,185.5,27.270000457763672,199.9199981689453,170.5399932861328,34.54999923706055,290.989990234375,300.010009765625,361.0299987792969,48.310001373291016,161.82000732421875,80.55999755859375,44.73500061035156,53.93000030517578,144.89999389648438,113.29000091552734,11940300,248859600,1957300,1385400,18465700,25386300,19162500,10398000,3454100,4778900,4807200,3362100,1632600,112086100,5806100,7214500,3651400,1013200,11648300,4696300,36392300,157678100,62945600,2208700,8265800,18649900,11275000,15785000,7181700,8426600,2020700,12837700,21488400,32001300,12879900,12036800
2025-10-07,227.43167114257812,211.50999450683594,289.24346923828125,997.0291748046875,335.0646667480469,49.7487678527832,43.687923431396484,96.2608642578125,92.93524932861328,150.33790588378906,34.58554458618164,107.53162384033203,781.6410522460938,37.16999816894531,186.70570373535156,304.7486877441406,839.5440063476562,188.90911865234375,86.22886657714844,153.3521728515625,185.53707885742188,185.01968383789062,24.977815628051758,189.131591796875,163.5686798095703,33.94013595581055,281.3242492675781,292.4143981933594,358.4446105957031,46.564395904541016,160.39979553222656,79.86427307128906,44.07880401611328,53.30870056152344,143.03041076660156,111.76072692871094,232.8300018310547,211.50999450683594,295.5400085449219,1002.2999877929688,336.4100036621094,50.290000915527344,44.65999984741211,97.80000305175781,95.2300033569336,154.91000366210938,34.9900016784668,110.44999694824219,789.6500244140625,37.16999816894531,188.88999938964844,307.69000244140625,843.6300048828125,191.5399932861328,87.61000061035156,155.97000122070312,185.69000244140625,185.0399932861328,26.270000457763672,193.80999755859375,165.4600067138672,34.40999984741211,281.9100036621094,294.0299987792969,363.6600036621094,47.5,163.1699981689453,81.13999938964844,44.744998931884766,53.77000045776367,144.22999572753906,114.26000213623047,234.0800018310547,218.89999389648438,295.8500061035156,1044.8499755859375,338.1099853515625,50.90999984741211,45.16999816894531,98.86000061035156,95.27999877929688,154.9600067138672,35.0,110.58000183105469,805.3200073242188,38.04999923706055,189.22999572753906,310.010009765625,848.5399780273438,193.49000549316406,88.94000244140625,159.2899932861328,195.3000030517578,189.05999755859375,26.579999923706055,198.92999267578125,171.97999572753906,35.099998474121094,291.4800109863281,307.1000061035156,364.7200012207031,48.22999954223633,163.77999877929688,81.36000061035156,44.779998779296875,54.04999923706055,144.66000366210938,114.51000213623047,227.58999633789062,209.27999877929688,290.2099914550781,1001.0,326.5799865722656,50.130001068115234,44.25,96.68000030517578,92.62999725341797,151.27999877929688,33.9900016784668,108.87000274658203,781.3900146484375,36.349998474121094,182.94000244140625,304.70001220703125,836.5800170898438,187.80999755859375,87.13999938964844,155.39999389648438,183.24000549316406,184.0,26.049999237060547,192.66000366210938,165.13999938964844,34.04999923706055,281.5299987792969,293.2799987792969,358.05999755859375,47.45000076293945,158.8699951171875,80.54000091552734,43.95500183105469,53.52000045776367,143.27999877929688,111.73999786376953,231.2899932861328,214.85000610351562,293.2699890136719,1042.8299560546875,337.0299987792969,50.54999923706055,45.029998779296875,98.44999694824219,94.44999694824219,153.64999389648438,34.7599983215332,110.3499984741211,798.0,36.63999938964844,183.77000427246094,309.3500061035156,845.0,192.72000122070312,88.66999816894531,158.77999877929688,194.85000610351562,186.22999572753906,26.420000076293945,196.16000366210938,169.89999389648438,34.560001373291016,290.9800109863281,306.6199951171875,359.4100036621094,48.040000915527344,163.16000366210938,80.87000274658203,44.6349983215332,53.880001068115234,144.1199951171875,114.06999969482422,4901000,115748100,1504300,1667800,18086700,24107300,13018100,8519400,4071900,5479600,6927600,3571700,1547200,111140200,8776800,8454200,2610800,1352300,9449100,4589700,27828200,140088000,47744200,1599300,7147500,18080300,9952000,13081000,7236200,6619000,2173600,10371300,25324000,31250500,12478700,11945000
2025-10-08,225.8785400390625,235.55999755859375,288.3430480957031,982.6154174804688,344.1183166503906,49.303611755371094,43.570533752441406,95.17816925048828,91.49090576171875,149.2024383544922,34.565773010253906,107.58031463623047,768.6343383789062,37.43000030517578,187.49647521972656,301.1236877441406,841.6238403320312,186.1179962158203,85.0379409790039,153.03753662109375,196.3781280517578,189.0892333984375,24.41683578491211,185.56971740722656,165.85226440429688,33.50614547729492,290.9342346191406,302.8467712402344,364.6148376464844,46.06444549560547,159.68218994140625,78.4764404296875,43.82267761230469,53.05093002319336,143.30809020996094,111.52597045898438,231.24000549316406,235.55999755859375,294.6199951171875,987.8099975585938,345.5,49.84000015258789,44.540000915527344,96.69999694824219,93.75,153.74000549316406,34.970001220703125,110.5,776.510009765625,37.43000030517578,189.69000244140625,304.0299987792969,845.719970703125,188.7100067138672,86.4000015258789,155.64999389648438,196.5399932861328,189.11000061035156,25.68000030517578,190.16000366210938,167.77000427246094,33.970001220703125,291.5400085449219,304.5199890136719,369.9200134277344,46.9900016784668,162.44000244140625,79.7300033569336,44.48500061035156,53.5099983215332,144.50999450683594,114.0199966430664,233.0,235.8699951171875,297.6300048828125,991.5900268554688,346.5400085449219,50.5099983215332,44.900001525878906,98.19000244140625,95.20999908447266,154.67999267578125,35.0,110.70999908447266,795.0,37.790000915527344,190.22000122070312,308.7799987792969,856.0,191.16000366210938,87.93000030517578,156.5500030517578,196.9499969482422,189.60000610351562,26.5,193.8699951171875,168.5500030517578,34.58000183105469,291.8599853515625,306.3999938964844,374.6300048828125,47.75,163.91000366210938,81.33000183105469,44.744998931884766,53.95000076293945,144.97000122070312,115.01000213623047,229.67999267578125,210.6999969482422,292.2900085449219,977.4199829101562,332.6199951171875,49.779998779296875,44.459999084472656,96.58999633789062,93.29000091552734,152.83999633789062,34.25,109.33999633789062,774.3400268554688,35.90999984741211,188.27000427246094,303.54998779296875,844.989990234375,188.02000427246094,86.19999694824219,154.02000427246094,188.8000030517578,186.5399932861328,25.6299991607666,190.11000061035156,163.88999938964844,33.86000061035156,281.4800109863281,293.9800109863281,365.79998779296875,46.880001068115234,160.64999389648438,79.54000091552734,44.150001525878906,53.34000015258789,144.02000427246094,113.41000366210938,231.47999572753906,212.9499969482422,295.7900085449219,977.9500122070312,333.82000732421875,50.400001525878906,44.7400016784668,98.19000244140625,95.19000244140625,154.36000061035156,34.9900016784668,110.37000274658203,791.75,36.54999923706055,188.8699951171875,308.2099914550781,850.0,191.0,87.93000030517578,156.47999572753906,188.99000549316406,186.57000732421875,26.420000076293945,193.8699951171875,166.24000549316406,34.540000915527344,282.0,295.0,366.92999267578125,47.72999954223633,162.67999267578125,81.26000213623047,44.744998931884766,53.93000030517578,144.60000610351562,114.37999725341797,5412800,159983500,2940600,1947000,21478300,24014200,10822900,8496000,5289400,5678000,11524900,4190000,1939300,103202100,5751200,6489900,2180900,2416700,9696200,4038600,26833900,130168900,48693300,1630100,7302200,15217300,9301700,12821200,9438300,5315700,1582400,11277400,20024200,26848700,8925800,12301000
2025-10-09,225.34130859375,232.88999938964844,289.13580322265625,975.3836669921875,343.6402282714844,49.254150390625,43.70748519897461,94.41044616699219,89.7342758178711,147.16439819335938,33.952938079833984,108.96278381347656,772.04931640625,37.79999923706055,188.87039184570312,302.6093444824219,851.207275390625,184.98377990722656,86.12059783935547,153.64715576171875,192.17160034179688,192.54885864257812,23.998477935791016,186.0673828125,163.76638793945312,32.677616119384766,289.5870361328125,298.2322692871094,362.41680908203125,46.17227554321289,159.25949096679688,78.63391876220703,43.226680755615234,52.8625602722168,142.99075317382812,110.44026184082031,230.69000244140625,232.88999938964844,295.42999267578125,980.5399780273438,345.0199890136719,49.790000915527344,44.68000030517578,95.91999816894531,91.94999694824219,151.63999938964844,34.349998474121094,111.91999816894531,779.9600219726562,37.79999923706055,191.0800018310547,305.5299987792969,855.3499755859375,187.55999755859375,87.5,156.27000427246094,192.3300018310547,192.57000732421875,25.239999771118164,190.6699981689453,165.66000366210938,33.130001068115234,290.19000244140625,299.8800048828125,367.69000244140625,47.099998474121094,162.00999450683594,79.88999938964844,43.880001068115234,53.31999969482422,144.19000244140625,112.91000366210938,233.7899932861328,240.10000610351562,296.6300048828125,987.530029296875,347.30999755859375,50.279998779296875,45.189998626708984,97.30000305175781,95.0199966430664,154.97000122070312,35.75,112.41999816894531,782.9099731445312,38.099998474121094,192.10000610351562,308.0400085449219,860.25,190.88999938964844,87.80000305175781,156.42999267578125,196.6199951171875,195.3000030517578,25.899999618530273,192.25,167.61000061035156,34.54999923706055,291.6099853515625,302.8299865722656,376.2200012207031,47.400001525878906,164.42999267578125,80.75,44.959999084472656,53.810001373291016,145.25,115.51000213623047,230.6199951171875,229.52999877929688,293.70001220703125,971.510009765625,340.3999938964844,49.66999816894531,44.529998779296875,95.45999908447266,91.81999969482422,151.55999755859375,34.290000915527344,110.08000183105469,771.3499755859375,36.86000061035156,189.72999572753906,303.3900146484375,845.7000122070312,186.6300048828125,86.63999938964844,153.8300018310547,189.5,191.05999755859375,25.209999084472656,188.6300048828125,163.22999572753906,32.9900016784668,287.4700012207031,297.4200134277344,366.0799865722656,46.7599983215332,161.25,79.41999816894531,43.834999084472656,53.189998626708984,143.9600067138672,112.73999786376953,233.27000427246094,236.3000030517578,294.1300048828125,985.3499755859375,345.75,50.0,44.81999969482422,97.0199966430664,94.30999755859375,154.1300048828125,35.25,111.4000015258789,778.8499755859375,37.529998779296875,190.0,305.04998779296875,851.6900024414062,189.72000122070312,86.95999908447266,155.5800018310547,192.97000122070312,192.22999572753906,25.780000686645508,191.16000366210938,167.3699951171875,34.25,291.0799865722656,302.30999755859375,372.5199890136719,47.18000030517578,163.74000549316406,79.91000366210938,44.58000183105469,53.630001068115234,144.77999877929688,114.43000030517578,4607600,94290700,1369000,1496000,17643700,21816900,13379400,11300600,6940000,6178600,6872700,4612100,1575000,89884700,7484800,7060300,3071700,1284000,10938200,6092600,19721500,182997200,47278700,1899500,6928400,12284900,7603500,10259900,8759800,7011500,1655500,8432200,23397800,33922400,7657000,10976200
2025-10-10,225.1556854248047,214.89999389648438,283.94873046875,931.2669067382812,323.331787109375,48.12642288208008,43.00315856933594,92.45176696777344,85.52812957763672,144.50527954101562,32.12432098388672,105.21451568603516,756.6074829101562,36.369998931884766,188.51455688476562,298.01373291015625,829.453125,178.4053955078125,84.6343994140625,149.3111572265625,181.450439453125,183.139892578125,23.561105728149414,179.5095977783203,151.8343505859375,31.286869049072266,271.4248046875,279.11785888671875,349.4159851074219,44.38812255859375,155.33724975585938,76.39962005615234,41.975589752197266,51.7125129699707,140.9280548095703,108.30793762207031,230.5,214.89999389648438,290.1300048828125,936.1900024414062,324.6300048828125,48.650001525878906,43.959999084472656,93.93000030517578,87.63999938964844,148.89999389648438,32.5,108.06999969482422,764.3599853515625,36.369998931884766,190.72000122070312,300.8900146484375,833.489990234375,180.88999938964844,85.98999786376953,151.86000061035156,181.60000610351562,183.16000366210938,24.780000686645508,183.9499969482422,153.58999633789062,31.719999313354492,271.989990234375,280.6600036621094,354.5,45.279998779296875,158.02000427246094,77.62000274658203,42.61000061035156,52.15999984741211,142.11000061035156,110.7300033569336,234.67999267578125,234.22000122070312,297.0899963378906,976.2000122070312,350.6000061035156,50.13999938964844,44.779998779296875,97.9000015258789,91.0,151.35000610351562,34.029998779296875,111.70999908447266,791.6599731445312,39.650001525878906,192.07000732421875,310.4700012207031,864.3499755859375,187.67999267578125,88.23999786376953,157.9499969482422,193.44000244140625,195.6199951171875,25.420000076293945,192.0399932861328,165.08999633789062,33.09000015258789,291.6300048828125,300.20001220703125,369.3999938964844,47.400001525878906,161.8000030517578,80.44000244140625,43.775001525878906,53.68000030517578,144.74000549316406,112.62000274658203,230.5,213.1999969482422,289.5799865722656,935.4099731445312,324.04998779296875,48.54999923706055,43.77000045776367,93.66000366210938,87.63999938964844,148.88999938964844,32.4900016784668,108.04000091552734,764.0,36.29999923706055,189.85000610351562,300.80999755859375,830.1099853515625,180.72000122070312,85.91999816894531,151.83999633789062,179.61000061035156,182.0500030517578,24.6200008392334,183.6199951171875,153.35000610351562,31.719999313354492,271.4599914550781,280.3299865722656,352.510009765625,45.22999954223633,157.63999938964844,77.62000274658203,42.595001220703125,52.15999984741211,141.94000244140625,110.70999908447266,231.50999450683594,232.77000427246094,296.1600036621094,970.6900024414062,345.3900146484375,49.93000030517578,44.779998779296875,96.19999694824219,90.91999816894531,150.6999969482422,33.900001525878906,110.88999938964844,783.1199951171875,38.459999084472656,192.00999450683594,305.6600036621094,858.0,186.0,87.94000244140625,156.85000610351562,192.9600067138672,193.50999450683594,25.260000228881836,191.27000427246094,164.82000732421875,33.02000045776367,290.82000732421875,299.9599914550781,369.3999938964844,47.34000015258789,160.74000549316406,79.61000061035156,43.55500030517578,53.459999084472656,144.61000061035156,112.26000213623047,6156900,118656600,2660500,2933900,28941000,31831900,14024900,18619500,7892400,7796600,11041500,4434200,2457900,183063300,9598000,8597400,3431000,1678400,11230700,5531700,26990300,268774400,64963900,2208800,15818600,15644200,26691200,23398000,13141900,12468400,2362700,16004300,44892200,73596200,13350100,13811600
2025-10-13,224.9603271484375,216.4199981689453,286.1703796386719,979.48193359375,355.2735290527344,48.33415985107422,42.59230041503906,94.58760833740234,86.64067077636719,147.45556640625,32.826114654541016,106.82091522216797,778.8001708984375,37.220001220703125,188.6924591064453,305.0260314941406,815.431396484375,180.88092041015625,84.3489761352539,152.5262908935547,192.61123657226562,188.29933166503906,23.513565063476562,182.4079132080078,159.9307403564453,31.82935905456543,284.278076171875,301.2257385253906,353.51629638671875,45.250789642333984,158.669677734375,77.67916107177734,42.54695510864258,52.20822525024414,140.76937866210938,109.78490447998047,230.3000030517578,216.4199981689453,292.3999938964844,984.6599731445312,356.70001220703125,48.86000061035156,43.540000915527344,96.0999984741211,88.77999877929688,151.94000244140625,33.209999084472656,109.72000122070312,786.780029296875,37.220001220703125,190.89999389648438,307.9700012207031,819.4000244140625,183.39999389648438,85.69999694824219,155.1300048828125,192.77000427246094,188.32000732421875,24.729999542236328,186.9199981689453,161.77999877929688,32.27000045776367,284.8699951171875,302.8900146484375,358.6600036621094,46.15999984741211,161.41000366210938,78.91999816894531,43.189998626708984,52.65999984741211,141.9499969482422,112.23999786376953,233.80999755859375,224.19000244140625,296.1300048828125,985.1799926757812,359.3800048828125,49.400001525878906,44.22999954223633,96.95999908447266,88.9800033569336,151.97999572753906,33.25,109.9800033569336,791.0499877929688,37.5099983215332,191.3000030517578,309.4599914550781,835.3200073242188,185.08999633789062,86.45999908447266,155.6199951171875,193.39999389648438,190.11000061035156,24.950000762939453,187.72000122070312,162.38999938964844,32.31999969482422,285.95001220703125,304.6300048828125,359.1600036621094,46.31999969482422,162.5500030517578,79.2300033569336,43.244998931884766,52.81999969482422,142.94000244140625,112.30000305175781,229.22000122070312,214.89999389648438,289.44000244140625,966.969970703125,343.5199890136719,48.810001373291016,43.290000915527344,95.41000366210938,87.58000183105469,149.42999267578125,32.54999923706055,108.12000274658203,777.8800048828125,36.279998779296875,189.27999877929688,305.45001220703125,817.3499755859375,182.3699951171875,85.23999786376953,153.35000610351562,187.99000549316406,185.9600067138672,24.610000610351562,184.7100067138672,155.77999877929688,31.639999389648438,280.3399963378906,292.32000732421875,353.32000732421875,45.59000015258789,159.85000610351562,78.27999877929688,42.79499816894531,52.34000015258789,141.6300048828125,111.31999969482422,230.0,220.1999969482422,291.75,971.72998046875,352.7699890136719,49.20000076293945,43.68000030517578,95.56999969482422,88.36000061035156,150.0,32.95000076293945,109.66999816894531,777.8800048828125,36.439998626708984,189.8300018310547,305.6000061035156,832.6799926757812,183.75,85.66000366210938,154.27999877929688,190.7899932861328,187.97000122070312,24.84000015258789,186.4499969482422,155.9499969482422,32.08000183105469,282.7799987792969,298.239990234375,354.739990234375,45.88999938964844,159.85000610351562,78.73999786376953,42.935001373291016,52.54999923706055,141.72999572753906,111.54000091552734,5411900,63104000,1838400,2223900,45984300,34462800,15509100,18463600,5887300,5978800,4928100,4453700,2766000,104020700,7979500,10788700,2167500,1095500,6553900,4735800,20928400,153482800,45356600,1818100,10311000,29484700,8703400,20318300,5659400,6896400,1382300,14229300,22889600,39651900,8257500,10296500
2025-10-14,223.8174591064453,218.08999633789062,287.5894775390625,978.009765625,342.7538146972656,49.550926208496094,42.846641540527344,98.26874542236328,86.04537200927734,147.89227294921875,32.33189392089844,106.23677062988281,762.942626953125,35.630001068115234,188.64305114746094,299.19232177734375,808.4154663085938,180.60476684570312,83.36473846435547,152.73275756835938,186.9059295654297,180.01022338867188,23.31389617919922,186.8494415283203,159.89120483398438,32.12526321411133,278.4502258300781,294.3139343261719,354.7680969238281,46.162471771240234,159.4364471435547,83.2304916381836,42.542030334472656,52.78324890136719,141.1561279296875,109.83381652832031,229.1300048828125,218.08999633789062,293.8500061035156,983.1799926757812,344.1300048828125,50.09000015258789,43.79999923706055,99.83999633789062,88.16999816894531,152.38999938964844,32.709999084472656,109.12000274658203,770.760009765625,35.630001068115234,190.85000610351562,302.0799865722656,812.3499755859375,183.1199951171875,84.69999694824219,155.33999633789062,187.05999755859375,180.02999877929688,24.520000457763672,189.72999572753906,161.74000549316406,32.56999969482422,279.0299987792969,295.94000244140625,359.92999267578125,47.09000015258789,162.19000244140625,84.55999755859375,43.185001373291016,53.2400016784668,142.33999633789062,112.29000091552734,230.64999389648438,224.97999572753906,296.8699951171875,993.47998046875,350.6700134277344,50.5,43.900001525878906,101.22000122070312,88.88999938964844,153.4600067138672,33.119998931884766,110.44999694824219,786.5700073242188,36.54999923706055,194.39999389648438,307.0,822.0900268554688,186.08999633789062,85.68000030517578,157.1199951171875,192.4600067138672,184.8000030517578,24.790000915527344,190.39999389648438,164.27000427246094,32.7599983215332,284.7699890136719,301.75,362.3299865722656,47.36000061035156,163.66000366210938,86.05999755859375,43.43000030517578,53.650001525878906,142.86000061035156,112.95999908447266,227.50999450683594,215.89999389648438,290.9700012207031,966.0,339.6499938964844,48.529998779296875,43.27000045776367,95.04000091552734,86.75,149.66000366210938,32.2599983215332,107.52999877929688,742.4600219726562,34.689998626708984,185.8800048828125,294.2099914550781,806.0,181.25,84.1500015258789,151.8800048828125,186.25,179.6999969482422,24.479999542236328,184.5,159.25999450683594,31.690000534057617,277.3599853515625,291.3399963378906,353.3999938964844,45.93000030517578,159.11000061035156,80.38999938964844,42.52000045776367,52.25,141.0500030517578,110.70999908447266,228.07000732421875,219.1999969482422,291.75,967.4600219726562,350.1300048828125,48.849998474121094,43.43000030517578,95.37000274658203,86.9000015258789,149.80999755859375,32.41999816894531,107.58999633789062,764.4500122070312,36.0,192.9199981689453,305.8399963378906,822.0900268554688,181.41000366210938,85.37999725341797,154.5,186.9600067138672,184.77000427246094,24.649999618530273,184.6300048828125,159.3000030517578,31.75,278.5,295.6300048828125,354.95001220703125,45.9900016784668,159.11000061035156,82.5199966430664,42.57500076293945,52.45000076293945,141.60000610351562,110.76000213623047,5527600,71216300,1975900,2422100,22078000,42462600,16805600,33164600,6003900,6419400,8405000,3101500,4710800,117908300,13613300,16178800,1928400,1389600,9675000,8023800,15912400,205641400,42277000,3264300,8675200,13014200,8476000,16567900,5974800,8844600,1953400,36260600,25084600,62588700,10044700,11167200
2025-10-15,222.56796264648438,238.60000610351562,290.98553466796875,1004.4996948242188,349.92498779296875,51.71735382080078,42.6607780456543,98.2096939086914,85.62572479248047,147.62054443359375,32.233055114746094,105.75971221923828,760.1412963867188,37.150001525878906,188.9593505859375,302.767822265625,822.566650390625,181.30502319335938,82.78404235839844,159.92005920410156,191.78192138671875,179.8102569580078,23.190288543701172,179.57164001464844,161.1071319580078,32.12526321411133,287.0423278808594,303.03570556640625,355.9706115722656,45.53507614135742,158.24697875976562,85.10061645507812,42.51740264892578,52.78324890136719,141.3743133544922,109.16868591308594,226.22000122070312,238.60000610351562,297.32000732421875,1009.8099975585938,351.3299865722656,52.279998779296875,43.61000061035156,99.77999877929688,87.73999786376953,152.11000061035156,32.61000061035156,108.62999725341797,767.9299926757812,37.150001525878906,191.1699981689453,305.69000244140625,826.5700073242188,183.8300018310547,84.11000061035156,162.64999389648438,191.94000244140625,179.8300018310547,24.389999389648438,182.33999633789062,162.97000122070312,32.56999969482422,287.6400146484375,304.7099914550781,361.1499938964844,46.45000076293945,160.97999572753906,86.45999908447266,43.15999984741211,53.2400016784668,142.55999755859375,111.61000061035156,228.9499969482422,239.24000549316406,298.2099914550781,1033.0,359.3999938964844,52.849998474121094,44.2400016784668,102.1500015258789,88.98999786376953,154.2100067138672,33.25,110.11000061035156,782.489990234375,37.4900016784668,193.57000732421875,312.1199951171875,830.1900024414062,185.4199981689453,84.69000244140625,166.77000427246094,192.8800048828125,184.8699951171875,24.579999923706055,186.89999389648438,164.24000549316406,32.90999984741211,288.0199890136719,306.6099853515625,364.2200012207031,47.41999816894531,164.1300048828125,87.47000122070312,43.70500183105469,53.7599983215332,143.25,113.56999969482422,225.32000732421875,220.75999450683594,292.42999267578125,993.5399780273438,347.5,51.22999954223633,43.400001525878906,98.83999633789062,86.58999633789062,151.0399932861328,32.279998779296875,107.94000244140625,762.6599731445312,35.63999938964844,189.3000030517578,305.44000244140625,808.5800170898438,181.91000366210938,83.61000061035156,161.63999938964844,187.4199981689453,177.2899932861328,24.209999084472656,179.2100067138672,160.30999755859375,32.33000183105469,281.8399963378906,300.07000732421875,355.8500061035156,46.16999816894531,159.1300048828125,85.16000366210938,42.84000015258789,52.86000061035156,141.36000061035156,110.97000122070312,227.1999969482422,222.7100067138672,292.82000732421875,1030.1300048828125,354.4700012207031,51.56999969482422,43.779998779296875,101.19000244140625,88.93000030517578,152.89999389648438,33.060001373291016,109.4800033569336,778.6199951171875,36.400001525878906,191.47999572753906,306.3900146484375,812.5,184.64999389648438,84.19000244140625,162.92999267578125,192.47999572753906,184.8000030517578,24.489999771118164,183.83999633789062,164.24000549316406,32.84000015258789,286.25,306.2900085449219,359.3900146484375,47.36000061035156,163.69000244140625,85.16999816894531,43.459999084472656,53.43000030517578,142.02000427246094,112.80000305175781,5459400,108481000,2502100,2900300,23918500,69992200,11941500,15730100,6036100,5824900,5688400,2764600,3217400,99242700,9473000,11354800,2355800,1882600,9168700,13673700,17793100,214450500,47729800,6663200,7334100,16212900,7595200,20788000,6579600,11325200,1756500,22909400,24267000,39526600,7260600,12182900
2025-10-16,223.2074737548828,234.55999755859375,289.5077209472656,1014.2283325195312,352.7337341308594,49.897151947021484,42.44556427001953,94.7450942993164,84.81573486328125,147.23236083984375,31.65975570678711,104.41617584228516,750.401123046875,36.84000015258789,189.8983612060547,295.6861572265625,815.4114990234375,178.6618194580078,82.59703826904297,157.33419799804688,202.3632049560547,181.7900390625,23.038158416748047,175.6619110107422,162.20443725585938,32.470481872558594,288.3795471191406,298.1924743652344,351.55487060546875,44.75083541870117,153.7349090576172,82.6792984008789,42.00514602661133,51.315940856933594,141.13632202148438,108.21991729736328,226.8699951171875,234.55999755859375,295.80999755859375,1019.5900268554688,354.1499938964844,50.439998626708984,43.38999938964844,96.26000213623047,86.91000366210938,151.7100067138672,32.029998779296875,107.25,758.0900268554688,36.84000015258789,192.1199951171875,298.5400085449219,819.3800048828125,181.14999389648438,83.91999816894531,160.02000427246094,202.52999877929688,181.80999755859375,24.229999542236328,178.3699951171875,164.0800018310547,32.91999816894531,288.9800109863281,299.8399963378906,356.6700134277344,45.650001525878906,156.38999938964844,84.0,42.63999938964844,51.7599983215332,142.32000732421875,110.63999938964844,228.11000061035156,241.1999969482422,302.2699890136719,1049.3800048828125,363.239990234375,52.7599983215332,43.93000030517578,100.69999694824219,88.43000030517578,152.72999572753906,32.84000015258789,109.38999938964844,781.4400024414062,38.02000045776367,193.0500030517578,308.67999267578125,834.7000122070312,185.3000030517578,85.5,164.75,206.33999633789062,183.27999877929688,24.610000610351562,184.77000427246094,165.19000244140625,32.939998626708984,292.260009765625,311.3699951171875,362.0,47.779998779296875,161.9600067138672,87.43000030517578,43.3650016784668,53.119998931884766,143.63999938964844,112.19000244140625,225.4600067138672,232.24000549316406,294.44000244140625,1011.0999755859375,349.489990234375,50.0,43.220001220703125,95.23999786376953,85.5999984741211,150.22999572753906,31.639999389648438,105.19999694824219,752.4099731445312,36.40999984741211,190.42999267578125,297.07000732421875,815.3699951171875,180.32000732421875,83.5999984741211,158.97000122070312,195.1999969482422,179.77000427246094,24.209999084472656,177.55999755859375,162.2100067138672,32.349998474121094,285.94000244140625,296.69000244140625,354.3999938964844,45.38999938964844,155.2899932861328,83.0,42.349998474121094,51.540000915527344,141.9600067138672,110.38999938964844,226.22000122070312,236.2899932861328,298.07000732421875,1037.1700439453125,356.79998779296875,52.599998474121094,43.72999954223633,100.20999908447266,87.62000274658203,152.13999938964844,32.650001525878906,108.83000183105469,770.6599731445312,37.150001525878906,191.33999633789062,305.3500061035156,825.0700073242188,185.3000030517578,84.41000366210938,163.08999633789062,199.9600067138672,182.22999572753906,24.440000534057617,183.27000427246094,164.49000549316406,32.7599983215332,291.0799865722656,310.92999267578125,361.8399963378906,47.2400016784668,161.8300018310547,86.98999786376953,43.23500061035156,53.09000015258789,142.85000610351562,111.87999725341797,4737500,69726400,1715000,1938400,20317200,49027700,12922100,20534000,7816600,5276800,6797900,4392000,3160900,83357800,10611800,10549400,2272900,1193700,11709100,10477500,42041300,179723300,44390000,3568300,5686700,24453600,7410400,26341500,5872100,21622900,2661300,22715600,29193800,85420100,11194100,11782200
2025-10-17,225.8638916015625,233.0800018310547,292.44378662109375,1023.857421875,347.9330139160156,50.72811508178711,42.68033981323242,95.54235076904297,84.3960952758789,148.56190490722656,31.37310791015625,104.4063491821289,743.1553955078125,37.0099983215332,190.9856414794922,294.7155456542969,798.941650390625,181.9362335205078,83.45332336425781,156.00685119628906,202.2133331298828,183.19989013671875,23.30438804626465,176.67625427246094,161.58163452148438,32.184444427490234,287.57122802734375,293.4586181640625,351.4858703613281,44.79004669189453,155.0914764404297,81.97061920166016,42.34993362426758,51.73234176635742,142.0784149169922,109.78490447998047,229.57000732421875,233.0800018310547,298.80999755859375,1029.27001953125,349.3299865722656,51.279998779296875,43.630001068115234,97.06999969482422,86.4800033569336,153.0800018310547,31.739999771118164,106.22000122070312,750.77001953125,37.0099983215332,193.22000122070312,297.55999755859375,802.8300170898438,184.47000122070312,84.79000091552734,158.6699981689453,202.3800048828125,183.22000122070312,24.510000228881836,179.39999389648438,163.4499969482422,32.630001068115234,288.1700134277344,295.0799865722656,356.6000061035156,45.689998626708984,157.77000427246094,83.27999877929688,42.9900016784668,52.18000030517578,143.27000427246094,112.23999786376953,230.7100067138672,235.3800048828125,299.3699951171875,1032.77001953125,350.9700012207031,51.77000045776367,43.65999984741211,98.01000213623047,87.48999786376953,154.19000244140625,32.2400016784668,107.0,758.9400024414062,38.380001068115234,193.60000610351562,299.54998779296875,804.4400024414062,185.5,84.88999938964844,160.97999572753906,203.38999938964844,184.10000610351562,24.530000686645508,180.5399932861328,163.7899932861328,33.2599983215332,289.6400146484375,303.29998779296875,358.3900146484375,46.5,160.25999450683594,84.52999877929688,43.08000183105469,52.36000061035156,143.4199981689453,112.91000366210938,226.80999755859375,227.91000366210938,293.1400146484375,1015.0,340.7799987792969,50.33000183105469,43.11000061035156,95.27999877929688,86.12999725341797,152.1999969482422,31.559999465942383,104.95999908447266,740.010009765625,36.08000183105469,191.67999267578125,294.20001220703125,783.8499755859375,181.17999267578125,83.16000366210938,157.85000610351562,195.5500030517578,179.75,24.15999984741211,176.8800048828125,161.6699981689453,31.639999389648438,283.7200012207031,294.9200134277344,350.8299865722656,45.5099983215332,156.1699981689453,82.30999755859375,42.64500045776367,51.72999954223633,141.38999938964844,111.18000030517578,227.52000427246094,233.25999450683594,295.239990234375,1020.5900268554688,349.6099853515625,50.95000076293945,43.279998779296875,96.20999908447266,86.93000030517578,152.25999450683594,32.04999923706055,106.55000305175781,758.1500244140625,36.36000061035156,192.5,299.1600036621094,788.9600219726562,183.36000061035156,83.27999877929688,160.6999969482422,199.27999877929688,180.17999267578125,24.200000762939453,179.9499969482422,162.86000061035156,32.70000076293945,286.8900146484375,298.3999938964844,351.0,46.290000915527344,157.60000610351562,84.44999694824219,42.81999969482422,51.900001525878906,141.5800018310547,111.62999725341797,7150000,55804200,1959400,1663700,20937900,48915400,13966200,14007800,5774600,7735500,7610700,6667700,2884700,119394700,7764400,10153500,3983000,1954300,10758900,7965000,23283100,173135200,40101900,3369700,4833100,39002900,6261500,17633300,8608400,14032400,2148700,18799000,24071800,52288900,8160300,13460100
2025-10-20,228.3136749267578,240.55999755859375,296.86749267578125,1036.669677734375,347.8433532714844,51.47993850708008,42.64120864868164,97.73725128173828,84.96211242675781,149.9205780029297,31.5609130859375,104.58328247070312,755.5780639648438,38.099998474121094,191.4798583984375,299.4696350097656,805.0419311523438,183.71151733398438,84.95919799804688,159.25148010253906,206.59971618652344,182.6199493408203,23.475534439086914,179.4042205810547,165.13059997558594,32.97351837158203,292.36126708984375,296.06427001953125,359.25286865234375,46.17227554321289,157.45071411132812,84.66753387451172,42.79815673828125,52.33710861206055,143.58575439453125,110.2348403930664,232.05999755859375,240.55999755859375,303.3299865722656,1042.1500244140625,349.239990234375,52.040000915527344,43.59000015258789,99.30000305175781,87.05999755859375,154.47999572753906,31.93000030517578,106.4000015258789,763.3200073242188,38.099998474121094,193.72000122070312,302.3599853515625,808.9600219726562,186.27000427246094,86.31999969482422,161.97000122070312,206.77000427246094,182.63999938964844,24.690000534057617,182.1699981689453,167.0399932861328,33.43000030517578,292.9700012207031,297.70001220703125,364.4800109863281,47.099998474121094,160.1699981689453,86.0199966430664,43.44499969482422,52.790000915527344,144.7899932861328,112.69999694824219,232.25999450683594,242.8800048828125,303.6600036621094,1052.1700439453125,356.5899963378906,52.279998779296875,43.97999954223633,99.5999984741211,87.25,154.72000122070312,32.279998779296875,107.0199966430664,766.4199829101562,38.52000045776367,194.47999572753906,303.69000244140625,809.4099731445312,187.3000030517578,87.0,163.13999938964844,214.75,185.1999969482422,24.729999542236328,182.4199981689453,167.64999389648438,33.47999954223633,295.0,303.6499938964844,365.57000732421875,47.189998626708984,161.25999450683594,86.13999938964844,43.54499816894531,52.900001525878906,144.99000549316406,113.1500015258789,230.0,234.39999389648438,297.75,1031.489990234375,347.8399963378906,51.369998931884766,43.5099983215332,97.12000274658203,86.19999694824219,153.17999267578125,31.600000381469727,105.77999877929688,752.8800048828125,37.560001373291016,192.3300018310547,298.1600036621094,799.77001953125,184.67999267578125,85.02999877929688,159.5,205.5,181.72999572753906,24.510000228881836,179.72000122070312,162.05999755859375,32.5,290.5,297.05999755859375,357.510009765625,45.90999984741211,157.7899932861328,83.08999633789062,43.064998626708984,52.290000915527344,143.55999755859375,111.9800033569336,231.0,236.47000122070312,299.4800109863281,1031.75,353.79998779296875,51.439998626708984,43.65999984741211,97.47000122070312,86.69999694824219,153.42999267578125,31.770000457763672,106.4800033569336,757.0,37.56999969482422,193.5,298.5,805.5999755859375,184.92999267578125,85.25,160.1999969482422,209.66000366210938,183.1300048828125,24.56999969482422,180.22000122070312,163.33999633789062,32.95000076293945,290.6099853515625,300.0,358.5400085449219,45.970001220703125,158.1699981689453,83.62000274658203,43.064998626708984,52.36000061035156,143.72000122070312,112.0,5246700,56741700,1613400,1271700,15640200,25786000,11511500,11302700,4636400,5676500,5770200,3635300,1925400,80230200,8034700,6894900,2279700,957900,8611800,5741000,23268400,128544700,35856800,2506200,8194100,17997800,5832300,13391600,5996500,9439000,1354000,15777200,25352400,39479600,8435900,9523600
2025-10-21,227.6544952392578,238.02999877929688,294.72418212890625,1019.6298217773438,341.2897033691406,50.96553421020508,43.570533752441406,96.70378112792969,84.32778930664062,149.25094604492188,31.689411163330078,104.22942352294922,751.2821044921875,38.119998931884766,189.66114807128906,294.2500305175781,795.6973876953125,180.3582000732422,86.23870849609375,156.55746459960938,202.12338256835938,181.14010620117188,23.627662658691406,179.14816284179688,166.900146484375,33.06229019165039,290.7246398925781,292.89178466796875,360.13006591796875,46.6722297668457,155.01283264160156,83.4273452758789,42.699649810791016,52.27762222290039,143.92294311523438,110.24462890625,231.38999938964844,238.02999877929688,301.1400146484375,1025.02001953125,342.6600036621094,51.52000045776367,44.540000915527344,98.25,86.41000366210938,153.7899932861328,32.060001373291016,106.04000091552734,758.97998046875,38.119998931884766,191.8800048828125,297.0899963378906,799.5700073242188,182.8699951171875,87.62000274658203,159.22999572753906,202.2899932861328,181.16000366210938,24.850000381469727,181.91000366210938,168.8300018310547,33.52000045776367,291.3299865722656,294.510009765625,365.3699951171875,47.61000061035156,157.69000244140625,84.76000213623047,43.345001220703125,52.72999954223633,145.1300048828125,112.70999908447266,232.80999755859375,242.25999450683594,303.8500061035156,1037.47998046875,351.1000061035156,52.369998931884766,44.58000183105469,99.4000015258789,87.68000030517578,155.2899932861328,32.25,107.2300033569336,765.2999877929688,38.349998474121094,193.5500030517578,304.04998779296875,812.989990234375,186.6999969482422,87.66999816894531,162.05999755859375,205.8699951171875,182.7899932861328,24.959999084472656,183.32000732421875,169.24000549316406,33.97999954223633,292.70001220703125,299.3699951171875,371.04998779296875,47.83000183105469,160.8699951171875,87.30999755859375,43.665000915527344,53.130001068115234,145.6300048828125,113.36000061035156,229.8300018310547,234.02000427246094,298.0299987792969,1024.1500244140625,341.30999755859375,51.439998626708984,43.34000015258789,97.97000122070312,86.23999786376953,153.2100067138672,31.469999313354492,106.01000213623047,758.27001953125,37.66999816894531,191.77000427246094,297.0,798.7100219726562,182.61000061035156,86.2300033569336,159.19000244140625,200.83999633789062,179.8000030517578,24.600000381469727,181.25,166.1999969482422,33.119998931884766,289.2200012207031,293.6600036621094,361.5,46.95000076293945,157.3000030517578,84.66000366210938,43.125,52.65999984741211,144.33999633789062,111.98999786376953,232.14999389648438,239.38999938964844,302.6000061035156,1036.31005859375,350.0,52.09000015258789,43.599998474121094,98.93000030517578,87.25,154.74000549316406,31.899999618530273,106.80000305175781,759.0,38.13999938964844,193.00999450683594,301.6600036621094,806.9299926757812,186.11000061035156,86.95999908447266,161.4499969482422,204.3000030517578,182.7899932861328,24.719999313354492,182.30999755859375,166.8000030517578,33.720001220703125,292.5,299.0,365.1400146484375,47.029998779296875,159.61000061035156,86.12000274658203,43.564998626708984,52.65999984741211,145.0500030517578,112.88999938964844,3298100,47122400,1533400,1072200,16092600,27303400,16468500,9150100,5895500,6304900,7513000,4254000,1782200,73134900,6716000,7372700,2099500,1282300,9852400,4220600,13717300,124240200,40726900,3395600,6176100,18033400,3965200,11190500,6885300,11278200,1605200,20101100,25885200,31213600,9031800,9202300
2025-10-22,224.98825073242188,230.22999572753906,289.6741027832031,1006.2504272460938,338.9391174316406,50.550052642822266,43.423797607421875,94.78446960449219,85.3036880493164,150.97842407226562,32.035362243652344,104.39652252197266,737.0479125976562,36.91999816894531,190.70889282226562,291.2984924316406,808.4951171875,185.95030212402344,86.22886657714844,155.46607971191406,198.30654907226562,180.2602081298828,23.504056930541992,178.44894409179688,167.33511352539062,34.42344665527344,283.53961181640625,287.292724609375,356.30572509765625,46.39774703979492,159.1218719482422,82.5611801147461,43.24638748168945,51.98019790649414,144.7460479736328,112.20088195800781,228.67999267578125,230.22999572753906,295.9800109863281,1011.5700073242188,340.29998779296875,51.099998474121094,44.38999938964844,96.30000305175781,87.41000366210938,155.57000732421875,32.40999984741211,106.20999908447266,744.5999755859375,36.91999816894531,192.94000244140625,294.1099853515625,812.4299926757812,188.5399932861328,87.61000061035156,158.1199951171875,198.47000122070312,180.27999877929688,24.719999313354492,181.1999969482422,169.27000427246094,34.900001525878906,284.1300048828125,288.8800048828125,361.489990234375,47.33000183105469,161.8699951171875,83.87999725341797,43.900001525878906,52.43000030517578,145.9600067138672,114.70999908447266,232.16000366210938,240.1300048828125,302.82000732421875,1033.1800537109375,348.010009765625,51.58000183105469,45.22999954223633,98.4800033569336,87.76000213623047,155.97999572753906,32.77000045776367,107.08000183105469,760.6099853515625,37.93000030517578,193.4499969482422,298.05999755859375,815.9400024414062,188.82000732421875,88.79000091552734,159.74000549316406,205.5800018310547,183.44000244140625,24.93000030517578,182.50999450683594,169.77999877929688,35.22999954223633,289.8299865722656,295.20001220703125,364.0,47.84000015258789,162.55999755859375,85.16000366210938,44.09000015258789,52.81999969482422,146.72999572753906,115.18000030517578,228.42999267578125,224.8800048828125,295.6000061035156,997.6699829101562,335.510009765625,50.439998626708984,44.33000183105469,95.0,86.5199966430664,153.61000061035156,32.0,105.6500015258789,743.1099853515625,36.040000915527344,191.77999877929688,290.5400085449219,793.8200073242188,181.7899932861328,87.01000213623047,157.22000122070312,192.39999389648438,176.75999450683594,24.6200008392334,180.13999938964844,166.02000427246094,34.0,278.4599914550781,284.3999938964844,358.0,47.06999969482422,156.25999450683594,83.13999938964844,43.27000045776367,52.119998931884766,145.5399932861328,113.08000183105469,231.6699981689453,236.85000610351562,301.2900085449219,1026.449951171875,347.29998779296875,51.5,44.59000015258789,98.19000244140625,87.2699966430664,154.64999389648438,32.459999084472656,107.01000213623047,760.6099853515625,37.84000015258789,192.0,297.7699890136719,798.4000244140625,184.07000732421875,87.68000030517578,159.57000732421875,202.25,181.13999938964844,24.790000915527344,182.50999450683594,167.49000549316406,34.09000015258789,288.1099853515625,293.0,363.9599914550781,47.650001525878906,158.75,85.1500015258789,43.6349983215332,52.779998779296875,146.2100067138672,113.44999694824219,3523500,59668800,1698500,1328600,19268800,34955000,14316500,14369200,8307800,6036700,8167400,5151000,2141400,87099900,6343100,8054100,2930600,1709800,10926300,4360200,21949800,162249600,48662900,1922100,10083800,18761400,7875300,15409100,7833000,8497400,3181400,18955000,32814000,53727500,12705300,12938800
2025-10-23,224.565185546875,234.99000549316406,286.6499328613281,1030.9598388671875,342.9131774902344,51.202945709228516,42.8759880065918,95.16832733154297,87.90934753417969,151.93919372558594,33.0534553527832,106.2345962524414,743.165283203125,38.15999984741211,190.2443084716797,291.72442626953125,817.0634155273438,193.26841735839844,85.8056411743164,156.6361083984375,206.53976440429688,182.13999938964844,23.45651626586914,179.1875457763672,168.08642578125,35.518287658691406,290.4552001953125,289.1325378417969,355.2806701660156,46.87809371948242,170.19068908691406,83.13207244873047,43.82267761230469,52.08925247192383,144.8253631591797,113.44310760498047,228.25,234.99000549316406,292.8900146484375,1036.4100341796875,344.2900085449219,51.7599983215332,43.83000183105469,96.69000244140625,90.08000183105469,156.55999755859375,33.439998626708984,108.08000183105469,750.780029296875,38.15999984741211,192.47000122070312,294.5400085449219,821.0399780273438,195.9600067138672,87.18000030517578,159.30999755859375,206.7100067138672,182.16000366210938,24.670000076293945,181.9499969482422,170.02999877929688,36.0099983215332,291.05999755859375,290.7300109863281,360.45001220703125,47.81999969482422,173.1300048828125,84.45999908447266,44.48500061035156,52.540000915527344,146.0399932861328,115.9800033569336,229.86000061035156,235.89999389648438,296.4599914550781,1040.5,346.57000732421875,51.79999923706055,44.349998474121094,97.52999877929688,90.98999786376953,158.58999633789062,33.83000183105469,109.0,755.0,38.400001525878906,194.0,296.3699951171875,824.7000122070312,197.3300018310547,88.11000061035156,160.08999633789062,209.0,183.02999877929688,24.780000686645508,182.99000549316406,171.25,36.09000015258789,291.8599853515625,294.0899963378906,362.2799987792969,47.880001068115234,174.13999938964844,85.4800033569336,44.779998779296875,52.68000030517578,146.50999450683594,116.8499984741211,227.25,228.5399932861328,291.9100036621094,1004.5,340.3999938964844,51.11000061035156,43.52000045776367,96.30000305175781,89.1500015258789,156.1199951171875,33.20000076293945,107.23999786376953,744.6599731445312,36.43000030517578,191.5399932861328,292.510009765625,806.02001953125,189.97000122070312,86.91000366210938,157.89999389648438,195.1999969482422,179.7899932861328,24.510000228881836,180.69000244140625,167.8800048828125,34.97999954223633,282.25,289.6300048828125,353.6400146484375,47.09000015258789,163.75,83.75,44.21500015258789,52.290000915527344,145.3699951171875,115.36000061035156,228.99000549316406,230.16000366210938,296.010009765625,1004.52001953125,340.3999938964844,51.47999954223633,44.349998474121094,96.81999969482422,89.70999908447266,158.1999969482422,33.43000030517578,108.5,749.3400268554688,36.599998474121094,192.55999755859375,294.3800048828125,806.4000244140625,190.08999633789062,87.55999755859375,158.89999389648438,196.6999969482422,180.4199981689453,24.760000228881836,182.0800018310547,168.3300018310547,35.650001525878906,282.489990234375,289.79998779296875,355.5799865722656,47.65999984741211,163.75,84.30999755859375,44.685001373291016,52.59000015258789,145.52000427246094,116.62999725341797,5818000,39024400,1496800,1318200,12859200,26028800,15379100,8189100,7866300,9810900,8202100,4603500,1615400,121974200,8882500,5438800,2632900,1931400,7687500,3735600,19397900,111363700,34219900,2079900,6546400,19431500,5374800,10379900,5756700,12065700,4679900,14157800,47308800,29483700,7924900,15001100
2025-10-24,224.3094024658203,252.9199981689453,285.5440368652344,1027.667236328125,352.71380615234375,52.004234313964844,42.8759880065918,97.22543334960938,85.90874481201172,150.96871948242188,32.588890075683594,104.5636215209961,775.9295654296875,38.279998779296875,188.1982421875,297.5680236816406,821.4520874023438,193.52484130859375,86.11075592041016,161.10977172851562,218.83963012695312,186.23953247070312,23.542089462280273,183.60939025878906,167.00889587402344,35.34074783325195,295.2452392578125,293.33929443359375,357.3012390136719,47.309425354003906,168.14601135253906,85.0514144897461,43.37937545776367,52.654361724853516,144.81544494628906,112.86600494384766,227.99000549316406,252.9199981689453,291.760009765625,1033.0999755859375,354.1300048828125,52.56999969482422,43.83000183105469,98.77999877929688,88.02999877929688,155.55999755859375,32.970001220703125,106.37999725341797,783.8800048828125,38.279998779296875,190.39999389648438,300.44000244140625,825.4500122070312,196.22000122070312,87.48999786376953,163.86000061035156,219.02000427246094,186.25999450683594,24.760000228881836,186.44000244140625,168.94000244140625,35.83000183105469,295.8599853515625,294.9599914550781,362.5,48.2599983215332,171.0500030517578,86.41000366210938,44.03499984741211,53.11000061035156,146.02999877929688,115.38999938964844,229.0399932861328,253.38999938964844,293.94000244140625,1043.4000244140625,358.29998779296875,52.81999969482422,43.939998626708984,99.51000213623047,90.5999984741211,157.6300048828125,33.650001525878906,108.31999969482422,784.6099853515625,41.119998931884766,192.30999755859375,302.6000061035156,834.1500244140625,198.7899932861328,88.05999755859375,164.89999389648438,219.82000732421875,187.47000122070312,24.829999923706055,187.3300018310547,172.4199981689453,36.63999938964844,298.2200012207031,297.95001220703125,365.4200134277344,48.61000061035156,176.22000122070312,86.87999725341797,44.70000076293945,53.279998779296875,146.75999450683594,116.47000122070312,226.25,241.9499969482422,290.6600036621094,1032.1800537109375,350.8800048828125,51.849998474121094,43.58000183105469,97.3499984741211,87.93000030517578,155.42999267578125,32.88999938964844,106.31999969482422,756.0,37.83000183105469,189.4199981689453,295.45001220703125,812.5,195.97000122070312,87.11000061035156,160.52000427246094,209.97999572753906,183.5,24.68000030517578,182.1300048828125,168.47000122070312,35.79999923706055,295.44000244140625,294.3900146484375,360.0299987792969,48.130001068115234,170.8000030517578,84.76000213623047,44.005001068115234,52.810001373291016,145.8800048828125,115.18000030517578,228.77999877929688,243.36000061035156,292.8900146484375,1037.9300537109375,352.510009765625,51.849998474121094,43.93000030517578,97.38999938964844,90.48999786376953,157.4199981689453,33.599998474121094,108.0,759.8499755859375,40.02000045776367,192.1999969482422,296.0799865722656,815.2100219726562,196.88999938964844,87.33000183105469,160.52000427246094,212.38999938964844,183.83999633789062,24.700000762939453,183.52999877929688,171.69000244140625,36.099998474121094,296.3299865722656,295.57000732421875,361.3699951171875,48.209999084472656,174.22000122070312,84.80000305175781,44.685001373291016,52.849998474121094,146.2899932861328,116.3499984741211,3554700,71221100,1376300,1032700,16143700,38923900,10105900,11870700,7886600,4979900,4557500,3133200,2505600,246380000,6903400,7228300,2211200,1233200,7902100,5547500,25821800,131296700,27429200,2243100,6256000,17000600,4621200,8747000,5462100,10982500,2352900,14011400,21191000,31947800,7007400,9919400
2025-10-27,224.34873962402344,259.6700134277344,284.956787109375,1054.406005859375,360.6021423339844,52.44939041137695,42.44556427001953,99.4006576538086,86.55284118652344,150.6969757080078,32.549354553222656,104.95679473876953,781.9776000976562,39.540000915527344,188.0994110107422,301.2425231933594,822.4074096679688,193.5347137451172,86.61271667480469,163.2335205078125,219.91873168945312,191.46897888183594,23.551599502563477,182.0533905029297,185.53468322753906,35.66624069213867,303.4481506347656,296.6112365722656,360.7313537597656,46.85848617553711,171.38999938964844,85.64198303222656,43.482810974121094,52.872474670410156,145.15261840820312,113.40398406982422,228.02999877929688,259.6700134277344,291.1600036621094,1059.97998046875,362.04998779296875,53.02000045776367,43.38999938964844,100.98999786376953,88.69000244140625,155.27999877929688,32.93000030517578,106.77999877929688,789.989990234375,39.540000915527344,190.3000030517578,304.1499938964844,826.4099731445312,196.22999572753906,88.0,166.02000427246094,220.10000610351562,191.49000549316406,24.770000457763672,184.86000061035156,187.67999267578125,36.15999984741211,304.0799865722656,298.25,365.9800109863281,47.79999923706055,174.35000610351562,87.01000213623047,44.13999938964844,53.33000183105469,146.3699951171875,115.94000244140625,228.60000610351562,260.4200134277344,292.0,1060.72998046875,362.75,53.06999969482422,43.81999969482422,101.2300033569336,89.38999938964844,156.5,33.38999938964844,107.69999694824219,796.7100219726562,40.66999816894531,190.8000030517578,304.5299987792969,826.4199829101562,197.55999755859375,88.30000305175781,166.69000244140625,224.97999572753906,192.0,24.799999237060547,186.85000610351562,205.9499969482422,36.83000183105469,305.010009765625,300.4800109863281,366.2200012207031,48.4900016784668,174.4199981689453,87.33999633789062,44.31999969482422,53.43000030517578,146.4499969482422,115.98999786376953,227.1199951171875,249.8000030517578,288.260009765625,1049.3599853515625,355.0799865722656,52.529998779296875,43.209999084472656,99.0999984741211,88.30999755859375,154.8699951171875,32.790000915527344,106.37000274658203,787.010009765625,38.22999954223633,189.52999877929688,301.010009765625,811.47998046875,194.33999633789062,87.02999877929688,164.89999389648438,215.74000549316406,188.42999267578125,24.6299991607666,183.22000122070312,168.82000732421875,35.88999938964844,300.4100036621094,293.69000244140625,361.3999938964844,47.5,169.77999877929688,86.30999755859375,43.94499969482422,53.20000076293945,145.22000122070312,115.0999984741211,227.9499969482422,257.8800048828125,291.2099914550781,1050.010009765625,361.5400085449219,52.79999923706055,43.81999969482422,99.30000305175781,88.69999694824219,155.8000030517578,33.029998779296875,107.08000183105469,789.0,38.38999938964844,189.99000549316406,302.1600036621094,825.0,196.72000122070312,87.51000213623047,164.9600067138672,224.80999755859375,189.99000549316406,24.739999771118164,186.77999877929688,168.9499969482422,36.16999816894531,301.42999267578125,298.6499938964844,363.5,48.439998626708984,171.47999572753906,86.9000015258789,44.17499923706055,53.369998931884766,146.08999633789062,115.69999694824219,2784400,65613100,1794300,1265600,20065800,27345800,21380700,13214200,5716000,4884400,5762700,3795500,1645300,160007600,7126000,5642200,2114800,2622200,7226600,5056000,23873100,153452700,34974900,2406900,81799300,17423200,5165000,13615000,7766400,10275400,2614200,11682000,19597200,27154100,6466700,10975400
2025-10-28,223.86663818359375,258.010009765625,285.8669738769531,1046.9453125,371.47845458984375,52.301002502441406,41.887969970703125,99.79435729980469,84.69862365722656,149.58091735839844,31.639986038208008,104.0918197631836,784.0563354492188,41.529998779296875,184.76837158203125,302.4409484863281,816.1279296875,189.56993103027344,85.65800476074219,162.43710327148438,221.7272491455078,201.0079345703125,23.294878005981445,180.0640411376953,178.960693359375,35.370338439941406,303.8173828125,299.8731994628906,362.5646667480469,46.33892822265625,166.4650421142578,85.53369903564453,43.029659271240234,52.53539276123047,144.2402801513672,112.51387786865234,227.5399932861328,258.010009765625,292.0899963378906,1052.47998046875,372.9700012207031,52.869998931884766,42.81999969482422,101.38999938964844,86.79000091552734,154.1300048828125,32.0099983215332,105.9000015258789,792.0900268554688,41.529998779296875,186.92999267578125,305.3599853515625,820.0999755859375,192.2100067138672,87.02999877929688,165.2100067138672,221.91000366210938,201.02999877929688,24.5,182.83999633789062,181.02999877929688,35.86000061035156,304.45001220703125,301.5299987792969,367.8399963378906,47.27000045776367,169.33999633789062,86.9000015258789,43.68000030517578,52.9900016784668,145.4499969482422,115.02999877929688,228.39999389648438,264.5799865722656,292.6300048828125,1060.6400146484375,374.05999755859375,53.279998779296875,43.38999938964844,101.52999877929688,88.36000061035156,156.22999572753906,32.779998779296875,106.79000091552734,798.3599853515625,42.47999954223633,189.50999450683594,307.9700012207031,829.4600219726562,196.13999938964844,88.11000061035156,167.1300048828125,222.89999389648438,203.14999389648438,24.780000686645508,185.02999877929688,185.91000366210938,36.33000183105469,305.9700012207031,302.1300048828125,381.0,47.66999816894531,173.16000366210938,87.30000305175781,44.1150016784668,53.400001525878906,146.5399932861328,116.18000030517578,224.30999755859375,257.0,288.260009765625,1051.72998046875,362.5299987792969,52.34000015258789,42.75,100.12999725341797,86.69000244140625,153.88999938964844,32.0,105.62999725341797,787.3499755859375,39.540000915527344,186.6199951171875,303.1600036621094,814.0499877929688,191.9499969482422,86.93000030517578,164.3800048828125,217.55999755859375,191.91000366210938,24.3799991607666,181.92999267578125,179.41000366210938,35.689998626708984,302.3800048828125,296.0799865722656,358.6300048828125,47.09000015258789,169.3000030517578,85.77999877929688,43.654998779296875,52.939998626708984,145.19000244140625,114.98999786376953,227.0,259.1400146484375,288.92999267578125,1056.800048828125,362.6199951171875,53.0,43.38999938964844,101.0,88.30000305175781,154.89999389648438,32.72999954223633,106.76000213623047,792.0499877929688,39.59000015258789,189.25999450683594,304.8599853515625,826.0,194.6300048828125,88.11000061035156,166.1199951171875,218.92999267578125,193.0500030517578,24.780000686645508,185.02999877929688,183.92999267578125,36.18000030517578,303.4599914550781,298.32000732421875,380.67999267578125,47.540000915527344,172.97000122070312,87.05999755859375,43.974998474121094,53.33000183105469,146.41000366210938,115.48999786376953,3724200,47448700,2217200,856900,21056000,29575200,17960600,8766400,5234800,5066500,6428900,3064900,1242000,181256400,8329500,6336000,2493500,1171000,8345900,3601000,14957500,297986200,50152400,1798400,20323100,12504600,4156400,11804200,18858700,7549200,1708100,13201000,22474600,33648000,8652700,9535200
2025-10-29,221.50538635253906,264.3299865722656,285.55377197265625,1067.0986328125,384.43646240234375,52.01412582397461,41.672760009765625,97.5600814819336,85.95753479003906,150.52230834960938,31.67952537536621,104.19011688232422,775.1178588867188,41.34000015258789,184.44219970703125,302.58953857421875,809.58984375,193.06129455566406,85.2151107788086,161.2769012451172,226.443359375,207.01727294921875,23.0952091217041,178.2716827392578,176.62767028808594,36.32709503173828,308.9566955566406,303.41363525390625,350.16510009765625,45.721336364746094,167.76263427734375,84.6478500366211,43.349822998046875,51.64311218261719,142.78250122070312,113.90281677246094,225.13999938964844,264.3299865722656,291.7699890136719,1070.8399658203125,385.9800109863281,52.58000183105469,42.599998474121094,99.12000274658203,88.08000183105469,155.10000610351562,32.04999923706055,106.0,783.0599975585938,41.34000015258789,186.60000610351562,305.510009765625,813.530029296875,195.75,86.58000183105469,164.02999877929688,226.6300048828125,207.0399932861328,24.290000915527344,181.02000427246094,178.6699981689453,36.83000183105469,309.6000061035156,305.0899963378906,355.260009765625,46.63999938964844,170.66000366210938,86.0,44.005001068115234,52.09000015258789,143.97999572753906,116.44999694824219,228.0,267.0799865722656,294.80999755859375,1077.760009765625,386.4800109863281,53.0099983215332,43.150001525878906,101.94000244140625,88.41000366210938,156.14999389648438,32.52000045776367,107.0,800.489990234375,42.040000915527344,187.10000610351562,308.25,830.2899780273438,197.4600067138672,87.83999633789062,166.02000427246094,232.39999389648438,212.19000244140625,24.6299991607666,183.58999633789062,183.49000549316406,36.95000076293945,312.7900085449219,307.9599914550781,366.1499938964844,47.4900016784668,172.0500030517578,87.23999786376953,44.22999954223633,52.58000183105469,145.4499969482422,117.05000305175781,224.0399932861328,257.3999938964844,289.44000244140625,1064.8399658203125,373.19000244140625,52.31999969482422,42.52000045776367,99.02999877929688,86.73999786376953,153.86000061035156,31.950000762939453,105.69000244140625,778.8200073242188,40.91999816894531,184.66000366210938,303.010009765625,809.6300048828125,190.32000732421875,86.06999969482422,163.1199951171875,226.10000610351562,204.77999877929688,24.229999542236328,180.02999877929688,178.1999969482422,35.790000915527344,306.9700012207031,302.3800048828125,353.8800048828125,46.369998931884766,167.17999267578125,85.66999816894531,43.63999938964844,51.869998931884766,143.57000732421875,114.80999755859375,227.6199951171875,264.19000244140625,291.760009765625,1070.6600341796875,373.19000244140625,52.65999984741211,42.81999969482422,101.29000091552734,86.8499984741211,153.86000061035156,32.18000030517578,105.69000244140625,788.0,41.599998474121094,186.6999969482422,303.510009765625,827.3099975585938,191.57000732421875,86.94999694824219,164.30999755859375,229.05999755859375,207.97999572753906,24.530000686645508,181.32000732421875,182.0,35.91999816894531,309.8699951171875,305.79998779296875,364.2799987792969,46.90999984741211,168.8300018310547,86.81999969482422,43.72999954223633,52.45000076293945,145.22000122070312,114.91999816894531,5469300,49335600,2824300,1530000,24975200,29158800,16147100,11878800,5476300,7344400,7060400,3740600,2251500,106962900,10551100,7520300,3591200,1624500,10921900,4963500,23217300,308829600,65438400,2592800,11614600,16662800,4503100,16177300,11874900,8829500,1569800,16444400,26807800,61846300,12425600,12570600
2025-10-30,224.5159912109375,254.83999633789062,285.7789001464844,1071.6925048828125,374.9644775390625,52.45927810668945,44.62702178955078,98.64276885986328,86.0160903930664,148.9889373779297,31.639986038208008,103.65933227539062,782.1458129882812,40.15999984741211,186.86386108398438,306.48199462890625,840.4097290039062,192.9429473876953,84.91983032226562,162.4862518310547,223.8255157470703,202.8677215576172,23.0952091217041,179.5519561767578,175.23377990722656,35.82405471801758,304.775390625,301.55389404296875,339.8058166503906,45.91740036010742,167.21214294433594,84.63800811767578,43.09368896484375,51.78190994262695,143.099853515625,112.18132019042969,228.1999969482422,254.83999633789062,292.0,1075.449951171875,376.4700012207031,53.029998779296875,45.619998931884766,100.22000122070312,88.13999938964844,153.52000427246094,32.0099983215332,105.45999908447266,790.1599731445312,40.15999984741211,189.0500030517578,309.44000244140625,844.5,195.6300048828125,86.27999877929688,165.25999450683594,224.00999450683594,202.88999938964844,24.290000915527344,182.32000732421875,177.25999450683594,36.31999969482422,305.4100036621094,303.2200012207031,344.75,46.84000015258789,170.10000610351562,85.98999786376953,43.744998931884766,52.22999954223633,144.3000030517578,114.69000244140625,229.64999389648438,263.8800048828125,294.55999755859375,1086.1099853515625,386.3999938964844,53.439998626708984,45.81999969482422,101.45999908447266,89.25,155.22999572753906,32.4900016784668,106.41000366210938,807.1400146484375,41.43000030517578,189.3800048828125,312.6099853515625,853.0,200.64999389648438,87.30000305175781,167.0,227.39999389648438,206.16000366210938,24.700000762939453,185.08999633789062,179.8800048828125,37.04999923706055,311.1199951171875,307.30999755859375,354.5400085449219,47.709999084472656,173.8000030517578,87.26000213623047,44.310001373291016,52.81999969482422,145.4499969482422,116.5199966430664,226.41000366210938,252.30999755859375,289.0,1070.6099853515625,370.05999755859375,52.560001373291016,43.20000076293945,98.30999755859375,87.29000091552734,153.24000549316406,31.649999618530273,104.94000244140625,780.5999755859375,40.11000061035156,186.91000366210938,305.1000061035156,812.25,195.49000549316406,83.30000305175781,163.39999389648438,220.74000549316406,201.41000366210938,24.149999618530273,180.3699951171875,177.19000244140625,36.279998779296875,305.3800048828125,300.82000732421875,343.6000061035156,46.61000061035156,169.02000427246094,85.87999725341797,43.685001373291016,52.02000045776367,143.77000427246094,114.52999877929688,227.0500030517578,259.9200134277344,290.5799865722656,1072.6800537109375,386.3999938964844,52.66999816894531,43.27000045776367,98.62999725341797,87.93000030517578,155.22999572753906,31.90999984741211,105.56999969482422,783.5599975585938,40.970001220703125,187.0800018310547,305.7900085449219,837.5,196.44000244140625,84.62000274658203,163.82000732421875,226.10000610351562,205.14999389648438,24.309999465942383,181.3300018310547,178.67999267578125,36.68000030517578,307.94000244140625,303.0799865722656,347.5199890136719,46.650001525878906,170.24000549316406,86.08000183105469,43.9900016784668,52.02000045776367,143.9600067138672,116.43000030517578,5020700,45162500,2058200,1283100,24295300,37548600,41931600,9584000,6114200,8971200,6257100,3698700,1829500,84855500,7072500,7514600,6037200,1697200,16678800,4960500,14795100,178864400,157478000,1959600,7862900,15557600,4630700,14507100,11441900,7191000,1849500,14830000,20663400,48568700,10756100,16172900
2025-10-31,214.52000427246094,256.1199951171875,292.0718994140625,1055.5291748046875,368.1518249511719,52.87476348876953,45.067230224609375,99.63687896728516,86.71874237060547,153.06495666503906,32.11444091796875,104.0328369140625,781.3638916015625,39.9900016784668,186.68594360351562,308.1459045410156,858.6808471679688,192.2328338623047,84.62456512451172,162.2290496826172,223.58570861816406,202.4677734375,23.437501907348633,179.77845764160156,178.83218383789062,35.56761169433594,305.91302490234375,298.77923583984375,336.66156005859375,45.76054763793945,166.6813201904297,85.60260009765625,43.4089241027832,51.92070770263672,143.05026245117188,111.85853576660156,218.0399932861328,256.1199951171875,298.42999267578125,1059.22998046875,369.6300048828125,53.45000076293945,46.06999969482422,101.2300033569336,88.86000061035156,157.72000122070312,32.4900016784668,105.83999633789062,789.3699951171875,39.9900016784668,188.8699951171875,311.1199951171875,862.8599853515625,194.91000366210938,85.9800033569336,164.0,223.77000427246094,202.49000549316406,24.649999618530273,182.5500030517578,180.89999389648438,36.060001373291016,306.54998779296875,300.42999267578125,341.55999755859375,46.68000030517578,169.55999755859375,86.97000122070312,44.064998626708984,52.369998931884766,144.25,114.36000061035156,223.8699951171875,262.1300048828125,298.8800048828125,1073.280029296875,378.82000732421875,53.63999938964844,46.5,101.51000213623047,89.61000061035156,159.17999267578125,32.59000015258789,106.66999816894531,791.719970703125,40.83000183105469,189.5,312.8699951171875,869.9099731445312,196.5,86.45999908447266,164.89999389648438,231.25,207.97000122070312,24.729999542236328,183.2100067138672,182.14999389648438,36.529998779296875,311.32000732421875,307.67999267578125,346.2799987792969,46.869998931884766,171.00999450683594,87.3499984741211,44.314998626708984,52.5,144.49000549316406,115.2300033569336,216.0,253.41000366210938,288.0,1051.4000244140625,365.1000061035156,52.77000045776367,45.20000076293945,99.72000122070312,87.52999877929688,155.11000061035156,31.940000534057617,105.20999908447266,783.0,39.790000915527344,186.75999450683594,307.25,834.1900024414062,193.3300018310547,84.55999755859375,162.91000366210938,218.82000732421875,202.07000732421875,24.15999984741211,180.39999389648438,176.8300018310547,35.779998779296875,304.260009765625,296.67999267578125,337.1199951171875,46.08000183105469,167.02000427246094,85.01000213623047,43.65999984741211,51.939998626708984,142.6999969482422,112.62000274658203,223.0,259.6000061035156,288.4599914550781,1071.6800537109375,378.2699890136719,52.790000915527344,45.470001220703125,99.9000015258789,87.91000366210938,155.72999572753906,32.119998931884766,105.55000305175781,784.97998046875,40.68000030517578,187.4600067138672,308.5400085449219,839.1599731445312,196.1999969482422,85.41999816894531,163.35000610351562,227.75,206.4499969482422,24.280000686645508,181.00999450683594,178.52000427246094,36.2599983215332,308.70001220703125,305.989990234375,344.3900146484375,46.43000030517578,169.85000610351562,85.4800033569336,43.849998474121094,52.0099983215332,143.02000427246094,113.9800033569336,10825300,34449200,2687100,1179400,21598400,39295700,21482900,11190300,5635800,11136100,5408400,3965100,1328100,80471400,8791700,7721300,5015000,1539000,12385000,5323500,16320000,179802200,132697400,1554500,9452800,15188200,5163900,12667900,8390800,9636200,1670100,14776700,26985400,40425800,10581100,20213400
2025-11-03,208.53817749023438,259.6499938964844,289.98724365234375,1063.0926513671875,361.1001281738281,52.98358154296875,45.01831817626953,100.6072006225586,86.43572998046875,149.4935760498047,32.44062423706055,103.83625793457031,777.5529174804688,39.5,184.1061248779297,306.3928527832031,892.1878051757812,193.10073852539062,81.1895751953125,161.88282775878906,234.5067138671875,206.85728454589844,23.447010040283203,179.965576171875,178.6542510986328,36.51449966430664,307.7392272949219,303.18487548828125,329.00299072265625,45.70172882080078,168.6866912841797,85.92742156982422,43.41385269165039,51.702598571777344,143.2485809326172,111.27166748046875,211.9600067138672,259.6499938964844,296.29998779296875,1066.8199462890625,362.54998779296875,53.560001373291016,46.02000045776367,101.61000061035156,88.56999969482422,154.0399932861328,32.81999969482422,105.63999938964844,785.52001953125,39.5,186.25999450683594,309.3500061035156,896.530029296875,195.7899932861328,82.48999786376953,163.64999389648438,234.6999969482422,206.8800048828125,24.65999984741211,182.74000549316406,180.72000122070312,37.02000045776367,308.3800048828125,304.8599853515625,333.7900085449219,46.619998931884766,171.60000610351562,87.30000305175781,44.06999969482422,52.150001525878906,144.4499969482422,113.76000213623047,219.0,260.9100036621094,301.0,1073.4000244140625,374.8500061035156,53.63999938964844,46.65999984741211,101.63999938964844,88.83000183105469,157.72000122070312,32.83000183105469,105.98999786376953,796.0,40.45000076293945,189.02999877929688,312.32000732421875,901.3400268554688,196.52999877929688,86.0999984741211,164.66000366210938,237.6199951171875,211.33999633789062,24.75,182.7899932861328,183.4499969482422,37.310001373291016,311.75,310.1199951171875,340.70001220703125,46.810001373291016,171.9600067138672,87.88999938964844,44.189998626708984,52.34000015258789,144.55999755859375,114.98999786376953,211.69000244140625,253.88999938964844,292.1199951171875,1062.989990234375,361.9800109863281,52.709999084472656,45.5099983215332,99.05000305175781,87.38999938964844,153.57000732421875,31.93000030517578,103.9000015258789,781.4400024414062,39.04999923706055,185.52000427246094,306.2099914550781,862.6199951171875,193.4600067138672,82.33999633789062,161.57000732421875,231.8000030517578,205.55999755859375,24.40999984741211,179.82000732421875,179.08999633789062,36.029998779296875,307.1300048828125,302.1199951171875,326.6000061035156,45.97999954223633,167.8000030517578,85.8499984741211,43.564998626708984,51.650001525878906,142.8300018310547,113.63999938964844,216.67999267578125,259.3299865722656,298.42999267578125,1063.02001953125,372.0,53.2599983215332,46.20000076293945,100.72000122070312,88.69999694824219,157.41000366210938,32.45000076293945,105.91000366210938,789.5700073242188,40.25,189.0,311.0,866.530029296875,194.75999450683594,85.7699966430664,164.3000030517578,233.8800048828125,208.0800018310547,24.59000015258789,181.88999938964844,182.9499969482422,36.099998474121094,310.3999938964844,302.5899963378906,339.1300048828125,46.54999923706055,170.50999450683594,87.13999938964844,44.07500076293945,52.33000183105469,144.07000732421875,114.5,8874300,36351400,2753300,868100,17198900,31252300,20374700,10829100,5310100,8512200,7413900,3749700,1569100,61267500,7542600,7770000,5401500,1443200,13875800,4719200,21199300,180267300,140871300,2035700,8535100,19349000,3750800,12466600,11181400,10455200,1658000,12769300,22232000,38693200,12279300,12290300
2025-11-04,212.40472412109375,250.0500030517578,290.3787536621094,1026.5408935546875,350.5325622558594,52.96379470825195,44.597679138183594,100.01313018798828,85.79164123535156,148.8627471923828,32.173744201660156,103.4627456665039,782.80908203125,37.029998779296875,184.69918823242188,306.2937927246094,902.4677734375,181.2556915283203,82.5379867553711,162.23895263671875,217.85043334960938,198.66818237304688,23.104717254638672,180.17237854003906,170.8643035888672,35.62678527832031,295.6444091796875,292.4342956542969,326.0854187011719,45.51547622680664,166.23895263671875,85.76008605957031,42.945926666259766,51.970279693603516,143.89320373535156,111.64334869384766,215.88999938964844,250.0500030517578,296.70001220703125,1030.1400146484375,351.94000244140625,53.540000915527344,45.59000015258789,101.01000213623047,87.91000366210938,153.38999938964844,32.54999923706055,105.26000213623047,790.8300170898438,37.029998779296875,186.86000061035156,309.25,906.8599853515625,183.77999877929688,83.86000061035156,164.00999450683594,218.02999877929688,198.69000244140625,24.299999237060547,182.9499969482422,172.83999633789062,36.119998931884766,296.260009765625,294.04998779296875,330.8299865722656,46.43000030517578,169.11000061035156,87.12999725341797,43.595001220703125,52.41999816894531,145.10000610351562,114.13999938964844,217.0800018310547,257.3800048828125,299.05999755859375,1063.260009765625,368.95001220703125,54.0,46.599998474121094,102.55000305175781,88.06999969482422,153.75999450683594,32.650001525878906,105.48999786376953,806.0,38.25,187.82000732421875,312.2200012207031,915.219970703125,187.24000549316406,84.95999908447266,166.92999267578125,228.6699981689453,203.97000122070312,25.200000762939453,184.77999877929688,179.33999633789062,36.459999084472656,304.75,301.989990234375,336.5,46.9900016784668,169.8699951171875,88.5,43.71500015258789,52.540000915527344,145.49000549316406,114.3499984741211,212.3699951171875,247.38999938964844,294.4800109863281,1028.8299560546875,351.0,52.720001220703125,45.380001068115234,98.69000244140625,87.01000213623047,152.14999389648438,31.90999984741211,103.97000122070312,773.0,36.630001068115234,185.6199951171875,305.1000061035156,883.6400146484375,175.0,82.01000213623047,160.86000061035156,217.39999389648438,197.92999267578125,24.200000762939453,180.66000366210938,172.2899932861328,35.790000915527344,295.54998779296875,293.510009765625,327.20001220703125,46.15999984741211,165.0500030517578,85.87999725341797,43.185001373291016,51.84000015258789,143.49000549316406,112.51000213623047,212.3699951171875,250.35000610351562,298.7099914550781,1049.949951171875,358.5199890136719,53.02000045776367,45.4900016784668,100.1500015258789,87.37000274658203,153.42999267578125,32.349998474121094,104.0,777.0,38.13999938964844,186.8300018310547,306.7099914550781,891.4099731445312,179.10000610351562,82.69999694824219,162.3300018310547,222.13999938964844,203.0,24.389999389648438,181.6300048828125,177.47999572753906,36.31999969482422,300.3399963378906,296.8800048828125,327.6300048828125,46.45000076293945,169.0,87.0,43.529998779296875,51.95000076293945,143.77000427246094,113.37999725341797,6184000,56491800,3412500,1735100,24047500,47226600,16316800,13449100,5740400,6976800,7989600,4758700,2046000,102250300,7209400,7085200,5911500,5838700,12846100,5739200,23696200,188919300,166162000,1658700,12323600,18718800,5288800,16224300,9646600,7204300,2188300,16737700,29477600,44675200,14182200,16860700
2025-11-05,213.27052307128906,256.3299865722656,313.0453186035156,1040.103271484375,357.54443359375,51.88552474975586,45.458526611328125,100.68641662597656,85.58668518066406,148.15432739257812,31.966171264648438,103.3939437866211,785.046142578125,38.380001068115234,183.84913635253906,308.7005615234375,921.3259887695312,183.6227264404297,83.05962371826172,163.39630126953125,237.30441284179688,195.18858337402344,23.39946746826172,181.35414123535156,177.66567993164062,36.05091857910156,304.83526611328125,292.02655029296875,323.03973388671875,45.81937026977539,167.25144958496094,85.58291625976562,43.05921173095703,52.14873504638672,144.44854736328125,111.19341278076172,216.77000427246094,256.3299865722656,319.8599853515625,1043.75,358.9800109863281,52.45000076293945,46.470001220703125,101.69000244140625,87.69999694824219,152.66000366210938,32.34000015258789,105.19000244140625,793.0900268554688,38.380001068115234,186.0,311.67999267578125,925.8099975585938,186.17999267578125,84.38999938964844,165.17999267578125,237.5,195.2100067138672,24.610000610351562,184.14999389648438,179.72000122070312,36.54999923706055,305.4700012207031,293.6400146484375,327.739990234375,46.7400016784668,170.13999938964844,86.94999694824219,43.709999084472656,52.599998474121094,145.66000366210938,113.68000030517578,217.42999267578125,259.6499938964844,322.9800109863281,1050.6400146484375,364.8699951171875,53.06999969482422,46.630001068115234,102.27999877929688,88.70999908447266,154.39999389648438,33.119998931884766,106.5,797.3599853515625,38.689998626708984,187.8300018310547,313.1000061035156,955.4600219726562,189.66000366210938,85.37999725341797,165.9600067138672,239.8800048828125,202.9199981689453,24.670000076293945,185.2899932861328,183.42999267578125,37.029998779296875,309.1700134277344,298.2200012207031,330.2099914550781,47.0099983215332,172.69000244140625,88.30000305175781,44.19499969482422,52.81999969482422,146.25999450683594,115.18000030517578,212.60000610351562,242.80999755859375,302.1300048828125,1030.800048828125,350.0899963378906,51.7400016784668,45.43000030517578,99.01000213623047,87.55999755859375,152.66000366210938,32.290000915527344,104.75,775.5800170898438,37.11000061035156,185.39999389648438,305.6300048828125,907.8599853515625,184.00999450683594,82.91000366210938,161.6300048828125,224.72999572753906,194.64999389648438,24.15999984741211,181.50999450683594,174.32000732421875,35.959999084472656,296.8900146484375,291.5,324.2200012207031,46.02000045776367,168.6199951171875,85.91000366210938,43.54499816894531,52.18000030517578,144.3800048828125,113.66999816894531,215.74000549316406,243.24000549316406,303.1300048828125,1031.0999755859375,350.8900146484375,52.959999084472656,45.54999923706055,101.25,87.61000061035156,153.52999877929688,32.5,105.05999755859375,790.4400024414062,37.41999816894531,186.63999938964844,309.6099853515625,911.0,184.7899932861328,84.02999877929688,163.8699951171875,225.6699981689453,198.77000427246094,24.3799991607666,183.05999755859375,174.75999450683594,36.25,297.2099914550781,292.6199951171875,326.29998779296875,46.43000030517578,169.7100067138672,87.37999725341797,43.599998474121094,52.4900016784668,144.6300048828125,114.08999633789062,4928200,67366600,5486200,1169400,17087600,54353600,11730700,9992400,6384600,5894700,9305500,3636000,1832700,74631600,5049400,6865200,7272900,2092700,9440200,4133000,28617400,171350300,107240900,1800800,18845500,14655300,4949400,10502500,9697100,5577200,1762400,15609400,23857200,38036300,13154600,12400900
2025-11-06,215.50387573242188,237.6999969482422,308.8663024902344,1025.6041259765625,354.16796875,52.71648406982422,45.61504364013672,99.85470581054688,83.59585571289062,148.42604064941406,32.05513381958008,103.20718383789062,779.592041015625,37.2400016784668,184.8079071044922,310.4239501953125,932.899658203125,190.07290649414062,84.42771911621094,161.6553192138672,238.13372802734375,188.05935668945312,23.627662658691406,180.14283752441406,171.22019958496094,35.86351013183594,296.8818054199219,287.65069580078125,316.9483947753906,45.92719650268555,173.02178955078125,84.6872329711914,43.477882385253906,51.96036911010742,144.7261962890625,111.9954833984375,219.0399932861328,237.6999969482422,315.5899963378906,1029.199951171875,355.5899963378906,53.290000915527344,46.630001068115234,100.8499984741211,85.66000366210938,152.94000244140625,32.43000030517578,105.0,787.5800170898438,37.2400016784668,186.97000122070312,313.4200134277344,937.4400024414062,192.72000122070312,85.77999877929688,163.4199981689453,238.3300018310547,188.0800018310547,24.850000381469727,182.9199981689453,173.1999969482422,36.36000061035156,297.5,289.239990234375,321.55999755859375,46.849998474121094,176.00999450683594,86.04000091552734,44.1349983215332,52.40999984741211,145.94000244140625,114.5,219.67999267578125,253.50999450683594,321.30999755859375,1041.530029296875,363.5,53.75,47.0,102.33999633789062,88.36000061035156,154.7899932861328,33.59000015258789,106.5999984741211,798.2000122070312,39.84000015258789,187.52000427246094,314.8399963378906,949.9000244140625,195.92999267578125,86.16999816894531,165.6699981689453,246.41000366210938,197.6199951171875,25.1299991607666,185.0,178.50999450683594,37.209999084472656,305.8900146484375,294.6400146484375,332.3699951171875,47.18000030517578,179.10000610351562,87.33999633789062,44.54999923706055,52.70000076293945,146.11000061035156,114.94000244140625,215.64999389648438,235.74000549316406,312.5199890136719,1026.43994140625,352.7099914550781,52.77000045776367,45.959999084472656,99.97000122070312,85.56999969482422,152.67999267578125,32.060001373291016,104.81999969482422,777.0,36.79999923706055,185.3699951171875,310.260009765625,916.260009765625,187.6199951171875,84.3499984741211,162.64999389648438,234.8800048828125,186.3800048828125,24.540000915527344,182.17999267578125,170.05999755859375,36.34000015258789,295.3500061035156,287.3800048828125,321.45001220703125,46.4900016784668,172.02999877929688,85.5199966430664,43.775001525878906,52.16999816894531,144.94000244140625,113.63999938964844,215.88999938964844,253.47000122070312,319.1000061035156,1039.8800048828125,360.1099853515625,53.41999816894531,46.40999984741211,101.47000122070312,87.0,152.91000366210938,33.31999969482422,105.56999969482422,794.0,38.34000015258789,186.75999450683594,310.989990234375,928.0,187.6199951171875,84.4800033569336,164.57000732421875,237.83999633789062,196.4199981689453,24.75,183.22000122070312,177.8000030517578,36.65999984741211,305.0,294.1000061035156,328.9200134277344,46.790000915527344,172.02999877929688,86.9000015258789,43.775001525878906,52.5099983215332,145.13999938964844,113.63999938964844,6615300,66049700,3330300,1073000,19896900,55296000,11591200,9282500,13101800,6466300,13993900,6018300,1572500,77629900,6767400,7206100,6417400,3079300,10601400,4292900,32016800,223029800,124137200,1301500,16184700,14651300,8548300,11516900,7922100,7170000,3111800,16800200,32154800,42625700,14395800,14219700
2025-11-07,215.62193298339844,233.5399932861328,313.3780822753906,1013.4069213867188,348.0325927734375,52.6274528503418,45.673736572265625,99.79529571533203,84.73766326904297,150.4446563720703,33.310455322265625,103.61018371582031,778.3646240234375,38.130001068115234,184.4125518798828,311.20635986328125,919.8929443359375,191.0986328125,84.91983032226562,160.60678100585938,237.7240447998047,188.1293487548828,23.637338638305664,181.40338134765625,168.93661499023438,36.1594123840332,293.768310546875,284.92578125,319.56036376953125,46.387943267822266,172.63841247558594,85.13247680664062,44.103431701660156,52.32719039916992,144.92454528808594,114.6559829711914,219.16000366210938,233.5399932861328,320.20001220703125,1016.9600219726562,349.42999267578125,53.20000076293945,46.689998626708984,100.79000091552734,86.83000183105469,155.02000427246094,33.70000076293945,105.41000366210938,786.3400268554688,38.130001068115234,186.57000732421875,314.2099914550781,924.3699951171875,193.75999450683594,86.27999877929688,162.36000061035156,237.9199981689453,188.14999389648438,24.43000030517578,184.1999969482422,170.88999938964844,36.65999984741211,294.3800048828125,286.5,324.2099914550781,47.31999969482422,175.6199951171875,86.04000091552734,44.77000045776367,52.779998779296875,146.13999938964844,117.22000122070312,220.99000549316406,235.8699951171875,321.4200134277344,1035.4000244140625,354.5,53.58000183105469,46.9900016784668,100.83000183105469,87.37999725341797,156.1699981689453,33.72999954223633,106.62999725341797,787.0599975585938,38.27000045776367,188.35000610351562,314.42999267578125,932.0,197.07000732421875,86.58999633789062,162.60000610351562,242.5500030517578,188.32000732421875,24.6299991607666,184.22999572753906,174.25,36.79999923706055,294.45001220703125,287.8900146484375,324.54998779296875,47.34000015258789,179.0,86.08999633789062,44.875,52.79999923706055,146.14999389648438,117.51000213623047,217.08999633789062,224.63999938964844,314.0,996.8200073242188,337.2699890136719,52.709999084472656,46.31999969482422,97.37000274658203,85.58999633789062,153.42999267578125,32.4900016784668,103.5,762.7999877929688,36.970001220703125,185.6999969482422,307.6400146484375,900.9000244140625,191.57000732421875,85.23999786376953,158.05999755859375,226.39999389648438,178.91000366210938,24.110000610351562,180.47999572753906,168.25,35.88999938964844,283.5899963378906,277.1300048828125,314.1600036621094,46.470001220703125,174.25999450683594,84.04000091552734,44.16999816894531,52.09000015258789,144.72000122070312,114.9000015258789,219.30999755859375,230.94000244140625,316.0799865722656,1031.0999755859375,354.19000244140625,53.150001525878906,46.720001220703125,100.01000213623047,86.0999984741211,153.42999267578125,32.810001373291016,106.2300033569336,783.0,37.2599983215332,187.74000549316406,311.8900146484375,931.1699829101562,194.10000610351562,85.94999694824219,162.2100067138672,234.02999877929688,184.89999389648438,24.329999923706055,181.99000549316406,172.72999572753906,36.47999954223633,292.6400146484375,285.2099914550781,319.6600036621094,46.619998931884766,176.75999450683594,85.11000061035156,44.290000915527344,52.279998779296875,145.83999633789062,115.20999908447266,4647900,52162600,2665200,1841900,21903200,40537700,9007500,14887100,7567400,9835900,9921100,7053600,2098400,95521400,6959200,7302300,4373400,2174200,9214300,6323300,30613800,264942300,117794500,1390100,10614700,11074700,13798600,15715700,9402900,6870400,2393400,15612100,35458400,46218700,14522900,17181100
2025-11-10,215.17921447753906,243.97999572753906,316.7643737792969,1035.16064453125,356.9568176269531,52.84508514404297,46.231327056884766,100.48838806152344,86.10393524169922,151.05604553222656,33.52790832519531,104.75038146972656,789.1144409179688,38.45000076293945,186.2312774658203,313.8607482910156,961.958251953125,193.66290283203125,85.3824234008789,163.26773071289062,253.0913848876953,199.0281524658203,23.598636627197266,182.27989196777344,169.6088409423828,36.40599822998047,301.37249755859375,293.6475830078125,316.96807861328125,46.642822265625,176.1379852294922,85.19184875488281,44.50239944458008,52.51556396484375,146.0550537109375,115.63410949707031,218.7100067138672,243.97999572753906,323.6600036621094,1038.7900390625,358.3900146484375,53.41999816894531,47.2599983215332,101.48999786376953,88.2300033569336,155.64999389648438,33.91999816894531,106.56999969482422,797.2000122070312,38.45000076293945,188.41000366210938,316.8900146484375,966.6400146484375,196.36000061035156,86.75,165.0500030517578,253.3000030517578,199.0500030517578,24.389999389648438,185.08999633789062,171.57000732421875,36.90999984741211,302.0,295.2699890136719,321.5799865722656,47.58000183105469,179.17999267578125,86.0999984741211,45.17499923706055,52.970001220703125,147.27999877929688,118.22000122070312,219.86000061035156,248.89999389648438,326.17999267578125,1042.7900390625,360.0,53.9900016784668,47.400001525878906,102.9000015258789,88.55000305175781,155.97999572753906,34.20000076293945,107.02999877929688,806.3599853515625,39.529998779296875,188.4199981689453,319.55999755859375,981.989990234375,198.75999450683594,87.37000274658203,166.05999755859375,257.07000732421875,199.94000244140625,24.889999389648438,186.02999877929688,174.8000030517578,37.04999923706055,303.3599853515625,297.1300048828125,324.25,47.810001373291016,180.14999389648438,87.0,45.279998779296875,53.150001525878906,147.42999267578125,118.44999694824219,216.14999389648438,240.5,319.5400085449219,1021.0700073242188,354.6099853515625,53.34000015258789,46.66999816894531,100.30999755859375,86.4000015258789,152.3699951171875,33.34000015258789,104.4000015258789,788.7999877929688,37.970001220703125,185.1199951171875,314.2099914550781,938.4099731445312,191.5500030517578,85.80000305175781,163.80999755859375,247.80999755859375,193.7899932861328,23.90999984741211,183.0,169.5,36.11000061035156,298.5400085449219,291.75,317.1700134277344,47.11000061035156,172.97000122070312,85.44999694824219,44.30500030517578,52.650001525878906,145.72000122070312,115.45999908447266,217.0,242.13999938964844,320.6000061035156,1036.77001953125,357.8999938964844,53.40999984741211,46.66999816894531,101.26000213623047,87.33000183105469,155.4199981689453,34.02000045776367,105.91000366210938,796.0800170898438,38.93000030517578,186.0,315.0,939.739990234375,193.3300018310547,86.69000244140625,163.80999755859375,247.9600067138672,195.11000061035156,24.65999984741211,184.27000427246094,173.75999450683594,36.880001068115234,302.44000244140625,294.3599853515625,319.989990234375,47.40999984741211,175.52999877929688,86.29000091552734,44.8849983215332,52.93000030517578,145.7899932861328,117.44000244140625,4530800,43361600,2518600,992900,16409000,26094600,10739300,11270600,6071400,8436800,6808200,4811000,1698200,77820300,5323800,5794100,5696600,2269100,8319600,5015400,27870600,198897100,148958600,1399500,10129300,12276000,6030800,10869200,9283800,5685900,2145900,13138200,31264600,42010600,12305900,13048000
2025-11-11,221.534912109375,237.52000427246094,331.2392883300781,1018.8478393554688,350.552490234375,53.052825927734375,47.65955352783203,99.76559448242188,88.50464630126953,151.62864685058594,34.75357437133789,107.47308349609375,802.0914916992188,37.880001068115234,191.58859252929688,312.6028747558594,983.831787109375,197.38113403320312,89.51620483398438,164.70205688476562,240.9114227294922,193.1387939453125,24.682296752929688,182.0139923095703,171.99127197265625,37.096439361572266,294.5367126464844,289.57012939453125,322.7539367675781,46.68203353881836,177.78945922851562,85.28089904785156,45.0836181640625,52.753501892089844,149.42677307128906,117.15998077392578,225.1699981689453,237.52000427246094,338.45001220703125,1022.4199829101562,351.9599914550781,53.630001068115234,48.720001220703125,100.76000213623047,90.69000244140625,156.24000549316406,35.15999984741211,109.33999633789062,810.3099975585938,37.880001068115234,193.8300018310547,315.6199951171875,988.6199951171875,200.1300048828125,90.94999694824219,166.5,241.11000061035156,193.16000366210938,25.510000228881836,184.82000732421875,173.97999572753906,37.61000061035156,295.1499938964844,291.1700134277344,327.45001220703125,47.619998931884766,180.86000061035156,86.19000244140625,45.76499938964844,53.209999084472656,150.67999267578125,119.77999877929688,225.4199981689453,248.4600067138672,338.54998779296875,1036.97998046875,361.8900146484375,53.97999954223633,48.7400016784668,102.08999633789062,91.38999938964844,157.99000549316406,35.58000183105469,110.66999816894531,812.0,38.220001220703125,193.9199981689453,319.04998779296875,999.9500122070312,201.72000122070312,91.06999969482422,166.72000122070312,249.99000549316406,195.4199981689453,25.510000228881836,186.36000061035156,175.97999572753906,38.08000183105469,300.0199890136719,294.9200134277344,327.8599853515625,47.939998626708984,182.99000549316406,87.05999755859375,46.084999084472656,53.34000015258789,150.82000732421875,120.80999755859375,219.0,234.63999938964844,323.4200134277344,1017.780029296875,349.6700134277344,53.279998779296875,47.45000076293945,100.30999755859375,88.80000305175781,155.89999389648438,34.11000061035156,107.2699966430664,795.6099853515625,37.4900016784668,189.0500030517578,315.2799987792969,965.2899780273438,197.4199981689453,87.26000213623047,164.77999877929688,238.7899932861328,191.3000030517578,24.440000534057617,184.42999267578125,171.0,37.11000061035156,294.69000244140625,288.9100036621094,319.8800048828125,47.31999969482422,179.9499969482422,86.05000305175781,45.40999984741211,52.880001068115234,147.60000610351562,118.83000183105469,219.0,241.66000366210938,323.4200134277344,1031.77001953125,358.9700012207031,53.75,47.47999954223633,101.63999938964844,89.12000274658203,156.75,34.11000061035156,107.29000091552734,798.47998046875,38.150001525878906,189.38999938964844,317.5,966.5499877929688,197.8000030517578,87.3499984741211,165.3000030517578,248.33999633789062,195.16000366210938,24.489999771118164,185.99000549316406,171.0,37.20000076293945,299.0400085449219,292.05999755859375,323.29998779296875,47.70000076293945,180.10000610351562,86.11000061035156,45.44499969482422,53.06999969482422,147.60000610351562,118.83000183105469,4802400,61336800,3136500,1026000,16446800,22244300,14446000,9639500,6561600,6361400,9901700,5666800,1521500,53741900,7465600,5030200,4166400,2132900,15436000,3237600,22622500,176483300,139673800,1140000,8419100,10426200,5877900,9666300,7157800,4751600,1868800,13851500,38752800,29995800,12659500,16077100
2025-11-12,229.46478271484375,258.8900146484375,329.115478515625,1033.7056884765625,353.7994689941406,53.52765655517578,48.01171875,101.85477447509766,86.92367553710938,148.79483032226562,34.81288528442383,106.8833236694336,830.4608154296875,37.88999938964844,192.14210510253906,317.34710693359375,1012.8505859375,194.19549560546875,90.0083236694336,168.0851287841797,244.69830322265625,193.7787322998047,25.030616760253906,184.07225036621094,174.65052795410156,35.57746887207031,299.0473327636719,289.02313232421875,334.1974182128906,46.946712493896484,174.5258331298828,85.35016632080078,44.453147888183594,53.20955276489258,151.54898071289062,115.53630065917969,233.22999572753906,258.8900146484375,336.2799987792969,1037.3299560546875,355.2200012207031,54.11000061035156,49.08000183105469,102.87000274658203,89.06999969482422,153.32000732421875,35.220001220703125,108.73999786376953,838.969970703125,37.88999938964844,194.38999938964844,320.4100036621094,1017.780029296875,196.89999389648438,91.44999694824219,169.9199981689453,244.89999389648438,193.8000030517578,25.8700008392334,186.91000366210938,176.6699981689453,36.06999969482422,299.6700134277344,290.6199951171875,339.05999755859375,47.88999938964844,177.5399932861328,86.26000213623047,45.125,53.66999816894531,152.82000732421875,118.12000274658203,234.0,263.510009765625,342.3999938964844,1038.699951171875,358.8699951171875,54.689998626708984,49.72999954223633,103.86000061035156,90.26000213623047,155.7899932861328,35.529998779296875,109.62000274658203,840.0,38.20000076293945,195.5500030517578,322.25,1022.4199829101562,202.25,92.91000366210938,171.77000427246094,249.19000244140625,195.88999938964844,25.950000762939453,188.0800018310547,177.4199981689453,37.54999923706055,301.69000244140625,294.8699951171875,343.1700134277344,48.5099983215332,181.5,88.63999938964844,45.665000915527344,53.88999938964844,153.16000366210938,119.27999877929688,225.2899932861328,250.0,335.82000732421875,1025.22998046875,351.67999267578125,53.77000045776367,48.720001220703125,101.18000030517578,88.94000244140625,152.0800018310547,34.779998779296875,108.29000091552734,814.1300048828125,37.349998474121094,193.07000732421875,316.2099914550781,990.0999755859375,196.35000610351562,91.16000366210938,167.52000427246094,240.83999633789062,191.1300048828125,25.25,184.9499969482422,174.8800048828125,36.0,297.5,289.5799865722656,327.0799865722656,47.70000076293945,177.17999267578125,85.94000244140625,45.060001373291016,53.220001220703125,150.72000122070312,117.79000091552734,225.39999389648438,253.1300048828125,338.6400146484375,1030.1600341796875,358.0400085449219,53.88999938964844,49.0,101.20999908447266,89.33000183105469,155.5800018310547,35.099998474121094,108.58999633789062,814.1300048828125,38.060001373291016,193.36000061035156,316.260009765625,993.1199951171875,199.63999938964844,91.41000366210938,167.52000427246094,244.89999389648438,195.72000122070312,25.399999618530273,185.24000549316406,175.0,37.29999923706055,300.2200012207031,293.70001220703125,328.45001220703125,47.77000045776367,180.0,86.30999755859375,45.45500183105469,53.220001220703125,150.99000549316406,119.0999984741211,8583200,108942000,2941000,961900,12190500,40536700,12717200,15069200,6941500,11670900,10711300,3397000,2954100,53876000,8803000,10578300,5185200,2506100,13218900,6892900,17263100,154935300,96008000,1989700,8785800,11588100,4145000,9715900,10403300,5664400,1800800,16775200,29863200,46052700,17847500,13790900
2025-11-13,228.5399627685547,247.9600067138672,328.8414611816406,1016.2967529296875,338.62042236328125,52.301002502441406,47.57151412963867,99.67648315429688,87.26524353027344,150.98812866210938,34.63496398925781,107.37478637695312,797.3302612304688,35.90999984741211,192.99217224121094,306.5216064453125,1017.9158935546875,191.90736389160156,91.46499633789062,163.82167053222656,236.75485229492188,186.8394775390625,24.953210830688477,181.19659423828125,172.50534057617188,35.81419372558594,288.7787170410156,280.6494445800781,327.7511901855469,46.37813949584961,172.79571533203125,83.80661010742188,44.566436767578125,52.525474548339844,151.4696502685547,116.19164276123047,232.2899932861328,247.9600067138672,336.0,1019.8599853515625,339.9800109863281,52.869998931884766,48.630001068115234,100.66999816894531,89.41999816894531,155.5800018310547,35.040000915527344,109.23999786376953,805.5,35.90999984741211,195.25,309.4800109863281,1022.8699951171875,194.5800018310547,92.93000030517578,165.61000061035156,236.9499969482422,186.86000061035156,25.790000915527344,183.99000549316406,174.5,36.310001373291016,289.3800048828125,282.20001220703125,332.5199890136719,47.310001373291016,175.77999877929688,84.69999694824219,45.2400016784668,52.97999954223633,152.74000549316406,118.79000091552734,239.2899932861328,259.6300048828125,345.8399963378906,1041.8599853515625,353.54998779296875,54.209999084472656,49.9900016784668,103.56999969482422,90.66000366210938,156.1999969482422,35.68000030517578,110.5199966430664,841.280029296875,37.310001373291016,196.0,320.6300048828125,1032.949951171875,199.39999389648438,94.26000213623047,170.35000610351562,249.5,191.44000244140625,26.479999542236328,187.0800018310547,178.8300018310547,36.939998626708984,297.1300048828125,289.5,339.0299987792969,48.02000045776367,179.5399932861328,86.88999938964844,45.650001525878906,53.7599983215332,154.52000427246094,119.76000213623047,232.16000366210938,246.05999755859375,335.1199951171875,1009.510009765625,334.1600036621094,52.77000045776367,48.47999954223633,100.47000122070312,88.63999938964844,153.92999267578125,34.66999816894531,108.76000213623047,805.02001953125,35.45000076293945,193.4499969482422,309.1000061035156,1010.0900268554688,193.7100067138672,90.9000015258789,165.1699981689453,230.16000366210938,183.85000610351562,25.670000076293945,183.58999633789062,173.02999877929688,36.08000183105469,286.45001220703125,280.0,331.2900085449219,47.06999969482422,175.0800018310547,84.47000122070312,45.040000915527344,52.880001068115234,151.86000061035156,118.27999877929688,233.74000549316406,251.89999389648438,337.8999938964844,1040.989990234375,351.5799865722656,53.790000915527344,49.02000045776367,102.44999694824219,89.54000091552734,154.0,35.369998931884766,109.37000274658203,833.0599975585938,37.27000045776367,194.2100067138672,319.2300109863281,1010.0900268554688,197.22999572753906,91.30999755859375,169.30999755859375,243.60000610351562,191.0500030517578,25.940000534057617,186.60000610351562,176.6300048828125,36.220001220703125,295.94000244140625,289.1700134277344,338.3500061035156,47.72999954223633,178.11000061035156,86.16000366210938,45.27000045776367,53.56999969482422,152.0399932861328,118.62999725341797,7968500,63178600,3413500,1406300,22616600,37716100,14502600,11427000,8207700,7998700,8334600,3077600,2557400,95593200,8631600,8973300,4153600,2217900,16086100,6090900,32324600,207423100,123083100,1098000,9526100,10203600,10980600,13827600,7788700,6287900,2308100,15708000,32243800,50455300,21807600,17291900
2025-11-14,228.6088409423828,246.80999755859375,329.5657043457031,1003.4617309570312,341.0904541015625,52.043800354003906,45.63460922241211,99.31013488769531,89.16826629638672,152.96791076660156,35.425716400146484,108.51498413085938,782.8882446289062,35.52000045776367,193.664306640625,300.7076721191406,1021.8126831054688,197.2332000732422,91.45515441894531,162.090576171875,246.62672424316406,190.1491241455078,24.246896743774414,181.19659423828125,171.99127197265625,36.43558883666992,287.92047119140625,283.2550048828125,317.24407958984375,46.17227554321289,178.67417907714844,84.15292358398438,45.32497024536133,52.000022888183594,150.5672149658203,117.70126342773438,232.36000061035156,246.80999755859375,336.739990234375,1006.97998046875,342.4599914550781,52.61000061035156,46.650001525878906,100.30000305175781,91.37000274658203,157.6199951171875,35.84000015258789,110.4000015258789,790.9099731445312,35.52000045776367,195.92999267578125,303.6099853515625,1025.280029296875,199.97999572753906,92.91999816894531,163.86000061035156,246.8300018310547,190.1699981689453,25.059999465942383,183.99000549316406,173.97999572753906,36.939998626708984,288.5199890136719,284.82000732421875,321.8599853515625,47.099998474121094,181.75999450683594,85.05000305175781,46.0099983215332,52.45000076293945,151.8300018310547,119.29000091552734,235.0,253.44000244140625,339.79998779296875,1018.0700073242188,344.739990234375,52.900001525878906,48.369998931884766,101.55000305175781,91.81999969482422,157.9499969482422,35.88999938964844,110.61000061035156,800.6099853515625,36.099998474121094,197.17999267578125,307.6400146484375,1033.6199951171875,202.3000030517578,95.08000183105469,164.8000030517578,255.1699981689453,191.00999450683594,25.770000457763672,184.85000610351562,175.69000244140625,37.34000015258789,292.79998779296875,286.8599853515625,328.2099914550781,47.380001068115234,183.92999267578125,85.3499984741211,46.11000061035156,52.810001373291016,152.9199981689453,119.4800033569336,230.32000732421875,235.0800018310547,330.3500061035156,981.0,329.05999755859375,52.029998779296875,46.119998931884766,98.1500015258789,88.66999816894531,154.80999755859375,34.47999954223633,108.44999694824219,778.0,34.619998931884766,193.5500030517578,301.2300109863281,1007.7899780273438,195.36000061035156,91.48999786376953,159.94000244140625,231.22999572753906,180.5800018310547,24.969999313354492,181.72000122070312,171.39999389648438,35.880001068115234,279.4100036621094,273.2300109863281,320.489990234375,46.66999816894531,176.3000030517578,82.95999908447266,44.90999984741211,52.27000045776367,151.19000244140625,116.66000366210938,233.61000061035156,240.11000061035156,336.739990234375,989.2999877929688,331.4700012207031,52.86000061035156,48.27000045776367,99.83000183105469,90.23999786376953,156.22999572753906,35.189998626708984,109.44999694824219,795.5499877929688,35.029998779296875,195.0,307.510009765625,1009.0,196.63999938964844,92.19999694824219,164.1999969482422,231.4499969482422,182.86000061035156,25.670000076293945,183.83999633789062,171.77999877929688,36.439998626708984,280.6199951171875,275.9100036621094,326.95001220703125,47.189998626708984,176.5,84.44999694824219,45.47999954223633,52.810001373291016,152.22000122070312,118.44999694824219,5461500,47655600,3310300,1307800,18500800,32363100,19779300,10134500,7628400,8484800,8369700,3721200,2552000,71716200,8824800,10327000,3862300,1714400,19632000,6691200,36171100,186591900,96507600,1958000,7949900,10858300,7142000,11486800,8676500,6121500,3222400,15397300,34179400,46154600,15468900,17064300
2025-11-17,230.2223663330078,240.52000427246094,334.4297790527344,1016.436279296875,341.27972412109375,50.92596435546875,45.7911262512207,97.22096252441406,87.38548278808594,150.2505645751953,34.664615631103516,107.6106948852539,767.6939697265625,34.709999084472656,197.2720947265625,297.4986572265625,1018.2448120117188,193.2782745361328,91.39610290527344,157.7281951904297,241.750732421875,186.5795135498047,24.26624870300293,176.3217315673828,164.84393310546875,35.3111572265625,282.9707946777344,280.46044921875,315.92327880859375,44.57438278198242,175.37123107910156,82.54011535644531,44.497474670410156,51.008602142333984,150.43829345703125,116.11270141601562,234.0,240.52000427246094,341.7099914550781,1020.0,342.6499938964844,51.47999954223633,46.810001373291016,98.19000244140625,88.72000122070312,154.82000732421875,35.06999969482422,109.4800033569336,775.5599975585938,34.709999084472656,199.5800018310547,300.3699951171875,1021.7000122070312,195.97000122070312,92.86000061035156,159.4499969482422,241.9499969482422,186.60000610351562,25.079999923706055,179.0399932861328,166.75,35.79999923706055,283.55999755859375,282.010009765625,320.5199890136719,45.470001220703125,178.39999389648438,83.41999816894531,45.16999816894531,51.45000076293945,151.6999969482422,117.68000030517578,235.35000610351562,248.77000427246094,344.05999755859375,1025.0,352.20001220703125,52.58000183105469,47.72999954223633,100.27999877929688,90.72000122070312,157.88999938964844,35.88999938964844,111.12000274658203,796.72998046875,35.72999954223633,200.27999877929688,305.5899963378906,1032.1400146484375,199.3699951171875,94.75,164.08999633789062,260.5799865722656,189.0,25.56999969482422,183.82000732421875,174.83999633789062,36.93000030517578,291.5299987792969,286.5299987792969,327.8800048828125,46.9900016784668,182.72000122070312,85.05000305175781,45.970001220703125,52.4900016784668,153.32000732421875,119.5,229.22999572753906,237.14999389648438,336.8299865722656,1004.27001953125,337.5199890136719,51.38999938964844,46.52000045776367,97.22000122070312,88.0999984741211,154.44000244140625,34.849998474121094,108.62999725341797,770.5,34.22999954223633,195.89999389648438,297.6700134277344,998.2999877929688,195.3000030517578,92.68000030517578,158.75999450683594,239.4600067138672,184.32000732421875,24.950000762939453,178.3699951171875,165.1699981689453,35.61000061035156,280.239990234375,279.79998779296875,319.42999267578125,45.27000045776367,178.08999633789062,82.54000091552734,44.9900016784668,51.25,151.13999938964844,117.11000061035156,233.25999450683594,242.75,337.6400146484375,1004.719970703125,339.82000732421875,52.58000183105469,46.52000045776367,100.08000183105469,90.52999877929688,157.72000122070312,35.849998474121094,110.52999877929688,790.0,35.45000076293945,196.9600067138672,304.0,1003.719970703125,198.8800048828125,93.2300033569336,163.25,246.9199981689453,185.97000122070312,25.110000610351562,183.3800048828125,172.8000030517578,36.81999969482422,286.07000732421875,281.44000244140625,320.6000061035156,46.900001525878906,181.72999572753906,84.69000244140625,45.95500183105469,52.470001220703125,151.33999633789062,118.97000122070312,5023100,37942200,2996600,1691500,14799600,35546800,12851600,11389600,8610800,8745000,6735700,3410800,1850600,72580100,13257000,8344000,4720000,1984000,14345800,5727200,30304400,173628900,88042200,2313200,10211100,10775700,8188700,10227100,6485400,7832100,3014800,14457100,37447400,70048500,17516500,16034900
2025-11-18,230.09445190429688,230.2899932861328,336.6612243652344,1000.5519409179688,339.1383056640625,51.0842399597168,46.03568649291992,97.34967041015625,88.33103942871094,150.75103759765625,35.45536804199219,107.69915008544922,768.4263916015625,34.33000183105469,197.68724060058594,296.5478515625,1026.5665283203125,196.8682861328125,94.90982055664062,158.10409545898438,228.3118133544922,181.340087890625,24.624244689941406,177.34596252441406,163.17324829101562,35.54787826538086,276.40447998046875,276.38299560546875,309.08282470703125,45.01551818847656,182.28187561035156,82.97547149658203,44.85211181640625,50.92928695678711,151.32089233398438,117.4447250366211,233.8699951171875,230.2899932861328,343.989990234375,1004.0599975585938,340.5,51.63999938964844,47.060001373291016,98.31999969482422,89.68000030517578,153.6199951171875,35.869998931884766,109.56999969482422,776.2999877929688,34.33000183105469,200.0,299.4100036621094,1030.050048828125,199.61000061035156,96.43000030517578,159.8300018310547,228.5,181.36000061035156,25.450000762939453,180.0800018310547,165.05999755859375,36.040000915527344,276.9800109863281,277.9100036621094,313.5799865722656,45.91999816894531,185.42999267578125,83.86000061035156,45.529998779296875,51.369998931884766,152.58999633789062,119.02999877929688,237.19000244140625,238.0,345.489990234375,1017.719970703125,347.9700012207031,52.18000030517578,47.63999938964844,99.56999969482422,90.3499984741211,154.27999877929688,36.189998626708984,109.76000213623047,787.7000122070312,34.7599983215332,200.3000030517578,302.95001220703125,1040.719970703125,199.66000366210938,97.66000366210938,161.6699981689453,238.92999267578125,184.8000030517578,25.510000228881836,181.72999572753906,166.7899932861328,36.22999954223633,281.4100036621094,280.19000244140625,317.5,46.34000015258789,185.6199951171875,84.76000213623047,45.650001525878906,51.75,153.1300048828125,119.4800033569336,232.11000061035156,224.7100067138672,339.29998779296875,993.989990234375,335.510009765625,51.150001525878906,46.7599983215332,96.37999725341797,88.0999984741211,151.75999450683594,34.59000015258789,107.87000274658203,766.5399780273438,33.56999969482422,198.52999877929688,297.0199890136719,1014.010009765625,195.0,92.11000061035156,157.7899932861328,225.52000427246094,179.64999389648438,24.979999542236328,177.0800018310547,161.38999938964844,35.279998779296875,274.0899963378906,272.7200012207031,308.7699890136719,45.02000045776367,176.8000030517578,82.93000030517578,44.849998474121094,51.150001525878906,151.14999389648438,116.4800033569336,235.0,236.77999877929688,343.7300109863281,1011.0800170898438,343.20001220703125,51.279998779296875,46.810001373291016,97.5,88.4000015258789,152.5,34.75,108.6500015258789,772.0599975585938,34.25,199.00999450683594,299.5,1014.010009765625,195.6199951171875,94.11000061035156,158.63999938964844,235.47999572753906,183.3800048828125,25.049999237060547,178.47999572753906,164.88999938964844,35.43000030517578,279.5400085449219,277.54998779296875,317.010009765625,45.27000045776367,177.7100067138672,83.41999816894531,44.974998474121094,51.279998779296875,151.75,117.26000213623047,6232600,45619900,2966600,1414000,21726800,35189500,14588800,10463700,6876800,10813400,9686500,2720900,1673500,61504800,12468600,8077300,3430500,1545300,28153500,4864900,33843900,213598900,66511800,1929000,11073200,15306200,11103100,11850400,9182100,8035200,3387500,14233900,34839400,66043600,24494200,15808500
2025-11-19,229.14996337890625,223.5500030517578,335.1051025390625,1035.69873046875,353.0026550292969,51.46015167236328,44.79332733154297,98.84477233886719,86.6566162109375,148.8668975830078,34.872188568115234,105.2614974975586,778.0181274414062,35.11000061035156,200.168212890625,300.3709411621094,1046.0504150390625,193.80538940429688,93.55157470703125,160.5375213623047,225.7339324951172,186.49951171875,24.072736740112305,180.19207763671875,164.21124267578125,35.370338439941406,281.02484130859375,280.8184814453125,304.6572265625,45.8781852722168,177.26846313476562,83.27230834960938,44.27090072631836,51.11766052246094,151.0630645751953,115.78709411621094,232.91000366210938,223.5500030517578,342.3999938964844,1039.3299560546875,354.4200134277344,52.02000045776367,45.790000915527344,99.83000183105469,87.9800033569336,151.6999969482422,35.279998779296875,107.08999633789062,785.989990234375,35.11000061035156,202.50999450683594,303.2699890136719,1049.5999755859375,195.52000427246094,95.05000305175781,162.2899932861328,225.9199981689453,186.52000427246094,24.8799991607666,182.97000122070312,166.11000061035156,35.86000061035156,281.6099853515625,282.3699951171875,309.0899963378906,46.79999923706055,180.3300018310547,84.16000366210938,44.939998626708984,51.560001373291016,152.3300018310547,117.3499984741211,238.14999389648438,235.27999877929688,345.2900085449219,1044.72998046875,359.69000244140625,52.4900016784668,47.0,100.58999633789062,88.5,151.9600067138672,35.38999938964844,107.44999694824219,787.8699951171875,35.75,203.47999572753906,304.45001220703125,1055.5899658203125,196.1999969482422,97.13999938964844,162.91000366210938,234.35000610351562,187.86000061035156,25.5,183.39999389648438,167.50999450683594,36.130001068115234,285.1400146484375,284.54998779296875,315.0,46.84000015258789,181.16000366210938,84.81999969482422,45.084999084472656,51.650001525878906,152.92999267578125,118.18000030517578,230.36000061035156,219.7100067138672,340.0199890136719,1005.0,337.79998779296875,51.66999816894531,45.7400016784668,98.08999633789062,87.04000091552734,150.25,34.709999084472656,106.06999969482422,775.0,34.25,199.3800048828125,299.2699890136719,1026.25,190.49000549316406,94.08999633789062,160.0500030517578,216.36000061035156,182.8300018310547,24.719999313354492,180.0,164.11000061035156,35.119998931884766,276.82000732421875,276.32000732421875,304.5299987792969,45.79999923706055,175.67999267578125,83.61000061035156,44.40999984741211,51.189998626708984,151.57000732421875,115.93000030517578,233.5399932861328,230.25999450683594,343.4700012207031,1005.77001953125,340.7099914550781,51.66999816894531,47.0,98.16999816894531,88.0,151.16000366210938,35.0,107.29000091552734,776.2999877929688,34.33000183105469,200.0,299.739990234375,1029.6400146484375,193.22000122070312,96.0,160.35000610351562,226.91000366210938,184.7899932861328,25.350000381469727,180.36000061035156,164.69000244140625,35.380001068115234,278.1400146484375,276.9200134277344,313.92999267578125,45.880001068115234,179.35000610351562,83.9800033569336,44.724998474121094,51.380001068115234,152.47999572753906,116.8499984741211,7618400,52093400,2129800,1587800,21851900,28112300,14825000,8426800,5092900,7539900,7934500,3337700,1521100,67115500,14690800,5546600,3571200,2076800,14641300,6413600,35256600,247246400,62000200,2181800,8176500,9709500,5108100,11179200,8181100,8899100,3768400,10959600,41062800,46003900,17352600,15919200
2025-11-20,225.7458038330078,206.02000427246094,328.9099426269531,977.6123657226562,345.4330749511719,50.45112609863281,44.940059661865234,96.6664810180664,86.15428161621094,147.50283813476562,34.75357437133789,104.25891876220703,765.852783203125,33.619998931884766,200.72174072265625,295.5277099609375,1039.76171875,186.2224578857422,93.47283935546875,156.98629760742188,201.20416259765625,180.6201629638672,23.608312606811523,180.75340270996094,157.76576232910156,34.70948791503906,267.5429382324219,275.9752197265625,307.07208251953125,45.57429122924805,168.9788055419922,81.53087615966797,43.76849365234375,50.6715202331543,150.16061401367188,115.46148681640625,229.4499969482422,206.02000427246094,336.07000732421875,981.0399780273438,346.82000732421875,51.0,45.939998626708984,97.62999725341797,87.47000122070312,150.30999755859375,35.15999984741211,106.06999969482422,773.7000122070312,33.619998931884766,203.07000732421875,298.3800048828125,1043.2900390625,187.8699951171875,94.97000122070312,158.6999969482422,201.3699951171875,180.63999938964844,24.399999618530273,183.5399932861328,159.58999633789062,35.189998626708984,268.1000061035156,277.5,311.5400085449219,46.4900016784668,170.82000732421875,82.4000015258789,44.43000030517578,51.11000061035156,151.4199981689453,117.0199966430664,234.9499969482422,234.25,345.0899963378906,1050.949951171875,376.0799865722656,52.95000076293945,46.20000076293945,102.86000061035156,90.58999633789062,153.0399932861328,36.880001068115234,109.5999984741211,816.0,36.68000030517578,204.50999450683594,309.9200134277344,1057.0,197.9600067138672,96.0,166.94000244140625,230.60000610351562,196.0,25.0,187.22000122070312,168.8800048828125,36.84000015258789,289.989990234375,292.8500061035156,314.75,47.7599983215332,182.94000244140625,86.04000091552734,45.78499984741211,52.38999938964844,153.33999633789062,119.01000213623047,228.0,204.52999877929688,335.0,977.0,345.17999267578125,50.970001220703125,45.27000045776367,97.45999908447266,87.44000244140625,150.0500030517578,34.97999954223633,105.7699966430664,772.1900024414062,33.47999954223633,201.57000732421875,298.1600036621094,1038.25,187.4199981689453,93.9000015258789,158.50999450683594,199.60000610351562,179.85000610351562,24.280000686645508,182.9199981689453,158.85000610351562,35.09000015258789,267.0,276.4100036621094,310.0,46.43000030517578,170.6300048828125,82.31999969482422,44.39500045776367,51.08000183105469,151.1199951171875,116.73999786376953,233.25999450683594,232.6999969482422,344.5199890136719,1042.22998046875,366.0,52.5,45.900001525878906,101.06999969482422,88.48999786376953,152.5399932861328,35.650001525878906,107.55000305175781,795.25,36.0,202.0,306.3399963378906,1045.5,195.6199951171875,94.97000122070312,164.1999969482422,230.24000549316406,195.9499969482422,24.889999389648438,184.60000610351562,167.1300048828125,36.209999084472656,288.8999938964844,292.2099914550781,310.80999755859375,47.20000076293945,180.11000061035156,85.05999755859375,45.16999816894531,52.029998779296875,152.49000549316406,117.9800033569336,4283600,66342900,3183700,2055100,28867000,36661600,12137600,12633700,4911200,7623400,10806100,3833500,2599000,96389100,10612600,7501600,3135700,2983600,12554200,5258600,47420700,343504800,51983200,2710200,12075400,11718200,13398300,15747300,7337600,8172200,3980500,12135800,41630000,70096400,25278500,14401000
2025-11-21,232.46554565429688,203.77999877929688,332.704833984375,963.1929321289062,338.83953857421875,51.005104064941406,45.24331283569336,97.72592163085938,86.0557861328125,147.17901611328125,35.2379150390625,105.14354705810547,766.1795043945312,34.5,201.54212951660156,295.171142578125,1056.1162109375,188.94834899902344,96.21885681152344,156.46200561523438,207.19921875,178.86036682128906,24.227548599243164,184.1510467529297,161.43336486816406,35.695831298828125,270.2672424316406,273.54864501953125,315.3811950683594,46.8388786315918,171.5804443359375,82.23338317871094,44.0443229675293,51.22671127319336,153.3240966796875,115.52069091796875,236.27999877929688,203.77999877929688,337.5400085449219,966.5700073242188,340.20001220703125,51.560001373291016,46.25,98.69999694824219,87.37000274658203,149.97999572753906,35.650001525878906,106.97000122070312,774.030029296875,34.5,203.89999389648438,298.0199890136719,1059.699951171875,190.6199951171875,97.76000213623047,158.1699981689453,207.3699951171875,178.8800048828125,25.040000915527344,186.99000549316406,163.3000030517578,36.189998626708984,270.8299865722656,275.05999755859375,319.9700012207031,47.779998779296875,173.4499969482422,83.11000061035156,44.709999084472656,51.66999816894531,154.61000061035156,117.08000183105469,238.00999450683594,208.8300018310547,342.8399963378906,978.5399780273438,348.6000061035156,51.779998779296875,46.9900016784668,99.33000183105469,88.48999786376953,151.00999450683594,35.9900016784668,107.8499984741211,780.3699951171875,34.97999954223633,206.94000244140625,301.67999267578125,1066.6500244140625,192.07000732421875,100.2699966430664,160.11000061035156,212.0,184.55999755859375,25.520000457763672,189.33999633789062,165.27000427246094,36.33000183105469,274.760009765625,278.69000244140625,323.8399963378906,48.15999984741211,175.77999877929688,83.62999725341797,44.904998779296875,51.970001220703125,155.7100067138672,117.37999725341797,230.13999938964844,195.0,334.739990234375,946.1099853515625,331.79998779296875,50.70000076293945,45.52000045776367,95.83000183105469,86.54000091552734,148.75,34.790000915527344,105.23999786376953,754.0,32.88999938964844,202.99000549316406,292.80999755859375,1038.0,186.55999755859375,95.36000061035156,155.22999572753906,192.58999633789062,172.92999267578125,24.59000015258789,183.89999389648438,159.10000610351562,34.650001525878906,260.44000244140625,266.82000732421875,311.44000244140625,46.630001068115234,168.5800018310547,81.05000305175781,44.03499984741211,51.13999938964844,151.7100067138672,115.6500015258789,230.5500030517578,208.80999755859375,334.8699951171875,963.3499755859375,345.1600036621094,51.290000915527344,46.16999816894531,98.12999725341797,87.4000015258789,150.44000244140625,35.06999969482422,105.80000305175781,776.8300170898438,33.5099983215332,203.9600067138672,301.2900085449219,1041.0,187.88999938964844,95.4800033569336,159.77999877929688,204.52999877929688,181.24000549316406,24.59000015258789,184.0500030517578,160.75,35.16999816894531,268.2699890136719,272.80999755859375,311.9100036621094,46.83000183105469,170.4199981689453,82.7699966430664,44.505001068115234,51.459999084472656,151.7899932861328,116.98999786376953,8017600,67421100,4128600,2481800,30280300,43867200,14183500,14404700,7046600,9248400,11410100,3794200,2284700,105641700,13189100,11766800,4266700,1914500,23183300,9021300,36679700,346926200,73079400,2391000,10815000,20752800,15355900,20872800,8406300,7874000,3735100,16169500,39317200,68942900,25526100,15667600
2025-11-24,225.80484008789062,215.0500030517578,329.51123046875,984.3687133789062,376.4485168457031,51.37112045288086,46.72044372558594,98.7061538696289,86.24292755126953,146.95330810546875,35.514678955078125,104.77003479003906,782.6903076171875,35.790000915527344,203.6672821044922,295.1513366699219,1066.5408935546875,188.51219177246094,98.81724548339844,161.0717010498047,223.74557495117188,182.52996826171875,24.401704788208008,185.65780639648438,163.17324829101562,35.222381591796875,282.11260986328125,283.0760192871094,314.474365234375,46.809471130371094,172.49050903320312,83.76703643798828,43.92118453979492,51.444828033447266,153.96868896484375,114.42547607421875,229.50999450683594,215.0500030517578,334.29998779296875,987.8200073242188,377.9599914550781,51.93000030517578,47.7599983215332,99.69000244140625,87.55999755859375,149.75,35.93000030517578,106.58999633789062,790.7100219726562,35.790000915527344,206.0500030517578,298.0,1070.1600341796875,190.17999267578125,100.4000015258789,162.8300018310547,223.92999267578125,182.5500030517578,25.219999313354492,188.52000427246094,165.05999755859375,35.709999084472656,282.70001220703125,284.6400146484375,319.04998779296875,47.75,174.3699951171875,84.66000366210938,44.584999084472656,51.88999938964844,155.25999450683594,115.97000122070312,237.6199951171875,217.1300048828125,338.6600036621094,995.1400146484375,382.0,52.2400016784668,48.630001068115234,100.62000274658203,88.12999725341797,150.1199951171875,36.130001068115234,107.05000305175781,793.989990234375,36.15999984741211,206.1199951171875,299.82000732421875,1075.719970703125,191.75999450683594,102.36000061035156,164.4600067138672,226.11000061035156,183.5,25.469999313354492,189.4499969482422,166.94000244140625,36.08000183105469,284.04998779296875,285.05999755859375,325.8500061035156,47.93000030517578,175.02000427246094,85.08999633789062,44.724998474121094,51.970001220703125,156.16000366210938,117.19999694824219,228.47999572753906,205.85000610351562,331.7099914550781,977.5900268554688,347.6600036621094,51.400001525878906,47.58000183105469,98.5999984741211,86.31999969482422,147.74000549316406,35.15999984741211,104.45999908447266,775.3599853515625,34.689998626708984,203.0,294.510009765625,1049.3800048828125,186.4499969482422,99.12000274658203,159.0,212.36000061035156,176.47999572753906,25.049999237060547,185.47000122070312,163.72000122070312,35.29999923706055,273.6199951171875,273.19000244140625,317.6199951171875,47.220001220703125,168.5,82.41000366210938,43.89500045776367,51.33000183105469,154.47999572753906,114.73999786376953,236.0,207.16000366210938,335.8399963378906,977.6199951171875,347.7300109863281,51.650001525878906,48.189998626708984,98.72000122070312,87.0999984741211,149.82000732421875,35.52000045776367,106.3499984741211,778.6400146484375,34.970001220703125,203.7100067138672,298.239990234375,1056.77001953125,189.5399932861328,99.12000274658203,161.3300018310547,213.41000366210938,179.49000549316406,25.110000610351562,186.63999938964844,164.3699951171875,36.0,273.7799987792969,273.19000244140625,324.5299987792969,47.77000045776367,172.9499969482422,83.08999633789062,44.65999984741211,51.7400016784668,155.13999938964844,117.19999694824219,10225900,46749600,3551600,1628100,47262400,52852100,27383800,17389200,7143900,14181100,9494000,4095200,2319500,103804200,14803900,10940200,5497200,2533400,28320900,10125700,33052800,256618300,63074900,3428900,12070100,36923800,6424800,13570300,10773800,10955800,3817000,27574500,33681800,43789100,17928400,18034900
2025-11-25,228.05787658691406,206.1300048828125,336.2236633300781,999.71484375,383.4902648925781,51.915199279785156,47.98236846923828,100.17154693603516,85.31707000732422,145.75608825683594,35.40594482421875,103.66915893554688,794.1824951171875,35.83000183105469,205.57713317871094,300.103515625,1106.186279296875,188.3337860107422,103.99432373046875,163.64361572265625,224.3450927734375,177.80047607421875,24.885480880737305,189.666015625,161.43336486816406,35.4097900390625,282.9907531738281,283.1157531738281,321.6007080078125,47.946624755859375,172.22344970703125,84.202392578125,43.645355224609375,52.08925247192383,157.44949340820312,112.98491668701172,231.8000030517578,206.1300048828125,341.1099853515625,1003.219970703125,385.0299987792969,52.47999954223633,49.04999923706055,101.16999816894531,86.62000274658203,148.52999877929688,35.81999969482422,105.47000122070312,802.3200073242188,35.83000183105469,206.6699981689453,303.0,1109.93994140625,190.0,105.66000366210938,165.42999267578125,224.52999877929688,177.82000732421875,25.719999313354492,192.58999633789062,163.3000030517578,35.900001525878906,283.5799865722656,284.67999267578125,326.2799987792969,48.90999984741211,174.10000610351562,85.0999984741211,44.30500030517578,52.540000915527344,158.77000427246094,114.51000213623047,234.0800018310547,206.5800018310547,341.7300109863281,1006.8800048828125,388.1300048828125,52.880001068115234,49.400001525878906,101.75,86.9800033569336,149.89999389648438,35.88999938964844,106.04000091552734,805.260009765625,36.130001068115234,207.72000122070312,304.5,1111.1099853515625,191.1999969482422,105.83999633789062,165.8699951171875,226.19000244140625,178.16000366210938,25.969999313354492,193.8300018310547,164.97000122070312,35.95000076293945,284.3399963378906,285.3999938964844,328.0,49.189998626708984,175.3800048828125,85.54000091552734,44.47999954223633,52.65999984741211,158.88999938964844,115.9000015258789,230.30999755859375,194.27999877929688,335.4100036621094,973.739990234375,371.75,51.86000061035156,48.099998474121094,99.52999877929688,85.69999694824219,148.27000427246094,35.349998474121094,104.61000061035156,777.989990234375,34.68000030517578,205.17999267578125,295.55999755859375,1073.25,187.13999938964844,100.70999908447266,160.6199951171875,216.0,169.5500030517578,25.360000610351562,188.5,161.8699951171875,35.0099983215332,272.760009765625,273.0799865722656,320.8999938964844,47.97999954223633,170.41000366210938,83.61000061035156,43.939998626708984,51.90999984741211,155.77000427246094,114.19000244140625,230.32000732421875,201.47999572753906,335.4100036621094,993.8300170898438,384.92999267578125,52.25,48.209999084472656,100.36000061035156,86.66000366210938,148.89999389648438,35.630001068115234,105.55999755859375,797.0,35.54999923706055,205.17999267578125,300.04998779296875,1075.8299560546875,188.8000030517578,100.7300033569336,163.50999450683594,219.22000122070312,174.91000366210938,25.3700008392334,190.0,163.99000549316406,35.81999969482422,278.9599914550781,282.7300109863281,321.1199951171875,48.04999923706055,174.22000122070312,84.52999877929688,44.23500061035156,52.11000061035156,155.77000427246094,115.18000030517578,7134100,69773500,2868600,1193000,33507600,41310100,15000000,10881900,6926400,11447900,6312500,3170700,2252900,62203300,10275300,8877200,4181500,1594400,22225500,5561000,17441600,320600300,39130300,1889600,7758100,13234500,5942800,13726800,6149100,10153100,2646100,12966400,29299000,50989800,17298600,14434600
2025-11-26,223.98472595214844,214.24000549316406,339.63409423828125,1037.3330078125,395.9801025390625,52.41971206665039,48.178016662597656,101.48841857910156,85.77999877929688,146.71778869628906,35.979244232177734,104.3866958618164,807.7337036132812,36.810001373291016,206.46241760253906,304.6991882324219,1100.605224609375,190.05853271484375,102.98054504394531,166.12652587890625,230.0703582763672,180.24020385742188,24.875804901123047,188.966796875,163.2523193359375,35.17306900024414,290.7845458984375,288.36676025390625,324.9814758300781,47.98583984375,172.58946228027344,84.65753936767578,43.975364685058594,52.49573516845703,157.10240173339844,113.241455078125,227.66000366210938,214.24000549316406,344.57000732421875,1040.969970703125,397.57000732421875,52.9900016784668,49.25,102.5,87.08999633789062,149.50999450683594,36.400001525878906,106.19999694824219,816.010009765625,36.810001373291016,207.55999755859375,307.6400146484375,1104.3399658203125,191.74000549316406,104.62999725341797,167.94000244140625,230.25999450683594,180.25999450683594,25.709999084472656,191.8800048828125,165.13999938964844,35.65999984741211,291.3900146484375,289.9599914550781,329.7099914550781,48.95000076293945,174.47000122070312,85.55999755859375,44.63999938964844,52.95000076293945,158.4199981689453,114.7699966430664,232.47999572753906,215.58999633789062,345.0299987792969,1055.0,399.8699951171875,53.25,49.5,103.30000305175781,87.63999938964844,150.4600067138672,36.720001220703125,106.93000030517578,819.5800170898438,37.2400016784668,207.80999755859375,308.5299987792969,1111.989990234375,193.5,105.75,168.9600067138672,233.8300018310547,182.91000366210938,25.809999465942383,194.08999633789062,166.25,36.04999923706055,294.0799865722656,292.80999755859375,335.19000244140625,49.29999923706055,176.4499969482422,86.38999938964844,44.959999084472656,53.150001525878906,158.9499969482422,115.73999786376953,226.63999938964844,207.0,340.0,1037.300048828125,383.260009765625,52.54999923706055,48.79999923706055,101.45999908447266,86.4000015258789,148.1999969482422,35.779998779296875,105.47000122070312,805.0,36.130001068115234,205.94000244140625,303.20001220703125,1098.0999755859375,189.75,104.19999694824219,165.8699951171875,226.0,178.24000549316406,25.579999923706055,191.82000732421875,163.14999389648438,35.290000915527344,286.6099853515625,287.7300109863281,325.8900146484375,48.7400016784668,174.0,85.12999725341797,44.255001068115234,52.599998474121094,158.16000366210938,114.30999755859375,232.0399932861328,210.0500030517578,341.5299987792969,1040.6700439453125,385.54998779296875,52.70000076293945,49.02000045776367,101.72000122070312,86.44999694824219,148.25999450683594,35.849998474121094,105.5999984741211,805.8400268554688,36.20000076293945,206.49000549316406,305.0,1102.0,189.99000549316406,104.5999984741211,166.97999572753906,229.6199951171875,181.6300048828125,25.700000762939453,192.33999633789062,164.1199951171875,35.75,286.7200012207031,289.1000061035156,326.5899963378906,48.91999816894531,174.0,85.41999816894531,44.29499816894531,52.66999816894531,158.4199981689453,114.41000366210938,5920800,43270200,2333100,1572400,28693000,32045600,11373500,11384100,5066000,7578900,7695300,2650300,1862500,54563400,6729000,7910900,3093700,1253600,12624000,4844200,17817600,183852000,33461000,1516900,7967700,9754200,5818300,12220300,5504200,4452700,1759900,9304300,26611000,35268500,12398900,11650600
2025-11-28,224.02406311035156,217.52999877929688,340.5113525390625,1056.296630859375,401.3485412597656,53.07261276245117,48.12910461425781,102.57756805419922,87.3559341430664,148.3075408935547,36.631614685058594,106.0085220336914,817.6619262695312,40.560001373291016,205.8258056640625,310.087158203125,1071.8328857421875,192.03106689453125,103.17739868164062,167.82794189453125,236.28524780273438,176.98056030273438,24.90483283996582,187.8244171142578,166.16859436035156,35.74515151977539,296.1234130859375,289.9082336425781,325.0406188964844,48.083866119384766,174.85475158691406,84.9444808959961,44.55165481567383,52.872474670410156,156.33880615234375,114.37614440917969,227.6999969482422,217.52999877929688,345.4599914550781,1060.0,402.9599914550781,53.650001525878906,49.20000076293945,103.5999984741211,88.69000244140625,151.1300048828125,37.060001373291016,107.8499984741211,826.0399780273438,40.560001373291016,206.9199981689453,313.0799865722656,1075.469970703125,193.72999572753906,104.83000183105469,169.66000366210938,236.47999572753906,177.0,25.739999771118164,190.72000122070312,168.08999633789062,36.2400016784668,296.739990234375,291.510009765625,329.7699890136719,49.04999923706055,176.75999450683594,85.8499984741211,45.224998474121094,53.33000183105469,157.64999389648438,115.91999816894531,228.08999633789062,218.3000030517578,345.6600036621094,1060.280029296875,403.0,53.939998626708984,49.369998931884766,104.37000274658203,89.38999938964844,151.52000427246094,37.369998931884766,108.44999694824219,830.5700073242188,40.59000015258789,207.4600067138672,313.7200012207031,1099.050048828125,196.0,105.41000366210938,170.27000427246094,238.10000610351562,179.2899932861328,25.860000610351562,192.60000610351562,168.19000244140625,36.380001068115234,296.989990234375,292.6700134277344,332.05999755859375,49.2599983215332,177.8000030517578,86.5199966430664,45.41999816894531,53.54999923706055,158.25,118.73999786376953,225.50999450683594,214.02000427246094,342.260009765625,1035.43994140625,397.1600036621094,53.04999923706055,49.0099983215332,102.51000213623047,86.87999725341797,149.25999450683594,36.369998931884766,105.93000030517578,818.9500122070312,37.34000015258789,204.6300048828125,308.239990234375,1067.68994140625,192.94000244140625,104.12000274658203,167.75999450683594,233.47000122070312,176.5,25.65999984741211,190.66000366210938,164.1300048828125,35.52000045776367,291.8299865722656,289.0,328.8900146484375,48.84000015258789,174.5,85.30999755859375,44.599998474121094,53.029998779296875,157.16000366210938,114.81999969482422,226.85000610351562,216.13999938964844,344.0,1040.4000244140625,399.3500061035156,53.11000061035156,49.22999954223633,102.80000305175781,87.08999633789062,149.4600067138672,36.47999954223633,106.11000061035156,820.0,37.400001525878906,207.0,309.1000061035156,1096.719970703125,193.1199951171875,104.83999633789062,168.0,235.6199951171875,179.00999450683594,25.850000381469727,191.72999572753906,165.02999877929688,35.720001220703125,293.25,292.4800109863281,331.6700134277344,48.90999984741211,175.00999450683594,85.63999938964844,44.665000915527344,53.099998474121094,158.1999969482422,114.94999694824219,2655600,18658000,1268800,939700,13365500,18920800,6187100,5865200,3304700,3848600,4439000,1530700,868300,95799500,5638300,4322400,2732200,1020900,6154500,2133700,12914700,121332800,22627600,887300,5068800,4013000,3038000,5515400,2464500,3280100,936200,6545000,16666600,16136100,8559700,7240800
2025-12-01,221.47589111328125,219.75999450683594,332.655517578125,1084.188720703125,384.5360412597656,52.667022705078125,48.10953903198242,101.6666488647461,88.9023208618164,149.69119262695312,37.422367095947266,107.83676147460938,802.6359252929688,40.0099983215332,204.254150390625,305.9669494628906,1054.3123779296875,194.41993713378906,100.22469329833984,166.65078735351562,240.261962890625,179.90025329589844,24.450084686279297,189.47889709472656,166.11917114257812,36.1002311706543,296.30303955078125,286.0992736816406,318.5747375488281,48.43677520751953,178.59400939941406,84.49922943115234,44.98017883300781,52.436248779296875,153.99842834472656,115.0766830444336,225.11000061035156,219.75999450683594,337.489990234375,1087.989990234375,386.0799865722656,53.2400016784668,49.18000030517578,102.68000030517578,90.26000213623047,152.5399932861328,37.86000061035156,109.70999908447266,810.8599853515625,40.0099983215332,205.33999633789062,308.9200134277344,1057.8900146484375,196.13999938964844,101.83000183105469,168.47000122070312,240.4600067138672,179.9199981689453,25.270000457763672,192.39999389648438,168.0399932861328,36.599998474121094,296.9200134277344,287.67999267578125,323.2099914550781,49.40999984741211,180.5399932861328,85.4000015258789,45.65999984741211,52.88999938964844,155.2899932861328,116.62999725341797,229.49000549316406,220.97999572753906,343.9800109863281,1091.300048828125,395.4200134277344,53.900001525878906,49.86000061035156,104.3499984741211,91.18000030517578,153.9499969482422,38.119998931884766,110.11000061035156,824.72998046875,40.380001068115234,207.6999969482422,314.0400085449219,1084.1500244140625,198.1699981689453,105.68000030517578,169.77000427246094,242.36000061035156,180.3000030517578,25.940000534057617,193.85000610351562,169.02999877929688,36.97999954223633,299.4200134277344,291.1600036621094,330.05999755859375,49.849998474121094,182.0500030517578,86.55999755859375,45.90999984741211,53.400001525878906,157.86000061035156,117.41000366210938,223.97999572753906,213.5,336.25,1054.469970703125,385.1000061035156,53.209999084472656,48.7599983215332,102.41000366210938,88.77999877929688,151.5,36.970001220703125,107.9000015258789,809.6099853515625,39.599998474121094,205.33999633789062,308.5400085449219,1055.0,194.1199951171875,101.70999908447266,167.72999572753906,231.5,173.67999267578125,25.229999542236328,190.00999450683594,165.5,36.22999954223633,292.5299987792969,283.19000244140625,323.0299987792969,48.91999816894531,177.10000610351562,85.16999816894531,45.255001068115234,52.84000015258789,155.17999267578125,116.0999984741211,227.19000244140625,213.8800048828125,343.07000732421875,1056.030029296875,394.8500061035156,53.5,49.22999954223633,103.0999984741211,89.12999725341797,151.75,36.9900016784668,108.18000030517578,818.5900268554688,39.86000061035156,206.5,312.95001220703125,1074.3800048828125,194.1199951171875,104.72000122070312,169.00999450683594,232.2899932861328,174.75999450683594,25.760000228881836,190.3800048828125,165.91000366210938,36.25,292.8699951171875,286.9200134277344,327.1600036621094,48.939998626708984,177.32000732421875,85.83000183105469,45.290000915527344,53.06999969482422,157.0399932861328,116.0999984741211,5208300,30768700,2383800,2103100,23252000,30536500,11772900,9663700,8525400,8209000,9103200,4119500,2133200,74534900,8473700,7727300,3070200,1703500,14178300,4393500,18238200,188131000,53198600,1393800,6818300,12674200,3933000,7713000,6154600,8975600,2573100,9794000,31150000,29296300,17321200,12658100
2025-12-02,220.74783325195312,215.24000549316406,333.5130615234375,1104.9061279296875,380.0440979003906,52.617557525634766,47.19977951049805,102.1716079711914,87.94690704345703,147.4439697265625,36.82929992675781,107.1978530883789,810.9422607421875,43.470001220703125,204.333740234375,304.9368896484375,1042.582275390625,191.01010131835938,99.43730163574219,167.2640838623047,239.2927703857422,181.44007873535156,24.33397674560547,189.1342315673828,168.748779296875,35.86351013183594,302.2107238769531,290.48504638671875,319.8856506347656,48.70145797729492,176.60568237304688,85.4095230102539,44.39896774291992,52.38667678833008,153.076171875,113.84333038330078,224.3699951171875,215.24000549316406,338.3599853515625,1108.780029296875,381.57000732421875,53.189998626708984,48.25,103.19000244140625,89.29000091552734,150.25,37.2599983215332,109.05999755859375,815.2100219726562,43.470001220703125,205.4199981689453,307.8800048828125,1046.1199951171875,192.6999969482422,101.02999877929688,169.08999633789062,239.49000549316406,181.4600067138672,25.149999618530273,192.0500030517578,170.6999969482422,36.36000061035156,302.8399963378906,292.0899963378906,324.5400085449219,49.68000030517578,178.52999877929688,86.31999969482422,45.06999969482422,52.84000015258789,154.36000061035156,115.37999725341797,226.6300048828125,225.97999572753906,342.5,1113.2099609375,393.5,53.63999938964844,49.18000030517578,104.19999694824219,90.4000015258789,152.4600067138672,37.900001525878906,109.6500015258789,819.7000122070312,43.68000030517578,205.61000061035156,310.4800109863281,1068.1800537109375,194.67999267578125,101.80000305175781,170.1199951171875,244.3699951171875,185.66000366210938,25.31999969482422,193.4499969482422,171.1699981689453,36.52000045776367,304.8399963378906,294.5,328.70001220703125,49.97999954223633,179.82000732421875,86.79000091552734,45.59000015258789,53.13999938964844,155.47000122070312,116.5999984741211,223.11000061035156,214.38999938964844,336.3299865722656,1088.6800537109375,379.7900085449219,52.970001220703125,48.220001220703125,103.01000213623047,88.58000183105469,149.25999450683594,37.029998779296875,108.05999755859375,808.2999877929688,40.04999923706055,203.10000610351562,307.0899963378906,1040.3599853515625,189.77000427246094,100.30999755859375,168.69000244140625,234.3300018310547,180.0,25.040000915527344,191.3699951171875,167.63999938964844,35.5099983215332,298.69000244140625,289.17999267578125,322.79998779296875,49.16999816894531,173.64999389648438,85.27999877929688,44.845001220703125,52.63999938964844,154.13999938964844,114.69000244140625,224.82000732421875,221.7899932861328,338.8599853515625,1089.6099853515625,388.30999755859375,53.529998779296875,48.95000076293945,103.5999984741211,90.08000183105469,152.02000427246094,37.900001525878906,109.48999786376953,811.1199951171875,40.470001220703125,205.24000549316406,308.739990234375,1052.5699462890625,194.64999389648438,101.52999877929688,168.88999938964844,238.75,181.75999450683594,25.31999969482422,192.49000549316406,168.75,36.310001373291016,300.45001220703125,292.0,323.3699951171875,49.630001068115234,179.44000244140625,85.69000244140625,45.59000015258789,52.9900016784668,155.25,116.44000244140625,5096700,42002500,2446500,1426000,22207000,46073500,14475700,8056900,5135000,9196300,6963700,3638300,2254200,167205800,8393600,7249000,3280000,1911700,11795000,4338700,18166200,182632200,43827000,1306000,9159100,12825600,5086900,10746400,7978100,10791800,3239000,9484000,33305000,29771500,16150300,14607700
2025-12-03,226.52305603027344,217.60000610351562,340.4719543457031,1136.933837890625,379.087890625,53.507877349853516,49.85079574584961,105.6667709350586,90.42900085449219,148.75894165039062,37.254329681396484,109.60603332519531,832.1904296875,43.7599983215332,204.2442169189453,309.1462707519531,1030.064697265625,187.76876831054688,100.65775299072266,171.84410095214844,233.9671630859375,179.57028198242188,24.74034881591797,194.99388122558594,173.06883239746094,37.329864501953125,308.7171936035156,293.8266296386719,334.8381042480469,49.92683792114258,175.1416473388672,88.40756225585938,45.23138427734375,53.0905876159668,153.79019165039062,116.2311019897461,230.24000549316406,217.60000610351562,345.4200134277344,1140.9200439453125,380.6099853515625,54.09000015258789,50.959999084472656,106.72000122070312,91.80999755859375,151.58999633789062,37.689998626708984,111.51000213623047,836.5700073242188,43.7599983215332,205.3300018310547,312.1300048828125,1033.56005859375,189.42999267578125,102.2699966430664,173.72000122070312,234.16000366210938,179.58999633789062,25.56999969482422,198.0,175.07000732421875,37.54999923706055,309.3599853515625,295.45001220703125,339.7099914550781,50.93000030517578,177.0500030517578,89.3499984741211,45.915000915527344,53.54999923706055,155.0800018310547,117.80000305175781,230.7899932861328,218.1999969482422,346.3800048828125,1141.719970703125,382.29998779296875,54.2400016784668,51.34000015258789,106.98999786376953,91.83999633789062,152.5,38.0099983215332,111.87000274658203,837.9099731445312,44.02000045776367,207.02000427246094,312.3599853515625,1051.47998046875,194.0,103.08999633789062,174.0,237.8000030517578,182.4499969482422,25.889999389648438,198.16000366210938,175.08999633789062,37.630001068115234,309.57000732421875,296.6199951171875,341.4100036621094,50.959999084472656,181.16000366210938,89.38999938964844,45.994998931884766,53.599998474121094,155.77999877929688,117.9800033569336,224.52000427246094,211.77000427246094,338.8500061035156,1105.6199951171875,370.6499938964844,53.18000030517578,49.43000030517578,103.0999984741211,89.97000122070312,150.97999572753906,37.52000045776367,109.69999694824219,812.9500122070312,42.5099983215332,204.99000549316406,306.79998779296875,1022.3200073242188,188.4600067138672,101.5199966430664,168.10000610351562,228.08999633789062,179.11000061035156,25.299999237060547,192.0,170.35000610351562,36.22999954223633,301.4700012207031,286.07000732421875,325.010009765625,49.790000915527344,176.1999969482422,86.26000213623047,45.310001373291016,52.880001068115234,154.66000366210938,115.87999725341797,224.83999633789062,216.25999450683594,340.5400085449219,1110.239990234375,380.0,53.25,49.939998626708984,103.0999984741211,90.0199966430664,151.0399932861328,37.58000183105469,110.02999877929688,812.9500122070312,43.38999938964844,205.89999389648438,307.20001220703125,1046.3900146484375,193.25999450683594,101.9000015258789,168.5500030517578,236.38999938964844,181.0800018310547,25.31999969482422,192.6199951171875,170.89999389648438,36.43000030517578,304.5,292.17999267578125,326.0,49.959999084472656,179.02000427246094,86.26000213623047,45.375,52.939998626708984,154.6699981689453,115.94999694824219,4872900,28545200,2839100,2059500,21336400,37134400,27120100,14003600,5647600,8060200,9200500,3922100,2347900,91957200,8363300,8535300,3447000,2415900,12541600,6223300,19188200,165138000,56121200,1843400,7624300,16133700,3867100,9599200,9770000,9578400,3138600,14439300,30174000,32018000,12724800,16819100
2025-12-04,225.01776123046875,215.97999572753906,335.2872619628906,1106.2015380859375,379.5062561035156,53.57712173461914,50.819244384765625,106.7262191772461,91.71929931640625,149.4164276123047,37.27409744262695,110.24493408203125,833.4437866210938,40.5,201.40928649902344,313.0783386230469,1011.0591430664062,188.4824676513672,99.29950714111328,173.00146484375,226.4633331298828,183.37008666992188,24.866132736206055,195.25978088378906,173.2377471923828,37.896522521972656,305.64361572265625,291.3204650878906,328.707275390625,50.35816955566406,173.06427001953125,89.25849151611328,45.42348098754883,53.19964599609375,152.6199951171875,115.57989501953125,228.7100067138672,215.97999572753906,340.1600036621094,1110.0799560546875,381.0299987792969,54.15999984741211,51.95000076293945,107.79000091552734,93.12000274658203,152.25999450683594,37.709999084472656,112.16000366210938,837.8300170898438,40.5,202.47999572753906,316.1000061035156,1014.489990234375,190.14999389648438,100.88999938964844,174.88999938964844,226.64999389648438,183.3800048828125,25.700000762939453,198.27000427246094,174.35000610351562,38.119998931884766,306.2799987792969,292.92999267578125,333.489990234375,51.369998931884766,174.9499969482422,90.20999908447266,46.11000061035156,53.65999984741211,153.89999389648438,117.13999938964844,230.94000244140625,219.1199951171875,346.3299865722656,1129.5400390625,383.8900146484375,54.689998626708984,52.08000183105469,108.70999908447266,93.19999694824219,152.94000244140625,38.0,112.69999694824219,843.989990234375,43.279998779296875,204.86000061035156,318.489990234375,1032.6300048828125,191.6999969482422,102.5999984741211,176.0,234.16000366210938,184.52000427246094,25.739999771118164,199.55999755859375,174.92999267578125,38.29999923706055,308.2699890136719,294.0299987792969,341.260009765625,51.5099983215332,177.83999633789062,90.62999725341797,46.185001373291016,53.90999984741211,155.02999877929688,118.33999633789062,227.58999633789062,214.13999938964844,338.94000244140625,1102.1700439453125,376.5299987792969,54.0,50.22999954223633,106.62999725341797,91.63999938964844,151.22000122070312,37.560001373291016,111.27999877929688,834.5,40.13999938964844,201.7100067138672,313.0,1007.1799926757812,187.63999938964844,100.54000091552734,173.72000122070312,223.3300018310547,179.9600067138672,25.350000381469727,197.77000427246094,173.22999572753906,37.40999984741211,304.5899963378906,290.20001220703125,328.7200012207031,50.900001525878906,171.64999389648438,89.31999969482422,45.755001068115234,53.470001220703125,153.3699951171875,116.66000366210938,230.11000061035156,216.8800048828125,344.2300109863281,1122.530029296875,380.67999267578125,54.209999084472656,50.79999923706055,106.66000366210938,91.63999938964844,151.75,37.7400016784668,111.72000122070312,835.5399780273438,43.2599983215332,204.58999633789062,313.260009765625,1032.6300048828125,188.61000061035156,102.0999984741211,174.32000732421875,230.27999877929688,181.6199951171875,25.6299991607666,198.0,174.3300018310547,37.5,307.8399963378906,293.9800109863281,339.3999938964844,50.95000076293945,177.3800048828125,89.4000015258789,45.88999938964844,53.59000015258789,155.0,117.5,3732900,24478200,3695700,1511800,15845900,38529600,20473100,12811300,7312400,7254700,5638500,3533600,1670800,107850200,9049900,9627800,3854900,2103000,12770700,4813200,23513900,167364900,35454000,1939300,7245000,15860100,4639700,6753000,8061600,7917400,3258900,13433000,23799600,33678700,13674600,13686900
2025-12-05,222.43023681640625,217.97000122070312,325.1644287109375,1095.628662109375,388.6794128417969,53.646728515625,51.014892578125,107.80545043945312,92.28073120117188,147.19863891601562,37.0368766784668,110.2547607421875,850.086181640625,41.40999984741211,200.8621826171875,312.0284729003906,1006.893310546875,188.859130859375,98.14795684814453,174.60397338867188,237.02462768554688,182.40013122558594,25.1854248046875,194.8560028076172,173.69479370117188,38.234527587890625,308.7571105957031,293.1006164550781,326.1642761230469,50.250335693359375,172.26300048828125,88.88250732421875,45.236305236816406,53.2194709777832,151.9853057861328,114.98788452148438,226.0800018310547,217.97000122070312,329.8900146484375,1099.469970703125,390.239990234375,53.95000076293945,52.150001525878906,108.87999725341797,93.69000244140625,150.0,37.470001220703125,112.16999816894531,854.5599975585938,41.40999984741211,201.92999267578125,315.0400085449219,1010.3099975585938,190.52999877929688,99.72000122070312,176.50999450683594,237.22000122070312,182.41000366210938,26.030000686645508,197.86000061035156,174.80999755859375,38.459999084472656,309.3999938964844,294.7200012207031,330.9100036621094,51.2599983215332,174.13999938964844,89.83000183105469,45.91999816894531,53.68000030517578,153.25999450683594,116.54000091552734,229.25,223.63999938964844,340.8800048828125,1129.3800048828125,393.5299987792969,54.83000183105469,52.5099983215332,109.37000274658203,95.06999969482422,152.6300048828125,38.27000045776367,114.25,856.2000122070312,42.83000183105469,203.4499969482422,318.4800109863281,1027.3900146484375,193.52999877929688,102.08999633789062,177.32000732421875,240.57000732421875,184.66000366210938,26.1200008392334,199.05999755859375,177.25,39.0,312.8299865722656,300.79998779296875,335.7099914550781,51.779998779296875,178.10000610351562,91.11000061035156,46.65999984741211,53.93000030517578,154.6300048828125,118.77999877929688,225.0500030517578,216.24000549316406,328.6300048828125,1098.260009765625,385.1499938964844,53.7400016784668,51.689998626708984,107.51000213623047,92.08000183105469,149.8300018310547,37.439998626708984,111.80999755859375,836.52001953125,41.150001525878906,200.80999755859375,314.67999267578125,1004.0,189.91000366210938,99.19000244140625,174.3000030517578,226.69000244140625,180.91000366210938,25.639999389648438,196.44000244140625,174.5,38.220001220703125,308.92999267578125,293.25,328.510009765625,51.119998931884766,174.0,89.55000305175781,45.90999984741211,53.45000076293945,152.9600067138672,116.41000366210938,228.92999267578125,217.1699981689453,340.3599853515625,1121.9300537109375,386.1700134277344,53.93000030517578,51.9900016784668,107.66999816894531,92.2699966430664,152.0,37.58000183105469,111.80999755859375,837.260009765625,41.15999984741211,202.97999572753906,315.6400146484375,1023.8400268554688,189.91000366210938,101.4000015258789,174.47000122070312,228.9499969482422,183.88999938964844,25.770000457763672,197.33999633789062,174.74000549316406,38.22999954223633,309.29998779296875,296.04998779296875,335.0,51.16999816894531,174.9499969482422,89.98999786376953,46.029998779296875,53.540000915527344,154.4499969482422,116.75,3985200,33292400,2897700,1054400,24779900,33986500,15667700,14936300,9873600,12659800,7670800,3128800,2277500,103042000,7785300,6518900,2502100,1441800,16430400,4641600,21161000,143971100,47443700,1367300,8400100,12579700,4338100,10275300,5906000,7693500,2202900,11210900,22164400,28532300,8868700,12516900
2025-12-08,219.51800537109375,221.11000061035156,316.62847900390625,1115.77783203125,399.4960021972656,53.597007751464844,50.54533767700195,107.84506225585938,91.48290252685547,145.9327392578125,37.135719299316406,108.73123168945312,862.1527099609375,40.29999923706055,200.5538330078125,312.1968078613281,994.21630859375,187.99676513671875,97.37040710449219,174.9205322265625,246.71664428710938,185.5399627685547,24.933860778808594,194.64918518066406,174.1916046142578,38.01581954956055,312.1101379394531,300.2113342285156,321.12347412109375,50.39738082885742,171.6892547607422,89.11007690429688,44.743751525878906,53.02118682861328,150.1705322265625,114.43534851074219,223.1199951171875,221.11000061035156,321.2300109863281,1119.68994140625,401.1000061035156,53.900001525878906,51.66999816894531,108.91999816894531,92.87999725341797,148.7100067138672,37.56999969482422,110.62000274658203,866.6900024414062,40.29999923706055,201.6199951171875,315.2099914550781,997.5900268554688,189.66000366210938,98.93000030517578,176.8300018310547,246.9199981689453,185.5500030517578,25.770000457763672,197.64999389648438,175.30999755859375,38.2400016784668,312.760009765625,301.8699951171875,323.6199951171875,51.40999984741211,173.55999755859375,90.05999755859375,45.41999816894531,53.47999954223633,151.42999267578125,115.9800033569336,226.1199951171875,223.7100067138672,329.6700134277344,1134.1800537109375,407.2900085449219,54.209999084472656,52.40999984741211,110.25,94.23999786376953,150.07000732421875,38.18000030517578,112.31999969482422,870.5599975585938,42.119998931884766,203.25999450683594,316.4700012207031,1014.2000122070312,191.57000732421875,99.66999816894531,178.9600067138672,249.22999572753906,188.0,26.190000534057617,199.63999938964844,175.5,38.83000183105469,314.0799865722656,302.6199951171875,329.1000061035156,51.90999984741211,175.5800018310547,91.0199966430664,45.91999816894531,53.709999084472656,153.4199981689453,117.0,222.38999938964844,218.36000061035156,320.1700134277344,1114.030029296875,397.3999938964844,53.4900016784668,51.65999984741211,107.73999786376953,92.26000213623047,147.66000366210938,37.130001068115234,110.06999969482422,856.2999877929688,39.70000076293945,200.99000549316406,313.3500061035156,988.8800048828125,186.9199981689453,97.80999755859375,176.05999755859375,241.61000061035156,182.39999389648438,25.760000228881836,196.32000732421875,173.72000122070312,37.72999954223633,309.8699951171875,296.7200012207031,322.8299865722656,51.2400016784668,170.72999572753906,89.1500015258789,45.27000045776367,53.279998779296875,151.1999969482422,115.04000091552734,226.0800018310547,219.08999633789062,329.0899963378906,1118.8199462890625,402.4800109863281,53.900001525878906,52.20000076293945,109.19999694824219,92.52999877929688,149.25,37.65999984741211,111.02999877929688,861.0999755859375,41.939998626708984,202.66000366210938,315.05999755859375,1010.739990234375,188.38999938964844,99.37999725341797,176.99000549316406,243.49000549316406,182.63999938964844,26.040000915527344,198.1300048828125,174.74000549316406,38.33000183105469,311.92999267578125,301.20001220703125,328.70001220703125,51.380001068115234,173.55999755859375,89.83000183105469,45.65999984741211,53.70000076293945,153.35000610351562,115.83000183105469,4006100,30943200,3510700,1118800,30410600,34386600,15278700,11394800,7974900,10237200,8556200,4161900,2238100,93953600,7785700,7417200,3088600,2258600,12902600,7271700,20495400,204378100,45209300,2245200,6690200,24484700,3620900,16643100,4782800,7502700,2040400,13267300,27891900,31164200,10996000,14904200
2025-12-09,219.39012145996094,221.6199951171875,309.35418701171875,1107.556640625,404.66522216796875,53.23903274536133,49.547542572021484,108.35002899169922,92.0246353149414,145.7168426513672,36.967681884765625,107.52222442626953,871.990966796875,40.5,198.90261840820312,297.6373596191406,978.8982543945312,189.057373046875,95.3625717163086,176.89892578125,252.2121124267578,184.95999145507812,24.508136749267578,199.08087158203125,174.87721252441406,38.07546615600586,311.5313415527344,301.7428894042969,321.1036376953125,50.55423355102539,173.4302978515625,87.9524154663086,45.019588470458984,52.82290267944336,148.71278381347656,116.67510986328125,222.99000549316406,221.6199951171875,313.8500061035156,1111.43994140625,406.2900085449219,53.540000915527344,50.650001525878906,109.43000030517578,93.43000030517578,148.49000549316406,37.400001525878906,109.38999938964844,876.5800170898438,40.5,199.9600067138672,300.510009765625,982.219970703125,190.72999572753906,96.88999938964844,178.8300018310547,252.4199981689453,184.97000122070312,25.329999923706055,202.14999389648438,176.0,38.29999923706055,312.17999267578125,303.4100036621094,323.6000061035156,51.56999969482422,175.32000732421875,88.88999938964844,45.70000076293945,53.279998779296875,149.9600067138672,118.25,224.82000732421875,224.83999633789062,323.0,1115.739990234375,406.92999267578125,54.279998779296875,52.0099983215332,109.8499984741211,93.62999725341797,150.10000610351562,37.810001373291016,111.22000122070312,883.719970703125,41.2599983215332,205.5399932861328,318.79998779296875,1012.0,192.1699981689453,99.8499984741211,180.64999389648438,255.50999450683594,185.72000122070312,26.1299991607666,203.4499969482422,176.35000610351562,38.689998626708984,312.8500061035156,304.67999267578125,326.3599853515625,52.0,176.44000244140625,90.25,46.08000183105469,53.95000076293945,152.67999267578125,120.47000122070312,220.22999572753906,217.91000366210938,313.17999267578125,1105.6099853515625,395.510009765625,53.27000045776367,50.41999816894531,107.01000213623047,92.18000030517578,148.22000122070312,37.13999938964844,109.27999877929688,864.3099975585938,40.029998779296875,199.91000366210938,300.0199890136719,979.1799926757812,188.5800018310547,96.05999755859375,176.77999877929688,242.8300018310547,183.32000732421875,25.1299991607666,197.17999267578125,172.32000732421875,38.099998474121094,309.44000244140625,298.5,322.4800109863281,51.29999923706055,172.3699951171875,88.77999877929688,45.459999084472656,53.25,149.85000610351562,116.88999938964844,223.88999938964844,221.0399932861328,321.82000732421875,1107.9000244140625,398.75,53.970001220703125,51.790000915527344,108.80000305175781,92.62999725341797,149.0500030517578,37.31999969482422,110.0,866.0,40.72999954223633,202.9199981689453,314.95001220703125,1002.8400268554688,189.72000122070312,99.31999969482422,176.77999877929688,244.49000549316406,185.55999755859375,26.0,197.9600067138672,174.5,38.099998474121094,310.7799987792969,299.989990234375,323.1600036621094,51.29999923706055,173.19000244140625,90.23999786376953,45.5,53.5,152.0,116.9000015258789,4267900,25166100,2924900,904700,24546000,47189300,12715400,15822700,6177200,8916700,7091700,3083300,2274800,61877200,7509400,18049200,2569700,1808500,16283900,4191200,17067100,144719700,43483800,2475900,7719100,16847300,2775300,11349100,4628400,9187300,2026200,17101700,20917400,46335400,11543300,23790800
2025-12-10,221.54473876953125,221.4199981689453,310.86224365234375,1115.4091796875,411.3185119628906,53.775997161865234,50.09535217285156,109.99364471435547,95.34394836425781,148.58230590820312,37.96601104736328,109.52739715576172,884.5846557617188,40.779998779296875,205.44781494140625,307.1455383300781,990.2796630859375,189.62237548828125,96.08106994628906,177.76942443847656,263.4927978515625,183.77005004882812,24.94353675842285,203.8276824951172,181.047607421875,39.6959114074707,315.6726989746094,308.4359130859375,325.83685302734375,52.505035400390625,174.1029510498047,89.73343658447266,45.49243927001953,53.427669525146484,150.8746337890625,117.94792938232422,225.17999267578125,221.4199981689453,315.3800048828125,1119.3199462890625,412.9700012207031,54.08000183105469,51.209999084472656,111.08999633789062,96.80000305175781,151.41000366210938,38.40999984741211,111.43000030517578,889.239990234375,40.779998779296875,206.5399932861328,310.1099853515625,993.6400146484375,191.3000030517578,97.62000274658203,179.7100067138672,263.7099914550781,183.77999877929688,25.780000686645508,206.97000122070312,182.2100067138672,39.93000030517578,316.3299865722656,310.1400146484375,328.3699951171875,53.560001373291016,176.0,90.69000244140625,46.18000030517578,53.88999938964844,152.13999938964844,119.54000091552734,225.97999572753906,222.61000061035156,317.4700012207031,1123.9599609375,414.6099853515625,54.54999923706055,51.61000061035156,111.91000366210938,97.41000366210938,151.8000030517578,38.47999954223633,111.58000183105469,897.2000122070312,40.9900016784668,206.8000030517578,311.19000244140625,1003.0,192.4199981689453,98.16999816894531,181.30999755859375,264.75,185.47999572753906,25.790000915527344,207.9600067138672,183.44000244140625,39.9900016784668,317.3500061035156,313.9800109863281,328.7300109863281,53.72999954223633,177.99000549316406,90.87000274658203,46.27000045776367,54.08000183105469,152.17999267578125,119.87000274658203,221.0,218.6699981689453,313.0,1098.8800048828125,399.55999755859375,53.34000015258789,50.33000183105469,109.26000213623047,93.55999755859375,148.6999969482422,37.06999969482422,107.5999984741211,869.27001953125,38.88999938964844,200.17999267578125,298.4599914550781,977.1199951171875,187.52000427246094,96.47000122070312,177.75,250.5800018310547,182.0399932861328,25.219999313354492,202.22000122070312,175.25,38.20000076293945,310.55999755859375,302.5,319.6000061035156,51.56999969482422,171.6999969482422,88.19000244140625,45.630001068115234,53.209999084472656,149.8699951171875,118.37000274658203,225.0,222.0,316.25,1109.4000244140625,402.20001220703125,53.59000015258789,50.790000915527344,109.36000061035156,93.7300033569336,149.17999267578125,37.400001525878906,109.31999969482422,871.3499755859375,40.11000061035156,200.58999633789062,300.5,985.0,190.8300018310547,98.05000305175781,178.5,255.1300048828125,184.97000122070312,25.489999771118164,202.69000244140625,175.80999755859375,38.349998474121094,312.010009765625,305.3699951171875,322.75,51.56999969482422,173.97999572753906,88.94000244140625,45.84000015258789,53.279998779296875,150.3800048828125,118.7300033569336,8735200,23279400,3071500,1093600,31531000,54424400,12132400,16584300,10640100,10976300,8178700,4705800,2394300,75974900,11599800,18874100,2966300,2782600,18077700,6591200,21960700,162785400,43635400,2329700,11100100,20648100,5093800,12429200,5910500,10355300,2895900,22729100,26255100,45437500,15534800,19845200
2025-12-11,220.36412048339844,221.42999267578125,312.8336181640625,1118.9168701171875,404.7449035644531,54.253299713134766,50.0855712890625,110.6372299194336,95.25529479980469,147.90518188476562,37.1060676574707,107.64018249511719,906.2606201171875,39.5099983215332,208.8994598388672,314.3460693359375,1005.9664306640625,185.46913146972656,97.44915008544922,178.3431396484375,258.24713134765625,180.92019653320312,24.962886810302734,208.27906799316406,180.1136016845703,40.10350799560547,313.866455078125,303.993408203125,334.1323547363281,52.52464294433594,170.05703735351562,91.61338806152344,45.27571487426758,54.399261474609375,152.30267333984375,117.94792938232422,223.97999572753906,221.42999267578125,317.3800048828125,1122.8399658203125,406.3699951171875,54.560001373291016,51.20000076293945,111.73999786376953,96.70999908447266,150.72000122070312,37.540000915527344,109.51000213623047,911.030029296875,39.5099983215332,210.00999450683594,317.3800048828125,1009.3800048828125,187.11000061035156,99.01000213623047,180.2899932861328,258.4599914550781,180.92999267578125,25.799999237060547,211.49000549316406,181.27000427246094,40.34000015258789,314.5199890136719,304.8500061035156,336.7300109863281,53.58000183105469,171.91000366210938,92.58999633789062,45.959999084472656,54.869998931884766,153.5800018310547,119.54000091552734,225.9600067138672,221.5,320.19000244140625,1127.75,409.29998779296875,54.650001525878906,51.47999954223633,112.33999633789062,97.70999908447266,151.94000244140625,38.15999984741211,111.7300033569336,919.0999755859375,40.189998626708984,211.24000549316406,318.0,1031.56005859375,190.3699951171875,99.13999938964844,181.97999572753906,262.8500061035156,181.32000732421875,26.040000915527344,212.02000427246094,181.63999938964844,40.880001068115234,314.7799987792969,305.8399963378906,339.25,53.959999084472656,173.97000122070312,93.41999816894531,46.25,54.97999954223633,154.3000030517578,120.36000061035156,222.24000549316406,210.19000244140625,312.3900146484375,1095.469970703125,394.19000244140625,53.75,50.439998626708984,111.11000061035156,95.91000366210938,150.10000610351562,37.31999969482422,109.19999694824219,888.0,39.08000183105469,207.8300018310547,309.239990234375,987.0,186.6199951171875,97.58000183105469,179.5,251.5500030517578,176.6199951171875,25.610000610351562,207.1199951171875,178.08999633789062,39.779998779296875,305.7900085449219,299.6400146484375,328.760009765625,53.31999969482422,169.82000732421875,90.22000122070312,45.84000015258789,53.93000030517578,152.25999450683594,119.06999969482422,225.5399932861328,217.80999755859375,317.8900146484375,1114.75,404.8299865722656,53.95000076293945,51.11000061035156,111.2699966430664,96.16000366210938,150.8300018310547,37.95000076293945,110.83999633789062,889.97998046875,40.06999969482422,207.89999389648438,309.239990234375,1008.1500244140625,188.72999572753906,98.44000244140625,180.1300048828125,261.5299987792969,180.27999877929688,25.799999237060547,207.82000732421875,181.3699951171875,39.849998474121094,312.79998779296875,305.32000732421875,330.3699951171875,53.31999969482422,172.27999877929688,90.54000091552734,45.900001525878906,53.959999084472656,152.75999450683594,119.11000061035156,4170600,30694600,2454800,1403600,45681600,35686900,9684200,10829700,8225500,8414200,6407000,3403800,2683000,59096800,9009000,9721900,4517000,2603200,11808200,7598700,18867000,182136600,35570200,2140900,6319200,18982800,6504700,15028400,7513200,10115700,2910900,15505100,25827200,51786500,14703000,14781800
2025-12-12,219.71478271484375,210.77999877929688,313.1884460449219,1077.07373046875,358.4906005859375,54.83003616333008,51.26923370361328,110.69664001464844,94.10289764404297,147.1888427734375,37.08629608154297,106.1657943725586,883.3114013671875,37.810001373291016,210.46116638183594,315.4751892089844,1024.03515625,184.14088439941406,98.71881866455078,176.48345947265625,240.94140625,175.01052856445312,25.011266708374023,207.39273071289062,177.152587890625,39.218727111816406,298.8577575683594,291.21942138671875,339.20294189453125,52.36779022216797,166.48594665527344,91.78160095214844,44.83241271972656,54.47857666015625,152.77867126464844,117.23751831054688,223.32000732421875,210.77999877929688,317.739990234375,1080.8499755859375,359.92999267578125,55.13999938964844,52.40999984741211,111.80000305175781,95.54000091552734,149.99000549316406,37.52000045776367,108.01000213623047,887.9600219726562,37.810001373291016,211.5800018310547,318.5199890136719,1027.510009765625,185.77000427246094,100.30000305175781,178.41000366210938,241.13999938964844,175.02000427246094,25.850000381469727,210.58999633789062,178.2899932861328,39.45000076293945,299.4800109863281,292.0400085449219,341.8399963378906,53.41999816894531,168.3000030517578,92.76000213623047,45.5099983215332,54.95000076293945,154.05999755859375,118.81999969482422,223.82000732421875,222.49000549316406,319.4599914550781,1114.56005859375,382.0,55.29999923706055,52.9900016784668,113.43000030517578,97.66000366210938,151.5500030517578,38.290000915527344,110.4800033569336,914.989990234375,40.029998779296875,212.27000427246094,320.2699890136719,1028.9000244140625,188.19000244140625,100.66000366210938,181.14999389648438,255.82000732421875,182.82000732421875,26.040000915527344,213.02999877929688,183.11000061035156,40.779998779296875,311.6000061035156,304.2799987792969,344.9800109863281,53.97999954223633,171.10000610351562,93.41999816894531,46.2400016784668,55.209999084472656,154.55999755859375,119.91999816894531,221.10000610351562,209.05999755859375,315.19000244140625,1077.18994140625,355.1499938964844,54.349998474121094,52.0099983215332,111.19000244140625,95.23999786376953,149.6300048828125,37.45000076293945,107.72000122070312,886.989990234375,37.619998931884766,208.9600067138672,316.6000061035156,1003.5,184.1300048828125,98.31999969482422,177.75,239.32000732421875,174.6199951171875,25.719999313354492,209.9600067138672,177.8699951171875,39.150001525878906,297.9599914550781,290.9800109863281,337.3699951171875,53.33000183105469,166.77999877929688,92.12000274658203,45.38999938964844,54.709999084472656,153.41000366210938,118.30999755859375,223.69000244140625,218.3699951171875,317.29998779296875,1109.3900146484375,379.9599914550781,54.779998779296875,52.27000045776367,113.30000305175781,97.44000244140625,151.14999389648438,38.13999938964844,110.36000061035156,913.75,39.25,210.27999877929688,319.67999267578125,1008.760009765625,187.89999389648438,98.95999908447266,181.14999389648438,255.6699981689453,181.11000061035156,25.84000015258789,213.02999877929688,181.25,40.54999923706055,310.79998779296875,304.2799987792969,337.5,53.939998626708984,170.35000610351562,93.12000274658203,46.04999923706055,55.15999984741211,153.75,119.44000244140625,5467600,37073900,2247200,1623000,95588500,40539400,19046700,11227900,5731300,5848100,7109100,3438600,2715200,87784500,6922700,8982900,3275200,2419200,11810800,4961500,25936900,204274900,51599700,1820300,8865800,14892500,13813600,19306100,7979000,9239700,3234700,12532800,33161200,64428900,13175500,14459500
2025-12-15,223.77810668945312,207.5800018310547,320.6500244140625,1084.019287109375,338.4510803222656,55.01897048950195,53.108314514160156,111.68677520751953,92.94064331054688,147.00238037109375,35.98206329345703,104.12130737304688,884.932861328125,37.5099983215332,213.03746032714844,316.9608154296875,1058.5977783203125,183.88314819335938,99.52285766601562,175.87014770507812,237.30441284179688,176.28045654296875,25.572446823120117,207.68817138671875,178.1164093017578,38.67195129394531,297.3907775878906,286.9314880371094,338.4686584472656,52.652076721191406,166.0902557373047,91.92012023925781,44.51717758178711,54.51823425292969,154.80169677734375,116.19164276123047,227.4499969482422,207.5800018310547,325.30999755859375,1087.8199462890625,339.80999755859375,55.33000183105469,54.290000915527344,112.80000305175781,94.36000061035156,149.8000030517578,36.16999816894531,105.93000030517578,889.5900268554688,37.5099983215332,214.1699981689453,320.0199890136719,1062.18994140625,185.50999450683594,100.26000213623047,177.7899932861328,237.5,176.2899932861328,26.43000030517578,210.88999938964844,179.25999450683594,38.900001525878906,298.010009765625,287.739990234375,341.1000061035156,53.709999084472656,167.89999389648438,92.9000015258789,45.189998626708984,54.9900016784668,156.10000610351562,117.76000213623047,228.3000030517578,215.36000061035156,325.7699890136719,1097.7099609375,362.0,56.06999969482422,54.79999923706055,113.5199966430664,95.5999984741211,150.10000610351562,37.2599983215332,108.37999725341797,904.469970703125,38.47999954223633,215.19000244140625,322.8800048828125,1065.0,185.82000732421875,100.94000244140625,180.89999389648438,250.11000061035156,178.4199981689453,26.649999618530273,213.0,180.30999755859375,39.5,303.5,295.79998779296875,344.9599914550781,54.0099983215332,168.32000732421875,94.26000213623047,45.61000061035156,55.310001373291016,156.30999755859375,119.02999877929688,223.55999755859375,206.5800018310547,319.05999755859375,1079.5899658203125,337.510009765625,55.06999969482422,53.0099983215332,112.22000122070312,93.30999755859375,148.42999267578125,36.040000915527344,104.80000305175781,889.5900268554688,37.31999969482422,209.00999450683594,318.3900146484375,1032.550048828125,184.02000427246094,98.0,177.72999572753906,236.0,175.02999877929688,25.809999465942383,210.88999938964844,176.38999938964844,38.52000045776367,297.2300109863281,287.54998779296875,337.0,53.41999816894531,166.02999877929688,92.48999786376953,44.81999969482422,54.81999969482422,154.44000244140625,116.8499984741211,224.24000549316406,212.27999877929688,321.2099914550781,1089.3499755859375,361.8900146484375,55.40999984741211,53.5,112.44999694824219,95.54000091552734,149.83999633789062,37.209999084472656,108.19000244140625,892.0,38.33000183105469,210.35000610351562,319.5899963378906,1032.550048828125,185.00999450683594,99.98999786376953,179.91000366210938,247.11000061035156,177.94000244140625,25.81999969482422,211.99000549316406,179.72000122070312,39.40999984741211,302.6000061035156,295.1499938964844,340.989990234375,53.81999969482422,168.3000030517578,93.58000183105469,45.61000061035156,55.18000030517578,154.47000122070312,119.01000213623047,5971900,27222200,4049500,1283400,65894900,32881300,21936600,10692100,8942100,7503000,10818900,5005900,1976600,60898500,8467000,10864100,4648400,2402800,16735900,5219000,27483600,164775600,60360000,1968500,6954700,10957100,5241800,12082400,6447200,12045500,3332600,13885200,27521600,35356800,14681800,16358700
2025-12-16,220.0591278076172,209.1699981689453,322.05950927734375,1072.29052734375,339.93511962890625,54.50189208984375,53.049617767333984,110.18177032470703,89.4046401977539,144.00933837890625,34.907676696777344,100.04216003417969,874.5474853515625,37.310001373291016,208.19322204589844,312.5335693359375,1050.724609375,175.2396240234375,97.5474853515625,174.60397338867188,232.31851196289062,177.71038818359375,24.701648712158203,206.7919921875,174.99644470214844,37.38951110839844,296.01763916015625,286.0639343261719,331.62188720703125,52.41680908203125,161.06503295898438,91.21761322021484,43.1577262878418,54.171234130859375,152.78858947753906,113.15265655517578,223.6699981689453,209.1699981689453,326.739990234375,1076.050048828125,341.29998779296875,54.810001373291016,54.22999954223633,111.27999877929688,90.7699966430664,146.75,35.09000015258789,101.77999877929688,879.1500244140625,37.310001373291016,209.3000030517578,315.54998779296875,1054.2900390625,176.7899932861328,98.2699966430664,176.50999450683594,232.50999450683594,177.72000122070312,25.530000686645508,209.97999572753906,176.1199951171875,37.61000061035156,296.20001220703125,286.8699951171875,334.20001220703125,53.470001220703125,162.82000732421875,92.19000244140625,43.810001373291016,54.63999938964844,154.07000732421875,114.68000030517578,226.83999633789062,210.22000122070312,327.3399963378906,1088.06005859375,347.5,55.349998474121094,54.720001220703125,113.37999725341797,93.41000366210938,148.82000732421875,35.849998474121094,105.45999908447266,896.239990234375,37.959999084472656,214.72999572753906,319.5199890136719,1068.25,185.1699981689453,100.33999633789062,178.64999389648438,239.39999389648438,178.49000549316406,26.510000228881836,212.27000427246094,179.19000244140625,38.900001525878906,298.9200134277344,288.4599914550781,340.989990234375,53.900001525878906,166.4499969482422,93.16999816894531,44.849998474121094,55.15999984741211,156.1199951171875,116.83999633789062,221.91000366210938,205.11000061035156,323.0199890136719,1065.93994140625,335.05999755859375,54.689998626708984,53.400001525878906,110.55000305175781,90.76000213623047,146.49000549316406,34.90999984741211,101.69000244140625,874.3200073242188,36.91999816894531,208.80999755859375,314.3999938964844,1036.22998046875,175.25,96.79000091552734,175.67999267578125,230.5800018310547,174.89999389648438,24.920000076293945,209.80999755859375,174.80999755859375,37.4900016784668,293.0799865722656,283.32000732421875,331.0299987792969,53.15999984741211,161.5399932861328,91.43000030517578,43.77000045776367,54.47999954223633,153.08999633789062,114.61000061035156,226.41000366210938,206.9199981689453,324.82000732421875,1081.530029296875,336.0199890136719,55.13999938964844,54.25,112.80000305175781,93.33000183105469,148.5399932861328,35.720001220703125,105.16000366210938,890.22998046875,37.58000183105469,214.0,319.0899963378906,1063.5,184.00999450683594,100.30000305175781,178.1300048828125,235.8000030517578,176.25999450683594,26.440000534057617,212.27000427246094,179.19000244140625,38.599998474121094,296.7099914550781,287.260009765625,340.4200134277344,53.88999938964844,166.27999877929688,93.08000183105469,44.83000183105469,55.040000915527344,156.0399932861328,116.7699966430664,6405900,23467600,2642500,956300,58061100,32931900,18038400,12418200,9060400,11290500,10308300,4435000,2161600,50490300,9949800,8331300,4024500,2889200,16663600,6840500,22577300,148588100,111695500,1723100,7136000,19127100,5850400,11418400,6334000,9658400,4040500,12981100,49312400,37342300,12491300,17638700
2025-12-17,220.6887969970703,198.11000061035156,321.3399963378906,1011.8822631835938,324.7162170410156,54.24335479736328,52.384422302246094,110.36000061035156,93.5316162109375,146.72760009765625,36.75801086425781,102.95162200927734,867.76318359375,36.04999923706055,209.2177734375,311.9690246582031,1038.266845703125,172.96971130371094,98.45079803466797,172.91244506835938,225.3342742919922,170.93075561523438,24.227548599243164,207.10714721679688,171.2405548095703,38.30411911010742,285.05438232421875,276.1817626953125,329.07171630859375,52.68149185180664,161.154052734375,91.61338806152344,44.11328125,54.16132354736328,152.5109100341797,115.84630584716797,224.30999755859375,198.11000061035156,326.010009765625,1015.4299926757812,326.0199890136719,54.54999923706055,53.54999923706055,111.45999908447266,94.95999908447266,149.52000427246094,36.95000076293945,104.73999786376953,872.3300170898438,36.04999923706055,210.3300018310547,314.9800109863281,1041.7900390625,174.5,99.18000030517578,174.8000030517578,225.52000427246094,170.94000244140625,25.040000915527344,210.3000030517578,172.33999633789062,38.529998779296875,285.2300109863281,276.9599914550781,331.6300048828125,53.7400016784668,162.91000366210938,92.58999633789062,44.779998779296875,54.630001068115234,153.7899932861328,117.41000366210938,226.41000366210938,211.5,330.0400085449219,1065.1199951171875,346.6099853515625,55.56999969482422,54.4900016784668,113.01000213623047,95.12000274658203,149.8699951171875,37.040000915527344,105.0199966430664,895.969970703125,37.84000015258789,211.52000427246094,319.3699951171875,1064.300048828125,177.52999877929688,100.13999938964844,179.4499969482422,237.4499969482422,176.1300048828125,25.489999771118164,212.6300048828125,177.47999572753906,38.619998931884766,298.17999267578125,289.1000061035156,335.5199890136719,54.040000915527344,163.38999938964844,93.33000183105469,44.880001068115234,55.06999969482422,154.77999877929688,117.62000274658203,222.86000061035156,197.52999877929688,325.42999267578125,1010.010009765625,321.4200134277344,54.459999084472656,53.5,110.95999908447266,91.80999755859375,147.35000610351562,35.61000061035156,101.87999725341797,868.4400024414062,35.970001220703125,208.4600067138672,314.6600036621094,1036.4100341796875,172.86000061035156,98.05999755859375,174.4600067138672,221.69000244140625,170.30999755859375,25.030000686645508,209.47999572753906,172.0500030517578,37.72999954223633,284.42999267578125,275.0799865722656,330.4800109863281,53.58000183105469,159.89999389648438,92.47000122070312,44.060001373291016,54.58000183105469,153.6699981689453,115.16999816894531,223.8800048828125,210.0399932861328,327.5199890136719,1060.77001953125,346.6099853515625,55.119998931884766,54.06999969482422,111.88999938964844,91.93000030517578,147.5,35.70000076293945,102.01000213623047,886.3300170898438,37.59000015258789,209.38999938964844,318.42999267578125,1064.300048828125,177.2899932861328,98.18000030517578,178.0500030517578,236.55999755859375,176.10000610351562,25.399999618530273,210.55999755859375,176.1199951171875,37.83000183105469,297.32000732421875,288.5299987792969,333.6099853515625,53.70000076293945,163.38999938964844,92.76000213623047,44.130001068115234,54.79999923706055,154.22999572753906,115.20999908447266,5243400,31595400,2517300,2140900,73300900,35304100,14990500,9949700,9661000,8805300,10536900,5374600,2213300,54792000,8457600,8718700,3726600,3050900,13180600,5796100,41957100,222775500,61255300,1724300,8501900,15363900,10422000,16823000,4685600,9936400,2924300,14819000,43375300,41112400,9093300,18502200
2025-12-18,219.2228546142578,201.05999755859375,319.77276611328125,1032.6893310546875,328.5608215332031,53.95498275756836,52.16920852661133,111.71646881103516,90.84268951416016,144.93179321289062,35.53440475463867,100.85799407958984,871.71240234375,36.279998779296875,207.2084503173828,310.0079345703125,1053.3057861328125,166.6357421875,99.94969940185547,171.09231567382812,248.34530639648438,174.1305694580078,24.227548599243164,206.31927490234375,173.07876586914062,37.906463623046875,291.8601989746094,283.88006591796875,325.608642578125,52.808929443359375,160.1945037841797,90.51509857177734,43.47296142578125,54.07209396362305,152.62991333007812,114.98788452148438,222.82000732421875,201.05999755859375,324.4200134277344,1036.31005859375,329.8800048828125,54.2599983215332,53.33000183105469,112.83000183105469,92.2300033569336,147.69000244140625,35.720001220703125,102.61000061035156,876.2999877929688,36.279998779296875,208.30999755859375,313.0,1056.8800048828125,168.11000061035156,100.69000244140625,172.9600067138672,248.5500030517578,174.13999938964844,25.040000915527344,209.5,174.19000244140625,38.130001068115234,292.0400085449219,284.67999267578125,328.1400146484375,53.869998931884766,161.94000244140625,91.4800033569336,44.130001068115234,54.540000915527344,153.91000366210938,116.54000091552734,226.25999450683594,206.36000061035156,328.239990234375,1051.81005859375,336.0299987792969,55.150001525878906,53.79999923706055,113.8499984741211,94.48999786376953,149.27000427246094,37.0,104.20999908447266,892.7899780273438,37.4900016784668,211.05999755859375,317.70001220703125,1079.260009765625,174.3800048828125,101.37000274658203,177.07000732421875,263.6499938964844,176.14999389648438,25.229999542236328,213.0,177.0800018310547,38.560001373291016,296.9599914550781,287.1600036621094,330.17999267578125,54.40999984741211,163.85000610351562,93.88999938964844,44.709999084472656,55.02000045776367,155.17999267578125,116.98999786376953,222.7899932861328,200.5,321.9100036621094,1035.1500244140625,323.6300048828125,53.77000045776367,53.09000015258789,112.12000274658203,92.16000366210938,147.0800018310547,35.709999084472656,102.12000274658203,874.7000122070312,35.66999816894531,207.75999450683594,312.2200012207031,1039.5400390625,167.1300048828125,98.86000061035156,172.5800018310547,245.0,171.82000732421875,24.979999542236328,208.69000244140625,173.52999877929688,37.88999938964844,290.8399963378906,281.75,324.57000732421875,53.52000045776367,160.72000122070312,91.29000091552734,43.97999954223633,54.36000061035156,153.67999267578125,115.62999725341797,224.0,203.82000732421875,326.2699890136719,1047.969970703125,336.0,54.79999923706055,53.31999969482422,112.22000122070312,94.25,148.85000610351562,36.9900016784668,104.20999908447266,880.5,37.380001068115234,209.8000030517578,316.0,1041.800048828125,173.41000366210938,99.2699966430664,176.5500030517578,256.5299987792969,174.52999877929688,25.010000228881836,210.72999572753906,175.7100067138672,38.540000915527344,295.7200012207031,285.0,328.92999267578125,53.79999923706055,163.85000610351562,93.02999877929688,44.650001525878906,54.77000045776367,153.75,116.98999786376953,4760400,29720100,2669000,1645400,54501900,87452700,17296500,21155800,7336900,6998800,8142400,3928100,2066300,69468400,7499900,11444900,3848600,2888600,14312800,7993400,65006100,176096000,47062500,2119200,8967500,12014800,6740400,11260300,6354900,9095600,2548500,11844100,29920200,35021600,8876400,13705600
2025-12-19,223.15829467773438,213.42999267578125,322.69036865234375,1052.3304443359375,338.9988708496094,54.95930862426758,53.0104866027832,113.7264404296875,90.55705261230469,144.99066162109375,35.653778076171875,100.18960571289062,888.8024291992188,36.81999969482422,205.27871704101562,314.17767333984375,1067.8165283203125,166.8439178466797,100.34675598144531,175.0688934326172,265.70098876953125,180.98020935058594,24.3726806640625,207.00865173339844,174.13198852539062,37.85675811767578,299.6253967285156,288.1380920410156,324.8941955566406,53.09321594238281,160.95620727539062,92.02896118164062,43.47296142578125,54.3695182800293,153.65135192871094,115.1358871459961,226.82000732421875,213.42999267578125,327.3800048828125,1056.02001953125,340.3599853515625,55.27000045776367,54.189998626708984,114.86000061035156,91.94000244140625,147.75,35.84000015258789,101.93000030517578,893.47998046875,36.81999969482422,206.3699951171875,317.2099914550781,1071.43994140625,168.32000732421875,101.08999633789062,176.97999572753906,265.9200134277344,180.99000549316406,25.190000534057617,210.1999969482422,175.25,38.08000183105469,299.80999755859375,288.95001220703125,327.4200134277344,54.15999984741211,162.7100067138672,93.01000213623047,44.130001068115234,54.84000015258789,154.94000244140625,116.69000244140625,229.47000122070312,215.17999267578125,331.5,1062.6800537109375,343.45001220703125,55.310001373291016,54.86000061035156,115.61000061035156,93.4000015258789,149.00999450683594,36.400001525878906,103.1500015258789,899.75,37.58000183105469,209.24000549316406,318.55999755859375,1075.3800048828125,170.52999877929688,102.19999694824219,177.6999969482422,268.3800048828125,181.4499969482422,25.520000457763672,211.94000244140625,177.19000244140625,38.4900016784668,301.69000244140625,292.1700134277344,334.6000061035156,54.25,164.44000244140625,93.12999725341797,44.529998779296875,55.02000045776367,155.77000427246094,117.56999969482422,222.35000610351562,204.1999969482422,324.7300109863281,1042.56005859375,332.5799865722656,54.380001068115234,53.290000915527344,113.05000305175781,91.5999984741211,147.19000244140625,35.779998779296875,101.58999633789062,881.9500122070312,36.439998626708984,206.02999877929688,313.19000244140625,1059.010009765625,167.27000427246094,100.11000061035156,173.4600067138672,251.75,176.33999633789062,24.979999542236328,209.36000061035156,174.1999969482422,37.97999954223633,294.5,286.3800048828125,326.07000732421875,53.75,161.5399932861328,91.5999984741211,44.029998779296875,54.560001373291016,153.9199981689453,115.95999908447266,222.9499969482422,204.60000610351562,325.55999755859375,1042.56005859375,333.3399963378906,54.52000045776367,53.40999984741211,113.19999694824219,92.44999694824219,147.9600067138672,35.779998779296875,102.38999938964844,883.1699829101562,36.47999954223633,207.55999755859375,313.7900085449219,1059.010009765625,168.38999938964844,100.5999984741211,173.4600067138672,251.75,176.6699981689453,25.010000228881836,210.00999450683594,174.44000244140625,38.25,294.6700134277344,286.3800048828125,328.05999755859375,53.88999938964844,161.85000610351562,91.61000061035156,44.25,54.560001373291016,153.9199981689453,116.75,18968800,58445500,13465700,2319600,159095200,73001900,40404100,37660800,14612600,21701400,17503200,9611500,4808300,163221300,24803900,24494400,5829100,6618000,44980200,10639400,62312100,324925900,87590000,4273600,25223500,22594300,5075000,12735800,10553000,24506700,6529800,37783900,31959600,46595300,8571500,45412800
2025-12-22,224.23068237304688,214.9499969482422,326.6429138183594,1053.287109375,340.7352600097656,55.565879821777344,53.47026062011719,116.92455291748047,91.90643310546875,147.00238037109375,36.2407112121582,101.65415954589844,894.2935791015625,36.369998931884766,206.22369384765625,320.0014953613281,1072.8394775390625,163.32504272460938,103.95006561279297,177.81887817382812,276.3622131347656,183.6800537109375,24.39202880859375,209.66766357421875,173.1085662841797,38.10529327392578,303.6529235839844,292.4559020996094,322.651611328125,53.78923034667969,161.7871551513672,93.28556823730469,43.92301940917969,55.03709030151367,154.6641845703125,116.5764389038086,227.91000366210938,214.9499969482422,331.3900146484375,1056.97998046875,341.45001220703125,55.880001068115234,54.65999984741211,118.08999633789062,93.30999755859375,149.8000030517578,36.43000030517578,103.41999816894531,899.0,36.369998931884766,207.32000732421875,323.0899963378906,1076.47998046875,164.77000427246094,104.72000122070312,179.75999450683594,276.5899963378906,183.69000244140625,25.209999084472656,212.89999389648438,174.22000122070312,38.33000183105469,303.8399963378906,293.2799987792969,325.1600036621094,54.869998931884766,163.5500030517578,94.27999877929688,44.209999084472656,55.31999969482422,155.3000030517578,118.1500015258789,228.64999389648438,220.1699981689453,331.8800048828125,1067.1600341796875,346.239990234375,56.11000061035156,54.81999969482422,118.6500015258789,94.52999877929688,150.49000549316406,36.880001068115234,104.22000122070312,905.47998046875,37.900001525878906,208.0800018310547,323.2300109863281,1083.47998046875,170.7899932861328,104.94999694824219,180.25999450683594,279.989990234375,184.16000366210938,25.399999618530273,213.27999877929688,178.32000732421875,38.869998931884766,306.94000244140625,295.010009765625,329.79998779296875,54.900001525878906,165.49000549316406,94.38999938964844,44.4900016784668,55.439998626708984,155.3699951171875,118.45999908447266,224.25,213.30999755859375,326.0799865722656,1050.0,337.2200012207031,55.34000015258789,54.040000915527344,114.87000274658203,92.56999969482422,148.6999969482422,36.2400016784668,102.80999755859375,894.8400268554688,36.290000915527344,205.5,317.510009765625,1063.0,164.63999938964844,100.4000015258789,177.41000366210938,268.2900085449219,182.35000610351562,25.1299991607666,209.3699951171875,173.89999389648438,38.15999984741211,302.54998779296875,291.2099914550781,321.6499938964844,54.04999923706055,162.8000030517578,93.05000305175781,44.09000015258789,54.7400016784668,153.8000030517578,117.33999633789062,226.11000061035156,220.0,327.010009765625,1066.0,346.0299987792969,55.369998931884766,54.13999938964844,115.20999908447266,93.11000061035156,148.80999755859375,36.36000061035156,103.12999725341797,896.52001953125,37.88999938964844,206.1300048828125,317.510009765625,1076.719970703125,169.89999389648438,100.62999725341797,177.58999633789062,277.1499938964844,183.9199981689453,25.200000762939453,210.1999969482422,177.55999755859375,38.45000076293945,306.7300109863281,294.6700134277344,322.8999938964844,54.11000061035156,164.49000549316406,93.19999694824219,44.13999938964844,54.75,154.14999389648438,117.33999633789062,4828100,24950700,2400400,703700,28739600,33408800,25146300,20178100,4850700,8143600,5965700,2969000,1442300,51685400,8187800,8354600,2625600,1999800,17136200,4574600,30961900,129064400,38758900,1359900,6422100,8495800,4019000,6091100,7872400,7654100,2795800,9512300,23707400,37987800,7063700,11768600
2025-12-23,225.09646606445312,214.89999389648438,326.7414855957031,1058.130126953125,348.5887756347656,55.655372619628906,53.09852981567383,118.22163391113281,91.33516693115234,147.6990966796875,36.151180267333984,102.21442413330078,896.9893798828125,36.349998474121094,204.69183349609375,322.8143310546875,1068.015869140625,164.94073486328125,104.26771545410156,177.56167602539062,276.0424499511719,189.19976806640625,24.072736740112305,208.73207092285156,173.6351776123047,37.97605514526367,304.772216796875,296.1156311035156,322.29437255859375,53.416717529296875,162.99400329589844,93.47356414794922,44.21113586425781,55.14652633666992,154.35545349121094,117.82952117919922,228.7899932861328,214.89999389648438,331.489990234375,1061.8399658203125,349.32000732421875,55.970001220703125,54.279998779296875,119.4000015258789,92.7300033569336,150.50999450683594,36.34000015258789,103.98999786376953,901.7100219726562,36.349998474121094,205.77999877929688,325.92999267578125,1071.6400146484375,166.39999389648438,105.04000091552734,179.5,276.2699890136719,189.2100067138672,24.8799991607666,211.9499969482422,174.75,38.20000076293945,304.9599914550781,296.95001220703125,324.79998779296875,54.4900016784668,164.77000427246094,94.47000122070312,44.5,55.43000030517578,154.99000549316406,119.41999816894531,230.7899932861328,217.02999877929688,333.6700134277344,1064.75,350.1099853515625,56.220001220703125,54.779998779296875,120.2699966430664,93.77999877929688,151.0800018310547,36.630001068115234,104.08000183105469,905.9199829101562,36.79999923706055,206.52999877929688,327.7799987792969,1088.47998046875,166.9499969482422,105.38999938964844,180.5800018310547,281.8599853515625,189.3300018310547,25.34000015258789,213.97999572753906,175.27000427246094,38.900001525878906,305.1199951171875,297.9100036621094,327.79998779296875,55.130001068115234,165.19000244140625,94.68000030517578,44.54999923706055,55.560001373291016,155.66000366210938,120.02999877929688,227.91000366210938,212.27999877929688,328.07000732421875,1055.68994140625,338.5400085449219,55.810001373291016,54.0099983215332,118.06999969482422,92.44000244140625,149.85000610351562,36.119998931884766,103.25,893.7000122070312,36.029998779296875,203.27999877929688,323.0899963378906,1063.5,164.22000122070312,104.33000183105469,179.1300048828125,272.32000732421875,182.89999389648438,24.829999923706055,211.61000061035156,173.50999450683594,37.93000030517578,301.3699951171875,292.20001220703125,323.760009765625,54.470001220703125,162.97999572753906,94.02999877929688,44.220001220703125,55.310001373291016,154.63999938964844,118.31999969482422,228.22000122070312,212.86000061035156,328.0899963378906,1057.93994140625,340.80999755859375,55.810001373291016,54.65999984741211,118.16000366210938,93.3499984741211,150.0399932861328,36.58000183105469,103.69999694824219,900.3499755859375,36.2400016784668,205.02000427246094,323.6099853515625,1063.5,165.27000427246094,104.55999755859375,179.8300018310547,275.9200134277344,182.97000122070312,25.260000228881836,212.89999389648438,173.61000061035156,38.4900016784668,302.2099914550781,293.3999938964844,324.0,54.90999984741211,164.16000366210938,94.23999786376953,44.369998931884766,55.310001373291016,154.69000244140625,118.47000122070312,3612100,20272300,1552800,543600,28232600,22274600,16579400,16135000,5671100,4663700,4609900,2334800,1210200,35958000,7047300,6668300,2108600,2380600,13587500,3514800,20767600,174873600,43692900,1121900,4690400,7930300,2708600,6802300,4463300,6205900,1970900,8642100,19137500,24732900,7465800,12567600
2025-12-24,226.1787109375,215.0399932861328,329.17608642578125,1061.7972412109375,349.48687744140625,55.93379592895508,53.519168853759766,120.36031341552734,90.41915130615234,147.68930053710938,36.01190948486328,102.09648132324219,906.0119018554688,36.15999984741211,206.68125915527344,326.02337646484375,1073.3377685546875,164.276611328125,105.66734313964844,179.68846130371094,286.44390869140625,188.59979248046875,24.217870712280273,210.2388458251953,173.65505981445312,37.74740219116211,305.9515075683594,297.96038818359375,325.05291748046875,53.85784912109375,162.69723510742188,94.29481506347656,44.08198165893555,55.44499206542969,155.16213989257812,117.63219451904297,229.88999938964844,215.0399932861328,333.9599914550781,1065.52001953125,350.2200012207031,56.25,54.709999084472656,121.55999755859375,91.80000305175781,150.5,36.20000076293945,103.87000274658203,910.780029296875,36.15999984741211,207.77999877929688,329.1700134277344,1076.97998046875,165.72999572753906,106.44999694824219,181.64999389648438,286.67999267578125,188.61000061035156,25.030000686645508,213.47999572753906,174.77000427246094,37.970001220703125,306.1400146484375,298.79998779296875,327.5799865722656,54.939998626708984,164.47000122070312,95.30000305175781,44.369998931884766,55.72999954223633,155.8000030517578,119.22000122070312,230.8000030517578,216.5399932861328,334.3800048828125,1066.800048828125,352.8599853515625,56.5,54.75,122.83999633789062,93.16000366210938,150.99000549316406,36.36000061035156,104.87999725341797,911.8800048828125,36.18000030517578,207.94000244140625,329.989990234375,1085.72998046875,166.30999755859375,106.94999694824219,182.0,289.29998779296875,188.91000366210938,25.139999389648438,214.58999633789062,175.49000549316406,38.279998779296875,306.5,299.1600036621094,328.989990234375,55.150001525878906,164.55999755859375,95.8499984741211,44.560001373291016,55.88999938964844,155.94000244140625,120.05000305175781,228.97999572753906,213.97000122070312,330.7200012207031,1057.43994140625,347.1400146484375,55.88999938964844,54.20000076293945,119.25,91.69000244140625,150.10000610351562,36.02000045776367,103.5,898.7000122070312,34.95000076293945,205.57000732421875,325.5,1072.7099609375,164.4499969482422,105.27999877929688,179.52999877929688,277.25,186.58999633789062,24.90999984741211,211.32000732421875,174.4199981689453,37.810001373291016,304.7099914550781,296.2300109863281,324.1300048828125,54.41999816894531,162.75,94.47000122070312,44.310001373291016,55.40999984741211,155.14999389648438,119.12000274658203,229.4600067138672,214.97999572753906,330.7200012207031,1059.8199462890625,350.69000244140625,56.130001068115234,54.40999984741211,119.70999908447266,92.75,150.3800048828125,36.209999084472656,103.88999938964844,901.1599731445312,35.16999816894531,206.0,326.239990234375,1074.6400146484375,165.5399932861328,105.37000274658203,180.16000366210938,278.0,187.94000244140625,24.920000076293945,211.9600067138672,175.0399932861328,38.16999816894531,305.0,297.739990234375,325.20001220703125,54.650001525878906,164.1300048828125,94.6500015258789,44.41999816894531,55.5099983215332,155.1699981689453,119.33000183105469,1744900,7956800,833700,229800,11424400,13634400,10038100,13529600,3079200,2227600,2202900,1647600,771800,37443800,2376500,4289300,932800,996200,5335000,2648000,18592600,65528500,19328500,712800,1645300,2928600,1723200,2753900,2842700,3536100,881600,5506800,11293900,15685800,3085700,6137400
2025-12-26,226.2672576904297,214.99000549316406,328.1608581542969,1069.001953125,351.39288330078125,55.854244232177734,53.4506950378418,119.2315673828125,90.16307067871094,147.21827697753906,35.48466110229492,101.73279571533203,902.2914428710938,36.20000076293945,206.5320587158203,324.7754211425781,1074.105224609375,162.2545166015625,105.99491882324219,179.90609741210938,284.55548095703125,190.51968383789062,24.275924682617188,210.6426239013672,173.69479370117188,37.568458557128906,305.8515625,301.9890441894531,329.2701416015625,53.9068717956543,162.24220275878906,94.25523376464844,43.9130859375,55.33555221557617,155.41111755371094,117.5236587524414,229.97999572753906,214.99000549316406,332.92999267578125,1072.75,352.1300048828125,56.16999816894531,54.63999938964844,120.41999816894531,91.54000091552734,150.02000427246094,35.66999816894531,103.5,907.0399780273438,36.20000076293945,207.6300048828125,327.9100036621094,1077.75,163.69000244140625,106.77999877929688,181.8699951171875,284.7900085449219,190.52999877929688,25.09000015258789,213.88999938964844,174.80999755859375,37.790000915527344,306.0400085449219,302.8399963378906,331.8299865722656,54.9900016784668,164.00999450683594,95.26000213623047,44.20000076293945,55.619998931884766,156.0500030517578,119.11000061035156,230.61000061035156,216.8300018310547,333.9800109863281,1076.0899658203125,353.25,56.54999923706055,55.040000915527344,122.04000091552734,92.4800033569336,151.13999938964844,36.25,104.30000305175781,913.3200073242188,36.4900016784668,208.0399932861328,330.8599853515625,1081.3900146484375,165.8800048828125,107.05000305175781,182.33999633789062,290.8699951171875,192.69000244140625,25.110000610351562,214.2100067138672,175.5,38.060001373291016,307.5400085449219,303.3800048828125,331.8900146484375,55.040000915527344,164.80999755859375,95.47000122070312,44.439998626708984,55.79999923706055,156.1199951171875,119.55000305175781,228.67999267578125,213.02999877929688,330.8500061035156,1063.0799560546875,347.75,56.029998779296875,54.380001068115234,119.66999816894531,90.75,149.64999389648438,35.40999984741211,103.05999755859375,905.3099975585938,35.849998474121094,206.7100067138672,326.5400085449219,1068.300048828125,163.33999633789062,106.02999877929688,181.10000610351562,283.4200134277344,188.0,24.920000076293945,212.5800018310547,174.35000610351562,37.540000915527344,305.2900085449219,298.5199890136719,326.260009765625,54.630001068115234,162.22000122070312,94.72000122070312,43.9900016784668,55.439998626708984,155.35000610351562,118.52999877929688,229.82000732421875,215.42999267578125,333.6499938964844,1066.25,351.05999755859375,56.279998779296875,54.7599983215332,121.6500015258789,91.91000366210938,150.3800048828125,36.16999816894531,103.70999908447266,911.0,36.16999816894531,207.52999877929688,329.1099853515625,1076.97998046875,165.00999450683594,106.44999694824219,181.85000610351562,290.8399963378906,189.9199981689453,25.020000457763672,213.22999572753906,175.0,37.959999084472656,307.3999938964844,299.8999938964844,327.20001220703125,54.95000076293945,164.02000427246094,95.36000061035156,44.31999969482422,55.709999084472656,155.69000244140625,118.88999938964844,1593900,15792600,792600,363800,15028100,15259400,9573000,10603700,4575600,3706900,5248200,2224900,995300,28779400,2316700,4158300,1014600,1262300,6280700,2564700,17878500,139740300,21617800,887300,2442800,4726700,1860900,5125900,4359300,3905300,2517800,5169400,17884500,20410100,4439100,8066100
2025-12-29,227.11337280273438,215.61000061035156,324.90814208984375,1062.275634765625,348.65863037109375,55.038856506347656,52.93223190307617,116.96416473388672,91.23666381835938,148.17015075683594,35.99201202392578,102.85333251953125,887.50927734375,36.68000030517578,206.46241760253906,320.6551818847656,1075.081787109375,162.16529846191406,105.83609771728516,177.99693298339844,294.24639892578125,188.20980834960938,24.1888427734375,208.75177001953125,172.32359313964844,37.67781448364258,305.13201904296875,300.074462890625,326.4024353027344,53.426517486572266,163.87440490722656,93.52303314208984,44.33035659790039,55.03709030151367,155.17208862304688,118.92474365234375,230.83999633789062,215.61000061035156,329.6300048828125,1066.0,349.3900146484375,55.349998474121094,54.11000061035156,118.12999725341797,92.62999725341797,150.99000549316406,36.18000030517578,104.63999938964844,892.1799926757812,36.68000030517578,207.55999755859375,323.75,1078.72998046875,163.60000610351562,106.62000274658203,179.94000244140625,294.3699951171875,188.22000122070312,25.0,211.97000122070312,173.42999267578125,37.900001525878906,305.32000732421875,300.9200134277344,328.94000244140625,54.5,165.66000366210938,94.5199966430664,44.619998931884766,55.31999969482422,155.80999755859375,120.52999877929688,232.02000427246094,216.0500030517578,333.5,1073.6500244140625,350.3299865722656,56.25,54.72999954223633,120.56999969482422,92.7300033569336,151.63999938964844,36.45000076293945,105.08000183105469,906.47998046875,36.79999923706055,209.47000122070312,327.7699890136719,1085.5,165.0,107.58999633789062,181.6999969482422,294.5,188.75999450683594,25.200000762939453,214.02000427246094,175.19000244140625,38.13999938964844,306.4599914550781,304.5,334.25,55.029998779296875,166.67999267578125,95.61000061035156,44.7400016784668,55.68000030517578,156.49000549316406,121.30000305175781,229.74000549316406,209.24000549316406,329.4700012207031,1061.0699462890625,344.69000244140625,55.27000045776367,54.0,117.9800033569336,91.69999694824219,150.08999633789062,35.95000076293945,104.02999877929688,891.5599975585938,35.81999969482422,207.3800048828125,323.5299987792969,1074.3800048828125,162.6199951171875,106.43000030517578,179.75,278.5,185.91000366210938,24.969999313354492,211.8699951171875,172.7899932861328,37.689998626708984,301.8900146484375,298.6499938964844,328.2799987792969,54.40999984741211,162.88999938964844,94.37000274658203,44.290000915527344,55.2599983215332,155.67999267578125,119.4000015258789,230.14999389648438,211.5800018310547,332.4599914550781,1064.5799560546875,348.7200012207031,56.11000061035156,54.63999938964844,120.36000061035156,92.0,151.0,36.029998779296875,104.30999755859375,906.4500122070312,36.0099983215332,208.0,327.0,1077.949951171875,164.7899932861328,106.8499984741211,181.19000244140625,280.3299865722656,187.7100067138672,25.049999237060547,213.97000122070312,174.00999450683594,37.849998474121094,303.3699951171875,301.7799987792969,330.8900146484375,54.97999954223633,165.0,95.36000061035156,44.5099983215332,55.59000015258789,156.07000732421875,120.1500015258789,3803000,20326900,2181000,424300,21946900,21040100,9162800,11000600,5256400,5589100,5923600,3053000,1578000,38062300,4348900,8635300,1653000,1847500,8086900,2464300,26642900,120006100,33067700,1274600,3978400,6806000,3620700,6205100,4346800,4354300,2811600,8624200,31352100,34223800,6357300,14782500
2025-12-30,226.03114318847656,215.33999633789062,323.9815673828125,1068.3941650390625,349.1176452636719,54.9692497253418,53.030052185058594,116.0532455444336,92.68455505371094,149.4654998779297,36.628684997558594,103.85591888427734,879.7898559570312,37.29999923706055,205.81585693359375,320.328369140625,1076.0985107421875,162.3833770751953,105.28021240234375,177.14622497558594,292.5071105957031,187.52984619140625,24.179166793823242,207.8555908203125,172.5421905517578,38.32400131225586,304.7322692871094,298.7381896972656,329.5976257324219,53.24026107788086,163.08303833007812,93.31524658203125,44.66815185546875,54.897804260253906,155.04261779785156,119.37861633300781,229.74000549316406,215.33999633789062,328.69000244140625,1072.1400146484375,349.8500061035156,55.279998779296875,54.209999084472656,117.20999908447266,94.0999984741211,152.30999755859375,36.81999969482422,105.66000366210938,884.4199829101562,37.29999923706055,206.91000366210938,323.4200134277344,1079.75,163.82000732421875,106.05999755859375,179.0800018310547,292.6300048828125,187.5399932861328,24.989999771118164,211.05999755859375,173.64999389648438,38.54999923706055,304.9200134277344,299.5799865722656,332.1600036621094,54.310001373291016,164.86000061035156,94.30999755859375,44.959999084472656,55.18000030517578,155.67999267578125,120.98999786376953,231.2100067138672,216.82000732421875,329.7699890136719,1086.06005859375,352.67999267578125,55.63999938964844,54.349998474121094,118.41000366210938,94.30999755859375,152.6699981689453,36.91999816894531,105.9000015258789,895.02001953125,38.2599983215332,207.69000244140625,324.94000244140625,1082.3699951171875,164.80999755859375,106.87999725341797,180.3800048828125,298.8299865722656,188.99000549316406,25.049999237060547,212.27000427246094,174.39999389648438,38.72999954223633,307.4800109863281,304.54998779296875,336.1499938964844,54.599998474121094,166.72999572753906,94.87999725341797,45.09000015258789,55.400001525878906,155.97999572753906,121.80000305175781,228.6199951171875,214.3300018310547,325.8299865722656,1070.4200439453125,349.29998779296875,55.16999816894531,53.91999816894531,116.52999877929688,93.11000061035156,151.47000122070312,36.40999984741211,105.2300033569336,881.1799926757812,36.81999969482422,206.52000427246094,322.489990234375,1072.0699462890625,162.82000732421875,105.63999938964844,178.25999450683594,292.010009765625,186.92999267578125,24.920000076293945,210.85000610351562,173.33999633789062,38.0,304.70001220703125,299.45001220703125,329.510009765625,54.130001068115234,163.64999389648438,93.98999786376953,44.79999923706055,55.13999938964844,155.1999969482422,120.62999725341797,230.77000427246094,215.8699951171875,328.6499938964844,1084.5799560546875,349.9700012207031,55.4900016784668,54.20000076293945,118.29000091552734,93.3499984741211,151.5,36.4900016784668,105.33000183105469,894.739990234375,36.90999984741211,207.50999450683594,324.80999755859375,1078.9599609375,164.58999633789062,106.7300033569336,180.27999877929688,294.70001220703125,188.24000549316406,25.010000228881836,212.02999877929688,174.05999755859375,38.0,306.0799865722656,302.3599853515625,329.7300109863281,54.599998474121094,166.64999389648438,94.7300033569336,44.79999923706055,55.400001525878906,155.66000366210938,121.0999984741211,2348000,16409600,1255900,807300,16633600,17427600,7914000,8636100,4553600,5150500,4940300,2819700,1833300,61935300,3937400,7904300,1251500,1224000,6497900,2365500,23056400,97687300,28821700,884200,3429300,7774500,2984800,6190600,4432500,4956000,2569000,6417800,18654700,16160900,4355000,11150500
2025-12-31,224.8013153076172,214.16000366210938,322.621337890625,1066.1220703125,345.3755187988281,54.69082260131836,52.76593017578125,115.53838348388672,92.20193481445312,149.56362915039062,36.439674377441406,103.21701049804688,874.3982543945312,36.900001525878906,205.85565185546875,319.1398010253906,1071.045654296875,161.2038116455078,104.48609924316406,175.6129608154297,285.2901611328125,186.4899139404297,24.09208869934082,205.5609588623047,169.9587860107422,38.154998779296875,300.9645690917969,303.0361328125,327.56341552734375,52.81465530395508,161.03533935546875,92.21695709228516,44.41977310180664,54.48990249633789,154.16622924804688,118.73727416992188,228.49000549316406,214.16000366210938,327.30999755859375,1069.8599853515625,346.1000061035156,55.0,53.939998626708984,116.69000244140625,93.61000061035156,152.41000366210938,36.630001068115234,105.01000213623047,879.0,36.900001525878906,206.9499969482422,322.2200012207031,1074.6800537109375,162.6300048828125,105.26000213623047,177.52999877929688,285.4100036621094,186.5,24.899999618530273,208.72999572753906,171.0500030517578,38.380001068115234,301.1499938964844,303.8900146484375,330.1099853515625,53.36000061035156,162.7899932861328,93.19999694824219,44.709999084472656,54.77000045776367,154.8000030517578,120.33999633789062,230.25,217.63999938964844,329.5,1080.5400390625,349.8800048828125,55.41999816894531,54.349998474121094,117.62000274658203,94.58999633789062,152.5500030517578,36.939998626708984,105.87000274658203,886.0,37.58000183105469,207.5,324.8800048828125,1083.5,164.1699981689453,106.0999984741211,179.7100067138672,293.1700134277344,190.55999755859375,25.020000457763672,211.38999938964844,173.77999877929688,38.77000045776367,306.1199951171875,307.3900146484375,333.3299865722656,53.970001220703125,165.02000427246094,94.68000030517578,45.02000045776367,55.2599983215332,155.83999633789062,121.26000213623047,228.42999267578125,213.8000030517578,327.05999755859375,1068.9200439453125,345.4200134277344,54.93000030517578,53.90999984741211,116.37000274658203,93.41999816894531,151.6699981689453,36.459999084472656,104.61000061035156,876.7899780273438,36.869998931884766,206.3699951171875,322.0400085449219,1074.4300537109375,161.92999267578125,104.98999786376953,177.39999389648438,284.17999267578125,186.49000549316406,24.8799991607666,208.3800048828125,171.00999450683594,38.27000045776367,301.1099853515625,303.42999267578125,329.8800048828125,53.34000015258789,160.97000122070312,93.12000274658203,44.56999969482422,54.75,154.77000427246094,119.87000274658203,229.74000549316406,215.82000732421875,328.69000244140625,1080.22998046875,349.7300109863281,55.31999969482422,54.209999084472656,117.4000015258789,94.44999694824219,152.38999938964844,36.86000061035156,105.68000030517578,884.0999755859375,37.400001525878906,206.91000366210938,324.3399963378906,1079.760009765625,164.08999633789062,105.94000244140625,179.50999450683594,293.1700134277344,189.57000732421875,24.969999313354492,211.0,173.61000061035156,38.54999923706055,305.6400146484375,304.0,332.32000732421875,53.939998626708984,164.86000061035156,94.5,44.93000030517578,55.220001220703125,155.60000610351562,121.18000030517578,3196900,17591600,1417300,561300,15346100,16293000,7866800,6203300,3551700,4953100,3917600,2377400,1221500,51524700,4083800,5048500,1646700,1323800,7557300,3098100,17573800,120100500,29409200,1315100,4682600,6157100,2954200,8175100,4285200,6050800,2321000,7919300,16965900,22996200,4199500,10559900
2026-01-02,225.6080780029297,223.47000122070312,322.9466247558594,1159.7139892578125,346.8923034667969,55.6354866027832,52.914398193359375,117.5285415649414,95.24544525146484,152.9884490966797,37.6732292175293,105.43842315673828,909.5532836914062,39.380001068115234,206.2535400390625,322.36865234375,1076.706298828125,163.69178771972656,105.66734313964844,179.93576049804688,315.2875671386719,188.83978271484375,24.363004684448242,208.24952697753906,171.87646484375,39.96432876586914,313.4968566894531,318.7119140625,333.8049011230469,53.37882995605469,163.52818298339844,94.19585418701172,45.35367202758789,54.64908218383789,154.87332153320312,121.01651000976562,229.30999755859375,223.47000122070312,327.6400146484375,1163.780029296875,347.6199951171875,55.95000076293945,53.459999084472656,118.69999694824219,96.69999694824219,155.89999389648438,37.869998931884766,107.2699966430664,914.3400268554688,39.380001068115234,207.35000610351562,325.4800109863281,1080.3599853515625,165.13999938964844,106.44999694824219,181.89999389648438,315.4200134277344,188.85000610351562,25.18000030517578,211.4600067138672,172.97999572753906,40.20000076293945,313.69000244140625,319.6099853515625,336.3999938964844,53.93000030517578,165.30999755859375,95.19999694824219,45.650001525878906,54.93000030517578,155.50999450683594,122.6500015258789,230.74000549316406,227.14999389648438,329.19000244140625,1172.77001953125,360.6600036621094,55.9900016784668,53.869998931884766,118.72000122070312,96.94000244140625,155.89999389648438,38.189998626708984,107.87000274658203,914.4400024414062,39.86000061035156,207.38999938964844,325.7300109863281,1080.6600341796875,165.36000061035156,106.62000274658203,181.9600067138672,315.6000061035156,192.92999267578125,25.299999237060547,212.58999633789062,174.67999267578125,40.439998626708984,315.80999755859375,321.5899963378906,340.260009765625,54.18000030517578,165.6699981689453,95.3499984741211,45.779998779296875,55.0,155.57000732421875,122.68000030517578,225.7100067138672,218.89999389648438,325.010009765625,1133.47998046875,345.55999755859375,54.880001068115234,52.939998626708984,116.58999633789062,93.12999725341797,151.25,36.4900016784668,104.33000183105469,880.75,37.7599983215332,203.67999267578125,320.739990234375,1052.0799560546875,162.3300018310547,104.43000030517578,177.13999938964844,294.8599853515625,188.25999450683594,24.829999923706055,208.36000061035156,172.1999969482422,38.06999969482422,308.55999755859375,311.70001220703125,327.5,52.9900016784668,162.0800018310547,92.80999755859375,44.4900016784668,54.34000015258789,153.5800018310547,119.61000061035156,228.74000549316406,218.89999389648438,328.7699890136719,1133.760009765625,352.7799987792969,55.029998779296875,53.209999084472656,117.20999908447266,93.61000061035156,152.1699981689453,36.68000030517578,105.0,884.0,37.77000045776367,206.82000732421875,322.5,1076.4000244140625,162.85000610351562,105.52999877929688,178.52000427246094,295.1300048828125,189.83999633789062,24.979999542236328,208.72999572753906,173.8000030517578,38.40999984741211,308.55999755859375,311.9800109863281,330.8999938964844,53.33000183105469,163.25,93.30000305175781,44.720001220703125,54.83000183105469,154.8699951171875,120.08999633789062,3336800,36446200,1539700,2697900,25398600,25503600,8865800,9245400,7005600,6862100,8717300,3799600,2817600,95396400,6325500,8054000,2469100,1409400,9992400,4509900,42604300,148240500,35976700,2074200,6532200,14637200,8491300,18526900,6863600,11656600,1938600,9242600,31935500,36087100,10998000,14175100
2026-01-05,216.62545776367188,221.0800018310547,316.1257629394531,1223.89892578125,342.7011413574219,56.57019805908203,52.51848602294922,122.08314514160156,97.70783996582031,160.7899932861328,36.36008834838867,104.3866958618164,943.4747314453125,39.369998931884766,203.22959899902344,330.8468322753906,1037.9876708984375,173.40586853027344,106.65007019042969,184.52566528320312,312.0189208984375,188.1098175048828,24.353328704833984,212.5236358642578,175.1852264404297,43.5432243347168,317.8641662597656,321.3445129394531,339.38153076171875,54.92288589477539,178.6237030029297,95.36341094970703,46.58562088012695,55.84294891357422,154.40524291992188,123.69041442871094,220.17999267578125,221.0800018310547,320.7200012207031,1228.18994140625,343.4200134277344,56.88999938964844,53.060001373291016,123.30000305175781,99.19999694824219,163.85000610351562,36.54999923706055,106.19999694824219,948.4400024414062,39.369998931884766,204.30999755859375,334.0400085449219,1041.510009765625,174.94000244140625,107.44000244140625,186.5399932861328,312.1499938964844,188.1199951171875,25.170000076293945,215.8000030517578,176.30999755859375,43.79999923706055,318.05999755859375,322.25,342.0199890136719,55.4900016784668,180.57000732421875,96.37999725341797,46.88999938964844,56.130001068115234,155.0399932861328,125.36000061035156,227.24000549316406,234.02000427246094,326.5199890136719,1237.8599853515625,355.0299987792969,57.54999923706055,53.36000061035156,124.0999984741211,102.9800033569336,165.75,38.08000183105469,107.4800033569336,961.6900024414062,42.099998474121094,205.94000244140625,337.25,1085.3800048828125,177.6999969482422,108.44000244140625,188.50999450683594,325.5299987792969,193.6300048828125,25.399999618530273,219.63999938964844,178.85000610351562,45.15999984741211,322.6400146484375,331.25,346.94000244140625,56.099998474121094,184.97999572753906,97.76000213623047,47.31999969482422,56.5099983215332,155.38999938964844,125.93000030517578,217.86000061035156,220.47999572753906,318.2099914550781,1211.219970703125,336.5,56.13999938964844,52.060001373291016,119.30000305175781,97.11000061035156,159.30999755859375,35.45000076293945,102.27999877929688,912.5999755859375,39.27000045776367,200.91000366210938,325.19000244140625,1033.3800048828125,171.5,105.80000305175781,182.05999755859375,309.54998779296875,186.14999389648438,24.950000762939453,211.75,174.00999450683594,42.52000045776367,316.8800048828125,321.5,333.8500061035156,54.0,177.50999450683594,94.9800033569336,45.75,54.81999969482422,152.97000122070312,122.38999938964844,227.0,230.25,324.9200134277344,1211.219970703125,354.739990234375,56.16999816894531,53.0,119.30999755859375,101.19999694824219,165.75,37.790000915527344,106.31999969482422,914.4000244140625,41.59000015258789,205.8699951171875,325.5,1069.22998046875,173.14999389648438,107.01000213623047,182.1999969482422,325.1300048828125,191.75999450683594,25.200000762939453,211.75,175.4600067138672,43.0,320.70001220703125,330.3999938964844,335.45001220703125,54.119998931884766,179.69000244140625,95.08999633789062,47.15999984741211,54.81999969482422,154.58999633789062,125.20999908447266,9341300,31941100,2268700,3290600,31136000,36096600,14090600,19993400,15706500,35094900,11876600,5158500,3742000,96665400,9477000,10752600,4084800,5033200,15863300,6787400,34608600,183529700,52620900,3402600,8972200,56362600,7923200,17446300,7956600,11699300,9056500,14384000,94961000,58044100,17756200,30112200
2026-01-06,220.31492614746094,214.35000610351562,325.4403991699219,1237.8499755859375,343.0503845214844,56.92817687988281,53.864601135253906,121.2910385131836,95.64928436279297,153.6165008544922,35.70351791381836,103.20718383789062,950.4678955078125,40.040000915527344,203.70706176757812,332.90625,1060.441650390625,168.9254913330078,108.0695571899414,185.72259521484375,343.2857666015625,187.22987365722656,24.60489273071289,214.7296142578125,181.2860565185547,43.37422180175781,328.1478271484375,326.50994873046875,346.2779235839844,55.506858825683594,176.34849548339844,95.3733139038086,45.34373474121094,56.111568450927734,157.4427490234375,119.43782806396484,223.92999267578125,214.35000610351562,330.1700134277344,1242.18994140625,343.7699890136719,57.25,54.41999816894531,122.5,97.11000061035156,156.5399932861328,35.88999938964844,105.0,955.469970703125,40.040000915527344,204.7899932861328,334.6099853515625,1064.0400390625,170.4199981689453,108.87000274658203,187.75,343.42999267578125,187.24000549316406,25.43000030517578,218.0399932861328,182.4499969482422,43.630001068115234,328.3500061035156,327.42999267578125,348.9700012207031,56.08000183105469,178.27000427246094,96.38999938964844,45.63999938964844,56.400001525878906,158.08999633789062,121.05000305175781,224.1999969482422,222.9199981689453,330.94000244140625,1246.3800048828125,349.04998779296875,57.40999984741211,54.81999969482422,124.16999816894531,100.30999755859375,165.0500030517578,36.93000030517578,107.12000274658203,958.5700073242188,40.310001373291016,206.7100067138672,335.8699951171875,1070.8299560546875,175.67999267578125,110.16999816894531,188.82000732421875,344.54998779296875,192.1699981689453,26.010000228881836,219.74000549316406,184.4499969482422,44.56999969482422,329.1499938964844,333.0799865722656,352.6099853515625,56.20000076293945,184.07000732421875,96.55000305175781,47.060001373291016,56.52000045776367,158.3300018310547,125.80000305175781,219.5500030517578,211.25,318.8299865722656,1222.4200439453125,338.0,56.75,53.150001525878906,122.20999908447266,96.9800033569336,156.11000061035156,35.7599983215332,104.29000091552734,943.25,38.95000076293945,204.1199951171875,330.6499938964844,1039.9300537109375,170.22999572753906,107.68000030517578,185.75,318.05999755859375,186.82000732421875,25.190000534057617,214.36000061035156,176.6199951171875,43.41999816894531,322.0,324.5899963378906,345.1199951171875,55.220001220703125,177.25,95.06999969482422,45.529998779296875,55.9900016784668,155.13999938964844,121.0,219.75,222.7100067138672,319.489990234375,1222.8199462890625,343.6000061035156,57.0099983215332,53.20000076293945,123.68000030517578,100.19999694824219,164.8800048828125,36.47999954223633,106.54000091552734,949.4099731445312,39.86000061035156,204.60000610351562,332.6199951171875,1044.1099853515625,175.1300048828125,107.68000030517578,186.6999969482422,318.2799987792969,190.52000427246094,25.190000534057617,216.00999450683594,177.2100067138672,44.279998779296875,322.07000732421875,330.2200012207031,348.3500061035156,55.40999984741211,182.6999969482422,95.4000015258789,47.0,56.040000915527344,155.13999938964844,125.3499984741211,9151700,40033200,2722500,1895800,27135500,31791900,16769400,11940100,9026900,20564900,8595600,3766500,1966000,66395100,8107900,7660800,2690700,2378700,14479000,3795600,48732400,176862600,50977300,2291400,11033900,28955400,7579900,15599600,9441900,9362500,5333000,12329200,69568200,38950800,17783800,23328600
2026-01-07,229.6517333984375,210.02000427246094,336.74609375,1224.177978515625,342.78094482421875,55.32722473144531,56.14113235473633,120.17219543457031,92.52696990966797,152.30152893066406,34.290897369384766,100.79902648925781,936.0935668945312,42.630001068115234,206.39279174804688,325.3250732421875,1104.3426513671875,170.99716186523438,107.8015365600586,182.7945556640625,339.40740966796875,189.09976196289062,24.459758758544922,212.9864959716797,179.0404815673828,42.121604919433594,324.6899719238281,317.7845458984375,339.06402587890625,54.30922317504883,181.87823486328125,93.29545593261719,44.8370475769043,55.32560729980469,159.00633239746094,116.91191101074219,233.4199981689453,210.02000427246094,341.6400146484375,1228.469970703125,343.5,55.63999938964844,56.720001220703125,121.37000274658203,93.94000244140625,155.1999969482422,34.470001220703125,102.55000305175781,941.02001953125,42.630001068115234,207.49000549316406,326.989990234375,1108.0899658203125,172.50999450683594,108.5999984741211,184.7899932861328,339.54998779296875,189.11000061035156,25.280000686645508,216.27000427246094,180.19000244140625,42.369998931884766,324.8900146484375,318.67999267578125,341.70001220703125,54.869998931884766,183.86000061035156,94.29000091552734,45.130001068115234,55.61000061035156,159.66000366210938,118.48999786376953,237.0399932861328,212.1300048828125,343.04998779296875,1235.760009765625,349.70001220703125,56.810001373291016,56.7400016784668,122.58000183105469,97.23999786376953,158.00999450683594,35.900001525878906,105.5,958.25,44.56999969482422,208.25999450683594,332.1499938964844,1117.6600341796875,176.64999389648438,111.45999908447266,187.75,346.29998779296875,191.3699951171875,25.809999465942383,218.07000732421875,184.07000732421875,43.900001525878906,325.95001220703125,326.29998779296875,350.1099853515625,55.95000076293945,187.64999389648438,95.88999938964844,45.81999969482422,56.34000015258789,160.58999633789062,120.12000274658203,224.74000549316406,207.1699981689453,332.1000061035156,1222.0,335.8800048828125,55.439998626708984,55.22999954223633,120.69999694824219,93.91000366210938,154.89999389648438,34.22999954223633,102.41999816894531,934.0,40.119998931884766,205.02999877929688,324.6000061035156,1075.9599609375,168.69000244140625,107.94999694824219,184.33999633789062,337.17999267578125,186.55999755859375,25.139999389648438,214.85000610351562,177.11000061035156,42.20000076293945,322.1099853515625,318.5400085449219,338.0400085449219,54.720001220703125,183.07000732421875,93.6500015258789,45.08000183105469,55.540000915527344,158.5399932861328,118.2699966430664,225.24000549316406,212.1300048828125,332.1000061035156,1227.449951171875,341.70001220703125,56.689998626708984,55.2400016784668,122.30999755859375,97.19000244140625,157.44000244140625,35.84000015258789,104.63999938964844,956.8800048828125,40.18000030517578,205.25999450683594,331.1400146484375,1077.0,173.36000061035156,109.51000213623047,187.3000030517578,340.7099914550781,188.57000732421875,25.59000015258789,217.3800048828125,182.38999938964844,43.88999938964844,325.04998779296875,324.6700134277344,348.9800109863281,55.75,184.36000061035156,95.70999908447266,45.81999969482422,56.22999954223633,158.5399932861328,119.80000305175781,10285400,29715500,3599200,1351200,20249300,49695500,18041600,11595800,7988400,13537900,13022000,3104300,2683300,166028400,7545900,9815200,4652800,2730700,16322300,3532400,32781100,153543200,51395800,2130700,9853000,17255900,4528500,11744800,7461400,8232000,7565700,14589500,42739200,44720900,14505700,20353000
2026-01-08,220.51170349121094,204.67999267578125,325.3812561035156,1190.147216796875,331.7840270996094,55.864192962646484,55.32950210571289,119.40978240966797,97.23506164550781,156.27589416503906,35.90248107910156,103.7674560546875,929.9359741210938,41.11000061035156,204.6619873046875,328.11083984375,1081.52001953125,175.51718139648438,110.17396545410156,182.6857452392578,326.8826599121094,185.0299835205078,24.46943473815918,215.3205108642578,180.7097625732422,44.16952896118164,319.3832092285156,317.1164245605469,344.1742858886719,54.96247482299805,189.25784301757812,94.59163665771484,46.24782943725586,55.6141242980957,157.47262573242188,121.2730484008789,224.1300048828125,204.67999267578125,330.1099853515625,1194.3199462890625,332.4800109863281,56.18000030517578,55.900001525878906,120.5999984741211,98.72000122070312,159.25,36.09000015258789,105.56999969482422,934.8300170898438,41.11000061035156,205.75,329.7900085449219,1085.18994140625,177.07000732421875,110.98999786376953,184.67999267578125,327.0199890136719,185.0399932861328,25.290000915527344,218.63999938964844,181.8699951171875,44.43000030517578,319.5799865722656,318.010009765625,346.8500061035156,55.529998779296875,191.32000732421875,95.5999984741211,46.54999923706055,55.900001525878906,158.1199951171875,122.91000366210938,231.5399932861328,210.94000244140625,341.4599914550781,1224.5400390625,343.67999267578125,56.58000183105469,56.970001220703125,122.41999816894531,99.86000061035156,160.44000244140625,36.54999923706055,106.81999969482422,945.1900024414062,43.34000015258789,208.97999572753906,331.3999938964844,1133.949951171875,178.8300018310547,112.9000015258789,186.13999938964844,343.6600036621094,189.5500030517578,25.559999465942383,220.5399932861328,184.30999755859375,44.56999969482422,324.19000244140625,324.5,347.8999938964844,55.97999954223633,192.0,96.16000366210938,46.849998474121094,56.25,160.5,123.62999725341797,223.1199951171875,203.3300018310547,328.2099914550781,1176.0,330.5,55.470001220703125,55.810001373291016,120.16000366210938,94.33000183105469,155.2100067138672,34.650001525878906,102.5,932.0,40.68000030517578,204.97000122070312,325.6499938964844,1070.1500244140625,171.5500030517578,109.25,183.66000366210938,321.3599853515625,183.7100067138672,25.1200008392334,215.25,176.1999969482422,42.65999984741211,316.3999938964844,316.1400146484375,340.79998779296875,54.70000076293945,181.00999450683594,94.19000244140625,45.220001220703125,55.40999984741211,157.61000061035156,118.66000366210938,231.1300048828125,210.89999389648438,337.760009765625,1217.260009765625,342.7799987792969,55.47999954223633,56.58000183105469,120.87999725341797,94.4000015258789,155.5,34.83000183105469,102.5,935.47998046875,42.619998931884766,206.92999267578125,326.3900146484375,1113.68994140625,172.75999450683594,110.61000061035156,183.91000366210938,342.8999938964844,189.11000061035156,25.18000030517578,215.50999450683594,178.8000030517578,42.86000061035156,324.19000244140625,324.3900146484375,341.010009765625,54.77000045776367,184.11000061035156,94.26000213623047,45.31999969482422,55.45000076293945,159.14999389648438,118.9800033569336,9365900,27505000,2799300,1682300,24385200,30933700,12073500,14801500,9605200,12929600,9846400,4383000,1960800,88242000,6557800,11737100,3156000,2409300,20278800,3745900,33897700,172457000,42977300,3166600,8353500,20138500,5408300,10850800,5059300,9499200,5961700,12406000,51451000,35358300,17611000,20232700
2026-01-09,216.52708435058594,203.1699981689453,321.4287109375,1269.4293212890625,344.24786376953125,55.53604507446289,55.28990936279297,120.1226806640625,96.04326629638672,159.08248901367188,35.57419204711914,103.12854766845703,934.064208984375,45.54999923706055,203.30918884277344,327.5138854980469,1059.96337890625,174.62506103515625,109.71734619140625,184.30804443359375,344.9450988769531,184.84999084472656,24.653270721435547,214.2470703125,176.64585876464844,44.93501663208008,328.57757568359375,322.72064208984375,341.3264465332031,54.645748138427734,183.28292846679688,94.93795013427734,46.36705017089844,55.44499206542969,156.66595458984375,122.95040893554688,220.0800018310547,203.1699981689453,326.1000061035156,1273.8800048828125,344.9700012207031,55.849998474121094,55.86000061035156,121.31999969482422,97.51000213623047,162.11000061035156,35.7599983215332,104.91999816894531,938.97998046875,45.54999923706055,204.38999938964844,329.19000244140625,1063.56005859375,176.1699981689453,110.52999877929688,186.32000732421875,345.0899963378906,184.86000061035156,25.479999542236328,217.5500030517578,177.77999877929688,45.20000076293945,328.7799987792969,323.6300048828125,343.9800109863281,55.209999084472656,185.27999877929688,95.94999694824219,46.66999816894531,55.72999954223633,157.30999755859375,124.61000061035156,225.1199951171875,207.3000030517578,332.0799865722656,1282.0,347.3900146484375,56.61000061035156,56.33000183105469,121.73999786376953,100.30000305175781,162.6999969482422,36.400001525878906,106.44999694824219,946.1400146484375,45.72999954223633,206.6999969482422,331.8999938964844,1104.52001953125,178.8000030517578,112.4800033569336,186.9199981689453,345.79998779296875,186.33999633789062,25.549999237060547,220.0800018310547,179.44000244140625,45.2400016784668,330.6700134277344,324.7699890136719,349.05999755859375,55.86000061035156,191.85000610351562,96.56999969482422,46.880001068115234,56.15999984741211,158.92999267578125,124.86000061035156,219.0,203.07000732421875,323.8900146484375,1220.989990234375,333.5,55.790000915527344,55.619998931884766,120.1500015258789,97.27999877929688,159.94000244140625,35.65999984741211,104.70999908447266,932.7000122070312,41.56999969482422,204.00999450683594,328.1700134277344,1063.030029296875,174.3800048828125,110.22000122070312,185.0399932861328,326.19000244140625,183.6699981689453,25.229999542236328,217.42999267578125,174.8000030517578,44.290000915527344,321.1099853515625,318.25,342.4800109863281,55.209999084472656,182.61000061035156,95.26000213623047,46.5099983215332,55.720001220703125,157.25999450683594,123.0999984741211,223.75,205.72000122070312,328.80999755859375,1232.8499755859375,337.9200134277344,56.16999816894531,55.720001220703125,120.94000244140625,99.13999938964844,160.55999755859375,36.189998626708984,105.93000030517578,938.77001953125,41.83000183105469,205.91000366210938,329.3399963378906,1086.8299560546875,178.02000427246094,110.87000274658203,185.6999969482422,332.75,185.0800018310547,25.34000015258789,218.74000549316406,178.1199951171875,44.779998779296875,322.79998779296875,319.8299865722656,347.25,55.52000045776367,191.49000549316406,95.80999755859375,46.75,55.97999954223633,158.3300018310547,123.2300033569336,6714200,24217300,2118400,2394500,22482500,30768800,9478900,7565700,8940700,12549600,5678200,2502200,1334100,186691400,6154300,6738100,2561900,2588900,11040800,4630900,33387500,131327500,34190200,2873600,9662200,18306800,7323100,12325100,4129100,5986400,5472900,10261300,38839900,29544900,12352000,16137700
2026-01-12,216.4877166748047,207.69000244140625,320.876708984375,1276.7535400390625,351.47271728515625,54.879756927490234,55.20082473754883,116.53840637207031,94.0634994506836,159.3081817626953,35.53440475463867,103.6396713256836,944.5789184570312,44.060001373291016,208.6110076904297,322.8377990722656,1077.3441162109375,174.00057983398438,108.38720703125,184.5553436279297,345.7247619628906,184.92999267578125,24.450084686279297,212.4645538330078,168.19015502929688,44.885311126708984,330.1466064453125,330.8377685546875,337.8832092285156,53.834129333496094,177.68392944335938,93.95838928222656,46.03919219970703,55.00724411010742,156.7356719970703,122.37812805175781,220.0399932861328,207.69000244140625,325.5400085449219,1281.22998046875,352.2099914550781,55.189998626708984,55.77000045776367,117.69999694824219,95.5,162.33999633789062,35.720001220703125,105.44000244140625,949.5499877929688,44.060001373291016,209.72000122070312,324.489990234375,1081.0,175.5399932861328,109.19000244140625,186.57000732421875,345.8699951171875,184.94000244140625,25.270000457763672,215.74000549316406,169.27000427246094,45.150001525878906,330.3500061035156,331.7699890136719,340.510009765625,54.38999938964844,179.6199951171875,94.95999908447266,46.34000015258789,55.290000915527344,157.3800048828125,124.02999877929688,222.49000549316406,209.8800048828125,328.4700012207031,1283.56005859375,353.8999938964844,55.45000076293945,56.59000015258789,118.73999786376953,98.7300033569336,163.55999755859375,36.02000045776367,106.54000091552734,950.5599975585938,45.45000076293945,209.89999389648438,326.0199890136719,1083.3599853515625,177.32000732421875,111.45999908447266,187.27000427246094,348.4700012207031,187.1199951171875,25.770000457763672,217.0,175.8800048828125,45.5,331.3800048828125,333.54998779296875,342.6499938964844,54.43000030517578,185.58999633789062,95.54000091552734,46.810001373291016,55.36000061035156,157.5,124.5,218.38999938964844,199.8000030517578,322.739990234375,1255.25,340.95001220703125,54.72999954223633,55.5099983215332,116.66999816894531,94.68000030517578,160.7100067138672,35.43000030517578,104.3499984741211,929.1099853515625,43.88999938964844,203.85000610351562,321.2300109863281,1058.0,174.0,108.77999877929688,183.9199981689453,339.32000732421875,183.02000427246094,25.09000015258789,214.22000122070312,169.24000549316406,44.369998931884766,325.5299987792969,321.05999755859375,333.94000244140625,53.560001373291016,178.33999633789062,93.88999938964844,46.099998474121094,54.84000015258789,156.00999450683594,122.55999755859375,221.19000244140625,201.17999267578125,328.4700012207031,1256.06005859375,340.95001220703125,55.290000915527344,56.11000061035156,116.9000015258789,98.61000061035156,162.6999969482422,35.810001373291016,105.47000122070312,934.0,44.2400016784668,205.5500030517578,321.8800048828125,1058.0,175.9199981689453,110.97000122070312,184.6300048828125,340.54998779296875,183.22000122070312,25.579999923706055,215.25,175.8800048828125,45.400001525878906,325.70001220703125,322.1000061035156,341.4200134277344,54.0,185.36000061035156,94.83000183105469,46.75,55.029998779296875,157.3300018310547,124.45999908447266,6546100,27287300,2460600,1488600,20949600,45860600,13249600,19926900,10232900,9796800,6689600,3249500,2179600,101989100,11794300,12805100,2380200,2096200,10671900,5635400,23152600,137968500,50256300,2866500,13657600,19685700,5159600,12714800,7146400,15801900,3368500,15958100,28264400,42021600,12250100,15314900
2026-01-13,217.186279296875,220.97000122070312,319.65447998046875,1265.7222900390625,353.86767578125,54.2334098815918,55.34929275512695,115.15222930908203,95.0090560913086,160.80960083007812,36.648582458496094,106.19527435302734,933.2386474609375,47.290000915527344,212.5202178955078,309.3169860839844,1073.5469970703125,174.30787658691406,107.46404266357422,180.78648376464844,337.9880065917969,185.79994201660156,24.33397674560547,209.22450256347656,164.23553466796875,45.63091278076172,333.0947570800781,330.2793273925781,331.35394287109375,53.49760055541992,179.7810821533203,92.57315826416016,46.694908142089844,53.95266342163086,156.09829711914062,124.85469818115234,220.75,220.97000122070312,324.29998779296875,1270.1600341796875,354.6099853515625,54.540000915527344,55.91999816894531,116.30000305175781,96.45999908447266,163.8699951171875,36.84000015258789,108.04000091552734,938.1500244140625,47.290000915527344,213.64999389648438,310.8999938964844,1077.18994140625,175.85000610351562,108.26000213623047,182.75999450683594,338.1300048828125,185.80999755859375,25.149999618530273,212.4499969482422,165.2899932861328,45.900001525878906,333.29998779296875,331.2099914550781,333.92999267578125,54.04999923706055,181.74000549316406,93.55999755859375,47.0,54.22999954223633,156.74000549316406,126.54000091552734,220.75,223.11000061035156,327.75,1291.47998046875,359.489990234375,55.52000045776367,56.560001373291016,118.2300033569336,97.75,166.1300048828125,37.27000045776367,109.43000030517578,949.9400024414062,48.2400016784668,214.38999938964844,326.8599853515625,1090.219970703125,179.08999633789062,109.30999755859375,187.02000427246094,351.2300109863281,188.11000061035156,25.389999389648438,216.72999572753906,168.35000610351562,46.38999938964844,336.4200134277344,336.4200134277344,341.8399963378906,54.689998626708984,185.0,95.75,47.38999938964844,55.22999954223633,157.6699981689453,127.13999938964844,215.85000610351562,214.97999572753906,319.7900085449219,1268.1199951171875,350.9100036621094,54.29999923706055,55.54999923706055,115.54000091552734,95.9000015258789,163.3000030517578,36.18000030517578,106.12000274658203,931.0,45.220001220703125,208.86000061035156,310.57000732421875,1069.0899658203125,174.39999389648438,107.22000122070312,182.14999389648438,335.2200012207031,183.39999389648438,24.969999313354492,212.25999450683594,164.97000122070312,45.45000076293945,331.8900146484375,330.7799987792969,332.8500061035156,53.630001068115234,179.8800048828125,93.05999755859375,46.68000030517578,54.150001525878906,155.74000549316406,124.80999755859375,219.52999877929688,215.10000610351562,327.4200134277344,1282.3199462890625,352.8800048828125,55.27000045776367,55.939998626708984,117.72000122070312,97.0,163.47000122070312,36.18000030517578,106.12999725341797,947.3200073242188,45.88999938964844,209.91000366210938,324.29998779296875,1083.0,175.7100067138672,109.05000305175781,186.9600067138672,346.2699890136719,185.0,25.31999969482422,216.42999267578125,166.97999572753906,45.7400016784668,332.8500061035156,332.8699951171875,341.5,54.5,182.32000732421875,95.29000091552734,46.72999954223633,55.150001525878906,157.64999389648438,125.0,4872600,56894900,2382200,1374200,18308000,43542200,10924200,18332300,7868300,12068600,9571300,4088800,1969600,168656400,11379600,19371200,2194200,2546500,9338600,6594800,23881300,160128900,47656100,2133100,9993300,19535600,3835900,11473600,5605900,15727000,3100300,21998600,50469200,77045100,11756500,21619700
2026-01-14,218.307861328125,223.60000610351562,324.2575988769531,1259.3046875,339.17852783203125,52.18498992919922,56.43806838989258,111.30062103271484,98.83069610595703,164.11666870117188,37.72296905517578,108.84917449951172,927.7872924804688,48.720001220703125,217.39430236816406,306.30242919921875,1069.660400390625,179.5019073486328,110.1938247680664,178.82785034179688,333.21002197265625,183.1300811767578,24.750024795532227,209.0964813232422,163.4903106689453,46.69464111328125,331.6956481933594,326.19085693359375,332.3760070800781,52.953224182128906,184.49966430664062,88.30862426757812,47.74802780151367,53.87307357788086,157.2136993408203,128.4659423828125,221.88999938964844,223.60000610351562,328.9700012207031,1263.719970703125,339.8900146484375,52.47999954223633,57.02000045776367,112.41000366210938,100.33999633789062,167.24000549316406,37.91999816894531,110.73999786376953,932.6699829101562,48.720001220703125,218.5500030517578,307.8699951171875,1073.2900390625,181.08999633789062,111.01000213623047,180.77999877929688,333.3500061035156,183.13999938964844,25.579999923706055,212.32000732421875,164.5399932861328,46.970001220703125,331.8999938964844,327.1099853515625,334.9599914550781,53.5,186.50999450683594,89.25,48.060001373291016,54.150001525878906,157.86000061035156,130.1999969482422,223.33999633789062,224.08999633789062,329.20001220703125,1273.27001953125,350.69000244140625,53.47999954223633,57.040000915527344,118.75,101.91999816894531,169.3699951171875,38.720001220703125,112.44999694824219,938.1500244140625,49.0,218.86000061035156,311.760009765625,1084.0,183.42999267578125,111.2300033569336,182.35000610351562,339.1000061035156,184.4600067138672,25.709999084472656,213.08999633789062,164.74000549316406,47.72999954223633,331.989990234375,329.8599853515625,340.1099853515625,53.90999984741211,189.9499969482422,90.80000305175781,48.650001525878906,54.18000030517578,157.99000549316406,131.72000122070312,217.0,215.11000061035156,323.54998779296875,1249.6199951171875,334.4200134277344,51.65999984741211,55.72999954223633,110.47000122070312,96.5999984741211,164.10000610351562,37.029998779296875,108.58000183105469,917.9000244140625,47.41999816894531,214.14999389648438,306.1199951171875,1061.1199951171875,176.0,107.94999694824219,178.92999267578125,328.20001220703125,180.8000030517578,25.200000762939453,209.52999877929688,162.35000610351562,46.279998779296875,327.17999267578125,324.82000732421875,334.1000061035156,53.22999954223633,181.69000244140625,88.05999755859375,47.18000030517578,53.689998626708984,156.47999572753906,127.12999725341797,221.0,217.5399932861328,324.0899963378906,1267.1199951171875,348.9700012207031,52.880001068115234,56.11000061035156,117.91000366210938,96.5999984741211,164.10000610351562,37.099998474121094,108.62999725341797,932.2999877929688,48.95000076293945,214.72999572753906,308.20001220703125,1081.75,176.19000244140625,108.97000122070312,182.19000244140625,334.8399963378906,184.32000732421875,25.229999542236328,211.10000610351562,163.69000244140625,46.439998626708984,331.0299987792969,329.8599853515625,335.3699951171875,53.779998779296875,183.25999450683594,90.75,47.25,54.04999923706055,156.61000061035156,127.3499984741211,8426400,40466500,1897400,1536500,30094700,84750000,13352600,27984600,13563700,16414900,16721800,4405000,2513000,148225800,11858800,25951500,1912600,2825700,11964600,8434000,20277200,159586100,53738100,3026600,7959900,23910300,5468900,11210800,5740900,15910200,3963000,33803900,80750200,59754600,13516800,27593900
2026-01-15,213.25083923339844,227.9199981689453,325.3023986816406,1326.9476318359375,342.30194091796875,52.29437255859375,56.04214859008789,116.30078125,97.44190216064453,163.05685424804688,36.131282806396484,106.17562103271484,970.7511596679688,48.31999969482422,218.40892028808594,307.68536376953125,1029.4765625,176.03260803222656,110.15411376953125,189.16502380371094,336.4886474609375,187.03988647460938,25.04996681213379,211.77517700195312,160.36041259765625,46.2969856262207,337.0123596191406,340.6800537109375,336.34515380859375,53.398624420166016,182.59048461914062,88.02168273925781,47.30094909667969,54.09194564819336,156.31739807128906,127.41021728515625,216.75,227.9199981689453,330.0299987792969,1331.5999755859375,343.0199890136719,52.59000015258789,56.619998931884766,117.45999908447266,98.93000030517578,166.16000366210938,36.31999969482422,108.0199966430664,975.8599853515625,48.31999969482422,219.57000732421875,309.260009765625,1032.969970703125,177.58999633789062,110.97000122070312,191.22999572753906,336.6300048828125,187.0500030517578,25.889999389648438,215.0399932861328,161.38999938964844,46.56999969482422,337.2200012207031,341.6400146484375,338.9599914550781,53.95000076293945,184.5800018310547,88.95999908447266,47.61000061035156,54.369998931884766,156.9600067138672,129.1300048828125,223.02999877929688,238.35000610351562,332.5,1358.0,349.67999267578125,53.040000915527344,57.0,117.95999908447266,100.5199966430664,167.3300018310547,38.2400016784668,110.16000366210938,981.260009765625,50.38999938964844,219.75,312.94000244140625,1067.6500244140625,179.7899932861328,111.58000183105469,192.16000366210938,347.7699890136719,189.6999969482422,25.889999389648438,216.2100067138672,166.5,46.869998931884766,344.54998779296875,351.3299865722656,339.45001220703125,54.279998779296875,186.55999755859375,89.91000366210938,48.06999969482422,54.70000076293945,157.4499969482422,130.1999969482422,215.8300018310547,227.22000122070312,325.19000244140625,1330.0,341.6700134277344,52.22999954223633,55.34000015258789,112.75,98.16000366210938,165.10000610351562,35.970001220703125,107.41999816894531,924.6699829101562,47.83000183105469,215.91000366210938,307.75,1012.5700073242188,177.00999450683594,108.44999694824219,181.0,336.2699890136719,186.3300018310547,25.25,212.4199981689453,161.02999877929688,46.08000183105469,337.2200012207031,337.9200134277344,328.05999755859375,53.540000915527344,183.25999450683594,88.36000061035156,47.27000045776367,54.209999084472656,155.3699951171875,128.3000030517578,222.52000427246094,227.89999389648438,328.9700012207031,1353.6400146484375,349.1199951171875,52.720001220703125,56.72999954223633,113.8499984741211,98.98999786376953,165.77000427246094,37.2599983215332,108.75,924.9000244140625,49.349998474121094,218.22999572753906,308.4700012207031,1062.56005859375,179.3300018310547,110.62000274658203,181.0,345.3299865722656,186.5,25.549999237060547,212.80999755859375,166.4499969482422,46.79999923706055,343.1000061035156,342.80999755859375,335.20001220703125,53.540000915527344,184.5,89.33999633789062,47.630001068115234,54.220001220703125,157.30999755859375,129.1300048828125,6954200,55270200,2591900,2858400,22218800,51018300,11845600,18719700,7461400,8097400,22437000,4638200,3773700,132328900,8492100,14751400,4183400,2004500,11775800,12957100,25370200,206188600,55263200,2576100,9241600,18019800,6531500,42188500,6943500,10717200,2172200,21738600,49328800,48490800,15303400,17400000
2026-01-16,212.58636474609375,231.8300018310547,325.6769714355469,1353.8233642578125,350.9737548828125,52.672237396240234,54.69602966308594,116.87505340576172,96.7130355834961,163.15496826171875,36.01190948486328,104.50856018066406,956.9637451171875,46.959999084472656,217.50372314453125,310.8789978027344,1034.8883056640625,174.08981323242188,108.02985382080078,187.04812622070312,362.5976867675781,186.21990966796875,24.817752838134766,219.7915802001953,158.40298461914062,46.45604705810547,342.2591247558594,341.4378967285156,328.4664001464844,53.84402847290039,181.48255920410156,87.44779205322266,47.380428314208984,54.16158676147461,155.10238647460938,128.1600799560547,214.35000610351562,231.8300018310547,330.4100036621094,1358.5699462890625,351.7099914550781,52.970001220703125,55.2599983215332,118.04000091552734,98.19000244140625,166.25999450683594,36.20000076293945,105.31999969482422,962.0,46.959999084472656,218.66000366210938,312.4700012207031,1038.4000244140625,175.6300048828125,108.83000183105469,189.08999633789062,362.75,186.22999572753906,25.649999618530273,223.17999267578125,159.4199981689453,46.72999954223633,342.4700012207031,342.3999938964844,331.0199890136719,54.400001525878906,183.4600067138672,88.37999725341797,47.689998626708984,54.439998626708984,155.74000549316406,129.88999938964844,217.35000610351562,234.49000549316406,333.0299987792969,1375.3699951171875,354.510009765625,53.380001068115234,56.560001373291016,119.3499984741211,98.94999694824219,167.2899932861328,36.88999938964844,107.26000213623047,984.7000122070312,50.209999084472656,220.11000061035156,317.2099914550781,1049.93994140625,178.75,110.7300033569336,192.67999267578125,365.80999755859375,190.44000244140625,25.889999389648438,227.0,161.6999969482422,46.9900016784668,345.4100036621094,349.8500061035156,336.20001220703125,55.0,186.3000030517578,89.69000244140625,47.810001373291016,54.7599983215332,156.97000122070312,130.16000366210938,213.8800048828125,228.86000061035156,326.8999938964844,1338.239990234375,344.04998779296875,52.25,55.099998474121094,117.0,97.12999725341797,165.80999755859375,35.97999954223633,104.2699966430664,957.0,46.709999084472656,218.13999938964844,310.0,1018.0,174.9600067138672,108.43000030517578,189.0,352.0400085449219,186.0800018310547,25.549999237060547,219.69000244140625,159.2100067138672,46.310001373291016,340.2200012207031,341.4599914550781,330.42999267578125,53.88999938964844,182.85000610351562,88.08000183105469,47.4900016784668,54.290000915527344,155.7100067138672,128.8699951171875,215.61000061035156,234.3000030517578,328.70001220703125,1355.7099609375,346.2699890136719,52.689998626708984,56.459999084472656,117.80000305175781,97.5,166.58999633789062,36.20000076293945,106.37999725341797,973.0,49.27000045776367,219.0399932861328,310.3500061035156,1024.4300537109375,177.1999969482422,110.72000122070312,190.55999755859375,353.1000061035156,189.0800018310547,25.889999389648438,225.0,161.38999938964844,46.68000030517578,343.510009765625,346.510009765625,334.8599853515625,53.88999938964844,185.0,88.95999908447266,47.560001373291016,54.369998931884766,156.63999938964844,128.91000366210938,8649700,42545600,4033700,2469100,31291200,52178400,13702900,17153800,8939200,9745800,9210300,5649400,3071600,127314700,10021500,14652500,3829000,1627200,14852100,8398100,47901900,187967200,59470600,4865700,11990800,17373100,5127300,18246100,8039100,13808400,2374400,26981600,30796300,44363200,11950300,16592400
2026-01-20,212.27890014648438,231.9199981689453,326.25848388671875,1321.4368896484375,331.9037780761719,51.807125091552734,53.66664505004883,111.68677520751953,94.08319091796875,162.21290588378906,36.1014404296875,105.3917007446289,938.4312744140625,48.560001373291016,217.0561065673828,301.19854736328125,1037.7685546875,173.3463897705078,108.6452865600586,180.1336212158203,364.84674072265625,178.06036376953125,24.691972732543945,219.2755584716797,153.0871124267578,46.17768859863281,337.1423034667969,326.24072265625,335.8192443847656,53.8242301940918,182.7388458251953,85.74594116210938,47.291011810302734,52.92793273925781,154.76376342773438,128.72250366210938,214.0399932861328,231.9199981689453,331.0,1326.0699462890625,332.6000061035156,52.099998474121094,54.220001220703125,112.80000305175781,95.5199966430664,165.3000030517578,36.290000915527344,106.20999908447266,943.3699951171875,48.560001373291016,218.2100067138672,302.739990234375,1041.2900390625,174.8800048828125,109.44999694824219,182.10000610351562,365.0,178.07000732421875,25.520000457763672,220.9600067138672,154.07000732421875,46.45000076293945,337.3500061035156,327.1600036621094,338.42999267578125,54.380001068115234,184.72999572753906,86.66000366210938,47.599998474121094,53.20000076293945,155.39999389648438,130.4600067138672,214.0399932861328,239.5,331.3399963378906,1351.260009765625,345.3999938964844,53.47999954223633,54.90999984741211,116.5199966430664,98.66999816894531,167.64999389648438,37.08000183105469,107.30999755859375,962.5999755859375,50.22999954223633,218.72999572753906,311.1499938964844,1045.8499755859375,177.74000549316406,109.63999938964844,186.6999969482422,381.55999755859375,182.3800048828125,25.649999618530273,224.77000427246094,157.72000122070312,46.9900016784668,343.19000244140625,342.1499938964844,339.8900146484375,55.34000015258789,186.99000549316406,88.63999938964844,48.310001373291016,54.11000061035156,155.9199981689453,131.94000244140625,209.9600067138672,225.41000366210938,321.7099914550781,1311.31005859375,331.79998779296875,51.959999084472656,53.880001068115234,112.38999938964844,94.9800033569336,165.14999389648438,36.13999938964844,104.98999786376953,939.0999755859375,47.0,214.5,301.8599853515625,1015.9600219726562,174.0500030517578,106.93000030517578,181.27999877929688,361.3500061035156,177.61000061035156,25.09000015258789,218.2899932861328,153.25,45.97999954223633,335.9599914550781,326.8999938964844,326.5,53.75,183.10000610351562,86.27999877929688,47.5,53.099998474121094,153.22999572753906,130.07000732421875,211.6999969482422,226.0800018310547,325.5799865722656,1319.1199951171875,344.1000061035156,52.31999969482422,54.52000045776367,114.45999908447266,97.5999984741211,166.7100067138672,36.41999816894531,106.7699966430664,946.3800048828125,47.29999923706055,217.08999633789062,306.2099914550781,1028.1500244140625,176.69000244140625,108.11000061035156,185.25,364.67999267578125,181.89999389648438,25.43000030517578,219.7899932861328,154.9499969482422,45.97999954223633,336.20001220703125,340.7900085449219,327.3999938964844,53.849998474121094,184.5500030517578,87.26000213623047,48.09000015258789,53.61000061035156,154.0,131.50999450683594,8251400,44327700,2947500,2970800,32293900,49172700,15350000,20451300,10796700,11142500,9111700,4914900,2629100,150153000,14057100,12900600,2484900,1302200,15241100,11302600,49744900,223345300,55425400,5582500,11971400,22587200,6232600,22809900,7596500,13527400,2689800,19353500,50178700,57030800,12775200,16477300
2026-01-21,214.3715362548828,249.8000030517578,338.67803955078125,1355.3380126953125,328.1116943359375,51.77729415893555,53.94378662109375,112.7363052368164,95.68868255615234,163.61619567871094,37.553855895996094,107.217529296875,948.0208129882812,54.25,216.85716247558594,300.50213623046875,1074.87255859375,175.923583984375,110.2930908203125,181.34043884277344,388.94659423828125,183.31008911132812,25.04996681213379,223.77102661132812,155.3724365234375,48.23555374145508,347.9256591796875,325.2036437988281,345.0673522949219,54.90309143066406,186.1615753173828,85.21163940429688,48.43354797363281,53.18659973144531,157.612060546875,131.83055114746094,216.14999389648438,249.8000030517578,343.6000061035156,1360.0899658203125,328.79998779296875,52.06999969482422,54.5,113.86000061035156,97.1500015258789,166.72999572753906,37.75,108.05000305175781,953.010009765625,54.25,218.00999450683594,302.0400085449219,1078.52001953125,177.47999572753906,111.11000061035156,183.32000732421875,389.1099853515625,183.32000732421875,25.889999389648438,225.49000549316406,156.3699951171875,48.52000045776367,348.1400146484375,326.1199951171875,347.75,55.470001220703125,188.19000244140625,86.12000274658203,48.75,53.459999084472656,158.25999450683594,133.61000061035156,218.0,252.89999389648438,343.9800109863281,1371.0,335.79998779296875,52.86000061035156,54.619998931884766,115.58999633789062,97.91999816894531,168.47999572753906,38.400001525878906,111.0199966430664,968.9199829101562,54.40999984741211,218.67999267578125,305.3999938964844,1081.3299560546875,182.57000732421875,111.97000122070312,186.4199981689453,394.20001220703125,185.3800048828125,25.920000076293945,227.77999877929688,157.52999877929688,48.61000061035156,351.3299865722656,333.6400146484375,348.0799865722656,56.119998931884766,193.3300018310547,87.55999755859375,49.04999923706055,53.83000183105469,158.50999450683594,133.72999572753906,211.57000732421875,235.77999877929688,329.32000732421875,1322.6700439453125,324.20001220703125,52.04999923706055,53.54999923706055,113.13999938964844,96.37999725341797,166.05999755859375,37.099998474121094,106.62000274658203,943.4500122070312,50.150001525878906,210.5,301.1499938964844,1042.02001953125,177.22000122070312,108.7300033569336,182.02000427246094,366.7300109863281,178.39999389648438,25.3799991607666,221.58999633789062,154.6199951171875,47.0,340.29998779296875,325.67999267578125,338.69000244140625,54.75,187.3300018310547,86.02999877929688,48.290000915527344,53.2400016784668,155.14999389648438,131.91000366210938,212.47000122070312,235.99000549316406,329.95001220703125,1332.0,335.510009765625,52.22999954223633,54.099998474121094,113.13999938964844,97.04000091552734,167.0,37.16999816894531,108.44000244140625,944.0,50.31999969482422,211.0,303.42999267578125,1043.8599853515625,178.39999389648438,109.19000244140625,182.47000122070312,372.8500061035156,179.0500030517578,25.469999313354492,222.08999633789062,156.3300018310547,47.099998474121094,341.8399963378906,333.42999267578125,339.42999267578125,55.0,187.97999572753906,86.5,48.290000915527344,53.369998931884766,155.1999969482422,131.91000366210938,10727100,62385600,4148600,2387200,32006600,36340000,15834800,14199900,10599100,10918500,8628100,5964700,2251300,220565300,14762900,10270100,3685900,2389100,12844400,11715800,56712800,200381000,47264100,4066400,9181900,22868200,7204200,16789800,8933300,14689700,3130300,17606700,58996000,49360300,16393900,18879900
2026-01-22,216.31541442871094,253.72999572753906,342.0982971191406,1390.1260986328125,324.8086242675781,52.15515899658203,54.379295349121094,114.51854705810547,95.42273712158203,163.54750061035156,37.782657623291016,105.5008544921875,949.6522216796875,54.31999969482422,217.33462524414062,302.0840148925781,1083.70263671875,174.21865844726562,108.37727355957031,181.0733642578125,397.41302490234375,184.82998657226562,25.25315284729004,220.3076171875,156.79331970214844,49.030860900878906,348.455322265625,326.45013427734375,351.7355041503906,55.6058349609375,184.87557983398438,87.11138153076172,48.59251022338867,53.534812927246094,157.64193725585938,131.8601531982422,218.11000061035156,253.72999572753906,347.07000732421875,1395.0,325.489990234375,52.45000076293945,54.939998626708984,115.66000366210938,96.87999725341797,166.66000366210938,37.97999954223633,106.31999969482422,954.6500244140625,54.31999969482422,218.49000549316406,303.6300048828125,1087.3800048828125,175.75999450683594,109.18000030517578,183.0500030517578,397.5799865722656,184.83999633789062,26.100000381469727,222.0,157.8000030517578,49.31999969482422,348.6700134277344,327.3699951171875,354.4700012207031,56.18000030517578,186.88999938964844,88.04000091552734,48.90999984741211,53.810001373291016,158.2899932861328,133.63999938964844,219.0500030517578,256.0799865722656,349.9800109863281,1398.800048828125,336.989990234375,53.130001068115234,55.529998779296875,116.63999938964844,97.01000213623047,167.55999755859375,37.9900016784668,107.80999755859375,970.9500122070312,54.599998474121094,222.1699981689453,308.20001220703125,1095.47998046875,177.9499969482422,111.31999969482422,186.0399932861328,397.7799987792969,186.1699981689453,26.309999465942383,227.2899932861328,159.42999267578125,49.58000183105469,354.6000061035156,335.04998779296875,354.95001220703125,56.70000076293945,189.30999755859375,89.0,49.0,54.04999923706055,159.22999572753906,134.17999267578125,214.75999450683594,246.6300048828125,342.1400146484375,1373.280029296875,324.8900146484375,52.33000183105469,54.36000061035156,114.05000305175781,95.97000122070312,165.72999572753906,36.95000076293945,105.2699966430664,950.8099975585938,53.08000183105469,218.10000610351562,302.8999938964844,1071.739990234375,174.30999755859375,108.58999633789062,182.25999450683594,376.9200134277344,183.92999267578125,25.75,221.52000427246094,156.80999755859375,48.540000915527344,347.3699951171875,326.8999938964844,346.7699890136719,55.630001068115234,185.3699951171875,86.43000030517578,48.41999816894531,53.63999938964844,157.5,131.85000610351562,216.27999877929688,251.75,344.1499938964844,1393.6500244140625,335.3500061035156,52.470001220703125,54.61000061035156,114.56999969482422,97.01000213623047,166.25999450683594,37.709999084472656,107.45999908447266,960.0599975585938,54.209999084472656,218.77000427246094,304.8599853515625,1078.52001953125,176.47999572753906,110.77999877929688,184.52999877929688,396.6400146484375,184.75,25.899999618530273,225.6199951171875,158.47000122070312,48.95000076293945,354.3599853515625,333.4200134277344,347.17999267578125,55.630001068115234,187.5800018310547,86.43000030517578,48.619998931884766,53.650001525878906,157.64999389648438,133.0500030517578,5650900,37945000,3025100,1844200,24275400,31229200,12277500,11271500,7771200,8957400,8722300,4561900,2468300,190066400,13160000,10535800,2478200,1877500,9362600,8966900,39607600,139636600,49883900,5372700,7450300,22767000,4662000,12801000,7491400,22469800,2951500,19668900,50869500,46919300,10881400,16600100
2026-01-23,217.45594787597656,259.67999267578125,339.8115234375,1384.18701171875,319.3800354003906,51.429264068603516,54.09225845336914,112.4689712524414,96.8706283569336,163.60638427734375,38.43922805786133,107.49537658691406,914.0695190429688,45.06999969482422,218.97589111328125,296.2041015625,1060.6907958984375,173.8419952392578,107.38462829589844,177.0670928955078,399.482177734375,187.6598358154297,25.233476638793945,217.71751403808594,154.82595825195312,48.86186218261719,344.49774169921875,333.9290466308594,353.5116882324219,54.90309143066406,185.07342529296875,86.04277038574219,48.87069320678711,52.7985954284668,156.8352508544922,133.1724395751953,219.25999450683594,259.67999267578125,344.75,1389.0400390625,320.04998779296875,51.720001220703125,54.650001525878906,113.58999633789062,98.3499984741211,166.72000122070312,38.63999938964844,108.33000183105469,918.8800048828125,45.06999969482422,220.13999938964844,297.7200012207031,1064.2900390625,175.3800048828125,108.18000030517578,179.0,399.6499938964844,187.6699981689453,25.649999618530273,219.38999938964844,155.82000732421875,49.150001525878906,344.7099914550781,334.8699951171875,356.260009765625,55.470001220703125,187.08999633789062,86.95999908447266,49.189998626708984,53.06999969482422,157.47999572753906,134.97000122070312,219.82000732421875,266.9599914550781,349.2300109863281,1393.3599853515625,321.989990234375,52.20000076293945,55.18000030517578,115.62999725341797,99.41000366210938,168.44000244140625,39.189998626708984,108.62000274658203,937.1900024414062,48.130001068115234,221.2100067138672,302.3699951171875,1084.3199462890625,181.61000061035156,109.08999633789062,181.8699951171875,412.42999267578125,189.60000610351562,25.690000534057617,221.99000549316406,157.97999572753906,51.66999816894531,348.0299987792969,337.1499938964844,357.8699951171875,56.209999084472656,194.35000610351562,87.70999908447266,49.88999938964844,53.5099983215332,158.3800048828125,135.97999572753906,215.8800048828125,256.25,341.82000732421875,1363.27001953125,314.1099853515625,51.380001068115234,54.22999954223633,113.19999694824219,97.69000244140625,166.44000244140625,38.41999816894531,106.81999969482422,917.0499877929688,44.45000076293945,217.83999633789062,296.510009765625,1063.02001953125,175.05999755859375,107.20999908447266,177.9499969482422,390.739990234375,186.82000732421875,25.510000228881836,217.5,154.85000610351562,48.83000183105469,342.1700134277344,331.3699951171875,352.989990234375,55.279998779296875,186.8699951171875,86.02999877929688,49.09000015258789,52.880001068115234,156.66000366210938,134.47999572753906,217.25999450683594,261.17999267578125,346.17999267578125,1376.3199462890625,319.29998779296875,52.11000061035156,54.97999954223633,114.97000122070312,98.37999725341797,167.9499969482422,38.7400016784668,107.94000244140625,934.0800170898438,46.86000061035156,219.8000030517578,302.0,1083.72998046875,177.67999267578125,109.08999633789062,181.8699951171875,397.1600036621094,187.5,25.579999923706055,221.44000244140625,157.0399932861328,50.0,346.3900146484375,332.07000732421875,354.2799987792969,55.93000030517578,189.49000549316406,87.5,49.52000045776367,53.4900016784668,157.8000030517578,135.08999633789062,5816400,47525900,2024900,1556300,30259500,34553500,9701700,12164400,6972800,8368700,7445800,5302000,3872600,294675400,6950600,11107900,2592900,1635000,10489500,8532800,35404200,142748100,45402300,3233500,7106700,43516200,4335900,12904400,9082200,15675200,2846600,15227500,51431200,47057500,10191300,17758200
2026-01-26,218.9535369873047,251.30999755859375,344.6807861328125,1408.4119873046875,324.16998291015625,51.727577209472656,54.04276657104492,113.68683624267578,96.96912384033203,164.371826171875,38.429283142089844,106.77099609375,926.9815063476562,42.4900016784668,220.3187713623047,299.5072021484375,1059.156005859375,171.0269012451172,106.61036682128906,179.91598510742188,388.9266052246094,186.4599151611328,25.459741592407227,219.06715393066406,153.53424072265625,49.408634185791016,342.8587646484375,331.7751159667969,348.9273376464844,55.25941467285156,181.3044891357422,87.12128448486328,48.90049743652344,53.13685607910156,157.45272827148438,133.04415893554688,220.77000427246094,251.30999755859375,349.69000244140625,1413.3499755859375,324.8500061035156,52.02000045776367,54.599998474121094,114.81999969482422,98.44999694824219,167.5,38.630001068115234,107.5999984741211,931.8599853515625,42.4900016784668,221.49000549316406,301.0400085449219,1062.75,172.5399932861328,107.4000015258789,181.8800048828125,389.0899963378906,186.47000122070312,25.8799991607666,220.75,154.52000427246094,49.70000076293945,343.07000732421875,332.7099914550781,351.6400146484375,55.83000183105469,183.27999877929688,88.05000305175781,49.220001220703125,53.40999984741211,158.10000610351562,134.83999633789062,221.47999572753906,258.2900085449219,350.42999267578125,1419.949951171875,328.67999267578125,52.279998779296875,55.209999084472656,115.4800033569336,99.69000244140625,168.41000366210938,39.380001068115234,110.45999908447266,933.739990234375,44.459999084472656,222.02999877929688,301.7799987792969,1067.0799560546875,177.5,108.41999816894531,182.44000244140625,398.0,189.1199951171875,25.920000076293945,221.6699981689453,156.1999969482422,50.06999969482422,345.5,335.1000061035156,354.7900085449219,56.09000015258789,189.8699951171875,88.29000091552734,49.88999938964844,53.54999923706055,158.3300018310547,136.94000244140625,218.5,250.3000030517578,343.6199951171875,1385.1600341796875,317.6000061035156,51.66999816894531,54.47999954223633,113.86000061035156,97.7699966430664,166.77000427246094,38.11000061035156,106.45999908447266,917.97998046875,42.279998779296875,220.0,297.45001220703125,1043.3199462890625,172.24000549316406,107.05999755859375,178.86000061035156,384.29998779296875,185.99000549316406,25.600000381469727,219.22999572753906,154.3000030517578,49.22999954223633,341.1300048828125,330.2300109863281,347.2699890136719,55.40999984741211,181.52999877929688,87.0999984741211,48.95000076293945,53.09000015258789,156.89999389648438,134.1699981689453,219.11000061035156,256.75,344.70001220703125,1385.8699951171875,319.79998779296875,51.79999923706055,54.54999923706055,113.9000015258789,99.55000305175781,168.3300018310547,39.27000045776367,109.68000030517578,918.4099731445312,44.279998779296875,220.2100067138672,297.80999755859375,1062.2099609375,177.35000610351562,107.80000305175781,179.36000061035156,395.5,187.16000366210938,25.6299991607666,219.58999633789062,154.8000030517578,49.70000076293945,343.2900085449219,332.7900085449219,353.95001220703125,55.599998474121094,188.6699981689453,87.0999984741211,49.869998931884766,53.099998474121094,157.3699951171875,136.92999267578125,6553400,30672500,3116100,2001300,25006400,27728400,8565600,11728700,7278200,8912600,6016000,4806400,2655900,149407800,6856700,11752700,2244900,1610800,9903200,6389800,29193900,124799600,41441900,2473600,8004200,25377200,4458700,8646400,10399500,8542800,3370600,13047400,40122600,31072700,6810400,16056100
2026-01-27,222.0875244140625,252.02999877929688,346.2874450683594,1449.5078125,332.0933837890625,51.876731872558594,54.99296951293945,113.6571273803711,98.3677749633789,165.89288330078125,39.24502182006836,107.75336456298828,924.8527221679688,43.93000030517578,223.25315856933594,298.7809143066406,1035.99462890625,170.28346252441406,107.12654113769531,180.68756103515625,410.0677185058594,188.50979614257812,26.06967544555664,221.99465942382812,152.0636749267578,50.363006591796875,350.86383056640625,337.3893127441406,280.5191650390625,55.95225524902344,180.9384765625,87.7743148803711,49.34757614135742,52.72895431518555,154.81356811523438,135.0076446533203,223.92999267578125,252.02999877929688,351.32000732421875,1454.5899658203125,332.7900085449219,52.16999816894531,55.560001373291016,114.79000091552734,99.87000274658203,169.0500030517578,39.45000076293945,108.58999633789062,929.719970703125,43.93000030517578,224.44000244140625,300.30999755859375,1039.510009765625,171.7899932861328,107.91999816894531,182.66000366210938,410.239990234375,188.52000427246094,26.5,223.6999969482422,153.0399932861328,50.65999984741211,351.0799865722656,338.3399963378906,282.70001220703125,56.529998779296875,182.91000366210938,88.70999908447266,49.66999816894531,53.0,155.4499969482422,136.8300018310547,226.86000061035156,255.5500030517578,353.25,1473.5899658203125,334.760009765625,52.25,56.119998931884766,115.97000122070312,99.93000030517578,169.35000610351562,39.56999969482422,109.30000305175781,933.4000244140625,44.529998779296875,225.5,301.9700012207031,1073.3900146484375,174.00999450683594,108.3499984741211,183.97000122070312,416.45001220703125,190.0,26.829999923706055,224.07000732421875,156.74000549316406,51.470001220703125,353.20001220703125,341.25,299.5,56.70000076293945,185.8000030517578,89.06999969482422,49.81999969482422,53.43000030517578,157.08999633789062,136.92999267578125,220.64999389648438,247.9600067138672,346.92999267578125,1417.0,327.0199890136719,51.810001373291016,54.560001373291016,113.69999694824219,98.29000091552734,166.64999389648438,38.869998931884766,106.77999877929688,920.3900146484375,43.099998474121094,220.6999969482422,298.1499938964844,1034.81005859375,170.5,106.83999633789062,181.14999389648438,399.6000061035156,185.6999969482422,25.899999618530273,220.52999877929688,152.66000366210938,50.029998779296875,346.6499938964844,334.55999755859375,280.3999938964844,55.849998474121094,181.13999938964844,87.4800033569336,49.15999984741211,52.84000015258789,155.13999938964844,134.7100067138672,220.8800048828125,252.16000366210938,348.57000732421875,1417.6300048828125,329.760009765625,52.209999084472656,54.560001373291016,114.9000015258789,98.75,167.77000427246094,39.099998474121094,108.38999938964844,924.0,43.970001220703125,222.0,301.3299865722656,1064.1099853515625,172.9199981689453,107.5,182.24000549316406,404.6099853515625,187.24000549316406,25.940000534057617,220.52999877929688,156.3300018310547,50.290000915527344,348.1600036621094,336.5,293.9700012207031,55.95000076293945,184.72999572753906,88.1500015258789,49.38999938964844,53.31999969482422,155.8000030517578,135.25,5747400,25691600,3269600,3473900,25537600,26494300,11347000,11976800,7276900,9784900,6940200,3149200,2012500,121832200,8154100,11527400,2587900,2452400,7907100,5138100,36212100,143711600,75575400,2219000,8354600,17329700,5293600,11298100,65836900,12743100,2359800,15105000,39840300,38633700,12697500,14517000
2026-01-28,216.8708038330078,252.74000549316406,337.3177795410156,1417.9486083984375,332.54241943359375,51.51875686645508,54.06256103515625,113.07294464111328,99.86489868164062,166.7564239501953,39.623046875,110.16464233398438,931.9056396484375,48.779998779296875,226.5158233642578,299.2385559082031,1020.337646484375,170.5015411376953,106.11404418945312,180.3710174560547,435.09722900390625,191.5096435546875,25.440067291259766,219.7022705078125,151.72584533691406,48.583499908447266,360.238037109375,341.3381652832031,291.7518310546875,55.17033386230469,182.03651428222656,87.10148620605469,49.7251091003418,52.7190055847168,153.67823791503906,135.74766540527344,218.6699981689453,252.74000549316406,342.2200012207031,1422.9200439453125,333.239990234375,51.810001373291016,54.619998931884766,114.19999694824219,101.38999938964844,169.92999267578125,39.83000183105469,111.0199966430664,936.8099975585938,48.779998779296875,227.72000122070312,300.7699890136719,1023.7999877929688,172.00999450683594,106.9000015258789,182.33999633789062,435.2799987792969,191.52000427246094,25.860000610351562,221.38999938964844,152.6999969482422,48.869998931884766,360.4599914550781,342.29998779296875,294.0199890136719,55.7400016784668,184.02000427246094,88.02999877929688,50.04999923706055,52.9900016784668,154.30999755859375,137.5800018310547,224.02999877929688,257.3999938964844,351.95001220703125,1493.47998046875,339.989990234375,52.13999938964844,55.470001220703125,115.70999908447266,101.5199966430664,170.4199981689453,39.9900016784668,111.11000061035156,937.1699829101562,49.290000915527344,228.57000732421875,301.9200134277344,1029.68994140625,174.0,107.93000030517578,183.00999450683594,438.94000244140625,192.35000610351562,26.389999389648438,224.2100067138672,154.0,50.72999954223633,362.0400085449219,345.5,294.94000244140625,56.45000076293945,186.77000427246094,89.05999755859375,50.13999938964844,53.209999084472656,155.14999389648438,138.00999450683594,216.6999969482422,250.2100067138672,340.0,1408.050048828125,326.70001220703125,51.310001373291016,54.2599983215332,113.13999938964844,99.83999633789062,168.1999969482422,39.16999816894531,109.0199966430664,922.760009765625,46.31999969482422,226.0800018310547,298.04998779296875,1004.1400146484375,170.0800018310547,106.02999877929688,180.3800048828125,417.0,189.83999633789062,25.760000228881836,219.39999389648438,150.39999389648438,48.470001220703125,356.7200012207031,338.6600036621094,283.7200012207031,55.31999969482422,182.5500030517578,86.83999633789062,49.560001373291016,52.7599983215332,153.47000122070312,136.6699981689453,223.60000610351562,254.1300048828125,349.0,1493.0,338.8500061035156,51.95000076293945,55.0099983215332,114.5999984741211,100.43000030517578,169.9600067138672,39.56999969482422,109.5,932.510009765625,46.599998474121094,226.39999389648438,300.2699890136719,1029.1099853515625,173.0,106.8499984741211,182.44000244140625,422.44000244140625,191.27000427246094,26.270000457763672,223.3000030517578,152.0,50.400001525878906,358.5299987792969,343.0299987792969,283.7200012207031,56.349998474121094,184.92999267578125,88.62000274658203,49.970001220703125,52.93000030517578,154.3000030517578,137.69000244140625,5215800,27061200,2347800,5036800,23001700,35030200,7901700,11378300,6817400,9200200,8880600,4990500,1674100,201995100,9026500,9556700,3300200,1691300,7491700,5538800,42725700,148552700,44976700,2479800,8539000,24531000,5364000,12140100,23396900,7746700,2756700,16395700,41890400,45450800,11426600,15637300
2026-01-29,218.61631774902344,252.17999267578125,338.0274658203125,1450.075927734375,330.0376892089844,52.781620025634766,53.72603225708008,114.0630874633789,101.25369262695312,167.99290466308594,39.73247528076172,111.21648406982422,935.1983032226562,48.65999984741211,226.0880889892578,304.8598327636719,1020.676513671875,174.19883728027344,107.54344940185547,180.43035888671875,435.6070251464844,192.49957275390625,25.676170349121094,222.74887084960938,151.24891662597656,48.16596221923828,360.90765380859375,338.59588623046875,290.0351867675781,55.754302978515625,180.52301025390625,89.6839599609375,50.18212127685547,53.27614212036133,153.19024658203125,138.63864135742188,220.42999267578125,252.17999267578125,342.94000244140625,1455.1600341796875,330.7300109863281,53.08000183105469,54.279998779296875,115.19999694824219,102.80000305175781,171.19000244140625,39.939998626708984,112.08000183105469,940.1199951171875,48.65999984741211,227.2899932861328,306.4200134277344,1024.1400146484375,175.74000549316406,108.33999633789062,182.39999389648438,435.7900085449219,192.50999450683594,26.100000381469727,224.4600067138672,152.22000122070312,48.45000076293945,361.1300048828125,339.54998779296875,292.2900085449219,56.33000183105469,182.49000549316406,90.63999938964844,50.5099983215332,53.54999923706055,153.82000732421875,140.50999450683594,224.13999938964844,260.5299987792969,347.2699890136719,1467.489990234375,335.95001220703125,53.09000015258789,55.16999816894531,116.36000061035156,105.72000122070312,174.9199981689453,41.310001373291016,115.44999694824219,955.3800048828125,48.77000045776367,230.0,306.8299865722656,1040.0,180.74000549316406,109.93000030517578,185.02999877929688,444.7099914550781,193.47999572753906,26.229999542236328,224.6300048828125,153.22999572753906,50.58000183105469,363.79998779296875,343.739990234375,295.6000061035156,56.52000045776367,194.5,90.63999938964844,51.72999954223633,53.630001068115234,154.6699981689453,142.33999633789062,218.0,240.91000366210938,338.75,1399.0899658203125,320.2799987792969,51.95000076293945,54.209999084472656,113.4000015258789,102.69000244140625,171.0399932861328,39.83000183105469,111.98999786376953,925.1300048828125,46.9900016784668,227.0800018310547,302.2200012207031,1018.0,175.24000549316406,107.0999984741211,179.4600067138672,417.70001220703125,186.05999755859375,25.8799991607666,220.85000610351562,149.72999572753906,48.349998474121094,347.7200012207031,328.20001220703125,289.2200012207031,55.65999984741211,182.0,88.54000091552734,50.47999954223633,52.9900016784668,153.5,139.11000061035156,218.0,254.66000366210938,341.6600036621094,1459.3199462890625,332.55999755859375,51.97999954223633,54.63999938964844,114.83999633789062,104.30000305175781,172.64999389648438,40.59000015258789,113.83000183105469,937.2999877929688,47.560001373291016,228.80999755859375,302.3999938964844,1025.3599853515625,175.41000366210938,107.33000183105469,183.17999267578125,439.3699951171875,191.33999633789062,25.899999618530273,222.97000122070312,153.08999633789062,49.880001068115234,361.17999267578125,339.79998779296875,294.3299865722656,56.13999938964844,191.77000427246094,88.69000244140625,51.150001525878906,53.31999969482422,154.25,140.32000732421875,7834000,31685200,3153100,2818900,20447500,35200500,16530100,14443200,14466900,16786600,14530500,8827700,2335400,124256600,9645300,11580000,2293000,2826200,13572800,7473400,42675700,171764400,44373800,2495600,9142900,32023100,8446200,13844800,13456400,8084200,6555800,21497000,77520700,51975400,12167300,35760600
2026-01-30,221.1750946044922,236.72999572753906,336.982666015625,1418.0281982421875,330.6064758300781,52.900943756103516,54.48817443847656,114.56804656982422,102.66218566894531,173.59625244140625,40.00107192993164,111.2660903930664,930.512939453125,46.470001220703125,226.0482940673828,304.33251953125,1033.642578125,174.6448974609375,109.45925903320312,181.82289123535156,414.7057800292969,191.11965942382812,26.010648727416992,221.59771728515625,150.6229248046875,48.09637451171875,346.0867614746094,329.63116455078125,284.7165222167969,55.53654861450195,179.47442626953125,89.53553771972656,50.7186164855957,53.16670227050781,154.10647583007812,139.51678466796875,223.00999450683594,236.72999572753906,341.8800048828125,1423.0,331.29998779296875,53.20000076293945,55.04999923706055,115.70999908447266,104.2300033569336,176.89999389648438,40.209999084472656,112.12999725341797,935.4099731445312,46.470001220703125,227.25,305.8900146484375,1037.1500244140625,176.19000244140625,110.2699966430664,182.8000030517578,414.8800048828125,191.1300048828125,26.440000534057617,223.3000030517578,151.58999633789062,48.380001068115234,346.29998779296875,330.55999755859375,286.92999267578125,56.11000061035156,181.42999267578125,90.48999786376953,51.04999923706055,53.439998626708984,154.74000549316406,141.39999389648438,224.02000427246094,245.24000549316406,345.5,1466.4300537109375,338.20001220703125,53.40999984741211,55.06999969482422,116.6500015258789,104.2699966430664,177.3000030517578,40.380001068115234,112.47000122070312,947.0,49.58000183105469,228.5,307.92999267578125,1048.5699462890625,176.75,110.54000091552734,183.14999389648438,455.5,194.49000549316406,26.469999313354492,225.0,153.07000732421875,48.54999923706055,360.19000244140625,339.8999938964844,292.95001220703125,56.5,183.16000366210938,91.05000305175781,51.09000015258789,53.65999984741211,154.92999267578125,142.2100067138672,219.55999755859375,234.5500030517578,338.07000732421875,1416.010009765625,328.3299865722656,52.77000045776367,54.33000183105469,114.18000030517578,101.7300033569336,171.27000427246094,39.130001068115234,109.83000183105469,923.1699829101562,45.959999084472656,225.3300018310547,302.55999755859375,1020.0,172.0,107.94999694824219,179.97000122070312,407.1300048828125,189.47000122070312,25.899999618530273,221.67999267578125,149.8300018310547,47.29999923706055,343.7099914550781,329.1000061035156,284.70001220703125,55.540000915527344,177.91000366210938,89.75,49.880001068115234,53.02000045776367,153.2899932861328,137.8300018310547,220.50999450683594,236.92999267578125,340.80999755859375,1440.0400390625,332.44000244140625,52.869998931884766,54.529998779296875,114.41999816894531,102.30999755859375,172.6199951171875,39.61000061035156,111.5,933.9500122070312,48.97999954223633,228.25999450683594,305.25,1033.300048828125,175.1300048828125,108.58999633789062,180.2100067138672,446.4700012207031,191.2100067138672,26.1299991607666,222.94000244140625,149.9600067138672,48.29999923706055,356.0,335.4200134277344,292.1000061035156,56.04999923706055,183.16000366210938,90.20999908447266,50.36000061035156,53.380001068115234,154.1199951171875,138.74000549316406,6622200,40035700,2522400,2358800,28313000,34549100,16199300,12396600,9169000,22946600,11349000,6757700,1893700,114920100,11045500,11953200,3303100,2098500,19060600,7434900,51022900,179489500,51599400,2107100,9577200,16406600,8719100,12028100,12022200,9826600,3295500,18306900,74039400,42767000,11863900,29657700
2026-02-02,223.78346252441406,246.27000427246094,339.7425231933594,1436.35400390625,330.4168701171875,53.72627639770508,55.31959915161133,115.68277740478516,100.25888061523438,170.77984619140625,39.931434631347656,107.57476043701172,941.3757934570312,48.810001373291016,229.52980041503906,306.5710754394531,1040.5989990234375,175.35858154296875,112.5364761352539,184.110595703125,437.61614990234375,185.59996032714844,26.227075576782227,225.89471435546875,151.6463623046875,47.768306732177734,352.47283935546875,340.40081787109375,283.3868713378906,56.773773193359375,178.27748107910156,91.29676055908203,49.7251091003418,53.753684997558594,155.05258178710938,136.55673217773438,225.63999938964844,246.27000427246094,344.67999267578125,1441.3900146484375,331.1099853515625,54.029998779296875,55.88999938964844,116.2300033569336,101.79000091552734,174.02999877929688,40.13999938964844,108.41000366210938,946.3300170898438,48.810001373291016,230.75,308.1400146484375,1044.1300048828125,176.91000366210938,113.37000274658203,185.10000610351562,437.79998779296875,185.61000061035156,26.65999984741211,227.6300048828125,152.6199951171875,48.04999923706055,352.69000244140625,341.3599853515625,285.5899963378906,57.36000061035156,180.22000122070312,92.2699966430664,50.04999923706055,54.029998779296875,155.69000244140625,138.39999389648438,229.7899932861328,249.97000122070312,345.9800109863281,1453.1600341796875,336.05999755859375,54.09000015258789,55.900001525878906,116.9800033569336,103.05999755859375,176.27000427246094,40.77000045776367,110.05000305175781,949.4400024414062,49.84000015258789,231.19000244140625,309.29998779296875,1057.4100341796875,177.32000732421875,113.88999938964844,185.44000244140625,442.42999267578125,190.3000030517578,26.690000534057617,227.8800048828125,153.63999938964844,48.66999816894531,356.1099853515625,344.20001220703125,290.3999938964844,57.41999816894531,181.5,92.80000305175781,50.5099983215332,54.09000015258789,156.00999450683594,140.32000732421875,224.4199981689453,235.0,339.4100036621094,1395.4000244140625,325.75,52.95000076293945,54.959999084472656,114.5999984741211,100.5,172.64999389648438,39.15999984741211,107.5199966430664,912.0800170898438,45.5,227.25,301.3699951171875,1037.5699462890625,171.74000549316406,109.94999694824219,180.5500030517578,410.0,184.8800048828125,26.350000381469727,222.41000366210938,150.82000732421875,47.349998474121094,341.8999938964844,329.1000061035156,282.2799987792969,55.9900016784668,176.5,89.9000015258789,49.77000045776367,53.20000076293945,154.39999389648438,138.05999755859375,224.85000610351562,235.77000427246094,339.4700012207031,1397.239990234375,326.1099853515625,53.20000076293945,55.060001373291016,114.95999908447266,101.51000213623047,173.44000244140625,39.459999084472656,108.75,932.1300048828125,45.630001068115234,228.32000732421875,304.4599914550781,1037.5699462890625,172.74000549316406,110.12000274658203,182.61000061035156,412.17999267578125,187.1999969482422,26.420000076293945,223.6999969482422,150.97000122070312,47.66999816894531,342.3699951171875,330.760009765625,286.0199890136719,56.13999938964844,178.07000732421875,90.16000366210938,50.099998474121094,53.45000076293945,154.5800018310547,139.8300018310547,5413000,36308100,1899900,1766600,17278200,34624500,9424900,11773700,7514000,14235300,21885300,8259500,1802000,101414600,8187500,9839400,2757100,3027000,18000100,6827200,37771200,165794100,52129500,2268200,9099100,16616400,7758000,12459100,8664200,10468400,2781100,13835200,61479900,48031500,11005300,27735600
2026-02-03,223.8032989501953,242.11000061035156,333.7397766113281,1391.0030517578125,319.659423828125,54.143917083740234,55.418582916259766,117.15580749511719,103.33195495605469,174.7149658203125,40.89639663696289,109.57919311523438,934.07421875,49.25,231.86737060546875,313.24688720703125,1000.0664672851562,185.9350128173828,114.9883041381836,181.9322967529297,419.2638854980469,180.33023071289062,25.351530075073242,232.0375213623047,146.24105834960938,49.46828079223633,345.42718505859375,334.80657958984375,281.98773193359375,58.090179443359375,190.1975860595703,91.33634185791016,51.334590911865234,53.25624084472656,153.46910095214844,141.8157501220703,225.66000366210938,242.11000061035156,338.5899963378906,1395.8800048828125,320.3299865722656,54.45000076293945,55.9900016784668,117.70999908447266,104.91000366210938,178.0399932861328,41.11000061035156,110.43000030517578,938.989990234375,49.25,233.10000610351562,314.8500061035156,1003.4600219726562,187.5800018310547,115.83999633789062,182.91000366210938,419.44000244140625,180.33999633789062,25.770000457763672,233.82000732421875,147.17999267578125,49.7599983215332,345.6400146484375,335.75,284.17999267578125,58.689998626708984,192.27000427246094,92.30999755859375,51.66999816894531,53.529998779296875,154.10000610351562,143.72999572753906,228.6999969482422,252.64999389648438,349.5,1445.81005859375,338.8999938964844,55.119998931884766,56.529998779296875,118.91999816894531,105.2300033569336,178.82000732421875,41.540000915527344,110.87000274658203,964.5,51.4900016784668,235.1999969482422,316.25,1048.800048828125,187.63999938964844,118.45999908447266,188.67999267578125,442.29998779296875,186.27000427246094,26.110000610351562,234.3000030517578,150.72000122070312,49.79999923706055,357.1199951171875,347.04998779296875,288.0899963378906,58.86000061035156,193.0399932861328,94.79000091552734,51.779998779296875,54.16999816894531,157.1199951171875,145.00999450683594,223.63999938964844,237.0399932861328,338.5899963378906,1371.9100341796875,308.6499938964844,53.68000030517578,55.4900016784668,115.37999725341797,101.75,173.75,39.5,107.0,919.0599975585938,48.43000030517578,230.47999572753906,309.1000061035156,993.5800170898438,172.44000244140625,111.44000244140625,178.4499969482422,407.5299987792969,176.22999572753906,25.260000228881836,228.14999389648438,144.3000030517578,48.099998474121094,338.0899963378906,330.0199890136719,278.6000061035156,57.0,180.9600067138672,91.9000015258789,50.02000045776367,53.15999984741211,153.85000610351562,138.30999755859375,223.9499969482422,251.5500030517578,341.239990234375,1436.0400390625,336.739990234375,54.20000076293945,55.54999923706055,117.0,102.41999816894531,173.8800048828125,40.2400016784668,108.02999877929688,949.5,50.060001373291016,231.5,309.7300109863281,1040.75,180.69000244140625,111.66999816894531,185.27999877929688,442.1600036621094,186.24000549316406,25.360000610351562,229.27999877929688,150.72000122070312,48.130001068115234,355.9100036621094,345.07000732421875,284.70001220703125,57.5,182.61000061035156,92.70999908447266,50.2400016784668,53.720001220703125,154.77999877929688,138.63999938964844,8158500,53097100,4040000,2205100,36914800,41208400,11081300,15332100,9346600,18425400,24035000,4563700,2321900,122205100,9346600,12688000,5483900,5254900,25793600,7751300,42763300,204019600,91964900,3721200,11966400,27108800,8371200,12540000,10809100,18927500,5522900,18099000,83754100,66887100,21141900,37577800
2026-02-04,215.32363891601562,200.19000244140625,360.95428466796875,1334.4512939453125,307.4051513671875,55.06869125366211,57.031944274902344,116.87712860107422,105.97164154052734,177.84539794921875,43.164546966552734,113.7865219116211,908.5186767578125,48.599998474121094,233.23011779785156,315.654541015625,1103.3758544921875,194.2018585205078,117.46000671386719,179.11741638183594,379.2406921386719,174.18057250976562,26.345129013061523,235.44137573242188,147.94015502929688,51.0489616394043,330.17657470703125,324.82470703125,273.7914733886719,58.81271743774414,195.28219604492188,92.15758514404297,52.487064361572266,53.684043884277344,155.3911895751953,145.6243438720703,217.11000061035156,200.19000244140625,366.20001220703125,1339.1300048828125,308.04998779296875,55.380001068115234,57.619998931884766,117.43000030517578,107.58999633789062,181.22999572753906,43.38999938964844,114.66999816894531,913.2999877929688,48.599998474121094,234.47000122070312,317.2699890136719,1107.1199951171875,195.9199981689453,118.33000183105469,180.0800018310547,379.3999938964844,174.19000244140625,26.780000686645508,237.25,148.88999938964844,51.349998474121094,330.3800048828125,325.739990234375,275.9200134277344,59.41999816894531,197.41000366210938,93.13999938964844,52.83000183105469,53.959999084472656,156.02999877929688,147.58999633789062,220.85000610351562,218.5800018310547,368.75,1406.0999755859375,319.510009765625,56.040000915527344,57.970001220703125,119.94000244140625,108.33999633789062,182.58999633789062,43.68000030517578,114.97000122070312,944.1599731445312,49.70000076293945,235.8300018310547,319.30999755859375,1114.0,197.5800018310547,120.38999938964844,183.64999389648438,413.0,179.5800018310547,26.979999542236328,240.3699951171875,153.47000122070312,51.43000030517578,345.3900146484375,338.79998779296875,284.5,60.61000061035156,198.36000061035156,93.91000366210938,52.959999084472656,54.18000030517578,156.77999877929688,147.83999633789062,204.27000427246094,199.14999389648438,342.3800048828125,1316.06005859375,295.29998779296875,54.709999084472656,56.43000030517578,116.93000030517578,105.45999908447266,178.8800048828125,41.84000015258789,110.98999786376953,893.7999877929688,47.0,232.94000244140625,314.4100036621094,1065.0,188.13999938964844,116.5,178.5,363.8999938964844,171.91000366210938,25.860000610351562,235.0,148.1699981689453,49.7599983215332,323.3299865722656,319.07000732421875,274.04998779296875,59.11000061035156,193.24000549316406,92.52999877929688,51.81999969482422,53.400001525878906,154.22999572753906,144.1199951171875,209.77999877929688,215.0,352.0299987792969,1395.760009765625,319.510009765625,54.779998779296875,56.56999969482422,117.77999877929688,105.47000122070312,178.8800048828125,41.93000030517578,111.2300033569336,937.1199951171875,49.540000915527344,235.0,314.4100036621094,1075.1199951171875,188.99000549316406,116.9000015258789,182.72999572753906,410.5899963378906,179.4600067138672,25.8799991607666,235.0,148.7100067138672,49.849998474121094,342.17999267578125,335.6000061035156,282.010009765625,59.18000030517578,193.27999877929688,92.6500015258789,51.81999969482422,53.5099983215332,154.80999755859375,144.1199951171875,15319700,107173300,5899600,2479400,43330300,54522500,21793800,12408300,10367100,16170500,21828900,4824500,3561900,128702300,8641400,9848800,7119400,4157700,21954600,7571900,58074900,207014100,83025800,3816800,19249300,23745400,15231400,18176000,12944100,18509900,4467400,12382800,78149900,59506400,22951600,29426200
2026-02-05,217.21792602539062,192.5,362.5313415527344,1345.4427490234375,309.8600158691406,54.631160736083984,58.91255569458008,115.19508361816406,103.4009017944336,175.8827362060547,42.9456901550293,111.62332153320312,885.7484741210938,48.2400016784668,236.53256225585938,308.5807800292969,1017.3876953125,194.11265563964844,118.86956024169922,174.90008544921875,382.729248046875,171.87069702148438,26.059837341308594,236.69175720214844,135.43048095703125,49.21974563598633,330.62628173828125,329.8006896972656,266.4783020019531,58.505889892578125,193.2219696044922,91.03951263427734,51.871089935302734,53.01747131347656,154.2060546875,144.1344757080078,219.02000427246094,192.5,367.79998779296875,1350.1600341796875,310.510009765625,54.939998626708984,59.52000045776367,115.73999786376953,104.9800033569336,179.22999572753906,43.16999816894531,112.48999786376953,890.4099731445312,48.2400016784668,237.7899932861328,310.1600036621094,1020.8400268554688,195.8300018310547,119.75,175.83999633789062,382.8900146484375,171.8800048828125,26.489999771118164,238.50999450683594,136.3000030517578,49.5099983215332,330.8299865722656,330.7300109863281,268.54998779296875,59.11000061035156,194.13999938964844,92.01000213623047,52.209999084472656,53.290000915527344,154.83999633789062,146.0800018310547,219.8699951171875,204.0399932861328,374.8999938964844,1368.8599853515625,326.5299987792969,55.290000915527344,60.560001373291016,116.41000366210938,108.44000244140625,180.4600067138672,43.400001525878906,114.47000122070312,910.8300170898438,50.86000061035156,239.5800018310547,316.010009765625,1075.0,195.8300018310547,122.43000030517578,179.4499969482422,390.92999267578125,176.82000732421875,27.190000534057617,239.27000427246094,139.3300018310547,50.560001373291016,335.4700012207031,334.57000732421875,276.8900146484375,59.630001068115234,194.8800048828125,93.05999755859375,52.4900016784668,54.060001373291016,156.97000122070312,146.72999572753906,214.0399932861328,190.72000122070312,365.0,1319.530029296875,306.70001220703125,54.25,58.0,112.91999816894531,103.1500015258789,177.41000366210938,41.959999084472656,111.2699966430664,876.719970703125,46.790000915527344,234.99000549316406,305.5400085449219,1005.8300170898438,190.99000549316406,118.30999755859375,173.25,366.0,171.02999877929688,26.459999084472656,235.22000122070312,132.72999572753906,48.66999816894531,324.0400085449219,319.6499938964844,266.2900085449219,58.59000015258789,190.11000061035156,90.91000366210938,51.439998626708984,53.18000030517578,154.67999267578125,143.8000030517578,216.89999389648438,201.86000061035156,365.7300109863281,1329.1199951171875,314.3399963378906,55.02000045776367,58.90999984741211,116.41000366210938,106.94999694824219,179.63999938964844,42.81999969482422,113.61000061035156,901.6699829101562,47.59000015258789,235.0,315.0,1065.5,193.57000732421875,118.30999755859375,178.0,369.6199951171875,174.92999267578125,26.760000228881836,236.33999633789062,132.9199981689453,50.380001068115234,326.5400085449219,322.82000732421875,274.2900085449219,59.099998474121094,192.6300048828125,92.8499984741211,52.2599983215332,53.939998626708984,155.4600067138672,146.5800018310547,10794000,62196400,4007300,1790200,42775800,32959700,23929600,18704600,10441000,10474100,12912700,4253900,3214300,114307800,10267500,9388000,7742400,1900700,24010600,9571800,38899500,206312900,72650700,3860100,30229600,24708200,10406500,14812000,13035300,11463500,2376300,12641300,54235600,64475000,21421600,18431700
2026-02-06,221.5916290283203,208.44000244140625,378.814697265625,1408.0731201171875,332.2231140136719,56.212223052978516,61.35734558105469,122.11236572265625,106.00119018554688,177.48231506347656,43.582366943359375,112.8239974975586,923.8878173828125,50.59000015258789,238.72093200683594,320.7584533691406,1054.6014404296875,201.2197723388672,121.03353881835938,178.99806213378906,394.5242614746094,185.39996337890625,26.777982711791992,240.63150024414062,136.46383666992188,50.402774810791016,348.2954406738281,347.8697814941406,274.5158386230469,60.069740295410156,201.72158813476562,93.4358139038086,52.90433883666992,53.98250961303711,157.06431579589844,147.06491088867188,223.42999267578125,208.44000244140625,384.32000732421875,1413.010009765625,332.9200134277344,56.529998779296875,61.9900016784668,122.69000244140625,107.62000274658203,180.86000061035156,43.810001373291016,113.69999694824219,928.75,50.59000015258789,239.99000549316406,322.3999938964844,1058.1800537109375,203.0,121.93000030517578,179.9600067138672,394.69000244140625,185.41000366210938,27.219999313354492,242.47999572753906,137.33999633789062,50.70000076293945,348.510009765625,348.8500061035156,276.6499938964844,60.689998626708984,202.67999267578125,93.97000122070312,53.25,54.2599983215332,157.7100067138672,149.0500030517578,225.82000732421875,209.27000427246094,385.1199951171875,1415.969970703125,335.0,56.869998931884766,62.04999923706055,122.97000122070312,108.12999725341797,182.10000610351562,44.0,114.77999877929688,931.77001953125,51.29999923706055,240.94000244140625,324.25,1060.02001953125,204.3699951171875,122.66000366210938,181.19000244140625,396.6499938964844,187.0,27.3700008392334,243.94000244140625,139.14999389648438,51.25,349.55999755859375,349.7200012207031,277.80999755859375,60.90999984741211,203.13999938964844,94.6500015258789,53.41999816894531,54.349998474121094,157.8000030517578,149.57000732421875,218.5,196.42999267578125,368.8999938964844,1368.52001953125,316.29998779296875,55.290000915527344,59.77000045776367,117.36000061035156,105.12000274658203,179.50999450683594,43.09000015258789,112.0,907.22998046875,48.83000183105469,237.97999572753906,314.7099914550781,1033.27001953125,196.1699981689453,120.44000244140625,177.5,372.8699951171875,174.60000610351562,26.520000457763672,239.5399932861328,135.27999877929688,49.40999984741211,335.8699951171875,336.6499938964844,266.4100036621094,59.790000915527344,194.5,92.55999755859375,52.36000061035156,53.83000183105469,155.91000366210938,146.08999633789062,218.75,197.1300048828125,369.989990234375,1372.3699951171875,320.1000061035156,55.54999923706055,60.0,117.36000061035156,105.25,180.3000030517578,43.310001373291016,112.77999877929688,907.8699951171875,49.099998474121094,238.9600067138672,314.7099914550781,1056.0,196.7899932861328,120.76000213623047,178.88999938964844,377.9700012207031,176.69000244140625,26.670000076293945,240.80999755859375,136.8699951171875,49.5,337.3999938964844,337.5,267.05999755859375,59.95000076293945,195.8800048828125,92.75,52.5,53.83000183105469,156.0399932861328,146.6199951171875,6067100,54504500,3840300,1971000,33003400,42468000,17117600,15248800,6756100,9901800,11221900,2533200,2473200,115600200,8274000,17797400,4887100,2316000,13083300,9139700,37196000,231346200,50691600,2441000,15036800,16188800,9096100,17025500,9572800,11998700,2871200,13205700,41669600,53073800,13616200,17216000
2026-02-09,221.42303466796875,216.0,370.4364929199219,1424.49560546875,343.22003173828125,56.092899322509766,60.14979553222656,123.18727111816406,107.06494140625,179.1898193359375,43.25408172607422,112.99269104003906,938.679931640625,50.2400016784668,237.37806701660156,320.4599914550781,1041.1370849609375,202.46871948242188,116.78500366210938,181.3752899169922,383.3389587402344,190.0297088623047,26.610742568969727,239.1131591796875,138.04368591308594,50.243709564208984,352.55279541015625,354.4113464355469,273.57318115234375,59.73321533203125,200.42774963378906,94.07217407226562,53.291805267333984,53.664146423339844,155.6800079345703,149.19613647460938,223.25999450683594,216.0,375.82000732421875,1429.489990234375,343.94000244140625,56.40999984741211,60.77000045776367,123.7699966430664,108.69999694824219,182.60000610351562,43.47999954223633,113.87000274658203,943.6199951171875,50.2400016784668,238.63999938964844,322.1000061035156,1044.6700439453125,204.25999450683594,117.6500015258789,182.35000610351562,383.5,190.0399932861328,27.049999237060547,240.9499969482422,138.92999267578125,50.540000915527344,352.7699890136719,355.4100036621094,275.70001220703125,60.349998474121094,201.3800048828125,94.61000061035156,53.63999938964844,53.939998626708984,156.32000732421875,151.2100067138672,223.9600067138672,217.60000610351562,384.6199951171875,1437.0899658203125,352.3399963378906,56.720001220703125,61.630001068115234,125.16000366210938,108.88999938964844,182.82000732421875,44.02000045776367,114.63999938964844,949.0,51.220001220703125,240.74000549316406,326.3999938964844,1106.93994140625,206.4499969482422,121.87999725341797,183.82000732421875,391.80999755859375,193.66000366210938,27.3700008392334,243.64999389648438,139.94000244140625,50.93000030517578,354.739990234375,359.6000061035156,280.17999267578125,60.869998931884766,204.13999938964844,95.08999633789062,53.720001220703125,54.38999938964844,158.14999389648438,151.5500030517578,220.1199951171875,204.14999389648438,372.3399963378906,1408.5999755859375,330.6499938964844,56.18000030517578,60.36000061035156,121.69000244140625,107.05999755859375,179.9499969482422,43.369998931884766,113.26000213623047,927.1099853515625,47.59000015258789,237.0399932861328,320.1099853515625,1042.9200439453125,202.30999755859375,116.9800033569336,179.4600067138672,370.67999267578125,183.9499969482422,26.790000915527344,240.7100067138672,136.5,50.09000015258789,343.8800048828125,347.79998779296875,273.32000732421875,60.2599983215332,199.89999389648438,89.0,52.97999954223633,53.900001525878906,156.02999877929688,148.6300048828125,223.4199981689453,206.89999389648438,380.70001220703125,1415.8399658203125,330.7699890136719,56.38999938964844,61.369998931884766,122.19000244140625,107.5999984741211,181.00999450683594,43.65999984741211,113.37999725341797,929.0,49.59000015258789,240.25,321.3399963378906,1077.0899658203125,204.0500030517578,121.41000366210938,179.99000549316406,380.69000244140625,184.25999450683594,27.18000030517578,241.75,137.10000610351562,50.47999954223633,344.8399963378906,348.760009765625,274.1499938964844,60.459999084472656,202.9199981689453,93.75,53.209999084472656,54.08000183105469,157.57000732421875,149.25999450683594,6767700,38810800,2843700,1125100,30091000,31968400,14013500,12887500,6337800,12021300,7810800,3372200,2322600,94841400,9378500,11477500,3423800,2004800,16158700,6625900,31009600,196387400,49288200,2272800,11022700,13581400,7091400,14594900,10371600,7112700,1949000,20544800,38798500,31699900,11823000,21297300
2026-02-10,220.6097869873047,213.57000732421875,359.4264831542969,1410.5390625,339.72735595703125,55.07863235473633,60.2388801574707,121.57490539550781,105.88299560546875,178.8561553955078,43.25408172607422,111.83170318603516,944.0218505859375,47.130001068115234,237.08961486816406,316.659423828125,1021.5336303710938,202.35968017578125,116.28868103027344,176.9391326904297,373.09326171875,188.52978515625,27.161649703979492,238.49789428710938,139.1962890625,50.025001525878906,351.213623046875,360.89306640625,271.1123046875,59.93117141723633,198.55662536621094,91.38752746582031,53.23219680786133,53.27614212036133,154.69406127929688,149.57107543945312,222.44000244140625,213.57000732421875,364.6499938964844,1413.6199951171875,340.44000244140625,55.38999938964844,60.86000061035156,122.1500015258789,107.5,182.25999450683594,43.47999954223633,112.69999694824219,948.989990234375,47.130001068115234,238.35000610351562,318.2799987792969,1025.0,204.14999389648438,117.1500015258789,177.88999938964844,373.25,188.5399932861328,27.610000610351562,240.3300018310547,140.08999633789062,50.31999969482422,351.42999267578125,361.9100036621094,273.2200012207031,60.54999923706055,199.5,91.91000366210938,53.58000183105469,53.54999923706055,155.3300018310547,151.58999633789062,225.80999755859375,219.38999938964844,377.3599853515625,1439.8900146484375,348.010009765625,56.83000183105469,61.45000076293945,125.0,108.68000030517578,182.9499969482422,43.54999923706055,114.04000091552734,961.8300170898438,50.540000915527344,240.5,326.1300048828125,1055.6500244140625,204.27000427246094,118.18000030517578,184.5800018310547,382.7900085449219,192.47999572753906,27.729999542236328,242.2100067138672,140.41000366210938,50.959999084472656,355.0400085449219,364.760009765625,279.489990234375,60.9900016784668,201.0,95.01000213623047,53.790000915527344,54.2599983215332,157.16000366210938,151.77999877929688,221.94000244140625,213.1300048828125,363.6499938964844,1410.800048828125,339.8399963378906,54.27000045776367,59.95000076293945,119.5,107.11000061035156,180.86000061035156,42.88999938964844,112.19000244140625,929.9299926757812,46.77000045776367,237.8800048828125,315.1199951171875,1023.8800048828125,200.9600067138672,116.0999984741211,173.5500030517578,366.05999755859375,188.1199951171875,27.09000015258789,236.72999572753906,136.7899932861328,49.790000915527344,348.1199951171875,356.3900146484375,272.6499938964844,59.79999923706055,197.75,89.75,53.2400016784668,53.119998931884766,155.24000549316406,149.82000732421875,223.75,215.13999938964844,377.0400085449219,1439.27001953125,347.4700012207031,56.439998626708984,60.939998626708984,123.72000122070312,108.55000305175781,182.72999572753906,43.45000076293945,114.04000091552734,945.7000122070312,50.40999984741211,239.97999572753906,322.54998779296875,1050.6600341796875,204.1199951171875,117.69000244140625,181.9199981689453,375.989990234375,191.3800048828125,27.18000030517578,240.1300048828125,138.14999389648438,50.88999938964844,353.5199890136719,364.3299865722656,277.5199890136719,60.119998931884766,200.25,94.30999755859375,53.77000045776367,53.70000076293945,156.66000366210938,151.35000610351562,6044500,25326700,3526400,1200600,19542700,48304700,12082800,12121300,5255300,7458200,5965000,5404100,3324900,99832900,6723300,9902200,3539400,1814700,11849500,12854500,35433800,136764800,43760600,2342400,9762900,14102500,6252400,14622100,7284700,8501600,2033800,20148400,32146000,57920800,11103400,15800300
2026-02-11,219.07254028320312,213.5800018310547,361.3288269042969,1432.5010986328125,342.0425109863281,53.54728698730469,59.3183708190918,116.83731079101562,109.53719329833984,182.3496856689453,44.72639083862305,117.30917358398438,939.6448974609375,48.290000915527344,239.58633422851562,309.2374267578125,1011.7767333984375,206.81031799316406,118.43279266357422,175.73558044433594,410.1676940917969,190.0397186279297,27.279701232910156,233.6848602294922,140.14022827148438,51.560001373291016,359.9782409667969,373.0388488769531,276.7583923339844,58.357421875,202.9557342529297,88.44434356689453,54.62310791015625,52.47028350830078,155.61029052734375,153.4882049560547,220.88999938964844,213.5800018310547,366.5799865722656,1435.6300048828125,342.760009765625,53.849998474121094,59.93000030517578,117.38999938964844,111.20999908447266,185.82000732421875,44.959999084472656,118.22000122070312,944.5900268554688,48.290000915527344,240.86000061035156,310.82000732421875,1015.2100219726562,208.63999938964844,119.30999755859375,176.67999267578125,410.3399963378906,190.0500030517578,27.729999542236328,235.47999572753906,141.0399932861328,51.560001373291016,360.20001220703125,374.0899963378906,278.9100036621094,58.959999084472656,203.9199981689453,88.94999694824219,54.97999954223633,52.7400016784668,156.25,155.55999755859375,224.14999389648438,219.64999389648438,368.510009765625,1451.489990234375,347.20001220703125,56.11000061035156,61.08000183105469,124.23999786376953,111.44000244140625,186.52000427246094,45.02000045776367,118.30000305175781,968.1300048828125,49.54999923706055,241.25999450683594,325.2799987792969,1030.0999755859375,209.39999389648438,119.36000061035156,181.0399932861328,414.1600036621094,193.25999450683594,27.940000534057617,242.57000732421875,142.38999938964844,51.9900016784668,362.2799987792969,379.5799865722656,279.69000244140625,61.189998626708984,204.3300018310547,93.08000183105469,55.11000061035156,53.93000030517578,156.3800048828125,156.92999267578125,218.0500030517578,209.2100067138672,361.0,1409.3399658203125,333.739990234375,53.2400016784668,59.65999984741211,117.36000061035156,108.43000030517578,183.5500030517578,43.939998626708984,113.87000274658203,931.280029296875,46.86000061035156,237.39999389648438,308.7300109863281,1012.6199951171875,205.05999755859375,116.30999755859375,174.3000030517578,386.57000732421875,188.77000427246094,27.309999465942383,234.8300018310547,139.11000061035156,50.93000030517578,351.3999938964844,368.3900146484375,269.79998779296875,58.70000076293945,200.50999450683594,88.5,54.25,52.689998626708984,154.3800048828125,153.57000732421875,222.27000427246094,217.8800048828125,365.1400146484375,1440.4000244140625,346.79998779296875,55.970001220703125,60.599998474121094,123.58999633789062,108.5,183.94000244140625,44.0,114.66000366210938,950.6400146484375,48.11000061035156,239.33999633789062,323.239990234375,1026.5,206.47000122070312,117.04000091552734,179.77000427246094,395.3900146484375,192.4499969482422,27.549999237060547,240.3300018310547,140.02999877929688,51.04999923706055,358.82000732421875,370.0799865722656,272.44000244140625,61.0,203.1699981689453,92.6500015258789,54.279998779296875,53.66999816894531,155.17999267578125,153.97000122070312,8072400,33384700,2826000,1139300,17004700,48973500,11867000,13771400,8984700,10502100,9524000,5338700,2654300,107681200,6803900,8703500,2599900,1629100,10885300,7777800,48475000,144192700,41699300,2456800,9379300,22951700,7497000,18651300,6333100,14329000,2918200,15461700,57349700,60339900,11738400,23091500
2026-02-12,225.62815856933594,205.94000244140625,360.95428466796875,1403.8038330078125,330.4767761230469,52.22476577758789,59.24908447265625,110.62669372558594,109.16290283203125,178.99354553222656,43.73158645629883,116.94202423095703,899.8145141601562,46.47999954223633,243.25682067871094,301.09906005859375,1034.7587890625,196.28346252441406,118.36331176757812,167.1616668701172,413.7961730957031,186.9298858642578,27.023921966552734,227.9290771484375,137.58663940429688,50.63999938964844,351.2835693359375,367.065673828125,282.17626953125,57.23897171020508,195.9788818359375,85.79946899414062,53.629600524902344,51.42565155029297,155.36131286621094,148.91920471191406,227.5,205.94000244140625,366.20001220703125,1406.8699951171875,331.1700134277344,52.52000045776367,59.86000061035156,111.1500015258789,110.83000183105469,182.39999389648438,43.959999084472656,117.8499984741211,904.5499877929688,46.47999954223633,244.5500030517578,302.6400146484375,1038.27001953125,198.02000427246094,119.23999786376953,168.05999755859375,413.9700012207031,186.94000244140625,27.469999313354492,229.67999267578125,138.47000122070312,50.63999938964844,351.5,368.1000061035156,284.3699951171875,57.83000183105469,196.91000366210938,86.29000091552734,53.97999954223633,51.689998626708984,156.0,149.92999267578125,229.0500030517578,218.4600067138672,370.8800048828125,1439.25,346.2900085449219,53.939998626708984,60.93000030517578,119.18000030517578,111.9800033569336,185.8000030517578,44.84000015258789,118.66999816894531,968.3900146484375,48.95000076293945,246.35000610351562,313.6199951171875,1059.8399658203125,210.32000732421875,121.61000061035156,178.7899932861328,438.7699890136719,193.61000061035156,27.889999389648438,237.91000366210938,141.5,52.400001525878906,365.3800048828125,380.0,286.30999755859375,60.02000045776367,206.77000427246094,89.97000122070312,55.2400016784668,53.11000061035156,157.4199981689453,155.25,220.91000366210938,205.13999938964844,365.05999755859375,1392.199951171875,329.55999755859375,51.790000915527344,59.25,110.94000244140625,108.69999694824219,182.08999633789062,43.0,114.93000030517578,903.97998046875,46.189998626708984,239.67999267578125,300.0199890136719,1012.0,197.80999755859375,118.12000274658203,165.41000366210938,411.1600036621094,186.50999450683594,27.40999984741211,227.3000030517578,136.74000549316406,50.34000015258789,351.04998779296875,322.1000061035156,275.80999755859375,57.2599983215332,195.7100067138672,85.83000183105469,53.7599983215332,51.43000030517578,155.47999572753906,149.8800048828125,221.57000732421875,215.8300018310547,366.6600036621094,1435.22998046875,343.8299865722656,53.90999984741211,60.0,118.04000091552734,111.20999908447266,185.8000030517578,44.52000045776367,118.66999816894531,956.1699829101562,47.79999923706055,240.47999572753906,312.2799987792969,1024.8699951171875,209.0,119.01000213623047,177.42999267578125,422.25,193.02999877929688,27.649999618530273,236.7899932861328,140.86000061035156,51.4900016784668,363.4599914550781,379.0,278.1600036621094,59.38999938964844,204.0800018310547,89.30999755859375,54.939998626708984,52.900001525878906,156.2100067138672,153.88999938964844,8712000,32181000,2374500,1518100,22007300,55481600,14021500,19353300,12517700,9673700,12134400,8306900,3188700,88321200,10254300,13443400,3592200,1917400,13453300,14436700,45639100,189932500,58805100,2507000,12416600,24008600,9488000,16835400,12336900,16654500,3189200,16858200,67427800,94645100,19409100,30652500
2026-02-13,229.59524536132812,207.32000732421875,366.4229736328125,1403.5443115234375,324.48931884765625,52.25459671020508,60.1201057434082,110.33805847167969,109.75387573242188,180.30853271484375,44.42795181274414,119.79984283447266,900.4014282226562,46.790000915527344,242.16262817382812,301.0094909667969,1038.2127685546875,201.4774932861328,120.51736450195312,170.2351531982422,411.4871520996094,182.80010986328125,27.132137298583984,227.5718231201172,139.80239868164062,50.38999938964844,354.4416198730469,365.33056640625,290.92822265625,57.100399017333984,199.2234649658203,86.48554992675781,53.997196197509766,51.385860443115234,157.02447509765625,147.44918823242188,231.5,207.32000732421875,369.19000244140625,1406.6099853515625,325.1700134277344,52.54999923706055,60.7400016784668,110.86000061035156,111.43000030517578,183.74000549316406,44.65999984741211,120.7300033569336,905.1400146484375,46.790000915527344,243.4499969482422,302.54998779296875,1040.0,203.25999450683594,121.41000366210938,171.14999389648438,411.6600036621094,182.80999755859375,27.579999923706055,229.32000732421875,140.6999969482422,50.38999938964844,354.6600036621094,366.3599853515625,293.19000244140625,57.689998626708984,200.1699981689453,86.9800033569336,54.349998474121094,51.650001525878906,157.6699981689453,148.4499969482422,234.74000549316406,210.0500030517578,370.4200134277344,1436.6600341796875,334.32000732421875,52.81999969482422,60.95000076293945,111.43000030517578,112.06999969482422,184.83999633789062,44.900001525878906,121.11000061035156,905.989990234375,47.689998626708984,244.9499969482422,304.2900085449219,1064.3399658203125,204.32000732421875,123.33000183105469,171.49000549316406,420.8800048828125,187.5,27.940000534057617,231.74000549316406,141.47999572753906,51.209999084472656,357.6099853515625,371.1099853515625,293.4599914550781,58.13999938964844,201.50999450683594,87.44999694824219,54.58000183105469,51.93000030517578,158.8000030517578,151.66000366210938,228.0,203.8800048828125,361.7099914550781,1401.0,324.69000244140625,51.439998626708984,60.02000045776367,108.38999938964844,110.38999938964844,181.72000122070312,43.56999969482422,117.94000244140625,869.0,44.970001220703125,242.61000061035156,296.5199890136719,1033.68994140625,195.75,121.02999877929688,163.58999633789062,392.7099914550781,181.58999633789062,27.549999237060547,226.3699951171875,136.74000549316406,49.93000030517578,348.67999267578125,360.7699890136719,284.510009765625,56.84000015258789,195.99000549316406,85.08999633789062,53.810001373291016,51.25,156.52000427246094,147.97999572753906,228.4199981689453,204.02000427246094,362.6600036621094,1414.8499755859375,329.8500061035156,51.90999984741211,60.11000061035156,109.7699966430664,110.38999938964844,182.5399932861328,43.56999969482422,117.94000244140625,894.4099731445312,45.7599983215332,244.58999633789062,298.5199890136719,1039.97998046875,196.3800048828125,121.5,167.1199951171875,405.19000244140625,187.47999572753906,27.600000381469727,228.17999267578125,137.1199951171875,50.290000915527344,352.79998779296875,369.1499938964844,285.6300048828125,57.45000076293945,196.9499969482422,85.68000030517578,53.939998626708984,51.54999923706055,156.52000427246094,150.5500030517578,8252200,26123900,2414200,1248900,18397200,31772100,10819600,16665200,6836400,9034700,7046200,4863900,2623000,69740400,13268500,9114500,2698700,1592700,10102300,9162400,33807600,161888000,36986700,2546800,13134400,19520600,5963000,10468200,10281900,9284400,2170700,12425000,48392100,56449300,16647900,20166000
2026-02-17,230.94406127929688,203.0800018310547,370.56170654296875,1416.6856689453125,331.8439025878906,52.44353103637695,59.73408126831055,113.24430847167969,107.14373779296875,178.91131591796875,43.81117248535156,118.82738494873047,911.2443237304688,46.18000030517578,242.04327392578125,305.5661926269531,1034.2696533203125,198.78134155273438,120.67617797851562,170.62306213378906,399.61212158203125,184.95999145507812,26.925548553466797,229.47718811035156,141.7200927734375,49.84000015258789,353.8819885253906,363.1766662597656,286.85986328125,57.57549285888672,196.40684509277344,86.90316009521484,53.401092529296875,51.93304443359375,156.7257080078125,145.20443725585938,232.86000061035156,203.0800018310547,373.3599853515625,1419.780029296875,332.5400085449219,52.7400016784668,60.349998474121094,113.77999877929688,108.77999877929688,180.5500030517578,44.040000915527344,119.75,916.0399780273438,46.18000030517578,243.3300018310547,307.1300048828125,1036.050048828125,200.5399932861328,121.56999969482422,171.5399932861328,399.7799987792969,184.97000122070312,27.3700008392334,231.24000549316406,142.6300048828125,49.84000015258789,354.1000061035156,364.20001220703125,289.0899963378906,58.16999816894531,197.33999633789062,87.4000015258789,53.75,52.20000076293945,157.3699951171875,146.19000244140625,235.25,205.3000030517578,374.7699890136719,1428.5,335.75,53.54999923706055,61.29999923706055,114.51000213623047,112.97000122070312,183.8000030517578,45.290000915527344,122.38999938964844,921.5499877929688,46.83000183105469,244.49000549316406,308.239990234375,1067.0,207.3000030517578,123.08000183105469,174.1999969482422,413.6600036621094,187.14999389648438,27.8700008392334,233.3300018310547,143.5,51.029998779296875,357.1000061035156,366.20001220703125,294.2300109863281,58.900001525878906,204.25,88.83999633789062,54.90999984741211,52.40999984741211,158.91000366210938,149.1300048828125,231.19000244140625,194.8300018310547,369.0,1382.75,316.30999755859375,52.619998931884766,59.47999954223633,111.98999786376953,107.87999725341797,178.74000549316406,43.45000076293945,117.79000091552734,905.6799926757812,45.459999084472656,241.8699951171875,302.5,1034.8800048828125,197.6300048828125,120.80000305175781,170.86000061035156,395.29998779296875,179.17999267578125,27.200000762939453,229.32000732421875,140.00999450683594,48.84000015258789,345.32000732421875,356.239990234375,288.3399963378906,57.959999084472656,195.77000427246094,87.30999755859375,53.18000030517578,51.81999969482422,157.1300048828125,145.14999389648438,232.66000366210938,202.14999389648438,370.8800048828125,1392.5699462890625,319.67999267578125,53.040000915527344,60.849998474121094,112.30000305175781,111.66000366210938,183.3000030517578,44.97999954223633,121.79000091552734,907.72998046875,45.93000030517578,244.1300048828125,302.760009765625,1045.6099853515625,204.75,122.36000061035156,172.5500030517578,400.95001220703125,181.75,27.84000015258789,229.32000732421875,141.0,50.619998931884766,349.80999755859375,361.8699951171875,294.0,58.27000045776367,201.35000610351562,87.83000183105469,54.560001373291016,51.81999969482422,158.02999877929688,148.1999969482422,7336400,33712100,2255400,1097200,23469700,35542400,12874400,12314600,7619400,9849000,9195000,5219100,2008500,65802200,12703000,8896800,2984600,2222300,9899800,6376900,28549500,162276900,32119900,2457300,10670700,24436100,4068900,10063800,6091700,7253200,2203800,12361900,50499600,54064700,14881100,19766600
2026-02-18,226.83811950683594,200.1199951171875,376.88397216796875,1465.5189208984375,332.8118591308594,53.06004333496094,59.12041091918945,115.72258758544922,109.70470428466797,182.20118713378906,44.20909118652344,121.32796478271484,928.8417358398438,45.459999084472656,243.6945037841797,307.2077941894531,1018.8062133789062,198.81124877929688,120.7655258178711,175.6460723876953,420.77325439453125,187.96981811523438,26.925548553466797,230.96575927734375,142.32620239257812,51.59000015258789,357.69964599609375,361.2420959472656,285.97674560546875,58.15946578979492,198.51683044433594,88.05656433105469,54.42440414428711,52.32105255126953,157.02447509765625,149.66415405273438,228.72000122070312,200.1199951171875,379.7300109863281,1468.719970703125,333.510009765625,53.36000061035156,59.72999954223633,116.2699966430664,110.5199966430664,183.8699951171875,44.439998626708984,122.2699966430664,933.72998046875,45.459999084472656,244.99000549316406,308.7799987792969,1020.5599975585938,199.57000732421875,121.66000366210938,176.58999633789062,420.95001220703125,187.97999572753906,27.3700008392334,232.74000549316406,143.24000549316406,51.59000015258789,357.9200134277344,362.260009765625,288.20001220703125,58.7599983215332,199.4600067138672,88.55999755859375,54.779998779296875,52.59000015258789,157.6699981689453,150.67999267578125,234.0,203.1999969482422,380.5799865722656,1476.5,337.8800048828125,53.61000061035156,60.40999984741211,117.04000091552734,110.80999755859375,183.9199981689453,45.31999969482422,122.62999725341797,947.7000122070312,46.77000045776367,245.07000732421875,312.2799987792969,1037.5400390625,202.0,121.80999755859375,177.30999755859375,427.8500061035156,190.3699951171875,27.479999542236328,235.3000030517578,144.47999572753906,51.63999938964844,361.6700134277344,369.3900146484375,290.1300048828125,59.040000915527344,200.44000244140625,89.4000015258789,54.86000061035156,52.779998779296875,157.8000030517578,150.97999572753906,226.07000732421875,195.0,370.44000244140625,1427.3800048828125,327.2300109863281,52.790000915527344,59.38999938964844,114.97000122070312,108.83999633789062,181.97999572753906,43.54999923706055,120.25,919.97998046875,44.880001068115234,242.82000732421875,307.2200012207031,1011.3099975585938,198.38999938964844,120.38999938964844,173.4499969482422,394.6000061035156,186.75999450683594,27.209999084472656,231.4600067138672,140.72000122070312,50.5099983215332,353.6000061035156,360.7099914550781,286.2900085449219,58.09000015258789,196.99000549316406,87.6500015258789,54.220001220703125,52.279998779296875,156.47999572753906,147.61000061035156,234.0,198.41000366210938,373.5,1436.469970703125,329.5199890136719,52.9900016784668,60.22999954223633,115.04000091552734,109.91999816894531,183.22999572753906,44.5,121.63999938964844,921.5800170898438,45.91999816894531,243.24000549316406,308.4599914550781,1032.3599853515625,201.39999389648438,121.25,173.49000549316406,399.5,188.75,27.440000534057617,231.86000061035156,143.5,50.810001373291016,355.82000732421875,363.8599853515625,290.0,58.18000030517578,199.5500030517578,87.81999969482422,54.529998779296875,52.349998474121094,157.1999969482422,148.14999389648438,5495100,35664100,2731900,1334400,13565300,30698900,9436800,11678900,9456200,10313400,14979200,5583200,1864900,65306100,8129700,7209600,3236900,1561600,7803400,6343300,32306600,164749100,24779800,2362600,9944500,16436400,5681200,7310500,6632000,7355400,2052200,8250900,59196100,45224000,11886300,19849700
2026-02-19,222.5040740966797,203.3699951171875,372.6856689453125,1455.7503662109375,333.29083251953125,52.47336196899414,59.684593200683594,115.0059814453125,110.76681518554688,183.10292053222656,44.42795181274414,122.9156494140625,911.8511962890625,44.619998931884766,245.60433959960938,306.48150634765625,1021.4616088867188,195.7230224609375,120.96405029296875,173.4379425048828,417.17474365234375,187.88983154296875,26.423830032348633,228.5443572998047,140.3687744140625,51.540000915527344,355.62091064453125,359.3773498535156,287.6933898925781,57.29835891723633,198.29786682128906,87.07218933105469,54.82181167602539,51.88330078125,156.61614990234375,149.95220947265625,224.35000610351562,203.3699951171875,375.5,1458.9300537109375,333.989990234375,52.77000045776367,60.29999923706055,115.55000305175781,111.58999633789062,184.77999877929688,44.65999984741211,123.87000274658203,916.6500244140625,44.619998931884766,246.91000366210938,308.04998779296875,1023.219970703125,196.47000122070312,121.86000061035156,174.3699951171875,417.3500061035156,187.89999389648438,26.860000610351562,230.3000030517578,141.27000427246094,51.540000915527344,355.8399963378906,360.3900146484375,289.92999267578125,57.88999938964844,199.24000549316406,87.56999969482422,55.18000030517578,52.150001525878906,157.25999450683594,150.97000122070312,229.3699951171875,204.10000610351562,379.92999267578125,1459.7900390625,338.44000244140625,52.810001373291016,60.36000061035156,115.91000366210938,113.80000305175781,187.89999389648438,46.150001525878906,126.19999694824219,929.6599731445312,45.16999816894531,246.9600067138672,309.17999267578125,1025.22998046875,201.97999572753906,122.5999984741211,176.27999877929688,420.32000732421875,188.42999267578125,27.399999618530273,232.66000366210938,142.32000732421875,52.2400016784668,356.32000732421875,362.79998779296875,290.8900146484375,58.470001220703125,201.22999572753906,88.16000366210938,55.880001068115234,52.380001068115234,157.72000122070312,153.3800048828125,223.02000427246094,198.2899932861328,374.1300048828125,1427.5799560546875,329.67999267578125,51.83000183105469,59.22999954223633,114.18000030517578,111.06999969482422,184.74000549316406,44.33000183105469,122.9800033569336,906.489990234375,43.91999816894531,244.27000427246094,305.1199951171875,1007.0,196.30999755859375,120.5,172.52999877929688,407.739990234375,185.66000366210938,26.579999923706055,227.8800048828125,139.89999389648438,51.290000915527344,351.7699890136719,357.44000244140625,286.8900146484375,57.40999984741211,196.60000610351562,86.5999984741211,54.93000030517578,51.7400016784668,156.19000244140625,150.83999633789062,228.97000122070312,200.11000061035156,377.9100036621094,1439.0400390625,333.010009765625,51.90999984741211,59.849998474121094,114.98999786376953,112.0,185.2899932861328,44.880001068115234,123.5,925.0,44.95000076293945,244.6199951171875,307.1700134277344,1010.8200073242188,200.5399932861328,121.4000015258789,175.16000366210938,415.80999755859375,187.05999755859375,27.3700008392334,230.9499969482422,141.8800048828125,51.7599983215332,354.17999267578125,359.7200012207031,290.8900146484375,58.209999084472656,200.39999389648438,87.83999633789062,55.459999084472656,52.13999938964844,157.1999969482422,152.1999969482422,5410800,25842300,2427000,1135200,15180900,47148600,13325200,8085300,8851700,10773300,12672500,5672300,1974200,72724900,7553900,6737700,2145800,2013300,8933300,7259500,21651300,126554500,40316800,1447200,8219400,14326700,5576400,6346500,4931800,6915000,2187600,10427300,62513500,47344400,11226900,20305000
2026-02-20,222.9602813720703,200.14999389648438,371.9412841796875,1466.3870849609375,331.9536437988281,52.7617301940918,60.04092025756836,115.453857421875,109.71463775634766,182.26063537597656,44.15935134887695,122.13172912597656,917.411865234375,44.11000061035156,241.2077178955078,309.20758056640625,1007.7852172851562,196.0119171142578,121.36111450195312,174.47238159179688,427.9902038574219,189.8097381591797,26.217239379882812,231.19400024414062,141.968505859375,50.849998474121094,359.20867919921875,369.49884033203125,287.7628479003906,58.060489654541016,199.8106689453125,88.19576263427734,54.52375793457031,52.22156524658203,156.17796325683594,146.28707885742188,224.80999755859375,200.14999389648438,374.75,1469.5899658203125,332.6499938964844,53.060001373291016,60.65999984741211,116.0,110.52999877929688,183.92999267578125,44.38999938964844,123.08000183105469,922.239990234375,44.11000061035156,242.49000549316406,310.7900085449219,1009.52001953125,196.75999450683594,122.26000213623047,175.41000366210938,428.1700134277344,189.82000732421875,26.649999618530273,232.97000122070312,142.8800048828125,50.849998474121094,359.42999267578125,370.5400085449219,290.0,58.65999984741211,200.75999450683594,88.69999694824219,54.880001068115234,52.4900016784668,156.82000732421875,147.27999877929688,226.69000244140625,204.8699951171875,377.0,1487.010009765625,340.1099853515625,53.09000015258789,60.93000030517578,116.12999725341797,111.44000244140625,184.88999938964844,44.709999084472656,124.0,922.3699951171875,44.38999938964844,246.8800048828125,311.0,1028.6500244140625,198.4499969482422,122.69999694824219,175.42999267578125,430.57000732421875,190.3300018310547,26.780000686645508,233.0800018310547,144.07000732421875,51.689998626708984,361.3299865722656,372.20001220703125,290.79998779296875,58.68000030517578,201.7899932861328,88.70999908447266,55.290000915527344,52.5,157.25,150.80999755859375,223.11000061035156,198.55999755859375,371.3900146484375,1448.3199462890625,329.5799865722656,51.83000183105469,59.650001525878906,113.83999633789062,109.58000183105469,182.32000732421875,43.849998474121094,122.01000213623047,900.5700073242188,42.880001068115234,240.27999877929688,305.67999267578125,1002.4600219726562,194.5800018310547,120.5999984741211,171.55999755859375,415.1499938964844,185.94000244140625,26.360000610351562,228.0500030517578,140.10000610351562,50.47999954223633,352.79998779296875,359.1000061035156,285.54998779296875,57.27000045776367,198.0,86.13999938964844,54.5099983215332,51.720001220703125,155.8699951171875,146.4600067138672,225.0399932861328,200.1199951171875,372.010009765625,1449.4200439453125,332.3599853515625,52.529998779296875,60.619998931884766,115.26000213623047,111.22000122070312,184.58999633789062,44.34000015258789,123.5999984741211,912.5499877929688,43.88999938964844,246.47000122070312,308.3999938964844,1023.8599853515625,195.94000244140625,122.63999938964844,173.4499969482422,415.17999267578125,186.57000732421875,26.709999084472656,230.5399932861328,140.30999755859375,51.43000030517578,353.5899963378906,359.7799987792969,288.8999938964844,57.79999923706055,198.5399932861328,87.36000061035156,55.0,52.040000915527344,157.0,150.49000549316406,6830300,36317300,2911700,1102500,17658900,33552000,9598800,12986800,6822800,9566200,14057600,6052400,2009100,90743600,13565800,7792700,3249400,1714000,9442500,4272600,29894900,178422300,44786900,1857500,10265100,12717500,6013600,9009200,6974100,8805700,1979000,14255000,50833500,52934100,13368500,25908600
2026-02-23,227.59185791015625,196.60000610351562,376.5763244628906,1482.7513427734375,329.64849853515625,50.78291702270508,60.62489700317383,110.22857666015625,109.06942749023438,183.23175048828125,43.443092346191406,121.36766052246094,887.6386108398438,43.630001068115234,244.5399932861328,296.1543884277344,1056.740966796875,192.08689880371094,122.90963745117188,165.90841674804688,420.7932434082031,191.53964233398438,26.620580673217773,219.08700561523438,139.51426696777344,51.2400016784668,356.6003112792969,369.000244140625,280.16192626953125,55.23961639404297,196.45660400390625,84.66595458984375,54.79200744628906,50.47056198120117,157.8909149169922,149.74362182617188,229.47999572753906,196.60000610351562,379.4200134277344,1485.989990234375,330.3399963378906,51.06999969482422,61.25,110.75,109.87999725341797,184.91000366210938,43.66999816894531,122.30999755859375,892.3099975585938,43.630001068115234,245.83999633789062,297.6700134277344,1058.56005859375,192.82000732421875,123.81999969482422,166.8000030517578,420.9700012207031,191.5500030517578,27.059999465942383,220.77000427246094,140.41000366210938,51.2400016784668,356.82000732421875,370.0400085449219,282.3399963378906,55.810001373291016,197.38999938964844,85.1500015258789,55.150001525878906,50.72999954223633,158.5399932861328,150.75999450683594,231.42999267578125,199.3800048828125,381.7799987792969,1493.010009765625,338.5,53.2599983215332,61.439998626708984,116.91000366210938,111.91000366210938,186.6300048828125,44.959999084472656,124.73999786376953,932.0,44.54999923706055,246.80999755859375,311.0,1064.449951171875,199.75,124.19000244140625,175.6199951171875,431.70001220703125,193.9499969482422,27.110000610351562,233.5500030517578,144.05999755859375,51.689998626708984,360.3800048828125,373.42999267578125,291.7699890136719,58.869998931884766,204.25999450683594,88.5999984741211,55.93000030517578,52.470001220703125,158.67999267578125,151.27000427246094,225.7899932861328,194.14999389648438,374.739990234375,1462.0,325.32000732421875,50.88999938964844,60.63999938964844,108.86000061035156,109.68000030517578,184.0500030517578,43.540000915527344,121.44000244140625,883.75,43.18000030517578,242.60000610351562,295.1000061035156,1034.0,190.44000244140625,121.5,166.61000061035156,415.29998779296875,189.5800018310547,26.5,219.30999755859375,139.63999938964844,50.060001373291016,352.8500061035156,366.4599914550781,281.6700134277344,55.529998779296875,195.6999969482422,83.77999877929688,54.869998931884766,50.63999938964844,157.1300048828125,148.1300048828125,225.82000732421875,198.08999633789062,375.260009765625,1471.4000244140625,332.25,52.84000015258789,60.970001220703125,115.33999633789062,110.69999694824219,184.6699981689453,44.400001525878906,123.55000305175781,918.5,44.09000015258789,243.6300048828125,308.79998779296875,1047.02001953125,196.3300018310547,122.30999755859375,173.9600067138672,422.30999755859375,191.39999389648438,26.559999465942383,232.1699981689453,141.97000122070312,50.90999984741211,357.57000732421875,367.010009765625,288.54998779296875,58.630001068115234,200.6300048828125,88.16999816894531,55.040000915527344,52.189998626708984,157.1300048828125,148.14999389648438,5463200,28187900,2951400,1284200,16472400,50602500,11029100,17996400,4871900,7047200,8751100,3854100,2535900,57130900,9622700,12955400,4767600,2214100,9661100,7795500,25426600,171584800,34166100,2286900,8260100,11727900,6339800,9550200,7247500,9705000,2016200,20607000,44013500,94600400,17053500,16073100
2026-02-24,226.5604248046875,213.83999633789062,380.00042724609375,1494.53564453125,324.8086242675781,50.126625061035156,60.9713249206543,109.04417419433594,109.7741928100586,183.6578369140625,43.055118560791016,122.7469482421875,897.5464477539062,46.119998931884766,246.27999877929688,295.7862243652344,1040.359130859375,194.54750061035156,123.01882934570312,167.88775634765625,417.83447265625,192.83956909179688,26.699281692504883,216.24880981445312,143.85638427734375,51.849998474121094,361.8171081542969,384.66607666015625,271.836669921875,54.467586517333984,198.38743591308594,84.08924865722656,54.74232864379883,50.71928405761719,157.22366333007812,148.25372314453125,228.44000244140625,213.83999633789062,382.8699951171875,1497.800048828125,325.489990234375,50.40999984741211,61.599998474121094,109.55999755859375,110.58999633789062,185.33999633789062,43.279998779296875,123.69999694824219,902.27001953125,46.119998931884766,246.27999877929688,297.29998779296875,1042.1500244140625,195.2899932861328,123.93000030517578,168.7899932861328,418.010009765625,192.85000610351562,27.139999389648438,217.91000366210938,144.77999877929688,51.849998474121094,362.0400085449219,385.75,273.95001220703125,55.029998779296875,199.3300018310547,84.56999969482422,55.099998474121094,50.97999954223633,157.8699951171875,149.25999450683594,230.75999450683594,216.7100067138672,383.20001220703125,1507.3499755859375,328.30999755859375,50.880001068115234,61.90999984741211,111.4000015258789,110.9000015258789,185.9600067138672,43.84000015258789,124.16000366210938,911.77001953125,46.599998474121094,247.25,299.75,1058.9000244140625,195.3300018310547,124.83999633789062,170.32000732421875,436.2699890136719,193.77000427246094,27.420000076293945,220.57000732421875,146.3699951171875,52.33000183105469,364.739990234375,389.17999267578125,282.3999938964844,55.81999969482422,199.5,85.19000244140625,55.220001220703125,51.18000030517578,158.5,150.72000122070312,227.6699981689453,206.5,378.82000732421875,1473.9300537109375,314.45001220703125,49.470001220703125,61.0099983215332,107.5,108.4000015258789,183.85000610351562,42.720001220703125,121.16000366210938,881.6500244140625,43.540000915527344,244.5399932861328,291.3800048828125,1024.0799560546875,190.83999633789062,122.62999725341797,164.11000061035156,411.2799987792969,187.39999389648438,27.079999923706055,216.22999572753906,142.05999755859375,51.209999084472656,358.0400085449219,376.04998779296875,271.79998779296875,54.54999923706055,194.5800018310547,82.47000122070312,54.400001525878906,50.2400016784668,157.30999755859375,148.02999877929688,229.0,211.6300048828125,380.0199890136719,1500.02001953125,322.5400085449219,50.7400016784668,61.11000061035156,109.44999694824219,110.23999786376953,185.2899932861328,43.83000183105469,122.94999694824219,885.4400024414062,44.099998474121094,245.35000610351562,296.82000732421875,1042.949951171875,191.30999755859375,123.41000366210938,165.47000122070312,429.2200012207031,191.49000549316406,27.139999389648438,219.27999877929688,142.55999755859375,51.470001220703125,361.6000061035156,379.3999938964844,282.20001220703125,55.369998931884766,197.41000366210938,84.4000015258789,55.11000061035156,50.45000076293945,158.00999450683594,150.4199981689453,4880800,81367000,2454700,1538900,23614400,53062700,13237900,14981000,5152200,7451800,9065300,6264000,1971500,98872300,7246300,13554100,2803100,1938200,8460300,7413800,33389200,175123600,34686100,2579800,11085700,12787500,6206000,13269500,9684500,9373600,1896700,18817700,42921700,64114100,12887100,14185500
2026-02-25,225.0529327392578,210.86000061035156,381.4494934082031,1523.18310546875,331.6143798828125,51.39942932128906,60.67438888549805,113.80167388916016,109.19847869873047,182.54800415039062,42.3985481262207,121.55619812011719,916.556396484375,46.880001068115234,245.1699981689453,301.75567626953125,1027.06201171875,195.0256805419922,121.55963897705078,172.80136108398438,428.8198547363281,195.54940795898438,26.650094985961914,220.25799560546875,144.88975524902344,51.65999984741211,367.7734069824219,386.6405334472656,282.0075988769531,55.4771614074707,198.6959686279297,86.26679992675781,54.51382064819336,51.604732513427734,157.18382263183594,148.05508422851562,226.9199981689453,210.86000061035156,384.3299865722656,1526.510009765625,332.30999755859375,51.689998626708984,61.29999923706055,114.33999633789062,110.01000213623047,184.22000122070312,42.619998931884766,122.5,921.3800048828125,46.880001068115234,245.1699981689453,303.29998779296875,1028.8299560546875,195.77000427246094,122.45999908447266,173.72999572753906,429.0,195.55999755859375,27.09000015258789,221.9499969482422,145.82000732421875,51.65999984741211,368.0,387.7300109863281,284.20001220703125,56.04999923706055,199.63999938964844,86.76000213623047,54.869998931884766,51.869998931884766,157.8300018310547,149.05999755859375,232.5500030517578,216.6999969482422,387.489990234375,1547.219970703125,335.9100036621094,51.77000045776367,62.119998931884766,114.51000213623047,111.52999877929688,185.97999572753906,43.5,125.23999786376953,922.510009765625,46.970001220703125,247.25,303.6600036621094,1053.6300048828125,197.5,125.13999938964844,174.0399932861328,436.8900146484375,197.6300048828125,27.290000915527344,222.5,146.02999877929688,52.15999984741211,368.82000732421875,390.2099914550781,284.739990234375,56.150001525878906,200.67999267578125,86.91999816894531,55.369998931884766,51.88999938964844,159.22999572753906,150.17999267578125,226.47999572753906,210.3300018310547,380.5400085449219,1516.47998046875,329.2799987792969,50.310001373291016,60.90999984741211,110.83000183105469,108.66000366210938,182.50999450683594,42.22999954223633,120.69999694824219,907.52001953125,45.08000183105469,243.72000122070312,297.010009765625,1027.0,192.24000549316406,122.26000213623047,169.64999389648438,423.0,193.7899932861328,26.729999542236328,219.08999633789062,144.02000427246094,50.810001373291016,365.510009765625,384.8299865722656,276.8699951171875,55.189998626708984,195.3699951171875,84.97000122070312,54.189998626708984,51.16999816894531,157.6199951171875,147.3300018310547,229.7100067138672,214.82000732421875,381.5,1522.4000244140625,330.739990234375,50.33000183105469,61.5,111.31999969482422,110.98999786376953,185.83999633789062,43.45000076293945,125.23999786376953,914.719970703125,46.09000015258789,244.86000061035156,298.6400146484375,1036.5799560546875,196.0,124.01000213623047,170.6999969482422,426.5,194.4499969482422,27.059999465942383,219.49000549316406,145.60000610351562,52.0,366.20001220703125,390.2099914550781,277.2900085449219,55.529998779296875,200.47000122070312,85.19000244140625,55.29999923706055,51.2400016784668,157.8699951171875,149.91000366210938,5410900,44588100,2459500,1306900,20182300,41375000,16234100,13649100,6907000,9440700,6757700,7378300,1763600,75645300,7698200,8095500,2481900,1886400,11082500,7098500,27296300,250637100,32680300,2025000,7358300,11308900,4539900,10948400,11380600,8646500,2260800,16620700,36207500,47652800,11011500,15225700
2026-02-26,222.84127807617188,203.67999267578125,376.4869689941406,1460.6097412109375,321.0265808105469,52.00600051879883,60.4764289855957,115.6429672241211,109.88337707519531,182.48855590820312,42.4383430480957,120.1967544555664,924.136474609375,45.459999084472656,243.47000122070312,304.5712890625,1020.2637329101562,200.3055419921875,118.4228744506836,176.54127502441406,415.385498046875,184.87998962402344,26.659931182861328,221.1213836669922,144.6612091064453,51.4900016784668,356.5802917480469,375.751220703125,284.4486083984375,56.6747932434082,202.8263397216797,85.80941772460938,54.69265365600586,52.231510162353516,156.77549743652344,147.53857421875,224.69000244140625,203.67999267578125,379.3299865722656,1463.800048828125,321.70001220703125,52.29999923706055,61.099998474121094,116.19000244140625,110.69999694824219,184.16000366210938,42.65999984741211,121.12999725341797,929.0,45.459999084472656,243.47000122070312,306.1300048828125,1022.02001953125,201.07000732421875,119.30000305175781,177.49000549316406,415.55999755859375,184.88999938964844,27.100000381469727,222.82000732421875,145.58999633789062,51.4900016784668,356.79998779296875,376.80999755859375,286.6600036621094,57.2599983215332,203.7899932861328,86.30000305175781,55.04999923706055,52.5,157.4199981689453,148.5399932861328,227.77999877929688,209.7899932861328,385.1400146484375,1514.3299560546875,326.5799865722656,52.66999816894531,61.599998474121094,117.0,111.69000244140625,186.25999450683594,43.31999969482422,123.69000244140625,938.3900146484375,46.95000076293945,245.47000122070312,309.010009765625,1026.9200439453125,202.83999633789062,122.5,177.8300018310547,434.0,194.2899932861328,27.270000457763672,227.0,146.94000244140625,52.189998626708984,366.4800109863281,386.4700012207031,295.260009765625,58.099998474121094,205.99000549316406,88.31999969482422,55.66999816894531,52.65999984741211,158.1699981689453,150.9600067138672,221.1300048828125,201.4600067138672,374.25,1426.5899658203125,307.92999267578125,51.7400016784668,60.650001525878906,114.45999908447266,108.11000061035156,181.75999450683594,41.7400016784668,119.30999755859375,921.5399780273438,44.38999938964844,242.02000427246094,303.6400146484375,1007.3800048828125,193.4199981689453,119.0,174.4499969482422,401.9599914550781,184.32000732421875,26.8700008392334,221.13999938964844,144.52000427246094,50.59000015258789,350.4100036621094,369.70001220703125,285.2300109863281,56.459999084472656,196.8800048828125,85.58000183105469,54.119998931884766,51.97999954223633,156.08999633789062,146.77000427246094,227.58999633789062,208.8000030517578,385.1400146484375,1512.8199462890625,326.5,51.880001068115234,61.529998779296875,114.69999694824219,109.16999816894531,182.89999389648438,42.150001525878906,121.0199966430664,927.760009765625,46.77000045776367,245.11000061035156,304.5799865722656,1024.0799560546875,194.2100067138672,122.4000015258789,174.8800048828125,424.8399963378906,194.27000427246094,27.260000228881836,223.19000244140625,145.9199981689453,51.310001373291016,366.3800048828125,386.17999267578125,286.9800109863281,56.810001373291016,198.0,86.88999938964844,54.369998931884766,52.06999969482422,158.07000732421875,147.80999755859375,5331300,35020500,2589400,2177900,33025300,52418500,10672100,14759400,7205800,7133800,8897200,5120000,2220300,71457500,7172600,7007800,2666400,2021200,10327300,6901600,35433500,360807900,30508300,2653200,8642100,12141300,13329100,14535700,10210000,10932100,2343000,18768400,47033500,60884300,15344400,15632100
2026-02-27,230.17047119140625,200.2100067138672,385.25079345703125,1447.398681640625,318.8810729980469,49.549888610839844,61.73346710205078,109.67121887207031,112.6230239868164,185.06495666503906,43.3038215637207,123.12403106689453,855.0700073242188,45.61000061035156,248.42999267578125,298.7709655761719,1050.18212890625,197.45640563964844,122.90963745117188,165.6199493408203,412.19683837890625,177.180419921875,27.201000213623047,210.731201171875,141.45181274414062,51.34000015258789,352.0730895996094,373.5274658203125,291.0075988769531,54.10136795043945,203.6723175048828,80.98697662353516,55.557003021240234,51.16698455810547,159.5441131591797,151.47189331054688,232.0800018310547,200.2100067138672,388.1600036621094,1450.56005859375,319.54998779296875,49.83000183105469,62.369998931884766,110.19000244140625,113.45999908447266,186.75999450683594,43.529998779296875,124.08000183105469,859.5700073242188,45.61000061035156,248.42999267578125,300.29998779296875,1051.989990234375,198.2100067138672,123.81999969482422,166.50999450683594,412.3699951171875,177.19000244140625,27.649999618530273,212.35000610351562,142.36000061035156,51.34000015258789,352.2900085449219,374.5799865722656,293.2699890136719,54.65999984741211,204.63999938964844,81.44999694824219,55.91999816894531,51.43000030517578,160.1999969482422,152.5,232.27000427246094,201.88999938964844,390.1400146484375,1461.719970703125,320.0,51.40999984741211,62.68000030517578,113.18000030517578,113.79000091552734,187.5500030517578,43.790000915527344,124.31999969482422,916.25,46.560001373291016,248.94000244140625,302.95001220703125,1053.0,200.00999450683594,124.0,174.1300048828125,417.9599914550781,182.58999633789062,27.670000076293945,220.5,143.91000366210938,52.0,354.0299987792969,376.67999267578125,294.1300048828125,56.5,205.02999877929688,84.81999969482422,56.150001525878906,52.060001373291016,160.24000549316406,153.64999389648438,225.05999755859375,197.74000549316406,378.75,1424.5,310.0,49.31999969482422,61.18000030517578,108.66000366210938,111.05999755859375,183.77000427246094,42.70000076293945,120.4800033569336,854.1500244140625,44.400001525878906,242.5,294.45001220703125,1017.3599853515625,190.32000732421875,119.68000030517578,164.39999389648438,401.17999267578125,176.3800048828125,27.09000015258789,210.35000610351562,141.35000610351562,50.83000183105469,348.3399963378906,368.6199951171875,283.8500061035156,54.09000015258789,199.10000610351562,80.44999694824219,54.93000030517578,51.0099983215332,156.7100067138672,149.25,225.10000610351562,200.11000061035156,379.2900085449219,1430.3399658203125,310.70001220703125,51.08000183105469,61.18000030517578,113.18000030517578,112.4000015258789,186.0,43.310001373291016,122.51000213623047,912.0,44.459999084472656,244.02999877929688,300.0,1019.1699829101562,200.0,119.68000030517578,174.0,401.80999755859375,181.25,27.15999984741211,219.9600067138672,142.86000061035156,51.599998474121094,349.6000061035156,370.1400146484375,284.70001220703125,56.209999084472656,203.9600067138672,84.66999816894531,55.63999938964844,51.880001068115234,156.74000549316406,151.0,8018100,31312400,3441000,1358300,28004200,77728700,20742600,29106900,9009900,12035500,9521400,6899700,5552300,79327200,16428600,18620800,4325900,4760400,17636400,12400400,28653900,311636500,41879700,3569400,12439900,16691400,6250200,9186600,9723300,13058400,2993500,29145000,59071500,81998700,14250100,30275100
2026-03-02,232.33253479003906,198.6199951171875,382.8092346191406,1420.4375,318.1526184082031,49.53000259399414,61.703773498535156,110.92527770996094,117.36775970458984,187.87918090820312,44.71644592285156,127.6588134765625,861.7000122070312,45.5,248.55999755859375,296.044921875,1016.2206420898438,209.02227783203125,120.51736450195312,166.10733032226562,412.4967346191406,182.47012329101562,26.817333221435547,212.5968475341797,140.1302947998047,51.27000045776367,351.8332214355469,368.07281494140625,292.6548156738281,54.071678161621094,213.89376831054688,82.11056518554688,56.66973876953125,51.03764724731445,157.88095092773438,153.1802978515625,234.25999450683594,198.6199951171875,385.70001220703125,1423.5400390625,318.82000732421875,49.810001373291016,62.34000015258789,111.44999694824219,118.23999786376953,189.60000610351562,44.95000076293945,128.64999389648438,861.7000122070312,45.5,248.55999755859375,297.55999755859375,1017.969970703125,209.82000732421875,121.41000366210938,167.0,412.6700134277344,182.47999572753906,27.260000228881836,214.22999572753906,141.02999877929688,51.27000045776367,352.04998779296875,369.1099853515625,294.92999267578125,54.630001068115234,214.91000366210938,82.58000183105469,57.040000915527344,51.29999923706055,158.52999877929688,154.22000122070312,235.66000366210938,198.74000549316406,391.2900085449219,1442.68994140625,320.0400085449219,50.41999816894531,62.88999938964844,111.88999938964844,119.30000305175781,191.44000244140625,45.560001373291016,128.8300018310547,873.6300048828125,45.810001373291016,251.7100067138672,299.9800109863281,1056.199951171875,210.4199981689453,123.69999694824219,169.60000610351562,417.6099853515625,183.4600067138672,27.610000610351562,215.02000427246094,142.00999450683594,52.45000076293945,352.3299865722656,373.1000061035156,295.30999755859375,55.27000045776367,216.17999267578125,83.06999969482422,57.880001068115234,51.630001068115234,159.83999633789062,159.61000061035156,231.89999389648438,190.0,381.8900146484375,1411.2099609375,307.20001220703125,48.58000183105469,61.97999954223633,106.19999694824219,115.72000122070312,187.22000122070312,43.81999969482422,124.16999816894531,836.0,43.95000076293945,246.8699951171875,293.2099914550781,1013.0,202.1699981689453,121.04000091552734,162.14999389648438,397.0,174.63999938964844,27.170000076293945,205.88999938964844,136.88999938964844,49.439998626708984,343.3399963378906,364.6499938964844,287.5,53.25,207.49000549316406,78.94000244140625,56.27000045776367,50.459999084472656,157.99000549316406,153.02999877929688,233.66000366210938,193.85000610351562,388.0,1417.75,309.3599853515625,48.779998779296875,62.369998931884766,106.26000213623047,119.27999877929688,190.3300018310547,45.560001373291016,126.58000183105469,840.0,44.20000076293945,249.19000244140625,294.80999755859375,1044.6199951171875,203.92999267578125,123.51000213623047,162.63999938964844,401.4700012207031,175.00999450683594,27.56999969482422,207.6300048828125,137.8300018310547,52.45000076293945,343.7900085449219,365.3599853515625,288.1600036621094,53.650001525878906,214.99000549316406,79.1500015258789,57.77000045776367,50.61000061035156,159.19000244140625,159.35000610351562,7438800,34120200,2837900,1492400,20567200,40595200,17627500,18976600,19667900,15809100,16801900,9087200,2873200,60705100,9042400,8508900,3094300,3771800,11564500,9212600,30049200,209095300,41321700,5080200,8963900,20431300,7284000,12571600,8141400,8980500,5489300,21834300,135633300,70107200,18641400,31493100
2026-03-03,231.93582153320312,190.9499969482422,374.1744384765625,1357.973876953125,313.18304443359375,49.68910217285156,60.59520721435547,110.23853302001953,117.64569091796875,187.0567169189453,43.77138137817383,127.02374267578125,862.5800170898438,43.099998474121094,246.75,298.7311706542969,1005.9982299804688,211.17404174804688,118.948974609375,165.0629425048828,379.52056884765625,180.04025268554688,26.14837646484375,211.4258575439453,137.24880981445312,48.58000183105469,334.5738830566406,352.13775634765625,286.97894287109375,53.43821716308594,216.68052673339844,82.06084442138672,56.15311050415039,50.9481086730957,156.09829711914062,150.80641174316406,233.86000061035156,190.9499969482422,377.0,1360.93994140625,313.8399963378906,49.970001220703125,61.220001220703125,110.76000213623047,118.5199966430664,188.77000427246094,44.0,128.00999450683594,862.5800170898438,43.099998474121094,246.75,300.260009765625,1007.72998046875,211.97999572753906,119.83000183105469,165.9499969482422,379.67999267578125,180.0500030517578,26.579999923706055,213.0500030517578,138.1300048828125,48.58000183105469,334.7799987792969,353.1300048828125,289.2099914550781,53.9900016784668,217.7100067138672,82.52999877929688,56.52000045776367,51.209999084472656,156.74000549316406,151.8300018310547,235.7100067138672,193.63999938964844,381.739990234375,1373.5,315.8800048828125,50.5099983215332,61.95000076293945,112.37999725341797,122.5,191.55999755859375,45.470001220703125,131.32000732421875,868.3400268554688,43.689998626708984,247.8800048828125,302.3900146484375,1020.010009765625,215.57000732421875,120.97000122070312,167.32000732421875,390.0899963378906,180.89999389648438,26.950000762939453,216.1300048828125,139.1999969482422,50.79999923706055,339.30999755859375,355.9800109863281,293.739990234375,54.689998626708984,221.9499969482422,83.48999786376953,57.720001220703125,51.54999923706055,157.38999938964844,156.0500030517578,230.24000549316406,188.22000122070312,372.7099914550781,1329.030029296875,307.3999938964844,48.5,60.43000030517578,106.75,117.30000305175781,187.4199981689453,43.619998931884766,126.88999938964844,824.6400146484375,42.13999938964844,244.36000061035156,289.5,995.0700073242188,206.0500030517578,118.61000061035156,159.9499969482422,374.54998779296875,176.9199981689453,26.350000381469727,208.47999572753906,136.3000030517578,48.18000030517578,330.8900146484375,344.1400146484375,284.3599853515625,52.91999816894531,210.75999450683594,79.8499984741211,56.04999923706055,50.08000183105469,155.0,150.3000030517578,233.36000061035156,191.4600067138672,377.9700012207031,1357.5799560546875,313.0,48.7599983215332,61.56999969482422,107.43000030517578,120.8499984741211,190.52000427246094,45.25,130.0,836.0,43.439998626708984,246.4600067138672,292.2900085449219,1015.0,213.6699981689453,119.66999816894531,162.4600067138672,386.54998779296875,178.49000549316406,26.719999313354492,209.1199951171875,138.27000427246094,50.27000045776367,338.0899963378906,349.54998779296875,288.989990234375,53.189998626708984,218.99000549316406,81.0,57.38999938964844,50.290000915527344,156.66000366210938,155.42999267578125,6595700,37785700,2710400,2012500,20826200,51242900,12425300,15813300,17354700,14004200,16514700,8149200,3782100,83971000,6178700,10278200,2846000,2759400,9334100,7495500,39010900,178099400,41486100,2476500,10372400,22659800,17946100,18580200,7051100,11508900,5393700,19018600,154770800,94738700,21432600,25198900
2026-03-04,234.2466583251953,202.07000732421875,376.4273986816406,1396.3201904296875,316.86529541015625,50.017242431640625,61.693878173828125,110.79589080810547,114.79686737060547,184.34158325195312,43.26403045654297,126.83521270751953,867.25,45.58000183105469,245.3000030517578,297.8656311035156,1001.8453979492188,219.93063354492188,119.39566802978516,166.68423461914062,400.6016845703125,183.03009033203125,26.187726974487305,212.22967529296875,138.6199951171875,47.88999938964844,341.3297119140625,356.4356384277344,289.70770263671875,53.784637451171875,224.53321838378906,83.45288848876953,55.825252532958984,51.23662567138672,156.4070281982422,148.80996704101562,236.19000244140625,202.07000732421875,379.2699890136719,1399.3699951171875,317.5299987792969,50.29999923706055,62.33000183105469,111.31999969482422,115.6500015258789,186.02999877929688,43.4900016784668,127.81999969482422,867.25,45.58000183105469,245.3000030517578,299.3900146484375,1003.5700073242188,220.77000427246094,120.27999877929688,167.5800018310547,400.7699890136719,183.0399932861328,26.6200008392334,213.86000061035156,139.50999450683594,47.88999938964844,341.5400085449219,357.44000244140625,291.9599914550781,54.34000015258789,225.60000610351562,83.93000030517578,56.189998626708984,51.5,157.0500030517578,149.82000732421875,237.11000061035156,202.44000244140625,380.0899963378906,1405.550048828125,322.6400146484375,50.40999984741211,62.59000015258789,112.33000183105469,117.44000244140625,188.4600067138672,43.97999954223633,128.05999755859375,878.7999877929688,46.130001068115234,246.57000732421875,301.0,1015.6599731445312,222.0500030517578,120.87000274658203,169.1999969482422,407.8800048828125,184.6999969482422,26.780000686645508,215.10000610351562,139.88999938964844,49.380001068115234,343.80999755859375,361.0899963378906,294.3399963378906,54.56999969482422,225.9600067138672,84.04000091552734,56.43000030517578,51.650001525878906,157.5800018310547,151.16000366210938,232.0800018310547,189.86000061035156,370.82000732421875,1372.7099609375,311.739990234375,49.209999084472656,61.470001220703125,110.48999786376953,114.43000030517578,184.14999389648438,42.70000076293945,124.19999694824219,860.0,43.27000045776367,243.17999267578125,295.82000732421875,993.6599731445312,212.0,117.86000061035156,166.52000427246094,387.6099853515625,180.05999755859375,26.350000381469727,212.25999450683594,137.4199981689453,47.47999954223633,336.7900085449219,354.54998779296875,287.67999267578125,53.72999954223633,216.44000244140625,82.02999877929688,55.33000183105469,51.08000183105469,155.6699981689453,147.86000061035156,233.55999755859375,192.1199951171875,380.0,1391.1300048828125,315.67999267578125,49.88999938964844,61.70000076293945,111.66999816894531,116.38999938964844,187.4499969482422,43.529998779296875,126.02999877929688,869.8400268554688,44.06999969482422,245.75,299.989990234375,1011.6300048828125,212.10000610351562,119.43000030517578,167.5800018310547,393.6400146484375,180.44000244140625,26.770000457763672,213.92999267578125,138.22000122070312,48.650001525878906,339.9599914550781,357.42999267578125,289.010009765625,54.34000015258789,217.25,82.69000244140625,56.060001373291016,51.33000183105469,156.74000549316406,150.72000122070312,5380800,40912600,2028300,1486700,34895800,34208500,12345000,13042200,10160600,11054400,10755800,5114700,2081700,96628100,5768000,8055700,1965500,3440000,6700900,5307800,32644900,177731200,30893500,1768300,9309800,19906700,10649900,12131100,7796000,6987600,4221400,18061200,70732700,51472400,12745700,16764800
2026-03-05,230.43826293945312,199.4499969482422,364.8448791503906,1365.377685546875,332.0733947753906,49.53000259399414,60.1201057434082,108.43704986572266,115.95823669433594,188.17645263671875,44.28867721557617,130.02047729492188,835.4600219726562,45.95000076293945,239.6300048828125,292.0553283691406,981.5703125,216.53359985351562,115.21662139892578,161.68112182617188,396.8832702636719,183.330078125,26.177888870239258,210.75103759765625,137.0,47.400001525878906,337.5520324707031,352.8656921386719,286.5423278808594,53.35903549194336,226.95172119140625,81.64323425292969,56.11336898803711,50.9680061340332,153.27987670898438,149.74362182617188,232.35000610351562,199.4499969482422,367.6000061035156,1368.3599853515625,332.7699890136719,49.810001373291016,60.7400016784668,108.94999694824219,116.81999969482422,189.89999389648438,44.52000045776367,131.02999877929688,835.4600219726562,45.95000076293945,239.6300048828125,293.54998779296875,983.260009765625,217.36000061035156,116.06999969482422,162.5500030517578,397.04998779296875,183.33999633789062,26.610000610351562,212.3699951171875,137.0,47.400001525878906,337.760009765625,353.8599853515625,288.7699890136719,53.90999984741211,228.02999877929688,82.11000061035156,56.47999954223633,51.22999954223633,153.91000366210938,150.75999450683594,234.8000030517578,203.7899932861328,377.0899963378906,1407.3800048828125,336.1199951171875,50.43000030517578,62.0,111.5999984741211,118.5199966430664,189.97000122070312,44.880001068115234,131.89999389648438,866.52001953125,46.47999954223633,243.0,301.239990234375,993.5599975585938,228.5500030517578,119.52999877929688,167.97000122070312,404.5299987792969,184.05999755859375,26.709999084472656,213.7899932861328,139.66000366210938,48.0099983215332,343.7200012207031,359.4700012207031,291.3900146484375,54.31999969482422,232.99000549316406,83.80000305175781,57.060001373291016,51.81999969482422,155.6999969482422,152.3300018310547,228.0,194.8800048828125,361.3999938964844,1339.449951171875,323.0299987792969,49.33000183105469,60.2599983215332,107.88999938964844,115.83000183105469,186.49000549316406,44.02000045776367,128.97999572753906,822.2000122070312,44.70000076293945,235.92999267578125,292.42999267578125,965.5999755859375,213.9600067138672,114.44999694824219,160.50999450683594,380.29998779296875,177.8800048828125,26.200000762939453,210.52999877929688,135.8000030517578,46.290000915527344,330.57000732421875,343.79998779296875,286.739990234375,53.20000076293945,223.32000732421875,81.19000244140625,56.08000183105469,50.90999984741211,152.72000122070312,149.47000122070312,233.4199981689453,197.77000427246094,375.17999267578125,1381.1199951171875,330.17999267578125,49.81999969482422,61.79999923706055,110.56999969482422,117.0,186.60000610351562,44.15999984741211,129.25,862.010009765625,44.869998931884766,242.6300048828125,297.9800109863281,990.0,224.89999389648438,119.11000061035156,165.3800048828125,398.6000061035156,181.1699981689453,26.389999389648438,211.42999267578125,137.58999633789062,47.97999954223633,338.8999938964844,354.8999938964844,290.04998779296875,53.529998779296875,229.5,83.6500015258789,56.529998779296875,51.2400016784668,155.1300048828125,151.0,9423100,36000700,2868400,1804500,57076600,39073900,14758400,15549100,9875700,13567200,18760100,6537700,3093700,78229400,9375400,12732500,3769900,3731500,14516000,7274900,29960100,198779700,38908600,2269200,8981000,20285000,7239300,16249800,5397900,12849300,6138000,20939200,85177800,58430700,20476400,22969300
2026-03-06,228.2166748046875,192.42999267578125,366.7604064941406,1289.982421875,329.7882080078125,48.63999938964844,59.67469787597656,106.0284423828125,116.20639038085938,188.21609497070312,44.24888610839844,130.39755249023438,821.4199829101562,43.41999816894531,240.39999389648438,288.0060729980469,988.628173828125,220.43869018554688,114.93868255615234,159.41331481933594,370.1445007324219,177.8103790283203,26.610742568969727,204.54867553710938,135.69000244140625,46.900001525878906,323.3108215332031,337.9377746582031,284.27001953125,51.83477020263672,223.56781005859375,79.96283721923828,56.20278549194336,50.31138229370117,152.0748291015625,150.1905975341797,230.11000061035156,192.42999267578125,369.5299987792969,1292.800048828125,330.4800109863281,48.63999938964844,60.290000915527344,106.52999877929688,117.06999969482422,189.94000244140625,44.47999954223633,131.41000366210938,821.4199829101562,43.41999816894531,240.39999389648438,289.4800109863281,990.3300170898438,221.27999877929688,115.79000091552734,160.27000427246094,370.29998779296875,177.82000732421875,27.049999237060547,206.1199951171875,135.69000244140625,46.900001525878906,323.510009765625,338.8900146484375,286.4800109863281,52.369998931884766,224.6300048828125,80.41999816894531,56.56999969482422,50.56999969482422,152.6999969482422,151.2100067138672,231.60000610351562,200.24000549316406,369.760009765625,1338.0,343.510009765625,48.70000076293945,60.43000030517578,106.58999633789062,119.4800033569336,192.41000366210938,45.470001220703125,134.0,827.1599731445312,45.18000030517578,240.7899932861328,289.989990234375,991.219970703125,221.42999267578125,116.36000061035156,160.35000610351562,391.17999267578125,182.75999450683594,27.1299991607666,209.0,137.17999267578125,47.65999984741211,335.0400085449219,348.7200012207031,291.3299865722656,52.849998474121094,230.49000549316406,80.56999969482422,57.34000015258789,50.619998931884766,152.99000549316406,153.8000030517578,226.8000030517578,191.25,361.7099914550781,1286.6700439453125,327.3999938964844,47.619998931884766,59.45000076293945,103.08999633789062,116.5999984741211,188.1199951171875,44.189998626708984,130.77999877929688,801.3300170898438,43.279998779296875,235.42999267578125,283.7099914550781,966.0900268554688,214.25,113.81999969482422,155.35000610351562,367.45001220703125,176.82000732421875,26.229999542236328,202.8300018310547,133.4199981689453,46.400001525878906,321.489990234375,336.69000244140625,283.04998779296875,51.369998931884766,221.32000732421875,77.94000244140625,56.16999816894531,49.75,150.9499969482422,149.9600067138672,230.36000061035156,195.27000427246094,364.20001220703125,1293.8599853515625,328.2799987792969,48.54999923706055,60.43000030517578,105.19000244140625,118.7699966430664,190.8800048828125,44.93000030517578,132.80999755859375,816.0,44.66999816894531,238.1199951171875,286.3399963378906,975.0,217.75,115.16000366210938,159.50999450683594,380.1400146484375,179.83999633789062,26.540000915527344,207.6699981689453,134.1699981689453,47.40999984741211,328.3999938964844,343.5,287.3399963378906,52.599998474121094,226.97000122070312,80.26000213623047,57.150001525878906,50.439998626708984,152.77999877929688,153.14999389648438,6139600,33913800,2443000,1900100,39152200,47016000,11401900,16586900,11554600,13073100,13017300,6926000,2473000,74698300,7179800,13496500,2627800,3398700,12809300,8046000,34458800,189021900,53181800,3380000,9197000,13470400,8733700,13803000,6816900,9804900,4337300,16798900,68219000,75632700,18174000,21136400
2026-03-09,225.5785675048828,202.67999267578125,374.1446533203125,1354.461669921875,345.0262451171875,47.900001525878906,60.011226654052734,106.0881576538086,116.16668701171875,187.7206268310547,44.587120056152344,130.65554809570312,832.030029296875,45.58000183105469,242.58999633789062,288.44384765625,1006.6571655273438,214.87989807128906,116.24897003173828,159.59234619140625,389.1565246582031,182.64010620117188,26.3746395111084,203.77462768554688,138.11000061035156,47.189998626708984,336.1628723144531,347.72021484375,285.1700134277344,51.597225189208984,214.9288330078125,78.38188171386719,55.954410552978516,50.072608947753906,153.62843322753906,149.42578125,227.4499969482422,202.67999267578125,376.9700012207031,1357.4200439453125,345.75,47.900001525878906,60.630001068115234,106.58999633789062,117.02999877929688,189.44000244140625,44.81999969482422,131.6699981689453,832.030029296875,45.58000183105469,242.58999633789062,289.9200134277344,1008.3900146484375,215.6999969482422,117.11000061035156,160.4499969482422,389.32000732421875,182.64999389648438,26.809999465942383,205.33999633789062,138.11000061035156,47.189998626708984,336.3699951171875,348.70001220703125,285.1700134277344,52.130001068115234,215.9499969482422,78.83000183105469,56.31999969482422,50.33000183105469,154.25999450683594,150.44000244140625,230.67999267578125,202.97000122070312,378.82000732421875,1359.0,348.489990234375,48.150001525878906,60.63999938964844,107.05000305175781,118.7699966430664,191.64999389648438,46.0,134.36000061035156,836.6799926757812,45.7599983215332,244.08999633789062,291.1000061035156,1008.9299926757812,223.66000366210938,117.26000213623047,161.85000610351562,390.0,182.91000366210938,27.110000610351562,206.07000732421875,138.5800018310547,47.27000045776367,337.1700134277344,349.3999938964844,285.20001220703125,52.439998626708984,226.3699951171875,79.79000091552734,57.150001525878906,50.52000045776367,154.5500030517578,153.88999938964844,223.22999572753906,189.02000427246094,366.5299987792969,1276.1099853515625,323.6099853515625,46.77000045776367,59.25,102.01000213623047,116.19999694824219,188.11000061035156,44.18000030517578,130.19000244140625,795.0,41.63999938964844,240.0399932861328,280.45001220703125,980.5800170898438,213.67999267578125,114.11000061035156,154.07000732421875,357.6700134277344,175.55999755859375,26.360000610351562,198.0399932861328,132.4600067138672,45.5,316.2200012207031,331.9200134277344,278.6600036621094,50.31999969482422,214.11000061035156,76.86000061035156,55.939998626708984,49.18000030517578,151.1300048828125,149.47000122070312,229.97000122070312,189.36000061035156,368.2699890136719,1284.7900390625,327.25,47.939998626708984,59.91999816894531,104.44999694824219,117.54000091552734,191.0,45.20000076293945,133.49000549316406,810.0,42.7400016784668,240.8699951171875,285.5,986.8900146484375,223.55999755859375,114.9800033569336,157.9199981689453,363.9599914550781,176.8300018310547,26.90999984741211,203.0500030517578,133.49000549316406,46.869998931884766,318.30999755859375,335.6000061035156,282.0,51.529998779296875,226.3699951171875,79.43000030517578,56.84000015258789,49.91999816894531,151.77999877929688,152.02000427246094,7915800,38877200,2719900,1808900,40605800,62752800,10964600,18525600,13694700,15987500,25647000,7598100,3258200,82937400,7844000,12241100,2802200,4136700,8321600,7480800,35547200,177213600,42789500,3001200,12304600,21100800,9824600,19182800,10348800,11260600,6476300,24959500,88747400,78178700,18675700,25532700
2026-03-10,225.14218139648438,203.22999572753906,372.6161804199219,1380.385009765625,341.86285400390625,48.560001373291016,59.51633071899414,108.45695495605469,113.30793762207031,184.59921264648438,43.472938537597656,126.90467071533203,833.8099975585938,46.779998779296875,243.7100067138672,287.2598876953125,999.6292114257812,214.4116973876953,116.22911834716797,159.8907470703125,402.9407043457031,184.760009765625,26.718957901000977,204.81661987304688,135.1999969482422,48.11000061035156,338.60137939453125,346.1147155761719,282.3399963378906,51.4190673828125,215.99378967285156,77.85489654541016,55.23908233642578,49.80398941040039,152.52297973632812,147.13136291503906,227.00999450683594,203.22999572753906,375.42999267578125,1383.4000244140625,342.5799865722656,48.560001373291016,60.130001068115234,108.97000122070312,114.1500015258789,186.2899932861328,43.70000076293945,127.88999938964844,833.8099975585938,46.779998779296875,243.7100067138672,288.7300109863281,1001.3499755859375,215.22999572753906,117.08999633789062,160.75,403.1099853515625,184.77000427246094,27.15999984741211,206.38999938964844,135.1999969482422,48.11000061035156,338.80999755859375,347.0899963378906,282.3399963378906,51.95000076293945,217.02000427246094,78.30000305175781,55.599998474121094,50.060001373291016,153.14999389648438,148.1300048828125,231.27000427246094,206.58999633789062,379.260009765625,1407.5400390625,353.1400146484375,49.150001525878906,60.959999084472656,110.91000366210938,116.54000091552734,189.17999267578125,44.93000030517578,130.86000061035156,846.0900268554688,47.880001068115234,245.0,292.75,1012.0,220.3000030517578,119.0,163.47999572753906,415.30999755859375,186.44000244140625,27.290000915527344,210.24000549316406,136.75,48.52000045776367,345.55999755859375,353.5,287.5799865722656,52.900001525878906,220.91000366210938,79.80000305175781,56.459999084472656,50.689998626708984,154.5399932861328,150.39999389648438,226.16000366210938,202.1999969482422,372.739990234375,1369.9100341796875,340.79998779296875,47.599998474121094,59.97999954223633,107.37000274658203,112.93000030517578,185.63999938964844,43.43000030517578,126.94000244140625,826.3499755859375,45.40999984741211,240.82000732421875,287.17999267578125,994.0,212.3800048828125,116.66999816894531,159.86000061035156,393.6400146484375,182.00999450683594,26.520000457763672,203.61000061035156,132.16000366210938,46.70000076293945,336.30999755859375,344.30999755859375,278.8999938964844,51.349998474121094,213.8300018310547,77.44999694824219,55.369998931884766,49.75,153.00999450683594,147.6999969482422,227.66000366210938,202.50999450683594,376.1700134277344,1374.5899658203125,348.7300109863281,48.279998779296875,60.599998474121094,108.41000366210938,116.12000274658203,188.6300048828125,44.47999954223633,130.19000244140625,834.6799926757812,45.40999984741211,242.3000030517578,289.2900085449219,1006.0,215.0,117.23999786376953,161.83999633789062,394.010009765625,182.39999389648438,26.81999969482422,205.36000061035156,134.6999969482422,47.130001068115234,336.30999755859375,348.4700012207031,287.3800048828125,52.13999938964844,216.00999450683594,78.94999694824219,56.060001373291016,50.33000183105469,154.41000366210938,149.25,6466800,29139200,2284500,1650900,29531700,50271100,9693800,17843900,13917900,11999600,16009200,6669600,1871900,85233300,7214100,8344900,1663700,2189700,9739300,4314600,33745400,179118500,42814600,2707400,10447300,18112700,7471000,12985600,6075600,10461500,3952900,18481700,88817900,70834200,17247500,19617600
2026-03-11,225.80667114257812,204.8300018310547,374.8096618652344,1383.6578369140625,340.85498046875,48.52000045776367,59.36785888671875,108.6759262084961,116.16668701171875,190.04930114746094,45.12431335449219,131.48907470703125,823.760009765625,47.97999954223633,242.99000549316406,286.0560302734375,998.121826171875,225.87794494628906,115.3555908203125,160.02999877929688,418.5141906738281,186.02999877929688,26.8566837310791,204.0723419189453,134.1199951171875,48.16999816894531,341.8793640136719,353.563720703125,285.25,51.69620132446289,229.9574432373047,76.44296264648438,56.61012649536133,49.38613510131836,152.22421264648438,150.55809020996094,227.67999267578125,204.8300018310547,377.6400146484375,1386.6800537109375,341.57000732421875,48.52000045776367,59.97999954223633,109.19000244140625,117.02999877929688,191.7899932861328,45.36000061035156,132.50999450683594,823.760009765625,47.97999954223633,242.99000549316406,287.5199890136719,999.8400268554688,226.74000549316406,116.20999908447266,160.88999938964844,418.69000244140625,186.02999877929688,27.299999237060547,205.63999938964844,134.1199951171875,48.16999816894531,342.0899963378906,354.55999755859375,285.25,52.22999954223633,231.0500030517578,76.87999725341797,56.97999954223633,49.63999938964844,152.85000610351562,151.5800018310547,229.2899932861328,209.2100067138672,380.1400146484375,1404.780029296875,345.80999755859375,48.650001525878906,60.029998779296875,109.54000091552734,117.16000366210938,191.86000061035156,45.41999816894531,132.63999938964844,832.7999877929688,48.83000183105469,243.69000244140625,290.4800109863281,1002.9299926757812,226.83999633789062,116.94999694824219,161.75999450683594,422.75,187.6199951171875,27.40999984741211,206.75999450683594,138.1999969482422,48.77000045776367,345.3999938964844,357.3500061035156,286.2200012207031,52.5,231.22999572753906,78.2300033569336,57.040000915527344,50.119998931884766,153.16000366210938,151.80999755859375,225.3000030517578,203.6300048828125,373.0,1372.0,338.2200012207031,47.779998779296875,59.27000045776367,107.4800033569336,114.0,186.49000549316406,43.720001220703125,128.50999450683594,810.5399780273438,46.65999984741211,241.36000061035156,284.8599853515625,990.2999877929688,216.1999969482422,115.29000091552734,157.85000610351562,405.7900085449219,184.4499969482422,27.0,203.32000732421875,133.9600067138672,47.13999938964844,340.45001220703125,350.3599853515625,280.6000061035156,51.36000061035156,218.6300048828125,76.5,55.540000915527344,49.220001220703125,151.94000244140625,147.66000366210938,226.0500030517578,205.11000061035156,375.04998779296875,1383.9599609375,342.5899963378906,48.36000061035156,60.0,108.33999633789062,114.6500015258789,186.58999633789062,44.029998779296875,129.07000732421875,829.9500122070312,46.81999969482422,242.8699951171875,288.80999755859375,1000.030029296875,217.38999938964844,116.76000213623047,160.0,410.7699890136719,185.91000366210938,27.200000762939453,205.5800018310547,136.4499969482422,47.4900016784668,340.5,353.92999267578125,282.3800048828125,52.099998474121094,218.6300048828125,78.05000305175781,55.630001068115234,49.97999954223633,152.83999633789062,147.99000549316406,5299200,23076400,2299200,1164700,20104100,42185800,9041100,12958400,9522800,11371700,14039800,5435200,2227000,72480600,6933200,10205000,1446900,2221000,6760700,5463200,30191400,145280400,40560100,1986900,7830500,18385000,6215100,10683300,6878800,12057800,3757900,17497300,48743700,56301200,12503800,15297400
2026-03-12,223.5156707763672,197.74000549316406,365.0334777832031,1348.63427734375,335.2667236328125,47.130001068115234,58.34837341308594,105.0032958984375,119.37286376953125,195.1822967529297,45.95000076293945,132.01498413085938,787.52001953125,45.25,242.0399932861328,281.44964599609375,975.5706176757812,229.19528198242188,115.05780029296875,153.5448455810547,405.1797790527344,183.13999938964844,26.423830032348633,201.14483642578125,131.14999389648438,44.560001373291016,329.9866943359375,335.7638854980469,277.04998779296875,50.9538688659668,234.69493103027344,74.82222747802734,57.13668441772461,48.58028030395508,149.54522705078125,152.4949493408203,225.3699951171875,197.74000549316406,367.7900085449219,1351.5799560546875,335.9700012207031,47.130001068115234,58.95000076293945,105.5,120.26000213623047,196.97000122070312,46.189998626708984,133.0399932861328,787.52001953125,45.25,242.0399932861328,282.8900146484375,977.25,230.07000732421875,115.91000366210938,154.3699951171875,405.3500061035156,183.13999938964844,26.860000610351562,202.69000244140625,131.14999389648438,44.560001373291016,330.19000244140625,336.7099914550781,277.04998779296875,51.47999954223633,235.80999755859375,75.25,57.5099983215332,48.83000183105469,150.16000366210938,153.52999877929688,227.80999755859375,203.6199951171875,375.0,1372.5400390625,339.8299865722656,47.779998779296875,59.380001068115234,107.0,120.98999786376953,198.8800048828125,46.40999984741211,136.13999938964844,807.2100219726562,47.439998626708984,244.39999389648438,283.8800048828125,994.5,236.11000061035156,116.5999984741211,156.25,413.7300109863281,184.94000244140625,27.1200008392334,203.85000610351562,134.8699951171875,47.310001373291016,337.54998779296875,346.8900146484375,287.55999755859375,52.029998779296875,240.27000427246094,75.54000091552734,58.220001220703125,49.220001220703125,152.49000549316406,155.0,223.57000732421875,196.6699981689453,367.760009765625,1333.5699462890625,332.20001220703125,46.790000915527344,58.31999969482422,104.63999938964844,117.66000366210938,191.77000427246094,45.2599983215332,133.00999450683594,784.0999755859375,45.16999816894531,240.3000030517578,279.1000061035156,973.1599731445312,227.0,114.30000305175781,152.8000030517578,396.6700134277344,181.75,26.6299991607666,201.17999267578125,130.61000061035156,44.41999816894531,328.6400146484375,336.3800048828125,276.2900085449219,51.099998474121094,230.83999633789062,74.6500015258789,57.060001373291016,48.790000915527344,150.02999877929688,151.6300048828125,225.1199951171875,202.8300018310547,373.510009765625,1372.5400390625,337.739990234375,47.70000076293945,59.16999816894531,106.36000061035156,118.0,192.5800018310547,45.70000076293945,133.3699951171875,805.3200073242188,47.400001525878906,241.4600067138672,282.8299865722656,993.4500122070312,227.41000366210938,115.47000122070312,154.3699951171875,410.0,184.0500030517578,27.110000610351562,201.27000427246094,133.47000122070312,47.310001373291016,337.3399963378906,345.92999267578125,284.7799987792969,51.130001068115234,232.38999938964844,75.4800033569336,57.130001068115234,48.97999954223633,151.9499969482422,152.27000427246094,7607000,28886900,1990500,1780200,21982700,58354500,10235100,17487000,12766400,27151800,24014100,5809600,3533000,85110200,7710200,13760500,2340100,4233200,8349200,11195700,31720900,155762700,38542800,3025700,9162800,25983100,8008100,17549400,10512300,11993400,4990000,24794100,69358700,67871700,15670500,26054000
2026-03-13,217.87249755859375,193.38999938964844,363.4653015136719,1342.757080078125,321.4856262207031,46.720001220703125,58.477046966552734,105.1924057006836,120.99083709716797,195.03366088867188,46.25,132.5706787109375,782.2100219726562,45.77000045776367,241.52000427246094,281.996826171875,983.38720703125,225.32005310058594,114.76000213623047,154.04217529296875,425.9510803222656,180.25,26.14837646484375,199.5967254638672,129.82000732421875,44.720001220703125,331.1159973144531,337.359375,282.0899963378906,50.47877502441406,229.49961853027344,73.67876434326172,57.3254508972168,48.63997268676758,149.17672729492188,155.06747436523438,219.67999267578125,193.38999938964844,366.2099914550781,1345.68994140625,322.1600036621094,46.720001220703125,59.08000183105469,105.69000244140625,121.88999938964844,196.82000732421875,46.25,133.60000610351562,782.2100219726562,45.77000045776367,241.52000427246094,283.44000244140625,985.0800170898438,226.17999267578125,115.61000061035156,154.8699951171875,426.1300048828125,180.25,26.579999923706055,201.1300048828125,129.82000732421875,44.720001220703125,331.32000732421875,338.30999755859375,282.0899963378906,51.0,230.58999633789062,74.0999984741211,57.70000076293945,48.88999938964844,149.7899932861328,156.1199951171875,228.6199951171875,199.67999267578125,372.9800109863281,1386.7900390625,338.32000732421875,47.81999969482422,60.06999969482422,107.9000015258789,122.26000213623047,197.6300048828125,46.40999984741211,134.08999633789062,798.0,46.650001525878906,245.58999633789062,287.19000244140625,1003.219970703125,231.8699951171875,117.88999938964844,157.24000549316406,429.3500061035156,186.08999633789062,27.280000686645508,205.91000366210938,133.4199981689453,44.88999938964844,338.3999938964844,344.5199890136719,282.8800048828125,52.16999816894531,235.6999969482422,76.20999908447266,57.93000030517578,49.459999084472656,152.3000030517578,156.88999938964844,219.44000244140625,192.27000427246094,365.92999267578125,1342.5,321.42999267578125,46.65999984741211,58.75,105.38999938964844,119.23999786376953,194.69000244140625,45.40999984741211,132.77000427246094,780.5,45.38999938964844,241.5,282.95001220703125,978.0,225.85000610351562,115.52999877929688,153.86000061035156,413.0,179.94000244140625,26.579999923706055,200.52000427246094,129.22000122070312,43.54999923706055,329.7900085449219,336.2200012207031,277.80999755859375,50.91999816894531,230.3000030517578,74.02999877929688,57.099998474121094,48.849998474121094,149.6699981689453,152.97999572753906,226.88999938964844,198.11000061035156,370.67999267578125,1367.5400390625,337.67999267578125,47.52000045776367,59.66999816894531,106.12000274658203,119.68000030517578,196.0,45.52000045776367,133.36000061035156,789.3599853515625,45.970001220703125,244.2100067138672,284.6700134277344,980.1300048828125,228.1699981689453,116.91999816894531,154.88999938964844,413.75,184.9199981689453,27.020000457763672,204.3699951171875,131.14999389648438,44.470001220703125,333.8800048828125,343.9200134277344,278.05999755859375,52.06999969482422,232.25999450683594,75.6500015258789,57.5,49.11000061035156,151.0399932861328,154.3000030517578,5676100,27561900,1500300,1179000,34725000,45473100,9395600,11406900,10884500,13017000,11978000,4135000,2567400,68386200,6415300,9091200,1984400,2613200,7111000,6001900,39261000,160988400,34270800,2931000,7786700,16897300,6450800,17299900,4737600,10742400,4088000,15496900,43374600,47595200,15129300,22414100
2026-03-16,219.6279296875,196.5800018310547,363.5050048828125,1372.5621337890625,324.2398681640625,47.060001373291016,59.10061264038086,106.8445816040039,120.42504119873047,195.053466796875,46.650001525878906,133.47366333007812,794.77001953125,45.7599983215332,243.19000244140625,284.7029724121094,987.4202270507812,228.06956481933594,115.43000030517578,154.86773681640625,441.6144714355469,183.22000122070312,26.177888870239258,199.21961975097656,129.38999938964844,44.959999084472656,337.6219787597656,339.2740173339844,285.489990234375,50.63713836669922,231.4702606201172,75.31938934326172,57.52415466308594,49.047874450683594,150.39173889160156,156.1699981689453,221.4499969482422,196.5800018310547,366.25,1375.56005859375,324.9200134277344,47.060001373291016,59.709999084472656,107.3499984741211,121.31999969482422,196.83999633789062,46.650001525878906,134.50999450683594,794.77001953125,45.7599983215332,243.19000244140625,286.1600036621094,989.1199951171875,228.94000244140625,115.43000030517578,155.6999969482422,441.79998779296875,183.22000122070312,26.610000610351562,200.75,129.38999938964844,44.959999084472656,337.8299865722656,340.2300109863281,285.489990234375,51.15999984741211,232.57000732421875,75.75,57.900001525878906,49.29999923706055,151.00999450683594,157.22999572753906,224.3699951171875,200.1699981689453,370.8900146484375,1390.1600341796875,329.20001220703125,47.68000030517578,59.79999923706055,108.69000244140625,122.37999725341797,197.83999633789062,46.90999984741211,135.5,805.4600219726562,49.16999816894531,245.05999755859375,289.2699890136719,998.1699829101562,230.58999633789062,116.05999755859375,159.08999633789062,454.8599853515625,188.8800048828125,26.889999389648438,205.39999389648438,131.8699951171875,45.0099983215332,342.0400085449219,344.6300048828125,287.3999938964844,51.97999954223633,234.97000122070312,75.88999938964844,58.099998474121094,49.75,151.72999572753906,157.77999877929688,220.32000732421875,194.8000030517578,364.7200012207031,1368.199951171875,320.05999755859375,46.900001525878906,58.869998931884766,106.61000061035156,120.4000015258789,195.5800018310547,45.56999969482422,132.39999389648438,790.0,45.689998626708984,241.6699981689453,284.6099853515625,975.510009765625,225.25,114.22000122070312,154.7899932861328,437.75,181.41000366210938,26.520000457763672,200.4499969482422,128.94000244140625,44.29999923706055,336.32000732421875,339.82000732421875,281.0400085449219,51.06999969482422,230.0,74.37000274658203,57.27000045776367,49.11000061035156,150.3800048828125,154.75999450683594,221.08999633789062,194.97999572753906,369.3800048828125,1379.52001953125,326.0199890136719,47.119998931884766,59.4900016784668,107.30999755859375,121.19000244140625,196.60000610351562,46.0,133.7899932861328,792.0,47.90999984741211,243.9199981689453,286.3399963378906,991.97998046875,228.4199981689453,115.33999633789062,156.4600067138672,446.1600036621094,182.97000122070312,26.700000762939453,203.25,131.07000732421875,44.560001373291016,338.8900146484375,341.25,283.9800109863281,51.560001373291016,232.58999633789062,74.83000183105469,57.7599983215332,49.25,150.75,156.0,3991800,30285200,2099100,1310400,31363100,38055600,8436800,11902600,7556800,12683900,19839700,3926000,2082700,114199400,7571500,8149000,2289900,2739900,8785300,5498100,43067600,217307400,28551500,2859400,10132900,12648500,8018200,11123500,4854000,10617900,2648700,17836300,39474300,45720100,10896600,22835600
2026-03-17,217.9518280029297,196.30999755859375,358.4233703613281,1386.1324462890625,320.63739013671875,47.279998779296875,59.10061264038086,107.20288848876953,121.96360778808594,196.1732177734375,47.41999816894531,134.67434692382812,807.0399780273438,44.060001373291016,238.11000061035156,285.42926025390625,928.751220703125,232.37313842773438,115.87000274658203,156.98635864257812,461.4961242675781,181.92999267578125,27.004249572753906,202.36544799804688,131.58999633789062,46.130001068115234,340.25,345.9800109863281,287.57000732421875,51.05284881591797,234.84422302246094,75.79666137695312,58.130191802978516,49.306549072265625,149.02735900878906,157.73934936523438,219.75999450683594,196.30999755859375,361.1300048828125,1389.1600341796875,321.30999755859375,47.279998779296875,59.709999084472656,107.70999908447266,122.87000274658203,197.97000122070312,47.41999816894531,135.72000122070312,807.0399780273438,44.060001373291016,238.11000061035156,286.8900146484375,930.3499755859375,233.25999450683594,115.87000274658203,157.8300018310547,461.69000244140625,181.92999267578125,27.450000762939453,203.9199981689453,131.58999633789062,46.130001068115234,340.25,345.9800109863281,287.57000732421875,51.58000183105469,235.9600067138672,76.2300033569336,58.5099983215332,49.560001373291016,149.63999938964844,158.80999755859375,223.27999877929688,199.2100067138672,368.7799987792969,1391.06005859375,327.44000244140625,48.08000183105469,60.810001373291016,109.73999786376953,123.95999908447266,200.5800018310547,47.5,136.86000061035156,820.4400024414062,46.08000183105469,244.13999938964844,291.760009765625,981.1699829101562,234.5,116.80000305175781,160.63999938964844,462.7300109863281,185.39999389648438,27.760000228881836,205.91000366210938,134.0500030517578,46.63999938964844,341.1600036621094,346.760009765625,288.989990234375,52.36000061035156,237.88999938964844,77.16999816894531,59.04999923706055,50.189998626708984,151.85000610351562,160.4499969482422,219.75999450683594,195.25999450683594,359.79998779296875,1369.31005859375,317.25,47.20000076293945,59.59000015258789,107.41999816894531,121.20999908447266,196.4600067138672,46.7599983215332,133.75999450683594,803.469970703125,43.90999984741211,237.22000122070312,285.95001220703125,925.25,228.85000610351562,114.37999725341797,157.3000030517578,445.1400146484375,181.67999267578125,26.81999969482422,202.8000030517578,131.17999267578125,44.939998626708984,336.7900085449219,338.3999938964844,284.8399963378906,51.43000030517578,232.35000610351562,75.81999969482422,57.97999954223633,49.5099983215332,149.5399932861328,156.8000030517578,222.0399932861328,196.67999267578125,368.239990234375,1385.050048828125,325.760009765625,47.65999984741211,60.130001068115234,108.5,121.94999694824219,197.49000549316406,47.150001525878906,134.80999755859375,806.2999877929688,46.08000183105469,243.5800018310547,289.0,978.9199829101562,230.0,115.77999877929688,157.3000030517578,452.5400085449219,185.05999755859375,26.81999969482422,203.85000610351562,133.52000427246094,45.5,340.55999755859375,340.6000061035156,287.79998779296875,51.9900016784668,234.5,76.5,58.22999954223633,49.70000076293945,151.22000122070312,158.25,4405700,22779700,2334300,1135600,38026500,33427800,14258000,12758400,7953100,14018600,18441700,4224000,1955600,89061600,7281800,8961200,5637500,2007900,7952200,6528600,43017900,182497800,60097500,2496300,10544300,14766200,4472100,11434600,5752000,8280800,2500800,18173400,40137700,46974000,11938600,21592200
2026-03-18,206.62579345703125,199.4600067138672,348.845703125,1352.216552734375,315.2686462402344,46.83000183105469,58.76408386230469,108.15837097167969,122.73785400390625,196.80740356445312,48.15999984741211,136.46047973632812,805.47998046875,45.029998779296875,237.27999877929688,286.27490234375,916.4723510742188,235.34182739257812,114.5,158.08045959472656,461.5361328125,180.39999389648438,26.876358032226562,199.63641357421875,130.47000122070312,45.31999969482422,338.2900085449219,339.57000732421875,284.3299865722656,50.79550552368164,237.33241271972656,75.75688934326172,58.05071258544922,48.719566345214844,146.53758239746094,156.52757263183594,208.33999633789062,199.4600067138672,351.4800109863281,1355.1700439453125,315.92999267578125,46.83000183105469,59.369998931884766,108.66999816894531,123.6500015258789,198.61000061035156,48.15999984741211,137.52000427246094,805.47998046875,45.029998779296875,237.27999877929688,287.739990234375,918.0499877929688,236.24000549316406,114.5,158.92999267578125,461.7300109863281,180.39999389648438,27.31999969482422,201.1699981689453,130.47000122070312,45.31999969482422,338.2900085449219,339.57000732421875,284.3299865722656,51.31999969482422,238.4600067138672,76.19000244140625,58.43000030517578,48.970001220703125,147.13999938964844,157.58999633789062,219.0,202.86000061035156,360.69000244140625,1381.2900390625,325.44000244140625,47.880001068115234,59.66999816894531,109.55000305175781,124.87000274658203,200.72999572753906,48.16999816894531,137.80999755859375,816.1900024414062,45.709999084472656,239.11000061035156,289.4100036621094,929.0,238.77000427246094,115.55999755859375,160.63999938964844,471.3399963378906,183.3800048828125,27.3799991607666,206.8800048828125,132.74000549316406,46.31999969482422,343.44000244140625,347.95001220703125,288.3999938964844,52.33000183105469,242.55999755859375,76.88999938964844,58.970001220703125,49.709999084472656,149.0500030517578,160.17999267578125,207.60000610351562,195.75,350.80999755859375,1354.02001953125,315.54998779296875,46.689998626708984,58.810001373291016,107.11000061035156,123.11000061035156,198.50999450683594,47.08000183105469,136.3000030517578,801.0,44.04999923706055,235.4199981689453,285.1199951171875,905.1099853515625,232.13999938964844,113.3499984741211,156.52000427246094,458.29998779296875,180.3300018310547,26.84000015258789,200.5399932861328,129.92999267578125,45.189998626708984,338.2900085449219,339.3399963378906,283.07000732421875,51.27000045776367,236.74000549316406,75.80999755859375,58.43000030517578,48.91999816894531,147.00999450683594,157.52999877929688,218.5,196.0,359.82000732421875,1373.3699951171875,320.42999267578125,47.220001220703125,59.349998474121094,107.11000061035156,123.80000305175781,199.22000122070312,47.40999984741211,137.0,801.0,44.20000076293945,237.8699951171875,286.8299865722656,925.0,234.5,115.05999755859375,157.02000427246094,464.760009765625,182.47999572753906,27.139999389648438,203.17999267578125,130.72999572753906,45.88999938964844,340.5299987792969,345.7799987792969,285.20001220703125,51.849998474121094,239.30999755859375,75.80999755859375,58.7400016784668,49.369998931884766,148.72000122070312,159.66000366210938,8597000,28569100,2895100,1391400,25460600,40251800,12539000,12337200,10273000,13305000,21007900,4690000,1541300,78056200,6811500,10057000,3443800,3006500,6736300,9140900,58973700,156683100,47478300,2993000,9894300,13277000,6363900,12632600,4544100,10519600,3527500,12951200,42908000,49239100,15565400,18947100
2026-03-19,204.5331573486328,205.27000427246094,347.29742431640625,1363.4119873046875,319.17047119140625,47.0099983215332,57.516944885253906,109.33280944824219,125.09036254882812,199.61172485351562,48.790000915527344,137.75047302246094,809.5,46.18000030517578,237.60000610351562,286.5037536621094,915.92333984375,234.88356018066406,114.19999694824219,157.7025146484375,444.08343505859375,178.55999755859375,26.96489715576172,200.5097198486328,131.27999877929688,47.81999969482422,340.20001220703125,338.7900085449219,280.44000244140625,50.77570724487305,240.9253387451172,75.95574951171875,58.97467803955078,48.739463806152344,146.009765625,157.09373474121094,206.22999572753906,205.27000427246094,349.9200134277344,1366.3900146484375,319.8399963378906,47.0099983215332,58.11000061035156,109.8499984741211,126.0199966430664,201.44000244140625,48.790000915527344,138.82000732421875,809.5,46.18000030517578,237.60000610351562,287.9700012207031,917.5,235.77999877929688,114.19999694824219,158.5500030517578,444.2699890136719,178.55999755859375,27.40999984741211,202.0500030517578,131.27999877929688,47.81999969482422,340.20001220703125,338.7900085449219,280.44000244140625,51.29999923706055,242.07000732421875,76.38999938964844,59.36000061035156,48.9900016784668,146.61000061035156,158.16000366210938,210.42999267578125,205.8800048828125,356.32000732421875,1372.4599609375,323.2699890136719,47.189998626708984,59.63999938964844,110.58000183105469,126.3499984741211,202.44000244140625,49.83000183105469,140.3699951171875,816.1799926757812,46.439998626708984,239.25999450683594,289.510009765625,924.530029296875,242.97999572753906,115.76000213623047,159.6199951171875,457.2200012207031,179.97999572753906,27.729999542236328,203.2100067138672,132.67999267578125,47.880001068115234,342.7699890136719,339.8999938964844,287.54998779296875,51.84000015258789,247.72999572753906,76.80000305175781,59.720001220703125,49.18000030517578,148.08999633789062,159.55999755859375,204.3000030517578,192.8300018310547,347.8500061035156,1310.3699951171875,308.510009765625,46.119998931884766,58.09000015258789,106.83000183105469,123.97000122070312,199.0,48.279998779296875,137.61000061035156,790.5900268554688,43.650001525878906,236.30999755859375,284.6199951171875,910.8599853515625,234.7100067138672,113.75,156.52999877929688,421.1099853515625,175.7899932861328,27.25,197.55999755859375,128.89999389648438,44.70000076293945,326.760009765625,325.19000244140625,280.07000732421875,50.38999938964844,240.57000732421875,74.68000030517578,58.52000045776367,48.52000045776367,146.3000030517578,154.83999633789062,208.3699951171875,195.02999877929688,353.29998779296875,1315.239990234375,312.4700012207031,46.41999816894531,59.209999084472656,107.33000183105469,124.70999908447266,199.7899932861328,48.380001068115234,138.9499969482422,792.9299926757812,43.9900016784668,238.33999633789062,286.8800048828125,914.0,237.52999877929688,114.66000366210938,156.99000549316406,424.9700012207031,178.00999450683594,27.290000915527344,199.9199981689453,129.13999938964844,45.220001220703125,328.760009765625,329.2200012207031,284.0,50.97999954223633,241.77999877929688,75.68000030517578,58.869998931884766,48.77000045776367,147.13999938964844,158.25999450683594,7006800,32245300,2168700,1619100,23524800,38601400,12850600,16714500,11205400,16918400,28297100,5381300,1765900,74051500,7511500,9846700,2379000,4218900,8383800,6418300,74591900,170968500,47939600,2515700,9846700,28158000,8292100,15411600,5542100,9543000,4205500,18744400,69231400,58374000,16913000,27082700
2026-03-20,203.38272094726562,201.3300018310547,345.1932678222656,1314.379150390625,309.8600158691406,47.15999984741211,56.89337158203125,109.00436401367188,125.98372650146484,199.89907836914062,48.65999984741211,137.66114807128906,813.530029296875,43.869998931884766,235.3699951171875,285.1009216308594,905.1419067382812,231.6459197998047,114.18000030517578,160.60690307617188,422.722412109375,172.6999969482422,26.532041549682617,200.17230224609375,129.89999389648438,46.630001068115234,332.510009765625,329.239990234375,275.5899963378906,50.726219177246094,238.7257843017578,77.15886688232422,58.92500305175781,48.829002380371094,144.73500061035156,158.5935516357422,205.07000732421875,201.3300018310547,347.79998779296875,1317.25,310.510009765625,47.15999984741211,57.47999954223633,109.5199966430664,126.91999816894531,201.72999572753906,48.65999984741211,138.72999572753906,813.530029296875,43.869998931884766,235.3699951171875,286.55999755859375,906.7000122070312,232.52999877929688,114.18000030517578,161.47000122070312,422.8999938964844,172.6999969482422,26.969999313354492,201.7100067138672,129.89999389648438,46.630001068115234,332.510009765625,329.239990234375,275.5899963378906,51.25,239.86000061035156,77.5999984741211,59.310001373291016,49.08000183105469,145.3300018310547,159.6699981689453,207.77999877929688,206.3000030517578,351.25,1370.0,321.510009765625,47.459999084472656,58.54999923706055,111.20999908447266,128.1300048828125,205.0800018310547,49.66999816894531,140.9199981689453,827.22998046875,47.54999923706055,238.2899932861328,290.7099914550781,925.3800048828125,238.1300048828125,115.18000030517578,163.13999938964844,449.1000061035156,178.25999450683594,27.549999237060547,203.52000427246094,132.75,48.47999954223633,341.25,337.6000061035156,283.1000061035156,51.66999816894531,244.74000549316406,77.91999816894531,60.31999969482422,49.34000015258789,147.02000427246094,162.44000244140625,203.05999755859375,198.25999450683594,344.95001220703125,1291.0999755859375,309.9200134277344,46.689998626708984,56.90999984741211,108.86000061035156,126.11000061035156,201.0,48.41999816894531,138.25,804.9299926757812,43.63999938964844,234.5,285.2699890136719,899.2899780273438,232.30999755859375,112.72000122070312,157.25,415.3599853515625,171.72000122070312,26.799999237060547,199.60000610351562,129.77999877929688,46.380001068115234,327.94000244140625,325.8999938964844,275.0,50.66999816894531,237.94000244140625,76.20999908447266,59.279998779296875,48.790000915527344,144.66000366210938,159.10000610351562,206.27000427246094,204.88999938964844,348.010009765625,1357.260009765625,320.1199951171875,47.130001068115234,58.2599983215332,109.5999984741211,126.30000305175781,201.39999389648438,48.720001220703125,139.35000610351562,807.0,46.95000076293945,236.8300018310547,288.0799865722656,910.5499877929688,236.10000610351562,114.25,158.36000061035156,443.9200134277344,178.0,27.40999984741211,202.2899932861328,131.30999755859375,48.0099983215332,339.7099914550781,336.67999267578125,278.989990234375,51.40999984741211,243.2100067138672,76.4000015258789,59.560001373291016,48.959999084472656,146.47999572753906,159.35000610351562,27982400,37265100,9168800,2645100,43325900,78060900,65847800,29718400,31964000,35849500,56064600,15690100,3918400,162814200,17156600,22436500,4818800,6344100,36355400,14621300,64224900,241323500,66805700,6082300,78568000,65344800,9441300,17424200,38893000,21632600,19803100,40461100,73003400,82914000,16582200,53942100
2026-03-23,203.2438507080078,202.67999267578125,347.14849853515625,1366.635009765625,322.510009765625,47.52000045776367,56.41827392578125,111.11438751220703,126.25173950195312,203.34750366210938,48.4900016784668,138.6038360595703,831.27001953125,44.0099983215332,235.4199981689453,288.4338684082031,908.9852294921875,231.6459197998047,115.68000030517578,163.44166564941406,404.1802062988281,175.63999938964844,26.335290908813477,202.3753662109375,128.35000610351562,49.25,336.5899963378906,338.45001220703125,269.5400085449219,50.99346160888672,236.2674560546875,77.83499908447266,59.630001068115234,49.27000045776367,144.77000427246094,160.04371643066406,204.92999267578125,202.67999267578125,349.7699890136719,1369.6199951171875,322.510009765625,47.52000045776367,57.0,111.63999938964844,127.19000244140625,205.2100067138672,48.4900016784668,139.67999267578125,831.27001953125,44.0099983215332,235.4199981689453,289.9100036621094,910.5499877929688,232.52999877929688,115.68000030517578,164.32000732421875,404.3500061035156,175.63999938964844,26.770000457763672,203.92999267578125,128.35000610351562,49.25,336.5899963378906,338.45001220703125,269.5400085449219,51.52000045776367,237.38999938964844,78.27999877929688,59.630001068115234,49.27000045776367,144.77000427246094,161.1300048828125,208.6199951171875,209.11000061035156,353.4200134277344,1400.3900146484375,326.4800109863281,48.38999938964844,58.25,113.38999938964844,128.36000061035156,205.36000061035156,49.0099983215332,141.13999938964844,849.530029296875,45.459999084472656,238.30999755859375,295.75,926.780029296875,237.10000610351562,116.47000122070312,168.13999938964844,444.2699890136719,178.3699951171875,27.190000534057617,208.0,133.97000122070312,49.849998474121094,344.92999267578125,343.4100036621094,280.75,52.95000076293945,241.4499969482422,79.80000305175781,59.84000015258789,49.86000061035156,146.77000427246094,161.4199981689453,203.22000122070312,201.7100067138672,348.6099853515625,1348.1099853515625,314.92999267578125,47.47999954223633,57.0,110.97000122070312,122.94999694824219,197.3699951171875,46.79999923706055,135.3000030517578,829.0,43.7400016784668,234.25,287.9700012207031,907.22998046875,225.9199981689453,114.7699966430664,164.16000366210938,401.5199890136719,174.75999450683594,26.6299991607666,203.22999572753906,127.41000366210938,47.08000183105469,335.1199951171875,331.1000061035156,269.0899963378906,51.439998626708984,231.1999969482422,78.12000274658203,57.65999984741211,49.220001220703125,144.60000610351562,155.02000427246094,207.36000061035156,206.39999389648438,351.79998779296875,1359.72998046875,318.0,48.34000015258789,58.220001220703125,113.12999725341797,123.62999725341797,198.6300048828125,47.5,135.85000610351562,833.0,44.5,237.39999389648438,294.30999755859375,913.489990234375,227.6199951171875,116.16999816894531,166.25999450683594,426.1499938964844,177.25999450683594,27.030000686645508,207.41000366210938,133.14999389648438,47.5099983215332,340.1199951171875,331.1000061035156,279.1400146484375,52.83000183105469,232.25,79.48999786376953,57.88999938964844,49.70000076293945,146.55999755859375,156.1199951171875,7419900,31857800,2368700,1983200,27369200,42333200,10129900,16883200,10584000,15735700,17112600,5327200,2190300,80772200,7313700,11470800,2817500,2894300,9096400,10128400,54807300,182836300,42945200,2918300,11431600,25770300,8151000,15857200,10424200,12235400,3904200,15320800,71027200,81044800,21815400,25021300
2026-03-24,203.5116424560547,205.3699951171875,345.81854248046875,1396.3701171875,318.2900085449219,48.13999938964844,56.804290771484375,113.20449829101562,128.39581298828125,204.9131622314453,50.27000045776367,141.43186950683594,835.719970703125,44.060001373291016,235.27000427246094,290.91119384765625,901.4682006835938,242.98265075683594,116.37000274658203,164.98336791992188,395.3639221191406,175.1999969482422,26.52220344543457,204.7769317626953,128.6699981689453,50.5099983215332,341.0199890136719,343.25,272.2799987792969,51.60712432861328,240.60684204101562,79.15744018554688,60.84000015258789,49.279998779296875,144.7899932861328,164.2650604248047,205.1999969482422,205.3699951171875,348.42999267578125,1399.4200439453125,318.2900085449219,48.13999938964844,57.38999938964844,113.73999786376953,129.35000610351562,206.7899932861328,50.27000045776367,142.52999877929688,835.719970703125,44.060001373291016,235.27000427246094,292.3999938964844,903.02001953125,243.91000366210938,116.37000274658203,165.8699951171875,395.5299987792969,175.1999969482422,26.959999084472656,206.35000610351562,128.6699981689453,50.5099983215332,341.0199890136719,343.25,272.2799987792969,52.13999938964844,241.75,79.61000061035156,60.84000015258789,49.279998779296875,144.7899932861328,165.3800048828125,206.00999450683594,206.42999267578125,352.5799865722656,1413.280029296875,324.3999938964844,48.459999084472656,57.689998626708984,114.80000305175781,131.0,209.7899932861328,50.709999084472656,143.72999572753906,844.5,44.310001373291016,236.0,295.4800109863281,908.6699829101562,247.13999938964844,116.54000091552734,167.1199951171875,404.9800109863281,176.22000122070312,27.1299991607666,208.60000610351562,129.17999267578125,51.09000015258789,343.2200012207031,344.8800048828125,273.3800048828125,52.560001373291016,246.25999450683594,80.47000122070312,61.470001220703125,49.59000015258789,145.3000030517578,167.47999572753906,201.8000030517578,200.1300048828125,345.79998779296875,1348.6800537109375,314.8399963378906,47.02000045776367,56.45000076293945,109.48999786376953,127.44000244140625,205.80999755859375,48.959999084472656,139.8000030517578,818.0,43.20000076293945,232.24000549316406,285.3699951171875,895.6099853515625,238.41000366210938,114.0199966430664,162.22999572753906,388.9100036621094,173.97999572753906,26.440000534057617,201.3800048828125,127.30999755859375,48.84000015258789,333.6199951171875,334.0199890136719,267.5899963378906,50.75,236.3000030517578,77.58000183105469,59.77000045776367,48.779998779296875,143.3800048828125,161.25,203.0399932861328,201.38999938964844,346.55999755859375,1349.1199951171875,320.0,47.04999923706055,56.79999923706055,110.16999816894531,127.52999877929688,206.0500030517578,48.970001220703125,139.8000030517578,824.9299926757812,43.540000915527344,234.13999938964844,286.1700134277344,907.0,238.7899932861328,114.69999694824219,162.44000244140625,401.2799987792969,174.8300018310547,26.600000381469727,201.3800048828125,128.33999633789062,49.029998779296875,333.7900085449219,335.57000732421875,268.8699951171875,50.77000045776367,238.74000549316406,77.62999725341797,59.79999923706055,48.79999923706055,143.9499969482422,161.7100067138672,6990500,27258800,2336700,1801000,19799000,39804100,11997700,14105700,10439700,16695500,20009800,4123900,1656100,65323500,9046200,11092300,2572700,3513200,7411900,6016200,44975100,147667800,35605300,2443700,8409200,19715000,5287500,9725000,5911700,13434600,3678300,19134300,51207500,43296400,24230900,26131800
2026-03-25,205.475341796875,220.27000427246094,351.27734375,1390.85205078125,318.80999755859375,48.75,58.338470458984375,113.9410171508789,127.97889709472656,203.2880401611328,50.40999984741211,142.1066436767578,841.8400268554688,47.18000030517578,239.92999267578125,293.91583251953125,914.7353515625,240.332763671875,119.37000274658203,164.76454162597656,381.9295654296875,178.67999267578125,26.83700942993164,204.37997436523438,130.35000610351562,51.88999938964844,345.25,347.75,270.54998779296875,51.359676361083984,233.43092346191406,79.80374908447266,60.56999969482422,49.34000015258789,146.24000549316406,162.1593475341797,207.17999267578125,220.27000427246094,353.92999267578125,1393.8900146484375,318.80999755859375,48.75,58.939998626708984,114.4800033569336,128.92999267578125,205.14999389648438,50.40999984741211,143.2100067138672,841.8400268554688,47.18000030517578,239.92999267578125,295.4200134277344,916.3099975585938,241.25,119.37000274658203,165.64999389648438,382.0899963378906,178.67999267578125,27.280000686645508,205.9499969482422,130.35000610351562,51.88999938964844,345.25,347.75,270.54998779296875,51.88999938964844,234.5399932861328,80.26000213623047,60.56999969482422,49.34000015258789,146.24000549316406,163.25999450683594,209.67999267578125,221.3300018310547,358.0,1405.8299560546875,324.29998779296875,49.11000061035156,59.38999938964844,116.12999725341797,129.67999267578125,207.24000549316406,50.58000183105469,143.5500030517578,854.75,47.849998474121094,241.4600067138672,297.6400146484375,922.1500244140625,246.47999572753906,120.12000274658203,168.80999755859375,388.9200134277344,181.22000122070312,27.530000686645508,209.27000427246094,131.92999267578125,52.54999923706055,347.67999267578125,350.45001220703125,276.0799865722656,52.779998779296875,243.75,80.79000091552734,61.0,49.95000076293945,146.69000244140625,165.0,205.86000061035156,211.50999450683594,350.760009765625,1366.68994140625,316.7200012207031,48.18000030517578,57.790000915527344,113.58999633789062,127.80999755859375,204.6199951171875,49.630001068115234,141.0,833.9000244140625,45.45000076293945,235.72999572753906,292.44000244140625,909.0900268554688,239.3699951171875,116.80000305175781,164.0,371.3800048828125,176.85000610351562,27.040000915527344,203.63999938964844,129.9499969482422,50.540000915527344,342.1400146484375,343.5,267.1099853515625,51.43000030517578,234.27000427246094,79.33000183105469,60.2599983215332,48.9900016784668,145.35000610351562,162.92999267578125,206.86000061035156,211.50999450683594,350.760009765625,1394.0899658203125,322.5899963378906,48.52000045776367,57.790000915527344,114.98999786376953,128.0,206.0,49.91999816894531,141.9199981689453,845.010009765625,45.849998474121094,236.8000030517578,294.1499938964844,912.489990234375,242.5,117.30000305175781,166.8000030517578,383.0,177.10000610351562,27.18000030517578,208.0800018310547,130.16000366210938,50.560001373291016,344.1700134277344,346.0,275.0,52.31999969482422,238.89999389648438,79.51000213623047,60.31999969482422,49.59000015258789,145.69000244140625,163.8699951171875,6000100,48518300,1831900,1610000,19900000,29988300,9052200,11314900,7495800,8865000,10384400,3538000,1628900,97467900,6456400,12188200,2177700,2259600,10220300,6444600,55328700,162602100,37603900,1625100,6669400,24105700,5869000,12166900,8121200,8957400,4480900,17213400,42680700,40438800,17743300,17192300
2026-03-26,209.38291931152344,203.77000427246094,350.51312255859375,1326.6024169921875,309.4200134277344,48.2400016784668,58.82347106933594,111.88076782226562,132.26702880859375,205.90408325195312,51.349998474121094,146.35366821289062,822.6400146484375,44.099998474121094,239.24000549316406,290.1749572753906,895.4585571289062,247.3659210205078,118.93000030517578,162.35748291015625,355.31072998046875,171.24000549316406,27.122299194335938,203.8937225341797,130.5399932861328,52.310001373291016,328.8500061035156,326.1099853515625,268.04998779296875,51.062744140625,246.9666290283203,78.57079315185547,61.52000045776367,49.04999923706055,145.74000549316406,164.31471252441406,211.1199951171875,203.77000427246094,353.1600036621094,1329.5,309.4200134277344,48.2400016784668,59.43000030517578,112.41000366210938,133.25,207.7899932861328,51.349998474121094,147.49000549316406,822.6400146484375,44.099998474121094,239.24000549316406,291.6600036621094,897.0,248.30999755859375,118.93000030517578,163.22999572753906,355.4599914550781,171.24000549316406,27.56999969482422,205.4600067138672,130.5399932861328,52.310001373291016,328.8500061035156,326.1099853515625,268.04998779296875,51.59000015258789,248.13999938964844,79.0199966430664,61.52000045776367,49.04999923706055,145.74000549316406,165.42999267578125,211.4499969482422,221.0,354.80999755859375,1359.4200439453125,316.9200134277344,48.869998931884766,59.5099983215332,114.79000091552734,133.5500030517578,209.2100067138672,51.849998474121094,148.6999969482422,844.7999877929688,46.599998474121094,241.64999389648438,294.989990234375,916.3499755859375,249.75999450683594,120.05999755859375,166.3300018310547,374.25,176.50999450683594,27.809999465942383,206.6300048828125,132.33999633789062,52.689998626708984,339.8900146484375,340.9100036621094,274.6400146484375,51.939998626708984,249.11000061035156,80.30000305175781,61.86000061035156,49.4900016784668,146.91000366210938,165.67999267578125,205.75999450683594,203.42999267578125,348.5199890136719,1326.8499755859375,309.1700134277344,48.029998779296875,58.63999938964844,111.56999969482422,129.63999938964844,205.16000366210938,50.68000030517578,144.17999267578125,816.1099853515625,43.91999816894531,238.92999267578125,290.7300109863281,896.2899780273438,240.5800018310547,118.6500015258789,162.47999572753906,350.0,171.13999938964844,27.239999771118164,204.24000549316406,128.30999755859375,51.47999954223633,328.5199890136719,325.3699951171875,267.17999267578125,51.310001373291016,235.0,78.72000122070312,60.59000015258789,48.880001068115234,145.6300048828125,162.05999755859375,207.19000244140625,217.97999572753906,350.3299865722656,1356.81005859375,314.0199890136719,48.709999084472656,58.77000045776367,114.05999755859375,129.63999938964844,206.02999877929688,50.869998931884766,144.32000732421875,833.7899780273438,46.29999923706055,240.0,292.5799865722656,912.3800048828125,241.88999938964844,118.95999908447266,164.64999389648438,370.0199890136719,176.07000732421875,27.25,204.8800048828125,128.7899932861328,51.54999923706055,339.45001220703125,339.82000732421875,269.989990234375,51.5,235.24000549316406,79.88999938964844,60.66999816894531,49.11000061035156,145.75,164.08999633789062,4576300,49213000,2044800,1721100,20343700,32502600,6474500,12689900,8168000,11085600,13772400,4087700,2052200,82841400,5171400,8669200,2163200,2038300,6497200,6175700,54515900,186152200,28835000,1949000,11912500,16516100,10172400,14560200,6218800,7317100,4151100,15430500,54967600,45035700,13321000,18625200
2026-03-27,207.6770782470703,201.99000549316406,346.156005859375,1299.63134765625,300.67999267578125,46.970001220703125,57.94255828857422,106.87444305419922,132.81297302246094,209.23358154296875,52.06999969482422,148.40771484375,802.8900146484375,43.130001068115234,240.4499969482422,281.3998718261719,876.7307739257812,250.95223999023438,119.62999725341797,157.54336547851562,357.07000732421875,167.52000427246094,26.600906372070312,200.8471221923828,127.11000061035156,53.5,323.4800109863281,326.739990234375,259.0199890136719,50.33030700683594,253.11741638183594,76.75120544433594,62.560001373291016,47.810001373291016,143.25999450683594,169.8372344970703,209.39999389648438,201.99000549316406,348.7699890136719,1302.469970703125,300.67999267578125,46.970001220703125,58.540000915527344,107.37999725341797,133.8000030517578,211.14999389648438,52.06999969482422,149.55999755859375,802.8900146484375,43.130001068115234,240.4499969482422,282.8399963378906,878.239990234375,251.91000366210938,119.62999725341797,158.38999938964844,357.2200012207031,167.52000427246094,27.040000915527344,202.38999938964844,127.11000061035156,53.5,323.4800109863281,326.739990234375,259.0199890136719,50.849998474121094,254.32000732421875,77.19000244140625,62.560001373291016,47.810001373291016,143.25999450683594,170.99000549316406,213.49000549316406,203.27000427246094,355.6600036621094,1333.780029296875,307.5,48.25,59.689998626708984,111.86000061035156,134.8699951171875,212.4600067138672,52.459999084472656,150.10000610351562,817.0999755859375,44.130001068115234,242.67999267578125,290.1099853515625,900.8300170898438,252.8300018310547,121.06999969482422,161.22999572753906,368.70001220703125,170.97000122070312,27.770000457763672,206.77999877929688,130.0399932861328,53.70000076293945,329.95001220703125,329.55999755859375,267.6700134277344,51.5,255.97000122070312,78.62999725341797,62.790000915527344,48.84000015258789,145.8000030517578,171.22999572753906,209.1199951171875,197.69000244140625,347.79998779296875,1298.52001953125,298.8699951171875,46.84000015258789,58.369998931884766,106.95999908447266,132.3300018310547,206.25,51.34000015258789,146.91000366210938,797.780029296875,42.86000061035156,239.1300048828125,281.75,877.1099853515625,245.8699951171875,118.5999984741211,157.3300018310547,354.05999755859375,167.00999450683594,27.020000457763672,201.80999755859375,126.68000030517578,51.900001525878906,322.1600036621094,322.30999755859375,255.97000122070312,50.5,246.07000732421875,76.86000061035156,61.2599983215332,47.66999816894531,143.07000732421875,164.8000030517578,211.4199981689453,201.77000427246094,355.6600036621094,1318.4300537109375,307.05999755859375,48.06999969482422,59.61000061035156,111.06999969482422,133.0800018310547,208.14999389648438,51.630001068115234,147.61000061035156,813.6699829101562,43.619998931884766,241.19000244140625,289.1400146484375,896.0,247.3300018310547,119.29000091552734,161.0,359.8599853515625,170.0,27.729999542236328,204.41000366210938,129.88999938964844,52.349998474121094,326.8399963378906,324.8299865722656,267.5,51.290000915527344,247.86000061035156,78.62000274658203,61.529998779296875,48.790000915527344,145.72000122070312,165.5800018310547,5654000,29206600,2274800,1759700,23593900,36781900,7909300,23143000,9182900,13907800,14984200,4103000,2106800,70002200,7617600,9873300,2740800,2449700,8345800,6368400,45806700,196212700,29124600,2039600,8964900,22048600,6334800,14484500,10735300,10774300,4530000,13674900,59553200,64823900,12932200,30338300
2026-03-30,211.36647033691406,196.0399932861328,346.38427734375,1251.22705078125,293.4100036621094,47.22999954223633,59.12041091918945,106.76496124267578,131.90968322753906,208.79759216308594,51.52000045776367,148.73516845703125,807.5999755859375,41.189998626708984,242.49000549316406,282.32513427734375,885.1063842773438,244.2279052734375,118.0999984741211,157.52346801757812,321.79998779296875,165.1699981689453,27.31905174255371,200.1226806640625,127.06999969482422,51.529998779296875,309.7900085449219,316.5,261.7900085449219,50.36000061035156,249.08656311035156,76.36341857910156,61.959999084472656,48.36000061035156,143.82000732421875,170.31399536132812,213.1199951171875,196.0399932861328,349.0,1253.9599609375,293.4100036621094,47.22999954223633,59.72999954223633,107.2699966430664,132.88999938964844,210.7100067138672,51.52000045776367,149.88999938964844,807.5999755859375,41.189998626708984,242.49000549316406,283.7699890136719,886.6300048828125,245.16000366210938,118.0999984741211,158.3699951171875,321.79998779296875,165.1699981689453,27.770000457763672,201.66000366210938,127.06999969482422,51.529998779296875,309.7900085449219,316.5,261.7900085449219,50.880001068115234,250.27000427246094,76.80000305175781,61.959999084472656,48.36000061035156,143.82000732421875,171.47000122070312,213.94000244140625,208.42999267578125,351.8299865722656,1322.9200439453125,304.7699890136719,47.86000061035156,60.060001373291016,109.41999816894531,135.8699951171875,214.7100067138672,52.709999084472656,151.8699951171875,818.6300048828125,43.9900016784668,244.2100067138672,287.25,897.4299926757812,255.77000427246094,121.63999938964844,161.24000549316406,362.80999755859375,169.4499969482422,27.81999969482422,204.24000549316406,128.60000610351562,54.79999923706055,327.6300048828125,329.6000061035156,262.3299865722656,51.310001373291016,258.42999267578125,78.22000122070312,63.459999084472656,48.720001220703125,144.6300048828125,176.41000366210938,210.77999877929688,192.8699951171875,348.1300048828125,1248.1099853515625,289.9599914550781,46.93000030517578,59.08000183105469,106.5199966430664,131.91000366210938,210.2899932861328,51.34000015258789,149.38999938964844,801.8800048828125,40.630001068115234,240.50999450683594,282.3299865722656,883.1099853515625,244.8300018310547,117.22000122070312,157.22000122070312,318.3999938964844,164.27000427246094,27.149999618530273,200.75,126.33999633789062,51.310001373291016,307.260009765625,313.79998779296875,256.6700134277344,50.5099983215332,248.42999267578125,76.48999786376953,61.779998779296875,48.09000015258789,143.42999267578125,171.0500030517578,212.25999450683594,204.9499969482422,351.8299865722656,1318.77001953125,300.8699951171875,47.54999923706055,59.650001525878906,108.45999908447266,135.14999389648438,213.25999450683594,52.09000015258789,151.02999877929688,811.1199951171875,43.720001220703125,243.49000549316406,284.739990234375,888.47998046875,254.0,120.56999969482422,160.14999389648438,362.6600036621094,168.77999877929688,27.420000076293945,203.33999633789062,127.44999694824219,54.29999923706055,326.75,327.20001220703125,260.17999267578125,51.16999816894531,255.69000244140625,77.87999725341797,63.130001068115234,48.22999954223633,144.3000030517578,172.50999450683594,7491200,41053300,2589900,2144500,28054500,43375900,17705200,20319300,8913900,10409000,12248100,4966000,1621400,84596000,7241300,11734400,3070200,2631200,11084000,6261600,73833200,185627000,46696000,1928000,11555900,20578800,13204800,15740000,7774700,8690000,4123800,14311500,49750100,58128900,14799700,29813500
2026-03-31,215.7005157470703,203.42999267578125,349.21295166015625,1317.9512939453125,309.510009765625,48.75,60.03102493286133,112.87606048583984,131.02626037597656,205.02215576171875,50.31999969482422,143.45616149902344,845.989990234375,44.130001068115234,244.44000244140625,292.6622314453125,918.189453125,243.25161743164062,120.29000091552734,163.69033813476562,337.8399963378906,174.39999389648438,27.6240177154541,206.503662109375,128.77999877929688,51.38999938964844,328.6600036621094,337.95001220703125,270.5899963378906,52.0099983215332,245.91163635253906,79.15744018554688,61.2599983215332,49.369998931884766,146.61000061035156,168.51620483398438,217.49000549316406,203.42999267578125,351.8500061035156,1320.8299560546875,309.510009765625,48.75,60.650001525878906,113.41000366210938,132.0,206.89999389648438,50.31999969482422,144.57000732421875,845.989990234375,44.130001068115234,244.44000244140625,294.1600036621094,919.77001953125,244.17999267578125,120.29000091552734,164.57000732421875,337.8399963378906,174.39999389648438,28.079999923706055,208.08999633789062,128.77999877929688,51.38999938964844,328.6600036621094,337.95001220703125,270.5899963378906,52.0099983215332,247.0800018310547,79.61000061035156,61.2599983215332,49.369998931884766,146.61000061035156,169.66000366210938,219.1699981689453,204.0,355.489990234375,1322.4100341796875,310.30999755859375,48.77000045776367,61.130001068115234,113.7699966430664,135.1999969482422,213.10000610351562,52.310001373291016,151.2899932861328,848.5,44.22999954223633,245.3300018310547,295.07000732421875,924.1400146484375,251.1199951171875,121.2699966430664,165.2899932861328,337.8399963378906,174.6199951171875,28.309999465942383,208.39999389648438,129.2899932861328,53.0,329.17999267578125,338.4100036621094,271.8800048828125,52.130001068115234,254.91000366210938,79.73999786376953,62.83000183105469,49.459999084472656,146.75,174.3800048828125,214.85000610351562,196.41000366210938,347.1099853515625,1276.010009765625,296.3399963378906,47.369998931884766,59.91999816894531,108.3499984741211,128.35000610351562,201.9600067138672,48.939998626708984,141.75,810.0,41.599998474121094,242.64999389648438,284.95001220703125,892.1400146484375,239.55999755859375,118.7699966430664,159.64999389648438,311.489990234375,166.9600067138672,27.790000915527344,203.07000732421875,125.77999877929688,51.040000915527344,314.8800048828125,321.1400146484375,262.6099853515625,50.720001220703125,242.5500030517578,77.44999694824219,60.040000915527344,48.5099983215332,144.60000610351562,165.97000122070312,215.05999755859375,198.0500030517578,350.7300109863281,1284.3299560546875,299.3900146484375,47.68000030517578,60.20000076293945,109.0999984741211,132.75999450683594,210.89999389648438,51.689998626708984,149.0,823.9000244140625,41.95000076293945,243.00999450683594,288.4700012207031,893.489990234375,245.5,119.02999877929688,161.5,321.6700134277344,166.97000122070312,27.989999771118164,204.91000366210938,128.39999389648438,52.220001220703125,315.6000061035156,322.30999755859375,263.0,51.18000030517578,249.77999877929688,77.83000183105469,62.040000915527344,48.91999816894531,144.80999755859375,172.6699981689453,8311700,42318700,3747100,1731500,29289500,49060600,12797200,18267700,13519300,17403900,21718100,6302500,2689800,95294900,7554200,12956900,3464200,3033800,10713300,8081700,73551800,226181300,44841500,2122500,12219800,22268600,14036500,18488000,9170800,15709800,3744000,19097600,94766900,85361900,17866000,32006700
2026-04-01,213.21116638183594,210.2100067138672,350.6322021484375,1356.7965087890625,313.489990234375,49.27000045776367,61.099998474121094,114.75715637207031,127.43296813964844,195.61830139160156,48.59000015258789,139.338134765625,860.2100219726562,48.029998779296875,244.1199951171875,293.87603759765625,952.8796997070312,237.2545166015625,120.83999633789062,165.28176879882812,367.8500061035156,175.75,28.086383819580078,207.6448974609375,127.27999877929688,50.029998779296875,338.5400085449219,341.489990234375,273.9800109863281,52.75,240.31822204589844,80.11198425292969,58.970001220703125,49.439998626708984,147.72999572753906,159.69607543945312,214.97999572753906,210.2100067138672,353.2799987792969,1359.760009765625,313.489990234375,49.27000045776367,61.72999954223633,115.30000305175781,128.3800048828125,197.41000366210938,48.59000015258789,140.4199981689453,860.2100219726562,48.029998779296875,244.1199951171875,295.3800048828125,954.52001953125,238.16000366210938,120.83999633789062,166.1699981689453,367.8500061035156,175.75,28.549999237060547,209.24000549316406,127.27999877929688,50.029998779296875,338.5400085449219,341.489990234375,273.9800109863281,52.75,241.4600067138672,80.56999969482422,58.970001220703125,49.439998626708984,147.72999572753906,160.77999877929688,220.4499969482422,213.8300018310547,357.0,1385.719970703125,315.7900085449219,50.04999923706055,62.22999954223633,116.79000091552734,129.92999267578125,204.77999877929688,49.81999969482422,142.5800018310547,870.2000122070312,48.77000045776367,247.1999969482422,298.7200012207031,976.6799926757812,243.0,122.19000244140625,169.2899932861328,377.8900146484375,177.3699951171875,28.639999389648438,211.91000366210938,130.22999572753906,51.380001068115234,342.6499938964844,348.67999267578125,275.29998779296875,53.02000045776367,245.00999450683594,81.69999694824219,60.619998931884766,49.849998474121094,148.75999450683594,168.0,213.75,205.83999633789062,351.6600036621094,1344.56005859375,310.4800109863281,48.779998779296875,60.869998931884766,114.06999969482422,126.44000244140625,194.91000366210938,47.63999938964844,138.4600067138672,850.1500244140625,44.97999954223633,243.74000549316406,292.9100036621094,925.989990234375,233.1699981689453,120.2699966430664,163.1999969482422,343.0,174.75,28.040000915527344,208.86000061035156,126.9800033569336,49.540000915527344,332.3500061035156,339.75,270.760009765625,52.2599983215332,235.69000244140625,80.18000030517578,58.36000061035156,49.13999938964844,146.9499969482422,159.52999877929688,218.3699951171875,207.58999633789062,354.8999938964844,1345.6400146484375,313.3699951171875,49.70000076293945,61.209999084472656,115.47000122070312,128.14999389648438,201.99000549316406,49.099998474121094,140.9199981689453,859.9500122070312,45.0,245.60000610351562,295.3900146484375,926.8800048828125,241.35000610351562,120.87999725341797,168.91000366210938,348.9100036621094,176.0,28.270000457763672,210.16000366210938,128.0,50.349998474121094,333.489990234375,343.8999938964844,274.2099914550781,52.75,242.75,81.19000244140625,59.720001220703125,49.79999923706055,147.22000122070312,165.77000427246094,5702800,40835800,2726600,1745000,19171000,32947000,9881900,13273700,12979900,23051900,18746100,5707200,1803600,129598500,6314600,11267200,6267900,3277700,6351700,7117000,74429800,168132000,44208500,1899200,10210700,19574100,10130800,15011600,5473400,7985700,5062300,14979400,96652900,61558300,16899200,37927600
2026-04-02,207.12168884277344,217.5,345.3322448730469,1314.359130859375,314.54998779296875,49.380001068115234,59.599998474121094,114.70738983154297,129.5571746826172,197.1641387939453,49.4900016784668,141.54103088378906,863.0399780273438,50.380001068115234,243.0399932861328,293.1000061035156,933.9722290039062,240.81094360351562,120.87000274658203,164.92369079589844,366.239990234375,177.38999938964844,27.86012077331543,210.0861358642578,126.80000305175781,49.439998626708984,339.6099853515625,339.0400085449219,277.260009765625,52.95000076293945,242.93577575683594,80.14181518554688,59.25,49.529998779296875,146.80999755859375,159.60667419433594,208.83999633789062,217.5,347.94000244140625,1317.22998046875,314.54998779296875,49.380001068115234,59.599998474121094,115.25,130.52000427246094,198.97000122070312,49.4900016784668,142.63999938964844,863.0399780273438,50.380001068115234,243.0399932861328,294.6000061035156,935.5800170898438,241.72999572753906,120.87000274658203,165.80999755859375,366.239990234375,177.38999938964844,28.31999969482422,211.6999969482422,126.80000305175781,49.439998626708984,339.6099853515625,339.0400085449219,277.260009765625,52.95000076293945,244.08999633789062,80.5999984741211,59.25,49.529998779296875,146.80999755859375,160.69000244140625,214.55999755859375,217.77999877929688,354.1600036621094,1356.199951171875,314.69000244140625,49.56999969482422,60.58000183105469,115.61000061035156,134.41000366210938,205.47999572753906,50.68000030517578,147.0,867.2999877929688,50.4900016784668,247.2100067138672,295.6199951171875,957.6900024414062,247.72999572753906,121.6500015258789,167.0,366.94000244140625,177.49000549316406,28.75,211.85000610351562,127.0,51.099998474121094,340.3900146484375,342.07000732421875,279.0400085449219,53.08000183105469,250.72000122070312,80.83999633789062,61.0099983215332,49.810001373291016,148.36000061035156,166.89999389648438,207.7100067138672,200.6199951171875,345.8699951171875,1298.1800537109375,301.75,48.15999984741211,59.099998474121094,111.75,129.11000061035156,198.0399932861328,48.59000015258789,140.89999389648438,831.0,46.040000915527344,241.8699951171875,288.7200012207031,930.02001953125,238.7899932861328,119.22000122070312,160.57000732421875,340.20001220703125,171.3699951171875,28.219999313354492,205.22999572753906,124.01000213623047,48.84000015258789,325.0299987792969,326.79998779296875,271.5299987792969,51.599998474121094,241.0,78.69000244140625,58.97999954223633,48.599998474121094,146.27000427246094,159.58999633789062,213.99000549316406,204.0500030517578,352.7200012207031,1305.5400390625,304.489990234375,48.75,60.22999954223633,112.31999969482422,131.3000030517578,202.50999450683594,50.29999923706055,144.74000549316406,838.3900146484375,46.060001373291016,245.11000061035156,291.9100036621094,945.0,245.0,120.37000274658203,161.99000549316406,341.3399963378906,172.17999267578125,28.5,207.14999389648438,125.2300033569336,50.5099983215332,325.1099853515625,326.8399963378906,272.2900085449219,51.95000076293945,248.60000610351562,79.41000366210938,60.529998779296875,48.83000183105469,146.92999267578125,164.49000549316406,5151100,38463500,1604300,1883400,14021100,27548200,14752800,9833900,7383800,11528000,13939700,2879100,1717700,117134200,6878700,6669300,2727100,1842600,6387900,5107500,51498700,143143200,30920600,2398000,8575300,14883800,6521000,8994600,6407000,7052700,2669300,10001800,60400500,39519800,11087900,25377700
2026-04-06,204.9893798828125,220.17999267578125,340.00250244140625,1301.16796875,314.42999267578125,50.060001373291016,59.33000183105469,116.80745697021484,130.66891479492188,197.0551300048828,49.650001525878906,141.9478759765625,866.0499877929688,50.779998779296875,240.97000122070312,295.45001220703125,925.4668579101562,240.48219299316406,120.8499984741211,165.6597442626953,377.760009765625,177.63999938964844,27.378076553344727,211.51516723632812,125.7300033569336,49.779998779296875,344.1000061035156,341.760009765625,281.3599853515625,53.439998626708984,244.41873168945312,81.38470458984375,59.68000030517578,49.880001068115234,146.27999877929688,162.2686004638672,206.69000244140625,220.17999267578125,342.57000732421875,1304.010009765625,314.42999267578125,50.060001373291016,59.33000183105469,117.36000061035156,131.63999938964844,198.86000061035156,49.650001525878906,143.0500030517578,866.0499877929688,50.779998779296875,240.97000122070312,295.45001220703125,927.0599975585938,241.39999389648438,120.8499984741211,166.5500030517578,377.760009765625,177.63999938964844,27.829999923706055,213.13999938964844,125.7300033569336,49.779998779296875,344.1000061035156,341.760009765625,281.3599853515625,53.439998626708984,245.5800018310547,81.8499984741211,59.68000030517578,49.880001068115234,146.27999877929688,163.3699951171875,209.0,226.30999755859375,348.1700134277344,1320.0,316.3999938964844,50.119998931884766,59.630001068115234,117.69999694824219,131.72999572753906,199.77000427246094,49.880001068115234,143.7100067138672,873.2100219726562,52.38999938964844,243.52000427246094,296.8299865722656,936.0,241.9600067138672,121.4800033569336,167.6300048828125,385.0799865722656,177.7899932861328,28.229999542236328,213.16000366210938,127.43000030517578,50.060001373291016,345.7699890136719,344.20001220703125,283.29998779296875,53.58000183105469,245.64999389648438,81.87000274658203,59.689998626708984,50.0099983215332,147.13999938964844,163.75,205.3000030517578,217.72999572753906,340.6400146484375,1280.3599853515625,310.2799987792969,49.25,58.77000045776367,115.80000305175781,129.35000610351562,196.35000610351562,49.15999984741211,141.8300018310547,859.77001953125,49.869998931884766,240.5,293.20001220703125,919.780029296875,237.75,120.04000091552734,165.44000244140625,370.6099853515625,175.75999450683594,27.809999465942383,210.63999938964844,123.70999908447266,49.18000030517578,339.9200134277344,338.6199951171875,277.25,52.869998931884766,239.4499969482422,80.76000213623047,58.88999938964844,49.45000076293945,145.75999450683594,159.52999877929688,207.0399932861328,219.27999877929688,345.45001220703125,1315.1099853515625,315.05999755859375,49.43000030517578,59.119998931884766,115.80000305175781,130.5,198.5,49.599998474121094,142.52000427246094,863.0,50.880001068115234,242.64999389648438,294.05999755859375,932.0399780273438,239.5800018310547,120.41000366210938,165.8800048828125,373.79998779296875,177.16000366210938,28.190000534057617,211.9199981689453,126.55999755859375,49.400001525878906,341.5199890136719,339.75,277.8800048828125,53.0099983215332,242.47000122070312,80.95999908447266,59.11000061035156,49.5099983215332,146.27999877929688,160.57000732421875,4929100,30786400,2143700,1299200,12111300,28507200,7954300,13319700,4210000,8245700,9362200,2664600,1444500,79978800,4442400,7142600,1821100,1490200,4890200,3674800,41414900,107564300,25169300,1711400,8038600,7643800,3105000,5884800,7097000,6535900,1486900,7069200,25474200,27345800,7272600,16344300
2026-04-07,204.67201232910156,221.52999877929688,337.4517517089844,1303.6026611328125,333.9700012207031,50.279998779296875,57.66999816894531,116.57853698730469,130.79795837402344,199.71080017089844,49.95000076293945,143.1187744140625,864.1500244140625,52.90999984741211,238.41000366210938,297.3999938964844,929.489990234375,244.48690795898438,119.27999877929688,167.52969360351562,377.5799865722656,178.10000610351562,26.659931182861328,212.28921508789062,124.06999969482422,50.349998474121094,347.760009765625,345.32000732421875,307.7300109863281,53.70000076293945,250.30079650878906,81.2852783203125,60.15999984741211,49.880001068115234,146.57000732421875,162.8049774169922,206.3699951171875,221.52999877929688,340.0,1306.449951171875,333.9700012207031,50.279998779296875,57.66999816894531,117.12999725341797,131.77000427246094,201.5399932861328,49.95000076293945,144.22999572753906,864.1500244140625,52.90999984741211,238.41000366210938,297.3999938964844,931.0900268554688,245.4199981689453,119.27999877929688,168.42999267578125,377.5799865722656,178.10000610351562,27.100000381469727,213.9199981689453,124.06999969482422,50.349998474121094,347.760009765625,345.32000732421875,307.7300109863281,53.70000076293945,251.49000549316406,81.75,60.15999984741211,49.880001068115234,146.57000732421875,163.91000366210938,206.49000549316406,222.10000610351562,341.8699951171875,1309.0,334.1499938964844,50.47999954223633,59.22999954223633,117.69999694824219,133.69000244140625,204.6199951171875,50.790000915527344,146.8300018310547,867.969970703125,53.27000045776367,240.77999877929688,298.17999267578125,932.6599731445312,247.07000732421875,119.55999755859375,168.89999389648438,379.25,178.22999572753906,27.68000030517578,215.11000061035156,125.41000366210938,50.439998626708984,347.94000244140625,345.5299987792969,312.42999267578125,53.79999923706055,254.5500030517578,82.08999633789062,60.77000045776367,50.02000045776367,146.91000366210938,166.24000549316406,201.66000366210938,215.3800048828125,335.05999755859375,1272.2099609375,321.79998779296875,49.619998931884766,57.650001525878906,115.75,131.14999389648438,199.24000549316406,49.599998474121094,143.64999389648438,850.0,51.220001220703125,236.00999450683594,292.70001220703125,898.4500122070312,241.3300018310547,116.5,165.2899932861328,364.1000061035156,173.66000366210938,26.780000686645508,211.57000732421875,121.98999786376953,49.20000076293945,338.4700012207031,335.6499938964844,300.75,53.15999984741211,245.7100067138672,80.9000015258789,59.790000915527344,49.5,144.8800048828125,161.77000427246094,206.22999572753906,218.25999450683594,340.989990234375,1290.43994140625,326.7300109863281,49.79999923706055,59.119998931884766,116.4800033569336,132.0,199.97000122070312,49.959999084472656,143.8000030517578,858.0,51.90999984741211,240.77999877929688,293.1400146484375,924.5,242.6199951171875,119.55999755859375,165.69000244140625,374.1300048828125,175.72999572753906,27.65999984741211,212.0,125.06999969482422,49.869998931884766,343.0400085449219,339.44000244140625,308.8500061035156,53.27000045776367,245.91000366210938,81.41000366210938,59.810001373291016,49.619998931884766,146.91000366210938,164.22000122070312,8801600,26483000,3162200,1368900,33310900,28473200,9003100,8450100,6794300,11672600,12451000,4427000,1498400,129543800,6241100,7849100,2726900,1976000,11376400,6036400,40224100,132534900,46620500,3991200,8840400,9928200,4026000,6823500,22099800,9198300,3611700,8820900,38811700,31750000,10263400,25227500
2026-04-08,209.84906005859375,231.82000732421875,347.188232421875,1417.9530029296875,350.6300048828125,51.880001068115234,59.20000076293945,122.9085922241211,124.29627227783203,191.13931274414062,47.90999984741211,137.97869873046875,905.75,58.95000076293945,241.3000030517578,307.9700012207031,951.6618041992188,231.09800720214844,123.18000030517578,175.07913208007812,406.7300109863281,182.0800018310547,27.023921966552734,219.0770721435547,127.51000213623047,51.880001068115234,370.3999938964844,365.8999938964844,305.9800109863281,55.36000061035156,238.50682067871094,84.17874145507812,58.04999923706055,51.20000076293945,149.6699981689453,155.16680908203125,211.58999633789062,231.82000732421875,349.80999755859375,1421.050048828125,350.6300048828125,51.880001068115234,59.20000076293945,123.48999786376953,125.22000122070312,192.88999938964844,47.90999984741211,139.0500030517578,905.75,58.95000076293945,241.3000030517578,307.9700012207031,953.2999877929688,231.97999572753906,123.18000030517578,176.02000427246094,406.7300109863281,182.0800018310547,27.469999313354492,220.75999450683594,127.51000213623047,51.880001068115234,370.3999938964844,365.8999938964844,305.9800109863281,55.36000061035156,239.63999938964844,84.66000366210938,58.04999923706055,51.20000076293945,149.6699981689453,156.22000122070312,212.22000122070312,234.0,351.3299865722656,1429.2900390625,354.1400146484375,52.2599983215332,59.22999954223633,124.48999786376953,125.88999938964844,193.1699981689453,48.099998474121094,139.3699951171875,918.1199951171875,59.16999816894531,241.3300018310547,311.260009765625,961.1400146484375,233.55999755859375,123.62999725341797,181.25999450683594,416.0,185.25999450683594,27.489999771118164,222.11000061035156,128.88999938964844,52.310001373291016,371.1499938964844,374.29998779296875,312.9700012207031,55.75,241.64999389648438,85.7300033569336,58.189998626708984,51.47999954223633,149.6999969482422,156.35000610351562,204.55999755859375,227.08999633789062,342.3500061035156,1384.22998046875,342.5299987792969,51.369998931884766,57.66999816894531,121.7300033569336,120.69999694824219,188.60000610351562,45.099998474121094,133.0,893.5999755859375,54.79999923706055,233.89999389648438,305.3299865722656,933.1300048828125,228.05999755859375,117.94000244140625,174.49000549316406,398.8800048828125,180.3000030517578,26.969999313354492,218.75999450683594,125.62000274658203,49.7599983215332,362.1300048828125,359.239990234375,304.8299865722656,54.7599983215332,231.88999938964844,84.25,56.18000030517578,50.959999084472656,147.5,150.97999572753906,206.25999450683594,232.1199951171875,345.6099853515625,1421.0,351.75,51.939998626708984,58.0099983215332,121.94999694824219,122.16000366210938,191.41000366210938,46.27000045776367,135.44000244140625,903.010009765625,55.369998931884766,236.63999938964844,307.9700012207031,941.52001953125,232.30999755859375,119.5999984741211,176.89999389648438,415.1300048828125,184.5,27.25,218.9199981689453,128.64999389648438,50.43000030517578,367.8900146484375,370.2900085449219,312.0,55.220001220703125,235.0,84.5,56.68000030517578,51.189998626708984,148.1999969482422,153.52000427246094,5477500,35496400,2666400,2427300,31573100,36473500,11587600,16312000,12713800,17195400,18025000,5852200,2439000,184599900,8771100,10590200,2568000,2924100,9256900,7662600,49216600,147732700,33789100,2651700,12535800,20970100,9868700,16356900,9645000,8145600,5313900,15130300,88023600,48175400,8130700,31311200
2026-04-09,210.6523895263672,236.63999938964844,352.9348449707031,1445.4827880859375,354.9100036621094,52.709999084472656,59.470001220703125,124.33186340332031,122.5591812133789,188.6322784423828,47.880001068115234,135.52772521972656,903.719970703125,61.720001220703125,241.30999755859375,310.3299865722656,953.5485229492188,222.67018127441406,122.68000030517578,177.2076873779297,421.510009765625,183.91000366210938,26.777982711791992,221.5282440185547,127.75,52.540000915527344,378.6300048828125,365.489990234375,306.9100036621094,56.33000183105469,233.98829650878906,85.53099822998047,57.33000183105469,51.33000183105469,149.3300018310547,153.99476623535156,212.39999389648438,236.63999938964844,355.6000061035156,1448.6400146484375,354.9100036621094,52.709999084472656,59.470001220703125,124.91999816894531,123.47000122070312,190.36000061035156,47.880001068115234,136.5800018310547,903.719970703125,61.720001220703125,241.30999755859375,310.3299865722656,955.1900024414062,223.52000427246094,122.68000030517578,178.16000366210938,421.510009765625,183.91000366210938,27.219999313354492,223.22999572753906,127.75,52.540000915527344,378.6300048828125,365.489990234375,306.9100036621094,56.33000183105469,235.10000610351562,86.0199966430664,57.33000183105469,51.33000183105469,149.3300018310547,155.0399932861328,213.50999450683594,237.10000610351562,359.45001220703125,1453.550048828125,358.70001220703125,52.84000015258789,59.689998626708984,125.4800033569336,127.91000366210938,196.6699981689453,49.11000061035156,141.42999267578125,909.4000244140625,62.08000183105469,244.1999969482422,311.260009765625,963.760009765625,234.4499969482422,124.0,179.0,423.94000244140625,184.0800018310547,27.5,224.1199951171875,128.58999633789062,52.88999938964844,378.95001220703125,368.1700134277344,307.8900146484375,56.540000915527344,245.55999755859375,86.1500015258789,59.02000045776367,51.540000915527344,150.22000122070312,159.22999572753906,208.74000549316406,230.91000366210938,346.4200134277344,1412.1199951171875,351.5,51.630001068115234,58.540000915527344,122.33000183105469,123.27999877929688,189.27000427246094,47.599998474121094,135.22000122070312,895.2899780273438,58.38999938964844,240.5399932861328,306.1099853515625,939.2899780273438,218.8800048828125,121.3499984741211,174.8000030517578,398.44000244140625,180.6199951171875,27.18000030517578,217.9600067138672,126.80000305175781,51.16999816894531,371.29998779296875,360.7200012207031,304.1400146484375,55.040000915527344,233.1199951171875,84.44000244140625,57.11000061035156,50.79999923706055,148.3000030517578,154.30999755859375,209.47999572753906,233.00999450683594,347.4599914550781,1412.1199951171875,352.29998779296875,51.630001068115234,58.70000076293945,122.80999755859375,126.29000091552734,194.30999755859375,48.150001525878906,139.75999450683594,902.0,58.400001525878906,241.3000030517578,306.95001220703125,948.469970703125,231.25,122.9000015258789,175.1699981689453,407.6099853515625,181.83999633789062,27.209999084472656,218.66000366210938,127.26000213623047,51.70000076293945,371.29998779296875,363.29998779296875,305.82000732421875,55.060001373291016,240.08999633789062,84.44999694824219,58.20000076293945,50.939998626708984,148.8300018310547,156.86000061035156,4477800,27126200,2940700,1579700,20514900,32008000,6572100,8835400,9069400,11634000,13745500,5203900,1797800,155609900,6216500,6586600,1672100,2864800,8666300,5298900,43101000,116428500,27047600,1902600,9352700,16033100,6036700,9246000,5742000,10182700,3905400,10496100,55088500,30330500,6406400,25868400
2026-04-10,206.22909545898438,245.0399932861328,348.3891296386719,1475.0582275390625,371.54998779296875,52.540000915527344,58.619998931884766,123.80435943603516,121.6459732055664,186.83871459960938,47.790000915527344,135.14073181152344,907.7999877929688,62.380001068115234,238.4600067138672,309.8699951171875,937.8555297851562,221.77359008789062,121.41999816894531,176.69046020507812,420.5899963378906,188.6300048828125,26.48285484313965,219.4442596435547,128.05999755859375,51.91999816894531,386.6000061035156,370.6000061035156,304.3299865722656,55.65999984741211,237.69070434570312,84.9145278930664,56.939998626708984,50.77000045776367,147.30999755859375,151.4818115234375,207.94000244140625,245.0399932861328,351.0199890136719,1478.280029296875,371.54998779296875,52.540000915527344,58.619998931884766,124.38999938964844,122.55000305175781,188.5500030517578,47.790000915527344,136.19000244140625,907.7999877929688,62.380001068115234,238.4600067138672,309.8699951171875,939.469970703125,222.6199951171875,121.41999816894531,177.63999938964844,420.5899963378906,188.6300048828125,26.920000076293945,221.1300048828125,128.05999755859375,51.91999816894531,386.6000061035156,370.6000061035156,304.3299865722656,55.65999984741211,238.82000732421875,85.4000015258789,56.939998626708984,50.77000045776367,147.30999755859375,152.50999450683594,214.10000610351562,249.5800018310547,357.4599914550781,1502.5,376.54998779296875,52.83000183105469,59.79999923706055,125.47000122070312,124.05000305175781,190.9600067138672,48.08000183105469,137.0399932861328,908.9600219726562,63.38999938964844,242.25999450683594,310.3500061035156,963.9400024414062,223.27999877929688,123.01000213623047,178.66000366210938,423.8599853515625,190.0,27.360000610351562,223.8000030517578,130.61000061035156,53.75,389.6000061035156,378.0,310.3699951171875,56.31999969482422,239.07000732421875,85.9000015258789,57.47999954223633,51.290000915527344,149.83999633789062,155.1199951171875,207.75,238.9600067138672,349.75,1473.719970703125,360.82000732421875,52.20000076293945,58.459999084472656,123.61000061035156,121.31999969482422,186.47000122070312,46.97999954223633,134.3000030517578,895.0,60.75,237.91000366210938,306.7200012207031,935.5399780273438,216.97000122070312,120.94999694824219,174.6999969482422,410.04998779296875,184.3000030517578,26.770000457763672,220.38999938964844,127.8499984741211,51.68000030517578,382.6700134277344,369.75,304.20001220703125,55.56999969482422,230.1999969482422,84.98999786376953,56.400001525878906,50.63999938964844,147.11000061035156,151.9199981689453,213.5500030517578,239.0,357.4599914550781,1482.3499755859375,360.94000244140625,52.79999923706055,59.790000915527344,125.23999786376953,123.30000305175781,189.7100067138672,47.630001068115234,135.00999450683594,903.3699951171875,61.52000045776367,242.0,310.0,963.6900024414062,221.0399932861328,122.95999908447266,178.66000366210938,420.2900085449219,184.30999755859375,27.31999969482422,222.91000366210938,128.8000030517578,52.560001373291016,382.6700134277344,375.5899963378906,307.95001220703125,56.290000915527344,233.8300018310547,85.83000183105469,57.16999816894531,51.22999954223633,149.77999877929688,154.0399932861328,4633200,36477200,2258100,1519600,29958100,25225300,8060100,8958000,10487700,11151400,10332200,3092100,1642700,98624400,7354500,6069700,1958900,2216700,9707000,4240100,36377600,160459500,27882400,1798100,8427400,13219900,5596900,13168200,5212900,7385000,2896900,7946200,42561700,35427500,6217800,21065000
2026-04-13,204.7711944580078,246.8300018310547,347.1981506347656,1496.9302978515625,379.75,53.349998474121094,58.060001373291016,125.68545532226562,122.70807647705078,190.03939819335938,47.27000045776367,135.90480041503906,890.7899780273438,65.18000030517578,237.9600067138672,313.67999267578125,927.9525756835938,224.43344116210938,120.1500015258789,180.1717529296875,426.55999755859375,189.30999755859375,26.896034240722656,221.3000030517578,131.24000549316406,51.91999816894531,393.3399963378906,369.57000732421875,313.0,56.5099983215332,240.93528747558594,86.14747619628906,57.11000061035156,51.65999984741211,147.97000122070312,151.61094665527344,206.47000122070312,246.8300018310547,349.82000732421875,1500.199951171875,379.75,53.349998474121094,58.060001373291016,126.27999877929688,123.62000274658203,191.77999877929688,47.27000045776367,136.9600067138672,890.7899780273438,65.18000030517578,237.9600067138672,313.67999267578125,929.5499877929688,225.2899932861328,120.1500015258789,181.13999938964844,426.55999755859375,189.30999755859375,27.34000015258789,223.0,131.24000549316406,51.91999816894531,393.3399963378906,369.57000732421875,313.0,56.5099983215332,242.0800018310547,86.63999938964844,57.11000061035156,51.65999984741211,147.97000122070312,152.63999938964844,208.0800018310547,247.3300018310547,352.6199951171875,1500.800048828125,380.8599853515625,53.439998626708984,58.900001525878906,126.30999755859375,125.33000183105469,192.61000061035156,48.63999938964844,139.3699951171875,896.9400024414062,65.6500015258789,238.38999938964844,313.739990234375,945.9000244140625,228.3800048828125,121.30000305175781,181.17999267578125,426.8800048828125,189.66000366210938,27.56999969482422,223.33999633789062,131.30999755859375,52.75,393.57000732421875,371.4599914550781,313.32000732421875,56.56999969482422,243.30999755859375,86.69999694824219,57.720001220703125,51.66999816894531,148.0500030517578,154.6199951171875,203.00999450683594,242.02999877929688,345.489990234375,1461.030029296875,369.4800109863281,51.849998474121094,57.54999923706055,122.3499984741211,122.37999725341797,189.72000122070312,46.81999969482422,135.60000610351562,865.3400268554688,62.18000030517578,235.17999267578125,305.4599914550781,927.1699829101562,221.64999389648438,119.05999755859375,175.00999450683594,408.5,185.74000549316406,26.68000030517578,218.0,126.45999908447266,51.52000045776367,384.3699951171875,366.04998779296875,302.9200134277344,54.95000076293945,237.77999877929688,84.06999969482422,56.650001525878906,50.41999816894531,146.24000549316406,151.27999877929688,206.42999267578125,245.02999877929688,352.0899963378906,1465.1600341796875,369.6600036621094,52.18000030517578,58.11000061035156,123.01000213623047,124.95999908447266,191.4499969482422,48.33000183105469,138.77000427246094,875.5499877929688,62.18000030517578,237.7100067138672,307.4700012207031,939.969970703125,225.0,121.02999877929688,175.75999450683594,416.4700012207031,186.02999877929688,26.829999923706055,219.61000061035156,128.0,52.20000076293945,384.8800048828125,370.260009765625,303.25,55.290000915527344,243.16000366210938,84.58999633789062,57.619998931884766,50.5,146.8800048828125,154.27000427246094,7532500,22781800,2547700,1709400,24115800,27835300,10529200,14416800,8639400,12000200,10285700,3755000,4236200,112111000,7663600,8318200,2089600,2039700,6357300,6282900,37015800,133648200,44156200,2507400,8615000,11847000,4377400,9596300,7972200,5998000,2772500,14506600,43100900,33635900,6182800,18685600
2026-04-14,208.52999877929688,255.07000732421875,348.3197021484375,1514.990966796875,380.7799987792969,53.349998474121094,58.08000183105469,128.9699249267578,117.91370391845703,185.32260131835938,45.25,132.5607452392578,909.6300048828125,63.810001373291016,240.10000610351562,311.1199951171875,920.9147338867188,223.07861328125,119.95999908447266,182.3599853515625,465.6600036621094,196.50999450683594,26.669769287109375,221.1999969482422,132.83999633789062,51.4900016784668,401.239990234375,379.8900146484375,314.19000244140625,56.09000015258789,234.4660186767578,81.23555755615234,55.95000076293945,51.779998779296875,148.8300018310547,148.23387145996094,210.25999450683594,255.07000732421875,350.95001220703125,1518.300048828125,380.7799987792969,53.349998474121094,58.08000183105469,129.5800018310547,118.79000091552734,187.02000427246094,45.25,133.58999633789062,909.6300048828125,63.810001373291016,240.10000610351562,311.1199951171875,922.5,223.92999267578125,119.95999908447266,183.33999633789062,465.6600036621094,196.50999450683594,27.110000610351562,221.1999969482422,132.83999633789062,51.4900016784668,401.239990234375,379.8900146484375,314.19000244140625,56.09000015258789,235.5800018310547,81.69999694824219,55.95000076293945,51.779998779296875,148.8300018310547,149.24000549316406,210.4199981689453,255.4600067138672,351.7200012207031,1531.97998046875,382.2799987792969,53.56999969482422,58.619998931884766,130.99000549316406,122.27999877929688,189.1699981689453,46.849998474121094,135.05999755859375,914.1900024414062,65.18000030517578,242.19000244140625,314.32000732421875,939.9299926757812,225.97999572753906,120.36000061035156,184.58999633789062,465.7799987792969,196.50999450683594,27.309999465942383,221.97000122070312,132.94000244140625,52.0,401.44000244140625,382.1600036621094,319.6199951171875,56.34000015258789,242.60000610351562,83.16000366210938,56.5,51.90999984741211,149.60000610351562,150.11000061035156,204.05999755859375,245.6999969482422,345.4100036621094,1496.97998046875,376.32000732421875,52.79999923706055,57.560001373291016,126.8499984741211,117.94999694824219,184.60000610351562,44.91999816894531,132.72000122070312,890.0999755859375,62.09000015258789,233.25,308.8699951171875,915.0399780273438,221.1199951171875,118.1500015258789,181.75,424.8599853515625,190.77000427246094,27.079999923706055,218.5500030517578,131.0500030517578,50.90999984741211,393.510009765625,373.2200012207031,312.510009765625,54.380001068115234,234.7899932861328,80.31999969482422,55.40999984741211,51.439998626708984,147.24000549316406,146.72000122070312,204.8000030517578,249.7899932861328,346.17999267578125,1526.3900146484375,377.8999938964844,53.099998474121094,57.900001525878906,128.07000732421875,121.63999938964844,188.60000610351562,46.630001068115234,134.8800048828125,894.4199829101562,65.16000366210938,235.00999450683594,309.82000732421875,925.0,225.5800018310547,119.02999877929688,182.8699951171875,434.3500061035156,190.83999633789062,27.200000762939453,220.64999389648438,132.1999969482422,51.29999923706055,397.8399963378906,379.0400085449219,312.510009765625,56.15999984741211,242.60000610351562,83.0199966430664,56.5,51.5099983215332,147.3800048828125,150.07000732421875,6199400,25733200,2106800,1769200,24423000,40178500,7612900,17034700,9849200,12111000,12501400,2897800,2822600,112796100,10318700,11455500,2360200,1524100,12449400,8803600,52534900,161307000,24558900,2725300,7608300,11104100,5202600,12859500,5864500,15677000,2830100,32845600,58830100,36498400,7722300,18528200
2026-04-15,208.4199981689453,258.1199951171875,345.6101379394531,1478.54052734375,396.7200012207031,54.31999969482422,57.88999938964844,131.0699920654297,118.04273986816406,183.23175048828125,45.22999954223633,131.3699951171875,899.489990234375,64.94000244140625,238.6699981689453,305.92999267578125,903.4747924804688,222.18203735351562,117.9000015258789,190.59573364257812,456.2300109863281,198.8699951171875,26.748470306396484,222.05999755859375,133.0500030517578,52.41999816894531,401.8599853515625,375.1000061035156,314.04998779296875,56.369998931884766,233.88876342773438,79.83358001708984,55.7599983215332,52.16999816894531,147.77000427246094,148.0054168701172,208.4199981689453,258.1199951171875,348.2200012207031,1481.77001953125,396.7200012207031,54.31999969482422,57.88999938964844,131.69000244140625,118.91999816894531,184.91000366210938,45.22999954223633,132.38999938964844,899.489990234375,64.94000244140625,238.6699981689453,305.92999267578125,905.030029296875,223.02999877929688,117.9000015258789,191.6199951171875,456.2300109863281,198.8699951171875,27.190000534057617,222.05999755859375,133.0500030517578,52.41999816894531,401.8599853515625,375.1000061035156,314.04998779296875,56.369998931884766,235.0,80.29000091552734,55.7599983215332,52.16999816894531,147.77000427246094,149.00999450683594,209.82000732421875,258.17999267578125,352.6000061035156,1486.1700439453125,397.0799865722656,55.400001525878906,58.15999984741211,132.86000061035156,120.36000061035156,187.24000549316406,45.689998626708984,134.10000610351562,927.7899780273438,65.83999633789062,240.4199981689453,314.239990234375,930.0,225.83999633789062,120.25,194.58999633789062,463.95001220703125,200.39999389648438,27.360000610351562,225.47000122070312,134.33999633789062,52.84000015258789,402.0899963378906,381.9800109863281,317.760009765625,56.7599983215332,236.55999755859375,81.69000244140625,56.209999084472656,52.33000183105469,149.2100067138672,150.22999572753906,205.5500030517578,251.85000610351562,344.2099914550781,1415.25,385.57000732421875,53.709999084472656,57.220001220703125,130.57000732421875,117.3499984741211,184.0399932861328,44.72999954223633,131.8699951171875,897.0999755859375,62.880001068115234,236.75,304.260009765625,888.030029296875,220.57000732421875,116.63999938964844,187.9199981689453,439.32000732421875,195.74000549316406,26.969999313354492,218.39999389648438,132.27999877929688,51.650001525878906,392.3900146484375,372.2099914550781,311.1499938964844,55.84000015258789,231.02999877929688,80.1500015258789,55.27000045776367,51.81999969482422,146.88999938964844,146.89999389648438,208.99000549316406,254.9600067138672,351.70001220703125,1473.530029296875,389.8800048828125,54.25,58.0,131.25,118.16999816894531,186.36000061035156,45.04999923706055,132.83999633789062,915.0,63.77000045776367,239.94000244140625,313.95001220703125,923.5,222.4499969482422,119.80000305175781,188.49000549316406,457.6300048828125,196.5399932861328,27.18000030517578,222.88999938964844,133.44000244140625,51.7400016784668,400.30999755859375,381.4100036621094,316.0,56.119998931884766,234.08999633789062,80.91999816894531,55.599998474121094,52.06999969482422,148.86000061035156,148.60000610351562,5952100,24695200,2140000,4251700,29559300,63838200,8701600,14738900,6592500,8661600,7743700,3019900,2403900,92051500,6463500,9885800,4233400,1528000,7689400,9853800,40370100,185338400,29648900,2986300,9691500,12535000,5570200,14955500,5041200,11346900,2286900,31494000,39551500,33804700,6669200,15626500
2026-04-16,208.99000549316406,278.260009765625,346.7713928222656,1407.755126953125,398.4700012207031,53.5099983215332,58.959999084472656,128.73104858398438,120.6731948852539,186.4423370361328,45.779998779296875,134.07000732421875,900.0,68.5,234.5399932861328,309.95001220703125,902.4365234375,225.3798370361328,115.45999908447266,186.3187255859375,457.2300109863281,198.35000610351562,26.777982711791992,220.07000732421875,134.47000122070312,51.72999954223633,405.95001220703125,363.3500061035156,316.3999938964844,55.47999954223633,240.59689331054688,80.78811645507812,56.58000183105469,52.029998779296875,146.61000061035156,150.9553985595703,208.99000549316406,278.260009765625,349.3900146484375,1410.8299560546875,398.4700012207031,53.5099983215332,58.959999084472656,129.33999633789062,121.56999969482422,188.14999389648438,45.779998779296875,134.07000732421875,900.0,68.5,234.5399932861328,309.95001220703125,903.989990234375,226.24000549316406,115.45999908447266,187.32000732421875,457.2300109863281,198.35000610351562,27.219999313354492,220.07000732421875,134.47000122070312,51.72999954223633,405.95001220703125,363.3500061035156,316.3999938964844,55.47999954223633,241.74000549316406,81.25,56.58000183105469,52.029998779296875,146.61000061035156,151.97999572753906,209.66000366210938,279.3399963378906,351.25,1453.9200439453125,399.67999267578125,54.5099983215332,58.97999954223633,132.77000427246094,122.44000244140625,188.22999572753906,46.310001373291016,134.75,907.9600219726562,68.61000061035156,238.13999938964844,309.95001220703125,920.0,230.1699981689453,117.8499984741211,192.50999450683594,462.3399963378906,199.85000610351562,27.479999542236328,224.25,135.6999969482422,52.939998626708984,407.4800109863281,370.20001220703125,318.6099853515625,56.220001220703125,242.64999389648438,81.87000274658203,56.880001068115234,52.40999984741211,148.1999969482422,152.77999877929688,206.52000427246094,261.510009765625,346.6000061035156,1406.5,392.3500061035156,53.470001220703125,57.65999984741211,129.22000122070312,119.37000274658203,185.33999633789062,45.189998626708984,131.14999389648438,895.8499755859375,64.2699966430664,232.1199951171875,305.20001220703125,898.1500244140625,223.42999267578125,114.70999908447266,186.6699981689453,444.3800048828125,195.80999755859375,27.149999618530273,219.8699951171875,131.7899932861328,51.56999969482422,397.989990234375,360.54998779296875,313.1099853515625,55.150001525878906,235.0,80.0,55.77000045776367,51.91999816894531,146.2899932861328,149.35000610351562,207.77999877929688,264.989990234375,346.6300048828125,1453.0,395.0,54.040000915527344,57.66999816894531,131.24000549316406,119.51000213623047,185.6199951171875,45.25,131.60000610351562,897.989990234375,64.93000030517578,237.4199981689453,305.3500061035156,911.6699829101562,223.77000427246094,117.12999725341797,190.92999267578125,452.9599914550781,197.42999267578125,27.209999084472656,221.7899932861328,131.7899932861328,52.2599983215332,400.6000061035156,368.8599853515625,315.0,55.75,235.0,80.08999633789062,55.84000015258789,52.09000015258789,147.19000244140625,149.52999877929688,5075400,64850800,1981600,2626700,18872900,35206700,8220700,9290300,6904300,8013200,7604000,5795200,1742100,108328300,8668900,8208600,2836600,2068100,11399900,9138100,33626400,134012900,21905300,2108400,8163700,12080400,4400500,26405800,5205600,13685800,1925200,20713300,31282600,25432000,9072300,15191000
2026-04-17,208.3800048828125,278.3900146484375,352.6370544433594,1456.6185302734375,406.5400085449219,53.90999984741211,60.16999816894531,131.55767822265625,115.18399047851562,182.32009887695312,44.22999954223633,128.42999267578125,925.9500122070312,68.5,234.17999267578125,310.2900085449219,925.4369506835938,212.87754821777344,119.06999969482422,187.8107147216797,455.07000732421875,201.67999267578125,27.11246109008789,224.80999755859375,136.1999969482422,52.65999984741211,415.7099914550781,370.5,324.6300048828125,56.93000030517578,222.59242248535156,80.94721221923828,55.02000045776367,52.43000030517578,148.8000030517578,145.45274353027344,208.3800048828125,278.3900146484375,355.29998779296875,1459.800048828125,406.5400085449219,53.90999984741211,60.16999816894531,132.17999267578125,116.04000091552734,183.99000549316406,44.22999954223633,128.42999267578125,925.9500122070312,68.5,234.17999267578125,310.2900085449219,927.030029296875,213.69000244140625,119.06999969482422,188.82000732421875,455.07000732421875,201.67999267578125,27.559999465942383,224.80999755859375,136.1999969482422,52.65999984741211,415.7099914550781,370.5,324.6300048828125,56.93000030517578,223.64999389648438,81.41000366210938,55.02000045776367,52.43000030517578,148.8000030517578,146.44000244140625,212.35000610351562,281.04998779296875,356.69000244140625,1472.47998046875,406.7300109863281,54.599998474121094,60.47999954223633,133.57000732421875,116.5,184.3000030517578,44.27000045776367,129.0,929.1900024414062,70.33000183105469,235.5399932861328,314.8999938964844,929.989990234375,220.0800018310547,119.19999694824219,191.22000122070312,470.9700012207031,201.6999969482422,27.670000076293945,226.36000061035156,136.97000122070312,53.41999816894531,415.7300109863281,375.5799865722656,325.2699890136719,57.38999938964844,229.0,82.5999984741211,55.15999984741211,52.97999954223633,149.1199951171875,146.8000030517578,207.82000732421875,274.1400146484375,349.4200134277344,1445.68994140625,399.80999755859375,53.75,58.540000915527344,130.66000366210938,112.20999908447266,177.74000549316406,41.91999816894531,124.30999755859375,912.219970703125,67.73999786376953,232.0399932861328,310.0899963378906,917.7999877929688,210.63999938964844,115.55999755859375,188.22999572753906,452.20001220703125,199.27000427246094,27.1200008392334,221.3699951171875,134.41000366210938,50.52000045776367,409.5799865722656,365.1400146484375,317.1400146484375,55.849998474121094,214.7100067138672,81.02999877929688,53.40999984741211,52.29999923706055,147.36000061035156,141.97000122070312,209.66000366210938,281.0,351.8999938964844,1463.760009765625,400.8999938964844,54.15999984741211,59.20000076293945,131.0800018310547,116.33000183105469,181.88999938964844,43.34000015258789,126.30999755859375,915.5,68.8499984741211,234.36000061035156,312.4700012207031,917.7999877929688,217.25,115.55999755859375,189.5,466.8500061035156,199.89999389648438,27.329999923706055,221.52000427246094,136.69000244140625,50.79999923706055,413.3800048828125,373.20001220703125,320.04998779296875,55.95000076293945,228.19000244140625,82.12999725341797,54.40999984741211,52.369998931884766,147.3699951171875,144.86000061035156,8986600,35519900,3685900,1876500,20581700,43484700,11535900,15929400,11665700,15720600,22821000,7249300,2805100,118831500,8946300,11082400,3266100,3800300,16194900,6846100,33405000,160324400,30080400,2538300,9667600,20594600,5729100,18419400,9414700,11266200,6989100,24033900,90913300,45183400,8338100,28947400
2026-04-20,203.7100067138672,274.95001220703125,347.5356140136719,1473.2821044921875,399.6300048828125,53.95000076293945,59.130001068115234,132.423583984375,115.5909652709961,181.58680725097656,44.939998626708984,129.16000366210938,941.739990234375,65.69999694824219,230.69000244140625,316.989990234375,918.3192138671875,213.305908203125,117.0999984741211,189.68064880371094,448.4200134277344,202.05999755859375,27.07311248779297,227.02999877929688,137.52000427246094,52.20000076293945,417.54998779296875,366.239990234375,323.4800109863281,57.0,225.20999145507812,81.5040283203125,55.06999969482422,52.630001068115234,147.4199981689453,146.6843719482422,203.7100067138672,274.95001220703125,350.1600036621094,1476.5,399.6300048828125,53.95000076293945,59.130001068115234,133.0500030517578,116.44999694824219,183.25,44.939998626708984,129.16000366210938,941.739990234375,65.69999694824219,230.69000244140625,316.989990234375,919.9000244140625,214.1199951171875,117.0999984741211,190.6999969482422,448.4200134277344,202.05999755859375,27.520000457763672,227.02999877929688,137.52000427246094,52.20000076293945,417.54998779296875,366.239990234375,323.4800109863281,57.0,226.27999877929688,81.97000122070312,55.06999969482422,52.630001068115234,147.4199981689453,147.67999267578125,208.3300018310547,287.6099853515625,356.8999938964844,1479.300048828125,406.4200134277344,53.95000076293945,60.119998931884766,133.44000244140625,118.22000122070312,186.27000427246094,45.279998779296875,130.1199951171875,941.7999877929688,69.20999908447266,235.25999450683594,317.1300048828125,929.6400146484375,216.1999969482422,119.36000061035156,192.1999969482422,464.55999755859375,202.1699981689453,27.850000381469727,227.9199981689453,138.5,53.15999984741211,418.8599853515625,370.07000732421875,325.3999938964844,57.5,228.61000061035156,82.41000366210938,55.720001220703125,52.7599983215332,148.74000549316406,149.3699951171875,202.83999633789062,272.0,350.0199890136719,1452.0,395.8999938964844,53.18000030517578,58.90999984741211,131.64999389648438,116.06999969482422,182.8300018310547,44.380001068115234,128.02000427246094,922.989990234375,64.47000122070312,229.52999877929688,310.3699951171875,912.5,213.2899932861328,116.75,188.02000427246094,435.8999938964844,197.83999633789062,27.510000228881836,223.6300048828125,136.0800018310547,51.2599983215332,411.7900085449219,364.25,320.1199951171875,56.470001220703125,223.22999572753906,81.23999786376953,54.79999923706055,52.2599983215332,147.14999389648438,146.35000610351562,207.94000244140625,280.6000061035156,354.25,1461.489990234375,405.70001220703125,53.5,60.0,131.97999572753906,116.83999633789062,184.5,44.810001373291016,128.72000122070312,923.6799926757812,68.44999694824219,234.80999755859375,310.8500061035156,926.9000244140625,214.11000061035156,119.1500015258789,188.9199981689453,458.25,199.97999572753906,27.59000015258789,223.75999450683594,136.41000366210938,52.38999938964844,417.42999267578125,369.2200012207031,324.19000244140625,56.470001220703125,224.52000427246094,81.55000305175781,55.099998474121094,52.34000015258789,148.4499969482422,147.3800048828125,5774300,34833900,2107600,1091900,16922000,43999200,7677800,10151800,6124700,9661100,10121300,4408800,2374300,96851100,7810500,10772000,1926300,1417400,7392000,4905200,32013600,119381400,25023000,2151200,7953800,15347100,3493500,11638300,9050600,8287900,3302100,14240500,35150000,26160600,6325700,16354400
2026-04-21,205.1199951171875,284.489990234375,342.2752990722656,1455.790283203125,402.1700134277344,53.47999954223633,59.38999938964844,131.06002807617188,119.37286376953125,184.2920379638672,45.599998474121094,132.42999267578125,926.5499877929688,66.26000213623047,226.16000366210938,313.0,901.4682006835938,219.51223754882812,112.55999755859375,188.29808044433594,449.3800048828125,199.8800048828125,26.866519927978516,228.0500030517578,135.55999755859375,52.77000045776367,420.70001220703125,368.0799865722656,346.010009765625,56.84000015258789,232.286376953125,81.08641815185547,55.869998931884766,52.29999923706055,145.9199981689453,147.35980224609375,205.1199951171875,284.489990234375,344.8599853515625,1458.969970703125,402.1700134277344,53.47999954223633,59.38999938964844,131.67999267578125,120.26000213623047,185.97999572753906,45.599998474121094,132.42999267578125,926.5499877929688,66.26000213623047,226.16000366210938,313.0,903.02001953125,220.35000610351562,112.55999755859375,189.30999755859375,449.3800048828125,199.8800048828125,27.309999465942383,228.0500030517578,135.55999755859375,52.77000045776367,420.70001220703125,368.0799865722656,346.010009765625,56.84000015258789,233.38999938964844,81.55000305175781,55.869998931884766,52.29999923706055,145.9199981689453,148.36000061035156,206.1999969482422,286.20001220703125,350.2300109863281,1480.1700439453125,403.6000061035156,54.650001525878906,59.72999954223633,135.2899932861328,120.62000274658203,186.3699951171875,45.72999954223633,132.91000366210938,952.010009765625,67.66999816894531,229.69000244140625,320.239990234375,913.0499877929688,220.7899932861328,116.52999877929688,193.13999938964844,457.82000732421875,202.75,27.6200008392334,230.25,138.25999450683594,53.72999954223633,423.3500061035156,370.75,357.67999267578125,58.04999923706055,234.27000427246094,83.0999984741211,55.959999084472656,53.189998626708984,148.55999755859375,148.80999755859375,200.9199981689453,276.6199951171875,340.05999755859375,1446.25,394.57000732421875,53.209999084472656,57.790000915527344,131.25999450683594,116.72000122070312,182.33999633789062,44.5099983215332,129.1999969482422,922.5399780273438,65.63999938964844,224.6999969482422,312.75,881.1099853515625,213.05999755859375,111.91000366210938,188.7100067138672,441.29998779296875,199.0,27.200000762939453,226.69000244140625,135.0500030517578,52.63999938964844,416.6700134277344,365.1099853515625,345.2300109863281,56.70000076293945,224.36000061035156,81.19999694824219,54.91999816894531,52.20000076293945,145.8800048828125,146.24000549316406,204.00999450683594,277.3299865722656,350.2300109863281,1476.0899658203125,399.4100036621094,54.0,59.150001525878906,133.60000610351562,117.04000091552734,183.97000122070312,44.939998626708984,129.88999938964844,944.5,67.13999938964844,229.35000610351562,317.489990234375,910.2000122070312,215.8699951171875,116.48999786376953,190.7899932861328,451.32000732421875,202.1300048828125,27.520000457763672,227.02000427246094,138.1199951171875,52.70000076293945,420.3999938964844,368.0799865722656,353.010009765625,57.099998474121094,226.6999969482422,82.1500015258789,55.31999969482422,52.709999084472656,148.2899932861328,147.3699951171875,7772100,38950900,2066600,1274600,16275500,34266300,9002400,8081400,8138900,9799000,11074100,3480400,1765400,91402300,11681200,7084300,4062800,1466600,12769500,5154900,27734000,107945300,29833000,3090600,11874600,13591200,3676800,9808200,26097300,9241000,2685200,17387300,41299800,34150100,8735300,17515900
2026-04-22,200.5,303.4599914550781,343.327392578125,1440.513671875,422.6499938964844,53.119998931884766,58.79999923706055,129.1192169189453,121.69559478759766,184.6289520263672,47.119998931884766,133.00999450683594,934.8400268554688,65.2699966430664,226.10000610351562,313.0199890136719,919.8964233398438,221.22569274902344,112.88999938964844,190.02879333496094,487.4800109863281,202.5,26.364803314208984,225.05999755859375,136.07000732421875,54.349998474121094,431.7699890136719,387.44000244140625,353.5199890136719,56.599998474121094,233.2517852783203,80.12193298339844,56.540000915527344,52.209999084472656,146.3800048828125,148.4921112060547,200.5,303.4599914550781,345.9200134277344,1443.6600341796875,422.6499938964844,53.119998931884766,58.79999923706055,129.72999572753906,122.5999984741211,186.32000732421875,47.119998931884766,133.00999450683594,934.8400268554688,65.2699966430664,226.10000610351562,313.0199890136719,921.47998046875,222.07000732421875,112.88999938964844,191.0500030517578,487.4800109863281,202.5,26.799999237060547,225.05999755859375,136.07000732421875,54.349998474121094,431.7699890136719,387.44000244140625,353.5199890136719,56.599998474121094,234.36000061035156,80.58000183105469,56.540000915527344,52.209999084472656,146.3800048828125,149.5,205.99000549316406,304.25,347.67999267578125,1477.0,423.20001220703125,53.79999923706055,59.70000076293945,132.47000122070312,123.2300033569336,189.4199981689453,47.31999969482422,134.19000244140625,940.97998046875,68.7699966430664,227.47999572753906,315.1499938964844,922.5399780273438,224.13999938964844,113.51000213623047,192.22999572753906,491.9800109863281,202.5,27.389999389648438,229.72000122070312,137.49000549316406,54.849998474121094,432.1600036621094,387.9100036621094,358.55999755859375,57.310001373291016,237.27000427246094,81.87999725341797,56.779998779296875,52.650001525878906,147.5800018310547,150.67999267578125,199.80999755859375,286.1400146484375,342.9700012207031,1378.300048828125,404.8599853515625,53.0,58.68000030517578,129.39999389648438,120.91000366210938,186.1199951171875,45.970001220703125,131.69000244140625,931.1500244140625,64.9800033569336,223.77999877929688,311.94000244140625,902.22998046875,218.57000732421875,111.54000091552734,189.82000732421875,458.55999755859375,199.0,26.739999771118164,224.50999450683594,135.5500030517578,53.189998626708984,422.82000732421875,370.6400146484375,349.1000061035156,56.470001220703125,231.88999938964844,80.16999816894531,56.130001068115234,52.06999969482422,146.00999450683594,148.17999267578125,205.1699981689453,291.2200012207031,344.0899963378906,1477.0,406.9800109863281,53.66999816894531,59.400001525878906,132.41000366210938,121.44000244140625,187.27000427246094,46.0,133.41000366210938,939.0,67.94000244140625,226.17999267578125,314.8500061035156,906.4000244140625,222.66000366210938,112.61000061035156,191.67999267578125,462.92999267578125,200.99000549316406,27.350000381469727,229.14999389648438,136.63999938964844,53.5,427.260009765625,371.7799987792969,350.8800048828125,57.04999923706055,236.39999389648438,81.55000305175781,56.36000061035156,52.47999954223633,146.50999450683594,149.3699951171875,7646200,49054200,2136100,2621800,23702500,24097600,7499800,10439100,6562700,8708300,12758100,4856300,1382600,90267300,9003400,5545900,2623800,2240700,8037500,4492100,45998100,107501000,35246800,1936900,9432700,14433100,6557600,16317200,11807300,8558600,2294500,13724200,40565500,31838400,8316900,13738700
2026-04-23,200.9499969482422,305.3299865722656,346.00714111328125,1414.7100830078125,419.94000244140625,52.470001220703125,59.02000045776367,127.90495300292969,123.45254516601562,185.8973388671875,48.150001525878906,133.8699951171875,931.2999877929688,66.77999877929688,230.64999389648438,311.69000244140625,916.0730590820312,220.25938415527344,114.62000274658203,187.6416015625,481.7200012207031,199.63999938964844,26.236913681030273,225.08999633789062,133.9499969482422,54.7400016784668,441.0,382.6600036621094,354.55999755859375,56.630001068115234,232.7242889404297,80.05233001708984,56.97999954223633,51.79999923706055,146.24000549316406,149.51516723632812,200.9499969482422,305.3299865722656,348.6199951171875,1417.800048828125,419.94000244140625,52.470001220703125,59.02000045776367,128.50999450683594,124.37000274658203,187.60000610351562,48.150001525878906,133.8699951171875,931.2999877929688,66.77999877929688,230.64999389648438,311.69000244140625,917.6500244140625,221.10000610351562,114.62000274658203,188.64999389648438,481.7200012207031,199.63999938964844,26.670000076293945,225.08999633789062,133.9499969482422,54.7400016784668,441.0,382.6600036621094,354.55999755859375,56.630001068115234,233.8300018310547,80.51000213623047,56.97999954223633,51.79999923706055,146.24000549316406,150.52999877929688,202.75999450683594,310.2200012207031,350.69000244140625,1450.0,429.30999755859375,53.52000045776367,59.25,129.99000549316406,125.58000183105469,188.4199981689453,48.5,135.10000610351562,944.3900146484375,68.27999877929688,231.38999938964844,314.989990234375,930.0,224.16000366210938,115.0199966430664,191.75999450683594,493.6199951171875,203.8300018310547,26.829999923706055,227.2899932861328,136.99000549316406,55.529998779296875,446.6400146484375,388.760009765625,356.8500061035156,57.2400016784668,236.25999450683594,81.37000274658203,57.189998626708984,52.16999816894531,146.77000427246094,151.22999572753906,200.41000366210938,299.760009765625,345.5,1396.22998046875,417.79998779296875,52.25,58.63999938964844,126.83999633789062,123.37999725341797,185.5,47.36000061035156,132.88999938964844,920.6900024414062,65.41999816894531,227.02999877929688,308.8900146484375,911.8900146484375,220.35000610351562,113.0999984741211,186.89999389648438,471.79998779296875,197.22000122070312,26.3799991607666,222.9199981689453,132.0500030517578,54.439998626708984,434.0400085449219,375.80999755859375,350.5,56.09000015258789,230.38999938964844,79.73999786376953,56.470001220703125,51.29999923706055,145.16000366210938,148.5,201.0500030517578,302.010009765625,345.5199890136719,1438.949951171875,422.3900146484375,53.060001373291016,58.84000015258789,129.49000549316406,123.38999938964844,187.1199951171875,47.56999969482422,133.88999938964844,935.0,66.0999984741211,227.25,313.5199890136719,929.489990234375,223.52999877929688,113.37000274658203,190.66000366210938,482.2799987792969,202.4600067138672,26.760000228881836,225.66000366210938,136.0,54.560001373291016,435.3399963378906,384.25,354.67999267578125,56.86000061035156,235.2899932861328,80.55999755859375,56.88999938964844,52.08000183105469,146.1999969482422,149.85000610351562,7461100,45619700,2033400,1800500,19501600,31956300,6512700,9084600,7958100,6684700,11194700,4624100,1655000,155141800,7097600,6969700,2149200,2249300,6826300,3814400,38178000,113561800,38718400,1375800,10164900,20598000,10812400,12224900,7255800,6048800,2361700,13906500,34707200,44647900,7612000,12970400
2026-04-24,198.7100067138672,347.80999755859375,341.9676208496094,1454.52294921875,422.760009765625,52.04999923706055,58.709999084472656,127.37745666503906,120.8617935180664,183.52902221679688,47.939998626708984,133.1300048828125,926.9099731445312,82.54000091552734,227.5,308.2799987792969,882.4409790039062,223.28781127929688,111.9000015258789,187.06471252441406,496.7200012207031,208.27000427246094,26.561555862426758,219.86000061035156,148.85000610351562,56.150001525878906,461.6000061035156,402.4599914550781,354.9200134277344,55.58000183105469,234.7347412109375,78.96852111816406,56.869998931884766,51.41999816894531,144.17999267578125,147.90609741210938,198.7100067138672,347.80999755859375,344.54998779296875,1457.699951171875,422.760009765625,52.04999923706055,58.709999084472656,127.9800033569336,121.76000213623047,185.2100067138672,47.939998626708984,133.1300048828125,926.9099731445312,82.54000091552734,227.5,308.2799987792969,883.9600219726562,224.13999938964844,111.9000015258789,188.07000732421875,496.7200012207031,208.27000427246094,27.0,219.86000061035156,148.85000610351562,56.150001525878906,461.6000061035156,402.4599914550781,354.9200134277344,55.58000183105469,235.85000610351562,79.41999816894531,56.869998931884766,51.41999816894531,144.17999267578125,148.91000366210938,200.25,352.989990234375,347.6600036621094,1472.6500244140625,425.0,52.5099983215332,59.209999084472656,129.05999755859375,124.13999938964844,186.4199981689453,48.150001525878906,133.69000244140625,932.9199829101562,85.22000122070312,229.99000549316406,311.1499938964844,900.4199829101562,224.5800018310547,114.02999877929688,189.0500030517578,506.989990234375,210.9499969482422,27.299999237060547,225.22000122070312,151.5399932861328,56.900001525878906,463.8699951171875,409.489990234375,358.2799987792969,56.77000045776367,235.8699951171875,80.37000274658203,56.91999816894531,51.66999816894531,145.52999877929688,150.3000030517578,197.13999938964844,334.5400085449219,342.5199890136719,1441.68994140625,408.8599853515625,51.93000030517578,58.349998474121094,127.5,120.48999786376953,183.1999969482422,47.459999084472656,131.9499969482422,919.219970703125,79.62000274658203,227.02000427246094,307.8900146484375,871.72998046875,219.30999755859375,111.5,187.1199951171875,489.3599853515625,199.80999755859375,26.579999923706055,218.7899932861328,143.5800018310547,54.02000045776367,450.9700012207031,393.8500061035156,351.3900146484375,55.400001525878906,232.11000061035156,79.25,56.16999816894531,51.31999969482422,143.67999267578125,146.9499969482422,198.92999267578125,336.760009765625,346.0,1459.530029296875,424.9800109863281,52.31999969482422,58.86000061035156,128.27999877929688,123.47000122070312,185.22999572753906,47.93000030517578,133.3300018310547,930.489990234375,82.19999694824219,229.02999877929688,311.1499938964844,900.010009765625,221.0399932861328,113.73999786376953,188.7899932861328,495.9200134277344,199.9600067138672,26.690000534057617,224.7899932861328,145.61000061035156,54.33000183105469,457.5899963378906,396.1400146484375,356.489990234375,56.75,234.50999450683594,80.11000061035156,56.77000045776367,51.58000183105469,145.24000549316406,149.63999938964844,7605800,81616700,2201200,1751800,22491100,30265400,6822800,6835000,10968300,9626700,10877000,2985900,1263300,281405200,6067500,5215300,4463700,1523600,7060000,4530600,35379600,214134400,42500200,1741900,29449600,23294100,9072000,21603600,8554600,6146900,1666200,15419600,36426700,27225300,7969700,13735900
2026-04-27,197.3800048828125,334.6300048828125,337.6304016113281,1432.43994140625,418.20001220703125,52.630001068115234,57.779998779296875,128.53199768066406,120.78238677978516,183.10292053222656,48.20000076293945,133.22000122070312,937.8099975585938,84.98999786376953,225.33999633789062,311.6300048828125,866.7779541015625,226.34616088867188,110.2300033569336,189.16342163085938,524.5599975585938,216.61000061035156,26.35496711730957,221.3300018310547,150.25999450683594,55.22999954223633,455.4100036621094,404.9800109863281,354.69000244140625,55.970001220703125,237.12339782714844,80.10204315185547,56.77000045776367,51.810001373291016,143.4600067138672,147.19094848632812,197.3800048828125,334.6300048828125,340.17999267578125,1432.43994140625,418.20001220703125,52.630001068115234,57.779998779296875,129.13999938964844,121.68000030517578,184.77999877929688,48.20000076293945,133.22000122070312,937.8099975585938,84.98999786376953,225.33999633789062,311.6300048828125,868.27001953125,227.2100067138672,110.2300033569336,190.17999267578125,524.5599975585938,216.61000061035156,26.790000915527344,221.3300018310547,150.25999450683594,55.22999954223633,455.4100036621094,404.9800109863281,354.69000244140625,55.970001220703125,238.25,80.55999755859375,56.77000045776367,51.810001373291016,143.4600067138672,148.19000244140625,201.4199981689453,349.2099914550781,348.0400085449219,1458.300048828125,422.75,52.93000030517578,59.130001068115234,129.39999389648438,123.6500015258789,188.3699951171875,48.9900016784668,135.25,941.72998046875,87.0999984741211,227.91000366210938,312.5799865722656,891.2000122070312,230.75999450683594,112.75,190.58999633789062,531.3599853515625,216.8300018310547,27.350000381469727,222.77000427246094,161.0,56.70000076293945,463.0,414.5,356.489990234375,56.41999816894531,241.3000030517578,80.88999938964844,57.68000030517578,51.900001525878906,145.2100067138672,151.17999267578125,196.22999572753906,328.80999755859375,339.9800109863281,1415.68994140625,414.6300048828125,51.83000183105469,57.709999084472656,127.63999938964844,120.22000122070312,183.6699981689453,47.81999969482422,132.89999389648438,926.0,82.61000061035156,224.35000610351562,306.8800048828125,868.0399780273438,224.10000610351562,110.13999938964844,187.75,510.0199890136719,207.3800048828125,26.790000915527344,219.55999755859375,147.0500030517578,55.099998474121094,448.92999267578125,400.3999938964844,348.95001220703125,55.560001373291016,236.07000732421875,79.33999633789062,56.630001068115234,51.27000045776367,143.4199981689453,147.97000122070312,198.0,346.32000732421875,342.3500061035156,1457.8399658203125,420.4800109863281,51.9900016784668,58.209999084472656,127.86000061035156,122.20999908447266,186.19000244140625,48.29999923706055,133.77000427246094,926.0399780273438,83.66999816894531,225.77000427246094,306.8800048828125,878.1300048828125,225.11000061035156,111.22000122070312,187.8699951171875,510.55999755859375,209.64999389648438,27.059999465942383,219.57000732421875,156.30999755859375,56.119998931884766,461.75,413.75,353.9100036621094,55.630001068115234,236.25,79.38999938964844,57.099998474121094,51.310001373291016,143.67999267578125,149.16000366210938,7467600,50585300,2653800,1326200,17451600,28043700,10700300,6155900,12215400,10836600,8762600,2388700,1223000,178820200,7897800,7925300,2700300,1883200,9133600,4163600,41298800,187172400,34764200,1813600,41744000,17070400,8924600,16561200,7256100,6763700,2299100,20114400,33070600,25764300,6571900,13940800
2026-04-28,197.69000244140625,323.2099914550781,337.02496337890625,1384.56005859375,399.8299865722656,52.65999984741211,58.2599983215332,127.92486572265625,123.40290832519531,186.6504364013672,49.47999954223633,135.77999877929688,926.5499877929688,84.5199966430664,227.7899932861328,311.45001220703125,872.498046875,231.7056884765625,110.02999877929688,189.34246826171875,504.2900085449219,213.1699981689453,26.049999237060547,220.88999938964844,150.0,55.650001525878906,438.7099914550781,392.3399963378906,366.7699890136719,56.209999084472656,239.13385009765625,81.03669738769531,57.709999084472656,51.849998474121094,143.83999633789062,149.5449676513672,197.69000244140625,323.2099914550781,339.57000732421875,1384.56005859375,399.8299865722656,52.65999984741211,58.2599983215332,128.52999877929688,124.31999969482422,188.36000061035156,49.47999954223633,135.77999877929688,926.5499877929688,84.5199966430664,227.7899932861328,311.45001220703125,874.0,232.58999633789062,110.02999877929688,190.36000061035156,504.2900085449219,213.1699981689453,26.479999542236328,220.88999938964844,150.0,55.650001525878906,438.7099914550781,392.3399963378906,366.7699890136719,56.209999084472656,240.27000427246094,81.5,57.709999084472656,51.849998474121094,143.83999633789062,150.55999755859375,199.17999267578125,327.5,346.0199890136719,1398.6300048828125,405.80999755859375,53.43000030517578,58.72999954223633,131.30999755859375,124.55999755859375,189.9600067138672,49.77000045776367,136.2100067138672,945.2999877929688,84.58999633789062,231.02999877929688,315.45001220703125,878.1500244140625,233.72999572753906,111.91000366210938,192.64999389648438,518.8300170898438,214.72999572753906,27.579999923706055,223.9199981689453,151.5,56.7599983215332,446.1400146484375,397.8699951171875,369.6300048828125,56.849998474121094,241.99000549316406,81.94999694824219,58.04999923706055,52.400001525878906,144.86000061035156,152.30999755859375,196.44000244140625,310.0,337.82000732421875,1364.81005859375,394.6499938964844,52.630001068115234,57.90999984741211,128.00999450683594,122.45999908447266,186.5500030517578,48.77000045776367,134.05999755859375,924.239990234375,80.80000305175781,226.3699951171875,311.1700134277344,863.3499755859375,227.0800018310547,109.70999908447266,188.66000366210938,488.2300109863281,208.1999969482422,26.31999969482422,220.22000122070312,144.0,55.40999984741211,431.739990234375,384.70001220703125,355.7200012207031,56.09000015258789,238.11000061035156,80.94000244140625,57.380001068115234,51.79999923706055,143.27999877929688,149.8300018310547,198.6699981689453,311.8599853515625,344.5,1389.72998046875,400.30999755859375,53.02000045776367,58.58000183105469,130.4600067138672,124.16999816894531,188.27999877929688,49.13999938964844,135.6999969482422,941.239990234375,81.27999877929688,227.72999572753906,315.20001220703125,871.9000244140625,230.0399932861328,111.5199966430664,191.30999755859375,503.5400085449219,209.49000549316406,27.530000686645508,223.17999267578125,145.0800018310547,55.849998474121094,437.6300048828125,392.1199951171875,356.8399963378906,56.599998474121094,241.19000244140625,81.31999969482422,57.720001220703125,52.20000076293945,144.57000732421875,151.52999877929688,6313100,43002500,2376400,1926900,25519200,21164100,6270800,9585300,7241100,10754900,13961900,3589700,1501600,147773500,7179800,7398600,2561300,1924700,7157600,4107100,44816600,180275400,58079000,1685700,22921300,13619300,11014900,14715800,10604100,7394700,2528300,14826700,39151300,24337500,8612400,15173600
2026-04-29,203.88999938964844,337.1099853515625,335.486572265625,1394.0799560546875,405.45001220703125,52.880001068115234,57.59000015258789,127.00920104980469,127.30391693115234,190.47540283203125,51.08000183105469,139.1199951171875,905.5999755859375,94.75,227.35000610351562,309.25,849.7472534179688,240.89064025878906,110.94999694824219,186.0800018310547,518.4600219726562,209.25,25.833572387695312,218.7100067138672,156.0,55.70000076293945,449.989990234375,393.8299865722656,370.739990234375,56.16999816894531,250.1116943359375,81.04664611816406,59.029998779296875,51.91999816894531,142.83999633789062,153.62725830078125,203.88999938964844,337.1099853515625,338.0199890136719,1394.0799560546875,405.45001220703125,52.880001068115234,57.59000015258789,127.61000061035156,128.25,192.22000122070312,51.08000183105469,139.1199951171875,905.5999755859375,94.75,227.35000610351562,309.25,851.2100219726562,241.80999755859375,110.94999694824219,187.0800018310547,518.4600219726562,209.25,26.260000228881836,218.7100067138672,156.0,55.70000076293945,449.989990234375,393.8299865722656,370.739990234375,56.16999816894531,251.3000030517578,81.51000213623047,59.029998779296875,51.91999816894531,142.83999633789062,154.6699981689453,205.8300018310547,340.1700134277344,339.1199951171875,1399.699951171875,405.6400146484375,53.02000045776367,58.380001068115234,128.9199981689453,128.27999877929688,192.6199951171875,51.29999923706055,139.1999969482422,930.0,94.94999694824219,228.7100067138672,312.04998779296875,869.02001953125,245.3000030517578,111.2300033569336,190.50999450683594,531.02001953125,212.72000122070312,26.549999237060547,222.3300018310547,157.2899932861328,56.880001068115234,450.3699951171875,395.8500061035156,370.8399963378906,56.459999084472656,251.89999389648438,82.0,59.11000061035156,52.29999923706055,143.25,154.9499969482422,190.75,318.8599853515625,333.54998779296875,1374.9200439453125,396.7799987792969,51.83000183105469,57.279998779296875,126.58000183105469,125.08000183105469,189.5,49.88999938964844,136.52999877929688,899.1599731445312,85.87000274658203,224.86000061035156,307.2900085449219,850.510009765625,235.33999633789062,107.9000015258789,185.25,508.79998779296875,207.5800018310547,26.200000762939453,217.7899932861328,151.0,55.18000030517578,442.4100036621094,388.17999267578125,365.010009765625,55.4900016784668,242.1199951171875,80.69999694824219,58.060001373291016,51.70000076293945,141.97000122070312,151.00999450683594,192.0,326.5799865722656,335.010009765625,1386.7099609375,403.5,52.43000030517578,57.650001525878906,128.55999755859375,126.0,190.1300048828125,50.08000183105469,137.5399932861328,927.5,86.13999938964844,225.52000427246094,310.57000732421875,866.0399780273438,235.92999267578125,108.55000305175781,190.00999450683594,526.0,212.6999969482422,26.360000610351562,220.47999572753906,151.4499969482422,56.47999954223633,445.260009765625,392.9100036621094,366.0,56.209999084472656,243.69000244140625,81.23999786376953,58.279998779296875,52.130001068115234,142.25999450683594,152.02000427246094,10406300,44704400,2516500,1256500,15962500,26250700,9462800,12796000,9676900,8644600,17092800,3099500,1725900,235070900,7071100,8031800,3904600,2686000,9769900,5107600,36248500,123711800,29969700,1626500,37571200,13346400,5972800,10313000,9046600,9615600,3673500,19930700,40616700,22153100,11885500,14669100
2026-04-30,211.32000732421875,354.489990234375,343.6549072265625,1438.989990234375,417.42999267578125,53.459999084472656,60.59000015258789,127.37745666503906,124.85214233398438,191.55551147460938,51.369998931884766,140.57000732421875,923.77001953125,94.4800033569336,229.85000610351562,313.2300109863281,932.993896484375,247.3459930419922,109.18000030517578,190.58999633789062,517.1599731445312,199.57000732421875,26.266427993774414,223.0,179.5800018310547,56.880001068115234,461.44000244140625,396.05999755859375,370.4800109863281,56.65999984741211,251.38563537597656,81.7625503540039,59.650001525878906,52.130001068115234,145.99000549316406,153.28955078125,211.32000732421875,354.489990234375,346.25,1438.989990234375,417.42999267578125,53.459999084472656,60.59000015258789,127.9800033569336,125.77999877929688,193.30999755859375,51.369998931884766,140.57000732421875,923.77001953125,94.4800033569336,229.85000610351562,313.2300109863281,934.5999755859375,248.2899932861328,109.18000030517578,190.58999633789062,517.1599731445312,199.57000732421875,26.700000762939453,223.0,179.5800018310547,56.880001068115234,461.44000244140625,396.05999755859375,370.4800109863281,56.65999984741211,252.5800018310547,82.2300033569336,59.650001525878906,52.130001068115234,145.99000549316406,154.3300018310547,214.8699951171875,354.9599914550781,349.5400085449219,1446.6500244140625,418.3800048828125,53.65999984741211,60.779998779296875,128.9199981689453,128.10000610351562,194.1300048828125,51.45000076293945,140.97000122070312,928.0,95.69000244140625,231.16000366210938,314.1000061035156,945.5,249.2100067138672,112.23999786376953,190.72999572753906,535.5,210.3000030517578,26.90999984741211,224.2899932861328,186.88999938964844,57.04999923706055,462.1400146484375,398.7900085449219,371.989990234375,56.97999954223633,253.25,82.62999725341797,59.84000015258789,52.25,146.2899932861328,155.69000244140625,208.1699981689453,332.6000061035156,340.04998779296875,1395.0,404.2300109863281,52.150001525878906,57.38999938964844,126.55000305175781,123.7699966430664,188.5,49.68000030517578,136.0,905.0,91.5,227.80999755859375,306.57000732421875,896.7999877929688,235.86000061035156,108.62999725341797,184.89999389648438,502.5799865722656,198.6999969482422,26.280000686645508,216.63999938964844,163.55999755859375,55.099998474121094,449.3399963378906,385.7099914550781,363.0,55.560001373291016,243.02000427246094,80.01000213623047,57.939998626708984,51.20000076293945,143.66000366210938,151.33999633789062,209.0,341.3599853515625,340.75,1414.3399658203125,415.5199890136719,52.61000061035156,57.689998626708984,127.69999694824219,124.54000091552734,190.25,50.11000061035156,136.72999572753906,910.4099731445312,95.5999984741211,227.9499969482422,307.07000732421875,898.780029296875,237.72999572753906,109.33999633789062,185.60000610351562,529.739990234375,209.92999267578125,26.389999389648438,217.5500030517578,172.0500030517578,55.25,455.70001220703125,397.80999755859375,368.510009765625,55.939998626708984,245.8800048828125,80.81999969482422,58.20000076293945,51.5099983215332,143.67999267578125,152.42999267578125,10319200,42115300,3592600,1414400,21821600,27089200,24880100,12127700,11948000,11748600,9691700,3809500,1880300,160597300,8157200,8865400,8236700,2356700,17131200,5664900,36554400,225239200,39082900,2318700,61132700,13798800,5170200,12788100,6879900,10918700,3529300,13535900,35896800,31406400,12587800,22885900
2026-05-01,206.60000610351562,360.5400085449219,327.3480529785156,1427.02001953125,421.2799987792969,53.2400016784668,58.220001220703125,126.84000396728516,122.28125,188.89984130859375,50.560001373291016,138.9499969482422,923.7100219726562,99.62000274658203,227.19000244140625,312.4700012207031,961.674560546875,245.21412658691406,112.16000366210938,190.1699981689453,542.2100219726562,198.4499969482422,25.902435302734375,220.7100067138672,177.00999450683594,56.91999816894531,465.75,397.6700134277344,368.7799987792969,56.29999923706055,245.70262145996094,80.35061645507812,58.849998474121094,51.91999816894531,145.16000366210938,151.72019958496094,206.60000610351562,360.5400085449219,329.82000732421875,1427.02001953125,421.2799987792969,53.2400016784668,58.220001220703125,127.44000244140625,123.19000244140625,190.6300048828125,50.560001373291016,138.9499969482422,923.7100219726562,99.62000274658203,227.19000244140625,312.4700012207031,963.3300170898438,246.14999389648438,112.16000366210938,190.1699981689453,542.2100219726562,198.4499969482422,26.329999923706055,220.7100067138672,177.00999450683594,56.91999816894531,465.75,397.6700134277344,368.7799987792969,56.29999923706055,246.8699951171875,80.80999755859375,58.849998474121094,51.91999816894531,145.16000366210938,152.75,211.0,362.7900085449219,337.0,1444.1500244140625,423.1700134277344,54.060001373291016,60.09000015258789,130.47999572753906,125.76000213623047,194.08999633789062,51.18000030517578,140.11000061035156,935.780029296875,100.44999694824219,229.77000427246094,316.0799865722656,984.4500122070312,250.0,114.54000091552734,193.5,545.9099731445312,203.0,26.610000610351562,223.6699981689453,179.99000549316406,57.20000076293945,466.9100036621094,403.989990234375,372.8999938964844,57.04999923706055,253.9600067138672,82.66000366210938,59.599998474121094,52.61000061035156,146.61000061035156,155.00999450683594,205.57000732421875,349.25,324.6300048828125,1414.0,413.2799987792969,53.09000015258789,58.029998779296875,126.86000061035156,122.47000122070312,189.75,49.59000015258789,136.47000122070312,912.1400146484375,92.61000061035156,227.02000427246094,311.8299865722656,943.7999877929688,241.00999450683594,111.87999725341797,188.77000427246094,510.2099914550781,197.1199951171875,26.290000915527344,220.6999969482422,171.14999389648438,56.0,455.07000732421875,392.1300048828125,367.0199890136719,56.29999923706055,243.50999450683594,80.80999755859375,58.2599983215332,51.91999816894531,145.14999389648438,151.1300048828125,211.0,351.8699951171875,332.5199890136719,1428.2900390625,415.0899963378906,53.689998626708984,60.02000045776367,128.63999938964844,125.0,191.3000030517578,51.18000030517578,139.88999938964844,916.4000244140625,93.19999694824219,229.05999755859375,313.95001220703125,948.9500122070312,248.0,112.33000183105469,190.49000549316406,511.7799987792969,201.27999877929688,26.600000381469727,223.22999572753906,179.1300048828125,56.43000030517578,458.4700012207031,393.44000244140625,371.9599914550781,56.689998626708984,250.39999389648438,82.25,59.060001373291016,52.400001525878906,146.2899932861328,152.61000061035156,6343100,34279200,3821100,707100,11882600,24825000,18368500,10616500,7784300,10435900,9504600,2618700,1359800,158502800,6863600,6135400,4352400,1841900,11953700,4742700,40215300,128647000,29318700,1028900,21111500,9711100,4155900,9926400,4945400,6572900,2480400,14632700,35828400,39618200,8865800,15458200
2026-05-04,208.16000366210938,341.5400085449219,321.42279052734375,1386.2099609375,416.5,52.189998626708984,57.380001068115234,125.62999725341797,123.98856353759766,190.53485107421875,51.2599983215332,141.61000061035156,903.27001953125,95.77999877929688,224.1999969482422,307.6499938964844,966.2666625976562,251.579833984375,113.11000061035156,188.00999450683594,576.4500122070312,198.47999572753906,25.872920989990234,218.0399932861328,168.3800048828125,55.630001068115234,462.05999755859375,401.6099853515625,370.75,55.2400016784668,250.44012451171875,78.72988891601562,59.38999938964844,51.58000183105469,144.72999572753906,152.65386962890625,208.16000366210938,341.5400085449219,323.8500061035156,1386.2099609375,416.5,52.189998626708984,57.380001068115234,125.62999725341797,124.91000366210938,192.27999877929688,51.2599983215332,141.61000061035156,903.27001953125,95.77999877929688,224.1999969482422,307.6499938964844,967.9299926757812,252.5399932861328,113.11000061035156,188.00999450683594,576.4500122070312,198.47999572753906,26.299999237060547,218.0399932861328,168.3800048828125,55.630001068115234,462.05999755859375,401.6099853515625,370.75,55.2400016784668,251.6300048828125,79.18000030517578,59.38999938964844,51.58000183105469,144.72999572753906,153.69000244140625,208.33999633789062,361.8500061035156,326.7900085449219,1417.0699462890625,423.8299865722656,53.06999969482422,58.0,127.05000305175781,125.2699966430664,193.7100067138672,51.689998626708984,142.5,925.0,99.81999969482422,227.07000732421875,310.6499938964844,974.219970703125,253.2899932861328,114.62000274658203,190.35000610351562,592.7999877929688,201.72999572753906,26.510000228881836,221.41000366210938,180.49000549316406,56.970001220703125,469.6099853515625,407.70001220703125,370.8299865722656,56.119998931884766,252.77999877929688,80.87000274658203,59.630001068115234,52.189998626708984,145.2100067138672,154.47000122070312,204.8699951171875,338.70001220703125,321.9200134277344,1366.7900390625,409.5299987792969,52.0,56.93000030517578,124.5999984741211,121.69999694824219,187.97000122070312,50.369998931884766,138.58999633789062,899.0,95.5999984741211,223.5800018310547,306.510009765625,951.760009765625,245.49000549316406,110.75,187.1199951171875,557.760009765625,194.74000549316406,26.149999618530273,217.14999389648438,166.8300018310547,55.61000061035156,457.80999755859375,395.20001220703125,364.6499938964844,55.20000076293945,244.89999389648438,79.18000030517578,58.220001220703125,51.4900016784668,144.32000732421875,149.52000427246094,205.7100067138672,360.30999755859375,326.0299987792969,1401.77001953125,418.2200012207031,53.06999969482422,57.650001525878906,126.86000061035156,124.01000213623047,190.85000610351562,50.93000030517578,139.85000610351562,922.27001953125,99.18000030517578,225.50999450683594,310.6199951171875,960.0,246.74000549316406,111.41000366210938,189.92999267578125,560.5999755859375,199.5,26.239999771118164,219.1699981689453,177.22000122070312,56.7400016784668,467.92999267578125,404.5199890136719,368.54998779296875,55.84000015258789,248.8800048828125,80.58000183105469,58.72999954223633,51.779998779296875,144.55999755859375,152.6699981689453,4579300,42000200,3481000,1755700,15140400,42929000,9447400,15027900,7793500,8229500,11095700,3331600,1660100,119294000,8215200,7338200,3696900,2316800,7659100,3833000,46043700,125368100,34583400,1286200,23117400,9888700,5233100,9978500,4916900,6218000,2844000,12968800,36883000,44456300,10885900,14238500
2026-05-05,206.11000061035156,355.260009765625,327.1197509765625,1442.9200439453125,427.3599853515625,53.119998931884766,56.95000076293945,128.00999450683594,122.41028594970703,190.89158630371094,50.9900016784668,140.82000732421875,918.8900146484375,108.1500015258789,225.5500030517578,309.3999938964844,987.170654296875,259.5195617675781,113.1500015258789,189.25,640.2000122070312,196.5,26.02048683166504,221.6300048828125,186.5500030517578,56.0,482.7300109863281,394.4100036621094,363.8699951171875,55.599998474121094,252.2515106201172,79.43585205078125,59.45000076293945,51.59000015258789,145.3000030517578,153.83584594726562,206.11000061035156,355.260009765625,329.5899963378906,1442.9200439453125,427.3599853515625,53.119998931884766,56.95000076293945,128.00999450683594,123.31999969482422,192.63999938964844,50.9900016784668,140.82000732421875,918.8900146484375,108.1500015258789,225.5500030517578,309.3999938964844,988.8699951171875,260.510009765625,113.1500015258789,189.25,640.2000122070312,196.5,26.450000762939453,221.6300048828125,186.5500030517578,56.0,482.7300109863281,394.4100036621094,363.8699951171875,55.599998474121094,253.4499969482422,79.88999938964844,59.45000076293945,51.59000015258789,145.3000030517578,154.8800048828125,209.52000427246094,359.57000732421875,329.6600036621094,1454.800048828125,433.3900146484375,53.36000061035156,57.47999954223633,128.5800018310547,124.75,193.6699981689453,51.95000076293945,142.85000610351562,921.75,110.4800033569336,226.52999877929688,310.9700012207031,992.7999877929688,261.6099853515625,114.06999969482422,190.4499969482422,651.739990234375,200.24000549316406,26.75,223.0,187.22000122070312,56.38999938964844,486.17999267578125,406.1300048828125,371.79998779296875,55.79999923706055,255.50999450683594,80.11000061035156,59.7599983215332,51.77000045776367,145.66000366210938,155.2899932861328,205.8300018310547,344.8800048828125,320.5199890136719,1414.3900146484375,419.3500061035156,52.279998779296875,56.72999954223633,126.05000305175781,123.0199966430664,190.4499969482422,50.66999816894531,140.00999450683594,908.219970703125,100.08000183105469,224.89999389648438,306.79998779296875,964.4099731445312,251.88999938964844,112.83000183105469,187.9499969482422,605.469970703125,196.02999877929688,26.010000228881836,217.97000122070312,164.7899932861328,55.45000076293945,470.2300109863281,392.6000061035156,361.80999755859375,55.29999923706055,249.64999389648438,79.01000213623047,58.88999938964844,51.380001068115234,144.4199981689453,152.41000366210938,208.97000122070312,351.510009765625,321.9100036621094,1432.4200439453125,421.6600036621094,52.56999969482422,57.0,126.30999755859375,124.06999969482422,191.22000122070312,51.2400016784668,140.67999267578125,909.72998046875,100.51000213623047,225.38999938964844,307.7099914550781,971.8900146484375,256.0,113.66999816894531,189.33999633789062,609.780029296875,199.3000030517578,26.59000015258789,218.52000427246094,167.64999389648438,55.720001220703125,471.1400146484375,404.6000061035156,370.4800109863281,55.52000045776367,251.55999755859375,79.4000015258789,59.22999954223633,51.56999969482422,145.27999877929688,153.10000610351562,4490500,64235100,3321400,1621400,21175200,28458600,11316700,13566900,7258300,5642800,14916600,3985900,1507200,198482000,5556700,6316800,2955500,2500200,7910400,4807900,64268500,113406600,57656100,1232400,34274900,7547500,7203000,14579000,6489000,7014500,2829500,11379900,27041400,27419600,7174900,12494600
2026-05-06,205.02999877929688,421.3900146484375,328.62835693359375,1544.739990234375,425.44000244140625,53.599998474121094,56.59000015258789,127.5999984741211,118.02289581298828,183.47947692871094,46.599998474121094,134.69000244140625,937.3499755859375,113.01000213623047,224.6199951171875,314.8999938964844,985.353759765625,244.8455352783203,113.55999755859375,193.35000610351562,666.5900268554688,207.8300018310547,26.09918785095215,222.4199981689453,192.57000732421875,55.15999984741211,506.8699951171875,419.5,367.2799987792969,56.15999984741211,235.57077026367188,79.96283721923828,57.0,51.84000015258789,145.39999389648438,147.6875762939453,205.02999877929688,421.3900146484375,331.1099853515625,1544.739990234375,425.44000244140625,53.599998474121094,56.59000015258789,127.5999984741211,118.9000015258789,185.16000366210938,46.599998474121094,134.69000244140625,937.3499755859375,113.01000213623047,224.6199951171875,314.8999938964844,987.0499877929688,245.77999877929688,113.55999755859375,193.35000610351562,666.5900268554688,207.8300018310547,26.530000686645508,222.4199981689453,192.57000732421875,55.15999984741211,506.8699951171875,419.5,367.2799987792969,56.15999984741211,236.69000244140625,80.41999816894531,57.0,51.84000015258789,145.39999389648438,148.69000244140625,207.00999450683594,430.6000061035156,332.9800109863281,1545.52001953125,437.67999267578125,54.20000076293945,57.400001525878906,131.5800018310547,120.0,186.77999877929688,48.7400016784668,137.67999267578125,944.0599975585938,113.5,226.33999633789062,316.260009765625,996.489990234375,254.72000122070312,114.48999786376953,194.8300018310547,667.6699829101562,208.27000427246094,26.68000030517578,226.00999450683594,197.5,56.31999969482422,506.94000244140625,419.70001220703125,368.54998779296875,56.86000061035156,243.83999633789062,81.4800033569336,57.88999938964844,52.2400016784668,146.14999389648438,150.3300018310547,203.55999755859375,402.0400085449219,329.04998779296875,1496.0,417.7799987792969,53.470001220703125,56.36000061035156,127.47000122070312,117.41999816894531,183.13999938964844,46.45000076293945,133.38999938964844,931.3300170898438,106.58000183105469,222.9499969482422,311.3500061035156,983.5,244.4600067138672,112.73999786376953,192.1699981689453,627.5800170898438,198.61000061035156,26.209999084472656,221.80999755859375,188.22000122070312,54.369998931884766,487.8599853515625,400.6499938964844,358.25,56.11000061035156,234.67999267578125,80.3499984741211,56.65999984741211,51.779998779296875,144.89999389648438,147.08999633789062,206.11000061035156,409.489990234375,329.1300048828125,1503.0899658203125,435.55999755859375,53.81999969482422,57.22999954223633,130.49000549316406,117.95999908447266,185.58999633789062,47.5,136.0,935.9299926757812,110.9800033569336,225.25,311.45001220703125,991.3499755859375,253.0,113.1500015258789,192.1699981689453,660.3699951171875,199.88999938964844,26.559999465942383,223.42999267578125,195.17999267578125,54.900001525878906,497.9599914550781,402.3999938964844,363.1000061035156,56.130001068115234,242.72999572753906,80.79000091552734,57.290000915527344,51.91999816894531,145.36000061035156,149.07000732421875,7290000,87732200,2874400,2312400,20707000,27541200,10439400,13363800,13180800,11082900,41051300,5781900,2318200,157320100,7982300,8629500,3921200,2664500,7256100,6319500,55725800,188362800,40357100,1326900,30145000,12937000,9768600,17736400,6695500,9217800,4444300,14347500,57907500,39084600,10613500,20527000
2026-05-07,202.7100067138672,408.4599914550781,326.6235046386719,1516.5999755859375,412.55999755859375,52.75,56.25,129.08999633789062,114.03254699707031,180.84361267089844,45.310001373291016,130.88999938964844,925.8699951171875,109.62000274658203,222.50999450683594,306.2699890136719,973.2846069335938,241.33892822265625,112.30000305175781,190.1699981689453,646.6300048828125,211.5,26.049999237060547,219.2899932861328,202.5500030517578,53.0,492.3599853515625,414.1499938964844,369.739990234375,55.310001373291016,235.23239135742188,78.71000671386719,55.95000076293945,51.54999923706055,144.72000122070312,145.591796875,202.7100067138672,408.4599914550781,329.0899963378906,1516.5999755859375,412.55999755859375,52.75,56.25,129.08999633789062,114.87999725341797,182.5,45.310001373291016,130.88999938964844,925.8699951171875,109.62000274658203,222.50999450683594,306.2699890136719,974.9600219726562,242.25999450683594,112.30000305175781,190.1699981689453,646.6300048828125,211.5,26.479999542236328,219.2899932861328,202.5500030517578,53.0,492.3599853515625,414.1499938964844,369.739990234375,55.310001373291016,236.35000610351562,79.16000366210938,55.95000076293945,51.54999923706055,144.72000122070312,146.5800018310547,207.0,421.7099914550781,331.2799987792969,1550.0,426.489990234375,54.0,56.900001525878906,131.22999572753906,116.23999786376953,183.44000244140625,45.86000061035156,131.4499969482422,945.2899780273438,114.51000213623047,224.77999877929688,316.29998779296875,989.0,242.27000427246094,113.75,194.25,683.0900268554688,214.1999969482422,26.719999313354492,223.0500030517578,223.66000366210938,54.33000183105469,503.67999267578125,420.0,369.80999755859375,56.47999954223633,236.3699951171875,81.01000213623047,56.150001525878906,52.08000183105469,145.83999633789062,147.0800018310547,202.02999877929688,401.0799865722656,327.2200012207031,1497.81005859375,406.29998779296875,52.5,55.56999969482422,127.05999755859375,114.05000305175781,179.52999877929688,44.20000076293945,128.8300018310547,921.97998046875,109.1500015258789,220.6300048828125,306.1400146484375,967.0999755859375,234.13999938964844,111.0999984741211,189.6699981689453,635.4199829101562,206.5,26.15999984741211,218.47999572753906,187.63999938964844,52.79999923706055,488.1300048828125,408.1099853515625,364.7200012207031,55.040000915527344,227.25,78.69000244140625,55.130001068115234,51.41999816894531,144.27000427246094,144.19000244140625,204.9199981689453,417.07000732421875,330.3900146484375,1548.739990234375,421.82000732421875,53.54999923706055,56.439998626708984,127.62000274658203,116.12999725341797,181.5800018310547,45.66999816894531,130.9199981689453,937.9299926757812,111.0199966430664,224.77999877929688,314.6499938964844,985.3699951171875,241.75999450683594,113.51000213623047,193.16000366210938,649.8300170898438,208.33999633789062,26.510000228881836,220.94000244140625,190.6699981689453,54.11000061035156,502.92999267578125,418.0899963378906,366.6400146484375,56.220001220703125,232.0,80.69000244140625,55.869998931884766,51.779998779296875,145.17999267578125,146.8000030517578,6681100,44885500,3296900,1726700,22791700,28682100,10419800,18802300,10356600,12194000,26624600,5807900,1715300,122699900,7269700,8359600,3494900,2458100,7329000,5761900,47527500,168307900,48346000,1268600,51092200,16615500,9913700,13403200,5235400,11680100,3826200,19094800,52909900,36983100,7608000,22509400
2026-05-08,201.5500030517578,455.19000244140625,329.2139587402344,1592.02001953125,430.0,51.310001373291016,56.15999984741211,125.55000305175781,113.02999877929688,179.9716033935547,45.61000061035156,130.02999877929688,936.47998046875,124.91999816894531,221.32000732421875,302.1000061035156,946.8201293945312,243.93899536132812,111.37999725341797,193.08999633789062,746.8099975585938,215.1999969482422,25.68000030517578,216.85000610351562,219.08999633789062,53.27000045776367,520.2999877929688,411.67999267578125,379.9800109863281,55.529998779296875,239.92010498046875,75.63999938964844,55.70000076293945,51.2400016784668,143.49000549316406,143.59535217285156,201.5500030517578,455.19000244140625,331.70001220703125,1592.02001953125,430.0,51.310001373291016,56.15999984741211,125.55000305175781,113.87000274658203,181.6199951171875,45.61000061035156,130.02999877929688,936.47998046875,124.91999816894531,221.32000732421875,302.1000061035156,948.4500122070312,244.8699951171875,111.37999725341797,193.08999633789062,746.8099975585938,215.1999969482422,25.68000030517578,216.85000610351562,219.08999633789062,53.27000045776367,520.2999877929688,411.67999267578125,379.9800109863281,55.529998779296875,241.05999755859375,75.63999938964844,55.70000076293945,51.2400016784668,143.49000549316406,144.57000732421875,202.39999389648438,456.2900085449219,332.3299865722656,1595.31005859375,435.0,53.0099983215332,56.540000915527344,131.9499969482422,115.48999786376953,182.72999572753906,46.369998931884766,131.55999755859375,939.780029296875,130.57000732421875,223.3699951171875,308.989990234375,980.0,247.88999938964844,113.01000213623047,193.5,747.2100219726562,217.8000030517578,26.200000762939453,221.0500030517578,228.0500030517578,53.88999938964844,520.4600219726562,417.0,379.9800109863281,55.63999938964844,242.24000549316406,79.02999877929688,56.22999954223633,51.7400016784668,145.07000732421875,146.5,200.02000427246094,418.2900085449219,328.0,1531.1600341796875,414.0,51.099998474121094,55.779998779296875,125.22000122070312,113.62000274658203,180.74000549316406,45.18000030517578,129.1999969482422,927.4600219726562,111.80000305175781,220.9199981689453,300.5,947.510009765625,238.7100067138672,111.18000030517578,190.47000122070312,676.2100219726562,212.88999938964844,25.600000381469727,216.47000122070312,208.6300048828125,52.72999954223633,502.75,400.8800048828125,371.989990234375,54.90999984741211,232.77999877929688,75.55000305175781,55.459999084472656,51.13999938964844,143.17999267578125,143.9199981689453,201.9199981689453,418.5899963378906,329.4800109863281,1538.530029296875,419.79998779296875,52.97999954223633,56.33000183105469,130.19000244140625,114.63999938964844,182.0399932861328,46.0,130.52999877929688,936.0,111.80999755859375,222.94000244140625,308.25,974.0700073242188,242.1999969482422,112.37999725341797,190.8800048828125,676.4500122070312,213.02999877929688,26.15999984741211,220.19000244140625,213.0,53.18000030517578,504.239990234375,416.95001220703125,371.989990234375,55.61000061035156,235.2100067138672,79.0,55.849998474121094,51.68000030517578,144.58999633789062,145.85000610351562,4915400,58134900,2443200,2288300,22561400,36111200,10033000,17505500,8009500,13053000,15147800,3593600,1665000,227681300,5550600,9464300,3559200,2574900,5725100,5873400,65130900,136421400,38903400,1619300,37850000,10534100,7754500,18531200,6455100,10662400,3408800,31062100,30573500,29627700,10165400,19550100
2026-05-11,202.77999877929688,458.7900085449219,327.1197509765625,1565.81005859375,428.42999267578125,50.54999923706055,55.66999816894531,125.8499984741211,115.55000305175781,183.06329345703125,46.72999954223633,133.30999755859375,944.8599853515625,129.44000244140625,221.42999267578125,300.0,965.3282470703125,251.5200653076172,111.27999877929688,191.10000610351562,795.3300170898438,219.44000244140625,25.809999465942383,214.58999633789062,237.52999877929688,54.93000030517578,532.760009765625,404.5400085449219,384.44000244140625,54.4900016784668,246.95668029785156,73.58000183105469,57.16999816894531,51.18000030517578,143.0399932861328,148.6708984375,202.77999877929688,458.7900085449219,329.5899963378906,1565.81005859375,428.42999267578125,50.54999923706055,55.66999816894531,125.8499984741211,115.55000305175781,184.74000549316406,46.72999954223633,133.30999755859375,944.8599853515625,129.44000244140625,221.42999267578125,300.0,966.989990234375,252.47999572753906,111.27999877929688,191.10000610351562,795.3300170898438,219.44000244140625,25.809999465942383,214.58999633789062,237.52999877929688,54.93000030517578,532.760009765625,404.5400085449219,384.44000244140625,54.4900016784668,248.1300048828125,73.58000183105469,57.16999816894531,51.18000030517578,143.0399932861328,149.67999267578125,205.3800048828125,469.2200012207031,334.19000244140625,1567.989990234375,433.6499938964844,51.38999938964844,56.4900016784668,128.08999633789062,115.97000122070312,185.1999969482422,46.9900016784668,133.49000549316406,949.780029296875,132.75,223.27999877929688,303.19000244140625,995.0,252.5,113.68000030517578,193.6699981689453,818.6699829101562,222.3000030517578,26.18000030517578,219.05999755859375,247.89999389648438,55.06999969482422,533.739990234375,407.7300109863281,384.80999755859375,55.869998931884766,248.63999938964844,75.72000122070312,57.220001220703125,51.459999084472656,145.02000427246094,149.72000122070312,202.00999450683594,450.8800048828125,327.6199951171875,1521.3599853515625,425.04998779296875,50.27000045776367,55.40999984741211,124.69000244140625,113.80000305175781,183.0,46.20000076293945,130.9199981689453,926.6300048828125,123.91999816894531,220.3699951171875,298.8800048828125,943.260009765625,247.75999450683594,111.01000213623047,190.0399932861328,768.0,213.88999938964844,25.68000030517578,213.77000427246094,231.1999969482422,53.63999938964844,521.6599731445312,398.19000244140625,376.07000732421875,54.36000061035156,242.77000427246094,73.19000244140625,56.2400016784668,50.959999084472656,142.6699981689453,146.0,202.00999450683594,460.54998779296875,332.989990234375,1559.300048828125,427.6199951171875,51.209999084472656,56.18000030517578,125.87000274658203,114.43000030517578,183.0,46.40999984741211,131.61000061035156,932.6500244140625,130.8800048828125,221.32000732421875,302.1000061035156,949.0,248.85000610351562,112.1500015258789,192.36000061035156,792.97998046875,214.0399932861328,25.790000915527344,217.30999755859375,232.00999450683594,53.66999816894531,524.0800170898438,406.739990234375,380.45001220703125,55.529998779296875,244.67999267578125,75.66999816894531,56.2599983215332,51.2599983215332,143.75,146.02000427246094,4931700,46085400,1918800,2191300,16825500,33132200,8390900,11377100,6200100,12042100,16317300,3366600,2411400,179486500,6223200,9512000,3517500,2429100,7750600,5272500,70972900,160685800,43558000,2698300,45474000,9513600,7492600,14680000,6949600,7847900,3045500,25403900,31943300,30759200,9255700,14849500
2026-05-12,207.86000061035156,448.2900085449219,333.7695617675781,1520.93994140625,419.29998779296875,50.779998779296875,56.45000076293945,126.44000244140625,117.87000274658203,184.26229858398438,46.77000045776367,134.1300048828125,945.9000244140625,120.61000061035156,224.25999450683594,304.8800048828125,988.1689453125,251.0319366455078,112.37000274658203,191.8800048828125,766.5800170898438,220.77999877929688,25.8700008392334,215.2100067138672,210.30999755859375,55.63999938964844,515.989990234375,397.2799987792969,396.3900146484375,54.47999954223633,245.95144653320312,75.18000030517578,57.56999969482422,51.58000183105469,145.85000610351562,149.614501953125,207.86000061035156,448.2900085449219,336.2900085449219,1520.93994140625,419.29998779296875,50.779998779296875,56.45000076293945,126.44000244140625,117.87000274658203,185.9499969482422,46.77000045776367,134.1300048828125,945.9000244140625,120.61000061035156,224.25999450683594,304.8800048828125,989.8699951171875,251.99000549316406,112.37000274658203,191.8800048828125,766.5800170898438,220.77999877929688,25.8700008392334,215.2100067138672,210.30999755859375,55.63999938964844,515.989990234375,397.2799987792969,396.3900146484375,54.47999954223633,247.1199951171875,75.18000030517578,57.56999969482422,51.58000183105469,145.85000610351562,150.6300048828125,211.32000732421875,458.79998779296875,338.489990234375,1535.1099853515625,429.3399963378906,51.08000183105469,57.02000045776367,126.55999755859375,118.25,186.88999938964844,47.25,134.6199951171875,948.5,127.79000091552734,227.64999389648438,306.05999755859375,997.52001953125,257.6099853515625,113.69000244140625,192.3800048828125,782.760009765625,223.75,26.09000015258789,216.2899932861328,230.0,56.2599983215332,525.1500244140625,402.239990234375,397.4200134277344,54.880001068115234,250.27999877929688,75.25,57.84000015258789,51.70000076293945,146.63999938964844,151.80999755859375,203.50999450683594,426.1099853515625,329.79998779296875,1475.0,408.4100036621094,49.84000015258789,55.45000076293945,123.25,115.68000030517578,184.66000366210938,46.380001068115234,132.3000030517578,920.7999877929688,115.0,221.64999389648438,295.54998779296875,971.1799926757812,251.75999450683594,111.38999938964844,186.4499969482422,706.5999755859375,214.9199981689453,25.739999771118164,210.91000366210938,202.0,54.720001220703125,495.7099914550781,386.1199951171875,382.010009765625,53.619998931884766,246.50999450683594,72.87000274658203,57.13999938964844,50.810001373291016,143.19000244140625,149.77000427246094,204.58999633789062,449.25,331.95001220703125,1526.1400146484375,423.42999267578125,50.86000061035156,56.0099983215332,126.06999969482422,116.66999816894531,186.5,46.790000915527344,134.1199951171875,942.1599731445312,124.36000061035156,223.0,300.0199890136719,974.4400024414062,254.17999267578125,111.5,190.1999969482422,774.7000122070312,218.5500030517578,25.81999969482422,215.0399932861328,229.83999633789062,55.2599983215332,520.8499755859375,397.75,382.8500061035156,54.54999923706055,250.10000610351562,73.9000015258789,57.72999954223633,51.18000030517578,143.80999755859375,151.25,7044100,39140100,3119100,1846800,19004300,33518800,9274000,9937100,6875300,8995100,14734200,3675100,2236500,172516500,8632500,9498200,3037500,2669200,9117400,5333300,73743000,159176600,26819500,1529800,38590100,10046800,14660600,18121800,9236300,9068800,3387300,21003400,36814500,44193700,11897200,16443100
2026-05-13,208.5,445.5,333.9283752441406,1581.5799560546875,416.7900085449219,49.84000015258789,56.38999938964844,124.0999984741211,117.4000015258789,184.31185913085938,46.900001525878906,134.92999267578125,955.4199829101562,120.29000091552734,230.4199981689453,300.25,1014.0044555664062,248.14295959472656,113.44999694824219,193.8300018310547,803.6300048828125,225.8300018310547,25.959999084472656,209.86000061035156,213.1699981689453,55.380001068115234,528.2899780273438,399.79998779296875,401.1600036621094,52.7400016784668,242.94573974609375,73.52999877929688,57.630001068115234,50.9900016784668,146.7100067138672,150.5481719970703,208.5,445.5,336.45001220703125,1581.5799560546875,416.7900085449219,49.84000015258789,56.38999938964844,124.0999984741211,117.4000015258789,186.0,46.900001525878906,134.92999267578125,955.4199829101562,120.29000091552734,230.4199981689453,300.25,1015.75,249.08999633789062,113.44999694824219,193.8300018310547,803.6300048828125,225.8300018310547,25.959999084472656,209.86000061035156,213.1699981689453,55.380001068115234,528.2899780273438,399.79998779296875,401.1600036621094,52.7400016784668,244.10000610351562,73.52999877929688,57.630001068115234,50.9900016784668,146.7100067138672,151.57000732421875,209.52999877929688,459.5,338.0,1602.5999755859375,418.6300048828125,50.779998779296875,56.83000183105469,125.8499984741211,118.01000213623047,186.00999450683594,47.029998779296875,135.19000244140625,959.5499877929688,125.0,230.8000030517578,303.0,1022.8200073242188,254.94000244140625,114.06999969482422,194.9499969482422,814.9500122070312,227.83999633789062,26.09000015258789,215.08999633789062,219.49000549316406,55.83000183105469,532.25,404.67999267578125,404.1499938964844,54.13999938964844,249.55999755859375,74.76000213623047,57.709999084472656,51.33000183105469,146.97999572753906,151.7899932861328,204.3000030517578,432.6499938964844,330.05999755859375,1521.0799560546875,404.79998779296875,49.79999923706055,55.849998474121094,123.76000213623047,115.69000244140625,183.9600067138672,45.9900016784668,132.64999389648438,933.0800170898438,116.41000366210938,225.44000244140625,300.07000732421875,992.0,245.50999450683594,112.04000091552734,189.60000610351562,779.469970703125,221.57000732421875,25.639999389648438,209.6999969482422,207.14999389648438,54.65999984741211,515.9400024414062,391.4700012207031,393.0,52.599998474121094,240.3300018310547,73.27999877929688,56.959999084472656,50.959999084472656,145.1300048828125,149.67999267578125,206.86000061035156,457.0400085449219,332.32000732421875,1539.3900146484375,415.80999755859375,50.36000061035156,55.900001525878906,125.0,117.6500015258789,185.80999755859375,46.599998474121094,134.14999389648438,941.8400268554688,124.0999984741211,225.82000732421875,302.2699890136719,994.75,253.3800048828125,112.25,190.7100067138672,813.1599731445312,224.92999267578125,25.799999237060547,214.13999938964844,216.6300048828125,55.77000045776367,527.6199951171875,398.2699890136719,396.5,54.09000015258789,248.10000610351562,74.1500015258789,57.470001220703125,51.13999938964844,145.32000732421875,150.05999755859375,5705700,30423400,2183800,1691200,16981200,29838000,7997500,7207100,5977100,7554700,14414400,2594800,2355200,115364400,7464500,7709500,3486400,4157600,8110500,4463700,54875100,150405400,39420000,1661000,26226300,13672100,7346400,13127800,8454100,14646400,2240800,16343900,22707200,33440200,15841800,15772800
2026-05-14,210.77000427246094,449.70001220703125,333.71002197265625,1584.510009765625,439.7900085449219,49.849998474121094,56.77000045776367,124.81999969482422,118.97000122070312,184.946044921875,47.2400016784668,135.99000549316406,968.9600219726562,115.93000030517578,230.8000030517578,299.9100036621094,1004.9700317382812,247.87399291992188,113.41000366210938,194.52999877929688,776.010009765625,235.74000549316406,25.75,213.4499969482422,200.0800018310547,55.75,530.030029296875,417.7200012207031,399.0899963378906,53.41999816894531,243.61256408691406,73.79000091552734,58.06999969482422,51.290000915527344,146.6300048828125,151.75,210.77000427246094,449.70001220703125,336.2300109863281,1584.510009765625,439.7900085449219,49.849998474121094,56.77000045776367,124.81999969482422,118.97000122070312,186.63999938964844,47.2400016784668,135.99000549316406,968.9600219726562,115.93000030517578,230.8000030517578,299.9100036621094,1006.7000122070312,248.82000732421875,113.41000366210938,194.52999877929688,776.010009765625,235.74000549316406,25.75,213.4499969482422,200.0800018310547,55.75,530.030029296875,417.7200012207031,399.0899963378906,53.41999816894531,244.77000427246094,73.79000091552734,58.06999969482422,51.290000915527344,146.6300048828125,152.77999877929688,213.50999450683594,453.30999755859375,337.94000244140625,1603.489990234375,442.3599853515625,50.470001220703125,57.04999923706055,126.3499984741211,119.5199966430664,187.57000732421875,47.40999984741211,136.9499969482422,975.6599731445312,118.56999969482422,231.75999450683594,303.75,1018.1699829101562,251.5500030517578,113.9000015258789,197.5,812.0,236.5399932861328,26.100000381469727,214.10000610351562,209.52999877929688,55.9900016784668,533.1300048828125,421.9700012207031,401.8999938964844,53.84000015258789,244.97000122070312,74.48999786376953,58.18000030517578,51.4900016784668,147.39999389648438,153.1199951171875,208.35000610351562,435.67999267578125,333.4700012207031,1563.280029296875,415.5899963378906,49.4900016784668,56.099998474121094,123.4800033569336,117.01000213623047,185.25,46.380001068115234,134.0,960.5,113.16999816894531,229.16000366210938,298.80999755859375,996.010009765625,247.39999389648438,112.56999969482422,193.41000366210938,775.6300048828125,229.3000030517578,25.719999313354492,211.61000061035156,199.66000366210938,55.279998779296875,522.2100219726562,402.1000061035156,396.0,53.2599983215332,240.63999938964844,73.22000122070312,57.5099983215332,51.099998474121094,145.94000244140625,151.25999450683594,209.5,440.6000061035156,336.260009765625,1573.739990234375,416.7300109863281,50.060001373291016,56.689998626708984,125.08000183105469,117.12999725341797,186.19000244140625,46.439998626708984,134.5,966.9000244140625,114.66000366210938,231.0,302.25,1017.489990234375,248.0500030517578,113.62999725341797,195.6199951171875,787.6199951171875,229.85000610351562,26.06999969482422,211.9499969482422,208.50999450683594,55.400001525878906,526.5,403.2099914550781,401.0,53.34000015258789,243.64999389648438,73.9800033569336,57.650001525878906,51.27000045776367,146.85000610351562,151.89999389648438,5006500,26113600,2041600,1412600,19733800,37671800,7687000,8226300,5316400,6222400,10112900,2771100,1898000,118279800,6974400,7364300,1751700,2009500,5284200,4785000,42142700,180782900,24102700,1572100,24883900,5192600,5212400,18577100,5342500,7846400,2192600,19388500,23487000,37059700,7763800,11331500
2026-05-15,210.38999938964844,424.1000061035156,326.30999755859375,1501.81005859375,425.19000244140625,49.77000045776367,57.0,123.41999816894531,122.41000366210938,189.36557006835938,49.4900016784668,140.25999450683594,948.469970703125,108.7699966430664,226.7100067138672,297.80999755859375,1004.9199829101562,254.0603790283203,111.37999725341797,192.50999450683594,724.6599731445312,225.32000732421875,25.329999923706055,212.83999633789062,201.49000549316406,55.380001068115234,508.5199890136719,404.3500061035156,393.8500061035156,53.119998931884766,249.55433654785156,73.41999816894531,59.439998626708984,51.099998474121094,145.10000610351562,157.9199981689453,210.38999938964844,424.1000061035156,326.30999755859375,1501.81005859375,425.19000244140625,49.77000045776367,57.0,123.41999816894531,122.41000366210938,191.10000610351562,49.4900016784668,140.25999450683594,948.469970703125,108.7699966430664,226.7100067138672,297.80999755859375,1004.9199829101562,255.02999877929688,111.37999725341797,192.50999450683594,724.6599731445312,225.32000732421875,25.329999923706055,212.83999633789062,201.49000549316406,55.380001068115234,508.5199890136719,404.3500061035156,393.8500061035156,53.119998931884766,250.74000549316406,73.41999816894531,59.439998626708984,51.099998474121094,145.10000610351562,157.9199981689453,214.9199981689453,439.0,336.2300109863281,1527.25,432.80999755859375,49.9900016784668,57.11000061035156,124.5,122.4800033569336,191.5,49.560001373291016,140.38999938964844,959.5,110.56999969482422,232.13999938964844,300.7900085449219,1014.3800048828125,255.39999389648438,113.93000030517578,194.42999267578125,749.5900268554688,231.5,25.829999923706055,213.74000549316406,207.39999389648438,55.959999084472656,518.7899780273438,409.8699951171875,397.6300048828125,53.41999816894531,251.0,74.05999755859375,59.470001220703125,51.5,147.16000366210938,158.0,209.02000427246094,423.3599853515625,325.1600036621094,1486.6400146484375,419.79998779296875,49.29999923706055,56.13999938964844,122.7300033569336,120.48999786376953,187.89999389648438,47.7400016784668,137.61000061035156,941.6099853515625,105.0199966430664,226.44000244140625,296.45001220703125,997.4099731445312,250.63999938964844,110.94000244140625,191.11000061035156,719.0,224.24000549316406,25.239999771118164,210.86000061035156,199.16000366210938,55.22999954223633,506.260009765625,398.8299865722656,390.25,52.33000183105469,245.8800048828125,72.77999877929688,58.47999954223633,51.040000915527344,144.88999938964844,153.0,213.10000610351562,433.3399963378906,336.2300109863281,1511.739990234375,432.80999755859375,49.619998931884766,56.63999938964844,124.4800033569336,120.77999877929688,188.60000610351562,47.880001068115234,138.49000549316406,953.6500244140625,109.79000091552734,230.77000427246094,300.2099914550781,1006.97998046875,252.22999572753906,113.9000015258789,193.8800048828125,732.5700073242188,229.75999450683594,25.75,213.32000732421875,201.64999389648438,55.470001220703125,511.6700134277344,406.5,394.29998779296875,53.400001525878906,247.17999267578125,73.94000244140625,58.70000076293945,51.31999969482422,146.75999450683594,153.75,5385000,29131600,3447700,1807400,18957100,46282300,10824000,7762100,7059500,11210800,16485700,2996000,1862700,135206000,12167000,8699300,2820700,2156900,10028900,5937700,48519000,180977600,37110100,2469800,25876800,10566800,9388200,11868600,9811200,10007200,3125900,16479000,33565500,29789800,9039900,27882400
2026-05-18,209.41000366210938,420.989990234375,324.3900146484375,1472.3900146484375,420.7099914550781,50.689998626708984,57.310001373291016,122.41000366210938,124.54000091552734,194.33999633789062,49.68000030517578,142.99000549316406,946.3599853515625,108.16999816894531,228.9199981689453,300.7300109863281,988.0900268554688,258.54327392578125,112.55999755859375,192.69000244140625,681.5399780273438,222.32000732421875,25.329999923706055,213.72000122070312,203.63999938964844,57.150001525878906,495.8699951171875,395.95001220703125,391.1300048828125,53.45000076293945,257.29754638671875,74.37000274658203,60.58000183105469,51.7400016784668,145.72000122070312,160.49000549316406,209.41000366210938,420.989990234375,324.3900146484375,1472.3900146484375,420.7099914550781,50.689998626708984,57.310001373291016,122.41000366210938,124.54000091552734,196.1199951171875,49.68000030517578,142.99000549316406,946.3599853515625,108.16999816894531,228.9199981689453,300.7300109863281,988.0900268554688,259.5299987792969,112.55999755859375,192.69000244140625,681.5399780273438,222.32000732421875,25.329999923706055,213.72000122070312,203.63999938964844,57.150001525878906,495.8699951171875,395.95001220703125,391.1300048828125,53.45000076293945,258.5199890136719,74.37000274658203,60.58000183105469,51.7400016784668,145.72000122070312,160.49000549316406,211.36000061035156,438.79998779296875,325.7699890136719,1522.489990234375,422.010009765625,50.91999816894531,58.5,124.44999694824219,125.1500015258789,196.1999969482422,50.13999938964844,144.0,961.6900024414062,115.54000091552734,229.6999969482422,301.260009765625,1003.0,261.0400085449219,112.88999938964844,194.80999755859375,757.0,230.0,25.389999389648438,215.72000122070312,210.8000030517578,57.59000015258789,519.9600219726562,406.8800048828125,392.1400146484375,53.79999923706055,260.30999755859375,74.7699966430664,60.70000076293945,51.79999923706055,145.7899932861328,161.72999572753906,207.67999267578125,410.7099914550781,321.2099914550781,1453.3399658203125,414.3699951171875,49.720001220703125,57.08000183105469,121.80999755859375,120.38999938964844,189.02999877929688,48.31999969482422,138.1999969482422,938.5499877929688,103.8499984741211,225.86000061035156,297.2200012207031,978.8699951171875,249.49000549316406,110.97000122070312,191.13999938964844,663.25,218.3699951171875,25.190000534057617,212.99000549316406,193.5800018310547,55.11000061035156,486.9200134277344,391.04998779296875,383.5,53.029998779296875,246.49000549316406,73.33000183105469,58.720001220703125,50.970001220703125,144.1199951171875,155.22999572753906,210.3699951171875,429.5,325.54998779296875,1521.25,421.4100036621094,49.720001220703125,57.45000076293945,123.30999755859375,122.0,191.1699981689453,49.0099983215332,138.94000244140625,947.739990234375,113.47000122070312,226.7100067138672,298.0,1000.6099853515625,252.0500030517578,111.43000030517578,192.6199951171875,750.4600219726562,229.8699951171875,25.31999969482422,213.57000732421875,206.77000427246094,55.150001525878906,518.02001953125,406.8800048828125,390.0,53.150001525878906,249.9499969482422,73.33000183105469,59.130001068115234,51.0099983215332,144.5,157.32000732421875,5069000,28432100,2030100,1664400,17863300,33404100,11659300,8770600,5805200,9869700,15396100,3156300,1508000,145764000,10141600,7546300,2016000,2032300,8047200,3770200,60042500,146280900,34111300,1452900,21082500,11461700,9999000,12117200,8400700,5987600,3255600,16934200,41516600,32974600,7949200,20065200
2026-05-19,213.75999450683594,414.04998779296875,330.75,1459.43994140625,411.07000732421875,50.70000076293945,58.310001373291016,119.97000122070312,125.11000061035156,197.25,49.689998626708984,144.3000030517578,928.739990234375,110.80000305175781,230.0,295.70001220703125,1021.4099731445312,262.0199890136719,114.23999786376953,189.5800018310547,698.739990234375,220.61000061035156,25.65999984741211,213.27000427246094,195.61000061035156,56.77000045776367,496.739990234375,392.6099853515625,389.239990234375,53.29999923706055,261.3781433105469,74.55000305175781,61.290000915527344,51.099998474121094,147.32000732421875,162.5500030517578,213.75999450683594,414.04998779296875,330.75,1459.43994140625,411.07000732421875,50.70000076293945,58.310001373291016,119.97000122070312,125.11000061035156,197.25,49.689998626708984,144.3000030517578,928.739990234375,110.80000305175781,230.0,295.70001220703125,1021.4099731445312,263.0199890136719,114.23999786376953,189.5800018310547,698.739990234375,220.61000061035156,25.65999984741211,213.27000427246094,195.61000061035156,56.77000045776367,496.739990234375,392.6099853515625,389.239990234375,53.29999923706055,262.6199951171875,74.55000305175781,61.290000915527344,51.099998474121094,147.32000732421875,162.5500030517578,215.8000030517578,428.75,332.3399963378906,1485.760009765625,417.95001220703125,51.279998779296875,58.63999938964844,121.44999694824219,126.0,198.8699951171875,50.369998931884766,144.64999389648438,939.6400146484375,113.06999969482422,230.85000610351562,301.7900085449219,1021.7999877929688,263.5,115.0999984741211,192.83999633789062,725.9500122070312,224.47999572753906,25.959999084472656,215.33999633789062,201.5,57.66999816894531,506.0400085449219,398.8800048828125,394.989990234375,53.66999816894531,262.8900146484375,75.3499984741211,61.4900016784668,51.790000915527344,148.07000732421875,163.32000732421875,208.72999572753906,393.3599853515625,320.9700012207031,1441.31005859375,405.8599853515625,50.380001068115234,57.08000183105469,119.76000213623047,124.12000274658203,193.47000122070312,49.060001373291016,142.6300048828125,923.8099975585938,102.4000015258789,228.0399932861328,295.260009765625,984.5999755859375,256.6499938964844,112.12999725341797,188.94000244140625,652.2100219726562,217.91000366210938,25.239999771118164,211.35000610351562,191.02000427246094,56.41999816894531,477.95001220703125,385.05999755859375,387.510009765625,52.61000061035156,254.60000610351562,73.8499984741211,60.29999923706055,51.04999923706055,144.85000610351562,159.63999938964844,209.89999389648438,412.6000061035156,323.25,1449.9300537109375,409.82000732421875,50.72999954223633,57.31999969482422,121.44999694824219,125.86000061035156,194.92999267578125,50.130001068115234,144.35000610351562,933.219970703125,106.9800033569336,228.94000244140625,301.0899963378906,989.510009765625,260.8299865722656,112.55999755859375,191.5500030517578,665.5800170898438,219.6199951171875,25.299999237060547,213.1300048828125,196.86000061035156,57.22999954223633,484.3999938964844,389.510009765625,390.0,53.2400016784668,259.5199890136719,74.4800033569336,60.810001373291016,51.630001068115234,145.6199951171875,161.5,7220300,38756900,3040400,1395400,20652100,44154600,7998900,11092200,6029000,11819200,12242200,3109700,1767300,150234900,9677900,8066900,3796000,1770700,7555400,6357900,61792100,140948200,41036700,1319000,19605200,11605500,12217000,14083000,5016800,7519800,3842000,18649800,31111000,35956300,12388200,20715600
2026-05-20,212.3000030517578,447.5799865722656,331.57000732421875,1550.1300048828125,417.760009765625,51.22999954223633,58.540000915527344,124.81999969482422,122.36000061035156,191.3300018310547,48.459999084472656,141.6300048828125,982.1199951171875,118.95999908447266,229.32000732421875,301.9800109863281,1018.8699951171875,258.3699951171875,113.0,197.77000427246094,731.989990234375,223.47000122070312,25.790000915527344,216.8300018310547,202.50999450683594,57.279998779296875,520.3099975585938,401.6199951171875,383.29998779296875,54.5,252.57000732421875,75.80999755859375,59.79999923706055,51.65999984741211,147.1300048828125,156.27999877929688,212.3000030517578,447.5799865722656,331.57000732421875,1550.1300048828125,417.760009765625,51.22999954223633,58.540000915527344,124.81999969482422,122.36000061035156,191.3300018310547,48.459999084472656,141.6300048828125,982.1199951171875,118.95999908447266,229.32000732421875,301.9800109863281,1018.8699951171875,258.3699951171875,113.0,197.77000427246094,731.989990234375,223.47000122070312,25.790000915527344,216.8300018310547,202.50999450683594,57.279998779296875,520.3099975585938,401.6199951171875,383.29998779296875,54.5,253.77000427246094,75.80999755859375,59.79999923706055,51.65999984741211,147.1300048828125,156.27999877929688,214.5,449.3900146484375,333.5299987792969,1555.800048828125,424.1700134277344,51.58000183105469,59.209999084472656,125.27999877929688,126.0,198.19000244140625,50.279998779296875,145.6999969482422,982.72998046875,121.94000244140625,232.0,302.92999267578125,1037.8800048828125,264.1400146484375,114.94999694824219,198.07000732421875,735.6799926757812,226.1300048828125,26.030000686645508,218.08999633789062,203.58999633789062,57.70000076293945,520.5399780273438,403.8800048828125,393.3800048828125,54.56999969482422,263.75,76.30000305175781,61.70000076293945,51.709999084472656,148.02000427246094,163.67999267578125,211.5,426.04998779296875,326.79998779296875,1492.3199462890625,411.4200134277344,50.4900016784668,58.11000061035156,119.88999938964844,121.7699966430664,191.27000427246094,48.36000061035156,140.22000122070312,940.5,114.80000305175781,229.1699981689453,293.6700134277344,1003.6900024414062,254.6999969482422,112.9000015258789,190.08999633789062,700.6599731445312,220.5,25.670000076293945,211.8800048828125,194.0,56.599998474121094,506.54998779296875,395.95001220703125,380.70001220703125,53.04999923706055,251.77999877929688,73.9800033569336,59.68000030517578,50.779998779296875,146.2899932861328,156.27000427246094,213.36000061035156,428.0400085449219,330.75,1502.3800048828125,412.80999755859375,50.9900016784668,58.66999816894531,120.97000122070312,124.2699966430664,196.25,49.349998474121094,143.8699951171875,945.0,116.22000122070312,231.69000244140625,296.70001220703125,1024.989990234375,260.0400085449219,114.62999725341797,191.9600067138672,734.9600219726562,223.17999267578125,25.760000228881836,214.47999572753906,197.0,56.869998931884766,507.7300109863281,397.0,389.54998779296875,53.560001373291016,261.45001220703125,74.88999938964844,60.810001373291016,51.22999954223633,147.5399932861328,161.61000061035156,5129000,36137500,4074400,1744500,16312600,47739400,8547200,11182000,5665700,14564900,12715900,3499700,3104400,165086900,7353800,9327000,2998800,2210100,9130600,7201100,48827400,184201600,35574200,2087900,19037500,11128300,9457600,10254300,7783900,5250700,2959500,14695300,61776800,42148400,10527900,18509700
2026-05-21,214.5,449.5899963378906,337.4200134277344,1592.0,414.57000732421875,51.4900016784668,59.54999923706055,125.22000122070312,120.55000305175781,191.00999450683594,47.11000061035156,139.97999572753906,988.1699829101562,118.5,231.72999572753906,303.0,1041.6500244140625,248.42999267578125,115.87999725341797,200.50999450683594,762.0999755859375,219.50999450683594,25.950000762939453,218.3699951171875,213.41000366210938,57.25,524.7100219726562,407.1499938964844,382.4800109863281,54.560001373291016,241.08999633789062,75.91999816894531,59.130001068115234,51.72999954223633,148.14999389648438,155.2899932861328,214.5,449.5899963378906,337.4200134277344,1592.0,414.57000732421875,51.4900016784668,59.54999923706055,125.22000122070312,120.55000305175781,191.00999450683594,47.11000061035156,139.97999572753906,988.1699829101562,118.5,231.72999572753906,303.0,1041.6500244140625,248.42999267578125,115.87999725341797,200.50999450683594,762.0999755859375,219.50999450683594,25.950000762939453,218.3699951171875,213.41000366210938,57.25,524.7100219726562,407.1499938964844,382.4800109863281,54.560001373291016,241.08999633789062,75.91999816894531,59.130001068115234,51.72999954223633,148.14999389648438,155.2899932861328,215.63999938964844,451.20001220703125,337.6300048828125,1601.7900390625,422.25,51.5,59.61000061035156,125.44999694824219,124.41000366210938,194.16000366210938,49.130001068115234,143.64999389648438,999.5,119.41000366210938,231.88999938964844,303.9800109863281,1047.300048828125,262.05999755859375,115.9800033569336,200.75,764.9000244140625,227.39999389648438,25.959999084472656,218.67999267578125,214.00999450683594,57.65999984741211,526.780029296875,411.4599914550781,386.1099853515625,54.650001525878906,255.6300048828125,76.05999755859375,60.59000015258789,51.83000183105469,148.3000030517578,159.38999938964844,209.5,431.6000061035156,329.0899963378906,1545.93994140625,410.5,50.7599983215332,57.83000183105469,123.27999877929688,119.80000305175781,189.0,46.70000076293945,139.08999633789062,970.2999877929688,113.16999816894531,227.35000610351562,300.2099914550781,1022.0,248.0,112.08999633789062,196.89999389648438,732.2000122070312,217.92999267578125,25.56999969482422,214.5500030517578,197.60000610351562,56.61000061035156,515.0,399.510009765625,380.5400085449219,53.88999938964844,240.80999755859375,74.91000366210938,58.720001220703125,51.209999084472656,145.83999633789062,153.4600067138672,210.9499969482422,441.989990234375,330.0,1548.6800537109375,413.54998779296875,51.0,58.22999954223633,124.02999877929688,124.01000213623047,193.7899932861328,48.970001220703125,143.2899932861328,982.2100219726562,116.58000183105469,229.32000732421875,301.2300109863281,1024.300048828125,261.1499938964844,112.79000091552734,197.80999755859375,736.3599853515625,222.2899932861328,25.770000457763672,215.69000244140625,202.77999877929688,57.52000045776367,518.1699829101562,399.510009765625,381.1199951171875,54.33000183105469,255.39999389648438,75.58999633789062,60.47999954223633,51.459999084472656,146.89999389648438,158.4199981689453,3813800,27252000,2001000,1358400,16865300,27461900,8451100,6834900,5754500,9051200,17921200,2494500,2452300,102452500,5239000,7874400,2705200,2624000,7402700,5817400,42461500,203381800,20181500,1608800,28163700,18027000,6749900,8937900,4732500,6126700,3610700,9433400,45851100,33344200,7157000,17061700
2026-05-22,215.6999969482422,467.510009765625,339.29998779296875,1632.9000244140625,414.1400146484375,51.79999923706055,59.459999084472656,125.08999633789062,120.45999908447266,191.42999267578125,47.220001220703125,141.22000122070312,996.72998046875,119.83999633789062,234.33999633789062,306.3800048828125,1065.0,254.64999389648438,122.41000366210938,201.02999877929688,751.0,215.3300018310547,25.899999618530273,219.22999572753906,238.16000366210938,57.279998779296875,537.3300170898438,404.5199890136719,388.4700012207031,54.83000183105469,246.9600067138672,76.4000015258789,59.4900016784668,51.939998626708984,149.88999938964844,154.9199981689453,215.6999969482422,467.510009765625,339.29998779296875,1632.9000244140625,414.1400146484375,51.79999923706055,59.459999084472656,125.08999633789062,120.45999908447266,191.42999267578125,47.220001220703125,141.22000122070312,996.72998046875,119.83999633789062,234.33999633789062,306.3800048828125,1065.0,254.64999389648438,122.41000366210938,201.02999877929688,751.0,215.3300018310547,25.899999618530273,219.22999572753906,238.16000366210938,57.279998779296875,537.3300170898438,404.5199890136719,388.4700012207031,54.83000183105469,246.9600067138672,76.4000015258789,59.4900016784668,51.939998626708984,149.88999938964844,154.9199981689453,220.00999450683594,481.4100036621094,343.79998779296875,1653.530029296875,419.989990234375,52.150001525878906,60.25,126.48999786376953,121.58999633789062,192.0,47.61000061035156,141.85000610351562,1005.3599853515625,122.77999877929688,235.5,307.45001220703125,1070.3399658203125,255.8300018310547,122.66000366210938,203.08999633789062,780.2000122070312,221.00999450683594,26.149999618530273,220.9600067138672,243.0,57.880001068115234,541.8900146484375,410.6700134277344,390.5400085449219,55.16999816894531,247.4199981689453,76.8499984741211,59.61000061035156,52.16999816894531,150.32000732421875,155.5500030517578,215.6999969482422,461.7099914550781,338.3999938964844,1615.8499755859375,410.2099914550781,51.650001525878906,59.25,124.87999725341797,119.5999984741211,189.8000030517578,46.79999923706055,139.27000427246094,990.9000244140625,118.08999633789062,232.72000122070312,303.8399963378906,1047.0699462890625,248.0,120.08000183105469,200.6300048828125,747.2000122070312,214.8000030517578,25.760000228881836,218.60000610351562,214.1699981689453,56.34000015258789,530.1699829101562,402.8599853515625,381.010009765625,54.63999938964844,241.44000244140625,76.12000274658203,58.83000183105469,51.84000015258789,149.0,153.1699981689453,217.0,469.8399963378906,340.260009765625,1620.030029296875,417.489990234375,51.689998626708984,59.970001220703125,125.98999786376953,120.05000305175781,190.3699951171875,47.040000915527344,140.16000366210938,994.6300048828125,120.33999633789062,233.0,304.67999267578125,1049.81005859375,249.0,120.55000305175781,201.1300048828125,756.8200073242188,220.89999389648438,26.0,219.82000732421875,214.42999267578125,57.130001068115234,531.8800048828125,409.42999267578125,381.9200134277344,54.93000030517578,241.8000030517578,76.36000061035156,58.9900016784668,51.900001525878906,149.08999633789062,154.02999877929688,5406100,34661300,1566200,1666700,14062100,26666900,6489200,6331000,4947400,7209600,9119200,2515100,1923500,82206800,5462300,5973900,3470600,1926300,14749200,3734200,35775900,168346300,22299800,1204500,30332300,10203400,7596900,7096500,5598600,5106900,2532800,8728900,42359700,23308000,6915200,12924600
